100
16 16 0.4 23 0.4 34 0 66 0 76 0.9 91 0.3 92 0.7 
297 79 0.7 
360 37 0 56 0.8 73 1 
422 49 0.6 50 0.9 64 0 67 0.7 90 0.7 
596 14 0.3 16 1 17 0.4 41 0.5 54 0.3 77 1 78 1 
734 1 0.6 13 0 22 0.9 28 0 70 0.7 89 0 95 0.8 
808 6 0 21 0.3 45 0.5 52 0 62 0 63 0 75 0.8 94 0.8 
820 15 0.5 50 0.6 55 0.7 95 0 
894 2 0.8 6 0.8 14 0 59 0.5 66 0.7 73 0 97 0.9 99 0 
1103 79 0 
1106 17 0.7 27 0.3 51 0.7 80 0 92 0.3 
1204 0 0 8 0 15 0.4 49 0.8 58 0.4 60 0 67 0.9 74 0.3 84 0.3 98 0.8 
1233 28 0.8 90 0 
1242 17 0 25 0.6 28 0 33 0.5 34 0.4 36 0.7 48 0 71 0.3 74 0.4 82 0 
1277 1 0.4 38 0 82 0 
1328 2 1 7 0 13 0.9 36 0 38 0 40 1 55 0.9 63 0.7 71 0 91 0.9 
1680 15 0 18 0.8 43 0.4 44 0 58 0.9 
1768 7 1 12 0.5 14 0.3 33 0.9 46 0 52 0.4 74 0.6 88 0 96 0.8 
1786 10 0.5 15 0.8 21 0.6 
1857 10 0 18 0.9 46 0.5 50 0.6 
1896 46 0.5 60 0.7 62 0.9 71 0.9 87 0 96 0 98 0.5 
1901 22 0.8 39 0 57 0 
1969 4 0.8 73 0 82 0.7 
2089 48 0.5 75 0.9 97 0 
2107 5 0 16 0 29 0.5 37 0 53 0 55 0.5 70 0 75 0.9 
2299 2 1 3 0.3 37 0.9 43 0.7 82 0.6 
2517 11 0.3 25 1 32 0.7 37 0.6 63 0.7 84 0.7 
2573 3 0.8 33 0 69 0.6 72 0 76 0 95 0.4 
2594 9 0.3 24 0 37 0.8 49 0 52 0.3 54 0 59 0 65 1 97 0.6 
2680 1 1 8 0.8 12 0.4 32 0.5 55 1 65 0 86 0 90 0 97 0 
2808 89 0.6 
2810 0 0.6 12 0 29 0.6 38 0.8 59 0.6 66 0.9 76 0.5 85 0.5 88 0 94 0 
2845 42 0.3 95 0.5 
2891 66 0 78 0.4 87 0.7 90 0.8 96 0.8 
3008 1 0.4 3 0 26 0.7 62 0 67 0 69 0 88 0.8 89 0 
3147 6 1 40 0 51 0.6 53 0.8 86 0.8 91 0 95 0 
3447 58 0 
3550 1 0 10 1 59 0.6 62 0 95 0.6 96 0 
3828 2 0.8 33 0 81 0.4 
3944 41 0.9 50 0.9 51 0.6 82 1 94 0 
3966 10 0 14 0.3 32 0.3 41 0 49 0.7 63 0.7 65 0 92 1 
3973 16 0.7 71 0 86 0.7 
4211 24 1 35 0.7 38 0 39 0.7 51 0.6 58 0 70 0.3 87 0.7 95 0.5 
4230 3 0.3 5 0 16 0.9 26 0.8 45 0 54 0.9 55 1 65 0.8 77 1 78 0.7 
4240 9 0.4 34 0.3 39 0.4 53 0.3 74 1 76 0 
4263 11 0.4 21 0 56 0.8 62 0.3 
4502 12 0.9 33 0 41 0.3 83 1 95 0.7 
4659 19 1 48 0.9 55 0.3 60 0 63 1 64 0.7 67 0.9 68 0.6 
4797 12 0 64 0.4 93 0.7 
4809 2 0.6 9 0.3 16 0.5 
5194 4 0 8 0 65 0.8 82 1 86 0.5 
5249 97 0 
5259 7 0.6 22 0 41 0.6 44 0.6 52 0.6 66 0.5 69 0.6 76 0.8 80 0.9 95 1 
5325 11 0 47 0.6 49 0.8 63 0.8 
5607 34 0 35 0.4 63 0.7 76 0 
5735 9 0.3 23 0 32 0.3 36 0.4 52 0.6 93 0.8 
6134 17 0.5 46 0.5 90 0.5 96 0.5 99 0.9 
6181 14 0 22 0 45 0.5 55 0.4 72 0.8 78 0 
6389 6 0 80 0.5 
6458 33 0.8 58 0 85 0.3 90 0.7 
6608 23 0.4 29 0.3 38 0.7 64 0.6 68 0.7 74 0.6 
6720 11 0 13 0.7 35 0.7 57 0.8 89 1 
6722 3 0 5 0.8 25 0.3 38 0.6 41 0.9 46 0 76 0.3 77 0.3 
6887 1 0 14 0 50 0.9 58 0.7 80 0.7 92 0 
6973 15 0 23 0.7 24 0.8 60 0 
7039 17 0.5 37 0.7 44 0.3 45 1 48 1 71 0.4 75 0.5 99 0 
7171 25 1 38 0.4 96 0.5 
7173 1 0 6 0.8 18 0.8 27 0.4 54 0.6 95 0.9 
7263 2 1 21 0.6 25 0.7 29 0.6 47 0.8 66 0.7 76 0.6 98 0.4 
7281 4 0.6 32 0.7 40 0 82 0 94 0.6 
7362 4 0 33 0.6 66 0.7 70 0.6 78 0 83 0.5 87 0 88 0.8 
7694 41 0.4 67 1 83 0 95 0 
7859 32 0 46 0.6 
7995 42 0.9 50 0.5 59 0.6 
8014 0 0.3 4 0.4 38 0.7 56 0 77 0.6 81 0 90 0 91 0.5 
8197 6 0 9 0.8 20 0.4 
8342 18 0 24 0 37 0 39 0.9 59 1 76 0.6 81 1 
8450 55 0.7 
8460 6 0.7 19 0.6 20 0.9 51 0.8 64 0.6 72 0.5 73 0.7 74 0.3 86 0.8 90 0 
8478 10 1 24 0 32 0.6 48 0 50 0.6 59 0.3 60 0.5 61 0.9 82 0.6 83 0.9 
8617 3 0.5 13 0.9 52 0.5 97 0 
8671 4 0.3 55 0.7 57 0.9 79 0 
8700 18 0 68 0.4 72 0.5 
8746 7 0.7 16 0.5 17 0.5 26 0.7 36 0 37 0.8 43 0.8 69 0 82 0.3 99 0.7 
8931 20 0.5 35 0 77 0.5 
9023 3 0.8 10 0.4 12 0.8 18 0 44 0 48 0.6 87 0 88 0.8 93 0.8 
9108 88 0 
9228 5 0.8 20 0.3 22 0.8 33 1 96 0.6 
9246 6 1 7 0 50 0.6 58 0.8 61 0.7 84 1 85 0.8 95 0 
9286 50 0 
9365 14 0 16 0.7 20 0.5 30 0.6 42 0.3 72 0.6 77 0.7 89 0 
9374 14 0 67 0.9 
9399 4 0 14 0.7 30 0.9 57 1 62 0.6 65 0.7 71 0 79 0 
9444 77 0.6 
9508 27 0 49 0.8 96 0.5 99 0.3 
9623 15 0.5 42 0.5 
9624 4 0.5 18 0.6 23 0 28 0.3 42 0.8 54 0 74 0.5 
9629 14 0.4 26 0 35 0.7 42 0.4 45 0.5 61 0 
9690 31 0 
9859 8 0.6 23 0.5 34 0 44 0.9 
