100
234 5 0.4 29 0.5 48 0.7 58 0.9 79 0.7 87 0.7 
322 34 0 41 0.7 42 0.6 70 0 84 0 97 0 
395 33 0.9 40 0 47 0.8 58 0.3 66 0.9 67 0.4 99 0.7 
442 71 0 
466 0 1 23 0.3 31 0.7 32 0.5 34 0.8 44 0.5 58 0.8 68 0.8 73 0 94 0.6 
583 30 0.3 81 0 
609 15 0 23 0 41 0.6 52 0.9 62 0 67 0 70 0 95 0.5 
620 36 0.6 
712 16 0.5 19 0 45 0.9 66 0 75 0.6 77 0.4 94 0 
718 8 1 17 0 26 0 43 0.4 74 0 79 0.5 
821 8 1 12 0.6 51 0 87 0.5 
836 32 0.6 
950 6 0.5 21 0.3 56 0 62 0.4 76 0.9 85 0 87 0.3 
1015 13 0 
1026 11 0.4 17 0.4 21 0.5 42 0.7 51 0.5 66 0 88 0.7 90 0 
1208 4 0.8 6 0.3 14 0.9 16 0.8 26 0 41 0 52 0.5 53 0.6 56 1 68 0 
1306 23 0.8 33 0.7 48 0.6 55 0 57 1 74 0.6 81 0 94 0.7 
1311 38 0.5 44 0 
1385 33 0.7 93 0.7 
1458 13 0 26 0 49 1 61 0.3 77 1 87 1 
1464 31 1 96 0 
1514 0 1 22 0.7 46 0.9 68 0.9 82 0.5 86 0.8 87 0.3 97 0.3 99 0.3 
1579 0 0 2 0.3 4 0.6 46 0 
1582 1 0.4 21 0.8 95 1 
1947 5 0.3 6 0 7 0 22 1 45 1 56 0 81 0.5 84 0.5 93 0 99 0.9 
1967 65 0.6 
1978 17 0.7 21 0.5 33 0.9 38 0.8 40 0 46 0.4 59 0 62 0.6 88 0.8 91 0.5 
2289 5 0.3 83 0.6 
2334 0 0 10 0 19 0 40 0 44 0.8 54 0 72 0.4 74 0.4 79 0 85 0.5 
2380 0 0.5 9 0 21 0.3 34 0 53 0.9 68 0.4 85 0 89 0.3 90 0 
2429 1 0.9 10 0 12 1 16 0.5 19 0.4 21 0 88 0 92 0.7 94 0 
2462 6 0 7 0 17 0.5 19 0 46 0 57 1 65 0.9 69 0 78 1 86 0.6 
2697 2 0.3 7 0.5 21 0 48 0.5 83 0 91 0.8 94 1 97 0 
2853 8 0.6 20 0.6 38 0.8 44 0.7 51 0.4 67 0 
2988 84 0.5 
3240 9 1 52 0.8 60 1 92 0.8 
3354 0 0.8 8 0.3 20 0.7 21 0.5 33 0 46 0.8 52 0.3 55 0.3 
3908 80 0.8 85 0 
4149 24 0 29 0.7 30 0 41 0.7 58 0.6 65 0 71 0.9 94 0 
4239 13 0 15 0.4 22 1 29 0.5 32 0.3 49 0.4 63 0 76 0 98 0.5 
4247 1 0 15 0 16 0.7 29 0 35 0.9 36 0 42 1 59 0 63 0.3 
4275 4 0.5 14 0 25 0 34 0.5 36 1 37 0.4 52 0 63 0.8 66 0.8 
4363 29 0.9 34 0 51 0.6 87 0.3 88 0 
4392 84 0.8 
4490 9 0 37 0.5 
4516 15 0.4 35 0.9 50 1 68 0 83 0.4 87 0 
4542 24 0 45 0.7 51 0 71 0.9 82 0.3 84 0.7 
4662 8 0.9 53 0.8 69 0.3 90 0.3 
4707 1 0.7 18 0.4 25 0.3 35 0.6 40 0.7 42 1 53 0 57 0 
5057 41 0 
5114 10 0.7 11 0 23 0.3 
5176 8 0.3 61 0 
5227 91 0.6 
5500 0 0.7 20 0.9 23 0.8 29 0.5 35 0.3 46 0 77 0 99 0.4 
5569 16 0.8 31 0.9 69 0.5 
5680 20 0.7 25 0.7 26 0.7 31 1 36 0.7 71 0.5 77 0.7 82 0.3 
5712 30 0 70 0.5 97 0.7 
5895 5 0.8 38 0 65 0 84 0 
6038 1 0.6 21 1 42 1 82 0.6 91 0 
6384 4 0.4 15 0.8 46 0.7 99 0.5 
6412 27 0.5 64 0 92 1 
6428 7 0 30 0.8 38 0.8 43 0.9 50 1 64 0.9 89 0.3 
6440 22 0.8 36 0 70 0.6 83 0.9 
6460 0 0 8 0.5 37 0.7 78 0.7 
6541 85 1 
6558 28 0.9 82 0 
6775 12 0 50 0 65 1 92 0.4 
6820 31 0.5 
6836 13 0.4 16 0 24 0 39 0.6 59 0.7 63 0.8 64 0.6 66 0.6 73 0 89 0.4 
7043 18 0 23 0 55 0 77 0.7 79 1 98 0.7 
7168 2 0.7 7 0.7 17 0.5 39 0.9 68 0.6 85 0.5 
7277 20 0.9 45 0.7 48 0.4 60 0.4 97 0.6 
7287 12 0.5 18 0 26 0.5 34 0.9 37 0.9 72 0.6 88 0 
7361 2 0 63 0 81 0.4 89 0 95 0.3 
7384 1 0.9 11 0.4 15 0.8 18 0.6 42 0 60 0 67 0 71 0.5 90 0.7 
7651 75 0.4 
7762 16 0 21 0 57 0 76 0.9 94 0.4 
7811 1 0 13 0.7 19 0 44 0.9 64 0.5 74 1 88 1 98 0 
7937 3 0.3 80 0.8 
8083 34 0.8 
8211 11 0.8 12 0.6 26 0.6 27 0.7 41 0.8 70 0 75 0.8 92 0.7 
8374 66 0.7 85 0.9 93 0.9 
8435 37 0.7 75 0.5 
8527 38 0 50 1 
8612 8 0.9 9 0.8 57 0.4 
8621 0 1 13 0.5 15 0.9 74 0.5 85 0.3 94 0.5 97 0.6 
8942 90 0 
8985 4 0 16 0.4 22 0.8 43 0.3 86 0.9 87 0.5 93 0.5 
8991 14 0 25 0.9 34 0.9 51 0 56 0.9 75 0 84 0.8 
9049 11 0 40 0.6 50 0 63 0.7 67 0.5 70 0.3 93 0 
9050 16 0.9 25 0.7 33 0.3 64 0.3 67 1 98 0.9 
9097 10 1 42 0.7 75 0.4 77 0.3 83 0.5 84 1 90 0.7 95 0.7 
9173 0 0.4 39 0.7 49 0 56 1 
9199 8 0.4 10 1 19 0.6 31 0.6 43 0.4 61 0 73 0.6 75 0.9 99 0.6 
9329 5 0.7 15 0.8 25 0.8 50 0.4 55 0.7 77 0 83 0 85 0.3 86 0 95 1 
9462 88 0.5 
9521 27 0 59 0.7 72 0.7 75 0.5 79 0.3 89 0.3 91 0 92 1 97 0.9 98 0.6 
9669 19 0.7 38 0.7 68 0.5 76 0.3 94 0.6 
9839 0 0 4 0 9 0.8 23 0.6 49 1 68 0 81 0 85 0.7 90 0 
9857 0 0.6 2 0.6 8 0.4 19 0.9 24 1 50 0.8 51 0 52 0.9 78 0 98 0 
