100
166 20 0.5 40 0.3 44 0.9 49 0.9 50 0.8 66 0.8 80 0.3 82 0 84 0.9 93 0 
175 5 0.3 7 0.5 33 0 38 0 44 0.9 45 0.9 79 0.3 88 0.9 97 0.5 
310 63 0 96 0 
334 39 0 
369 14 0.4 37 0.7 41 0.5 76 0 
484 35 0.7 49 0.8 52 0.9 81 0.9 95 0.3 
565 12 0.4 23 0.9 25 0 38 0.9 55 0.4 56 0.3 58 0.4 65 0.8 76 0.8 92 0.6 
623 38 1 61 0 65 0 70 0.3 86 0.8 96 0.6 97 0.5 
657 24 0 68 0.3 76 0.8 
831 22 0.3 23 0.4 28 0.4 44 0.4 62 0 70 0.8 78 0.6 80 0.7 97 0.3 
1000 24 0 
1011 1 0.6 4 0.9 28 0.8 31 0.9 78 0.8 93 0.3 
1019 1 0 5 0.8 23 0.4 26 0.5 36 0.4 41 0 74 0.5 
1125 11 0.4 35 0.4 47 0 77 0.7 82 1 
1307 29 0.7 97 0.7 
1374 3 0.9 8 0 99 0.6 
1414 9 0.6 22 0.9 31 1 36 0 62 0.9 66 0 89 0 93 0.6 99 0.9 
1421 11 0.8 47 0 52 0 65 0.9 77 0 
1426 0 0 9 0 23 0.8 28 0.5 38 0.6 46 0.3 47 0.3 51 0 55 0.9 61 0.4 
1433 8 0.5 20 0 48 0.8 
1881 0 0.6 3 0.6 11 0.5 41 0 60 0.4 74 0.4 95 0.9 
1903 6 0 14 0 38 0 54 1 58 0.4 93 0 
1937 10 0.6 24 0.6 67 0.5 73 0.7 80 0.9 
1991 82 0.8 
2034 16 0.6 18 0.8 46 0.8 66 0.4 76 0.5 
2036 8 0 34 0.7 68 1 83 0.7 
2173 28 0.9 36 0.7 71 0 98 0 
2211 15 0.3 94 0.7 
2224 6 0 23 0.3 32 0.5 34 0.6 53 0.5 60 0.6 81 0.4 97 0 
2348 12 1 53 1 62 0.6 93 0.5 
2409 19 0.3 
2733 3 0 54 0.4 79 0.3 81 0 82 0 88 0.3 
2995 36 0.5 49 0 51 0 58 0.5 63 0.4 70 0.9 72 0 
3143 2 0.8 16 0.8 48 0 52 0.8 60 0 67 0.6 68 0.8 69 0 
3252 12 0.3 25 0 34 0.5 53 0.6 59 0.4 81 0 93 0.7 
3344 38 0.8 46 0.4 51 0.3 
3357 11 0.5 38 1 47 0.7 73 0.6 90 0 
3410 8 1 51 0.6 70 0.8 89 0.7 90 0.8 
3428 94 0 
3493 1 0.6 15 0.3 33 0.5 37 0.8 42 0 50 0.6 71 0.4 
3561 3 0.8 9 0.7 72 0.4 94 0.5 
3701 7 0.5 10 0.3 22 0.7 72 0 75 0.8 
3851 16 0.7 46 0.9 59 1 74 0.3 77 0.4 92 0.9 
3924 11 0.6 44 0.3 77 0 78 0.3 
3925 12 0.3 26 0 31 0.4 91 0.7 
3974 0 0.7 44 0 55 0 69 0.8 71 0.4 73 0.9 77 0.3 81 0.8 94 0 99 0.7 
4064 29 0.5 49 0.3 54 0.7 59 0.4 67 1 91 1 97 0 
4077 26 0.3 27 0.8 31 0.3 55 0 99 0.8 
4230 3 0.7 5 0 16 0 26 0.5 45 0.8 54 0 55 1 65 0 77 0.3 78 0.7 
4380 11 1 46 0.4 53 0.7 55 0 65 0.6 69 0.5 73 0.4 81 0.3 88 1 
4389 41 0.8 49 0.9 52 0 60 0 65 1 80 0.6 
4402 25 0.6 54 0.7 64 0.6 71 1 83 0.3 84 0.4 93 0.3 98 0.7 
4552 2 1 15 0.6 33 0.3 78 0 91 0.3 
4612 0 0.7 17 0.7 35 0.6 38 0.5 44 0.6 48 0.4 91 0.4 92 0 96 0.8 
4898 18 0.9 47 0.3 50 0.8 54 0.4 63 0 99 0 
4917 17 0.6 33 0.8 
4948 9 0 32 0.5 85 0 90 0 91 0.4 96 0.3 99 0.9 
5076 2 0.9 11 0 39 0.5 58 0.3 64 0.7 83 0.6 90 0.7 
5082 7 1 59 0 
5162 35 0 
5269 71 0.4 
5276 1 0 6 0.3 18 0 25 0.5 27 0 57 0.4 82 0 
5487 1 0.4 2 0.5 11 0.9 35 0.5 54 0.7 69 0.8 71 0 79 0.7 85 0 
5523 18 0 21 0.9 25 0 35 0.9 49 1 60 1 72 0 96 0.9 
5593 14 0.9 41 0.3 59 0.4 67 0.6 72 0 77 0.6 
5663 17 0.7 20 0 38 0 46 0.9 88 0.7 98 0.9 
5670 38 0.4 80 0.7 
5833 16 0.4 25 0.9 67 0 72 1 96 1 
5837 81 1 88 0.8 95 0.5 
6015 0 0.8 7 0.9 14 0.8 49 0.3 61 0.5 66 0.5 72 1 77 0 98 0.4 
6041 0 0 12 0.6 37 0.7 78 0.6 96 0.9 
6043 26 0 31 0.6 43 0.4 51 0.6 64 0.8 67 0.7 77 0 78 1 91 0.7 
6181 14 0.8 22 1 45 0 55 0 72 0.7 78 0.5 
6227 15 0.3 22 0 34 0 45 0 50 0.5 55 0.7 56 0.8 73 1 94 0.5 
6284 0 0 26 1 32 0.4 67 1 87 0.5 
6442 51 0.6 79 0 82 0.5 87 1 95 0 96 0.5 
6484 23 0.8 31 0.9 39 0 50 0 81 0.4 88 0.7 
6814 0 0.6 6 0.8 20 0.5 26 0.8 29 0 34 0.8 57 0.6 87 0 98 0 
7117 2 0.7 42 0.7 60 0.6 63 1 65 1 68 0 72 0.4 79 0.8 84 0.3 85 0 
7149 18 0.6 22 0.8 37 0.9 65 0.6 74 0 75 0 89 0.8 95 1 
7322 3 0.3 4 0 9 0 16 0 20 0.8 30 0 40 0 70 0.6 86 0 92 0.3 
7407 10 0.9 83 0 
7473 2 0.5 31 1 37 0 54 0.3 80 1 88 0 90 0 
7810 7 0.5 45 0.5 53 0 67 0.7 70 0.8 77 0.8 99 0.6 
7865 7 0.6 14 0.6 28 0.5 38 0.4 
7878 24 0.6 87 0.9 
7909 23 0 33 0 36 1 62 0 72 0.9 
7947 3 0.7 7 0.5 40 0 43 0.5 51 0.8 52 0.4 58 0.3 70 0.4 71 0 72 0.4 
7979 29 0 33 0.4 52 0.4 80 0.6 
8121 16 0.4 40 0.8 73 0.4 83 0.5 91 0.3 
8167 3 0.5 29 0.9 32 0 51 0.6 89 1 
8317 23 0.7 31 0.8 41 0 44 0 48 0.7 56 0.4 76 0 
9025 67 0.7 
9085 1 0 8 0.6 16 0.7 21 0.7 43 0 71 0.4 77 0.4 78 0.7 
9134 2 0.6 9 0 28 0.4 90 0 99 1 
9332 2 0 7 0.3 11 0.5 14 0.4 18 0 42 0 54 0.6 67 0.5 89 0 99 0 
9487 22 0.7 30 0.6 37 0.4 43 0.4 53 0.4 58 0.7 79 0.5 
9682 8 0.6 9 0.9 45 0.6 48 1 
9921 5 0 14 0.9 51 0.7 62 0.3 63 1 85 0.6 
9996 40 0 68 0 78 1 
