100
86 45 0 50 0.9 56 0 57 0 58 1 78 0.3 
160 22 0.8 33 0.8 40 0.7 43 0.4 98 0.4 
222 11 0 21 0 31 0.5 60 0.5 70 0 78 0 81 0.6 85 0.5 
234 5 0 29 0 48 0.4 58 0 79 0 87 0.9 
337 13 0.5 20 0.7 39 1 83 0 
356 61 0.6 
442 71 0.9 
538 8 0 18 0 52 0.8 94 0 
623 38 0 61 0.9 65 0.6 70 0.7 86 0 96 1 97 0.6 
994 11 0.3 15 0 22 0 43 0.7 45 1 47 0 51 0.7 66 0 94 0 
1054 69 0.4 78 0.4 
1196 34 0.9 36 0.5 38 0.7 39 0 85 0.7 90 0 98 0.9 
1247 7 1 12 0.8 26 0 43 0.7 54 0 70 0.3 72 0.7 88 0.9 
1309 41 0.3 57 0.5 71 0.7 78 1 82 0 94 0.5 
1476 16 0.5 32 0 40 0.9 61 0.7 
1500 0 0.5 23 0 26 0 42 0.5 58 0.3 66 1 68 0.5 77 0.4 79 0.8 
1546 15 0 22 0.9 29 0 98 0.3 
1585 13 0.6 21 0 22 0.6 53 0.8 66 1 73 1 75 0.5 81 0.4 89 0.8 91 0.5 
1592 67 0.3 
1683 17 0.3 88 0.3 
1723 30 0.8 31 0.6 53 0.6 81 0.9 85 0.5 
1733 13 0.3 19 0.5 30 0.5 33 0.7 38 0.9 
1837 4 0.9 27 0.3 28 0.8 48 0.6 60 0 63 0.9 94 0.6 95 0.8 96 0 99 0.9 
1842 9 0.7 10 0.7 37 0.4 51 0.8 55 0.3 58 0.3 67 0.5 72 0.4 94 0 98 0.9 
1990 1 0.4 9 0 16 1 23 1 38 0 41 0 48 0.4 82 1 84 0 92 0 
1997 42 1 60 0.6 
2072 22 0.8 37 0.3 42 0 87 0 
2076 5 1 6 0.7 25 0.4 30 0.9 38 0.6 43 0 77 0.7 90 0 94 0.3 
2252 12 0.7 21 0.6 26 0 31 0.3 45 0.9 58 0.5 
2298 23 0.8 24 0.5 25 0 30 0.6 37 0.4 67 0.4 70 0.5 74 0.8 78 0 99 0 
2309 1 1 24 0.7 29 0.6 42 0 46 0.3 75 0 91 1 
2517 11 0.5 25 0 32 0.4 37 0.8 63 0 84 0.5 
2699 4 1 20 1 55 0.6 58 0 88 0.9 90 0 
2738 3 0.8 39 1 46 0.4 71 0 81 0.9 
2750 93 0.7 
2861 2 0.7 12 0.5 26 0.4 31 0.5 49 1 68 0.7 71 0.5 73 0 
3081 3 0.6 8 0 9 0 37 0 40 0.3 59 0 64 0.9 73 0.7 93 0.5 
3223 8 0 12 0.6 19 0.4 
3255 26 0 67 0.3 
3341 18 0.3 25 0.5 62 0 98 0.3 
3345 25 0.9 37 0.6 43 0.6 66 0 75 0.7 89 0 
3391 19 0.3 26 0.3 42 0 50 0 60 0.6 67 0.3 70 1 
3607 12 0.4 21 0.3 23 0 48 0.7 56 0.3 64 0 68 0 
3791 23 0.7 24 0.9 75 0 
4086 9 0 10 0.3 17 0.4 36 0 79 0 
4348 10 0.3 51 0.4 65 0.3 87 0.4 
4488 2 0 26 0.4 30 0.9 67 0.4 68 0 73 0.7 98 0 
4542 24 0 45 0.6 51 0.4 71 0.3 82 0.3 84 0.9 
4587 9 0 19 0.8 20 1 34 1 52 0.3 
4713 35 1 43 0.7 76 0 
4777 7 0.5 11 0 14 0.6 25 0.4 28 0.5 60 0.9 71 0.8 80 0 95 0 
4893 0 0.5 12 0.9 38 0.4 62 0.3 73 0 98 0.6 
4929 25 0 30 1 59 0 
4939 3 0.5 9 0 53 0 76 0.7 85 0 
5100 11 0.9 21 0.9 35 0 48 0.7 75 0.8 
5117 2 0.6 28 0 30 0.4 74 0 80 0.3 
5289 4 0.6 9 0.9 13 0 31 0 35 0 47 0.6 56 0.5 59 0.4 73 0 79 0.7 
5354 6 0 8 1 29 0.7 31 0.6 35 0.3 44 0.8 58 0.7 64 0.9 92 0.7 
5380 79 0.7 94 0.8 
5760 14 0 30 0.9 56 0.7 63 0.4 
5801 74 0.8 87 0.5 
5869 4 0.9 14 0.7 15 0 27 0.9 57 0.3 68 0.5 81 0.3 96 0 
6053 29 0 37 0.3 42 0.5 60 0.8 87 0.3 90 0 91 0.7 92 0 
6299 17 0 43 0 88 0.5 
6424 1 0 2 0.8 12 0.6 21 0 55 0 57 0.7 65 0 67 0.4 96 0 
6598 10 0.3 29 0.9 30 0.4 39 0 41 0.3 51 0 56 0.6 61 0 
6608 23 1 29 0.6 38 0.9 64 0.5 68 0.4 74 0.6 
6634 8 0 11 0 18 0 25 1 30 0.4 48 0 49 0.6 68 0 74 0.8 80 0.4 
6943 9 0.8 21 0.4 25 0.5 34 0 38 0 53 0 54 1 
6971 15 0.3 23 0.7 
7004 25 0.5 93 0.5 
7161 8 1 15 0.6 17 0.4 20 0 21 1 49 0 69 0.7 
7248 25 0.3 60 0.6 72 0.4 
7426 7 1 34 0 
7490 19 0.4 22 0.6 24 0.7 28 0 58 0.5 64 0.8 82 0.9 83 0.9 86 0 
7752 34 0.5 81 0.9 95 0.3 
7753 92 0.3 
7771 2 0 3 0 17 0.7 18 0.4 19 0.5 25 0 30 0.5 36 0.7 56 0.8 87 0.5 
7820 14 1 28 0.5 30 0.3 43 0 51 0 58 0 68 0.7 71 0 
7882 1 0 4 1 42 0.5 48 0 62 1 68 0.4 95 0.4 
7890 8 0.8 38 0.8 56 0.5 86 0.4 
8262 42 0.7 69 0 85 0.7 
8271 5 0.3 21 0.3 26 0.5 33 0.8 34 0.7 54 0.8 86 0 95 1 97 0.6 98 0.6 
8354 0 0.4 12 0.5 15 0 17 0.3 40 0.5 54 0 65 0 90 0 91 0.3 
8551 5 0 16 0.4 32 0.3 35 0.5 80 0.3 94 0 98 0 
8575 38 0 58 0.4 73 0 
8594 15 0.9 26 0.5 51 0 64 0.4 76 0.3 79 1 91 0 
8627 19 0.8 89 0 
8675 0 1 3 0.5 14 1 20 0 40 0.7 67 0.6 77 0.4 96 1 
8788 2 0 20 0 34 0.7 40 0 48 0 58 0.9 72 0 83 0.3 
8799 2 0 4 0.9 11 0.4 40 0.9 66 0.7 72 0.8 92 0.6 
9074 56 0.4 67 0.5 
9163 8 0.9 38 0.5 58 0.6 59 0.9 
9236 33 0.3 65 0.6 90 0 96 0 
9239 4 0.6 23 0.5 24 0 38 0.8 54 0.3 75 0.5 83 0 98 0.8 
9248 11 0.7 20 0.7 22 0 32 1 55 0 59 0.4 67 0.4 
9508 27 0 49 0 96 0.9 99 0 
9670 16 0.6 31 0 44 0.9 55 0.5 78 0.6 90 0.7 
9684 18 0 37 0.6 75 0.4 77 0.9 82 0.8 95 0 
9835 27 0 51 0.5 52 0 55 0.5 80 0.5 87 0.7 
