100
49 66 0.7 67 0.6 71 0.7 83 1 84 0 86 0 99 0.9 
68 60 0.6 86 0.4 95 0 
71 7 0 17 0 42 0.7 59 0.5 76 0.5 79 0.3 85 0.4 95 0.6 
206 3 0.9 46 0.7 75 0.8 86 0.8 93 0.9 
305 62 0.9 
720 0 0.5 2 0.3 6 0.7 38 0 50 0 71 0 93 0.4 99 1 
756 17 0.8 27 0.7 50 0 68 0.5 
805 22 0.8 29 0.3 33 0.6 35 0 68 1 75 0 94 1 
861 6 0.6 17 0.5 21 0.9 65 0.8 76 0.7 84 1 87 0 93 0.9 97 0 
905 61 0.4 66 1 74 0.5 77 0.7 85 0.8 97 0.5 
973 5 1 22 0.9 23 1 35 0.8 50 0.4 67 0.7 77 0.5 82 0.3 88 0.4 
1039 4 0.7 15 0.7 61 0.6 
1080 6 0.7 10 0.3 15 0.9 61 0.9 72 0.4 
1153 52 0.8 53 0.4 59 0 83 1 88 0 
1294 6 0 14 0.3 62 0 78 0 87 0.9 90 0 
1520 78 0.8 81 0.3 84 0.9 85 0.9 91 0.9 
1618 6 1 10 0.9 11 0 24 0.7 41 0 51 0 60 0 64 1 73 0.6 96 0.9 
1651 10 0.7 13 0.9 25 1 46 0.3 83 0 
1981 28 1 29 0.5 53 0 60 0.6 85 0 88 0.9 99 0.3 
2071 56 0.6 58 0.8 65 0.7 70 0.6 
2112 23 0.3 37 0.9 44 0.5 63 0 94 0.3 95 1 97 0.5 
2149 4 0 
2158 11 0.9 
2160 52 0.9 83 0.6 93 0 
2200 22 0.9 30 0.7 68 0.3 
2227 36 0.3 66 0 68 0.4 93 0 
2374 3 1 23 0.9 32 0.3 90 0.4 
2381 8 0.8 21 0 23 0 38 0.8 55 0.3 56 0.5 74 0.4 80 0.3 84 0 
2449 11 1 16 0.7 33 0.3 44 0.5 56 0 81 0.3 82 0.4 97 0.3 
2469 0 0.6 3 1 60 0.7 
2524 14 0.5 21 0 24 0.7 30 0.5 33 0 34 0 49 0.7 60 0.5 97 0.9 
2603 1 0.6 19 0.4 38 0 58 0.8 65 0.4 77 0.5 89 0 
2610 1 0.7 8 0.6 40 0.7 44 0.7 51 0.8 80 0.3 86 0.5 
2623 4 0 29 0 
2681 4 1 40 0.9 50 0.4 60 0.5 68 0 89 0.9 97 0 
2698 2 1 9 0 15 0 34 0 85 1 93 0 
2768 22 0.7 32 0.9 52 0.4 98 0.5 
2901 44 0.6 52 1 
2942 34 0.3 64 0.5 
3076 18 0 23 0.9 51 0.8 88 0.6 97 0 
3087 20 0.8 24 0 41 0 61 0.9 77 0.8 
3137 73 0.9 
3542 55 0.5 68 0 71 0 
3640 38 0 48 0.3 60 0.9 69 0.9 72 0.5 83 0.8 92 0.5 
3671 5 0.3 11 1 18 0.6 47 0.6 57 0 66 0.8 86 0.5 96 0 
3679 6 0.3 13 0.9 23 0 50 0.4 61 0 62 0.3 63 0.3 69 0.5 97 0.3 98 0.6 
3688 31 0.7 41 0.5 66 0 97 0.8 
3780 12 0.8 32 0 36 0.7 65 0.5 72 0 87 0.9 
3796 10 0 11 0.4 16 0 20 0.7 81 1 
3929 28 1 55 0.6 85 0 
4314 28 0 66 0.3 
4368 72 0.9 78 0.8 
4616 52 0 
4732 15 0.6 33 0 37 0.5 38 1 43 0.5 53 0.8 57 0.5 67 1 76 0.4 
4861 16 0.8 47 0 65 0.9 67 0.8 95 0.4 
5010 1 0.3 21 0.8 22 0.7 25 0 30 0 83 0.8 91 0.8 95 0.4 96 0.4 
5036 39 0.7 57 0.7 67 0 97 0 
5078 5 0.4 12 0 20 0.5 29 0.3 31 0.5 78 0.7 83 0 
5133 7 1 13 0.8 36 1 39 0.7 62 0 87 0.9 88 0.9 90 0.3 92 0.4 93 0.7 
5146 18 0.9 37 0.7 40 0 41 0 61 0.9 
5149 28 0.8 29 0.9 36 0.6 44 1 53 0.9 68 0.9 69 0 76 0 79 1 81 0.7 
5166 1 0.5 3 0.3 25 1 29 0.9 67 1 77 0 
5384 2 0 
5406 7 1 12 0 64 0.9 91 0.3 
5608 31 0.8 42 0.6 52 0.4 63 0 68 0 72 0.7 
6123 43 0.7 51 0.6 85 1 
6128 3 1 60 0.3 
6321 21 0.8 26 0 33 0 43 0.9 46 0.8 74 0.5 
6586 54 0.8 62 0.9 
6596 3 0 4 0.9 34 0.6 43 0.9 66 0.6 70 0.6 71 0.3 
7160 19 0.3 
7211 23 0 51 0 
7219 2 0.7 10 0.9 58 0.8 66 0.5 75 0.8 83 0 
7321 26 0 36 0.3 39 0.3 65 0.4 70 0.4 82 0 94 0.8 97 0 
7475 0 0.4 2 0.6 20 0 28 0.7 42 0.9 50 0.9 54 0.8 
7503 8 0.7 10 0 52 0 90 1 99 0 
7596 0 0.9 8 0 12 0.9 13 0.3 20 0 28 1 36 0 75 1 85 0.4 
7695 27 0.6 87 0.9 
7744 8 0.3 22 0.3 29 0.6 41 0.6 48 0.6 71 0 78 0.5 86 0.6 90 0.4 98 0 
7753 92 0.5 
8053 2 0.7 15 0.5 62 0.4 
8194 21 0.7 25 0 34 0.3 38 0.9 40 0 53 0.5 
8202 92 1 
8212 43 0.4 66 0.3 
8259 21 0.3 74 0 92 0.3 96 0.7 
8620 7 0 15 0.7 23 0.4 30 0.5 47 0 72 0.3 98 1 99 0 
8731 11 0 18 0 22 0.6 34 0.5 36 0.5 42 0 
8802 1 0.3 6 0 51 0.9 
9039 21 0.4 55 0.5 64 0 74 0 79 0.6 94 0.9 
9056 33 0.8 93 0 
9078 3 0.6 6 1 19 1 21 0 35 1 43 0 53 0.4 71 0.3 76 0 77 0.6 
9201 57 0.8 79 0.5 
9263 2 0 24 0.3 48 0.9 78 0 
9302 1 0.8 6 1 44 0.5 45 0 56 0.6 71 1 79 1 86 0 94 0 
9458 11 0.3 19 0 22 0 42 0 43 1 54 0.4 66 0.4 
9462 88 0.9 
9505 99 0 
9585 6 0 32 0 95 0.6 
9953 21 0.8 27 0.7 68 0.3 69 0.8 70 0 72 0 76 0 
9995 5 0.9 7 0.7 21 0.6 60 0.9 66 0.4 72 1 74 0.6 85 0.3 90 0.3 
