100
23 4 0 11 0.7 19 0 57 0.5 61 1 65 0.8 74 0.9 86 0 
261 27 0 29 0.5 60 0.8 68 0.8 86 0.6 88 0.3 89 0 
329 1 0.6 
417 19 0 23 0 33 0.8 35 0 41 0.6 42 0.9 60 1 62 0.3 73 1 77 0.5 
440 1 0.5 7 0.4 8 0.5 17 0.4 35 1 39 0.5 55 0.8 72 0.3 73 1 77 0 
482 62 0.5 
495 1 0 25 0 50 0 52 1 77 0.9 
521 25 0.8 38 0.5 55 0.8 66 0.8 81 0.8 92 0 97 0 
610 1 0.4 5 0.8 20 0 22 1 52 0.9 
668 8 0.6 33 0 47 0 55 0.8 79 0 89 0.6 
892 31 0.4 42 0.7 51 0.9 82 0.8 95 1 99 0.4 
944 18 0 42 0.6 57 0.3 60 0.7 68 0.7 80 0.8 91 1 
1215 1 1 2 0.7 6 0.3 61 0 64 0 66 0.5 93 0 94 0 
1245 1 0 18 0.7 28 0 30 0.7 35 0 53 0.8 69 0.3 89 0 96 0 
1307 29 0 97 0.6 
1361 32 0 53 0.7 59 1 65 0.3 69 0.4 
1514 0 0.5 22 0.6 46 0 68 0 82 0.9 86 0.7 87 0 97 0 99 0.6 
1534 16 0 34 0.7 64 0.9 68 0.7 91 0 
1539 39 0.9 50 0.8 59 0 
1577 68 0 
1622 28 0 57 0.5 61 0 
1635 23 0.7 33 0 62 0.5 63 0.3 67 0 
1644 50 0.6 83 0 
1703 1 0.4 36 0 37 0.4 57 0 67 0.9 
1921 11 0 70 0 84 1 99 0.5 
2076 5 0 6 0 25 0 30 0 38 0 43 0.3 77 0.9 90 0.9 94 0 
2099 16 0.8 48 0.4 55 0.8 57 0.8 74 0 90 0.3 
2123 0 0 1 1 7 0.6 9 1 28 1 52 0.8 62 0.7 68 0.9 75 0 
2165 3 0.4 24 0.4 28 0 
2319 23 0.9 85 0.5 87 0.5 
2336 1 0 4 0.4 6 0.7 18 0 40 1 50 0.8 71 0 78 0.9 88 0.6 92 0.8 
2518 15 0.3 24 0.3 31 0.4 81 0.8 86 0.3 98 0 
2616 23 0 66 0.5 75 0.9 81 0.4 94 0.7 
2834 89 0.4 
2874 1 0.3 15 1 36 1 42 1 54 0.5 78 0.9 87 0 
3000 13 0.6 42 0 45 0.7 73 0 97 0 
3026 23 1 26 0.5 33 0 58 0.4 72 0.5 74 0 87 0.3 89 0 
3199 3 0.4 13 0.4 16 0.3 40 0 58 0.6 
3217 18 0.8 33 0.5 46 0 52 0 59 0.6 67 0.7 93 0.9 
3257 10 0.3 26 0 54 1 65 0.7 
3274 78 0.6 
3298 38 0.4 56 1 64 0.9 89 1 90 0.5 
3329 78 0.4 
3358 5 0 13 0.7 14 0.6 48 0.4 61 0 63 0.6 89 0.3 96 0 
3519 5 0 14 1 36 0.7 
3576 66 0.9 70 0.6 
3884 71 0 86 0.8 
3892 18 0.6 65 0 68 0.7 88 0.6 92 0.7 93 0.5 94 0.5 99 0.6 
4145 10 0.4 19 0 30 0 70 1 81 0 83 0.7 97 0.4 
4287 17 0.8 18 0 26 0.8 34 0.3 40 0.7 98 0.9 
4304 24 0.7 41 0.5 51 0 66 0.7 80 0 
4338 54 0.5 55 0.5 62 0 78 0 79 0.6 80 0 
4404 5 0.6 15 0 16 0 22 0.4 54 0.4 65 0 72 0.7 77 0.7 
4688 77 0.4 81 0.6 
4884 23 0.5 46 0.9 54 0 61 0.6 63 0.3 71 0.6 75 0.3 90 0 
4987 23 0.4 25 0.5 83 1 
4995 13 0.8 23 0.5 57 0.9 59 0.3 61 0.7 71 0.6 92 0.6 95 0 99 0.4 
5209 88 0.6 
5243 45 0.9 69 0 
5479 29 0.5 30 0.6 39 0.7 47 0.6 51 0.6 90 0.6 94 0.3 
5525 2 0.6 23 0.8 41 0.9 51 0.3 69 1 79 0 
5530 3 0 38 0.8 49 0.3 63 0.3 72 0.7 93 0.5 
5667 56 0 63 0.4 73 0.8 90 0.6 
5822 11 0 46 0 69 1 85 0.4 99 0.9 
5871 15 0.5 24 0.5 56 0 84 0.7 94 0.9 
6234 38 0.6 
6363 83 0.6 92 0.4 
6415 71 0.5 72 1 
6616 1 0 37 0.6 60 0.8 
6801 3 0.5 7 0 37 0.4 38 0.3 39 0 44 0.8 93 0.7 95 0 
7036 14 0.5 97 0.8 
7149 18 1 22 0.3 37 0.5 65 0.8 74 0.4 75 0.7 89 0.8 95 0 
7170 37 0.5 39 0.4 
7253 22 0 70 1 91 0.3 
7421 36 0.4 57 0 70 0 
7535 1 0 3 0 28 0 59 0.9 62 0.4 74 0.8 
7562 52 0.7 90 0.6 98 0 
7614 90 0.8 
7619 14 0 15 0.7 42 0 55 1 65 0.3 70 0.9 84 0.6 96 0.4 97 0.7 
7636 26 0.6 58 0 71 0 
7718 1 0.7 4 0 11 0 20 1 33 0.5 49 0.7 64 1 76 0 80 0.4 84 0 
7802 5 0.5 8 0 44 1 58 0.6 
7808 8 0 17 0.6 21 0.5 70 0.6 87 0.4 99 0 
7817 6 0.7 16 0.8 21 0.8 23 0.7 34 0.5 49 1 59 0 73 0.8 84 0.6 86 0.5 
7944 24 1 
7962 59 0.5 
8147 2 0 30 0.9 65 0.6 80 0.7 
8186 32 0.6 59 0.9 
8228 39 0.3 50 0.3 69 0.7 83 0 94 0 
8338 14 0.5 34 0.9 51 0.4 55 0.7 63 0 90 0.3 
8383 40 0.7 58 0 72 0.6 76 1 89 0.6 96 0.8 
8548 18 0.6 20 0.7 22 1 38 0 43 0 59 0 66 0.4 80 0.8 90 0.6 92 0.4 
8847 3 1 8 0.6 27 0.4 47 0.5 60 0.8 86 0.6 98 0.4 
8958 4 0 10 0.6 33 0 38 1 41 0.6 52 0.3 61 0.9 77 0.9 
9003 15 0 42 1 77 0.8 89 0.4 
9099 86 0.5 
9359 8 0.6 16 0.5 18 0.9 19 0 31 1 40 1 42 0 48 0.3 63 0.7 91 0.4 
9379 19 0.8 
9674 15 0.9 18 0.9 27 0.5 44 0.3 53 0.8 87 0 98 1 
9676 13 0 17 0.8 
