100
80 38 0.6 40 0.4 82 0.4 88 0.4 93 0.9 
138 9 0 31 0.6 70 0.8 94 0.8 
199 8 0.7 12 0 21 0.4 30 0.5 41 0.5 60 0.8 61 0.4 87 1 95 0 
286 25 0.9 48 0 51 0.5 55 0.6 56 0.3 64 1 86 0.4 90 0.8 93 0 
391 54 0.8 91 0 
414 1 1 16 0 25 0.7 68 0.5 89 0.7 
460 26 0.4 35 0 53 0.5 67 0 70 0.7 93 0 98 0.6 
533 75 0.8 96 0.3 
547 8 0.3 12 0 41 1 51 0.6 
605 2 0.6 16 0.8 27 1 61 0.3 95 0.5 97 0 
693 59 0.9 
717 5 0.7 17 0 41 0.6 53 0 57 0.4 81 0.4 82 0.3 
763 16 1 17 0.3 19 0.9 26 1 34 0 43 0 55 0 68 0.5 92 0.4 
813 15 0.3 
830 9 0 45 0 46 0.7 51 0.9 62 0.3 67 0.7 90 0 91 0.5 94 0.7 95 0.6 
899 42 0.9 95 0.7 
1095 14 0.6 16 0.3 26 0.3 83 0.7 
1251 30 1 
1348 4 0.9 11 0.6 18 0.5 23 1 59 0 76 0.7 85 0 95 1 
1349 11 0 57 0.6 68 1 77 0.9 94 0.9 98 0.8 
1416 7 0.4 47 0.8 48 0.5 64 0.7 98 0.9 
1576 18 1 28 0 32 0 48 0 58 0.7 60 0.7 99 0.7 
1756 11 0 42 0 52 0.6 60 0.6 80 0 89 0.4 93 0.9 98 0.7 
1944 7 0 46 0.8 50 0 62 0.5 64 0.4 67 0.6 
2046 37 0.4 54 0.5 60 0 69 1 
2085 3 0.8 17 0.9 28 0 32 0.4 40 0 54 0 67 1 94 0.8 99 0 
2110 4 0.4 11 0.7 26 0 28 0 50 1 57 0 89 0.6 91 0.3 
2193 22 0 83 0.4 
2194 24 1 67 0.7 77 0.3 97 1 
2216 13 0 35 0.7 42 0 53 0.7 
2259 5 0 17 0.7 28 1 34 1 36 0.3 64 0.3 86 0.8 94 1 
2388 88 0.6 
2580 3 0.3 48 0.4 59 0.8 61 0 67 0.4 75 0 78 0.3 92 1 
2636 11 0 62 0.9 63 0 69 0.5 76 0.9 84 0.7 
2705 11 0.8 27 0.5 45 0.7 65 0.6 94 0.3 
2802 57 0.6 72 0 78 0 84 0 
2872 20 0 26 0 75 0.5 95 0.7 
2873 27 0.6 29 0.8 65 0 
2911 10 0.3 56 0.5 74 0.3 83 0 
2977 22 0.5 40 1 61 0.3 76 0.9 92 0.7 
3029 35 0.5 52 0.7 66 1 97 0.7 
3048 34 1 82 0.5 
3086 16 0.8 22 0.3 46 0 59 0 82 0.6 83 0.3 
3235 37 1 
3239 9 0.7 41 0.7 96 0.6 
3290 5 0.4 9 1 33 0.4 51 0.8 61 0.6 64 1 85 0.4 89 1 
3319 5 0.4 16 0 33 0.6 35 0 71 0.3 74 0.6 77 0 79 0.4 
3468 1 1 70 0 73 0.5 
3548 4 0 26 0 39 0.7 59 0.8 96 0.6 
3727 18 0.4 43 1 51 0.3 59 0.7 73 0 99 0.7 
3752 66 0 81 0.6 87 0 91 0 
3776 25 0.4 
4160 23 0 
4185 7 0.7 24 0 38 0.5 46 0 54 1 70 0 90 0.9 
4316 2 0.9 46 0 
4539 7 0.5 29 0.8 55 0.5 65 0.4 69 0 82 0.3 93 0 99 0.9 
4775 14 0.3 32 0 38 1 43 0 61 0.6 63 0 65 0 94 0 99 0.5 
4821 22 0.8 26 0.5 31 0 50 0.9 59 0 61 0 77 0.3 88 0 98 0.9 
4972 20 1 58 0 59 0.4 80 0.6 81 0.6 88 1 89 0.8 
5284 11 0.4 46 0 70 0 73 0 97 0 
5305 10 1 40 0.9 51 0 52 0 77 0.6 91 0.8 99 0 
5324 14 0 40 0.5 
5371 5 0 62 0 73 0.6 74 0.6 83 1 84 1 96 0 
5724 4 0.8 6 0.5 9 0 19 0.6 23 0.8 57 0.3 79 0.3 85 0.7 
5725 1 0.3 18 0.4 32 0.8 45 0 54 0.5 73 0.8 81 0.9 88 0.4 91 0.4 99 0.9 
5736 4 0.9 28 0 39 0 57 0.5 70 0.5 84 0 87 0 96 0.9 
6035 92 0 
6062 15 0.8 24 0 55 0 73 0.3 92 0.3 
6414 20 0.4 36 0.4 39 0.5 45 0.3 55 0.5 79 0.4 82 0.4 85 0 88 0.5 
6482 6 0.9 10 1 12 0.8 37 0.6 45 0 57 0.3 60 0.4 62 0.8 66 0 
6559 5 0 22 0.9 32 0.4 40 0.4 47 0 49 0.6 58 0.3 67 0.5 68 0.3 71 0.5 
6576 24 0.9 
6636 45 0 
6865 58 0 70 0.7 
6905 5 1 16 0.8 
6907 24 0.9 62 0.5 84 0.8 
6975 16 0.3 35 0.4 52 0.9 67 1 98 0.3 
7232 2 0.7 7 0.3 23 1 25 0.6 27 0.5 32 0.8 38 1 67 0 68 0.5 
7398 32 1 55 0.5 
7449 61 0.7 63 0.6 
7694 41 1 67 0.8 83 0 95 0 
7765 15 0.3 33 0.9 37 1 45 0 54 0.4 77 0.3 91 0.4 95 0.6 
7799 3 0.8 39 1 46 0.5 54 0.7 67 0 70 1 94 0 98 0.5 
8182 25 0 53 0.7 
8191 7 0.7 17 0 29 1 48 0.3 68 0.9 72 0.6 86 1 93 0 97 0 
8246 2 0.3 21 0 23 0 48 0.9 65 0 69 0.5 
8425 21 0 26 0.9 69 0.3 76 0.3 85 0.7 
8599 7 1 21 1 26 0.8 33 0 48 0.7 78 0.8 79 0.5 
8748 4 0 10 0.8 39 0.4 71 0 73 0 87 0.4 91 0.3 94 0.8 
8859 43 0.3 47 0.5 52 0.3 53 0 68 0.7 74 0 
8958 4 0 10 0.6 33 0.9 38 0.5 41 0 52 0.8 61 0 77 0.5 
8972 27 0.5 58 0.8 63 0.3 
8978 25 0.6 32 0 53 0.6 68 0 71 0 93 0 97 0.9 
9063 2 0.6 3 0.3 40 1 51 1 63 0.6 67 0 81 0.7 
9495 15 0.7 43 0.8 56 0.6 71 0.7 76 0.3 84 0.8 87 0.5 93 0.9 
9598 60 0.5 76 0.9 79 0.5 98 0.5 99 0.5 
9652 37 0.7 41 0.9 50 0.4 92 1 98 1 
9668 2 0.6 5 0.8 29 0.8 35 0.4 64 0.9 65 0.4 74 1 89 0.4 91 0.3 
9876 19 0.4 21 0.9 24 0.9 44 0.4 52 0 56 1 73 0.5 82 0 83 0.7 87 1 
9997 12 0 17 0.7 34 0.6 53 1 54 0.8 97 0.4 
