100
174 15 0.5 20 1 52 0.3 54 0.9 55 0.9 64 0.5 72 0 81 0.6 91 0 94 0 
312 95 0.6 
439 24 0 61 0 65 1 
453 15 0 64 0.9 87 0.9 99 0.5 
519 24 0.6 27 1 47 1 80 0 
522 11 0.3 34 0.3 53 0.6 67 0.6 
594 17 0.5 31 0.5 47 0.9 58 0 74 0 75 0.9 88 0.3 
650 14 0 20 0 21 0.5 58 0.8 60 0.8 70 0.6 
769 61 0.5 98 0.7 
813 15 0.4 
919 7 0.6 14 1 22 0.7 25 0.8 26 0 35 0 46 0.5 48 0.4 67 1 94 0.8 
939 27 0 28 0 62 0.6 
980 0 0.9 20 0.8 57 0.3 58 0.9 69 0.8 78 0.8 94 0.7 98 0.9 
1049 14 0.6 90 0 
1131 64 0.4 
1255 15 0.6 21 0.8 22 0.4 34 0.3 75 0.8 84 1 
1260 5 0.7 46 0.7 
1262 31 0.8 38 0 41 1 
1380 2 0 5 0.3 14 0.7 15 0.7 26 0.5 63 0.9 64 0.4 79 1 
1783 16 0 18 0 32 0.8 47 0.8 77 0 81 0.6 93 0 
1818 4 1 58 0.7 98 0.7 
1858 32 0 
1902 39 0 40 0.3 62 0.9 91 0 99 0 
2000 13 0 21 0.6 42 0.3 43 0.7 47 0.7 53 0.3 59 0.4 85 1 94 0 
2073 49 0.5 85 0 95 0.3 
2125 13 0.7 33 0.9 55 0.7 76 0 83 0.6 
2139 16 0.9 33 0 34 0.4 62 0 70 0 84 0.3 89 0 
2178 6 0.4 22 0.3 47 0.5 66 0 73 0.6 78 0 
2240 6 0.3 9 0 24 0 36 0 40 0.9 45 0.9 51 0.8 59 0.6 73 0.6 
2267 29 0.7 51 0.3 
2345 8 0.5 26 1 39 0.8 62 0.8 75 0.4 83 0.4 96 0.6 98 0.9 99 0.6 
2522 22 0.5 48 0 
2619 14 0.3 26 0.7 30 0.4 62 0.7 76 0.3 88 0.3 90 0 
2672 12 0.9 19 0.9 44 0.8 
2980 23 0.6 27 0.6 86 0 88 0.6 98 0.6 
3053 8 0.7 10 0 13 0.3 29 0.5 68 0.6 81 1 86 0.6 92 0.4 
3055 2 0.8 3 0 7 0.4 11 0 39 0.8 
3075 63 0.7 65 0.5 89 0.6 91 0.5 98 0.7 
3190 20 0 27 0 35 0.6 38 1 40 1 44 0.4 76 0 83 0 88 0 99 0.4 
3216 62 0.9 67 0.8 69 0.7 70 0.3 89 0.3 91 0.3 97 0 
3258 7 0.5 14 0.4 21 0.8 41 1 60 0.6 78 0.8 81 0.3 88 0.8 89 0.5 98 0.5 
3449 43 0.9 53 1 59 0.3 73 0.9 
3729 26 0.3 40 0.6 80 0 
3770 35 0.9 
4051 17 0.8 26 0 
4136 24 0.8 36 0.8 48 0 
4216 2 0.5 49 0.9 50 0.8 59 1 61 0 78 0.9 80 0 86 0.6 93 0.5 
4226 11 0 13 0.3 19 0 47 0.5 82 1 
4558 13 0.3 16 0 24 0.9 39 0.5 47 0.4 61 1 71 0.5 97 0 98 0 
4655 24 0.8 55 0 60 0 
4667 31 0.7 67 0.7 87 0.5 97 0 99 0.3 
4756 4 0.3 18 1 20 0.9 31 1 32 0 34 0.7 38 0.8 61 0 89 0.8 97 0 
4823 5 1 30 0 52 0 62 0.4 69 0.7 77 0.8 78 1 83 0 92 0.5 93 0 
4840 9 0 22 0.3 43 1 71 0.6 
4845 8 0 33 1 35 0 59 0.9 87 0 
5141 7 0.4 18 0.3 70 1 73 0.5 86 0.8 97 0 
5477 33 0 71 0.6 80 0.9 82 0.7 
5626 3 1 11 0 26 0 35 0.7 39 0.3 61 0.3 71 0 87 1 92 0.9 
5783 34 1 42 0 49 0 57 0.3 59 1 74 0 81 0.8 91 0.5 92 0 
5822 11 0.9 46 0.6 69 0.4 85 0.4 99 0 
5827 23 0.6 25 0.8 28 0 32 1 37 0.5 50 0.4 51 0 71 0.8 
5919 83 0.6 
5948 16 0.3 34 0 69 0.9 72 0.6 76 0 81 0.9 
5956 27 0.7 
5998 20 0 
6198 32 0.4 36 0.7 51 0.7 84 0.9 
6312 19 0.4 22 1 27 0 29 1 38 0.3 69 1 
6413 0 0.6 20 0.5 41 0.3 51 0 58 0 62 0 81 0.7 99 0 
6506 2 0 7 0 12 1 16 0 26 0 45 0.9 53 0.7 80 0.9 
6524 8 0 49 0.9 51 0 69 0.7 80 0.7 94 0.5 
6583 1 0.5 33 0.9 39 0 48 0.7 53 1 55 0 65 1 93 0.6 
6614 9 0.6 27 0.7 36 0 38 0.6 61 0.5 70 0.8 75 0.4 
6639 9 0 14 0.3 17 0.5 48 0 57 0.8 61 0.7 63 0.4 68 1 93 0 
6874 24 0.8 28 0.8 37 0.5 48 0.7 
6915 21 0.8 61 0.8 84 0.6 86 0.3 96 1 
6971 15 0 23 0.7 
7061 12 0.4 21 0.5 96 0.7 
7096 10 0.4 26 0.3 38 0.5 44 0.8 49 1 54 0.6 90 0.6 91 0 
7105 0 0 41 0.5 44 0 52 0 61 0.6 74 0.3 83 0.8 
7470 5 0.9 12 0 28 0.8 39 1 42 0.5 67 0 73 0.7 74 1 80 0.6 81 0.3 
7700 24 0 33 0.3 37 0.6 84 1 
7815 2 0 28 0.5 
7975 9 0.9 13 0 62 0 78 0.3 
8028 2 0 15 0.4 59 0 66 0.7 83 0.7 84 0.9 87 0.4 
8119 0 1 31 0.5 32 0.9 54 0.9 57 0.9 68 0 94 0 
8197 6 0.9 9 0 20 0.7 
8317 23 0.3 31 1 41 0.6 44 0 48 1 56 0.9 76 0.7 
8433 7 0.8 10 0.8 16 0.5 24 0.4 43 0.5 52 0.8 78 0.6 
8485 32 0.4 42 0.8 48 0 94 0.7 98 0.5 
8519 74 0.6 89 0.6 95 0 
8546 11 0 12 0.5 34 0.3 46 0 48 0 64 0.7 70 0 79 0 84 0.5 85 0 
8600 74 0.3 82 0.6 93 0.5 94 0 
8750 3 0.9 4 1 11 0.6 13 0.9 30 0.9 36 0 71 0.7 86 0.9 91 0 98 1 
8780 11 0 13 0.8 18 0 20 0 25 0.7 34 0.5 67 0.9 73 0 75 0.8 99 0 
8994 13 0.5 14 0 25 0.3 28 0 51 1 53 0 
9023 3 0.7 10 0.3 12 0 18 0.4 44 0 48 0.8 87 0.4 88 0 93 1 
9160 1 0.9 3 0.7 6 0 19 0.4 36 0.6 37 0 66 0.7 69 0.3 88 0.9 96 0.7 
9571 8 0 12 0 17 0.8 32 0.6 34 0.3 51 0.9 53 0.6 71 0.4 
9579 11 0 13 0.4 16 1 31 0.8 33 0.7 40 0 65 0.7 69 0.6 83 0.5 91 0.8 
9808 67 0.9 83 0.6 
