100
23 4 1 11 0 19 0 57 0.4 61 0 65 0 74 0.4 86 0.5 
43 6 0 20 0.4 26 0.8 35 0.3 41 0.9 53 0.9 77 0 84 0 86 0 
46 18 0 
104 6 0 10 0.7 47 0.7 51 0 92 0 
145 61 0.4 
192 16 0.9 29 1 35 0.4 46 0 73 0.6 93 0.5 
271 8 0.8 29 1 35 0.3 41 0 69 0.9 72 0 
305 62 0.7 
308 3 0.7 13 0.9 18 0.7 61 0.8 76 0.5 97 0 
348 0 0 3 0.4 40 0 44 0.4 49 0.3 90 0.3 
517 2 0.3 6 0 18 0.9 19 0.3 34 1 46 1 77 0.3 86 0.8 98 1 99 0.3 
546 6 0.8 55 0 
738 71 0 
741 26 0 34 0.4 39 0 69 0.8 96 0 
898 0 0.4 45 0 82 0.5 
948 5 0.6 8 0 22 0.5 23 0.9 27 0.8 87 0.6 89 0.7 96 0 
1002 29 0.8 48 0.3 54 0.5 63 0.7 93 0.3 
1295 35 0.4 36 0 50 0.6 71 0.4 83 0 88 0.7 89 1 94 0.3 
1353 32 0.7 36 0.7 44 0.5 46 0 51 0 57 0.4 65 0.6 74 0 
1369 10 0.8 41 0.4 45 0.6 49 0.5 78 0.7 79 1 87 0 88 1 
1372 48 0.4 55 0.3 87 0.9 89 0.9 98 1 
1380 2 0.3 5 0.5 14 0.3 15 0 26 0.4 63 0.9 64 0.3 79 0.3 
1526 80 0.8 90 0.4 97 0.9 
1589 6 0.4 11 0.4 20 0.4 35 0.9 39 0 88 0.8 89 0.6 99 0.8 
1713 6 0.5 71 0 
1737 41 0.3 43 0.5 62 0.8 64 0 66 0 70 1 
1873 14 0 24 0.3 27 0.9 34 0.9 59 0 
1890 29 0.3 42 0 47 0.8 98 0 
2016 7 0.8 36 1 37 0.5 65 0 84 0 86 0.4 94 0 96 0.5 97 0.7 
2059 29 0.4 61 1 65 0.5 76 0.6 81 0.8 90 1 92 0.9 97 0.4 
2157 4 0 5 0 31 0 32 0 36 0.5 45 0.5 49 0.6 51 0.4 70 0 86 0.5 
2158 11 0.4 
2199 17 0.6 19 0.5 26 0 39 0.6 47 0.9 67 0 70 0.5 76 0.9 87 0.5 
2473 7 0 16 0.4 23 0.8 41 0 61 0 
2590 0 0 6 0.5 23 0.5 26 0.4 37 0.9 61 1 69 0.4 
2723 17 0.7 25 1 31 0.4 51 0.7 53 1 54 0.8 64 0.3 83 0.9 88 0.6 93 0 
2761 15 0.9 64 0.5 
2828 2 0 5 0.6 15 0.4 22 0 23 0.9 27 0.8 64 0 91 0.7 97 0.8 
3006 74 0.5 87 0.5 
3075 63 1 65 0 89 0.9 91 0.9 98 0.9 
3096 30 0 38 0.5 69 0 72 0 83 1 84 0 
3108 66 1 70 0.4 94 0.8 
3259 32 0 37 0.7 42 0.5 49 0.4 
3283 46 0.3 78 0 
3313 6 0.5 20 0.7 22 0.4 28 0.5 40 0.4 69 0.8 77 0.4 91 0.5 94 0.5 
4012 0 1 9 0.4 11 0.4 18 0.3 22 0 23 0.7 47 1 77 0.9 78 0.6 87 0.6 
4036 9 0.5 23 0.4 25 0.8 41 1 50 0.3 68 0 83 0.5 84 0 94 0.3 95 0.7 
4174 21 0.9 24 0.3 25 1 34 0.3 39 1 40 0.4 65 0 74 0.7 86 0 87 0.5 
4324 20 1 38 0.3 48 0.4 65 0.6 88 0 
4539 7 0.4 29 0.6 55 0.4 65 0.4 69 0 82 0.8 93 0.8 99 1 
4546 67 0 86 0.9 
4635 1 0.6 7 0 9 0.8 25 0 54 0.9 65 0.8 69 0.7 82 0.8 91 0 
4869 8 0 24 0.3 35 0.9 51 0.5 53 0 92 0.7 97 0 
4926 7 0 17 0 18 0 64 0 75 0.9 78 0.7 88 0.6 93 0.7 
5058 59 0.5 85 0.3 86 0.6 
5140 27 0.9 42 0.4 45 0.9 52 0.7 
5145 3 0.3 15 0.5 58 0.3 73 0.4 
5176 8 1 61 0 
5177 21 0.4 22 0.8 23 0.8 26 0.9 37 0 58 0.3 69 0 94 0 
5277 2 0 3 0.6 33 0.8 37 0 39 0.4 81 0 90 0.5 91 0 
5407 1 0.9 14 0.3 20 0.7 52 0.3 
5428 4 0.5 46 0 59 0 
5462 13 0 17 0 33 0 37 0.3 48 0.8 53 0.8 56 0.7 70 1 71 0.3 77 0.6 
5523 18 0.6 21 0.3 25 0 35 0.8 49 0 60 0.6 72 0 96 0.3 
5574 3 0.4 18 0 20 0.9 38 0.9 48 0.8 61 0.7 63 0 90 0 
5769 84 0 
5824 16 0.8 20 0 23 0 41 0.4 47 0.5 53 0.6 57 0.9 64 0.8 
6019 19 0.7 22 0.8 40 0.7 51 0 59 0.9 68 0.7 87 0.9 
6065 18 0.5 25 0.3 26 0.7 62 0.6 72 0 80 0.7 86 0.3 97 0.5 
6084 2 0.4 27 0.8 28 1 41 0.9 64 0.7 73 0.5 75 0.4 80 0.6 87 0.6 91 0.9 
6236 45 0.8 68 0.5 96 0 
6356 28 0.5 49 0 80 0 
6623 35 0.5 
6632 5 0.6 18 1 31 0.5 58 0.9 61 0.4 67 0.8 83 0.5 
6805 15 0.4 39 0.4 45 0.9 56 0 
6945 0 0.5 2 0.7 8 0.3 21 0 79 0.9 95 0.8 
6991 16 0.8 22 0 34 0 39 0.9 44 0 57 0.9 68 0.4 83 0.5 93 0.4 95 1 
7114 2 0.9 40 0.3 45 0.6 
7617 53 0.6 90 0 93 0.4 97 0.4 
7636 26 0 58 0.3 71 0.6 
7650 7 0 21 0.9 24 0.9 37 0.3 43 0 44 0 83 0 96 0.4 99 1 
7707 0 0.6 21 0.3 31 0.7 60 0.3 82 0.8 85 1 
8007 42 0.8 89 1 
8059 6 1 16 0.3 26 0 29 0.7 39 0.9 41 0.8 46 0 59 0.7 85 0.4 
8130 93 0.8 97 0 
8162 30 0.3 68 0.4 
8227 24 0.6 38 0.6 45 0.3 56 0.3 73 0.8 83 0 84 0.7 97 0.9 
8306 1 0.7 8 0.6 10 0 21 0.4 60 0 62 0.7 67 0.7 77 0.9 99 0.6 
8495 3 0.5 
8739 19 0.6 
8866 39 0.5 54 0.4 57 1 58 0 82 0.4 87 0.7 89 0.6 97 0.9 99 0.5 
9107 5 0.3 6 1 7 0.7 24 0 39 0.7 41 0.9 42 0.5 45 1 54 0 64 0.7 
9263 2 0.3 24 0 48 0.9 78 0.5 
9268 5 0.6 54 0.9 80 1 99 0.8 
9511 2 0.7 20 0.4 89 0 97 0.7 
9558 1 0 39 0.5 51 0.4 55 0.4 59 0 65 0.9 72 0.9 74 0.4 89 0.5 
9665 2 0.7 5 0.9 19 0.6 24 0 49 1 62 1 66 0 78 0.7 82 0 83 0 
9803 22 0.8 27 0 51 0.8 67 0.7 74 0 85 0.9 
9840 2 0.3 3 0.4 21 0.6 34 0 62 0.3 66 0.5 70 1 74 0 78 0 93 0.7 
9880 0 0 1 0.3 9 0 16 0.4 20 0 71 0.8 86 0.8 91 0.8 98 1 
