100
103 41 0 68 0.8 73 0.5 90 0.5 91 0.5 93 0.7 
173 78 0.6 
309 7 0.6 20 0.8 23 0 37 0.4 48 0 61 0 64 0.5 69 0.4 91 0.7 
410 6 0.9 12 0.5 18 0 45 0.6 62 0 77 0.5 94 0 95 1 97 1 
505 25 0.5 33 0.6 45 0.8 54 0.4 80 0.9 
605 2 0.3 16 0.7 27 0 61 0.8 95 0.6 97 0.6 
611 6 0 52 0.4 58 0.9 68 0 76 0 
795 64 1 
822 7 0.8 16 0 18 0.9 20 0.5 42 0.3 44 0.6 85 0 92 0.9 94 0.5 97 1 
916 19 0.5 38 0.3 56 0.6 67 0.9 
964 20 0.9 21 0.8 24 0.7 53 0.3 66 0 72 0 77 0.8 89 0 90 1 91 0.9 
1092 28 0 30 0.6 33 0.8 46 0.6 
1368 23 0.8 45 0.6 61 0 80 0.9 
1429 24 0 27 0.6 42 0 51 0 91 0.8 
1430 24 0.7 38 1 47 0.8 55 0 56 0.5 59 1 72 0.6 74 0.4 79 1 
1436 3 0.6 
1784 53 0 93 0.3 95 1 
1861 15 0 
2033 85 0.6 
2036 8 0.3 34 0.9 68 0.7 83 0.9 
2041 3 0.3 23 0 32 0.4 63 0.6 70 0.4 
2084 25 0 57 0.4 60 1 74 0.7 
2245 38 0 62 0.4 64 0.8 80 0 
2314 6 0.6 9 0.8 52 0 62 0 
2331 12 0.7 17 0 23 0.9 52 0 54 0.3 59 0 85 0.9 86 0 95 0.4 
2395 0 0.5 17 1 20 0.4 94 0.7 
2560 4 1 17 0.9 23 0.8 43 1 46 0.7 59 0.7 63 0.5 70 0.5 99 0.6 
2615 73 0.4 76 0.3 87 0.5 
2637 0 0.5 29 0 38 0.6 40 0 46 0.4 50 0.3 56 0.5 75 0.6 77 0.6 
2701 10 0 18 1 24 0.7 27 0.6 67 0 85 1 
2722 3 0.6 8 0.4 15 0.3 48 0 66 0.7 72 0.8 82 0 85 0.7 86 0.9 91 0 
2809 90 1 
3010 7 0 23 0.6 24 0 29 0.9 35 0.4 36 0.6 92 0 
3028 73 0.4 85 0.6 
3144 1 1 28 0.5 32 0.5 39 0.3 41 0.9 58 0 82 0.3 84 0.3 86 0 97 0.6 
3277 88 0.6 
3333 6 0.9 38 0 45 0.3 
3337 15 0.5 22 0.5 50 0.7 54 0 62 1 63 0.3 71 0.5 94 0.4 97 0 
3592 6 0.7 59 0 
3651 20 0 30 0.7 31 0 70 1 
3763 51 1 
3795 13 0.3 41 0.7 67 0.6 
3806 18 0.8 40 0 87 0.3 88 1 90 0 94 0 
3828 2 0 33 0.6 81 0.3 
3886 12 0.8 16 0 49 0.3 53 0.4 56 0 59 0.5 75 0.6 93 1 99 0 
3893 18 0.3 31 0.7 45 0.4 47 0.4 55 0.7 85 0.5 88 0.9 96 0.9 
4711 4 0 8 0.7 13 0 
4750 6 0.8 10 1 48 0.9 
5261 19 0 39 0.4 60 1 80 0.8 98 0.5 
5437 20 0.4 
5464 4 0.5 25 1 44 0 56 0 
5523 18 0 21 0.4 25 0.3 35 0.8 49 0.7 60 0.3 72 0.5 96 0.5 
5538 19 1 21 0.9 23 1 25 0 41 0.3 57 0.5 70 0 85 0.6 97 0.3 
5643 39 0 45 0.4 53 0.3 67 0.9 86 0 
5927 11 0.7 29 0.9 85 0 
5990 2 0.8 13 0.4 35 0.7 58 0.9 67 0.9 72 1 75 0 
6021 14 0 31 0.3 43 0.5 68 0 90 0.8 
6142 22 0.6 25 0.3 26 0 44 0.3 58 0.6 68 0.9 72 0 93 1 
6152 22 0.4 23 0.4 26 1 36 0.3 60 0.5 65 0 89 0.5 90 0 
6278 29 0 33 0.4 37 1 43 0.5 46 0.6 57 0.6 75 0.3 91 0.9 96 0 
6324 36 0.5 42 0 72 0.8 81 0.8 94 0.7 
6418 1 0.4 15 0 18 0 25 0.5 48 0.7 53 0.3 54 0.6 64 0.4 66 0 87 0.5 
6445 70 0 
6455 49 0 75 0.6 99 0.5 
6708 0 1 12 0.4 21 0.4 34 0.8 46 0.4 54 0.6 57 0 
6793 1 0.8 17 0.8 29 0 39 1 41 0.9 42 0.7 71 0 89 0.7 
6807 6 0 7 0.3 22 0.5 32 0.9 75 1 
6874 24 1 28 0.8 37 0.4 48 0.9 
7018 7 0.4 24 0.6 30 0.4 41 0.8 48 0 
7149 18 0.3 22 0 37 0.4 65 0.7 74 0.5 75 0.9 89 0 95 0 
7331 89 0 
7517 4 0 39 0.6 61 0.8 74 0.6 77 0.7 79 0.3 98 0 
7662 11 0.3 15 0.7 61 0.8 66 0.8 68 0.9 74 0.7 77 0.4 90 0.4 92 0.5 
7728 22 0 24 0.5 65 0.4 67 0.8 
7838 35 0.8 54 0.3 
7882 1 0.5 4 0.7 42 0.9 48 0.7 62 0.8 68 0.9 95 0.5 
8044 16 0 23 0 37 0 38 0.8 96 0 
8150 42 0 64 1 
8278 9 0.5 33 0 37 0.3 48 0.6 55 0.3 59 0.8 98 0.6 
8293 19 0.8 29 0.8 40 0 61 0.7 
8349 16 0.4 21 0 32 0 41 0 52 0 55 0 56 0.9 62 1 94 0.3 
8392 60 0.6 
8432 52 0.8 
8474 1 0 5 0 16 0.7 22 0.7 25 0.7 26 0.5 35 0 45 0.7 92 0.5 
8660 15 0.6 47 0.8 57 0 
8967 13 0.8 15 1 47 0.6 53 0.8 65 0.4 70 0 77 1 79 0.5 
8995 11 1 17 0.3 25 0 30 0.4 59 0 62 0.3 68 0.9 90 0.8 
9065 75 1 
9351 5 1 6 0.9 16 0 26 0.3 28 0.5 33 0.3 61 0.5 70 0.3 71 1 91 0.6 
9388 13 0 21 1 22 0 39 0 51 0.6 76 0 78 0 82 0.3 90 0 93 0.8 
9452 0 0 
9519 52 0.6 56 0.6 63 0 77 0 85 0.9 91 0 
9559 5 0.5 12 0.5 30 0 59 0 67 0.6 80 0 
9589 13 0 23 0.6 50 1 51 1 54 0 72 0 85 0 89 0 
9597 12 0.6 27 0.5 33 1 45 0.9 50 0.3 55 0.8 74 0 
9673 8 1 20 0.9 49 0.4 61 0 65 0 84 0.6 
9707 14 0 36 0.7 
9745 5 0.5 19 0.9 36 0 37 1 62 0.7 66 0 96 1 
9760 15 0.5 19 0.5 30 0.6 45 0.6 53 0 55 0 70 0.7 84 1 94 0.7 97 0.7 
9794 5 0 24 0.4 37 0 46 0.8 49 0 77 0 
