100
13 50 0.3 
55 29 0 47 0.5 82 0.5 
108 28 0 
138 9 0 31 0 70 0.9 94 0.8 
264 8 0.7 13 0 37 0 46 0 60 0.3 74 0 82 0.6 
270 71 0.5 
341 12 0 16 0 39 0 46 0.5 49 0.7 51 0.7 72 0.9 80 0.9 
375 74 0.3 
410 6 0.6 12 0.7 18 1 45 0 62 0 77 0.6 94 0.5 95 0.8 97 0.4 
426 30 0 34 0 35 0.8 46 0.5 71 0.8 72 0.4 79 0.7 80 0.7 90 0 
533 75 0 96 0.3 
689 59 0.6 
888 16 0.6 70 0.5 
896 3 0 8 0.6 16 0 54 0.5 62 0.3 73 0.4 82 0.9 86 0.9 87 0 89 0.7 
1171 51 0.6 52 0 69 0.4 
1255 15 0.3 21 0.7 22 0.6 34 0 75 0.6 84 1 
1317 26 0.8 
1455 33 0.9 39 0 50 0.3 53 0 78 0.7 97 0.5 
1548 16 0.8 34 0.3 64 0.5 89 0 90 0 
1760 71 0.4 98 0.7 
1781 5 0.8 7 0.5 12 0.5 14 0.7 57 0.6 71 0 
1954 23 0.5 50 0.8 72 0.8 74 0 
2021 1 0.8 2 0.5 4 0.4 13 0.6 23 0 45 0.7 47 0.3 57 0 71 0.3 93 0.6 
2145 20 0.9 41 0.8 49 0 73 0.4 81 0.5 
2222 1 0 12 1 54 0.5 57 0.5 66 1 76 0.9 82 1 85 0.6 99 0.9 
2307 31 0 
2388 88 0.7 
2425 68 0.9 93 0 
2451 9 1 11 0.9 
2581 2 0.8 37 0 53 0.8 83 0.8 91 1 
2648 10 1 30 0.5 39 0.8 46 1 51 0 66 0.3 76 0.6 80 0 
2755 12 0.9 17 0.4 24 0.9 45 0 48 0.3 66 0.8 69 0.8 80 1 90 1 97 0.4 
2804 7 0 19 0.3 72 0.8 76 0.8 
2883 4 0.7 33 0.5 51 0.5 83 0.6 
2940 6 1 15 0.9 35 0 65 0.9 74 0 79 0.8 80 1 89 0.5 92 0.3 
2954 9 0.5 51 0.3 59 0.6 
3085 29 0.8 59 0.6 87 0.9 97 0.7 
3088 37 0.3 58 0.7 88 0.8 
3191 9 0.5 21 1 27 1 34 0.9 39 0.8 43 1 44 0.8 52 0.9 80 0.8 
3207 10 0 39 0.7 43 0.7 60 0.5 66 0.7 77 0.5 83 0.7 88 0 93 0.3 
3218 4 1 37 1 38 0.7 50 0.8 74 0.7 93 0.9 
3226 1 0.9 31 0 53 0.6 64 0.6 69 0.7 
3467 10 0 69 0.4 93 0.4 94 0.9 
3476 43 0 80 0.3 
3533 5 0.8 33 0.7 90 1 95 0 
3653 0 0.7 17 0.8 21 0.4 24 0.3 38 0 92 0 93 0.6 96 0.9 
3657 24 0 27 1 37 0.5 42 0 44 0.5 70 1 75 0.7 77 0.4 90 0.3 97 0 
3704 20 0.8 51 0 
3736 19 0 57 0.5 66 0.9 78 0.6 79 0 84 0 87 0.6 91 0 95 0 
3835 0 0.9 6 0 10 0.5 15 0.6 37 0.7 43 0.7 52 0.5 61 0 79 0 91 0 
3933 18 0.9 41 0.3 47 0.5 56 1 70 0.7 80 0.5 
3955 8 0 30 1 32 0.3 34 0.7 38 0.4 45 0.4 58 0.7 82 0 87 0 
4130 7 0.4 18 0 20 0.7 23 0.9 27 0.7 29 0.8 38 0 74 0.3 95 0.4 
4339 9 1 25 0.4 41 0 59 0.9 62 0.6 91 0 
4503 60 0 
4690 53 1 90 0.4 92 0.3 
4724 26 0.8 28 0 31 0 62 0.5 65 0 95 0.3 
4735 41 0.7 97 0.5 
4793 31 0.8 55 0.7 
5180 2 0.5 8 0.6 18 0.8 
5545 8 0 37 0.4 51 0.5 54 0.7 60 1 64 0.3 
5580 11 1 16 0 35 0.5 44 0.3 46 0 48 1 98 0.6 99 0.6 
5601 1 0.7 33 0.5 38 1 47 0 52 0 76 0.6 77 0.7 88 0 
5686 28 0.7 37 0.4 
5855 3 0.4 15 0.8 18 0.5 34 0 45 0.5 56 0.9 57 0.5 83 0.5 85 1 91 0.5 
6115 50 0.6 57 0.4 62 0.4 85 0.9 
6197 18 0 20 0.5 32 1 39 0.3 56 0.6 71 0 82 1 
6368 21 0.5 24 0.8 58 0 
6446 89 0.5 
6455 49 0.7 75 0.4 99 0 
6483 29 1 51 0.3 57 0 58 0.8 87 0.4 94 0.9 
6633 14 0 16 0.4 20 0 30 1 38 0.4 43 0.8 50 0.5 68 0.6 93 0.3 
6783 4 0.7 41 1 65 1 80 0 91 0.5 
6884 6 0.5 28 0.5 31 1 32 0 40 0 62 0.8 73 0 98 0 
6891 25 0.7 39 0 45 0.3 47 0.3 56 0.8 82 0.9 
7193 76 0 77 0.7 98 0 
7353 40 0.8 68 0.5 
7501 1 0.4 3 0.7 19 0.5 27 0 37 0 62 0.6 65 1 76 0.6 79 0.5 98 0 
7734 85 0.4 99 1 
7783 7 0.6 22 0 56 0 59 0.6 
7795 11 0.7 36 0.7 38 0 40 0.5 69 0.4 82 0.4 92 0 96 0.6 98 0.6 
7949 9 0.8 15 0.3 48 0.6 53 0.4 98 0.4 
8053 2 0.3 15 0.7 62 0.8 
8262 42 1 69 0.4 85 0.7 
8339 36 0.7 38 0 48 1 49 0.8 63 0.7 74 0 83 0.5 90 0 
8620 7 0 15 0.3 23 0.6 30 0.9 47 0 72 0 98 0 99 0.4 
8866 39 0.8 54 0 57 0.4 58 0 82 1 87 0.4 89 0.6 97 0.9 99 0.3 
8871 24 0.4 28 0 37 0.7 38 0 61 0.7 79 0 85 0.5 88 0.4 
8872 65 0 
8924 27 0.3 39 0.5 43 0.6 
9113 19 0.9 28 0.7 34 0 43 0.6 51 0.3 65 0.9 68 0 85 0 91 0.7 
9154 17 0 28 0 39 0.7 47 0.3 69 1 71 0.5 80 0 91 0.6 
9231 14 1 23 0.9 30 0 35 0.4 39 0.9 56 0.6 63 0 64 0.9 68 0 90 0.3 
9273 25 1 83 0.5 
9402 13 0 15 0 48 0 52 0.3 57 0.9 58 0.6 72 0.5 79 0 80 0.9 87 0.5 
9453 5 0.9 22 0 39 0.9 42 0.6 46 0 54 0.9 65 0.7 76 0.7 77 0 
9525 68 0.4 
9627 7 1 17 0.7 18 0.6 25 1 44 0.7 52 0.3 65 0.5 76 0.8 77 0.9 84 0.8 
9778 6 1 15 0 26 0.8 32 0.7 49 1 64 0.6 81 0.4 89 0.7 92 0.8 
9915 99 0 
