100
76 14 0.7 42 0.9 49 0.7 59 0 60 0.5 61 0.8 64 0.9 67 1 93 0.9 
178 8 0.3 55 0.5 83 0 
192 16 0.9 29 0.6 35 0 46 0.4 73 0 93 1 
193 22 0 68 1 
576 37 0.8 
769 61 0.7 98 0.9 
973 5 1 22 0.7 23 0 35 1 50 0 67 0.9 77 0.6 82 0 88 0.3 
997 12 0.6 14 0.9 
1027 0 0.5 6 0 
1162 9 0.5 20 0 28 0.9 39 0 53 0.5 62 0.3 95 0.7 
1181 3 1 77 0.6 
1294 6 0 14 0.7 62 0.4 78 1 87 0.5 90 0.6 
1422 40 0 
1452 2 0 5 0.8 19 0 25 0.7 32 0.9 61 0 64 0 82 0.7 
1455 33 0.9 39 0.5 50 0 53 0.4 78 0.6 97 0.7 
1731 14 0.5 57 0.3 88 1 
1912 7 0.6 14 0.5 38 0 39 0.3 67 1 70 0 71 0.9 72 0.3 88 0.6 98 0 
2041 3 0.3 23 0.5 32 0.9 63 0.4 70 0 
2211 15 0.5 94 0.3 
2232 33 0.9 42 0.7 50 0.8 60 0.7 78 0 95 0 
2295 2 0.8 15 0 56 1 89 0.8 
2345 8 0.4 26 0.9 39 0 62 0.9 75 0 83 0.5 96 0.9 98 0.7 99 0.7 
2356 65 0.8 70 0.8 
2612 55 0.9 
2675 8 0.6 22 0.3 57 0.5 59 0 73 0.8 95 0 
2718 46 0.3 92 0.5 
2814 13 0 38 0.6 39 0 47 0.4 69 0.9 75 0.3 91 0.9 
2948 19 0.6 45 0.9 48 0 54 0.8 61 0.3 72 0.3 79 0.8 
3077 6 0.7 
3123 9 0.9 10 0 19 0.7 43 0.3 78 0.4 87 0 92 1 
3343 40 0 
3398 26 0.4 39 0.3 
3437 5 0 14 0.3 32 0 35 0.6 38 0.9 49 0.8 72 0 79 0.8 
3626 1 0.3 10 0 13 0 23 0.3 34 1 54 0.6 71 0 74 1 93 0 
3681 40 0.6 
3853 5 0.9 66 0.8 68 0 74 0 83 0 96 0.7 
3880 0 1 33 0.3 56 0.6 60 0.6 85 0 93 0 95 1 
3944 41 0 50 0 51 0.3 82 0.9 94 1 
3952 6 0.9 11 0 26 0 27 0 66 0 74 1 80 0.8 92 0.5 97 0.8 99 0.9 
3984 50 0.5 
4061 7 0 30 0.6 31 0.9 82 0 89 0 95 0.6 
4257 17 0 19 0 54 0.8 69 0 85 0.6 
4367 17 0.8 37 0.4 47 0.9 51 0.6 68 0.7 72 0.6 85 0.6 89 0.6 
4446 4 0.4 33 0.5 47 0 53 0.8 58 0 74 0.3 77 0.5 84 1 85 0.5 
4551 2 0.5 6 0.9 13 0.9 16 0.5 36 0 41 0.9 56 0 63 0.9 72 0.9 
4729 4 0.9 26 1 35 0.6 42 0.5 66 0.6 94 0.3 98 0.7 
4768 2 0.9 6 0 54 0.3 
4920 0 0.8 5 0.6 16 0.7 26 1 30 0 36 0 66 0.8 68 0 86 0 98 0.4 
4988 13 0 19 0.6 22 0.8 39 0.5 47 0.4 80 1 81 0.6 82 0 87 0.5 98 1 
5116 11 0 27 0.9 60 0.9 78 1 81 0.9 88 0.4 93 1 96 0.4 
5267 21 0.7 41 0 90 0.9 
5342 14 0.9 22 0.3 31 0.8 44 0.9 53 1 57 0.5 58 0.8 61 0.4 66 1 83 0.9 
5517 28 0.4 38 0.7 58 0.9 60 0.5 71 0.6 89 0.8 97 0.7 
5833 16 0 25 0.6 67 0.3 72 0.4 96 0 
6078 0 0.7 5 0.6 32 0.9 95 0.3 
6137 9 0.9 22 0.9 26 0.4 28 0 50 0 68 1 80 0 82 0.8 91 0.4 93 0.6 
6158 11 0.3 55 0.7 64 1 75 0.5 90 0 91 0.3 
6251 11 0.6 47 0.3 60 0.5 
6264 8 1 33 0 40 0.3 54 0.7 73 0.4 77 0.7 78 1 80 0.7 95 0.8 
6358 7 0.5 15 0 25 0.3 44 0.9 47 0 48 0 57 0 94 1 
6376 90 0 
6399 14 0.4 43 0.5 50 0 91 0.4 99 0.4 
6536 26 0.5 55 0.9 
6631 3 0.5 37 0.7 45 0.7 83 0.3 97 0.8 98 0.7 
6686 2 0 7 0.7 13 0.9 21 0.6 54 0 67 0.5 70 1 79 0.4 80 0 91 0 
6743 27 0.5 40 0.5 42 0.5 49 0.3 79 0.5 89 0.7 90 0.9 
6772 33 0.5 43 1 70 0 85 0.9 
6794 53 0.8 
6821 3 0 25 0 26 0.8 45 0.9 49 0 58 0.8 68 0.3 89 0 
6962 4 0.3 18 0.5 24 0.9 41 0.5 76 0 
7124 3 0 22 1 26 0.3 43 0.4 54 0.5 63 0.6 67 0.9 91 1 95 0 
7224 11 0.6 46 0.5 
7270 1 0 7 0.7 21 0 41 0.3 61 0 65 0.6 74 0 94 1 
7516 11 0 40 0 62 0.3 
7598 13 0.8 23 0.3 37 0.3 50 0.4 75 0.8 84 1 87 0.4 
7620 8 0.7 22 0.7 36 0.7 45 0.8 80 0.8 86 0.6 93 0.6 
7648 31 0.4 40 0.7 43 0.6 61 0.8 78 0 
7668 19 0 34 0 46 0.4 47 0.7 74 0 83 0 94 0 
7685 65 0.6 
7789 5 0.8 26 1 42 0.6 43 0.7 60 0.7 89 0.8 
7885 5 0.8 9 0.4 10 1 39 0 52 0.7 
7923 8 0.6 22 1 37 0.9 62 0.8 
7949 9 0 15 0 48 0.9 53 0.3 98 0 
7993 8 0.7 26 0.8 29 0 70 0.3 75 0.5 78 0.4 92 0.6 
8027 2 0.4 25 0 26 0.3 52 0 53 1 54 0 70 0.8 
8140 3 0.5 9 0.5 78 0.4 
8181 29 0.8 38 0 73 0.9 86 1 
8201 26 0.9 32 0.5 41 0.7 47 0.4 67 1 86 0 96 0.3 
8604 67 0 70 0.7 73 0 85 0 86 0.7 91 0 99 0 
8664 25 0.8 28 0 32 0.8 43 0.6 50 0.8 81 0.3 84 0.6 92 0.3 95 0.6 96 0 
8727 7 0 15 0.8 27 0.7 29 0.3 57 0.7 81 0 97 1 
8821 25 0.7 54 0.6 75 0.3 
8941 43 1 46 0.9 50 0 55 0.9 60 0 62 0.4 70 0 82 1 
8976 7 0.3 22 0 86 0 
9047 3 0 6 0.5 9 0.6 23 0.3 25 0.7 28 0 31 0 78 0.8 83 0 
9152 30 0.6 42 0.5 
9208 4 0 11 0 21 0.3 29 0.7 46 0 65 1 77 0.7 83 0.5 
9562 75 0.8 
9587 37 0.9 
9868 27 0.4 33 0 49 0 51 0.8 73 0.5 82 0.5 87 0.7 98 1 
