100
25 6 0.6 36 0.6 47 0.3 56 0.7 61 0.5 68 0.8 99 0.5 
83 5 0.8 8 0.5 13 0 21 0.8 37 0.5 42 0 55 0 60 0.6 85 1 
110 21 0 22 0.4 35 0.8 91 1 
123 20 0.8 
444 23 0.6 31 0.3 43 0.6 73 0 97 0.6 
495 1 0 25 0 50 0 52 0 77 0 
517 2 0 6 0 18 0 19 0.7 34 0.8 46 0.4 77 0 86 0.5 98 0.8 99 0.6 
536 32 1 42 0.9 67 0.8 90 0 
557 50 0.4 86 0.4 
595 39 0 60 0 83 0.4 
628 11 0.9 45 0.4 61 0 65 0 
633 29 0.7 86 0.8 
643 21 0.4 79 0.3 
662 16 0.5 54 0.3 
726 19 0.9 48 1 95 0.5 
876 0 0.3 2 0 10 0.8 31 0.5 40 0 51 0.5 65 0.7 71 0.5 83 1 
917 9 0.6 15 1 37 0.5 42 0.8 84 0 97 1 
1011 1 0.9 4 0.3 28 0 31 0.4 78 0.3 93 0 
1197 11 0 19 0 40 0.7 41 0.9 68 0.9 80 0.8 94 0 99 0.3 
1267 0 0.7 18 0.6 29 1 34 0.9 57 0 63 0.9 88 0 
1405 94 0.3 
1475 16 0.8 26 0 27 0.6 34 0.5 46 0.7 57 0.5 59 0 62 0 81 0 
1529 39 1 88 0.5 
1561 32 0.9 82 0.8 96 0 97 0.4 
1612 22 0.8 24 0.3 28 0 30 0.8 56 0.6 87 0.3 89 0.6 97 0.3 
1631 19 0 75 0 76 0.7 
1639 0 0 5 0.9 15 0 16 0.7 26 0.9 57 0.9 58 0.7 90 0.3 
1653 13 0 17 0.7 33 0.9 45 0 48 0 67 0 72 0.6 79 0.7 85 0 91 0.3 
1770 4 0.3 8 0.5 28 1 74 0.4 75 0 83 0 
1919 3 1 19 0.9 26 0 40 0 45 0 60 0.6 61 0.7 
2221 8 0.5 49 0.8 52 0.3 65 0 93 0 97 0.3 98 0.9 
2275 0 0 20 1 43 0 55 0.4 67 0.3 98 0.4 
2329 9 0.3 14 0.9 33 0.4 46 0.5 96 0.6 98 0.6 
2493 3 1 4 0.5 8 0.7 11 0.7 17 0 38 0 39 0 47 0.3 79 1 84 0.6 
2743 0 0.9 10 0 15 0.7 17 0.9 27 0.9 33 0 40 1 56 0.9 83 0 98 0.6 
2815 13 0.5 17 0.8 69 0 98 0.5 
2867 7 0.9 18 0 31 0 81 0.3 97 0.7 
2868 10 0.9 20 0 71 0 81 0.8 94 0.3 96 1 
2872 20 0 26 0.3 75 1 95 0 
2885 43 0.6 82 0 
2946 12 0 61 0 63 0 86 0.3 
3133 12 0.4 46 0.9 89 0 96 0.6 
3273 13 0.5 22 0.3 96 0 
3318 12 0.5 55 0 56 0.5 57 0.7 66 0.6 82 0.3 90 0 
3490 37 0 71 0.5 
3520 1 0.4 6 1 
3698 20 0.5 26 0 61 0 86 0 87 0.5 94 0.4 
3713 78 0.3 
3806 18 0 40 0.8 87 0 88 1 90 0.6 94 0 
3847 3 0 10 0 26 0 27 0.5 29 0.9 36 0 49 0 51 0 77 0.6 83 1 
3883 30 0.5 48 0.4 73 0.5 81 0.5 
4084 85 0.9 89 0.3 94 1 
4219 22 0.6 28 0.9 29 0.5 63 0 
4428 6 0.3 21 0.7 49 0.5 62 0 69 1 75 0.9 
4445 13 0 25 0.6 28 0.9 37 1 39 0.6 47 0 49 0.7 57 0 72 0 93 0.6 
4731 10 0 37 0.3 56 0 63 0.3 
4801 0 0.6 9 0.6 34 0 38 0.3 39 0.9 59 0.6 65 0 97 0 
5140 27 0.3 42 0.4 45 0.6 52 0.8 
5176 8 0 61 0.4 
5229 39 0.5 49 0.4 51 0 
5794 49 0.4 
5811 5 0.9 19 0.8 36 0 59 1 60 0 64 0.7 89 0.5 95 0.4 
5859 18 0.9 37 0.4 49 0 69 1 
5975 4 0 17 0 28 0 61 0 84 0 
6064 8 0 9 0.6 34 0.7 77 0.9 79 0.8 
6085 6 0 27 0.9 31 0.6 57 0.4 65 0 92 0.6 
6176 13 0.3 34 0.9 68 0.8 81 0 84 0.9 
6378 4 0.9 
6547 5 0.5 20 0.8 49 0.7 51 1 61 0.4 96 0.5 99 0 
6649 4 0 8 0.3 31 0.5 39 0 67 0.7 92 0 95 0.5 
6697 0 0 8 0.6 25 0.6 38 0 58 0.7 92 0 98 0.4 
6878 29 0.3 45 0 49 0.9 68 0 89 0 
7045 23 0.9 45 1 46 0 51 0 64 0.4 70 0.5 74 0.7 
7073 13 0.7 57 0.7 78 0.3 96 0.7 
7263 2 0 21 0.4 25 0.4 29 0.5 47 0.8 66 0 76 0 98 1 
7497 5 0 18 0.4 38 0.8 40 0.4 45 1 65 0.9 
7643 8 0.8 27 0.7 34 0.3 49 0 65 1 66 0.4 69 0.6 70 0.7 76 0.9 78 0.4 
7650 7 0.4 21 0.7 24 0.9 37 0.5 43 0 44 0 83 0.6 96 0.6 99 0.4 
7766 21 0.9 60 1 61 0.4 71 0 86 0.5 
7776 1 1 10 0.3 30 0.7 35 0.5 41 0 62 0.4 63 0.8 66 0 67 0.9 93 0.4 
7906 32 0.5 
8014 0 0.7 4 0.3 38 1 56 0.8 77 0 81 0.6 90 0 91 0.6 
8047 56 0.5 61 0.3 70 1 73 0 84 0.4 93 0 
8158 4 0.7 10 0.7 12 1 22 0.6 24 0.9 37 0 81 0 98 0.5 
8160 24 0.8 39 0.4 83 0.9 84 0.8 86 0.9 
8224 9 0 21 0 31 0 46 0.6 51 0.9 96 0 
8437 26 0.5 27 0.6 52 0.5 60 0.6 86 0.3 91 0.6 
8532 8 0.9 53 0.6 86 1 91 1 
8869 61 0 71 0.5 77 0 
9006 16 0.3 21 0.7 24 0.3 
9008 16 0.6 52 0.8 97 0.5 
9051 0 0.4 30 0 45 0.3 65 0 70 0 75 0.3 95 0.5 
9105 13 0.6 16 0.6 37 0.4 43 0.6 48 0.3 54 1 68 0 84 0.3 96 0.9 
9139 6 0.3 14 0 22 0.6 49 0.4 52 0.9 60 0 62 0.6 67 0.8 90 0.9 92 0.3 
9287 0 0 2 0.7 52 1 56 0.7 58 0 61 0 86 0 93 0 
9430 11 0.5 43 0.5 46 0.5 49 0.4 59 0.9 65 0.5 74 0.7 81 0.3 
9466 1 0.7 17 0.4 49 0.7 56 0.7 83 0 88 0 96 0 97 0.9 99 0.5 
9494 7 0.9 20 0 41 0.8 51 0 68 0 
9797 8 0.7 9 0.8 21 0.8 24 0 40 0.4 70 0.5 79 0 
9856 15 0.5 35 0.9 53 0.8 
