100
26 10 0 23 0.4 44 0 70 0 86 1 98 0 
99 3 0 29 0.5 30 0 52 0.9 56 0 63 0.4 72 0.9 77 0.9 98 0 
334 39 0.5 
496 4 0.8 43 0 45 0.7 48 0 
607 8 0.3 15 0.3 31 0.9 40 0.3 68 0.9 89 0.9 90 0.6 92 0.7 93 0.4 98 0 
702 25 0.3 32 0.5 83 0.9 99 0 
717 5 0.5 17 0.9 41 0.8 53 0.5 57 0.6 81 0.7 82 0.3 
756 17 0.7 27 0.3 50 0 68 0.5 
767 10 0.9 38 0.7 
836 32 0.4 
866 22 0.4 30 0.5 40 0.6 44 0.7 59 0.4 65 0 70 0.3 73 0.6 
880 4 0 5 0.9 49 0 54 0 59 0.9 68 0.7 77 0.9 88 0 
957 3 0.6 49 0.4 50 0 82 0.9 86 0 
1271 31 0.7 32 0.5 80 0 98 0.7 
1475 16 0.8 26 0.8 27 0 34 0.7 46 0 57 0 59 0.8 62 0 81 0 
1579 0 0 2 0.8 4 0.3 46 1 
1708 45 0.3 52 0.7 73 0.5 
1780 6 0.3 
1889 80 0.4 
1970 42 0.3 58 0.4 66 0.4 75 0.9 
2111 7 1 32 0.4 55 0.3 57 0.8 62 0.8 73 0.8 
2256 3 0.4 12 0 15 1 19 0.5 24 0.3 26 0.9 32 0.9 46 0.9 60 0.6 81 0.7 
2325 19 0.9 26 0.5 38 0.5 60 0.8 72 0 80 0.8 83 0.6 88 0.7 96 0.7 
2339 55 0.3 
2436 30 0.8 36 0.4 41 0.9 42 0.6 63 0.4 76 0.7 79 0 
2460 22 0.9 28 0.3 38 0.8 41 0 45 0.6 48 0.6 81 0.3 97 0 98 0 99 0 
2509 11 0.5 15 0.6 31 0.5 52 0.4 96 0.5 98 0 
2513 2 0.4 19 0.3 21 0.9 42 1 59 0.4 76 0.3 89 0.5 
2571 23 0 25 0.6 33 0 45 0.7 54 1 65 0 66 0.4 75 0.9 88 0.4 
2728 22 0.4 24 0.7 32 0.3 36 0 50 0.4 67 0 73 0.9 76 0.9 81 0 
2734 15 0 17 0.8 19 0.7 51 0.5 52 0 70 0.4 84 0.8 
2769 11 0.4 17 1 24 0 25 0 42 0 69 0.5 74 0.3 91 0 
2826 8 1 12 0 29 0 31 0.9 74 0.6 99 0.8 
2965 12 0 16 0 31 0.6 44 1 47 0.3 62 0.5 
3123 9 0.9 10 0.5 19 0.3 43 0 78 0.5 87 0.4 92 1 
3137 73 0.4 
3155 13 0.6 28 0 42 0 44 0 55 0.7 71 0.6 76 0.4 80 0.5 83 0 96 1 
3275 1 0 31 0.4 
3527 18 0.6 
3537 14 0 15 0.6 17 0 24 0 40 0.9 93 1 
4102 6 0.5 15 0.3 18 0 64 0.8 
4112 15 0.7 18 0.4 23 0 40 0.6 54 0.7 69 0.4 76 0 78 0 
4213 4 0 27 0.7 36 0.3 53 0.4 58 0.6 93 0.9 
4336 6 0.7 28 0 31 1 54 1 64 0.3 67 0.5 89 0.6 92 0 
4363 29 0.3 34 0.7 51 0.8 87 0 88 0.5 
4487 7 0.9 19 0.9 28 0 35 0.5 36 0 40 1 47 0.6 50 0.5 56 0.3 71 1 
4663 26 0 
4727 53 0.8 
4846 62 0.5 
5231 22 0 38 0.7 39 0.6 47 0.5 48 0 91 0.4 96 0.9 
5296 7 0.6 17 0.7 29 0 96 0.8 98 0.6 
5313 14 0.3 74 0 
5332 4 0.7 24 0.5 27 0 28 0.3 
5352 36 0.4 55 0.5 68 0.9 73 0.3 75 0 93 0.5 
5362 12 0.7 23 0 25 0.9 35 0.5 40 0.3 44 0 46 0 82 0 94 0.5 
5473 9 0.8 39 0.5 80 0.7 90 1 
5475 30 0.3 94 0 
5614 1 0 4 0 23 0.7 88 0.6 
5738 3 1 5 0.5 24 0.3 46 0.9 48 1 52 0.4 56 0.5 66 0.8 86 0.7 89 0 
5913 69 0.4 
5924 16 0.6 23 0.6 34 0 36 0.7 40 0.3 52 0.5 61 0.4 68 0.9 93 0.5 
5926 32 0.5 34 0.6 84 0 
5974 34 0 36 0 59 0.4 91 0 
6459 15 0.5 22 0.8 48 0 51 0 53 0.4 55 0 64 0.5 81 0.5 
6586 54 0 62 0.6 
6881 10 1 11 1 24 0.8 73 0.9 74 0.4 95 0.9 
7211 23 0.7 51 0 
7216 17 0.8 62 0.3 
7220 18 0 19 0.7 27 0.5 30 0 47 0.7 51 0.4 68 0.5 84 0 86 0.3 
7266 13 1 18 0.5 20 0.7 34 0.6 72 0.3 75 0.8 88 0.8 
7482 8 0.6 48 1 66 0.3 98 0.8 
7515 11 0.5 12 0.4 41 0.6 47 0.9 50 0 56 0.3 63 0.7 85 0.5 97 0.3 
7607 46 0.9 59 0.7 65 1 96 0 
7623 8 0.3 28 0.8 33 0.3 42 0 57 0.6 80 0.3 
7637 30 0.8 
7686 31 1 
7694 41 0.6 67 0.3 83 0 95 0.7 
7863 3 0.9 5 0.7 18 0 22 0.7 39 0 40 0 50 0.9 57 0.6 61 0.6 72 0.6 
8011 48 0.9 70 0.7 76 0.4 
8024 20 0.9 35 0 37 0.8 42 1 52 0 57 0.6 80 0.7 
8073 24 0.4 37 0.8 38 0.6 44 0.7 70 0.6 87 0 
8095 2 0.9 10 0 19 0 39 0.8 45 0.5 51 0.8 73 0.6 79 0.4 87 0.9 
8176 8 0 20 0 24 0.7 60 0 74 0 78 0.6 89 0 92 0.3 95 0 
8220 0 0 45 0.6 66 0.3 
8250 46 0.4 
8270 36 1 37 0.4 45 0.4 54 0 64 1 69 0.7 94 0.5 97 0.9 
8695 9 0 19 0 21 0.9 26 0.3 38 0.6 53 0 56 0.7 68 1 81 0 85 0.8 
8824 4 0.7 30 0 55 0 68 0.5 74 0.3 
9116 11 0 22 0.4 29 0 35 0.8 36 0.9 65 0.7 82 0.8 88 0 97 1 
9135 26 0.8 59 0.6 
9143 4 0.8 40 0.8 44 0.5 50 0.9 51 0.3 72 0 76 0.3 79 0 82 0.4 94 0 
9209 64 0.6 83 0.5 
9389 0 0.4 37 0.3 41 0.8 58 0.4 63 0.4 69 0.7 84 1 
9430 11 0 43 0 46 0.8 49 0 59 0.4 65 0 74 0.3 81 0.4 
9467 35 0 78 1 94 0 
9600 33 0.7 37 0.8 46 0.8 50 0 55 0.9 60 0.3 62 0.9 
9724 0 0.4 2 0.4 17 0 27 0 38 0.9 63 0 80 0.6 86 0.6 97 0.3 
9796 32 0.8 34 0.8 81 0.8 91 0.9 
9825 0 0.7 3 0.9 22 0.8 67 0.4 75 0.6 82 0.3 86 0 
9888 11 0.9 14 0 28 0 37 0.6 41 1 51 1 58 0 91 0 
