100
186 44 0.8 85 1 
252 3 0.4 28 0.3 32 0.4 51 0 59 0.6 62 1 82 0.9 
307 29 0.5 57 0.6 
325 0 0.4 7 1 48 0 68 0 75 0 
331 18 0 21 0.9 28 0.8 52 0.6 57 0.3 61 0 84 0 95 0.6 
347 10 0 29 0.8 41 0 47 0.6 67 0 79 0.8 85 0.5 93 0.8 95 0.9 
576 37 0 
603 1 1 96 0 
662 16 0.9 54 0.3 
693 59 0 
706 14 0.6 20 0.7 67 0.7 70 0.4 73 1 74 0.6 79 0.8 92 0.6 
721 4 0.4 8 0.4 20 0.7 37 0 48 0.7 64 0.9 73 0.5 95 0.9 96 0.7 
828 0 0.4 7 0.5 24 0 31 0.7 34 0 51 0 68 0.6 78 0 86 0.8 92 0.9 
940 40 0.4 90 0 94 0.7 
1079 4 0 15 0 22 0.3 33 1 59 0.4 94 0.3 
1098 18 0 21 0 63 0.7 94 0.7 
1249 50 0.7 52 0.6 
1252 6 0 90 0.3 
1500 0 0.8 23 1 26 0.8 42 0.5 58 0.9 66 0.4 68 0.4 77 0.4 79 0.6 
1567 1 0 23 1 30 0 64 1 70 0.5 81 0.9 90 0 97 0.8 
1657 8 0.5 9 0.3 20 1 34 0 50 0.7 79 1 85 0 87 0.6 
1705 12 0.4 55 0.5 
1761 43 0 58 0.4 83 0.8 93 0.8 
1839 12 0.6 62 0 64 0 
1932 67 0.4 
1945 17 0 42 0.3 55 1 59 0.6 68 0 80 0.3 81 0.5 95 0.8 
1965 20 0.3 32 1 61 0.3 81 0 93 0.9 
1998 15 0.8 
2058 3 0.6 9 0 14 0.3 15 0 18 0.5 24 0.4 26 0.3 34 0.8 48 0.7 58 0 
2293 34 0 37 0 44 0.5 64 0.4 70 0.9 98 0 
2325 19 0.5 26 0 38 0.6 60 0.8 72 0 80 0.8 83 0.5 88 0.4 96 0.8 
2383 6 0.7 23 0.9 33 0.4 38 0 43 0.7 77 0 81 0 89 0.3 90 0.6 
2403 16 0.8 
2412 47 0.6 77 0.6 87 0.4 
2628 3 0 5 0.3 34 0.8 46 0 65 0.3 77 0.9 86 0 87 0.8 99 0 
2707 82 0.6 
2749 10 0.6 60 0.5 68 0.3 
2811 2 0.7 5 0.3 14 0.4 19 0.3 34 0.5 55 0.3 56 0 79 0.3 85 0.3 99 0.3 
2890 14 0.5 28 0.6 30 0.8 40 1 72 0.3 88 1 
2892 13 0.7 23 0.4 30 1 43 0.9 77 0.9 88 0.7 
2928 21 0.9 45 0.3 53 0.9 57 0.8 60 0.8 72 0.5 86 0.7 92 0.7 93 0.5 97 0.6 
2969 5 1 21 0 
3042 5 0.6 30 0.7 31 0.8 37 0.5 52 0.6 62 1 69 0.9 78 0.4 92 0 96 0 
3144 1 0 28 0.8 32 0 39 0.6 41 0.4 58 1 82 0.8 84 0 86 0 97 0 
3361 4 0 11 0.7 15 0 35 0.7 64 0.5 
3456 2 0.4 45 0.9 96 1 
3877 9 0 16 0 23 0.7 34 0.8 50 0.7 51 0.4 59 0.7 63 1 98 0.6 
3879 7 0.7 22 0.9 63 0.8 75 0.6 83 0.5 84 0.4 97 0 
3891 22 0.4 27 0.6 46 1 49 0.6 63 0.3 
4067 11 0 17 0.3 56 0.3 59 0 71 0.8 72 0 85 0 93 0 99 0.6 
4624 27 0 28 0.8 66 0.4 69 0.9 86 0.7 87 0 90 0.9 
4741 31 0.9 44 0 56 0.8 
4884 23 0 46 0.3 54 1 61 0 63 0.6 71 0.3 75 0 90 0.3 
4989 1 0.8 5 0.6 20 0.8 23 0.4 37 0.6 77 0.4 82 0.6 84 0.9 86 1 92 0.8 
4995 13 0.6 23 0.4 57 1 59 0.8 61 0.3 71 0.3 92 0.3 95 0.9 99 0.8 
5045 4 0 14 0.9 23 0.6 25 1 45 0.4 63 0.6 70 0 87 0.7 
5151 32 0.6 75 0.3 86 0.5 
5243 45 0.3 69 0.3 
5605 6 0.7 8 0.6 44 0.9 87 0.8 88 0 89 0.8 
5660 11 0.3 28 0.5 
5708 20 0 
5728 7 0.4 23 0 
5803 0 0.6 6 0 10 0 44 0 50 0.7 57 0.3 58 0.4 60 0.4 63 0.6 92 0 
5839 12 0.5 25 1 86 0 92 0 
5933 36 0.4 50 0.3 87 0.7 89 0.8 
5967 0 0.3 1 0 17 0.3 21 0.3 24 0.6 50 0 90 0.6 93 0.8 94 0.7 95 0 
5979 9 0 56 0 76 0 
6578 10 0.9 18 0.6 25 0.9 31 1 37 0.6 39 1 41 0.5 80 0 
6679 9 0.9 20 0.4 58 0.3 70 0.4 
6776 24 0.9 28 0 48 0.6 53 0.8 87 0 89 0.7 
6777 22 0 57 0 63 0.9 67 0.6 71 0 91 0 98 0.5 
6851 11 0 28 0.6 66 0.7 67 1 70 0.5 94 0 
7034 3 1 9 0 17 0.7 52 0 61 0.7 70 0.8 73 0.4 83 0.5 
7090 1 0.7 9 0.6 81 0.6 
7120 8 0 40 0.6 45 0.9 62 0.9 93 0 
7143 12 1 19 0.4 41 0 
7159 1 0.9 6 0.8 11 0.6 16 0 18 0.4 22 0.9 80 0.5 82 0 90 0.8 99 0.7 
7267 73 0 98 0 
7276 89 0 
7278 7 1 24 0.5 37 0.9 38 0 54 1 56 0 59 0 87 0.6 88 0 92 0.4 
7331 89 0.6 
7608 18 0.9 46 0.3 58 0.3 88 0.3 
7726 0 0.8 24 0 
7816 4 0.8 16 1 20 0 30 0.8 38 0.5 59 1 64 0.9 
7830 36 0.7 
7909 23 0.8 33 1 36 0 62 0.5 72 0.4 
7955 20 0 30 0.6 39 1 81 0 99 0.3 
8243 20 0.7 44 0 51 0.9 80 0 97 0.6 98 0.6 
8248 23 0.5 25 0.5 33 1 38 0.4 39 0.3 52 0.6 61 0.8 62 0.6 68 0 69 0.6 
8376 4 0.5 7 0.3 17 0 27 0 28 0 30 0.4 61 0.6 82 0.4 
8494 24 0 27 0.5 57 1 62 0.8 
8500 9 0.4 11 0 58 0.8 59 0.8 60 0.5 62 0.9 93 1 
8537 35 0 98 0 
8608 1 0.6 38 0.4 
8697 1 1 2 0.8 11 0.5 16 0.9 21 0 27 0.6 50 0.6 63 0.9 69 0.3 89 0.7 
9124 39 0.8 40 0.7 50 0.9 62 0.8 68 0.6 69 0 77 0.7 81 0 94 0 99 0.9 
9543 36 0.9 41 0.4 77 0.5 
9600 33 0.8 37 0.3 46 0.6 50 0.8 55 0 60 0.6 62 0.8 
9868 27 0.5 33 0.8 49 0.6 51 0 73 0.9 82 0.7 87 0.6 98 0.6 
9991 9 0.9 12 0.6 13 0.3 34 0 57 0.6 69 0 74 0.8 89 0.9 94 0.5 
