100
52 22 0.4 45 0.3 56 1 
96 0 0.6 2 0.9 37 0.7 53 1 68 0.5 
199 8 0 12 0.8 21 0.4 30 0.5 41 0 60 0.6 61 0.5 87 0.6 95 0 
497 24 0.7 32 0.7 55 0.4 59 0.3 69 0 76 0 77 0.6 84 0.9 99 0.8 
526 0 0.5 11 1 18 0.9 32 0 50 0.8 54 0.7 74 0.8 92 0.3 93 0.5 96 0 
589 1 0 18 0.3 28 0 30 0 35 0.3 44 1 49 0 97 0 
868 27 0 
963 5 0.6 17 0.4 20 0.3 40 0 46 0.5 60 0.8 73 0.9 
969 10 0.5 22 0.3 60 0 78 0.9 
980 0 0.3 20 0 57 0.8 58 0.7 69 0 78 0.9 94 0.7 98 0.9 
1015 13 0.9 
1086 10 0 21 0 24 0 31 0 34 0.6 38 0.3 41 0.7 57 0 71 0.4 79 0.4 
1100 7 1 42 0 50 1 54 0.3 79 0.8 84 0.6 99 0.4 
1193 4 0.8 6 0.9 18 0 75 0.6 88 0 89 0.9 97 0 99 0.3 
1400 17 0 47 0 71 1 
1477 30 0.5 41 0 43 0.5 52 0 57 0.7 
1543 21 0 30 0.7 42 0.4 55 0 57 0 93 0.8 95 0.4 
1586 12 0.3 15 0.8 18 0.6 24 0.6 50 0.6 87 0 88 0.5 
1611 27 0 85 0 
1947 5 0 6 0 7 0.8 22 0.5 45 0.3 56 0 81 0.3 84 0.4 93 1 99 0.5 
2015 14 0 35 0.3 97 0.6 
2049 25 0.7 34 0.4 
2074 3 0.6 8 0 21 0.8 28 0 29 0.4 36 0 59 0.5 74 1 83 0.7 
2142 24 0.4 60 0 89 0 
2153 1 0 12 0.7 24 1 35 0 38 0.4 54 0.9 75 0.6 91 0.8 
2282 51 0.8 
2378 81 0.5 
2413 8 0 27 0.7 76 0 
2590 0 0.5 6 0.9 23 0.3 26 1 37 0.7 61 0.5 69 1 
2826 8 0.5 12 0.8 29 0 31 0.5 74 0.4 99 0 
2888 18 0.7 28 0.9 37 0.3 75 0.8 80 0 82 0.3 89 0.9 
2926 31 0.6 34 0.9 40 0.6 66 0 68 0 
3283 46 0 78 0 
3362 6 0.5 15 1 31 0 
3421 3 0.3 4 0 16 1 46 0.5 57 0.5 67 0 80 0.3 87 0.9 88 0.8 94 0 
3673 17 0.5 20 0.9 28 0 43 0.4 49 0.4 53 0.3 64 0.3 74 0.3 83 0.7 85 0 
3701 7 0.7 10 0 22 0.5 72 0.7 75 0.8 
3962 74 0.7 
3994 28 1 42 0.6 45 0.3 81 1 95 0.9 
4034 27 0.6 98 0.4 
4041 18 0.7 
4502 12 0.4 33 0.4 41 0 83 0.7 95 0.3 
4571 24 1 28 0.4 37 0.6 43 0.8 44 0 55 0.8 65 0.8 81 0.7 91 0 
4772 17 0.4 37 0 38 0.3 57 0 
4799 42 0.5 51 0 73 0.5 78 0.7 
5393 13 0 31 0.4 41 1 53 0.8 64 0.4 88 0.7 
5700 9 0.3 56 1 66 0 67 0.6 73 0.4 78 0.7 
5848 2 0.6 21 1 38 0.9 46 0.5 51 0.9 62 0 76 0.6 81 0 85 0.6 90 0 
6013 19 1 46 0 54 0.6 74 0.3 96 0 97 0.4 
6227 15 0 22 0 34 1 45 0.6 50 0 55 0.8 56 0.6 73 0.6 94 0 
6245 7 0 25 0 30 0 41 1 51 0.8 58 1 75 0 84 0.7 91 0 94 0.8 
6255 4 0.5 26 0 65 0.4 96 0 
6269 6 0.3 23 0.7 32 0 40 0.5 61 0.9 72 1 88 0.6 93 1 97 0.3 
6280 25 0 
6335 38 0.9 48 0.8 54 0.6 59 0.3 62 1 64 0.4 80 0.5 83 0.7 87 0.6 88 0.5 
6387 0 1 30 0.4 98 0.6 
6473 0 0 15 0 34 0.3 53 1 84 1 93 1 99 0.6 
6494 46 1 50 1 58 0.4 66 0.7 93 0.8 
6508 31 0 63 0.3 78 0.4 96 0 
6545 9 0.8 13 0 17 0.3 54 0.5 63 0 70 0 87 0 
6573 10 0.7 22 0.8 35 0.4 52 0.9 67 0 68 0.3 87 0 99 0.8 
6782 16 0 22 0.8 24 0 30 0 31 0 33 0.6 49 0.5 63 0 69 0.9 83 0 
6865 58 0.7 70 0.6 
6897 5 0.4 25 0.5 27 1 35 0.3 52 0 63 0.6 70 0 
7002 3 0.8 13 0.6 29 0.3 58 0.5 68 0.6 91 0.5 97 0.5 
7028 7 0.9 14 0 27 0.7 30 0.6 67 0.4 72 0.9 74 0 87 0.6 90 0.5 
7076 36 0.5 41 0.9 44 0.4 50 0 56 0.9 79 0 85 0.6 95 0.6 
7119 29 0.3 35 0.7 38 0.3 61 0.7 
7125 60 0.3 61 0 79 0.8 
7157 45 0 95 1 
7166 13 0.7 48 0.3 52 0 67 0.3 82 0.8 
7174 2 0.9 13 0.8 16 1 28 0.3 38 0 40 0.3 76 0.3 90 0.4 96 0 97 0.8 
7276 89 0 
7391 54 0 71 0.3 81 0.5 90 0.5 96 0 
7421 36 0.4 57 0.5 70 0 
7443 8 1 27 0 65 0 
7493 0 0 5 0.4 7 1 29 0.6 30 0 33 0.8 86 0 92 0 98 0.3 
7741 10 0.5 45 0.4 61 0.4 92 0.5 
7803 7 0.7 55 0.5 69 0.5 88 0 90 0 95 0.8 96 0 
8009 1 0.6 16 0.8 34 0.8 35 0.5 70 0.4 72 0.7 99 0 
8017 9 1 36 0 70 0.3 79 1 91 0.6 
8213 9 0 20 0.5 23 0 33 0.4 35 0 39 0.8 57 0.4 60 0.8 95 0.6 
8342 18 0 24 0.9 37 0.7 39 0.3 59 0.7 76 0 81 0.8 
8476 6 1 10 0 20 0.5 21 0 22 0.6 33 0 60 0.3 71 0.8 81 0 86 0.5 
8491 7 0.5 17 0.9 27 0.7 48 0.8 72 0.3 87 0 88 0.5 99 1 
8605 15 0.9 33 0.7 59 1 61 0 
8625 5 1 21 0.5 39 0 59 0.6 
8931 20 0.7 35 0.9 77 1 
9058 6 0.6 16 0.6 19 0.6 36 1 50 0.5 57 1 59 0.9 67 0 99 0.3 
9105 13 0 16 0 37 0.4 43 0.4 48 0.8 54 1 68 1 84 0.9 96 0.7 
9121 34 0 63 0.9 
9317 60 0.5 62 0.9 68 0.4 97 0.5 99 0 
9354 24 0.8 42 0 58 0.4 
9418 11 0.5 
9474 4 0.3 26 0.6 36 0 51 1 89 0.8 94 0.5 
9498 1 0 24 0.3 30 0.3 38 0.8 39 0 45 0.4 66 0.4 67 0 76 0.8 
9629 14 1 26 0.3 35 0 42 0.8 45 1 61 0.3 
9707 14 0 36 0 
9809 12 0.4 15 0 55 0.7 69 0.7 87 1 
9829 59 0.7 61 0 84 0.6 86 0 
