100
35 0 0.6 6 0.9 16 0.4 20 0.4 52 0.8 53 0 59 1 73 0.7 93 0 
63 0 0 8 1 17 0 20 0.8 49 0.4 73 0.5 95 0 97 0.9 
83 5 0.4 8 0.8 13 0.9 21 1 37 0.8 42 0.6 55 0.4 60 0 85 1 
143 0 0.5 5 0 12 0 51 0 59 0.8 64 0 79 0.9 92 0.9 98 0 
183 4 0 28 0.9 29 0.9 30 0.8 45 0.7 61 0 74 0 77 0 80 0.8 91 0.5 
189 4 0.9 89 0 
249 17 1 26 0 47 0.6 54 0.9 55 0.3 70 1 76 0.5 79 0.7 
332 74 0 
378 74 0 85 0.5 88 0.7 90 1 
520 15 0.9 35 0.3 50 0.9 
537 18 0 31 1 51 0.4 84 0.7 
561 6 0 7 0.3 60 0 65 0.3 77 0.4 95 0.5 
813 15 0.3 
946 23 0.3 32 0 35 0.5 40 0.7 61 0.5 65 0.5 75 0.4 88 0.5 89 0 
951 16 0.6 30 0.7 31 0.5 50 0 57 0.3 
983 6 0 13 1 18 0 31 0.9 55 0.6 
1116 3 0.7 16 0.8 22 0.7 41 0 71 0 88 0.9 
1121 0 0.7 21 0.8 70 1 74 0 
1140 16 0.8 23 0.6 26 0 32 1 44 0.6 66 0 73 0.5 75 0.7 85 0 
1290 0 0 86 1 
1477 30 0 41 0 43 0.5 52 0.4 57 0.6 
1647 27 0.8 29 0 45 0.6 
1885 27 0.3 45 0.5 84 0.6 91 0.4 
1945 17 0.5 42 1 55 0 59 0 68 0.7 80 0.7 81 0 95 0 
1960 49 0 
2201 16 0.3 20 1 38 1 41 0.4 44 0.9 56 0.3 71 0 82 0.9 87 0 
2267 29 0 51 0 
2316 9 0.5 51 0.8 72 0.5 81 0.6 86 0.6 88 0.3 99 0.5 
2475 26 0.4 43 0.6 50 0.3 62 0.8 76 0.8 99 0.7 
2640 16 0 29 0 41 0.4 72 0.3 75 0 85 0 
2724 1 0.8 14 0.3 23 0.8 39 0.5 62 0 75 0 94 0.7 
2749 10 1 60 0.8 68 0 
2753 13 0 20 0 35 0 47 0.5 52 0 56 0.5 59 0.5 61 0.9 78 0 84 0.8 
2798 4 0.5 12 0.5 13 0 19 0.9 53 0.3 60 0.5 66 0.8 94 0.5 
2813 9 0.7 12 0.6 15 0.3 31 0.4 43 0.6 57 0.5 61 0.9 77 1 97 0.5 
3150 4 0 23 0.9 49 0.5 65 0 72 0.7 75 0.4 89 0.8 98 0.9 
3211 37 0.6 
3230 25 0.4 59 1 82 0 
3324 15 0.9 35 0.4 40 0.9 41 0 42 0 49 0.8 53 1 60 0 98 0.3 99 1 
3369 23 0 38 0.9 39 0.6 45 0.6 
3620 30 0 38 0.8 66 0 
3803 2 0.9 7 0.7 67 0 71 0 73 0 80 0 84 0 85 0 94 0 97 0.8 
3816 0 0.7 5 0.3 20 0 44 0 69 0.5 78 0 95 0 96 0.3 
4035 54 0.6 55 0.8 57 0 66 0.3 
4226 11 0.6 13 0 19 0.6 47 1 82 0.4 
4235 12 1 20 1 37 1 42 0.4 48 0.4 56 0.3 66 0 74 0.8 84 0 99 0 
4383 20 0.7 39 0.7 60 0.9 79 0.9 81 0.3 86 0.8 
4415 20 0 45 0 77 0 80 0.6 89 1 92 1 
4445 13 0.7 25 0.6 28 0.8 37 1 39 0.7 47 0 49 0.6 57 0.8 72 0 93 0.6 
4465 35 0.8 44 0.6 60 0 66 0 75 0.7 86 0.7 
4470 8 0.9 10 1 32 0.5 37 0.5 43 0.9 57 1 74 0.5 86 0.7 91 0.8 
4668 2 1 68 0 98 1 
4700 9 0.6 13 1 18 0 22 0 37 0.6 64 0.9 72 0.4 73 0.7 76 0.3 
4764 4 0 64 0.5 66 0.6 
4830 14 0.3 15 0.6 27 0.9 33 0.5 41 0.8 45 0.6 54 0.9 60 0 66 0.7 99 0 
5041 13 0.4 25 1 45 0 61 0 78 0 84 0 87 0.7 99 0.5 
5076 2 0.7 11 0 39 0.9 58 0 64 0.8 83 0 90 1 
5275 16 0 19 0.7 26 0.4 27 0.8 50 0.7 58 0 59 0.6 93 0.8 
5405 0 0.8 18 1 61 0 66 0.5 73 0 77 0.4 82 0.9 
5591 18 0.8 30 0.4 39 1 46 1 53 0.3 74 0.4 83 0.9 94 0.9 
5629 39 0.7 63 0.8 
5805 24 0 41 0 43 0 62 0.6 66 0.4 
5964 2 0.7 38 0 49 0.7 59 1 
6106 5 0.3 6 0.8 8 0.7 11 0.8 16 0.9 22 1 74 0.8 91 0.8 
6286 5 0 76 1 93 0.3 95 0 96 0.3 
6334 64 0.4 88 0 
6386 0 0.4 2 0.7 3 0.3 19 0.8 45 0 56 0.8 58 0.8 69 0.7 90 1 
6397 4 0 59 0 90 0.5 
6420 64 0.3 
6443 47 0 79 0.4 92 0 
6640 7 0 
6707 48 0.8 78 0 83 1 84 0.3 87 0 89 0 90 0.4 
6711 19 0.3 32 0.6 
6897 5 0 25 0 27 0 35 0 52 0 63 0 70 0.8 
6958 0 0.6 17 0.8 25 0.4 33 1 59 0 61 0 64 0.3 85 0 
7002 3 0.9 13 0.5 29 0.8 58 1 68 0.9 91 0.4 97 0 
7249 27 0.5 55 0.3 56 0 70 0 86 0.8 91 0.7 95 0.4 
7578 30 0.3 42 1 
7620 8 0.5 22 0.3 36 0.3 45 0.9 80 0.6 86 0.5 93 0 
7626 1 0 6 0 58 0.7 59 0.5 69 0 
7670 35 0 41 0.5 42 0.3 66 1 67 0 70 0.6 
7870 3 0.5 28 0.3 91 0.3 96 0 
7891 29 0 46 0 49 0.4 68 0.7 97 0.7 
8166 20 0.4 37 0.5 48 0.8 54 1 57 0.6 71 0.4 78 0.8 86 0 99 1 
8176 8 0.8 20 0.6 24 0.3 60 0.8 74 1 78 0 89 1 92 0.5 95 0.7 
8297 2 0 73 0.4 92 0.4 
8363 5 0.4 18 0 31 0.5 32 1 33 0.7 55 0.3 56 0.5 66 0.9 68 0.7 93 0.8 
8534 3 1 13 0 16 0 75 0.4 82 0.4 83 1 94 1 
8535 4 0 26 0.9 27 0.5 30 0 40 0.6 70 0.5 81 0.4 94 0.8 
8702 7 0.9 10 0.6 25 0.7 49 0.9 69 0.9 
8819 7 1 9 1 34 0.8 56 0.3 61 0 74 0.9 
9297 14 0.9 24 0.5 26 0.3 31 1 52 0 72 0.9 80 0.3 89 0.7 99 0.4 
9370 65 0.7 78 0 
9380 50 0.4 59 0.3 75 0.4 92 0 
9398 46 0.6 47 0.8 80 1 
9548 11 0.4 75 0 
9695 16 0.4 22 0 27 0.9 49 0.5 70 0.7 80 0.9 85 0.3 90 0.4 92 0.9 
9849 17 0 32 0.9 
9902 0 0.5 1 0 12 0 19 0.9 29 0 71 0 79 0.3 
9937 7 0.5 44 0 47 0.3 58 0.3 67 0.8 72 0.8 74 0.3 
