100
6 64 0.5 67 0.8 81 0.4 
66 27 0 32 0.7 55 0.8 81 0.5 
71 7 0.4 17 1 42 0.8 59 0.9 76 0.5 79 0.6 85 0 95 0.8 
93 2 0.4 4 0.9 22 0.9 25 0 48 1 49 0 62 0 89 0.7 
127 1 0 9 0 11 1 57 0.9 76 0 88 0 
315 33 0 38 0.9 56 0.8 86 0 
347 10 1 29 0.8 41 0.7 47 0 67 1 79 0.9 85 0 93 0 95 0.8 
419 29 0 35 0.8 51 0.3 
424 13 0.9 26 0.6 38 0 54 0.8 68 1 76 0.8 98 0.8 
440 1 0.5 7 0.9 8 0.9 17 0.4 35 0.8 39 0 55 0 72 0.7 73 0.5 77 0 
622 2 0.7 21 0.6 28 0.5 43 0 60 0.6 92 0.8 96 0 
633 29 0 86 0.5 
731 4 0.3 20 1 25 0.5 26 0.6 30 0.7 31 0.8 33 0.8 46 0 53 0 66 0.8 
764 7 0 20 0.7 32 0.8 57 0.3 72 0.8 81 0.3 
777 20 0.6 27 0.7 48 0 52 0 58 0.6 69 0.3 72 0.5 75 0 98 0 
920 8 1 23 0.9 31 0.6 39 0.8 49 0.7 50 0.7 51 0 57 0.7 66 0.4 
945 9 0.4 32 0.5 33 0.3 
1181 3 0.5 77 0.8 
1322 36 0.8 37 0.8 41 0 49 0 56 0.3 58 0.9 60 0.6 
1326 34 0.5 36 0.9 61 0.3 67 0 74 0 77 0.9 78 0.6 82 0.8 84 0 
1409 16 0.5 20 0 46 0 73 0.4 76 0.6 79 0.7 
1446 31 1 90 0.7 
1534 16 0.9 34 0.7 64 0.8 68 0.9 91 0.4 
1583 4 0 19 0.4 35 0 37 0 65 0 69 0 80 0.6 
1694 9 1 17 1 24 0.5 26 0 56 0 63 0 67 0 75 0.6 90 0.8 
1825 88 0 
1848 10 0.5 13 0.4 31 0 42 0.3 45 0.8 54 0.9 55 0 76 0.9 96 0 
1926 13 0.9 38 0.9 40 0 53 0 82 0 95 0.7 
1965 20 0.7 32 0.5 61 0.5 81 0.7 93 0.4 
1981 28 0.8 29 1 53 0.5 60 0 85 0.6 88 0.7 99 0.9 
2263 18 0.7 24 0 31 0.8 44 0.6 87 0.5 
2362 2 0.8 5 0.4 24 0.7 74 0.3 81 0 85 0 94 1 
2372 0 0 13 0 16 0.3 28 0 34 0 37 0.7 50 0 62 0.9 78 0.5 84 1 
2474 12 0.9 35 0.7 42 0 46 0.5 48 0.8 74 1 88 0 94 0.6 98 0 
2599 0 0.9 26 0.7 46 0 53 0 73 0.9 79 0 80 0.9 90 0 
2644 2 1 4 0 26 0.8 50 0.9 51 0.5 58 0.8 69 0.5 73 0.3 86 0 93 0.4 
2836 10 1 69 0.8 75 0 93 0 
2949 90 0.3 94 0.5 96 0.7 
3022 41 0.6 49 0.7 85 0 
3041 23 0.7 29 0.6 69 0.3 75 0.7 
3304 4 0.4 9 0 17 0.9 42 0 52 0.4 60 0 85 0.6 
3336 38 1 89 0.4 
3376 25 0.9 36 0 43 1 62 0.7 69 0.5 70 0 79 0.5 87 0.6 
3443 52 0 60 0.9 70 0.9 76 0.8 
3680 92 0.7 
3711 3 0.3 19 0 20 0.5 22 0.7 23 0.4 79 0 87 0 
3861 0 0.7 10 1 12 0.4 24 0.5 38 1 89 0 91 0.7 93 0.6 94 0.5 
3985 25 0.3 36 1 47 0.3 51 0.6 72 0.9 
4111 92 0.8 
4215 13 0.7 33 0.3 48 0.7 74 0 95 0 
4357 4 0.7 17 0 25 1 39 0.3 40 0.6 75 0.7 86 0.9 92 0.8 
4613 4 0.7 16 0.6 76 0.6 83 0.5 89 0.6 95 0.8 99 0 
4633 21 0.4 28 0 36 1 38 0 39 0 41 0.7 46 0.6 53 0 58 0.7 
4755 1 0.5 20 0.7 42 0.7 45 0.3 47 0.7 67 0 90 0.6 98 0 
4804 28 0 36 0.4 44 0.3 64 1 73 0 99 0.8 
4832 0 1 16 0 40 0.6 48 0.6 89 0.5 
4935 43 0 
4972 20 0 58 0.4 59 0.9 80 0.9 81 0.9 88 0 89 1 
5127 10 0 51 0.5 66 0 72 0 79 0.9 
5218 16 0.8 28 0 46 0.9 48 1 51 0.5 64 0.4 70 0.4 81 0.4 
5388 20 0.6 
5438 52 0.6 55 0.4 59 0.6 
5565 59 0 98 0.9 
5632 15 0 18 0.4 23 0 25 0.7 33 0 39 0 43 0.6 45 0.6 53 0 75 0 
5667 56 0.4 63 0 73 0 90 0.5 
5746 93 0.7 
5971 4 0.9 37 0 42 0.8 76 0 94 0 
6281 32 0 87 0 
6370 49 0.5 64 0.4 
6386 0 1 2 0 3 0.4 19 0.6 45 0 56 1 58 0 69 0.4 90 0.3 
6583 1 0.9 33 0 39 0.7 48 0.3 53 0.8 55 0.8 65 0.4 93 0.7 
6638 17 1 99 1 
6674 8 0.3 15 0.8 18 0.3 22 0.4 26 0 31 0.7 62 0.6 81 0.7 92 0.6 
6808 7 0.7 15 0 37 1 52 0 73 0.3 75 0.9 77 0.9 80 0 
6854 16 0.6 53 0.9 
6935 40 0.9 60 0.3 
6976 22 0 
7202 86 0.4 
7211 23 1 51 0.4 
7526 7 0.9 24 0 25 0.4 52 1 70 0.6 
7906 32 0.6 
8207 3 0 8 0.3 30 0.8 32 0.4 33 0.4 40 0 41 0.8 76 0.5 77 0 94 0.7 
8208 10 0 11 0.4 12 0.5 55 0.9 59 0.6 60 0 65 0.5 80 0.5 95 0.5 
8294 13 0.6 21 0 23 0.7 27 0 44 0.4 57 0.4 65 0 66 0.4 74 0.6 85 0.4 
8429 8 0.7 20 0 62 0.5 96 0.6 
8710 0 0.4 36 0.9 53 0.6 84 0 
8759 88 0.4 
8770 18 0.3 
8871 24 0.3 28 0.3 37 0 38 0.6 61 0.3 79 0.8 85 0.4 88 0.8 
8963 17 0 21 0.9 52 0.9 58 0.6 86 0 96 0.7 
9406 24 0.4 28 0.4 53 0.4 67 1 80 0 81 0.3 85 0 95 0.6 96 0.3 
9455 17 0.5 23 0 
9479 59 0.5 
9512 25 0.3 28 0.4 57 0.9 58 0.3 63 0 66 0.4 70 0 80 0.8 89 0.4 
9585 6 0 32 0.3 95 0.5 
9589 13 0 23 0.3 50 0.4 51 0.8 54 0.6 72 0 85 0.8 89 0.9 
9593 6 0 23 0.6 25 0.9 27 0.8 29 0.9 30 0 50 0.5 74 0 84 0.7 
9605 14 0.6 26 0.8 28 1 91 0.8 
9705 0 0 29 0.9 42 0.9 45 1 61 0.9 65 1 78 0.5 
9962 18 0.8 48 0.5 87 0.5 95 0.4 
