100
156 33 0.7 97 0.6 
171 6 0 22 0 33 1 37 0.6 62 0 75 0.4 96 0 
235 3 1 14 0 22 0.6 26 0.4 51 1 53 0.6 62 0.3 63 0.8 73 0.8 78 0 
283 1 0.7 28 0.4 54 0.8 84 0 87 0 
343 6 0.5 20 0.6 44 0.9 74 0 88 0.7 89 0.3 
355 4 0.7 5 0.5 14 0.8 29 0 42 0 56 0.4 60 0 73 0.4 77 0 
429 33 0.3 94 0 
475 7 0.8 21 0.4 37 1 45 0.7 62 0.7 74 0 86 0 88 0 
494 44 0.7 57 0 75 0 
649 0 0 4 0.9 13 0 25 0.7 38 0.9 46 0 69 0 70 0 74 0.8 
756 17 0.8 27 0 50 0 68 0.3 
789 55 0.4 
808 6 0.5 21 0.3 45 0.5 52 0 62 0.9 63 0.5 75 0.4 94 0 
827 32 0.7 87 0.5 88 0 89 0 94 0.5 
965 13 0.8 23 0.3 30 0.8 35 0.4 53 0 62 0 65 0.5 69 0.9 75 0.4 85 0.9 
988 16 0 21 0 48 0 54 0.5 74 0.3 84 0.7 
1064 11 0.4 30 0.7 59 0.9 62 0.4 83 0 
1076 45 0.6 
1147 37 0.4 74 0.7 
1182 34 1 
1184 8 0.5 
1259 18 0 47 0 48 0 51 0.9 66 0.6 70 0 90 0 
1463 21 1 38 0 52 0.3 92 0.7 94 0.9 
1494 23 0.6 28 0.7 43 0.6 53 0 
1498 0 0.5 2 0 17 0 32 0.8 49 0 51 0.5 66 0.5 99 0.5 
1761 43 0.7 58 0.9 83 0.9 93 0.9 
1769 16 0.9 22 0 27 0.4 35 0.6 56 0.3 79 0.3 97 0.7 
1973 5 0.6 8 0.4 9 0.4 11 0.4 21 0.3 31 0.9 35 0.5 49 0 59 0.6 65 0.4 
1982 0 0 6 1 10 0 24 0.3 38 0.6 47 0 63 0 67 0.7 83 0.8 
2129 6 0 11 0 
2209 13 0 
2219 25 0.8 
2284 5 0.8 14 0 25 0.3 33 0 63 0.9 71 0.5 72 0.6 83 0.4 
2288 1 0.5 8 0.6 54 0.3 74 0.7 
2290 14 0.6 24 0.6 64 0 
2303 0 0.6 1 0.3 6 0 9 0.8 28 0.3 68 0.3 88 0.9 
2370 22 0.3 43 1 
2498 3 0.3 24 0.7 44 0.6 
2641 31 0.3 38 0 44 0 61 0.5 71 0.3 
2684 18 1 
2767 6 0.7 10 0.7 17 0 37 0 41 0.9 44 0.7 52 0 56 0.9 70 0 76 0.6 
3281 1 0 10 0.6 11 0.5 29 0.8 36 0.9 55 0 58 0 82 0.4 93 0.8 99 0.4 
3661 13 0.8 51 0.9 
3901 8 0.7 9 0.9 10 0.6 22 0.9 31 0.5 46 1 50 1 61 0.8 75 0.3 78 0 
4012 0 0.5 9 0.3 11 0.4 18 0.7 22 0 23 0.8 47 0.5 77 0.9 78 0.9 87 0.6 
4047 4 0 9 0 15 0.7 25 0.5 33 0.8 68 0.7 70 0 79 0.9 86 0.5 87 0 
4118 43 0.8 48 0.7 
4176 8 0.7 24 0.3 84 0.5 86 0 89 0 91 0.8 93 0.5 
4287 17 0.8 18 0.7 26 0.4 34 0.3 40 0 98 0.6 
4305 3 0.6 11 0 32 0.9 49 1 84 0 95 0.5 
4402 25 0 54 0 64 0 71 0 83 0.8 84 0.9 93 0.6 98 0.4 
4413 2 0.7 17 1 37 0.5 42 0.6 52 0.7 62 0.7 74 1 75 0.7 84 0.8 
4591 7 0 12 0.6 31 0 62 0 71 0 75 0.9 82 0.8 92 0 
4687 23 0.4 26 0 27 0 45 0.7 57 0.5 79 1 82 0.3 
4758 4 0.6 21 0 25 1 30 0 38 0.9 54 0.3 56 0.4 58 0.4 69 1 
4834 1 0 9 0.7 20 0.4 28 0 31 0.5 48 0.4 50 0.5 74 0.3 78 0.7 88 0 
4924 3 0.8 31 0.7 51 0 52 0.7 54 0.9 66 0.5 74 0 82 1 86 0 92 0.5 
4959 38 0.8 47 1 61 0 
4967 5 0.3 17 0 31 0.7 35 0 39 0 42 0.6 51 0 
5109 14 0.9 15 1 23 0.7 41 0 45 0.6 46 0.8 50 0.8 63 0 90 0.8 
5182 12 0.9 18 0.7 24 0.6 32 0.4 88 0.6 95 0.7 
5228 0 0 17 0.6 25 0.4 40 0 45 0.4 77 0.4 92 0.4 
5316 30 0.4 64 0.9 68 0.9 76 0 
5329 5 0.6 14 0.4 28 0.8 56 0.7 81 1 96 0.3 97 0 99 0.4 
5484 80 0 
5591 18 0.8 30 0.8 39 0.7 46 0 53 0 74 0.8 83 0.4 94 0.7 
5861 9 0.9 18 0 21 1 31 0 35 0.8 52 0.5 76 0.8 80 0.8 83 0 89 0 
6335 38 0 48 0 54 0.4 59 0.8 62 0.6 64 0.7 80 0.9 83 0.9 87 0.5 88 0.7 
6481 37 0 45 0.9 56 0.3 64 0 90 0.3 93 0.6 
6692 1 0 2 0 50 0 82 0 
6815 7 1 9 1 43 0.3 48 0.8 68 0 69 0 
6894 19 0.8 21 0 22 0 34 0.6 51 0.6 
6942 12 0.8 16 0.9 29 0.7 35 0.5 43 0 57 0.8 61 0 70 0 87 0.4 90 1 
7013 15 1 27 0.3 44 0 51 0.3 72 0.4 99 1 
7044 3 0 4 1 12 0.8 14 0 15 0.8 22 0 26 0 39 0 75 0.7 78 1 
7326 19 0 20 0.8 30 0 32 0.3 33 0.6 51 0.8 55 0.7 78 0.9 97 0.5 99 0 
7491 22 0.8 26 0.9 31 0.4 71 0 76 0.9 97 0 
7541 3 0 61 0 
7687 21 0 28 0.8 30 0 32 0.6 49 0.8 63 0 71 0 83 0.7 
7911 15 0.4 25 0.5 48 0 49 0.6 59 0 65 0 66 0 69 0.6 78 0.7 96 0.5 
7977 25 0.4 43 0.8 53 0 77 0.9 85 0 89 0 91 0 
8012 1 1 16 0.3 29 0.4 51 0.5 52 1 56 0.4 65 0.9 68 0 74 1 78 0.3 
8364 11 0.6 19 0.9 37 1 59 0.3 88 0.3 
8565 9 0.4 18 0.6 24 0.3 35 0 39 0.8 42 0.3 59 0.9 65 0.8 76 0.3 85 1 
8588 0 0 2 0 5 0.8 10 0 55 0 86 0 88 0.9 92 0.9 99 0.9 
8624 32 0.7 33 0.5 35 0 38 0.8 61 0.7 72 0 87 0.3 98 0 
8906 1 0 10 1 14 0.5 32 0.3 38 0 53 1 54 0.6 70 0 87 0.6 
8929 58 0.3 
9069 12 0 31 0.8 64 0.3 
9126 3 1 11 1 21 0.9 49 0.4 55 0 58 0.6 68 0 89 0.9 
9145 33 0.6 38 0 86 1 
9163 8 0.7 38 0.3 58 0.6 59 0.4 
9258 14 1 39 0.3 59 0.6 
9310 8 0 10 0.5 15 0 29 0.5 58 1 59 0.5 75 1 90 0.5 
9350 1 0.5 23 0 25 0 60 0.5 65 0.5 69 0 70 0.7 74 0 96 0 
9670 16 0.3 31 0.5 44 0.5 55 0.7 78 0.9 90 0.4 
9792 69 0.6 
9799 12 0.8 33 0.6 37 0.5 49 0.4 50 0.3 61 0 75 0.3 96 0.8 
9826 12 0.6 21 0.3 27 0.3 44 0.6 45 0.6 58 0.7 69 0 82 0.4 85 0.7 96 0 
9926 63 0.3 
