100
62 49 0 62 0.3 70 0 73 0 
192 16 0.3 29 0 35 0 46 0.4 73 0.4 93 0.8 
210 15 0 37 0.4 38 0 70 1 81 0.5 98 0.6 
276 2 0.7 5 0 19 0 20 0.9 36 1 43 0.3 46 0 55 0.5 78 0.8 97 0 
609 15 0 23 1 41 0 52 0.9 62 0.6 67 0 70 0.9 95 0 
629 19 0.7 89 0 93 0.7 
683 8 0 19 1 21 0 26 0.6 33 0.5 41 0 54 0.6 67 0 83 0 
764 7 0 20 0 32 0 57 1 72 0.5 81 0 
805 22 0 29 0.9 33 0.8 35 0 68 0 75 0 94 0.8 
909 22 0 23 0.5 37 0 60 0.3 
1152 66 0.4 67 0.6 68 1 89 0.5 91 0.3 
1168 4 0 10 0.9 24 0.7 39 0.4 66 0 74 0 83 0.7 87 0 88 0.4 95 0.9 
1190 9 0.7 40 0.3 69 0.4 
1280 6 0 12 0.5 26 0.6 57 0.8 63 0.4 68 0.8 91 1 
1436 3 0.4 
1449 22 0 77 0 
1562 26 0 86 0.3 
1578 7 0 28 0 44 0.8 57 1 70 0.5 78 0.9 86 0.7 
1624 4 0 45 0.7 62 0.6 82 0 95 0 
1630 26 0 41 0.6 58 0.9 66 0.5 
1840 53 1 69 0.6 
1878 21 0.7 29 1 60 0 72 0.4 75 0 79 0.9 87 0.6 96 0.4 97 1 
2027 17 0 23 1 58 0.7 82 0.9 92 0 96 0.5 
2066 39 0.3 
2068 7 0.3 29 0.7 65 0 68 0.5 78 0 81 0.9 84 0.7 88 0.3 
2168 6 0.6 15 0.8 32 0 52 0 65 0.9 
2210 3 0 43 0.5 88 0.9 
2361 15 0.8 32 0.3 33 0.8 52 1 56 0.4 62 0.3 69 0.5 71 0 95 0.8 
2477 98 0 
2562 37 0.6 
2690 11 0.3 24 1 35 0 39 0.3 51 0.6 62 0.3 78 0.3 82 0.7 
2745 21 0 32 0 36 1 49 0 58 0 73 0.9 76 0 79 0.3 80 0.9 82 1 
2748 12 0.8 
2778 2 0.5 5 0.3 8 0.7 22 0.8 29 0.7 52 0.3 73 0.7 92 0 
2915 3 0.6 62 0 91 0.7 
2949 90 0.4 94 0.7 96 0.5 
3070 49 0.6 93 0.3 
3131 37 0.3 43 0 
3195 76 0.6 98 0.9 
3291 19 0.9 48 0 61 0.6 65 0 75 0.9 84 0 87 0.3 99 0 
3312 83 1 99 0.8 
3429 14 0 39 0 
3693 21 0.7 30 0.7 62 0 63 0 73 0 95 0.8 99 0.8 
3775 12 0.5 21 1 32 0.4 65 0 87 1 89 0.4 90 0.6 96 0.7 
4070 0 0.5 10 0 29 0 30 0.7 51 0 72 0.6 81 1 84 0.3 98 0.9 
4218 2 0.5 62 0.3 65 0.8 70 0.4 
4326 8 0 11 0 22 0.4 26 0 59 0.3 68 0.4 73 0 85 0 97 0 
4430 15 0 25 0.9 33 0.8 50 0.7 57 1 68 0.5 72 0 77 0 79 0.9 93 1 
4584 5 1 8 0.8 46 0.6 47 0.4 61 0.3 67 0.6 71 0.5 84 0.5 95 0.3 
4650 21 0.3 25 0.4 82 0.5 
4920 0 0 5 0.3 16 0.9 26 0.3 30 0 36 0.8 66 1 68 0.3 86 0.5 98 0.9 
4937 0 0.6 16 0.6 
5254 19 0.3 22 0.5 26 0.4 92 1 96 0.4 
5287 5 1 14 0.4 27 0.4 55 0 70 0.4 72 0.3 74 1 80 0 99 1 
5316 30 0 64 0 68 0 76 0.5 
5347 44 0 67 0.4 89 0.8 
5378 7 1 12 0.5 17 0.9 22 0.5 71 0.5 72 0.7 95 0.7 
5763 17 0 19 0.6 30 0.5 34 0.4 65 0.5 72 0.6 78 0.4 81 0.9 
5780 11 0 14 1 39 0.9 48 0.7 70 1 85 0.9 86 0.8 97 0 
5840 4 0.4 41 0.3 87 0.4 
5869 4 0.8 14 0.3 15 0.5 27 0 57 0.6 68 0 81 0 96 0.7 
5969 13 0.9 15 0.7 43 0.3 66 0.4 74 0.8 82 0 92 0.4 95 0.5 
5986 36 0.8 
6132 21 0.9 43 0 44 0.3 67 0.4 
6302 8 0.6 26 0.8 57 0.4 74 0.6 80 0 
6406 39 0 55 0.8 90 0 
6434 0 0.9 11 0 26 0.4 29 0.8 58 0 
6468 19 0 29 0.4 51 0.9 54 0.5 59 0.3 71 1 79 1 
6692 1 1 2 0.6 50 0.4 82 0.6 
6712 1 0.6 8 0.6 9 0.9 11 0.9 17 0 46 0 58 0.4 77 0.9 79 0.8 81 0.8 
6722 3 0 5 0.9 25 0.4 38 1 41 0.3 46 0.8 76 0 77 0 
6820 31 0 
6940 72 0.8 
6957 27 0.7 36 0 47 0.3 72 0.5 75 0.6 80 0.3 82 0.3 
6975 16 0.9 35 0 52 1 67 0 98 0.4 
6979 18 0.7 21 0.6 59 0 63 0 96 0 
7129 12 0 30 0.9 35 0.4 42 0 43 0 52 0 59 0 83 0 
7346 17 0.7 47 1 52 0 59 0.9 86 0.5 
7360 12 0.6 62 0.6 75 0 83 1 87 1 88 0 89 0.8 
7424 13 0.4 28 0 82 0.4 
7616 12 0.8 30 0.5 31 0.3 32 0 37 0.5 57 1 62 1 96 1 
7970 4 0.3 9 0 33 0.6 65 0 70 0.7 76 0.6 83 0.9 89 0.4 91 1 92 0 
7974 14 0.5 27 0.9 35 0.5 37 0.4 43 0.5 64 1 68 0 71 1 
8126 8 0 17 0.7 45 0.6 48 0 58 0 70 0 73 0.8 79 0.4 87 0.6 95 0.4 
8336 19 0.8 28 0.6 70 0.7 92 0.5 
8573 4 1 40 0.5 
8725 13 0.3 63 0 85 0 93 0.9 97 0 
8765 11 1 13 0.9 22 0.5 30 0.9 47 0 48 0.5 53 0.4 71 0.3 92 0.7 
8865 4 0.8 18 0.3 41 0.7 50 0 79 0 98 0.7 
8904 2 0 19 0.9 23 0.8 50 1 58 1 76 0.9 84 0.6 87 0.7 
9020 1 0.6 10 1 29 1 40 0.5 64 0.7 95 0.5 97 0.6 99 1 
9110 2 0.3 10 0.6 36 0.9 38 0.7 39 0.9 79 0.3 
9274 12 0 25 0 31 0.7 64 0.6 87 0.9 
9334 19 0.4 23 0 36 0 41 0.5 78 0.9 83 0 86 0.9 88 0.9 99 1 
9338 17 0.8 
9459 9 0.8 15 1 21 0.3 40 0.7 63 0.8 64 0.4 79 0.8 
9621 3 0 32 0.4 41 0 61 1 
9730 26 0.9 75 0.8 99 0.8 
9781 89 0.7 
9950 28 1 50 0.8 97 0.5 
