100
45 12 0 49 0.6 
101 5 1 12 0.8 37 1 
168 22 0.6 26 0 38 1 39 1 83 0 
258 1 1 31 0.7 82 0.6 
262 3 0.3 10 0.8 16 0.8 42 0.7 70 1 71 0.6 79 0.4 87 0.6 89 0.3 
276 2 0.9 5 0.8 19 0.5 20 1 36 0 43 0 46 1 55 0.4 78 0 97 0.6 
309 7 0.4 20 0.8 23 0 37 0.9 48 0.6 61 0 64 0.5 69 0.6 91 0.6 
324 56 0.4 84 1 
339 33 0.6 43 0 74 0.3 84 0.5 
493 1 0 27 0.6 89 0 
519 24 1 27 1 47 0 80 0 
557 50 0.9 86 0.4 
567 0 0.3 12 0.6 21 0.4 32 0.3 41 0.4 44 1 51 0 71 0.8 89 0.5 
593 42 0.7 45 0.5 53 0 55 0.4 72 0 
594 17 0 31 1 47 0 58 1 74 0 75 0.4 88 0.4 
687 36 0.3 61 0 62 1 94 0.3 
878 5 0 10 0.9 36 0.6 47 0 49 0.7 70 0 75 0.9 79 0 96 0.4 99 0 
1083 9 0.7 11 0.6 50 0.3 53 0 74 0 82 0.4 99 0.5 
1123 9 0.7 46 0 50 0 54 0.7 89 0 97 0.7 
1191 25 0.9 
1306 23 0 33 0.8 48 0.9 55 0 57 0 74 0 81 0.5 94 0.9 
1536 44 0.5 48 0.8 51 0.7 65 0 80 0.9 87 0.5 90 1 95 0.9 99 0.5 
1784 53 0.8 93 0 95 0.3 
1856 20 0.3 47 0.8 
1892 8 1 13 0 32 0.9 61 0.8 64 0 71 0.9 79 1 85 0.7 91 1 96 0.6 
1939 20 0.7 56 0.9 98 0.3 
2171 22 1 42 0 53 0.5 68 1 
2206 17 0.7 37 0.8 87 0 
2393 4 0.5 11 0.3 12 0.8 18 0.4 41 0.9 54 0 59 0.9 74 0.4 76 0.5 91 1 
2457 9 1 44 0.5 87 0.7 
2644 2 0.9 4 0 26 0.8 50 0 51 1 58 0.9 69 0 73 0.7 86 0.4 93 0.9 
2796 7 0.4 24 1 33 0.3 35 0 36 0 42 0 44 0.6 63 0 66 0.8 76 1 
2801 7 0.9 12 0.9 58 0.7 64 0.7 74 0 81 0.4 
2828 2 0.5 5 0 15 1 22 1 23 0.5 27 0 64 1 91 0.5 97 1 
2927 30 0.9 34 1 
3419 17 0.8 50 0.3 68 0.6 
3587 23 0.8 38 0.5 41 0 49 0.3 
3875 0 0.6 5 0.6 13 0.4 34 1 49 0.9 
3883 30 0 48 0 73 0.7 81 0.3 
3996 35 0.4 39 0 43 0.3 78 0.7 85 0.3 
3998 47 0 51 0 52 0.6 64 0 65 0 69 0.3 71 0 75 0.5 86 0.3 87 0 
4050 66 0.3 87 0.5 
4090 8 0.5 14 0 16 0.3 31 0.7 50 0 53 0.3 71 0.9 75 0 94 1 98 0.5 
4124 0 0.7 18 0.8 20 0 26 0.9 51 0.8 63 0.7 76 0.7 78 0 90 0.8 
4228 96 0 
4301 0 1 12 0.5 21 0.8 25 0.3 59 0.8 61 0.4 68 0.7 76 0.4 88 0.6 93 0.7 
4395 34 1 44 0 50 0.7 56 0.4 
4445 13 0.3 25 1 28 0.9 37 0.9 39 0 47 0 49 0.3 57 0.9 72 1 93 0.7 
4573 10 0.9 19 0.7 20 0.5 30 0.9 44 0 57 0.7 58 0.4 68 0.3 92 0 93 0.9 
4606 26 0.6 89 0 93 0 
4608 2 0.9 8 1 17 0.4 37 0.8 38 0.7 53 0 65 0.8 74 0.4 83 0.4 95 0 
4616 52 0.9 
4782 22 0 83 0 98 0 
4802 0 0 5 0.6 16 0.9 45 0 46 0.9 69 0.9 76 1 79 0 94 0.4 97 0.9 
4807 5 0.5 76 0.3 90 0.3 
4861 16 0 47 0.6 65 0.8 67 0.5 95 0.3 
4903 14 0 28 1 34 0.8 41 0.9 43 0.9 47 0.4 54 0.4 99 0.7 
4922 20 0.4 79 0.6 90 0.6 
5113 2 0.7 4 0.7 6 1 44 0.6 50 0.6 67 0 94 0.3 99 0.8 
5161 41 0.7 78 0 
5227 91 0 
5242 9 0 52 0.9 95 0.6 
5346 7 0.7 11 0 31 0.7 60 0.5 
5455 21 1 73 1 80 0.7 
5547 9 0.5 30 0.8 71 0.8 79 0 
5607 34 0.3 35 0.8 63 0.5 76 0.5 
5802 23 1 94 0.9 
5898 9 0.4 35 0 44 0 47 0.7 64 1 65 0 
5944 6 0.4 16 0.6 64 0.4 68 0 83 0 
6196 10 0 13 0.6 24 0.6 26 0 32 0.5 54 0.5 63 0.4 81 0.6 
6382 6 0.5 10 0 16 0.6 22 0.7 39 0.9 56 0.5 76 0.6 82 0.3 87 0.7 88 0.5 
6837 8 0 35 0.9 58 0.3 74 0.9 
7022 3 0.3 8 0.3 25 1 33 0.7 62 0.8 68 0 78 0 88 0 
7182 28 0.9 36 0.5 38 0.4 59 0.6 
7313 9 0 14 0.5 20 0.6 31 0 44 0.7 
7762 16 0 21 0.8 57 0.7 76 0 94 1 
7894 1 0.3 38 0 46 0.7 48 0.5 49 0.4 66 0.9 67 0.3 85 0 99 0.9 
7979 29 0.9 33 0.3 52 0.3 80 0.9 
7998 35 0.8 40 0.4 68 0.8 69 0.6 83 0.7 
8072 10 0.8 49 0.4 68 0.7 73 0.5 98 0.5 
8097 7 0 13 0 18 0 22 1 24 0.7 54 0.9 77 0 79 0.4 
8316 10 0 21 0 29 0.7 68 0.9 78 0.5 92 0 
8374 66 0.7 85 0.7 93 0.8 
8422 17 0.7 31 1 99 0 
8523 14 0.6 16 0.4 56 1 58 0 63 0.7 69 0.5 71 0.5 81 0.8 
8528 91 0.3 
8725 13 0.5 63 0 85 0.6 93 0 97 1 
8841 5 0.7 56 1 82 0.9 94 0.8 
8926 10 0 12 0.4 52 0.5 55 1 58 0.3 
9169 15 0.5 71 0.4 72 0 73 0.7 84 0.5 
9197 4 0.4 13 0.4 36 0 46 1 53 0.4 66 0.7 67 0 83 0.8 84 1 93 0.5 
9269 5 0.7 10 0 12 0.4 51 0.6 93 0.5 
9275 6 0.7 49 0 53 0 68 0.9 
9528 7 0 38 0.5 53 0.3 64 0 66 0 95 0.3 
9628 56 0.7 59 0 
9793 1 0.4 31 0.4 32 0 43 0.6 54 0 67 0.6 73 0.6 90 0.7 
9885 29 0 36 0.8 
9923 9 0.3 32 0 49 0.5 55 0.5 56 0.9 
9944 1 0 5 0.7 14 0.5 60 0 90 0.9 
9998 48 0 49 0.6 
