100
22 24 0.8 41 0.6 55 0.7 64 0.8 66 0.8 
28 96 0.3 
109 10 0 17 0.9 54 1 65 0 68 0.3 75 0.5 76 0 84 0.8 
462 4 1 11 1 28 0.7 35 0 47 0.4 63 0.6 87 0.4 
528 4 0 41 0.3 
706 14 0.5 20 0.4 67 1 70 0.7 73 1 74 0 79 0 92 0.3 
728 7 0.4 42 0.5 
921 16 0.9 95 0.8 
953 27 0.8 52 0.8 53 0.3 55 0.3 57 0 59 0.5 87 0.6 
1035 7 0.4 80 0.6 85 0.8 96 0.8 
1069 15 0 34 0.9 36 0 79 0 81 1 83 0 
1073 1 0.6 12 0.8 13 0.7 45 0 72 0.6 80 0.8 83 0.3 
1140 16 0 23 0 26 0 32 0 44 1 66 0.5 73 0.5 75 0.8 85 0.5 
1253 12 0.4 44 0.7 51 1 62 0.8 65 0.4 90 0.5 91 0.8 92 1 
1356 4 0.5 14 0 23 0 38 0.4 40 1 62 1 64 0.8 71 0.3 82 0.9 
1477 30 0.6 41 0.6 43 0.8 52 1 57 0.5 
1519 12 1 15 0.3 34 0 54 0 71 0.7 
1551 3 0.9 25 0.8 37 0 45 0.6 65 0 78 0.5 
1724 12 0.8 37 0 41 0.4 68 0.5 71 1 
1934 6 0 99 0.9 
1948 27 0.4 32 0 40 0.9 54 0.7 67 0.8 68 0.7 82 1 
1987 34 0.3 52 0 66 0 
2281 11 0 19 0.5 
2784 19 0 30 0 37 0 43 0 65 0.4 71 0.5 95 0.3 
2825 88 0 
2917 5 0.9 24 0.4 91 0.6 
2936 32 0.4 45 0.7 57 0.3 
2990 36 0.6 99 0 
3118 35 0.8 93 0.9 
3185 37 0.8 
3225 27 0 28 0 
3260 2 0 5 0.5 16 0.9 23 0 27 0 42 1 54 0.5 60 0 94 0 
3335 2 0 
3472 50 1 57 0.5 
3483 27 0 93 0.7 
3549 8 1 16 0 42 0 47 0.5 69 1 
3568 21 0.4 38 0 77 0.4 90 0.3 93 0.7 
3608 23 0.9 31 1 36 0.9 48 1 74 0 96 0.7 98 0.5 
3633 26 0.5 47 0.4 56 0.6 
3684 38 0.8 
3700 36 1 45 0.4 51 0.6 53 0.4 85 0 96 0 
3802 21 0.6 40 0.5 55 0 60 0.8 67 0 70 0.4 78 0.7 85 0 92 0 
3949 57 1 
4143 20 0 30 0.4 41 0.7 60 0.3 80 0 87 0.5 88 0.6 95 0.7 
4171 10 0.3 22 0.5 38 0.3 52 0.3 53 0.3 60 0.3 72 0.6 80 0 81 0 91 0.6 
4173 3 0.6 14 0 56 0 67 0.5 80 0 
4345 3 0.4 38 0.3 
4440 6 0.6 71 0.8 99 0.8 
4560 14 0.3 38 0 79 0.7 
4576 22 0.8 32 0.5 59 1 61 0.7 92 0 
4641 3 0.6 25 0 38 0.4 45 0 59 0 61 0.5 69 0.5 70 0.4 80 0 84 0.7 
4727 53 0.3 
4911 49 0.4 75 0.5 84 0.3 
4920 0 0 5 0 16 0.7 26 0.6 30 0 36 0.8 66 0.5 68 0 86 0.9 98 0.9 
5054 10 0 52 1 56 0.9 69 0.9 
5223 0 0 1 1 14 0.6 17 0.7 22 0.8 24 0.4 30 0 47 0 65 0.5 88 0 
5424 33 0 87 0.8 96 1 
5961 7 1 
6087 10 0.9 20 0 22 0.7 49 0.8 52 0.7 53 0 66 0 67 0.9 92 0.9 
6144 30 0.8 36 0.6 41 1 90 0.9 99 0 
6200 49 0 66 1 
6219 17 0.8 18 0.7 43 0.4 93 0.8 
6266 6 0.7 24 0.4 33 1 53 0.8 66 0.4 72 0.6 80 0 83 0 
6528 13 0.4 57 0.6 61 0.3 67 0.8 86 0.4 90 0.3 97 0.7 
6737 3 0.5 5 0.7 39 0 47 0 48 0 72 0 81 0 86 0.9 90 0 
6767 20 0.6 24 0.8 27 0 36 0 49 0 
6881 10 0 11 0 24 0.3 73 0.8 74 0 95 0 
6896 46 0.4 
6919 4 0 8 0 14 1 28 1 40 0.5 45 0.9 54 0.7 80 0.4 92 0.4 
7015 0 0 4 1 34 1 53 0.9 55 0.8 57 0.3 62 0 70 0.9 90 0.4 99 0.9 
7047 28 1 34 0 58 0.8 67 0.5 81 0.4 85 0.7 89 0.8 91 0.4 
7332 14 0.3 28 0.6 60 1 67 0 72 0.4 95 0.3 
7457 12 0.8 36 0 39 0.5 55 0 57 0.4 58 0.8 69 0.5 76 0.7 90 0 99 0.6 
7630 8 0.9 15 0 36 0.5 67 1 
7752 34 0.7 81 0 95 0 
7756 18 0.9 29 1 34 0 76 0.5 99 0.9 
7867 5 0.5 13 0.7 26 0.9 42 0.8 60 0 93 0.5 98 0 
7911 15 0 25 0.3 48 0.6 49 0.3 59 0 65 0.9 66 0.9 69 0.7 78 0 96 1 
7993 8 0.9 26 0 29 0.8 70 0 75 0 78 0.5 92 0.7 
8228 39 0.5 50 0.3 69 0 83 0.5 94 0.8 
8243 20 0.8 44 0.3 51 0.9 80 0.9 97 0 98 0.5 
8255 4 0.9 11 0 42 0.6 47 0.7 69 0 
8352 39 0.6 
8413 19 0 64 0.8 70 0.9 78 0.7 
8484 12 1 46 0.3 79 0.6 
8546 11 0 12 0.5 34 0.3 46 0.6 48 0.3 64 0.9 70 0.3 79 0.8 84 0 85 0.4 
8575 38 1 58 1 73 0.8 
8767 19 0 
8797 14 0 28 0.9 43 0 58 0.7 89 1 
8896 25 0.7 60 0 
8927 23 0.5 24 0.5 27 0.4 69 0.7 79 0 86 0.6 
9066 12 0.5 14 0 18 0.5 21 0.7 22 0.3 47 0 78 0.6 90 1 98 0 
9072 3 0.5 12 0 15 0.7 21 0.6 27 0 60 0.5 64 0 73 0.7 81 1 
9249 46 0 74 0.5 
9278 13 0.7 33 0.4 48 1 66 0.8 78 1 
9323 14 1 68 0 
9452 0 0 
9524 7 0.6 12 0.3 16 0.4 30 0 52 0 55 0 72 1 84 0.9 93 0.9 
9599 2 0.5 3 0.8 50 0.5 54 0.5 85 1 
9848 1 0 11 0.7 14 0.6 32 0 33 0.3 53 0.3 62 0.9 94 1 
