100
8 11 1 29 0 41 0.5 78 0.7 88 0.9 
26 10 0.7 23 0.6 44 0.7 70 0.9 86 1 98 0.3 
167 12 0.3 82 0.8 
240 15 0 23 0.8 39 0.9 60 0.8 77 0.6 87 1 90 0 
278 40 0 68 0 
605 2 0.9 16 0.6 27 0.9 61 0.8 95 0.8 97 0.5 
694 17 0.5 35 0.4 51 0 69 0 78 0.9 83 0 86 0.9 87 0.3 
782 76 0.5 86 0.3 
839 0 0.3 4 0.3 21 0.8 23 0.7 27 0 77 0.3 87 0.5 
938 97 0.7 
1024 9 0.6 18 0.4 29 0.3 33 0 81 0.5 99 0 
1037 10 0.6 16 0.9 17 0.8 41 0.5 43 1 44 0.8 62 0.8 83 0.7 84 0.9 
1054 69 0 78 0.9 
1106 17 0 27 0.7 51 0 80 0 92 0.5 
1132 22 0.9 31 0.8 88 0 96 0.7 
1191 25 0.5 
1217 12 0.8 24 0.9 63 0.4 
1445 30 0.4 48 0.9 
1650 0 0 2 0 58 0.7 
1796 20 0.6 45 0.3 54 0.9 72 1 91 0 98 1 
1836 21 0 71 0.4 83 0.8 98 0.3 
1876 6 0.7 27 0.8 44 0 81 0.9 
1938 12 0 19 0.9 46 0 56 0 62 0 75 0.6 82 0 90 1 
1970 42 0.8 58 0 66 0.8 75 1 
1997 42 0.5 60 0.4 
2168 6 0.8 15 0.7 32 0.9 52 0 65 0.7 
2340 7 0 43 0.7 75 0 99 0.7 
2760 59 0.6 
2791 56 0.4 66 0 82 0 90 1 
2948 19 1 45 1 48 0 54 0 61 0.8 72 0.4 79 1 
3026 23 0.3 26 1 33 0 58 0 72 0.4 74 1 87 0 89 0.9 
3096 30 0 38 0.9 69 1 72 0.6 83 0.5 84 0.4 
3428 94 0 
3504 11 0.7 22 0.8 51 0.8 54 0.6 88 0.6 90 0 98 0.6 
3572 3 0.7 4 0.8 9 0 54 0.8 68 0.8 69 0 83 0 84 0.9 88 1 
3727 18 0.6 43 1 51 0 59 0 73 0.8 99 0.7 
3729 26 0 40 0.3 80 0.9 
4025 11 0.8 22 0.5 49 0 95 0.7 
4171 10 1 22 0.5 38 0 52 0 53 1 60 0 72 0.9 80 0 81 0.5 91 0 
4414 33 0 53 0.9 67 0 84 0.8 
4422 1 0 16 0.9 38 0 40 1 46 0.8 64 0 69 0.4 84 0.3 90 0 99 0.9 
4593 19 0 22 0.8 57 0.3 72 0.5 78 0.6 
4614 9 0.8 13 0 25 0.6 33 0.5 36 1 43 0.3 46 0.6 53 0 57 0 58 0 
4620 19 1 36 0.9 45 0.8 51 1 53 0.6 55 0.5 
4678 1 0.9 33 0.4 43 0.6 44 0.8 55 0 71 0.8 81 0.6 90 0.7 
4701 2 0.3 48 0.3 
4774 37 0.9 47 0 59 0.9 68 0.6 88 0 
4842 10 0 47 0.5 71 0.6 91 0 
4890 5 0 29 0.4 46 0.6 55 0.7 
4917 17 0.4 33 0 
4951 30 0.4 34 0.6 55 0.9 68 0.6 
4970 9 0.6 13 0.3 22 0 23 0.7 25 1 31 0.6 53 0.8 90 0.9 
5038 28 0 56 0.8 72 0.6 
5107 2 0 17 1 29 0.5 37 0.6 44 0.3 66 0.7 70 1 
5258 0 0.8 16 1 38 0.8 41 0.5 69 0.7 76 0.7 78 0.6 94 1 
5449 10 0 13 0 17 0 28 0 48 0.4 57 0.9 77 0.9 
5470 6 1 14 0.8 17 0.4 22 0.3 32 0.6 40 0 51 0 61 1 79 0.5 
5738 3 0 5 0 24 0.8 46 1 48 1 52 0 56 0 66 0.6 86 0 89 0.8 
5823 95 0 96 0.6 
5868 0 0 2 0 16 0 47 1 52 0.4 62 0.3 77 0 99 0.7 
6005 5 0.6 
6101 62 0.6 77 0 
6445 70 0 
6501 7 0.5 13 0 16 0.9 38 0.6 45 0.9 60 1 64 0.8 67 0.4 68 0.6 93 0.7 
6809 19 0 72 0.5 91 0.4 
6949 33 0.7 80 0.9 82 0.8 94 0 
7192 6 0.3 7 0.9 13 0 18 0.8 24 0.7 33 0.9 46 0.9 54 0.6 65 0 72 0 
7195 22 0.7 39 0 66 0.6 75 0.6 95 0.3 96 0.7 99 0.4 
7294 42 0.4 63 0.4 88 0.5 
7469 5 0.6 7 1 17 0 18 0.6 57 0.8 61 0.7 75 0.6 80 0 93 0.5 
7522 1 0.7 18 0.5 22 0.9 62 0 71 0.5 74 0.6 85 0.5 
7528 3 0.9 24 0 
7576 1 0 37 0 45 0 57 0 61 0.7 63 1 78 1 
7935 5 0.8 9 0.4 17 0.9 24 0 28 0.5 34 0.4 91 0 95 0 
8117 17 1 39 0.6 47 0.4 
8145 54 0.5 85 0.4 
8148 11 0 13 0.6 27 0.9 33 0.3 39 1 45 0.3 46 0.5 49 0.4 66 0 74 0.3 
8336 19 0 28 0.8 70 0.6 92 0 
8385 6 0.5 65 0.6 67 0.5 
8424 20 0 43 0.5 63 0.8 68 0.5 99 0 
8439 31 0 33 0 70 0 94 0.9 
8584 32 0.6 37 0.6 55 0.9 71 0 78 0 79 0.9 80 0.6 83 1 93 0.4 
8735 24 0 36 0.6 46 0 50 0.9 57 0.4 64 0.6 73 0.7 
8892 25 0 37 0 41 0.4 97 0.6 
8932 4 0.9 37 0 
9001 0 0 6 0.7 28 0 40 0.7 53 0 67 0 68 0.3 69 0.3 83 0.3 
9123 2 0.3 67 1 
9149 2 0.5 4 0.4 7 0.7 10 1 29 0.3 44 0.6 45 0.3 77 0 95 0.8 
9163 8 0 38 0.8 58 0.6 59 0 
9261 5 0.5 12 0.3 14 0 23 0 40 0.3 78 0.5 86 0.4 
9282 67 0 73 0 
9349 0 0 4 0.9 8 0.7 17 0.3 25 0.3 31 0 33 1 37 0.8 52 0.4 91 0 
9467 35 0.4 78 0.6 94 1 
9479 59 0.8 
9506 7 0.6 15 0.3 21 0.5 34 0 45 0.8 53 0.4 63 0.8 81 0 83 0.5 85 0.3 
9527 0 0 31 0.9 36 0.6 40 0.3 42 0.6 96 0.6 
9686 3 0 62 0.6 
9787 10 0 30 0.4 37 1 39 0 47 0.8 69 0.9 77 1 79 1 91 0 
9881 26 0 39 0 62 0.5 80 0.6 85 0.6 90 1 
9934 3 0.3 4 0.3 16 0.8 30 0.5 44 0.3 71 0.3 78 0.3 96 0 
