100
20 1 0 15 0.5 22 1 30 0.3 36 0.6 43 0.7 77 0.5 82 0.6 85 0 91 0.4 
217 9 0 18 0.7 27 0.3 41 0.5 48 0 52 0 63 0 87 0.9 89 0.5 96 0.9 
280 13 0.7 50 0.8 52 0.9 
295 12 0 41 0.5 48 0.5 
485 1 0.8 22 0.3 44 0 56 0.8 
503 57 0.3 69 0 78 1 84 0.4 85 0 
557 50 0 86 0 
641 10 0.9 20 0.3 21 0.5 37 0.8 46 0 64 0.5 72 0.7 75 0.7 76 0 97 0.4 
755 28 0.6 33 0.4 85 0.7 92 0.8 97 0.7 
983 6 0 13 1 18 0 31 1 55 1 
1089 2 1 6 0 23 0 26 1 42 0.6 78 0.9 85 0.6 87 0 95 0.8 
1175 0 0.3 9 0.5 14 0.5 18 0.8 30 0.9 51 0 80 0.8 82 1 
1229 20 0.4 30 0.5 40 0 43 0.4 45 0.4 61 0.7 84 0 90 0.9 
1251 30 1 
1383 10 0.6 67 0.5 94 0.9 99 1 
1397 15 0.7 24 0.7 45 0.6 63 0.4 73 0.6 85 0.5 94 0.7 97 0 
1436 3 1 
1476 16 0 32 1 40 0.3 61 0 
1496 0 0.6 17 0.3 23 0.4 29 0.6 
1546 15 0.8 22 0.9 29 1 98 0.4 
1617 30 1 31 0 59 1 61 0.5 67 0.3 68 0.4 85 0.5 
1684 99 0.4 
1758 0 0 21 0.5 66 0 91 0 
1850 4 0.8 12 0.3 34 0 38 0 48 0 59 0.7 61 1 74 0.7 87 0.9 
1859 13 0 16 0.9 41 0.4 59 0 79 0 85 0.3 
1868 8 0.3 14 0.6 16 1 35 0.5 48 0.7 64 0.5 94 0.7 
1955 3 0.3 15 0.8 17 0 23 0.4 47 0.3 52 0 60 0 61 0.5 65 0 
2115 4 1 7 0.5 32 0.5 45 0.6 59 0 84 0.9 85 1 89 0.6 94 0.8 99 0.8 
2186 13 0.8 15 0.3 45 0.7 58 0 94 0.3 99 0.9 
2206 17 1 37 0.7 87 0 
2213 24 0 49 0 70 0 95 0.6 
2230 3 0 56 0.9 99 0 
2293 34 0.7 37 1 44 0 64 0 70 0.8 98 0 
2347 18 0 43 0.5 45 0.4 48 0.7 57 0 63 0.6 90 0.7 93 0.7 98 0 
2356 65 0.9 70 0.8 
2358 4 0.6 10 0.7 50 0.9 56 0.3 65 0.8 
2373 38 0.4 
2403 16 0.4 
2517 11 0.5 25 0.6 32 0.4 37 0.7 63 0.8 84 0 
2622 9 0 49 0 68 0.4 
2671 2 0.6 14 0.5 16 0.4 31 0.8 36 1 59 1 82 0.9 
2696 14 0 24 0.9 31 0.3 40 1 94 0.4 
2774 16 0 34 0.7 84 0.4 
2859 5 0.7 10 1 44 0 50 0 85 0 
2929 54 0.7 83 0.7 95 0.8 
2931 40 1 86 0 88 0.5 97 0 99 1 
3277 88 0 
3353 16 0.4 21 0.7 45 0 50 0 55 0 61 0 96 0.5 
3433 87 0 
3519 5 1 14 0 36 0.9 
3670 7 1 40 1 44 0.6 62 0.4 
3760 23 0.8 64 0 95 0.3 
3784 31 0 39 0.6 60 0.4 89 1 95 0.9 
4008 20 0 28 0.3 39 0 49 0 97 0 
4071 10 0.9 20 0.4 61 0 89 0.8 
4126 4 0.4 11 0.3 38 0 40 0.8 45 0.6 59 0 76 0.4 
4172 45 0.6 84 0.6 
4315 11 0.5 17 0.9 34 0.9 49 0.9 79 0.9 
4505 84 1 
4619 7 0.3 20 0.7 33 0.4 51 1 53 0 57 0.3 77 0.6 
4635 1 0.8 7 0.3 9 0.6 25 0 54 0 65 0.6 69 0.8 82 0.8 91 1 
4862 65 0.4 
5132 58 0 
5335 10 0.9 31 0 34 0.4 39 0.3 61 1 82 0 99 0 
5430 2 1 7 0.6 15 1 27 0.7 33 0 63 0 75 0 79 1 
5448 8 1 17 0.3 36 0.5 39 1 58 0.9 63 1 97 0 
5570 71 0.8 
5742 34 0.5 46 0.6 65 0.7 80 0.3 97 1 
5765 2 0 11 0 49 0.7 
6186 48 0 
6356 28 1 49 0.9 80 0.7 
6561 13 0 48 0.6 54 0.4 81 0.5 87 0 94 0.4 
6739 5 0.5 13 0 48 0.4 55 0 78 0.6 90 0.7 
7023 22 0.5 34 0.5 
7050 28 0.3 54 0.8 86 0 
7154 50 0.9 
7292 9 0.7 17 0.7 20 0.8 43 0 55 0.7 58 0.9 73 0.5 75 1 80 0.4 93 0 
7429 10 0 38 0.7 42 0 59 0.9 61 0.4 78 0.5 83 0.7 93 0 
7467 2 0.6 5 1 46 0 50 1 74 0.9 79 0.4 96 0 97 0.8 99 0.5 
7472 25 0.3 26 0 32 1 50 0 51 0.8 55 1 57 1 62 1 81 0 87 0.7 
7606 10 0.5 13 0.3 19 0 24 0.3 26 0.5 32 0 55 0.6 69 0.7 84 0.4 99 0.7 
7686 31 0.7 
7833 21 0.5 29 0.9 
7851 13 0.5 57 0 99 0.4 
7950 49 0.8 76 0 
8005 7 0 21 0.8 29 0.6 35 0.7 55 0.9 58 0.3 79 0.6 80 0.9 89 0.5 98 0.3 
8222 15 0 32 0 48 0.6 66 0.9 69 1 81 1 
8458 9 0 12 0.8 20 0.8 21 0.9 33 0.7 48 0 54 0.9 87 0.7 
8689 0 0.8 9 0.4 43 0 44 0 52 0.4 62 0.7 73 0.4 78 0.7 93 0.6 97 0 
8833 9 0.4 25 0.7 26 0.3 51 0.3 59 0.3 64 0.6 76 0 88 0.3 
8923 10 0 26 0 47 1 53 0.3 58 0.8 63 0.7 
8940 19 0 20 0 33 0.8 46 1 48 1 55 0.6 60 0 77 0.6 79 0.4 86 0.9 
9009 0 0 15 0 31 0.6 99 0.4 
9122 26 0.9 29 0 39 0.6 41 0.7 46 0.8 49 0.7 74 0.3 78 0.5 86 0.4 98 0 
9130 30 0 70 0.6 72 0.6 
9303 2 0.5 7 1 10 0 15 0.8 17 0.6 25 0.3 26 0 39 0.7 54 0 85 1 
9390 36 0.3 41 0.5 70 0.5 74 0.6 77 0 81 0.6 91 0.7 
9649 7 0.8 18 0 26 0 27 0 46 0.8 55 0 62 0 89 1 91 0.8 97 0.5 
9685 3 0.5 20 0 27 0 34 0.4 90 1 
9992 52 0.9 81 0.5 
