100
92 7 0.3 8 0.7 29 0.7 92 0.8 
316 22 1 37 0.5 39 0 48 0 77 0.4 
438 30 0.3 66 0.3 85 1 91 0.7 
470 14 0.3 18 0.5 19 0 33 0 41 0 50 0.7 61 0.4 70 0.8 85 0.4 95 0.5 
559 19 0.9 51 0.9 57 0 70 1 74 0.9 83 0.7 84 0.6 
574 7 0.7 20 0.6 62 0.9 92 0.5 
594 17 0 31 1 47 0.7 58 0.5 74 0.4 75 0 88 0.4 
661 3 0.7 42 0 43 0 
673 0 0.9 40 0.8 41 0.4 56 0 59 0 70 0.9 78 0.6 79 0 
704 0 0.4 24 0 83 0.4 85 0.4 87 0.7 
719 21 0.3 53 0.8 91 0.3 
830 9 0.5 45 0 46 0.6 51 0.8 62 0.9 67 0.6 90 0 91 0.8 94 0.3 95 0.7 
949 0 1 6 0.6 7 0.8 17 0.7 35 0 50 0 52 0.7 77 0.5 79 0.3 81 0.8 
975 1 0 
1015 13 1 
1097 16 0 43 0.7 70 0.8 73 0.9 95 0.8 
1180 9 1 37 0.5 75 0.8 80 0.9 
1498 0 0 2 0.5 17 0.4 32 0.5 49 0 51 0.4 66 0.7 99 0.9 
1514 0 0 22 0.6 46 0.3 68 0.5 82 0.8 86 0.7 87 0 97 0.7 99 0 
1581 0 1 4 0 13 0.4 41 0 56 0 60 0 90 0.6 
1587 9 0.7 42 0 47 0 55 0 76 0 77 0.9 
1749 27 0 41 0.5 
1766 34 0.4 81 0 98 0 
1789 5 1 19 0 53 0.5 54 0.6 67 0.6 68 0.4 84 0.3 88 0 89 0.7 90 0.9 
1844 10 1 40 0 48 0 91 1 
1880 6 1 45 0.9 98 0.9 
1898 26 0.3 60 0 62 0 67 0.5 69 0.8 76 0.8 78 0.9 79 0.5 84 0.4 
1927 1 0.5 19 0.6 32 0.3 33 0.6 75 0.9 
1957 9 0 11 0.3 97 0 
1986 18 0.8 29 0 31 1 34 0.5 60 0.8 70 0.3 73 0.3 95 0.5 
2015 14 0.4 35 0.5 97 0.8 
2080 20 1 78 0 
2323 31 0.6 36 0 45 0 69 0.3 
2461 2 0.6 5 0.3 18 0 22 0.4 24 0.5 42 0 55 0.4 58 0.7 79 0.5 92 0.8 
2634 1 0.3 39 0 42 0 58 0 59 0.3 64 0.8 67 1 68 0 87 0 91 0.6 
2732 4 0.8 57 0 
2754 6 0.6 29 0.4 31 0 53 0.4 56 0.4 60 0.9 62 0.4 74 0.3 89 1 92 0.4 
2778 2 0.5 5 0.6 8 0.8 22 0.9 29 0.3 52 0 73 0.9 92 0.8 
2906 11 0.3 14 0.9 15 0 66 1 80 0.8 91 0.5 94 0.6 
2969 5 0 21 0.9 
3138 11 0 39 0.5 49 0.7 60 0.4 92 0.6 96 0 
3223 8 0.6 12 0.5 19 0.3 
3372 5 0 20 0.9 21 0.9 28 0.3 44 0.3 76 0.8 88 0.4 99 0 
3374 12 0.5 20 0.9 30 0 36 1 
3412 41 0.4 73 0.6 79 0.4 
3485 29 0.3 33 0.4 39 0 62 0.8 71 1 72 1 81 0.8 99 0.4 
3542 55 0.6 68 0 71 0.3 
3565 11 0 
3778 9 0 66 0.5 86 0.9 
4012 0 1 9 0 11 0.8 18 0 22 0.4 23 0.4 47 0.7 77 0 78 1 87 0.4 
4092 6 0.6 37 0.7 83 0.3 
4178 20 0.8 47 0.9 70 0 
4205 17 0.9 26 1 44 0 54 0.8 62 0.4 63 0.3 64 0.9 77 0 89 0.4 90 0 
4274 2 1 18 0 19 0.8 43 0.7 47 0.9 59 0.7 71 0.9 83 0.3 
4296 10 0.7 19 0.4 22 0.3 44 0.7 75 0 
4445 13 0.6 25 0.7 28 0.6 37 0.4 39 0.7 47 1 49 0 57 0 72 0.4 93 1 
4451 1 0.9 6 1 19 0 28 0.8 
4515 9 0.9 32 0.5 77 0 78 0.3 
4926 7 0 17 0.3 18 0 64 0 75 0.8 78 0 88 0.6 93 0 
5126 12 0 38 0 40 0 44 0.9 65 0.5 78 0.8 90 0.5 93 0.5 97 0.5 
5133 7 0.7 13 0 36 0 39 0.5 62 1 87 0.8 88 0 90 0 92 0.3 93 0 
5237 3 0 7 0.3 12 0 13 0.5 15 0.8 34 1 50 1 52 0.9 60 0 
5427 2 0.3 33 0 46 0.7 62 0.3 
5444 13 0.6 35 0.4 41 1 47 0.5 66 0 82 1 
5500 0 0.5 20 0.7 23 0 29 1 35 0.8 46 0.7 77 0.6 99 0.5 
5614 1 0.4 4 0 23 0 88 0 
5629 39 0.6 63 0.9 
5774 6 0 
5991 37 0 46 0.8 49 0.4 
6025 2 0 36 0 58 0.5 63 0.3 66 0.3 
6415 71 0 72 0.4 
6491 10 0 46 0 60 0.5 65 1 68 0.3 70 0 72 0 90 0.9 
7087 0 0.9 8 0.9 70 0.6 88 0.7 99 0.8 
7095 14 0.3 19 0.5 32 0 49 0.6 51 1 64 0.8 81 0 
7184 30 0.7 53 0.7 
7447 0 0 1 0.7 14 0.6 28 0.7 34 0 70 0.4 73 0.7 74 0.8 88 0.4 
7572 14 0 48 0.5 
7634 30 0.8 55 0.4 56 0 73 0.7 74 0 
7919 75 0.3 
8034 0 0.8 4 0.5 5 0.8 12 0.7 17 0.5 20 0.3 31 0.3 37 0 40 0.8 57 0.4 
8071 42 1 44 0.3 65 0.5 
8151 29 0 61 0 81 1 92 0.4 
8157 1 0.9 7 0 
8313 3 0.7 13 0.8 53 0.7 90 1 91 0.4 
8315 5 0.4 22 0.6 36 0.4 59 0 63 0.8 
8430 5 0.5 10 0.7 25 0 68 0 82 0 92 0 97 0.9 98 0.6 
8739 19 0.4 
8770 18 0.7 
8816 14 0.3 36 0.4 45 0.5 
8851 14 0.8 32 0.4 
9157 19 0.6 22 0.3 32 0.8 45 1 99 0 
9275 6 0.7 49 0.4 53 0.7 68 0.4 
9296 2 0 18 0.8 25 0 42 0 44 0 95 0 99 0 
9383 30 0 38 0.3 49 0.6 72 0 75 1 
9392 23 0 56 0.6 65 0.7 76 0.6 83 0.6 
9401 2 0.3 34 0.7 36 0.7 37 0.3 41 1 90 0.8 
9443 5 0 21 0 49 0.6 50 0.3 63 0 75 0.6 80 0.5 84 0 90 0 96 0.7 
9465 26 1 32 0.3 34 0.4 44 0.9 50 0 59 0 
9485 30 0.4 
9599 2 1 3 0.8 50 0.7 54 0.8 85 1 
