100
38 11 1 22 0 65 0.9 86 0.4 87 0.7 93 0.3 97 0.7 
126 1 0 53 0.7 55 1 92 0 94 0.9 
338 15 0 22 0.3 34 0 47 0.8 48 0.4 68 0 78 1 
419 29 0.9 35 0.6 51 1 
464 30 0.6 
547 8 1 12 0.8 41 0.8 51 0.7 
556 22 0.3 38 0.7 39 0.6 54 0 60 0 63 1 76 0.5 
586 0 0 1 0.6 18 0 30 1 37 0.3 93 0.7 
589 1 0 18 0.8 28 0.8 30 0.4 35 0.5 44 0.6 49 0.8 97 0.7 
679 52 0.8 71 0.5 82 0 
801 4 0.4 5 0 18 0 37 0 63 0.3 66 0.8 72 0.9 
819 38 1 
880 4 0.4 5 0.7 49 1 54 0 59 0.3 68 0 77 0.4 88 1 
955 29 0.6 38 0 74 0.3 
974 1 0.5 29 0.5 44 0.3 45 0.6 60 0.7 75 1 80 0.6 
982 14 0 26 0 48 1 89 0.8 
1357 4 1 41 0.3 50 0.9 56 1 58 0 61 0.4 68 0.8 85 0 98 0.8 
1358 1 0 45 0 95 0.8 
1399 11 0.5 28 0.7 39 0.7 49 1 50 0 65 0 67 0.4 
1573 7 0 9 0.4 13 0.9 17 0 28 0.7 39 1 42 0.5 58 0.9 76 0.4 
1664 14 0 77 0.3 88 0.9 
1703 1 0.7 36 0.4 37 0.3 57 0 67 0.5 
1779 19 0.7 22 0 25 0.5 30 0.3 39 0.3 48 0.4 53 0 81 1 99 0 
1931 6 0.9 24 0 52 0.8 61 1 71 0.4 
1998 15 0 
2011 11 0.5 44 0 87 0 93 0.4 
2066 39 0.8 
2094 3 0.9 33 0 87 0.7 91 1 93 0 
2215 61 0.7 
2301 2 1 13 0.3 19 1 28 0.6 59 0.4 60 0 88 0 91 0 95 0 96 0.9 
2326 4 0.6 17 0.5 25 0.5 
2369 28 0 72 0 99 1 
2375 8 1 34 0.8 48 0.9 55 1 60 0.8 96 0 98 0 
2494 12 0.7 13 0.9 36 0.7 43 0.3 
2524 14 0 21 0.5 24 0.5 30 0.3 33 1 34 0.5 49 0.3 60 1 97 0 
2644 2 0.4 4 0.4 26 0 50 0 51 0.7 58 0.6 69 0.9 73 0 86 0 93 0.9 
2652 8 0 11 0.8 30 0 37 0.7 49 0.7 80 0.4 
2699 4 0 20 0.9 55 0.7 58 0 88 0.7 90 0 
2726 19 1 46 0.7 57 0 82 1 
2751 15 0 16 0.4 20 0.9 28 0.6 43 1 55 0.6 63 0.5 65 0.3 67 0.5 76 0 
2761 15 0.8 64 0.4 
2845 42 0.5 95 0.9 
2857 84 1 96 0 
3188 4 0 8 0.3 29 0 31 0 76 0.5 79 0 89 0.7 
3471 27 0.7 
3509 1 0.8 19 1 29 0 38 0.9 44 0 52 0 59 0.3 62 1 83 0.3 
3582 21 0.4 67 0 
3611 2 0.9 7 0.8 
3627 2 0.8 22 0 33 0.4 39 0.7 41 0.3 52 0.4 63 0 66 0 80 0 84 0.6 
3730 90 0.4 
3802 21 0.5 40 0 55 0.3 60 0.5 67 1 70 0.5 78 0.8 85 0.4 92 0.3 
3897 17 1 34 1 
3934 12 0.5 70 0.9 
4021 50 0.8 87 0.9 
4160 23 0.5 
4195 5 0.3 6 1 84 0.9 
4196 4 0 23 0 26 0.4 65 0.8 82 0.3 85 0.8 88 0.5 93 0 94 1 
4434 2 0 3 0 53 0.9 60 1 63 0.9 67 0.8 
4517 43 0 
4531 17 0 25 0.4 39 0.8 49 0.5 69 0 76 0.8 90 0 92 0 
4653 52 0.8 57 1 70 0 
4709 36 0.6 
4802 0 0.6 5 0.6 16 0 45 0 46 0.9 69 0.7 76 0.5 79 0.6 94 0.7 97 0.5 
4862 65 0.9 
5002 22 0.7 58 0.7 
5096 2 0 6 0 8 0.5 11 0.5 19 0.3 23 0.5 38 0 44 0.4 
5309 2 0.7 6 0 13 0.7 22 0 27 0 55 0 89 0.9 94 0.8 
5325 11 0.8 47 0.3 49 0 63 0.4 
5477 33 0 71 0.4 80 0 82 1 
6071 6 0.4 33 0.5 62 0 65 0 80 0.4 85 0.4 89 0.8 91 1 
6186 48 0.8 
6205 24 1 50 0 62 0.6 68 0.6 71 0.6 72 0.9 85 0.7 90 1 
6276 3 0 64 0 
6569 10 0.9 17 0.3 42 0.6 54 0.8 70 0.4 
6586 54 0.9 62 0.5 
6693 16 0 31 0.7 37 0.3 57 0.6 63 0.7 77 0.6 
6739 5 0.3 13 0.5 48 0.8 55 0.6 78 1 90 0 
6800 50 0 59 0.7 60 0.4 62 0 96 0.7 
6838 7 1 11 0.5 12 0 13 0.5 28 0.7 50 0.4 64 0 65 0.9 72 0.4 77 0 
6924 4 0.5 17 1 35 0.8 36 0.7 64 0.6 70 0.6 99 0.3 
6930 11 0.9 16 0 82 0.5 83 0.5 99 0 
6968 1 0.4 2 0.5 5 1 11 0.9 20 0.9 69 0 76 0.6 84 0 
7113 38 0.7 
7222 8 0.5 9 0.4 18 0 29 0.9 44 0.4 45 1 46 0.4 47 0.9 87 0.3 
7348 47 0.3 66 0.8 69 0.8 
7372 5 0 12 0 20 0.4 45 0.5 55 0.6 57 0 62 1 68 0.5 86 0 89 0.8 
7403 2 0.7 25 0.7 29 0.8 39 0 51 0 71 0 73 0.8 77 1 83 0.6 93 0.8 
7617 53 0.4 90 1 93 0.7 97 0.7 
7657 6 0 42 0.5 43 1 45 0.5 53 0.4 57 0 60 0.3 67 0.7 84 0.3 
7743 14 0.7 18 0 19 0.8 28 0 57 0 82 0 83 0.5 86 0 
7850 23 0.3 32 0.6 44 0.3 45 0.7 48 0.4 66 1 69 0.5 
8144 47 0 74 0.6 94 0.3 98 0.8 
8325 39 0.9 51 0.5 64 0.6 80 0 
8335 6 0.8 51 0.9 60 0.6 69 0.9 
9036 0 0.9 6 0.7 21 0.8 51 0.7 74 1 84 0.9 85 0.8 
9479 59 1 
9532 78 0.8 
9642 10 0.3 93 0.6 
9761 4 0.4 22 0.3 28 0.4 40 0.3 63 0.5 66 0.4 
9995 5 0.9 7 0.6 21 0.3 60 0 66 0.7 72 0.7 74 1 85 0.5 90 0 
