100
10 29 0.7 85 0.5 
160 22 0.5 33 0.8 40 0 43 0.8 98 0.9 
180 14 0.8 18 0.7 20 0.8 35 0.4 72 0 94 0.8 98 0 
220 0 0 19 0.9 42 0 48 0.4 65 0.7 80 0 94 0.3 97 0 
377 7 0.6 9 1 85 0 
421 18 0 23 0.8 42 0.6 43 0 46 0.9 57 0.3 61 0 77 0 
482 62 0.4 
562 11 0.8 17 0 33 0 46 0.7 49 0.4 51 0.4 81 0.8 86 0.7 
723 10 1 72 0.8 79 0.7 98 0 
731 4 0.4 20 0.7 25 0 26 0.4 30 0.4 31 0.5 33 0 46 0.9 53 0 66 0.4 
733 2 0 5 0.8 11 0 12 0.8 23 0.9 71 0.3 
921 16 0 95 0.9 
983 6 0.7 13 1 18 0.3 31 0.3 55 0.8 
1014 27 0.5 64 0 
1049 14 0.6 90 0.3 
1239 20 0.5 26 0.9 40 0.3 74 0 95 0.9 
1246 27 0 35 0.8 75 0.7 87 0 89 0 93 0.9 
1304 12 0.6 61 0.4 65 0 66 0.8 
1309 41 0.3 57 0.7 71 0.5 78 0 82 0.3 94 0.8 
1408 3 0.3 27 0 31 0.8 35 0 56 0 57 1 77 0.9 83 1 89 0.5 91 1 
1453 5 1 88 0.9 
1495 65 0 75 1 
1693 17 1 66 0.4 70 0 77 0.8 89 0 
1755 3 0.3 23 0.5 37 0.6 64 0.7 75 0.6 80 0.8 85 0 88 0.5 89 0 98 0.8 
1772 6 0 47 0 55 0 70 0 72 0.4 
1883 5 0.9 7 0.6 13 1 14 0.8 45 0 46 0.9 61 0.8 69 0.7 72 0.4 
1960 49 0 
1989 31 0.9 46 0 50 0.8 
2002 20 0.9 28 0.8 38 0 63 0 73 0.3 86 0.5 
2028 8 0.5 27 0.3 28 1 41 0.9 66 0.3 69 0 87 0 
2123 0 0.3 1 0.9 7 0 9 0 28 0 52 0.6 62 0.7 68 0.8 75 0.3 
2131 61 1 72 0.6 73 0.3 78 1 96 0.9 
2275 0 0.3 20 0.6 43 0 55 0.4 67 0.6 98 0 
2341 12 0.9 62 0 70 0 91 0 
2363 4 0 13 0.6 18 0.8 47 0.4 50 0 59 1 74 0 78 0.3 84 0 96 0.7 
2405 47 0.3 
2468 9 0.9 46 0 75 0.3 
2492 2 0.5 3 0.8 16 0.3 49 0.9 53 0.6 58 0 70 0 88 0.4 95 0 99 0.5 
2641 31 0.5 38 0.6 44 0 61 0.5 71 1 
2644 2 0 4 0.7 26 1 50 0.5 51 0.5 58 0.8 69 0.8 73 0 86 0 93 1 
2663 8 0.9 26 0.4 36 0.8 60 0.7 
2706 16 0 
2818 13 0.6 14 0.4 93 0 
3110 22 1 
3141 13 0.9 18 0.7 19 1 66 0.6 86 0.4 99 0.4 
3579 0 0.9 10 0 13 0.7 18 0.8 22 0.9 34 0.8 40 0 55 0.7 89 0 
3875 0 0.3 5 0.3 13 0.7 34 0.3 49 0.9 
3936 3 0.3 4 1 6 0.5 21 0.4 24 0.9 76 0.8 77 0 92 0.7 
4021 50 0.8 87 0.7 
4118 43 0.7 48 0.6 
4234 15 0.5 16 0 19 0.6 31 1 37 0 42 1 58 0.8 67 0.3 93 0.4 94 0.6 
4306 9 0.6 22 0.6 27 0.6 35 0 39 0 57 0.5 66 0 70 0.6 
4358 4 0.3 7 0.9 22 0 63 1 71 0.8 87 0.3 
4487 7 0.3 19 0.4 28 0.6 35 1 36 0 40 0.6 47 0.9 50 0 56 0.6 71 0.4 
4563 63 0.9 80 0.6 83 0.4 
4665 32 0 35 0.6 38 0.4 70 0 85 0.8 
4730 28 0 63 1 
5019 15 0.8 39 1 54 0.9 96 1 
5033 2 0 19 0.4 34 0.8 51 0.8 70 0 
5053 21 0 54 1 87 0.4 92 0.5 
5057 41 0 
5205 52 1 59 0.5 61 0 
5307 21 0.5 69 1 77 0.3 87 0 
5589 2 0.7 10 0.5 13 0.8 18 0.6 49 0.8 79 0.7 97 0.6 
5616 9 0.7 17 0.7 49 0.5 62 0.6 
5727 9 0 38 0.8 42 0.9 63 0.4 64 1 
5768 7 0 30 0.3 42 0.9 44 1 50 0.6 
5917 12 1 27 0.3 77 0.9 78 0.8 81 1 
6044 39 0 
6099 10 0.4 24 0.6 28 0.4 39 0.7 40 1 41 0.7 67 1 68 0 92 1 93 0.5 
6414 20 0.5 36 1 39 0 45 0.8 55 0 79 1 82 0 85 0.8 88 0.5 
6603 5 0.7 8 0.7 11 0.8 31 1 42 0.6 54 1 65 1 74 0.7 
6662 21 0 35 0.7 36 1 
6673 39 0.5 40 0.9 86 0 
7072 8 1 17 0.3 25 0 47 0.5 54 0.7 55 1 71 0.3 89 0 99 1 
7353 40 0.7 68 0 
7638 12 0 15 0 24 0.6 31 0.7 33 0 39 0.5 
7830 36 0 
7989 20 0.3 35 0 37 1 65 0 81 0 89 0.4 98 0 
8002 4 0 9 0.5 16 0.7 21 0 39 0 71 0.4 80 0.6 83 0.6 
8105 97 0 
8175 69 0 86 1 
8180 24 0.8 38 0.9 75 1 
8194 21 0.3 25 0 34 0.5 38 0.5 40 0.5 53 0.6 
8379 40 0.3 59 0.4 77 0.9 80 0.8 
8435 37 0.8 75 0.5 
8503 9 0.8 12 0.3 15 0 22 0 33 0.6 41 0.7 55 0 56 0.8 81 0.7 95 0 
8543 2 0 16 0.9 76 1 79 0 84 0 96 0 
8751 3 0 7 0 10 0.3 15 0.8 82 0.3 
8929 58 0.8 
9075 17 0.3 
9180 8 0.6 14 0.5 20 0.3 21 0 26 0 31 0.9 34 0.7 93 0.8 95 0 
9246 6 0.3 7 0.3 50 0.3 58 1 61 0.3 84 1 85 0.7 95 1 
9382 59 0.8 
9512 25 0.8 28 0.6 57 0.4 58 1 63 0 66 0.8 70 0.8 80 0 89 0 
9651 3 0.6 8 0.9 48 0.5 49 0.5 51 0.6 57 0.3 59 0.8 65 0.8 77 0.8 
9744 13 0.7 54 0.7 95 0.8 
9865 51 0.5 59 0 63 1 
9873 1 0 15 0.5 72 0.8 75 0.4 
9933 2 1 22 0.5 24 0 59 0 97 0.5 
