100
41 8 0.7 35 0.3 40 0.9 41 0.3 42 0.4 77 0.3 92 0.3 
83 5 0.5 8 1 13 0.4 21 0.3 37 0 42 0 55 0.7 60 0 85 0 
191 2 0.7 26 0.9 60 0.9 63 0 66 0.9 
207 7 0.9 13 0.3 19 0.8 38 0.6 39 0 68 0 81 0.4 89 0.6 
253 97 0.9 
286 25 0 48 0.4 51 0.4 55 0.7 56 0.7 64 0 86 0.3 90 0.9 93 0 
344 21 1 29 1 33 1 58 0.5 73 0.6 77 0.3 88 0.4 89 0 91 0.7 
345 2 0.9 16 0.4 33 0.5 42 0.8 43 0.5 62 0.3 83 0 94 0 
516 6 0.8 13 0.7 25 0.4 61 0.7 66 0 77 0 
520 15 0.6 35 0 50 1 
551 5 0.7 7 0.8 11 0.8 15 0.6 24 0.5 26 0.6 29 0.9 55 0.5 64 0 76 0.4 
703 58 0.6 
729 28 0 40 0.9 45 0.9 
743 26 0 36 0.9 64 1 69 0.3 85 0.6 99 0.5 
816 2 0.6 22 0.5 46 0 
822 7 0.3 16 0 18 0 20 0.7 42 0.3 44 0 85 0.8 92 0.9 94 0 97 0.3 
855 39 1 56 0.9 70 0.5 79 0.8 81 0 
1077 24 0.8 44 0.9 49 0.3 52 0.6 65 0 68 0 76 0.6 83 0.4 90 0.9 95 1 
1102 8 0.6 90 0 
1299 60 0.3 
1302 17 0.6 28 0 42 0.5 61 0.6 79 0 
1357 4 0.6 41 0.8 50 0.4 56 0.5 58 0.3 61 0.6 68 0.8 85 1 98 0.5 
1554 6 0.6 19 0 27 0.4 34 0.9 
1581 0 0.6 4 0 13 1 41 1 56 0 60 0 90 1 
1598 56 0.3 82 0.8 
1685 11 1 
1733 13 0 19 0.8 30 0.5 33 0 38 0 
1746 2 0 11 0 15 1 22 0.5 23 0.7 36 0.9 45 0 87 0.7 89 0.8 93 0.7 
2284 5 0.5 14 0.4 25 0.9 33 0.4 63 0.3 71 0 72 0.6 83 0 
2285 79 0.9 
2319 23 0.5 85 0 87 0.3 
2361 15 0.5 32 0 33 0.4 52 0.3 56 0.8 62 0 69 0.3 71 0.5 95 0.7 
2395 0 1 17 0.9 20 0.4 94 0 
2417 7 0.4 18 0.6 30 0.5 43 0 62 0.6 88 1 
2472 86 0.8 
2575 1 1 41 0.9 54 0.9 60 0.4 81 0.5 84 0.4 85 0.9 87 0.8 
2802 57 0.5 72 0.9 78 0 84 0 
2943 7 0.5 14 0 16 0.4 52 0 57 0.8 63 0.7 68 0.7 91 0.4 94 0.7 
2963 18 1 21 0.4 26 0.3 39 0.9 52 0.5 72 0 
2985 4 0.6 5 1 18 0.7 23 0.5 27 0 57 1 69 0.8 86 0.8 96 0.5 97 0 
3096 30 0.6 38 0.5 69 0 72 0 83 0 84 0.9 
3187 3 0.3 5 0.4 20 0.9 44 0 76 0 88 0.5 
3280 41 0.5 56 1 
3360 41 0 77 0 
3452 25 0.7 
3614 32 0.5 42 0.7 
3762 28 0 38 0.4 74 0.5 
3808 45 0 72 0 85 1 
3949 57 0.5 
3968 7 0.8 8 0.9 46 1 75 0 
4124 0 0.8 18 0.9 20 0.6 26 0.7 51 0.7 63 0.5 76 1 78 0.3 90 0.4 
4374 34 0.3 
4509 4 0 61 0.8 68 0.3 84 0.5 98 0.7 
4588 55 0.4 87 0.4 
4746 3 0.3 10 0 81 1 
4898 18 0.5 47 0.9 50 0 54 0 63 0 99 0 
4998 30 0.3 
5477 33 0.3 71 0.8 80 0.5 82 0.6 
5510 24 0.6 81 0.9 96 0.4 
5556 5 0.4 15 0.3 31 0.9 39 1 65 0 81 0.5 89 0.9 90 0 95 0.5 99 1 
5578 6 0.8 12 0.7 13 0.6 14 0 34 0.7 56 0.8 84 0 
5625 22 0 51 0.9 55 0 69 0.7 73 0.5 99 1 
5632 15 0.8 18 0.4 23 0.7 25 1 33 0.5 39 0.4 43 0.3 45 0.8 53 0.3 75 0.4 
5696 56 0 61 0.6 65 0.5 82 0.9 
5701 25 0.6 33 0.6 48 0.8 56 1 
5742 34 0.7 46 0.8 65 0.6 80 1 97 0.6 
6242 10 0.5 52 0 96 0.6 
6342 96 0.7 
6375 11 0 23 0.6 36 0.4 40 0.3 44 0.9 74 0 78 0.7 83 0.9 
6442 51 0.6 79 0 82 0.3 87 0.9 95 0 96 0.6 
6548 66 1 75 0.3 81 0.9 96 0.4 
6560 9 0 62 0.5 97 0.8 
6638 17 0.3 99 0.7 
6660 8 0 33 0.9 35 0.3 45 0.4 51 0.6 60 0.5 85 0.9 
6707 48 0.8 78 0.4 83 0.7 84 1 87 0 89 0.6 90 0.4 
6850 10 0.6 34 0.9 87 0 95 0 
6932 3 0.5 17 0.7 25 0.9 26 1 40 0 54 0.8 
7058 19 0.8 26 0.5 27 0 41 0.4 50 0.6 73 0 88 0 
7062 1 0 30 1 54 0 71 0.8 78 1 
7211 23 0.8 51 1 
7233 3 1 22 0.6 
7508 1 0.9 2 0.9 7 1 10 0.6 13 0.4 53 0.4 64 0.7 75 0.8 
7590 50 0.4 56 0 65 0.5 66 0.6 67 0.8 72 0.7 
7657 6 1 42 0.8 43 0.4 45 0 53 0.9 57 0.4 60 0.6 67 0.3 84 0.5 
7864 24 0.6 61 0 62 0.4 68 0 89 0 
8299 23 0.4 24 0.7 35 0.9 51 1 54 0.6 55 0.6 57 0 77 0.8 84 1 96 0.6 
8318 4 0 23 0.9 99 0.6 
8441 3 0.9 74 0.7 97 0.9 
8478 10 0.9 24 0.3 32 1 48 0 50 0.6 59 0.5 60 0.4 61 0 82 0.7 83 0.5 
8508 11 0.7 50 0 71 1 92 0.6 94 0.5 97 0.7 98 0.6 
8539 4 0.9 11 0.8 16 0 20 0.7 24 0.6 64 0.7 66 0.9 74 0.7 
8595 11 0.6 34 0.3 98 0.6 
9110 2 0.4 10 0.6 36 1 38 1 39 0 79 0 
9159 11 0.8 
9266 0 0.3 12 1 28 0.4 35 0 38 0.4 48 0 60 0 61 0 80 0.9 98 1 
9451 31 0.5 33 0 43 0.9 56 0.3 68 0 69 0.5 
9622 3 1 5 0.3 20 0.6 27 0.8 30 0.4 32 0.3 50 0 56 0.4 81 0.4 85 0.5 
9777 20 0.8 
9879 1 0.8 21 0.3 62 0.8 66 0.4 71 0.4 72 0.8 75 0.5 76 0.4 
9944 1 0 5 0.9 14 0 60 0.7 90 0.9 
