100
186 44 0.3 85 0.7 
187 52 0.7 61 1 76 0 98 0.3 
311 1 0 21 0.9 68 0.6 75 0 
312 95 0 
443 49 0.8 54 0 
499 29 0.8 48 0.8 79 0.9 
525 9 0.7 21 0.6 37 0 71 0.4 73 0.8 89 0.6 95 0.9 96 0.8 
823 94 0 
997 12 0.4 14 0.9 
1201 11 0.3 13 0 28 0 35 0.4 
1388 6 0 9 0 15 0.7 33 0.4 81 0.4 82 0 83 0.8 90 0.5 
1488 3 0 17 0.8 48 0 60 0.9 61 0 80 0.5 88 0.8 92 0.8 
1656 2 0.5 4 0.9 11 0.6 39 0.9 67 0.3 
1711 57 0.5 
1865 4 0.6 32 1 40 0.9 72 1 73 0.7 95 0 
1875 0 0.9 7 0.6 19 0.6 35 0 36 0.6 50 0 51 0.6 69 0.5 81 0.4 85 0.3 
2037 6 0.9 40 0.5 42 0.7 80 0.7 85 0 
2089 48 0 75 0 97 0.8 
2092 11 0.4 15 0 39 0.3 51 0 67 0 70 0 
2140 2 0.5 23 0.3 26 0 33 0.6 34 0.3 55 0 61 0.3 90 0 99 1 
2155 8 0.3 20 0.9 41 0.3 48 0 54 1 56 0.8 71 1 73 0.4 
2347 18 0 43 0.5 45 1 48 0.6 57 0.5 63 0.6 90 0.5 93 0.3 98 0 
2356 65 0.8 70 0.3 
2388 88 1 
2390 5 0.5 39 0.4 45 1 61 0 83 0 
2409 19 1 
2435 8 1 13 0 14 0.8 22 0 37 0.3 61 1 79 0 82 0 
2459 6 0 16 0 29 0 72 0.6 73 0.8 75 0.9 85 0 94 1 
2465 11 0.9 50 0.7 59 1 78 0.9 
2475 26 0.9 43 0.7 50 0.5 62 0.9 76 1 99 0 
2522 22 0.9 48 0.6 
2553 9 0.9 14 0.4 25 0.5 34 0.8 48 0.7 81 0 
2611 36 0.7 44 0.7 80 0.8 
2673 11 0.9 12 0.9 22 0.5 23 0.3 38 0.6 60 0 81 0.8 86 0.5 
2731 94 0.6 
2775 2 0.9 21 0.7 22 0 32 1 40 0.8 50 0 64 0.5 75 0 91 0 
2787 1 0.6 24 0 39 0.3 81 1 
2790 7 0.7 36 0.5 45 0.9 51 0.9 55 1 62 1 77 0 84 1 89 0.8 97 0 
2928 21 0.9 45 0 53 1 57 0.5 60 0.8 72 0.5 86 0.5 92 0 93 0 97 0 
2952 32 0.9 50 0.6 51 0.9 55 0 67 0 68 0.3 94 0.7 
3059 40 0.5 48 0.7 62 0 
3243 58 0.5 73 0 95 0.4 
3267 50 0.3 
3349 56 0.3 89 0.7 
3372 5 0 20 0.4 21 0.3 28 1 44 0.6 76 0.6 88 0.3 99 0.5 
3394 9 0.5 27 0.9 35 0 47 0 63 0.4 66 0.6 69 0.6 72 0.9 
3435 6 0.7 
3487 8 0 60 0.3 63 0.8 66 0.9 70 0.6 73 0.3 89 0.5 91 0.3 
3668 5 0.5 19 0.4 27 0 49 0.6 
3685 31 0 
3776 25 0 
3863 25 0.3 45 0 
3872 10 1 
3939 24 0.7 35 0.5 47 0.4 51 0.4 67 0.7 
4041 18 0.6 
4099 14 0.6 16 0 33 0 34 0.6 38 1 62 0.5 63 0.7 69 0.3 89 1 
4198 33 0.3 63 0.9 84 0.7 
4623 26 0 27 0 38 0.5 48 0.3 54 0 70 0.3 71 0.3 89 1 
4649 6 0.7 10 1 30 0 46 0.8 69 0.5 83 0 
4717 50 0.4 63 0 84 0.5 
4753 6 0.9 8 0 57 0.4 
4859 79 1 
4973 17 0.5 32 0 55 0.8 97 0.8 
5021 26 0.7 32 0.6 40 0.6 60 0.4 67 0 95 0 
5143 10 0.3 22 1 30 1 34 0.3 72 0.8 87 0.5 
5211 31 0.5 46 0 48 1 75 0.9 
5278 10 0.9 22 0.9 43 0.8 52 0.9 54 0 83 0 
5292 7 0.9 17 0.6 19 0 38 1 42 0.3 52 0.9 67 0.3 74 0 79 0.6 94 1 
5351 12 0.8 22 0 29 0.9 66 0.7 73 0.5 90 0 
5662 4 0.6 6 0 13 1 25 0 32 0.6 60 0 66 1 71 0 
5997 60 0.4 97 0.4 
6059 12 0.8 20 0.7 23 0.9 37 0 57 0.5 73 0 
6111 13 0 19 0.5 23 0.5 55 0 61 0.5 74 0.6 
6208 1 0 11 0.5 17 0.5 22 0.8 28 0.5 37 0.9 67 0.5 86 0 90 0.9 
6319 4 1 25 0.4 30 0.8 38 0 53 0.8 58 1 
6404 15 0 16 0.4 17 0.4 67 0 69 0.4 86 0.4 
6656 13 0 32 0.5 44 0.7 72 0.8 83 0.4 84 0.3 
6880 39 0.9 57 1 66 0.9 76 0.8 94 0 
6995 4 1 8 0 34 0.7 90 1 91 0.6 97 1 
7007 8 0 10 0 20 0.8 80 0 
7135 80 0.4 94 0.9 
7385 1 0.5 13 0.4 29 1 45 0 61 0.7 98 0.6 
7387 2 0.9 6 0.6 22 0 48 1 59 0 67 0 77 0.8 85 0.6 88 1 90 0 
7771 2 0.9 3 0.8 17 1 18 0.5 19 0.3 25 0 30 0.4 36 0.4 56 0.4 87 0.9 
7786 3 0 6 0.7 12 0 19 0.7 42 0.9 49 0 70 1 71 1 85 0 
8086 3 0.5 5 0.5 14 1 48 0.8 52 0.9 82 0 83 0.9 95 1 99 1 
8266 2 0.9 21 0.7 55 0.3 71 0.6 78 0 81 0 
8340 17 0 37 0.3 63 0.3 88 0.5 
8417 17 0 59 0.9 63 1 68 0 80 0 82 0.8 83 0.4 89 0.3 93 0.8 
8461 70 0.7 76 0.8 
8621 0 0 13 0 15 0 74 0.6 85 0 94 0 97 0.6 
8761 10 0.9 49 0 62 0.9 
9126 3 0 11 0 21 0.4 49 0 55 0.5 58 0.9 68 0.7 89 0.6 
9176 19 0.3 30 0.3 31 0 76 0.6 80 0.7 85 0.3 
9282 67 0 73 1 
9298 37 0.4 59 0.3 75 0 89 0.9 
9520 19 0.8 33 0.5 50 0.8 69 0 82 1 
9565 69 0.8 
9737 80 0.9 
9784 3 0.5 10 0.3 12 0.6 23 0.3 49 0.3 50 0 62 0.6 83 1 86 0.9 98 0.7 
