100
18 77 0.5 
213 1 0.6 
216 4 0.4 8 0.9 35 0.5 37 0.8 
409 8 1 10 0.6 45 1 62 0.8 72 0.9 81 0.8 
571 16 0.9 32 0.9 33 0.4 69 0 
675 8 1 15 0.6 33 0 41 0.8 45 0 82 1 88 0.5 91 0.6 
712 16 0 19 0.9 45 0.6 66 0.8 75 0 77 0.3 94 0 
799 70 0.4 
837 18 0.6 61 0.8 71 1 
930 11 0.5 14 0 16 0 40 0.9 42 1 76 0.4 77 0 88 0.5 
1011 1 0 4 0.3 28 1 31 0.3 78 0.4 93 1 
1022 72 0 
1187 5 0.8 18 1 28 0 90 0.9 
1240 7 0.6 14 0 27 0.5 30 0.5 39 0.8 57 0.9 66 0.7 71 0 
1261 68 0.5 77 0.9 92 0 
1295 35 0.9 36 0 50 0.4 71 0.4 83 0.6 88 1 89 0 94 0.4 
1384 5 0.4 40 0 41 0 44 0 53 0.7 55 0.6 
1402 1 0.3 14 0.7 28 0.8 33 0.9 37 0.6 42 0 55 0 57 1 80 0.7 94 0 
1404 76 1 
1451 15 0.3 37 0 
1705 12 0 55 0.3 
1759 0 0 3 0 6 1 9 0 10 0.4 17 0.8 56 1 72 1 79 0.9 82 0.4 
1767 5 0.7 15 0.4 22 0.8 27 0 35 0.8 40 0.8 78 0.9 83 1 87 0.3 
1823 3 0.7 46 0.8 47 0 61 0.3 72 0.3 96 0.8 
1865 4 0.7 32 0 40 0.4 72 0 73 0.8 95 0.3 
2041 3 0 23 0 32 0.8 63 0.4 70 0 
2083 0 0.5 8 1 31 0.4 38 0 50 0.5 51 0.7 57 0.9 71 0.5 81 0.5 
2084 25 0.8 57 0 60 0.7 74 0.8 
2282 51 0 
2329 9 0 14 0.4 33 0.7 46 0.7 96 0.4 98 0.4 
2361 15 0.4 32 0.6 33 0.3 52 0.8 56 0 62 0.5 69 0 71 0.4 95 0 
2378 81 0.3 
2391 7 0.5 
2595 11 0.3 35 0 49 0.5 
2596 0 0 6 0.6 9 0.7 14 0 18 0.8 34 0.6 40 0.9 65 0 70 0.5 72 0 
2701 10 0 18 0.4 24 0.6 27 0.7 67 0.7 85 0 
2822 33 0.3 34 0 51 0.6 
3043 1 0.3 2 0 8 0.5 60 0.8 70 1 94 1 
3044 42 0 44 1 52 0 56 0.3 60 0.5 71 0.3 78 0.9 
3075 63 1 65 0.5 89 0.8 91 0 98 1 
3092 14 0.3 18 0.3 28 0.9 38 0.5 43 0 62 0.4 73 0 
3181 37 0.4 65 0 78 0.4 
3290 5 0.9 9 0.5 33 1 51 0 61 1 64 0.3 85 1 89 0.5 
3368 13 1 81 0.9 
3474 2 0 18 0 26 0 33 0.8 64 0 66 0.7 70 0 89 0.9 98 1 
3886 12 0.3 16 0.8 49 0 53 0.8 56 1 59 0.3 75 0 93 0 99 0.9 
4045 37 0 62 0 66 0.3 71 0 80 1 82 1 95 0.7 
4288 21 1 38 0 39 0.6 46 0.3 53 0.8 60 0.8 73 0.3 77 0.8 
4333 7 0.3 
4510 26 0.7 42 1 52 0.6 
4519 3 0 5 0 6 0.7 32 0.8 33 0.7 84 0.3 92 0.7 
4615 5 0.8 17 0.5 29 1 41 0.7 64 0.4 69 1 74 0 91 0.9 94 0.4 98 0 
4794 8 0.7 10 0 22 0.8 38 0.6 62 0.7 67 0 71 0.4 83 0.9 92 0.9 
4856 11 0 13 0 26 0.8 53 0.4 54 0.6 57 0 62 0 67 0 87 0.6 88 0 
4862 65 0 
5012 7 0 29 0.3 65 0.4 
5127 10 0.5 51 0 66 0.8 72 0.9 79 0.7 
5355 84 0.3 
5473 9 0.6 39 0.3 80 1 90 0.3 
5500 0 0.8 20 0.3 23 0.3 29 0.9 35 0 46 0.8 77 0.3 99 0 
5502 41 1 52 0 76 0.9 77 0 83 0.9 
5532 1 0.4 2 0.8 11 0.5 62 0 91 0 93 0.6 99 0 
5564 4 0.6 5 0.9 9 0 18 0.5 34 0 38 0.6 45 0 56 0.6 64 0 85 0 
5661 6 0.5 20 1 31 0.3 36 1 55 0 59 0 82 0.5 99 1 
5687 4 0 21 0.9 28 0.3 33 0.5 45 0.4 65 0.3 89 0.4 90 0 
6013 19 0.9 46 0.9 54 0.5 74 1 96 0.4 97 0.7 
6077 44 1 
6144 30 0.4 36 0.4 41 0.3 90 0.9 99 0 
6579 12 0.3 20 0.7 30 0 38 0.8 44 0.8 61 0.6 63 0.7 87 1 92 0.7 
6623 35 0.9 
6699 3 0 57 1 59 0.4 
6719 0 0.7 14 0.8 40 0 46 0 66 0.5 72 0 81 0.5 90 0.4 
6840 35 0.8 
6876 5 0 20 0.9 33 0 43 0.4 64 0.9 75 0.4 81 1 
6912 77 0 
6958 0 0.7 17 0.6 25 0 33 0.9 59 1 61 0.9 64 0.9 85 0 
7208 25 0 95 0.3 
7294 42 0.3 63 0.9 88 0.9 
7459 15 0.7 20 0 28 0 55 0.9 60 0.7 82 0 96 0.6 
7637 30 1 
7714 8 0 15 0 22 0.4 88 0.3 92 0.3 94 0.5 97 0 
7800 4 0.7 30 0.3 95 0 
7865 7 0.6 14 0.4 28 0.4 38 0.8 
8051 3 1 7 0.9 20 0.5 29 0.3 50 0 62 0 64 0.5 80 0.3 90 0.8 
8083 34 1 
8113 69 0 
8348 0 0.3 8 0.7 15 0 22 0.9 33 0.8 63 1 77 0.6 83 0 97 0.9 
8356 53 0.7 94 0 
8359 19 0.8 27 0.7 28 0.3 35 1 56 0.7 64 0.4 74 0 90 0.5 
8457 1 0 18 0.5 29 0.9 36 1 41 0 45 0.8 74 0 78 0.4 82 0 
8503 9 0.4 12 0.8 15 0 22 0 33 0 41 1 55 0 56 0.3 81 0.7 95 0 
8515 19 0.8 
8663 2 0 7 0.6 9 0.8 12 1 22 0 24 0.7 40 0 43 1 82 0 85 0 
8700 18 1 68 0 72 0.5 
8762 9 0.3 16 1 34 0.8 35 0.6 66 0 96 0.3 
8925 1 0.4 39 0.6 79 0.3 97 0 99 0 
9041 23 0.3 53 0 59 1 86 0 
9465 26 0 32 0.3 34 0.6 44 0.3 50 0.5 59 0.4 
9720 42 0 48 1 84 0.4 
9784 3 0 10 0.3 12 0 23 0.6 49 0 50 0 62 0.7 83 1 86 0.6 98 0.9 
