100
179 54 0.8 63 0 
272 1 0 20 0.7 24 0.8 45 0.4 48 0.4 70 0.7 79 0.3 93 0.7 94 1 
274 4 0.7 13 0.4 38 0 50 0.5 52 0.3 67 0.8 68 0.6 72 0.7 82 1 88 0.8 
282 0 0 10 0.4 58 1 61 0 83 0.7 92 0.5 96 0.5 99 0.9 
449 14 0.3 19 0.4 27 0 33 0.6 40 0 48 0 53 0 84 0.9 86 0.8 
450 15 0.7 59 1 60 0 73 0 
457 8 0.3 22 0.8 32 0.8 49 0.6 58 0.6 73 0.3 79 0.5 84 0 98 0.7 
483 28 0 54 0.8 57 0 72 0.9 77 0 86 0 90 0 97 1 
552 22 0.9 28 0.4 55 0.8 
649 0 0.6 4 0.3 13 0 25 1 38 0 46 0 69 0.3 70 0.3 74 0 
679 52 0.7 71 0.4 82 0.7 
732 1 0.5 22 0.3 26 0.3 38 0.5 40 0.6 72 0.3 84 0.6 92 0.9 98 0.6 
957 3 0.5 49 0.4 50 0.5 82 0.5 86 0 
960 4 0.8 7 0.7 
1084 7 0.4 24 0.3 47 0.7 64 0 70 1 84 0.5 
1164 5 0 18 0.6 20 0.5 24 0.4 27 0 29 0 35 1 41 0.4 72 0.5 
1250 9 0 13 1 24 0 25 0 60 0.6 61 0.3 72 0 87 1 90 0.8 
1365 64 0 
1660 8 0.6 11 0 23 0.6 25 1 40 0.9 50 0.4 57 0.9 58 1 60 0 84 0 
1725 52 0 55 1 56 1 64 0 
1740 17 0.4 22 0.7 27 0.8 32 0.5 54 0.5 60 0 73 0 
1766 34 1 81 0.9 98 0.7 
1793 8 0 24 0.3 48 0.6 55 0.3 60 0.6 64 0.5 71 0 77 0.8 78 0 
1904 1 0 6 0.5 13 0.8 26 0.8 45 1 68 1 87 0.4 88 0 99 0.5 
1943 50 0.6 84 0.4 
1963 66 0.8 77 0.3 91 0.7 94 0 
2004 0 0 51 0.9 
2132 9 0 16 1 32 0.9 56 0 61 0.5 65 1 80 0.5 81 0.6 87 0 
2411 24 0.3 28 0.9 30 0.9 49 0.5 68 0.3 72 0.8 
2421 4 0 26 0 69 0.5 74 0.9 88 1 
2495 18 0.3 33 0 66 0 
2582 23 0 27 0.3 36 0 53 0.4 57 0.6 64 0.5 67 0.4 90 1 
2647 14 0.3 23 0 59 0.4 68 1 
2693 2 0.3 4 0 8 0 23 1 54 0.6 57 0.6 68 0.4 70 0 89 0.7 91 0 
2722 3 0.9 8 0.6 15 0 48 0.5 66 0 72 0 82 0 85 0.8 86 0.5 91 0.9 
3015 7 0.6 36 0.5 53 0 63 0.5 64 0 70 0.3 71 0 96 0.7 
3087 20 0 24 0.4 41 0 61 0.6 77 0.3 
3107 5 1 6 0.6 10 0.9 11 0.8 31 1 46 0.5 69 0 78 0 91 1 92 0 
3176 17 0 59 0.8 
3190 20 0.6 27 0.4 35 0 38 0 40 1 44 0.7 76 0 83 0.6 88 0 99 0 
3295 4 0 26 0.5 29 0 37 0.3 45 1 48 0.6 54 1 72 0.3 83 0.7 
3328 12 0 23 0.6 24 0.8 42 0.4 54 0.3 61 0.4 78 0.5 89 0.3 
3428 94 0.3 
3592 6 0.9 59 0.3 
3769 55 0.4 63 0.6 78 0 
3777 4 0.4 6 0.4 
3962 74 0.9 
4009 8 0.6 33 0.4 54 1 81 0.7 94 0.3 
4287 17 1 18 0 26 0.7 34 0 40 0.3 98 0.8 
4514 59 0 61 0.7 62 0.8 64 0 74 0.6 88 1 96 0.8 
4791 31 0.4 33 0.7 52 0.8 66 0.9 67 0 
4918 16 0.7 17 0.5 26 0.4 35 0.4 51 0 68 0.5 84 0 96 0.5 
5016 26 0.8 44 0 72 0.4 85 0.4 94 0 
5030 29 0 
5263 1 1 70 0 91 0.7 98 0 
5377 20 0.7 
5395 16 0.3 20 0.6 39 0.6 50 0.7 51 0.3 62 0 67 1 
5466 9 0.7 16 0.5 23 0.6 38 0.4 40 0.6 43 0.3 46 0.8 59 0 96 0.9 
5505 48 0.3 52 0 61 0 70 0.8 73 0.7 94 0.7 
5625 22 0.3 51 0.9 55 0 69 0 73 0.3 99 0 
5635 38 0.5 58 0 86 0.9 87 1 
5757 6 0.9 11 0 13 0.3 31 0 35 0 36 0.9 37 0 83 0.8 91 0 97 0 
5761 0 0.9 5 0.3 10 0.7 16 0.4 47 0.9 71 0.9 82 0.8 
5771 18 0 28 0.8 38 0.6 57 0 58 0.4 70 0.6 72 0.9 84 0.7 87 0.6 92 0 
5796 36 0.4 37 0.3 43 1 45 0.7 72 0.6 79 0 82 0 90 1 95 0.8 
5967 0 0.7 1 0.5 17 0.9 21 0.7 24 0.8 50 0.7 90 0.4 93 0 94 0.6 95 0 
6017 23 0 29 1 63 0.4 70 1 86 0.6 87 1 96 0 
6273 6 0.7 14 0.6 20 0.7 35 0 54 0.5 64 0 76 0.7 
6862 19 0 46 0.4 75 1 90 0.6 94 0.8 
6928 10 0 
7012 16 0 22 0.5 44 0.4 55 0.9 64 0.3 82 0.8 85 0.9 97 0 
7106 3 0.6 33 1 65 0 68 0.6 91 0.6 
7175 0 0.6 7 1 24 0 28 0 42 0 66 0.5 78 1 
7232 2 0.5 7 0.4 23 0 25 0.5 27 0.5 32 0 38 0.6 67 1 68 0.5 
7428 19 0.6 56 1 92 0 
7821 11 0.3 13 0.3 27 0.4 34 1 35 0.6 45 0.7 50 0.4 54 0.5 86 0.8 
7873 26 0.3 27 0 51 0.9 57 0.7 60 0.5 78 0.8 79 0.5 80 0 85 0 
7924 21 0 30 0.6 33 0 
7943 61 0.6 
8159 23 0.7 28 0 52 0 60 0 87 0.8 92 0.9 95 0.4 96 0.7 
8191 7 0.9 17 0.6 29 0.6 48 0.4 68 0 72 0.5 86 1 93 1 97 0.9 
8336 19 0.4 28 0 70 0.8 92 0 
8349 16 0.9 21 0 32 0 41 0 52 0.3 55 0.5 56 0 62 0 94 0.9 
8363 5 0.8 18 0.7 31 0.5 32 1 33 0.5 55 0.5 56 0.7 66 0 68 0.4 93 0.5 
8497 8 1 12 0.3 18 0.6 19 0.7 21 0.7 23 0 26 0.6 46 0.6 93 0.9 
8544 22 0.5 43 0 47 0.3 58 0.4 64 0.9 88 0.8 
8750 3 0.8 4 0.8 11 0.8 13 0.7 30 0.9 36 0.8 71 0.6 86 0.7 91 0.4 98 0 
8855 24 1 
8918 2 0.8 6 0.9 10 0.9 17 0.4 19 0.7 40 0.6 64 1 79 0.7 89 1 91 0.8 
8984 51 1 64 0.4 98 0.6 
9047 3 0.3 6 0 9 0 23 0 25 0.9 28 1 31 0.6 78 1 83 0.7 
9091 0 0 23 0 54 0.4 64 0.3 65 0.5 77 0.9 78 0.3 
9106 2 0 20 0.9 30 0.5 38 0.4 60 0.8 64 0.8 78 0.6 
9185 15 0.6 28 0.9 32 0.8 34 1 64 0.3 85 0.8 
9208 4 1 11 0.5 21 0 29 0 46 0 65 0.5 77 0 83 0.3 
9291 4 0.4 50 0.6 55 0.7 77 0.5 82 0.7 
9356 3 0.4 35 0.3 39 0.5 54 0 88 0.3 89 0 
9617 7 0 16 0.4 22 0 42 0.4 53 0.8 55 0.4 73 0.3 87 0.5 
9777 20 0.9 
9950 28 0.4 50 0.4 97 0 
