100
70 96 0 
77 2 0 29 0.9 41 0 44 0.8 47 0.4 50 0.3 86 1 99 0.3 
111 71 0 
373 78 0 90 0 
427 31 0.4 32 0.6 47 0.5 50 0 64 0.3 66 0.8 68 0.8 72 0.5 74 0.9 96 0.6 
449 14 0 19 0.3 27 0 33 0.8 40 1 48 0.5 53 0.5 84 0 86 1 
506 0 1 10 0.9 18 0.8 39 0 64 0 81 1 90 0.9 
717 5 0 17 0.7 41 0.3 53 0.4 57 0.4 81 0 82 0 
933 22 0.4 90 0 
1121 0 0.4 21 0.7 70 0.7 74 0.3 
1248 6 0.9 45 0.4 56 0 62 0.5 69 0.5 73 0 80 0.3 83 0.7 87 0.6 88 0 
1487 2 0.9 5 0 14 0.9 36 1 50 0 55 0.3 57 0.6 74 0 82 0 97 0.4 
1592 67 0.7 
1739 0 1 53 0.9 55 0.7 64 0.4 
1803 31 0 40 0.3 42 0.8 59 0.9 82 0.8 86 0 87 0.7 
1926 13 0.3 38 0 40 0.8 53 0.5 82 0 95 0 
1989 31 0.4 46 0.7 50 0.5 
2017 4 1 15 0.8 26 0.6 27 0 32 0.4 35 0.6 48 0.4 
2033 85 0.6 
2056 70 0 79 0 
2073 49 0.6 85 0 95 0 
2118 4 0.4 
2175 31 0.9 41 0.9 51 0.4 58 0 60 0 61 0 74 0.6 82 0.4 
2346 17 0.4 21 0.3 26 0.4 31 1 68 0 70 0 79 0 99 0.3 
2410 10 0 14 0 51 0.7 
2480 43 0 
2492 2 0.3 3 0.7 16 0 49 0 53 0 58 0.8 70 0.6 88 0.8 95 0.4 99 0.3 
2623 4 0 29 0 
2630 4 0.8 49 1 67 0.9 78 0.5 80 0.9 87 0.6 
2784 19 0.3 30 0.8 37 0 43 0.4 65 1 71 0.7 95 0.9 
2938 1 1 17 1 20 0.5 21 0.4 59 0 73 1 80 0.9 94 0.8 
2958 4 1 26 0.9 
2983 10 0.7 14 0 42 0.8 46 0.4 51 0.9 57 0.9 62 0.9 65 0.6 96 1 
3096 30 0 38 0.7 69 0.5 72 0.9 83 0.3 84 0.8 
3124 13 0.5 40 0.5 43 0.8 55 0.3 63 0.7 83 0.6 91 0.6 97 0.5 
3189 74 0 
3250 13 0.7 27 0 47 0.5 49 1 57 0 67 0.8 76 1 79 0.9 81 0 
3325 3 0.3 10 0.3 32 0.8 48 0.7 67 0.8 74 0.5 94 0.4 
3418 8 0.8 13 0 15 0.8 17 1 19 1 37 0.3 49 0 77 0.9 94 0.3 
3535 10 0.8 22 0.7 35 0 45 0 61 0.7 67 0.6 91 0 98 0 
3618 3 0 4 0.9 6 0.7 20 0.4 37 0.6 48 0.3 
3726 66 1 
3910 17 1 
4420 27 0 31 0 38 0 54 0 71 0 79 0.6 88 0 
4434 2 0.8 3 1 53 0.4 60 0.5 63 0.4 67 0.3 
4438 4 0.4 22 0 29 0.3 43 1 55 0.5 69 0 
4486 1 0.5 8 1 38 0 60 0.6 69 0.3 79 0.9 89 0.4 
4565 0 0.9 22 0.7 40 0 
4730 28 0.4 63 0.3 
4842 10 0.7 47 0 71 0 91 0.8 
4882 0 0.6 38 0.5 48 0 54 0.3 57 0.8 76 0.8 89 0 93 0 96 1 
5096 2 0.7 6 0.5 8 0.7 11 0.8 19 0.8 23 0.9 38 0.6 44 1 
5268 29 0.8 81 0.4 
5271 29 0.6 41 1 82 0.7 
5310 10 0 27 0 29 0.3 82 1 85 1 
5324 14 0 40 0.7 
5401 28 1 
5453 0 0.7 1 0 4 0 5 0.9 24 0.9 47 0 54 0.8 63 0 83 1 
5508 23 1 26 0.8 30 0.8 60 0 65 0.7 70 0.4 85 0.8 94 0.5 98 0.3 
5514 87 0.4 
5553 22 0.8 27 0.5 44 0.6 75 0.5 
5725 1 0.5 18 0.6 32 0 45 0.7 54 0.5 73 0.4 81 0.8 88 1 91 0 99 0.5 
5999 10 0.7 47 0.6 60 1 80 0.9 
6083 1 0.6 
6324 36 0 42 0.6 72 0 81 0 94 0.4 
6331 18 0.7 22 0.4 42 0.7 45 0.4 61 0.7 69 0.8 
6503 7 0.6 25 0.8 47 0.4 48 0.5 61 0.3 78 0 86 0.7 89 0.7 96 0 98 0.8 
6557 16 0 
6623 35 0.8 
6671 25 1 74 0.5 
6839 2 0 20 0.9 24 0.6 40 0.7 50 0.6 60 1 65 1 72 0.6 84 1 
6933 11 1 42 0 51 0.7 
7013 15 0.8 27 0.5 44 0.5 51 0 72 0.7 99 1 
7373 12 0 
7402 15 0.7 66 0.3 74 0.9 81 0.9 
7480 90 0 94 0 
7491 22 0.9 26 0.5 31 0.8 71 0.6 76 0.9 97 0.5 
7585 26 0.5 47 0.8 72 0 83 0.8 92 0.4 
7586 9 0.4 11 0.6 16 0.9 19 0 32 0.8 79 0 98 0.7 
7981 1 0.6 5 0 6 0 7 0 16 0.4 17 0.6 26 0 72 0 97 0.7 
8014 0 0.6 4 0 38 0 56 0.5 77 0 81 0.7 90 0.6 91 0.5 
8126 8 0 17 0.6 45 0.6 48 0 58 0 70 0.7 73 0.9 79 0.6 87 0 95 0.7 
8300 18 0 33 0 41 0.7 43 0.7 70 0.6 73 0 84 0 92 0.3 
8312 26 0.8 44 0 48 0.7 72 0 91 0.8 
8372 3 0 6 0 29 0.6 42 1 80 0.7 82 0.9 97 0.9 
8382 1 0.7 75 0.5 85 0 95 1 
8565 9 0.5 18 0 24 0.8 35 0.9 39 0 42 0 59 1 65 1 76 0.9 85 0.3 
8885 22 0 
8985 4 0.8 16 0 22 0.5 43 0.6 86 0.8 87 1 93 1 
9038 49 0.3 74 0 89 0.3 
9337 11 0 76 0.7 
9380 50 0 59 0.6 75 0.8 92 0 
9395 21 0.8 51 0 52 0.7 54 0.9 
9693 4 0.4 13 0.9 75 1 
9709 11 0 29 0.3 41 0.8 43 0.5 47 0 
9717 25 0.4 38 1 44 1 53 0.6 61 0.6 67 0.4 72 0.6 85 0.9 91 0 96 0 
9774 4 0.6 5 0.9 9 0.8 19 0.6 26 0 39 0 68 0.3 81 1 99 1 
9881 26 0.7 39 0.5 62 0.4 80 1 85 0.9 90 0.8 
9896 3 0.3 13 0.8 34 0.3 51 0.8 71 0 78 0.5 84 1 88 0.9 93 0 95 0 
9962 18 0.6 48 0.5 87 0.3 95 0.4 
