100
4 2 0.7 7 0.9 18 0.9 22 0.3 30 1 36 0.3 57 1 68 1 
46 18 0 
96 0 0 2 0.9 37 0 53 0.8 68 0.9 
180 14 0.4 18 0 20 0.3 35 0.6 72 0.6 94 0.6 98 0.9 
191 2 0.6 26 0 60 0.3 63 0 66 0.6 
346 36 0.7 
420 0 0 12 0 20 0.8 23 0.5 35 0.6 48 0.5 58 0.5 63 0.6 81 0.7 
674 91 0.8 
694 17 1 35 0.8 51 0 69 0.6 78 0.5 83 0 86 1 87 0.6 
708 0 0.6 50 0.5 56 0.4 64 0 90 0.8 
758 34 0 48 0 60 1 
1027 0 0.5 6 0.4 
1161 7 1 10 0.9 
1496 0 0.4 17 0.3 23 1 29 0.6 
1501 15 0.7 26 0.6 53 0.5 67 0.9 77 0 
1601 42 0.3 48 0.8 57 0.6 
1854 24 0 31 0 40 0.8 43 0.6 44 0 57 0.7 62 0.8 72 0.6 74 0 
1882 12 0.4 38 0.3 64 0.7 93 0.6 
1884 51 0 57 0.5 63 1 65 0.3 69 0.6 74 0.6 77 0.4 78 0.4 89 0 93 0.7 
1962 72 0.4 
1985 5 0.7 16 0.3 43 1 49 0.6 67 0.3 98 0.7 
2033 85 0.5 
2273 1 0.8 22 0 26 0 27 0.9 28 0.6 58 0 67 0 72 0.5 81 1 88 0.4 
2371 1 0.7 41 1 56 0.5 92 0 94 0 
2384 49 0.4 52 0 80 0.5 
2540 32 0 45 0 95 1 
2565 4 0 34 0.7 49 1 50 0 66 0.7 73 0.8 78 0.9 94 0.8 96 0.8 97 0 
2569 0 0 5 0 11 0.3 40 0.6 62 1 68 0.6 69 0.9 95 0.8 
2792 8 0 
2802 57 0.7 72 0 78 0.3 84 0.7 
2933 19 0 84 0.7 96 0.5 
2937 24 0.7 28 0.3 30 0.7 42 0 61 0.3 63 0.7 65 0.5 68 0 93 0.5 94 0 
3065 5 0.7 8 0.7 18 0 30 0.4 51 0.5 54 0.3 94 0 
3262 7 0 24 0 31 0.6 88 0.7 92 0 95 1 
3408 46 0.9 47 0.7 64 0.3 83 0.9 88 0.6 97 0 99 0.5 
3501 77 0.5 86 0.4 
3525 8 0.9 22 0.6 44 0.7 46 0.6 61 0.9 77 0 78 0 
3674 7 0.5 
3681 40 0 
3708 35 0 69 1 
3959 4 0.9 13 0 33 0 55 0 58 0 68 0 75 0.9 
4364 38 0.5 79 0.5 
4411 0 0.7 21 0 46 0.4 80 0 
4437 17 0 79 1 86 0.5 88 0.9 
4450 92 0.7 
4642 5 0 36 0 42 0.3 52 0.9 55 0.9 68 0.6 76 0 89 0 94 0.4 
4781 8 0.7 28 0 34 0.6 39 0.3 61 0 63 0.7 74 0.7 84 0.7 85 0.6 
4786 7 0.8 9 0.6 11 0 29 0.5 54 0.9 80 0.6 86 0.7 
4856 11 0 13 0.9 26 0 53 0.3 54 0 57 0.3 62 1 67 1 87 0.6 88 0.5 
5046 42 0 
5134 5 0.8 10 0.8 14 0.6 31 0.9 49 0.3 63 0 74 0 83 0.6 88 0 94 0.7 
5161 41 0.6 78 0.6 
5186 40 0 
5255 2 0 5 0.9 22 0.8 51 0 80 0.9 90 1 92 0.8 
5387 48 0.9 62 0.4 66 0 92 0 
5466 9 0.7 16 0 23 0 38 0 40 0 43 0.9 46 0.5 59 0.6 96 0 
5481 10 0.5 16 0 19 0.3 24 0.3 72 0.4 
5499 28 0.8 48 0.5 64 0.9 94 0.8 
5581 60 0.6 74 0.9 84 0.4 
5636 6 0.3 20 0 28 0 44 0.9 68 0.9 87 0 88 0 94 0.8 
5717 1 0.6 17 0.4 21 0.5 80 0 98 0.7 99 0.8 
5778 20 0.7 57 0.3 59 0.5 78 0 79 0.7 88 0 90 0.7 
5879 37 0.7 45 0.5 70 0 82 0 95 0.9 
5945 42 0 51 0.9 71 0.3 78 0 
6047 35 0.3 37 0.7 84 0.6 
6150 55 0.5 
6500 15 0 29 0.7 41 0.6 50 0 70 0.7 77 0.7 
6589 1 0.8 17 0 34 0.3 65 0.7 80 0 89 0.3 
6595 6 0 11 0 56 0.5 
6644 14 0.9 22 1 33 0.4 79 0 84 0.8 85 0.4 
6787 9 0.8 36 0.6 59 0.5 60 0.9 
7138 63 1 
7144 13 1 72 0.5 
7333 0 1 11 0 23 0 44 0 58 0.9 74 0.7 
7344 63 0.7 76 1 78 0.3 
7464 33 1 
7495 16 0.4 50 0 58 0 
7598 13 1 23 0 37 0 50 0.7 75 0.7 84 0 87 0 
7718 1 1 4 0.3 11 0.3 20 0.8 33 0.9 49 1 64 0.9 76 0 80 0.4 84 0.3 
7955 20 0 30 0 39 0.4 81 0 99 0.5 
7981 1 1 5 0.6 6 0.5 7 0 16 0 17 0 26 0 72 1 97 0 
8016 25 0 85 0.4 
8228 39 0 50 0 69 0.4 83 0 94 1 
8569 82 0.6 
8876 94 0.5 
9007 7 1 24 0.3 32 0.4 47 1 49 0.8 84 0.6 88 0 
9040 19 0.3 44 0 51 0.7 70 0.9 78 0.6 82 0.9 
9066 12 0.5 14 0.5 18 0.8 21 0.4 22 0.7 47 0.6 78 0.9 90 0.6 98 0.6 
9122 26 0.5 29 0.9 39 0 41 0 46 0.7 49 0 74 0 78 0 86 1 98 0.4 
9170 12 0.7 61 0.8 67 0.6 86 0.4 
9255 9 0 24 0.3 65 0 84 1 
9295 3 1 
9402 13 0.6 15 0.7 48 0 52 0 57 0.5 58 0.5 72 0.4 79 0.3 80 0.6 87 0 
9485 30 0.8 
9564 6 0 11 1 49 0.5 58 1 70 0.5 81 0 
9583 7 0.5 13 0.6 36 0 42 0.4 47 0.5 56 0.9 66 0.9 95 0.5 
9650 28 0.6 61 0 
9657 42 0.5 74 0.3 81 0 93 0.7 
9826 12 0.9 21 0 27 0.6 44 0.9 45 0 58 0 69 0.8 82 1 85 0.6 96 0 
9977 1 0.4 8 1 16 0.4 22 1 35 0 46 1 55 0.6 67 0.6 75 0.3 96 0.4 
