100
137 0 0.7 3 0 29 0.8 50 0.3 66 1 
141 53 0.6 64 1 83 0.5 
196 31 0.9 61 0 64 0 82 0 90 0 97 0.8 
246 4 0.3 13 0.5 24 0.5 29 0.9 31 0.6 55 0.5 59 0.9 66 0.6 
529 70 0.7 86 0.7 
626 44 1 52 0.9 84 1 95 0 
672 24 0 57 0 64 0.5 
685 2 1 42 0.9 50 0.5 53 0.6 79 0.5 83 0.5 88 0.6 
827 32 0 87 0 88 0 89 0.3 94 0 
891 7 0.9 11 0.6 14 0.9 98 0 
1165 4 0.5 12 0 13 0.5 30 0.6 35 1 67 0.5 91 0.7 92 0.5 98 0.5 
1177 28 0 33 0 42 0 84 0 85 0.9 87 0 
1181 3 0.8 77 0 
1224 18 0.8 21 0.7 48 0.4 
1244 7 0.4 25 0.4 40 0.4 55 0.5 72 1 81 0 82 0.3 87 0.8 90 0.8 
1284 89 0.8 
1320 11 0.3 16 0 61 0.5 
1401 8 0.3 
1419 12 0.3 
1515 10 0.4 17 0.6 26 1 28 1 38 0.7 58 0.8 62 0.4 67 0.9 72 0 88 0 
1516 19 0 36 0.3 92 0.3 
1597 56 0.6 85 0.5 93 0 
1698 5 0.9 8 0 14 0.8 52 1 67 0.7 86 0.4 
1769 16 0.9 22 0.7 27 0.9 35 0.3 56 0 79 0.8 97 0.6 
1968 2 0.7 20 0.5 26 0.4 56 0.3 57 0.8 72 0.4 78 0.9 83 0.3 
2092 11 0.4 15 0.8 39 0 51 0.8 67 0.5 70 0 
2146 5 0.5 31 0.5 83 0.3 
2263 18 0.6 24 0.8 31 0.7 44 0 87 1 
2276 24 0.6 30 0 37 0 48 0.8 60 0 67 0.5 82 0.4 93 0.9 
2283 0 0.3 2 0 27 0.7 38 0.7 62 0.9 
2321 10 0 37 0.3 56 0.4 60 1 61 1 71 0.8 73 0.9 78 0.3 93 0.9 
2377 6 0.3 12 0.6 17 0.3 54 0 65 1 77 0.4 85 0.4 
2392 11 1 20 0 
2467 48 0.8 
2482 71 0.6 81 0.6 84 0 
2555 12 0.5 24 0.4 41 0 43 0.4 46 0.7 50 1 65 0 68 0.5 96 0.7 
2708 0 0.3 18 0.6 37 0 39 0 48 0.8 58 0 88 0.6 99 0.4 
2752 14 0.3 33 0.8 40 0.8 61 0 63 0.7 66 0.9 
2756 13 0.7 14 0 28 0.9 46 1 49 0 51 0.9 67 0.5 68 0.8 
2759 63 0.9 72 1 
2860 7 0 46 0 50 0 94 0.6 
2870 63 0 69 0 90 0.5 95 0 
2959 11 0 48 1 58 0 62 0 83 0 84 0 
2991 1 1 25 0.9 34 0.9 38 0.7 86 0 91 0.6 98 0.7 
3082 21 0.9 29 0.9 34 0.9 55 0 64 0 68 0.3 
3152 6 0.9 23 0.5 42 0.7 67 0.9 78 0.5 85 0.5 
3165 9 0.6 11 1 57 0 
3171 0 0.7 23 0.9 34 0.4 39 1 80 0.9 82 0.3 87 0.8 88 0.8 
3224 54 0.6 
3566 16 0.6 21 0 23 1 24 0 25 0.5 37 0.8 41 0.3 46 0 47 0.4 
3775 12 0.6 21 0 32 0.6 65 1 87 0.6 89 0 90 0.4 96 0.5 
4039 2 0.4 5 0.9 6 0.3 11 0 22 0.9 50 0.7 66 0.3 77 0 91 0 
4120 1 0.7 12 0.3 15 0.5 41 0.3 69 0 89 0.3 92 0 
4201 20 0.8 27 0 71 0 90 0.8 93 0.6 99 1 
4247 1 0.3 15 0 16 0.9 29 0.9 35 0 36 0.6 42 0 59 0 63 0.8 
4281 0 0.7 3 0.8 7 0.4 22 0.9 36 0 44 0 88 0.4 
4523 6 0.3 14 0.9 21 0.9 30 1 32 1 35 1 50 0 56 0.5 63 1 73 0.3 
4568 58 0 77 0 
4623 26 0 27 0.9 38 0.3 48 0.8 54 0.5 70 0.6 71 0.3 89 0 
4633 21 0.3 28 0.9 36 0 38 0.7 39 0.7 41 0 46 0.7 53 0.9 58 0 
4682 0 0.7 2 0.9 9 0.4 13 0.3 16 0.8 43 0.7 75 0.7 94 0.8 
4694 34 0.8 55 0.4 61 0.3 68 1 
4739 22 0.9 26 0.8 27 0 43 0.9 44 0.7 46 0.7 65 0.6 75 0 99 0.8 
4885 2 0.9 9 0.5 15 0.3 39 0.4 44 0.5 50 0 58 0.6 70 0.4 93 0 94 0.7 
4971 28 0.4 45 1 54 0.3 61 0 65 1 
4984 26 0.3 44 0.5 
5163 4 0 12 0.9 14 0 25 0.9 30 0.5 36 0 59 0.8 84 0 85 0 
5196 10 0 59 0 
5287 5 0.3 14 0.5 27 0.5 55 0 70 0.5 72 0.7 74 0.6 80 0.6 99 0.3 
5452 27 0.7 77 0.8 87 0.7 
5488 19 1 48 0 78 0.3 
5531 0 0 4 0.4 6 0.3 41 0 43 0 57 0.5 94 0 95 0 
5622 25 0.6 31 0.4 57 0.5 
5645 54 1 94 0 
5762 68 0.4 90 0 
5764 3 0 7 0.3 
5775 9 0.5 26 0 46 0 79 0.6 
5956 27 0 
6041 0 0.9 12 0.9 37 0 78 0 96 0 
6349 0 0 6 0.5 10 0.4 24 1 51 0 62 0 67 1 77 0.7 97 0 
6358 7 0.4 15 0.8 25 1 44 0.5 47 0.6 48 0.6 57 0 94 0.7 
6505 16 0.7 30 0 78 0.5 81 0.7 
6735 23 0.9 33 0.4 48 0.6 54 0.8 57 0 59 0 85 1 88 0.9 
6747 5 0 14 0.5 29 0.3 41 0.7 58 0 64 0 76 0 82 0.4 89 0.7 99 0.6 
6748 82 1 97 0.5 
6764 9 0.3 59 0 62 0.4 
7103 15 0.4 37 0 45 0 50 0.7 60 1 75 1 85 0.9 97 0.9 
7329 12 0 19 0.5 36 0 45 0.7 60 0 80 0.5 86 0.4 
7361 2 0 63 0 81 1 89 0.7 95 0 
7610 6 1 12 0.6 14 0 51 0.5 80 1 81 0.4 
7931 8 0.7 16 0.3 18 0.9 33 0 45 0 62 0.8 67 0 69 0.9 78 0.8 85 0 
8131 35 0 39 0.6 97 0 
8247 13 0.4 42 0 53 0.7 55 0.6 74 0 
8412 27 0 30 0.8 50 0 57 0 71 0.7 
9248 11 0.7 20 0 22 0.5 32 0 55 0.7 59 0.3 67 0 
9299 35 0.3 93 0.9 99 0.6 
9337 11 0.8 76 0.6 
9475 70 0.8 
9799 12 0.4 33 0.6 37 0 49 0.6 50 0.3 61 0.7 75 1 96 0.9 
9884 2 1 13 0.6 22 0.8 33 0 52 0.4 80 0.9 88 0.3 
