100
6 64 0.6 67 0.9 81 0 
124 7 0.6 53 0.4 66 0 67 0.4 80 0 81 0.9 82 0 88 0.6 90 0.3 
138 9 0.9 31 0.4 70 0.3 94 0 
335 4 0 35 0.5 53 0.8 97 0.5 
505 25 0.5 33 0.3 45 0.3 54 0.3 80 0.9 
594 17 0.9 31 0.4 47 0.5 58 0 74 0 75 0.5 88 0 
669 8 0.6 27 0.5 41 0 45 0.4 56 0.5 80 0.3 96 0 
710 1 0.6 38 0 58 0.4 89 0.6 91 0 
749 18 0.4 21 0.9 51 0 52 0 64 0.8 
754 7 0.7 10 0.6 29 0.7 54 1 63 0 93 0.3 97 1 
840 44 0 49 0.9 
980 0 0 20 0.3 57 0 58 0.3 69 0.5 78 0 94 0.3 98 1 
1050 4 0.9 9 0.6 20 0.7 52 0.5 54 0.3 85 0 
1167 7 0 14 0.8 30 0.6 31 0 41 0.8 45 1 48 0.8 67 0 77 1 95 0.7 
1233 28 0 90 0.4 
1420 12 0.6 
1449 22 0.6 77 0.9 
1600 2 0 
1626 29 0 34 0.7 51 0 60 0 65 0.7 67 1 72 0.8 96 0.3 97 0 98 0 
1643 12 0.6 13 0 19 0 23 0.7 47 0.9 76 0.6 95 0 99 0.9 
1718 34 0.5 37 0.3 38 0 41 1 48 0.6 54 0 56 0.5 68 0.3 71 0.5 85 0 
1764 4 0.4 
1913 18 0.6 
1940 6 0.5 17 0 40 0 63 0.5 90 0 98 0.9 
2047 8 0 31 0 44 0 55 0 77 0.9 
2199 17 0.3 19 0.8 26 1 39 0.3 47 0.3 67 0.4 70 0.9 76 0.4 87 0.5 
2396 45 0.9 48 0.6 57 0.3 60 0 63 0.7 71 0.8 83 1 
2602 80 0.8 
2624 81 0.6 
2660 16 0.9 17 0 26 0.8 34 0.3 
2680 1 0.3 8 0 12 0.9 32 0.5 55 0.8 65 0.6 86 0 90 0.5 97 0 
2755 12 0.8 17 0.5 24 0.5 45 0.7 48 0.7 66 0.4 69 0.3 80 0.3 90 0.7 97 0 
3008 1 1 3 0.3 26 1 62 0.3 67 0.6 69 0.5 88 0.5 89 0.5 
3196 16 0.6 25 0 29 0 36 0 82 0 85 0 91 0.6 
3198 94 0.9 
3384 40 0.4 43 0.3 48 0.6 78 0 
3528 10 0.6 14 0.4 18 0.4 31 0 44 0.4 51 0.8 77 0 89 0.8 
3673 17 1 20 0 28 0.9 43 0.4 49 0.3 53 1 64 0 74 1 83 0.4 85 0.9 
3873 6 0.6 22 0.7 62 1 66 0.8 86 0 94 0 
3924 11 0 44 0.6 77 0 78 0 
4063 3 0.9 6 1 12 0.9 20 0 75 0 77 0 79 0.7 
4182 28 0.9 67 0 
4336 6 0 28 0.4 31 1 54 0 64 0.3 67 1 89 0 92 0.6 
4342 99 0.3 
4440 6 0.4 71 0 99 0.9 
4501 12 1 65 0 
4561 9 0.8 14 0.8 
4573 10 0.6 19 0 20 0.8 30 0.5 44 0.7 57 0 58 0.6 68 0.5 92 0.6 93 0.9 
4594 99 0 
4927 47 0.7 64 0 70 1 
5075 4 1 16 0 19 0.5 25 0.9 28 0.7 33 0.4 46 0.6 59 0.9 79 0 88 0.4 
5142 17 0.4 19 1 28 0.5 30 0.6 78 0 
5341 27 0 37 0.9 42 0.9 45 0.5 78 0.4 
5950 8 0.3 
5993 4 0 17 0.5 
6486 54 0.9 82 1 
6495 16 0.8 54 0.4 91 0 95 0 
6569 10 0.9 17 0.6 42 0.5 54 0 70 0 
6579 12 0.3 20 0.5 30 0.7 38 0.6 44 0 61 0 63 0.6 87 0.4 92 0 
6656 13 0.9 32 0.5 44 0 72 0.6 83 0.4 84 0.5 
6734 2 0.4 8 0.3 50 0 53 1 54 1 92 0.6 
6765 14 0.3 36 1 76 0 85 0.5 
6924 4 0.3 17 0 35 0.5 36 0.8 64 0.6 70 1 99 0.3 
7040 18 0 37 1 41 0.5 52 0.6 58 0 
7096 10 0.3 26 0.7 38 0.8 44 0.3 49 0.7 54 0.9 90 0.3 91 0 
7118 23 0.4 32 0.5 41 0 76 0 77 0.5 78 0.7 87 0.9 
7251 17 0.6 27 0.8 35 0 53 0.4 78 0.4 89 0 
7295 13 0.5 15 0.3 38 0 49 0 71 0.7 72 0.4 74 0.5 87 0.8 96 0.9 99 0.5 
7316 23 0.3 32 0.9 33 1 52 0 63 0 94 0.4 
7351 16 0.7 75 1 
7400 26 0.4 27 0.8 59 0.3 73 1 85 0 89 0.8 
7405 6 0.7 53 0.8 55 0.8 
7577 4 0.4 16 0.6 17 0.4 34 1 67 0.7 73 0.7 76 0.3 94 0.6 
7765 15 0 33 0.7 37 0.4 45 0.3 54 0 77 0 91 0.3 95 0.3 
7898 35 0.8 53 0.6 59 1 66 0.7 72 0.3 79 0.9 87 0 89 0.6 96 0.5 98 1 
7944 24 0.6 
8006 67 0.9 71 1 84 1 88 0 
8011 48 0.7 70 0.6 76 0.5 
8049 3 0.7 10 1 33 0 41 1 55 0.4 75 0.8 81 0.3 86 0.5 
8206 10 0.5 13 0.8 14 0 54 0.9 97 0 
8411 0 0 58 0.4 60 0 91 0.9 
8466 9 0.9 10 1 43 0.3 61 0 77 0 89 0.9 96 0.6 
8552 5 1 6 0 7 0.8 30 0.4 43 0.5 60 0 98 0 99 0.7 
8553 9 0.5 87 0.7 90 0 
8645 64 0.9 
8647 56 0.9 
8760 23 0 34 0 91 0.3 
8805 19 1 79 0 96 0 
8827 20 0.6 21 0.3 24 0 36 0.3 49 1 59 0.6 65 1 
8852 75 0.3 
8854 5 0.8 45 0.7 60 0 75 0.9 83 0 94 0 
8872 65 0.7 
9077 1 0 2 0 5 0 7 0.4 10 0.7 19 0.5 49 0.7 86 0.4 94 0.7 97 0.4 
9160 1 0.8 3 0.5 6 1 19 0.6 36 0.9 37 1 66 0.5 69 0.9 88 0 96 0.5 
9169 15 0.4 71 0 72 0 73 0.5 84 0.8 
9217 14 0 19 0.3 40 0.9 64 0.4 
9326 2 1 55 0 60 1 65 0 73 0 
9457 6 0.4 58 0.4 92 0 
9775 31 0.9 45 0.5 48 0.8 52 0 65 0.4 68 0.6 85 0 90 0 94 0.3 
9991 9 1 12 1 13 0 34 1 57 0 69 1 74 0 89 0 94 0 
