100
87 10 0.3 54 0 59 0.5 62 0.6 69 0.3 71 0 72 0.6 92 0.6 
178 8 0.6 55 0.6 83 0.6 
363 22 1 
547 8 0.4 12 0 41 0.6 51 0.9 
594 17 0 31 0.4 47 0.3 58 0.6 74 0.6 75 0.6 88 0.8 
595 39 0.8 60 0 83 0.8 
706 14 0.6 20 0 67 0 70 0.7 73 0 74 0 79 0.4 92 0.3 
827 32 0.4 87 0 88 0.4 89 0.5 94 0 
912 1 0.7 9 0.4 22 1 50 0 73 0.4 79 0 80 0.5 
1204 0 0 8 0.7 15 0 49 0 58 0.6 60 0.4 67 0.4 74 0.6 84 0.6 98 0.5 
1243 28 0.3 49 0 55 0 63 0 68 0 98 0.6 
1388 6 0.8 9 0 15 0.6 33 0.8 81 0.6 82 0.6 83 1 90 0.6 
1513 4 0.3 35 0.5 43 0.3 46 0.9 76 0 88 0 
1562 26 0.5 86 0.9 
1909 1 0.3 2 0.3 8 0.8 24 1 56 0 67 0 92 1 
1928 8 0 25 0.4 36 0 54 0.7 55 0 70 0.8 96 0.7 
2035 47 0 58 0 79 0.7 
2079 3 0.6 16 0 62 0.3 67 0.8 82 0.4 84 0 91 0 92 0.3 93 0.3 
2180 22 1 28 0.5 33 0.6 68 0.4 78 0.5 
2239 18 0.6 83 0 84 1 88 0.7 89 0.8 
2657 1 0.8 5 0 74 1 77 0 88 0.5 
2726 19 0.4 46 0 57 0 82 0.9 
2838 24 0.9 48 0.8 51 0.8 58 0.9 63 0.6 69 0 92 0.5 97 0.5 
2895 90 0.8 
2919 3 1 21 0.3 22 0.9 47 1 73 0.6 
2928 21 0.4 45 1 53 0 57 0.6 60 0.9 72 0.9 86 0 92 0 93 0.3 97 0.4 
2948 19 0.7 45 0 48 0.5 54 0 61 0 72 0.7 79 0.7 
2962 3 0 16 0 33 0.8 55 0.9 
3049 23 0.6 24 0 32 0.4 59 0 81 0.8 83 0 
3075 63 0.6 65 0 89 0.9 91 0.5 98 0.8 
3145 19 1 32 0.3 34 0.9 36 0 72 0.8 88 0.4 98 0.7 
3187 3 0 5 0.5 20 0.5 44 0.6 76 0.4 88 1 
3220 19 0.6 21 0.5 26 0 62 1 97 0.5 
3566 16 1 21 0 23 0 24 0 25 1 37 0.9 41 0.4 46 0.9 47 0 
3778 9 0.7 66 0.4 86 0.3 
3800 58 0.4 
3898 1 0.9 53 1 57 0.9 
3932 34 0 35 0.8 83 0.7 
3973 16 0.7 71 0.6 86 0.3 
3974 0 0.3 44 0.7 55 0.4 69 0.3 71 1 73 0.8 77 0 81 0.5 94 0 99 0 
4396 13 0.3 
4840 9 0.4 22 0.9 43 0 71 0.6 
4857 10 0.8 36 0 41 0 78 1 
4985 9 0.6 28 1 31 0.8 49 0.5 53 0 62 0.9 
5074 64 0 66 0.4 71 0.9 72 0 77 0 90 0.5 99 0.6 
5098 27 0.9 35 0.4 43 0 54 0.8 65 0.4 95 0.5 
5187 29 0 86 0.4 93 0.5 
5214 40 0.8 56 0.8 
5217 4 0.3 12 0 33 0.7 37 0.3 
5229 39 0.4 49 0.6 51 0.9 
5319 95 0 
5350 1 0.9 4 0.7 10 0.5 11 1 51 0 57 0.6 72 0.8 90 0.5 
5373 8 0.8 9 0.5 13 0 86 0.3 94 0.4 
5408 14 0.4 24 0.9 53 0 74 0 92 0.9 
5425 3 0 9 1 32 0.9 62 0.4 76 0.7 84 0.9 98 0.4 
5463 31 0.5 36 0.8 43 0.8 48 1 77 1 
5551 1 0.4 17 0 27 0.9 43 1 69 0.5 70 0 89 0.9 
5801 74 0.9 87 0.6 
5999 10 0.8 47 0 60 0.5 80 0.4 
6026 25 0 
6027 3 0.8 6 1 47 0 52 0 99 0 
6043 26 0.4 31 0.8 43 1 51 0.6 64 0 67 0 77 0.8 78 0.4 91 0 
6167 18 0.5 29 0.7 47 0.5 51 0.5 73 0 79 0.6 
6186 48 0.9 
6314 10 0.6 74 0.5 80 1 93 0.8 95 0.9 
6459 15 0.6 22 0.3 48 0.9 51 0.5 53 0.5 55 0.6 64 0.8 81 0 
6531 45 0.8 57 0 63 0.4 64 0.9 76 0 77 0 82 0.3 87 0 
6562 27 0 36 0.9 56 0.9 83 0.6 87 0.6 90 0.3 91 0 95 0.8 
6721 18 0 34 0.4 36 0 40 0 43 1 53 0.6 70 1 72 0.6 87 0.3 
6841 13 0 15 0.6 46 0.8 54 0 60 0.4 73 0.8 86 0.3 90 0 
6858 8 0.9 13 0.6 16 0.4 17 0.9 19 0 54 0.7 82 0.3 
6916 54 1 55 0.8 86 0.4 89 0.3 
6921 24 0.6 33 0 38 0 60 0 68 0.3 78 0.9 79 0 
7008 63 0.8 85 1 
7095 14 0.6 19 0.8 32 0 49 0 51 0.4 64 0.5 81 1 
7219 2 0 10 0 58 0.5 66 0 75 0 83 0.5 
7370 10 0 12 1 26 0 39 0.4 54 0.4 56 0 70 0 78 0.5 82 0 
7657 6 0.3 42 0.6 43 0.4 45 0 53 0 57 0.5 60 0.9 67 1 84 0 
7717 21 0.4 71 0.8 
7730 4 0 8 0.8 41 1 
7763 1 0.7 3 0 4 0 33 0.6 52 0.8 63 0 76 1 79 1 83 0.5 
7881 8 0.5 11 0 20 0.3 42 0 75 0 76 0.5 89 0.8 93 0.8 
7888 21 0.3 32 0 33 0.7 51 1 
7929 43 0.8 
8012 1 0.7 16 0.6 29 0 51 0 52 0.4 56 0 65 0 68 0.6 74 0.8 78 0.4 
8076 6 0.7 28 0 35 0 52 0.6 59 0.8 73 0.7 92 0.9 96 1 97 0 
8268 3 0 15 0 43 0.6 51 0.4 77 0.6 89 0 
8454 13 0 30 0 42 0.9 66 0.9 
8479 15 0.3 16 0.5 43 0.4 73 0.4 80 0.9 
8485 32 0 42 0.5 48 0.8 94 0 98 0.8 
8533 5 0.8 16 0.8 17 0 21 0.6 40 0 45 0.4 70 0.8 88 0 91 0 
8850 15 0.5 33 0 35 0.3 46 0.7 54 0 64 0.8 68 0.3 86 0.3 95 0 
8945 2 0 38 0.6 57 0.3 79 0 
9222 72 0 
9352 0 0 34 0.4 87 0 
9420 1 0 16 0.4 32 0.5 51 0.5 66 0.5 88 1 
9744 13 0 54 0 95 0 
9808 67 0.9 83 0 
9969 89 1 
9972 12 0.9 14 0.7 15 0.4 17 0.9 36 1 42 1 44 0 56 0 80 0.8 85 0.7 
