100
78 3 0 4 0.3 8 0 27 0 32 0.5 61 0.3 87 0 97 1 
150 10 0.5 16 0.8 31 0.3 38 0.9 55 0.3 78 0.5 
156 33 0.5 97 0.3 
366 8 0 26 0.3 31 0 65 0.5 71 0.7 76 0.6 99 1 
385 38 0.9 
389 9 0.8 19 0.5 25 0.6 27 0 39 0.4 55 0.8 57 1 73 0.4 94 0 
440 1 0 7 0.3 8 0.4 17 1 35 0.9 39 0.9 55 0.7 72 1 73 0.3 77 0.4 
542 9 0.3 18 0.5 33 0.4 36 0 39 0.4 47 0.3 65 0.9 71 0.4 75 0.5 91 1 
563 4 0.5 9 0.5 10 0.5 12 0 55 0.3 58 0.6 62 0.6 67 0.9 
769 61 0.4 98 0 
857 39 0.5 
1057 16 0.9 33 0 35 0.4 37 0 40 0 49 0.8 50 0.7 59 0.6 76 0.6 99 0.5 
1160 51 0.9 62 0 69 0 96 0.4 
1198 12 1 37 0.7 53 0.5 54 0.7 58 0.8 81 0 82 0.5 93 0.7 
1223 40 0 47 0 51 0.4 57 0 74 0.5 77 0 89 0.8 
1273 20 0.9 
1434 5 0.6 6 0 
1458 13 1 26 0.9 49 0 61 0.5 77 0 87 0 
1464 31 1 96 0.5 
1475 16 0.6 26 0.7 27 0.9 34 0.5 46 0 57 0.7 59 0 62 0.7 81 1 
1529 39 0.8 88 0 
1580 5 0.7 8 0.4 22 1 28 0.8 52 0 60 0.6 71 0 90 0.4 
1626 29 0.7 34 0.5 51 0 60 0 65 0.7 67 0 72 0.8 96 0.8 97 0 98 0.3 
1737 41 0 43 0 62 0.3 64 0.8 66 0.8 70 0 
1743 9 0.7 46 0.4 57 0.6 62 0.4 71 1 77 0.8 92 0 95 0.5 
1779 19 0.4 22 0.3 25 0.5 30 0 39 0 48 0.5 53 0.3 81 0.6 99 0.4 
1851 8 0.8 12 0.5 16 0 30 1 43 0.6 82 0.8 
1900 6 0.3 15 0.7 29 0.6 37 0 47 0 62 0 72 0.9 76 0.7 79 0 89 0 
1966 9 0.6 85 1 
2108 0 0.8 29 0 42 0.4 46 0 85 0.9 
2205 37 0.9 38 1 42 0 45 0 77 0 81 0.7 88 0.4 
2326 4 0 17 0 25 0.5 
2377 6 0 12 1 17 0 54 0.6 65 0.4 77 0.7 85 0.9 
2406 28 0.6 45 0 47 0.6 66 0 71 0 72 0.9 
2446 72 0 
2544 69 0.4 
2639 14 0 49 0 83 0.9 
2693 2 0 4 0.4 8 0.3 23 0 54 0.4 57 0 68 0 70 0 89 0.6 91 0 
2741 86 0.8 
2761 15 0 64 0.8 
2969 5 0.9 21 0 
3098 13 0.3 56 0 62 0.7 89 0 90 0.7 91 0.3 
3237 3 0.5 10 0.4 37 0 61 0.6 62 0.9 85 0 89 0.5 93 0.8 98 0.5 
3701 7 0 10 0.7 22 0.5 72 0.8 75 0.3 
3795 13 0 41 0.8 67 0.3 
3804 16 0 22 0 42 0.7 43 0 50 0.4 65 1 69 0 84 0 96 0.4 
3836 6 1 73 0.7 87 0.5 
3939 24 0.5 35 0.8 47 0 51 0.5 67 0 
4137 89 0.5 
4168 23 0.5 25 0.6 40 0.9 45 0.7 52 0.4 55 0 56 0.5 98 0.8 
4351 8 0.7 22 0.6 30 0 59 0 72 0.6 75 0.7 
4422 1 0.4 16 0.5 38 0.9 40 0 46 0 64 0.6 69 1 84 0 90 0.4 99 0.5 
4490 9 0.7 37 0 
4677 17 0.5 24 0.6 25 0 41 0 61 0.5 
4704 78 0.4 
4727 53 0.7 
4878 2 0.9 3 0 7 1 23 0.5 33 0.7 34 0.8 50 0 58 0.4 78 0 97 0 
5077 8 0 12 0.7 16 1 57 0 89 0 91 0.4 99 0.4 
5162 35 0 
5364 87 1 
5600 1 0.8 19 0.5 41 0.5 46 0.9 52 0.5 58 0.7 85 1 87 0.8 
5944 6 0.6 16 0.3 64 0.9 68 0 83 0.3 
5956 27 0 
6097 35 0 58 0.9 59 0.4 72 0 
6141 30 0.7 38 0 40 1 50 1 58 0.9 82 0.5 87 0.9 
6245 7 0.9 25 0 30 0 41 1 51 0 58 0.7 75 0.3 84 0.3 91 0 94 0 
6326 39 0.6 60 0 82 0.6 84 0.8 
6478 22 0.7 25 0.5 40 0.8 57 0 
6550 2 0.6 10 0 31 1 41 0.5 48 0 80 0.7 
6606 17 0.6 22 0 26 0.9 37 0.6 39 1 55 0 56 0.8 
6610 78 0 
6821 3 0.6 25 0.5 26 0.6 45 0 49 0.3 58 0.5 68 0.4 89 0 
6823 3 0.8 18 0.4 22 0.3 29 0 48 0.3 63 0.6 64 0.9 95 0.3 
7041 4 0.7 7 0.9 9 0.8 32 0 38 0.4 45 0.3 53 0.7 83 0.9 88 0.3 
7086 7 0.3 20 0.3 26 0.6 33 0.9 45 1 61 0.9 
7102 0 0.8 9 0.5 48 0.8 56 0.5 82 0.8 92 0 94 1 
7174 2 0.5 13 0.3 16 0 28 0.9 38 0.8 40 0.6 76 1 90 0 96 0.8 97 0.3 
7332 14 0.6 28 0.4 60 1 67 0.5 72 0.5 95 0 
7408 1 0 6 0.6 7 0 42 0.7 56 0.9 87 0.5 89 1 
8080 35 0 
8156 43 0 51 0.7 54 0.9 73 0.3 81 0.7 84 0.6 85 0 
8384 9 0 49 0 81 0.5 84 0.5 95 0 
8475 11 0.4 29 0 32 0 45 0.5 57 1 67 0 86 1 91 0.7 96 0.7 
8676 12 0.6 15 0.7 41 0 
8775 0 1 6 0.4 11 0.3 16 0.3 18 0.4 47 0.6 62 0.6 91 0 92 0.9 
8794 71 0 77 0.5 
9049 11 0.8 40 0.3 50 0.6 63 0.9 67 0.8 70 0.8 93 0 
9100 49 0.4 50 0 51 1 97 0.5 
9159 11 0.7 
9189 2 0 12 0.6 16 1 37 0.7 49 0 57 0 
9201 57 0 79 0.6 
9387 14 1 48 0 62 0.4 
9410 16 0.6 17 0 26 0 43 0.8 75 0.6 95 0.5 96 1 
9462 88 0.6 
9472 12 0.4 27 1 38 0 40 0.8 43 0.4 71 0.7 
9494 7 0.6 20 0.9 41 0 51 0.4 68 0.8 
9503 5 0 15 0.6 22 0.8 31 0 40 0.8 43 0.8 44 0 51 0 98 0.3 99 0.7 
9535 25 0.5 
9598 60 0.9 76 0.4 79 0.4 98 0 99 0.8 
9755 1 0.8 20 0.5 49 0.7 58 0.6 64 0.5 81 0.7 84 0.3 
