100
32 1 0 10 0 13 0.4 14 0.7 23 0.5 41 0.8 50 0 66 0.5 
50 16 0 79 0 
86 45 0.8 50 0.7 56 0 57 0.9 58 0.3 78 0 
103 41 0.4 68 0.9 73 0.6 90 0.8 91 0.6 93 0.4 
143 0 0.4 5 1 12 0 51 0.9 59 0.8 64 0.6 79 0 92 0 98 0 
186 44 0.5 85 0 
224 25 1 28 0 46 0.4 61 0.5 67 0.9 70 0 75 0.6 85 0 89 0.7 
229 18 0.4 20 1 23 0 29 0.6 30 0 35 1 39 0.8 51 0 72 0 
387 27 0 33 0.8 38 0.6 49 0.7 65 0.6 87 0.9 
480 13 0.5 26 0.5 33 0.9 62 0.9 88 0.4 94 0.7 
543 12 0.9 31 0.4 42 0 56 0.4 65 0.9 80 0.6 
573 4 0.9 13 0 37 0 
597 12 0.4 33 0 
616 0 0.5 3 0.6 15 0 21 0.4 22 0 32 0 38 1 41 0.3 56 0.9 59 0.3 
750 6 0.9 28 1 40 0.4 64 0 90 0.8 94 0.4 
874 53 0.8 62 0.5 95 0.9 
889 11 0.5 17 0 23 0 46 0 52 1 80 0.7 82 1 98 0 99 0.3 
902 17 0.3 22 0.7 30 0.3 52 0.5 54 0 79 0.6 
1024 9 0.3 18 0.5 29 0.4 33 0 81 0.7 99 0 
1372 48 0.7 55 0.7 87 0 89 0.7 98 0.7 
1410 0 0.7 74 0.8 86 0.3 
1500 0 0.6 23 0 26 0.4 42 0.6 58 1 66 0 68 0.4 77 0.8 79 0 
1520 78 0 81 1 84 0.4 85 0 91 0.5 
1566 29 0.3 31 0.6 32 1 49 1 51 0.7 67 0 70 0.5 71 0.4 79 0 
1803 31 0.5 40 0 42 0 59 0 82 0.4 86 0.9 87 0 
1820 3 0 6 1 8 1 27 0.9 33 0.3 34 0 92 0.3 93 0.5 97 1 99 0.4 
1821 11 0.6 40 0.8 44 0.8 58 0.9 61 0.7 66 0 74 0 98 0.5 
1854 24 0.3 31 0.8 40 0 43 0.7 44 0.7 57 1 62 0 72 0 74 0.8 
1883 5 0.5 7 0.3 13 0.9 14 0 45 0 46 0.5 61 0.5 69 0.8 72 1 
2142 24 1 60 0.7 89 0 
2273 1 0.8 22 0 26 0.6 27 0 28 0.4 58 0.8 67 0 72 0 81 0.8 88 0 
2288 1 1 8 0.7 54 0.8 74 0 
2431 33 0 76 0 79 0 91 0.7 92 0.6 
2499 5 0.8 23 0.4 28 0.7 61 0.9 62 0 66 0.5 74 0.6 80 1 88 0.4 95 0 
2549 10 0 20 0 23 0.7 46 0 61 0.8 63 0.5 67 0.3 73 0.6 75 0.5 85 0 
2558 8 0 13 1 26 0.6 56 0 57 0.6 60 0 71 0 72 0.4 94 0.3 
2587 16 0 52 0 59 0 
2623 4 0 29 0.3 
2783 3 0.7 26 0.6 68 0.6 76 0.4 93 0.6 
2785 85 0.3 87 0.4 93 0.4 
2823 33 0.6 
2824 1 0.4 23 0.3 37 0.7 50 0 62 0 63 0.7 70 0.3 76 0.3 85 0.8 89 0 
2890 14 0.8 28 0 30 0.8 40 0.4 72 0.7 88 0 
2931 40 0.5 86 0.9 88 0.8 97 0.6 99 0.6 
2963 18 0.9 21 0 26 0.5 39 0.4 52 0.5 72 0.4 
3072 7 0.8 33 0.9 
3231 17 0 19 0 54 0.6 55 0 77 0 89 0.7 97 1 
3241 50 0.8 
3273 13 0.7 22 0.3 96 0 
3289 2 0.8 30 0.5 33 0.6 48 0.5 54 0 60 0.3 63 0 69 0.6 78 1 
3483 27 0.7 93 0.8 
3592 6 0.6 59 0.7 
3729 26 1 40 0 80 0.8 
3863 25 0.9 45 0.6 
3868 54 0 
3897 17 0.9 34 0 
4075 12 0.6 87 0.9 89 0.5 
4119 6 0.4 12 0 34 0 66 0 96 0.6 
4523 6 0.5 14 0.8 21 0.8 30 0 32 0.8 35 0.6 50 0 56 1 63 0.4 73 0 
4540 8 0 15 0.4 78 0.5 87 1 
4689 19 0.5 24 0.7 35 0.8 56 0.4 71 0.9 
4700 9 0.9 13 0.6 18 0.6 22 0.4 37 0.4 64 0.9 72 0 73 0 76 0.3 
4872 24 0.9 30 0 56 0.5 86 0.7 92 0 98 0 
4944 5 0 22 0 24 0.5 39 0 47 0 59 0.5 66 0.6 82 0 89 0.8 93 0.8 
4956 6 0.4 11 0 46 0.9 65 0.8 96 0 
4971 28 0.9 45 0.8 54 0.3 61 0.9 65 0 
5080 3 0 10 1 14 0.7 30 0.7 39 1 40 0.5 46 0.4 50 1 63 0.4 
5253 0 0 28 0.6 35 0 36 0.7 75 0.4 79 0.4 80 0 81 0.5 96 0.8 99 0.7 
5506 8 0 30 0.7 35 1 46 0 
5602 1 0.9 12 0.4 19 0.7 30 1 38 0.4 48 0.9 68 0.5 84 0.6 95 0.6 
5628 18 0.7 34 0.8 37 0.9 40 0.9 42 0.7 44 0.5 45 0 56 0 80 0.7 95 0.8 
5752 4 0.6 18 0.9 19 0 36 0.9 46 0.8 48 0.8 71 0.8 72 0.6 75 0 81 0.3 
5808 12 0.5 19 0 22 0.7 35 0.7 49 0.8 68 1 72 0.8 86 0.4 
5950 8 0.3 
6227 15 1 22 0 34 0.7 45 0 50 0 55 0.9 56 0 73 0.6 94 0.4 
6391 27 0 40 0 62 0 63 0.8 
6418 1 0.8 15 0.8 18 0 25 0.7 48 0 53 0.3 54 0.3 64 0 66 0.4 87 0 
7077 7 0.9 18 0.3 23 0 29 0.8 46 0.8 59 1 72 0.5 86 0 94 0.9 
7144 13 0 72 1 
7219 2 0.7 10 0 58 0.8 66 1 75 0.9 83 0 
7238 16 1 57 0.8 64 0.8 78 0.6 96 0 
7434 2 0.5 84 0.4 90 0 96 1 
7660 1 0.3 5 0.8 30 0.7 35 0 41 1 
7723 12 0.6 19 0.7 31 0.7 32 0.3 40 0 41 0.5 72 0.5 73 0.9 
7737 2 0.3 92 0.5 
7773 19 0 28 0.6 34 0.6 38 0 45 0 84 0.5 85 0.4 95 0.9 
7890 8 1 38 0 56 0.9 86 0 
8154 22 0 41 0 
8357 24 0.8 70 0.5 74 0.3 75 0.6 95 1 
8373 34 0.6 48 0.7 49 0.7 50 0.9 56 0.5 70 0 72 1 92 0.4 96 0.9 97 0.3 
8420 4 0.9 69 0 
8457 1 0.6 18 0 29 0 36 0.5 41 0.4 45 0.6 74 0.3 78 0.5 82 0.6 
8460 6 0.3 19 1 20 0 51 0.7 64 0.9 72 0.8 73 0 74 0.6 86 0.4 90 0.7 
8599 7 0.3 21 0.6 26 1 33 0.8 48 1 78 0.7 79 0.3 
8691 1 0.4 49 0.7 51 0 60 0.9 65 0.8 79 0.8 89 0 
8796 3 0 34 0.4 72 0 77 0.8 81 0 
9046 11 0.5 14 1 32 0.7 
9679 15 0.4 41 1 62 1 
9852 8 0.5 10 0.7 15 0.4 17 0.3 34 0.9 37 0.3 45 0.3 71 0.5 80 0.6 96 0 
9910 7 0.8 
