100
86 45 0.4 50 0.9 56 0.8 57 0.6 58 0.6 78 0 
107 0 0.6 15 0 33 0.5 42 0.5 70 0 79 0 80 0 91 0.8 
112 12 0 22 0.6 30 0.8 32 0.9 40 0 53 0 62 0.3 81 0.4 86 0.9 98 0.5 
114 1 0.9 21 0.5 28 0.4 35 0.6 48 1 
154 5 1 9 0.4 11 1 13 0 28 0.7 30 0.7 74 0.5 76 0.5 83 0.3 91 0.5 
325 0 0.4 7 0 48 0.7 68 0.8 75 0.9 
403 74 0.7 
432 1 0.8 14 0.8 29 0.8 32 0.4 78 0 80 0.9 85 0.8 87 0.6 92 0 
644 11 0 19 0 35 0.9 59 0 65 0.3 79 0.9 90 0.4 98 0 
702 25 0.4 32 1 83 1 99 0.3 
788 38 1 52 0.8 75 0.4 
827 32 0 87 0 88 0.7 89 0 94 0.7 
840 44 0.9 49 0.9 
901 39 0.8 82 0.4 89 0.8 
965 13 0.9 23 0.8 30 1 35 0.5 53 0 62 0 65 0.8 69 1 75 0.4 85 0 
975 1 0.7 
976 35 1 49 0.5 57 0.4 78 0.8 
1183 29 0.6 42 0.8 
1187 5 0 18 0.3 28 0.8 90 0.4 
1439 51 0.9 58 0.3 65 0.9 73 0.3 80 0 86 0.9 90 0.8 
1441 6 0 28 0.5 45 0.7 65 0.9 66 0.6 73 0.4 87 0.3 
1587 9 0.8 42 0 47 0 55 0 76 0.9 77 0.4 
1677 23 0 41 0 
2098 5 0.8 28 0.8 46 0.6 66 0.4 85 0.3 
2284 5 1 14 0.4 25 0.3 33 0 63 0.9 71 0 72 0 83 0.9 
2295 2 0 15 0.3 56 0.8 89 1 
2389 19 0.8 40 0 43 0 63 0.9 71 0.3 83 0.9 
2646 5 0.6 10 0 31 0 54 0.4 55 0 68 0 77 0.6 82 0 
2930 7 0 19 0 37 0 65 0 77 0.4 81 0 
2937 24 0.3 28 0 30 0.8 42 1 61 1 63 0.7 65 0.7 68 0.7 93 0 94 0 
3050 2 0 21 0.6 30 1 53 0.9 58 1 65 0 70 0 74 0.8 86 0.7 94 0.4 
3072 7 0.9 33 0.5 
3342 95 0.7 
3401 81 0.4 88 0.8 
3412 41 0.7 73 0.5 79 0.9 
3426 1 0.4 28 0.6 32 1 33 0.9 35 0 64 0 67 0.8 70 0.4 92 0.8 
3428 94 0.8 
3448 83 0 
3697 13 0 25 0 30 0 35 0 54 0 79 0.3 
3740 2 0.6 20 0.9 63 0 68 0.9 
3825 93 0.3 
3902 1 0 13 0.7 37 0.3 
4064 29 0 49 0.8 54 0.8 59 0 67 0 91 0.7 97 0.6 
4139 7 0.6 53 0 91 0.5 
4169 42 0.6 
4236 42 0.4 44 0.6 74 0 98 1 99 0.8 
4341 18 0.7 32 1 61 0 65 0.5 78 0 92 1 
4406 38 0.3 
4657 57 0.3 97 0 
4706 7 0 17 0.6 25 1 29 0 33 0.4 35 0.4 51 1 68 0.5 69 0.5 91 0 
4765 59 1 
4884 23 0.5 46 0.7 54 0.6 61 0.3 63 0 71 0 75 0.6 90 0.5 
4994 29 0 
5292 7 0.4 17 0 19 0 38 0.9 42 0.4 52 1 67 0.7 74 0 79 0.3 94 0 
5387 48 0.9 62 0 66 0 92 0 
5438 52 0.4 55 0.8 59 0.9 
5692 1 0.8 7 0.6 59 0.5 60 0.3 76 0.7 87 0.3 90 0.5 
5787 9 0 
5830 18 1 25 0.4 43 0.6 83 0.6 95 0.4 97 0.9 
5848 2 0.9 21 0 38 0 46 0 51 0.4 62 0.3 76 1 81 0 85 1 90 0 
5961 7 0.8 
6017 23 0 29 0 63 1 70 0 86 1 87 0.4 96 0 
6232 6 0.9 15 0 52 0.3 57 0 74 0.3 84 0 92 0 
6260 61 0.4 
6423 62 0.3 68 0 
6520 13 0 90 0.3 
6598 10 0.7 29 0.3 30 0.6 39 1 41 0.6 51 0.5 56 0.6 61 0 
6608 23 0.8 29 0.4 38 0 64 0.5 68 0.5 74 0 
6949 33 0 80 0.9 82 0.8 94 0.3 
7197 8 0.4 22 0.7 24 0 43 0 57 0.7 68 1 70 0.4 79 0 80 0.8 
7579 31 0 
7609 24 0.5 26 0.5 45 0.8 55 0.3 74 0.3 77 0.6 
7665 3 0 15 0.7 18 1 36 0 39 0.4 
7882 1 0.4 4 0.3 42 0 48 0.5 62 0.5 68 0 95 0 
7928 53 1 86 0.8 
8086 3 0.5 5 0.6 14 0 48 0.7 52 0.3 82 0.3 83 0.7 95 0.8 99 0 
8297 2 0 73 0.4 92 1 
8311 29 0.4 49 0 52 0.6 71 1 82 0.5 87 0 
8431 60 0 
8503 9 0 12 1 15 0.8 22 0.3 33 0 41 0.5 55 0.5 56 0.4 81 0.4 95 0 
8572 17 0 29 1 45 0.9 59 0.3 62 0 83 1 88 0.9 90 0.3 
8592 7 1 41 1 43 0.5 46 0.7 66 0.3 70 0 72 1 75 0 87 0.7 99 0.7 
8845 18 0.5 74 0.6 75 0.7 84 0.8 96 0 
8922 9 0.9 20 0.6 31 0 52 0 72 0.9 
8984 51 0.5 64 0 98 0.5 
9017 86 0.9 
9148 8 0 10 0.3 19 0 25 1 29 0 31 0 42 0 43 0 75 0 93 0.8 
9206 3 0.5 30 0.3 
9218 8 0 9 0.5 33 0.4 40 0 47 1 49 0.3 86 0.7 96 0 98 0 
9231 14 0.5 23 0 30 0 35 0.8 39 0 56 0.6 63 0.8 64 0.3 68 0.5 90 0 
9284 21 0.6 23 0.4 27 0.5 33 0.9 45 0.8 58 0.4 59 0.6 84 0.4 
9320 0 0 
9390 36 0.4 41 0.4 70 1 74 0.7 77 0.5 81 0 91 0.9 
9523 6 0 22 0.8 37 0.3 42 0.6 48 0 
9570 76 0.7 
9687 33 0 39 0.4 56 0.8 57 0.3 58 0.4 70 0.4 86 0 90 0.5 94 1 
9806 0 0 30 0.6 80 0 83 0.8 88 0.6 
9825 0 0 3 0.7 22 1 67 0 75 0.6 82 0 86 0 
9926 63 0.5 
9962 18 0.9 48 0.7 87 0.6 95 0.9 
