100
12 9 0.3 23 0.7 48 0.6 79 0.3 89 0.4 
49 66 0.4 67 0.5 71 0.7 83 0.6 84 0.5 86 0.3 99 0 
66 27 0 32 0 55 0.5 81 0.5 
231 21 0.8 37 0.5 93 0.5 
292 23 0.4 35 0.3 49 0.8 60 0 70 0 80 0.4 96 0.9 99 0.9 
472 9 0.4 14 0.5 25 0 40 0 
482 62 1 
645 2 0.6 9 0 14 0 28 0.4 93 0.9 
704 0 1 24 0.4 83 0.6 85 0.6 87 1 
723 10 0.6 72 0 79 0.4 98 0.6 
950 6 0 21 0.3 56 0 62 0.7 76 0.7 85 0.6 87 0 
1047 15 1 83 0 
1125 11 0 35 1 47 0 77 0 82 0 
1152 66 0.6 67 0.6 68 0.9 89 0.3 91 0.3 
1212 8 0.9 38 0 41 0.7 52 0 
1223 40 0 47 0.3 51 0.7 57 0.5 74 0.3 77 0.6 89 0.7 
1435 11 0 16 0.4 44 1 69 0 70 0.8 94 0.5 
1452 2 0 5 0 19 0 25 0.5 32 0.7 61 0.9 64 0.3 82 0.5 
1645 32 0.9 
1732 4 0.6 23 0.5 31 0.3 52 0.9 97 0.5 
1804 4 0 7 0.3 8 0 17 0 42 0 50 0.7 53 0.6 72 0.7 82 0.9 
1816 31 0 35 0.3 49 0.6 64 0.6 98 1 
1891 11 0 20 0.7 26 0 74 1 
2030 2 0 12 0.7 16 0 28 0.5 
2173 28 0.3 36 0.5 71 0 98 0 
2205 37 1 38 0.4 42 0 45 0.6 77 0 81 0 88 0.5 
2245 38 0 62 0 64 0.9 80 0.4 
2308 2 1 4 0.3 10 0.7 13 1 
2645 64 0 
2681 4 0.5 40 1 50 0.9 60 1 68 0.8 89 0.6 97 1 
2748 12 1 
2905 5 0.7 96 0.4 
2985 4 0 5 0.5 18 0.7 23 0 27 0.3 57 0.4 69 0.4 86 0.8 96 0.4 97 0.9 
3290 5 0.8 9 0.5 33 0.5 51 0.8 61 0.9 64 0.5 85 0.5 89 0.6 
3454 4 0.8 20 0 32 0 49 0.9 58 1 64 0 66 0.4 
3533 5 0 33 0 90 0.4 95 0 
3580 21 0.9 23 0.9 24 0.8 27 0 37 0.9 48 0 70 0.5 77 0.9 88 0.4 
3613 52 0 58 0.6 63 0.3 
3645 8 0.7 9 0.3 77 0.6 89 0.8 
3656 1 0.8 38 0.4 71 0.6 96 0.5 
3902 1 0.7 13 1 37 0 
3977 6 0.7 17 0.4 20 0.7 27 0.7 30 1 34 0.3 37 0 38 0 45 0 81 0.6 
4106 61 0 63 0.7 
4136 24 0.8 36 0.4 48 0.6 
4190 7 0.8 22 0.3 26 0.4 51 0.7 55 0.8 84 0.8 98 0.4 
4234 15 0.6 16 0.4 19 0.9 31 0 37 0.3 42 0.8 58 0.6 67 0.8 93 0.4 94 0.5 
4308 7 1 
4376 52 0.5 
4581 30 0.8 40 0.6 65 0 
4717 50 0 63 0 84 0.3 
4919 47 0.9 64 0.9 66 1 87 1 
4944 5 0 22 0.5 24 0.9 39 1 47 0.6 59 0 66 0.6 82 0 89 0.6 93 0 
5141 7 0.4 18 0.9 70 0.6 73 0.7 86 1 97 0 
5595 19 0.7 24 0 35 0 42 0.9 52 0 58 0 66 1 77 0.6 97 0.5 
5814 16 0 18 0 55 0.4 79 0.7 
5843 12 0.7 20 0 52 0.3 53 0.9 69 0 80 0.3 83 1 88 0.5 96 1 99 0.8 
6104 11 1 26 0.6 34 0.4 38 0.8 56 0.3 74 0.3 77 0 
6145 0 0.9 10 0 11 0 18 0.5 24 1 26 1 29 0.3 39 0.7 76 0.7 
6148 1 0 21 0.5 51 1 60 0.6 82 0.7 
6161 33 0.3 51 0.9 54 0.3 68 0.5 69 0 74 1 75 0 77 0.7 80 0.6 94 0.6 
6335 38 0 48 0.9 54 0.4 59 0 62 0 64 0.6 80 0.7 83 1 87 1 88 0.4 
6672 87 0.6 96 0.3 
6800 50 1 59 0 60 0.9 62 0 96 1 
6891 25 0.5 39 1 45 1 47 0 56 0.4 82 0.3 
7016 54 0.7 74 0 84 0.8 
7076 36 0 41 0 44 0 50 0.5 56 0.5 79 0.8 85 0.9 95 0 
7109 12 0 27 0.3 43 0 63 0.6 77 0.3 81 1 84 0 98 1 
7147 11 0.6 20 0.8 24 0.9 25 1 30 1 41 0.7 68 0.8 74 0.8 89 1 
7298 20 0.3 52 1 83 0.5 
7304 6 0 26 0.3 88 0.9 98 0.4 
7394 16 1 57 0.6 
7528 3 0 24 0 
7653 36 1 46 0.5 
7741 10 0.6 45 0.9 61 0 92 1 
7769 19 0 24 1 25 0.7 70 0.6 76 1 91 0.5 99 0.5 
7787 50 0 66 0.8 83 0 
7850 23 0.6 32 0.9 44 0.7 45 0 48 0.5 66 0.6 69 0 
7940 17 0.8 21 0 29 0 41 0 42 0.5 82 0.3 88 0.7 
8049 3 0.3 10 0.8 33 0.6 41 0.4 55 0 75 0.8 81 0 86 0.3 
8273 6 0.8 30 0 38 0 40 0 59 0.8 67 0.5 96 0.7 99 0.9 
8337 39 0.9 67 0 83 0.9 92 0 
8581 19 0.9 48 0 53 0.4 59 0.9 68 0 74 1 
8708 13 0 19 0 22 0.8 23 0 37 0.9 48 0 81 0.5 91 0.7 
8779 10 0.9 14 0.9 24 1 25 1 35 0 37 0.8 55 0.8 84 0.5 87 0.3 
8904 2 0.9 19 0 23 0.4 50 0.8 58 0.6 76 0.6 84 0 87 0.9 
8936 7 0 19 0.5 26 1 29 0.5 47 0 55 0.8 70 0.5 82 0 
9004 16 0 
9058 6 0.9 16 0.9 19 0 36 0 50 0.8 57 0.5 59 0.4 67 0.7 99 0.6 
9077 1 0.7 2 0.6 5 0.3 7 0.7 10 0.6 19 0.6 49 0.4 86 0.3 94 0 97 0.9 
9081 8 0.9 16 0.4 23 0.3 27 0.6 33 0.6 47 0.3 61 0.8 88 0.9 96 0.9 
9292 11 0.8 12 0.9 18 0.8 22 0.8 38 0.5 57 0.5 80 0.9 86 0 90 0.4 
9361 37 0.4 49 0.8 88 0 
9398 46 0 47 0.8 80 0.9 
9450 16 0.9 30 0.4 67 0.9 
9519 52 0 56 0.4 63 0 77 0.3 85 0.6 91 0.3 
9556 0 0.3 13 0.9 14 0 15 0 46 0.6 51 0 65 0 72 0.9 81 0 
9635 21 0 28 0.4 61 0.6 77 0.6 85 0.3 87 0.4 
9692 11 0.4 18 0.9 19 0.8 23 0 42 0.9 73 0.3 78 0 87 1 93 0.5 
9896 3 0.5 13 0.6 34 0.5 51 0.7 71 0 78 0 84 0 88 1 93 0 95 0.4 
9949 13 0.3 44 0.5 71 0.7 
