100
328 25 0 56 0.6 
413 2 0.4 7 0.7 34 0.4 
467 16 0.9 21 0.5 23 0 25 0.3 32 0 34 0 41 0.3 59 0.6 63 0.9 72 0 
476 12 0.3 19 0 23 1 30 0.8 37 0.3 49 0 75 1 79 0.3 
593 42 0.7 45 0.8 53 0.4 55 0.8 72 0.6 
611 6 0.8 52 0.6 58 0 68 0.6 76 0.7 
618 1 0.3 10 0.3 47 0.7 
621 37 0.5 44 0.4 47 0.8 56 0.4 75 0 93 0 
657 24 0.9 68 0 76 0 
745 2 0.9 15 0.6 17 0.4 64 0.3 67 0 70 0.5 72 0.9 97 0.9 99 0.7 
941 3 0 20 0.6 70 0.5 
967 9 0 17 0.7 23 0.3 32 0.6 41 0.3 46 0.4 
1005 1 0 22 0 29 1 31 0.6 44 0.9 51 1 58 0 66 0.7 74 0.9 90 0.5 
1062 2 0 29 0.6 
1162 9 0.4 20 0 28 1 39 0.9 53 1 62 1 95 0.6 
1237 0 0.5 2 0.6 15 0 18 0.4 24 0 44 0.9 48 0.8 93 0.9 
1243 28 0.6 49 0.5 55 0.7 63 0.3 68 0.7 98 0.4 
1520 78 0.6 81 0.5 84 0.6 85 0.4 91 0 
1673 15 0.7 38 0 42 1 45 0.6 84 1 92 0.5 98 0.9 
1717 3 0 25 0.5 68 0.5 
1770 4 0.5 8 1 28 1 74 0.6 75 0.7 83 1 
1841 19 0 33 0.7 82 0.7 
1973 5 0.7 8 0.9 9 0.7 11 1 21 0 31 0.4 35 0.6 49 0 59 0 65 0 
2005 17 0.6 25 0.8 45 0.9 69 0.7 72 0.8 77 0.8 
2034 16 0.9 18 0.3 46 1 66 0 76 0 
2114 2 0.3 18 0 53 0 57 0 77 0.7 89 0.9 95 0.9 
2327 2 0 28 0.4 31 0.3 36 1 39 0.9 42 1 50 0.3 62 0 77 0 
2340 7 0 43 0 75 1 99 1 
2343 30 0.3 33 0.4 35 0.9 43 0.9 64 0 90 0.8 93 0 
2496 26 0 38 0 69 0.5 94 1 
2568 5 0.7 25 0 39 0 42 0.5 46 0.5 51 0.5 68 0.5 71 0 81 0.4 84 0.5 
2587 16 0.9 52 0.7 59 0.7 
2612 55 0.4 
2674 8 0.5 17 0.7 78 0.9 84 0.4 90 0.4 98 0.4 
2883 4 0 33 0.4 51 0.9 83 0.6 
2915 3 0.8 62 0.8 91 0 
3270 4 1 5 0.5 8 0.3 37 0.9 93 1 95 0.5 
3287 12 0.5 24 0.4 96 0 
3383 4 1 10 0.7 13 0 15 0.6 16 0.7 27 0.8 28 0.8 45 0.6 57 0.4 68 0 
3425 3 0.9 
3569 41 0.7 94 0.7 
3700 36 0.9 45 0.8 51 0.6 53 0.8 85 0.6 96 1 
3745 63 0.7 82 0.6 
3921 54 0.8 85 0.4 95 0.9 
3973 16 0.3 71 0.8 86 0.3 
4025 11 0.9 22 0 49 0.5 95 0.3 
4049 52 0.3 85 0 88 0.3 
4183 7 0 41 0 63 0.5 77 1 83 0.8 96 0 
4220 10 0.4 56 1 70 0.5 
4443 27 0.5 28 0 42 0.7 52 0 53 0.9 55 0 64 0.9 68 0 81 0.9 89 0.7 
4514 59 0 61 0.3 62 0 64 0.5 74 0.5 88 0.8 96 0.6 
4662 8 0.9 53 0.3 69 0 90 0.9 
4748 9 0 10 0.3 17 0.8 21 0.9 29 0.7 53 0.6 67 1 69 0.8 77 0 84 0.6 
4818 17 1 23 0.9 33 0.9 38 0.8 67 0 80 0 88 0.9 
4993 29 0.4 30 0.7 32 0.3 35 0 
5122 9 0 14 0.8 15 0.6 63 0.9 68 1 71 0.9 77 0.8 82 0.7 
5310 10 0.9 27 0.8 29 0 82 0.3 85 0.4 
5382 23 1 32 1 43 1 50 0.6 61 0.8 63 0.7 64 0.4 88 0 90 0.7 
5448 8 1 17 0.5 36 0.3 39 0.7 58 0 63 0 97 0.5 
5508 23 0.7 26 0.8 30 0 60 0.9 65 0.7 70 0.9 85 0.8 94 0 98 0 
5634 16 0.9 41 0 45 0.3 58 0.7 75 0 82 0.7 83 0.8 97 0 
5672 35 0 72 0.7 91 0.5 
5911 25 0.3 38 0 39 1 48 0.6 80 0.4 82 1 
6008 1 0.3 6 0.6 13 0 17 0.6 28 0 29 0.4 82 0.8 
6111 13 0.9 19 0 23 1 55 0.7 61 0 74 1 
6362 47 0.6 50 0.6 56 0 57 0 60 0 65 0.8 82 0.3 84 0.9 
6457 5 0.6 22 0.8 23 0.5 58 0.8 60 0.5 70 0.6 77 1 82 0.5 90 0 
6546 3 0 5 0.9 88 0 
6740 15 0.9 87 0 95 0 97 0.7 
6787 9 0.6 36 0 59 0.9 60 0.6 
6889 5 1 6 0 77 0.5 90 0.4 92 0.6 
6916 54 0.3 55 0.9 86 0.8 89 0.4 
6989 24 0.6 28 0.4 32 0.6 47 0.9 55 0.8 86 0.5 89 0.6 
7131 37 0.5 
7140 17 0.3 23 1 30 0.7 48 0 53 0 81 0.6 84 0 91 0.7 96 0.5 98 0 
7373 12 0.4 
7441 20 0.8 23 0.5 39 0.5 54 1 66 0 74 0.7 76 0.3 87 1 98 0 99 0.6 
7590 50 1 56 0 65 0.9 66 0.4 67 0.3 72 0.4 
7636 26 0.3 58 0 71 0.7 
7661 44 0.9 74 0.8 81 0.8 
7715 16 0.7 17 0 18 0.9 35 1 37 0.8 47 0.6 86 0.5 91 0.9 
7954 63 0.5 
8035 13 0.5 21 0.4 29 0 37 0.5 71 0.3 73 0.5 78 0.5 82 0.4 95 0.7 
8123 7 0 9 0 21 0.6 22 0.9 53 1 66 0.3 68 0.5 74 0 88 0 89 1 
8229 0 0.3 7 1 13 0.4 22 0 29 0.7 34 0.5 90 0.8 
8349 16 0 21 1 32 0 41 1 52 0.4 55 0.8 56 0.7 62 0 94 0 
8427 23 0 84 0.4 
8619 10 0.6 14 1 62 0.9 64 0 98 0 
8688 11 0.3 29 0 44 0 71 0.4 72 0 93 0.6 96 1 
9045 20 0.7 33 0.8 45 0.8 52 0.3 91 0.8 95 0 
9056 33 0 93 0.4 
9072 3 0.4 12 0.4 15 0.5 21 0 27 0.7 60 0.6 64 0.4 73 0.8 81 1 
9170 12 0.4 61 0 67 0.3 86 0.3 
9255 9 0 24 0 65 0.3 84 0 
9280 17 0.5 35 0.3 58 0 75 1 95 0 
9533 0 1 12 0.9 13 0.9 23 0 26 0.8 59 0.6 68 0 75 0.3 80 0.4 90 0 
9550 18 0.4 32 1 47 0.8 49 0.7 56 0.6 81 1 96 0.4 
9617 7 0.5 16 0.8 22 0 42 0 53 1 55 0.6 73 0.8 87 0.4 
9864 7 0.9 34 0 37 0.7 47 0.5 50 0.4 72 0.5 77 1 85 0.5 89 0 93 0.3 
9961 92 0 
