100
6 64 0.4 67 1 81 0 
294 21 1 43 0 49 0 
351 11 0.9 16 0 22 0.4 75 0 
392 0 0 9 0.8 36 0.8 44 0.3 85 0.5 
593 42 1 45 0.7 53 0.4 55 0.6 72 0 
640 10 0.7 64 0 71 0.6 
650 14 0.5 20 0 21 0.8 58 0.3 60 0.7 70 0.6 
707 0 0.6 4 0 5 0.5 25 0.9 30 0.4 34 0 45 0 49 0.9 85 1 91 0 
770 2 0 15 0.6 23 0.5 71 0.3 86 0.8 
854 1 0 8 1 25 0 26 0.3 37 0 51 0.3 74 0.6 89 0 
871 3 0 18 0.4 
955 29 0.3 38 0 74 0 
1021 8 0.9 20 0.5 21 0.4 28 0 75 1 
1290 0 0.7 86 0.5 
1656 2 0 4 0.7 11 0 39 0.8 67 0.4 
1727 14 0.3 50 0.9 52 0 62 0.4 65 0 73 0.8 77 0.9 97 0.8 
1848 10 0.9 13 0 31 0.4 42 0.6 45 0.7 54 0 55 0 76 0.3 96 0.3 
1993 17 0.9 39 0.3 53 0.8 65 0.6 94 0.3 
2020 22 0 63 0.9 97 0.9 
2113 3 0 4 0 6 0 22 0.3 28 0 35 0.6 57 0.5 65 0.7 72 0 92 0 
2181 14 0.4 24 0 36 0 45 0.4 72 0.8 92 0 97 0 
2191 11 0 37 0.8 45 0.8 
2252 12 1 21 1 26 0.3 31 0.9 45 0.6 58 0.8 
2272 32 0 47 0.8 
2348 12 0 53 0.4 62 0 93 0 
2389 19 0.5 40 0.9 43 1 63 1 71 0 83 0.7 
2743 0 0.9 10 0.9 15 0 17 0.9 27 0.3 33 0 40 0 56 0.9 83 0 98 0.6 
2811 2 0 5 0 14 0.6 19 0.6 34 1 55 0.5 56 0.3 79 1 85 0.4 99 0.4 
2859 5 0 10 0.9 44 0.8 50 0.4 85 0.8 
3043 1 0.3 2 0 8 0.8 60 0.5 70 0 94 0.7 
3160 32 0 48 1 58 0.3 65 0.3 
3205 15 0.5 31 0 81 0.8 83 1 99 0.4 
3300 4 0.8 7 0.3 26 0 31 0.6 55 0.9 70 0.7 96 0 
3656 1 0.9 38 0.7 71 0.3 96 1 
3709 5 0.8 16 0.4 40 0.5 54 0 55 0 71 0.3 90 0.3 
3712 4 0 
3758 4 0.3 18 0 24 0 31 0 54 0 58 1 63 0 73 0 77 0.3 96 0 
3761 7 0.8 22 0 
3823 14 0.9 17 0.4 19 0 29 0.4 68 0.9 90 0.4 
3849 5 0 16 0 21 0.9 28 1 50 0.4 65 1 
3886 12 0 16 0.5 49 0.6 53 0.5 56 1 59 0.7 75 0.9 93 0.8 99 0.9 
3981 20 0 23 0.5 86 0 95 0 
3982 24 0.9 61 0.9 74 0 75 0.7 
4081 57 0.3 68 1 
4284 4 0.6 28 0.5 33 0 62 0.6 63 0 95 0 96 1 
4558 13 0.6 16 0.3 24 0 39 0.5 47 0 61 0 71 0 97 0 98 0 
4645 7 0 15 0 36 1 37 0 65 0.5 76 0.7 90 0.6 97 0 
4932 24 0.6 27 0 46 0.8 52 0.9 55 1 72 0 
4951 30 0 34 0.3 55 0.8 68 0.8 
5092 7 0.6 35 0.6 44 0.3 89 0 94 0 
5259 7 0.7 22 0.7 41 0.6 44 0.3 52 0 66 0.9 69 0.7 76 0.6 80 0.6 95 0.9 
5322 35 0.6 51 0.4 99 0 
5515 9 0.5 15 1 17 0 25 0.7 49 0 74 0.3 77 0.9 78 0.9 
5702 10 0 11 0 34 0 72 0.8 95 0 
5731 8 0.3 18 0.8 23 0.7 25 0.9 65 0.6 90 1 
5747 21 0.9 25 1 
5822 11 0.4 46 0 69 0.5 85 0.3 99 0.7 
5828 12 0.8 24 0.4 35 0.3 39 0.7 53 0.8 65 1 74 0.3 
5921 7 0.6 13 0.5 22 1 35 0.5 44 0 51 1 56 0.5 58 0.7 
5968 3 0.7 
6226 33 0 48 0.3 
6238 18 0.5 63 0.5 
6380 18 0 28 0.3 76 0.7 88 0 93 0.7 98 0 
6386 0 0.8 2 0.7 3 0.9 19 0.9 45 1 56 0 58 0 69 0.7 90 0.6 
6457 5 0 22 0.3 23 0.7 58 0.6 60 0 70 0 77 0 82 0.9 90 0.8 
6460 0 0 8 0.6 37 1 78 0.6 
6534 0 0 39 0.3 51 0.6 52 0.7 70 0.9 71 0 80 0.3 92 0.7 
6760 18 0 98 0.9 
6826 27 0.4 30 0.6 37 0 39 0.7 70 0.8 83 0.7 99 0 
6908 9 0.6 30 0 57 0.6 
6918 2 0.7 20 0 26 0.5 36 0.8 47 0 56 0 60 0.6 
7118 23 0 32 0.5 41 0.8 76 0.8 77 1 78 0 87 0 
7162 24 0.6 
7311 16 0.8 17 0 28 0.4 33 0 68 0.9 80 0 81 0.6 
7461 11 0.6 21 0 24 0.4 29 0.8 74 0.6 93 0.9 
7528 3 0.4 24 0.5 
7588 2 0 19 0.6 36 0 57 0 68 0 
7634 30 0.4 55 0 56 0.9 73 0 74 0.3 
7724 39 0.8 83 0.5 
7753 92 0.6 
7977 25 0.4 43 0 53 0.8 77 0.9 85 1 89 0 91 0 
8237 11 0 13 0 52 0.9 69 0.9 77 0 
8426 4 0.3 5 0.6 9 0.7 26 0.8 59 0.8 66 0 82 0.9 89 0.6 
8627 19 0.5 89 0.5 
8642 4 0.9 16 0.6 18 0.6 23 0 27 0 50 0.6 62 0.7 63 0.9 90 0.3 97 0.4 
8741 0 0.5 25 0 30 0 51 0.9 66 0.9 72 0 84 0.4 97 0.4 
8845 18 0.6 74 0 75 0 84 0.3 96 0.3 
8892 25 0.4 37 0.6 41 0.7 97 1 
9003 15 1 42 0 77 0.3 89 0.4 
9010 10 0.7 13 0.5 42 0.8 53 0.4 73 0 87 0.8 91 0.5 
9185 15 0 28 0.9 32 0.7 34 0.9 64 0.5 85 0.8 
9218 8 0.6 9 0.6 33 0 40 0.9 47 0.8 49 0.8 86 0 96 0 98 0.5 
9281 0 0.3 1 1 13 0.3 36 0 40 0 50 0 53 0 64 1 89 0.3 
9323 14 0.5 68 0.3 
9588 22 1 
9622 3 0.7 5 1 20 0.8 27 0 30 0.3 32 0.8 50 0.3 56 0.6 81 0.8 85 0.8 
9792 69 0 
9812 80 0.9 
9844 21 1 25 0.4 27 0.9 34 0.3 46 0 51 0.8 76 1 
9852 8 0.3 10 0.9 15 0.3 17 1 34 0.5 37 0.6 45 0.4 71 0.9 80 0 96 0.3 
