100
25 6 0.3 36 0 47 0 56 0 61 0.8 68 1 99 0 
47 0 0 11 0.9 39 0.8 48 0.8 
164 7 0.9 52 0 59 0.7 
177 47 0.7 
232 34 0 
245 2 0 16 0.5 27 0 36 0.4 60 0 84 0.7 96 0 
250 14 0 85 0.9 91 0.9 97 0.5 
286 25 0 48 0.4 51 0.6 55 0 56 0.5 64 0.7 86 0.5 90 0 93 0.7 
510 35 0.3 49 0.3 93 0.4 
575 53 0.9 62 1 92 0 
658 5 0.7 23 1 35 0 48 0 75 0.4 
827 32 0 87 0.6 88 0 89 0 94 0 
831 22 0.3 23 0.9 28 0.4 44 0 62 1 70 0 78 0.3 80 1 97 0.3 
872 0 0.9 3 0.5 22 1 48 0 60 0.7 72 0.5 86 0.9 88 0.8 93 0.6 
932 4 0.9 81 0.5 
977 0 1 6 0 8 0.8 75 1 77 0.9 
1063 37 0.4 41 1 51 0 73 0.6 84 0 
1170 0 0.5 19 0.6 45 0.6 60 0 79 0.5 80 0.9 84 0 89 0.8 97 0.8 
1185 48 0.6 
1229 20 1 30 0.5 40 0.8 43 0 45 0.7 61 0.4 84 0.5 90 0.6 
1300 36 0 93 0.5 
1544 20 0.9 32 0 33 1 46 0.7 51 0.3 55 1 69 0.3 79 0.5 94 0.8 
1729 11 0 34 0 55 0.6 63 0 71 0 81 0.3 
1768 7 0 12 0 14 0.8 33 0.4 46 0.3 52 0 74 0.5 88 0 96 0.9 
1773 68 0 76 0 80 0.6 
1846 22 0 24 0.9 63 0.4 
2162 71 1 76 0.9 
2349 27 0.5 57 0 61 0.5 78 1 91 0.9 93 0.3 
2371 1 0.5 41 0.4 56 0.6 92 0.7 94 0.4 
2401 2 1 41 0 57 0.5 81 1 83 0 
2495 18 0 33 0.9 66 0.9 
2513 2 1 19 0.9 21 0.6 42 0.8 59 0.8 76 0.5 89 0 
2546 25 0.5 82 0.8 93 0.9 
2590 0 0.8 6 0.7 23 0.9 26 0.8 37 0.4 61 0.7 69 1 
2705 11 1 27 0.6 45 0 65 0.6 94 0.8 
2710 45 1 
2729 24 0.8 32 0.9 38 1 42 0.5 61 0.3 
2762 3 0.4 61 0.7 70 0 76 0.3 98 0.5 
2966 10 1 18 0.4 25 0 33 0 49 0.9 50 0 66 0.9 76 0.3 
3006 74 0 87 0 
3240 9 0.5 52 0 60 0.9 92 0 
3442 17 0.8 21 0 41 0.9 48 0 65 1 69 0.8 80 0.5 82 0.6 91 0.6 
3465 6 0.3 8 0.7 12 0.8 36 0.5 43 0.6 50 0.6 51 0.9 53 0.8 66 0.3 88 0.3 
3545 3 1 4 0.5 23 0.7 26 0.8 37 0 93 0 
3780 12 0 32 0.5 36 0 65 0 72 0.3 87 0.8 
3818 1 0.9 4 0.5 33 0.3 36 0.9 71 0.9 78 0.4 94 0 95 0.5 
3819 9 0 12 1 22 0.8 24 0 26 0.6 28 0.6 36 0.8 56 0.3 60 0 90 0.7 
3906 6 0 9 0.5 10 1 23 0.7 28 1 32 0.8 33 0 43 0.7 66 0.5 76 1 
4019 55 0.8 68 0.7 71 1 95 0.4 
4514 59 0.7 61 0 62 0.6 64 0.5 74 0.5 88 1 96 1 
4579 10 0 21 0 30 0.6 40 0.8 53 0.8 65 0.5 77 0 
4687 23 0.6 26 0 27 0.3 45 0.8 57 0.3 79 0 82 0.9 
4740 3 0.6 9 0 16 0 22 0.5 40 0.6 41 1 50 0.3 61 0.3 73 0.9 81 0.6 
4778 11 0.9 42 0.4 53 0.9 59 0.3 64 1 82 0.7 88 1 97 0 
4843 9 0.4 50 0.3 64 0 
4876 22 0.8 26 0.3 29 0 42 0.9 64 0.6 73 1 93 0.9 95 0.3 
5001 0 0.9 20 0.5 31 0.4 32 0 39 0 43 0.8 51 0 69 0.9 97 0.3 
5053 21 0 54 0 87 0 92 0 
5060 11 0 13 0.9 18 0.8 59 0.7 60 0.6 
5209 88 0.5 
5281 81 0.4 84 0 
5546 11 0.9 26 0.9 34 0.4 60 0.6 61 0 68 0 
5604 10 0.4 20 1 33 0.8 43 0 64 0.9 71 0.8 91 0.4 94 0 
5647 35 0 
5752 4 1 18 0.6 19 0 36 0.8 46 0.4 48 0.5 71 0 72 0.6 75 0.7 81 0.7 
5819 7 0 98 0 
5917 12 0.3 27 0.5 77 0.9 78 0.8 81 0 
6300 85 0.8 
6339 2 0.3 31 0.7 55 0.6 65 0.8 70 0.4 77 0 81 0 86 0 95 0.8 
6474 5 0.3 6 0.9 31 0 39 0 40 0 46 0.3 
6518 34 0.4 86 0 
6568 9 0 27 0.4 59 1 
6621 16 0 25 0.4 40 0 47 1 51 0.4 58 0.8 84 0.3 96 0 
6648 2 0 7 0.8 40 0.9 41 0.3 64 1 75 0.4 77 0.4 99 0.6 
6651 35 0.9 36 0 45 1 
6655 12 0.4 20 0.5 95 0.3 
6721 18 0.9 34 0.4 36 0.9 40 0.9 43 0.8 53 0.7 70 0.8 72 0 87 0.5 
6730 64 0 
6869 55 0.7 58 0.4 71 0.5 97 0.4 
6931 23 0.9 63 0.3 65 0 86 0.3 88 0 
6975 16 0 35 0.8 52 0.7 67 0.9 98 1 
7085 72 0.9 97 0 
7407 10 0 83 0 
7517 4 0.6 39 1 61 0 74 0 77 0.3 79 0.3 98 0.8 
7527 0 0.9 2 0.9 27 0.5 58 0.7 78 0.4 85 0 87 0.8 88 0.9 
7536 21 0.5 49 0.9 54 0 85 1 
7819 15 0.8 31 0 38 0.6 43 0.5 72 1 93 0.3 
8095 2 0 10 0 19 0.6 39 0.4 45 0.9 51 1 73 0.7 79 0.4 87 0.9 
8106 4 0.4 26 0 45 0.6 77 0.4 
8166 20 0.8 37 0 48 0 54 0 57 0.4 71 0.5 78 0 86 0.5 99 0 
8244 21 0.3 
8563 3 1 64 0.5 
9170 12 1 61 0.5 67 0.9 86 0.7 
9261 5 0.5 12 0.5 14 0 23 0.6 40 0.4 78 0.9 86 0.5 
9287 0 1 2 0.9 52 0.9 56 0.3 58 0.6 61 0.5 86 0 93 1 
9298 37 1 59 0 75 0.4 89 0.6 
9491 1 0.6 12 0 61 0.3 62 0 
9676 13 0.9 17 1 
9968 71 0.4 
9999 43 0.9 53 0.5 58 0.4 79 0.7 93 0 
