100
288 34 0.4 35 0.9 38 0.4 58 1 67 0.7 71 0.5 
448 18 0.8 20 0.8 23 0.7 33 0 40 0.9 67 0 82 0 
650 14 0.8 20 0.7 21 0 58 1 60 0 70 0.9 
702 25 0.8 32 0 83 0.9 99 0.8 
726 19 1 48 0.7 95 0.8 
849 16 0.9 
866 22 0.4 30 0.4 40 0.7 44 0.4 59 0.7 65 0 70 0.6 73 0.3 
867 9 0.5 17 0.7 33 0 40 0.7 51 0 68 0 78 0.6 79 0.7 86 0.4 
998 10 0 23 0.6 38 0 62 0.5 63 0 86 0 
1111 55 0.3 
1150 35 0.4 78 0.3 
1268 6 0 25 1 34 0 71 0.5 79 0.6 86 0.3 
1293 8 0.4 26 0 45 0.5 49 0.5 51 0.5 80 0 95 0 
1394 7 0.3 13 0.5 15 0 41 0 54 0.5 64 0.5 84 0.6 
1478 26 0.6 63 0.5 89 0.4 
1518 24 0.7 36 0 54 0.8 62 0.8 67 0.6 85 0 87 0.6 90 0 99 0.4 
1647 27 1 29 0.4 45 0.3 
1679 0 0 10 0 27 1 45 0.8 57 0.8 59 0.8 83 0.7 
1685 11 0.8 
1714 15 0.5 20 0.9 23 0.5 41 0 44 0 45 0.9 53 0.4 
1718 34 0.9 37 0.5 38 0.5 41 1 48 0.4 54 0.4 56 0 68 0.7 71 1 85 0.5 
1799 81 0.3 
1840 53 0.9 69 1 
1864 67 0.6 
2041 3 0 23 0 32 0.9 63 0.3 70 0.6 
2131 61 0 72 0.7 73 1 78 0.4 96 1 
2138 7 0.9 40 0.3 78 0.9 
2204 25 0.3 40 1 53 0.5 81 1 90 0.6 
2216 13 0 35 0.7 42 0.3 53 0.3 
2255 7 0 45 0.6 50 0 66 0 68 0.6 69 0.4 92 0 
2307 31 0.6 
2333 1 0.6 35 0.4 78 0 84 0 
2591 0 0.4 4 1 12 0.5 21 0 22 0.6 46 0.7 57 0.7 79 0 80 0 
2714 5 0.8 56 0 
3016 3 0 25 0.7 63 0.8 
3065 5 0 8 0.3 18 0.3 30 0.4 51 0.6 54 0.4 94 0.3 
3241 50 0 
3279 21 0 55 0.3 70 0 86 0.3 87 0 
3417 13 0 
3486 2 0.3 16 0.7 49 0.5 53 0.4 67 0.7 70 0.4 90 0.4 96 0.9 99 0 
3806 18 1 40 0.4 87 0.8 88 0.8 90 0.5 94 0.9 
3968 7 0.4 8 0.6 46 1 75 0.4 
4076 7 0.9 9 0 19 0 22 0.3 29 0.5 37 0 63 0 87 1 88 0.9 
4224 38 0.8 
4377 6 0 28 0 33 0 70 0.4 72 0.8 99 0.8 
4561 9 0 14 0.7 
4583 38 0.3 
4760 31 0 37 0.9 54 0 67 0.6 74 0.9 98 0.6 
4957 28 0 32 0.3 35 0 45 0.9 58 0.4 62 0.9 95 0.6 
4999 18 1 19 0 69 0.7 92 0.7 
5263 1 0.8 70 0.7 91 0 98 0.3 
5290 62 0.9 79 0 98 0.8 
5299 20 0.5 61 0 
5316 30 0.3 64 0 68 0.6 76 0.4 
5385 5 0.9 14 0.9 30 0.6 36 0 45 0 47 0.3 52 0.8 67 0 97 0.6 
5419 2 0.6 11 0.8 16 0 23 0 32 0.3 39 1 49 0.9 53 0 54 0.3 85 1 
5438 52 0.6 55 0.5 59 1 
5557 8 1 17 0.3 26 0.8 29 0 38 0.6 41 0 66 1 68 0.7 81 0 98 0.8 
5657 16 0.4 31 0.3 49 0 94 0 
5802 23 0 94 0.5 
5836 7 0.5 31 0.6 51 0.8 55 0.7 56 0 67 0.9 74 0.7 75 1 88 0.8 
5904 3 0.4 10 0 13 0.5 14 0 63 0.5 67 0 69 0.9 87 0.6 
6120 3 0.4 5 0 46 0 53 0 56 0.8 68 0.3 74 0.8 91 0 93 0.7 
6202 9 0 18 0.4 27 0 28 0.4 40 0.4 44 0.7 47 0.6 77 0.5 95 0 
6391 27 0.8 40 0.6 62 0 63 0.5 
6508 31 0 63 0 78 0 96 0.4 
6837 8 0 35 0 58 0.8 74 1 
7073 13 0 57 1 78 0.4 96 0.8 
7215 33 0.7 61 0.4 74 0.9 82 0.3 93 0 
7223 0 1 3 0.5 7 0 22 0 26 0.5 30 0.6 46 0 55 0.9 
7690 10 0 16 0.5 27 0 56 0.9 75 0.6 
7725 10 0 34 0.4 54 0.3 65 0.4 83 1 
7765 15 0.6 33 0.8 37 0.3 45 0.3 54 0.5 77 0.9 91 0.4 95 0.8 
7896 16 0.9 19 0.7 35 1 45 0.6 51 1 74 0.3 75 1 87 0 96 0 
7960 0 0 8 0.7 11 0 27 0.3 34 0 51 0.8 
7992 0 0 39 0.5 
8106 4 0.9 26 0.8 45 0 77 0.9 
8133 16 0.6 74 0.6 81 0.9 93 0 
8140 3 0.6 9 0.4 78 0.6 
8181 29 0.4 38 0 73 1 86 0.7 
8265 8 0.4 69 0.4 
8276 16 0.9 22 1 45 0.3 70 0 79 0.3 80 0.9 95 0.5 
8400 41 0.9 
8403 3 0 10 0 25 0.8 38 0.7 48 0.8 61 0 72 1 73 0.5 92 0 96 0 
8475 11 1 29 0.7 32 0.5 45 1 57 0.5 67 0.6 86 0.7 91 0.8 96 0 
8554 52 0.9 
8694 10 0.8 44 1 52 0.8 75 0.4 80 1 
8762 9 0.4 16 0.7 34 1 35 0.5 66 0.9 96 0 
8802 1 0.6 6 0.4 51 0 
8968 78 0.3 
9045 20 1 33 0.5 45 0.4 52 0 91 0 95 0.5 
9048 2 0 28 1 29 0.6 36 0.5 40 0 53 0.3 70 0 74 0.8 76 0.3 99 0.8 
9069 12 0.3 31 0.7 64 0 
9140 15 0.7 40 0.9 67 0 
9579 11 1 13 0.8 16 0.9 31 0.6 33 1 40 0.4 65 0.8 69 0.8 83 0.3 91 0.3 
9753 17 0.5 38 1 41 0.9 42 1 72 0.7 79 0.6 84 0.3 97 0.5 
9806 0 0 30 0.5 80 0.7 83 0 88 1 
9825 0 0.8 3 0.6 22 0.9 67 0.3 75 0.9 82 1 86 0.7 
9920 23 0.8 43 0.8 77 0 80 0 99 1 
9964 10 0 14 0 26 0.6 40 0 47 0.8 52 0.4 63 1 75 0.9 
