100
115 12 0 23 0.9 58 0.7 64 0 94 0.3 98 0.7 
186 44 0 85 0.9 
323 3 0.3 14 0.3 20 0.8 48 0 72 0 
335 4 0.7 35 0.4 53 0.3 97 0.7 
540 4 0.8 5 0.9 27 0.7 34 0.4 45 0 87 0 92 0.4 93 1 94 0 99 0.3 
790 13 0 30 0.3 34 0 42 0 63 0.3 66 0.4 70 1 74 0.7 98 1 
839 0 0 4 0.6 21 0 23 0 27 0.7 77 0.6 87 0.6 
922 68 0.7 88 0.7 94 0.4 
1286 38 0.9 52 0.7 75 0.7 83 0.5 87 0.5 98 0.4 
1353 32 0.6 36 1 44 0.4 46 1 51 0 57 0.3 65 0.5 74 0 
1400 17 0 47 0 71 0.5 
1438 17 0 24 0 49 0.4 57 0.8 61 0.9 63 0 68 0.3 77 0.7 84 0.8 
1585 13 0 21 0.8 22 0 53 0.4 66 0 73 0 75 0 81 0.3 89 0.3 91 0.5 
1621 8 0.8 87 0.7 
1662 4 0.4 20 0.9 30 0.5 51 1 68 0.7 
1686 26 0.6 46 0.5 47 0.6 87 0.7 
1856 20 0.8 47 0.5 
1978 17 0.3 21 0.3 33 0 38 0.6 40 0 46 0.9 59 0.8 62 1 88 0 91 0.6 
2055 11 0.7 23 0.4 34 0.3 39 1 52 0 58 0.3 68 0.7 90 0.4 
2118 4 0.4 
2357 24 0.3 56 0.3 59 1 68 0.4 
2398 0 0 3 0.6 11 0 27 0 33 0.7 40 0.6 69 0.8 73 0.4 98 1 
2420 23 0 47 0 48 0.9 61 0 67 0.5 77 0 78 1 79 0 99 0.6 
2460 22 0.8 28 0.5 38 0 41 1 45 0.7 48 0 81 0 97 0.5 98 0.6 99 0.3 
2485 1 0.9 56 0 59 0.9 63 0.6 
2572 1 0.9 2 0.6 26 0 52 0.4 
2605 18 0 70 0.5 95 0.4 
3196 16 1 25 0 29 0.8 36 0.6 82 0.8 85 0 91 0.6 
3230 25 0 59 0.8 82 0 
3244 9 0 27 0.7 45 0 79 0 87 0.9 90 0.8 
3287 12 0.9 24 0.7 96 0.8 
3335 2 0.3 
3397 13 0 19 0 21 0.7 26 0 33 0 36 0.5 52 0 62 0.4 68 0.4 
3442 17 0.5 21 0.6 41 0 48 0.4 65 0.3 69 0 80 1 82 0.6 91 0.4 
3653 0 0.7 17 0.6 21 0.8 24 0.9 38 0.6 92 0.5 93 0 96 0.9 
3736 19 0.3 57 1 66 0.6 78 0.9 79 1 84 0.3 87 0 91 0.9 95 0.3 
3931 30 0.4 32 1 35 0.3 44 0 96 0.8 
3941 1 0.5 
4042 5 0.4 15 0 25 0.8 43 0.5 78 0 80 0 
4064 29 0.9 49 0.9 54 0 59 0.6 67 1 91 0.7 97 0.9 
4161 2 0.8 70 0.3 78 0.3 89 0.5 
4177 0 0.5 92 0.6 93 0.4 
4240 9 1 34 0.9 39 0.9 53 0 74 0.9 76 0.4 
4368 72 0.4 78 0 
4404 5 0.9 15 0.9 16 0.7 22 0.9 54 0 65 0.6 72 0.9 77 0.6 
4642 5 0 36 0.4 42 0.9 52 0.5 55 0.6 68 0.9 76 0.9 89 0 94 0 
4737 5 0.7 28 0.3 43 0.4 78 0.7 
5030 29 0.6 
5080 3 0 10 1 14 0 30 0.3 39 0.8 40 0.7 46 0 50 0.9 63 0.8 
5106 16 0 61 0 
5118 12 0 28 1 35 0 37 0.4 43 0.5 46 0.6 48 0.5 93 0.5 95 0.5 99 0.4 
5274 9 1 29 0 31 0 32 0.5 47 0.8 57 0.9 80 0.3 
5322 35 0.6 51 0.7 99 0.7 
5490 13 0 34 0 35 0.5 49 0 50 0 56 0 57 0 
5631 12 0.4 16 0.9 34 0.4 35 0.5 79 0.6 80 0 
5791 2 1 13 0.5 25 0 44 0.8 57 0 63 0.9 67 0.6 71 0.5 91 0.9 96 0.7 
5851 3 0.4 53 0.9 55 0.5 74 0.8 75 0.4 78 0 96 0.3 
5902 2 1 4 0.4 16 0 23 1 48 0.8 75 0.8 78 0.6 
5953 1 0.7 8 0 16 0.9 36 0 59 0.7 60 0 61 0.9 73 0.8 81 0.3 88 0 
6029 20 0.4 81 0 96 0.6 
6192 9 0.9 23 0.6 39 1 58 0.9 59 0 66 0.7 68 0 73 1 88 0.9 
6213 0 0.3 33 0.5 
6241 53 0 95 0.7 
6454 92 0.7 
6520 13 0.9 90 0.8 
6532 6 0 38 0 62 0.3 69 0.6 70 1 71 0.7 76 0 80 0.4 84 0.4 
6639 9 0 14 0 17 0.4 48 0 57 0.5 61 0.8 63 0 68 0.9 93 0.3 
6679 9 0.7 20 0.5 58 0 70 0.7 
6791 0 0.9 2 0.7 7 1 17 0.7 19 0.3 22 0.6 77 0.9 82 1 92 1 
6841 13 0 15 0.8 46 0.4 54 0.4 60 0.4 73 0.4 86 0.5 90 0.5 
6953 0 1 6 0.8 17 1 18 0.7 22 1 29 0.8 47 0.3 74 0.3 94 0.5 98 0.4 
7004 25 0.5 93 0.8 
7202 86 0 
7310 4 0 8 0 12 0 38 0.4 73 0.5 84 0.3 
7394 16 0 57 0 
7571 45 0 47 0.4 69 0.4 
7603 4 0.3 5 0 59 0 
7656 7 0.9 13 0 18 0 33 0.8 50 0.5 54 0 75 0.7 77 0 92 0 98 0 
7755 10 0.7 13 0 14 0.6 16 0 41 0.3 73 0.3 84 0.7 92 0.4 
8017 9 0 36 0.3 70 0.7 79 0.9 91 0.8 
8085 6 0.6 30 0 57 0 63 0.5 75 0.9 91 0.5 
8109 10 0.6 14 0.5 40 0.9 47 0.8 55 0.6 68 0.3 
8277 7 0.7 9 0.3 61 0 76 0 83 0 
8363 5 0.7 18 0.8 31 0 32 0.5 33 1 55 0.9 56 0 66 1 68 0 93 0.3 
8428 17 0.8 20 0.3 43 0 68 1 83 0.5 89 0.9 
8493 29 0 35 0 37 0 63 1 72 0 
8536 9 1 10 0.4 28 0.8 39 0.7 52 0.6 58 0.5 71 0.3 77 1 98 0.9 
8543 2 0.6 16 0.5 76 0.5 79 0.9 84 0.9 96 0 
8621 0 0 13 0.7 15 1 74 0 85 0.7 94 0 97 0 
9043 4 1 7 0.7 19 0.3 23 0 24 0 34 0.4 37 0 74 1 88 0 91 0.9 
9157 19 0 22 0.4 32 0.7 45 0.3 99 0.6 
9185 15 1 28 0 32 0 34 0.3 64 0.3 85 0 
9401 2 0.8 34 0.9 36 0.5 37 0.9 41 0.5 90 0.5 
9475 70 0.3 
9673 8 0.6 20 0.4 49 0 61 0.7 65 0.7 84 0.9 
9747 1 0.7 23 0.3 99 1 
9764 67 0.5 
9820 5 1 
9876 19 0.3 21 0.4 24 0.6 44 0.6 52 0.5 56 0.4 73 1 82 0.8 83 0.7 87 0.6 
9960 10 0.8 11 0.3 24 0.9 26 0 46 0.4 49 0 51 0.9 60 0 67 1 
