100
69 1 1 6 0 11 0.5 39 0.4 45 0.8 60 0 82 0.9 88 0.7 
208 89 0 97 0.7 
237 4 0.3 24 0.6 29 1 48 0 52 0 57 0.8 59 0.6 62 1 89 0.3 
301 5 0.3 
347 10 0.3 29 0 41 0.8 47 0.5 67 0.9 79 0.6 85 0 93 0.5 95 0.3 
366 8 0 26 0 31 0.9 65 0 71 0 76 0.6 99 0.4 
372 6 0 9 1 15 1 19 0.6 24 0.7 31 1 36 0.9 68 0.9 98 0.4 
393 14 0.5 53 0.5 57 0.6 60 0.7 72 0 84 0.8 97 0.4 
503 57 0.5 69 0.5 78 0 84 0 85 0 
559 19 0.4 51 0 57 0 70 0 74 0.4 83 0.5 84 0.3 
584 0 0.3 5 0.3 15 0.6 49 0.9 93 0 
607 8 0 15 0 31 0.3 40 1 68 0 89 0.7 90 0.3 92 0 93 0.3 98 0.7 
649 0 0 4 0.7 13 0.8 25 0 38 0.7 46 0.8 69 0.7 70 0.8 74 0 
792 99 0.7 
869 23 0.6 60 0.8 93 0.9 
1008 4 0.9 79 0 84 0.8 
1073 1 0.9 12 0.7 13 0.7 45 0.3 72 0.7 80 0 83 0.9 
1124 3 1 4 0.8 35 0.5 43 0.9 54 0.3 65 0 72 1 81 0 84 0.4 85 0.8 
1155 5 1 7 0.5 16 0.4 18 0.6 25 1 47 1 66 1 98 0 
1223 40 0.8 47 0.7 51 0 57 0 74 0.5 77 0.4 89 0 
1267 0 0.9 18 0.7 29 0 34 0.3 57 0.6 63 1 88 0 
1341 0 0 10 0 40 0.7 55 0 64 0 72 0.9 73 0.3 96 0.6 
1363 21 0 77 0 
1386 4 1 9 0 18 0.7 26 0.7 40 0 43 0 
1415 26 1 55 0.3 96 0 
1472 10 0 29 1 46 0 54 0.6 61 0.5 84 0.7 
1529 39 0 88 0.3 
1777 1 0 39 0.7 60 0 82 0.9 94 0 
1930 2 0.9 3 1 43 0.8 49 0.8 53 0.8 57 0.4 74 0.8 89 0.4 98 1 
2068 7 0.9 29 0.5 65 0.3 68 1 78 0.7 81 0.9 84 0.4 88 0.6 
2250 7 1 27 0.5 60 0.5 70 0 
2388 88 0 
2402 0 0.9 14 0.5 20 1 30 0 39 0.8 75 0.9 92 0.8 99 0 
2462 6 0.7 7 0.7 17 0.4 19 0.8 46 0.9 57 0 65 0.9 69 1 78 0.7 86 0 
2568 5 0.8 25 0.5 39 0.6 42 0 46 0.3 51 0.6 68 0.6 71 0.4 81 0.6 84 0.8 
2669 2 0.4 8 0 28 0.8 30 0.9 49 0.9 59 0.5 85 0.4 92 0.3 96 1 
2749 10 0 60 1 68 0.9 
2813 9 0 12 0 15 0.4 31 0.4 43 0.9 57 0 61 0 77 0.6 97 0 
2989 21 0.3 52 0.5 63 0.8 84 0 93 0.5 
3039 12 0 15 0.7 31 0.6 47 0.8 53 0 67 0 88 0 
3361 4 0.6 11 0.8 15 0.4 35 0.9 64 0.5 
3373 48 0.7 61 0.7 
3413 11 0.3 27 1 53 0 
3781 3 0.5 7 0.4 10 0.7 11 0 27 0 35 0.6 46 0.3 92 0.4 99 0 
4244 62 0 65 0.7 69 0.3 71 0 
4518 9 0.7 11 0.7 13 0.7 42 0.3 46 0.3 
4541 7 0.6 10 1 56 0 75 1 92 1 
4569 94 0.3 
4635 1 0.4 7 1 9 0.5 25 0.4 54 0.8 65 0.7 69 0.8 82 0.5 91 0.6 
4838 10 0 15 1 27 0 39 0.8 44 0.7 60 0.4 
5512 49 0.6 
5753 14 0.8 15 0.4 25 0.5 32 0.4 
5777 5 0.5 10 0.7 14 1 47 0.6 50 0 52 0.5 62 0.3 86 0.5 88 0.8 
5807 13 0.8 21 0.9 23 0.5 33 1 45 0.4 82 0.7 86 0.3 93 0.3 
5823 95 0 96 0 
5903 53 0.3 56 0 59 0.7 67 0 72 0 77 0.4 93 0.8 94 0.8 
5916 37 0.8 95 0 
6324 36 0.8 42 0.4 72 0 81 0.9 94 0.4 
6512 18 0 22 0 30 0 70 0.3 71 0.5 83 0.5 
6594 33 0.9 
6610 78 0.8 
6799 6 0.5 33 0.9 70 0.8 
6916 54 0.6 55 0.7 86 0.3 89 0 
6993 16 0.3 17 0 44 0.9 47 0.7 48 0.8 52 0.8 61 0 67 0.3 85 0.9 
7485 17 0 19 1 23 0.8 51 0.8 77 0.9 
7564 39 1 
7594 1 0.8 22 0 77 0.5 99 0 
7611 74 0.4 75 0 88 0 
7655 18 1 29 0.4 32 0.4 49 0 78 0.6 
7808 8 0.4 17 0.7 21 0.8 70 0.3 87 0.6 99 1 
7819 15 0.3 31 0.6 38 0.8 43 0.6 72 0 93 0.4 
7926 23 0.8 31 0.3 38 0 39 0.4 53 0.4 74 0.5 
8233 7 0 58 0 63 0.3 70 0.9 74 0.7 95 0 98 0 
8330 0 0 17 1 30 0.5 65 0.6 76 0.4 77 1 97 0.4 
8336 19 0 28 0.8 70 0.8 92 0.4 
8420 4 1 69 0 
8477 1 0.6 5 0 6 0.7 53 0.6 84 0 98 0.4 
8497 8 0.7 12 0 18 0.9 19 0.6 21 0.4 23 0.4 26 0.7 46 0.6 93 0.6 
8554 52 0 
8656 6 0 27 0.4 35 0.8 51 0 58 0.7 61 0 
8731 11 0 18 0 22 0.3 34 0.6 36 0.7 42 0.7 
8792 5 0.3 13 0.6 14 0.6 21 0.5 25 0.5 37 0.8 47 0 81 0.7 
8814 7 0.6 43 0 75 0.7 96 0 
8854 5 0.9 45 0.5 60 1 75 0.5 83 0.8 94 0.8 
8969 8 0 28 0 42 0.5 49 0 65 0 77 0.6 81 0.9 86 0 95 0.7 
8978 25 0 32 0.3 53 0.3 68 0 71 0 93 0.5 97 0 
9020 1 0.6 10 0.8 29 0.9 40 0.8 64 1 95 0 97 0 99 0.3 
9040 19 0 44 0.9 51 1 70 1 78 0.7 82 0.7 
9129 14 0 16 0.6 18 0.6 42 0.9 86 0.9 87 0 
9297 14 0.4 24 0.7 26 0.6 31 0.7 52 0.3 72 0 80 0 89 0.8 99 0.5 
9470 1 0.8 17 0 20 0.8 24 0.9 67 0.3 
9537 26 0 30 0.3 37 0 45 0 50 0.4 98 0.6 
9599 2 0 3 0 50 0 54 0.4 85 0 
9667 8 0.6 30 0.4 35 0.9 39 1 52 0 53 0.8 78 0.9 79 0.6 
9705 0 0.3 29 0 42 0.9 45 0 61 0 65 0 78 0.4 
9762 18 0 32 1 41 0.8 52 0.4 55 0.5 62 0.5 74 0 76 0.9 
9775 31 0 45 0.9 48 0.3 52 0 65 0.3 68 0 85 0.8 90 0.7 94 0.6 
9944 1 0 5 0.3 14 0.6 60 0 90 0.9 
9948 13 0.6 52 0.9 53 0 65 0 67 0.5 98 0 
9958 10 0.4 47 0 
