100
0 67 0.6 97 0.6 
41 8 0.5 35 0.6 40 0 41 0.5 42 0.6 77 0 92 0.3 
91 14 0.3 57 0 90 0.7 
93 2 0.3 4 0 22 0.4 25 0 48 0 49 0.6 62 0.3 89 0.4 
275 5 0.5 10 0.5 19 0.8 28 0.9 31 0.6 43 0.8 90 0.4 
525 9 0.4 21 0.5 37 0.9 71 0.9 73 0.7 89 0.7 95 0 96 0.5 
528 4 0.6 41 0.5 
702 25 0.7 32 0.4 83 0.4 99 0.7 
722 0 0.7 5 0.5 6 0.7 7 0 28 0 31 0.8 34 0.8 53 0.8 54 0.3 
791 3 0 8 1 66 0 86 1 88 0.7 
793 70 0.8 
1245 1 0.6 18 0.6 28 0.9 30 0.7 35 0 53 0.5 69 0.6 89 0 96 0.6 
1340 7 0.9 8 1 9 0.9 75 0.4 81 0.8 86 0.7 
1389 1 0.5 8 0.3 53 0.8 82 0 
1424 27 0 75 0.6 76 0.4 
1427 8 1 18 0.8 27 0.4 44 0.7 49 0.4 50 0 61 0 62 0.3 76 1 88 0.7 
1429 24 0.7 27 0.7 42 0.3 51 0.8 91 0.6 
1441 6 0.8 28 1 45 0 65 0 66 0.3 73 0.5 87 0.5 
1587 9 0 42 0 47 0 55 1 76 0.5 77 0.8 
1712 1 0.8 7 0.8 13 0.6 15 0.9 16 0.6 29 0.4 55 0.8 83 0.8 89 0.6 
1777 1 0.8 39 0.5 60 0 82 0.5 94 0.4 
1823 3 0.3 46 0.9 47 0.7 61 1 72 0.3 96 0 
1826 7 0 41 0.9 95 0.4 
1858 32 0.9 
2052 17 0.3 34 0.8 35 1 38 0.7 55 0.3 81 0.9 89 0 
2071 56 0.5 58 0.5 65 0 70 0.5 
2455 3 0 24 0.9 59 0.6 60 0 62 0.5 71 0.3 75 0 80 0.9 83 0.7 
2468 9 0.5 46 0.8 75 0.7 
2590 0 0 6 0 23 1 26 0.3 37 0.9 61 0.6 69 0.5 
2643 5 0.9 14 0 49 0.7 82 0.8 94 0.4 98 0.3 
2656 3 0.5 5 0.6 41 1 48 0.9 55 0.8 65 0.4 85 0.7 99 0.7 
2729 24 0.3 32 0.7 38 0 42 0.9 61 0 
2806 41 0.9 42 0.5 51 0.7 69 0.8 82 0.8 
2839 41 0 91 0 
2917 5 0.6 24 0 91 0.5 
2933 19 0 84 0.6 96 0 
3059 40 0 48 0 62 1 
3066 27 0 60 0.4 
3224 54 0.6 
3514 27 0 56 0.5 
3730 90 0.3 
3984 50 0 
4095 5 0.7 35 0.3 38 1 50 0 51 0.9 60 0 77 0.8 86 0.3 87 0.6 
4111 92 0.6 
4244 62 0.8 65 0 69 0.3 71 0.3 
4396 13 0 
4482 9 0 62 0 65 0.7 
4501 12 0.4 65 0.3 
4553 1 0.5 4 0.7 22 1 31 0 33 0.5 48 0.4 65 0.6 75 0 99 0.9 
4801 0 0.4 9 0.3 34 0 38 0.8 39 1 59 0 65 0.6 97 0.3 
4903 14 0 28 0.5 34 0.5 41 1 43 0.4 47 0 54 1 99 1 
4905 85 0.5 
4978 3 0 14 0.9 26 0.8 43 1 47 0.3 48 0 60 0.5 68 0 75 0.3 81 0 
4985 9 0.3 28 0 31 0.5 49 0.5 53 0.7 62 0.8 
5055 6 0.8 37 0.5 50 1 52 0 58 0.6 67 0 70 0.4 79 0.5 92 0.3 
5102 5 0.7 24 0 32 0.9 41 0.8 63 0 86 0.6 94 0.4 
5110 49 0.5 
5275 16 0 19 0.4 26 0 27 0.3 50 0.3 58 1 59 0.3 93 0.6 
5473 9 0.9 39 0.7 80 0.8 90 0.6 
5700 9 0.7 56 0 66 0.3 67 0.4 73 1 78 0.6 
5886 18 0.6 39 0.4 95 0.8 
5893 48 0.9 
5915 0 0.8 6 0 21 0 22 1 24 0 27 0.3 46 0.9 67 0 85 0.6 99 0 
6030 45 0.3 
6076 17 1 42 0 76 0.9 
6372 23 0.5 44 0.7 
6420 64 0.9 
6518 34 0 86 0.7 
6572 22 0.9 27 0.4 43 0 44 0.7 61 0.8 67 1 76 0 94 0 
6607 1 0.8 3 0 26 0 29 0 72 0 88 0.6 
6671 25 0.4 74 1 
6876 5 0.3 20 0.4 33 0.3 43 0.7 64 1 75 0 81 0.5 
6897 5 0 25 0.3 27 0 35 0.8 52 0 63 0.3 70 0.5 
7093 81 0.6 
7283 28 0.3 42 0.8 80 0.7 
7304 6 0.3 26 0.7 88 0.5 98 0.5 
7524 14 0.3 
7624 15 0 16 0.6 32 0.8 48 0.9 64 0 65 0 70 0.9 71 0.6 84 0.8 
7819 15 0 31 0.8 38 0 43 0 72 0 93 0.8 
8164 5 0 11 0 12 0 50 0.3 64 0.9 69 0.6 72 0.5 
8215 7 0 10 0 19 0 27 0.6 31 0.9 36 0 67 0 91 0.6 
8325 39 0 51 0.4 64 0 80 0 
8567 5 0.3 12 0.4 28 0.9 37 0 66 0.4 68 0.6 77 0.6 87 0.3 89 0.3 96 0.3 
8763 48 0.6 54 0.7 68 0.9 80 0.9 87 1 96 0.7 
8793 28 1 44 0 70 1 71 1 80 0.8 94 0 
8837 2 0.9 
8881 0 0.6 16 0.7 77 1 98 1 
8891 46 0.5 80 0.6 
8925 1 1 39 0 79 0.5 97 0.9 99 0 
8949 9 0.8 22 0 23 0.3 41 0 42 0.8 51 0.6 58 0.6 68 1 
9066 12 0.4 14 0.8 18 0 21 0.7 22 0 47 0.3 78 0.3 90 0 98 0 
9095 19 1 36 0.4 38 0 40 1 51 0.4 67 0.7 69 0 85 0 90 0 
9134 2 0.5 9 0 28 1 90 0.6 99 0.8 
9163 8 0 38 0 58 0.7 59 0.8 
9338 17 0.7 
9449 37 0.9 99 0.5 
9506 7 1 15 0 21 1 34 0.3 45 0.3 53 0 63 0.9 81 0 83 0 85 0.3 
9697 61 0 72 0.3 91 0 
9787 10 0.5 30 1 37 0.3 39 0.7 47 0.6 69 0.5 77 0.9 79 1 91 0.5 
9800 17 0 18 0.7 27 0 37 0.4 87 0.9 96 0.9 
