100
8 11 1 29 0 41 0.7 78 0.7 88 0.5 
186 44 0 85 0.3 
243 13 0.3 30 0.4 31 0.5 46 0.8 51 0.6 82 0.5 84 0 87 0 
267 5 0.8 23 0.9 37 1 48 1 50 0.4 64 1 69 0 76 0.3 99 0.6 
325 0 0.3 7 0.4 48 0.3 68 0 75 0 
434 16 0.6 19 0.9 26 0.4 53 0.4 70 0 71 0.8 74 1 87 0 94 0 
445 5 1 32 0 45 0.7 63 0 74 0.8 76 0.4 97 0.7 
480 13 0.5 26 0.4 33 0.7 62 0.9 88 0.6 94 0.5 
613 44 0.6 46 0.7 99 0.4 
629 19 0 89 0.3 93 0.5 
791 3 0.9 8 0 66 0.5 86 0.7 88 0 
878 5 0 10 0.6 36 0 47 0.5 49 0 70 0.6 75 0.9 79 0.9 96 0.3 99 0.4 
933 22 0.6 90 0.6 
950 6 0.9 21 0.9 56 1 62 0.3 76 0.4 85 0.9 87 0.4 
977 0 0.8 6 0.8 8 0.6 75 0.9 77 0.6 
1034 7 0.5 33 0.9 34 0.6 46 0.8 73 0.5 
1084 7 0.5 24 1 47 0.8 64 0.9 70 0.9 84 0 
1156 14 0 18 0 23 0.3 47 0.9 53 0 93 0 95 0.8 
1187 5 0.7 18 0 28 0.8 90 0.4 
1212 8 0.8 38 1 41 0 52 0.3 
1419 12 0 
1549 44 0.4 75 0.9 81 0 91 0 
1638 72 0.6 
1662 4 0.5 20 0 30 0.9 51 0 68 0.7 
1708 45 0 52 0.9 73 0.5 
1761 43 0 58 1 83 0.7 93 0.4 
1790 26 0 40 0 53 0.4 64 1 
1875 0 0 7 0.8 19 0 35 0 36 1 50 0.4 51 0 69 0.7 81 0 85 0 
1932 67 0 
1943 50 0.8 84 1 
1995 35 0.7 37 0.9 39 0.4 45 0.7 64 0.6 77 0.9 
2053 9 0 14 0.3 15 0.7 42 0.9 48 0 83 0 
2092 11 0 15 0.8 39 0.7 51 0 67 0 70 0 
2123 0 0.4 1 0 7 0 9 0.8 28 0.3 52 1 62 0.4 68 0 75 0 
2157 4 0.5 5 0.3 31 0.9 32 0 36 0.7 45 0 49 1 51 0.4 70 0 86 0 
2422 42 0 58 0.9 85 0.6 92 0.3 95 0 96 1 97 0.6 
2432 1 0 19 0.5 21 0.9 24 0.8 41 0 44 0 47 0 49 0.7 76 0.4 98 0.6 
2519 14 1 20 0.7 23 0.8 39 0.7 73 0.9 
2563 25 0 39 0.7 98 0.6 
2611 36 0.9 44 0 80 0 
2664 2 0.3 4 1 15 0.9 21 0.8 24 0 34 0.5 65 0.7 74 0.3 75 0.9 78 0.3 
2676 0 0.3 24 0.9 44 0.8 51 0.7 63 1 81 0.8 84 0.5 87 0 94 0.5 
2969 5 1 21 0.9 
3008 1 0.6 3 0.3 26 1 62 1 67 0 69 0 88 0 89 0 
3114 36 1 48 0.9 49 0 56 0.8 81 0.9 
3245 31 0.6 89 0.5 
3265 33 0.8 38 0.5 73 0.5 77 0.6 83 0.6 90 0 
3438 38 0.6 41 0.3 54 0.7 97 0.4 
3533 5 0 33 0 90 0.8 95 0 
3704 20 0.4 51 0.4 
3740 2 0.9 20 0.9 63 0.8 68 0 
3749 36 0 57 0.4 91 0 
3802 21 0.7 40 0 55 0.5 60 0.6 67 0.9 70 0.4 78 0 85 0 92 0.4 
3814 10 0.8 23 0 40 0.9 41 0.4 70 0 81 1 
3892 18 0 65 0.3 68 0.5 88 0.3 92 0.8 93 0 94 0.9 99 0.5 
4119 6 0.3 12 0.3 34 1 66 0.7 96 0.9 
4202 0 0.9 3 0.8 10 1 22 0.8 40 0.9 62 0 
4257 17 0.5 19 1 54 0.7 69 0 85 0.8 
4606 26 1 89 0.4 93 0 
4647 0 0.6 11 0.5 59 0.5 87 0.7 
4813 16 0 28 0.9 49 0.6 
4852 0 0.5 1 0 8 1 10 0.5 21 0.5 32 0.9 56 0.8 59 1 80 0.6 90 0.5 
4936 20 1 24 1 29 0 41 0.5 45 0.4 59 0.7 60 0 75 0.7 
5624 10 1 12 0.3 36 0.5 38 0.3 76 0.4 
5673 6 0.3 8 0.7 27 0.5 41 0.7 56 0 61 0.3 73 0.7 87 0 90 1 
5674 8 0 29 0.5 34 0 48 0.7 61 1 67 0.5 77 0.7 
5675 24 0.7 27 0 71 0 78 0.6 
5698 0 0 30 0.8 37 0.9 38 0 41 1 47 0 76 0.4 
5793 7 0.9 38 0 42 0.6 48 0 56 0.6 
5807 13 0 21 0.7 23 0 33 0 45 0 82 0.6 86 0.6 93 0.5 
6070 0 0.3 24 0.6 32 0.7 33 0.7 43 0.7 48 0 82 0.3 99 0.9 
6458 33 0 58 0.6 85 0.6 90 1 
6464 6 0.3 43 0.4 44 0.4 87 0 
6705 21 0.3 89 0 92 0.8 93 0 
6842 5 0.8 51 0.9 58 0.4 76 0.9 81 0.6 
7027 75 0 77 0 87 0.7 
7160 19 0.6 
7417 15 0.8 17 0 43 0 75 0 
7446 30 0.9 52 0.6 58 1 67 0 77 0 80 1 
7481 40 1 42 0 55 0.3 
7542 25 0.4 37 0.3 40 0.9 82 0.5 86 0 
7644 15 0 61 0.4 
7693 6 0 9 0.7 11 0.9 33 0 54 0.7 61 0.8 
7783 7 0.7 22 0.8 56 0.5 59 0 
7788 72 0.6 73 0.3 
7857 3 0.4 7 0.5 45 0.3 61 0.3 80 0.5 97 0 
7972 50 0 62 0.8 63 0.4 85 0.9 88 1 
8032 0 0.7 3 0.4 5 1 14 0.5 16 0.8 32 0 39 0 46 0.5 83 0 91 0.6 
8184 6 0.8 10 0 11 0.4 21 0.8 36 0.8 66 0 76 0 84 0 97 0.6 
8303 78 0.6 87 0.3 
8565 9 0 18 0.8 24 0.9 35 0.4 39 0 42 0.3 59 0.9 65 0 76 0.4 85 0 
8612 8 0.8 9 0.6 57 0.7 
8987 17 0 31 0.3 50 0.3 67 1 90 0.7 
9165 10 0 37 0.8 56 0.8 
9342 11 0.3 80 0 
9398 46 0 47 0.8 80 0.8 
9455 17 0.7 23 0.7 
9661 40 0.4 62 0 83 0.5 90 0 94 0.5 
9673 8 0.7 20 0.6 49 1 61 0.9 65 0.8 84 0.4 
9931 11 0.7 16 0.3 18 0.5 33 0.9 48 0.3 82 0 88 0.4 
