100
76 14 0.6 42 0.6 49 0 59 0.7 60 0.5 61 0.7 64 0 67 0.6 93 0.9 
99 3 0.5 29 0.8 30 0.8 52 0.3 56 1 63 0.8 72 0.7 77 0.6 98 0.7 
150 10 0.7 16 0 31 0.6 38 0.5 55 0.5 78 0.3 
194 22 0.8 
232 34 0 
292 23 0.5 35 0.4 49 0 60 0.4 70 1 80 0 96 0.3 99 0.3 
359 6 0.5 9 0.7 44 0.4 59 0.6 80 0.3 
368 22 0 
478 57 0.6 62 0.9 81 0 
664 3 0.9 39 0 70 0 76 0 83 0 97 0.9 
694 17 0.4 35 1 51 0.8 69 0.6 78 0.4 83 0.8 86 1 87 0 
716 2 0.3 19 0.3 24 0.9 44 0.7 51 0.5 72 0 84 0.9 
786 11 1 29 0.7 32 1 38 0.7 40 0.4 53 0.6 55 0.6 75 0 78 0.9 89 0.6 
792 99 0.7 
874 53 0.7 62 0.8 95 0 
920 8 0.9 23 0.5 31 0.3 39 0.5 49 1 50 1 51 0.4 57 0.3 66 0.8 
960 4 0.9 7 0.7 
1062 2 0 29 1 
1229 20 0 30 0.6 40 0 43 0.9 45 0.6 61 0.4 84 0 90 0 
1278 8 0.9 55 0 
1327 18 0.5 22 0.8 33 0 49 0 53 0.8 76 1 78 0.4 93 0 
1354 10 0 16 0.7 32 0.7 56 0.3 
1384 5 0 40 0.7 41 1 44 0.6 53 0 55 0.3 
1403 8 0 16 0 22 0.3 23 0.9 36 0.7 54 0.6 57 0 67 0.5 77 0 
1522 20 0.3 27 0.5 31 1 33 0 50 0.3 58 0.8 69 1 
1537 13 0 21 1 26 0.9 34 0.9 38 0.4 75 0 82 0.7 83 1 87 0.9 94 0.5 
1764 4 0 
1910 2 0.6 7 0.9 28 0.7 56 0 62 0 76 0.9 86 0.5 92 0.3 
1917 20 0 71 0 92 0.6 
1919 3 0.3 19 0.4 26 0.8 40 0.7 45 0.4 60 1 61 0.3 
2066 39 0 
2098 5 0.7 28 0.9 46 0.6 66 0.3 85 0.5 
2196 77 0.9 
2269 72 0.8 78 0 
2322 10 0.7 15 1 25 0 64 1 90 0.6 96 0 
2611 36 0 44 0 80 0 
2623 4 0.8 29 0.8 
2716 9 0.3 13 0.6 20 0.8 28 0 42 0.3 48 0 61 0 70 0.5 75 0.4 80 0.9 
2740 1 0 38 0.4 56 1 94 0.8 
2764 4 0.6 14 0 26 0 63 0.7 70 0.5 90 0.8 
2870 63 0.6 69 0.7 90 0.9 95 0.7 
2904 5 0 37 0.9 47 0.7 74 0.4 83 0 84 0.3 98 0.6 
2982 8 0.9 30 0.6 35 0.9 38 0.9 50 0.5 86 0 92 0.7 
3080 11 1 22 0.6 31 0.6 32 0.3 42 0 48 0.6 63 0.4 67 0.9 70 0 85 0.7 
3306 1 0 20 0 27 0 31 0.3 45 0.4 54 0 60 0.6 81 0.3 86 0 
3677 4 1 
3716 5 0 9 0.4 20 0 70 0 72 0.5 98 0 
3717 42 0.3 43 1 58 0.8 66 0 68 0.8 71 0 77 0 
3748 32 0.7 47 0.4 80 0 
3848 16 0.8 43 0 48 0.3 62 0 71 0 85 0 94 0.8 
3876 78 0.4 
3888 5 0.6 11 0.9 17 0 39 0.6 67 0 74 0.3 77 0 89 0 
3912 1 0.7 8 0.9 18 0.3 21 0.5 38 1 62 0.5 73 0.7 93 0 98 0 
4064 29 0 49 0.9 54 0.3 59 0.3 67 0 91 0 97 0 
4089 48 0 77 0.5 78 0 91 0.7 
4153 14 0.7 36 0.5 38 0.9 43 0.9 51 0 78 0 
4155 1 0 13 0 30 1 59 0.5 65 0.4 85 0 
4392 84 1 
4588 55 0 87 0.6 
4776 37 0.8 54 0.5 60 0.7 62 1 
4785 0 0.6 14 0.7 40 0.8 45 0.4 96 0.4 
4953 21 0.9 35 0.9 49 0 53 1 90 0.4 
4977 18 0 24 1 54 0 64 1 77 0.6 88 0.8 96 0.4 
5001 0 0.6 20 0.6 31 0.6 32 0 39 0.7 43 0.9 51 0.7 69 0.6 97 0.8 
5060 11 0.8 13 0 18 0.6 59 0 60 0.6 
5104 10 0 22 0 23 0 43 0.5 65 1 74 0.8 90 0 94 0.8 
5361 17 0.9 
5518 2 0 3 0.8 15 0.9 46 0.4 68 0 76 0.8 88 0 95 0.9 
5540 33 0.7 35 0.4 83 0.8 
5658 96 0.5 
5901 34 0.6 79 0.9 81 0 82 0.9 85 0.5 87 0.6 92 0.3 
6135 20 0 50 0.7 69 0 80 0.9 81 0 91 0.5 92 0 94 0.5 96 0.9 
6138 29 0.6 38 0.6 42 0.5 54 0.8 78 0.6 84 0.4 88 0.4 96 1 
6274 97 0.5 
6385 51 0 57 0.8 71 0.7 82 0.3 91 0.3 
6502 2 1 7 0 32 0.3 33 0.3 42 0.7 47 0 69 0 73 0.6 75 0.5 99 0.3 
6622 4 0 49 0.3 52 0.4 73 0.9 
6781 1 0.7 17 0 23 1 33 1 65 1 85 0.9 99 0.4 
6847 41 0.7 78 0.3 
6915 21 0.6 61 0.7 84 0.3 86 0.5 96 0 
6976 22 0.4 
7197 8 0.6 22 0 24 0.6 43 1 57 0.3 68 0 70 0.4 79 1 80 0.6 
7317 22 1 58 0 92 0 
7342 29 0.5 47 0.3 75 0.6 91 1 
7761 21 0.3 
7990 10 0.9 
8220 0 0 45 0 66 0.8 
8473 3 0.3 14 0 26 0.8 43 0 65 1 66 0.5 
8554 52 0 
8558 40 0 51 0.4 56 0.7 68 0.7 73 0.3 75 0.4 76 0 81 1 92 1 99 0.9 
8583 0 0.8 21 0.8 30 0.6 45 0.6 59 0.3 72 0.5 83 0.5 85 0.5 91 0 
8653 29 0 36 0 65 0.7 74 0.7 81 0 88 0 92 0.4 97 0 
8816 14 0.9 36 0 45 0.5 
8855 24 0.9 
8935 42 0.6 43 0 44 1 62 0.7 91 0.4 93 0.6 
9362 12 0.3 22 0.6 37 0.4 43 1 98 1 
9405 8 0.4 14 0 35 0.6 40 1 44 0.9 82 0.3 86 0.8 
9525 68 0.5 
9564 6 1 11 0.4 49 1 58 0.6 70 0 81 0 
9903 6 0 64 0 65 0 68 0 70 0.6 79 0 
