100
139 0 0 10 0 28 0.7 30 0.4 45 0 47 0 58 0.8 69 0.7 92 0.8 
170 3 0 18 0.8 19 0 75 0.7 
183 4 0.8 28 0.4 29 1 30 0.3 45 0.8 61 0 74 1 77 0.4 80 0 91 0.3 
296 1 0 10 0.6 12 0 17 0.6 29 0.7 40 0.4 59 0 67 0.3 71 0.5 
299 29 0.8 35 0.3 36 0.5 83 0.7 
320 24 0.4 30 0.8 40 0.8 94 0.4 
334 39 0.9 
384 1 0 27 0.4 35 0.7 38 0.5 50 0.8 61 0 70 0.7 79 0.9 86 0.9 
385 38 0.3 
389 9 0 19 0 25 0 27 0.7 39 0.5 55 1 57 0.4 73 0 94 0.9 
442 71 0 
603 1 0.4 96 0.3 
641 10 0.8 20 0.9 21 0.9 37 0.6 46 0.9 64 0.4 72 1 75 0.6 76 1 97 0.5 
669 8 0.5 27 0.3 41 0.9 45 0.4 56 0.5 80 0.9 96 1 
812 25 0 30 1 31 0.6 48 0.5 66 0.3 99 0.3 
845 25 0 
892 31 0.3 42 0.4 51 0.3 82 0.8 95 0.5 99 0.6 
933 22 0.3 90 0.6 
938 97 0 
1171 51 0 52 0.9 69 0 
1258 30 0 36 0.4 54 0.8 59 0 75 0.8 79 0.4 82 0.6 87 0 
1273 20 0.9 
1317 26 0 
1490 2 0.5 24 0 45 1 49 0.7 52 0 56 0.7 74 0 88 0 94 0.3 
1693 17 0 66 0.8 70 0 77 0.6 89 0.7 
1749 27 0.4 41 0.8 
1823 3 0.6 46 1 47 0 61 0.7 72 0.5 96 0.6 
1901 22 0.9 39 1 57 0 
1938 12 1 19 0 46 0.7 56 0.6 62 0.7 75 0 82 0 90 0.3 
2013 16 0 58 0 64 0.3 65 0 68 0.3 72 0.6 85 0.5 90 0 
2225 19 0.7 28 0 41 0.5 45 0.7 61 0.6 80 1 96 1 
2290 14 0.6 24 0.4 64 0.6 
2352 6 0 33 0.7 42 0.9 58 0.6 60 0 62 0.5 68 0 73 0.6 96 0.8 97 0.7 
2367 8 0.7 13 0.6 25 0 39 0.3 43 0.5 49 0 62 0.8 68 0.7 74 0.3 94 0.6 
2680 1 0.4 8 0.3 12 0 32 0.9 55 0.6 65 0.3 86 0 90 0 97 0.9 
3036 12 0.9 16 0.8 48 0.3 49 0.8 62 0.6 72 0.6 96 0 
3185 37 0 
3394 9 0 27 0 35 0.9 47 0.9 63 0.4 66 0.5 69 0.3 72 0.5 
3395 79 0.9 
3443 52 0.6 60 0.8 70 0.4 76 0.5 
3447 58 0 
3609 0 0 5 0.7 8 0.9 15 0 18 0.4 30 0.8 69 0.7 86 0.3 
3827 58 0 
3911 6 0.3 8 0.4 12 0.3 18 0.7 36 0 37 0 46 0.4 73 0.7 
3976 2 0.6 17 0.4 30 0.5 32 0.4 33 0.7 50 0.7 80 0 
3979 6 0.3 15 0 24 0.4 29 0 59 1 63 0.4 73 0.4 78 0 
4047 4 0 9 0.8 15 0.5 25 0 33 1 68 0.4 70 0.4 79 0.8 86 0 87 0.6 
4055 33 0 51 0 60 0 90 0.3 
4084 85 0 89 0.6 94 0.3 
4260 28 0.7 66 0 91 0.7 97 0.9 
4279 1 1 33 1 42 0.5 76 0 91 0.6 
4320 27 0.3 29 1 31 0.4 49 0.8 56 0.9 80 0.4 90 0 
4345 3 0.3 38 0.8 
4390 17 0.5 27 0.4 35 0.7 47 1 51 0.8 64 0.6 89 0.4 95 0.8 
4523 6 0.6 14 0 21 0.3 30 0.6 32 1 35 0.4 50 0.7 56 0.3 63 0.4 73 0 
4668 2 0.5 68 0 98 0 
4682 0 0.3 2 0.6 9 0.9 13 0.7 16 0 43 0.8 75 0.9 94 0.6 
4920 0 0.8 5 0.3 16 0.6 26 0.4 30 0 36 0.6 66 0.6 68 1 86 0.7 98 0.7 
4985 9 0 28 1 31 0.8 49 0 53 0.4 62 0.6 
5099 50 1 72 0.4 
5114 10 0 11 0.7 23 0.6 
5244 29 0.7 86 0.4 
5401 28 0.5 
5482 5 0.8 27 0.3 37 0 41 0.3 45 0.5 68 1 92 0.7 96 0.5 
5561 27 0.7 59 0 68 0.3 71 0 96 0.7 
5670 38 0 80 0.7 
5723 27 0 53 0.8 55 0.8 70 0 72 0.8 
5848 2 0 21 0.5 38 0.4 46 0.6 51 0.6 62 0.6 76 0.5 81 0.9 85 0.5 90 0.7 
5946 2 0.9 4 0.8 55 0.7 77 0.3 79 0.9 90 1 
6026 25 0.8 
6076 17 0 42 0 76 0.3 
6289 64 0.9 
6304 8 0.6 34 0.8 47 0.3 56 0.9 78 0.9 84 0.7 
6490 25 0.8 52 0.5 
6570 71 0.4 
6739 5 0.4 13 0.5 48 0.4 55 0.8 78 0.6 90 0.5 
6787 9 0.5 36 1 59 0 60 0.4 
6836 13 0.6 16 0.9 24 0.8 39 0.9 59 0 63 0.4 64 0.7 66 0.6 73 0.8 89 0.6 
7014 20 0.6 29 1 52 0.8 63 0.6 69 0.5 70 0.4 73 0.6 76 0.5 80 0.8 96 0 
7111 10 0 11 0.5 22 0.6 26 0.9 43 0 80 0.5 85 0.3 
7113 38 0.5 
7192 6 0 7 0 13 0 18 0 24 0.4 33 0 46 1 54 0 65 0 72 0.8 
7515 11 0 12 0.5 41 0 47 0.7 50 0.8 56 0.8 63 0.6 85 0.6 97 0 
7643 8 0.5 27 0 34 0.4 49 0.3 65 0.8 66 0.3 69 0.6 70 0.4 76 0.7 78 0 
7660 1 0 5 0.8 30 0 35 1 41 1 
7666 4 0.5 12 0 57 0.5 
7796 14 0 36 0.4 54 0.4 71 0.7 80 1 89 0 90 0.9 99 0.3 
8368 14 0.7 31 1 32 0.9 54 0 56 0.3 68 0.8 69 0 88 0.8 95 0.8 
8461 70 0.4 76 0 
8503 9 0.7 12 0 15 0.4 22 0.7 33 0.6 41 0 55 0.5 56 0 81 0.7 95 0 
8801 14 0.5 40 0.9 43 0.6 46 1 56 0 58 0.6 64 0.3 69 0.8 71 0 96 0 
8972 27 0.6 58 0.6 63 0.9 
8998 16 0.8 39 0 43 1 48 0.4 55 0.3 59 0 73 0.8 86 0.4 88 0 90 0.9 
9206 3 0.4 30 0.3 
9444 77 0.9 
9451 31 0 33 0 43 0 56 1 68 0.4 69 0.3 
9635 21 0.7 28 0.6 61 0.8 77 0.8 85 0.3 87 0.7 
9740 33 0.9 44 0.6 56 1 58 0 62 0 74 0.3 78 0.6 83 0.8 95 1 99 0.8 
9775 31 0 45 0.6 48 0.3 52 0.3 65 0 68 0.8 85 0.4 90 0.7 94 0.6 
9812 80 0 
