100
70 96 0.8 
206 3 0.3 46 0.7 75 0 86 0 93 0.9 
347 10 0.4 29 0.6 41 0.3 47 0.7 67 0 79 1 85 0.9 93 0 95 0.3 
403 74 0.5 
408 4 0 19 0.6 26 0 34 0.6 39 0.6 53 0.9 
486 51 0.4 54 0.9 
560 9 0.5 20 0.4 38 0.4 53 0.7 54 0.4 
571 16 0 32 0 33 0.9 69 0 
636 10 0.5 35 0 42 0.3 52 0 66 0.8 71 0.8 90 0.4 94 0.6 
669 8 0.3 27 1 41 0 45 0 56 0.6 80 0.6 96 0 
697 37 0.5 57 0.5 
709 8 0.4 95 0.9 
749 18 0 21 0.9 51 0.8 52 0.3 64 0.6 
1327 18 0.5 22 0.6 33 0.5 49 0.6 53 0.6 76 0.9 78 0.5 93 0.5 
1412 17 0.5 18 0.6 22 0 34 0 71 0.4 72 0.8 77 0 87 0.7 92 0.3 
1424 27 0.7 75 0.6 76 0.8 
1442 0 1 3 0.3 19 0.4 25 0.5 27 0.4 28 0 39 0 52 0.8 74 0 
1443 19 1 31 1 37 0 47 0.6 68 0.9 
1492 50 0.8 
1644 50 0.9 83 0.8 
1672 21 0 45 0.8 48 1 52 0 55 0.8 60 0.4 64 0.9 74 0.7 88 0 99 1 
1708 45 0 52 0.4 73 0 
1717 3 0.5 25 0 68 0 
1767 5 0.6 15 0.8 22 0 27 0.6 35 0.7 40 0.6 78 0.9 83 0.3 87 0 
1936 77 0.8 83 0 
2017 4 0.3 15 0.4 26 1 27 0.7 32 0.8 35 0 48 0 
2314 6 0.9 9 0 52 0.4 62 0.8 
2348 12 0.9 53 0.3 62 0.3 93 0.7 
2490 9 1 95 0.5 96 0 
2619 14 0.8 26 0.8 30 0.6 62 0.9 76 0 88 0.5 90 0.8 
2649 0 0.5 5 0.7 37 0.8 49 0.4 57 0.3 69 0.4 
2726 19 0 46 0.5 57 0.4 82 0.5 
2814 13 0 38 1 39 0.4 47 0 69 1 75 0 91 0 
2943 7 0.9 14 0 16 0.8 52 0 57 0.9 63 0.3 68 0.5 91 1 94 0.8 
2989 21 0.8 52 0.6 63 0.3 84 0.8 93 0.4 
3043 1 0.8 2 1 8 0 60 1 70 1 94 0 
3384 40 0 43 0.7 48 0.5 78 0.4 
3506 1 0.5 8 0.8 72 0.7 
3522 2 0.8 15 0.5 28 0 31 0.3 54 0 61 0 66 1 68 1 93 0.4 
3774 20 0.8 26 1 33 0.6 41 0.9 45 0.9 47 0.4 86 0.6 93 0.5 98 0.3 
3811 17 0.6 61 0.6 67 0 87 0.8 
4049 52 0.8 85 0.5 88 0.5 
4077 26 0.5 27 0.9 31 0 55 0.7 99 1 
4086 9 0.8 10 1 17 0.5 36 0 79 0 
4137 89 0.9 
4359 23 0.3 66 0 
4390 17 0 27 0.3 35 0 47 0.5 51 0.8 64 0 89 0.9 95 0.8 
4438 4 0.3 22 0.3 29 0 43 0.8 55 0.7 69 0 
4609 45 0.5 
4620 19 0.8 36 0.3 45 0.7 51 0.3 53 0 55 1 
4627 4 0.8 15 0 43 0 48 0.5 77 0 81 0.5 82 0.3 91 0 
4687 23 1 26 0.6 27 0.4 45 0.9 57 0.6 79 0 82 0.7 
4767 14 0 38 0 64 0.5 98 0.3 
4784 13 0.5 51 0.7 75 0.5 85 1 
4920 0 1 5 0.8 16 0.3 26 0.5 30 0.5 36 0 66 0.7 68 0.6 86 0.9 98 0 
4951 30 0.9 34 0.5 55 0.4 68 0.6 
5105 0 0 6 0 10 0.8 33 0.3 66 0.4 86 1 
5128 35 0.3 55 0 63 0.7 73 0.9 76 0.8 86 0 97 0 
5167 16 0.8 40 0.6 56 0 64 0.7 97 0.4 
5205 52 0.8 59 0.8 61 0 
5276 1 0.5 6 0 18 0 25 0.7 27 0.3 57 0.6 82 0.7 
5650 79 0 
5722 1 0.9 11 0.9 13 0 42 0.6 46 0.8 50 0 64 0.3 
5813 62 0.7 
5975 4 0 17 0.4 28 0.6 61 0.9 84 0 
6060 4 0.6 14 0.4 25 0.4 45 0.5 50 0.9 64 0.5 65 0.4 90 0.3 94 0 98 0.3 
6093 13 0.4 28 0.5 48 0 50 0.7 61 0.7 80 0 89 0.7 
6221 3 0.8 53 0.6 55 0.3 59 1 
6241 53 0 95 0.3 
6344 5 0.4 6 0 18 0.4 19 0 21 0 36 0 45 0.4 60 0 66 0.5 93 0.9 
6535 49 0 67 0.8 
6549 87 1 96 0.7 
6560 9 0 62 0.6 97 0.5 
6561 13 1 48 0.8 54 1 81 0.6 87 0.9 94 0.8 
6578 10 1 18 0 25 0.7 31 0.9 37 0 39 0.9 41 0.7 80 0.6 
6671 25 0.8 74 0.6 
6677 8 0.6 11 0 45 0 52 0.7 66 0.9 70 0 77 0.5 84 0 
6736 10 0.5 39 0 42 0 65 1 76 0.3 90 0.9 92 0 96 0.6 
6891 25 0 39 0 45 0.4 47 0.9 56 0.5 82 0 
6898 27 0.9 35 0.3 41 1 47 0.4 50 1 62 0.9 99 0.7 
7063 24 0.5 37 0.6 65 0 69 0.3 88 0.9 90 0 
7350 64 0.3 
7386 2 0.6 60 1 73 0.8 85 0 92 0 
7615 0 0 2 0.3 14 0.4 19 0.5 23 0 81 0.6 90 0 92 0 
7685 65 0.5 
7749 47 0.7 50 1 54 0.5 87 1 
7854 6 1 7 0 
8503 9 0.8 12 0.8 15 0 22 1 33 1 41 0 55 0.4 56 0 81 1 95 0.8 
8687 6 0.8 50 0.7 58 0 71 0.3 90 0.4 
8852 75 0.8 
8923 10 0.9 26 0.9 47 0.4 53 0.7 58 0.4 63 0.4 
8944 17 0.9 52 0.3 71 0.8 88 0 
9148 8 0.8 10 0 19 0.6 25 0.7 29 0.9 31 0.5 42 0 43 0.3 75 0.8 93 0 
9501 6 0.6 22 0 27 0.9 35 0.6 91 0.7 
9522 61 0.4 71 1 79 0.3 94 0 
9538 3 0.9 19 0 60 0 
9605 14 0.7 26 0.5 28 1 91 0 
9709 11 0.4 29 0 41 0 43 0.6 47 0.9 
9764 67 1 
9978 3 0.7 8 0.9 10 0 18 0.9 34 0.4 46 1 75 0.9 82 0 
