100
36 4 0.9 11 0.3 21 0 33 0.4 41 0 53 0 55 0 57 1 78 0.7 97 0.4 
140 56 1 61 0 76 0.5 
240 15 0.3 23 0 39 0.9 60 0.6 77 0 87 0.8 90 0 
276 2 0.6 5 0.5 19 0.4 20 0.6 36 1 43 0.6 46 0.8 55 0.7 78 0.6 97 0 
330 32 0.5 34 1 57 1 72 0.9 
452 47 0.7 50 0.8 64 0.7 
535 9 0 25 0.6 33 0.9 35 0.8 40 0.8 42 0.4 83 0 88 0.8 93 0 
554 0 0.3 9 0.8 32 0 42 0 43 0.5 51 0.8 56 0.5 93 0.7 
576 37 1 
581 36 0.6 40 0 56 0 62 1 65 0.9 
597 12 0.3 33 0 
807 26 0.9 36 0 49 0.8 53 0.8 73 0.5 77 1 86 0 95 0.7 
851 4 1 7 0 9 0 25 0.9 52 0.6 57 1 58 0 67 0 78 0 86 0.4 
874 53 0 62 1 95 0 
964 20 0 21 0 24 0.5 53 0.4 66 0.5 72 0.7 77 0 89 0.5 90 0.7 91 0.4 
981 8 0.8 20 0.3 22 0.3 31 0.3 57 0.4 69 0.3 73 0.6 99 0 
1188 6 0.7 17 0.8 36 0 41 0.3 68 0.7 
1300 36 0.8 93 0.3 
1601 42 0 48 1 57 0 
1816 31 0 35 0 49 0.5 64 0.7 98 0.8 
1964 32 0.6 33 0.7 39 0 70 0.6 75 0.9 81 0 84 0.4 
2032 17 0 61 0.5 94 1 
2088 6 0 12 0.4 21 1 28 0.6 31 0.3 44 0 61 1 73 0.7 
2125 13 0.7 33 0 55 0 76 0.9 83 0 
2245 38 0.6 62 0.6 64 0.5 80 0.9 
2274 13 0.9 31 0.7 53 0.8 
2333 1 0.8 35 0.5 78 0 84 0.8 
2451 9 0 11 0.7 
2461 2 0.7 5 1 18 0 22 0.3 24 0.9 42 0 55 0.5 58 0.3 79 0 92 0.3 
2501 15 0.8 16 0.9 23 0.6 59 0.3 72 0.9 86 0.4 
2548 15 0.3 55 0.3 60 1 72 0.8 82 0.3 93 0 99 0 
2570 1 0 23 0.3 24 0 37 0.4 38 0.7 46 0.4 71 0.3 
2682 3 0.5 18 0.3 19 0 20 0.6 24 0.5 27 0.5 69 0.6 76 0.3 90 0 
2826 8 0 12 0.8 29 0 31 0 74 0.3 99 0 
3380 12 0.9 18 0.7 34 0 37 0 38 0 41 0.3 69 0.3 85 0.8 86 0.6 98 0.7 
3405 8 0 15 0 42 1 48 0 71 0 91 1 93 0.5 95 0.5 
3712 4 1 
3814 10 0.6 23 0 40 0 41 1 70 0.5 81 0.5 
3855 40 0 69 0 
4018 37 0.8 63 0 71 0.6 79 0.3 
4056 8 0.8 15 0.6 32 0.7 50 0.6 58 0 77 0.7 94 0 
4169 42 0.5 
4362 33 0 40 0.9 51 0.9 59 0.7 65 0 69 0.5 87 0.9 92 0.7 98 1 
4642 5 0.6 36 0 42 0 52 0.5 55 0.7 68 0.7 76 0 89 0 94 0 
4704 78 0 
4824 9 0.5 43 0 47 0 62 0.3 73 0 83 0.7 
4882 0 0.6 38 0 48 0.8 54 0.8 57 0 76 0 89 0.7 93 0 96 0.6 
4942 33 0.4 37 0.9 85 0.6 92 1 
4959 38 0 47 0.6 61 0 
5013 7 0.5 11 0.6 39 0 77 0.8 91 1 99 0.4 
5033 2 0.6 19 0.6 34 0 51 0 70 0.6 
5047 7 0.8 53 1 
5066 75 0.5 
5232 17 0 20 0.4 27 0.7 36 0 53 0.3 62 0 85 0.8 87 0.7 
5514 87 0.6 
5583 2 0.4 19 0 29 0.8 41 0.8 75 0.9 77 0 
5659 34 1 
5721 38 0 
5727 9 0.7 38 0 42 0.9 63 0.9 64 0 
5799 31 0.8 46 0.5 54 1 58 0.9 63 0.5 71 0.7 72 1 77 0.8 98 0 
5952 0 0.5 16 1 44 0.9 56 0.7 87 0 
5977 0 0.6 28 1 31 0.8 36 0 83 0.8 
6049 8 0 34 0 93 0.4 
6084 2 0.9 27 0 28 0 41 0.7 64 0.4 73 0.4 75 1 80 0.8 87 0 91 0.8 
6240 78 0 
6306 0 0.8 49 0.8 97 0.9 
6330 49 1 
6362 47 0.8 50 0 56 0 57 0 60 0 65 0.4 82 0.9 84 0 
6381 41 0 74 0 91 0.7 
6421 20 0.4 40 0.5 71 1 74 0.9 
6581 29 0.3 53 0.8 58 0 70 0.9 94 0 
6630 44 0 76 0 
6897 5 0.7 25 0.8 27 0.4 35 0.7 52 0.3 63 0 70 0.3 
7038 16 1 21 0.6 23 0 58 0.7 63 0.5 68 0 71 0.4 74 1 91 1 
7116 33 0.6 56 0.6 57 0.7 66 0.9 80 0.9 98 0.9 
7684 6 0.8 38 0 57 0.6 64 1 
7773 19 0.5 28 0.4 34 0.6 38 0.9 45 0.7 84 0.3 85 0 95 0.7 
7831 38 0.7 62 0.5 71 0 98 0.3 
7852 38 1 76 0.3 
7939 1 0.4 3 0.3 9 0.6 29 0 45 0.8 53 0.8 62 0.6 82 1 96 0.4 
8034 0 0 4 0.7 5 0.3 12 0 17 0.7 20 0.8 31 0 37 0.4 40 1 57 0.8 
8048 34 0.9 36 0.4 40 0.5 47 1 83 0 
8071 42 0.4 44 1 65 0.5 
8264 14 0.8 40 0 42 0 47 0.9 
8471 11 0.9 
8594 15 1 26 0 51 0.6 64 0.9 76 0.7 79 0.7 91 0.3 
8629 46 0 70 0 99 0 
8659 18 0.4 27 0 44 0.3 65 0.9 69 0.4 
8790 23 0.7 39 0 45 1 46 0 53 0.5 54 0.3 57 0.4 63 0.6 68 0.6 
8796 3 0.7 34 0.8 72 0.7 77 0.5 81 0 
8929 58 1 
9104 5 0.7 14 0.6 32 0.9 48 0 90 0 
9131 18 0.3 94 0.8 97 0.4 
9149 2 0 4 0 7 0.6 10 0.3 29 0.7 44 0.9 45 0.8 77 0.6 95 0.7 
9325 10 0.5 27 0.8 77 0.6 
9466 1 0.9 17 0.8 49 0.7 56 0.4 83 1 88 0 96 0.9 97 1 99 0 
9640 1 0 59 0.9 65 0 97 0.4 
9662 9 0.8 24 0.5 36 0 43 0.6 60 0.9 74 0.7 75 0 84 0.9 97 0.7 
9800 17 0.7 18 0.6 27 1 37 0 87 0.8 96 0.7 
9803 22 0.4 27 0 51 0.8 67 0 74 0 85 0.5 
