100
79 11 0.9 33 0.5 36 0.4 41 0 50 0 81 1 86 0.7 
103 41 0.3 68 0 73 0 90 0.6 91 0.8 93 0.7 
166 20 0.4 40 1 44 0 49 0.8 50 0.6 66 0 80 0.9 82 0.8 84 0 93 1 
201 0 0.5 20 1 48 0.5 52 0.5 59 0.7 61 0.5 81 0.5 
282 0 0.7 10 0 58 0 61 0.5 83 0 92 1 96 0.4 99 0.7 
479 1 0.9 13 0.4 18 0.7 27 0.8 43 0.4 70 0.6 92 0.5 94 0 
676 3 0.7 37 0 93 0.3 
688 17 0.5 33 1 51 0.8 70 0.3 73 0.7 77 0.7 80 0.4 81 0.7 
732 1 0.4 22 0 26 0.9 38 0.7 40 0.4 72 0 84 0.8 92 1 98 1 
753 0 0.8 20 0 25 0 63 0.7 70 0.7 77 0.5 91 0 
889 11 0.3 17 0.3 23 0.4 46 0 52 0.3 80 0 82 0 98 0.9 99 0.8 
917 9 0 15 0.6 37 0.5 42 0.5 84 0.7 97 0 
928 40 0.9 76 0 
974 1 0 29 0.5 44 0.7 45 0 60 0.8 75 0.6 80 0.5 
987 34 0 44 0 46 0.7 52 0.7 55 0.7 56 0 66 1 
1024 9 0.3 18 0.8 29 0.9 33 0 81 0.5 99 0.5 
1075 10 0 12 0.4 24 0.8 36 0.9 46 0.8 51 0.3 52 1 59 0 92 0 96 0.3 
1119 34 0.3 35 0.6 87 0.4 
1196 34 1 36 1 38 0.8 39 0 85 0 90 0 98 0.4 
1252 6 0.9 90 0.4 
1447 20 0 25 0.3 45 0.6 49 0.5 76 0.4 83 0.7 94 0.3 95 1 96 0 
1457 7 0.3 44 0.6 45 0 54 0.3 56 0.8 91 0.7 92 0.8 97 0.9 
1498 0 0.4 2 1 17 0.3 32 0.9 49 0.8 51 0.3 66 0 99 0.8 
1598 56 0.8 82 0.5 
1690 1 0.8 11 0 
1847 2 0.5 21 0.8 38 0.7 51 0.6 83 0 
1853 65 1 87 0 
1940 6 0.6 17 1 40 0.3 63 0 90 0.7 98 0.4 
1995 35 0 37 0.4 39 0.6 45 0 64 0 77 0.8 
2134 26 0.5 44 0.7 55 0.6 79 1 89 0 
2317 13 0.6 
2401 2 0.9 41 1 57 0 81 0 83 0 
2708 0 0.6 18 0.5 37 0 39 0.5 48 0.6 58 0.9 88 0.4 99 0.6 
2820 41 0.9 84 0 
2824 1 0 23 0.4 37 0 50 0 62 0.3 63 0.5 70 0.4 76 0.5 85 0.6 89 0.3 
2915 3 0 62 0.8 91 0.3 
2983 10 0.3 14 0 42 0.8 46 0 51 0 57 0.5 62 0 65 0 96 0.6 
3104 0 0.5 19 1 20 1 45 0.4 66 0 83 0.6 
3173 31 0.8 86 0.8 93 0 98 1 
3204 11 0 20 0.6 25 1 34 0 56 0.8 65 0 66 0.8 91 0.9 95 0.8 98 0.4 
3268 7 0 17 0.8 22 0.8 35 0.6 36 0 89 0 
3402 20 0 23 0.9 37 0.3 40 0.5 42 0 59 0.4 73 0.9 80 0.4 91 0 
3404 4 0 8 0.6 20 0 46 0.7 54 0 63 0.5 81 0.8 83 0 84 0.4 
3426 1 0.5 28 1 32 0 33 0.9 35 0.8 64 0.3 67 0.5 70 0.7 92 0.4 
3528 10 0.9 14 0.7 18 0.9 31 0.5 44 0 51 0.5 77 0.6 89 0.9 
4236 42 0 44 0 74 0.3 98 0 99 0 
4383 20 0.7 39 0 60 0.7 79 0.3 81 0.4 86 0.3 
4503 60 0.7 
4564 1 0.3 81 0.3 99 1 
4757 14 0.9 25 0 28 0 33 0 37 0.5 40 0 53 0 72 0.8 73 0 74 0 
4858 14 0 41 0.8 51 0.8 53 0 61 0 69 0 82 0 85 0 
4918 16 0.4 17 1 26 0.9 35 1 51 0 68 0.4 84 1 96 1 
5020 13 0 54 0.8 
5191 42 0.8 94 1 
5222 6 0.8 16 0 
5396 53 0.7 82 0.6 
5404 5 0 15 0 25 0.9 32 1 33 0.7 41 0 48 0.8 57 0 82 0.7 
5430 2 0 7 0.7 15 0 27 0 33 1 63 0 75 0 79 0 
5447 8 0.4 78 0.3 87 0.7 
5479 29 0.3 30 0.6 39 0.6 47 0 51 0.7 90 0.4 94 0 
5512 49 0 
5643 39 0.4 45 0 53 0.6 67 0.7 86 0.6 
5713 2 0.3 9 0.4 55 0.8 59 0 60 0 
5716 1 0 30 0.7 42 0.6 43 0.5 44 0.7 51 0.6 53 0.6 57 0.4 67 0.9 
5847 34 0 42 0.3 70 0.5 
5886 18 0 39 0.4 95 0 
6079 37 0.9 40 0.6 41 1 82 0 94 0 97 0.7 98 0.9 
6387 0 0.4 30 0 98 0.4 
6399 14 0 43 0.9 50 0 91 0 99 0.4 
6404 15 0 16 0 17 0.4 67 0.7 69 1 86 0 
6898 27 0.7 35 0 41 0.9 47 0.3 50 0 62 0.6 99 0.9 
6989 24 0 28 0.3 32 0.3 47 0.4 55 1 86 0.6 89 1 
7128 1 0.5 3 0.5 5 0.8 11 0 19 0.7 26 0.4 54 0 58 0.6 73 0.4 74 0 
7136 7 0.4 11 1 37 0.4 52 0.3 56 0 68 0 97 0.4 
7205 1 0.6 38 0.4 45 0.3 57 0.4 63 0.9 82 0.7 92 0.8 
7209 5 0.5 6 0.7 25 0.9 62 0 67 0.6 87 0 
7445 5 0 38 1 45 0.4 51 1 57 0.8 60 0 65 0 79 0.5 86 0.4 
7482 8 0.8 48 0.4 66 1 98 0.7 
7539 10 0 20 0.3 52 0.9 78 0.3 99 0.8 
7619 14 0.8 15 0.3 42 0.6 55 0.4 65 0 70 0 84 0.3 96 1 97 0 
7880 20 0 36 0.9 44 0 51 0.5 65 0.7 73 0.9 78 0 
7991 22 0.8 74 0.5 
8054 1 0 6 0 23 0.9 34 0.8 40 0.5 44 0.7 45 0.5 65 0.6 82 0 94 0 
8166 20 0 37 0.9 48 0.8 54 0 57 0.5 71 0.4 78 0 86 0.3 99 0 
8172 38 0.3 81 0 92 0 
8246 2 0.8 21 0 23 0 48 0 65 0.8 69 0.8 
8256 78 0 83 1 
8416 9 0.9 14 0.4 80 0.7 
8709 5 0.8 8 0.6 26 0.6 28 0 44 0 82 0.8 84 0.8 95 0.5 
8899 10 0.7 14 0.4 16 0.3 52 0.5 54 0.7 62 0.6 68 1 82 0 90 0 98 0.7 
8904 2 1 19 0.4 23 0.3 50 0.9 58 1 76 0.3 84 0.3 87 0 
8918 2 1 6 0 10 0.3 17 1 19 1 40 0.7 64 0.6 79 0 89 0 91 0.4 
9342 11 0.5 80 0.6 
9472 12 0.5 27 0 38 0.8 40 0 43 0.6 71 0 
9477 77 0.9 
9646 5 0.3 12 0.6 17 0.5 28 0.9 30 0 69 0.5 81 1 92 0 
9869 3 0.3 9 0 15 0.4 42 0.8 74 0.9 85 0.6 96 0.6 98 0.5 
9951 3 1 10 0.6 38 0.3 55 0.8 72 0.5 90 0.8 91 0.5 
9979 14 0.4 16 0.9 35 0.9 39 0.7 53 0.6 70 0 74 0.7 77 0.4 
9994 6 0.5 46 0.8 54 0.6 84 0 89 0.9 
