100
30 8 0.4 16 0 18 0.3 20 0.7 30 0.9 53 0 64 0 79 0 84 0.6 
34 3 0 34 0.7 35 0 45 0.6 87 0 93 0.4 
143 0 0.5 5 0.8 12 0.9 51 0.5 59 0 64 0 79 0 92 0 98 0.5 
173 78 0.9 
192 16 0.4 29 0.3 35 0.5 46 0.4 73 0.5 93 0.9 
396 7 0 26 0.8 46 0.7 51 0.3 56 0 58 0.4 63 0.4 64 0.9 92 0.3 
432 1 1 14 0 29 0 32 0.3 78 0 80 0 85 0.7 87 0.8 92 0.7 
462 4 0.6 11 0.6 28 0 35 0.4 47 0 63 0.9 87 1 
859 4 0.9 22 1 75 0.6 76 0.5 
959 13 0.8 49 0.7 86 0 
1005 1 0.4 22 0 29 0.4 31 0.4 44 0.8 51 0.5 58 0 66 0.8 74 0 90 0.4 
1077 24 0.9 44 0 49 0.6 52 0 65 0 68 0.3 76 0 83 0.6 90 0.8 95 0.8 
1188 6 0 17 0.4 36 0.5 41 0.6 68 0.9 
1243 28 0.7 49 0.7 55 0.3 63 0.4 68 0.3 98 0.8 
1247 7 1 12 0.3 26 1 43 0.7 54 0.6 70 1 72 0 88 0.7 
1270 32 0 37 0.8 55 0.9 86 0 96 0 
1587 9 0.7 42 0.5 47 0.9 55 0 76 0.3 77 0.6 
1607 1 0 24 0 25 0.7 27 0 41 0.7 44 0.3 47 0 52 0.8 92 0.5 
1608 11 0.6 26 0 79 0 
1866 5 0.5 16 0.8 42 0.8 68 0.3 
1885 27 1 45 0 84 0.5 91 0.6 
1975 16 0.6 
2022 93 0.9 
2218 28 0.4 36 0 37 0 41 0 42 0.7 43 0 56 0.6 66 0.3 90 0.5 94 0.8 
2247 54 0.8 
2273 1 0.3 22 0.5 26 0 27 0 28 0.3 58 0.4 67 1 72 0.7 81 0 88 0.5 
2341 12 0.5 62 0.5 70 0.7 91 0 
2362 2 0.8 5 0.9 24 0.3 74 0.6 81 0.7 85 0.7 94 0 
2485 1 1 56 0 59 0.4 63 0.3 
2666 4 0.5 29 0.5 
2700 0 0.9 9 0.8 34 1 38 0.4 42 0 53 0.9 75 0 85 0 99 0.5 
2812 20 0.3 46 0.8 
2866 2 0.6 19 0 42 0 53 0.3 61 0 64 0.8 71 0.5 80 0 
2958 4 0.9 26 0.5 
3046 9 0.3 12 1 22 0 95 0 
3127 0 1 14 0.8 20 0.8 33 1 52 0.5 56 0.9 61 0.5 75 0.8 
3228 1 0 3 0 6 0.5 16 0.6 65 1 78 0.7 
3259 32 1 37 0.6 42 0 49 0.9 
3508 37 1 63 0.6 83 0.7 
3570 18 0.7 21 0.5 42 0.6 43 0 49 0 69 0 81 1 84 0.4 
3887 41 0.9 45 0 65 0 69 0.7 
3913 2 0.5 30 0.6 49 0 58 0.3 66 0.5 
4041 18 0.4 
4084 85 1 89 1 94 0.3 
4156 8 1 18 0 24 0.8 37 1 45 0.9 73 0.8 76 0.4 88 0.7 
4192 7 0.8 22 0.7 23 0.4 38 0 40 1 51 0.7 55 0.4 71 0 
4202 0 0.3 3 0.6 10 0 22 1 40 0.4 62 0 
4268 68 0.8 98 0.6 
4441 7 0.4 10 0.5 16 0.4 30 0.3 41 0.8 42 0 49 0.8 78 0.8 86 0.9 90 0.6 
4506 20 0.4 21 0 44 0.4 56 0.3 90 0.3 
4714 7 0.6 25 0 31 0 37 0.3 38 0.4 42 1 46 0 50 0.5 81 0.9 92 0.3 
4784 13 0 51 0.6 75 0 85 0 
4871 27 1 51 0.8 71 0.6 86 0.8 
4926 7 0.5 17 0.4 18 0 64 0 75 0.9 78 1 88 0.5 93 0 
5123 12 0.3 36 1 38 0.7 51 0 59 0.8 71 0.4 75 0.8 96 0.9 
5164 1 0.4 27 0.8 64 0.3 
5375 86 0 
5677 75 0.3 
5705 32 0 37 0.5 44 0.8 63 0 66 0.9 68 0.4 92 0.6 95 0.7 
5779 15 0.8 21 0.8 53 1 56 0 62 0 94 0.5 96 0.9 98 0.7 
5916 37 0 95 0 
5958 2 0 11 0.5 39 0.8 67 0 95 0 97 0.9 
6098 3 0.7 20 0.5 27 0.7 38 0.7 42 0.5 67 0.7 85 0.8 98 0 
6137 9 0.3 22 0.9 26 1 28 0.9 50 0.8 68 0.6 80 1 82 0 91 0.9 93 0.8 
6313 0 0.7 2 1 25 0 52 0 66 0.8 83 0.5 88 0.8 95 0 
6321 21 0 26 0 33 0.7 43 0 46 0.9 74 0.9 
6689 5 0 13 0.8 15 0.5 29 0.5 63 0.5 71 0 87 1 88 0.9 91 1 
6708 0 0.9 12 0.8 21 0.3 34 0 46 0.4 54 0.6 57 0.9 
6779 35 0.9 41 0.9 70 0.3 97 0.6 
6786 37 1 40 0 41 0.7 75 0.7 
6861 2 0.5 10 0.3 45 0.4 59 0.7 
6867 43 0.9 83 0.9 
6935 40 0.3 60 0.6 
7004 25 0.4 93 0.8 
7079 60 1 93 0.7 
7449 61 0 63 0 
7576 1 0.3 37 0 45 0 57 0.4 61 0.5 63 0.3 78 0.3 
7623 8 0.6 28 1 33 0.5 42 0.4 57 0.4 80 0.8 
7629 18 0 44 0.8 
7688 64 0.4 
7725 10 0.4 34 0.5 54 0.6 65 0.3 83 0.4 
7853 1 0.5 18 0.9 34 1 46 0.6 52 1 76 0 79 0.6 91 0.3 
7980 52 0.5 53 1 66 0.5 67 0.9 
8098 22 0.7 50 0.5 57 0.3 74 0 88 0.4 98 0 
8276 16 0.9 22 0.8 45 0.8 70 0 79 0.6 80 0.6 95 0.3 
8364 11 0.9 19 1 37 0.9 59 0.8 88 0 
8658 35 0.5 62 0.9 
8944 17 0.8 52 0.5 71 0.8 88 0.8 
9058 6 0.4 16 0 19 0.3 36 0.5 50 0.7 57 0.3 59 0.7 67 0.6 99 0.5 
9071 6 0.6 15 0.4 25 0.7 36 0.5 
9078 3 0.4 6 0 19 0.5 21 0.7 35 0.6 43 0 53 1 71 0.8 76 0 77 0.3 
9185 15 0 28 1 32 0.3 34 0.7 64 0 85 0 
9199 8 1 10 0.5 19 0 31 0.9 43 0.5 61 0.7 73 0.8 75 0 99 0.5 
9203 0 0.4 3 0.6 18 0.9 26 0.9 28 0.3 33 0.8 37 0.6 41 0.7 48 0.8 
9253 14 1 15 0.8 29 0.8 31 0.7 32 0.6 56 0 64 0.4 68 0 71 0.4 84 0.6 
9308 12 0.7 23 0 36 0.6 45 0 59 0.8 64 0 69 0.7 78 0.3 85 0 
9511 2 0 20 0.4 89 0 97 0 
9535 25 0 
9756 10 1 12 1 25 0.6 26 0.9 39 0.7 49 0 59 0.6 71 0.5 96 0 
9886 15 0 41 0 47 0 54 0.7 62 0.9 65 0.3 78 0.5 
