100
128 70 0.9 75 0.8 93 0 
189 4 0.7 89 0.8 
260 4 0.9 13 0.4 16 0.5 21 0.9 28 0.4 47 0.9 51 0.7 89 0.7 91 0.5 92 0.7 
315 33 1 38 0.6 56 0 86 0.9 
359 6 0.4 9 0 44 0.6 59 0.5 80 0 
398 2 0.4 8 0.4 53 1 65 0.8 66 0.5 90 0.4 
413 2 0 7 0.5 34 0.5 
507 9 0 27 0.7 
570 22 0.9 25 0.3 53 0.4 63 0.5 64 0 86 0 
597 12 0.4 33 0.7 
652 23 0 49 0.3 51 0.5 59 0 70 1 77 0 89 0 90 0.8 91 0.4 
697 37 0.9 57 0.4 
721 4 0.3 8 0.6 20 0.8 37 1 48 0.9 64 0.7 73 0 95 0.5 96 1 
736 23 0.6 71 0.7 99 0 
821 8 0.7 12 0.9 51 0 87 0.8 
979 48 0.3 64 0.9 71 0.9 
985 28 0.7 44 0.6 55 0 
1103 79 0 
1151 53 0 
1152 66 0.9 67 0.7 68 0.5 89 0.8 91 0 
1163 23 0 71 0.4 79 1 
1249 50 0.3 52 1 
1502 67 0.8 
1645 32 0.9 
1672 21 0.7 45 0.6 48 0.9 52 0.6 55 0.7 60 0.9 64 0.7 74 0 88 0 99 0.8 
1774 50 0.4 
1800 98 0.9 
1898 26 0.3 60 0.9 62 0 67 0.7 69 0.6 76 0.6 78 0 79 0.4 84 0.8 
1917 20 0.3 71 0.6 92 0.4 
1978 17 0 21 0 33 0.8 38 0 40 0.9 46 0 59 1 62 0.9 88 0.6 91 0.9 
2062 1 0.7 5 0.7 36 0 45 0.8 61 0.6 65 0.4 77 0.5 88 0 98 1 
2095 26 0 54 0 68 1 92 0 
2139 16 0 33 0.6 34 0.4 62 0.5 70 0.8 84 0.3 89 0.9 
2154 17 0.5 19 0.7 35 0.5 67 0.4 68 0.4 85 0.8 
2205 37 0.6 38 0.9 42 1 45 0.6 77 0.8 81 0.3 88 0 
2226 31 0 36 0 77 0.5 96 0.5 
2336 1 0.9 4 0.8 6 0.4 18 0.8 40 0.6 50 0.5 71 0.8 78 0 88 1 92 0.5 
2767 6 0 10 0.8 17 0.3 37 0.9 41 0.9 44 0 52 0.6 56 0.7 70 0.8 76 1 
2795 13 0 38 0.5 48 0.6 49 0.3 55 0.6 71 0.6 75 0.7 84 0 
2846 35 0.5 59 0.5 76 0.3 
2937 24 1 28 0.9 30 0.5 42 0.4 61 0.4 63 0.6 65 0 68 0.6 93 0.7 94 0.7 
3052 7 0.9 
3069 0 1 7 0.6 13 0.9 39 0.7 47 0.6 51 0 56 0.7 80 0.7 90 0.4 
3119 64 0.3 65 0 80 0.4 
3240 9 0.5 52 0 60 0.6 92 0.7 
3381 27 0 30 0.6 31 0.8 53 0.4 98 0.8 
3466 18 0.9 56 0 79 0 96 0 
3891 22 0 27 0.9 46 0.3 49 0.3 63 0.8 
3935 18 1 83 0.5 86 0.7 
4445 13 0.3 25 0.9 28 0.5 37 0.3 39 1 47 0 49 0.9 57 0 72 0 93 0.3 
4526 28 0 39 0.4 83 1 86 0 
4666 15 0.6 19 0.8 31 0 48 0 58 0.7 65 0 75 0.5 80 0 81 0 
4691 2 0.8 33 0.5 47 1 54 0.7 73 0.9 76 1 77 0.7 83 0 96 0.3 
4813 16 0 28 0 49 0 
4857 10 0.7 36 0 41 0.6 78 0.5 
4890 5 0.5 29 0 46 0.3 55 1 
4929 25 0.9 30 0.5 59 0.7 
5018 3 0.7 42 0.3 
5119 0 0 35 0 48 0.8 
5156 3 1 27 0.3 34 0.8 36 0.6 38 1 40 0.5 61 0.3 75 0.4 
5404 5 0.5 15 0.5 25 0 32 0 33 0.8 41 0.4 48 0.3 57 0.9 82 0 
5696 56 0 61 0.9 65 0.3 82 0.9 
5711 9 0 17 0.5 21 0.9 33 0 44 0.5 54 0.7 58 0 84 0.4 85 0 91 0.5 
5781 8 1 19 0.7 36 0.4 40 0 47 0 62 0 64 0 66 0.7 82 0.8 
5782 10 0.4 19 0.8 24 0.9 51 0 57 0.6 60 0.9 61 0 63 0.9 68 0 91 0.8 
5798 29 0.4 54 0.5 57 0 61 0.6 91 0.4 
5869 4 0 14 0.5 15 0.9 27 0.8 57 0.6 68 0 81 0.7 96 0.4 
5880 6 0.5 35 1 48 0.8 50 0.6 97 0 
5985 21 0.3 26 0.5 31 0.4 51 0 56 0.5 66 0.8 67 0.9 82 0.6 86 0 97 0.4 
6088 28 0 83 0 86 0.3 97 1 
6150 55 0.5 
6246 59 0 
6388 32 0.3 42 0.5 59 0.6 67 0 
6529 16 0.4 63 1 66 0.3 72 0 85 0.5 
6977 1 0 5 0 52 1 60 0 68 0.4 98 0.9 99 0 
6994 10 0.5 30 0.8 48 0 59 0.5 62 0.5 89 0.6 
7299 27 0 39 0.3 55 0.5 78 0.6 
7464 33 1 
7482 8 0.6 48 0.5 66 0.6 98 0 
7508 1 0.7 2 0.6 7 0.9 10 0.5 13 0 53 0.6 64 0 75 0.7 
7570 4 0.3 23 1 26 0.3 27 0.8 39 1 
7812 4 0.5 28 0.8 55 0.3 84 1 
8045 8 0 24 0 30 0.9 45 0.8 54 0.5 58 1 63 0.3 70 0 85 0.5 98 0 
8286 59 0 79 0.4 
8530 6 0 47 0.3 61 0.4 62 0 65 0.3 88 0 
8544 22 0.5 43 0.7 47 0 58 0.7 64 0 88 0.9 
8576 51 0 
8726 29 0.8 51 0 87 0 
8972 27 0.4 58 0.7 63 0 
9004 16 0.9 
9035 30 0.9 
9042 58 0 76 0.4 
9063 2 0.3 3 0.8 40 0.4 51 1 63 0 67 0 81 0 
9495 15 1 43 0.6 56 0 71 0.5 76 0.7 84 0.4 87 0 93 1 
9547 64 1 86 0.6 
9567 8 0.6 
9711 15 0.8 27 0.4 58 0.7 72 1 90 1 
9734 9 0 73 0 
9836 5 0.5 20 0.3 40 0.8 54 1 61 0 63 0.8 76 0.9 90 0.9 
9981 10 1 11 0.5 28 0.5 37 0.9 56 0.3 60 0.7 77 0 78 0.8 88 0 99 0.4 
