100
56 73 0.3 
66 27 0.9 32 0.8 55 0 81 0 
205 25 0.4 
418 7 0 19 0.8 25 0 38 0.8 42 0.5 48 1 52 0 67 0 79 0 85 0.3 
752 6 0.6 11 0 33 0 34 0 37 0.8 52 1 61 1 67 0.8 74 0 82 0.4 
784 0 0.7 4 0.8 6 0.5 7 0.8 23 0.8 24 0.9 46 1 87 1 
936 4 0 7 0 9 0.4 23 0 50 0.3 66 0.3 86 0 95 1 
937 15 1 37 1 76 0.8 81 0 83 0 
949 0 0.8 6 0 7 0 17 0.7 35 0.9 50 0.4 52 0 77 0.7 79 0.3 81 0 
1006 34 0.9 36 1 54 0.6 90 0.9 
1015 13 0.5 
1104 6 0.4 17 0.6 54 0 95 0 
1133 65 0.5 90 0.5 
1232 62 0.4 
1313 3 0 6 0.4 57 0.8 60 0.9 71 0.5 72 1 80 0.3 90 0 99 0.8 
1462 80 0 89 0.8 
1638 72 0.3 
1739 0 0 53 0.4 55 1 64 0 
1804 4 1 7 0.6 8 0.4 17 0.7 42 0 50 0.4 53 0.6 72 0.4 82 0 
1847 2 0.7 21 0.4 38 0 51 0.6 83 0.3 
2081 6 0 9 0 39 0.8 64 0.9 69 0 92 0 
2152 3 0 72 0 
2198 5 0 45 0.8 
2308 2 0.9 4 0.5 10 0.3 13 0 
2391 7 0.7 
2399 16 0 
2440 57 0 
2473 7 0 16 0 23 1 41 0 61 0.8 
2480 43 1 
2492 2 0 3 0.5 16 0.8 49 0.9 53 0.4 58 0.6 70 0.5 88 0.8 95 0.6 99 0 
2571 23 0.9 25 0 33 0.6 45 0.4 54 0.6 65 0.5 66 0.9 75 1 88 0.7 
2661 2 0.9 20 0.4 51 0.8 89 0.5 
2662 3 0 25 0 42 0.3 43 0.7 63 0.7 73 1 88 0 
2724 1 1 14 0.3 23 0.8 39 0.5 62 0.7 75 0.3 94 0.6 
2794 23 0.5 43 0.4 49 1 68 0 85 1 91 0.4 93 0 
2800 93 0.5 
2862 6 0.7 55 0.8 64 0.8 
2864 17 1 
3187 3 0.9 5 0.5 20 0.7 44 0.8 76 0.8 88 0.8 
3200 40 0 
3309 5 0.7 6 0.9 37 0 43 0.9 53 0.8 54 0 57 0.8 59 0 
3383 4 0.9 10 0.8 13 0.5 15 0 16 0.7 27 0 28 0.9 45 0 57 0 68 0 
3443 52 0 60 0 70 0.9 76 0.8 
3460 2 0.3 49 0.9 63 0.4 68 0 71 0.3 73 0 85 0.4 
3463 2 0.3 28 0.8 53 0 98 0.3 
3494 1 0.3 6 0 27 1 47 0.5 48 0.6 63 1 65 0.3 66 1 68 0 76 0 
3507 0 0.6 14 0 16 0.6 18 0.3 32 0.5 53 0.8 78 0.8 
3635 0 0 5 0.6 14 0 20 0 21 0.7 37 0.8 63 0.4 77 0.6 90 0.6 97 0 
3692 65 0.5 81 0.8 
3697 13 0.4 25 1 30 0.7 35 1 54 0.3 79 0.8 
3720 11 0.9 20 0.8 30 0.9 95 0 
3932 34 0.4 35 0.9 83 0.4 
3951 2 1 21 0.5 30 0.4 40 0.8 61 0.5 67 0 75 0.3 84 0 94 0.9 98 0 
3971 4 0.7 35 0.5 37 0.8 47 0.3 53 0 
4102 6 0.3 15 0.8 18 0.4 64 1 
4266 22 1 31 0.6 87 0.9 
4345 3 0.7 38 0.4 
4618 9 0.5 46 0.6 51 0.9 68 0 74 0.8 89 0.4 96 0 
4858 14 0.3 41 0.8 51 0 53 0.5 61 0 69 0.4 82 0.4 85 0.6 
5116 11 0.9 27 0 60 0.6 78 0.3 81 0 88 0 93 0.8 96 0 
5156 3 1 27 0.3 34 0.6 36 0.8 38 0.4 40 1 61 0.9 75 0.5 
5168 18 0.4 
5341 27 0 37 0.8 42 0.9 45 0.9 78 0.7 
5427 2 0.5 33 0.9 46 0 62 0 
5496 28 0.8 71 1 
5500 0 0 20 0.7 23 0 29 0.6 35 0.9 46 1 77 0.5 99 0.5 
5599 2 0 7 0.4 10 0.7 51 0 64 0.4 78 0.7 81 1 
5987 22 0.7 33 1 71 0 85 0 99 0.4 
6005 5 0.6 
6077 44 0 
6106 5 0.4 6 0.8 8 1 11 0 16 0.3 22 0 74 0.4 91 0.8 
6126 6 0 12 0.5 26 0 48 1 52 0.5 56 1 73 0.6 79 0 89 0.3 
6175 21 0 84 1 
6224 70 1 78 0 89 0.3 
6272 25 0 31 0.6 46 0.6 
6349 0 0.4 6 0.4 10 0.9 24 0.6 51 0.7 62 0.9 67 0.7 77 0 97 0 
6451 14 0.6 49 0.8 
6491 10 0.9 46 0 60 0.3 65 0 68 0.6 70 0 72 0.6 90 1 
6739 5 0.9 13 0 48 0 55 0.8 78 0.8 90 0 
7157 45 1 95 0 
7218 28 0 40 0 88 0.9 
7279 9 0 14 0.4 29 0 58 0 83 0.7 88 0.9 
7326 19 0 20 0.7 30 0.4 32 0.5 33 0.6 51 0 55 0 78 0 97 0.3 99 0.4 
7386 2 0.4 60 0 73 0.7 85 0.3 92 0.3 
7578 30 1 42 0.8 
7593 44 0 
7880 20 0 36 0 44 0 51 0.3 65 1 73 0.9 78 0.9 
7925 68 0 
7967 4 0 66 0 70 1 
8109 10 0.6 14 0.9 40 0.9 47 0.7 55 0.6 68 0.7 
8225 10 0.5 36 0.3 63 0 
8436 13 0 
8460 6 0.7 19 0 20 0.7 51 0.9 64 0 72 0 73 0.3 74 1 86 0.9 90 1 
8647 56 0.6 
8691 1 0.7 49 0.9 51 0.8 60 0.8 65 1 79 0.3 89 0 
8934 2 0.4 13 0.9 15 0 25 0 49 0.3 
9249 46 0.9 74 0 
9797 8 0.9 9 0.3 21 0 24 0 40 0.8 70 0.8 79 0 
9866 80 1 
9868 27 0.6 33 0.8 49 0.8 51 0 73 0.3 82 0.4 87 1 98 0.4 
