100
202 21 0.7 37 0 56 0 64 0.4 67 0.5 72 0.7 75 0 83 0.7 
227 37 0 49 0.6 87 0.8 92 0.7 
274 4 0 13 0.5 38 0.8 50 0.3 52 0.6 67 0 68 0.8 72 0 82 0.8 88 0.5 
330 32 0 34 0 57 0 72 0.6 
416 8 0.8 11 0.8 16 0.5 19 0.5 53 1 58 0.8 64 0.3 74 0 
465 20 0.7 37 1 39 0 49 0.3 50 1 74 0.8 
468 0 0 18 0.9 60 0 
497 24 0 32 0 55 0.4 59 0.8 69 0 76 0.3 77 0.5 84 0.5 99 0 
521 25 0.6 38 0.4 55 0.7 66 0.3 81 0.7 92 0.4 97 0.9 
676 3 1 37 0 93 0 
749 18 0.7 21 0.9 51 0 52 0 64 0.3 
952 7 0.8 20 0 23 0 35 0 39 0.3 41 0 58 0.7 67 0.7 81 1 84 0 
1054 69 0.5 78 0.4 
1089 2 0 6 0 23 0 26 0 42 0.9 78 0 85 0 87 0 95 0 
1293 8 0 26 0.9 45 1 49 0.5 51 0.5 80 0.4 95 0.6 
1453 5 0.6 88 0.3 
1468 52 0 69 0.7 
1548 16 0.7 34 0.8 64 0.5 89 0 90 0.8 
1738 33 0.7 44 0.8 45 0.9 74 0 93 0.7 
1786 10 0.5 15 0 21 0 
1815 3 1 8 0.5 32 1 64 1 65 0.8 72 0.8 81 0 86 0 92 0.6 
1897 47 0 54 0.4 73 0.3 82 0 90 0.9 94 0.7 95 0 
2020 22 0 63 0 97 0 
2093 6 0.6 61 0.8 82 0.3 96 0 
2174 26 0 31 0 46 0.9 63 0.6 86 0.5 
2230 3 0 56 0 99 0.7 
2413 8 0.5 27 0 76 0 
2636 11 0 62 0.7 63 0.7 69 0.6 76 1 84 0 
2777 32 0 37 0 83 0.9 
2799 46 1 54 1 
2888 18 0.6 28 0 37 0 75 0.4 80 0.4 82 0.5 89 0.9 
2918 1 0 4 0 10 0.4 18 0.9 23 1 47 1 86 0.6 91 0 92 0.7 96 0.3 
3244 9 0.5 27 0.5 45 0 79 1 87 0.9 90 0 
3369 23 0.6 38 0 39 0.4 45 0 
3409 4 0 18 0 38 1 49 0.7 72 0 89 0.8 94 0.9 
3427 19 0.5 55 0 62 0.8 64 1 69 0.9 90 0 93 0 
3508 37 0.7 63 0.7 83 0.8 
3621 33 0.8 42 1 47 0 62 0.5 75 0.5 
3780 12 0.5 32 0.6 36 0 65 0 72 0 87 0 
3782 10 0.5 28 0 32 0.7 41 0.3 87 0 88 1 
4098 31 0.5 42 0.3 95 1 
4194 16 0.5 
4291 24 0.5 
4367 17 0.6 37 0.7 47 0.3 51 0.9 68 0.3 72 0.7 85 0.4 89 0.3 
4501 12 0.6 65 0.7 
4564 1 0 81 0.6 99 0.6 
4823 5 0.5 30 0 52 0.3 62 0.9 69 0.6 77 0.7 78 1 83 0.3 92 0 93 1 
4969 2 1 4 1 22 0 31 0.6 81 0 
5009 2 1 4 0.6 19 0 45 0 64 0 67 0 79 0 82 0.7 84 0 
5200 6 1 17 0 27 0.5 29 0.6 32 1 48 0.4 49 0.9 72 0 87 0.7 98 0.3 
5380 79 0 94 0.3 
5386 0 1 10 0.9 19 0.3 22 0.8 31 0.9 37 0 60 0.8 69 0 76 0 
5390 6 0 12 0 21 0.6 29 0 63 0.5 67 0.6 76 0.6 83 0 87 0.9 96 0.8 
5421 43 0.3 
5490 13 0 34 0.8 35 0.7 49 0.3 50 0.3 56 0.7 57 0.7 
5517 28 1 38 0.3 58 0.3 60 0.8 71 0.5 89 0 97 0.6 
5556 5 0.9 15 0.7 31 0 39 0 65 0.3 81 0.4 89 0.6 90 0 95 0 99 0.7 
5606 1 0 18 0.7 58 0 67 0.9 77 0 
5615 27 0.5 30 0.7 36 0 44 0.3 56 0.8 69 0.3 70 0.9 96 0.7 99 0 
5802 23 0.8 94 0.7 
5981 1 0.4 15 0.7 30 0.5 56 1 57 1 58 0.4 82 0.6 92 0.4 94 0 
5994 17 0.3 18 0 24 0.9 25 0 27 1 33 0.7 99 0.8 
6146 29 0.8 36 0.8 44 0.6 51 0.5 55 0.5 84 0 
6258 2 1 55 0.5 63 0.3 74 0.4 75 0 78 0.6 90 0.8 91 0.9 96 0.3 
6350 1 0.5 8 0.7 22 1 35 0.4 38 0.6 57 0.8 67 0.7 77 0.3 80 0.6 84 0.8 
6691 33 1 81 0 92 0 95 0.3 
6759 53 1 82 0.6 83 0.9 94 1 95 0.9 
6782 16 0.7 22 0 24 0.9 30 0 31 0.7 33 0.8 49 0.8 63 0.3 69 0.5 83 1 
7007 8 0.9 10 0 20 0.9 80 0 
7110 6 0.9 13 0.5 38 1 45 0.4 46 0.8 58 0.4 96 0 
7289 40 0 87 0.3 
7290 30 0.6 55 0.8 85 0.3 
7390 3 0.4 9 0.4 36 0.5 42 0.9 43 0.3 55 0.8 60 0.3 65 0 66 0.9 97 0.9 
7611 74 0.4 75 0 88 0.4 
7702 4 0.5 13 0 15 0.6 43 0.5 52 0.6 55 0 65 0.9 77 0.6 
7787 50 0 66 0.4 83 0.9 
7984 15 0 19 0.8 21 0 44 0.3 74 1 80 0.4 82 1 86 0.4 99 1 
8001 18 0.7 23 0.6 88 0 
8047 56 0.9 61 0.5 70 0.4 73 1 84 0.3 93 0.8 
8115 4 0 12 0.6 15 0.4 19 0.6 20 0.4 39 0.8 44 0.6 58 0.7 70 0.6 83 1 
8116 53 1 59 0.8 72 0.4 85 0 
8217 0 0 1 0.6 4 0.9 8 0.3 31 0.7 32 0.8 83 0.3 86 0.6 91 0.8 
8247 13 0.8 42 0.6 53 0 55 0.9 74 1 
8300 18 1 33 0.6 41 0.4 43 0.6 70 0.9 73 0.9 84 0 92 0.6 
8345 74 0.9 
8386 80 0 
8427 23 0.3 84 0 
8474 1 0 5 0.3 16 0.5 22 0 25 0.4 26 0.4 35 0 45 0 92 0 
8491 7 0.5 17 0.6 27 0.9 48 0.3 72 0.5 87 1 88 0 99 0.9 
8501 4 0.4 5 0 13 1 32 0 35 0 62 0.7 70 0 
8607 51 0.9 66 0.3 92 0.7 
9009 0 1 15 0.5 31 0.6 99 0.4 
9061 4 0.8 12 1 13 0.3 20 0.8 88 0.5 
9124 39 0 40 0 50 0.4 62 0.8 68 0.6 69 0.8 77 0.3 81 0 94 0.6 99 0.9 
9157 19 1 22 1 32 0.4 45 0 99 0.3 
9229 7 0.3 12 0.3 47 0.7 55 0.9 68 0 77 0 80 1 96 0 
9434 3 0.7 7 0.7 9 0.4 24 0.7 49 0.9 57 0.6 60 0.4 
9474 4 0.3 26 0 36 0.5 51 0.8 89 0 94 0 
9788 27 0.7 41 0 45 0.6 55 0.3 57 0.6 63 0.8 94 1 97 0.4 
9800 17 0.6 18 0.3 27 0 37 1 87 0.6 96 0 
