100
1 69 0.4 
4 2 1 7 0.6 18 0.4 22 0 30 0 36 0 57 0.7 68 0.4 
57 22 0.4 28 0.6 44 0 55 0 69 0.4 74 1 77 0 
151 15 0.7 95 0 
187 52 0.7 61 0 76 0.3 98 0.3 
299 29 0.8 35 0.3 36 0.5 83 0.8 
345 2 1 16 0 33 0.8 42 0 43 1 62 0.4 83 1 94 0.4 
355 4 0.3 5 0 14 0 29 1 42 0.5 56 0 60 0 73 1 77 0 
410 6 0.6 12 0.7 18 0.7 45 0.5 62 0.8 77 0 94 0.7 95 0 97 0.9 
431 43 0.8 
490 3 0.6 22 0.7 40 0.4 66 0.5 86 0.7 
640 10 0.3 64 1 71 0 
795 64 0 
1031 80 0.8 
1085 42 0.7 48 0 54 0.9 57 1 65 0.7 67 0 73 0.4 93 0 
1087 19 0.6 68 1 83 0.5 
1174 98 0 
1191 25 0.5 
1204 0 0 8 0 15 0 49 0.8 58 0 60 0.9 67 0.5 74 0.6 84 0.4 98 0.5 
1466 66 1 
1611 27 0.7 85 0.5 
1671 70 0 
1732 4 0.3 23 1 31 0.6 52 0.4 97 0.7 
1828 1 0 10 0 27 0 42 1 87 0.8 92 0.7 
2164 2 1 30 0.8 59 0.9 69 1 70 0.3 73 0.5 91 0.9 98 0 
2169 51 0.8 
2280 88 0 
2603 1 0.3 19 0.5 38 0.9 58 0 65 0 77 0 89 0.8 
2977 22 0.9 40 0 61 0.4 76 0 92 0 
3003 2 0.5 
3083 48 0.4 85 0 89 0 
3244 9 0.8 27 0.6 45 0 79 0.3 87 1 90 0 
3390 22 0 27 0.6 33 1 44 0 81 0 90 0 
3467 10 0 69 0.9 93 0.4 94 0 
3516 12 0.3 13 0.8 21 0 42 0 59 0.5 60 0.5 68 1 69 0.3 79 0.8 98 0.4 
3775 12 0.6 21 0 32 0.5 65 0 87 0.6 89 0.8 90 0.6 96 0.8 
3800 58 0 
3909 9 0 23 0.3 32 0 33 0.7 79 0.5 
4049 52 0.7 85 0 88 0.7 
4196 4 0.7 23 0.8 26 0.3 65 0.5 82 0 85 1 88 0 93 0.4 94 0.3 
4692 11 0.9 30 0.7 69 0.5 90 0 
4728 15 0.8 19 0.9 43 0 86 0 96 0.7 
4743 68 0.4 
4767 14 0 38 0.8 64 0.3 98 0.7 
4840 9 0.4 22 0.4 43 0.8 71 1 
5319 95 0 
5386 0 0.4 10 0.5 19 0.4 22 0.4 31 0.4 37 0.4 60 0.8 69 0.9 76 1 
5425 3 0.7 9 0.4 32 0.8 62 0.7 76 0.4 84 1 98 0.4 
5434 15 1 37 0 44 0 86 0 89 0 93 0.6 
5446 1 0 7 1 13 0.3 34 0.7 35 0.5 56 0 62 0.6 74 0 83 0.8 91 0 
5460 21 1 
5535 37 0.4 51 1 
5588 20 0.9 51 0.7 58 0.3 61 0.9 77 0.7 84 0.5 85 0.7 88 0.6 
5607 34 0 35 0.8 63 0.6 76 0.9 
5654 0 0 17 1 41 0.9 42 1 48 0 56 0.6 70 0.7 77 0.8 94 0 98 0 
5744 9 0.5 30 0.3 35 0.7 44 0.3 48 1 54 0.5 60 0.6 68 0 81 0.7 86 0.8 
5751 5 0.3 13 0.7 25 1 55 0 69 0 88 0 90 0.4 
5793 7 0.8 38 0.5 42 0.7 48 0.8 56 0.9 
5818 1 0.9 48 0.9 77 0.8 91 0 
6055 21 0.7 23 0 38 0.8 45 0.4 46 0 58 0 66 0.9 73 0.9 76 0 88 0.8 
6187 3 0 37 0.8 40 0.8 53 0.7 69 0.8 75 0.4 90 0.6 91 0.8 
6679 9 0.7 20 0 58 0 70 0 
6993 16 0.4 17 0 44 0.9 47 0.9 48 0.4 52 0 61 0 67 0.3 85 0 
7004 25 0 93 0.6 
7110 6 0.9 13 0.6 38 0.7 45 0.4 46 0 58 0.9 96 0.5 
7151 2 0.7 5 0.9 19 0 65 0.6 72 0.4 91 0.3 93 0.3 
7176 50 1 87 1 96 0 
7180 52 0 60 0.4 64 0 74 0.9 81 0.5 
7229 31 0.8 35 0 76 0 98 0.3 
7251 17 0.7 27 0 35 0 53 0.4 78 0 89 0 
7359 24 0.7 47 0 57 0.5 62 0.8 69 0.3 79 0.6 83 0.6 86 0.9 
7382 5 0.8 13 0 16 0 52 0.5 59 0.9 71 0.7 74 0.7 79 0 81 1 90 0 
7392 9 0.7 12 1 20 0.8 29 0 39 0.9 52 0.8 78 0 80 0 91 0.9 
7537 2 0 3 0 
7620 8 0.3 22 1 36 0.4 45 0.8 80 0 86 0.9 93 0 
7642 20 0 27 0.5 28 1 30 0.5 38 0 59 1 68 0 77 0.4 87 0.9 88 0.6 
7825 45 1 68 0.3 81 0 89 0.4 95 0.7 99 0.9 
7923 8 0 22 0.4 37 0.9 62 0.3 
8195 6 0.9 15 0.4 31 0 38 0.8 67 0.6 73 0.5 85 0 89 0.5 90 0.7 95 0 
8202 92 0.9 
8257 2 0 3 0.8 22 0.9 56 0 65 0.5 66 0.9 70 1 79 0 
8258 4 0.8 17 0 44 0.9 45 0.5 65 0.4 72 0.3 76 0.6 78 0 87 0.9 
8312 26 0.3 44 0 48 0.7 72 0.9 91 0.3 
8366 16 0.4 54 0.7 63 0 
8423 38 0.7 81 1 97 0.9 98 0 
8472 23 0.6 33 0.8 34 0.3 48 0.5 55 0.6 58 0 67 0.6 89 0.8 90 0.8 
8535 4 0 26 0.9 27 0.8 30 0 40 0.4 70 0.3 81 0.6 94 0 
8543 2 0 16 0 76 0.6 79 0.3 84 0 96 0 
8724 16 0.9 62 0.7 94 1 
8736 16 0 21 0.9 29 0.7 43 0.4 50 0.4 70 0.4 83 1 87 0.6 
8782 39 0.6 47 0.8 76 0.5 82 1 90 0.3 94 0.6 99 0 
8833 9 1 25 0.7 26 0.7 51 0.6 59 0 64 0.4 76 0 88 1 
8837 2 0.5 
8871 24 0 28 0.7 37 0.7 38 0.9 61 0.5 79 1 85 1 88 0 
8959 6 0 10 0 16 0 36 1 46 0 84 0.6 94 1 
9173 0 0 39 0.9 49 1 56 0 
9601 6 0.9 17 0 36 0.5 37 0.9 64 0.7 65 0.8 67 0 75 1 81 0 
9742 10 0 19 0.7 32 0.6 50 0.4 68 0 72 0.6 89 0 
9799 12 0.4 33 1 37 0.3 49 0 50 0.3 61 0.4 75 0.3 96 1 
9858 8 0.7 33 0.9 34 0 53 1 93 0.5 
