100
43 6 0 20 1 26 0 35 1 41 0 53 0.9 77 0.7 84 0.5 86 0.4 
153 2 1 19 0.3 80 0.3 88 0.3 
192 16 0 29 0.6 35 0 46 0.9 73 0.5 93 0.8 
250 14 0.7 85 0.6 91 0.3 97 0.5 
497 24 0 32 0 55 0.3 59 0 69 0.3 76 0.5 77 0 84 0.5 99 1 
506 0 0 10 0 18 0 39 0.5 64 0.6 81 0.6 90 1 
534 44 0 
540 4 0.5 5 0 27 1 34 0.8 45 1 87 0.9 92 0.6 93 0.5 94 0.8 99 0.9 
597 12 1 33 1 
620 36 0.7 
640 10 0.6 64 0.5 71 1 
692 70 0 72 0.9 73 0 80 0.7 85 0.8 89 0.6 96 1 99 0.8 
720 0 0.3 2 0.4 6 0 38 0.6 50 0 71 0 93 0.9 99 0.9 
722 0 0 5 0.4 6 0.4 7 0.6 28 0.3 31 0.3 34 0.7 53 0 54 0.9 
788 38 0 52 0 75 0 
967 9 0.8 17 1 23 0.4 32 0.6 41 0.7 46 0.6 
998 10 0 23 0.7 38 0.9 62 1 63 0 86 0.6 
1005 1 0.7 22 0 29 0 31 0.9 44 0.5 51 0.5 58 0.4 66 0.6 74 0.3 90 0 
1048 29 0 32 1 37 0.6 39 0.6 
1156 14 0.6 18 0.9 23 0.6 47 0.5 53 0.7 93 0 95 1 
1397 15 0.7 24 0.6 45 0.6 63 0.4 73 0.7 85 1 94 0 97 1 
1416 7 0.5 47 1 48 0 64 0 98 0.3 
1520 78 0 81 0 84 0.7 85 1 91 0.3 
1768 7 0.9 12 0 14 0.8 33 0.7 46 0 52 0.3 74 0.4 88 1 96 0.5 
1884 51 1 57 0 63 0.9 65 0.5 69 0 74 0.7 77 0 78 0.6 89 0.3 93 0.4 
1919 3 0 19 0 26 0 40 0 45 0.6 60 0.3 61 0 
1937 10 1 24 0 67 0.5 73 0 80 0.8 
1997 42 1 60 0 
2012 2 0.5 7 0.8 8 0 25 0.4 28 0 58 0.4 63 0.9 89 0.9 
2125 13 0.3 33 0.3 55 0.7 76 1 83 1 
2629 11 0.5 27 0.7 46 1 75 0.6 85 1 89 0 97 0 
2658 35 0.8 40 0.5 46 0.3 52 0.5 92 0.9 94 0 
2733 3 0.8 54 0.3 79 0.3 81 0.3 82 0.4 88 0 
2767 6 1 10 0.9 17 1 37 0.6 41 0.7 44 0.6 52 0 56 1 70 0.7 76 0.5 
2768 22 0.6 32 0.8 52 0 98 0.6 
2817 22 0.9 24 0 32 0 35 0.8 54 0 56 0.4 58 0.9 69 0.4 77 0.7 88 0 
3090 2 0.5 23 0 32 0.9 67 0.6 83 0 86 0 
3131 37 0.6 43 0.7 
3178 64 1 84 0.6 
3260 2 0 5 0.4 16 1 23 0.4 27 0.7 42 0.6 54 0 60 0 94 0 
3297 51 0.3 67 0.6 72 0.4 
3528 10 0.8 14 0 18 0.6 31 0.4 44 0.4 51 0.8 77 0.5 89 0.7 
3548 4 0.3 26 0.3 39 1 59 0 96 0.8 
3688 31 0.5 41 0 66 0.5 97 0 
3810 27 0 40 0.8 54 0.9 97 0.5 
3816 0 0.7 5 1 20 0 44 0.9 69 0.5 78 0.8 95 0.6 96 1 
3846 2 0.7 33 1 46 0.5 54 0.3 55 0 57 0.4 92 0.4 95 0.9 
3892 18 1 65 1 68 0.7 88 0.5 92 0.3 93 0.8 94 0.4 99 0.8 
4056 8 0.3 15 0.5 32 0.6 50 0 58 0 77 0.5 94 0.4 
4177 0 0.8 92 0.6 93 0.9 
4221 10 0.8 63 0.5 82 0 
4323 15 0.7 42 0.8 63 0 79 0.6 86 1 93 0.6 94 0.3 95 0.9 97 0 
4395 34 0.5 44 0.4 50 0.9 56 0 
4421 8 0.9 37 0 47 0.9 53 0 58 0.6 60 0.5 62 0 65 0 92 0.5 98 0.7 
4741 31 0.6 44 0.6 56 0.5 
4811 29 0 32 0.9 
4842 10 0.6 47 0.5 71 0.7 91 0.7 
5164 1 0.8 27 0.3 64 0 
5238 1 0 2 0 5 0.5 65 1 
5338 0 0.8 20 0 33 0 57 0.3 74 0.8 89 1 
5833 16 0 25 0.7 67 0.9 72 0 96 1 
5938 2 0.9 15 0 19 0.5 85 0.8 
5956 27 0.4 
6351 39 0 44 0 46 0.9 54 1 75 0 78 0 80 0 83 0.8 96 0.5 
6425 2 0 40 0 69 0.3 87 0.8 96 0.4 
6467 89 0 
6480 24 0.4 52 0.8 56 1 71 0.9 
6566 23 0.9 40 0 41 0.7 43 0 73 0.7 
6850 10 0.8 34 0 87 0.5 95 1 
6915 21 0.8 61 0.4 84 0.7 86 1 96 0 
6956 29 0.7 45 0 47 0.6 85 0 90 0.7 
7160 19 0.9 
7201 27 1 
7257 3 0.5 23 0.3 51 0 52 0 97 0 
7260 9 0 34 0.6 39 0.4 51 0.9 62 0 73 0 84 0.8 85 1 97 0 
7264 3 1 11 0.4 23 0 55 0.4 69 0.6 80 1 87 0 99 0 
7288 34 0.9 36 0.5 38 0.7 42 0 49 0.8 76 0.8 79 0 89 1 96 0 
7452 27 0.3 34 0.7 46 0.8 48 0.3 49 0.8 50 0 59 0.7 68 0.8 72 0.6 
7584 5 0.4 67 0.9 89 0 91 0.7 
7625 32 0.5 54 0 65 0.3 
7651 75 0.5 
7722 5 0.3 8 0.8 9 0.5 16 0.4 51 0 59 0.7 60 0.9 95 0.6 
7898 35 0 53 0.5 59 0 66 0.4 72 1 79 1 87 0.5 89 0.6 96 0.6 98 1 
7911 15 0.8 25 0 48 0.4 49 0.9 59 0.9 65 1 66 0.5 69 0.8 78 0.9 96 0.8 
8088 14 0.4 28 0.5 77 0.5 
8132 37 0.5 74 0 
8163 1 0.6 17 0.8 33 0 96 0.6 
8210 15 0 20 0.4 45 0 
8270 36 0.6 37 0.8 45 0.8 54 0.6 64 0 69 0.5 94 0.6 97 1 
8326 46 0.9 58 0 
8435 37 1 75 0.7 
9091 0 0.6 23 0 54 0 64 0.8 65 1 77 1 78 0.8 
9223 11 0.3 41 0.6 44 0.4 63 0.5 75 0.7 93 1 99 0.9 
9364 11 0.6 32 1 37 0.4 79 0 80 0.3 81 0.3 82 0.6 83 0.6 90 1 96 0.9 
9493 5 0 16 0.5 23 0.9 38 0.9 42 1 61 0.5 67 0.8 70 1 
9581 6 0.9 26 0.9 28 0 45 0.4 55 0.4 80 0.8 84 0 
9719 48 0.8 83 0.4 
9784 3 0.5 10 0.6 12 0 23 0.4 49 0.7 50 0 62 0 83 0.8 86 0.9 98 0.7 
9914 19 0 42 0.9 43 0.5 46 0.7 52 0.7 54 0.3 62 0.8 67 0.6 70 0.8 78 0.9 
9980 19 0.5 27 0 28 0.6 29 0.6 32 0.5 48 1 57 0.4 61 0.6 64 0.4 95 0.5 
