100
86 45 0.6 50 1 56 0 57 0.3 58 0 78 0.3 
89 56 0.6 96 0.9 97 0.9 
173 78 0 
201 0 0 20 0.8 48 0.6 52 0.5 59 0.5 61 0 81 0.9 
431 43 0.8 
513 1 0 20 0 27 0.9 65 0.6 72 0.9 77 0.8 94 0 99 0 
587 10 0.3 29 0 31 0.7 37 0.4 50 0.4 58 0.3 80 1 
590 4 0.8 
637 2 0 13 0.7 35 0.9 45 0 59 0.3 65 0.6 98 0 
768 14 0.7 16 0.5 33 0.4 34 0.3 38 1 74 0.5 79 0 
791 3 0.5 8 0 66 0 86 0 88 1 
808 6 0.8 21 0.3 45 0.9 52 1 62 0 63 0.6 75 0.3 94 0 
844 41 0 99 0.8 
952 7 0 20 0 23 0.7 35 0.7 39 0.9 41 0 58 0.6 67 0.5 81 0 84 0.4 
1146 18 0.9 43 0.9 55 0.6 81 0.9 
1318 41 0.9 
1335 28 0 46 0.4 47 0.4 76 0 
1618 6 0 10 0.9 11 0 24 0 41 0 51 0 60 0.4 64 0.6 73 0 96 0.4 
1736 1 0.3 4 0.5 7 0.3 9 0.7 18 0 25 0.8 30 0.8 40 0.5 72 0.6 97 0.3 
1882 12 0.7 38 0.8 64 0.9 93 0.6 
1992 25 0 37 0 
2168 6 0 15 0.8 32 0 52 0.5 65 0.6 
2242 17 0 23 0 26 0.4 59 0.7 94 0.6 
2267 29 0.5 51 0.7 
2427 90 0.5 
2483 28 0.4 40 0.6 62 0.4 80 0.7 97 1 
2539 12 0.4 13 0.3 19 0.7 22 0.8 93 0.7 97 0 
2555 12 0 24 0 41 1 43 0.5 46 0.9 50 0.8 65 0.8 68 1 96 0.4 
2596 0 0 6 0.9 9 0 14 0.3 18 1 34 0 40 0 65 0 70 0.4 72 0.6 
2618 8 0.5 
2724 1 0.5 14 1 23 0.8 39 0 62 0 75 0 94 0.8 
2798 4 0 12 0 13 0.7 19 0 53 0 60 0.9 66 0.7 94 0.3 
2904 5 0.5 37 0 47 0.5 74 0.9 83 0.4 84 0.8 98 0 
2905 5 0.5 96 0 
3115 10 0.6 67 0 
3216 62 0 67 0 69 0.8 70 0.8 89 0.9 91 0.7 97 0.4 
3415 13 0 14 1 37 0.6 68 0 78 0.9 82 1 
3622 34 0 
3681 40 1 
3707 35 0.5 46 0.6 64 0.6 66 0.4 70 0.9 72 0 90 0.7 
3873 6 0.9 22 0.9 62 0.5 66 0 86 0.8 94 0.8 
4099 14 0 16 0 33 0.8 34 0.9 38 0.3 62 0 63 0.9 69 0.5 89 0 
4247 1 0 15 0.5 16 0 29 0 35 0 36 0.6 42 1 59 0.4 63 0.5 
4318 6 0.3 9 0.7 14 0.4 18 1 54 0.4 60 0.6 72 0 87 0.7 
4322 13 0.4 19 0.9 23 0.3 28 0.5 36 1 39 0.4 
4429 92 0.3 
4443 27 0.8 28 0.8 42 0.7 52 0.9 53 1 55 0.5 64 0.6 68 0.4 81 0 89 0.7 
4515 9 0.8 32 0 77 0.4 78 0.9 
4626 62 0 
4650 21 1 25 0.8 82 0.8 
4671 13 0 32 0.3 42 0.8 48 0.7 58 0 66 0 
4682 0 0 2 0 9 0 13 0.5 16 0.5 43 0 75 0.9 94 0.6 
4690 53 0.9 90 0.8 92 0.3 
4736 1 0.7 15 0.4 18 0 29 0 35 0.8 61 0.4 71 0 
4762 2 0 3 0.4 4 0.7 29 0.8 59 0.8 77 0.4 87 0.4 88 0.4 94 0.7 
4978 3 0 14 0 26 0.9 43 0 47 0 48 0 60 0.3 68 0.7 75 0.3 81 1 
5270 31 0.7 
5447 8 0 78 0.7 87 0 
5462 13 0.7 17 0 33 0.7 37 0.6 48 0.8 53 0.3 56 0.6 70 0.3 71 1 77 0 
5471 23 0 55 0 78 0.7 95 0.7 
5674 8 0 29 1 34 0.7 48 0.3 61 0 67 0.4 77 0.7 
5676 3 0.8 23 0.3 62 0.3 91 0 95 0.3 96 0.6 98 0 
5791 2 0 13 0.7 25 0.9 44 0.3 57 0.6 63 0.3 67 0.4 71 0 91 0.6 96 0.4 
6010 5 0.6 18 1 31 0 34 0.5 39 0.3 42 0.5 70 0 90 0 
6038 1 0.5 21 0.6 42 0.6 82 0.9 91 0.8 
6083 1 0 
6136 24 1 34 0.3 60 0 66 0.8 
6220 41 1 51 0.4 60 0.8 79 0 83 0 85 0.5 
6539 26 0 36 0 52 0.4 56 0.3 87 0.9 
6553 40 0.7 55 0.8 81 0 
6562 27 0.4 36 0.3 56 0 83 0.4 87 0.6 90 0 91 0.8 95 0.3 
6699 3 0 57 0.5 59 0.5 
6888 64 0.8 
7112 0 0 3 0.7 67 1 79 0 90 0.5 
7260 9 0 34 0.9 39 0.8 51 0 62 0 73 1 84 0.8 85 0 97 0.3 
7306 24 0 31 0 37 0 54 0.8 66 0.3 68 0.5 81 0.4 87 0 
7309 41 0.8 83 0 
7328 4 0 27 0 28 0.9 33 0.7 47 0.9 62 0.6 65 0.6 87 0 96 0.6 
7354 42 0 44 0.4 60 0.9 64 1 65 0.4 67 0 71 0 74 0.8 87 0.7 91 0 
7399 2 0 6 0.6 22 0 29 0.7 54 0 63 1 89 0.9 97 0.4 
7441 20 0.3 23 0.5 39 0.6 54 0 66 0.7 74 0 76 0.3 87 1 98 0.9 99 0.9 
7448 3 0.6 9 0 12 0 14 0.9 22 0.3 38 0.9 58 1 79 1 97 0 
7568 15 0.8 27 0 61 0 96 0.7 
7607 46 0 59 0 65 0.5 96 0.7 
7836 13 0.8 15 1 22 0.5 39 0.8 42 1 65 0 73 0.5 77 0.7 90 0.6 
8160 24 0.3 39 0.5 83 0 84 0.4 86 0 
8227 24 0.3 38 0 45 0.8 56 0.4 73 0 83 0.3 84 0.8 97 0.6 
8299 23 0.6 24 0.9 35 0 51 0 54 0.8 55 0.8 57 0.5 77 0.5 84 0.9 96 0 
8303 78 0.4 87 0 
8333 5 0.9 9 0.9 24 0 29 0 34 0.8 39 0 51 0.7 71 1 84 0.6 91 0.6 
8469 11 0.4 
8722 56 0.4 58 0.8 63 0.9 97 1 
8843 1 0.6 6 0.8 25 0.6 32 0.8 63 0.9 72 0.7 75 0.9 89 0.8 
8978 25 0.7 32 0.7 53 0 68 0 71 0.6 93 0 97 0 
9026 5 0.4 6 0.8 10 1 12 0.7 44 0.6 56 0.6 61 0.6 68 0 88 0.3 
9084 13 0 17 0.6 25 0.9 27 0.7 47 0.4 58 0.8 67 1 
9283 39 0.6 68 0.9 90 0.8 92 1 97 0 
9338 17 0.4 
9544 5 0.8 10 0 23 0 51 0 59 1 85 0 94 0.7 98 0.4 
9954 27 0.9 
