100
117 1 0.3 19 1 47 0.8 70 0 77 0 83 0.9 88 1 96 1 97 0.8 
146 8 0.8 39 0.6 61 0 75 0 91 0.5 
183 4 1 28 0 29 0 30 0.8 45 0.4 61 0.4 74 0 77 0 80 0.6 91 0.5 
718 8 0.7 17 0.7 26 0.7 43 0 74 0.7 79 0.9 
758 34 0 48 0.8 60 1 
766 3 0.6 22 0 45 0.6 60 0 69 0 70 0.6 78 1 84 0 94 0.7 
768 14 0.7 16 0.3 33 0.3 34 0.9 38 1 74 0 79 0.7 
842 0 1 4 0.3 28 0.5 46 0.8 83 0.9 87 0.3 98 0.5 
854 1 0.9 8 0.3 25 0.7 26 0.5 37 0.8 51 0 74 0 89 0.3 
890 10 0 38 1 40 0.8 42 0 46 0.5 52 0 62 0 67 1 72 0.7 81 0.7 
927 13 0.3 17 0.3 41 0 46 0.7 47 0.9 48 0.6 53 0.8 65 0.5 77 0 96 0.7 
1092 28 0.8 30 0.7 33 0 46 0.3 
1095 14 0.3 16 0 26 0.4 83 0.8 
1104 6 0.9 17 1 54 0.4 95 0.5 
1249 50 0.8 52 0.3 
1267 0 0 18 0 29 0 34 0.6 57 0.3 63 0.6 88 0 
1348 4 0.5 11 0.4 18 0.4 23 0.3 59 0.7 76 0 85 1 95 0.9 
1395 27 0.8 47 0.9 57 0.3 60 0.8 87 0.9 88 0 90 1 96 0 
1442 0 0.8 3 0.5 19 0 25 0.9 27 1 28 0.3 39 0 52 0.9 74 0 
1471 65 1 72 0.7 96 0.8 
1883 5 1 7 0 13 0.5 14 0.5 45 1 46 0.3 61 0 69 0 72 0.4 
1994 95 0 
2020 22 1 63 0.3 97 0 
2054 36 0.7 58 0.5 78 0 
2132 9 0 16 0 32 0 56 1 61 1 65 0 80 0.9 81 0.5 87 0 
2196 77 0 
2211 15 0 94 0.5 
2410 10 0.7 14 0.6 51 0 
2454 8 0.3 10 0.8 17 1 42 0.9 51 0 56 0.9 65 0 73 0.6 81 0.5 91 0.7 
2480 43 0 
2497 7 0.7 8 0.8 20 0 21 0 25 0 28 0.3 49 0 71 0.4 94 0 98 1 
2518 15 0.8 24 0.6 31 1 81 0.4 86 0.5 98 0 
2687 0 0.8 27 0.4 34 0.9 66 0.5 
2715 8 1 26 0.5 54 0.5 58 0 98 0 
2749 10 0.7 60 0 68 0.3 
2857 84 0.7 96 0.5 
2964 7 0 10 0.9 74 0.8 92 0.4 95 0 
3186 9 1 23 0.3 46 1 51 0 54 0.8 96 0.8 
3414 1 0 9 0 25 0.4 28 0.6 36 0.4 56 0 69 0.4 86 0.6 
3676 15 0.5 21 0.7 97 0 
3960 4 0.3 15 1 41 0.6 51 1 53 0.4 60 0 65 0.7 86 0.9 97 0.4 
3962 74 0.7 
4012 0 0.9 9 0.9 11 0.9 18 0.8 22 0 23 0 47 0.6 77 0.4 78 0.5 87 0.9 
4116 8 0 16 0 70 1 77 0 
4145 10 0.3 19 0.3 30 0 70 0.5 81 0.6 83 0.7 97 0.6 
4382 11 0 27 0.7 34 0.4 51 0 69 0.7 70 0.7 
4458 36 0.3 40 0.9 52 0.4 64 0.3 
4627 4 0.7 15 0.6 43 0.7 48 0 77 0 81 1 82 0.7 91 0.4 
4780 36 0 40 0.4 61 0.5 68 0.3 91 0.9 94 0.6 
4817 45 0 
4900 0 0.9 5 0.5 14 0 29 0.8 31 0 33 0.6 34 0.9 39 0.9 97 0.4 
4922 20 0.4 79 0.7 90 0 
5134 5 0.3 10 0 14 0.9 31 0 49 1 63 0.6 74 0.7 83 0 88 0 94 0.4 
5252 6 0 19 1 60 0 
5279 33 0.5 
5320 1 0 10 0 22 0.4 37 0.6 45 0 57 0 71 0.6 79 0.8 80 0.9 82 0.5 
5362 12 0.8 23 0 25 0.8 35 0.4 40 1 44 0.9 46 0 82 1 94 0.4 
5459 10 0 43 1 56 0.5 58 0.9 76 0 
5475 30 0 94 0.9 
5576 9 0.6 20 0.4 48 0.9 49 0.8 55 0.3 60 0.8 65 0.5 
5737 14 1 17 0.9 25 0.4 33 0.4 42 0.9 43 0 
5795 16 0.8 31 0.5 68 0.3 69 0.7 85 0 
5823 95 0 96 0 
6131 8 0.3 14 1 23 0.6 36 0 44 0 64 0.7 98 0.5 
6240 78 0 
6717 9 0 18 0 22 0 27 0.5 34 0.9 39 0 61 0 69 0.8 88 0.6 
6822 18 0.4 22 0 47 0.5 53 0.7 54 0.3 56 0.3 79 0.8 99 1 
6946 74 0.9 95 0 
7009 77 0 
7070 4 0 13 0 15 0 17 0.7 27 0.6 41 0.5 84 0 
7090 1 0 9 0 81 0.9 
7224 11 0 46 0.6 
7601 5 1 
7690 10 0.3 16 0.3 27 0 56 0 75 0.7 
7767 2 0 4 0 14 0 25 0.6 64 0.5 94 1 98 0 99 0.4 
7913 1 0.8 45 0.9 75 0.9 
8066 6 0.8 8 0.6 18 0.6 25 0.6 61 1 62 1 71 0 95 0.5 96 1 
8069 0 0.9 21 0 48 1 50 0.7 68 0.3 89 0.4 
8102 18 0 22 0.7 90 0 
8112 1 0.5 14 0.6 15 0.3 46 0 72 0.9 76 0.5 78 0.7 81 0.7 90 0 
8118 19 0.7 26 1 37 0 38 0 66 1 73 1 
8292 6 0.6 36 0 64 0.4 66 0 71 0 
8294 13 0.4 21 0.8 23 0.8 27 0 44 0.6 57 0 65 0 66 0.9 74 0.4 85 0 
8459 1 0.8 28 0.6 38 0.4 41 0 56 0.3 59 0.4 67 0.8 79 0.4 85 0.8 89 0.7 
8603 33 0 69 0 
8734 10 0.7 18 0.6 26 0.7 40 0.5 71 0.7 73 0 83 0.6 85 0.9 87 0.3 
8775 0 0.5 6 1 11 0 16 0.4 18 0 47 0 62 0.3 91 0 92 0.4 
8836 5 0 16 0 56 0.4 86 0 
8852 75 0 
8996 19 0.7 21 0.5 22 0.4 25 0 26 0 50 0 56 0.8 68 0 93 0 
9210 10 0.7 25 0.5 47 0 60 0.5 66 0.6 86 0.9 
9240 68 0 
9274 12 0.7 25 0 31 0 64 0.3 87 0.4 
9397 8 0.5 15 0.8 25 0 44 0 53 0.9 57 0 
9418 11 0.3 
9432 67 0.3 68 0 
9494 7 0.8 20 0.6 41 0.9 51 0 68 0.8 
9625 33 0 41 0.3 49 1 79 0 
9647 1 0.9 7 1 19 0.9 51 0 59 0 63 0.9 83 0 87 0 94 0.9 
9802 85 0.9 
