100
144 3 0.5 13 0.9 15 0.4 37 0.5 65 0.3 82 0.4 
176 40 0.3 
214 17 1 77 0.8 94 0 
239 19 0.7 51 0.6 
481 11 1 21 0.4 34 0.7 41 1 60 1 
571 16 0 32 0.4 33 0.7 69 1 
826 11 0.5 14 0.6 29 0.7 31 0.9 55 1 75 0.6 80 0.9 84 1 96 0.6 
859 4 0.9 22 0.3 75 1 76 1 
936 4 1 7 0 9 0 23 0 50 0.5 66 0 86 0.9 95 0.8 
1071 8 0.9 9 1 17 0 33 1 64 0.8 72 0.7 
1199 7 0.7 20 1 24 1 25 0 51 0.3 76 0.8 
1255 15 0 21 0.6 22 0.5 34 1 75 0.9 84 1 
1281 4 1 17 0 23 0.4 48 0.8 65 1 69 0.5 72 0.4 83 0.5 90 0 
1296 16 0.9 39 0.5 84 0.3 
1355 3 0.9 24 0 26 0.6 47 1 72 0.7 73 0.5 
1399 11 1 28 0.9 39 0.6 49 0.9 50 0 65 0.3 67 0.6 
1487 2 0.5 5 1 14 0.9 36 0 50 0.3 55 0 57 0 74 0 82 0 97 0.4 
1600 2 0.6 
1700 14 0 50 0.4 52 0.9 58 0 75 0.7 76 0.7 81 0.9 92 0.6 97 0.4 
1730 16 1 52 0 94 0 
1748 1 0.7 11 0 12 0.7 30 0.8 50 0 51 1 67 0 76 0.4 84 0.5 88 0 
1849 1 0.8 7 0.3 21 1 34 0.9 35 0.4 57 0.5 71 0.4 72 1 74 0.5 82 0.4 
1889 80 1 
1961 25 0.3 40 1 63 0.6 66 0.7 
2117 49 0.8 53 0.5 
2292 29 1 53 1 78 0.7 90 0.3 92 0.9 93 0 95 1 
2391 7 0.9 
2532 11 0.6 13 0 61 0 62 0.8 78 0.9 96 0 97 0.3 
2656 3 0.3 5 0 41 1 48 0.6 55 0.6 65 0.9 85 0 99 0.4 
2657 1 0.7 5 1 74 0.5 77 0.5 88 0.5 
2866 2 0.3 19 0.8 42 0.3 53 0.4 61 0.6 64 0.3 71 0 80 1 
3057 3 0.3 28 0.9 39 0.4 52 0.9 66 0 73 0.3 
3160 32 0.5 48 0.3 58 0.5 65 0.3 
3243 58 0.8 73 0.7 95 0 
3349 56 0.8 89 0.9 
3384 40 0 43 0.3 48 0.4 78 0 
3560 27 0.5 47 0.8 66 0.5 
3667 32 0 97 1 
4043 31 0.8 74 0.9 94 0.8 
4071 10 0.5 20 0.3 61 0.3 89 0.8 
4195 5 0.6 6 0.4 84 0 
4327 0 0.7 14 1 15 0 62 0 71 0 77 0 87 0 97 0.5 
4356 7 0.3 29 0 87 0.4 
4477 0 0 4 1 37 1 56 0.8 65 0 66 0.9 87 0.5 89 0.3 91 0 97 0 
4581 30 0.7 40 0.5 65 0.7 
4595 13 0.6 18 0.6 21 0 22 0.7 75 0.7 88 0.8 95 0.8 
4631 0 0 20 0 30 0.3 33 0 35 0.7 42 0.3 47 0 66 0.3 70 0.8 83 0.6 
4794 8 1 10 0.9 22 0 38 0.8 62 0.8 67 0.3 71 0.5 83 0.4 92 0.9 
4807 5 0.5 76 0 90 0.8 
4823 5 0.9 30 0.6 52 0.8 62 0.8 69 0.9 77 0 78 0.6 83 0.6 92 0.6 93 0 
4862 65 0 
4917 17 0 33 0.9 
4933 7 0 44 1 45 0.8 58 0.7 76 0.6 86 0.7 90 0.4 91 0.4 
5009 2 0.5 4 0.8 19 0 45 0.4 64 0.5 67 0.4 79 0 82 1 84 0.5 
5021 26 0.8 32 0.4 40 0.5 60 0.8 67 0.8 95 0 
5159 75 0 
5202 4 0 50 1 56 0 61 0.3 78 1 90 0 
5382 23 0.7 32 0.4 43 0.6 50 0.7 61 0.3 63 0 64 0.8 88 0.3 90 0 
5750 24 0.7 70 0 76 0 
5764 3 0.4 7 0.4 
5795 16 0.5 31 0 68 0.9 69 0.5 85 0 
5824 16 0.6 20 1 23 0.7 41 0 47 0.4 53 0 57 0 64 0.6 
5862 0 1 6 0.4 10 1 25 1 38 0.7 41 0.3 50 0.8 59 0 61 0.5 87 0 
5886 18 0.4 39 0 95 0.6 
6028 5 0.9 10 0.5 19 0.5 
6298 5 0 36 0.7 57 0.3 84 0.7 96 1 
6680 3 0.6 57 0.7 
6732 3 0.4 16 0.8 21 0 32 0.9 50 0 65 0.6 92 0 
6829 1 0.3 4 0.9 5 0 38 0.6 43 0 50 0.6 68 0 70 0.5 
7004 25 0.3 93 0.9 
7010 15 0.4 22 0.4 25 1 63 0.7 65 1 94 0.4 
7024 35 0.6 42 0.6 76 0.6 89 0.8 
7082 6 0 
7103 15 0.3 37 0.5 45 0.9 50 0.8 60 0 75 0.7 85 0.3 97 0.8 
7359 24 1 47 0 57 0 62 0.3 69 0.6 79 0 83 0.3 86 0.7 
7434 2 0.4 84 0.9 90 0.5 96 0.6 
7571 45 0.6 47 0.3 69 0.7 
7849 50 0 63 0.4 74 0 85 0.5 
7986 12 0.4 22 0 28 0.7 31 0.3 35 0 39 0.8 41 0 46 0.9 52 0.7 59 0.7 
8083 34 1 
8129 5 0.7 9 0.9 14 0.9 16 0 32 0.5 47 0 48 0.4 
8189 9 0 14 1 21 0 38 0.8 73 0.9 88 1 
8198 23 0.5 32 0.3 43 0.4 49 0.5 63 0.8 75 0 77 0 85 0 94 0.9 99 0.8 
8203 4 0.8 30 0.4 51 0 56 0 
8223 68 0.3 
8269 90 0.6 
8275 92 0.6 
8519 74 0.4 89 0.3 95 1 
8545 1 0.4 7 0 
8682 5 0.7 8 0.8 30 0 45 0 73 0.5 99 0.7 
8844 6 0.8 39 0.4 
8861 11 0.9 14 0.7 16 0.4 35 0.8 68 0.9 74 0 78 0.5 94 0 
8976 7 0.8 22 0.7 86 0.5 
9123 2 0.4 67 0.6 
9131 18 0 94 1 97 0.6 
9228 5 0.9 20 0.5 22 0.8 33 0.5 96 0.3 
9514 17 0.7 20 0.4 61 0.8 65 0 70 0 
9534 81 0.8 89 0.6 98 0.6 
9915 99 0.3 
9981 10 0.7 11 0.5 28 1 37 0.7 56 1 60 0.9 77 1 78 0.4 88 0.7 99 0.9 
