100
140 56 0.4 61 1 76 0.7 
142 23 0.9 63 0.4 69 0.7 
157 49 0 73 0.9 92 1 95 1 
296 1 0.3 10 0 12 0 17 0 29 1 40 0 59 0.7 67 0.8 71 0.7 
374 40 0 59 0.3 71 0.6 79 0 83 0.4 85 0.8 89 0 90 0.4 
382 4 0.6 17 0.6 28 0 30 0.5 44 0.4 55 0.6 87 1 99 0.3 
572 0 0.7 4 0.7 18 0.6 38 0.5 75 1 
603 1 0.9 96 0 
669 8 0.4 27 0 41 0.4 45 0 56 0 80 0 96 0.8 
777 20 0.7 27 0.5 48 0.9 52 0 58 0.7 69 0.8 72 0.5 75 0 98 0 
794 12 0.6 
826 11 0 14 0 29 0.4 31 0 55 0.8 75 0.9 80 0.7 84 1 96 1 
896 3 0.7 8 0.3 16 1 54 0.6 62 0 73 0 82 0.7 86 0 87 0.6 89 0.7 
1022 72 0.9 
1027 0 0 6 0.3 
1059 1 0.7 11 0.6 15 0.8 24 1 64 0 80 0.7 
1290 0 0.3 86 0.4 
1308 3 0.4 49 0.3 50 0.9 54 0.5 61 0.6 65 0.3 78 0.4 85 0.8 90 0 
1316 4 0 9 0.8 34 0.6 37 0.8 47 0 56 0.8 63 0.4 68 0.9 71 0.5 85 0.5 
1342 4 1 33 0.7 64 0.6 99 0.3 
1648 24 0 30 0.7 34 0.4 40 0.7 42 1 55 0.7 75 1 83 0.5 92 0.7 
1666 18 0.6 32 0.7 40 0.3 44 0.4 46 1 48 0.7 81 0 92 0.3 94 0.9 
1755 3 0.7 23 0 37 0.6 64 0.3 75 0.5 80 1 85 1 88 1 89 0.4 98 0.7 
1851 8 0.4 12 0 16 0.8 30 1 43 1 82 1 
1877 13 0 34 0.5 52 0.9 
2014 8 0.5 10 0 27 0.4 32 0.9 41 0.6 49 0.4 64 0.8 82 0 89 0 95 0.9 
2098 5 0.7 28 0.4 46 0.8 66 0 85 0.7 
2190 0 0 11 0.6 28 0.4 37 0.3 69 1 79 0 80 0.6 
2230 3 0.6 56 0.8 99 0.6 
2301 2 0 13 0.8 19 0.6 28 1 59 0.8 60 0.6 88 0 91 1 95 0.9 96 0 
2401 2 0.7 41 0.5 57 0.5 81 0.6 83 0.5 
2482 71 0.9 81 0.9 84 0.7 
2618 8 0.8 
2623 4 0 29 0.9 
2627 13 1 20 0.4 33 0.3 34 0.4 54 0.6 62 0 86 0.8 
2764 4 0.5 14 1 26 0.4 63 0.7 70 0.6 90 0.9 
2805 2 0.9 6 0.4 46 0.9 51 0.9 53 0.9 82 0 93 1 97 0 
2920 2 0.6 51 0.4 
2930 7 0.7 19 0 37 0.5 65 0.4 77 0.9 81 0.7 
3209 31 0.7 47 0 61 0.7 
3308 12 0 
3353 16 0.8 21 0 45 0.7 50 0 55 0 61 0 96 0.4 
3457 4 0.5 5 0.3 14 0.6 45 0 61 0 66 0 67 0.7 71 0.4 72 0.9 
3519 5 0 14 0 36 0 
3645 8 0.5 9 0.8 77 0 89 0.7 
3686 12 0.4 13 0.7 71 0 78 1 
3968 7 0.9 8 0 46 1 75 1 
3986 9 0 23 0.9 26 0 78 0.9 84 0.8 
4058 8 0.8 12 1 45 0.6 50 0.4 52 0.6 59 0.8 70 0.4 79 0 86 0.6 
4072 24 0.3 63 0.5 66 0.6 84 0.8 
4073 1 0.5 2 0.5 13 0 15 0.7 47 0.6 50 0.3 74 0.4 83 0 
4451 1 0.3 6 0.3 19 0 28 1 
4858 14 0.9 41 0.7 51 0.9 53 0 61 0.9 69 0 82 0 85 0.6 
4970 9 0.7 13 0 22 0.7 23 0.6 25 0 31 0 53 0.9 90 0 
5044 5 1 53 0 96 0.9 
5100 11 0.9 21 1 35 0 48 0.9 75 0.4 
5372 75 0 
5444 13 0 35 0.5 41 0.9 47 0.7 66 0.8 82 0.8 
5470 6 0.5 14 0 17 0 22 0.6 32 0 40 0 51 0.9 61 0.4 79 0.8 
5539 54 0.7 70 0.4 75 0.4 
5673 6 0.7 8 0.7 27 0.8 41 0.8 56 0 61 0 73 0.8 87 0 90 0.5 
5847 34 0 42 0 70 0 
5964 2 0.9 38 0.5 49 0 59 0.5 
6035 92 0.4 
6070 0 0 24 0.7 32 0.6 33 0 43 0.8 48 0 82 1 99 0.3 
6105 20 0 25 0 47 0 48 1 69 0.7 87 0.4 93 1 
6175 21 0.8 84 0 
6194 18 0.3 19 0.3 32 0 36 0 37 0 42 0.9 47 0.7 66 0.4 74 0.6 94 0 
6233 22 0 25 0.7 28 0.7 61 0 63 0 78 0.7 92 0.7 95 0 
6315 1 0.7 2 0 7 0.6 57 0.7 62 0.7 76 0.4 82 0.4 88 0.7 92 0 
6475 1 0 16 0.5 24 0.5 73 0.8 75 1 88 0.9 91 0.3 94 0.4 95 0 97 1 
6479 9 1 36 0.7 41 0.8 56 0.4 61 0.3 66 0.9 73 0 83 0.6 
6528 13 0.3 57 0 61 0.4 67 0 86 0.7 90 0.8 97 0.6 
6726 5 0.9 27 0.6 87 0.7 94 0.8 
7075 5 0.7 15 1 20 0 34 0.5 40 0.7 41 0.6 62 0.9 63 0.7 65 0 85 0 
7149 18 0 22 0.3 37 0.8 65 0.3 74 1 75 0.4 89 0.3 95 1 
7153 30 0.5 44 0.4 56 0.3 65 0 86 0.3 
7263 2 0.9 21 0.5 25 0.9 29 0.9 47 0 66 0.8 76 0.4 98 0 
7291 2 0.3 5 0.3 20 0.3 29 0.4 34 0.6 43 0.9 60 0.8 89 0.4 
7372 5 0.7 12 0.6 20 0.7 45 0 55 0 57 0.3 62 0.8 68 0.4 86 1 89 0.5 
7373 12 0.6 
7435 96 0.3 
7610 6 0.7 12 0.4 14 0.4 51 0 80 0 81 0 
8019 4 0.9 13 0.9 15 0.4 25 0 44 0 46 0 51 0.6 82 0.3 
8036 1 0 3 0.4 5 0.8 7 0.3 17 0.6 41 0 
8121 16 0.9 40 1 73 0.8 83 0.3 91 0.8 
8207 3 0.4 8 0 30 0.8 32 0 33 0.7 40 1 41 0 76 0.3 77 0.5 94 0.4 
8522 1 0.6 31 0.4 33 0.5 72 0.8 96 0.7 
8607 51 0.5 66 1 92 0 
8618 0 0.9 51 0.7 62 1 63 0.9 65 0.9 74 0.4 
8664 25 1 28 0.9 32 0.9 43 0.5 50 1 81 0.4 84 0 92 0.3 95 1 96 0 
8941 43 0.3 46 0.9 50 0.7 55 0.6 60 0.3 62 0 70 0 82 0.6 
9011 3 0 6 0.5 31 0.8 45 1 52 0.9 60 0.8 61 0 87 0 99 1 
9132 25 0.6 33 0 39 0.7 46 0.8 61 0.7 70 0.8 80 0.3 86 0.7 
9231 14 0 23 0.9 30 0.4 35 0.4 39 0.5 56 0.8 63 0.3 64 0 68 0 90 0.4 
9290 28 0.5 36 0.5 39 0 42 0.4 59 0 66 0.9 83 0 99 0.4 
9656 9 0.5 
9911 23 0.6 43 0.3 65 0 
9954 27 0.8 
9968 71 0 
