100
70 96 0.7 
209 2 0.9 23 0 27 0.5 57 0 
327 2 0 12 0 18 0.3 33 1 65 0.6 94 0.6 
328 25 0.3 56 0.5 
345 2 0.9 16 0.7 33 0 42 0.7 43 0.3 62 0.4 83 0.8 94 1 
432 1 0.4 14 0 29 0 32 0.6 78 0.5 80 0.4 85 0.3 87 0 92 1 
461 2 0.8 5 0.9 16 0.5 19 0.4 29 1 37 0.9 49 0 50 0 82 0.6 83 0.3 
497 24 0.7 32 0 55 0 59 0 69 0.8 76 0 77 0.3 84 0.4 99 1 
610 1 0 5 0.5 20 0 22 0.6 52 0.3 
682 19 0.6 81 0.9 87 0.7 91 0 
812 25 0 30 0.9 31 0.9 48 1 66 0.9 99 0.4 
959 13 0.4 49 0 86 0.4 
1057 16 0 33 0.6 35 0 37 0 40 0 49 0.4 50 0 59 0.9 76 0 99 1 
1172 25 0.8 
1592 67 0.9 
1627 48 0 69 0 70 0.5 76 0 84 0.7 89 0.4 90 0 
1755 3 0 23 0 37 0 64 0.3 75 0.7 80 0.7 85 0 88 0.7 89 0.7 98 0.5 
1756 11 0.8 42 0.7 52 0.9 60 1 80 0.6 89 1 93 0 98 0.6 
1812 6 0 12 0.5 58 1 59 0.4 65 0.9 69 0.5 77 0.9 84 0.5 85 0.5 97 0 
1820 3 0 6 1 8 0.9 27 0.7 33 0.8 34 0.5 92 0.3 93 0.3 97 0.5 99 0.4 
1990 1 0.4 9 0 16 0.3 23 0.7 38 0 41 0.6 48 0 82 0.7 84 0 92 0.8 
2015 14 0.5 35 0.8 97 0 
2165 3 0.4 24 1 28 0.7 
2317 13 0 
2336 1 0.3 4 0.7 6 0.6 18 0.8 40 0.4 50 0.6 71 0.8 78 0.7 88 0.3 92 0.6 
2370 22 0 43 0 
2499 5 0.9 23 0.9 28 0.8 61 0.5 62 0.4 66 0 74 0.6 80 0 88 1 95 0.5 
2525 0 0.8 39 0.4 
2634 1 0.6 39 0.7 42 0.5 58 0.3 59 0 64 0.9 67 0.3 68 0 87 0.4 91 0.4 
2692 42 1 66 0.4 
2861 2 0 12 0 26 0.8 31 0 49 0.4 68 0 71 0.3 73 1 
2920 2 0.4 51 0.9 
2992 5 0 15 0.8 28 0.8 34 0.9 39 0 
3193 11 0 21 0.6 34 0 71 0.8 75 0 82 0.6 88 0.3 
3288 30 0.3 39 0 40 0.8 41 0.7 45 0.8 49 0.3 53 0 64 0.6 
3399 21 0.4 29 0 38 0 
3490 37 0.7 71 0.6 
3498 6 0.8 9 0.7 17 0 18 0.4 26 0.8 51 0.4 79 0.5 80 0.8 84 0.3 90 0.9 
3605 12 0.4 17 1 21 0.8 56 0 79 0 85 1 
3663 7 0.9 38 0.7 47 0 59 0.4 
3720 11 0.9 20 0.8 30 0.5 95 0.3 
3839 34 0 50 0.6 57 0.6 65 0.5 89 0.7 
3977 6 0.9 17 0.4 20 0.8 27 0.8 30 1 34 0.7 37 0.9 38 0.7 45 0.8 81 0.5 
3981 20 0.7 23 0.9 86 0.5 95 0 
3994 28 0.7 42 0 45 0.8 81 0.3 95 0.7 
4005 7 0 43 0.7 46 1 97 0 
4130 7 0 18 0.4 20 0 23 0.4 27 0.7 29 0 38 0.8 74 1 95 0 
4187 40 0 
4280 3 0.8 32 0 39 0.4 94 0 
4369 15 0.5 18 0.7 38 0.4 84 0 
4399 6 0.6 11 1 22 0.6 33 0.7 40 0.8 45 0.8 52 0 64 0.7 76 0.4 82 0.4 
4445 13 0.9 25 1 28 0 37 0.7 39 0.3 47 1 49 0.6 57 0.4 72 0.4 93 0.6 
4613 4 0.4 16 0.3 76 0 83 0.4 89 0.8 95 0 99 0.6 
4934 17 0 22 0 23 0 29 0.3 60 0 86 0 
5132 58 0.8 
5355 84 0.4 
5654 0 0.7 17 0.6 41 1 42 0.8 48 0.3 56 1 70 0 77 1 94 0.8 98 0.5 
5784 3 0.5 17 0 21 0 78 0.8 
6031 26 0.5 43 0.5 
6162 5 0.6 7 0 16 0 24 0.8 39 0.9 55 0.6 85 0.3 89 0.7 
6230 51 0.5 56 0 71 0.6 98 0.4 
6286 5 0.5 76 0.5 93 0.9 95 0.7 96 0.8 
6313 0 0.6 2 0.9 25 0 52 0.4 66 0.4 83 0.6 88 0 95 1 
6451 14 0.8 49 0 
6513 41 0.5 96 0.3 
6540 9 0.8 11 0.9 20 0.5 34 0 44 0 52 0.9 57 0.4 68 1 70 0.9 77 1 
6605 9 0.9 49 0.9 57 0.8 64 0 80 0 82 0.6 83 1 92 0.5 
6691 33 0.3 81 0.8 92 0.9 95 0.9 
6705 21 0 89 1 92 0 93 0.7 
6795 5 0.8 8 0 20 0.6 24 0.4 34 1 45 0.8 71 0.7 83 0 97 1 
6823 3 0.8 18 0.7 22 0 29 0 48 0.6 63 0.4 64 0.9 95 0.4 
6846 90 0.7 96 1 
6971 15 0.6 23 0.7 
6986 0 0.6 1 0.4 29 0.4 45 0 48 0.7 61 0.3 92 0.5 99 0.5 
7014 20 1 29 0.9 52 0.7 63 0.9 69 0.5 70 0.8 73 0.8 76 0.7 80 0.5 96 0.4 
7137 5 0.9 9 0.6 13 0.6 19 0.7 47 0.6 54 0.4 80 0.5 
7296 71 0.7 
7300 16 0.3 54 0.8 59 0.3 79 1 87 0.3 
7459 15 0.9 20 0 28 0.7 55 0.9 60 0.5 82 0.3 96 0.4 
7747 74 0 
7762 16 0.3 21 0.8 57 1 76 0.6 94 0.5 
7914 4 0 26 0 29 1 40 0.6 47 0 56 0.8 61 0.8 67 0 
7955 20 0.9 30 0 39 0.3 81 0.5 99 0 
8077 11 0 40 0.7 49 0.6 57 0 69 0.3 71 0.4 74 1 
8160 24 0.9 39 0.7 83 0.3 84 0.9 86 0.3 
8174 23 0 34 0.4 56 0 66 1 69 0 
8542 0 1 4 0 20 0 21 0.9 31 0.4 39 0.9 43 0 56 0.5 
8677 6 0.7 37 0.6 61 1 65 0.7 70 1 71 0 
8725 13 0 63 0.7 85 0.4 93 0.4 97 0.7 
8872 65 1 
9030 9 0.7 16 0.7 18 0.8 27 0.7 29 0 39 0.8 55 0 86 0 
9205 16 0.5 20 0.6 22 0.6 37 0.7 41 0.3 45 0.3 62 0.4 
9360 11 0.4 29 0.7 35 0.7 63 0.4 64 0.8 65 1 66 0.5 78 0.4 93 0.9 94 0.8 
9652 37 0.6 41 0.7 50 0.8 92 1 98 1 
9679 15 1 41 0 62 0.3 
9771 10 1 69 0.3 77 0 85 0.6 89 0 98 0 
9800 17 0.3 18 0.9 27 0.3 37 0 87 0.4 96 0.4 
9804 6 0.4 18 0.6 54 0 55 0.3 75 0.4 95 1 96 0 97 0.3 
9822 31 0.4 34 0.3 46 0.9 83 0 88 1 
9882 35 0.8 40 0 42 0 67 0 68 0.8 72 0.4 93 0.3 
