100
37 15 0.5 19 1 
42 2 0 20 0.6 36 0 61 0 73 1 76 1 78 0.9 83 0 87 0 89 0 
205 25 0 
215 28 0.5 64 0.8 94 0.4 
265 2 0.8 35 0.7 88 0 91 0.4 
294 21 0.6 43 0.3 49 0 
569 20 0.9 
634 16 0.5 25 0 29 0.7 31 0.3 37 0.3 44 0 51 0.5 
653 0 0 2 0.9 47 0.4 
852 33 0 49 0 51 0.4 60 0.6 75 0 77 0 78 0 83 0.7 91 0.3 99 0 
869 23 0 60 0.6 93 0.7 
960 4 0.8 7 0.4 
1000 24 0.8 
1032 8 0.6 11 0 35 1 38 0 41 0.8 49 0.4 59 0.4 73 1 85 1 86 0 
1113 1 0.7 16 0 29 0 49 0.7 64 1 68 1 71 0.4 82 0.5 
1177 28 0.8 33 0 42 0.3 84 0.8 85 0.3 87 0 
1204 0 0.6 8 0 15 1 49 0.7 58 0.7 60 0.4 67 0.4 74 0 84 0 98 0.9 
1244 7 0.3 25 1 40 0.7 55 0.9 72 0 81 0.8 82 0.6 87 0.3 90 1 
1298 23 0.9 48 0.4 68 0.7 77 0.7 90 0 94 0.9 
1321 5 0 11 0.8 18 0.7 34 0.7 42 0.8 54 0.5 60 0.6 67 0.7 69 0.6 79 0.4 
1326 34 0.3 36 0 61 0 67 0 74 0 77 0 78 0 82 0.9 84 0.9 
1366 0 0.8 3 0.7 10 0 25 0.5 31 0.8 49 0.8 73 0 98 0.3 
1831 50 0 
1926 13 0.4 38 0.8 40 0 53 0.5 82 1 95 0.9 
1936 77 0.8 83 0.5 
2270 93 0.7 
2601 14 0 30 0 38 0.5 39 1 47 0.9 52 0.6 72 0 90 0.4 99 0.9 
2616 23 0 66 0.6 75 0 81 0 94 0.6 
2617 3 1 5 0.4 7 0 22 0 23 0.6 46 0 54 0.4 66 0.3 76 0 79 0.8 
2676 0 0 24 1 44 0.4 51 0.5 63 0.9 81 1 84 0.7 87 0.8 94 0 
2679 38 0.7 39 0.4 70 0.5 93 0.8 
2736 71 0.7 
2802 57 1 72 0 78 0.3 84 0.8 
2807 10 0.4 22 0.7 51 0.6 70 0 74 0.8 88 0.6 89 1 92 0.4 94 0 
2816 50 0.3 77 1 
2831 23 0.5 29 0 40 0 58 0 64 0 70 0.5 84 0.9 95 0.3 98 0.6 
2917 5 0 24 0.6 91 0.3 
2920 2 0.5 51 1 
3006 74 0 87 1 
3050 2 0 21 0 30 0.4 53 0.9 58 0.4 65 0 70 1 74 0.7 86 0 94 0.8 
3065 5 0.4 8 1 18 0.5 30 0.9 51 0.4 54 0 94 0.9 
3179 45 0.5 
3259 32 0.9 37 0.3 42 0 49 0 
3457 4 1 5 0.3 14 0 45 0.7 61 0.5 66 0 67 0.9 71 0 72 0.5 
3504 11 0.5 22 0 51 0 54 0.3 88 0.3 90 0.6 98 0.4 
3578 6 0.3 10 0 15 0.7 34 0.3 40 0.6 61 0.7 67 0.4 80 0.7 85 0.6 86 0.6 
3591 0 0.8 28 0.6 41 0.9 54 0.3 72 0 78 0.9 82 0 
3713 78 0.6 
3878 3 0 68 0.8 81 1 
3892 18 0 65 0.6 68 0 88 0.5 92 0.7 93 1 94 1 99 0.9 
3951 2 0.3 21 0 30 0.5 40 0 61 0.6 67 0.8 75 0.8 84 0 94 0.9 98 0 
3954 2 0 28 0 32 0.5 34 0.6 36 0.8 75 0.4 76 0.5 86 0.7 
4017 3 0 29 0.4 34 0.3 37 0.4 47 0.6 50 0 56 1 65 0.5 78 0.7 
4250 2 0 8 0 15 0.5 25 0.6 53 0.9 60 0.9 
4329 1 0.7 15 0.9 19 0.8 31 1 36 0.5 51 1 52 0.8 88 0 92 0.7 
4368 72 0 78 0.7 
4537 8 0.7 14 0.9 39 0.8 48 1 
4645 7 0.9 15 0.6 36 0.9 37 0.8 65 0.6 76 0.3 90 0.7 97 0.6 
4945 34 0.5 49 0.6 52 0.8 57 0 64 0.5 90 0.9 93 0 99 0.3 
5004 3 0.7 10 0.4 
5042 1 0.4 21 0.4 29 0 80 1 97 0 
5060 11 0.4 13 0.6 18 0.7 59 0.4 60 0.6 
5179 41 0.8 48 0.7 51 0.8 
5222 6 0.9 16 0.3 
5355 84 1 
5570 71 0 
5677 75 0 
5751 5 0.7 13 1 25 0.9 55 0.5 69 0.7 88 0 90 0.8 
5820 12 0 62 1 83 0.8 92 0 
6295 8 0 21 0 25 0 40 0 61 0.3 71 0.3 98 0.5 
6321 21 0.5 26 0.6 33 0.8 43 1 46 0.5 74 0.6 
6472 10 0.6 31 1 34 1 38 0.7 76 0.3 95 1 98 0 99 0.6 
6508 31 0.9 63 1 78 0.4 96 1 
6660 8 0.4 33 0 35 0 45 0.7 51 0.9 60 0.9 85 1 
6814 0 0.3 6 0 20 0.6 26 0.7 29 0.8 34 0.5 57 0.8 87 0 98 0.4 
6922 10 0 11 1 29 0.5 39 0.9 46 0 60 0 71 0.5 75 0.7 84 0.4 
7545 5 1 19 0.9 33 0 37 0.6 39 1 46 0.6 87 0.4 
7689 20 0.9 43 0.5 49 0.4 68 0.9 73 1 78 0 
7714 8 0.5 15 0.5 22 1 88 0.5 92 0.9 94 0.7 97 0.8 
7889 7 0.8 41 0 48 0 65 0.6 68 0 84 0.9 87 0 
7896 16 1 19 0.6 35 0.4 45 0 51 0.6 74 0.5 75 0.4 87 0.5 96 0.3 
8071 42 1 44 0.5 65 0 
8232 13 0 23 0.9 97 0.3 
8396 48 0 88 1 
8679 3 0.4 57 0.4 75 0.6 81 1 86 0 
8743 8 1 29 0.7 32 0.7 81 0.5 94 0 
8747 8 1 17 0.3 19 0.9 32 0.4 67 0.6 76 0.9 83 0.3 88 0 
8863 20 0.4 52 0.7 54 0.8 64 1 67 0.6 87 0.8 94 0 
8963 17 0 21 0.9 52 0.6 58 0 86 0 96 0 
9017 86 0.9 
9101 32 0.4 62 1 65 0.4 66 0.6 72 0.3 75 0.3 85 0.4 97 0.4 
9378 5 0 37 0 
9395 21 0.9 51 0.8 52 0.4 54 0.4 
9397 8 0.7 15 0.3 25 0 44 0.4 53 0.8 57 0.5 
9479 59 0.7 
9692 11 0.8 18 0.7 19 0.5 23 0 42 0 73 0 78 0.6 87 0.9 93 0.5 
9760 15 0.4 19 0.5 30 0.6 45 0.4 53 0.7 55 0 70 0 84 0 94 0.3 97 0.7 
9802 85 0.5 
9808 67 0.8 83 0 
9895 13 0.4 18 0.7 61 0 89 0.6 98 0 
