100
29 33 1 48 0.5 
33 10 0.7 16 0 21 0.5 28 0.6 42 0.8 49 0.9 56 0.8 64 0.5 85 0.6 96 0.5 
153 2 0.4 19 0.9 80 0.5 88 0.7 
188 3 0.4 12 0.9 38 0.5 72 0.6 74 0 87 0 88 1 
400 15 0.7 22 0.9 40 0.5 72 1 84 0.4 99 0.6 
570 22 0.8 25 0 53 0.5 63 0.4 64 0 86 0 
703 58 0.5 
710 1 0.7 38 0.4 58 0.6 89 0 91 0 
804 9 0.3 14 0.9 17 0.3 25 0 74 0 98 0.9 
971 43 0.9 94 0.9 97 1 
1029 14 0.6 18 0.9 
1059 1 1 11 0 15 0 24 0.3 64 0.9 80 0 
1106 17 0.8 27 0.5 51 0 80 0 92 0.6 
1223 40 0.3 47 0.4 51 0.7 57 0 74 1 77 0.8 89 0.9 
1320 11 0.5 16 0.6 61 0 
1335 28 0.4 46 1 47 1 76 0.5 
1440 6 0 58 0 84 0.9 
1548 16 0.7 34 0.5 64 0.6 89 0.9 90 0.9 
1595 69 1 80 0.4 
1706 11 0.6 12 1 27 0.4 35 0.4 51 0.3 61 0 75 0.7 88 0.9 96 0.8 
1744 9 0 18 0.6 33 0.5 39 0.9 48 0.9 51 0.3 55 0.6 63 0.8 92 0.8 
1816 31 0.3 35 0.6 49 0.7 64 0 98 1 
1925 21 0 40 0 42 0.5 67 0.3 73 1 
1966 9 0 85 0.9 
1978 17 0.3 21 0 33 0 38 0.7 40 0 46 0.7 59 0.6 62 0.5 88 0.3 91 0.7 
2155 8 1 20 0.9 41 0.8 48 0.4 54 0 56 0.9 71 0 73 0.3 
2267 29 0 51 0 
2440 57 0.4 
2483 28 1 40 0.9 62 0 80 0.9 97 0 
2491 33 0 56 0.3 61 0 67 0.4 72 0.6 78 0 
2548 15 0.4 55 0.4 60 0.6 72 1 82 0.5 93 1 99 0 
2755 12 0.8 17 0 24 0.4 45 0 48 0 66 0 69 0 80 0.5 90 0 97 0.8 
2849 8 0.3 10 0 35 0.3 38 0.6 41 0.4 50 0.7 74 0 
3043 1 1 2 0.8 8 0.5 60 0.3 70 0.4 94 0.4 
3129 19 0.6 57 0.9 59 0 88 0 
3615 14 0.7 17 0.5 26 0.8 27 0.9 36 1 68 0 
3770 35 0 
3820 11 0.4 27 0 38 0.9 58 0.4 81 1 90 0.6 93 0 
4009 8 0.6 33 0 54 0 81 0 94 0.8 
4028 20 1 24 0.6 38 0 63 1 78 0 89 0 
4460 11 0.8 36 0.4 39 0 64 0 65 0.7 67 1 82 0 93 0.9 
4656 7 0.5 11 0.7 16 0.6 23 0.6 34 0.5 58 0.7 76 0.8 79 0 82 1 
4750 6 0.7 10 0.8 48 0.7 
4777 7 0 11 0 14 0.7 25 0 28 0.4 60 0 71 0.7 80 0.7 95 0 
4931 4 0.8 10 0 20 0.6 42 0.9 45 0.8 56 0 71 0.4 72 0.8 74 0.5 78 0 
5019 15 0.7 39 0.9 54 1 96 0 
5145 3 0.8 15 0 58 0.9 73 0.5 
5311 2 0.4 7 0.6 11 1 16 0.4 18 0.9 23 0.6 41 1 67 0.3 
5385 5 0.8 14 0 30 0 36 0 45 0 47 0.3 52 0.3 67 0.8 97 0 
5421 43 0 
5472 12 0.3 45 0.9 91 0.3 98 0.8 
5486 13 0.8 20 0.7 41 0.8 71 0.7 92 0.6 
5599 2 0.6 7 0 10 0.9 51 0 64 0.3 78 1 81 1 
5655 0 0.9 23 0.4 28 0 32 0 35 0.7 62 0.8 66 0 68 0.9 86 0.3 88 1 
5670 38 0 80 0 
5801 74 0.9 87 1 
5842 2 0 3 0.8 27 0 29 0.3 95 0 99 0.4 
5975 4 0.5 17 0.9 28 0.7 61 0.5 84 0.9 
6002 1 0.7 33 0.6 36 0.5 46 0 65 0 70 0.4 83 0.5 87 0.9 99 0 
6034 1 0.8 9 0.6 93 0 
6074 19 0.8 
6152 22 0.7 23 1 26 0.6 36 0.6 60 0 65 0.6 89 0 90 0 
6219 17 0.5 18 0.7 43 0.6 93 0 
6289 64 0.7 
6353 10 0.3 26 0.3 69 0 85 0.7 
6445 70 0.3 
6510 9 0 38 0.9 54 0.4 68 0.9 70 0.7 
6541 85 0.3 
6617 22 0 32 0 39 0.4 63 0.6 70 0.3 77 0.5 
6619 2 0.6 50 0 89 0.3 
6638 17 0.5 99 0 
6773 10 0.7 35 0.8 62 0.4 63 0 68 0.5 72 0.9 79 0 80 0 88 0 
6824 2 0 21 0.4 29 0.3 49 0 56 0.3 57 0.9 71 0.3 73 1 98 0.5 
7003 22 1 38 0.6 43 0 57 0.8 71 1 75 0.7 78 0 90 0 
7138 63 0 
7383 7 0 45 0 58 0.5 98 0.8 
7437 6 0.9 23 0.8 85 0.3 
7508 1 1 2 0.5 7 0.9 10 1 13 0.5 53 0 64 0.3 75 1 
7608 18 0.6 46 0.5 58 0 88 0 
7728 22 0.5 24 0 65 1 67 0 
7883 9 1 16 0.4 27 1 43 0.5 73 1 
7966 1 1 27 0.3 47 0.9 53 1 57 0.9 63 1 67 0 72 1 83 0.7 87 0.5 
8009 1 0.9 16 0.9 34 0 35 1 70 0 72 0 99 1 
8011 48 1 70 0.6 76 0.9 
8116 53 0.7 59 0.7 72 0 85 1 
8406 19 0.6 41 0 54 0 58 0.9 63 0.5 66 0.7 79 1 95 0 
8448 64 0 
8476 6 0.7 10 0.6 20 0.5 21 1 22 0 33 0.4 60 0.6 71 0 81 0 86 0.3 
8637 36 0 47 0 56 1 
8734 10 0.6 18 0 26 0.7 40 0 71 0.7 73 0.4 83 0 85 0 87 1 
8841 5 0.8 56 0.3 82 0.5 94 0.7 
9309 3 0 10 0.6 41 0.4 57 0 58 1 85 0.3 94 0.3 
9329 5 0 15 0.7 25 0.9 50 0 55 0.4 77 0 83 0 85 0.7 86 0.7 95 0 
9559 5 0 12 0.5 30 0 59 0 67 0.7 80 0.8 
9608 43 0 89 0.3 
9648 39 0 47 0 64 1 
9841 3 0 43 0.6 48 1 58 0.4 64 1 76 0.5 79 0.6 83 0.5 91 0.5 
9935 3 0 76 0.3 96 0 99 0.8 
9957 49 0.6 53 1 72 0 74 0.4 78 1 
9994 6 0.6 46 1 54 0.9 84 0.3 89 0.3 
