100
34 3 0 34 0 35 0 45 1 87 0 93 0.5 
58 45 0 
89 56 0.6 96 0.5 97 1 
153 2 1 19 0.7 80 0.6 88 0 
246 4 0.9 13 0.5 24 0.5 29 0.3 31 0.6 55 0.9 59 0.9 66 0 
317 39 0.5 
581 36 0 40 0.3 56 0.6 62 0.6 65 0 
621 37 0.9 44 1 47 0.4 56 0.9 75 1 93 0.5 
703 58 1 
769 61 0 98 0.7 
1071 8 0.6 9 0.3 17 0 33 1 64 0.3 72 1 
1117 18 0.8 
1219 50 0.9 86 0.8 
1272 15 0.7 22 0.9 31 0.8 36 1 56 0 57 0.3 58 0 65 0.8 86 0 88 0.9 
1347 6 0.6 13 0.6 19 0.6 65 0.3 69 0.7 77 0.4 82 0.5 84 0 86 0.3 90 1 
1444 11 0.9 42 0.8 60 0.4 
1447 20 0.3 25 0.3 45 0.5 49 0.5 76 0.8 83 0.4 94 0 95 1 96 0.9 
1462 80 0 89 0.8 
1578 7 0.3 28 0 44 0.7 57 0 70 0.8 78 0.8 86 0 
1615 4 0 96 1 97 0 
1679 0 0.8 10 0 27 0.8 45 0 57 0.5 59 0 83 0 
1701 87 0 
1725 52 0 55 0.5 56 0 64 0 
1763 8 0.5 28 0.8 34 0.8 57 0.4 70 0.4 71 0 90 0 
1915 2 1 40 0 41 0 54 1 55 0.9 73 0.6 92 0 
1926 13 0 38 0.9 40 0 53 0.7 82 0 95 0 
2299 2 0.8 3 0.5 37 0.3 43 0.7 82 0.5 
2380 0 0 9 0.9 21 0.7 34 0.5 53 0.9 68 0.8 85 0.7 89 0.7 90 0.6 
2418 5 0.3 16 0 25 1 39 0.9 43 0.5 49 0 54 0.9 83 0 85 0 98 0.3 
2553 9 0 14 0.4 25 0.4 34 0.7 48 0.5 81 0.8 
2608 36 0 50 0.6 59 0 66 0.5 77 0.4 79 0.3 84 1 87 0.7 
2627 13 0.7 20 0.8 33 0 34 0.6 54 0.6 62 0.9 86 1 
2671 2 0 14 0.8 16 0.8 31 0 36 0.9 59 0.5 82 1 
2712 23 1 36 0.6 47 1 53 0.8 66 0.9 67 0.9 73 0 
2822 33 0 34 0.8 51 0.6 
3001 6 0 19 1 30 0.3 32 0 43 0 51 0.7 53 0.6 57 0 61 0 95 0.9 
3322 6 0 19 0 25 0.4 29 0.7 61 0.9 74 1 81 0 89 0.5 95 0.4 99 0.5 
3475 7 0.3 50 0 52 0.3 63 0.6 69 0.3 79 0 
3557 1 0.6 17 0.8 28 0 90 0.8 96 0.3 
3603 17 0.6 20 0 35 0 47 0 49 0.7 80 0.4 87 0.7 
3646 11 0.4 33 0 63 0.4 78 0 79 0.6 
3669 18 0.9 21 0.8 47 0.5 
3681 40 0.3 
3701 7 0 10 0 22 0 72 0.6 75 0.8 
3758 4 0.9 18 0.8 24 0.3 31 1 54 0 58 1 63 0 73 0.4 77 0.8 96 0.6 
3849 5 0.6 16 0 21 0.4 28 0.5 50 0.9 65 0.7 
3930 11 0.9 15 0.5 17 1 24 0.9 31 0.5 67 0.6 89 0.3 
4133 4 0.4 20 0.7 40 1 51 0 60 1 78 0.8 94 1 
4195 5 0 6 0 84 0 
4291 24 1 
4406 38 0.6 
4466 9 0.4 13 0.8 23 0.6 26 0.7 34 0 37 1 47 0.4 88 0.4 96 0 
5102 5 0.7 24 0.4 32 0.3 41 0.4 63 0.7 86 0.3 94 0 
5261 19 0.7 39 0.8 60 1 80 0.9 98 0.3 
5377 20 0.9 
5507 4 0.6 9 0.3 37 0.7 41 0.3 53 0 69 0 78 0.6 79 0.6 94 0.5 
5662 4 1 6 1 13 0.3 25 0 32 0.6 60 0.8 66 0 71 0 
5887 12 0 14 0 28 0 55 0 63 0 65 0.7 73 0.6 83 0.9 
5947 28 1 57 0 66 0 74 0.6 84 0 
5994 17 0.7 18 0.5 24 0.4 25 0.3 27 0.4 33 0.7 99 0.8 
6314 10 0.8 74 0.4 80 0 93 0.4 95 1 
6371 0 0.4 36 0 75 0.3 82 0 96 0.9 
6455 49 0 75 0.9 99 0.9 
6591 15 0 24 0 54 1 74 0.6 90 0.5 
6659 2 1 27 0.6 56 1 61 0 71 0.5 79 0.8 81 0 82 0 94 0.5 95 0.8 
6660 8 0.5 33 0.4 35 0.3 45 0 51 0 60 0.7 85 0.5 
6667 10 0 17 1 31 0.5 34 0.6 40 0.5 43 1 48 0 59 0.7 61 0.8 96 0.8 
6905 5 0 16 1 
6910 6 0.5 13 0.6 21 0.5 26 0.7 32 0.8 82 0 97 0 
6918 2 0.8 20 0 26 0 36 0 47 0.3 56 1 60 0.4 
7008 63 0.9 85 0.6 
7201 27 0.6 
7363 7 0.8 8 0.6 14 1 48 0.4 63 0 69 1 76 0.3 88 0 99 1 
7402 15 0 66 0.4 74 0.4 81 0 
7591 0 0.6 36 0.9 56 0.3 
7687 21 0 28 0.8 30 0 32 0.4 49 0 63 0.4 71 0 83 0 
7755 10 0.4 13 0.8 14 0 16 0.5 41 0.9 73 0.6 84 1 92 0.8 
7816 4 0.5 16 1 20 0 30 0.7 38 0 59 0.5 64 0.8 
8038 9 0.9 22 0 40 0.6 47 0.6 49 0.4 52 0.3 67 0.4 76 0.5 79 0.7 86 0 
8048 34 0.9 36 0.7 40 0 47 0 83 0 
8117 17 0.5 39 0.4 47 0.7 
8187 38 0 66 0 92 0.4 
8263 29 0 66 1 74 0.9 
8277 7 0.5 9 0.9 61 1 76 0.7 83 0.3 
8296 5 1 10 0.9 15 0.8 33 0.6 43 0.5 87 0.6 94 0 96 1 98 0.3 
8368 14 0.5 31 0.4 32 0.6 54 0.6 56 0.7 68 0.7 69 0 88 0.4 95 0.7 
8462 1 0.4 12 0.7 21 0.7 36 0 51 0 68 0.7 
8524 13 0.7 23 0.8 35 0 41 0.7 47 0 55 0.6 64 0.3 80 0.3 89 0 
8529 8 0.6 23 0 46 0.6 48 0.5 85 0 88 0.7 
8585 5 0 18 0.4 38 0 45 0.3 47 0.6 76 0.3 82 0.9 
8624 32 0.9 33 0.8 35 0.6 38 0.8 61 1 72 0.9 87 0 98 0.3 
8867 0 0.6 50 0.6 72 0.6 91 0 
8983 6 0 9 1 10 0.3 18 1 26 0 42 0.3 53 1 63 0.5 66 0.7 98 0.9 
9010 10 0.7 13 0.3 42 0 53 0 73 0 87 0 91 0 
9091 0 0 23 0.9 54 0.3 64 0.9 65 1 77 0 78 0.7 
9247 29 0.7 82 0.3 98 0.3 
9289 53 0 64 0 84 0.5 89 0 
9517 47 0 88 0.3 
9760 15 0.3 19 0.6 30 0.7 45 0.5 53 0.9 55 0 70 0.9 84 0.3 94 0.3 97 0.6 
9776 4 0.7 30 0.6 31 0.9 44 0.3 72 0.7 73 0.4 
