100
101 5 0.6 12 0 37 0.4 
103 41 0.4 68 0.8 73 0.3 90 0.6 91 0.4 93 0 
287 12 0 18 0.4 25 0.6 37 0 45 0 52 0.3 53 0.5 66 0 73 0 98 0.8 
323 3 0.5 14 0 20 0.7 48 0.6 72 0 
359 6 0 9 0.8 44 0.8 59 0 80 0.7 
601 6 0.5 11 0 26 0 28 0.7 67 0.8 77 0 88 0.6 90 0.4 97 1 
627 45 0 
707 0 0 4 0 5 0 25 0.8 30 0.4 34 0 45 0.7 49 0 85 0 91 0 
746 0 0.9 16 0.8 20 0.7 31 0 88 0.5 
848 40 0 62 0.5 68 0.3 70 0.9 74 0 76 0.3 79 1 93 0 95 0 
884 76 0.9 99 0 
914 3 0 29 0.9 34 0.4 62 0.5 64 0 92 0.4 
923 45 0.8 69 0.6 
936 4 0.7 7 0.5 9 0.4 23 0.4 50 0.3 66 0.5 86 0.6 95 0.3 
996 9 0.6 12 0.7 47 0.7 56 0.9 57 0 58 1 81 0.6 89 0 
1007 34 0.4 72 0.9 
1244 7 0.8 25 0.9 40 0.3 55 0.8 72 0.5 81 1 82 0.9 87 0 90 0 
1423 2 0 5 0 22 0 38 0.7 76 0.9 84 0.3 
1458 13 0.5 26 0.8 49 0.4 61 0.5 77 0.6 87 0.5 
1550 49 0.3 
1613 31 0.6 
1704 10 0 87 0 
1942 15 0.3 20 0.7 39 0.8 61 0.7 62 1 65 0.5 79 0.7 
1946 11 0.9 22 1 27 0 41 0.3 56 0.6 78 0.9 87 0.4 
1959 9 0.8 11 0.9 57 0.5 81 0.6 
2000 13 0.9 21 0 42 0.9 43 0.7 47 0.4 53 0.4 59 0 85 0.6 94 0.4 
2256 3 0.3 12 0 15 0.9 19 0.5 24 0.8 26 0.5 32 0.4 46 0 60 0.5 81 0 
2304 0 0.5 14 1 22 0 30 0.4 48 1 55 0.9 92 0 97 1 
2408 5 0.7 11 0.7 13 0.6 26 0.6 31 0.7 45 0.7 53 0.5 61 0.5 82 0.5 90 0.4 
2432 1 0 19 0.5 21 0.3 24 0.3 41 0.7 44 0.5 47 0.8 49 0 76 0.9 98 0.9 
2474 12 0.4 35 0.7 42 0.3 46 0.5 48 0.8 74 0 88 0.6 94 0.7 98 1 
2522 22 0.9 48 0.3 
2547 15 1 92 0 98 0 
2587 16 0.4 52 0.6 59 0.3 
2598 2 0.6 40 0.8 47 0 59 0.9 76 0.6 
2621 12 0.7 40 0.7 
2697 2 0 7 0 21 0.5 48 0.3 83 0.4 91 0.5 94 0.7 97 0.5 
2926 31 0.4 34 0 40 0.5 66 0 68 0.7 
2946 12 0.6 61 0.7 63 1 86 0.8 
2991 1 0 25 1 34 0.6 38 0.8 86 0.6 91 0.6 98 0.3 
3074 6 1 12 0 20 0.6 23 0 45 0.6 53 0.8 60 0.5 79 0.8 
3084 6 0.8 12 0 31 0 39 0.3 86 0.4 88 0.4 
3249 16 0 23 1 48 0.6 70 0 90 0.7 96 0.5 
3289 2 0.9 30 0.6 33 0.8 48 0.4 54 0.7 60 0.7 63 0.9 69 0.8 78 0.4 
3319 5 0.6 16 0.9 33 0 35 0.7 71 0.8 74 0.8 77 0.5 79 1 
3330 2 0.3 15 0.9 18 0.6 46 0 66 1 68 0.3 72 0.4 93 0 
3332 12 0 
3422 5 0.5 18 0 21 0.8 35 0.5 44 0 46 0 53 0 63 0.9 64 0 82 0.3 
3645 8 0.4 9 0.4 77 0.5 89 0 
3646 11 0.4 33 0.3 63 0.4 78 0.3 79 0 
3675 77 0.4 85 0.9 97 0 
3739 28 1 32 0.5 33 0 38 0 58 0 87 0.6 88 1 99 0 
3834 8 0 12 0.7 21 0.4 43 0.5 49 0.5 51 0 55 0.3 94 0 
3957 3 0.7 18 1 19 0 51 1 56 0.6 59 0.8 61 0.6 89 0.6 
4020 9 0.5 25 0.7 43 0.7 75 0.5 83 0.5 94 0 
4065 61 0.4 71 0 
4697 15 0 24 0 28 0 67 0.4 75 0.6 79 0.4 86 0.5 98 0.3 
4734 30 0 40 0.7 49 0.3 64 0.9 67 0.8 93 1 
4773 2 1 33 0 39 0.7 71 0 76 0.5 
4872 24 0 30 0.3 56 0.4 86 0 92 0.4 98 0 
5200 6 1 17 0.5 27 0 29 0.6 32 0 48 0.4 49 0 72 0.5 87 1 98 0.8 
5263 1 0 70 1 91 0.3 98 0.4 
5289 4 0.5 9 0 13 0.6 31 0.8 35 0.7 47 0 56 0.8 59 0.4 73 1 79 0 
5303 15 0.4 53 0 
5320 1 0.6 10 0 22 1 37 0 45 0.6 57 0.6 71 0.8 79 0.8 80 0 82 0.9 
5427 2 0.9 33 0 46 0.9 62 0.8 
5500 0 0 20 0.9 23 0.4 29 0 35 1 46 0 77 0 99 0.5 
5530 3 0.5 38 0 49 0.9 63 0 72 0.6 93 0 
5639 20 0.3 29 0 30 0.5 66 0.4 72 0.8 
5692 1 0.4 7 0.6 59 1 60 0.6 76 0.4 87 0.9 90 0.3 
5977 0 0.5 28 0.4 31 1 36 0.3 83 0.9 
6054 6 0.6 26 0 31 0.9 40 0.8 81 0.7 85 0.6 
6222 15 0.7 20 0.4 
6318 13 0.6 27 0.3 44 0.5 56 0.6 68 1 72 0.9 73 0.6 75 0 80 0.4 
6346 2 0.9 6 0 8 0 39 0.8 51 0.5 54 0 88 1 95 0.8 
6389 6 0 80 0.5 
6426 81 1 94 0.8 
6854 16 0.5 53 1 
7038 16 0 21 0.3 23 0 58 0.3 63 0 68 0.7 71 0.7 74 0 91 0.3 
7332 14 0.3 28 0.7 60 0.9 67 0.8 72 0.6 95 1 
7358 28 0.4 44 0.6 45 0.5 54 0.5 99 0.3 
7570 4 0.4 23 0.9 26 0 27 0.4 39 0.4 
7643 8 0.8 27 0 34 0 49 0 65 0 66 0.4 69 0.4 70 0 76 0 78 0 
7656 7 0.3 13 0 18 0.9 33 0.6 50 0 54 0.7 75 0.9 77 1 92 0 98 0.6 
7897 34 0.8 47 0.7 50 1 58 0 60 0.4 62 0.4 65 0.5 66 0.8 87 0.7 93 0 
8064 5 0.3 31 0.3 56 0.5 
8114 23 0.6 46 1 88 0 
8189 9 0.4 14 0 21 0.4 38 0.5 73 0.3 88 0 
8336 19 0 28 0.7 70 0.6 92 0 
8383 40 0.4 58 0.9 72 0.4 76 1 89 0.9 96 0.8 
8395 1 0 26 0 28 0 35 0.5 37 0.9 73 0 93 0.4 97 0 
8464 6 0.7 24 0 32 0 42 0 58 0.4 
8584 32 0.7 37 0.6 55 0 71 0.9 78 0.4 79 1 80 0 83 0 93 0 
8699 13 0.5 15 0.4 22 0.9 25 0.3 69 0.6 73 0.4 89 0.4 91 0.5 
8816 14 0.7 36 0.4 45 0 
8926 10 0 12 0 52 0 55 0 58 1 
8986 5 0 16 0.6 38 0 59 0.9 71 0.9 83 0.6 94 0.7 
9009 0 0 15 0.5 31 0 99 0.6 
9027 84 0.8 98 0.5 
9896 3 0 13 0.8 34 0.9 51 0 71 0 78 0 84 0.4 88 0.9 93 0.7 95 0 
