100
71 7 0 17 0.7 42 0.9 59 0.4 76 0.8 79 0.3 85 0.3 95 0.3 
178 8 0 55 0.9 83 0.8 
193 22 0 68 0.8 
316 22 0.9 37 0 39 0.5 48 0.3 77 1 
382 4 0 17 0.6 28 0 30 0.3 44 0.4 55 0.9 87 0 99 0.4 
432 1 0.9 14 0.8 29 0.6 32 0.9 78 0.9 80 0 85 0.7 87 0.3 92 0.3 
534 44 0.6 
548 25 0.8 45 0 
830 9 0.7 45 0.6 46 0.6 51 0 62 0.7 67 0.3 90 0.7 91 0.7 94 0 95 0.3 
876 0 0.8 2 0 10 0.4 31 0.8 40 0.5 51 0.5 65 0.6 71 0 83 0.9 
953 27 0.5 52 1 53 0 55 0 57 0.6 59 0.6 87 0.8 
996 9 0 12 0.9 47 0.9 56 0.9 57 0 58 0 81 1 89 0.5 
1042 19 0.9 22 0 29 0 39 0.8 90 1 91 0.9 99 0.4 
1045 9 0 11 0.6 13 0.7 19 0.9 44 0.4 55 1 60 0.3 66 0.9 82 0 99 0.3 
1127 21 0.8 27 0.3 43 0 45 0.5 47 0.5 67 1 
1175 0 0 9 0.6 14 1 18 0 30 0.9 51 0.7 80 1 82 0.8 
1181 3 0 77 0.3 
1266 4 0.8 30 0.5 32 0.3 34 0 46 0.4 60 0.5 64 0.5 81 1 85 0 87 0.7 
1273 20 0 
1301 12 0 16 0 18 0.3 51 0 53 0.8 57 0 91 0.8 
1342 4 0.4 33 0.3 64 0.7 99 0.6 
1806 0 0 16 0.5 24 0.7 39 0.8 55 0.7 83 0.7 
1932 67 0.9 
1937 10 0.7 24 0.7 67 0.3 73 0 80 0.6 
1957 9 1 11 0.7 97 0.3 
2037 6 0.5 40 0.7 42 0 80 0.3 85 0.6 
2115 4 0.7 7 1 32 0 45 0.3 59 0.3 84 0 85 0.3 89 0 94 0.9 99 0.3 
2128 86 0.3 
2174 26 0.6 31 0.6 46 0 63 0.5 86 1 
2177 0 0 7 0.6 20 0 28 0 30 1 75 0.6 
2234 8 0.4 19 0.9 30 0.5 32 0 33 1 41 0.4 75 0 84 0 
2448 32 0.4 77 0.5 90 0.5 92 1 
2511 16 0 17 0.6 29 0.8 39 0.5 51 0.8 82 0.9 88 0.6 98 0.5 
2596 0 0.8 6 0.4 9 0.4 14 0.3 18 0.3 34 0.9 40 0.3 65 0 70 0.5 72 1 
2631 53 0 82 0.7 
2642 53 0 92 0 
2760 59 1 
2904 5 0.8 37 0 47 0 74 0.5 83 0 84 0.6 98 0 
3054 36 0.6 50 0.4 52 0 63 0 98 0 
3078 5 0 63 0.4 
3117 16 0.7 21 0.7 23 0.6 31 0.7 36 0.9 42 0.7 45 0.5 54 0 98 0.7 
3261 2 0.7 14 0.9 26 0.8 36 0.3 57 0.4 94 0.5 96 0.8 
3523 4 0.6 7 1 28 1 32 1 45 0.5 49 0 59 0.6 65 0.4 67 0.8 79 0 
3611 2 0.9 7 1 
3627 2 0.7 22 0.9 33 0.3 39 0 41 0.8 52 0.3 63 1 66 0 80 0 84 1 
3715 3 0 11 0.8 12 0.4 31 0.5 69 0.7 76 0 90 0 91 0.4 
3723 3 0.8 7 0.7 14 0.6 36 0.4 49 0 59 0 63 1 66 0.9 69 0.6 
3908 80 0.6 85 1 
3984 50 0 
3998 47 1 51 1 52 0.7 64 0.5 65 0.5 69 0.7 71 0 75 0.5 86 0.3 87 1 
4003 3 0.6 21 0.3 28 0.6 33 0.4 34 0.5 
4006 81 0 
4053 17 0.7 18 0.5 40 0.9 47 0.3 50 0.5 63 0.5 69 0 93 0 
4240 9 0 34 0.3 39 0.7 53 0.5 74 0.9 76 0 
4353 32 0.6 58 0.5 75 0.4 78 0.3 89 0.4 
4362 33 0.4 40 0 51 0.9 59 0 65 0 69 0.4 87 0.6 92 0 98 0.3 
4576 22 0 32 0 59 0.8 61 0.6 92 0.7 
4586 1 0.7 5 0 26 0.9 86 0.8 87 0 
4606 26 0 89 1 93 0.3 
4824 9 0 43 0.3 47 0 62 0.5 73 0 83 0.9 
4881 0 0 11 1 15 0.9 17 0 20 0.9 50 0.8 60 0 76 0.4 98 0.5 
4981 3 0 9 0.5 18 0.9 20 1 50 0 63 0.5 76 0.5 92 0.4 
5168 18 0.9 
5205 52 0.3 59 0.8 61 1 
5218 16 0.7 28 0.7 46 0.6 48 0 51 0.8 64 0.5 70 0.6 81 0 
5232 17 0.3 20 0 27 0.5 36 0.3 53 0.7 62 0 85 0.9 87 0.3 
5276 1 0 6 0.8 18 0.6 25 0 27 1 57 0.5 82 0.4 
5395 16 0.8 20 0.8 39 0.3 50 0 51 0.4 62 0.3 67 0.3 
5455 21 0.3 73 0.4 80 0.5 
5522 15 0 41 0.9 53 0 59 0.4 60 0.9 64 0.9 90 0.5 
5880 6 0.7 35 0.3 48 0.3 50 0.8 97 0 
5933 36 0.4 50 0.6 87 0 89 0 
5953 1 0.5 8 0.3 16 0 36 0.5 59 0.7 60 0.4 61 0.7 73 1 81 0.7 88 0.6 
5958 2 0 11 0.4 39 0.7 67 0 95 0 97 0.4 
6065 18 0.5 25 0.4 26 0.7 62 0.8 72 0.4 80 0.4 86 0.4 97 0.6 
6134 17 0 46 0.8 90 0.4 96 1 99 0.6 
6155 1 1 39 0.5 68 0.7 77 0 94 0.9 
6232 6 0.5 15 0.5 52 0.9 57 0.3 74 0.8 84 0 92 0.4 
6509 15 0.9 31 0.5 47 0.4 53 0 66 0 83 0.9 98 0 
6741 22 0 
7001 2 0.6 23 0 27 0.3 34 0.6 62 0 70 0 74 0.5 77 1 84 0 92 1 
7047 28 1 34 0.8 58 0.7 67 0.8 81 0.5 85 0.9 89 0.4 91 1 
7204 33 0.4 36 0.8 49 0.6 76 0.5 
7342 29 0.4 47 0.3 75 1 91 0.7 
7458 81 1 
7745 28 0.9 44 0 50 0.3 57 0.8 69 0 77 0.5 99 0.7 
7864 24 0.3 61 0.7 62 0.7 68 0.9 89 0.8 
8266 2 0.5 21 0 55 0.6 71 0.6 78 1 81 1 
8272 8 0 40 0.7 56 0 58 0 60 0.3 78 0 88 1 
8448 64 1 
8465 20 0.7 34 0.6 40 0.7 71 0.3 97 0.6 98 0.5 
8753 27 0.8 65 0.7 71 0 
8861 11 0.4 14 0.9 16 0 35 0 68 0.6 74 0.6 78 0 94 0.5 
9226 21 1 22 0 67 0 93 0.7 94 1 96 0.6 
9328 45 0 47 0.8 57 0.5 67 1 89 0 96 0.4 
9494 7 0.5 20 0 41 0.9 51 0.6 68 0 
9600 33 0.7 37 0.4 46 0.4 50 0.8 55 0 60 0 62 0 
9790 14 0.3 15 0.4 20 0.3 28 0.6 42 0.8 45 0 56 0.3 87 0 98 0.7 
9802 85 0.6 
9996 40 0.5 68 0.4 78 0.9 
