100
33 10 0.3 16 0 21 0.5 28 0.4 42 0.5 49 0.6 56 0 64 0.6 85 0 96 0 
153 2 0.7 19 0.7 80 0.3 88 0.7 
185 9 0.8 13 0.4 17 0 19 1 30 0.8 32 0 35 0.7 58 0 83 0 88 0.3 
212 20 1 22 0.5 90 0 93 0 
288 34 0.7 35 1 38 0.6 58 0.6 67 0.7 71 0 
292 23 0.5 35 0.3 49 0.7 60 0 70 1 80 0.3 96 0 99 0 
334 39 0.5 
479 1 0.6 13 1 18 0.5 27 0.3 43 0 70 0.8 92 0.6 94 0.8 
523 25 0 60 0.6 
536 32 0.6 42 0 67 0 90 0 
646 5 0 21 0 39 1 60 0.9 68 0 72 0.6 79 0.5 80 1 82 0.4 97 0 
665 10 0 14 0.8 27 0.7 44 0.8 46 0.4 51 0.6 57 0 75 0.4 
685 2 0 42 0.9 50 1 53 0.6 79 0.9 83 0.3 88 0.3 
847 22 0.8 83 1 85 0.7 87 0 
1027 0 0 6 0 
1090 15 0.9 85 0.3 
1114 3 0.9 15 0.7 18 1 33 0.7 39 0 41 0 80 0 96 0 
1289 15 0.9 18 1 31 1 32 0 34 0 38 0 43 0 84 0.6 93 0.8 
1305 80 0 87 0.9 
1345 0 0 2 0.3 7 0.4 11 0.9 15 1 21 0.5 23 0.6 50 0 62 1 95 0.9 
1429 24 0.5 27 0.3 42 0.7 51 0.8 91 0.8 
1494 23 0 28 0.8 43 0.7 53 0.7 
1559 3 0 18 0.7 55 0 64 0 65 0.5 69 0.3 75 1 92 0.3 93 0.6 94 0.6 
1894 51 0.3 63 0.9 65 0.4 70 0.3 93 0.8 
1896 46 0.7 60 0.8 62 0 71 0.4 87 0 96 0.9 98 0.9 
1914 2 0.9 24 0 56 1 67 0 69 0 
1983 42 0.7 46 0.5 49 1 52 0.5 77 0.6 89 0.9 
2007 24 0 25 1 29 0.3 78 1 
2063 27 0 36 0 44 0.8 45 0 55 0 73 0.3 83 0.4 99 0 
2097 11 0.4 
2117 49 0 53 0.5 
2178 6 0.8 22 0.9 47 0.4 66 0 73 0.8 78 0 
2183 2 1 10 0.4 15 0.7 25 0.4 32 0 47 0 55 1 58 0 63 0 74 0.5 
2245 38 1 62 0.8 64 0.8 80 0 
2315 7 0.4 11 1 17 0.6 34 0 59 0.5 89 0 93 0.7 94 0.5 96 0 
2319 23 0.3 85 0.5 87 0 
2418 5 0.8 16 0.4 25 0 39 0 43 0.4 49 1 54 0.7 83 0 85 0.8 98 1 
2479 1 0.8 2 0.8 18 0 21 0 44 1 48 0 95 0.5 
2550 43 0.7 
2576 1 0.7 11 0 28 0 33 1 72 0.3 89 0.4 97 0.4 
2615 73 0.9 76 0.9 87 0.7 
2656 3 0 5 0 41 0 48 0 55 0 65 0.4 85 0.4 99 1 
2821 10 0.3 28 1 41 0 45 0.5 63 0.9 65 0 72 0.3 99 0 
3028 73 0.9 85 0.4 
3293 0 0.8 20 0.6 22 0.3 23 1 36 0 41 0.3 60 0 62 0.5 97 0.8 99 0.4 
3364 8 0 21 1 26 0.9 27 0.3 74 0.5 97 0.6 
3548 4 1 26 0 39 0.8 59 0.7 96 0.5 
3678 27 0.7 35 0 37 0 69 0 
3723 3 0.5 7 0.9 14 0.4 36 0.3 49 0 59 0.3 63 0.7 66 0.3 69 0.3 
3756 2 0 4 0.6 12 1 13 0.6 14 1 34 0.5 57 0.9 64 0.3 83 0.5 85 0.7 
3851 16 0.6 46 0 59 0.4 74 1 77 0.9 92 1 
3947 2 0.6 9 0.6 11 0 16 0.6 38 0.6 48 0.3 50 0.9 81 0.8 86 1 
4092 6 0 37 0 83 1 
4823 5 0 30 0.9 52 0.3 62 0.6 69 0 77 0.8 78 0.5 83 0.7 92 0 93 0.3 
4854 7 0.3 27 0.8 48 0 55 0.7 77 0 95 0 97 0.6 
4928 10 0.9 32 0 39 0.8 60 0 61 0.9 79 0.7 96 0 
5008 42 0 43 0.5 58 0 59 0.4 66 0.9 68 0 71 0.4 72 0.9 74 0 
5074 64 0 66 0.8 71 0.4 72 1 77 0.5 90 0.5 99 0.3 
5078 5 0.6 12 1 20 0 29 0 31 0.6 78 0 83 0.4 
5149 28 0.5 29 0.7 36 0 44 0.9 53 1 68 0.8 69 0.8 76 0.5 79 0 81 0.3 
5263 1 0.6 70 0.9 91 0.6 98 0.6 
5715 6 0 20 0.5 55 0 62 0 75 0.5 
5826 42 0.8 50 0.5 64 0.6 75 0.6 82 0.9 
6314 10 0.9 74 0 80 0.4 93 0.3 95 0.6 
6330 49 0.3 
6350 1 0.5 8 0.7 22 0.5 35 0.9 38 0.7 57 0.3 67 1 77 0 80 1 84 0.8 
6491 10 0 46 0 60 0 65 0.7 68 1 70 0.3 72 1 90 0.9 
6607 1 0.6 3 0.5 26 0 29 0 72 1 88 0 
6616 1 0 37 0.5 60 0 
6725 9 0.4 18 0.9 20 0 39 1 42 0.5 66 0.9 73 0.6 77 0.7 81 0.5 92 0 
6941 48 0 87 0.7 
7013 15 0.3 27 0.6 44 1 51 0.8 72 0 99 0 
7047 28 0.6 34 1 58 0.8 67 0.6 81 0.5 85 0.3 89 0.6 91 0.9 
7066 6 0.5 52 0.4 62 0.5 82 0 96 0.3 
7106 3 0 33 1 65 0 68 0.6 91 0.9 
7287 12 0.3 18 0 26 0 34 0.9 37 0.6 72 0.5 88 0.6 
7602 24 0 41 0 43 0.5 46 0.7 58 0 64 0.5 72 0.3 73 0.6 96 0.8 
7733 9 0.9 10 0.6 18 0 25 0.4 32 0.8 33 1 39 0.9 79 0 86 0.3 87 0 
7765 15 0.3 33 0 37 0 45 0.4 54 0 77 0.4 91 0.4 95 0.5 
7876 18 0.9 19 0.3 21 0 39 0.3 69 0.5 71 0 76 1 85 0.6 94 0.5 
7886 11 0.8 42 0.8 44 0 91 0.8 
8023 6 0.3 8 1 62 1 63 0 66 0 99 0.7 
8082 42 0 51 0.7 69 0.5 73 0 
8167 3 0.3 29 0 32 0.5 51 0.9 89 0.7 
8324 0 0.3 1 0.8 7 0.8 31 0.3 45 0.5 55 0.9 61 1 87 0 92 0.3 
8352 39 0.8 
8390 0 0 19 0.6 24 0.3 25 0.5 32 1 36 0.7 71 0.4 80 0 91 0.9 
8521 78 0 96 0 
8691 1 0.3 49 0.3 51 0 60 0.4 65 1 79 0.4 89 0.4 
8693 3 0.5 34 0 56 0.4 75 0.5 84 0.5 
8911 83 0.5 
8985 4 1 16 1 22 0.7 43 0.3 86 0.5 87 0 93 1 
9160 1 0 3 0 6 0.5 19 0.8 36 0.6 37 1 66 0 69 0.9 88 0.8 96 0.5 
9255 9 1 24 1 65 0.5 84 0.8 
9262 2 0.3 4 0.9 29 0 30 0.3 39 0 64 0 66 0.4 76 0.7 
9279 32 0 58 0 
9295 3 0 
9581 6 0.5 26 0 28 0 45 0 55 0.4 80 0 84 0 
9874 28 0 34 0.6 35 0.9 40 0.9 62 0.9 63 0.6 68 0.6 80 0.4 87 1 
9938 2 0 51 1 52 0.3 58 0 85 1 
