100
3 6 0.6 19 0.4 63 0 67 0.8 81 0.8 96 0.5 
4 2 0.3 7 0 18 0 22 0.5 30 0.4 36 0 57 0.3 68 0.9 
47 0 0 11 1 39 0.8 48 0.7 
173 78 0.4 
229 18 0.9 20 0 23 1 29 0 30 0.9 35 0 39 0.4 51 0 72 0.5 
296 1 0.7 10 0.9 12 0.3 17 0.5 29 0 40 1 59 0 67 0.5 71 0.8 
458 1 0.9 6 0.3 11 0 27 0 49 0.6 51 1 56 0.9 71 0.4 97 0.7 
588 84 0 
691 3 0.7 4 0.9 7 0.7 40 0 69 0.9 84 1 93 0.8 
695 1 0.3 11 0.6 23 0.9 35 0.3 36 0.8 49 0 68 0.6 73 0.4 98 1 
751 24 0.4 25 0.5 27 0 54 0.8 83 0.8 86 0.8 93 0.6 97 0.9 
760 44 0.5 63 0.5 
761 39 1 72 0.7 84 0 85 0.4 86 0.9 90 0.3 98 0 
917 9 0 15 0.3 37 0.6 42 0 84 0.4 97 0.7 
936 4 0.7 7 0.8 9 0.9 23 1 50 0.4 66 0.6 86 0.4 95 0.8 
951 16 0 30 1 31 0 50 0.7 57 0.9 
1043 1 0.6 15 0.6 39 0.8 58 0.7 
1098 18 1 21 0.3 63 0.9 94 0.7 
1164 5 0.3 18 0 20 0.7 24 0 27 0 29 0.5 35 0 41 0.5 72 0.8 
1295 35 0.3 36 0.5 50 1 71 0.6 83 0 88 1 89 0.6 94 0.3 
1299 60 0 
1407 7 0.7 12 0.3 29 0.7 52 0.8 61 0 75 0.5 86 0.3 
1699 4 0.6 8 0.8 18 0 61 0.5 
1761 43 0.5 58 0.4 83 0 93 0 
2028 8 0 27 0 28 0.7 41 0 66 0 69 1 87 0 
2030 2 1 12 0 16 0 28 0.7 
2061 5 0.9 19 0.7 27 0 45 0 56 0.8 85 0.3 89 0 
2149 4 0.5 
2183 2 0.3 10 0.5 15 1 25 0 32 0 47 1 55 0.3 58 1 63 0.3 74 0.6 
2342 10 0.8 19 0.7 24 0.8 35 0.9 58 0.5 63 0 89 1 
2432 1 0.4 19 0.8 21 0.4 24 0.7 41 0 44 0 47 0.3 49 0.7 76 0.6 98 0.5 
2520 8 0 13 0 40 0.4 69 0.6 75 0 82 0.5 83 0.8 86 0.3 91 0.6 
2531 22 0.9 24 0 36 0.3 43 0.6 64 0.5 
2545 22 1 39 0.7 57 1 64 0.5 89 1 
2613 7 0 85 0.8 
2614 5 0 21 0 64 0.9 75 0.4 76 0.5 82 0 
2651 13 0 41 0.4 46 0.5 47 0 51 0.6 55 0.8 72 0 73 0.6 86 0.5 98 0 
2818 13 0 14 0.8 93 0.4 
2851 12 0.6 67 0.9 70 0 87 0.5 92 0.7 94 0 99 0.5 
3196 16 1 25 0.3 29 0.9 36 0.5 82 1 85 0.7 91 0.8 
3265 33 0.7 38 0 73 1 77 0.6 83 0 90 0 
3282 27 0.7 38 0.3 66 0 90 0.5 97 0 98 0.4 
3504 11 0.4 22 0 51 0.8 54 0 88 0.4 90 0 98 0 
3569 41 0.9 94 1 
3644 39 0.4 44 0.6 
3766 1 0.8 11 0 39 0.9 42 0 49 0 59 0.5 83 0.3 89 0.9 97 0.7 
3797 5 0.6 11 0.7 21 0 26 0.5 45 0.8 51 0.7 68 0 70 0.6 72 0.6 98 0 
3822 31 1 60 0.7 65 0.8 81 0.8 
3901 8 0.8 9 0.5 10 0.3 22 0 31 0.3 46 0.5 50 0.7 61 0 75 0.7 78 0.8 
3967 1 0 11 0.9 15 1 23 0.7 47 0.5 54 0.6 60 0.4 65 0 99 0.8 
4000 34 1 51 0.7 
4056 8 0.7 15 0.8 32 0.7 50 0.6 58 0.9 77 0.3 94 0 
4141 17 0.4 
4185 7 0.7 24 0.7 38 0.3 46 0.8 54 0.5 70 0 90 0 
4459 4 0 19 0.8 44 0.7 61 0.3 
4645 7 0.6 15 0.5 36 1 37 0 65 1 76 0.4 90 0 97 0.9 
4710 1 0.4 6 0 26 1 48 0.8 
4840 9 0.7 22 0.8 43 0.6 71 1 
5339 33 0 84 0.8 
5492 1 0.6 16 0.3 37 0.7 50 0.6 64 0 71 0.6 74 0 87 0 
5573 11 0.5 
5700 9 0.7 56 0 66 0.5 67 0.7 73 0.6 78 0.5 
5912 50 1 53 0 67 0.9 
6025 2 0.8 36 0 58 0 63 0 66 0.8 
6119 32 0.3 
6168 14 0.7 16 0 23 0.8 25 0.9 61 0.9 73 0.3 81 0.6 92 0.8 
6204 22 0 
6233 22 0 25 0.9 28 0 61 1 63 0 78 0.3 92 0 95 0.5 
6284 0 1 26 0 32 0 67 0.6 87 0 
6606 17 0.9 22 0.3 26 0.7 37 0.9 39 0.5 55 0 56 0.5 
6608 23 0.3 29 0.5 38 0.4 64 0 68 0.7 74 0.8 
6667 10 0.3 17 0.8 31 0.3 34 0.8 40 0.8 43 0.3 48 0.9 59 1 61 0.7 96 0.5 
6814 0 1 6 1 20 0 26 0.7 29 0 34 0 57 0 87 0.5 98 0.5 
6937 16 0.9 25 0.9 26 0.7 29 0.9 33 0.5 47 1 56 0.6 88 0 
6939 63 0.6 
6944 3 0.5 19 0.9 89 0 94 0.6 98 0.4 
7027 75 0.3 77 0 87 0 
7090 1 0.5 9 0.6 81 0.6 
7091 5 0 6 0 15 0.8 24 0.8 25 0 26 0.4 31 0 52 0.5 83 0 
7189 3 0 16 0.8 21 0 30 1 59 0 97 0 
7342 29 0.5 47 0.9 75 0 91 0 
7368 25 1 
7944 24 0.9 
8759 88 0.6 
8892 25 1 37 0.8 41 0.9 97 1 
8914 2 0 22 0 30 0.3 40 0 50 0.6 52 0.5 53 0.9 63 0 69 0.8 90 0.3 
8923 10 0.7 26 0 47 0 53 0.3 58 0 63 0.5 
8988 2 0.8 5 0.8 15 0 31 0.5 36 1 41 0 46 0 66 0 72 0.3 
9070 11 0.3 22 0 25 0.9 45 0.5 84 0 94 0 
9252 14 0.3 18 0.7 31 0.7 49 0 65 0.4 
9286 50 0 
9481 3 0 22 0.7 25 1 50 0.9 58 0 70 0.6 74 0 75 0 88 0.8 
9523 6 0 22 0.7 37 0.3 42 0.7 48 0 
9524 7 0.8 12 0.7 16 0 30 0 52 0.8 55 0.5 72 0.3 84 0.4 93 0.4 
9638 31 0.6 43 0.9 78 0.6 82 0.3 83 0.9 
9646 5 0.4 12 0.8 17 0.7 28 0.6 30 0.7 69 0.3 81 0 92 0.7 
9665 2 0.5 5 0.4 19 0.3 24 0.5 49 0 62 1 66 0.8 78 0.5 82 0.5 83 0.6 
9730 26 0 75 0.4 99 0.4 
9751 13 0 23 0.7 29 0.6 41 0 44 0.3 49 0.7 93 0.9 96 0.4 
9865 51 0 59 0.6 63 0.8 
