100
48 3 0.3 29 0.9 42 0 71 0.4 76 0.8 78 0.7 85 0.7 91 0.7 
254 38 0.4 49 0.7 54 0 63 0 65 0 99 0.9 
425 27 0.7 38 0 39 1 
549 5 0.9 9 1 12 0.8 16 0.8 61 0 62 0.6 63 0.8 80 0.4 87 0 94 0.6 
561 6 0.4 7 0 60 0.5 65 0.8 77 0.8 95 0 
582 20 0.9 28 0.7 31 0.3 49 0 66 0 67 0.4 69 1 75 1 88 0 97 0 
634 16 1 25 0 29 0.8 31 0.8 37 0.7 44 0.4 51 0.3 
746 0 0.7 16 0.8 20 0 31 1 88 0.4 
807 26 0.9 36 0.4 49 0 53 0.4 73 0 77 0.4 86 0.4 95 0.5 
818 3 0.9 8 0 15 0.6 25 0 36 0.7 65 0 74 0 77 0 96 0.6 
950 6 0 21 0.9 56 0 62 0.9 76 0.6 85 0.7 87 0.9 
972 8 0 12 1 24 0.7 37 0.3 47 1 48 1 61 0.5 83 0 84 0.4 85 0 
982 14 0.9 26 0.6 48 1 89 0.7 
1010 6 1 7 0 18 0.4 24 0 26 1 29 0 45 0.3 50 0.9 62 0.3 
1013 25 0 37 0.8 56 0.5 60 0.8 93 0 96 0.9 
1069 15 0.7 34 0.7 36 1 79 0 81 0 83 0.7 
1114 3 0.8 15 1 18 0.5 33 0.9 39 1 41 0 80 0 96 0.3 
1192 2 1 26 0 46 0.3 72 0 94 0.8 
1246 27 0 35 0.7 75 1 87 0.8 89 0.3 93 0.8 
1268 6 0 25 0.7 34 0 71 0.5 79 0 86 0.3 
1297 8 0 11 0.5 86 0 
1459 0 0.7 2 1 7 0 14 0.4 19 0 38 0.8 83 0 86 0.8 87 0.7 91 0.4 
1465 28 0 50 0.7 54 0.9 99 0 
1539 39 0.4 50 1 59 0.5 
1616 23 0 45 0 48 0.5 
1635 23 0 33 1 62 0.9 63 0.4 67 0.4 
1655 64 0 
1686 26 0.3 46 0.6 47 0.8 87 0 
1770 4 0 8 0.6 28 0.3 74 0.5 75 0 83 0.8 
1809 10 0.4 40 0.6 66 0.5 
1970 42 0 58 0 66 0.4 75 0.5 
1988 26 0.6 31 0.5 
2247 54 0.6 
2384 49 0.9 52 0 80 0.8 
2668 23 0.8 25 0.7 31 0.3 41 0.7 42 0.9 44 0 59 0.7 69 0.6 
2686 2 1 9 0.5 32 0 75 0 
2792 8 0.9 
2914 9 0 32 0.8 46 0.7 
2919 3 1 21 0.5 22 0.4 47 0.9 73 0.6 
3191 9 0 21 0.8 27 1 34 0.7 39 1 43 0.5 44 0.3 52 0.5 80 0 
3337 15 0 22 0.7 50 0.4 54 0.5 62 0.4 63 0.4 71 0.7 94 0.7 97 0 
3569 41 0 94 0.7 
3889 8 0.4 24 0.3 33 0.3 46 0.9 82 0.7 84 0 91 1 94 0 98 0.6 
3984 50 0.3 
4355 7 0.8 32 0.7 47 0 49 0.7 55 1 70 1 75 0 86 0.9 
4421 8 0.7 37 1 47 0 53 0.4 58 0.9 60 0.7 62 0 65 0.5 92 0.6 98 0 
4592 6 0.9 16 1 47 0.4 78 0.8 95 0.8 
4642 5 0.4 36 0.3 42 0.7 52 0.7 55 0.4 68 0 76 0 89 0.5 94 0.3 
4702 21 0.7 
4767 14 0.4 38 0.7 64 0 98 0.5 
4912 1 0.4 12 0.8 32 1 
4935 43 0 
4940 3 0.3 17 0 19 0 43 0.7 92 0.6 
5073 5 0.9 6 0.3 7 0.7 13 0.9 15 0 47 0 62 0.4 88 0.6 
5211 31 0.4 46 0.6 48 0 75 0.6 
5249 97 0.8 
5498 7 0.9 14 0 33 0.5 36 0 96 0 
5614 1 0.9 4 1 23 0.5 88 0 
5713 2 0.4 9 0 55 0.9 59 0.3 60 0.4 
5791 2 0.3 13 0.5 25 0.5 44 0 57 0 63 0.9 67 0.6 71 0.4 91 0.9 96 0 
6047 35 0 37 0 84 0.3 
6220 41 0.8 51 0.5 60 0.3 79 0 83 0 85 0.8 
6565 5 0.7 12 0.6 40 0 47 0 74 1 
6754 61 0.4 87 0.7 88 0.5 91 0.9 
6913 20 0.6 47 1 54 0.3 88 0 
6972 5 0.6 48 0 72 0.6 79 0 
7029 4 0 28 0.8 48 0 52 0 55 1 62 1 68 0.5 70 0 86 0.6 88 0.3 
7303 29 0 
7353 40 0.8 68 0.9 
7550 31 0.7 
7570 4 1 23 0.8 26 1 27 0 39 0.6 
7584 5 0.9 67 0.4 89 0.5 91 0.7 
7940 17 0.3 21 0 29 0 41 0 42 0 82 0 88 0 
7988 20 0.6 
8204 44 0.4 89 0.4 
8246 2 0.6 21 0.6 23 0 48 0.8 65 0.5 69 0.7 
8328 8 1 10 0 26 0 33 0.4 39 1 57 0.8 84 0.4 
8333 5 0.4 9 0.8 24 0.3 29 0.8 34 0.9 39 0 51 0.3 71 0.8 84 0.4 91 0 
8439 31 0 33 0 70 0.9 94 0.6 
8475 11 0.3 29 0.3 32 0.8 45 0 57 0.4 67 0.8 86 0.7 91 0.5 96 0.6 
8535 4 0.7 26 0 27 0.8 30 0.9 40 0.5 70 0.8 81 0.4 94 0.9 
8868 0 0 26 0.9 43 0.6 64 0.5 71 0 79 0.6 99 0.5 
8924 27 0.6 39 0.5 43 0 
8936 7 0.6 19 0.3 26 0.6 29 0 47 0 55 0.6 70 0.4 82 0 
9105 13 1 16 0.9 37 0 43 0.8 48 0.6 54 0.4 68 0 84 0.7 96 0.3 
9139 6 0.8 14 0 22 0 49 0.7 52 0.4 60 0 62 0 67 0.7 90 0.6 92 0.5 
9153 7 0 28 0.3 44 0.7 45 1 47 0.4 73 0.5 81 0 82 0.5 95 0.9 
9339 62 0 
9344 81 0.3 85 0.6 
9348 5 0.6 16 0.3 17 0 22 0.5 26 0.6 45 0.3 75 0.9 84 0.9 
9468 40 0 50 0.6 70 0.9 75 0 91 0.3 
9503 5 0.4 15 0 22 0.9 31 0 40 0.3 43 1 44 0.5 51 0.7 98 0 99 0.5 
9561 9 0 21 0 29 0 35 0 60 1 72 0.4 77 0.6 87 1 92 0.3 97 0 
9627 7 1 17 0.4 18 0.4 25 0.7 44 0.8 52 0.5 65 0.9 76 0.6 77 0.7 84 0 
9695 16 0.8 22 0.8 27 0.4 49 0.5 70 0.8 80 0.6 85 0 90 0.3 92 0.5 
9728 6 0 8 0.8 11 0 59 0.9 85 0 86 0.9 
9802 85 0.9 
9807 63 0.3 98 1 
9895 13 1 18 0 61 0.9 89 0 98 0.7 
9983 33 0.7 61 0.5 
