100
13 50 0.8 
28 96 0.5 
29 33 0.5 48 0.7 
77 2 0.8 29 0.9 41 0.8 44 0 47 0.5 50 0.3 86 0 99 1 
127 1 0 9 0 11 0.9 57 0.4 76 0 88 0.5 
570 22 0.7 25 0.3 53 0.5 63 0.7 64 0 86 0.6 
773 20 0.9 51 0.9 78 0.4 91 0.5 
861 6 0.9 17 0.8 21 1 65 1 76 0 84 0.9 87 0.5 93 0.3 97 0.8 
864 13 0 20 0 67 0.5 71 1 77 0.4 90 0.7 94 0.6 
985 28 0.4 44 0 55 0.5 
999 17 0 20 0.5 32 0 39 0.3 44 0.8 56 0.7 68 0.3 76 0 81 0 
1019 1 0 5 0.9 23 0 26 0.8 36 0.7 41 0.4 74 0.7 
1026 11 1 17 0.8 21 0.4 42 0.9 51 0.9 66 0.6 88 0.5 90 0.9 
1125 11 0.8 35 0.3 47 1 77 0.6 82 0.4 
1308 3 0.3 49 0 50 0.6 54 0.3 61 0.4 65 1 78 0.6 85 0.7 90 0 
1597 56 0.8 85 0.8 93 0 
1724 12 0.4 37 0.4 41 0 68 0.4 71 0.3 
1779 19 0.5 22 0 25 0.6 30 0.7 39 0.7 48 1 53 0.5 81 0.8 99 0.7 
1796 20 0 45 1 54 0 72 1 91 0.9 98 0.8 
1955 3 0.4 15 0 17 0.4 23 0.4 47 0.8 52 0.8 60 0.9 61 0 65 0.5 
1957 9 0.3 11 0.8 97 0.3 
2430 19 0.8 42 0.9 48 0.4 56 0.4 67 0.8 84 1 96 0 
2520 8 0.3 13 0 40 0 69 1 75 0 82 0.4 83 0.7 86 0 91 0.5 
2764 4 0.4 14 0 26 0.9 63 1 70 0.6 90 0 
2809 90 0.4 
3000 13 0.7 42 0.5 45 0.3 73 1 97 0.4 
3429 14 1 39 0.3 
3508 37 0.6 63 0.9 83 0.6 
3510 25 0 29 0.8 41 1 98 0 
3525 8 0.3 22 0 44 0 46 0.9 61 0 77 0.4 78 0.4 
3542 55 0.8 68 0.4 71 0.7 
3621 33 0.7 42 0.8 47 0.9 62 0.9 75 0 
3652 33 0.4 48 0.7 99 0.3 
3736 19 0 57 0.3 66 0 78 0.3 79 0.8 84 0 87 0 91 0 95 0 
3998 47 0 51 1 52 0.9 64 0.3 65 0.5 69 0.6 71 0.4 75 0.9 86 0.6 87 1 
4120 1 0.5 12 0.5 15 0.4 41 0.5 69 0 89 0.3 92 0 
4189 1 0.7 17 0.6 68 0.9 69 0.6 74 0.3 
4281 0 0.8 3 0.7 7 1 22 0 36 1 44 0 88 0.7 
4283 1 0 2 0 6 0.4 13 1 38 0.9 
4397 33 0.8 47 1 56 0.6 
4398 18 0 21 0 33 0 75 0.7 85 0.4 96 0 
4517 43 0.5 
4715 3 0.4 21 1 28 0.3 50 0 76 0 
5000 27 0.7 
5002 22 0.5 58 0.7 
5049 7 0.8 15 1 48 0.5 71 0.5 73 0.8 77 0.7 
5076 2 0.5 11 0 39 0.9 58 0.6 64 0.3 83 0.9 90 0.3 
5211 31 0.5 46 1 48 1 75 0.9 
5347 44 0 67 1 89 0 
5447 8 0.9 78 0.5 87 0.8 
5458 10 1 28 0 53 0.4 57 0 82 0 99 1 
5553 22 0.5 27 0.5 44 0.7 75 0.9 
5807 13 0 21 0.3 23 0.8 33 0 45 0.5 82 0.3 86 0.7 93 1 
5828 12 0.6 24 0 35 0 39 0.6 53 0.5 65 0.9 74 0 
6123 43 1 51 0.4 85 0.7 
6240 78 0.3 
6247 3 1 14 0.9 87 0.3 
6308 35 0.5 57 0 94 0.7 95 0.5 
6460 0 0.8 8 0.8 37 0.4 78 0 
6530 14 0.8 19 0 20 0 27 0.3 34 0.5 43 0 76 0 90 1 
6555 11 0.5 18 0 23 0.5 50 0 60 0.4 79 0.4 88 0 90 0 
6677 8 0.9 11 1 45 0 52 0.5 66 0.9 70 0.5 77 0.4 84 0.5 
6737 3 0 5 0.5 39 0.4 47 0 48 0.6 72 0 81 0.6 86 0.5 90 0.3 
6759 53 0.9 82 0 83 0.5 94 0 95 0.7 
6898 27 0 35 0 41 0.9 47 0.3 50 0.5 62 0 99 0 
6938 32 1 45 0.5 46 0.5 70 0.4 79 0.4 81 0.5 97 0.4 
7094 3 0.5 5 0.8 15 0.9 40 0.5 41 1 43 0.5 54 0 67 0 80 0.3 86 0 
7099 4 0 73 0 89 0 
7101 4 0.6 11 0 35 0 56 0 89 0.8 90 0.9 
7213 29 0.4 32 0.5 44 0 67 0.7 96 0 
7346 17 0.9 47 0.3 52 0.4 59 0.8 86 0.5 
7638 12 0.9 15 0.3 24 0.7 31 0 33 0 39 1 
7692 30 0 
7859 32 0 46 1 
7961 41 0.9 52 0 81 1 84 0 96 0.8 
8018 0 0.9 4 0.7 15 0.9 30 0.8 36 0 57 0.3 62 0 63 0 73 0.9 75 0.4 
8058 0 0.7 
8155 21 0 27 0.4 50 0.4 58 0.8 61 1 67 0.6 73 0 81 0.4 
8257 2 1 3 0.4 22 0 56 0.8 65 0 66 0.7 70 0.7 79 1 
8286 59 0.8 79 0.8 
8319 20 0.6 23 0.8 36 0 39 0 48 0 49 0.6 
8342 18 0.8 24 0 37 0.5 39 1 59 1 76 0.5 81 0.8 
8348 0 0.8 8 1 15 0.5 22 0 33 0 63 0 77 0 83 0.3 97 0.8 
8372 3 0.9 6 0 29 0.6 42 0.5 80 0.7 82 0.3 97 1 
8397 5 0.7 24 0.7 26 0 32 0.8 42 0 47 0 61 0.8 88 0.7 
8398 47 0.6 58 0.3 72 0.3 
8437 26 0 27 0 52 0 60 0 86 0 91 0 
8484 12 0.4 46 0 79 0.8 
8660 15 0.8 47 0.4 57 0.3 
8894 61 0.4 65 0.3 78 0.4 
8954 7 0.4 9 0 10 0 14 0.8 59 0.5 
8959 6 0 10 0 16 0 36 0 46 1 84 0.5 94 1 
9039 21 0.6 55 0.8 64 0.6 74 0.9 79 0.5 94 0.6 
9322 0 0.3 5 0.4 
9387 14 0.9 48 0.9 62 0.9 
9768 12 0 93 1 
9781 89 0 
9862 9 0.7 45 0 73 0.3 
9882 35 1 40 0.4 42 0 67 0.8 68 0.8 72 0.4 93 0 
9915 99 0.4 
