100
56 73 0.3 
246 4 1 13 0.5 24 0.4 29 0 31 0 55 0.6 59 0.9 66 1 
410 6 0.4 12 0.8 18 1 45 0 62 0.5 77 0 94 0.4 95 0.5 97 0 
653 0 0 2 0.6 47 0.9 
884 76 0 99 0.5 
1199 7 0 20 1 24 0.6 25 0.7 51 0.6 76 0 
1345 0 1 2 0 7 0 11 0.7 15 0 21 0.8 23 0.5 50 0 62 0 95 0 
1362 2 0.6 18 0.6 23 0 37 0.8 38 0.7 39 0.6 56 0.8 67 0 88 0.9 98 0 
1534 16 0.9 34 0.7 64 0 68 0 91 0 
1658 45 0.5 58 0.4 74 0 85 1 90 0.7 95 0.9 99 0 
1761 43 0.9 58 1 83 0.3 93 0.8 
1814 45 0 46 1 55 0 86 0.8 98 0.8 
1881 0 0 3 0.4 11 0 41 0.3 60 0 74 0 95 0.6 
1917 20 0.6 71 0 92 0.4 
1946 11 1 22 1 27 0.6 41 0 56 0.5 78 0.3 87 1 
1948 27 0.7 32 0.4 40 0 54 0.4 67 0.9 68 0.9 82 0 
1998 15 1 
2196 77 0.4 
2228 49 0.5 
2333 1 0 35 0.4 78 0 84 1 
2437 6 0.3 12 0.7 57 0.5 84 0.8 93 0.3 
2440 57 0 
2506 18 0 26 0.9 52 0.9 66 0.4 77 1 90 0.4 93 1 
2529 12 0.9 27 0 39 0.5 40 1 75 0.9 95 0.7 
2619 14 0.6 26 0.4 30 0 62 0.9 76 0.6 88 0.3 90 0 
2761 15 0.4 64 0.8 
2917 5 0 24 1 91 0.5 
3025 25 0 38 0.5 80 0.6 
3062 55 0 99 0.8 
3065 5 0.9 8 0.7 18 0.7 30 0.5 51 0.3 54 0.3 94 0.5 
3073 2 0.7 13 0.8 31 0 52 0.9 69 0 74 0.6 89 0 94 0.9 98 0.5 
3130 27 0 
3146 15 0.5 36 0.8 40 0.9 92 0.7 
3251 2 1 14 0 17 0 33 0 37 0 45 1 46 1 63 0.3 89 1 
3292 5 0.7 14 0.4 35 0.3 66 0.5 71 0.9 80 0.5 89 0.8 
3303 13 0 30 0.3 36 0.9 47 0 67 0.7 83 0 86 0.4 
3336 38 0.4 89 0.9 
3350 90 0 
3425 3 0 
3551 35 0.4 54 0.7 58 0.4 75 0.8 
3868 54 0.8 
3950 23 0.8 34 0.6 46 0 56 0 57 0.8 64 0.8 81 0 84 0.6 
3974 0 0.7 44 0 55 0.9 69 0.3 71 0 73 0.7 77 0.9 81 0 94 0 99 0 
4312 2 0.9 17 0.8 45 0.3 59 0 74 0.6 82 1 87 1 88 0.3 
4415 20 0 45 0.6 77 0.6 80 1 89 0.6 92 0.3 
4527 1 0 3 0.3 50 0 58 1 
4651 17 0.7 41 1 58 0 82 0 87 0 
4868 3 0 6 0.6 7 0 9 0.9 17 0.5 19 0.4 26 0.7 48 0 65 0.3 80 0.6 
4920 0 0.3 5 0.5 16 0.8 26 0.8 30 0.5 36 0 66 0 68 0.4 86 1 98 0.8 
5062 0 0.6 21 0 30 0 48 0.8 90 0 
5080 3 0.5 10 0.7 14 0 30 0.4 39 0.7 40 0 46 0.6 50 0 63 0.5 
5084 70 0 73 0.3 
5091 64 0.6 85 0.5 
5349 78 0.5 
5413 14 0 22 0 29 0.4 53 0.5 
5554 66 0 
5731 8 0 18 1 23 0.4 25 0 65 0.8 90 1 
5852 40 0.3 41 0 
6079 37 0 40 0 41 0.8 82 0.3 94 0.4 97 1 98 1 
6090 1 0 5 0.6 28 0.6 46 1 49 0.3 50 0 80 0.4 
6114 5 1 7 1 11 0.8 36 0 41 0 85 0.3 88 0.9 
6150 55 1 
6454 92 0.8 
6479 9 0 36 0.4 41 0.4 56 0.9 61 0 66 0 73 0.6 83 0 
6554 2 0.6 19 0 22 0 25 0.9 55 0.6 65 0.5 70 0.6 76 0 83 0.6 
6663 2 0.8 39 0 
6689 5 0.4 13 0.8 15 0 29 0 63 0.8 71 0.8 87 1 88 0.9 91 0 
7120 8 1 40 0.5 45 0.5 62 0 93 0.6 
7279 9 0.7 14 0.6 29 0 58 0.7 83 0 88 1 
7508 1 0 2 0 7 1 10 0 13 0 53 0.6 64 0.5 75 0.9 
7657 6 0.4 42 0.9 43 0.8 45 0.3 53 0.5 57 0.7 60 0.8 67 0 84 0.9 
7704 0 0 10 0 37 0 95 0.4 
7777 39 0.9 52 0 54 0 64 0.5 98 0.3 
7792 10 1 23 0 38 0.6 46 0.3 49 1 64 0.4 65 0.8 76 0.8 77 0.6 
8142 15 0.7 20 0 36 0 48 0 54 0.7 59 0 65 0.6 66 0.4 81 0.9 89 0.6 
8218 79 0.5 81 1 
8373 34 0 48 0.8 49 0.4 50 0.8 56 0 70 0 72 0 92 0 96 0 97 0 
8544 22 0.7 43 0 47 0.6 58 0 64 0.9 88 0.9 
8772 22 0.3 63 0.7 80 0.8 81 0.4 83 0.5 94 0.4 
8856 1 0.7 4 0.8 21 0.3 23 0.7 25 0.9 56 0.9 62 0 67 0.6 68 0 84 0 
8934 2 0.8 13 0.4 15 0 25 0 49 0.7 
8939 16 0 18 0.8 19 0.9 21 0.9 22 0.9 41 0.7 45 0.6 89 0 
8961 2 0.3 43 0 61 0.8 69 1 77 0 83 0.3 91 0 99 0.3 
8976 7 0.4 22 0 86 0.5 
9014 12 1 40 1 57 0.6 58 0.6 70 0 91 0 
9069 12 0.4 31 0.7 64 0.6 
9108 88 0.3 
9139 6 0.6 14 0.7 22 0 49 0.6 52 0 60 0.5 62 0 67 0.8 90 0.9 92 0.5 
9162 1 0.9 9 0.9 17 1 22 0 64 0.4 70 0 
9428 39 1 53 1 60 0 76 0.6 
9455 17 0.7 23 0.4 
9471 46 0.9 56 0.6 69 0 86 1 
9550 18 0.5 32 0.6 47 0 49 0.3 56 0.5 81 0.3 96 0.9 
9596 21 0.7 24 0 72 0.3 92 0.9 
9798 5 0.6 7 0.8 15 0.8 29 0.7 31 0 34 1 64 1 66 0 75 0.3 
9839 0 0 4 0 9 0.9 23 0.6 49 0.3 68 0.6 81 0 85 1 90 0.9 
9844 21 0.5 25 0 27 0.9 34 1 46 0.7 51 0.4 76 0.8 
9896 3 0 13 1 34 0.5 51 0.8 71 0 78 0.5 84 0.9 88 0.7 93 0.9 95 0.7 
9905 1 0.6 29 0.6 67 1 77 0.9 79 0 82 0.3 92 0.3 
9952 6 0.6 19 1 28 0.5 30 0.7 43 0.8 61 0.5 79 0.5 
