100
213 1 0.8 
297 79 0 
322 34 1 41 0.5 42 0.5 70 0.8 84 0.4 97 0.3 
330 32 0 34 0 57 0.7 72 0 
955 29 0.3 38 0.5 74 0 
1012 6 0.8 14 0.8 23 0.4 31 0.8 62 0.3 65 0 77 0 82 0.5 93 0.9 
1139 6 0.7 23 0 36 0 87 0.7 88 0.4 
1276 22 1 53 0.3 56 0.4 93 0 
1278 8 0.7 55 0.9 
1296 16 0.7 39 0 84 1 
1459 0 0.6 2 1 7 0 14 0.9 19 0.9 38 0.6 83 0.8 86 0 87 0.7 91 0.6 
1553 10 0.4 23 0.4 63 0.6 66 0.6 78 1 
1568 44 0.3 48 0.4 
1673 15 0.9 38 0 42 0.6 45 0.5 84 0.6 92 0.4 98 0 
1961 25 0.9 40 0.7 63 0.9 66 0.8 
1988 26 0 31 0.3 
2037 6 0.4 40 0.9 42 0.3 80 0.9 85 0.5 
2063 27 1 36 0.7 44 0.5 45 0.7 55 0 73 0.9 83 1 99 0.9 
2077 0 0.4 6 0.8 14 1 18 1 32 0.7 64 0 83 0.8 
2148 13 0 31 0.4 36 0.5 66 0.5 
2193 22 0.7 83 0.5 
2292 29 0.4 53 0.7 78 0 90 0.5 92 0.7 93 0.8 95 0 
2411 24 0.6 28 0.4 30 0.5 49 0.3 68 0.5 72 0 
2455 3 0.5 24 0.8 59 0.9 60 1 62 0.6 71 0.7 75 0.4 80 0 83 0.9 
2463 14 0.7 16 0.4 34 0 41 0 47 0.4 53 0.3 67 0 68 0 
2471 13 0 22 0.4 24 0 62 0 77 0.7 88 0.7 94 0.5 
2619 14 0 26 0.5 30 0 62 0.5 76 0.7 88 0 90 0.7 
2635 47 0 63 1 88 0.5 
2685 17 0.7 
2770 6 0.9 15 0.7 21 0.5 32 0 37 0.4 47 0 55 0.3 67 0.9 77 0.7 
3049 23 0 24 0.6 32 0.9 59 0 81 0.9 83 0.4 
3129 19 0 57 0.5 59 0.5 88 0 
3220 19 0.4 21 0 26 0.5 62 0.6 97 0.8 
3511 24 0.8 27 0.8 42 0.9 56 0.7 59 0 64 0 65 0.6 98 1 
3594 0 0.3 2 0.5 17 0.9 18 0.9 42 0 46 1 64 0.3 74 0.4 83 0.5 93 0.9 
3622 34 0 
3642 74 1 
3688 31 0 41 0.9 66 0.4 97 0 
4153 14 1 36 0 38 0 43 0.8 51 0 78 0.7 
4224 38 0.3 
4248 10 0.5 20 0.4 26 0 65 0.8 92 0.9 97 1 
4292 2 0.6 13 0.3 17 0.6 53 0.8 57 0.9 74 0 99 0.8 
4302 42 0.5 
4381 87 0.7 
4399 6 0.7 11 0.8 22 0 33 0.3 40 0 45 0.3 52 0.4 64 0.3 76 0.7 82 0 
4810 3 0.3 11 0 17 0.9 20 0 30 0 58 0.3 77 0.6 78 1 88 0.9 
4903 14 0.7 28 1 34 0.5 41 0 43 0.9 47 0 54 0.3 99 0 
4977 18 0.8 24 0 54 0 64 0 77 0.3 88 0.9 96 0.4 
5112 52 0 79 0.4 
5166 1 1 3 1 25 0.6 29 0 67 0 77 0.8 
5179 41 0.5 48 0.3 51 0 
5251 16 0.8 29 0 67 1 
5389 1 0.6 26 0.3 93 0.7 
5457 0 0.7 7 0.4 38 0 51 0 63 0 65 0.7 70 0.3 84 0.9 88 0.8 
5502 41 0 52 0.5 76 0 77 0 83 0.7 
5534 0 0.3 20 0.4 24 0.5 31 0 42 0.9 49 0.6 56 0.9 65 0.3 
5585 2 0.7 
5620 10 0.9 46 0 55 0 91 0 
5795 16 0.6 31 1 68 1 69 0.4 85 0 
5926 32 0.6 34 0.5 84 0.3 
6054 6 0.8 26 0.9 31 0.3 40 0.4 81 0.9 85 0.5 
6103 26 0 33 0 42 0.4 75 0.4 85 0.7 91 1 93 0.7 
6142 22 0.3 25 0 26 0 44 0.7 58 0.6 68 1 72 0.8 93 0.7 
6270 44 0.5 61 0 64 0.6 80 0.6 
6386 0 0.4 2 0.9 3 0.5 19 0.8 45 0.5 56 0.9 58 0.8 69 0.9 90 0.7 
6609 27 0 80 1 
6627 8 0.8 11 0 28 0.4 32 0.5 42 0 61 0 62 0.6 67 0.5 75 0.5 90 0 
6768 2 0.9 28 1 66 1 69 0.3 78 0.4 83 1 86 0.8 
6813 2 0.6 55 0 57 1 81 1 84 0.6 90 0.9 
6839 2 0.7 20 0.5 24 0.4 40 0.8 50 0 60 0.9 65 0 72 0.7 84 1 
6891 25 0.5 39 0 45 0.7 47 0.5 56 1 82 0.7 
6961 22 0.9 29 0.9 36 0 40 0 53 0.3 59 0.8 87 0.3 
7019 11 0.7 14 0.5 16 0.6 26 1 38 0.4 50 0.9 54 0.9 57 0.5 69 0 
7145 3 0.9 49 0.4 69 0.3 92 0 
7239 1 0 12 0.5 13 1 40 0.3 41 0.3 47 0 64 0.9 
7333 0 0.5 11 0.4 23 0.9 44 0.5 58 0.4 74 0 
7350 64 0.4 
7605 14 0 28 0 92 0 95 1 
7612 1 0 8 0.8 17 0.7 34 0.3 53 0 
7686 31 0.4 
7724 39 1 83 0 
7727 0 0.5 21 0 46 0.6 51 1 93 0.6 
7810 7 0.6 45 0.8 53 0.8 67 0 70 0 77 0 99 0.3 
7874 0 0 24 0 39 0.9 
7969 87 0.4 
8133 16 0 74 0.5 81 0.9 93 0 
8239 13 0.5 30 0 42 0.9 51 1 62 0.9 69 0.4 72 0.5 81 0.8 
8455 89 1 
8461 70 0.6 76 0.7 
8465 20 0.7 34 0.9 40 0.9 71 1 97 0 98 0.8 
8478 10 1 24 0.6 32 0.8 48 0.7 50 1 59 0.5 60 0.7 61 0.8 82 0.6 83 0.5 
8479 15 1 16 0 43 0.8 73 0.6 80 0 
8572 17 0.3 29 0 45 0.8 59 0.3 62 0.3 83 0.6 88 0 90 0.9 
8721 5 0.7 22 0.9 38 0 61 0.4 68 0.6 80 0.9 90 0.5 91 1 96 0.5 
8725 13 0.9 63 0.7 85 0.7 93 0 97 0 
8842 3 0.7 24 0.5 25 0.4 28 0.8 38 0.4 82 0.8 94 0.8 
9327 4 0.3 12 0.7 15 0 17 0 32 0 45 0 60 0.9 88 0 
9389 0 0 37 0.6 41 0.5 58 0 63 0.9 69 0.5 84 0.5 
9668 2 0 5 0.4 29 0 35 0.8 64 0.7 65 0.4 74 0.7 89 1 91 0.7 
9770 6 0.5 17 0.6 32 0.6 78 0.9 93 0.8 
