100
89 56 1 96 0.5 97 0.5 
164 7 0.4 52 0.4 59 0.5 
221 63 0.9 86 0.8 
424 13 0.8 26 0 38 0.4 54 0.8 68 1 76 0.5 98 0.6 
522 11 0.8 34 0.8 53 0.9 67 1 
690 2 0.5 17 0.3 23 0.7 24 0 83 0.7 96 1 
743 26 0 36 0 64 1 69 0.4 85 0.9 99 0 
824 17 0.7 36 0.3 59 0.6 
902 17 0.9 22 0.4 30 0.7 52 0.9 54 0 79 0.7 
1198 12 0.6 37 0.5 53 0.4 54 0 58 0 81 0.5 82 0.3 93 0 
1464 31 0.8 96 0 
1485 7 0.8 49 0.6 74 0.6 81 0.6 
1572 10 0.8 41 0.5 61 0.8 63 0.4 64 0 
1672 21 0.5 45 0 48 1 52 0.3 55 1 60 0 64 0.4 74 0 88 0 99 0.5 
1684 99 1 
1768 7 0 12 0.7 14 0 33 0 46 0.6 52 1 74 0.5 88 0.5 96 1 
1770 4 0 8 0.6 28 0.7 74 0 75 0 83 0.9 
1785 1 0.9 25 0 27 0.9 35 0.3 42 0.8 70 0 72 0.5 97 0.3 
1802 18 0 28 0.9 50 0.6 59 0.6 76 0.5 79 0.7 87 0.6 
1804 4 0 7 0.3 8 0.6 17 0.7 42 0.5 50 0 53 0.4 72 0.9 82 0 
1826 7 0.5 41 0.9 95 0.9 
1927 1 0.5 19 0 32 0.4 33 0 75 0 
2233 8 0 42 0 48 0.4 58 0.6 61 0 75 0.5 94 0.5 
2368 29 1 36 1 45 0 77 0 
2432 1 0.9 19 0.6 21 0 24 0.9 41 0.3 44 0.7 47 0.8 49 0.4 76 0.5 98 0.8 
2472 86 0 
2631 53 0 82 0.9 
2639 14 0 49 0.3 83 0 
2658 35 1 40 0 46 0.3 52 0.5 92 0.6 94 0 
2674 8 0.3 17 0.7 78 0.8 84 0.8 90 0 98 0.4 
2693 2 0.3 4 0 8 0.8 23 1 54 0.6 57 0.5 68 0.4 70 0.5 89 0 91 0 
2741 86 0.7 
2890 14 0.6 28 0.8 30 0 40 0.8 72 0.6 88 1 
3035 14 0.5 18 1 36 0 38 0.7 78 0.5 83 0 84 0.9 
3105 10 0.9 29 0.7 36 1 94 0 
3521 12 0.4 15 0.7 17 0 22 0.9 27 0.8 36 0.8 41 0.6 73 1 75 0 95 0.7 
3598 10 0 18 1 62 0 83 0.7 84 0.8 
3611 2 0.5 7 0.8 
3665 61 1 71 0.8 74 0.9 79 1 
3710 3 0.9 24 0 32 0 45 0 54 1 63 0.8 65 0 86 0.3 93 0.6 
4024 26 0 
4052 23 0.6 45 0.5 49 0.9 53 0 74 0.7 
4091 11 0.6 20 0.7 34 0.5 38 1 48 0.4 67 1 82 0 
4169 42 0 
4229 14 0.9 20 0.5 21 0 27 0.5 28 0 51 0.4 62 0 69 0.5 92 0.5 98 0.5 
4300 9 0.9 60 0 77 0.7 82 0.7 
4351 8 0 22 0.6 30 0.6 59 0.4 72 0.9 75 0 
4482 9 0 62 0.3 65 0.6 
4592 6 1 16 0.6 47 0.3 78 0 95 0.3 
4843 9 0.4 50 0.9 64 0.5 
5014 34 0 54 0.6 66 0 84 0.8 
5161 41 0 78 0.4 
5364 87 0.5 
5388 20 0.3 
5418 4 0.5 48 0 68 0.5 
5723 27 0.3 53 1 55 0 70 0.8 72 0.6 
5782 10 0.5 19 0 24 1 51 0.5 57 0.9 60 0 61 0.8 63 0.9 68 0.7 91 0.9 
5874 7 0.8 16 0 19 0 22 0 57 0.8 89 0.3 90 0 
5917 12 0.7 27 0.8 77 0.6 78 0.5 81 0 
5994 17 0 18 0.6 24 0.7 25 0 27 0.8 33 0.8 99 0.6 
6011 27 0 28 0.3 39 0 40 0.8 47 0.6 49 0.7 63 0.4 70 0 87 0.3 
6057 6 0.5 9 0.9 57 0.6 65 0 74 0.7 95 0.9 97 0 
6457 5 0 22 0.5 23 0.8 58 0.4 60 0 70 0 77 0.8 82 0.3 90 0 
6544 14 0 65 0 70 0.7 72 0.4 
6609 27 1 80 0.9 
6655 12 0.6 20 0.9 95 0 
6812 56 0.6 
6898 27 0.9 35 0.4 41 0.4 47 1 50 1 62 1 99 0 
6957 27 0.6 36 1 47 0.6 72 0.3 75 0 80 0.3 82 1 
7125 60 0.3 61 0 79 0 
7227 7 0.7 49 0 
7251 17 0.7 27 0 35 0 53 0 78 0.8 89 0.6 
7254 1 0 11 0.8 24 1 28 1 36 0.4 64 0.7 75 0.4 78 0 94 0 95 0.4 
7834 63 0.9 98 0.7 
7899 17 0.8 
7903 38 0.4 
7928 53 0.4 86 0 
7933 12 1 27 0 43 1 78 0.8 80 0.8 88 0.7 99 0.6 
7934 1 1 25 0 40 0.4 53 0.5 57 0 66 0.3 
7948 8 0.6 69 0 
8133 16 0.5 74 0 81 0.3 93 0.8 
8174 23 0.7 34 1 56 0.3 66 0.8 69 0.8 
8253 12 0.4 17 0.7 40 0.5 41 1 42 0.7 44 0.3 59 0.6 80 0.6 92 0.5 94 1 
8356 53 1 94 0.4 
8375 14 0 18 0 29 0.8 31 0 52 0 56 0 66 0.9 68 0 99 0.5 
8611 84 0.7 
8879 7 0.3 12 0 22 1 38 0.5 44 0.8 46 0.4 47 0 66 0.3 75 0.5 85 0.3 
8908 35 0.9 40 0 47 1 66 0.6 82 1 97 0.8 
8991 14 0.5 25 0 34 0 51 0.6 56 0.5 75 0 84 0.6 
9166 30 0 83 0 92 0.6 
9210 10 0 25 0.5 47 1 60 0 66 0.7 86 0.5 
9227 19 0.8 26 0.8 28 0 33 0.6 36 0 51 0.6 73 0 77 0.4 80 0.9 98 0.3 
9353 2 0.8 49 0.8 53 0.6 71 0.5 76 0.5 91 0 
9383 30 0.6 38 0 49 0.9 72 0.9 75 0 
9535 25 0 
9541 4 0.4 28 1 44 0.5 45 0.6 57 0.4 69 0.7 70 0.8 80 0 84 0 
9638 31 0.8 43 0.3 78 0.7 82 0 83 0 
9646 5 0.4 12 1 17 0.9 28 0.5 30 0.9 69 1 81 0 92 0.7 
9867 91 0.7 
9884 2 0 13 1 22 0.6 33 0.5 52 0 80 0.4 88 0.3 
