100
17 6 0.6 15 0.3 62 0.3 85 0.4 
70 96 1 
173 78 0.9 
255 11 0 
413 2 0.3 7 0 34 0.6 
455 0 0.3 6 0.8 41 0.3 53 0 73 0.8 79 0.9 80 0 
804 9 0.6 14 0 17 0.4 25 0.8 74 0.9 98 0 
837 18 0.4 61 0 71 1 
908 26 0.6 46 0.4 68 0.9 
1041 9 0.3 44 1 68 0 74 0.5 90 0.4 99 0.9 
1293 8 1 26 0.6 45 0.9 49 0.8 51 1 80 0 95 0.7 
1299 60 0.7 
1329 2 0.3 14 1 15 0.3 36 0.4 48 0.8 77 0.8 
1624 4 0.7 45 0.6 62 1 82 0 95 0.9 
1630 26 0.8 41 0.3 58 0.7 66 0 
1666 18 1 32 0.8 40 0 44 1 46 0.6 48 0.9 81 0.6 92 0.5 94 0.4 
1704 10 0.8 87 0.9 
1816 31 0 35 0 49 0.6 64 0 98 0.6 
1911 28 0.7 39 0.9 88 1 
2053 9 0 14 1 15 0 42 0 48 0.3 83 0.4 
2202 47 0 
2261 18 1 35 0.5 43 0.5 45 0 81 0 
2298 23 0.3 24 1 25 0 30 0.3 37 0.8 67 0 70 0.5 74 0.4 78 0 99 0.6 
2363 4 0 13 0.5 18 0 47 0 50 0.9 59 0.9 74 1 78 0.8 84 0.4 96 1 
2760 59 0.8 
2816 50 0.7 77 0.6 
2864 17 0 
2895 90 0.4 
2992 5 0.6 15 0.7 28 0.7 34 0.3 39 0.9 
3124 13 0 40 0.6 43 0.8 55 0.9 63 0 83 0 91 0.5 97 0 
3172 20 0.8 24 0.5 
3410 8 0.6 51 0.9 70 0.6 89 0.5 90 0 
3632 15 0.8 30 0.4 37 0.9 41 0.4 64 0.3 69 0 72 0 79 0 
3646 11 0.9 33 0.9 63 0.9 78 0.3 79 1 
3885 0 1 3 0 26 0.5 67 0.6 77 0 99 1 
3894 11 0.9 16 0.7 18 0.5 37 0.9 44 0.3 73 0 84 0.4 92 0 93 0 97 0 
3941 1 0 
3948 11 0.5 32 1 37 0 62 0 74 0.5 80 0.4 89 0.9 98 0.9 
4100 10 1 35 0.4 36 0.7 50 1 80 0.8 92 0.8 
4150 65 0.8 67 1 72 0 
4191 1 0.5 95 0.4 97 0.7 99 0.4 
4235 12 0.9 20 0 37 0.5 42 0 48 0 56 0.5 66 0 74 0 84 0.3 99 0 
4241 22 0 36 0.3 37 0.4 42 0.7 49 0.8 94 0.3 
4272 1 0.7 7 1 16 1 31 0 57 0 77 0.4 95 0.3 
4466 9 0 13 0.3 23 0.9 26 0.7 34 0.7 37 0.6 47 0 88 0.3 96 0.5 
4511 5 0.4 11 1 18 0.3 20 1 30 0.9 33 0.8 52 0.3 62 0.8 
4690 53 0 90 0 92 0.5 
4704 78 1 
4957 28 1 32 0.4 35 0 45 0.4 58 0.6 62 0.5 95 0 
4968 70 0.6 77 0.9 86 1 
5004 3 0.3 10 0.8 
5181 4 0.4 8 0.9 49 0.6 54 0 58 0 63 0.4 
5262 32 0.9 93 0.9 
5447 8 0 78 0 87 0.3 
5590 10 0.5 12 0.3 14 0 27 0.3 36 0.3 39 0.9 70 0.6 79 0.3 86 1 98 1 
5695 11 0.3 17 0.4 41 0.6 69 0.6 
5967 0 0 1 0.8 17 0 21 0.9 24 0.5 50 1 90 0.6 93 0.4 94 0.6 95 0 
6108 56 1 73 0 75 0.6 
6254 2 0 37 0.8 39 0.7 51 0.3 53 0.4 77 0.4 88 0.6 97 0 
6515 33 0.4 58 0.6 84 0.9 
6538 14 0 16 0 20 0 34 0.7 50 0.3 63 0 75 0 93 0.3 98 0.6 99 0 
6570 71 0.3 
6610 78 0.5 
6745 4 1 5 0.8 62 0.3 80 0 90 1 
6755 28 0 
6777 22 0.6 57 0 63 0.6 67 0.8 71 0.9 91 0 98 0 
6868 31 0.4 34 0.8 37 0.5 55 0 67 0.9 73 0 76 0 85 0.8 99 1 
6912 77 0.9 
6972 5 0 48 0.5 72 0.4 79 0 
6973 15 0 23 0 24 0.6 60 0.3 
7035 30 1 41 0 42 0 50 0.4 61 0.4 67 0 70 0.3 76 0.8 79 0.3 96 0.5 
7119 29 0.9 35 0.9 38 0.7 61 1 
7262 42 0.4 43 0.7 44 0.5 
7464 33 0 
7604 2 0 7 0.5 13 0 27 0.8 28 0.8 30 0.5 46 0.6 62 0.3 76 0.8 94 0.7 
7606 10 0 13 1 19 0 24 0.8 26 0.8 32 0.7 55 0.4 69 0.3 84 0 99 1 
7866 0 0 88 0.9 
7881 8 0.5 11 0.7 20 0.3 42 1 75 0.4 76 0.3 89 0.9 93 0 
7950 49 0.9 76 0.5 
8154 22 0 41 0.9 
8195 6 0.5 15 0.6 31 1 38 0.9 67 0 73 1 85 0.6 89 0.9 90 0.3 95 0.8 
8336 19 0.5 28 0.3 70 0 92 0.7 
8342 18 0.3 24 0 37 0.4 39 1 59 1 76 0.3 81 0 
8354 0 0.6 12 1 15 0.9 17 0.4 40 0.7 54 0.4 65 0.7 90 0 91 0.5 
8362 32 0.6 66 0.4 70 0.8 74 0.7 76 0 95 0.4 
8483 40 0 41 0.7 58 0.8 95 0 96 0.3 
8526 10 0.3 11 0 34 0 36 0 59 0.4 85 0 93 0 
8630 4 0.7 28 1 30 0 40 0.9 41 0 44 0.5 67 1 69 0.3 74 0.6 89 0.5 
8722 56 0.7 58 1 63 0.7 97 0.8 
8759 88 0.8 
9179 3 0 4 0.7 37 0.7 61 0.6 86 0.4 
9191 37 0.4 42 0.3 59 0 74 0 80 1 
9399 4 0.6 14 0 30 1 57 0 62 0.7 65 0.8 71 0 79 0 
9439 27 0.8 31 0 42 0 49 0.8 77 0 78 0.4 
9491 1 0.7 12 0.4 61 0.5 62 0.8 
9498 1 0.7 24 0.7 30 0 38 0 39 0.8 45 0.5 66 0.3 67 0.8 76 0.9 
9533 0 0 12 0 13 0 23 0 26 0 59 0.3 68 0.4 75 0.4 80 0 90 0.9 
9663 2 0.7 57 0.7 66 0 76 0.8 77 0 87 0 90 0.9 
9730 26 0 75 0 99 0.4 
9791 28 0.4 
