100
52 22 0 45 0 56 0 
73 28 0.3 84 0 
271 8 0.9 29 1 35 0.3 41 0.4 69 0.9 72 0.5 
333 9 0.8 12 0.6 91 0.4 
357 14 0 49 0.4 54 0 70 0.9 73 0.6 81 0 
477 9 0 33 0 40 0.9 51 0.6 64 1 
541 13 0.4 14 0.6 25 0.8 29 0.7 50 0 54 0.9 82 0 90 0.7 92 0.5 
557 50 1 86 0.9 
659 50 0.8 88 0.5 
663 16 0 41 0.5 61 0.5 
714 11 0 35 0.5 46 0.5 
745 2 0.9 15 0.6 17 0.6 64 0 67 1 70 0.8 72 0.8 97 0.5 99 0.8 
885 53 0 75 0 82 0.7 
987 34 0.9 44 0.8 46 0.9 52 1 55 0.5 56 0.4 66 0.9 
1039 4 0 15 0.8 61 1 
1065 32 0.3 56 0.4 61 0.8 68 0.8 82 0.7 85 0.5 91 0.3 
1257 7 0.3 8 0 11 0.4 15 0.4 28 0.6 73 1 75 0.4 88 0.8 99 0.6 
1390 71 0.6 
1398 3 0 71 1 
1522 20 0.9 27 0.8 31 0 33 0.7 50 0.8 58 1 69 0.8 
1531 34 0 40 0.6 53 0.9 62 0.3 64 0.5 72 0 92 0.6 94 0.7 
1652 73 0.3 87 0 
1676 10 0 38 0.5 46 0.7 47 0.3 48 0.4 87 0 98 0.7 
1904 1 0.6 6 0 13 0.3 26 1 45 0 68 0.9 87 0.9 88 0.5 99 0.6 
2141 9 1 21 0 76 0.7 96 0.7 99 0.8 
2363 4 0.7 13 0.4 18 0.9 47 0.3 50 0.4 59 0.8 74 0.4 78 0.8 84 0.3 96 0 
2413 8 0.6 27 1 76 0 
2469 0 0 3 0.7 60 0.3 
2498 3 0 24 0 44 0.5 
2512 40 0 60 0.7 70 0.3 
2638 22 0.7 72 0 80 0.8 
2661 2 0 20 0.8 51 0.6 89 0.6 
2674 8 1 17 0.4 78 0.3 84 0.8 90 1 98 0.6 
2789 19 0.5 25 0 51 0.9 81 0 82 0.9 
2830 0 0 13 0 19 0.8 53 1 71 0 83 0.9 86 0.8 
3072 7 0.7 33 1 
3129 19 0.6 57 1 59 0.8 88 0.4 
3208 21 0 24 0.4 56 0.5 67 0 97 0.8 
3247 6 0.8 30 0.7 44 0 56 1 
3280 41 0.7 56 0.3 
3379 5 0.7 10 1 11 0 24 0.4 49 0.5 53 0 63 0.5 68 0.7 73 0 74 0.5 
3466 18 0.9 56 0.6 79 0.7 96 0.5 
3673 17 0.6 20 0.3 28 0.5 43 0 49 0.5 53 0 64 0 74 0 83 0 85 0.6 
3768 10 0.3 17 0 19 0.5 26 0.8 44 0.3 48 0 59 0.9 99 0.3 
3826 50 0.5 63 1 
3875 0 1 5 0.7 13 0 34 0.7 49 0 
4018 37 0.9 63 0.3 71 0.6 79 0.4 
4054 72 0.3 95 0 
4097 4 1 61 1 77 0.5 90 0.9 97 1 
4364 38 0.9 79 0.3 
4544 0 0.8 31 0 32 0 49 0.3 57 0.7 63 0.3 70 0.7 85 0.6 86 0.5 95 0 
4575 10 1 21 0.8 29 0.5 41 0.3 65 0.4 85 0.5 
4605 8 0 44 1 53 0 66 1 73 0.9 79 0.5 
4684 39 0.9 57 0 75 0 77 0.5 85 0 
4692 11 0.6 30 0.9 69 0.5 90 1 
4934 17 0 22 0 23 0.8 29 0.3 60 0.7 86 0 
5110 49 0.4 
5141 7 0.9 18 0 70 1 73 0.3 86 1 97 1 
5556 5 0.8 15 0.8 31 0.4 39 0 65 0.9 81 0.9 89 0.9 90 0 95 0.5 99 0.9 
5584 4 0 11 0.6 13 0.7 28 0 43 0.6 68 0.8 76 0.6 86 0 97 0 
5590 10 0.6 12 0.8 14 0.9 27 0 36 0 39 0.3 70 0.7 79 0.3 86 0 98 0 
5596 25 0.7 29 0.3 64 0.9 89 0.8 
6113 6 0.9 14 0.4 31 0.3 48 0 64 0.6 98 0 
6258 2 0 55 0.4 63 0.9 74 0 75 1 78 0.6 90 0.5 91 0 96 0 
6290 2 0.8 7 0.4 37 0 42 0 64 0.5 90 0.8 94 0.5 99 1 
6489 41 1 65 0 87 0.6 91 0 94 0 98 0 
6498 9 0.4 31 0.6 32 0 37 0.8 41 0.9 53 0 59 0.8 60 0 84 0.7 99 0 
6592 8 0 13 0.5 25 0 32 0.3 46 0.5 63 0.7 
6650 0 0.3 17 0.7 19 0.6 
6704 22 0.9 33 0 51 0 85 1 
6787 9 0.7 36 0.8 59 0 60 0.4 
6811 24 0.7 27 0.7 30 0.6 51 0.6 63 0 64 0 80 0.9 91 0.8 
6860 17 0 45 0.7 58 0.6 96 0.3 
7225 0 0 
7266 13 0.7 18 0.8 20 0.9 34 1 72 0.8 75 0 88 0.3 
7427 18 0 21 0.4 
7444 3 1 18 0.6 86 0.3 
7523 5 0.5 13 0.9 14 0.9 58 0 92 0 
7597 15 0.9 19 0.6 25 0 57 0.7 73 0.8 
7745 28 0.4 44 0 50 0 57 0.3 69 0 77 0.9 99 0.8 
7960 0 0.7 8 0.4 11 0.8 27 0 34 0.4 51 0 
8028 2 0.3 15 0.8 59 1 66 0.9 83 0.5 84 0.8 87 0.6 
8088 14 0.8 28 0.3 77 0 
8156 43 0.8 51 0.5 54 0 73 0.6 81 0.5 84 0.8 85 0.7 
8159 23 0.7 28 0.6 52 1 60 0 87 0.9 92 0.4 95 0.3 96 0 
8184 6 0.4 10 0.6 11 0.5 21 0.9 36 0.7 66 0.7 76 0 84 0.3 97 0.7 
8232 13 0.8 23 0.7 97 0.4 
8250 46 0.9 
8253 12 1 17 0.8 40 1 41 0 42 0.4 44 0.9 59 0.8 80 0.5 92 0 94 0.9 
8537 35 0.6 98 0.5 
8594 15 0 26 0.4 51 0 64 0.6 76 0.5 79 0.6 91 0.3 
8917 6 0 10 0.4 51 0.3 82 0.4 83 0.9 87 0 
9070 11 0 22 0 25 1 45 0 84 0.3 94 0.7 
9195 0 0.3 7 0 9 0.5 10 0 
9279 32 0.6 58 1 
9479 59 0 
9493 5 0.3 16 0 23 0.3 38 1 42 0.7 61 0.7 67 0 70 1 
9590 31 0.9 
9733 19 0 26 0.8 30 0.8 49 0.4 50 0.4 58 0 78 0.3 93 1 
9990 54 0.8 57 0.7 61 0 87 0.3 91 1 92 0.6 
