100
5 18 0.7 43 0 57 0 83 0 95 0.4 96 0 98 0.4 
77 2 0.6 29 0.9 41 0.3 44 0.8 47 0.8 50 0.3 86 0.6 99 0.4 
114 1 0 21 0 28 0.9 35 0.3 48 1 
148 39 0.5 
339 33 0.6 43 1 74 0.6 84 0 
357 14 0 49 0 54 0 70 0 73 0.4 81 0.4 
376 17 0 28 1 45 1 82 0.9 
401 26 0.8 36 0 53 0.5 68 0.7 76 0.7 83 0.8 87 0.8 91 1 97 0.8 
510 35 0.6 49 0 93 0 
530 3 0.3 24 0.6 41 0 44 0.4 46 0.9 56 0.9 65 0.7 76 0.3 86 0.7 91 0.9 
575 53 0 62 0.4 92 0.8 
578 5 0.9 6 0 10 0.7 57 0 63 0.4 66 0.9 85 0.4 90 0.9 94 0.6 
648 32 1 33 0.5 44 0.7 48 0.5 67 0.9 73 0.4 
652 23 0.5 49 1 51 0.5 59 0.5 70 0.6 77 1 89 0.9 90 0.5 91 0.4 
728 7 0.8 42 0.6 
777 20 0.7 27 0 48 0.3 52 0.5 58 0 69 0.5 72 0.6 75 0.5 98 0.6 
875 5 0.8 25 0.9 50 0.7 55 0.4 
1006 34 0 36 0.5 54 0.8 90 0 
1030 3 0.4 12 0.6 27 0 48 0.9 71 0.4 80 0 85 0 
1192 2 0.5 26 0.7 46 0 72 0 94 0.3 
1239 20 0.7 26 0.3 40 0.5 74 0.9 95 0.9 
1269 9 1 10 1 14 0 47 0.4 50 0.3 59 0.9 90 0.5 
1409 16 0.7 20 0.8 46 0 73 0 76 0 79 0.6 
1583 4 0.5 19 0.9 35 0.8 37 0.3 65 0.6 69 0 80 0.9 
1590 19 0 23 0 33 0 40 0.9 44 0.6 49 0.3 51 0 83 0 86 1 
1620 97 0.5 
1688 4 1 22 0.9 25 0.6 45 1 46 0.4 76 0.4 99 0.9 
1794 1 0.8 19 0.6 22 0.5 58 0.9 
1796 20 0 45 0.4 54 0.6 72 0.4 91 0 98 1 
1819 34 0.7 72 0.9 97 0.4 
1846 22 0.4 24 0.4 63 0 
1856 20 0.7 47 0.4 
2192 13 0 19 0.3 23 0.4 29 0.7 34 0.7 44 0 
2274 13 0.8 31 1 53 0.3 
2286 43 0 74 0 
2365 84 0.9 87 0.5 89 0.6 97 0 
2463 14 0 16 0 34 0 41 0.4 47 0.7 53 0.5 67 0.4 68 0.3 
2530 5 0.7 23 0.8 32 1 33 0.3 36 0.5 44 0.8 56 0 59 0.4 63 0.7 82 0.6 
2581 2 0.3 37 0.8 53 0.5 83 0 91 0 
2585 14 0 24 0 33 0.6 53 0 74 1 93 0.6 
2728 22 0.9 24 0 32 0.9 36 0.8 50 0.6 67 0.7 73 0.4 76 0.7 81 0.3 
2730 29 0.8 53 1 
2838 24 0.7 48 0.3 51 0.9 58 0.9 63 0.6 69 0.3 92 0 97 0.6 
2875 8 0.9 19 0.5 22 0.3 25 0.6 46 0.9 63 0 64 0.4 
2957 1 0.8 4 0.6 8 0.5 18 1 26 0 56 0.9 78 1 
3012 1 0.7 9 0.5 10 0 46 0.4 74 0.5 87 0.9 96 0.4 
3055 2 0 3 0.7 7 0.7 11 0.3 39 0 
3151 12 0.9 20 0.6 25 1 30 0 31 0.5 37 0 65 0.6 78 0.9 
3268 7 0 17 0.9 22 1 35 0.6 36 0.9 89 0.4 
3510 25 1 29 0.8 41 0 98 0 
3839 34 1 50 0.3 57 0.4 65 0.6 89 0.4 
3940 13 0 17 0.7 32 0 35 0.7 44 0 93 0 
3975 16 0 27 0.5 67 0.5 74 0.7 
4139 7 1 53 0 91 0.6 
4277 14 0 17 1 26 0 34 1 82 0.9 
4376 52 0.8 
4476 36 0.4 37 0.9 83 0 86 0.3 
4522 51 0.4 54 0.7 86 1 91 0 
4525 18 0.3 21 0.8 23 0 49 0 62 0.9 63 0 72 0.3 73 0.3 
4618 9 0.6 46 0.9 51 0.5 68 0 74 0.8 89 0.4 96 0.5 
4752 27 0 46 0 74 0.6 
4993 29 0 30 1 32 0 35 0 
5023 7 0 24 0 35 0.8 36 0.7 71 0 80 0 
5089 1 0.8 5 0.4 53 0 64 1 69 0 75 0.6 84 0.5 85 0.6 
5490 13 1 34 0 35 0.4 49 0.6 50 0 56 0.6 57 0.9 
5677 75 0 
5776 8 0 14 0 50 0.7 57 0 66 0.6 73 0 87 0.9 91 0 92 0 96 0 
5803 0 0 6 0.4 10 0.8 44 0.9 50 0.3 57 0.8 58 0.5 60 0.6 63 0.9 92 0.6 
6001 10 0.4 28 0.8 29 0.5 35 0.8 45 0.8 48 0.9 52 0.9 57 0.6 92 0.8 
6319 4 0.5 25 0.6 30 0.9 38 0.6 53 0.9 58 0 
6488 15 0.7 24 0.4 28 0 45 0 48 0 59 1 77 0.4 79 0.7 89 0.3 99 0 
6644 14 0 22 0 33 1 79 0.5 84 0 85 0.6 
6915 21 0.8 61 0.6 84 0 86 0.4 96 0.9 
7023 22 0.3 34 0.9 
7034 3 0.3 9 0.6 17 0.6 52 0.5 61 0.9 70 1 73 1 83 0.9 
7191 15 0.9 16 0.5 53 0 69 0 73 0 82 0.8 84 0 89 0.5 98 0.6 
7204 33 0.8 36 0.7 49 0 76 0.7 
7411 21 0.8 28 0.5 
7481 40 0.6 42 0 55 0.6 
7556 0 0.4 7 0 15 0.4 23 0.8 73 0.7 79 0.8 88 0.3 96 0.3 
7938 16 0 54 1 98 0.9 
8073 24 0.7 37 0.5 38 0.6 44 0.4 70 0.9 87 0.5 
8476 6 0.4 10 0.5 20 1 21 0 22 0.4 33 0.8 60 0.8 71 0.4 81 0.3 86 0 
8536 9 0.7 10 0.5 28 0.6 39 0.6 52 0.5 58 0.7 71 1 77 1 98 0.8 
8771 32 0 
8856 1 0.5 4 0 21 0 23 0.9 25 0 56 0.7 62 0.9 67 0.6 68 0 84 0.6 
8965 13 0.9 14 0.5 22 0 48 0.7 64 0.6 68 0.4 69 0.8 86 0.5 87 0.3 88 0.3 
9001 0 1 6 0.6 28 0.8 40 0.4 53 0 67 0.3 68 0.6 69 0.3 83 0.6 
9038 49 0.9 74 0.6 89 0.9 
9101 32 0 62 0 65 0 66 0.4 72 0 75 0 85 0.7 97 0 
9276 11 0.3 50 0.6 52 0.9 
9493 5 0 16 0.3 23 0.4 38 1 42 0.4 61 0 67 0.5 70 0 
9536 5 0.6 13 0.5 
9584 11 0.6 52 0.4 69 0.6 79 0.4 92 0.4 
9682 8 0.3 9 0.7 45 0.6 48 0 
9709 11 0.4 29 0.4 41 0 43 1 47 1 
9843 0 0.3 4 0.6 6 0.9 28 0.9 40 0 45 0.6 50 1 72 0.3 73 0.3 76 0 
9875 19 0.6 29 0 31 0 35 0.3 46 0.5 48 0 84 0.4 89 0 
9981 10 0.7 11 0.4 28 0.9 37 0.9 56 0 60 0.7 77 0.4 78 0 88 0 99 0.9 
9993 9 0 15 0 18 0 27 1 34 0.5 37 0.9 59 0.4 70 0.6 99 0.5 
