100
36 4 0.3 11 0.7 21 0.4 33 0 41 0 53 0.9 55 0.7 57 0 78 1 97 0.9 
99 3 0.8 29 0.5 30 0.4 52 0 56 0 63 0 72 0.6 77 0 98 0.3 
110 21 0.4 22 0.5 35 0 91 0 
270 71 1 
486 51 0.3 54 1 
638 6 0.3 27 0.4 52 0.3 54 0.6 81 0.8 84 0 
837 18 0.8 61 0 71 0.5 
885 53 0.5 75 1 82 0.3 
920 8 0.3 23 0.5 31 0 39 0.3 49 0 50 0.6 51 0.4 57 0 66 0.8 
1038 13 0 38 0.4 74 0.3 83 0.6 
1071 8 0 9 0.6 17 0 33 1 64 0.4 72 0.6 
1089 2 0 6 0.6 23 0.3 26 0.6 42 1 78 0.4 85 0 87 0 95 1 
1123 9 0.8 46 0 50 0.3 54 0.7 89 0.4 97 0 
1151 53 0.3 
1158 4 0.6 43 0.8 59 0.3 62 0 68 0 69 0 85 0.8 95 0.4 
1228 16 0.5 78 0.4 
1277 1 0 38 0.9 82 0.8 
1295 35 0.3 36 0.7 50 0.6 71 0.9 83 0.3 88 0.3 89 0.8 94 0.7 
1558 29 0.5 30 0.6 38 0 47 0 48 0.4 52 0 56 0 60 0.5 63 0.8 87 0.8 
1907 5 0.3 8 0 40 0 64 0.3 70 0.8 85 0.9 89 0 94 0 98 0 
1950 16 0.6 58 0.4 82 0.5 86 0.4 
1968 2 0.7 20 0 26 0.5 56 0.5 57 0.6 72 0 78 0.5 83 0 
2003 5 0.7 11 0.8 14 0.8 19 0.4 73 0.8 96 0.5 
2034 16 1 18 0 46 1 66 0.6 76 0.5 
2064 55 0.4 75 0.7 90 0.4 93 0.7 94 0 
2124 32 0 65 0 74 0 86 1 
2139 16 0 33 1 34 0.5 62 0 70 0.5 84 0.7 89 0.4 
2160 52 0.3 83 0 93 0 
2245 38 0.6 62 0.8 64 0 80 0.9 
2281 11 0 19 0.4 
2294 4 0.5 55 0.6 62 0 65 0 70 0 74 0 85 0.3 97 0.4 
2715 8 0 26 0.6 54 0.8 58 0 98 0 
2904 5 0.9 37 1 47 1 74 0 83 0 84 1 98 0 
2905 5 0.4 96 0 
2918 1 0.7 4 0.9 10 1 18 0 23 0 47 1 86 0.8 91 0 92 0 96 0.3 
3043 1 0.6 2 0.3 8 0.5 60 0.6 70 0 94 0.9 
3049 23 0.6 24 0.4 32 1 59 0.9 81 0.6 83 0 
3062 55 0.4 99 0.5 
3187 3 0.6 5 0.4 20 0.6 44 0.8 76 0 88 1 
3248 55 0 69 0.3 
3331 18 0.3 53 0 76 0.3 
3405 8 0.9 15 0.4 42 1 48 0.4 71 0.6 91 0.5 93 1 95 0.6 
3415 13 0.8 14 0.9 37 0.4 68 1 78 0.5 82 1 
3590 5 0 31 0.3 66 0 77 0.9 90 0.5 96 0 
3743 8 0.3 26 0.9 70 0 71 0.5 73 0.3 81 0 92 1 95 0.8 98 0.9 
3756 2 0.8 4 0.4 12 0 13 0.7 14 0 34 0.7 57 0.9 64 1 83 0.9 85 0.4 
3899 78 0.3 
4074 13 0.8 30 0.6 33 1 39 0.4 
4270 61 0.9 99 0 
4384 0 1 26 0 40 1 94 0.6 
4466 9 0.4 13 0.4 23 0 26 0.4 34 0.3 37 0 47 1 88 0 96 0.9 
4604 0 0.5 10 1 14 0.6 56 0 62 0 89 0.4 90 0.9 
4662 8 0.5 53 1 69 0.9 90 0.5 
4941 27 1 36 0 
5177 21 1 22 0.6 23 0 26 0.7 37 0.3 58 0.7 69 0.3 94 0.7 
5331 16 1 19 1 24 0.8 42 0.5 68 0.6 74 0.8 77 0.8 86 0.6 91 0.9 
5332 4 0.9 24 0.5 27 0.6 28 0.9 
5338 0 0.5 20 0.3 33 1 57 1 74 1 89 0 
5442 48 1 
5879 37 0 45 0.5 70 0.3 82 0 95 0.7 
5928 5 0.8 23 0 32 0.6 35 1 41 0 55 0 70 0 71 0 
5989 1 0.6 3 0 4 0.7 20 0 31 0 49 0.8 55 0.4 82 0.5 
6274 97 0.3 
6566 23 0.6 40 0.3 41 1 43 0 73 1 
6603 5 0.6 8 0.7 11 0.3 31 0.3 42 0.6 54 0 65 0 74 0.4 
6629 17 0 32 0.9 79 0.7 
6719 0 0 14 0.3 40 0.7 46 0.3 66 0.3 72 0.6 81 0.3 90 0.8 
6788 2 0.5 3 0.3 55 0 67 0 88 0.9 
6826 27 0 30 0.3 37 1 39 1 70 0 83 1 99 0 
6927 20 0.6 23 0.4 31 0 58 0.3 72 0 90 0.5 
6929 17 0 22 0.8 29 0.3 34 0.3 67 0.4 68 0.7 82 0.8 98 0 
6993 16 0 17 0.9 44 0.7 47 0.8 48 0 52 0.3 61 0.4 67 1 85 0.3 
7056 17 0 21 0.3 24 1 27 0.5 33 0 45 0.3 46 0.6 48 0.9 58 0 64 0 
7094 3 1 5 0.6 15 0.7 40 0.5 41 0.6 43 0.9 54 0.5 67 0.9 80 0.4 86 0.7 
7134 0 0.5 30 0 61 0.3 62 0 71 0 80 0.9 
7137 5 1 9 0.7 13 0.5 19 0.9 47 0.3 54 0.3 80 0.6 
7260 9 0.7 34 0.7 39 0.8 51 1 62 0.5 73 0.5 84 0.7 85 0.7 97 0 
7353 40 0.7 68 0.3 
7370 10 0.5 12 0.5 26 0.7 39 0 54 0.8 56 0.9 70 0.9 78 0.9 82 1 
7497 5 0.6 18 0 38 0.5 40 0.4 45 0.8 65 0.7 
7771 2 0 3 0.9 17 0 18 0.8 19 0.8 25 0.9 30 0 36 0 56 0.7 87 0.8 
7870 3 1 28 0 91 1 96 0.5 
7894 1 0.6 38 0 46 0 48 0.3 49 0.8 66 0.8 67 0.5 85 0 99 0 
8321 0 0.9 21 1 31 0.3 33 0.5 45 0.4 53 0 
8373 34 0.7 48 0.9 49 0.8 50 0 56 0 70 0.4 72 0.6 92 0.4 96 0.8 97 0 
8415 14 0 19 0.5 23 0.6 30 0.7 53 0.8 61 0 67 0.7 68 0 
8460 6 0.3 19 0.9 20 1 51 0.7 64 0.8 72 0.9 73 0.5 74 0.5 86 0.9 90 0.4 
8508 11 0.3 50 0 71 0.5 92 0 94 0 97 0.8 98 1 
8536 9 0 10 0.6 28 0.9 39 0 52 0.9 58 0.6 71 0.7 77 0.4 98 0.3 
8588 0 0 2 0.9 5 0.9 10 0 55 0.6 86 0 88 0.9 92 0.4 99 0 
8952 5 0.4 43 0.3 51 0.4 
9053 23 0.3 28 0.8 44 0 58 0.8 67 0.7 68 1 77 0.4 89 0 90 0.3 
9151 7 0.4 9 0 16 0.3 21 0.8 22 0.4 36 0.8 45 0.4 62 0.5 66 0.3 
9223 11 0 41 0.7 44 0.8 63 0.4 75 0.9 93 0.6 99 0.7 
9423 54 0.5 55 0.7 94 0.9 
9527 0 1 31 0.6 36 0 40 0.8 42 0 96 0.7 
9605 14 0.5 26 1 28 0 91 0 
9717 25 0.4 38 0 44 1 53 0 61 0 67 0.5 72 0.7 85 0.3 91 0.3 96 0 
9763 56 0.7 89 0 
9790 14 0.6 15 0 20 0.4 28 0.7 42 0.4 45 0 56 0.3 87 0.7 98 0.8 
