100
23 4 0 11 0.9 19 0.7 57 0.6 61 1 65 0.8 74 0.9 86 0 
24 86 1 88 0.4 
46 18 1 
258 1 0 31 0 82 0.9 
283 1 0.8 28 0.8 54 0.9 84 0.9 87 1 
286 25 0.4 48 0.3 51 0.3 55 0.8 56 0.7 64 0.4 86 0 90 0.3 93 1 
904 19 0.9 28 0.5 50 0.3 52 0.9 58 0 97 0 
945 9 0.7 32 1 33 0.6 
984 1 0.4 4 0.8 32 0.7 33 0 37 0.4 85 0.8 95 0.4 
1116 3 0.8 16 0 22 0.4 41 0.6 71 0.6 88 0.4 
1124 3 0.9 4 0.5 35 0.8 43 0.8 54 0.5 65 0 72 0 81 0.6 84 0.5 85 0.3 
1195 3 0.5 5 0.5 25 0.8 26 0.4 29 0.9 39 0.3 74 0 78 0 86 0.9 90 0 
1290 0 1 86 0.7 
1330 24 0.6 48 0.3 52 0.9 60 1 62 0 
1389 1 0.8 8 0.8 53 0.8 82 0.9 
1470 21 0 37 0.4 66 0.9 69 0.9 77 0.5 
1485 7 0 49 0.3 74 0.6 81 0.4 
1561 32 0 82 0 96 0.9 97 0.4 
1669 9 1 10 1 60 0.5 
1701 87 1 
1845 20 0.8 42 0.7 72 0.9 89 0.8 
2092 11 0.4 15 0.4 39 0.4 51 0 67 0.3 70 0 
2099 16 1 48 0.7 55 0.3 57 0 74 0 90 0.7 
2247 54 0 
2279 20 0.3 24 0.4 56 0.4 65 0.3 91 0.3 
2405 47 0.3 
2454 8 0.5 10 0.3 17 0.8 42 0.7 51 0.7 56 0.7 65 0.5 73 0.5 81 0 91 0.7 
2521 4 0.5 40 0 48 0.9 61 0.8 66 0.3 76 0.5 86 0.3 91 0.8 
2566 43 0 64 0 79 0.6 
2689 15 0.9 31 0.4 49 0 63 0 66 0 78 0 80 0.4 89 0 91 0.9 
2752 14 0.9 33 0.7 40 0.5 61 0 63 0.7 66 0 
2785 85 0 87 0.4 93 1 
3029 35 0.9 52 0.9 66 0.5 97 0.3 
3063 31 0 76 1 
3134 8 0.8 23 0 27 0 35 0.7 92 0 
3146 15 0.3 36 0.7 40 0 92 0.8 
3286 0 0.6 3 0.3 9 0.6 27 0 46 0.7 59 0.3 60 0.5 62 0.3 70 0.4 97 0.3 
3426 1 1 28 1 32 0.6 33 0 35 0.5 64 0.8 67 0 70 0.3 92 0.3 
3457 4 0 5 0.8 14 1 45 0 61 0 66 0 67 0 71 0.4 72 0 
3501 77 0.9 86 0 
3537 14 0 15 0.8 17 0.9 24 0.8 40 0 93 0.3 
3553 15 0.8 25 0.6 29 0.7 54 0.6 77 1 
3639 0 0.3 7 0 25 0.4 30 0 37 0 43 0.6 62 0.4 65 0 78 0.3 95 0 
3660 3 0.3 13 0 25 0.9 
3690 21 0.8 30 0.4 95 0.5 
3905 1 0.9 24 0.9 33 0.9 77 0.3 83 0.9 94 0.3 
4325 56 0.4 57 0.3 61 0 76 0.8 
4592 6 1 16 0.4 47 1 78 0 95 0 
4729 4 0.8 26 0.5 35 0 42 0.7 66 0 94 0.4 98 1 
4789 25 0.7 40 0.5 56 0 62 0.4 91 0.8 
4848 79 0 
4882 0 1 38 0.5 48 0.5 54 0.8 57 0.7 76 0 89 0.6 93 0 96 0.9 
5205 52 0.4 59 0 61 0 
5212 3 0 13 0.9 29 0.6 62 0 69 0 74 0.9 79 0.6 82 0.3 89 0.4 91 0 
5252 6 0.6 19 0 60 0 
5337 2 0.6 11 0 22 0.3 35 0 46 0.4 59 0 75 0 95 1 
5467 1 0.4 4 0.8 7 0 40 0.4 43 0 48 0.3 71 0.4 83 0.8 86 0.9 92 0.4 
5595 19 0.7 24 0.9 35 0 42 0.5 52 1 58 0.9 66 1 77 0.5 97 0 
5686 28 0.3 37 1 
5689 11 0.3 23 0.5 38 0.9 47 0 
5965 45 0.4 75 0.8 88 0.8 94 1 
6033 6 0.3 48 0.5 66 0.6 89 0.8 
6194 18 0.9 19 0 32 0.7 36 0.6 37 0.4 42 0.4 47 0 66 0 74 0.7 94 0.4 
6336 1 0.6 36 1 46 0.3 51 0.9 77 0 
6488 15 0 24 0.8 28 0.7 45 0.4 48 0 59 0.4 77 0 79 0.6 89 0 99 0.8 
6532 6 0.6 38 0.7 62 0.9 69 0.6 70 0.3 71 0.9 76 0.5 80 0.4 84 0.6 
6731 14 0 40 0.3 43 0.9 56 0 63 0.3 64 0.5 72 0.4 79 0.7 
6800 50 0.5 59 0.5 60 0 62 0 96 0.6 
6916 54 0 55 0.4 86 0.7 89 0.4 
7202 86 0.5 
7251 17 0 27 0.3 35 0 53 0 78 0.4 89 0 
7259 2 0 3 0.8 10 0 22 1 25 0 35 0.6 48 0.7 68 0.3 76 0.4 98 0.5 
7284 83 1 89 0.8 
7325 0 1 34 0.7 35 0.9 41 0.4 45 0.4 46 0.7 59 0.6 84 0.9 98 0 
7396 2 0.5 9 0.5 13 0.9 25 0.5 77 0 80 0.9 87 0 89 0 
7429 10 1 38 0 42 0.4 59 0 61 0 78 0.7 83 0 93 0.5 
7434 2 0.5 84 0.5 90 0.6 96 0.7 
7671 50 0.8 61 0.5 
7800 4 0 30 0.8 95 0.9 
7813 11 0.5 13 0 70 0 
7866 0 0.7 88 0.7 
7897 34 0.6 47 0.9 50 0.6 58 0.9 60 0 62 0 65 0.4 66 0.9 87 0 93 0.4 
8326 46 0.9 58 0.8 
8449 14 1 34 0.7 56 0.4 69 0.6 
8659 18 0.3 27 1 44 1 65 0 69 1 
8695 9 0.4 19 1 21 0.9 26 0.4 38 0 53 0.5 56 0.6 68 0.6 81 0.8 85 1 
8802 1 0 6 0.3 51 0.9 
8849 25 0.3 77 0.5 
8879 7 0.5 12 0 22 0.4 38 0.5 44 0 46 0.6 47 0.9 66 0 75 0.5 85 0.4 
9119 52 0.5 96 0.8 
9142 12 0.4 14 0.3 26 1 38 0.8 48 0.9 59 0.8 81 0.3 91 0.7 95 1 
9219 18 0 26 0.5 27 0.3 82 0.8 88 0.6 92 0.3 
9351 5 0.8 6 0.9 16 0.8 26 1 28 0.3 33 1 61 0.9 70 0 71 0.9 91 0.5 
9456 2 0.6 12 0.5 44 1 63 0 
9486 41 0.8 45 0.7 90 0 92 0 93 0.6 
9638 31 0 43 0 78 0.9 82 0.8 83 0.5 
9718 15 0.3 26 0.7 45 0.4 54 0 66 0 
9821 66 0.8 
9927 47 0 
9940 48 1 67 1 71 0.7 77 0.3 82 0.3 89 0 
