100
172 6 0 13 0.5 25 1 54 0.8 58 0.4 87 0.4 90 0.7 96 0.5 
328 25 1 56 0 
482 62 1 
511 26 0.6 43 0.6 47 0.7 50 0.3 58 1 
560 9 0.3 20 0.9 38 0.8 53 0.5 54 0.3 
598 57 0 60 0.6 62 0.8 64 0.8 98 1 
688 17 0.3 33 0 51 0.7 70 0 73 0 77 0.4 80 0 81 1 
870 65 1 87 0.6 
1004 30 0.3 39 0.5 51 0.5 53 0 60 0 79 0.9 80 0.3 84 0 95 0 
1136 12 0.5 19 0.7 37 0 67 0.4 68 0 83 0.5 90 0 
1213 31 0.5 
1440 6 0.7 58 0.6 84 0.4 
1473 24 0 66 1 75 0.3 96 0.9 
1483 28 1 37 0 47 1 48 0 86 0.3 
1542 9 0.5 20 0 24 0 76 0.9 81 1 
1632 4 0.9 10 0.5 33 0.5 64 0.5 65 0.3 75 0 80 0.9 
1697 17 0.4 43 1 58 0.9 
1767 5 0.3 15 0.9 22 0.6 27 0 35 0.8 40 0.4 78 0.6 83 0 87 0.3 
1808 18 0 27 0.6 50 0.5 64 0 77 0.4 82 1 
1886 71 0 83 0.8 
1944 7 0.9 46 0.7 50 0 62 0.7 64 1 67 0.4 
1993 17 0.5 39 0.6 53 0 65 0.6 94 0.9 
2009 7 0 24 0.6 46 0 60 0.9 61 0.9 74 0.7 83 1 86 0.9 96 0.6 99 0.3 
2037 6 0.7 40 0 42 0 80 0.9 85 0.4 
2086 12 0.3 16 0 25 0.9 31 0.5 73 1 89 0.9 98 0 
2217 4 0.3 18 0 27 0.5 42 0.9 43 0.7 56 0.6 79 0.3 81 0 91 0.8 
2357 24 0 56 0.7 59 0.6 68 0.8 
2453 1 0 27 0.3 
2535 5 0 12 0.8 32 0 43 0.7 57 0 67 0.5 69 0.7 76 0.5 89 0 98 0.4 
2536 58 1 65 0.3 74 0.7 81 0.9 
2584 25 1 62 0.4 89 0 
2661 2 0 20 0 51 0 89 0 
2675 8 0 22 0 57 0.9 59 0.8 73 0.3 95 0 
2752 14 0.8 33 1 40 0.4 61 0.6 63 0.7 66 0.7 
2954 9 0.6 51 0.5 59 0 
3007 13 0 35 0.9 45 0 50 0.4 72 0.3 
3214 6 0.9 50 0.7 64 0 68 0.3 69 0 91 0.6 
3261 2 0 14 1 26 0.7 36 0 57 0.5 94 0.5 96 1 
3264 13 1 15 0 26 0.9 31 0.5 42 0.9 66 0 77 0.8 83 0.8 
3491 27 0 28 0.3 34 0.3 42 0 53 0 62 0.5 63 0.3 89 0.9 92 0.4 96 0 
3916 4 0.9 11 0 35 0 66 0 72 1 
4232 2 0 27 0 29 0.5 39 0.7 49 0.6 50 0.3 87 0.8 
4236 42 1 44 0 74 0.7 98 0.3 99 0.6 
4274 2 0.3 18 1 19 1 43 0 47 0.4 59 0 71 0.4 83 0.9 
4439 2 0.7 
4544 0 1 31 0.8 32 1 49 0 57 1 63 0.8 70 1 85 0.9 86 0.4 95 0.4 
4545 52 0.7 60 0.5 93 0.7 96 0.8 
4562 26 0.7 36 0 42 0 43 0.8 45 0.8 62 0 79 0.3 86 0.8 88 0.8 94 0.9 
4616 52 0 
4661 0 0.9 4 0.5 16 0.9 24 1 41 0.4 75 0.6 78 0.8 83 0 
4733 37 0.3 39 0 87 0.4 
4863 50 1 56 0.7 
4912 1 0.3 12 0.5 32 0 
5057 41 0.4 
5242 9 0.3 52 0 95 0.8 
5397 2 0.6 19 0.5 23 0.6 57 0.7 77 1 81 0 88 0 95 0.9 
5406 7 0.9 12 0 64 0.9 91 0.8 
5462 13 0.5 17 0.3 33 0 37 0 48 1 53 0 56 0.4 70 1 71 1 77 0.3 
5500 0 1 20 0.4 23 0 29 0.5 35 0 46 0.4 77 0.3 99 0 
5583 2 0 19 0.5 29 0 41 1 75 1 77 0.6 
5701 25 0.4 33 1 48 0.3 56 0.7 
5731 8 1 18 0 23 0 25 0.7 65 0.5 90 0.4 
5803 0 0.8 6 0 10 0.6 44 1 50 0.6 57 0 58 1 60 0.3 63 0.5 92 0.3 
5845 15 0 17 0.6 69 0 78 0.8 
5968 3 0.3 
6039 21 0.4 40 1 44 0 
6065 18 0.7 25 0 26 0 62 0.9 72 0.6 80 0.9 86 0.7 97 0.5 
6658 1 0.7 27 0.9 39 0.9 92 0 
6829 1 0.5 4 0.9 5 0 38 0.8 43 0.9 50 1 68 0 70 0.3 
7045 23 0 45 0 46 0.7 51 0.8 64 0.8 70 0.7 74 1 
7273 0 0.3 2 0 15 0.9 22 0.5 26 0.7 30 0.4 40 0 51 0 66 0 
7295 13 0 15 0.9 38 0.9 49 0.7 71 0.7 72 0.9 74 0.6 87 1 96 0.3 99 1 
7418 2 0.5 9 0.9 37 0.9 50 0.3 56 0.9 61 0.8 62 0 64 0.9 65 0.8 75 0.9 
7462 4 0.9 9 0.3 41 0.6 58 0.4 67 0 
7513 37 0.4 43 0 71 0.5 
7592 5 0.6 27 1 31 0 56 0 57 0.3 58 0.5 66 0.8 82 0 89 0.8 95 0.9 
7839 4 0.5 45 0 51 0.7 52 1 55 0 64 1 93 0 94 0.3 97 1 
7949 9 0 15 0.3 48 1 53 0.6 98 0.5 
7980 52 0 53 0 66 0.8 67 0 
7985 6 1 13 0.9 16 0 19 0.5 41 0.8 42 0.5 48 0.8 69 0.6 99 0 
8201 26 0 32 0.7 41 0.6 47 0.7 67 0 86 0.5 96 0.7 
8261 23 0.5 56 0.7 68 0.9 74 0.6 83 0 
8369 19 0.7 24 0 26 0.5 39 1 51 1 53 0.9 58 0.8 78 1 
8375 14 0.9 18 0.7 29 0.7 31 0.5 52 0.9 56 0.5 66 1 68 0.3 99 0.3 
8441 3 0.4 74 0.3 97 0 
8527 38 0 50 0 
8541 1 0 2 0.3 11 0.5 40 0.6 43 0.4 56 0 75 1 97 0.7 
8872 65 0 
9073 2 0.4 15 0.9 43 0 45 0.5 62 0.6 66 0.8 68 1 76 0.4 93 0.6 99 0.5 
9100 49 1 50 0 51 0.4 97 0.7 
9138 31 0.6 58 0.7 70 0 
9154 17 0 28 0 39 0.6 47 0 69 0 71 0 80 1 91 0.7 
9246 6 0.7 7 0.4 50 0 58 0.3 61 0 84 1 85 0.6 95 0.4 
9267 14 0 27 0.6 36 0.6 40 0 44 0.3 84 0.3 90 0.5 
9292 11 0.6 12 0.8 18 0.3 22 0.9 38 0.6 57 0 80 0.9 86 0.8 90 0.6 
9334 19 0.5 23 0.7 36 0.3 41 0.3 78 0.9 83 0 86 0.7 88 1 99 0 
9403 8 0.5 14 0 25 0.4 35 0 67 0.5 68 0 76 0.4 
9613 13 0.6 52 0 62 1 66 1 69 1 86 0 94 0.7 96 1 
9662 9 0.7 24 0.9 36 0.6 43 0.4 60 0 74 0 75 0.3 84 0.7 97 0.8 
9730 26 0 75 0.9 99 0.3 
