100
134 11 1 18 0 57 1 66 0.9 70 0.7 96 0.7 
235 3 0.9 14 0.5 22 0 26 1 51 0 53 0.6 62 0.9 63 0 73 0.6 78 0.5 
250 14 0.3 85 0 91 0.5 97 0.5 
269 6 0 10 0.6 21 0 31 0.7 33 0.9 44 0.4 57 0.4 84 0.8 91 0.7 96 0.8 
305 62 0.3 
359 6 0 9 0.9 44 0 59 0.8 80 0 
361 11 0.8 17 0.6 22 0.6 28 0.7 60 0.4 87 0.5 90 0.9 95 0.7 
385 38 0.4 
445 5 0 32 0.3 45 1 63 0 74 0 76 0.6 97 0 
478 57 0.9 62 0 81 0.7 
481 11 0.7 21 0.8 34 0 41 0.9 60 0.5 
779 36 0 
784 0 0.3 4 0 6 0 7 0.6 23 0.6 24 0 46 0.5 87 0.9 
790 13 0.6 30 0 34 0.5 42 0.5 63 0.3 66 0 70 1 74 0.5 98 0.8 
862 0 0 8 0 21 0.9 22 0.3 27 0.4 29 0.9 42 0 46 0.8 72 0.4 89 0 
938 97 0 
1122 1 0.6 8 0.8 11 0 13 0 15 0 
1235 15 1 22 0.7 24 0.4 26 0 35 0 55 0.9 71 0.8 81 0.3 98 0.7 
1353 32 1 36 0.3 44 0.9 46 1 51 0 57 0.3 65 0.6 74 0.8 
1596 41 0.5 
1611 27 0.3 85 0.3 
1746 2 0.7 11 0.8 15 0 22 0.9 23 0.7 36 0.3 45 0.6 87 0.7 89 0 93 0.7 
1830 9 0 18 0.7 30 1 44 0.8 73 0.3 93 0.6 
1855 12 0 16 1 63 0.4 68 1 79 0 
1951 16 0 19 0 22 0.6 24 1 29 0 30 0.9 55 0.6 63 0 82 0 
1959 9 0.5 11 0.4 57 0 81 0 
2108 0 0.7 29 0.9 42 0 46 0.9 85 0.9 
2233 8 0 42 0.7 48 0 58 0.4 61 0.6 75 0 94 0.7 
2450 84 0.5 88 0.8 
2464 7 0.6 
2477 98 0.7 
2635 47 0.8 63 0.5 88 0.5 
2685 17 0 
2743 0 0.4 10 0.3 15 0.4 17 0.6 27 0.3 33 0 40 0.9 56 0.3 83 0 98 0.6 
2802 57 1 72 0.3 78 0.9 84 0.5 
2852 11 0 33 0.5 85 0.4 91 0.8 
3099 11 0 18 0 23 0 44 0.7 
3156 8 0 11 0.4 31 0.9 33 0.9 
3231 17 0.9 19 0.3 54 0.7 55 1 77 0.9 89 0 97 0 
3260 2 0.6 5 0.6 16 0 23 0.3 27 0.6 42 0.4 54 0.8 60 1 94 0 
3432 9 0.3 20 0.7 31 0.3 40 0 47 0.6 
3967 1 0.4 11 0 15 0.9 23 0 47 0.6 54 0.9 60 0.7 65 1 99 0.5 
4016 39 0.9 72 0.6 94 0 97 0.6 
4034 27 0 98 0.6 
4047 4 0.3 9 0.3 15 0 25 0.4 33 0 68 1 70 0.4 79 0 86 0 87 0 
4224 38 0 
4237 14 0.6 18 0.6 27 0.3 54 0 61 1 64 0.9 74 0.4 80 1 93 0.3 
4276 18 0 
4392 84 0.8 
4447 33 0 
4633 21 0.6 28 1 36 1 38 0 39 0 41 0 46 0.5 53 0.5 58 0.7 
4640 1 1 6 0.9 21 0.3 63 0.4 64 0.7 72 0.4 84 0.9 85 0 95 0.8 
4723 7 0 10 0 11 0 36 0.6 38 0.8 44 0.7 58 0.3 
4770 42 0.9 
4873 40 0 42 0 73 0.5 74 0.3 75 0.5 96 0 
4881 0 0 11 0.7 15 0 17 0 20 0 50 0.7 60 0 76 0 98 0.7 
4991 16 0 29 1 31 0 61 0.8 76 0.3 95 0.3 
5250 29 0 32 0 64 0 
5369 15 0.3 32 0.8 34 0.4 41 0 71 0 72 0 
5432 56 0.6 78 0 
5865 22 0 30 0.5 32 0.4 41 0.4 46 0.4 86 0.5 87 0.9 91 0.6 92 0 
6354 12 0.6 14 0 15 0.8 27 0.6 52 0.4 60 0 65 0 70 0.3 84 0.7 
6421 20 0.6 40 0 71 0.8 74 0.5 
6436 18 0 24 0 25 0.7 61 0.9 76 0 88 0.7 92 1 97 0 
6493 1 0.5 58 0.6 61 0.5 72 1 75 1 77 0.3 89 0 95 0.5 99 0.6 
6618 34 0 82 0.5 89 0.4 95 0.3 
6622 4 0.7 49 0.4 52 0 73 0.4 
6780 4 0 11 0 12 0 31 0 59 1 71 0 72 0.6 81 0.6 98 0.3 99 0.3 
6814 0 0.9 6 0.8 20 0 26 0.7 29 0 34 0.5 57 0 87 0.8 98 0.7 
6842 5 0 51 0.9 58 0.9 76 0.3 81 0.7 
6853 41 0.9 60 0 78 0.3 79 0.9 86 0.7 93 0.3 
6914 67 0 
7120 8 0.4 40 0.5 45 0.4 62 0.8 93 0.4 
7172 47 0.9 48 0.5 80 0.5 
7187 14 0 53 1 
7191 15 0.4 16 0.8 53 0.4 69 0.3 73 0.3 82 0 84 0.5 89 0.4 98 1 
7308 10 0 27 0.8 34 0.5 39 0 43 0.6 65 0.6 74 0.7 76 1 99 0.8 
7337 14 0 80 0.8 83 0.7 
7459 15 0 20 0.8 28 1 55 0 60 0.9 82 0 96 0 
7525 40 0.9 54 0.4 
7529 11 0.3 29 0 
7800 4 0.7 30 0.8 95 0.7 
7851 13 0 57 0.3 99 1 
8082 42 0 51 0.8 69 0.7 73 0.9 
8139 7 0.4 23 0.6 34 0.7 63 0 90 0.7 95 0.8 
8200 7 0.6 13 1 14 0.5 27 0.7 35 0.8 64 0.4 76 0.4 83 0.7 
8250 46 0.5 
8309 7 1 19 0.5 43 0.4 48 0.7 49 0.8 65 0.5 75 0 83 0.8 95 0.9 
8378 18 0.8 33 0 61 0.4 77 0.7 
8458 9 0.3 12 1 20 0.8 21 1 33 1 48 0.8 54 0.7 87 0.7 
8500 9 0.7 11 0.3 58 0.6 59 0 60 0 62 0.6 93 1 
8510 41 0.7 51 0.4 54 0 59 0.5 89 0.6 91 0.3 95 0.5 
8566 30 0.9 
8630 4 0.7 28 0 30 0 40 1 41 0 44 0.6 67 0 69 0.7 74 0 89 0 
8904 2 1 19 1 23 0.7 50 0 58 0 76 1 84 0.9 87 0 
9067 50 0 76 0.6 
9338 17 0 
9385 3 0 46 0.7 64 0.8 71 0.8 79 0.5 
9901 11 0.6 18 0 86 0.6 
9934 3 1 4 0.7 16 0.6 30 0.3 44 0.3 71 0.6 78 0.8 96 0.8 
