100
48 3 0 29 1 42 0 71 0.3 76 0.6 78 0.9 85 0.4 91 0.8 
324 56 1 84 0 
328 25 0.3 56 0.8 
370 12 0 34 0.4 36 0 44 1 65 0.4 70 0.6 92 0 95 0.7 
552 22 0 28 0 55 0.6 
606 2 0.4 22 0.7 67 0.8 82 0.5 
619 17 0 49 0.6 56 0.7 65 0.7 96 0.9 
653 0 0.5 2 0.5 47 1 
725 6 0 32 0 38 0.5 70 0 97 0.7 
782 76 0.7 86 0.4 
870 65 0.5 87 0.4 
1049 14 0 90 0.4 
1089 2 0.4 6 0.8 23 0.7 26 0.7 42 0.6 78 0.5 85 0 87 0.7 95 0.9 
1173 51 0 
1255 15 0 21 0.7 22 0.5 34 0.4 75 0 84 0 
1290 0 0.8 86 0 
1316 4 0.5 9 1 34 0.9 37 0.4 47 0.8 56 0.8 63 0.3 68 0.5 71 0.7 85 1 
1389 1 0 8 0.7 53 0.3 82 0 
1437 27 0 28 0 41 0.5 48 0 67 0.7 98 0.7 
1535 4 0.8 41 1 47 0 63 0 65 0.8 70 0.5 75 0.3 
1610 21 0 51 0.3 63 0.5 77 0.4 84 1 
1901 22 0.6 39 0 57 0.6 
1916 22 0 94 0.3 
2082 14 0 20 0.6 23 0.8 28 0.9 35 0.6 63 0.6 67 0 77 0 92 0.9 97 0.5 
2180 22 0.3 28 0 33 1 68 0 78 0 
2271 8 0.6 19 0.9 25 0.5 28 0.7 34 0.5 62 0 71 0.3 72 0.4 73 0 99 0.5 
2362 2 0.4 5 0.3 24 0.7 74 0.6 81 0 85 0.4 94 0 
2395 0 1 17 0.8 20 0 94 0.8 
2410 10 1 14 0.9 51 1 
2465 11 1 50 0.7 59 0.9 78 0.6 
2598 2 0 40 0.7 47 0 59 0.5 76 0.7 
2672 12 0.9 19 0.6 44 0 
2702 9 0 56 0.4 67 0.8 72 0.6 79 0.7 80 1 95 1 99 0 
2848 1 0.4 42 0.7 46 1 56 0.8 59 1 82 0 
2855 26 0.6 33 0.6 43 0.3 56 0 66 0 68 0.4 70 0.3 74 0.4 92 0.8 
2867 7 0.4 18 0 31 0 81 0.6 97 1 
2898 82 0.3 
3014 4 0.4 26 0.6 28 0.8 33 0.4 73 0.7 74 0.7 
3073 2 1 13 0.8 31 0.3 52 0.9 69 0.7 74 1 89 0.6 94 1 98 0.5 
3613 52 0 58 0.3 63 0.8 
3692 65 0 81 0 
3717 42 0.4 43 0.8 58 0.8 66 0.4 68 0.3 71 0 77 0.5 
4029 45 1 55 0.4 75 0 92 0 
4106 61 0.6 63 0.5 
4315 11 0.9 17 0.5 34 0.8 49 0.9 79 0 
4461 0 0.8 5 0.7 25 0 85 1 87 0.5 91 0.9 
4491 53 0 
4526 28 0 39 1 83 1 86 0 
4713 35 0 43 0.8 76 0.9 
4944 5 0.4 22 0.7 24 0 39 0.6 47 0.9 59 0.7 66 0.6 82 1 89 0 93 0.6 
5121 12 1 31 0 44 1 46 1 53 0.9 69 0 
5132 58 0 
5233 2 0.7 24 1 42 0.4 60 0 64 0.6 91 0.8 95 0.5 96 0.6 
5276 1 0 6 0.4 18 0.9 25 0.3 27 0.6 57 0 82 1 
5296 7 0.3 17 0 29 0.9 96 0 98 1 
5414 13 0 
5452 27 0 77 0.4 87 0 
5474 7 0 8 0 23 0.8 42 0 45 0 54 0.5 87 0.5 
5499 28 0.4 48 0 64 0.9 94 0.6 
5582 3 0.6 16 0.3 37 0 43 1 50 0.3 68 0.9 69 0 71 1 75 1 
5721 38 0.6 
5728 7 0.5 23 0 
5770 5 0.7 9 0.5 15 0.9 20 0 26 0 67 0.9 84 1 
6044 39 0 
6125 31 1 38 0.9 42 0.4 43 0.6 50 0.3 51 0.4 74 0.9 79 0.6 84 0.7 88 0.9 
6258 2 0.5 55 0.5 63 0.8 74 0 75 0.5 78 0.8 90 0 91 0.3 96 0 
6322 29 0.4 31 0.8 34 0.4 35 0 44 0 69 0 71 1 94 0.3 
6347 50 0 
6440 22 0.9 36 1 70 0.5 83 0 
6483 29 0 51 0 57 0.6 58 1 87 0.4 94 1 
6531 45 0.8 57 0.9 63 0.4 64 0.4 76 0 77 0.5 82 0.8 87 0 
6533 4 0.5 5 0.8 60 0 80 0.9 
6547 5 0 20 0 49 0.7 51 0.5 61 0.4 96 0.9 99 0 
6599 0 0.5 21 0 46 0.8 73 0 
6630 44 1 76 0 
6648 2 0.7 7 0.9 40 0.9 41 0.3 64 0.6 75 0 77 0.5 99 0.5 
6673 39 0 40 0.7 86 0.4 
7099 4 0.6 73 0.3 89 0.8 
7720 10 0.6 11 0.3 14 1 20 0 41 0.6 46 0.9 51 0.8 58 0 75 0.9 98 0.6 
7739 14 0.5 28 0.4 41 0.8 68 0.9 70 0.9 90 0.8 
7745 28 1 44 0.8 50 0 57 0.4 69 0.9 77 0 99 0.4 
7783 7 0.7 22 0.8 56 0.8 59 0 
7951 4 0.6 11 0.3 13 0.9 16 0.8 23 0.3 28 0.9 52 0 84 0.5 
8261 23 0.4 56 0.7 68 0.6 74 0.3 83 0 
8307 14 0 24 0.8 43 0.8 67 0.7 
8347 3 0.5 8 0.9 16 1 20 0.3 46 0 49 0.4 90 0.5 93 0 94 0.6 
8372 3 0.8 6 0 29 0.3 42 0 80 0.7 82 0.7 97 0.4 
8426 4 0.8 5 0 9 0.5 26 0.9 59 0.8 66 0.3 82 0 89 0 
8590 8 0.8 34 0.3 37 0 58 1 74 0.7 76 0.3 
8663 2 0 7 0.7 9 0.3 12 0.4 22 0.8 24 0 40 1 43 0.8 82 0.7 85 0.9 
8750 3 0.7 4 0.9 11 0.8 13 0.8 30 0 36 0 71 0.8 86 1 91 0.6 98 0.3 
8904 2 0.3 19 0.4 23 0.7 50 0.9 58 0.9 76 0.3 84 0.5 87 0.3 
8942 90 0 
9019 6 0.3 41 0.8 43 0 77 0.8 82 0 
9051 0 0.6 30 0.5 45 0.5 65 1 70 0.7 75 0 95 0.7 
9892 0 0.3 59 0 71 0.9 90 0.4 
9919 9 0.5 32 0.9 40 0 46 0.5 76 1 87 0 
9920 23 0.3 43 0.4 77 0.8 80 0.8 99 1 
9933 2 0 22 0.6 24 0.3 59 0.5 97 0.8 
9996 40 0 68 0.5 78 0.8 
