100
129 14 0 25 0.8 42 1 48 0.6 56 0.5 61 0 68 0.3 
408 4 0.5 19 0 26 0.5 34 0.4 39 0.5 53 0 
477 9 0.3 33 0 40 0.4 51 0 64 0 
593 42 0 45 1 53 0.6 55 0.3 72 0.9 
681 13 0.8 21 1 29 0.6 47 0.6 83 1 87 0.7 95 0.3 99 1 
806 0 0.6 1 0.7 7 0 36 0.9 53 0.3 70 0.9 75 0 82 0 86 0.3 
815 3 0.5 65 0.9 81 0.9 
925 15 0.9 24 0.3 25 0.7 31 0.6 41 1 74 0.6 76 0.4 77 1 96 0.3 99 0 
959 13 0 49 0.3 86 0.5 
973 5 0.3 22 0.4 23 0.6 35 0.5 50 0.7 67 1 77 0.7 82 0.9 88 0.5 
1085 42 1 48 0.3 54 0.7 57 0.3 65 0 67 0.8 73 0.4 93 0.5 
1184 8 0.7 
1644 50 0.5 83 0 
1764 4 0.5 
1772 6 0.6 47 0.9 55 0.4 70 0 72 0.9 
2010 3 0.4 14 0 29 0 38 0.4 49 0 68 0 73 0 74 0.8 86 0.3 
2037 6 0 40 0.6 42 0.8 80 0.4 85 0.3 
2118 4 0.6 
2153 1 0.5 12 0 24 0.7 35 0.8 38 0.4 54 0 75 0 91 0 
2370 22 0.7 43 1 
2390 5 0.7 39 0.8 45 0.7 61 0 83 0.8 
2469 0 0.3 3 0.7 60 0 
2542 3 0.4 16 0 26 0 27 0 66 0 69 0.8 77 0.9 89 0 
2813 9 0.3 12 0 15 0.9 31 0 43 0.5 57 1 61 0.9 77 0.8 97 0.6 
2843 9 0.5 10 0.9 27 0.8 43 0.7 66 0.7 75 0.6 86 0 87 0.3 
2891 66 0 78 0 87 0 90 0.5 96 0.4 
2988 84 1 
3099 11 0.7 18 0.6 23 0.3 44 0.7 
3127 0 0 14 0.3 20 1 33 0.9 52 0.9 56 0.6 61 0.7 75 0.4 
3180 8 0 20 0.6 33 0.3 48 0 49 0.7 54 0.5 60 0 63 0.5 67 0.7 72 0.5 
3383 4 0.8 10 0 13 0 15 1 16 0.8 27 0 28 0.6 45 1 57 0 68 0.8 
3426 1 1 28 0 32 0 33 1 35 0.3 64 0.7 67 0 70 0.3 92 0.4 
3467 10 0.8 69 0.4 93 0.8 94 0.8 
3488 3 0.7 43 0.5 44 0.5 
3516 12 0.7 13 1 21 0.5 42 0 59 0.9 60 0.5 68 0.6 69 1 79 1 98 0 
3574 1 0.7 25 0.4 27 0 35 0.3 71 0 73 0.6 
3645 8 1 9 0 77 0.7 89 0.9 
3859 8 0.7 35 0.9 49 0.5 76 0.5 78 1 82 0.5 99 0.5 
4034 27 0.5 98 0.9 
4045 37 0.3 62 0.4 66 0.3 71 0.5 80 0.9 82 1 95 0.7 
4202 0 0 3 0.4 10 0.9 22 0.5 40 0.5 62 0.4 
4578 19 1 29 0.3 50 0 66 0.8 84 0.3 
4703 5 0.8 16 0 17 0.9 38 0.5 45 0.6 59 1 62 0.4 
4730 28 0.8 63 0 
4856 11 0.7 13 0 26 0.5 53 0.9 54 0.3 57 0.9 62 0.8 67 0 87 0.7 88 0.7 
4928 10 0.8 32 0.7 39 0.5 60 0 61 0.7 79 0.7 96 0 
4930 12 0 45 0.4 82 0.6 
5114 10 0 11 0 23 0.6 
5264 12 0.7 23 0.8 33 0 49 0.6 55 1 92 0.5 
5275 16 0.5 19 0 26 0.5 27 0.5 50 0.8 58 0 59 1 93 0.4 
5427 2 0.4 33 0.3 46 0.6 62 0 
5492 1 0.8 16 0.6 37 0 50 0 64 0 71 0.7 74 0.7 87 0 
5535 37 0.6 51 0 
5575 34 1 
5641 38 0 59 0.3 63 0.4 
5697 46 0 54 1 61 0.8 66 0 76 0.4 95 0.9 
5734 8 0.7 21 0.9 24 0.7 29 0.8 42 0.9 51 0 64 0.9 74 0 90 0.6 
5759 1 0.7 4 1 37 1 45 0 47 0.9 69 0.9 85 1 92 0.8 
5859 18 1 37 0.9 49 0.5 69 0.7 
5915 0 0.9 6 0.6 21 0.7 22 0.8 24 0.7 27 0.7 46 0.3 67 0.3 85 0.5 99 1 
6074 19 0.4 
6208 1 0.7 11 0.5 17 0.4 22 1 28 0 37 0.3 67 1 86 0.6 90 0.6 
6231 0 0.7 7 0.3 15 0.6 34 1 59 0 87 0 
6255 4 0.3 26 0.3 65 0 96 0.5 
6257 30 0.6 42 0 53 0.8 71 0.6 72 0.3 85 1 96 0.9 
6358 7 0 15 0 25 0 44 0.6 47 0.3 48 0 57 0.8 94 0 
6592 8 0.6 13 0.8 25 0.5 32 0.9 46 0.7 63 0 
6597 8 0.8 12 0.9 34 0.3 52 0.3 
6695 81 0 
6925 17 0 20 0 29 0.7 49 1 51 0.8 82 0 89 0.9 91 0 92 0.3 
7039 17 1 37 0 44 0 45 0.7 48 0 71 1 75 1 99 0.5 
7077 7 0.6 18 0.4 23 0.4 29 0 46 0 59 0 72 0.6 86 0.9 94 0.4 
7185 10 1 19 0.7 22 0.9 30 0.8 40 0 46 0.5 69 1 94 1 
7215 33 0.7 61 0.3 74 1 82 0 93 0.4 
7345 80 0.7 
7358 28 0.7 44 0 45 0 54 0.8 99 0.9 
7522 1 1 18 0.3 22 0.5 62 0.5 71 0.7 74 0 85 0.4 
7562 52 0.6 90 0.4 98 0.7 
7569 6 0.7 9 0.4 13 1 18 0 38 0.6 48 0.3 
7610 6 1 12 0.7 14 0.4 51 0.4 80 0.3 81 0 
7915 64 0.5 79 0.3 
7994 42 0.4 52 1 80 0.5 85 0.4 
8072 10 0.7 49 0.6 68 0 73 0.8 98 0.4 
8100 53 0 91 1 
8178 31 0.4 39 1 62 0.8 65 1 69 0.7 
8201 26 0.4 32 0 41 0.4 47 0.4 67 0.8 86 0.4 96 0.7 
8252 10 0.7 11 0.9 35 0.6 39 0.3 51 1 81 0 82 0.5 94 0.8 
8277 7 0.4 9 0.5 61 0 76 0.9 83 0.5 
8304 13 0.9 
8338 14 0 34 1 51 0 55 1 63 0 90 0 
8513 31 0 
8686 3 0.5 23 0.4 28 0.6 33 0.7 40 0.6 53 0.6 57 0.8 82 1 
8961 2 0.8 43 0 61 0.9 69 0.5 77 0.6 83 1 91 0.6 99 0.8 
9018 2 0.5 15 0.8 19 0 35 0.9 41 0.4 52 0 55 0.8 86 0.4 96 0.3 
9049 11 0.7 40 0 50 0 63 0.6 67 0.8 70 0.5 93 0 
9056 33 0.7 93 0.9 
9524 7 0 12 0.6 16 0 30 0.5 52 0.7 55 1 72 0.7 84 0.5 93 0 
9544 5 0.3 10 0.4 23 0.8 51 0 59 0 85 0.6 94 0.7 98 0 
9829 59 0.3 61 0 84 0.7 86 0 
9921 5 0 14 0.7 51 0 62 0.7 63 0.5 85 0.7 
