100
160 22 0 33 0.9 40 0.4 43 0 98 0 
264 8 0.5 13 0 37 0.9 46 0.7 60 1 74 0.5 82 1 
285 21 0.5 32 0.8 36 0.4 43 0.7 75 0.4 83 0.9 84 0.7 
366 8 0.9 26 0.7 31 0 65 0.3 71 0.6 76 0.5 99 0 
433 15 0.3 59 0.7 
484 35 0 49 0 52 0.8 81 0.9 95 0.6 
555 25 0.6 57 0 
854 1 0.9 8 0 25 0.9 26 0.5 37 1 51 0 74 0.4 89 0 
1004 30 0.9 39 0.6 51 0.3 53 1 60 0.8 79 0.3 80 0.3 84 0 95 0.9 
1369 10 0.7 41 0.4 45 0.6 49 0 78 0.9 79 0.4 87 0.7 88 0.7 
1408 3 0.4 27 0.5 31 0.9 35 0.4 56 0 57 1 77 0 83 0 89 0.8 91 0.7 
1486 57 0.9 
1587 9 0 42 0.3 47 0 55 0.9 76 0.7 77 0.9 
1613 31 0.8 
1715 13 0.7 45 0.9 98 0.3 
1854 24 0 31 0.8 40 0.3 43 0.6 44 0 57 0.4 62 1 72 0 74 0 
1866 5 0.3 16 0 42 0.3 68 0.3 
1869 2 0 13 0.9 16 0.9 17 0 25 0.9 26 0 27 0.5 49 0 70 1 91 0.5 
1944 7 0 46 0 50 0 62 0 64 0.9 67 0.5 
1984 8 0.3 27 0.5 29 0.9 40 0.5 50 0 59 0.6 62 0 76 0.3 95 0.5 99 0.5 
2162 71 0.4 76 0.5 
2310 69 0.7 
2623 4 0.5 29 0.7 
2785 85 0.7 87 0 93 0.5 
2952 32 0 50 0.9 51 0.8 55 0.4 67 0.8 68 0.7 94 0 
3018 9 0.8 30 0.5 53 0.5 55 0 70 0.5 
3059 40 0.9 48 0.5 62 0 
3143 2 0 16 0.4 48 0.3 52 1 60 0 67 0.9 68 0.5 69 0.7 
3195 76 0 98 0.6 
3202 47 0.4 65 0.8 
3232 74 0 94 0.9 
3239 9 0.9 41 0.9 96 0.4 
3488 3 0.7 43 0.9 44 0 
3668 5 0 19 0 27 0 49 0 
3774 20 0.4 26 0 33 0 41 0 45 0.5 47 0.8 86 0.9 93 0.3 98 0 
3791 23 0.8 24 0.3 75 0.4 
3829 54 0.3 62 0 80 0.6 90 0.5 97 0.7 
3840 23 0.3 27 0.6 50 0.9 68 0.5 72 0.3 80 0.7 82 0.8 95 0 
3859 8 0.3 35 0.4 49 0.7 76 0 78 0.4 82 0 99 0.6 
3890 30 0 41 0.8 72 0.9 
4009 8 1 33 0.9 54 0 81 0.3 94 0.7 
4080 7 0.3 32 0.6 35 0.4 
4093 21 0.7 30 0.9 31 0.5 74 0.5 92 0.3 
4139 7 0 53 1 91 0.7 
4157 4 0 25 0.3 35 0 52 0.9 65 0 74 0 76 1 83 0 
4170 14 0.7 15 0.8 27 0.6 58 0.8 
4208 73 0.9 90 0.6 
4263 11 1 21 1 56 0 62 0 
4306 9 0.4 22 0.7 27 0.3 35 0.4 39 0.4 57 0.7 66 0.7 70 0.5 
4319 88 0 
4381 87 0 
4458 36 0 40 0.9 52 0.6 64 1 
4552 2 0.8 15 0 33 0.8 78 0 91 0 
4558 13 0 16 0 24 0.7 39 0 47 0 61 0 71 0.3 97 0 98 0.7 
4773 2 0 33 0.5 39 0.8 71 0.6 76 0.8 
4962 3 0.4 8 0 27 0.5 48 0.5 60 0.8 87 0.4 95 1 98 1 
5064 0 0.8 46 0.3 
5190 39 0.4 72 0 
5225 10 0 15 0.9 16 0.7 23 0.9 38 0.7 73 0 81 0.4 90 0 94 0.6 95 0.8 
5564 4 0.7 5 0 9 0.9 18 0.6 34 0.3 38 0.8 45 0.5 56 1 64 1 85 0.7 
5593 14 0.8 41 0 59 0.4 67 0.3 72 0.8 77 0.9 
5735 9 0 23 0.4 32 0 36 0 52 0.7 93 0 
5952 0 0.9 16 0.4 44 0 56 0.5 87 0.9 
6062 15 0 24 0 55 0.5 73 0.4 92 0.7 
6065 18 0.7 25 1 26 0 62 0.9 72 0.6 80 0 86 0.8 97 0.4 
6157 13 0.3 22 1 47 1 52 0 68 0 71 0.9 75 0.7 76 1 79 0.9 83 0 
6189 6 0.3 21 0.4 28 0.5 37 0.8 81 0.7 90 0.5 
6467 89 0 
6604 11 0.5 19 0 40 0 56 0.8 66 0.7 68 0 71 0.9 76 0.9 93 1 94 1 
6618 34 0.9 82 0.6 89 1 95 0.8 
6809 19 0.6 72 0 91 0.8 
6829 1 0 4 0.9 5 0.9 38 0 43 0.4 50 0.6 68 0.4 70 0.7 
6852 13 0.6 16 0.7 22 0.6 56 0 72 0.8 83 0 
6982 21 0.5 35 0.6 42 1 46 0.4 47 0.7 56 0.4 72 0.8 76 0 86 0.7 90 0.6 
7173 1 0.9 6 0.5 18 0.7 27 0.8 54 0.4 95 0 
7209 5 0 6 1 25 0.3 62 0.6 67 1 87 0.3 
7335 9 0.8 25 0.5 56 1 85 0.5 
7642 20 0 27 0.5 28 0 30 0.7 38 0.4 59 0 68 0 77 1 87 0.4 88 0 
7725 10 0.6 34 0.3 54 0.4 65 0.3 83 1 
7773 19 1 28 0 34 0.5 38 0.9 45 0 84 0.6 85 0.4 95 0 
7803 7 0.4 55 0.9 69 0.6 88 0.5 90 0 95 1 96 0.7 
7923 8 0.5 22 0.3 37 0 62 0.4 
8051 3 0 7 0.9 20 0.7 29 0.8 50 0.6 62 0.8 64 0 80 0 90 0.8 
8089 90 0.8 
8143 7 0.7 18 0 33 0.3 34 1 56 0.3 58 0.7 80 0.9 
8226 41 0.6 53 0.9 
8229 0 1 7 0.3 13 0.3 22 0.7 29 0 34 0 90 1 
8313 3 0.9 13 0.9 53 0.7 90 1 91 1 
8352 39 0 
8442 7 0 13 0 19 0.3 53 0.8 69 0 
8584 32 0.6 37 0.6 55 0.6 71 0.3 78 0.7 79 1 80 0.8 83 1 93 0 
8701 10 0 21 0.8 37 1 82 0.5 89 0 
8710 0 1 36 0.4 53 0.9 84 0 
8826 5 0.5 14 0.3 22 0.8 34 0.4 43 0.9 44 0.9 52 0.9 55 0.6 67 0.5 
8952 5 0.9 43 0.9 51 0 
9265 7 0 36 0 43 0 51 0 84 0 93 0.9 
9359 8 0 16 0 18 0.4 19 0.6 31 0.8 40 0.7 42 0.7 48 1 63 0.8 91 0 
9625 33 0 41 0 49 0.9 79 0 
9859 8 0.8 23 0.9 34 0.9 44 0.8 
9923 9 0 32 0.5 49 0 55 0.8 56 0.9 
