100
60 4 0 25 0.8 44 0 
347 10 0.5 29 0.5 41 0 47 0.9 67 0 79 0 85 0.3 93 0.9 95 0 
389 9 0.6 19 0 25 0 27 0 39 0.6 55 0.5 57 0 73 0.4 94 0.3 
503 57 1 69 1 78 0.4 84 0.9 85 0.7 
593 42 0.6 45 0 53 0.6 55 0.7 72 0.5 
660 16 0.9 20 0.4 38 0.6 43 0.9 52 0.9 63 1 64 1 93 0.4 99 1 
833 26 0.9 29 0 44 0.4 54 0.3 61 0.6 72 0.5 
929 5 0.7 8 0 30 0.9 43 0.5 57 0.7 76 0 81 0.6 
1015 13 0.3 
1031 80 0 
1052 0 0 2 0.6 5 1 16 0 32 0.3 38 0.3 50 0.7 66 1 67 0 81 0.5 
1218 2 0.7 13 0 37 1 55 0.3 64 0.9 69 0 78 0.4 
1404 76 1 
1496 0 0.4 17 0 23 0.5 29 0 
1532 34 0.5 83 0.7 
1738 33 0.5 44 0 45 1 74 0 93 0.3 
1804 4 0.3 7 0.5 8 0 17 0.7 42 0.5 50 0.9 53 0 72 0 82 1 
1904 1 0 6 0.3 13 0.5 26 0 45 0.7 68 0.9 87 0.4 88 0.7 99 0 
1921 11 0.6 70 0.8 84 0 99 0.8 
1976 66 0.4 91 0.6 
1996 0 0.8 16 0.4 35 0 58 0.3 60 0.9 69 1 82 0.6 90 0 
2001 5 0.4 11 0.9 35 0.8 
2192 13 0 19 0.6 23 1 29 0 34 0.6 44 0.9 
2291 34 0 
2306 10 0 17 1 28 0.4 42 0.6 52 0.5 58 1 70 0 81 0.5 
2521 4 0.3 40 1 48 0.5 61 1 66 0.6 76 0.8 86 0.8 91 0.6 
2579 10 0 14 1 37 0 49 0.9 50 0.5 56 0 83 0.3 97 0.7 
2628 3 0.3 5 0 34 0.7 46 0 65 0.4 77 0.9 86 0.8 87 0 99 1 
2804 7 0.9 19 0 72 0 76 0.6 
2880 3 0 8 0.9 39 0.7 42 0.3 87 0 
2980 23 0 27 0.9 86 0.7 88 0 98 1 
2992 5 0.9 15 0.5 28 0.5 34 0.9 39 0.4 
3004 2 1 8 0 9 0 16 0 29 0.4 37 0.5 45 0.9 56 0.7 99 0.9 
3096 30 0.9 38 0 69 0.7 72 0 83 1 84 0.3 
3101 15 0.8 20 0.3 42 1 58 1 
3124 13 0 40 0.3 43 0 55 1 63 0.6 83 1 91 0.8 97 0.8 
3383 4 1 10 0 13 0.6 15 0 16 0.6 27 0.9 28 0 45 0 57 0.8 68 0.5 
3473 14 0 17 0 36 0.5 68 0 74 0.8 80 0.7 97 0.5 
3707 35 1 46 0.3 64 0.6 66 0.8 70 0.9 72 0.7 90 0.3 
3832 7 0.7 19 0.8 21 0 45 0.5 72 0.7 81 0.9 85 0.5 
3862 1 0 36 0 76 0.5 91 0 
4125 6 1 13 0 26 0.9 27 0.8 44 1 45 0 67 0 83 0.3 87 0.5 
4169 42 0 
4226 11 0.6 13 0.4 19 0.5 47 0.7 82 0 
4321 19 0.7 33 0.9 67 0 73 0 
4448 16 0 80 1 85 0.3 90 1 94 0.9 
4457 10 0.7 23 0.6 42 0.5 62 0.3 
4484 26 0 
4528 13 0.9 22 0 36 0 43 0.7 44 0.6 51 0 52 0.8 65 1 97 0 98 0.6 
4557 10 0 18 0.4 32 0.6 57 0.7 63 0.7 69 0.3 76 0 81 0.9 82 0 93 0.3 
4560 14 0.3 38 0 79 0.7 
4876 22 0.9 26 0.6 29 0.3 42 0.4 64 0.9 73 0 93 1 95 0 
4936 20 0.4 24 0.6 29 0.3 41 0 45 0.6 59 0.3 60 0.4 75 0 
4978 3 0.9 14 0 26 0.9 43 0.8 47 0 48 0.6 60 0.6 68 0.6 75 0 81 0.8 
5011 8 0.8 9 0.6 12 0.8 15 0.9 49 0.5 52 1 59 0 68 0.6 80 0.5 
5235 4 0.3 59 1 87 0.8 93 0 
5314 1 0 4 0 19 0 29 0 32 1 39 0 47 0 52 0.7 74 0 
5316 30 0 64 0.4 68 0 76 0.3 
5409 10 0 36 0.3 45 0.4 78 0 87 0 90 0.9 93 0 98 0.9 
5649 6 1 13 0.8 19 0.5 33 0.5 38 0 40 0.5 52 0.8 53 0.9 78 0.4 94 0 
5701 25 0.6 33 0.6 48 0.5 56 0.3 
5843 12 0.7 20 0.9 52 0.9 53 0.9 69 0.7 80 0.4 83 0 88 0 96 0 99 1 
5975 4 0 17 0 28 0.8 61 0.9 84 0.6 
6096 47 0.6 81 0.7 85 0.5 89 0.8 
6105 20 0.8 25 0.6 47 0.7 48 0.4 69 0.7 87 0.7 93 0.5 
6194 18 0.3 19 0 32 0 36 0.8 37 0.8 42 0.5 47 0.6 66 0.8 74 0.5 94 0.9 
6220 41 0.6 51 0 60 0 79 0.9 83 0.4 85 0.5 
6518 34 0.6 86 0.7 
6883 3 1 65 0.9 
6900 11 0.7 47 0.5 95 0.6 
7077 7 0.8 18 0.8 23 0.6 29 0 46 1 59 0 72 0.8 86 0.9 94 0 
7282 3 0.5 10 0 31 0.9 34 0.5 40 0.3 48 0.4 74 0.8 81 0.7 83 0.4 93 0.3 
7352 95 0.3 
7381 2 0 14 0.6 21 0.8 93 0.7 95 0 
7403 2 0.3 25 0.7 29 0.9 39 0.8 51 0.9 71 0.5 73 0.8 77 0 83 0.4 93 0 
7409 16 0.7 61 0.8 62 0.8 65 0.7 97 0.7 
7496 7 0.3 15 1 23 0.4 28 0 33 0.4 65 0.7 
7547 0 0 4 0.4 42 0.8 83 0.7 84 1 93 0.6 
7567 9 0.3 28 0.5 30 0.6 34 0 44 0.8 55 0.9 78 0 85 0.4 98 0.3 
7596 0 0.7 8 0.9 12 0.4 13 0 20 0.4 28 0.8 36 0.8 75 0.5 85 0.3 
7615 0 0.4 2 0.5 14 0 19 0.8 23 1 81 0.3 90 0 92 0 
7684 6 0 38 0 57 0.7 64 0 
7750 49 0.5 
7974 14 0.8 27 0.7 35 0.9 37 0.5 43 0.7 64 0.4 68 0.6 71 0.6 
8010 9 0.6 32 0.3 54 0.7 72 0 
8091 2 1 14 0.7 24 0 39 0.9 51 0.5 57 0.4 59 0 73 0.6 74 0.3 
8356 53 1 94 0.3 
8466 9 0 10 0.9 43 0.6 61 0.6 77 0 89 1 96 0.6 
8641 38 0.8 51 0 77 0.5 86 0.8 
8649 62 0 
8750 3 0.3 4 0.9 11 0.9 13 0 30 0 36 0.6 71 0.4 86 0.4 91 0.7 98 0.4 
8782 39 0.5 47 1 76 0 82 0 90 0.8 94 0.4 99 0 
8860 80 0 
8979 11 0.6 21 0.7 31 0.3 36 1 76 0.3 
9131 18 0.5 94 0.6 97 1 
9262 2 0.3 4 0.5 29 0.9 30 0.8 39 0.7 64 0.5 66 0.9 76 0.3 
9337 11 0 76 0.8 
9420 1 0.7 16 0.3 32 0.3 51 0.9 66 0.4 88 1 
9616 3 0 9 0 12 0 14 0 19 0 41 0.9 85 0.4 96 0.7 
9997 12 0.5 17 0.6 34 0.6 53 0.9 54 0 97 1 
