100
83 5 0.8 8 0 13 0 21 0.5 37 0.9 42 0 55 0 60 0 85 0.7 
229 18 0.7 20 0.9 23 0.6 29 0 30 0.5 35 0.4 39 0.7 51 0 72 0.5 
238 8 0.8 41 0.4 42 1 44 1 51 0.3 63 0.9 79 0.6 98 0.3 
393 14 0 53 0.3 57 0 60 0.9 72 0 84 0 97 0 
404 56 0.3 
417 19 0 23 0.3 33 0 35 0.4 41 0.3 42 0.5 60 0.7 62 0 73 0.5 77 0 
655 0 0.8 2 0.9 4 0.5 28 0.8 40 0.4 44 0.6 81 0 89 0.3 
690 2 0.4 17 0.6 23 0.8 24 0.3 83 0.4 96 0.6 
766 3 0 22 0.8 45 0.9 60 0.9 69 0.9 70 0.7 78 0.8 84 0 94 0 
794 12 0.8 
853 8 0.5 31 0 
895 0 1 7 0.7 12 0.7 46 0.6 91 1 
1005 1 0.7 22 0.7 29 0 31 0.7 44 0 51 0.5 58 0 66 0.6 74 0.7 90 0.9 
1062 2 0.3 29 0.8 
1065 32 0.6 56 0.4 61 0 68 0.4 82 0.9 85 0 91 0.6 
1086 10 0.8 21 0 24 0.6 31 0.8 34 1 38 0.7 41 0.9 57 0 71 0 79 0.9 
1105 11 0 31 0.4 50 0.3 80 1 81 0.3 95 1 97 1 
1156 14 0 18 0.5 23 0.3 47 0.5 53 0.6 93 0.8 95 0.7 
1281 4 0.6 17 0.5 23 0.7 48 0.7 65 1 69 0.7 72 0.9 83 1 90 0.5 
1325 11 0.3 27 0.4 84 0.9 92 0 
1387 19 0.3 36 0.5 41 0.6 73 0.6 78 0 92 0.8 94 0 99 0.4 
1449 22 0 77 0 
1459 0 0.9 2 0 7 0 14 0.8 19 0.3 38 0.7 83 0 86 0 87 0.6 91 0.6 
1466 66 0.4 
1491 2 0 11 0 14 0.4 19 0.5 54 0.5 58 0 
1551 3 0 25 0.5 37 0.3 45 1 65 0 78 0 
1589 6 0.9 11 0 20 0 35 0.4 39 0.9 88 0.5 89 1 99 0.9 
1594 9 0.6 13 0.9 25 0.4 58 1 
1730 16 1 52 0 94 1 
1925 21 1 40 0.7 42 0.9 67 0.4 73 0.9 
2149 4 0 
2276 24 0.7 30 0.5 37 0 48 0 60 0.8 67 0.4 82 1 93 1 
2476 89 1 
2753 13 1 20 0.4 35 0.8 47 0 52 0.9 56 1 59 0 61 0.3 78 0.4 84 0 
2768 22 0.3 32 0.7 52 0.4 98 0.6 
2802 57 0.5 72 0 78 0.9 84 0.4 
2827 12 0.3 13 0.9 36 0 43 0.6 47 0.6 48 0.5 70 0.5 71 0 86 0.7 87 0.3 
2870 63 0.9 69 0 90 0.9 95 0 
2900 9 0.8 
2925 19 0.7 
3154 38 0.8 47 0.6 73 0.7 84 0.5 
3197 29 0.5 
3226 1 0 31 0.3 53 0.9 64 0 69 0 
3268 7 0.4 17 0.6 22 0 35 0.8 36 0 89 0 
3306 1 1 20 0 27 0.5 31 0.9 45 0 54 0.5 60 0 81 0.3 86 0.3 
3394 9 0.8 27 0.6 35 0.7 47 0.7 63 0 66 0.4 69 1 72 0.7 
3730 90 0.3 
3831 21 0.4 97 0 
3846 2 0.7 33 0 46 0.7 54 0.8 55 1 57 1 92 0 95 0.4 
3864 9 0.4 14 0.7 34 0.8 48 0 65 0 
3966 10 0.9 14 0.8 32 0 41 0.7 49 1 63 0 65 0.8 92 0.8 
4138 0 0 
4147 13 0 45 0.5 47 0.6 49 0.8 51 0.8 56 0.9 58 0.6 59 0.9 75 0 97 0.8 
4353 32 0.7 58 0 75 0.9 78 0.5 89 0.6 
4369 15 0.5 18 0.8 38 0 84 0.4 
4598 8 0.9 11 0 40 0 58 0.3 66 0.5 68 0.3 81 1 
4624 27 0 28 0.3 66 0.6 69 0.4 86 0.7 87 0.9 90 0.4 
4714 7 0 25 0 31 0.6 37 0 38 0.3 42 0.3 46 0.5 50 0.6 81 0.4 92 0.5 
4790 3 0.6 26 0.7 34 0 38 0 60 0 64 1 84 1 94 0 
4845 8 0.5 33 0 35 0 59 0.5 87 0.8 
4886 4 0.7 40 0.7 94 0 
4911 49 0.5 75 0.5 84 0.3 
5018 3 0 42 0.3 
5065 10 0.5 25 0.7 37 0.3 53 0 68 0.4 
5167 16 0.9 40 0 56 0 64 0.9 97 0.8 
5300 4 0.3 27 0 28 0.8 32 1 42 0.7 69 0.7 85 0.3 90 0 95 0.3 98 0 
5449 10 0.8 13 0.5 17 0.8 28 0 48 0.5 57 0.5 77 0 
5632 15 0 18 0.5 23 0.4 25 0.7 33 0 39 0.8 43 0.4 45 0.4 53 0 75 0.4 
5740 13 0.3 15 1 16 0.5 36 0.9 41 0.8 57 0.3 60 0.7 79 0.9 80 1 87 0.3 
5773 4 0.8 18 0 21 0.3 53 0.3 68 1 78 0.5 88 0.6 
5908 6 0.7 26 0 45 0 46 0.9 79 0 80 0.9 
5911 25 0 38 0.6 39 0.6 48 0.8 80 0.4 82 0.6 
6127 0 0.4 3 0.5 4 0.3 7 0.3 13 0.3 60 0.9 
6274 97 0.8 
6335 38 0 48 0.9 54 1 59 0.3 62 0.7 64 0.6 80 0.5 83 0 87 0 88 0.3 
6633 14 0 16 0 20 0.8 30 0.6 38 0.5 43 0.7 50 0 68 0.9 93 0.5 
6950 8 0.6 10 0.7 37 0.9 53 0.9 72 0.4 76 0.3 93 0.8 97 0.4 
6967 0 0.3 17 0.5 22 0.5 28 0.6 52 0.4 57 0.9 74 0.5 76 0.5 80 0.5 97 0.8 
7042 22 0.8 45 0 55 0.9 57 0 91 0.7 
7043 18 0.6 23 0.8 55 0.6 77 0.6 79 0 98 0 
7148 15 0.5 23 0.3 27 0 64 0.3 74 0.8 76 1 89 0 
7184 30 0 53 0.7 
7418 2 0.8 9 0 37 0 50 0 56 1 61 0 62 0.7 64 0.5 65 0.5 75 0.5 
7458 81 0.5 
7613 14 0.6 17 0.4 19 0.4 20 0.6 48 0 49 0.7 59 0.7 95 0.9 99 0 
8034 0 0 4 0.6 5 1 12 0 17 0.4 20 0 31 0 37 0.3 40 0.7 57 0 
8484 12 1 46 0.9 79 0.9 
8585 5 0.7 18 0.3 38 0.5 45 0.3 47 0.5 76 0.8 82 0.7 
8694 10 0.8 44 0.9 52 0.4 75 0 80 0 
8697 1 1 2 0 11 0 16 1 21 0.8 27 0.3 50 0.9 63 0 69 0.8 89 0.5 
8782 39 0 47 0.6 76 0.8 82 0.3 90 0.4 94 0.8 99 0.7 
8842 3 0.7 24 0.9 25 0.6 28 0.6 38 0.3 82 0.4 94 0.3 
8984 51 0.6 64 0.7 98 0.3 
9047 3 0.7 6 0 9 0.9 23 0.6 25 0.4 28 0.5 31 0 78 0.6 83 0 
9168 5 0.6 58 0 63 1 67 0.8 
9279 32 0.5 58 0.4 
9526 17 0 29 0.9 31 0 83 0 87 0.5 95 0.7 98 0.8 
9762 18 1 32 0.8 41 0.6 52 1 55 0.7 62 0.8 74 0.4 76 0.6 
9851 3 0.3 18 1 23 0 32 0 39 0.7 63 0.6 73 0 93 0.5 
9982 23 0.8 39 0.3 69 0.8 88 0 91 0 93 0.7 94 0.9 
