100
1 69 1 
114 1 1 21 0.8 28 0 35 1 48 0.3 
197 36 0 54 0.9 72 0 73 0.9 91 0.6 
232 34 0 
279 22 0.5 27 0.4 37 0.6 62 0.4 67 0.9 73 0 
322 34 0 41 0 42 0.5 70 1 84 0 97 0 
362 2 0.8 22 0.6 32 0.3 93 0.3 
367 12 0 38 0.5 40 0.8 57 0.9 84 0.9 94 0.5 
369 14 0.7 37 0.4 41 1 76 0.4 
467 16 0.5 21 0.7 23 0.4 25 1 32 0 34 0.3 41 0.4 59 0.5 63 0.7 72 0 
499 29 0.7 48 0 79 0.6 
611 6 0 52 0.7 58 0.7 68 0.4 76 1 
632 7 0.6 18 0.3 35 0.3 52 0.7 
771 7 0.3 17 0.3 50 0.5 68 0 70 0.9 71 0.6 72 0.9 
816 2 0.3 22 0.9 46 0.3 
893 11 0.4 14 0.9 76 0 
1012 6 0 14 0.5 23 0.6 31 0.7 62 0.4 65 0.7 77 1 82 0.5 93 0.9 
1015 13 0.3 
1071 8 0.9 9 0 17 0.3 33 0.8 64 1 72 0.5 
1185 48 0 
1299 60 0.6 
1359 20 0.8 21 0 39 1 48 0.7 49 0 59 0.8 64 0 74 0.9 
1442 0 0.3 3 0.9 19 1 25 0.8 27 0.6 28 0 39 1 52 0.9 74 1 
1882 12 0 38 0.9 64 0.4 93 0.7 
2130 24 0.7 34 0 39 0 
2166 0 0.8 23 0.5 42 0.7 45 0 90 0.9 92 0.7 
2200 22 0.6 30 0.4 68 0.8 
2323 31 0.6 36 0.5 45 0 69 0 
2456 18 0.7 50 0.7 89 1 
2493 3 0 4 1 8 0 11 0.7 17 0 38 0 39 0 47 0.4 79 0 84 0.7 
2792 8 0 
2881 34 0.4 
2911 10 1 56 1 74 0 83 0 
2998 9 0.9 11 0 13 0.8 62 0 86 0 91 1 
3206 0 0.6 15 0.9 44 0.6 48 0 53 0.9 75 0 76 0 77 0.9 
3240 9 1 52 0.5 60 1 92 0.8 
3337 15 0.8 22 0.9 50 0 54 0 62 0.7 63 0.4 71 0.5 94 0.9 97 0.5 
3351 10 0.7 17 0.4 19 0.3 22 0 28 1 41 0.5 44 0.9 63 0 81 0.5 84 0.9 
3445 18 0 22 0.4 
3594 0 0 2 0.5 17 0.4 18 0.7 42 0 46 0.5 64 0 74 0 83 0.9 93 0 
3644 39 0.7 44 0 
3701 7 0.6 10 0.7 22 0.7 72 0.8 75 0 
3863 25 0 45 0.7 
3887 41 0 45 0.6 65 0.8 69 1 
3925 12 0.4 26 0.5 31 1 91 0.7 
3993 12 0 22 0.7 26 0.4 27 0 53 0.4 67 0.8 89 0.7 90 0 
4052 23 0.5 45 0.5 49 0 53 0.8 74 0.7 
4063 3 0 6 0 12 0 20 0.8 75 0.4 77 0.8 79 0.3 
4182 28 0.5 67 0.6 
4199 0 0 3 0 78 0 90 0 
4402 25 0 54 0 64 0.5 71 0.3 83 0.6 84 1 93 1 98 0.7 
4479 4 0 44 0.4 76 0.5 
4652 0 0.5 1 0.4 12 0.4 17 0.7 33 0.7 39 0.9 91 0 
4730 28 0.5 63 1 
4738 2 0.3 5 0.5 6 0.8 7 0.4 12 0.9 33 0 56 0.4 85 1 
4773 2 0.3 33 0 39 1 71 0.5 76 0 
4901 3 0.4 16 0.6 31 0.6 82 1 
4980 18 0 40 0.9 73 0.7 80 0.5 85 0.4 90 1 
5130 48 0.7 70 0 
5273 5 0.7 38 0.5 41 0.9 48 0.4 65 0 72 0.6 92 0.3 
5309 2 0.5 6 0.6 13 0.3 22 0 27 1 55 0 89 0.3 94 0.3 
5445 23 0.6 26 0.8 47 0.5 61 0.4 64 0 75 0.7 
5475 30 0.9 94 0.6 
5616 9 0.7 17 0.6 49 1 62 0.5 
5711 9 1 17 0.9 21 0.3 33 0 44 0.3 54 1 58 1 84 0.6 85 0.9 91 0.5 
5866 2 0.7 65 0.4 66 0.9 
6134 17 0.8 46 0.3 90 0.7 96 0.8 99 0.7 
6251 11 0.5 47 0.9 60 0.9 
6261 7 0 27 0 75 0.3 
6339 2 1 31 1 55 0 65 0.3 70 0.5 77 0.6 81 1 86 0.5 95 0.6 
6421 20 0.9 40 0.3 71 0 74 0.5 
6794 53 0.4 
6823 3 0 18 0.7 22 0.9 29 0.6 48 0.6 63 0.4 64 0.6 95 0.8 
7122 69 0.3 
7327 14 0.6 21 0.5 27 0 72 0.6 83 0.5 84 0.6 95 0 97 0.5 
7611 74 0 75 0 88 0.5 
7834 63 0 98 0.3 
7856 25 0 28 0 45 0.6 52 0.3 59 0.9 
8194 21 0.4 25 0.4 34 0.8 38 0.6 40 0.6 53 0.5 
8235 29 1 34 0.8 38 0.5 53 0.5 60 0.5 
8260 1 0 16 0.7 35 0 65 0.8 74 0.9 75 1 88 0.5 99 0 
8498 2 0.7 3 0 51 0.3 70 0.6 91 0 93 0.7 
8549 0 0.8 2 0 14 0.6 16 0.3 27 0 51 0.3 67 0.9 72 0.9 83 0 
8724 16 0.8 62 0 94 1 
8778 20 0.9 22 0 25 0.5 31 1 34 0.9 54 0.7 59 1 72 0.6 
8804 18 0 25 0.7 38 0.3 94 0 
8878 4 0.3 5 0 25 0.9 36 0.6 42 0.9 43 0.7 80 0 82 0 89 0.3 90 0.3 
8969 8 0.6 28 0 42 0.3 49 1 65 0 77 1 81 0.4 86 0 95 0 
9139 6 0.6 14 0.6 22 0.6 49 0.4 52 0.5 60 0.7 62 0 67 0.4 90 0.8 92 0.5 
9154 17 0 28 0 39 1 47 0.9 69 0 71 0 80 0.4 91 0 
9169 15 0.7 71 0.6 72 1 73 1 84 0.7 
9210 10 0.5 25 0.9 47 0 60 0.5 66 0.4 86 0.5 
9225 36 0.5 77 0 
9238 13 0.8 39 0 41 0 44 0.4 66 0.8 72 0.7 73 0 77 1 99 0.3 
9254 23 0.3 27 0.4 29 0.9 30 0.5 34 0.9 54 1 79 0.9 
9361 37 0.5 49 0 88 0.4 
9406 24 1 28 0.4 53 0 67 0 80 0.5 81 0.4 85 0.9 95 0.5 96 0.6 
9784 3 0 10 0.4 12 1 23 0 49 0.9 50 0.6 62 0.3 83 0.8 86 0 98 1 
9816 20 0.9 21 0 33 0.3 53 0.5 57 0.9 60 0.3 78 0.8 84 0.3 
9988 15 1 17 0.5 22 1 42 0.4 77 0.6 
