100
68 60 0 86 0 95 0 
286 25 0.3 48 0 51 0.6 55 0.6 56 1 64 0.5 86 0 90 0.9 93 0.9 
530 3 0.4 24 1 41 0 44 0 46 0.4 56 0.3 65 0.5 76 0.3 86 1 91 0.7 
542 9 0.5 18 0 33 0.5 36 0.8 39 0 47 0.3 65 0.3 71 0 75 0 91 1 
600 1 0.9 22 1 43 0.6 56 0.7 
641 10 0.6 20 0.7 21 0 37 0.6 46 0.3 64 0 72 0 75 0 76 0.7 97 0 
737 36 0.6 43 0.6 46 0.8 59 0.7 69 0.5 90 0.4 
805 22 0.7 29 0 33 0 35 0.9 68 0.7 75 0.6 94 0.4 
868 27 0.6 
871 3 1 18 0.5 
880 4 0.6 5 0.9 49 0 54 0.9 59 0.3 68 1 77 0 88 0.3 
1232 62 1 
1450 8 1 11 0 46 0 48 0 56 0 60 0 62 0 68 0.9 71 0.3 
1464 31 0.4 96 0 
1533 5 0 28 0.3 92 0 95 0.9 
1535 4 0 41 0.6 47 0.3 63 0.8 65 0.5 70 0.4 75 0.3 
1634 63 0 87 0.8 
1842 9 0 10 0.5 37 0 51 1 55 0.5 58 0.3 67 0.8 72 0.8 94 0 98 0 
1856 20 1 47 0.3 
1946 11 0 22 0.5 27 0.5 41 0 56 0.6 78 0.7 87 0.5 
2067 35 0 36 0.5 55 0.8 67 0 79 0.3 
2266 15 0 
2268 17 0.8 41 0 68 0.5 76 0.9 
2280 88 1 
2495 18 0 33 0 66 1 
2546 25 0.3 82 0 93 0.5 
2965 12 0.4 16 0 31 0 44 0 47 1 62 0 
3093 0 0.5 7 0.9 17 0.9 48 0.6 63 0 66 0.5 72 0 73 0.9 98 0.7 
3181 37 0.3 65 0 78 1 
3355 1 1 32 0.3 35 0 42 0.7 76 0 89 0 95 0.7 
3357 11 1 38 0.9 47 0 73 0.7 90 0.7 
3475 7 0.6 50 0.9 52 0 63 0.5 69 0.5 79 0.3 
3607 12 1 21 0 23 0.6 48 0 56 0.6 64 0.4 68 0.9 
3651 20 0.6 30 0.6 31 0.9 70 0.3 
3653 0 0.3 17 0.9 21 0.7 24 0.5 38 0.7 92 0 93 0.6 96 0.4 
3791 23 0.7 24 0.8 75 0.6 
3795 13 0.3 41 0.3 67 0 
3911 6 0.5 8 0.6 12 0 18 0.7 36 0.3 37 0 46 0 73 0 
3970 46 0 53 1 
3997 20 0 21 0.7 22 0.7 51 0 55 0 57 0 71 0.8 
4174 21 0.4 24 1 25 0.7 34 0 39 1 40 1 65 0 74 0 86 0.3 87 0 
4242 10 0.9 37 0.6 39 0 49 0.6 62 0 81 0.7 
4477 0 0.5 4 0.7 37 0.9 56 0.4 65 0.9 66 0.8 87 0.9 89 0.3 91 0.4 97 0.6 
4484 26 0.8 
4641 3 0 25 0 38 0.7 45 1 59 0 61 0.6 69 0.3 70 0.4 80 1 84 0 
4879 2 0.7 22 0.8 23 0.7 34 0.7 57 1 70 0.5 72 0 81 0.7 93 0.6 
5005 4 0 22 0.9 43 1 71 0.5 80 0.8 
5120 46 0.9 
5147 17 0.7 47 0 57 0.3 62 0 85 0.7 98 1 
5187 29 0.8 86 1 93 0.6 
5195 54 0 93 0.7 98 1 
5444 13 0.8 35 0.4 41 0.6 47 0.8 66 1 82 0.6 
5508 23 0.8 26 0 30 0.6 60 0 65 0.9 70 0.3 85 0.9 94 0 98 0.8 
5583 2 0.7 19 0 29 0 41 0.8 75 0.5 77 0.8 
5827 23 0 25 0.3 28 0.6 32 0.5 37 0 50 0.7 51 0.8 71 0 
5898 9 0.7 35 0.7 44 0 47 0 64 0.5 65 0.6 
6064 8 0 9 0.8 34 0.6 77 0.3 79 1 
6096 47 0.8 81 0.6 85 0.9 89 1 
6308 35 0 57 0.7 94 0 95 0 
6485 13 0.8 54 0 60 0.7 62 1 87 0 
6504 12 0.5 42 0.6 94 0.7 96 0.5 97 0.3 
6532 6 0.8 38 0.4 62 0.4 69 0 70 0 71 0.3 76 0 80 0.8 84 0 
6533 4 0.7 5 0.3 60 0.6 80 0.5 
6598 10 0.6 29 0.4 30 0.3 39 0.3 41 0 51 0 56 0.8 61 0.8 
6599 0 1 21 0 46 0.8 73 0 
6601 7 0.8 10 0 14 0 42 0 44 0.9 83 0.3 97 0.9 
6633 14 0.7 16 0 20 0.9 30 0.6 38 0 43 0.4 50 0.7 68 0.6 93 0 
6675 2 0 72 0.3 
6754 61 0.6 87 0.8 88 1 91 0 
6795 5 0.4 8 0.3 20 0.5 24 0.5 34 0.9 45 0.9 71 0.8 83 0.5 97 0 
6939 63 0 
7066 6 0.3 52 0.5 62 0.3 82 0.6 96 0.4 
7178 9 0.5 40 0.4 57 0.9 88 0.6 
7312 26 0 68 0 69 1 
7528 3 0.5 24 0.9 
7587 4 0.4 44 0.7 64 0 70 1 
7780 6 0.8 16 0.7 20 0.7 51 0 52 0.3 75 0 80 0.4 87 0.5 97 0 
7796 14 0.4 36 0.7 54 0 71 0.3 80 0 89 0.8 90 0.6 99 0 
7911 15 0 25 0 48 0.9 49 0 59 0.5 65 0.7 66 0.5 69 0.6 78 0 96 0.3 
8091 2 0.9 14 0.9 24 0 39 0.9 51 1 57 0 59 0 73 1 74 0.7 
8280 1 1 9 0.5 26 0 29 0.7 33 0.8 38 1 66 0 82 0.9 
8516 2 0.9 4 0.6 13 0.4 57 0 77 0.8 82 0.6 96 0.9 
8540 27 0.5 44 0 86 0.8 
8618 0 0.6 51 0.9 62 0.9 63 0.4 65 0.7 74 0.6 
8627 19 0.3 89 0.4 
8761 10 0.5 49 0 62 0.3 
8836 5 0.4 16 0 56 0 86 0 
8859 43 1 47 0 52 0.6 53 0.5 68 0.9 74 0 
8892 25 0 37 0 41 0 97 0.8 
9259 24 0.4 
9265 7 0.5 36 0.8 43 0.3 51 0.5 84 0.4 93 0.9 
9279 32 1 58 0.9 
9378 5 0.8 37 0.9 
9385 3 1 46 0 64 1 71 0 79 0.4 
9388 13 0 21 0.4 22 0.7 39 0 51 0.7 76 0 78 0.7 82 0 90 0.3 93 0.8 
9446 3 0.5 4 0.9 18 0 25 0.6 29 0.6 77 1 79 0.7 85 1 90 0 91 1 
9509 18 0.9 20 0.5 43 0.5 54 0.8 66 0.7 79 0.6 
9603 15 0.9 58 0.3 
9635 21 0.4 28 0 61 0 77 0.3 85 0 87 0 
9718 15 0 26 0.3 45 0.4 54 0.7 66 0.8 
