100
74 19 0.8 45 0.4 52 0.9 56 0.7 85 0 
145 61 0.4 
153 2 0.9 19 0 80 0 88 0.6 
220 0 0.8 19 1 42 1 48 0 65 0.3 80 0 94 0.8 97 0.9 
262 3 1 10 0 16 0.5 42 0 70 0 71 0.7 79 0.6 87 0 89 0 
320 24 0.7 30 0 40 0.3 94 1 
445 5 0.5 32 0.6 45 0.7 63 0.4 74 0.8 76 0.6 97 0.4 
543 12 0.7 31 0.3 42 0 56 0.3 65 0.5 80 0 
646 5 0.7 21 0 39 0 60 0 68 0.9 72 0.8 79 1 80 0.3 82 0.9 97 0.3 
736 23 0.3 71 0.5 99 0.6 
968 6 0.4 10 0.5 30 0.7 
1021 8 1 20 0.9 21 0.4 28 0.8 75 0 
1072 19 0 26 0.8 42 0.7 51 0 68 0.4 71 0.8 72 0.3 79 0.6 
1163 23 0 71 0.3 79 0 
1729 11 0 34 0 55 0.5 63 0 71 0 81 0 
1737 41 0.7 43 0 62 0.9 64 0 66 0.3 70 0.8 
1905 20 0 21 0.3 25 0 32 0.5 56 0.3 60 0.8 65 0.6 66 0 72 0 75 1 
1958 9 0.7 60 0 94 0.6 
2104 9 0 13 0.3 14 0.9 40 0.4 63 0 68 0 85 0 93 0.5 
2265 8 0.6 32 0.7 49 0.9 72 0.6 96 0.6 
2303 0 0.5 1 0.9 6 0.9 9 0.9 28 0 68 0 88 0.4 
2465 11 0 50 1 59 0.6 78 0.8 
2469 0 0.7 3 0.9 60 0.7 
2488 50 0.4 55 0.7 87 0.5 
2636 11 0.5 62 0.6 63 1 69 0.6 76 1 84 0.3 
2649 0 0 5 0 37 0.4 49 0.7 57 0.4 69 0.8 
2680 1 0.3 8 0.6 12 0.7 32 0.4 55 0.7 65 0 86 0 90 1 97 0 
2707 82 0 
2727 15 0 23 0.3 44 1 49 0.8 51 0 55 1 71 0.6 72 1 79 0 
2746 8 0.8 
2856 5 0.8 16 0.8 23 0.3 29 0.7 63 0 69 0 84 0.7 91 0.7 94 0 
3048 34 0.9 82 0.7 
3105 10 0.7 29 0.5 36 0.6 94 0 
3222 18 0.7 39 0.5 60 0.5 
3292 5 0 14 0.8 35 0.3 66 0.4 71 0.8 80 0.8 89 0 
3304 4 0 9 0.9 17 0 42 1 52 0.5 60 0 85 0 
3344 38 0.9 46 0.5 51 1 
3418 8 0.5 13 0.6 15 1 17 0.6 19 0.9 37 0.7 49 0.3 77 0.5 94 1 
3474 2 0.9 18 0 26 0 33 0.8 64 0.4 66 0.5 70 0.3 89 0.6 98 0.3 
3698 20 0.9 26 0.6 61 0.5 86 0.8 87 0.8 94 0.3 
3766 1 0.4 11 0.5 39 0.6 42 1 49 0 59 0 83 0.7 89 0.8 97 0.8 
3901 8 0.5 9 0.7 10 0.6 22 0.8 31 1 46 0.4 50 0.7 61 0.4 75 0 78 0.7 
3916 4 0 11 0.7 35 0.4 66 0.8 72 0.6 
3960 4 0.8 15 0 41 0.6 51 1 53 0.9 60 0.5 65 0.5 86 0.5 97 0.9 
4042 5 0.6 15 0.3 25 0.8 43 0.3 78 0.3 80 0.9 
4151 9 1 45 0 
4170 14 1 15 0.5 27 0.7 58 0.9 
4293 7 0 36 0.4 39 0.4 48 0.5 53 0.3 60 0.9 85 0.3 91 0.6 92 0.6 
4453 13 0 36 0.9 68 0.3 71 0.9 
4549 2 0 29 0.7 62 0.4 
4558 13 0.9 16 0 24 0 39 0.6 47 0.7 61 0.5 71 0.5 97 0.4 98 0.3 
4696 15 0 82 0.8 83 0 
4802 0 0.4 5 0.7 16 0 45 0.3 46 0 69 0 76 0 79 0 94 0.9 97 0.7 
4862 65 0.5 
4892 29 0 42 0.6 47 0.9 75 0.3 94 1 97 0.4 
4924 3 0.9 31 0.5 51 0.4 52 0.6 54 0 66 0 74 0.9 82 0 86 0.3 92 0.7 
4940 3 1 17 0.3 19 0.5 43 0.9 92 0.8 
4970 9 0.7 13 0.4 22 0.8 23 0 25 0.3 31 0 53 0.4 90 0 
5089 1 0.3 5 0.6 53 0.6 64 0 69 0.6 75 0.7 84 0.6 85 0.5 
5151 32 0.4 75 0.6 86 0.8 
5314 1 0 4 1 19 0 29 0 32 0.8 39 0 47 0.8 52 0.6 74 0.3 
5602 1 1 12 0.9 19 0.9 30 0.4 38 0.3 48 0.5 68 1 84 0.9 95 0.5 
5654 0 0.8 17 0 41 0.8 42 0.4 48 0.9 56 0.8 70 0 77 0.6 94 0.8 98 0 
6139 11 0.6 12 1 22 1 23 0.5 43 0.5 60 0.7 
6470 5 0.9 13 0.5 30 0 35 0.5 36 0 37 0.3 39 0.7 77 0 91 0.5 
6503 7 0 25 1 47 0.9 48 1 61 0.8 78 0.6 86 0.7 89 0 96 0.3 98 0 
6507 63 0.6 78 0.4 
6543 0 0.5 1 0.8 4 1 19 0.3 29 0.8 81 0.4 89 0.8 
6703 2 1 31 0.4 64 0.4 93 0 
6723 3 0.5 12 0.8 20 0.5 24 0 25 1 37 0.4 70 0 81 0 98 0.5 
6741 22 0.4 
6848 2 0 55 0.8 
6881 10 0.8 11 0.3 24 0.5 73 0.9 74 0.4 95 0.3 
6885 1 1 7 0.7 41 0.5 51 0 53 0.8 63 1 90 0.6 91 0.7 95 0.4 97 0.7 
7288 34 0 36 0 38 0.4 42 0.7 49 0.4 76 0.3 79 0.8 89 0.4 96 0.5 
7292 9 0.6 17 0.6 20 1 43 0.5 55 0.6 58 1 73 0.8 75 0.4 80 0 93 0 
7496 7 0.8 15 0 23 0.6 28 0.6 33 0.8 65 0 
7791 2 0.8 7 0.6 17 0 25 0 37 0.3 44 0.4 72 0 83 0.8 87 0 92 0.4 
7800 4 0.9 30 0.3 95 0.4 
7946 28 0 90 0.7 
7996 0 0 48 0.7 56 0.9 59 0.9 79 0.7 82 0 
8025 2 0.4 11 0 21 1 27 0.5 29 0.5 61 0.6 
8046 1 0.7 15 0.8 18 0.6 32 0.7 53 1 68 0.4 81 1 83 0.3 
8067 0 0 3 0.9 13 0.7 17 0.4 48 0.9 53 1 63 0 65 0.9 97 0.9 98 0.7 
8081 59 0 96 0.9 
8176 8 0.9 20 1 24 0.3 60 0.5 74 0.8 78 0.9 89 0.3 92 0.7 95 0 
8263 29 0.5 66 1 74 0.9 
8379 40 0 59 0 77 0.9 80 0.7 
8735 24 1 36 0 46 0.7 50 0 57 0.6 64 0.4 73 0.7 
8804 18 0.7 25 0.7 38 0.4 94 0.5 
8818 29 0.3 95 0.6 
8825 39 0.7 57 0.7 70 0.6 73 0 89 0.8 
9031 70 0.7 73 0.7 97 0.3 
9078 3 0.9 6 0.6 19 0.3 21 0.9 35 0 43 0 53 0.7 71 0.7 76 0.3 77 0.6 
9175 47 0.3 52 0 65 0.4 74 0.4 84 0.6 90 1 97 0.7 
9469 16 0 25 1 56 0.4 
9738 27 0 46 0 94 0 
9812 80 0.5 
9851 3 0.8 18 0.7 23 0.4 32 0.8 39 0.6 63 0.9 73 0.9 93 1 
9870 16 0.8 27 0 29 0.8 45 0 56 0.7 58 0 68 0.6 90 1 
