100
7 3 0.6 9 0.9 51 0.6 60 0 69 0.6 
12 9 0 23 0 48 0 79 0.6 89 0.9 
132 27 0.3 53 0.3 55 0.5 
133 41 0.8 
174 15 0 20 0.8 52 0 54 0.5 55 0 64 0.6 72 0.3 81 0.6 91 0 94 1 
248 4 0.8 5 0.8 28 0.8 46 1 55 0.4 70 0.9 82 0.6 93 0.3 95 0 
328 25 0.5 56 0.5 
382 4 0.6 17 0 28 0.6 30 0.4 44 0.8 55 0 87 0.3 99 0 
396 7 0.8 26 0 46 0.7 51 0 56 0.8 58 0 63 0.3 64 0.7 92 0.9 
444 23 0.5 31 0.4 43 0.8 73 0.3 97 0.8 
469 46 0.8 49 0.7 71 0 83 0.7 
571 16 0.3 32 0.7 33 0.6 69 0 
632 7 0 18 0.4 35 0 52 0.3 
756 17 0.4 27 0.5 50 0 68 0.6 
851 4 1 7 0.7 9 0.8 25 1 52 0.6 57 0.6 58 0.9 67 0.8 78 0.8 86 0 
974 1 0.5 29 0 44 0 45 0.5 60 0.4 75 0 80 0.9 
1029 14 0 18 0.4 
1175 0 0 9 0.4 14 0 18 0.3 30 0.7 51 0.4 80 0 82 0.6 
1188 6 0 17 0.6 36 0.8 41 0.8 68 0.5 
1334 86 0.8 
1828 1 1 10 0 27 0.9 42 0.7 87 0.6 92 0 
1905 20 0.8 21 0 25 0.8 32 1 56 0.9 60 0 65 0.7 66 1 72 0.9 75 0 
1950 16 0.4 58 0 82 0.4 86 0.6 
2045 1 0 6 0.7 20 1 22 0.7 46 0 49 0.7 56 0.4 61 1 98 0.8 
2084 25 0.3 57 0 60 1 74 0.4 
2264 42 0.7 
2336 1 0 4 0.4 6 0.3 18 0.4 40 0.9 50 0.6 71 0.4 78 0.6 88 0.6 92 0.3 
2786 12 0 17 0.3 20 1 39 0 52 0.3 67 0.6 70 0.5 75 0.6 
2814 13 0.3 38 0.4 39 0.7 47 0 69 1 75 0.9 91 0.9 
2868 10 0 20 0 71 0.4 81 0 94 0.9 96 0 
2898 82 1 
2916 32 0.9 74 0.8 77 0.3 
2954 9 0.9 51 0 59 0.3 
2981 2 0 10 0.9 33 0.8 63 0 
3438 38 1 41 0.3 54 0 97 0.4 
3440 17 0.6 64 0.3 
3466 18 0.6 56 0 79 1 96 0.4 
3484 25 1 30 0.4 37 0.9 63 0 
3628 11 0.4 34 0.4 40 0.7 43 0 53 0.9 63 0.4 77 0.3 81 0.5 82 0.7 97 0.4 
3695 17 0.5 21 0 22 0.4 30 1 46 0.4 59 0 64 0 96 0 
3718 12 0.4 14 0 53 0 74 0.4 88 0.6 
3720 11 0.8 20 0.7 30 0 95 0.7 
3974 0 0.7 44 0.8 55 0 69 0 71 0.5 73 0.8 77 0.5 81 0.4 94 1 99 0.3 
4558 13 1 16 0 24 0 39 0.7 47 0.7 61 0.3 71 0 97 0 98 0.8 
4610 99 1 
4637 19 0.6 26 0.9 31 0 46 0 97 0.7 
4756 4 0.8 18 1 20 1 31 0 32 0 34 1 38 0.5 61 0 89 0 97 0.7 
4879 2 0.4 22 0 23 0.3 34 0.4 57 0.5 70 0.5 72 0 81 1 93 0 
5080 3 0.3 10 0.7 14 0.8 30 0.3 39 1 40 0 46 0 50 0 63 0.9 
5184 43 0.5 47 0.3 66 0.7 72 0 83 0.5 84 0.7 87 0.7 98 0.8 
5286 7 0 10 0 15 0.7 25 0.5 47 0.8 80 1 
5413 14 0.8 22 0.4 29 0.7 53 0.3 
5580 11 0 16 0.7 35 0.6 44 0.5 46 0.9 48 0.7 98 0 99 0.5 
5615 27 0.4 30 0 36 0.9 44 0.5 56 0 69 0 70 0.4 96 0.9 99 0 
5632 15 0 18 0.9 23 0 25 0 33 0.9 39 0.4 43 0 45 0.9 53 0.5 75 0.6 
5796 36 0.6 37 0.9 43 0.8 45 0.6 72 0.5 79 0 82 0.4 90 0 95 0 
5924 16 0 23 0.5 34 0 36 0.5 40 1 52 0.7 61 0.9 68 0.8 93 0.3 
6060 4 0.3 14 0 25 0 45 0.4 50 0.8 64 0.4 65 0.3 90 1 94 0.9 98 0 
6146 29 0.4 36 0 44 0 51 0 55 0 84 0 
6433 7 0.7 24 0.9 28 0.7 37 0 88 0.7 97 0.3 
6513 41 0.6 96 0.3 
6521 14 0.5 35 1 87 0.9 88 0.8 90 0 
6679 9 0.4 20 0 58 0 70 1 
6707 48 0 78 0.3 83 0.5 84 0.8 87 0.8 89 0 90 0 
6809 19 0.8 72 0 91 0.6 
7082 6 0.7 
7146 41 0 64 0 
7201 27 0.5 
7334 43 0.9 48 0.8 51 0 80 0.6 
7606 10 0.8 13 0.4 19 0 24 0.9 26 0.3 32 0.9 55 0.9 69 0.8 84 0.7 99 0.3 
7752 34 0 81 0.4 95 0.7 
7926 23 0.3 31 0.9 38 0.6 39 1 53 0 74 0.6 
7965 10 1 25 0 29 1 34 0 36 0 46 0.3 71 0.9 81 0.8 96 0.7 
8108 57 0.4 
8171 7 0 10 1 12 0.4 19 0.4 37 0 54 0.8 57 1 72 0.3 85 0.4 88 0.9 
8244 21 0.7 
8305 24 0 89 1 
8494 24 0 27 0.5 57 0.5 62 0.3 
8617 3 0.8 13 0.9 52 0.6 97 0.5 
8623 0 0.8 20 0.3 21 0.4 40 0 50 0.9 56 0.7 65 0 66 0.3 89 0 
8725 13 0.3 63 0.8 85 0.6 93 1 97 0 
8789 13 0 16 0 25 0.8 42 0.5 44 0 47 1 55 1 61 0.5 97 0.7 
8818 29 0.7 95 0.5 
8837 2 0.8 
8982 0 0 3 0 34 0 38 0.9 53 0.7 79 0.9 99 0 
8985 4 1 16 0 22 0 43 0 86 0 87 0 93 1 
9008 16 0 52 0.6 97 0.7 
9036 0 0 6 0.5 21 0.5 51 0.4 74 0.7 84 0.5 85 0.8 
9218 8 0.5 9 0.5 33 0.3 40 0.9 47 0.6 49 0 86 0.4 96 0.4 98 0.7 
9256 85 0 
9627 7 0.4 17 0.7 18 0.4 25 0.6 44 1 52 0.7 65 0.9 76 0.5 77 0.3 84 0.3 
9686 3 0.3 62 0.6 
9703 14 0.5 
9842 2 0.6 28 1 56 0 72 0.6 86 1 
9852 8 0.7 10 0.7 15 0.5 17 0.9 34 0 37 0.8 45 0.4 71 1 80 0 96 0.9 
9891 3 0.9 4 0 16 0.4 28 0.9 39 0 68 0.8 85 1 
9911 23 0.9 43 0 65 0.9 
9952 6 0 19 0.5 28 0 30 0.6 43 0.8 61 0.6 79 0 
9965 77 1 88 0 
9993 9 0 15 0 18 0.7 27 0 34 0.9 37 0.6 59 0.6 70 0 99 0.5 
