100
51 48 0.5 51 0.8 56 0.6 57 0.6 63 0 85 1 92 0.8 
105 29 0.6 36 1 55 0.3 56 0.4 78 1 81 0.6 82 0 87 0.3 92 1 95 0 
316 22 1 37 0.4 39 0.5 48 0 77 0.5 
343 6 0 20 0.8 44 1 74 0 88 0.6 89 1 
346 36 0.9 
439 24 0.8 61 1 65 0 
646 5 0 21 0 39 0.3 60 0 68 1 72 0.3 79 0.4 80 0 82 0.8 97 0.3 
680 30 1 44 0.9 51 0.7 53 0.9 57 0 72 0.3 
689 59 0 
785 3 0.3 14 0.3 41 1 69 1 
810 16 0 33 0.6 64 0.5 68 0.6 
933 22 0 90 0.8 
993 30 0.7 39 0.8 41 1 46 0.5 47 0.8 51 0.5 67 0.8 69 0 
1102 8 0.7 90 0.4 
1133 65 0.8 90 0.5 
1349 11 0 57 0.7 68 1 77 0.9 94 1 98 0.5 
1359 20 0 21 0 39 0.8 48 0.3 49 0.5 59 0.5 64 0 74 0.7 
1450 8 1 11 0.8 46 0.3 48 0.6 56 0.9 60 0 62 0.9 68 0 71 0 
1505 10 0.4 24 0 34 0.7 76 0.3 88 0.3 91 1 
1590 19 0.9 23 0.5 33 1 40 0.8 44 0.9 49 0 51 0.7 83 0.8 86 0.8 
1675 21 0 28 0.9 42 0 51 0 72 0.8 89 0.5 97 0.8 
1729 11 0 34 0.7 55 0.3 63 0.7 71 0.9 81 1 
1820 3 0.5 6 0.8 8 0.5 27 0.4 33 1 34 0 92 0.9 93 0.9 97 0 99 0.5 
1826 7 0 41 0 95 0.3 
1951 16 1 19 0.7 22 0.4 24 0.7 29 0 30 0 55 0 63 0 82 0.8 
2066 39 0.5 
2157 4 0.9 5 0 31 0.3 32 0.4 36 0.4 45 0 49 1 51 0 70 0.9 86 0.7 
2178 6 0.5 22 0.4 47 0 66 0.7 73 0.6 78 0.4 
2216 13 0.6 35 0.9 42 0 53 0 
2288 1 0.3 8 0.4 54 0.6 74 0.8 
2421 4 0.9 26 0 69 0 74 0.6 88 0.8 
2597 1 0.9 16 0.9 22 0.5 25 0.8 81 0 83 0.6 
2607 8 0.9 15 0 18 0.3 44 1 52 0 61 0.7 89 0.5 97 0.7 
2614 5 0.7 21 0.9 64 0.7 75 0.8 76 0 82 0.4 
2625 32 0.4 
2629 11 0.3 27 0.4 46 0.5 75 0.7 85 0.4 89 0 97 0 
2666 4 0.3 29 0 
2765 22 0.4 26 0 27 0.3 32 0 35 0.7 45 1 69 1 85 0.3 91 1 
2771 90 1 
2925 19 0.7 
2973 23 0 31 0.8 38 0.7 49 0.9 
2981 2 0.6 10 0.6 33 0.5 63 0.8 
3078 5 0.7 63 0 
3080 11 0 22 0 31 0 32 0.8 42 0 48 0.9 63 0.4 67 0.5 70 0.3 85 0.6 
3106 86 0.7 88 0.3 
3210 58 0.7 65 0 72 0.5 83 1 
3267 50 1 
3429 14 0.3 39 0.5 
3589 15 0.8 16 0.3 19 1 24 0.4 61 0 64 0.6 76 0 86 0.9 99 0.3 
3651 20 0.6 30 0.7 31 1 70 0 
3669 18 0.3 21 0 47 0.5 
3779 39 0 79 0 
4205 17 0.4 26 0.6 44 0.6 54 1 62 0 63 0.5 64 0.6 77 1 89 1 90 0 
4344 21 0.8 57 0 
4377 6 0.9 28 0 33 0.7 70 1 72 0 99 0.4 
4482 9 0 62 0.5 65 0.3 
4622 44 0 
4687 23 0.5 26 0.4 27 0.3 45 0.7 57 0.6 79 0.7 82 0.5 
4716 2 0.4 44 0.4 52 0.4 55 0 78 0.4 95 0.8 
4798 24 0 40 0 54 1 80 0.4 96 0.4 99 0.4 
4839 7 0.3 43 0.4 54 0.4 63 0 70 0.3 78 0.5 91 0 99 0.6 
4855 40 0.5 
5331 16 0.7 19 0.5 24 0 42 0 68 0.7 74 0 77 0.4 86 0.5 91 0 
5464 4 0 25 1 44 0 56 0.7 
5504 7 0 35 1 45 0.7 52 0.7 
5523 18 0.5 21 0.5 25 0.4 35 0.6 49 0 60 0.7 72 0 96 0.7 
5567 0 0 8 0.4 13 0 58 0 69 0 74 0.4 85 0 88 0.3 92 0.5 99 0.9 
5647 35 1 
5875 7 0 
6021 14 0 31 0.5 43 0.8 68 0.6 90 0.4 
6218 3 1 11 0.9 12 0.9 17 0.8 22 1 31 0 51 0.5 69 1 89 0.6 90 0 
6276 3 0.8 64 0 
6906 13 0.5 38 0 47 0.3 75 0.9 89 0.5 
6964 1 1 24 0.7 
7094 3 0.3 5 0 15 0 40 0.5 41 0.6 43 0.5 54 0 67 0.7 80 0.4 86 0.6 
7231 19 0.4 30 0.8 50 0 62 1 
7333 0 0.9 11 0.9 23 0.9 44 0 58 1 74 0 
7505 2 0.7 3 0.5 11 0.6 28 0 54 0 61 0 83 0.7 88 0.6 
7517 4 0.3 39 0.7 61 0.4 74 0.5 77 0.4 79 0.5 98 0.3 
7602 24 0 41 1 43 0.3 46 1 58 0 64 0.3 72 0 73 0 96 0 
7863 3 0 5 0.4 18 0.6 22 1 39 0.9 40 0 50 0.9 57 0 61 0.3 72 0.3 
8125 42 0.6 59 0 66 1 75 0 
8184 6 0.4 10 0.7 11 0 21 0.4 36 0.5 66 0 76 0 84 0 97 0 
8247 13 0 42 0.6 53 0 55 0.4 74 0.7 
8534 3 0.9 13 0 16 0.7 75 1 82 0 83 0.9 94 0.7 
8632 6 0.6 17 0.8 27 0 49 0.3 69 0 79 0.7 96 0.9 98 0.5 
8746 7 0.9 16 0 17 0.6 26 0.9 36 0 37 0.5 43 0 69 0 82 0.5 99 0.3 
8816 14 0.6 36 1 45 0.5 
8967 13 0.3 15 0 47 0.8 53 0.7 65 0 70 0.4 77 1 79 0 
9083 2 0.8 7 0.5 50 0.6 64 0.5 90 0 
9198 33 0.9 46 0 49 0.9 59 0 91 0.3 
9331 5 0.3 10 0 13 0 22 0 30 0.9 32 1 77 0.9 
9350 1 0 23 1 25 0.5 60 0 65 0.4 69 0.4 70 0 74 0.8 96 1 
9409 8 0.4 61 0.8 71 1 77 0 82 0 87 0 
9459 9 0.3 15 0.8 21 0 40 0.3 63 0 64 0 79 0 
9655 6 0.4 26 0 30 0.5 62 0.7 93 0 95 0 
9705 0 1 29 0 42 0.9 45 0 61 0.7 65 0.5 78 0.4 
9732 7 0.3 8 0.4 20 1 43 0.4 63 0.6 68 0 88 0.8 90 0.3 96 1 
9740 33 0.9 44 0.3 56 0 58 0 62 0.9 74 0 78 0.5 83 1 95 0.7 99 0 
9887 59 0 84 0.6 95 0.5 96 0.8 
