100
312 95 0 
360 37 0.8 56 0 73 0.3 
390 6 0.6 18 0.6 54 0 58 0.9 59 0.5 98 0 
441 40 1 52 0.6 69 0.6 83 0.6 88 0.4 95 0.9 
454 51 0.3 
563 4 0.8 9 0.6 10 0.7 12 0.4 55 0 58 0.5 62 0.5 67 0.6 
590 4 0 
603 1 0.6 96 1 
776 1 0 7 0.4 33 0.7 39 0 69 0.9 76 0.4 
848 40 0.7 62 0.6 68 0 70 0.5 74 0.9 76 0.3 79 1 93 0.6 95 0 
907 5 0.3 6 0.3 29 0.7 46 0.6 54 0.6 65 0.9 68 0 88 0 95 0.9 
957 3 0.4 49 0.5 50 0.7 82 0.7 86 0.6 
1193 4 0.6 6 0.5 18 0 75 1 88 0.6 89 0.6 97 0.6 99 0 
1205 14 0.7 15 0.4 20 0.9 27 0 33 1 36 0.5 78 0 80 0.4 99 0.9 
1227 68 0.3 98 1 
1323 0 0 20 0.4 52 0 83 0.3 94 0.6 
1325 11 0 27 1 84 0.8 92 0.7 
1352 0 0.7 16 0.4 37 0.3 41 0.4 53 0.6 63 0.7 70 0 77 0.3 
1480 2 0.9 31 0 56 0.5 71 0 73 0.8 79 1 
1726 9 0.5 21 0 27 0.7 45 0.9 54 0.5 57 0 69 0 90 0.9 95 0.7 99 0.7 
1735 35 1 36 0.3 38 1 56 0 60 0.4 83 0.7 97 0.9 
1806 0 0 16 0 24 0 39 0.6 55 0 83 1 
2073 49 0.5 85 0.6 95 0.8 
2114 2 0 18 0 53 0 57 0 77 0 89 0 95 0.6 
2117 49 0.8 53 0.7 
2252 12 0.3 21 0.5 26 0.4 31 0.7 45 0.6 58 1 
2286 43 0.3 74 1 
2297 15 0 16 0.7 45 0 73 0 82 0.6 89 1 
2333 1 0 35 0.9 78 1 84 0.9 
2714 5 0.5 56 0.6 
2730 29 0.3 53 0 
2821 10 0.5 28 0.8 41 0.8 45 0.4 63 0.6 65 0.5 72 0.7 99 0.9 
2918 1 0.5 4 0.8 10 0.7 18 0 23 0 47 0.8 86 0.7 91 0 92 0.3 96 0.4 
2935 16 0.7 37 1 47 0.4 66 1 71 1 92 0.6 97 0 
3197 29 1 
3325 3 0.8 10 0.7 32 0.4 48 0 67 0.7 74 0.9 94 0.8 
3397 13 0.3 19 0.5 21 0 26 0 33 0.3 36 0.4 52 0.9 62 0.5 68 0.9 
3575 1 0.5 17 0.3 19 0.6 28 0.7 49 0 51 0 56 0.7 65 0 69 0 93 0.3 
3822 31 0.5 60 0.4 65 0 81 0.3 
3883 30 0 48 0.3 73 0.7 81 1 
3899 78 0.5 
3956 7 0 27 0 36 0.8 38 0.5 39 0.6 55 0.9 65 0 78 0.8 94 0.5 
3995 13 0.6 18 0.8 20 0.7 36 0.6 64 0.9 82 0.5 
4245 15 0 17 0.6 27 0 30 0.3 31 0.3 41 0.9 43 0.3 65 0.6 68 0.3 80 0.4 
4509 4 1 61 0 68 0.3 84 0 98 0.7 
4702 21 0.6 
4864 94 0 
4866 7 0.7 19 0.7 43 0.6 60 0.6 71 0.9 93 0.8 
4889 9 0 36 0 90 0 99 1 
4936 20 0.6 24 0 29 1 41 0.5 45 0.6 59 0.9 60 0.7 75 0.7 
4947 11 0.4 21 1 30 0.3 40 0.4 46 0 59 0.5 62 0 63 0.7 87 0.7 93 0 
5142 17 0.4 19 0.3 28 0.9 30 0.7 78 0 
5210 18 0.8 47 0.5 49 0.5 89 0.8 
5319 95 0.6 
5355 84 0.5 
5395 16 0.4 20 0.3 39 0.3 50 0 51 0.7 62 0.4 67 0.7 
5530 3 0.3 38 0.7 49 1 63 0.6 72 0 93 0 
5622 25 0.4 31 0 57 0.7 
5627 31 1 45 0.3 
5653 31 0.4 43 0.8 48 0.7 79 0 81 0.7 87 0 91 0 
5684 4 0 5 0.5 25 0.7 29 1 39 0.7 53 0.7 61 0.4 64 0.4 92 1 97 0 
5760 14 0.3 30 0.7 56 0.9 63 0.4 
5826 42 0.5 50 0.3 64 0.7 75 0.9 82 0.3 
5972 44 0.5 87 0.6 91 0.9 
6102 1 0 3 1 15 0 
6115 50 0.8 57 0.5 62 0 85 0 
6299 17 0.4 43 0.3 88 0.6 
6531 45 0.4 57 0.7 63 0.9 64 0 76 0 77 0.7 82 0.7 87 0.9 
6554 2 1 19 0.7 22 0.7 25 0.7 55 0.9 65 0 70 0.8 76 0.7 83 0.9 
6572 22 0.3 27 0.6 43 0 44 0.8 61 0.7 67 0 76 0 94 0.4 
6653 25 0.8 77 0.8 80 0 
6693 16 0.3 31 0.9 37 0 57 0.8 63 0.5 77 0.6 
6742 71 0.7 
6828 0 0.5 44 0.4 55 0.8 61 1 81 0 86 0.4 
6841 13 0.5 15 1 46 0 54 0 60 0.8 73 0.5 86 0.9 90 0.6 
6882 5 0.5 25 0 33 0 35 0.3 41 0 69 0.5 72 0.3 80 0 93 0.5 
7067 10 0.4 
7135 80 0.6 94 0.6 
7301 27 0.9 54 0.8 57 0 65 0.7 74 0 84 0 92 1 95 0 
7312 26 0 68 0.3 69 1 
7442 11 0 17 0 50 0.6 52 0.9 53 0.3 55 0 76 0.3 
7491 22 0.7 26 0.9 31 1 71 0.6 76 0.6 97 0 
7747 74 0.5 
7829 8 0.5 14 1 17 0 20 0.9 23 0.7 24 0 30 1 51 0.9 82 0.4 95 0.8 
7889 7 0.8 41 0.9 48 0.6 65 0 68 0 84 0.9 87 0 
8074 1 0 32 0.8 38 0.3 52 0.9 67 0 72 0.9 77 0.7 
8178 31 0.3 39 0.9 62 0.6 65 0.7 69 0 
8367 0 0.4 10 0.4 15 0.7 55 0.5 56 0.6 88 0.4 90 0.3 
8414 21 0.8 25 0.8 65 1 83 0 88 0.8 89 0.4 
8610 6 0 15 0 45 0.4 95 0.3 
8628 39 0 
8672 37 0.4 69 0.9 88 0 
8747 8 0.5 17 0.4 19 0.9 32 0.5 67 0.3 76 1 83 0.6 88 0.8 
8893 47 0.9 85 0.7 
9062 60 0.8 61 0.9 
9064 2 0 9 0.8 17 0 23 0 34 0.6 42 1 86 0.6 
9514 17 0 20 0.7 61 1 65 0.5 70 0.7 
9587 37 1 
9872 28 1 39 1 60 0.6 61 0.4 
9996 40 0 68 0 78 0 
