100
65 5 0 26 0.6 43 0 47 0.4 96 0.6 99 0.9 
159 0 0.4 11 0.4 15 0.3 17 0.5 18 0 22 0 64 0 75 0.5 90 0 96 0.5 
201 0 0.6 20 0.5 48 1 52 0.5 59 0 61 1 81 0 
331 18 0.3 21 0.4 28 0.9 52 0.5 57 0 61 0 84 0 95 1 
454 51 0.7 
489 18 0 75 0.9 78 1 
507 9 0.5 27 1 
511 26 0.3 43 0.4 47 0 50 0.8 58 0.9 
534 44 0.6 
799 70 0.5 
890 10 0.5 38 0.6 40 0.6 42 0 46 0 52 0 62 0.5 67 0.4 72 0.7 81 0.4 
955 29 0.9 38 0.3 74 0.6 
1055 21 0.4 45 0.8 
1057 16 0.7 33 0.3 35 0.4 37 0.9 40 0.3 49 0.4 50 0 59 0.4 76 0.9 99 0.4 
1182 34 0.3 
1216 44 0 82 0.8 89 0.4 90 0.5 
1239 20 0 26 1 40 0 74 0 95 0.8 
1424 27 0.7 75 0 76 0.8 
1431 2 0.4 5 0.9 49 0.9 72 0 86 0.6 88 0 
1536 44 0 48 0.3 51 0.9 65 0.4 80 1 87 0.5 90 0.8 95 0.5 99 0.5 
1556 14 0.7 45 0.5 65 0 86 0.5 
1567 1 0 23 0.9 30 0.9 64 0.6 70 0.6 81 0 90 0 97 1 
1667 2 0.3 9 0.9 58 0.5 70 0.3 83 0.5 98 0 
1713 6 0.9 71 0 
1832 10 0.8 29 0.4 41 0 43 0.9 44 0 49 0.5 
1869 2 0.4 13 0.4 16 0.5 17 0.3 25 0.7 26 1 27 0.4 49 0 70 0.3 91 0.8 
1922 20 0 40 0.3 49 0.9 55 0.7 56 0.3 82 0 
2033 85 0.7 
2116 12 0.7 42 0.7 62 1 79 0.7 
2129 6 1 11 0.3 
2237 55 0.9 82 0 92 0.9 
2271 8 0.7 19 0.3 25 1 28 0.5 34 0.7 62 0 71 0.5 72 1 73 0 99 0.3 
2376 8 0.5 67 0.8 84 0 
2512 40 0.4 60 0.9 70 0.4 
2521 4 0.7 40 1 48 0.3 61 0.6 66 0.4 76 1 86 0.8 91 0.8 
2545 22 1 39 0 57 0.5 64 0 89 0.9 
2694 6 0 46 0.8 73 0.7 82 0.5 
2780 1 0.4 3 0.4 52 1 70 1 74 0 92 0.4 93 0.9 
3048 34 0.5 82 0.3 
3134 8 0 23 0 27 0.7 35 0.3 92 0.9 
3186 9 0.5 23 0.8 46 0.5 51 0 54 0 96 0.7 
3349 56 0 89 0.5 
3393 4 0 7 0.5 8 0.9 20 0.3 25 0.3 42 0.7 71 0.8 89 0.7 
3436 73 0.9 81 0 82 0.7 
3443 52 1 60 0.8 70 0 76 1 
3546 4 0 11 0.6 25 1 36 0.9 44 0.9 67 0 68 0.4 
3646 11 0.9 33 0.8 63 0.4 78 0.8 79 0 
4146 69 0.8 
4450 92 0 
4463 3 0.9 49 0.8 53 1 75 0.9 86 0.9 96 1 
4904 36 0.5 55 0 62 0 66 0.3 72 0.3 76 0 86 0.8 
5026 2 1 44 0.6 70 0 77 0.6 92 0.4 
5041 13 0.3 25 0.8 45 0 61 0.8 78 0 84 0.8 87 0.6 99 0.8 
5265 19 0 76 0.7 91 1 
5481 10 0.9 16 0.3 19 0.5 24 0 72 0 
5639 20 0.4 29 0 30 0.9 66 0.6 72 0.6 
5676 3 0.9 23 0 62 0.6 91 0.6 95 1 96 1 98 0.4 
5948 16 0 34 0.9 69 0.9 72 0.4 76 0.3 81 0 
6082 32 0.4 74 0.4 78 0.9 82 0.3 
6250 11 0.6 23 0.3 42 0.4 61 0 75 0.3 83 0.3 89 0.9 91 0.5 97 0 
6434 0 0 11 1 26 0.6 29 0.8 58 0.8 
6449 32 0.3 83 0 
6501 7 0.9 13 0 16 0 38 0.4 45 0.8 60 0.8 64 0.9 67 0 68 0.8 93 0.8 
6519 15 1 16 0 28 0.8 73 0.4 82 0 98 1 
6591 15 0.4 24 0 54 0.3 74 0 90 0.7 
6809 19 0.6 72 0 91 0.8 
6820 31 0.7 
6835 2 0 7 0.4 27 0.9 39 0 41 0.5 47 0.3 80 0.6 84 1 85 0.6 88 0.3 
6868 31 0.8 34 0.4 37 1 55 0.6 67 0.7 73 1 76 0.6 85 0.8 99 0.8 
7050 28 0 54 0 86 0.5 
7062 1 1 30 1 54 0 71 0.3 78 0.4 
7128 1 0.9 3 0.6 5 0.7 11 0.7 19 1 26 1 54 0.9 58 1 73 1 74 0.8 
7143 12 0.3 19 0.6 41 1 
7227 7 0.5 49 0.8 
7352 95 0 
7400 26 0.6 27 0.9 59 0.7 73 0 85 0.6 89 0 
7416 25 0.9 54 0.8 
7573 2 0.7 11 0.3 24 0 50 0.7 61 1 65 0.9 91 0.8 
7629 18 0.9 44 0.3 
7734 85 1 99 0.6 
7785 24 0 37 0.7 40 0 83 0.4 
8024 20 1 35 0.4 37 0.5 42 0.4 52 0 57 0.5 80 0.4 
8093 3 0.8 9 0.4 18 0.3 65 0.4 78 0.4 80 0 98 1 
8230 31 0.8 36 0.8 57 1 58 0.8 60 0 70 0.4 74 0.6 79 0.8 94 0.4 
8376 4 0 7 0 17 0.6 27 0.7 28 0 30 1 61 0.6 82 1 
8444 5 0.3 6 0 14 0 44 0.7 61 0.4 66 0 78 0 89 0.8 
8464 6 0.6 24 0 32 0.8 42 0 58 0 
8658 35 0.3 62 0.4 
8703 43 0.9 
8715 35 0.8 91 0 97 0 
8754 18 1 27 1 32 0 33 0 57 0.3 72 0.6 
8831 6 0.9 8 0.8 10 0.4 11 0.7 31 0.4 48 1 58 0 88 0.7 91 0.5 
9022 4 0 15 0 32 0.6 54 1 96 0.4 
9250 29 0.3 34 0.5 77 0.4 91 0.7 
9300 6 0.9 14 0.4 29 0.9 33 0.7 43 0.4 49 0.7 63 0.6 67 0 
9418 11 0.3 
9463 8 0.5 13 0.5 14 0.3 39 0.5 51 0.3 52 0.5 56 0 62 1 78 0 88 0.6 
9639 14 0.5 20 0.9 57 0 89 0.5 
9812 80 0.7 
9981 10 0.9 11 0.9 28 0.7 37 0 56 0 60 0.9 77 0.5 78 0 88 0.4 99 0.9 
