100
26 10 0.9 23 1 44 0.3 70 0.7 86 0.6 98 0.7 
178 8 0.9 55 0 83 0 
207 7 0 13 1 19 0.4 38 0 39 0 68 0 81 0.3 89 0.5 
314 15 0 36 0.9 
524 0 0.7 
560 9 0.8 20 0.4 38 0 53 0 54 0.6 
576 37 0.3 
732 1 0.9 22 0.4 26 0.3 38 0.7 40 0.8 72 0 84 0.5 92 0.4 98 1 
747 8 0.6 30 0 48 0.7 65 0.9 83 0.3 84 0.4 87 0 
834 2 0 10 0 40 0 53 0.6 54 0 78 0.8 
876 0 0.4 2 0.7 10 0 31 0 40 0 51 0.5 65 0.7 71 0.8 83 0.6 
889 11 0 17 0.6 23 0.5 46 0 52 0.4 80 0 82 0.9 98 0 99 0.6 
892 31 0.7 42 0.6 51 0.3 82 0 95 0.7 99 0.8 
1114 3 0.6 15 0.3 18 0.8 33 0.3 39 0.9 41 0.3 80 0.8 96 0 
1315 73 0.8 91 1 
1320 11 0.3 16 1 61 0.3 
1362 2 0.5 18 0 23 0.3 37 0 38 0.6 39 0.8 56 0.6 67 1 88 0 98 1 
1694 9 0 17 0 24 0.7 26 0.9 56 0.9 63 0.5 67 0.5 75 1 90 0.9 
1728 2 1 12 0 22 0 40 0.6 80 0.6 91 0.8 
1760 71 0.7 98 0.6 
1768 7 0 12 0 14 0 33 0.4 46 0.5 52 0.3 74 0 88 0 96 0.3 
1922 20 0.5 40 0.3 49 0.7 55 0.7 56 0 82 0 
2001 5 0.6 11 0 35 0.9 
2051 3 0.8 11 0 23 0.3 
2126 2 0.5 7 0.7 36 0.9 44 0 54 0.5 56 0.5 82 0.7 88 0.7 
2178 6 0.9 22 0.9 47 0 66 0.3 73 0.5 78 0.5 
2258 22 0.3 35 0 57 0.8 60 0 62 0.7 88 0.3 89 0.3 
2263 18 0.3 24 0.6 31 0.8 44 0.9 87 0 
2320 7 0 19 0.6 22 0 42 0.8 50 0.3 64 1 84 0.4 90 0.7 92 0 
2367 8 0.3 13 0 25 0.7 39 0.7 43 0.3 49 1 62 0 68 0.8 74 0.5 94 0.9 
2636 11 0.3 62 0 63 0.6 69 0.8 76 0 84 0.7 
2648 10 0 30 0 39 0.9 46 0.9 51 0 66 0.7 76 0.8 80 0 
2736 71 0.4 
2979 4 0.9 9 0 91 0.6 92 0.9 
3266 42 0 52 0 67 0 72 0.7 74 0.6 75 0 97 0.4 
3698 20 0.3 26 0.7 61 0.9 86 1 87 0.5 94 0.4 
3823 14 0.4 17 0 19 0.9 29 1 68 0 90 0.7 
3847 3 0.5 10 0 26 1 27 0.9 29 0.8 36 0.8 49 0 51 0.7 77 0.7 83 0.9 
3900 3 0.9 7 0 9 0.5 36 0 40 0.3 54 0 71 0 73 0.7 77 0.4 95 0.8 
3913 2 0.6 30 0.4 49 0 58 0.6 66 0.8 
3982 24 0 61 0 74 0 75 0.8 
4063 3 0 6 0.7 12 0.4 20 0 75 0.9 77 1 79 0.7 
4075 12 0.4 87 0.5 89 0 
4179 8 0.6 42 0 90 0.3 93 0 99 0.7 
4229 14 0 20 0.8 21 0.3 27 0.7 28 0.3 51 0 62 0.6 69 0.9 92 0.9 98 1 
4244 62 0 65 1 69 1 71 0.3 
4564 1 0.5 81 0.7 99 0 
4639 9 0.3 24 0 41 0.7 46 0 84 1 
4883 15 0 19 0.8 39 0.7 52 1 59 0.5 61 0 75 0.5 85 0 86 0.9 94 1 
4899 2 0 21 0.6 22 0.4 28 0.3 29 0.9 69 0.4 86 0.4 89 1 99 0.6 
5052 0 0.6 21 0 35 0.3 46 0.5 47 0.7 54 0 74 0.6 95 0.7 97 0.9 
5058 59 0.6 85 0.5 86 0 
5073 5 1 6 1 7 0.8 13 1 15 0.6 47 0.9 62 0 88 0 
5155 51 0.4 57 1 81 1 
5345 10 0.6 40 0 60 0 61 0.6 78 0.4 96 0 
5892 18 1 88 0.7 90 0 97 0.8 
6133 63 0.9 
6185 1 0.4 20 0 30 0 31 0.8 45 0.5 48 0.6 75 0.4 82 0 
6273 6 0 14 0 20 0.6 35 0.9 54 0.8 64 0.5 76 0 
6288 30 0 39 1 42 0.6 53 0.9 62 0.3 83 0.8 91 0 94 0.6 
6298 5 0 36 0.5 57 0 84 0 96 0 
6373 45 0.7 55 0.5 86 0.7 91 0.8 
6489 41 1 65 0.6 87 1 91 0.4 94 0.6 98 0.4 
6537 9 1 19 0 55 0 84 0.3 
6617 22 1 32 0.7 39 0.7 63 0.6 70 0 77 0 
6624 7 0.6 21 0 27 0.7 45 0.8 49 0 66 0.5 77 0.6 93 0.8 99 0 
6719 0 0.4 14 0.4 40 0.3 46 0 66 0 72 0 81 0.5 90 0 
6755 28 0 
6780 4 0.8 11 0.4 12 0.3 31 0 59 0.7 71 0.4 72 0 81 0 98 0 99 1 
7037 36 0 62 1 75 0.6 77 0.8 81 0 
7101 4 0.5 11 0.5 35 0.8 56 0 89 0 90 0 
7131 37 1 
7241 4 0.9 23 1 48 0.9 63 0.6 84 0 98 0.7 99 0 
7263 2 0.9 21 0 25 0.8 29 0.4 47 0.8 66 0.8 76 0.7 98 0.6 
7361 2 0.9 63 0.3 81 0.8 89 0.4 95 0.8 
7629 18 0 44 0.6 
7692 30 0.5 
7752 34 0.9 81 0.3 95 0.7 
7872 44 0.3 47 0.3 49 0.3 53 1 57 1 65 0.5 70 0 76 0.9 99 0.9 
7881 8 0.4 11 0 20 0.9 42 1 75 0.5 76 0 89 0.9 93 0.9 
8069 0 0.6 21 0 48 1 50 0.9 68 0.7 89 0.7 
8105 97 0 
8106 4 0 26 0.6 45 0 77 0 
8113 69 0.9 
8196 3 0 15 0.4 45 0.6 
8324 0 0.9 1 0.7 7 0.3 31 0.6 45 1 55 0 61 0.6 87 0.5 92 0.8 
8335 6 0.3 51 0.6 60 0.4 69 0 
8517 10 0.6 13 0.4 38 0 57 0.8 59 0.4 79 0.9 87 0.6 95 0.3 
8676 12 1 15 0.6 41 0 
8698 2 0.6 16 0.8 35 0.7 44 0 51 0.8 56 0 60 0.3 77 0.6 98 0.9 
8738 40 0.4 
8775 0 0.6 6 0.3 11 0.7 16 0.4 18 0.6 47 0.9 62 0 91 0.7 92 0.6 
8977 16 0.5 46 0.7 47 0 55 0.5 59 0.3 64 0 76 0.7 78 0.6 94 0 
9024 24 0 28 0 32 0.7 38 0.6 49 0.7 59 0 66 0.3 69 0.5 76 0 88 0.5 
9206 3 1 30 0.4 
9331 5 0 10 1 13 0.6 22 0.3 30 0 32 0.7 77 0 
9415 4 0.8 37 0 62 0 63 0 67 0.7 
9581 6 0.8 26 0.9 28 0.7 45 0 55 0.3 80 0.9 84 0.3 
9656 9 1 
9709 11 0 29 0.6 41 0.7 43 0.9 47 0 
