100
138 9 0 31 0 70 0.5 94 0.4 
146 8 0.9 39 0.4 61 0.9 75 1 91 0.9 
171 6 0.8 22 0.5 33 0.3 37 0.5 62 0.8 75 1 96 0.6 
189 4 0.4 89 0 
485 1 0.7 22 0.5 44 1 56 0.9 
512 8 0.4 24 0.4 27 0 35 0 49 0 64 0.3 83 0.7 85 1 86 0.4 
522 11 1 34 0 53 0.6 67 0.5 
641 10 0 20 0 21 0 37 0 46 0.6 64 0.4 72 0.5 75 0.3 76 1 97 0 
670 20 1 62 0.7 86 0 88 0.5 89 0.9 98 0.5 99 0.7 
708 0 0.6 50 0 56 0.9 64 0 90 0.5 
767 10 0.3 38 0 
880 4 0 5 0 49 0.5 54 0 59 0.5 68 0.7 77 0.8 88 1 
1052 0 0 2 0.5 5 1 16 0 32 0.4 38 0.7 50 0.7 66 1 67 0.8 81 0.7 
1062 2 0.7 29 0.8 
1091 17 0 66 0 
1105 11 0 31 0.4 50 0 80 0 81 1 95 0.7 97 0.5 
1256 9 0.3 11 0.4 20 0.7 22 0.9 25 0.9 51 0.6 66 0.3 
1258 30 1 36 0.3 54 0.6 59 0 75 1 79 0.7 82 0.8 87 0.8 
1343 33 0.6 50 1 84 0.6 99 0.9 
1464 31 0 96 0.7 
1509 9 0 13 1 57 0 60 0 77 0 
1557 3 0 30 1 61 0 75 0 83 0 86 1 92 0 96 0.8 
1579 0 0.6 2 0.5 4 0.6 46 0 
1800 98 0.8 
1872 23 0 53 0.3 
1889 80 0 
1900 6 0.6 15 0.3 29 0.9 37 0 47 0.7 62 0.6 72 0.9 76 0.8 79 0.7 89 0 
1913 18 0.3 
2119 42 0 53 0.5 98 0 
2407 4 0 29 0.8 55 0.9 
2650 6 0.8 29 0.7 46 0.8 74 0.5 89 0 
2675 8 0.6 22 0.4 57 0.5 59 0 73 0.4 95 0.4 
2715 8 0.8 26 0 54 0 58 1 98 0.6 
2815 13 0.3 17 0.6 69 0.6 98 0 
2887 1 1 6 0.7 13 0.7 41 0.5 55 1 60 0.5 65 0 82 1 
2931 40 0.7 86 0.7 88 0.8 97 0.3 99 0.5 
2962 3 0.5 16 0.5 33 0.3 55 0.6 
3191 9 0.3 21 1 27 0.7 34 0 39 0.3 43 0.6 44 0.4 52 0.9 80 0.4 
3213 10 0.7 14 1 25 0.6 63 0.9 76 0.4 
3323 2 0.4 22 0 35 0.8 45 1 56 0.6 60 0.7 71 0.7 84 0.3 94 0 
3443 52 0.3 60 0.6 70 0 76 0 
3606 3 1 6 0.5 12 0.7 15 0 20 0.5 39 0 52 0.4 64 0 66 0.8 
3734 7 0.6 52 1 55 0.4 72 0 73 0 75 1 90 0.5 
3811 17 0.8 61 0 67 0.4 87 0 
3948 11 0 32 0.7 37 0 62 0 74 1 80 0 89 0 98 0.4 
4003 3 0 21 0 28 0.7 33 0 34 0 
4092 6 0 37 0.7 83 0 
4166 6 0 37 0.3 39 0.7 46 0.9 66 1 76 0.4 86 0 88 0.3 95 0 98 1 
4319 88 0.5 
4562 26 0.7 36 0 42 0.6 43 0.4 45 0.3 62 0 79 0.5 86 0 88 1 94 0.5 
4576 22 0.3 32 1 59 0.5 61 0.5 92 0.3 
5146 18 0.5 37 0.4 40 0.3 41 0.5 61 0 
5181 4 0 8 0 49 0.8 54 0.9 58 0 63 0 
5193 9 0.7 15 0 35 0.3 40 0.9 46 0.9 51 0.3 56 0.8 70 0.3 76 0.4 85 1 
5361 17 0.9 
5507 4 0 9 0.6 37 0.9 41 0.8 53 0.6 69 1 78 0.3 79 0.3 94 0 
5592 10 0.3 23 0.7 34 0.6 40 0 47 1 69 0 71 1 73 0.9 79 0.6 84 0 
5610 27 0 
5801 74 0.7 87 0.7 
5898 9 0 35 0.5 44 0 47 0.3 64 0 65 0.4 
5995 4 0 16 0.8 24 0 33 0.9 34 0 37 0.3 49 0.4 63 0.7 67 1 70 0.8 
6007 5 0.9 8 0.8 27 0.4 44 0.8 45 0.8 53 0.7 63 0.9 72 0.3 97 0.8 
6142 22 0.9 25 0.7 26 0.7 44 1 58 0.8 68 0.4 72 0 93 0.7 
6215 3 0.4 8 0.9 21 0.5 27 0 38 0.4 45 0.6 61 0.8 67 0 93 0 
6283 15 0 
6361 58 0.7 61 0.5 
6513 41 1 96 0.3 
6640 7 0.9 
7211 23 0.4 51 0.4 
7224 11 0.3 46 0 
7278 7 0.8 24 0.3 37 0.7 38 0 54 0.5 56 0 59 0 87 0.3 88 0.4 92 0.8 
7333 0 0 11 0.3 23 0.4 44 0.5 58 0.6 74 0.7 
7774 3 0.5 6 1 13 0.4 18 0.6 20 0.5 35 1 42 0.7 44 0 57 0.7 79 0 
7795 11 0 36 0 38 0.8 40 0 69 1 82 1 92 0.3 96 1 98 0.3 
7837 6 1 24 0 37 0 68 0.5 71 1 81 0 
7846 29 0.6 43 0.6 52 0 85 0 
7947 3 0.8 7 0.7 40 1 43 0.5 51 0 52 0.5 58 0 70 1 71 0.5 72 0.5 
8378 18 0.7 33 1 61 0.9 77 0.7 
8405 10 0.5 27 0.9 46 0.4 68 0 85 0.3 94 0.9 
8474 1 0.6 5 0.9 16 0.5 22 0.8 25 0.7 26 0 35 0.9 45 0.6 92 0 
8521 78 0 96 0 
8563 3 0 64 0 
8634 2 0.5 5 0.3 8 0.4 10 0.8 29 0.9 68 0.9 
8703 43 0.9 
8749 0 0.8 6 0 11 0.5 53 1 
9077 1 0 2 0 5 1 7 0.7 10 0.6 19 0.9 49 0.9 86 0 94 0 97 0.8 
9102 21 0 
9123 2 0.5 67 0 
9141 21 0.9 34 0.7 37 0.5 
9191 37 0 42 0.5 59 0.7 74 0 80 0 
9263 2 0 24 0 48 0.6 78 0.3 
9270 15 0.5 23 0.3 58 1 68 0.3 71 0 
9342 11 0.7 80 0.7 
9393 27 0 78 0.9 81 0.3 98 0.4 
9756 10 0 12 0 25 0.9 26 0.7 39 0.4 49 0.7 59 0.5 71 0.6 96 0 
9869 3 1 9 0.5 15 0.7 42 0.4 74 0.4 85 0.5 96 0.6 98 0.9 
9901 11 0.8 18 0.4 86 0.5 
9919 9 0.8 32 1 40 0.6 46 0 76 0.4 87 0.9 
9939 23 0 29 0 36 0 39 0.3 47 0.5 69 0 73 0 76 0.9 77 0.7 95 0.6 
9966 42 0.5 46 0.9 48 1 65 0.5 72 0.6 88 0.8 89 0.8 94 0.9 
