100
105 29 0.7 36 0.6 55 0.3 56 0 78 0.8 81 0 82 0.9 87 0 92 0 95 1 
184 24 0.8 36 1 38 0.4 66 0 
197 36 0 54 0.6 72 0.6 73 0 91 0.4 
201 0 0.9 20 0.9 48 0.4 52 0 59 0.3 61 0 81 0.9 
227 37 0 49 0.3 87 0 92 0.3 
264 8 0.9 13 0 37 0.3 46 0.8 60 0 74 0.6 82 0.9 
349 14 1 37 0 45 0 47 0 51 0.6 66 0.9 69 0.6 72 0.8 81 0.7 99 0.4 
388 3 0.7 23 0.3 24 0.6 32 0 73 0.7 78 0.6 81 0.5 89 0.7 96 1 
512 8 0.8 24 0.9 27 0.6 35 0 49 0.8 64 0.8 83 0.8 85 0.3 86 1 
599 80 0.7 83 0.5 
618 1 0 10 0 47 0.9 
743 26 0 36 1 64 0.9 69 0 85 0.7 99 0.3 
790 13 0 30 0.3 34 0 42 0 63 0.4 66 0.6 70 0 74 0.3 98 0.8 
966 10 0 13 0.4 30 0 56 0.8 74 0.6 80 0 81 0.6 90 0 
1257 7 0.5 8 0.5 11 0.4 15 1 28 0.6 73 0.7 75 1 88 0.3 99 0.5 
1374 3 0.9 8 0.6 99 0.3 
1381 4 0.7 5 0.8 56 0.7 69 0 77 0 84 0 88 0.8 98 0.9 
1392 26 0 29 1 46 0.8 53 0.7 66 1 68 0.6 77 0.9 81 0 93 0.3 
1506 1 0 
1519 12 0 15 0 34 0 54 0 71 0.9 
1600 2 0.3 
1782 1 0.6 2 0.8 43 1 53 0.5 54 0.3 65 0.9 71 0.5 85 1 99 0.7 
1787 6 0 13 0 51 1 93 0 
1832 10 0 29 0.8 41 0 43 0.8 44 0 49 1 
1950 16 0.5 58 0 82 0.5 86 0 
2155 8 0.4 20 0.3 41 0 48 0.9 54 1 56 1 71 0.9 73 0.7 
2213 24 0.5 49 0 70 0.7 95 0.4 
2222 1 0.3 12 0 54 0 57 0.7 66 0 76 0.4 82 0.8 85 0.9 99 0.4 
2331 12 0.5 17 0 23 0.5 52 0 54 0.6 59 0.4 85 0.9 86 0.3 95 0 
2409 19 0.7 
2491 33 0.5 56 0.7 61 0 67 0.6 72 0 78 0.8 
2570 1 0.5 23 0.4 24 0 37 0 38 0.4 46 0.9 71 0.7 
2577 8 0.8 22 0.4 39 0.9 43 0 66 0.9 76 0.8 79 0 88 0.9 97 0 
2673 11 0.4 12 0.7 22 0 23 0 38 0 60 0 81 1 86 0 
2715 8 0.3 26 0 54 0.8 58 0.4 98 0.7 
2752 14 0 33 0.8 40 0.5 61 0.3 63 0 66 0.4 
2812 20 0.8 46 0 
3084 6 0.4 12 0.6 31 0.4 39 0.4 86 0.4 88 0.5 
3220 19 0.6 21 0 26 0.6 62 0 97 0 
3398 26 0.5 39 0 
3433 87 0.8 
3462 15 0.9 22 0 32 0.6 36 0.9 39 0 59 0.8 95 0.7 
3525 8 0.4 22 0.4 44 0.3 46 0.4 61 0.6 77 0.3 78 0 
3542 55 0.4 68 1 71 0 
3580 21 1 23 0.4 24 0 27 0.4 37 0.8 48 0.5 70 0.6 77 0 88 0.3 
3733 5 1 7 0.3 38 1 58 0 78 0 84 0.8 88 0.7 
3787 5 0.9 6 0.3 9 0.8 19 0 22 0.9 35 0.6 36 0.3 63 0 69 1 
3807 15 1 
3906 6 0.4 9 1 10 0.6 23 0 28 0.6 32 0.6 33 0.3 43 0.4 66 0.3 76 0 
4083 19 0.8 58 0 63 0.8 78 0 
4114 33 0 39 0 46 0 56 0.6 
4224 38 0.8 
4307 1 0.6 3 0.4 5 0.5 6 0.3 52 0 63 1 74 0 75 0.8 84 0.4 
4353 32 0 58 0.5 75 0.5 78 0.8 89 0.6 
4367 17 0.7 37 0.9 47 0.8 51 0 68 0.8 72 0 85 1 89 0.4 
4374 34 0.7 
4487 7 0.3 19 1 28 0 35 0.4 36 0.7 40 0.6 47 0.9 50 0.4 56 0 71 0 
4530 85 0.9 
4564 1 0 81 0.4 99 1 
4586 1 0.4 5 0 26 0 86 0.7 87 0.5 
4732 15 1 33 0.8 37 0.6 38 0.6 43 0 53 0.5 57 1 67 0.3 76 0.7 
4777 7 0.5 11 1 14 1 25 0 28 0.9 60 0.5 71 0 80 1 95 0.7 
4931 4 0.3 10 1 20 0.4 42 0.3 45 0.5 56 0.6 71 0 72 0.9 74 0 78 1 
5046 42 0 
5508 23 0.3 26 0.5 30 0.4 60 1 65 0 70 0 85 0.5 94 0.6 98 1 
5631 12 0.5 16 0.5 34 0.4 35 0 79 0.4 80 0.3 
5704 10 0.7 47 0.6 
5727 9 0.3 38 0.7 42 1 63 0.7 64 0.4 
5888 71 0.4 
5913 69 0.9 
6031 26 0.7 43 0.5 
6312 19 0.6 22 0.5 27 0.9 29 0.8 38 0.4 69 0.5 
6329 9 0 17 0.9 26 0 56 0 62 0.6 73 0.3 78 0.6 89 0.3 91 0 96 0.4 
6342 96 0.5 
6352 1 0.8 31 1 47 0.9 
6479 9 0.6 36 0.6 41 0 56 0 61 0.5 66 0.3 73 0.5 83 0 
6698 2 0 16 0.8 20 0.5 36 0.4 38 0 61 0.7 64 0.4 80 1 81 0 98 0.9 
6865 58 0 70 0 
6907 24 1 62 0 84 0.5 
7002 3 0.3 13 0.5 29 0.9 58 0.4 68 1 91 0 97 0.6 
7039 17 0.5 37 0.5 44 0.6 45 0.7 48 0.7 71 0.6 75 0.4 99 0 
7109 12 0.8 27 0 43 0 63 0.3 77 0.6 81 0.6 84 0 98 0.5 
7312 26 0.8 68 0.3 69 0.8 
7422 5 0.4 13 0 35 0.7 44 0.4 46 0 47 0 55 0.8 73 0 75 0.5 
7457 12 1 36 0.7 39 0.4 55 0.8 57 0.9 58 0 69 0.5 76 0.3 90 0.3 99 0.3 
7621 23 0.6 41 0 71 0.5 93 0 
8086 3 0 5 0.3 14 0.3 48 0.5 52 0 82 0.6 83 0 95 0.9 99 0.5 
8435 37 0 75 0 
8550 7 0.4 17 0 23 0.5 36 0.9 55 0 60 0.9 73 0.3 74 0.3 92 0 
8840 19 0.4 31 0 84 0.4 
9037 11 0.7 27 0.5 39 0 89 0 93 0.3 
9493 5 0.9 16 0.6 23 0.9 38 0.3 42 0 61 0 67 0.6 70 0 
9593 6 0.5 23 0.9 25 0 27 0 29 0 30 0.9 50 1 74 0.5 84 1 
9613 13 0 52 0.4 62 0.3 66 0.3 69 0.8 86 0 94 0.4 96 1 
9614 18 0 19 0.4 22 0.6 52 0.6 73 0.4 77 0.5 
9638 31 0.4 43 0 78 0 82 0.6 83 0.7 
9742 10 0 19 0.3 32 0 50 0.4 68 0.3 72 1 89 0 
9920 23 0.3 43 0 77 0.3 80 0.9 99 0.9 
9961 92 1 
9967 26 0.9 31 0.3 48 0.3 50 0.7 56 0.9 71 0.9 
