100
89 56 0.5 96 0.5 97 0 
117 1 0.8 19 0 47 1 70 0.9 77 0 83 0.5 88 0.4 96 0.4 97 0.5 
133 41 0 
216 4 0 8 1 35 0.9 37 0 
260 4 0.8 13 0.4 16 0.6 21 0 28 0.9 47 0 51 0.3 89 1 91 0 92 1 
290 11 1 17 0.8 22 0.6 34 0.7 60 0.3 89 1 97 0 
316 22 0.5 37 0.4 39 0.9 48 0.5 77 0 
373 78 0.3 90 0.6 
467 16 0.9 21 0.7 23 0 25 0 32 0 34 0.3 41 0.4 59 0.8 63 0 72 0.5 
679 52 0.7 71 0 82 1 
753 0 0.4 20 0 25 0.9 63 0 70 0.3 77 0.4 91 0 
812 25 0 30 0.6 31 1 48 0.5 66 0 99 0 
940 40 0 90 0.7 94 0.9 
971 43 0.4 94 1 97 0.5 
1023 6 0.6 7 0.9 43 0.8 51 0.6 60 0.3 64 0 73 0.6 79 0.6 93 0 
1059 1 0.7 11 0 15 0.3 24 0.5 64 0.4 80 0 
1474 9 0 29 0.8 
1488 3 0.5 17 0.5 48 0.4 60 0.3 61 1 80 0 88 0.6 92 0.4 
1558 29 0.5 30 0 38 1 47 0 48 0.5 52 0.7 56 0.6 60 0.9 63 0.3 87 0.3 
1578 7 0.8 28 0.9 44 0 57 0.7 70 0 78 0.9 86 0 
1867 8 0.3 10 0.5 27 1 50 1 
2200 22 0 30 0.9 68 1 
2256 3 0.3 12 1 15 0.3 19 0.6 24 0.6 26 0 32 0.9 46 0 60 0.3 81 0 
2428 0 0 1 0.5 14 0 19 0.5 36 0 49 0 61 0 68 0 94 0.9 97 0.7 
2463 14 0.6 16 0 34 0.4 41 0.4 47 0.8 53 1 67 0 68 1 
2623 4 0.5 29 0 
2660 16 0.8 17 0 26 0.3 34 0.5 
2743 0 0.6 10 0.7 15 0.8 17 0 27 0.5 33 0 40 0.9 56 0.9 83 0.7 98 0.8 
2780 1 1 3 0 52 0.8 70 0.4 74 0.7 92 0.4 93 1 
2881 34 0.5 
3005 5 0.7 14 0 32 0 43 0.6 60 0.7 86 0.6 
3045 4 0.8 37 0.8 48 0.6 57 0.9 64 0 68 0.5 71 0.3 93 0.8 98 0.4 
3236 4 0 41 0 
3244 9 0.4 27 0.4 45 0.9 79 0 87 0.8 90 0.7 
3293 0 0.8 20 0.9 22 0.9 23 0.4 36 0.6 41 0.9 60 0.3 62 0.9 97 0.9 99 0.5 
3294 6 0.6 7 1 37 0 53 1 59 0 61 0 65 0.7 73 0.5 81 0.4 86 0.5 
3609 0 0 5 0.9 8 0.8 15 0 18 0.6 30 0 69 0 86 0 
3686 12 0.7 13 1 71 0.8 78 0.3 
3787 5 0 6 0.6 9 0.7 19 0 22 0.5 35 1 36 0.5 63 1 69 0 
3836 6 0.3 73 1 87 0 
3855 40 0 69 0.6 
3906 6 0 9 0.5 10 0.6 23 0 28 0.4 32 0.6 33 0 43 0.6 66 0.6 76 0 
4309 16 0.3 28 0.3 41 0.9 47 0.3 54 0.8 60 0.4 
4386 2 0.7 3 0.8 15 0 65 0.7 75 1 83 0 84 1 
4568 58 1 77 0.5 
4609 45 0.4 
4699 13 1 31 0.3 65 0 72 0.4 85 0.5 94 0 
4772 17 0.7 37 0.6 38 0.4 57 0 
5043 14 0 26 0 36 0 37 1 46 0 68 0.4 72 0.6 74 0.9 78 0 85 0.6 
5057 41 0 
5095 60 0.5 63 0.5 69 0.9 86 0 95 1 
5132 58 0.8 
5143 10 0.9 22 0 30 0.9 34 0.8 72 0 87 0 
5216 8 0.8 21 0.8 44 0.9 56 0 66 0 72 0.8 73 0.4 74 0.9 75 0.7 98 0.3 
5344 16 0.4 21 1 29 0.5 71 0.7 99 1 
5381 6 0.4 8 0 17 0.9 40 0.3 44 0.8 71 1 88 0.3 
5695 11 0 17 0.5 41 0.6 69 1 
5706 7 0 27 0.7 30 0.8 31 0 43 0.6 50 0.6 55 0.5 58 0 59 0.5 92 0 
5708 20 1 
5711 9 0.6 17 0 21 0.5 33 0.4 44 0.7 54 0.7 58 0 84 0.8 85 0.3 91 0.8 
5805 24 0.7 41 0.7 43 0.4 62 0.3 66 0 
5950 8 0.7 
6047 35 0 37 0.9 84 0.9 
6095 16 0.8 40 0.6 44 0 81 0.6 83 0.7 99 0.3 
6220 41 0 51 0.3 60 0.9 79 0 83 0.9 85 0 
6444 14 0.6 15 0.3 19 0.9 46 0.6 74 0 93 0 
6519 15 0.5 16 0.7 28 0 73 0.7 82 0.5 98 0 
6523 23 0.8 28 1 29 0.5 56 0 65 0.6 
6697 0 0.6 8 1 25 0 38 0.6 58 0.7 92 0.6 98 0.9 
6771 19 0.4 30 0.4 34 1 39 0.9 65 0.6 80 0.8 96 0 
6777 22 0.5 57 1 63 0 67 0.5 71 0.7 91 0 98 0.5 
6848 2 0.6 55 0 
6868 31 0.3 34 1 37 0.6 55 0 67 0.4 73 0 76 0 85 0.9 99 0.5 
7020 8 0.7 13 0 23 0 47 0.8 53 0.5 58 0 64 0.4 
7145 3 1 49 0 69 0.7 92 0.9 
7227 7 0 49 0.3 
7257 3 0.7 23 0 51 0.9 52 0.8 97 0.6 
7515 11 0.5 12 0.4 41 0.9 47 0 50 0.4 56 0.4 63 1 85 1 97 0.6 
7538 38 0 53 0.3 54 0.8 67 0.7 68 1 70 0 83 0.8 85 0 90 0.7 
7709 36 0.3 
8017 9 0 36 1 70 0 79 1 91 0.7 
8034 0 0.5 4 0.8 5 0.3 12 0 17 0.9 20 0.8 31 0.4 37 0.5 40 0 57 0 
8057 3 0 6 1 26 0.6 35 1 37 0 44 0.8 53 0.4 71 0.9 81 0 98 1 
8257 2 0.7 3 0.9 22 0 56 0 65 0.9 66 0 70 0.8 79 0.9 
8300 18 1 33 0 41 0.8 43 0.3 70 1 73 0 84 0.9 92 1 
8372 3 0.8 6 0.7 29 0.7 42 0 80 0.4 82 0.7 97 0.7 
8395 1 0.9 26 1 28 0 35 0 37 0.4 73 0.7 93 0 97 0.3 
8401 27 0 
8493 29 0.8 35 0 37 0.5 63 0 72 0 
8643 1 0.8 9 0.9 57 0 59 0 60 0 65 1 75 0.4 77 0.3 82 0.9 
8651 22 0.7 78 0.5 98 1 
8788 2 0 20 0 34 0 40 1 48 0 58 0.6 72 0.3 83 0.5 
8881 0 0.3 16 0 77 1 98 0.5 
8929 58 0.8 
8999 13 0.9 48 0 63 0.8 79 0.9 
9000 4 0 70 0.9 81 1 
9020 1 0.8 10 0.6 29 0.9 40 0 64 0.6 95 0.8 97 0.7 99 0.6 
9601 6 1 17 0.3 36 0.5 37 0.4 64 0 65 1 67 1 75 0 81 0.8 
9759 30 0.6 43 0 45 0 52 0.9 70 0.7 74 0.7 
9898 2 0.6 4 0 41 0.3 60 0.7 71 0 83 0.3 91 0.5 93 0 95 0.5 
