100
161 9 0.5 21 0.7 36 0.8 66 0.8 94 0.7 
216 4 0.7 8 1 35 0.4 37 0 
310 63 0.6 96 0.3 
443 49 0.5 54 0.9 
976 35 0.4 49 0.7 57 0 78 0.9 
990 18 0.4 28 0.9 39 0.6 45 0.7 77 0 88 1 
1011 1 0.5 4 0 28 0 31 1 78 0.8 93 0 
1020 0 0.6 2 0.5 6 1 8 0.9 27 0.5 68 0 75 0.5 97 0 
1089 2 0.6 6 0.5 23 0.5 26 0.8 42 0.3 78 0.6 85 0.9 87 0 95 0.6 
1192 2 0 26 0.6 46 0 72 0.3 94 0.6 
1284 89 0.5 
1334 86 0.3 
1355 3 0.5 24 0 26 0 47 0.3 72 0.7 73 0.4 
1413 2 0.7 11 0.7 28 0.6 44 0 72 0.6 83 0.9 88 1 97 0.8 
1556 14 1 45 0 65 0 86 0 
1609 1 0 12 0.8 19 1 29 0.9 51 0.5 53 0.6 59 0.7 77 0.5 81 0.9 99 0.8 
1721 13 1 62 0.5 96 1 
1783 16 0 18 0.4 32 0.5 47 0.8 77 0.7 81 0.3 93 0.3 
1786 10 0.4 15 0 21 0.3 
2203 10 1 23 0.7 32 0 36 0 67 0.5 76 0.7 77 0.5 86 0.7 94 0.9 99 0.8 
2271 8 1 19 0.7 25 0 28 1 34 0 62 0.5 71 0 72 0.3 73 0.4 99 0.5 
2506 18 0.7 26 1 52 0.9 66 1 77 0.4 90 1 93 0.8 
2621 12 0 40 0 
2679 38 0.3 39 0.6 70 0 93 0.8 
2903 17 0.9 
2965 12 0.4 16 0.5 31 0.8 44 1 47 0.8 62 0 
3239 9 0.6 41 0.8 96 0.5 
3277 88 0.6 
3429 14 0.7 39 0.9 
3491 27 0.6 28 1 34 0.5 42 0.9 53 0 62 0 63 0 89 0.9 92 0 96 0.7 
3538 11 1 31 0 38 0.5 62 0.5 78 0.4 79 0 81 0.7 
3541 72 0.9 86 0 
3625 4 1 16 0.3 21 0.8 38 0 52 0.6 56 0.9 71 0.3 77 0.4 79 0.9 80 1 
3995 13 0.9 18 0.3 20 0.4 36 0 64 0.5 82 0.6 
4027 12 1 21 0.7 23 0 30 0 67 1 83 0.9 96 0.7 99 0.8 
4036 9 0.4 23 0 25 0 41 0.5 50 0.6 68 0.8 83 0.8 84 0.7 94 1 95 0.5 
4063 3 0.9 6 0 12 0.3 20 0.5 75 0.6 77 0.6 79 0 
4079 1 0.3 8 0.4 18 0.6 48 0.7 60 0.8 79 0.3 94 0 
4113 16 0.3 39 0.7 54 0.7 76 0.5 83 0.3 
4164 17 0 28 0.5 32 0 50 0.6 67 0 72 0.4 79 0 83 0.9 
4220 10 0.3 56 0.5 70 0 
4279 1 1 33 1 42 0 76 0.8 91 0.4 
4583 38 0.3 
4640 1 0.7 6 0.4 21 0.4 63 0.7 64 0 72 0 84 0 85 0 95 0.9 
4678 1 0.3 33 0.8 43 0.7 44 1 55 0 71 0.7 81 0 90 0 
4975 3 0.9 
5000 27 0 
5028 1 0 6 0 18 1 20 0 32 0.5 45 0.3 73 0 82 0.7 91 1 
5047 7 0.6 53 1 
5079 1 1 4 1 12 0.9 42 0 79 0.4 90 0.8 
5205 52 0.5 59 0.6 61 0.5 
5313 14 0.9 74 0 
5351 12 0 22 0.3 29 0.9 66 1 73 0 90 0.5 
5417 5 0.5 10 0.9 12 0 23 0.4 28 0 48 0 60 1 
5467 1 0.9 4 0 7 0 40 0 43 0.6 48 0.3 71 0.6 83 0.6 86 0.8 92 0.8 
5644 6 0.7 14 0.3 32 0.8 35 0.4 41 1 44 0 
5656 0 0.5 8 0.4 15 0.4 50 0.3 51 0.3 67 0.3 69 0.7 73 0.3 
6029 20 0.8 81 0.5 96 0.7 
6084 2 0.4 27 0 28 0 41 0.5 64 0 73 0.9 75 0.5 80 0.8 87 0.6 91 0.6 
6180 3 0 39 0.5 75 0.8 76 0.4 84 0.9 96 0.5 
6283 15 0.3 
6487 5 0 9 1 30 0.6 34 0.5 35 0 61 0 91 0.7 
6543 0 0.6 1 0 4 0 19 0.4 29 1 81 0.6 89 0.3 
6617 22 0 32 1 39 0.4 63 0.4 70 0 77 0 
6801 3 0 7 1 37 0 38 0 39 0.9 44 0.8 93 0 95 0.7 
6812 56 0 
6839 2 0.3 20 0.7 24 0 40 0.5 50 1 60 0.3 65 1 72 0.8 84 0 
6910 6 0.3 13 0.8 21 0.9 26 0 32 0.9 82 1 97 0.5 
7236 74 0.7 
7281 4 0.8 32 0 40 0 82 0 94 0 
7419 10 0.4 13 0.5 62 0 77 0 80 0.6 81 0.8 
7460 1 0 68 1 
7618 3 0.6 8 0.8 19 0 24 0.5 28 0.4 37 0.3 54 0.5 65 0 68 0.6 94 1 
7653 36 0 46 0 
7709 36 0 
7752 34 0 81 0 95 0.3 
7819 15 0 31 0.7 38 0.8 43 0 72 0.5 93 1 
7824 0 0.8 26 1 51 0 72 0.5 
7825 45 0.4 68 0 81 0.4 89 0.9 95 0 99 0.3 
7889 7 0.8 41 0 48 0.8 65 0.4 68 0.8 84 0 87 0.6 
7956 53 0.6 
7961 41 0.5 52 0.5 81 0.3 84 0.4 96 0.5 
8029 14 1 16 0 31 0.5 49 0.3 58 0.3 60 1 
8296 5 0.9 10 0.7 15 0.4 33 0.5 43 0.7 87 0.6 94 0 96 0 98 0.7 
8499 9 0 10 0.9 22 0 48 0.7 49 0.8 53 0.5 72 0 97 0.4 
8714 54 0.3 
8796 3 0 34 0.3 72 0.8 77 0 81 0 
8949 9 0 22 0.8 23 0 41 0 42 0 51 0.5 58 0.6 68 0 
8956 19 0.8 83 0.3 
9097 10 0.6 42 0 75 0.6 77 1 83 0 84 0.4 90 0 95 1 
9217 14 0 19 0.7 40 0 64 0.5 
9300 6 0 14 0 29 0.5 33 0 43 0 49 1 63 0.3 67 0 
9333 1 0 5 0 
9563 7 0 57 0.6 
9618 7 0.6 8 0.8 15 1 40 0 49 1 58 0.3 63 0.6 71 0 83 0.8 89 0 
9677 22 0.8 52 0.7 68 0 80 1 92 0.9 97 0 
9725 2 0 67 0.7 79 0 84 0 97 0.5 
9843 0 0.5 4 1 6 0.4 28 0 40 0.3 45 0 50 0.9 72 1 73 0.9 76 0.7 
9908 61 0.7 
9935 3 0 76 0 96 0.8 99 0 
