100
3 6 0.4 19 0.5 63 0 67 0.9 81 0.8 96 0 
4 2 0 7 1 18 0.6 22 0.5 30 0.3 36 0.6 57 0.6 68 0.8 
68 60 1 86 1 95 0 
170 3 1 18 0 19 0.7 75 0.7 
318 4 1 28 0 69 0 77 0.8 96 0 
321 3 0.8 5 0 18 0.3 22 0.5 66 0 74 0.6 
409 8 0.4 10 0 45 0.7 62 0.7 72 0.6 81 0 
412 8 0 10 0.4 34 0.3 38 0.7 44 0 45 0.7 50 0.4 66 0 90 1 98 0 
471 25 0.3 28 0 68 0.5 75 0.4 82 0.7 85 0.7 88 0.9 92 0.8 98 0.4 
482 62 0 
493 1 0.3 27 0.3 89 0 
755 28 0.4 33 0.6 85 0 92 0 97 0.3 
760 44 0.3 63 0.5 
777 20 0.5 27 0.4 48 0.9 52 0.9 58 0.7 69 0 72 0 75 0.3 98 0.9 
1013 25 1 37 0.7 56 0 60 1 93 0.6 96 0.6 
1184 8 0 
1255 15 1 21 0.8 22 0.6 34 0.4 75 0.8 84 0.5 
1262 31 0.3 38 0 41 0 
1434 5 0.8 6 0.7 
1456 2 0 31 0.4 37 0.4 
1506 1 0.6 
1538 25 0.3 59 0.6 
1568 44 0.7 48 0.8 
1662 4 0.4 20 0.6 30 0.3 51 0.6 68 0.7 
1686 26 1 46 0.9 47 0.9 87 0.4 
1741 36 0.5 48 0 49 0.4 53 1 95 0.6 
1904 1 0.3 6 0 13 0.7 26 0 45 0.9 68 0.4 87 0.8 88 0.8 99 0.9 
2114 2 0.4 18 0 53 0 57 0 77 0.5 89 0 95 0 
2135 31 0.7 42 0.5 64 0.6 65 0.7 69 0.3 86 0.4 96 0 
2150 47 0.3 
2177 0 0.5 7 1 20 0 28 0.9 30 0 75 0.9 
2181 14 0.3 24 1 36 0 45 0.5 72 0.4 92 0.4 97 0.8 
2358 4 0.4 10 0 50 0 56 0.4 65 1 
2511 16 0.3 17 0.8 29 0 39 0 51 0 82 0.7 88 0.8 98 0.4 
2560 4 0 17 1 23 0 43 0.3 46 0 59 0.7 63 0.4 70 0.8 99 0 
2614 5 0 21 0.9 64 0 75 0.7 76 0.9 82 1 
2812 20 0.8 46 0.5 
2996 35 0 76 0.8 87 0.9 93 0.9 
3003 2 0.7 
3025 25 0 38 0.4 80 0.5 
3187 3 0.3 5 0 20 1 44 0.7 76 0.9 88 0.5 
3230 25 0 59 0 82 0.5 
3259 32 0.7 37 0.5 42 0.3 49 0.9 
3294 6 0.8 7 0.6 37 0.5 53 0.4 59 0.8 61 0.8 65 0.8 73 1 81 0 86 0.8 
3322 6 0.8 19 0.6 25 0 29 0.5 61 0.9 74 1 81 0 89 0.7 95 1 99 0.8 
3435 6 0.9 
3656 1 1 38 0 71 0.7 96 0.9 
3723 3 0.7 7 0.6 14 0 36 0.7 49 0.5 59 0 63 0 66 0.9 69 0 
3867 6 0.6 42 0 48 0.8 64 0.8 77 0 83 0 87 0.3 88 0.5 
3924 11 0.4 44 1 77 1 78 0.8 
3994 28 0.9 42 0.3 45 0.3 81 0.9 95 0.8 
4025 11 0.8 22 1 49 0 95 0.9 
4369 15 0 18 0 38 1 84 0.6 
4415 20 1 45 0.6 77 0.6 80 0.4 89 0.4 92 0.6 
4472 27 0.9 32 0.3 44 0.3 49 0.8 68 0 72 0.3 74 0 82 0.5 85 0.7 
4528 13 0.6 22 0.7 36 0 43 0.6 44 0 51 0 52 0.5 65 0 97 0.5 98 0.4 
4705 9 0.3 43 0.7 45 0.4 90 0.9 
4732 15 1 33 0.8 37 0.3 38 0 43 0.9 53 0 57 1 67 0.6 76 1 
4822 10 0.3 26 0.4 44 0.7 48 0.5 64 0.4 74 0.5 79 0 
4852 0 0.9 1 0 8 0.6 10 0.7 21 0.7 32 0 56 0.5 59 0.3 80 0.9 90 0 
5262 32 0 93 1 
5363 12 0.7 22 0.5 57 0.3 61 0.3 64 0.3 66 0 96 0 99 1 
5678 29 0.9 71 0.3 74 0.6 
5808 12 0.3 19 0.4 22 0.8 35 0 49 0.4 68 0.6 72 0.7 86 0 
5939 14 0.7 31 0 49 0.8 52 0.7 54 0.7 57 0 58 0 62 0.5 95 0 97 0 
5979 9 0.9 56 0.9 76 0 
6008 1 0.3 6 0.9 13 0.7 17 0 28 0.6 29 0.3 82 0.4 
6128 3 0.5 60 0.4 
6318 13 0.5 27 0.5 44 0.8 56 0.9 68 0.6 72 0.9 73 0.8 75 0 80 0.3 
6434 0 1 11 1 26 0 29 0.3 58 0 
6460 0 0 8 0 37 0.9 78 0 
6690 10 0.6 20 0.9 28 0.3 73 0.5 77 0 90 0.8 96 0.4 
6914 67 0.9 
6998 2 0.7 48 0 77 0.7 
7214 27 0.6 83 0 
7367 5 0.7 7 0.8 17 0.6 26 0.9 76 0 96 0.4 
7507 17 0.7 22 0.4 27 0 64 0.3 67 0.4 74 0 78 0.6 89 0.6 97 0 
7574 39 0 72 0.6 
7604 2 1 7 1 13 0 27 0.9 28 0.3 30 0 46 0.5 62 0 76 0.3 94 0 
7631 2 1 8 0.5 10 0.5 16 0.3 63 0.9 65 0.3 70 0.6 73 0 83 0 96 0 
7653 36 0.3 46 1 
7703 6 0 13 0.9 20 0 23 0.3 68 0 74 0.9 77 0 83 0.5 84 0.4 94 0 
7765 15 0.9 33 0.4 37 0 45 0.7 54 0.5 77 0.6 91 1 95 0.5 
7839 4 0.3 45 0.3 51 0.5 52 0.6 55 0.8 64 0.4 93 0.5 94 1 97 0.7 
7972 50 0.5 62 0.5 63 0 85 0.8 88 0.6 
8029 14 0 16 0.8 31 0.8 49 0.3 58 0 60 0 
8117 17 0.7 39 0.5 47 0.8 
8440 4 0.9 7 1 17 0.3 43 0.4 45 0 48 0 49 0.7 62 0 78 0.7 90 0.7 
8448 64 0.6 
8551 5 0 16 0.3 32 1 35 0.3 80 0.4 94 0 98 0.6 
8555 45 0 49 0.4 52 1 84 1 93 0.7 
8592 7 0 41 0.5 43 0.4 46 0.3 66 0.6 70 0.6 72 1 75 0.8 87 0.3 99 0.3 
8886 9 0.4 23 0.9 62 0.8 64 0.6 72 0.3 
9178 45 0 67 0.4 
9276 11 0.4 50 0.7 52 1 
9464 8 0.4 58 0.6 
9589 13 0.7 23 0 50 0.8 51 0 54 0 72 1 85 0 89 0.5 
9595 37 0 
9638 31 1 43 0 78 0.7 82 1 83 0.6 
9974 22 0.5 40 0 52 0.5 72 0 73 0 98 0.5 99 0.8 
