100
96 0 0 2 0.7 37 0.4 53 0.5 68 0 
106 4 0 6 0 10 1 19 0.8 32 1 35 0.7 56 0 65 0.9 69 0 71 0 
122 32 0.3 35 0.7 44 0.9 55 0.8 56 0.8 60 0.4 78 0.4 86 1 92 0.6 
162 45 0.7 82 0.9 
320 24 0.9 30 0.5 40 0.5 94 0.5 
368 22 0 
529 70 0 86 0.6 
668 8 0.5 33 0.8 47 0.5 55 1 79 0.8 89 0.6 
847 22 0.5 83 0 85 0 87 0 
878 5 0.6 10 0.6 36 0 47 0 49 0.9 70 0 75 0.5 79 0.7 96 0.3 99 0.7 
879 36 0.9 95 0.6 
983 6 0.9 13 0.9 18 0.8 31 0 55 0.5 
998 10 0.8 23 0 38 0.3 62 0.9 63 0 86 0.7 
1154 1 0.5 2 0 5 0.4 22 0 24 0.6 26 0.6 79 0.9 
1168 4 0 10 1 24 0.6 39 0.8 66 0 74 0.4 83 0.6 87 0.9 88 1 95 0.8 
1247 7 0.7 12 0.6 26 0.7 43 0.5 54 0.3 70 0.4 72 0.9 88 0.4 
1271 31 0.7 32 0.3 80 0.8 98 0 
1296 16 1 39 0.8 84 0 
1440 6 0.5 58 0 84 0 
1562 26 0 86 0.5 
1635 23 0.9 33 0.8 62 0.8 63 1 67 1 
1776 3 0 47 0 54 0.5 62 0.7 68 0.4 70 0.4 89 0.8 
1812 6 1 12 0.5 58 0.6 59 0.6 65 0.5 69 0 77 0.6 84 0.3 85 0.8 97 0.3 
1827 0 0.5 35 0 57 0.7 
1969 4 0.5 73 1 82 1 
2033 85 0.3 
2218 28 0.4 36 0 37 0.6 41 0.5 42 0.5 43 0 56 0.3 66 0 90 0 94 0.8 
2291 34 0.5 
2450 84 0.5 88 0.7 
2550 43 0.7 
2571 23 0.5 25 0 33 0.9 45 0.8 54 0.3 65 0 66 0.4 75 0.8 88 0.8 
2677 9 0.5 12 0.6 15 0 31 0.8 32 0.8 51 0.7 57 0.3 59 0.5 61 0.3 66 0.9 
2718 46 0.6 92 0.9 
2764 4 1 14 0 26 0.8 63 0.4 70 0.3 90 0.5 
2910 22 0.4 
2916 32 0 74 0.3 77 0.3 
3032 2 0.5 6 0 15 0.3 23 0.3 33 0.4 45 0 73 0.7 
3238 5 0 32 0.5 46 0.5 94 0.5 95 0.9 96 0.6 
3346 3 0.3 15 0.7 47 0 48 0.4 75 0 95 0 
3501 77 0.9 86 0 
3687 17 0.3 
3690 21 0.3 30 0 95 0.3 
3777 4 0 6 0.7 
4026 64 0.7 
4143 20 0.8 30 0 41 0.5 60 0.6 80 1 87 0.4 88 0.8 95 0.3 
4594 99 0 
4674 25 0.7 30 0.8 33 0.6 37 1 51 0.8 59 0.5 70 0.7 85 0 
4745 25 0 46 0.9 70 0.4 98 0.4 
4813 16 0.9 28 0 49 0.4 
5019 15 0.8 39 0.7 54 1 96 0 
5153 74 0.4 75 1 76 0.3 94 0 98 0.9 
5243 45 0 69 1 
5310 10 0.3 27 0.3 29 0 82 0 85 0.8 
5350 1 0.9 4 0.9 10 0.5 11 0 51 0.6 57 0.7 72 0 90 0 
5366 63 0.6 65 0.8 82 0.9 
5620 10 0.7 46 0.6 55 0.3 91 0.9 
5660 11 0 28 0.7 
5693 37 0.5 49 0.9 
5906 36 0 46 0.3 65 0 73 0.3 86 0 
6460 0 0.9 8 0.7 37 0.4 78 0.9 
6512 18 0 22 0.5 30 0.7 70 0.4 71 0.5 83 0.8 
6600 30 0.8 84 0.3 89 0 
6788 2 0 3 0.9 55 0.3 67 0 88 0.8 
6933 11 0 42 0.7 51 0.7 
7051 12 0.6 27 0.5 75 0.9 91 0.9 
7234 35 0.3 44 0.5 79 0 
7273 0 0.3 2 0.7 15 0.8 22 0 26 0 30 0.9 40 0.5 51 0.3 66 0 
7371 33 0 42 0 50 0.3 55 0 76 0.3 
7378 12 0.6 28 0.6 30 0.4 35 0 51 0.3 78 0 82 1 84 0 94 1 
7464 33 0.6 
7486 3 0.5 14 0.8 53 0 78 0.7 90 0.4 92 0.3 98 0.7 
7536 21 0.5 49 0.8 54 0.9 85 0.8 
7557 3 0 7 0.5 23 0 27 0.7 31 0 46 0 53 0 61 0.6 70 0.4 83 0.5 
7573 2 0 11 0.7 24 0.6 50 0.7 61 0 65 1 91 0.8 
7593 44 0.5 
7647 10 0 97 0.9 
7699 29 0.4 78 1 82 0.7 
7717 21 0.4 71 0.5 
7727 0 0.6 21 0.8 46 1 51 0.9 93 0.6 
7782 1 0 4 0 32 0 51 0.5 52 0 80 0.9 96 0.9 97 0 
7786 3 0.7 6 0.8 12 0.8 19 0.9 42 0.9 49 1 70 0 71 0 85 0.9 
7803 7 0.5 55 0.4 69 0.7 88 0.4 90 1 95 0.6 96 0.5 
7821 11 0 13 0.3 27 0.8 34 1 35 0.4 45 0.9 50 0.7 54 0.7 86 0.5 
7914 4 0 26 0.8 29 0.5 40 0.7 47 0 56 0 61 1 67 0.4 
8095 2 0.6 10 0.7 19 0.3 39 0.9 45 0 51 0.9 73 0.3 79 0.4 87 0 
8486 11 0.6 14 1 21 0.9 32 0.8 64 0.3 71 0.5 73 0.3 
8553 9 0.6 87 0.5 90 0 
8637 36 0 47 1 56 0.5 
8737 24 0 25 0.3 27 0.5 67 0.6 80 0.5 99 0.6 
8989 48 0.9 67 0 69 0.9 88 0.3 89 0.9 
9262 2 0.4 4 0.9 29 0.4 30 0.4 39 0.7 64 0 66 0 76 0.6 
9307 21 0.7 22 0 28 0 39 0.4 53 0 62 0.6 74 0 79 0 80 0 
9328 45 0 47 1 57 0.8 67 1 89 0 96 0 
9396 6 0 12 0.5 61 0.3 66 0.3 75 0.7 82 0.9 
9501 6 0.9 22 0.7 27 0.3 35 0.3 91 1 
9583 7 0.4 13 1 36 0.9 42 0.3 47 0.9 56 0.9 66 0 95 1 
9602 3 0 20 0 28 0.5 57 0.8 72 0.6 85 0.6 86 0 95 0 
9738 27 1 46 0.8 94 0 
9748 1 0.7 55 0.7 56 0 68 0.7 78 0.3 93 0 95 0.5 
9802 85 0 
