100
66 27 0.6 32 0 55 0 81 0 
129 14 0.6 25 0.4 42 0 48 0.5 56 0.5 61 0.6 68 0 
190 5 0 22 0.4 44 0 46 0 61 0 79 0.9 
523 25 0 60 0 
543 12 0 31 0 42 0.6 56 0.7 65 0.3 80 0.3 
591 4 0.8 24 0.4 66 0.4 78 0.8 
645 2 0 9 0.6 14 0 28 0 93 0.9 
667 27 0.6 85 0 
711 3 0.7 19 0.4 31 0.9 51 0.3 56 0.5 71 0.4 72 0 76 0.4 85 0 93 0.5 
756 17 0.8 27 0.8 50 0.6 68 0 
804 9 0.5 14 0.3 17 0.7 25 0.3 74 0.5 98 0.6 
1052 0 0.8 2 0 5 0 16 0.9 32 0 38 0.3 50 0.4 66 0.9 67 0 81 0 
1075 10 1 12 0 24 0 36 1 46 0 51 0.6 52 0.4 59 1 92 1 96 0.6 
1078 0 0.8 99 0 
1218 2 0.9 13 0.3 37 0.4 55 0.4 64 0.8 69 0.3 78 1 
1310 91 0 
1387 19 0 36 0 41 0.9 73 0.6 78 0.6 92 0.5 94 0.9 99 0.7 
1434 5 0 6 0.4 
1593 22 0 33 0.7 35 0.8 47 0.5 54 0.7 63 0.9 78 0.3 
1678 35 0.5 42 0.4 58 0.7 65 0 70 0.3 88 0.3 89 0.6 91 0.5 93 0.6 
1699 4 0.7 8 0.9 18 0.9 61 0 
1708 45 0.4 52 0 73 0.9 
1825 88 0 
1889 80 0.3 
1968 2 0 20 0.3 26 0 56 0.5 57 0.6 72 1 78 0.4 83 0 
1984 8 1 27 0.3 29 0.5 40 0.3 50 0.3 59 0.5 62 0.3 76 0.6 95 0.9 99 0.6 
2086 12 0.5 16 0.5 25 0.3 31 0.4 73 0 89 0.9 98 0.9 
2132 9 0.8 16 0.8 32 0.3 56 0.3 61 0.8 65 0.7 80 0.9 81 0.7 87 0 
2364 4 0.4 8 0.6 42 0 44 1 55 0 71 0 74 0.4 79 0.8 87 0.6 89 0.8 
2450 84 1 88 0.6 
2583 0 0.4 6 0 16 1 64 1 65 0.4 
2628 3 1 5 0.6 34 0.9 46 1 65 0.8 77 0.6 86 0.9 87 0.9 99 0.8 
2668 23 0.4 25 0.3 31 0 41 0 42 1 44 0.9 59 0.4 69 0.7 
2795 13 0.4 38 0.8 48 0 49 0.5 55 1 71 0 75 0 84 0.6 
2810 0 0.9 12 0.8 29 0.9 38 0 59 0 66 0 76 0 85 0.9 88 0 94 0.5 
2837 27 0.3 35 0.6 42 0 47 0 68 0.3 72 0.8 73 0 
3271 2 0.6 31 0.8 32 0.4 35 0.9 56 0.4 61 0.4 62 1 77 0.5 81 0.3 
4195 5 1 6 0.4 84 0.8 
4228 96 0 
4288 21 0.3 38 0 39 0.8 46 1 53 0.3 60 1 73 0.9 77 0 
4499 35 0.4 68 0.5 88 0.7 
4517 43 1 
4921 20 0.6 82 1 
4957 28 0.6 32 0 35 0.5 45 0 58 0.5 62 0.5 95 0 
4992 35 0 
5019 15 0.9 39 0.6 54 0.7 96 0.8 
5055 6 0.8 37 0.6 50 0 52 0 58 0 67 0.9 70 0 79 0.4 92 0.7 
5077 8 0.7 12 0.3 16 0.3 57 0 89 0.9 91 0 99 0.9 
5085 13 0.3 18 0.3 28 0.4 29 0.6 49 0.3 52 0.4 54 1 58 0.4 
5123 12 0.9 36 0 38 1 51 0 59 1 71 0.9 75 0 96 0.9 
5223 0 0.9 1 0.7 14 0.3 17 0.8 22 0.9 24 0.8 30 0.6 47 0.9 65 0 88 0 
5345 10 0.9 40 0.9 60 0 61 0.7 78 0.3 96 0 
5430 2 0.7 7 0 15 0.6 27 1 33 0 63 0.3 75 0.9 79 0 
5831 23 0 98 0.4 
5934 93 0.4 
5951 6 0.4 9 0.7 20 0 21 0.4 48 0 54 0 68 0.8 73 0.5 86 0.6 93 0.3 
6097 35 0.6 58 0.9 59 0 72 0.3 
6119 32 0 
6299 17 1 43 0.5 88 0.3 
6339 2 0.8 31 0 55 0.7 65 0.4 70 0.6 77 0 81 0.4 86 1 95 0.6 
6348 38 0.9 
6562 27 0.8 36 0 56 1 83 0.6 87 0 90 0.7 91 0.9 95 0.9 
6622 4 0.6 49 0.5 52 0 73 0.8 
6788 2 0.7 3 0 55 1 67 0.3 88 0 
6911 6 0.4 70 0.8 96 0 
7029 4 0.6 28 0.5 48 0.4 52 0 55 0.3 62 0.6 68 0.7 70 0.4 86 1 88 0 
7067 10 1 
7082 6 0.5 
7277 20 0.3 45 0 48 1 60 1 97 0.4 
7285 0 0.7 13 0 22 0.7 68 0 79 0.9 
7319 7 0 10 0.8 19 0.8 21 0.7 41 0.9 64 0.7 76 0.3 99 0.6 
7408 1 1 6 0.8 7 0.3 42 1 56 0 87 0.9 89 0.3 
7523 5 0.5 13 0.6 14 0.9 58 0.9 92 0.4 
7539 10 0 20 0 52 0.8 78 0.9 99 0.8 
7579 31 0 
7680 12 0 36 0 54 0 67 0.4 72 0.6 76 0 77 0.4 82 0.8 91 0.7 99 0.6 
7687 21 0.9 28 0.8 30 0 32 0 49 0 63 1 71 1 83 0.8 
7725 10 0.3 34 0.5 54 0.3 65 0 83 0.5 
7767 2 0 4 0.7 14 0.9 25 0.4 64 0.8 94 0 98 0.3 99 0 
7771 2 0.4 3 0 17 0.8 18 0.7 19 0.8 25 0 30 0.4 36 0 56 0.8 87 0.8 
7776 1 0 10 0 30 0.4 35 0 41 0 62 0.6 63 0 66 0.4 67 0.8 93 0.7 
8118 19 0.9 26 1 37 0.8 38 1 66 0.5 73 0.4 
8130 93 0 97 0.5 
8321 0 0.9 21 0 31 0.3 33 0.4 45 0.5 53 0 
8323 34 1 36 1 56 0 61 0.4 62 0 66 0.5 85 0.9 94 0.5 99 0.7 
8358 5 0.9 32 0.3 64 0 80 0.8 
8545 1 0.9 7 0 
8549 0 0.5 2 0 14 0 16 0.5 27 0.6 51 0.5 67 0 72 0.8 83 0.3 
8586 39 0.6 86 0.6 
8695 9 0.9 19 0.3 21 0.8 26 0.4 38 0.9 53 0.5 56 0 68 0.3 81 0 85 0.7 
8743 8 0.5 29 0.7 32 0 81 0 94 0.7 
8777 29 1 35 0.7 40 0 45 0.8 55 0 63 0 67 0 69 0 90 0 
8923 10 0.8 26 0.9 47 0.4 53 1 58 0.3 63 0 
9028 21 0.6 39 0.9 92 0 
9055 9 1 11 0.5 21 0 29 0 32 0.8 41 0 55 0 69 0.5 78 0.7 
9139 6 0 14 1 22 0 49 0.6 52 0.6 60 0.9 62 0.4 67 0.3 90 0.7 92 0.6 
9409 8 0.8 61 0.3 71 0 77 0.8 82 0.7 87 0.4 
9802 85 0.4 
9816 20 0.7 21 1 33 0.6 53 0 57 0.7 60 0 78 0.3 84 0 
9998 48 0.3 49 0.7 
