100
73 28 0.4 84 0 
135 52 0 57 0.7 66 0.3 88 0 93 0 
156 33 0.9 97 0.5 
224 25 0.4 28 0.7 46 1 61 0 67 0 70 0.7 75 0.6 85 1 89 0.4 
315 33 0.4 38 0.4 56 0.5 86 0.7 
319 30 0 33 0 
328 25 0 56 0.7 
383 18 0 40 0.3 55 0.3 57 0 79 0 94 0 
384 1 0 27 0 35 0.6 38 0.7 50 0.4 61 0.8 70 0.7 79 0.5 86 0 
395 33 0.8 40 0 47 0.4 58 0.8 66 0.6 67 1 99 0.9 
479 1 0 13 0.4 18 0.8 27 0 43 0 70 0.9 92 0.4 94 0 
486 51 0 54 0 
580 6 0.8 16 0.5 35 1 37 0.5 55 0 67 0.6 89 0 93 0.5 
604 5 0.9 17 0 41 0.4 42 0.5 48 0 49 0.6 50 0 58 0.4 66 0.9 88 0 
765 7 0.7 45 0.6 47 0 51 0 64 0.3 70 0.6 95 1 
797 0 0.7 22 0.3 28 1 36 0.8 41 0.3 46 0.8 59 1 
979 48 0.9 64 0 71 0.9 
1079 4 1 15 1 22 0.4 33 0.3 59 1 94 0 
1127 21 0 27 0 43 0.5 45 0.8 47 0 67 0 
1132 22 0 31 0 88 0.6 96 0.8 
1186 30 0.4 41 0.9 96 0.9 
1222 10 1 13 0.6 15 0.8 
1378 26 0.5 38 0 47 0 48 0.5 59 0.8 60 0.5 96 0 
1488 3 0.9 17 0.9 48 0 60 0 61 0 80 0.3 88 0.8 92 0.4 
1549 44 0.3 75 0.7 81 0.3 91 0.4 
1711 57 0.4 
1733 13 1 19 0.7 30 0.7 33 0.3 38 1 
1744 9 0 18 0 33 0 39 0.7 48 0.5 51 0.6 55 0.6 63 0.9 92 0.3 
1822 8 0.3 9 0.6 15 0.6 33 0.5 35 0.6 59 0.3 63 0.7 76 0.7 94 0.8 
1858 32 0.9 
2006 85 0.4 86 0.5 
2009 7 1 24 0.6 46 0.8 60 0 61 0.4 74 0 83 1 86 0.4 96 1 99 0 
2023 8 0.5 19 0 37 0.5 42 0 44 0.6 48 0.8 60 0.8 64 0 65 0.6 79 0.8 
2112 23 0 37 0.5 44 0 63 1 94 0.3 95 0.6 97 0 
2220 2 0.8 5 0 7 0.9 13 0.6 24 1 36 0.3 83 0.3 
2324 13 0 27 0.7 30 0 62 0.7 81 0 
2412 47 0 77 0.5 87 0.8 
2415 4 0.8 6 0.4 14 0.6 19 0.8 20 0 79 0.8 80 0 98 0.9 
2448 32 1 77 0.9 90 0.4 92 1 
2460 22 0.6 28 0.3 38 1 41 0 45 0.9 48 0.6 81 0.3 97 0 98 0 99 0.7 
2624 81 0 
2625 32 0 
2685 17 0 
2760 59 0.6 
2859 5 0 10 0 44 0.8 50 1 85 0.5 
2919 3 0.8 21 0.4 22 0.7 47 0.8 73 0.9 
2945 5 0.3 20 0.9 30 0.4 33 0 46 0 68 0.6 79 0.4 85 0.5 94 0.6 
2972 27 0 92 0 
3196 16 0 25 0 29 0 36 0.6 82 0.6 85 0.9 91 0.6 
3201 16 0 19 0 26 0 27 0.4 29 0.6 38 1 71 0 81 0 95 0.3 
3497 11 0.4 14 0 49 1 63 0.8 
3589 15 0.6 16 0 19 0.3 24 0 61 1 64 0.3 76 0.8 86 0.6 99 0.8 
3604 11 0.5 82 0.3 
3921 54 0 85 0.3 95 0 
4412 26 0 83 0.6 
4448 16 1 80 0.6 85 0.8 90 0.4 94 0.3 
4558 13 0.8 16 0 24 0 39 0.4 47 0.3 61 0 71 0.8 97 0 98 0.5 
4593 19 0.6 22 0.8 57 0.9 72 0.9 78 0.8 
4640 1 0 6 0.3 21 0 63 1 64 0 72 0.3 84 0 85 0 95 0 
4746 3 0.8 10 0 81 0.5 
4808 0 0.4 7 1 9 0.4 18 0.4 21 0 23 0.8 55 0.7 91 1 97 0.3 
5051 10 0.9 30 0 39 0.5 54 0 57 0 72 0.5 
5138 4 0.7 6 1 27 0.9 45 0.6 50 0 53 0.8 61 0.7 62 0.9 94 0.4 
5213 2 0.8 6 0.6 9 0 27 0.5 57 0.5 60 0.8 70 0.6 76 0.7 80 0.3 91 0.4 
5289 4 0 9 0 13 0.6 31 0 35 0 47 0 56 0.6 59 0.3 73 0.8 79 0.3 
5320 1 0.8 10 0.8 22 1 37 0.4 45 0.3 57 0.3 71 0.6 79 0.7 80 0 82 0.6 
5601 1 0 33 0 38 0.7 47 1 52 0.3 76 0.4 77 0.9 88 0.7 
5620 10 0 46 0.4 55 0.9 91 0.9 
6050 18 0.9 23 0.3 52 0.3 60 0.3 81 0.5 90 0.4 94 0.4 
6207 22 0.3 35 0.9 
6225 13 0.8 49 0.7 80 0 
6284 0 0 26 0 32 0.7 67 0.4 87 0 
6567 12 0.5 37 0 39 0 42 0.9 98 0.8 
6617 22 0.4 32 0 39 0.5 63 0.3 70 0 77 0.5 
6656 13 0.9 32 1 44 0 72 0.4 83 0.9 84 0 
6921 24 0.3 33 0.4 38 0.6 60 0.4 68 0.4 78 0.8 79 0.5 
7119 29 1 35 0.9 38 0.7 61 0.9 
7265 62 0.5 91 0.8 94 1 
7267 73 0 98 0.3 
7469 5 1 7 0 17 0.7 18 0.8 57 0.4 61 0 75 0.9 80 0 93 0.7 
7576 1 0.7 37 0 45 0.8 57 0.8 61 0.3 63 0.4 78 0.9 
7609 24 0 26 0.9 45 1 55 0 74 0 77 0 
7749 47 0 50 0.8 54 0.9 87 0.3 
7815 2 0.6 28 0.3 
8045 8 0 24 1 30 0.8 45 0.8 54 0 58 0.3 63 0.4 70 0 85 0 98 0.9 
8162 30 0.4 68 0.5 
8184 6 0 10 0 11 0 21 0.6 36 0 66 0.5 76 0.8 84 0.6 97 0 
8192 3 0.7 27 0 54 0 75 0.8 89 1 91 0.8 
8656 6 0.7 27 0.7 35 0.3 51 0.6 58 0.5 61 0 
8675 0 0 3 1 14 0.8 20 0 40 0 67 0 77 1 96 0.9 
8716 16 0.3 73 0.4 76 0.3 
8892 25 0.9 37 0 41 0 97 0 
9047 3 0.4 6 0 9 0.6 23 0 25 0 28 0.6 31 0 78 0.3 83 0.6 
9241 9 1 30 0.3 35 0 37 0.4 63 0.8 67 0.3 87 0.5 95 0 
9347 0 0.3 24 0 33 0.6 42 0.6 60 0 71 0.5 82 0.6 92 0.6 96 0.9 99 0 
9373 7 0.3 11 0.9 21 1 34 0.6 43 0 50 0 
9522 61 0.3 71 0.3 79 1 94 0 
9718 15 0 26 0.3 45 1 54 0.4 66 0.8 
9860 19 0 90 0.9 
9954 27 0.7 
