100
32 1 0 10 0.5 13 0 14 0.8 23 1 41 0 50 1 66 0.6 
214 17 0.5 77 0.6 94 0 
419 29 0 35 0.3 51 0.5 
467 16 0.5 21 0 23 0.8 25 0.9 32 0.6 34 1 41 0.4 59 1 63 0 72 0.4 
539 1 0.4 32 0 36 0.7 42 0.3 45 0.5 48 0.6 59 0 60 0.7 77 0.7 78 0.8 
782 76 0.8 86 0 
839 0 0.4 4 0.7 21 0.4 23 1 27 0 77 0 87 0.8 
1057 16 0.5 33 0.8 35 0.4 37 0.5 40 0.5 49 0 50 0.7 59 0.9 76 0.6 99 0.6 
1070 32 0.8 39 0.5 48 0 49 0.7 58 0.6 65 1 84 0 91 0.9 
1132 22 0.8 31 0.8 88 0.6 96 0.6 
1191 25 0 
1301 12 0.8 16 0 18 0.7 51 0.5 53 0.6 57 0.8 91 0 
1371 3 0.7 4 0.3 16 0.6 27 0 30 0 37 0.6 52 0.6 65 0.5 84 1 
1384 5 0.6 40 0 41 0.3 44 0.9 53 0.9 55 0.7 
1416 7 0 47 0.7 48 1 64 0.5 98 0.8 
1519 12 0.3 15 0.9 34 0.3 54 0 71 0 
1644 50 0.6 83 1 
1953 1 0.4 5 0.5 14 0 24 0 62 0 64 0.5 87 0.3 
1979 2 0.5 40 0.5 52 0 57 0 62 0.7 86 0.8 88 0.9 99 0 
2155 8 0.5 20 0 41 0.7 48 0.4 54 0.5 56 0.4 71 0.9 73 0.9 
2169 51 0 
2224 6 0 23 0 32 0.3 34 0.7 53 1 60 0 81 0.9 97 0 
2303 0 0.7 1 0.8 6 0 9 0.7 28 0.3 68 0.3 88 0.8 
2383 6 0 23 0.7 33 0.6 38 1 43 0 77 0 81 0.7 89 0.8 90 0.8 
2474 12 0.4 35 0.5 42 0.6 46 0.4 48 0.3 74 0.6 88 0.3 94 1 98 0.8 
2492 2 0.7 3 1 16 0.8 49 0.3 53 0.3 58 0.7 70 0.8 88 0.5 95 0.6 99 0 
2703 4 0.6 9 0.7 45 0.9 60 0 98 0.3 
2800 93 0.4 
2839 41 0.3 91 0 
2900 9 0.9 
3156 8 0 11 0.9 31 0 33 0 
3212 14 0.9 21 0 35 0.6 36 0.9 76 0.5 87 0 
3241 50 0.3 
3245 31 0 89 0.8 
3253 20 0 24 0.5 51 0 57 1 62 0.7 92 0.4 95 0.9 
3347 27 0 96 0.3 
3388 3 1 30 0.6 43 0.3 46 0 58 0.8 60 0 89 0 96 0.6 
3390 22 0.7 27 0 33 0 44 0 81 0.5 90 0.6 
3546 4 0.3 11 1 25 0.3 36 0.7 44 0 67 0 68 0 
3606 3 0 6 0.3 12 0 15 0.7 20 0 39 0.6 52 0.7 64 1 66 0.7 
3644 39 0.8 44 0.9 
3812 15 0.5 16 0.6 49 0.6 52 0.8 59 0.6 99 0 
3844 9 0.7 23 1 24 0.7 32 1 37 0.4 47 0.5 60 0.3 97 1 
3935 18 0.4 83 0.7 86 0.4 
4158 9 0 16 0 32 0.7 35 0.3 39 0 60 0.6 79 0.9 84 0.6 92 0 98 0 
4316 2 0.8 46 0 
4325 56 0.8 57 0.8 61 0.9 76 0.5 
4341 18 0 32 0.6 61 0.8 65 0 78 0.3 92 0.5 
4348 10 0 51 1 65 0.4 87 1 
4355 7 0 32 0.9 47 0.3 49 0 55 1 70 0.8 75 0 86 0.8 
4376 52 0.9 
4739 22 0.9 26 1 27 0.8 43 0 44 0.8 46 0 65 0.3 75 0.8 99 0.7 
5039 15 0.4 16 0.7 17 0.8 26 0.7 38 0.6 47 0 56 0 67 0 85 0.6 96 0.9 
5168 18 0 
5299 20 0 61 0.5 
5397 2 0 19 0.3 23 0 57 0.6 77 0.4 81 0.8 88 0.9 95 0.8 
5525 2 0 23 0.5 41 0.3 51 0 69 0.5 79 0 
5819 7 1 98 0.7 
6031 26 0.4 43 0.6 
6160 3 0 9 0 72 1 79 0.8 81 0 92 0 
6302 8 0.5 26 0.6 57 0 74 0.6 80 0 
6479 9 0 36 0.8 41 0 56 0 61 0.6 66 0.6 73 0.6 83 0.4 
6670 9 0.5 12 0.8 
6711 19 1 32 0.6 
6833 16 0.9 26 0 34 0.6 85 0 
7047 28 0.6 34 0.4 58 0.8 67 0 81 0.5 85 0.9 89 0.5 91 0 
7065 16 0.5 30 0.6 38 0.7 40 0.3 47 0.3 61 0.8 66 0 72 0 73 0.3 83 0.3 
7090 1 0 9 0.3 81 0 
7099 4 0.8 73 0 89 0 
7119 29 0.4 35 0 38 0.7 61 0.5 
7310 4 0 8 0 12 0 38 0 73 0.4 84 0.7 
7398 32 0.8 55 0 
7487 4 1 12 0 14 0.5 25 0.4 40 0.6 49 0.7 67 0.9 
7498 6 0 35 0.9 36 0.8 60 0.7 78 0.3 79 0.6 89 0.8 
7603 4 1 5 0 59 0.4 
7692 30 0.4 
7724 39 0.3 83 0.3 
7821 11 0.4 13 0.5 27 0.7 34 0.5 35 0.5 45 0 50 0.3 54 0 86 0 
7909 23 0.6 33 0.7 36 0 62 0.4 72 0.9 
8078 0 0.6 14 0 21 0 22 0.7 28 0.5 31 0.3 38 0.6 49 0 53 0.3 90 0.3 
8306 1 0.4 8 0 10 1 21 0.5 60 0 62 0.3 67 0.6 77 0.9 99 1 
8364 11 0 19 0.3 37 0 59 0 88 0.4 
8400 41 0.8 
8447 5 0.4 11 0.3 19 0.4 42 0.8 48 0 91 0 
8537 35 0 98 0 
8587 1 0 35 0.7 39 0 41 0.9 50 0 67 0.4 84 0 86 0.4 92 0 
8695 9 0 19 0.5 21 0 26 0.6 38 0.7 53 1 56 0.9 68 0.5 81 0.6 85 0.3 
8770 18 0.8 
8932 4 0 37 0.4 
8992 19 0 25 0 30 0.4 38 1 66 0.5 73 1 77 1 83 0.8 92 0.5 94 0 
8995 11 1 17 0.3 25 0 30 1 59 0 62 0 68 0.5 90 0.7 
9066 12 0.5 14 0 18 0.4 21 0.4 22 0.7 47 0.7 78 0.9 90 0.9 98 0.8 
9305 14 0 
9501 6 0 22 0.5 27 0 35 0.8 91 0 
9507 24 0 
9699 42 0 58 0 
9759 30 1 43 0.6 45 0.8 52 0.8 70 0.9 74 0 
9906 28 0.4 32 0.9 51 0.7 90 1 91 0.9 
9969 89 0 
9978 3 0.3 8 0.6 10 0.5 18 0.4 34 0.6 46 0.7 75 0 82 1 
