100
145 61 0.7 
169 10 0.7 54 1 69 0.8 
394 6 0 18 0.6 22 0.6 30 1 51 0.9 85 1 88 0 90 0.5 91 0.4 93 0.6 
444 23 0.7 31 0.9 43 0 73 0 97 0.8 
540 4 0 5 0.9 27 0.8 34 1 45 0.6 87 0.6 92 0.3 93 0 94 0.9 99 0.3 
790 13 0 30 0 34 0.8 42 0.7 63 0.9 66 0.3 70 1 74 0.6 98 0 
813 15 0.8 
908 26 0.5 46 0.3 68 0.3 
997 12 1 14 0.5 
1102 8 0.9 90 0.5 
1272 15 0.6 22 0.7 31 0.9 36 0 56 0.8 57 0 58 0.3 65 0.9 86 0.8 88 0.4 
1284 89 0 
1330 24 0.7 48 0.3 52 0.9 60 0 62 0.8 
1434 5 0.5 6 0 
1496 0 1 17 0 23 0.5 29 0 
1508 1 0.3 9 0.9 38 0 65 1 
1528 3 0.9 24 0.4 47 0 50 0 51 0.7 55 0.6 73 0.7 85 0.9 
1589 6 0.3 11 0.7 20 1 35 0 39 0 88 0 89 0.5 99 0.8 
1597 56 0 85 0 93 0.7 
1599 28 0.9 29 1 49 0.7 52 0.3 63 0 67 0.3 74 0 
1613 31 0 
1691 10 0 50 0 51 0 64 0.8 
1695 12 0 
1748 1 0.6 11 0.9 12 1 30 0 50 0.8 51 0.6 67 0.9 76 0.5 84 0 88 0 
1765 37 0.3 
1801 30 0.6 34 0.5 42 0.6 44 0.3 52 0.3 53 0 73 0.8 80 0.4 
1860 11 0.8 12 0.8 13 1 19 0 21 0 57 0.7 74 0.3 95 0.5 
1887 22 1 35 0.8 44 0.3 85 0 87 0.9 
2147 2 0.3 11 0.7 13 0.4 25 0.8 44 0.6 55 1 63 0.3 68 0 94 0.3 
2166 0 0.6 23 0 42 0 45 0 90 0.9 92 0.7 
2358 4 0.6 10 0.9 50 0 56 0.3 65 0 
2538 41 0 47 0.7 72 0.3 94 0 
2757 2 0.9 3 0 22 0.3 49 1 75 0.9 
3062 55 0 99 0.9 
3391 19 0 26 1 42 0 50 0 60 0.3 67 0.7 70 0.4 
3537 14 1 15 0 17 0.4 24 0 40 0.8 93 0.8 
3619 0 0.3 19 0.6 22 0.3 27 0.7 66 0 75 0.8 77 0.6 78 0.4 95 0 97 0.9 
3671 5 0.7 11 0.7 18 0 47 0.5 57 0 66 0.6 86 0.5 96 0.5 
3788 23 0.3 39 0 53 0 95 0 
3839 34 0 50 0 57 0.4 65 0.3 89 0 
3891 22 0.7 27 0.8 46 0 49 0.9 63 0.6 
4186 7 0.7 18 0.9 41 0.7 51 0.5 71 0.4 72 1 78 0.3 80 0.6 82 0 94 0.6 
4267 4 0.9 13 0.6 26 0.3 31 0.3 44 0.6 45 0.8 60 0 85 0 
4288 21 0 38 0.5 39 0.3 46 0.7 53 0 60 0.6 73 1 77 0 
4435 14 0.3 20 0.6 43 1 52 0 53 0.6 65 0 83 0.4 84 0 
4594 99 0.3 
4649 6 0.8 10 0 30 0.8 46 0 69 0.8 83 0 
4710 1 0.8 6 1 26 0.9 48 0.3 
4769 7 0.7 16 0.6 29 0.5 35 0.7 51 0.4 76 0.4 77 0.9 83 0.8 85 0 98 1 
5001 0 0.3 20 0.3 31 0.4 32 0.6 39 0 43 0.9 51 0.9 69 0 97 0.6 
5085 13 0 18 0.7 28 0.5 29 0.6 49 0.4 52 0.8 54 0 58 0 
5151 32 0.7 75 0.3 86 0.6 
5153 74 0.3 75 0 76 0.9 94 0.4 98 0 
5165 11 0 18 0.5 27 0.6 29 0.4 37 0.8 72 0 82 0 
5260 11 0 39 0.5 44 0.5 48 0.6 73 1 85 0.6 90 0.7 95 0.6 
5351 12 0.3 22 0.3 29 0.9 66 0.7 73 0.3 90 0.7 
5528 8 1 16 0.9 22 1 33 1 39 0 70 0 93 0.6 99 0 
5580 11 1 16 0.5 35 0.5 44 0 46 0.6 48 0.9 98 0 99 0 
5614 1 0 4 0.3 23 0 88 0.9 
5649 6 0.8 13 1 19 0.7 33 0 38 0 40 0.3 52 0.9 53 0.6 78 0.9 94 1 
5717 1 0.6 17 0 21 0.9 80 0 98 0.3 99 0.3 
5840 4 0 41 0.7 87 0 
6154 9 0.6 12 0.5 27 0.4 28 0.8 35 0.6 73 0 78 0 
6176 13 0.3 34 0.9 68 0.8 81 0.7 84 0.9 
6235 21 0.3 51 0.6 65 0.4 95 0.3 98 0.8 99 0.5 
6451 14 0.8 49 1 
6536 26 0 55 1 
6776 24 0.6 28 0.8 48 0.6 53 0.3 87 0.4 89 0 
6783 4 1 41 0 65 0 80 0.9 91 0.3 
6951 10 0.3 16 0 37 0.6 46 0.4 64 0 69 0.6 
6970 0 0.6 9 0.7 13 1 38 0 56 0.6 69 1 72 0.4 77 0.5 85 0 88 0.5 
7106 3 0.4 33 0.4 65 0.4 68 0 91 0 
7306 24 0.5 31 0.3 37 0.8 54 0.8 66 0.6 68 0 81 0 87 0.8 
7335 9 0 25 0.7 56 0.9 85 0.9 
7499 28 0 
7733 9 0 10 0.3 18 0.9 25 0.5 32 0 33 0.9 39 0.8 79 0.6 86 0 87 0.3 
8118 19 0.3 26 0.4 37 0 38 0.4 66 0 73 1 
8174 23 0.7 34 0 56 1 66 0 69 0 
8286 59 0.6 79 0 
8297 2 0.6 73 1 92 0.4 
8305 24 0 89 0 
8325 39 1 51 0.3 64 1 80 0.7 
8436 13 0.6 
8457 1 0 18 0.4 29 0 36 0.5 41 0 45 0.8 74 0.3 78 0.7 82 0 
8463 20 0.8 37 1 46 0 57 0.8 73 0 77 0.9 98 1 
8544 22 0.5 43 0 47 1 58 0.5 64 0 88 0.7 
8633 7 0 33 0.3 45 0.9 52 0.7 53 0.6 76 0.9 83 1 85 0 
8968 78 0.4 
9045 20 0.7 33 0 45 1 52 0.9 91 0 95 0.5 
9196 91 0 
9251 1 0.8 15 0 17 0.8 50 0.9 55 0 62 0.9 64 0.7 65 0.5 97 0 99 0.9 
9327 4 0.6 12 0 15 0 17 0 32 0.7 45 0 60 0.8 88 0.8 
9356 3 1 35 0.4 39 0 54 0.3 88 0.7 89 0.8 
9402 13 0.7 15 0.9 48 0.6 52 0.5 57 0.3 58 0.6 72 0 79 0.3 80 1 87 1 
9445 8 0.5 11 0.8 12 0 18 0.7 28 0 46 0.6 60 0.8 67 0.3 90 0.7 93 0.8 
9497 17 0.6 33 0 51 0 74 0 83 0 97 0.5 
9533 0 0 12 0.8 13 0 23 0 26 0.3 59 0.4 68 0.4 75 0 80 0.8 90 0 
9569 4 0 13 0.7 25 0.9 50 0.4 74 0.7 88 0.9 
9798 5 0.4 7 0.9 15 0.4 29 0.4 31 0.6 34 1 64 0.5 66 0.4 75 0.5 
9882 35 0 40 0.6 42 0 67 0.4 68 0 72 0.8 93 0.7 
