100
19 12 0.7 23 0.4 33 0.6 44 0.6 66 0.3 72 0.8 73 0.5 
47 0 1 11 0.6 39 0.6 48 0 
77 2 0.3 29 0.7 41 0.5 44 0.5 47 0.7 50 0.6 86 0.8 99 0.4 
112 12 0.8 22 1 30 0 32 0.9 40 0.9 53 0.8 62 0.6 81 0.3 86 0.7 98 0.6 
142 23 0.9 63 1 69 0 
206 3 0.6 46 0 75 0.7 86 0 93 1 
207 7 0.8 13 0.4 19 0.4 38 0 39 0.3 68 0.3 81 0.7 89 0.9 
209 2 0.4 23 0.6 27 0 57 0.6 
311 1 0.9 21 1 68 0.7 75 1 
340 7 0 9 0.8 53 0 
384 1 0 27 0.5 35 0.7 38 0.8 50 0 61 0.7 70 0.7 79 0.6 86 0.6 
400 15 1 22 0.5 40 0.6 72 0.9 84 0.4 99 0.3 
496 4 0.6 43 0.7 45 0.4 48 0.4 
618 1 0.8 10 0.3 47 0.3 
661 3 0 42 1 43 0.7 
774 29 0 38 0.5 54 1 92 0 
793 70 0 
1131 64 1 
1235 15 0.4 22 0 24 0 26 0 35 0 55 0.5 71 0.6 81 0.4 98 1 
1255 15 0 21 0.7 22 0.4 34 0.4 75 0.7 84 0.3 
1327 18 0.7 22 0 33 0 49 1 53 0 76 0.5 78 0.8 93 0 
1451 15 0.3 37 0.3 
1542 9 0 20 0 24 0.5 76 0.7 81 0.6 
1747 22 0.9 58 0.5 85 0.3 
1834 59 1 62 1 
1931 6 0.6 24 0 52 0 61 0.4 71 0.5 
1973 5 0.6 8 0.7 9 0.4 11 0 21 0.9 31 0.4 35 0.7 49 0.9 59 0.8 65 0.9 
1999 61 1 
2114 2 0.3 18 0.5 53 0.5 57 0.9 77 0 89 0.5 95 0.6 
2175 31 1 41 0 51 0.3 58 0.8 60 0.9 61 1 74 0.6 82 0.4 
2220 2 0 5 0 7 0.8 13 1 24 0.8 36 0.7 83 0.7 
2243 2 1 21 0.6 28 0 39 0 55 0 79 0 96 0 
2329 9 0.3 14 0.6 33 1 46 0.7 96 1 98 0.6 
2388 88 0 
2455 3 0 24 0 59 0.5 60 0.7 62 0.8 71 0 75 0 80 0.5 83 0.4 
2653 7 1 98 0.7 
2793 19 0.3 56 0 
2888 18 0.4 28 0.5 37 0.7 75 0 80 1 82 0 89 1 
2946 12 0.8 61 0.3 63 0.9 86 0 
3151 12 0.7 20 0.7 25 0 30 0.8 31 0 37 0.7 65 0.6 78 0.3 
3182 16 0.4 62 0.5 76 0.6 93 0.3 
3356 18 0.6 22 0.9 32 0 37 0 47 0.3 67 0.5 73 0.5 84 0.9 85 0 89 1 
3428 94 0 
3610 94 0.7 
3614 32 0.5 42 0 
3670 7 0.3 40 0.5 44 0.8 62 0.7 
3721 3 0.5 4 0 17 0 28 0.8 51 0.3 63 0.5 69 0 92 0.8 
3779 39 0 79 0 
4179 8 0 42 0.8 90 0 93 0.4 99 1 
4257 17 1 19 0.4 54 0.9 69 0.8 85 0.4 
4329 1 0.7 15 0 19 0.3 31 0.4 36 1 51 0.5 52 0.9 88 0.5 92 0 
4436 8 0.8 17 0.5 28 1 34 0.6 52 0.7 53 0 60 0.8 62 0.7 90 0.8 
4449 1 0.8 4 0.4 52 0 59 0.4 63 0.7 86 1 90 0.5 92 0.8 
4506 20 0.8 21 0.3 44 0.7 56 0.5 90 0 
4552 2 0.4 15 0.6 33 0.5 78 0.4 91 0.5 
4610 99 0.7 
4821 22 0.4 26 0.7 31 0 50 0.9 59 0.3 61 0.3 77 0.4 88 0 98 0.5 
4836 4 0.3 30 1 34 0.3 39 0.4 49 0 54 0 68 1 95 0.7 
4858 14 0 41 0.4 51 0 53 0.8 61 0.4 69 0.5 82 0 85 0.9 
4866 7 0.4 19 0 43 0 60 0.5 71 0.5 93 0.5 
4888 11 1 52 1 57 0 61 0.8 69 0.7 71 0.7 72 0.6 90 0.7 
5141 7 0.3 18 0.9 70 0.7 73 0.3 86 0 97 0.7 
5154 2 0.5 17 1 24 0.8 61 0.3 62 0 80 0.9 81 0.6 90 0.8 
5241 13 0.9 34 0.6 41 1 
5275 16 0.6 19 0.9 26 0.5 27 0 50 0.8 58 0.3 59 0.6 93 0.7 
5434 15 0.7 37 0.8 44 0.5 86 0.5 89 1 93 0.7 
5780 11 0.4 14 0.5 39 0 48 0 70 0.4 85 0 86 0 97 0.9 
5911 25 0.6 38 0 39 0.5 48 0.5 80 0.4 82 0 
6137 9 0.9 22 0.3 26 0.5 28 0.8 50 0 68 0.6 80 0.4 82 0 91 0.4 93 0.9 
6186 48 0 
6314 10 0 74 1 80 0.5 93 0 95 1 
6315 1 0 2 0 7 0.6 57 0.4 62 0.5 76 0.4 82 0.6 88 0 92 0.4 
6330 49 0 
6433 7 0.5 24 0 28 0.6 37 0 88 0 97 0.4 
6578 10 1 18 0.7 25 0.4 31 0.3 37 0.7 39 0.7 41 1 80 0.5 
6816 2 0.4 4 0.7 34 0 39 1 45 0 67 0.7 76 0.3 96 0 
6835 2 0 7 0.9 27 0.9 39 0.9 41 1 47 1 80 0.5 84 0.8 85 0 88 0.9 
6841 13 0.5 15 0.3 46 0 54 0 60 0 73 0.5 86 0 90 0 
6935 40 0.4 60 0.4 
6998 2 0.6 48 0 77 0.9 
7010 15 0 22 0.8 25 0.7 63 0.4 65 0.5 94 0.4 
7053 2 0.4 15 0.8 32 0 35 1 50 0.4 61 0.4 75 0.9 80 1 81 0 95 0.8 
7142 35 0.4 
7157 45 0.7 95 0.3 
7228 44 1 93 0.3 
7313 9 0.3 14 0.8 20 0.7 31 0.5 44 0.7 
7395 11 0.7 28 1 40 0.3 
7633 26 0.9 36 1 50 0 63 0.3 65 0 69 0.6 85 0 
7648 31 0.7 40 0.8 43 0.9 61 0 78 0.7 
7922 3 0.9 28 0.8 48 0 59 0.7 65 0.8 76 0.7 78 0 
8090 2 0.9 3 0 6 0 11 0 15 0.4 25 0.4 60 0.5 77 0.5 80 0.5 97 0.3 
8155 21 0 27 0 50 0.6 58 0 61 0 67 0.9 73 0.9 81 0.3 
8451 3 0 7 0.5 22 0.4 27 0.7 38 0 39 0.8 43 0 69 0.5 75 0.4 
8787 24 0.4 78 1 
8826 5 0.5 14 0.9 22 0.4 34 0 43 0.3 44 0.7 52 0.8 55 0.4 67 0 
9101 32 0.7 62 0.7 65 0.4 66 0.5 72 0.5 75 0.5 85 0.5 97 0 
9590 31 0.8 
9630 1 0.6 18 0.9 33 0.6 65 0.9 69 0.9 86 0 
9711 15 0 27 0 58 0 72 1 90 0 
9796 32 0 34 0.3 81 0 91 0.7 
