100
96 0 0.3 2 0.4 37 0.7 53 0.8 68 0.9 
115 12 0.9 23 0.3 58 0.4 64 0.8 94 0.9 98 0.3 
232 34 0 
337 13 0.6 20 0 39 0 83 0.8 
382 4 0.8 17 0.6 28 0 30 0.5 44 0.6 55 1 87 0 99 0 
416 8 0 11 0.8 16 0 19 0.8 53 0 58 0 64 1 74 0.6 
582 20 0.7 28 0.6 31 0.3 49 0.7 66 0.8 67 0.9 69 1 75 0 88 0.4 97 0.9 
649 0 1 4 0.9 13 0.3 25 0.5 38 0 46 0.9 69 1 70 1 74 0.4 
681 13 0.4 21 0 29 0 47 0.5 83 0 87 0.8 95 0.9 99 0.4 
731 4 0.6 20 0.5 25 0.7 26 0.8 30 0.9 31 0.6 33 0.9 46 0.8 53 0.4 66 0.8 
745 2 0.6 15 0.9 17 0 64 0.6 67 0.5 70 0.3 72 1 97 0 99 0 
836 32 0.8 
919 7 0 14 0.8 22 1 25 1 26 0.5 35 0.5 46 0.6 48 0.3 67 0.8 94 1 
1046 2 0 37 0.4 69 0.8 90 0.4 99 0.7 
1079 4 0.9 15 0 22 0.3 33 0 59 0.8 94 0 
1089 2 0.7 6 0 23 1 26 1 42 0.5 78 0.4 85 0.8 87 0 95 0.3 
1102 8 0.9 90 0.7 
1103 79 0.5 
1125 11 0.6 35 0 47 1 77 0.7 82 0.5 
1546 15 0.7 22 0 29 0.7 98 0 
1612 22 0.3 24 0 28 0 30 0.6 56 0.4 87 0 89 0.9 97 0.8 
1770 4 0.5 8 0.6 28 0.8 74 0.8 75 0 83 0.4 
1885 27 0.8 45 0 84 0.5 91 0.9 
1911 28 0.3 39 0.3 88 0.4 
1923 37 0.9 75 0.5 78 0 
1927 1 0.3 19 0.7 32 0.7 33 0.9 75 0.8 
1957 9 0 11 0.3 97 0.7 
2235 7 1 31 0 76 0 
2328 9 0.7 10 0 20 0.5 24 0 27 0.7 55 0.3 66 1 
2419 14 0.8 24 0.3 38 0.5 59 0.9 64 0.6 
2462 6 0 7 0 17 0 19 0.8 46 0 57 0.3 65 0 69 0.5 78 0 86 1 
2513 2 0.6 19 0.8 21 0.3 42 0.8 59 0.3 76 0 89 0.9 
2543 1 0.4 3 0.3 21 0.6 29 0.7 34 0.4 72 0.6 75 0.6 79 0.5 89 0.3 
2554 0 0 41 0 57 0 85 0.7 
2631 53 0 82 0.4 
2728 22 0.4 24 0.5 32 0.3 36 0.5 50 0.6 67 0 73 1 76 0 81 0.6 
2778 2 0.8 5 0.7 8 0.7 22 0.5 29 0.5 52 0.4 73 0.8 92 0.4 
2789 19 0 25 0.5 51 0 81 0.7 82 0 
2830 0 1 13 0.6 19 0 53 0.6 71 0.9 83 0.6 86 0.6 
2863 47 0.8 70 0.4 88 0.5 
2952 32 0.8 50 0 51 0.4 55 0.6 67 0 68 0.6 94 0 
3083 48 0.6 85 0.7 89 0.7 
3107 5 0 6 0 10 0.4 11 0.7 31 0 46 0 69 0.8 78 0.9 91 0 92 1 
3256 1 1 44 0.3 
3509 1 0.7 19 1 29 0.9 38 0.6 44 0.3 52 0.4 59 0 62 0.5 83 0.4 
3518 4 0.9 26 0 80 0.8 
3726 66 0 
3739 28 0.8 32 0 33 0.5 38 0.8 58 0.8 87 0 88 0 99 0 
3790 5 0.8 12 1 20 0 35 0.5 53 0.8 86 0.3 97 0.8 
4095 5 0.9 35 0.4 38 0 50 0.8 51 0 60 0 77 1 86 0 87 0 
4228 96 0.3 
4319 88 1 
4330 0 0.9 18 0.8 39 0.3 66 0 77 0.4 79 0.6 81 0.4 97 0.3 
4400 25 0.3 72 0 77 0.6 94 0 96 1 97 0 
4401 33 0.5 37 1 56 0.9 59 0 60 0.8 93 0 96 0.9 
4607 21 0 61 0 83 0 84 0.9 91 0 
4840 9 0 22 0.7 43 0.3 71 0.3 
5012 7 0.7 29 0.4 65 0 
5079 1 0.3 4 0 12 0.3 42 0.7 79 0.5 90 0.3 
5120 46 0.6 
5131 2 0 11 0.8 25 0.8 30 0 33 0 37 0.7 44 0.4 91 0.4 
5137 28 0.3 35 1 48 0 58 0.7 88 0.5 
5147 17 0 47 0.4 57 0.7 62 0.5 85 0.4 98 0 
5201 63 0 89 0.8 95 0.6 
5330 3 0.7 9 0 15 1 26 0.9 56 0.6 62 0.6 99 0.3 
5432 56 0.9 78 0.3 
5452 27 1 77 0.5 87 0.5 
5479 29 0 30 0.8 39 0.7 47 0 51 0.4 90 0.6 94 0.6 
5648 12 0.4 17 1 23 0.6 44 0 48 1 65 0 82 0.3 88 0.4 90 0 
5675 24 0.6 27 0 71 0.9 78 0.9 
5872 4 0.9 10 0.4 70 0.5 76 0 88 0.9 96 0.7 
6200 49 0.6 66 0 
6242 10 0.4 52 0.9 96 0.9 
6270 44 0.9 61 0 64 0.9 80 0.9 
6343 0 0.5 53 0.9 64 0 70 0.8 76 0.5 81 0.4 
6656 13 1 32 0.3 44 0 72 0.3 83 0.3 84 0 
6674 8 0 15 0.9 18 0.8 22 0.3 26 0.9 31 0.4 62 1 81 1 92 0.6 
6951 10 0 16 0.3 37 0.7 46 0.7 64 0 69 1 
7026 26 0.4 27 0.3 42 0.5 47 0.4 54 0.4 58 0.8 82 0.8 
7054 26 1 39 0.3 43 0.6 44 1 51 0.6 53 0 55 0.4 61 0.3 78 0.3 91 0.7 
7228 44 0 93 0 
7303 29 0.7 
7487 4 0 12 0.3 14 0 25 0.3 40 0 49 0 67 1 
7500 3 0.4 
7859 32 0.9 46 0.5 
7948 8 0 69 0.8 
8035 13 0.6 21 0.4 29 0.7 37 0.8 71 0 73 1 78 0.8 82 0.6 95 0 
8096 15 0.7 50 0.8 71 0 74 0.5 
8284 31 1 46 0.8 61 0.3 67 0.9 69 0 72 0.9 78 0.4 84 0.9 
8327 7 0.8 39 0.5 
8831 6 1 8 0 10 1 11 0.6 31 0 48 1 58 0.8 88 0 91 0.5 
9114 1 0 85 0.7 
9156 2 1 4 0.5 10 0 13 0.9 29 1 32 0.5 47 0.5 71 0.8 
9307 21 0.3 22 0.7 28 0 39 0.4 53 1 62 0.4 74 0 79 0.9 80 0 
9364 11 0.8 32 0.9 37 0 79 0.4 80 0.8 81 0 82 0 83 0.4 90 0 96 0.8 
9460 7 0.9 31 0.9 37 0.3 52 0 60 0.3 67 0.8 
9488 11 0 14 0.4 31 0.4 32 0.3 34 1 46 1 47 0 81 0.4 83 0.6 
9563 7 0 57 0 
9742 10 0.4 19 0.9 32 0 50 0.8 68 0.7 72 1 89 0 
9819 0 1 2 0.5 6 0.7 26 1 37 0.9 55 0.5 68 0.5 95 0.9 
