100
23 4 0.7 11 0.5 19 0 57 0.6 61 1 65 0 74 0 86 0.5 
65 5 0.4 26 0 43 0.8 47 0.6 96 0.8 99 0 
192 16 0.3 29 0.5 35 0.5 46 0.7 73 0.3 93 0.9 
224 25 1 28 0.4 46 0 61 0 67 0 70 0.9 75 0.6 85 0.8 89 0 
328 25 0 56 0 
353 39 0 66 1 68 0 
395 33 1 40 0.4 47 0.8 58 0.8 66 0 67 0 99 0.8 
596 14 1 16 0.3 17 0 41 0 54 0.8 77 0.6 78 0.9 
738 71 1 
807 26 0.4 36 0 49 0 53 1 73 0.5 77 0.7 86 0.5 95 0.7 
840 44 0 49 0.5 
875 5 0.9 25 0.6 50 0 55 0.8 
901 39 0.6 82 0.7 89 0.6 
1082 29 0 33 1 55 0 89 0.4 
1129 12 0.5 48 0 58 0.8 88 0 92 0.7 97 0.9 
1244 7 0.6 25 0 40 0.6 55 0 72 0 81 0 82 0.4 87 1 90 0 
1251 30 0.4 
1263 34 0.3 40 1 57 1 75 0 82 0.7 
1361 32 0.4 53 1 59 0 65 0 69 0 
1423 2 0.5 5 0 22 0 38 0.6 76 0.5 84 0.4 
1504 58 0.7 60 0.4 81 0 94 0.3 
1581 0 0.6 4 0 13 0.8 41 0.8 56 0.9 60 0.4 90 0 
1593 22 0.9 33 0 35 1 47 0 54 0 63 0.5 78 0.7 
1749 27 0.4 41 0.5 
1809 10 0.3 40 1 66 0 
1927 1 0.5 19 0.9 32 0.4 33 0 75 0.9 
1955 3 0.7 15 0 17 0.8 23 0 47 0.5 52 0 60 0 61 0.6 65 1 
1957 9 0.9 11 0.6 97 0.5 
2043 12 0.3 21 1 23 0.4 32 0.7 35 0.7 37 0.5 43 0.4 51 0.4 93 0.6 99 0.6 
2144 17 0.4 61 0.3 73 1 78 0.3 87 0 
2149 4 0 
2156 19 0 36 0.7 41 0.7 77 0 
2244 9 0.3 29 1 40 0.9 68 0.6 76 0.4 91 0.7 92 0.4 
2248 8 0 22 0.7 23 0.8 25 0.9 31 0.7 69 0.3 75 0 79 0 
2340 7 0 43 0.3 75 0.6 99 0.9 
2538 41 0.6 47 0 72 0.9 94 1 
2559 11 0 14 0.8 24 0.3 49 0.5 50 0 74 0 99 0.8 
2579 10 0 14 0.8 37 0 49 0 50 0.9 56 0.7 83 0.3 97 0.5 
2630 4 0.6 49 0.9 67 0.5 78 0 80 0 87 0.5 
2763 13 0.9 19 0.4 25 0.7 38 0 67 0.9 72 0.9 89 0.5 
2772 77 0 
2869 28 0.5 56 0.3 69 0.8 80 1 93 0 
2889 34 0 52 0.9 
2999 78 0.9 
3082 21 0.3 29 0 34 1 55 0.6 64 0 68 0 
3084 6 0.3 12 0.4 31 0.6 39 0.7 86 0 88 0.6 
3239 9 1 41 0.3 96 0.4 
3762 28 0 38 0 74 0 
3769 55 0.5 63 0.8 78 0.7 
3849 5 0.4 16 0.7 21 0.4 28 0.7 50 0.8 65 0 
4036 9 0.7 23 0.9 25 0.5 41 0.9 50 0.4 68 0.6 83 0 84 0.7 94 0 95 0.5 
4053 17 0.6 18 0.7 40 0 47 0 50 0.4 63 0 69 0.6 93 0 
4317 19 0 26 0.7 32 0.8 46 0.9 56 0.9 63 0.3 65 0.6 82 0.9 90 1 
4392 84 0.8 
4419 36 0.3 
4450 92 0.4 
4621 9 0 11 0.7 46 0 55 0.6 65 0.9 85 0.8 92 0.5 
4702 21 0.9 
4708 33 0.8 45 0.3 71 0 83 0.4 93 0.8 
5192 7 0 46 0.8 71 1 81 0.6 
5362 12 0.3 23 0.7 25 0.4 35 0 40 0.8 44 1 46 0.5 82 0.5 94 0 
5503 1 0.7 26 0 27 0 57 0.7 66 0.9 73 0.7 87 0 
5537 57 0.8 
5593 14 0.8 41 0.5 59 0.3 67 0.6 72 1 77 0.7 
5738 3 0.7 5 0.9 24 0.8 46 0.7 48 0.4 52 0 56 0.3 66 1 86 0.8 89 1 
5831 23 0.9 98 0.6 
5880 6 0 35 0.8 48 0.5 50 0.9 97 0.5 
5960 3 0 11 0 13 0 25 0.4 29 0.9 41 0.8 53 0.9 62 0 84 0 90 0 
5985 21 0.4 26 0.3 31 1 51 0.4 56 0 66 0.7 67 0.7 82 0 86 0.6 97 0.4 
6037 8 0.4 12 1 53 0.3 72 0 73 0.7 74 0.6 76 0 
6195 6 0 10 1 15 0.9 34 0.9 44 0 51 0.5 59 0.6 75 0 
6306 0 0.7 49 1 97 0.5 
6316 48 0 49 0.9 55 0 
6428 7 0.6 30 0.7 38 0 43 0.4 50 0.4 64 0.3 89 0 
6455 49 0 75 0 99 0.9 
6486 54 0.4 82 0 
6674 8 0.9 15 1 18 0 22 0.9 26 0.4 31 0.8 62 0 81 0 92 0.5 
6862 19 0.4 46 1 75 0 90 1 94 0.6 
7193 76 1 77 1 98 0.8 
7231 19 0.5 30 0 50 0 62 0 
7297 7 0.3 68 0.4 71 0 92 0 95 0.5 
7339 26 1 43 0.8 
7396 2 0.9 9 0.5 13 0.4 25 0.6 77 0.8 80 0.6 87 0 89 0.8 
7452 27 0.6 34 0 46 1 48 0.7 49 0.4 50 0.6 59 0.3 68 0.6 72 0.5 
7624 15 0.3 16 0 32 0.7 48 0.7 64 0 65 0.6 70 0 71 0 84 0 
7912 14 0.9 22 1 26 0.5 37 0.9 40 0.9 59 0.9 69 0 86 0.5 
8008 36 0.4 71 0 
8285 28 0.5 64 0 70 0 73 0 90 0.3 
8287 29 0.6 42 0 
8353 21 0.9 52 1 74 1 77 0 
8375 14 0 18 1 29 0 31 0 52 0.7 56 0.4 66 0.5 68 0 99 0.4 
8538 81 0.7 
8631 7 0.6 17 0 30 0.4 62 0.7 72 0.4 76 0 
9032 6 0.5 29 1 35 0.6 
9210 10 0.5 25 0 47 0.5 60 0.9 66 0.6 86 0.7 
9292 11 0.5 12 0.7 18 0.6 22 0.8 38 0.7 57 0.8 80 1 86 1 90 0 
9369 61 0.9 79 0 83 0 
9747 1 0.9 23 0 99 0.3 
9816 20 0.6 21 0 33 0.3 53 0.8 57 1 60 0.6 78 0.4 84 0.4 
9835 27 0.9 51 0 52 0.8 55 0 80 0 87 0 
