100
211 4 0.4 11 0.4 14 0.8 23 0.6 27 0.4 30 0.3 37 0 88 0.5 97 0 
270 71 0.4 
349 14 0.6 37 0.5 45 0 47 0 51 0.8 66 0.5 69 0.8 72 0 81 0.5 99 0.6 
415 2 0.6 4 0.8 5 0.9 29 0.3 59 0.3 
446 5 0 64 0 69 0.7 83 0.7 
505 25 0 33 0.5 45 0 54 0.9 80 0 
589 1 0.6 18 0.8 28 0.8 30 1 35 0.9 44 0.8 49 0 97 0.6 
607 8 0.3 15 0 31 0.8 40 0.3 68 0 89 0 90 0.4 92 0.9 93 0.5 98 0.7 
667 27 1 85 0.3 
709 8 0.7 95 0.6 
757 4 0.7 28 0 48 0.5 91 0.9 
906 0 0.5 6 0.4 30 0 34 0 35 0 37 0.7 39 0.4 66 0.9 67 0.7 81 1 
972 8 0 12 0 24 0.7 37 0.9 47 1 48 0.9 61 0.7 83 0.9 84 0.7 85 0 
1126 17 0 20 0.8 
1443 19 0 31 0.5 37 0.4 47 0.8 68 0.9 
1572 10 0 41 0 61 0 63 0 64 0.9 
1579 0 0.9 2 0.9 4 1 46 0 
1601 42 0 48 0.5 57 0.5 
1736 1 1 4 1 7 0.6 9 0.7 18 0.5 25 0.9 30 0 40 0.3 72 0 97 0 
2035 47 1 58 0 79 0.5 
2122 97 1 
2171 22 0.4 42 0.6 53 0.6 68 0 
2230 3 0.3 56 0 99 1 
2244 9 1 29 0.8 40 1 68 0.4 76 0.4 91 0.7 92 0 
2273 1 0.4 22 0 26 0.6 27 0 28 1 58 0 67 0.3 72 0 81 1 88 0.8 
2359 5 0.5 46 0.6 85 0 88 1 96 0.6 
2392 11 0 20 0.5 
2420 23 0.4 47 0.5 48 0 61 0 67 0.6 77 0.7 78 0.6 79 0 99 0 
2432 1 0.5 19 1 21 0.9 24 1 41 0.8 44 0.3 47 0 49 0.4 76 0.9 98 0.7 
2551 29 1 32 0 47 0.8 85 0.3 87 0 96 0.6 
2595 11 0.5 35 0 49 0 
2622 9 0.3 49 0 68 0.6 
2719 72 0 80 0.3 83 0 97 1 
2730 29 0.3 53 0.3 
2829 7 0.5 
2856 5 0.7 16 0 23 0.9 29 0.4 63 0.8 69 0.8 84 0 91 0 94 0 
2906 11 0.4 14 0.4 15 1 66 0 80 1 91 0.7 94 1 
3086 16 0 22 1 46 0.5 59 0.8 82 0.9 83 0 
3194 78 1 96 0.3 
3196 16 1 25 1 29 0.8 36 0 82 1 85 0 91 0.3 
3527 18 1 
3630 80 0 91 0 
3649 19 0.5 27 0 35 0.9 41 0.4 54 0 60 0.8 66 0 73 0.3 85 0.8 90 0 
3829 54 0 62 0.8 80 0 90 0.7 97 0.9 
3865 11 0 43 1 59 0 66 1 67 1 68 0.9 73 0.8 
4294 1 0 14 0.3 29 0.6 34 0 79 0.9 90 0.3 
4468 9 1 92 0 99 0.9 
4909 18 0.7 20 0.7 27 0 34 0.7 
4915 61 0.4 
5091 64 0 85 0.3 
5232 17 0.7 20 0.9 27 0.8 36 0.5 53 0.7 62 0.3 85 0.9 87 0.6 
5411 13 0.6 14 0.8 76 0.5 79 0.6 81 0 
5412 42 0.9 
5590 10 0.4 12 0.5 14 0.4 27 1 36 0 39 1 70 0.4 79 0.4 86 0.4 98 0.5 
5617 4 0.6 7 0.3 22 0.8 52 0.6 60 0.3 63 1 
5822 11 0.8 46 0 69 0.6 85 0 99 0.3 
6019 19 0.6 22 0 40 0.6 51 0.6 59 0 68 0.4 87 0.8 
6027 3 0.6 6 0.4 47 0.9 52 0.8 99 0.9 
6182 3 0.7 5 0.3 24 0.3 54 0.3 
6246 59 0 
6284 0 1 26 0.9 32 0 67 0.6 87 1 
6383 9 0 14 0.4 18 0.4 24 0 30 0.5 38 0.6 53 0 54 0 72 0 91 1 
6492 8 0 
6506 2 0.9 7 0 12 0 16 1 26 0.5 45 0.9 53 1 80 0.4 
6733 86 0.9 
6888 64 0.9 
7047 28 0 34 0.9 58 0 67 0.8 81 0.7 85 1 89 0.9 91 0.5 
7233 3 0.9 22 0.5 
7345 80 0 
7507 17 1 22 0.3 27 0 64 0.4 67 0 74 0.9 78 0.4 89 0 97 0.9 
7595 94 0.8 95 1 
7739 14 0 28 0 41 0.4 68 0 70 1 90 0 
7858 21 0.3 28 1 38 0.3 42 0 46 0.4 64 0.7 90 0 
7894 1 0.9 38 0.7 46 0.5 48 0 49 0.6 66 0 67 0 85 0.8 99 0.6 
7962 59 0 
8071 42 0.3 44 0.5 65 0.8 
8126 8 1 17 0.3 45 0.5 48 0 58 0.5 70 0 73 0 79 0 87 0.3 95 0.9 
8127 9 0.9 25 0.9 27 0.6 37 0 62 0.3 65 0.9 66 0.8 78 0 87 0.3 
8160 24 0 39 0.7 83 0.3 84 0 86 1 
8188 7 0.7 38 1 46 0.4 58 0.7 59 0 75 0.9 
8377 17 0.7 29 0.9 46 0.4 84 0 99 0 
8631 7 1 17 0.3 30 0.4 62 0.9 72 0 76 0.7 
8664 25 0.7 28 0.7 32 0.6 43 0.7 50 0 81 0 84 0.7 92 0.7 95 1 96 0.6 
8676 12 0.9 15 0 41 0.4 
8721 5 0.3 22 0.8 38 0.3 61 0 68 0.4 80 0.3 90 1 91 0.4 96 0.5 
8767 19 0 
8872 65 0.8 
8918 2 0.8 6 0 10 0 17 0.4 19 0.9 40 0.7 64 0.3 79 0.9 89 1 91 0.3 
8958 4 0.3 10 0.6 33 0.4 38 0.4 41 0.6 52 0 61 0.9 77 0.8 
8964 42 0.3 83 0 
9235 2 0 10 0.6 19 0.7 22 0.9 26 0 
9241 9 0 30 0.7 35 0.8 37 0.8 63 0 67 0.4 87 1 95 0 
9263 2 0 24 0.7 48 1 78 0.8 
9338 17 0.5 
9502 22 0.9 50 1 56 0.8 62 0.8 65 0.3 71 0.6 77 0.3 82 0.8 97 0.7 99 0.3 
9547 64 0 86 0 
9607 15 0 
9763 56 0 89 0.3 
9771 10 0.4 69 0.9 77 0.6 85 0 89 0.6 98 0 
9856 15 1 35 0.8 53 0.8 
