100
354 8 0.4 78 0 82 0.9 83 0.3 85 0.7 99 0.6 
385 38 0.4 
435 84 0 90 0.8 
440 1 0.6 7 0 8 0.8 17 0.4 35 0.9 39 0.9 55 0.5 72 0.6 73 0.9 77 0.7 
451 4 0.8 29 0.9 30 0.6 34 0 35 1 39 0.4 43 0.5 92 0.3 
552 22 0 28 0.9 55 0 
622 2 0.3 21 1 28 0.4 43 0.4 60 0 92 0 96 0.5 
634 16 1 25 0.5 29 1 31 0.3 37 1 44 0 51 0.5 
671 0 0.9 7 0.9 22 0.3 23 0.9 25 0.5 78 0.4 86 0.9 
779 36 0.4 
804 9 0 14 0 17 0.9 25 0 74 0.5 98 0.7 
869 23 1 60 0.4 93 0.8 
896 3 0.8 8 0.9 16 1 54 0.3 62 0 73 0.6 82 0.6 86 0 87 0.8 89 0.3 
1159 59 0.4 96 0.8 97 0.8 
1178 23 0.8 96 0 
1191 25 0.4 
1249 50 0.6 52 0 
1256 9 1 11 0 20 0 22 0 25 0.3 51 0 66 0.4 
1321 5 0 11 0.4 18 0 34 0.6 42 1 54 0 60 0 67 0.5 69 0 79 0.5 
1619 13 0 20 0.9 22 0.4 23 1 57 0.6 72 0 77 0.6 93 0.3 95 1 
1652 73 0.5 87 0.3 
1730 16 0 52 0.7 94 0 
1813 19 0.8 26 0.8 51 0 
1853 65 0.8 87 0 
1884 51 0 57 0.3 63 1 65 0.5 69 0.4 74 0 77 0 78 0 89 0.4 93 0 
2081 6 0.6 9 1 39 0.5 64 0 69 0.7 92 0 
2268 17 0 41 0 68 0.4 76 0.5 
2287 3 0.7 9 0 15 0.8 71 0.5 
2360 2 0.7 7 0 18 0 52 0.9 71 0 74 0 85 0.3 94 0.8 
2486 39 0 50 0.4 69 0 70 0.9 71 0.8 
2678 75 0 
2681 4 0.3 40 0.7 50 0.6 60 0.4 68 0.8 89 0 97 0.9 
2842 6 0 14 0.4 31 0 55 0.3 69 0.9 70 0.5 81 0.9 
2933 19 0.8 84 0.9 96 0.6 
2940 6 0.9 15 0.5 35 0.8 65 0 74 0 79 0.9 80 1 89 0.4 92 0 
3414 1 0.5 9 0.6 25 0.8 28 0.9 36 0 56 0.7 69 0.8 86 0.9 
3659 94 1 
3672 81 1 82 0.3 91 0.8 92 1 
3856 23 1 29 0.6 32 0 55 0.6 66 0.3 
3863 25 0 45 0.3 
3917 36 0.9 40 0.4 45 0.5 53 0 
4064 29 0 49 0.9 54 1 59 1 67 1 91 0 97 0.7 
4081 57 0.4 68 0 
4116 8 0 16 0.7 70 0.7 77 0.8 
4207 0 0 1 0.6 28 0.9 38 0 43 0.9 63 0.8 71 0.8 77 0.3 80 1 99 1 
4230 3 0.7 5 0.5 16 0 26 0.8 45 0.7 54 0.8 55 0.6 65 0.8 77 0.3 78 0.7 
4514 59 0.5 61 0.4 62 0.4 64 0.4 74 0.3 88 0.8 96 0.6 
4541 7 0.8 10 0 56 1 75 0.3 92 0.8 
4725 8 1 26 0 64 0 68 0 72 1 81 0.3 91 0 
4766 0 0.3 2 0 4 0 25 0.6 52 0.5 53 0.7 54 0 60 0.7 80 0 84 0.7 
4813 16 0.7 28 0 49 0.4 
4853 25 0.3 51 0.8 90 0.4 
5241 13 0.3 34 0.4 41 0.5 
5274 9 0.5 29 0.5 31 0.3 32 0.3 47 0 57 0.6 80 0 
5300 4 0.8 27 0 28 1 32 1 42 0.5 69 0 85 0 90 1 95 0.8 98 0.8 
5584 4 0.9 11 0.4 13 0 28 0.6 43 0.3 68 0 76 0.4 86 0.7 97 1 
5605 6 0 8 0 44 0.9 87 0.6 88 0.8 89 0.4 
5772 3 1 15 0 38 0.4 87 0.6 89 0 
5897 6 0.9 28 0 36 0.7 60 0 68 0.9 69 0.5 72 0.5 73 0 75 0.9 92 0.3 
5990 2 0.6 13 0 35 0.4 58 0.5 67 0.7 72 1 75 0.5 
6003 68 0.6 
6013 19 0.4 46 1 54 0.8 74 0 96 0 97 0.7 
6019 19 0.5 22 0.6 40 1 51 1 59 1 68 0 87 0.6 
6111 13 0.7 19 0.8 23 0.5 55 0.9 61 0.3 74 0.6 
6123 43 1 51 0.8 85 0.3 
6213 0 0.6 33 0.9 
6277 2 1 20 0.7 21 0.7 50 0.9 52 1 54 0.6 57 0 75 0.6 
6369 54 0.5 
6435 0 0.3 8 1 24 0.7 47 0.4 48 0.5 63 0.5 73 0 75 0.9 89 0.7 98 0.9 
6667 10 1 17 0 31 0.4 34 0 40 0 43 0.9 48 0 59 0.7 61 0.4 96 0.3 
6670 9 0.4 12 0 
6773 10 0.5 35 0.5 62 0.6 63 1 68 0.3 72 1 79 0 80 0 88 0.4 
6873 7 0 
6908 9 1 30 0 57 0 
6949 33 0.6 80 0 82 0 94 0.6 
7056 17 0.6 21 0.3 24 0.4 27 0.9 33 1 45 1 46 0.6 48 0 58 0.4 64 0.3 
7168 2 0 7 0 17 0.8 39 0.8 68 0.4 85 0.8 
7213 29 0.8 32 0 44 0.4 67 0.6 96 0.5 
7270 1 0.6 7 0 21 0 41 0.3 61 0.3 65 0.3 74 0.5 94 0.7 
7330 46 0 
7741 10 0.7 45 0.5 61 0.6 92 0 
7770 29 0 63 0 83 0.6 94 0.7 97 0.4 
7820 14 0.3 28 0 30 0 43 0 51 0 58 0.8 68 0.3 71 0 
7855 47 0.3 
7862 1 0 2 0.8 6 0.6 13 0 58 0.8 61 0.8 91 0.5 93 0.6 
8157 1 0 7 1 
8190 8 0.6 18 0.6 33 0.7 43 0 45 0.7 73 0.6 93 0.3 
8241 27 0.4 37 0 76 0.7 77 1 91 0.6 
8359 19 0.6 27 0 28 0.3 35 0 56 0.4 64 0 74 1 90 0.5 
8432 52 0.5 
8548 18 0.4 20 0 22 0.8 38 0 43 0.3 59 0.5 66 0.6 80 0.8 90 0.8 92 0.6 
8622 0 0.3 11 0.9 14 0 21 0.3 51 0.5 85 0.9 92 0.5 95 0 
8673 14 0.8 54 0 69 0 88 0.5 
8774 9 0 18 0 74 0 89 0.8 
8898 27 0 
9218 8 0 9 0.5 33 0 40 0.5 47 0 49 0.3 86 0 96 0.7 98 0 
9232 8 0.5 19 0.7 61 0.4 
9702 11 0.3 18 0.4 43 0.7 78 0 
9848 1 1 11 0.5 14 0.8 32 0.8 33 0.6 53 0.4 62 0.7 94 0.7 
9862 9 0.4 45 0.5 73 0 
