100
10 29 0.5 85 0.4 
169 10 0.5 54 0 69 0 
279 22 0.8 27 0.5 37 0.5 62 0.6 67 0.5 73 0 
301 5 0.7 
526 0 0.6 11 1 18 0.5 32 0.4 50 0.3 54 0.6 74 0.7 92 0.3 93 0.8 96 0.9 
561 6 1 7 0.4 60 1 65 0 77 0 95 0.3 
641 10 0.7 20 0.5 21 0.8 37 0.7 46 0 64 0.6 72 0.5 75 0 76 0 97 0.5 
825 54 0.5 80 0.3 97 0.9 
977 0 0.8 6 1 8 0.6 75 0.5 77 0.9 
992 3 0.7 12 0 44 0.6 56 0.7 63 0.3 73 0.3 75 0 90 0.9 97 0 98 0.6 
1041 9 0.6 44 0.8 68 0 74 0.8 90 1 99 0 
1124 3 1 4 0 35 0.5 43 0.7 54 0 65 0.7 72 0 81 0.9 84 1 85 0 
1175 0 0.9 9 0 14 0.8 18 0.8 30 0.7 51 0 80 1 82 0.8 
1195 3 1 5 1 25 0 26 0 29 0.6 39 0.5 74 0.9 78 0.8 86 1 90 0.7 
1252 6 0 90 0 
1278 8 0.7 55 0 
1328 2 0 7 0 13 0.4 36 0.4 38 1 40 0.5 55 0 63 0.9 71 0.6 91 0.4 
1461 35 0.7 37 0 41 0.9 45 1 58 0 75 0 77 0.5 
1750 9 0.4 37 0.9 44 0.8 45 0.9 47 0 61 1 70 0 73 0 77 0 86 0.7 
1782 1 0.7 2 0.7 43 0.7 53 0.4 54 0 65 0 71 0 85 0.4 99 0.5 
1873 14 1 24 0.7 27 0.8 34 0.4 59 0.5 
1910 2 0.4 7 0.7 28 0.5 56 0.8 62 0.8 76 0.6 86 0 92 0.9 
2064 55 0.5 75 0 90 0.4 93 0.3 94 0 
2086 12 1 16 0 25 0.9 31 0.7 73 0.8 89 0.7 98 0 
2151 6 0.3 25 1 45 0 51 0.6 63 0 82 0.3 
2187 15 0 
2281 11 0.3 19 0.4 
2318 3 0.5 25 0 26 0.4 38 0.8 44 0.3 51 0 73 0.6 79 1 90 0.4 
2426 4 0.5 11 0.3 45 0.4 46 0.8 62 1 67 0.3 
2429 1 0.5 10 0.6 12 0.7 16 0.8 19 1 21 0.4 88 0 92 0.9 94 0.6 
2443 5 0.3 19 1 22 0 23 0.9 55 0 66 0.7 76 0 78 1 86 0 
2493 3 0.4 4 0.4 8 0.9 11 0.4 17 0 38 0.9 39 0.4 47 0.6 79 0.5 84 0.6 
2742 0 0 5 0.8 24 0.3 75 0 
2752 14 0.3 33 0.9 40 0.7 61 0.5 63 0 66 1 
2809 90 0 
2814 13 0.9 38 0.8 39 0.8 47 0.5 69 0.3 75 0 91 0.3 
2972 27 0.3 92 1 
3030 6 0.5 16 0.7 19 1 30 0.3 32 0.7 66 0.9 68 0.6 82 0.6 88 0 97 0 
3371 60 0.3 86 0.6 98 0.8 
3471 27 0.8 
3548 4 0 26 0.8 39 0 59 0.4 96 0.9 
3986 9 0.4 23 0.9 26 1 78 0.6 84 0.9 
4047 4 0.6 9 0.7 15 0 25 0.8 33 0.9 68 0 70 0 79 0.5 86 0.6 87 0.6 
4258 1 0.8 21 0.9 74 0.5 
4501 12 0.9 65 0.3 
4615 5 0 17 0 29 0.6 41 0 64 1 69 0.7 74 0 91 0.6 94 0.4 98 0 
4901 3 0.5 16 1 31 0.4 82 0.5 
4987 23 0 25 0 83 0.4 
4995 13 0.4 23 0.8 57 0.9 59 0 61 0.4 71 0.9 92 0.5 95 1 99 0.7 
5002 22 0 58 1 
5008 42 0.9 43 0.6 58 0.9 59 0.3 66 0.8 68 0.6 71 0 72 0.8 74 0.8 
5040 92 0.4 
5080 3 0 10 0.5 14 0 30 0.3 39 0.5 40 0.3 46 0.8 50 0 63 0.7 
5108 8 0.7 49 0.3 65 0 69 0.9 70 0.4 71 0.9 89 0.7 94 0.8 96 0.6 
5490 13 0.4 34 0.4 35 0 49 0.5 50 0.3 56 0.8 57 0.6 
5857 90 0.8 
5877 97 0.5 
6186 48 0.9 
6216 4 0 11 0 17 0.6 27 0 29 0.3 48 0.6 56 0 
6367 32 0.9 56 0.9 68 0.4 78 0 87 0.8 
6487 5 0.9 9 0.3 30 0 34 0.5 35 0.3 61 0.6 91 0.5 
6541 85 0 
6685 12 0.4 80 0.6 88 0.9 91 0.4 
6912 77 0.4 
6916 54 0 55 0.5 86 0.3 89 0.8 
6964 1 0.9 24 0.6 
7041 4 0 7 0.6 9 0.4 32 0 38 0.8 45 0.3 53 0.9 83 0 88 0.9 
7147 11 0.3 20 0.4 24 0.8 25 1 30 0.9 41 0.4 68 0.9 74 0.3 89 0 
7174 2 0.8 13 0.4 16 0 28 0 38 1 40 0.3 76 0.5 90 0 96 0 97 0.6 
7197 8 1 22 0.4 24 0.9 43 0 57 0.9 68 0.6 70 0.6 79 0 80 0.6 
7255 1 0.4 13 0.5 19 0 23 1 68 0 89 0 91 0.4 92 0 
7365 19 0.6 26 0.7 44 0.6 45 0.6 78 0 
7450 11 0.4 21 0 
7666 4 1 12 0.5 57 0.8 
7743 14 0.7 18 0.7 19 0.7 28 0.6 57 0.9 82 0 83 0.9 86 1 
7820 14 0 28 0.6 30 0 43 0.5 51 0.5 58 0.8 68 0.4 71 0 
7822 2 0.5 33 0 42 0 64 0.9 
8103 97 0 
8118 19 0.9 26 0.9 37 0 38 0 66 0.5 73 0.8 
8360 14 0.5 20 0.8 26 0.4 31 0 33 0 36 0.9 64 0.7 82 0.7 
8447 5 0 11 0.3 19 0 42 0.9 48 0.4 91 0.6 
8498 2 1 3 0.9 51 0.4 70 0.4 91 1 93 0.3 
8516 2 0.6 4 0.5 13 0.3 57 1 77 1 82 0.7 96 0.8 
8733 28 0.8 41 0 52 0.9 60 0 65 0.5 82 0.3 94 0 
8805 19 0 79 0.6 96 1 
8808 15 0.9 
8913 39 0.8 52 0.8 71 0.5 88 0.3 
8975 1 0.7 23 0.7 24 0.6 30 0.6 38 0.7 77 0.6 84 0.4 94 0.9 99 0 
8996 19 0 21 0 22 0.4 25 0.8 26 0 50 0 56 0 68 0.4 93 0.7 
9021 58 0.5 68 0.5 
9027 84 0.9 98 1 
9237 3 0.8 5 0.3 11 0.5 13 0.6 29 0.8 34 0.5 63 0 83 0 92 0 97 0.5 
9239 4 0.9 23 0.6 24 0.5 38 0 54 0.8 75 0.7 83 0 98 0 
9283 39 0 68 0.4 90 0.8 92 1 97 0.8 
9342 11 0 80 0.7 
9348 5 0.9 16 0.8 17 0 22 0.3 26 0 45 1 75 0 84 0.5 
9404 24 0.7 55 0.9 70 1 
9494 7 0.3 20 0.5 41 0.7 51 0.7 68 0 
9569 4 0.3 13 0.6 25 0.7 50 0.5 74 0 88 0.8 
9763 56 1 89 0.5 
