100
174 15 0.7 20 0.7 52 0.7 54 1 55 0 64 0.7 72 0.4 81 0 91 0.3 94 0.6 
189 4 0.8 89 0.4 
295 12 0.4 41 0 48 0.8 
378 74 0 85 0.7 88 0.3 90 0 
498 5 1 7 0 17 0 31 0 55 0.9 75 0.3 79 0.9 
516 6 0.4 13 0 25 0.3 61 0 66 0 77 0 
523 25 0 60 0.6 
619 17 0 49 0.3 56 0.8 65 0 96 0.7 
630 11 0.6 21 0.4 29 0 40 0.9 52 0.9 82 0 86 0.9 95 0.6 
785 3 0.6 14 0.6 41 0.7 69 0 
853 8 0.6 31 0.7 
859 4 0 22 0.9 75 0.5 76 0.3 
903 3 0.6 20 0.9 67 0 86 0.5 91 0.3 93 0.8 
977 0 0 6 0.5 8 0.3 75 0.3 77 0.7 
988 16 0 21 0.3 48 0.4 54 0.3 74 0.7 84 0.6 
1014 27 0.3 64 0.4 
1090 15 0.4 85 0 
1262 31 0.8 38 1 41 0.5 
1323 0 0.9 20 0.4 52 0 83 0.4 94 0.3 
1337 25 0.4 
1345 0 0 2 0 7 1 11 0 15 1 21 0.5 23 0.3 50 0.6 62 0.7 95 0.3 
1452 2 0.5 5 0.8 19 0 25 0 32 0.6 61 0.5 64 0.9 82 0.9 
1507 1 0 8 0.3 12 0.6 17 0.3 25 1 49 0 
1586 12 0.8 15 0.7 18 0.8 24 0.8 50 0.8 87 0 88 0.4 
1705 12 0.3 55 0.4 
1722 1 0.8 13 0.5 15 0 29 0.7 39 0.7 50 0.8 65 0.4 73 0.4 75 0.7 88 0 
1757 54 0.9 71 0.4 
1768 7 0 12 0 14 0.3 33 0 46 0 52 1 74 0.6 88 0.3 96 0.3 
1855 12 0 16 1 63 0.4 68 0.5 79 0.4 
1891 11 0.8 20 0.9 26 0.3 74 0.8 
2065 11 0 29 0.5 48 0 
2127 28 0.4 31 0.6 33 0.4 36 0.9 40 0.3 53 0.9 54 0 72 1 86 0.9 
2199 17 0.5 19 1 26 0 39 1 47 0 67 0.6 70 0 76 0.7 87 1 
2261 18 0.4 35 0.4 43 0 45 0.6 81 0 
2303 0 0.3 1 0.6 6 0 9 0 28 0.5 68 0.9 88 0.5 
2395 0 0.7 17 0.9 20 0.5 94 0.8 
2402 0 0.9 14 0 20 0.8 30 0.3 39 0.8 75 0.3 92 0.7 99 0.6 
2418 5 0.3 16 1 25 0 39 0 43 0.8 49 0.8 54 0.6 83 0.6 85 0.9 98 0 
2429 1 0 10 0.8 12 0 16 0 19 0.3 21 0.7 88 0.6 92 1 94 0.7 
2443 5 0 19 0 22 0 23 0.3 55 0.4 66 0.7 76 0.3 78 0 86 0.5 
2444 5 0 10 0 66 0.9 75 0.6 77 0.8 83 0.3 88 0.7 92 0.9 
2541 0 0.6 38 0 39 0.9 45 0.6 53 0 94 0.4 
2741 86 0.6 
2779 6 0.4 17 0 30 0.5 63 0.9 89 0.5 95 0 
2828 2 0.4 5 0 15 0 22 0.5 23 0.4 27 0.9 64 0.8 91 0.6 97 0.5 
2882 20 0.4 26 0.4 39 0 50 0.5 57 0.5 73 0.7 92 0 96 0.6 
2932 10 0 22 0.4 25 0.5 33 0.8 53 0 71 0.8 87 0.9 
2938 1 0.6 17 0.6 20 0.3 21 0 59 0.3 73 0 80 1 94 0.7 
3178 64 0.8 84 0.5 
3522 2 0.9 15 0.7 28 1 31 0.8 54 0 61 0.9 66 0.3 68 0.6 93 0.3 
3558 4 0.4 13 0.6 73 0.9 76 1 95 0.9 
3610 94 0.8 
3655 7 0.7 13 0.4 27 1 34 0.6 72 0.3 76 0.5 86 0 92 0.4 
3667 32 0.5 97 0 
3898 1 0.6 53 0.8 57 1 
3906 6 0.7 9 0 10 1 23 0.7 28 0.6 32 0.4 33 1 43 0 66 0 76 0.7 
3958 39 0 90 0 
3982 24 0.6 61 0 74 0.6 75 0.3 
4097 4 0.8 61 0.4 77 0 90 1 97 0.3 
4230 3 0 5 0 16 0.4 26 0 45 0 54 0.4 55 0 65 1 77 1 78 0 
4438 4 0.3 22 0 29 0.9 43 0.9 55 0 69 0 
4475 23 0.8 30 0.8 
4645 7 0 15 0.6 36 0 37 1 65 1 76 0.7 90 1 97 0.4 
4665 32 0.3 35 0.8 38 0.6 70 0.3 85 0.3 
4830 14 0.8 15 0.4 27 0.5 33 0.7 41 0.4 45 0.8 54 0.4 60 0.8 66 0.9 99 0.7 
4861 16 0 47 1 65 0.6 67 0.5 95 0 
5131 2 0 11 0 25 0 30 0.5 33 0.5 37 0.6 44 0 91 0 
5268 29 0.8 81 0.7 
5411 13 1 14 0.3 76 0.5 79 0.9 81 0.8 
6005 5 0.8 
6047 35 0.7 37 0 84 0 
6072 8 0 26 0 44 0 45 0 68 0.4 71 0 73 0.7 86 0.8 97 0 
6266 6 0.3 24 0 33 0 53 0.6 66 0.3 72 0.3 80 0.8 83 0.4 
6374 0 1 1 0 7 0.4 11 0.3 23 0.8 55 0.5 58 0.9 72 0.3 78 0.3 
6454 92 0 
6535 49 0.3 67 0.3 
6543 0 0.6 1 0.3 4 0.9 19 0.6 29 0 81 0.6 89 0.6 
6546 3 0.5 5 0 88 0.7 
6655 12 0.4 20 0 95 0 
6911 6 0 70 0.4 96 0 
7050 28 1 54 0.3 86 0.7 
7178 9 0.5 40 0.6 57 0 88 0.6 
7179 46 0.3 71 0.9 89 0.5 
7369 44 0.6 50 0.4 78 0.8 82 0.6 85 0.4 92 0 95 0 99 1 
7585 26 0.6 47 0.6 72 0 83 0.9 92 0.8 
7764 16 0.7 17 0.6 41 0 45 0 53 0 91 0.4 
7968 14 0.4 28 0 32 0 41 0 46 0.4 49 0.3 84 1 
8120 5 1 6 0.8 26 0 36 0.6 72 0.4 74 1 79 0.4 80 0.5 
8322 30 0.5 74 0.9 
8402 4 0 
8434 5 0.7 36 0.8 39 0.8 52 0 54 0.8 64 0.5 
8492 10 0.8 19 0 30 0.6 34 0.3 46 0.5 57 1 80 0.9 83 0.8 84 0.7 93 0.6 
8567 5 0.4 12 0.9 28 0.7 37 0.7 66 0.9 68 0.5 77 0.3 87 0 89 0 96 0.5 
8620 7 0.9 15 0.9 23 0.5 30 0.5 47 0.9 72 0 98 0.4 99 0 
8638 47 0.5 68 0.6 71 0.7 84 0.9 91 0.9 92 0.8 
8658 35 0.5 62 0.6 
8768 12 0.9 54 0 55 0.5 71 0 
8832 36 1 65 0 
9316 3 0.8 5 0.6 9 0.7 10 0.9 29 0 55 0.9 67 0.8 82 1 99 0 
9535 25 0.7 
