100
113 9 0.3 37 0.6 54 0.3 73 0.4 74 0 75 0 
182 9 0 52 0 54 0.5 64 0.5 92 0.7 96 0.4 
213 1 0 
582 20 0.7 28 0 31 0 49 0.4 66 0.6 67 0.6 69 0.4 75 0 88 0.7 97 0.3 
587 10 0.6 29 0.9 31 0.4 37 1 50 0.3 58 0.5 80 0.7 
729 28 0.3 40 0.5 45 0.5 
767 10 0.9 38 0 
885 53 0 75 0.4 82 0.5 
908 26 0 46 0.9 68 0.6 
933 22 1 90 0 
1059 1 0 11 0.5 15 0 24 0 64 0.7 80 0.4 
1203 2 0.7 4 0.5 8 0.9 27 0.3 44 0.6 46 0.6 50 0 62 0.3 95 0.5 97 1 
1332 5 0.6 15 0 25 0.7 39 1 66 0.7 76 0 94 0 95 0.8 
1413 2 0.8 11 0.5 28 0.5 44 0 72 1 83 0 88 0.9 97 0 
1458 13 1 26 0 49 0.8 61 0.7 77 0.7 87 0.5 
1525 22 0.6 63 1 97 1 
1553 10 0 23 0 63 0 66 0 78 0.6 
1796 20 0 45 0 54 0.5 72 1 91 0.8 98 0.4 
1843 6 0.9 10 0 12 0.6 19 1 31 0 44 0 46 0.5 48 0.6 74 0.3 93 0 
1861 15 0.7 
1942 15 0 20 0.3 39 0.6 61 0.6 62 0.3 65 0.6 79 0.6 
1985 5 0.8 16 1 43 0.5 49 0.4 67 0.6 98 0.9 
2092 11 0 15 0.7 39 0.9 51 0 67 0 70 0.5 
2164 2 1 30 0.3 59 0.8 69 0.8 70 0 73 0 91 0.7 98 0.3 
2307 31 0.7 
2325 19 0.6 26 0 38 0.8 60 0.9 72 0.4 80 0.8 83 0.3 88 0.7 96 0.9 
2403 16 0 
2456 18 0 50 0 89 1 
2464 7 0.4 
2589 94 0.6 
2641 31 0.9 38 0.7 44 0 61 0.9 71 0 
2687 0 0.3 27 0 34 0.8 66 0 
2742 0 0 5 0 24 0.5 75 0.3 
2765 22 0 26 0.6 27 0.6 32 0.7 35 0 45 1 69 0 85 0 91 0.7 
2796 7 0.6 24 0.9 33 0.5 35 0.9 36 0.3 42 0 44 0.4 63 0.5 66 0 76 0.3 
2815 13 0.6 17 0.6 69 0.4 98 1 
2973 23 0.7 31 0.7 38 0.3 49 0.3 
2974 17 0.3 92 0.7 
3146 15 1 36 0 40 0.3 92 0.6 
3160 32 0.6 48 0.8 58 0 65 0 
3295 4 0.7 26 0.9 29 0.4 37 0.4 45 0 48 0.7 54 0 72 0.6 83 0.5 
3371 60 0.8 86 0.4 98 0.7 
3440 17 0.6 64 0 
3539 20 0.9 
3610 94 0 
3747 2 0.3 25 0 47 0.4 71 0.6 86 0.4 
3775 12 0 21 0.7 32 0 65 0 87 0 89 0.5 90 0 96 0 
4224 38 0.6 
4285 0 0.8 5 0.5 15 0.7 17 0.3 43 0 72 0.8 78 0 
4361 10 0.3 39 0 45 0.8 47 0.3 92 0.9 96 0.3 
4586 1 0 5 1 26 0 86 0.3 87 0.9 
4593 19 0 22 0 57 0 72 0 78 1 
4738 2 0.4 5 0.6 6 0.6 7 0.3 12 0 33 0.5 56 0.8 85 0.8 
4749 3 0.7 9 0 33 0.9 34 0.5 40 0.3 55 0.6 66 0.9 78 0.6 90 0.9 96 1 
4893 0 0.3 12 0 38 0 62 1 73 0.6 98 0 
4914 8 0.9 78 0.3 88 0.7 
4936 20 0.7 24 0 29 0.9 41 0 45 0 59 0 60 0 75 0.9 
4986 16 0.9 30 0.6 46 1 55 0.5 95 0 
5353 17 0.5 20 0 33 0 39 0 
5387 48 0.6 62 0.7 66 0.4 92 0.3 
5495 10 0 20 0.5 53 0.5 74 0.9 97 0.7 
5636 6 0.7 20 0 28 0.7 44 0.9 68 0.8 87 0.5 88 0 94 0.7 
5847 34 0.6 42 1 70 0.8 
5963 16 0.9 47 0 53 0.4 55 0.3 57 0 66 0.4 
6000 6 0.8 7 0.7 10 0 22 0.7 51 0.5 66 0.6 82 0.3 85 0.5 96 0.6 
6036 41 0.7 87 1 
6178 12 0 18 0.3 34 0.7 37 0.4 53 0.6 62 0.7 93 0 96 0 
6250 11 0 23 0.7 42 1 61 0 75 0.6 83 0 89 0 91 0 97 0.6 
6384 4 0 15 0.6 46 0 99 1 
6888 64 0 
7049 19 0.9 33 0.4 54 0.9 62 0 74 1 88 0 
7212 9 0.3 16 0.7 26 0.3 50 0 55 1 67 0.5 69 0.6 76 0.6 83 0 95 0.9 
7436 55 0.3 
7509 2 0.4 12 0.6 39 0.7 43 0.6 78 0.7 
7525 40 0 54 0.5 
7676 34 0 50 0.6 53 0.5 55 0.6 63 0 64 0.3 81 0.4 83 0.3 89 0.5 90 0.5 
7709 36 0 
7807 6 1 23 0.9 52 0 70 0.3 95 0.6 
7964 19 0 48 0.7 62 0.7 70 0.9 92 0 98 0.8 
8170 14 0.9 22 0.4 57 0.8 61 0.6 
8196 3 0.7 15 0 45 0.9 
8348 0 0.6 8 0 15 0.9 22 0.4 33 0.7 63 0.4 77 0.8 83 0 97 0.6 
8361 89 0.6 
8404 7 0.3 10 0 13 0.6 22 1 53 0.5 71 0.7 81 0.6 82 1 
8452 1 0.7 47 0.6 66 1 78 0.6 82 0.3 86 0.6 
8456 1 0 10 0 19 0 22 0 32 0 77 0.8 78 0 
8500 9 0.7 11 0.6 58 0.8 59 0.4 60 0.3 62 0.7 93 0 
8503 9 0.4 12 0.9 15 0.9 22 0.9 33 0.5 41 0.9 55 0.4 56 0.5 81 0.9 95 0.3 
8632 6 0.7 17 0.8 27 0.3 49 0.3 69 0 79 0.3 96 0 98 0.6 
8681 36 0.3 47 1 
9102 21 0.8 
9209 64 0 83 0 
9286 50 0.9 
9317 60 0.6 62 0.3 68 0.3 97 0 99 0.4 
9473 46 0 49 0.5 52 0.6 72 0 90 0.6 
9578 6 0 12 0 13 0 46 0 58 0 66 0.6 80 0.4 95 0.5 
9659 29 1 40 0.3 59 0.6 76 0 78 0.3 
9686 3 0.5 62 0.6 
9914 19 0.6 42 0.5 43 0.6 46 0 52 0.6 54 0.8 62 0 67 0 70 0.5 78 0.5 
9950 28 0.8 50 0.8 97 0.3 
