100
5 18 0.7 43 0 57 0.5 83 0.7 95 0.8 96 1 98 0.3 
32 1 0.7 10 0 13 0 14 1 23 0 41 0.5 50 0.7 66 0 
48 3 0.9 29 0.4 42 0.8 71 0.3 76 0.4 78 0 85 0.3 91 0.6 
114 1 1 21 0.6 28 0.9 35 0.5 48 0.6 
142 23 0 63 0.8 69 0.5 
278 40 0 68 0 
423 24 0.4 25 0.9 
431 43 0.8 
472 9 0 14 0.5 25 0.7 40 0 
570 22 0 25 0 53 0 63 0.4 64 0.5 86 0.6 
575 53 1 62 0 92 0.6 
655 0 0 2 1 4 0 28 0.7 40 0.8 44 0 81 0 89 0 
667 27 0.6 85 1 
678 7 0 10 0.9 24 0 26 0 43 0.8 44 0.7 49 0.5 86 0.4 92 1 
769 61 0 98 0.4 
770 2 0 15 0.5 23 0.3 71 0.4 86 0.6 
827 32 0.3 87 0.7 88 0 89 0.6 94 1 
841 5 0 61 0.5 99 0.4 
861 6 0.6 17 0 21 0.7 65 0.4 76 0.4 84 0 87 0.4 93 1 97 0 
1005 1 0.6 22 0.8 29 0 31 0 44 0 51 0 58 0.5 66 0.4 74 0.9 90 0.4 
1010 6 0.4 7 0 18 0 24 1 26 0 29 0.5 45 1 50 0.7 62 0.5 
1018 11 0.5 15 1 31 0 52 0.8 68 0.9 80 0.8 81 0 88 0.6 90 0.9 91 0.9 
1063 37 0.6 41 0.5 51 1 73 0 84 0.8 
1256 9 0.6 11 0 20 0.9 22 0.3 25 0 51 0.7 66 0.4 
1403 8 0.7 16 0.7 22 0.4 23 0 36 0 54 0 57 0.4 67 0 77 0.9 
1783 16 0 18 0.9 32 0.3 47 0 77 0 81 0.8 93 1 
1864 67 0.3 
1883 5 1 7 0.3 13 0 14 1 45 0.9 46 0.9 61 0.6 69 0.4 72 0.4 
2092 11 0 15 0.9 39 0 51 0.4 67 0.9 70 0 
2187 15 0.4 
2289 5 0.3 83 0.8 
2428 0 1 1 0.4 14 0.7 19 0.7 36 0.5 49 0.9 61 0.3 68 0.8 94 0.4 97 0 
2462 6 0 7 0.7 17 0.6 19 0.5 46 0 57 0.7 65 0.3 69 0.5 78 0.8 86 0.3 
2689 15 0.4 31 0.3 49 0.6 63 0.6 66 0.8 78 0 80 0.8 89 0.5 91 0 
2748 12 1 
2895 90 0.3 
3015 7 0.6 36 0.7 53 0.7 63 0.5 64 1 70 0.8 71 0.8 96 0.6 
3077 6 0.4 
3219 1 0 14 0.3 15 0.6 36 0.3 37 0.9 48 0.3 56 1 77 0.7 79 0.7 
3293 0 0.9 20 0 22 0.4 23 0 36 0 41 0.6 60 0.8 62 1 97 0.8 99 0 
3306 1 0.6 20 0 27 0.3 31 0.5 45 1 54 0.6 60 0.6 81 0 86 0.7 
3597 1 0.6 
3636 30 0.8 40 0.3 42 0.7 46 0 50 0 77 1 80 1 85 0.8 90 0.6 
3856 23 1 29 0 32 0.6 55 0.9 66 0.3 
3880 0 0.6 33 0 56 0 60 0 85 0.3 93 1 95 0 
3885 0 0.4 3 0.7 26 0.6 67 0 77 0.7 99 0.5 
4347 4 0 19 0.5 21 0 27 0 40 0.9 44 0.6 53 0.7 77 0.3 85 0 
4491 53 0 
4660 12 0.6 59 0.5 78 0 94 0.4 
4718 11 0.7 15 0.8 55 0.5 64 0.8 74 1 86 1 93 1 98 0 
4824 9 0.6 43 0.4 47 0.4 62 0 73 0.3 83 0.7 
4834 1 0 9 0.8 20 0.4 28 1 31 1 48 0.7 50 0 74 0 78 0 88 0 
4897 0 0.8 26 0.4 53 0.6 63 0.6 70 0.5 82 1 89 0.7 90 1 
5054 10 0 52 0.3 56 0 69 0.3 
5058 59 0 85 0.8 86 0 
5168 18 0.9 
5191 42 0 94 0.5 
5206 13 1 39 0 46 0.8 48 0 56 0 96 0.3 
5457 0 0.3 7 0 38 0.7 51 0 63 0.9 65 0.9 70 1 84 0.3 88 0.4 
5802 23 0.5 94 0 
5898 9 0 35 1 44 0 47 0.5 64 0.7 65 0.7 
6065 18 0.5 25 0 26 0.4 62 0 72 0 80 0 86 1 97 0.9 
6158 11 0.9 55 0.5 64 0.8 75 0.8 90 0.8 91 0.9 
6162 5 0.7 7 0.3 16 0.6 24 0.9 39 0.9 55 0.7 85 0.8 89 0 
6260 61 0.5 
6388 32 0.4 42 0.6 59 0.3 67 0.9 
6409 39 0.8 57 1 58 0.9 69 0 70 0 89 1 
6421 20 0 40 0.5 71 0.6 74 0 
6425 2 1 40 0 69 0.7 87 0.9 96 0 
6485 13 0.7 54 0 60 1 62 1 87 0.3 
6565 5 0.9 12 1 40 0.5 47 0.7 74 0.3 
6622 4 0 49 0.7 52 0 73 0 
6626 19 0.3 20 0.4 37 0.9 42 0.6 68 0 71 0.9 93 0.5 94 0.3 
6648 2 0 7 0 40 0.6 41 0.9 64 0.8 75 0 77 0.5 99 0 
6926 5 0.7 8 0.7 53 0.7 72 0.4 82 0.7 97 0.6 
6971 15 0.4 23 0.8 
7014 20 1 29 0.4 52 0.4 63 0.6 69 0.6 70 0.9 73 0.6 76 0.6 80 0.4 96 1 
7020 8 1 13 1 23 0.8 47 0.8 53 0.8 58 0.8 64 0 
7096 10 0 26 0.7 38 0 44 0.4 49 0.5 54 0.4 90 0 91 0.4 
7119 29 0 35 0 38 0 61 0 
7287 12 0.6 18 0 26 0.9 34 0 37 0.6 72 0.9 88 1 
7400 26 0 27 0.6 59 0.3 73 0 85 0.7 89 0.6 
7508 1 0.4 2 0.5 7 0.3 10 0.8 13 0.3 53 0 64 0 75 0.9 
7518 24 0.3 45 0 52 0.9 60 0.3 70 0.4 
7920 9 0 31 0.4 35 0 57 0 62 0.6 
7926 23 0 31 0.5 38 0 39 0.7 53 0 74 0.3 
7942 2 0.4 61 1 85 1 93 0.5 
7983 15 0 23 0.8 38 0.7 41 0 72 0.3 79 0 95 1 
7987 86 0.9 
8469 11 0.6 
8707 51 0.7 
8740 13 0.5 14 1 16 0.9 22 1 24 0 26 0.9 37 0 46 0 72 0.7 90 0.3 
8984 51 0.9 64 1 98 0 
9358 15 0.3 17 0.8 34 1 46 0 49 0.6 56 0 61 0.9 75 0.6 
9670 16 1 31 0.3 44 0.8 55 0 78 0.5 90 0 
9720 42 0 48 1 84 0 
9741 6 0.4 30 0.6 33 0 36 0.4 40 0 
9774 4 0 5 0 9 0.5 19 0.6 26 0.3 39 0.5 68 0.7 81 0.6 99 0.4 
9803 22 0.3 27 0.6 51 0 67 0.8 74 1 85 0.7 
9945 6 0 22 0.6 26 0 43 1 75 0.7 
