100
23 4 0.5 11 0 19 0.8 57 0.6 61 0.3 65 0.8 74 0 86 0.9 
30 8 1 16 0 18 0.6 20 0.7 30 0.9 53 0 64 0 79 0.3 84 0.4 
93 2 0.3 4 0.3 22 0.5 25 0 48 0 49 0 62 0 89 0 
276 2 0.7 5 0.4 19 0.7 20 0.8 36 0 43 0 46 0.6 55 0.5 78 0.3 97 1 
282 0 0.3 10 0 58 0.5 61 0.8 83 0.4 92 0 96 0.5 99 0 
446 5 0.8 64 1 69 0 83 0 
634 16 0.6 25 0.7 29 0.8 31 0.6 37 1 44 0.5 51 0.7 
645 2 0 9 0.5 14 0 28 0.8 93 0 
787 13 0.4 35 0 37 0.4 94 1 95 1 
883 5 0.6 15 0.6 16 0.4 22 0.8 25 0 31 0.4 68 0.7 72 0 94 0 
895 0 0.3 7 0 12 0.4 46 0 91 0.6 
1027 0 0.4 6 1 
1043 1 0.8 15 0.8 39 0.8 58 0.8 
1078 0 0.8 99 0.5 
1220 53 0.4 
1236 7 1 38 1 79 0.8 
1295 35 0.3 36 0 50 0 71 0 83 0.8 88 0.5 89 0 94 0 
1390 71 0.4 
1391 31 0.8 78 0.6 
1572 10 0.4 41 0.7 61 0.3 63 0.9 64 0.8 
1589 6 0.4 11 0.9 20 0.5 35 0.3 39 0.7 88 0 89 0.9 99 0.5 
1627 48 1 69 0 70 0 76 0 84 0.6 89 0.4 90 0 
1731 14 0.8 57 0 88 0 
1759 0 1 3 0.8 6 0.4 9 0 10 0.9 17 1 56 0 72 0 79 0 82 0 
1801 30 0.6 34 0 42 0.9 44 0 52 0.5 53 0 73 0.8 80 0 
1842 9 1 10 0 37 0.8 51 0.3 55 0 58 0.5 67 1 72 0 94 0.9 98 0.8 
2026 1 0.3 11 0.4 20 0.3 33 0.3 56 0.7 71 0 89 0.9 95 0 
2122 97 0 
2126 2 0.7 7 1 36 0 44 0 54 0.8 56 0.7 82 0.4 88 0.3 
2148 13 0 31 0.5 36 0 66 0 
2164 2 0.5 30 0 59 0.4 69 0.8 70 0.4 73 0.5 91 0.4 98 0 
2248 8 0.3 22 0.3 23 0.4 25 0 31 1 69 0.6 75 0.3 79 0.7 
2295 2 0.7 15 0 56 0.7 89 0.3 
2331 12 0.7 17 0.6 23 0 52 0 54 0 59 0 85 0 86 0.5 95 0.4 
2467 48 0.8 
2509 11 0.5 15 0.5 31 0.8 52 0.7 96 0.9 98 0.3 
2512 40 0.3 60 0.9 70 0.9 
2593 21 0 53 0.3 67 0.9 
2781 2 0 57 0.9 62 0.4 66 0.5 87 0.9 91 0.8 92 0.6 96 0 
2808 89 0.5 
3044 42 0.9 44 0.3 52 0.4 56 0.8 60 0.3 71 0.7 78 1 
3111 2 1 16 0 28 0 30 0.9 50 0.7 69 0.6 72 0.6 82 0 92 0.5 
3117 16 0.9 21 0.7 23 1 31 0.5 36 0.6 42 0.3 45 0.5 54 0 98 0 
3358 5 1 13 1 14 0.3 48 0.4 61 0.6 63 1 89 0 96 0 
3588 37 0.3 50 1 77 0.7 
3597 1 0 
3719 49 0.3 78 0.7 
3853 5 0 66 0.5 68 0.7 74 0 83 0 96 0 
3901 8 0.9 9 0 10 0.8 22 0.8 31 0 46 0.8 50 0.8 61 0 75 0 78 0 
4130 7 0.3 18 0.8 20 1 23 0.9 27 0 29 0.3 38 1 74 1 95 0.9 
4175 0 0.7 8 0.5 23 0 25 0.9 49 0.9 71 0.5 73 0.4 76 0.4 85 0.4 87 0.4 
4257 17 0 19 0 54 0.4 69 0.3 85 0.8 
4430 15 0.6 25 0 33 0.6 50 0.6 57 0.9 68 0.3 72 0 77 1 79 0 93 0.9 
4603 5 0.9 40 0.8 69 0.4 
4641 3 0.9 25 0.5 38 1 45 0 59 0.7 61 0.6 69 1 70 0 80 0.9 84 0.5 
4643 1 0.5 6 0.7 14 0.8 20 0.6 23 0.4 53 0.8 66 0.6 
5180 2 1 8 0 18 1 
5334 13 0.7 25 0.6 27 0.7 37 0 42 0.6 51 0.3 94 0 
5359 8 0 14 0.9 21 0 25 0.9 29 0 38 0.8 98 0.9 
5429 8 0.3 17 0.6 27 0.3 33 0.4 56 0.8 76 1 78 0 95 0 
5501 8 0.3 31 0 48 0.6 65 0 72 0.6 81 1 82 0.9 85 0.7 92 1 98 0.5 
5545 8 0.3 37 0.3 51 1 54 0.5 60 0.6 64 0 
5593 14 0.7 41 0.3 59 0 67 0.4 72 0 77 0 
5890 3 0.3 14 0.9 
6080 17 0.5 20 0.6 47 0.9 51 0 81 0.3 
6215 3 0.9 8 0 21 0.6 27 0.7 38 0.5 45 0.7 61 0 67 0 93 0.3 
6248 22 0.7 30 1 37 0.5 49 0.9 56 0.5 64 0.7 71 0 73 0.9 82 0.6 94 0.5 
6442 51 0.9 79 0 82 0.3 87 0 95 0.3 96 0 
6681 27 0 
6767 20 0.5 24 0.4 27 0.6 36 0.6 49 0.5 
6768 2 0.9 28 0 66 0 69 1 78 0.5 83 0.7 86 0.9 
6790 4 0 12 0 25 0.7 59 0.9 74 0.5 87 0.8 91 0.5 99 0 
6797 2 0.8 20 0.3 36 0.7 37 0 42 0.6 56 0.4 80 0.6 85 0.4 88 0.5 94 0.8 
7137 5 0.8 9 0.4 13 0.8 19 1 47 0.5 54 0.8 80 1 
7209 5 0.9 6 0.7 25 0 62 0.6 67 0.9 87 0 
7243 46 1 50 0 58 0 
7409 16 0.3 61 1 62 0 65 0.8 97 0.8 
7566 4 0.9 7 0 26 0.9 52 0.9 72 0.5 
7570 4 0.6 23 0.7 26 0.5 27 0.8 39 0 
7584 5 0.6 67 0 89 0.8 91 0.6 
7597 15 0 19 0.4 25 0.4 57 0.8 73 0 
7599 11 0.7 41 1 50 0.9 54 0 62 0.3 63 0.7 64 0.6 69 0.9 90 0.6 98 0.7 
7801 44 0.6 70 1 71 0.6 99 0.4 
7917 20 0.6 21 0.3 26 0.6 33 0 43 0.3 57 0 62 0.5 72 0.7 90 1 
7948 8 0.6 69 0.6 
7966 1 0 27 0.5 47 0.7 53 1 57 0.9 63 0.3 67 0.4 72 0.9 83 0 87 0 
8009 1 1 16 0 34 1 35 0 70 0.3 72 0.6 99 0.4 
8032 0 0 3 0.8 5 0 14 0 16 1 32 0.5 39 0 46 0.3 83 0.3 91 0.7 
8113 69 0.8 
8347 3 0.5 8 0 16 0.5 20 0 46 0.6 49 0.4 90 0 93 0.9 94 0.9 
8549 0 0.9 2 0 14 1 16 0.7 27 0 51 0 67 0.3 72 0.3 83 0.4 
8734 10 0.4 18 0.4 26 0 40 0.7 71 1 73 1 83 1 85 0.6 87 0.3 
8816 14 0.3 36 0.4 45 0.9 
8829 23 0.8 37 1 45 0 78 0.8 85 0.5 96 1 
8832 36 0.7 65 0 
9251 1 0 15 0.6 17 0.8 50 0 55 1 62 0.3 64 0.6 65 0.8 97 0.6 99 0.4 
9258 14 0.6 39 0.9 59 0 
9345 12 0.7 22 0.8 30 0.5 31 0.4 35 1 50 0 58 0 85 0.9 97 0.4 
9720 42 0.6 48 0.3 84 1 
9844 21 0.8 25 0 27 0 34 0.6 46 0.5 51 1 76 0.7 
