100
74 19 0.3 45 0.6 52 0 56 0 85 0.5 
108 28 0.6 
142 23 1 63 0 69 0.6 
282 0 0 10 0.9 58 0.9 61 1 83 0 92 0.4 96 0 99 0.6 
452 47 0.9 50 0.6 64 0 
640 10 0 64 0.6 71 0.8 
924 59 0.6 65 0.6 83 0 99 0.8 
1292 27 0.3 42 0.8 57 0 62 0.5 82 0.8 
1367 3 1 21 0.8 34 0.6 48 0 52 0 64 1 67 0.8 85 0.5 86 0.6 
1390 71 0.8 
1486 57 0.6 
1539 39 0.8 50 1 59 0.5 
1579 0 0.9 2 0.7 4 0.5 46 1 
1611 27 0.3 85 0.7 
1740 17 0.6 22 0.4 27 0.6 32 0 54 0.6 60 0.5 73 0.8 
1961 25 1 40 0.3 63 0.4 66 0.7 
1967 65 0.9 
1979 2 0.5 40 1 52 0 57 0.6 62 0.9 86 0 88 0.3 99 0.6 
2031 7 0.9 14 1 23 0.5 44 0 64 1 69 0.8 
2068 7 0.8 29 0.5 65 1 68 0.6 78 0.3 81 0.6 84 0.5 88 0 
2099 16 0.7 48 0 55 0 57 0.8 74 0.5 90 0.6 
2217 4 0.6 18 0.6 27 0.8 42 1 43 0.5 56 0 79 0 81 0.9 91 0 
2505 29 0.8 43 0 63 0.6 70 0.7 
2655 51 1 66 0 
2861 2 0 12 0.7 26 0.3 31 0 49 0.6 68 0 71 0.3 73 0.5 
3019 14 0 16 0.5 27 0.7 35 0.3 37 0.8 39 0 60 0.3 62 1 74 0.5 81 0 
3336 38 0 89 0.3 
3418 8 0.7 13 0.3 15 0.7 17 0 19 0.8 37 0.8 49 0.7 77 0.9 94 0.7 
3436 73 0.8 81 0.7 82 0 
3484 25 0.3 30 0.7 37 0.9 63 0.4 
3641 53 0.5 60 0 
3727 18 1 43 0.3 51 0 59 0.6 73 0 99 0 
3828 2 0.3 33 0.8 81 0 
3935 18 0.7 83 0 86 0.9 
3958 39 0 90 0.7 
4086 9 0.6 10 0.5 17 0.9 36 0.7 79 0.6 
4098 31 0.3 42 0.7 95 0.7 
4168 23 0.6 25 0.4 40 0.8 45 0.7 52 1 55 0.7 56 0 98 0 
4219 22 0.3 28 0 29 0.7 63 0 
4259 23 0.4 61 0.4 81 0.7 94 0 95 0 
4426 20 0.7 
4467 64 0.9 79 0.3 89 0.7 
4620 19 0.3 36 0.6 45 0.3 51 0 53 0.6 55 0.5 
4664 9 0.7 15 0.8 70 0.3 95 0.5 
4751 25 0.8 
5296 7 0.9 17 0.3 29 0.3 96 0.4 98 0.4 
5418 4 0.5 48 0.7 68 0.3 
5526 18 0.5 42 0.9 46 0.8 64 0.8 72 0 77 0 99 0.4 
5633 17 0.7 64 0.5 72 0 81 0.9 86 0 
5638 43 0.6 58 0.3 59 0.6 83 0.4 
5658 96 0 
5678 29 0.3 71 0.3 74 0 
5699 39 0.8 
5968 3 1 
6071 6 0 33 1 62 0 65 0 80 0.8 85 0.9 89 0.9 91 0 
6157 13 0 22 0.3 47 0 52 0.8 68 0.6 71 0.9 75 0 76 0.5 79 1 83 0.5 
6361 58 0.6 61 0.9 
6402 11 0.7 33 0.7 39 0 46 1 61 1 65 0.8 66 0.8 74 0.5 94 0.5 
6615 3 0.5 25 1 28 0 48 0.9 58 0.3 65 0.4 66 0 84 0.7 91 0.4 
6652 0 0.8 8 0.3 13 0.6 28 0.7 37 0.8 68 0 90 0.9 
6732 3 0.9 16 0 21 0.9 32 0.4 50 0.4 65 0.8 92 0 
6835 2 0.9 7 0.8 27 0.3 39 0 41 0.4 47 0.5 80 0.5 84 0 85 0.5 88 0.6 
7016 54 0.8 74 0 84 0 
7150 13 0.5 16 0.7 24 0.6 28 0.7 32 0.5 34 0 47 0.4 62 0.5 70 0.7 
7386 2 0 60 0 73 0.5 85 0.7 92 0 
7392 9 0.5 12 0 20 0 29 0 39 0 52 0 78 0.4 80 0.6 91 0 
7424 13 0 28 0 82 0.9 
7490 19 1 22 0.5 24 0.6 28 0.3 58 0 64 0 82 1 83 0 86 1 
7612 1 0.7 8 0 17 0 34 0.3 53 1 
7645 2 0.4 4 0.8 9 0 17 0.8 19 0.8 44 1 88 0.6 
7673 44 0.6 94 0.7 
7726 0 0.8 24 0.9 
7787 50 0.9 66 0.3 83 0 
7883 9 1 16 0.5 27 0 43 0.3 73 0 
8147 2 0.6 30 1 65 0 80 0.9 
8178 31 0.7 39 0 62 0 65 0 69 0 
8193 7 0 10 0 22 0.5 27 0.9 45 0.7 54 0.5 74 0.5 84 1 97 0.7 
8248 23 0.4 25 0.6 33 0.3 38 0.9 39 0.8 52 0 61 0 62 0.3 68 0 69 0 
8296 5 0 10 0 15 0 33 0 43 0.6 87 0.5 94 0.4 96 0 98 0 
8435 37 0 75 0 
8488 14 0.4 
8510 41 0 51 0.3 54 0 59 0.3 89 0 91 0.6 95 0.7 
8689 0 0.5 9 0.6 43 0.4 44 0 52 0 62 0.8 73 0.6 78 0.3 93 0.3 97 0.4 
8705 19 0.6 26 0.3 32 0 96 0.5 98 0 
8930 69 0.4 86 0.9 
8973 24 0.7 59 0.5 64 0.3 73 0.3 79 1 98 0 
9059 4 0 62 1 70 0.5 
9092 1 0.7 5 0.4 33 0 49 0.8 50 0.6 63 0 71 0.9 
9150 6 0.5 9 0.5 43 0.9 44 0.9 46 0.5 82 0.8 88 0.4 97 1 98 0.6 99 0.9 
9158 1 0 10 0 16 0.9 18 0.3 39 0.8 56 0.8 59 0.3 77 0 85 0 
9179 3 0.3 4 0.7 37 0.8 61 0.9 86 0.3 
9191 37 0 42 0 59 0.7 74 0.8 80 0 
9634 8 0 9 0 26 0.3 35 0.9 44 0.3 58 0 59 0 82 0.5 94 0.4 
9667 8 0 30 0.9 35 0.5 39 0.7 52 0.5 53 0 78 0 79 0.5 
9681 56 0.4 90 0.5 
9784 3 0 10 0.8 12 0.9 23 0.6 49 0 50 0.3 62 0 83 0.9 86 0.6 98 0.6 
9825 0 0 3 0.5 22 0.8 67 0.8 75 0.4 82 0.5 86 0.8 
9878 4 0 8 1 15 0 16 1 25 0 37 0.6 54 0.6 95 0.3 
9973 18 0.5 23 0.6 58 0.4 
9987 40 0 
