100
63 0 0.3 8 0.7 17 0.7 20 0.3 49 0.7 73 0 95 1 97 0.7 
98 55 0.5 61 0.4 63 0.8 74 0 94 0.6 97 0.4 
105 29 0.9 36 0 55 0 56 0.5 78 0.3 81 0.6 82 0 87 1 92 0.6 95 0.4 
205 25 0.5 
283 1 0.4 28 0.4 54 0.4 84 0.9 87 0 
293 1 0.4 16 0.8 41 0.3 47 0.3 59 0 81 0.5 91 0.7 93 0.4 95 0 
388 3 0.7 23 0.7 24 0.4 32 0 73 0 78 0 81 0.7 89 0.7 96 0.9 
452 47 0.6 50 0.4 64 0.3 
462 4 0 11 0.3 28 0.5 35 0.5 47 0 63 0 87 0.9 
551 5 0.5 7 0 11 0 15 1 24 0.5 26 0.4 29 0.3 55 0.3 64 1 76 0.5 
579 28 1 68 1 95 0.7 
764 7 0.8 20 0.7 32 0 57 0.3 72 0.4 81 0.5 
899 42 1 95 1 
1033 21 0.8 44 0.7 50 0.5 86 0 
1062 2 0.7 29 0.7 
1180 9 0.9 37 0.5 75 0.7 80 0.5 
1233 28 0.8 90 0.9 
1267 0 0 18 0 29 0 34 0.7 57 1 63 0 88 0 
1270 32 1 37 0.5 55 0.8 86 0.5 96 0 
1341 0 0.9 10 0.4 40 0.9 55 0 64 0.5 72 0 73 0.3 96 0.9 
1645 32 0.6 
1724 12 0.4 37 0.6 41 0.9 68 0.6 71 0.6 
1749 27 0.9 41 0.4 
1783 16 0 18 0 32 0 47 0 77 0.8 81 0.7 93 0.6 
1852 3 0.9 6 0.7 7 0.6 42 0 86 0.7 
1938 12 0.3 19 0.5 46 0.6 56 0.3 62 0 75 0 82 0.8 90 0.8 
2012 2 0.6 7 0.5 8 0.5 25 0.9 28 1 58 0 63 0.6 89 0.5 
2088 6 0 12 0.4 21 0.7 28 0 31 0.8 44 0.4 61 0.3 73 0.8 
2107 5 0.9 16 0.5 29 0 37 0.5 53 0 55 0.6 70 0.9 75 0.9 
2109 51 0.3 86 0 88 1 
2222 1 0.6 12 0.9 54 0.8 57 0.4 66 0 76 0.4 82 0.7 85 0.7 99 0 
2429 1 1 10 0.3 12 0.3 16 0.6 19 0 21 1 88 1 92 0.7 94 0 
2862 6 0 55 0.3 64 0.6 
2880 3 0 8 0 39 0 42 0.6 87 0.6 
2937 24 0.7 28 0.4 30 0.3 42 1 61 0.7 63 0.4 65 1 68 0.7 93 0 94 0.4 
2954 9 0.8 51 0.6 59 0.8 
3212 14 0.6 21 0.9 35 0.9 36 0 76 0.4 87 0.5 
3297 51 0.3 67 0.3 72 0.7 
3468 1 0.3 70 0.7 73 0.5 
3620 30 0.6 38 0 66 0 
3662 18 0 40 0.6 54 1 63 0 
3939 24 0 35 0 47 1 51 0 67 1 
3943 30 0.3 35 0 91 0.4 
4082 2 0.8 7 0.4 18 0.6 21 0.4 31 0.6 34 0 54 0 
4211 24 0 35 1 38 0.9 39 0.5 51 1 58 0 70 0.7 87 0.9 95 0.6 
4262 56 0.3 70 0.9 
4291 24 0.5 
4393 4 0.9 5 0.7 36 0.9 40 0.6 
4398 18 0 21 0.6 33 0 75 0.8 85 0.8 96 0.8 
4415 20 0.6 45 0.7 77 0 80 0 89 0 92 0.5 
4431 43 0.9 72 0.8 73 0 78 0 85 0.4 90 0.3 
4555 11 0.3 46 0 54 0 64 0.8 66 1 68 1 74 0.9 94 1 
5074 64 0.8 66 0.5 71 0.3 72 0 77 0.4 90 0 99 0.4 
5270 31 0.5 
5329 5 0.7 14 1 28 0 56 0 81 0.3 96 0.9 97 0.7 99 0.5 
5423 10 0 
5634 16 0.5 41 0.7 45 0 58 0 75 0.3 82 0.7 83 0.3 97 0.5 
5781 8 0.4 19 0.6 36 0 40 0 47 0.9 62 0.7 64 0.3 66 0.7 82 0.3 
5785 11 0.9 33 0.3 48 0 83 0.7 84 0.8 88 0.4 
5912 50 0 53 0.7 67 0 
5930 1 0.9 25 0.5 97 0.6 
5988 1 0 2 0 41 0.9 55 0.7 64 0 65 0 73 0.4 87 0 98 0 
6022 3 0 14 1 19 0.8 78 1 84 0.8 
6037 8 0.9 12 0 53 0.9 72 0 73 0.4 74 1 76 0 
6087 10 0 20 0 22 0.6 49 0.8 52 0.7 53 0.4 66 0 67 0 92 0.9 
6236 45 0 68 0.5 96 0.6 
6315 1 0 2 0.9 7 0 57 1 62 0.6 76 0.3 82 0 88 1 92 0.9 
6326 39 0.5 60 0 82 0 84 0 
6514 5 0 13 0 19 0 25 0.3 42 0 53 0.8 57 0.9 70 0 77 1 
6890 8 0.7 22 0.6 23 0 43 0.8 61 0.9 68 0 97 0 
6951 10 0.3 16 0.6 37 0.3 46 0 64 0.8 69 0.5 
6958 0 0.3 17 1 25 0.6 33 0.9 59 0.7 61 0 64 0.5 85 0.4 
7377 8 0.5 23 0.4 28 0.4 37 0.8 
7427 18 0.3 21 0 
7655 18 0.8 29 0 32 1 49 0 78 0 
7764 16 0 17 0 41 0 45 0.3 53 0.3 91 1 
7787 50 0.7 66 0.9 83 0.9 
7792 10 0 23 0.8 38 0.9 46 0.8 49 0 64 0 65 0 76 0.3 77 0.3 
7809 5 0.6 15 0.8 50 0.6 70 0.5 
7896 16 0 19 0.4 35 0.7 45 0.9 51 0 74 0.3 75 0 87 0.9 96 0.3 
7930 4 0 19 0.7 38 0 67 0.3 83 1 84 1 87 0 91 0 96 0.6 
7970 4 0 9 0.7 33 0.7 65 0.6 70 0.6 76 1 83 0.8 89 0.4 91 1 92 0.8 
7980 52 0.9 53 0.8 66 1 67 0.4 
8009 1 0.8 16 0.9 34 0.9 35 0 70 0 72 0.4 99 0.9 
8503 9 0.8 12 0.8 15 0.3 22 0.8 33 0.9 41 0.4 55 0.9 56 0.7 81 0.9 95 0 
8657 0 0.5 26 0.9 40 0 42 0 49 0.4 70 0.4 85 0.4 89 0.7 
8754 18 0 27 0 32 0 33 0 57 1 72 0.7 
8822 32 0.5 43 0 90 0.3 
8951 27 1 39 0.4 41 0.7 49 0.4 50 0.6 65 0.4 88 0.8 93 1 
8974 7 0.4 8 0.4 19 0.7 29 1 49 1 53 0.3 54 0.7 68 0.4 82 1 94 0.7 
9126 3 0.6 11 0.7 21 0 49 0.6 55 0 58 0.5 68 0.4 89 0 
9242 15 0.7 18 0.9 32 0 
9328 45 0.4 47 0 57 0.4 67 0 89 0 96 0.4 
9458 11 0.6 19 1 22 0.6 42 0 43 0 54 0 66 0.7 
9461 0 0.8 8 0.3 41 1 52 0.8 62 0.5 72 0 84 0 92 1 95 0.9 
9527 0 0.7 31 0 36 0.8 40 0.8 42 0.7 96 0 
9668 2 0 5 0.3 29 0.9 35 0.4 64 0.8 65 0 74 0.4 89 0.8 91 0 
9689 7 1 18 0 27 1 36 0.7 42 0.4 54 0.8 61 0 67 1 85 0.7 86 0.8 
9992 52 0.3 81 0 
9997 12 0.5 17 0 34 0.5 53 0 54 0 97 0.7 
