100
59 18 0.4 20 0.8 47 0 53 0.7 56 0.7 64 0.4 81 0 86 0.9 96 0.7 99 0 
119 0 0 1 0 28 0.8 36 0 41 0 42 1 61 0.5 73 0 
223 30 0 
275 5 0 10 0.4 19 0.6 28 0.4 31 0 43 0.3 90 0.8 
309 7 0.7 20 0.4 23 0.5 37 0.6 48 0.7 61 0.3 64 0.4 69 0.3 91 0.4 
522 11 0.3 34 0.3 53 0.7 67 0 
584 0 0 5 0.8 15 0.9 49 0.3 93 0.7 
649 0 0 4 0.3 13 0.8 25 0 38 0.5 46 0.5 69 0.9 70 0.3 74 1 
1014 27 1 64 0 
1351 4 0.7 9 0.6 34 0.6 40 0.7 50 0 65 0.5 74 0.5 78 0 99 0.4 
1385 33 1 93 0.9 
1435 11 0 16 0 44 0.8 69 0.3 70 0 94 0 
1729 11 0.3 34 0.5 55 0.4 63 0 71 0.8 81 0 
1735 35 0.4 36 0.8 38 0.8 56 0.8 60 0.6 83 0.7 97 0.9 
1818 4 0 58 0.6 98 0 
2058 3 0.3 9 0 14 0 15 0.3 18 1 24 0.4 26 0.4 34 0.4 48 0.6 58 0.3 
2215 61 0.4 
2235 7 0 31 0 76 0.9 
2278 0 0 3 0.5 21 0 27 0 57 1 78 0.9 82 0.9 
2457 9 0.6 44 0 87 1 
2489 5 0.4 14 1 22 0.9 31 0.8 34 0.4 63 0 88 0.9 95 0 
2516 1 0 70 0.6 84 0.3 90 0.7 
2520 8 0 13 0.9 40 0 69 0.5 75 0.4 82 0.5 83 0.5 86 1 91 0 
2726 19 0.5 46 0.5 57 0.6 82 0 
2731 94 0 
2732 4 1 57 0.4 
2751 15 1 16 1 20 0 28 0.8 43 0.3 55 0.9 63 0 65 0.6 67 0.6 76 0.5 
2797 14 0.6 79 0.6 
2811 2 0.7 5 0.8 14 0.3 19 0.7 34 1 55 0.6 56 0.5 79 0 85 0.6 99 1 
2827 12 0 13 0.7 36 0 43 0.3 47 0.8 48 0 70 0.7 71 0.3 86 0.9 87 0.7 
2852 11 0.4 33 1 85 0.6 91 0 
3038 33 0.6 63 0.6 81 0 84 0 
3046 9 0 12 0.9 22 0.7 95 0 
3111 2 0.7 16 0.7 28 0.7 30 0 50 0.6 69 0 72 1 82 0.7 92 0 
3240 9 0.4 52 0.8 60 0 92 1 
3276 11 0.4 19 0.6 33 0.5 37 0.5 42 1 44 0.7 64 0.9 69 0.6 76 0.8 85 0 
3313 6 0 20 0 22 0.5 28 0.5 40 0.7 69 0.4 77 0.8 91 0.7 94 0.9 
3631 80 0.5 
3695 17 0.7 21 0 22 0.5 30 0 46 0 59 0.5 64 0.6 96 1 
3760 23 0.8 64 0 95 1 
3806 18 0.7 40 0.7 87 0.4 88 0.7 90 0 94 0.7 
3831 21 0.6 97 0.4 
3854 5 0 16 0.7 30 0 57 0 65 1 67 0.4 79 0.5 92 0 99 0.8 
3926 7 0.3 34 0.7 36 0.9 58 0.3 62 0.4 67 0 68 0.9 77 0 
3969 10 0.4 22 0.7 27 0.3 64 0.6 76 0.6 79 0.3 80 0.9 87 0.7 93 0.8 97 0.8 
3996 35 0.3 39 0.7 43 0.3 78 0.9 85 0.4 
4195 5 0.9 6 0.7 84 0.3 
4246 7 0.8 12 0.5 63 0 80 0.7 87 0.9 88 0 96 0.7 
4442 11 0 27 0 28 0.9 36 0 37 0.5 45 0 55 0 63 0.6 64 0.4 89 0.7 
4564 1 0.3 81 0.7 99 0.4 
4579 10 0.4 21 0.4 30 0 40 0.9 53 0.7 65 0 77 0 
4639 9 0.3 24 0.6 41 0.9 46 0.6 84 0.9 
4750 6 0 10 0.6 48 0.6 
4818 17 0.7 23 0.5 33 0.8 38 0.8 67 0.8 80 1 88 0.8 
4849 0 0.9 2 0.8 32 0 36 0 48 0 70 0 72 0.3 78 0 
4989 1 0 5 0.5 20 0 23 0.5 37 1 77 0.5 82 0.5 84 0 86 0.4 92 0.3 
5025 21 0.4 35 0.3 39 0 69 0.3 78 0 79 0.6 
5053 21 0 54 0.7 87 0 92 0.3 
5267 21 0.4 41 0 90 0.9 
5305 10 0 40 0.6 51 0.4 52 0.3 77 0.4 91 0.3 99 0.6 
5328 1 0.3 42 0.3 49 0 52 1 86 0.4 
5601 1 1 33 0.8 38 0.7 47 0 52 0 76 0.4 77 0.6 88 0.7 
5750 24 0.7 70 0.9 76 0.8 
5915 0 0 6 0 21 0 22 0.3 24 0.7 27 0.6 46 0.3 67 0 85 1 99 0 
5998 20 0.3 
6000 6 0 7 0.6 10 1 22 0 51 0.3 66 0.3 82 0.8 85 1 96 0 
6106 5 0.8 6 0.8 8 0.5 11 0 16 0.4 22 0.9 74 0 91 0.3 
6186 48 1 
6190 0 0.8 15 0 47 1 54 1 69 1 86 0.8 88 0.7 98 0.6 
6194 18 0.5 19 0.8 32 1 36 0 37 0.3 42 0.6 47 1 66 0.5 74 0.8 94 0 
6469 5 0 18 0.5 20 0.4 21 0 32 0.7 36 0 
6650 0 0.7 17 0 19 0.6 
6666 76 0 
7020 8 0.6 13 0.4 23 0.4 47 0.3 53 0.5 58 0 64 0.9 
7088 13 0.4 76 1 
7094 3 0 5 0.4 15 0.7 40 0.5 41 0 43 0.4 54 0.6 67 0 80 0 86 0.8 
7242 6 0.3 
7732 30 0.3 
7839 4 0 45 0 51 1 52 0 55 0.7 64 0.7 93 0.3 94 0.9 97 0 
7927 25 0.9 
8034 0 0.4 4 0.4 5 0.9 12 0.9 17 0.7 20 0.9 31 0 37 1 40 0.5 57 0.3 
8233 7 0.3 58 0.5 63 0.8 70 0.7 74 0.7 95 0.8 98 0.3 
8392 60 0.7 
8435 37 0.8 75 0.9 
8441 3 0.6 74 0.8 97 0.5 
8485 32 0 42 0 48 0.5 94 0 98 0.3 
8709 5 0 8 0.4 26 0.4 28 1 44 1 82 1 84 0 95 0.5 
8715 35 1 91 0.5 97 0 
8855 24 0.3 
9083 2 0 7 0.7 50 0.8 64 0.4 90 1 
9138 31 0 58 0.3 70 1 
9144 2 1 7 1 42 0.3 48 0.6 74 1 84 0 91 0.9 96 0.3 
9151 7 1 9 0.8 16 0.9 21 0 22 0.3 36 0 45 0 62 0 66 0 
9201 57 0.9 79 0.6 
9245 3 0 23 0 24 0.7 98 0.3 
9691 10 0.4 13 0.9 14 0.5 16 0.3 36 0.3 43 0 52 0.3 85 0.9 87 0.9 
9757 0 0.7 6 0.3 38 0.5 43 0.3 58 1 
9786 3 0 11 0 20 0.7 24 0.3 39 0.8 42 0 74 0 94 0.3 95 0.6 
9839 0 0.9 4 0.6 9 0.7 23 1 49 0 68 0.9 81 1 85 0.4 90 0.7 
9919 9 1 32 0 40 0.6 46 0 76 0.5 87 0.3 
