100
137 0 0.9 3 0 29 0 50 0.4 66 0.5 
176 40 0.3 
208 89 0.9 97 0.4 
445 5 0.4 32 0.9 45 0.4 63 0.7 74 0 76 0.3 97 0 
520 15 0.5 35 0.9 50 0.9 
793 70 0 
876 0 1 2 0 10 0 31 0.7 40 0.6 51 0.5 65 1 71 0.7 83 0.7 
896 3 0 8 0 16 0.5 54 0.3 62 0 73 0.4 82 0.8 86 0.9 87 0 89 0.3 
920 8 0.4 23 0.4 31 0.7 39 0.4 49 0.8 50 0 51 1 57 0.3 66 1 
960 4 0 7 0.9 
1102 8 0.3 90 0.8 
1103 79 0 
1166 5 0.3 13 0 17 0.4 20 0 25 0.9 45 0 49 0.5 59 0 84 0.7 
1338 18 0.9 55 0.8 
1506 1 0.3 
1537 13 0.3 21 0.6 26 0.4 34 0.3 38 0 75 0.5 82 0.6 83 0 87 0.6 94 0.5 
1752 4 0.3 26 0.5 52 0.8 58 0.9 83 1 96 0.9 
1832 10 0.9 29 0.6 41 0.3 43 0 44 0.9 49 0.6 
1845 20 0 42 0.7 72 0 89 0.8 
1951 16 0.8 19 0.8 22 0 24 0 29 0.5 30 0.3 55 1 63 0.6 82 0 
1992 25 0.9 37 0 
1993 17 0.4 39 0.6 53 0.6 65 1 94 0 
2013 16 0.5 58 0.8 64 0 65 0.6 68 0.5 72 0.3 85 0.9 90 0.3 
2249 18 1 
2289 5 0.3 83 0.5 
2412 47 1 77 0 87 0.4 
2448 32 0 77 0.3 90 0.3 92 0 
2609 26 0.8 41 0 43 1 57 0.6 78 1 
2633 1 0 67 0.6 76 0.5 81 0.6 
2647 14 0 23 0 59 0 68 0.4 
2682 3 0.3 18 0.9 19 0 20 0.8 24 0.4 27 0 69 0 76 0.9 90 0.4 
2691 2 0.3 14 0 24 0 34 0 69 0 70 0.5 78 0.4 80 0.9 82 0 93 0.7 
2764 4 0.6 14 0.6 26 0 63 0 70 0.9 90 1 
2796 7 0.7 24 0.7 33 0.9 35 0 36 0.3 42 0 44 0.7 63 0 66 0.9 76 0.8 
3178 64 0 84 0.9 
3331 18 1 53 0.4 76 0.6 
3461 13 0.5 25 0.7 
3604 11 0 82 1 
3605 12 0 17 0.3 21 0.8 56 0 79 0 85 0.7 
3656 1 1 38 0 71 0.5 96 0.9 
3686 12 0.9 13 0 71 1 78 0.4 
3703 3 0.6 10 0.6 22 0.3 27 0 28 0.5 36 1 37 0.9 52 1 64 0.5 68 0.4 
3719 49 0.8 78 0 
3759 20 0 86 0.6 
3898 1 0.6 53 0.5 57 0 
4004 38 0.7 
4093 21 1 30 0 31 0.9 74 0 92 0 
4121 19 0.8 34 0 38 0.4 45 0 66 1 67 0 80 1 87 0.8 
4134 4 1 18 0.4 40 0.8 43 0 54 0 59 0.7 81 0.5 83 1 87 0 90 0.9 
4159 13 0.8 18 0.9 26 0.9 34 0.7 61 0.3 
4216 2 0 49 0.6 50 0.3 59 0 61 0.5 78 0 80 0 86 0.5 93 0.8 
4406 38 0.6 
4457 10 0 23 0.7 42 0.8 62 0.3 
4808 0 0.5 7 0.6 9 0 18 0 21 0.8 23 0.8 55 0.6 91 1 97 0.6 
4974 2 0.5 7 0.7 12 0.3 19 0 22 0 29 0.8 47 0.5 84 0.7 
4975 3 1 
5119 0 0.9 35 0.5 48 0 
5304 2 0.7 13 0.4 14 0.7 52 0.3 65 0.6 66 0.8 78 0.9 82 0.5 86 0.8 94 1 
5539 54 0.3 70 0.3 75 0.6 
5613 52 0.5 
5639 20 0.8 29 0 30 0.3 66 1 72 0.5 
5790 22 0.8 66 0.7 74 0.5 92 0 
6108 56 0.3 73 0 75 0.9 
6116 20 0.4 22 0.8 
6142 22 0.9 25 0.5 26 0 44 0 58 0 68 0 72 0.6 93 0.3 
6394 9 0.7 21 0.7 25 0.9 30 0.7 34 0.3 84 0 
6514 5 1 13 0.7 19 0.3 25 0.7 42 0.8 53 0.5 57 0.4 70 0 77 0 
6658 1 0.5 27 0.9 39 0.4 92 0.7 
6791 0 0 2 0.5 7 0 17 0 19 0 22 0.7 77 0.5 82 0.5 92 0.8 
6878 29 0.9 45 0.6 49 0.7 68 0.6 89 0.5 
6990 13 0.4 17 0 24 0.8 32 0.9 41 0.4 42 0.6 49 0.8 62 1 65 0.3 91 1 
7008 63 0.9 85 0.4 
7138 63 0.4 
7544 4 0 
7647 10 0 97 0.9 
7773 19 0.8 28 0 34 1 38 0.9 45 1 84 0 85 0.8 95 0.6 
7892 68 0.7 
8057 3 0.4 6 0 26 0.9 35 0.5 37 0.7 44 0.3 53 0.9 71 0.8 81 0.5 98 0.4 
8167 3 0.9 29 0 32 0.5 51 1 89 0 
8236 14 1 30 0.5 46 0.8 48 0.3 81 0.5 
8292 6 0.5 36 0.9 64 0.6 66 0.7 71 0.8 
8330 0 0.9 17 0.4 30 0.7 65 0 76 0.5 77 0.8 97 0.4 
8350 1 0 19 0.7 26 0.4 33 0 51 0.7 58 0.3 77 0.4 86 0 94 0.4 
8648 12 0 25 0.6 35 0.8 53 0.5 63 0.6 78 0 79 1 93 0.5 
8957 18 0.5 64 0.9 82 0.8 
9114 1 1 85 0.8 
9227 19 1 26 0.3 28 0.8 33 1 36 0.5 51 0 73 0 77 0.7 80 0 98 0 
9419 25 0.7 28 0.6 43 0.8 46 0 57 0.6 58 0 86 0.5 88 0.4 92 0 
9470 1 0.3 17 0 20 0.3 24 0.7 67 0.6 
9478 6 0 48 0 52 0 53 0 63 0.8 72 1 81 0 
9511 2 0.6 20 0.6 89 0.9 97 0.5 
9519 52 0.5 56 0.9 63 0.5 77 0.8 85 0 91 0.9 
9574 9 0.7 11 0.6 40 0.6 81 1 86 0.6 90 0.8 94 0 
9664 5 0.6 20 0 21 0 42 0.8 56 0.4 89 0.9 93 0 
9703 14 1 
9711 15 0.3 27 0.6 58 1 72 0.5 90 0.5 
9880 0 0 1 0.3 9 0.7 16 0.8 20 0.3 71 0.4 86 0 91 0.5 98 0 
9936 1 0 3 0.5 7 0 51 0 53 0 65 0.4 70 1 72 1 73 0 88 0.4 
9957 49 0.7 53 0.7 72 0.8 74 0 78 0 
9978 3 1 8 0.4 10 0.9 18 0.3 34 1 46 0 75 1 82 0.7 
