100
92 7 0.5 8 0.8 29 0.5 92 0.4 
322 34 1 41 0.9 42 0.7 70 0 84 0.3 97 0.9 
343 6 0.9 20 0.8 44 1 74 0.8 88 0 89 1 
388 3 0 23 0.7 24 0 32 0.5 73 0.6 78 0 81 0.5 89 0.4 96 0.8 
604 5 0.3 17 0.5 41 0 42 0 48 1 49 0.5 50 0 58 0.9 66 0 88 0 
699 1 0 31 0.8 50 0 76 0.4 
722 0 0 5 0.3 6 0.3 7 1 28 0.9 31 0.5 34 0 53 0.4 54 0 
865 33 0 35 1 53 0.9 
1022 72 1 
1155 5 0.4 7 0.9 16 0.6 18 1 25 0 47 1 66 0 98 0.6 
1176 8 0 11 0.7 13 0.5 14 0.5 30 0 38 1 40 0 57 0.7 60 0.4 79 0.8 
1343 33 0.3 50 0.7 84 0 99 0 
1391 31 0.9 78 0.5 
1395 27 0.3 47 1 57 0.7 60 0.7 87 0 88 0.5 90 0.8 96 1 
1586 12 0.6 15 0.6 18 0.8 24 0 50 0 87 0 88 0.7 
1876 6 0 27 0 44 0.9 81 0.9 
1917 20 1 71 0.3 92 0.5 
1932 67 0.6 
1974 0 1 2 0 9 0.4 43 0.4 45 0 47 0 50 0 71 0.6 90 0 
1983 42 0.5 46 0.7 49 0.6 52 0.8 77 0.8 89 0 
2003 5 0.7 11 0.5 14 1 19 0.4 73 0 96 0 
2022 93 0.4 
2103 21 0.3 23 0.4 34 0.8 36 0.5 40 0 99 0.5 
2143 1 0.3 20 0.9 22 0.8 62 0.8 67 0.4 73 0.4 81 0.7 94 0 
2394 13 0 19 0.9 77 0.5 
2510 12 0.3 32 0 55 0.6 60 1 65 0.7 79 0 85 0.4 87 0.3 99 0 
2558 8 0.7 13 0 26 0.6 56 0.5 57 0.6 60 0 71 0.8 72 0 94 0.5 
2654 6 1 8 0 17 0.9 36 0.6 59 0 65 0 76 1 85 0.3 88 0.7 93 0.9 
2724 1 0 14 0.9 23 0.7 39 0.6 62 0.9 75 0.8 94 1 
3061 32 0.9 48 0 56 0.4 60 0 87 0.9 91 0.7 94 0.5 
3214 6 1 50 1 64 0.6 68 0.7 69 0.3 91 0.7 
3463 2 0.9 28 0 53 0 98 0.4 
3527 18 0.5 
3603 17 0 20 0.5 35 0.9 47 0.9 49 0.8 80 0.7 87 0.9 
3612 4 1 81 0.8 
3688 31 0.4 41 0 66 0.3 97 1 
3891 22 0.6 27 0.5 46 0.8 49 0.4 63 0.9 
3892 18 0.6 65 0.7 68 0.7 88 0 92 0 93 0.9 94 0 99 0 
4026 64 0.4 
4170 14 1 15 0 27 0 58 0.8 
4202 0 0.5 3 0 10 0.7 22 1 40 0.4 62 0 
4261 0 1 11 0 22 0.7 38 0 74 0.7 77 0.6 
4387 4 0.8 23 0 36 0.8 38 0 45 0.8 
4452 98 0.9 
4537 8 0 14 0.6 39 0.4 48 0.5 
4606 26 0 89 0 93 1 
4625 8 0.8 17 0 66 0.9 72 0.6 74 0.7 
4634 5 0 18 0.8 24 0 25 1 30 0.3 55 0 67 0 85 0.4 95 0.3 
4706 7 0.6 17 0.4 25 0.4 29 0.4 33 0.3 35 0 51 0 68 0.7 69 0 91 0 
4881 0 0.5 11 0.4 15 0.3 17 0.8 20 0.5 50 0.6 60 0.4 76 0.8 98 0 
4887 54 0.3 60 0.4 64 0.4 75 0 88 1 
4990 32 0 40 0 95 0 
5119 0 0 35 0 48 0.4 
5222 6 0.9 16 0.7 
5277 2 0.9 3 1 33 0.8 37 0.3 39 0 81 0.4 90 0.7 91 0.9 
5357 13 0.8 16 1 24 0.9 42 0.9 52 0 58 0.8 66 0.9 72 1 93 0 
5389 1 0.6 26 0.5 93 0.3 
5501 8 0.8 31 0 48 0 65 0.9 72 0.9 81 0.5 82 0.8 85 0 92 0.5 98 0.7 
5587 1 0.3 6 1 23 0 33 0 49 0.4 
5668 1 0.6 4 0 15 0 42 0 48 0.7 49 0.8 50 0 68 0.5 79 0.3 90 0.9 
5832 2 1 6 0 24 0 34 0.4 35 0.3 41 0 47 0.8 54 0.6 
5887 12 0.5 14 0.9 28 0.3 55 0.9 63 0.8 65 0 73 0 83 0.6 
6050 18 0 23 0 52 0.3 60 0.5 81 0.7 90 0.7 94 0.3 
6079 37 0.4 40 0.5 41 0 82 0.9 94 0.5 97 0.7 98 0 
6112 64 0.6 
6123 43 0.3 51 0 85 0.4 
6178 12 1 18 0.9 34 0.7 37 0 53 0 62 0 93 0.8 96 0.7 
6196 10 0.4 13 0.6 24 0.6 26 0.9 32 0.4 54 0.9 63 0.5 81 0.3 
6504 12 1 42 0.8 94 0.7 96 0.7 97 0.7 
6518 34 0 86 0 
6798 1 0.3 5 1 
7008 63 0.3 85 1 
7029 4 0.3 28 0.9 48 0 52 0.4 55 0 62 0.4 68 0.6 70 0.4 86 0.7 88 0.4 
7134 0 0.4 30 0 61 0.5 62 1 71 0.5 80 0 
7151 2 0.4 5 0.8 19 0.4 65 1 72 0.7 91 0.9 93 0.5 
7157 45 0.9 95 0.5 
7191 15 0 16 0 53 0.4 69 1 73 0.9 82 0.8 84 0.9 89 0.5 98 0.5 
7193 76 0 77 0.3 98 0 
7280 32 0.5 70 0 
7357 58 0.8 
7469 5 1 7 0 17 1 18 0 57 0 61 0 75 0.7 80 0.3 93 0.4 
7528 3 0.8 24 0.6 
7591 0 1 36 0 56 0.6 
7901 97 0.7 
8113 69 1 
8122 26 0.4 
8233 7 0.7 58 0 63 0.9 70 0.7 74 0.3 95 1 98 0.3 
8292 6 0 36 0.7 64 0.7 66 0.9 71 0.3 
8370 9 0.4 14 1 16 0 58 0 67 0.7 79 0.7 83 0 92 0 94 0 
8447 5 0.8 11 0.5 19 0 42 0.6 48 1 91 0 
8458 9 0 12 0.6 20 0.5 21 0 33 0.4 48 0 54 0.6 87 0.6 
8467 2 0.8 13 0.4 38 1 40 0.8 46 0.8 51 0.7 61 0.9 68 1 79 0 87 0.4 
8752 8 0.8 9 0.8 23 1 35 0.6 39 0 51 0 
8887 1 0 31 0.3 55 0 59 0.6 63 0.3 95 0.6 
9003 15 1 42 0.6 77 0.9 89 0.3 
9059 4 0.4 62 0 70 0.5 
9128 52 1 
9163 8 0 38 0.3 58 0.8 59 0 
9465 26 1 32 0 34 0.9 44 0 50 0.3 59 0.4 
9466 1 0 17 0.8 49 0.7 56 0.5 83 1 88 0.3 96 0.8 97 0.7 99 0 
