100
12 9 0.3 23 1 48 0.4 79 0 89 0.6 
17 6 0.5 15 1 62 0.4 85 0.5 
36 4 0 11 0.3 21 0.3 33 0.4 41 0.3 53 0.3 55 0 57 0.8 78 0.9 97 0.6 
67 43 0.7 92 0.7 
205 25 0 
212 20 0.9 22 0.6 90 0.3 93 0.9 
309 7 0.5 20 0.9 23 0.9 37 0.7 48 1 61 0 64 1 69 0 91 1 
397 17 0 30 0.5 61 0.6 85 0 94 0.7 95 1 96 0.8 
476 12 0.9 19 0.3 23 0 30 0.7 37 0.9 49 0 75 0.8 79 0.7 
502 3 0.6 5 0.7 11 0.3 18 0 33 0 55 0.6 89 0.6 
620 36 0 
694 17 0.7 35 0.3 51 0.6 69 0 78 0.7 83 0 86 0.4 87 1 
752 6 0.4 11 1 33 0.3 34 0.6 37 0.5 52 0.9 61 0 67 0 74 0.7 82 0 
825 54 0.4 80 0.9 97 0.7 
1005 1 0.8 22 0.8 29 0.9 31 0.4 44 0 51 0 58 0 66 0.3 74 0.7 90 0.4 
1118 13 0.5 33 0.9 37 0 
1157 3 0 5 0.8 14 1 18 1 24 0.4 38 0 60 0.7 85 0.7 86 1 95 0.6 
1294 6 0.8 14 0.8 62 0.9 78 0.7 87 0.8 90 0.5 
1325 11 0 27 1 84 0.3 92 0 
1362 2 0.8 18 0.4 23 0 37 0.7 38 0.3 39 0.3 56 0.6 67 0 88 0.9 98 0.7 
1589 6 0.4 11 0.7 20 0.9 35 1 39 0.4 88 0 89 0.8 99 0.6 
1632 4 1 10 0 33 0 64 0 65 0.5 75 0.5 80 0.9 
1769 16 0.9 22 0.5 27 0.3 35 0.7 56 0.5 79 0.5 97 0 
1846 22 0.7 24 0 63 0.5 
2013 16 0 58 0 64 0.8 65 0.4 68 1 72 0.8 85 0.9 90 0 
2108 0 1 29 0.4 42 0.6 46 0 85 0 
2231 16 1 27 0.4 35 0 
2243 2 0.4 21 0.3 28 0.6 39 0.3 55 0.3 79 0.7 96 0 
2300 0 1 34 0.7 
2367 8 0.8 13 0.7 25 0.7 39 1 43 0.4 49 0.6 62 0.9 68 0 74 0.4 94 0.6 
2440 57 0.4 
2471 13 0.9 22 1 24 1 62 0.7 77 0 88 1 94 1 
2504 34 0 70 0.8 
2550 43 0.6 
2611 36 0.3 44 0.6 80 0.9 
2630 4 1 49 0.3 67 0 78 0.9 80 0.7 87 0.3 
2672 12 0.6 19 0.3 44 0 
2674 8 0 17 0 78 0.3 84 0 90 0 98 0.5 
2857 84 0.4 96 0 
2868 10 0.9 20 0 71 0 81 0.7 94 1 96 0 
2884 14 0.3 48 0 49 0.8 57 0.8 68 0.6 72 0.5 85 0.9 94 0.5 95 0 
3019 14 0.3 16 0.3 27 0.7 35 1 37 1 39 0.5 60 0.8 62 0.5 74 0.5 81 0.8 
3092 14 0.4 18 0.9 28 0.6 38 0.3 43 0.6 62 0.3 73 0.7 
3124 13 0.4 40 0 43 0 55 0.6 63 0.7 83 0.6 91 0 97 1 
3215 8 0.4 17 0.9 27 0 52 0 65 0.3 71 0.4 75 0 90 0.4 97 0 
3408 46 0.3 47 0.5 64 0.4 83 0 88 0 97 0.5 99 1 
3502 8 0 10 0.8 16 0 17 0.8 47 0.9 58 0.9 82 0 86 0.8 92 0.4 
3639 0 0.6 7 0.3 25 0.6 30 0 37 0 43 0 62 0 65 0.5 78 0 95 0.9 
3700 36 1 45 0 51 0.6 53 0.9 85 0 96 1 
3774 20 0.7 26 0.8 33 0.3 41 0.5 45 0.4 47 1 86 0 93 0 98 0 
3895 49 1 50 1 77 0.6 88 0.6 96 0 
3990 1 0.9 9 0.8 41 1 50 0.6 73 0 80 1 95 0.5 
4122 0 0.7 2 0 25 0 31 0.5 43 0.7 44 0 88 1 
4270 61 0.9 99 0 
4284 4 0.5 28 1 33 0.3 62 0 63 1 95 0 96 0 
4532 22 0.5 29 1 34 0 35 0.9 36 0 44 1 
4638 13 0 38 0.6 83 0.3 94 0.9 97 0.3 98 0.6 
4677 17 0 24 0.5 25 0.3 41 0.4 61 0.3 
4739 22 0.4 26 0.3 27 1 43 0 44 0 46 0.8 65 0.8 75 0 99 0.9 
4822 10 0 26 0.4 44 0 48 0.3 64 0.3 74 0 79 0.5 
4824 9 0.4 43 0 47 0 62 0.4 73 0.7 83 0.3 
4847 69 0.4 72 1 91 1 
4912 1 1 12 0 32 1 
4959 38 1 47 0.7 61 0 
5027 1 0.9 4 0 8 1 37 0.9 51 1 70 0.5 76 0 
5202 4 0 50 0 56 0.9 61 0.6 78 0.4 90 0.8 
5241 13 0.3 34 0.3 41 0.5 
5511 1 0.8 10 0 11 0.5 30 0.7 41 0.5 43 0.5 70 0.8 73 0 80 0.5 93 0 
5573 11 0.8 
5653 31 0.4 43 0.8 48 0.8 79 0 81 0 87 0.7 91 0 
5806 9 0.6 15 0 
5897 6 0 28 0.4 36 0.5 60 0.9 68 1 69 0.7 72 0.6 73 0.5 75 0 92 0.7 
5957 6 0.3 9 0 16 0 27 0 60 0 97 0.7 
6032 9 0.7 17 0 28 0.9 31 0.3 33 1 48 0.9 73 0.3 87 1 99 0 
6533 4 0.7 5 1 60 1 80 0.7 
6588 18 0.7 42 0.4 47 0 55 0.5 
6589 1 1 17 0.5 34 0.8 65 0.8 80 0.4 89 0 
6894 19 0.7 21 0.5 22 0 34 0.4 51 0 
6896 46 1 
7093 81 0.6 
7145 3 0 49 0.8 69 0.8 92 0.7 
7304 6 0.3 26 0 88 0 98 1 
7392 9 0.7 12 0.9 20 1 29 0.6 39 0.3 52 0.3 78 0.9 80 0.4 91 1 
7408 1 0.3 6 0.7 7 0 42 0.9 56 0 87 0 89 0 
7528 3 0.4 24 0 
7619 14 0.3 15 0 42 0 55 0.8 65 0.4 70 0 84 0.4 96 0.7 97 0.7 
7940 17 0.7 21 0.8 29 1 41 0.3 42 0.7 82 0 88 0.9 
7956 53 0.4 
8410 4 0 53 0.6 64 0.9 92 0.6 
8733 28 0.4 41 0 52 0.3 60 0 65 0 82 0 94 0.7 
8955 38 0.3 40 0.8 57 0 59 0 91 0.5 
8971 10 0.7 13 0 64 0 76 0.3 86 0.3 99 0 
9213 14 0 15 0.7 32 0.6 62 0.7 73 0.6 78 0.8 
9384 12 0.3 20 0 73 0 84 0.8 89 0.5 97 0.5 
9392 23 0.5 56 0 65 1 76 0.6 83 0 
9401 2 0.6 34 0.9 36 0.6 37 0 41 0 90 0.9 
9817 1 0.5 37 0 43 0.8 58 0 97 0 99 0 
9849 17 0 32 0.7 
9922 58 0 71 0 
9943 13 0.9 15 0.6 32 0.5 49 0.5 51 0.3 92 0 
