100
110 21 0.8 22 0.3 35 0.5 91 0.7 
202 21 0 37 0 56 0.9 64 0.5 67 0.4 72 0.9 75 0.9 83 0.7 
239 19 0.5 51 0.7 
243 13 0 30 0.3 31 0.9 46 0.8 51 0.5 82 0.9 84 0 87 0.7 
315 33 0.8 38 0 56 0.5 86 0.9 
335 4 1 35 0.9 53 0 97 0.5 
494 44 0.9 57 0 75 0.9 
579 28 0 68 0.8 95 0 
589 1 0 18 0.3 28 0.7 30 0.4 35 0.5 44 0.7 49 0 97 0.6 
754 7 0.5 10 0.8 29 0.5 54 0.3 63 0 93 0 97 0.9 
859 4 1 22 0 75 0.8 76 0 
962 17 0 20 0.3 50 0.3 53 1 93 0.4 
968 6 0.8 10 0.8 30 0.9 
970 5 0 9 0.8 63 0.4 93 0.5 
1071 8 0.9 9 0 17 0.8 33 0.7 64 0.7 72 0.8 
1104 6 0.9 17 0 54 0 95 0.6 
1119 34 0.5 35 0.7 87 0.8 
1159 59 0 96 0 97 0.7 
1593 22 0.9 33 0.3 35 0.3 47 0.5 54 1 63 0.8 78 0.9 
1624 4 0.4 45 0.7 62 0.8 82 0.4 95 0.5 
1981 28 0 29 0.8 53 0.3 60 0 85 0.3 88 0.6 99 0.4 
1986 18 0 29 0.4 31 0 34 0 60 0.5 70 0.6 73 0.7 95 0.3 
2076 5 0 6 0.6 25 0 30 0 38 1 43 0 77 0.8 90 0.7 94 0.3 
2183 2 0 10 0.3 15 0.3 25 0.7 32 0.5 47 1 55 0.5 58 0 63 0 74 0 
2225 19 0 28 0.5 41 0.8 45 0 61 0.9 80 0 96 0.5 
2577 8 0.3 22 0 39 1 43 0.5 66 0.6 76 1 79 0.6 88 0.6 97 0.5 
2629 11 1 27 0.4 46 0.8 75 0.4 85 0.6 89 0.4 97 0 
2667 20 0.9 
2819 22 0 26 0 32 0.6 44 0.5 48 0.3 59 0 60 0.8 86 0.7 99 0.5 
3385 14 0 16 0 41 0 42 0.9 44 1 50 1 65 0.8 91 0.3 
3397 13 0.7 19 0 21 0.8 26 0.5 33 0.6 36 0.9 52 0.8 62 0.3 68 1 
3448 83 0.3 
3490 37 0.9 71 0 
3559 6 0.5 8 0.8 14 0 28 0.7 31 1 64 0 77 0.8 
3876 78 0.5 
3985 25 0 36 0.3 47 0 51 0.9 72 0.4 
4181 15 0.6 28 0.3 34 0.6 50 1 
4189 1 0 17 0.6 68 0 69 0.6 74 0.7 
4267 4 0.5 13 0 26 0.5 31 0.5 44 0.4 45 0.5 60 0 85 0 
4283 1 0.5 2 0.3 6 0 13 0.8 38 0 
4644 36 0.3 56 0.5 
4710 1 0.6 6 0.4 26 0.4 48 0 
4779 0 0 5 0.5 7 0.3 17 0.8 18 0.3 32 0 34 0.6 76 0 
4784 13 0.3 51 0.6 75 0.8 85 1 
4786 7 0.3 9 0.5 11 0.9 29 0 54 0.6 80 0.4 86 0.9 
4793 31 0 55 0.8 
4895 41 0.8 46 0 59 0 78 0.9 79 0.4 83 0 84 0 95 0.6 99 0 
5063 34 0.3 
5090 10 0.8 18 0 29 1 31 0.4 39 0 65 0.9 93 0.9 98 0.8 
5180 2 0.6 8 0.9 18 0.5 
5243 45 0 69 0.3 
5404 5 0.6 15 0.7 25 0.8 32 0.8 33 0.6 41 0.9 48 0.4 57 0 82 0.8 
5438 52 0.9 55 0.7 59 0 
5439 31 0 41 0 90 1 
5480 5 0.7 7 0.8 21 0.9 22 1 42 0 55 0.6 56 0.4 98 0.7 
5638 43 0.3 58 0.4 59 0.3 83 0.5 
5749 1 0.5 23 0.3 36 0.5 59 0.9 70 0 
5770 5 0.8 9 0 15 0 20 1 26 0.8 67 0.3 84 0 
5803 0 1 6 0 10 0.9 44 0 50 0.4 57 0.3 58 0 60 0.6 63 0.7 92 1 
5809 5 0.9 11 0.5 16 0 24 0.3 61 0 74 0.7 77 0 82 0.9 89 0 
5817 37 0 44 1 47 0 48 0.7 49 0 62 0.7 69 0.6 73 0 78 0.7 85 0 
5879 37 0.7 45 0 70 0.9 82 0.4 95 0.5 
5898 9 0.8 35 0.4 44 0.7 47 1 64 0.7 65 0.9 
5985 21 1 26 1 31 0.6 51 0.3 56 0.7 66 0.6 67 0.3 82 0.4 86 0.8 97 0.3 
6157 13 0.9 22 0.6 47 0.9 52 0 68 0.6 71 0 75 0.3 76 0.6 79 0 83 0.7 
6158 11 0.7 55 0.7 64 0.3 75 0 90 0 91 0.8 
6271 15 0.6 41 0.5 43 0.5 54 0 55 0.9 58 1 74 1 75 0.7 92 0.6 93 0 
6432 31 0.4 82 0 
6442 51 0.9 79 1 82 0.9 87 0 95 0.3 96 0 
6530 14 0 19 0.9 20 1 27 0.6 34 0.6 43 0.6 76 0 90 0.6 
6834 5 0.9 10 0.8 23 0.5 
6956 29 0.5 45 0.3 47 0 85 0 90 0.9 
7021 33 0.3 35 0.9 45 0.5 49 0.3 72 0.4 90 0 94 1 
7113 38 0.3 
7154 50 0.7 
7296 71 0.4 
7434 2 0.4 84 0.3 90 0.3 96 0.4 
7479 3 0.6 9 0.6 35 0 50 0.4 54 0.9 55 0.4 59 0.5 76 0.3 
7798 3 0 7 0 14 0 29 0.4 45 0.3 47 0 
8069 0 0.9 21 0.5 48 0.6 50 0 68 0.5 89 0.9 
8081 59 0 96 0 
8265 8 0.5 69 0.6 
8509 16 0.6 29 0 30 0.9 57 0.4 88 0.4 95 0 97 0.7 
8564 3 0.8 17 0 22 0.5 26 0.4 41 0.6 
8591 14 0 24 0.7 32 0.6 45 0.8 48 0 52 0.5 55 0.7 57 0.7 60 0 87 0.6 
8602 22 0 36 0 74 0 79 0.7 81 0.6 
8623 0 0.6 20 0.9 21 0.3 40 0 50 0.3 56 1 65 0.6 66 0 89 0 
8635 12 0.8 14 1 19 0 25 0.8 86 0.9 87 0.4 94 0.9 
8701 10 0.6 21 0 37 0.5 82 1 89 1 
9019 6 0.7 41 0 43 1 77 0.4 82 0.3 
9110 2 0.3 10 0.9 36 0.6 38 0.9 39 0.8 79 0.9 
9117 42 0.6 49 0.9 54 0.8 70 0.6 72 0.4 74 0.3 79 0.6 83 0.6 96 0.4 
9197 4 0 13 0 36 1 46 0.6 53 0 66 0 67 0.6 83 0.4 84 0.9 93 0.6 
9229 7 1 12 0 47 0.3 55 0 68 1 77 0.6 80 1 96 0.6 
9451 31 0 33 0.8 43 0 56 0.3 68 0.8 69 0.6 
9452 0 0.8 
9577 24 0 28 0.4 39 0.5 45 0.7 57 0.9 66 0.7 68 0.4 83 0.5 91 0.4 93 0 
9588 22 0.5 
9788 27 0.5 41 0 45 0.3 55 0.3 57 0.7 63 0.5 94 0.4 97 0.4 
9865 51 1 59 0 63 0 
