100
79 11 0.3 33 0.4 36 0.5 41 0.6 50 0.4 81 0.3 86 0.3 
96 0 0 2 0.9 37 1 53 0.9 68 0 
283 1 0.3 28 0.9 54 1 84 0.9 87 0.4 
286 25 0.3 48 0.8 51 0.4 55 0.7 56 0.5 64 0.4 86 1 90 0 93 0 
293 1 0 16 0 41 0.3 47 0.8 59 0.3 81 0.7 91 0.6 93 0.8 95 0.6 
333 9 0.5 12 0.7 91 0.4 
365 51 0.9 68 0 91 1 
498 5 0 7 0.8 17 0.5 31 0 55 0.6 75 0 79 1 
529 70 0.3 86 0 
638 6 0.6 27 0.6 52 0.3 54 1 81 0.8 84 1 
801 4 0.7 5 0.6 18 0.7 37 0 63 0.3 66 1 72 0.4 
845 25 0.6 
872 0 1 3 0 22 0 48 0 60 0 72 0.6 86 0 88 0 93 0.6 
932 4 1 81 0.4 
1000 24 0.3 
1014 27 0 64 0 
1086 10 0.4 21 0.4 24 0 31 0.5 34 0.7 38 0 41 0.9 57 0 71 0.5 79 0.6 
1219 50 0.3 86 0 
1225 17 0.6 
1276 22 0.9 53 0.9 56 0 93 0.6 
1437 27 0.9 28 0.9 41 0.6 48 0.4 67 0.6 98 0.9 
1472 10 0 29 0.4 46 0.6 54 0 61 0.7 84 1 
1476 16 0.9 32 0.6 40 0.6 61 1 
1588 0 0 6 0.7 25 0.4 28 0.4 32 0.8 41 0 56 0.7 73 0 79 0.9 89 0.7 
1911 28 0 39 0.7 88 0 
1936 77 1 83 0.9 
2167 28 0.5 49 0.7 77 0 79 0.5 
2227 36 0.8 66 0.6 68 0 93 0.3 
2282 51 0.3 
2346 17 0.7 21 0.8 26 0.8 31 0 68 0 70 0.6 79 0.4 99 0.9 
2435 8 0.3 13 0.3 14 1 22 0.6 37 0 61 0 79 0 82 0 
2483 28 0 40 0.4 62 0.5 80 0.6 97 0.7 
2598 2 0.3 40 0 47 1 59 0.6 76 0 
2750 93 0.5 
2813 9 0 12 0.8 15 0 31 0 43 1 57 0.9 61 0.5 77 0 97 0.3 
2842 6 0 14 0.3 31 0.6 55 0.3 69 0.4 70 0.5 81 0 
2843 9 0.7 10 0.4 27 0 43 1 66 0 75 0.4 86 0.9 87 0 
2848 1 0.5 42 0.7 46 0.4 56 0 59 0.6 82 0 
3178 64 0.9 84 0.4 
3280 41 0.6 56 0.7 
3301 33 0 42 0 43 0.6 52 0.6 89 0 
3345 25 0 37 0.7 43 1 66 0 75 0.4 89 0.7 
3439 11 0 12 0 18 0.9 29 0.6 32 0.3 41 0 51 0.8 95 0.6 
3531 5 0.4 10 0.3 13 0.5 41 0.3 69 0.6 75 0 79 1 93 0 99 0.9 
3577 52 0.9 68 0.7 78 0.4 
3721 3 1 4 0 17 0 28 0.3 51 0.8 63 0 69 0 92 0.8 
3850 11 0 16 0 44 1 56 0 88 0 
3896 18 0.5 75 0 
3979 6 0 15 0.8 24 0 29 0 59 0.9 63 0.3 73 1 78 0.4 
4000 34 0 51 1 
4084 85 0 89 0 94 0.9 
4402 25 0.4 54 0.6 64 0.4 71 0.3 83 0.6 84 1 93 0.4 98 0.6 
4420 27 0 31 0.5 38 0.6 54 0.7 71 0.4 79 0 88 0 
4722 27 0.5 43 0.3 47 0.3 97 0 99 0.4 
4905 85 0.9 
4946 9 0.5 44 0 51 0 61 0.4 88 0.5 94 0.8 
4954 8 0.5 11 0.4 12 0 18 0.9 20 0.6 32 0.4 44 0 
5028 1 0.9 6 1 18 1 20 0.4 32 0.3 45 0.8 73 0 82 0 91 0 
5062 0 0.4 21 0.4 30 0.3 48 0.3 90 0 
5129 3 0 68 0.3 70 0.4 
5288 1 0 2 1 4 0 14 0.7 27 1 28 0.3 29 0 45 1 72 0.5 
5369 15 0 32 0.8 34 0 41 0.3 71 0.4 72 0 
5471 23 1 55 0.4 78 0.4 95 0 
5618 9 0.5 17 0.4 36 0 40 0.6 45 0.7 48 0 74 0.8 75 0 94 0.3 
5788 11 0.7 24 0.4 34 0 40 0 43 0 58 0.5 76 0.8 84 1 86 0.9 97 1 
5994 17 1 18 0.8 24 0.5 25 0.3 27 0 33 0.3 99 0.4 
6045 5 0.4 66 0.9 67 0 95 0.4 
6106 5 0.6 6 0.6 8 0 11 0 16 1 22 0.8 74 0 91 0.8 
6120 3 0 5 0.9 46 0 53 1 56 0 68 0.9 74 0.9 91 0.8 93 0.3 
6259 6 0.3 20 0 21 0.6 22 0 41 0.8 56 0.5 78 0 92 0.3 
6268 1 0.5 5 0.7 53 0 68 0 81 0.6 
6416 0 0 19 0 49 0.3 68 0.4 
6911 6 0.9 70 0.7 96 0 
6969 35 0.5 44 0 85 0 86 0.7 92 0 
7318 1 1 12 0.9 
7328 4 0.9 27 0 28 0.5 33 0 47 0.3 62 0.4 65 1 87 1 96 0 
7617 53 1 90 0 93 1 97 0.9 
7641 13 0.9 16 1 26 0 30 0.3 36 0.8 74 0.3 84 0.7 92 0.9 
7674 6 0.7 20 0.5 31 0.8 47 1 48 0.5 54 0.8 64 0 69 0.9 85 0 94 0.5 
7795 11 0.4 36 0.3 38 0.8 40 0.9 69 0 82 1 92 0 96 0.3 98 0.7 
7868 13 0 20 0.4 61 0.7 70 0.8 71 0.8 77 0 80 0.5 85 0.5 
8158 4 0 10 0 12 0.4 22 0 24 0.4 37 0.3 81 0.8 98 0.4 
8232 13 0.5 23 0.6 97 0.6 
8235 29 0.8 34 0.9 38 0.9 53 0.7 60 0.5 
8253 12 0 17 0.7 40 0.8 41 0.8 42 0.3 44 0 59 0.8 80 0.7 92 0.6 94 0.4 
8584 32 0.9 37 0 55 0.3 71 0 78 0.6 79 0 80 0.3 83 0.7 93 0.6 
8622 0 0 11 0.4 14 0.7 21 0.7 51 0.4 85 0.7 92 1 95 0 
8673 14 0 54 0.4 69 0 88 0.4 
8895 62 0 77 0.7 81 0.8 
9042 58 0.7 76 0 
9055 9 0 11 0 21 0.4 29 0 32 0.6 41 0.6 55 0 69 0.4 78 0.6 
9255 9 0 24 0.7 65 0.5 84 1 
9380 50 0 59 0.4 75 0.9 92 0.8 
9466 1 1 17 0.6 49 0 56 1 83 0 88 0.6 96 0.4 97 0.6 99 0.6 
9511 2 0.5 20 0 89 1 97 0.5 
9662 9 0.5 24 0.4 36 0.5 43 0.3 60 0.4 74 0 75 0.6 84 0.9 97 0 
9736 21 0 26 0.3 46 0.7 47 0 56 0.6 91 0 
9741 6 0.7 30 0.4 33 0.9 36 0.3 40 0 
9826 12 0.7 21 0.5 27 0.4 44 0.9 45 0 58 1 69 0.6 82 1 85 0.8 96 0 
9904 24 0.8 73 0.5 
