100
177 47 0.5 
395 33 0.7 40 0.6 47 0.5 58 1 66 0.9 67 0.7 99 0 
554 0 0.6 9 0.8 32 0 42 0.9 43 0.3 51 0.3 56 0 93 0.9 
585 9 1 13 0.5 14 0 29 0.4 37 0 59 0.3 70 0 
711 3 0.3 19 1 31 0.5 51 0 56 0 71 0 72 0 76 1 85 0 93 1 
894 2 0.9 6 0.6 14 0.7 59 0 66 0 73 0.6 97 0 99 0 
916 19 0.3 38 0 56 0.9 67 1 
1156 14 0.9 18 1 23 0.7 47 0 53 1 93 0.5 95 0.5 
1342 4 0.3 33 0.8 64 0.5 99 0.4 
1392 26 0.5 29 0 46 0.3 53 0 66 0.7 68 0.6 77 0.9 81 0.8 93 0 
1438 17 0.6 24 0.7 49 0.3 57 0.3 61 0 63 0 68 1 77 0 84 0 
1688 4 0.6 22 0.3 25 0.3 45 0 46 1 76 0 99 0.7 
1715 13 0.3 45 0.4 98 1 
1722 1 0 13 0.3 15 0.7 29 0.7 39 1 50 0.8 65 0.3 73 0 75 0.5 88 0.5 
1742 5 0.7 52 0.4 58 0.7 69 0.6 71 0.8 74 0 75 0.9 82 0.5 86 0 94 0.3 
1760 71 0 98 0.9 
1825 88 1 
2120 7 0.5 42 1 60 0.9 79 0 
2169 51 0.3 
2188 63 1 
2211 15 0 94 0.4 
2218 28 0 36 1 37 0.7 41 0.4 42 1 43 0.3 56 0.7 66 0.8 90 0.7 94 0 
2258 22 0.5 35 0.6 57 0.9 60 0.5 62 1 88 1 89 0.5 
2441 26 0.3 66 0.9 
2510 12 0.3 32 0.7 55 0.7 60 0.7 65 0.8 79 0.4 85 0 87 0.6 99 0 
2514 28 0.4 67 0.5 
2521 4 0.6 40 0.3 48 0.6 61 0.7 66 0.9 76 0 86 0.4 91 0.3 
2604 58 0 66 0 97 0.9 
2688 36 0.9 64 0 
2716 9 0 13 0 20 0.7 28 0.4 42 0.9 48 0.6 61 0 70 0 75 0.6 80 0 
2956 3 0.8 7 0.8 8 1 13 0 25 0 29 1 30 0 53 0.3 59 0.5 69 0.9 
3004 2 0 8 0.4 9 0 16 0.5 29 1 37 0.5 45 0.8 56 0.3 99 0.5 
3007 13 0 35 0 45 0 50 0 72 0 
3075 63 0.3 65 0.4 89 0 91 0.3 98 0.8 
3180 8 1 20 0.6 33 0.3 48 0.4 49 0.9 54 0.7 60 1 63 0 67 0.9 72 0.9 
3342 95 0.8 
3392 0 0.3 34 0.3 35 0 38 0.4 46 0.7 51 0.6 67 0.8 70 0 71 0.4 97 0.7 
3432 9 0 20 0.9 31 1 40 0.6 47 0.4 
3522 2 0.6 15 0.4 28 0.9 31 0.5 54 0.6 61 0.7 66 0.4 68 0.3 93 0.8 
3613 52 0.5 58 0.7 63 0 
3664 25 0.9 37 0 56 0 74 0.8 
3724 18 0.3 20 1 34 0.7 53 0 88 1 91 0.8 94 0 
3785 4 0.3 31 0 39 0 69 0 73 0.5 82 0.3 93 1 95 0.3 96 0 
3871 9 0.7 42 0.8 58 0.3 73 0 88 0 97 0 
3970 46 0 53 0 
3988 12 0.5 24 0 25 1 33 0 73 1 80 0.6 81 0.8 
4011 0 0.4 35 0.3 42 1 45 0.3 62 0 81 0.6 84 0.4 86 0.4 
4175 0 0.9 8 0.6 23 0.3 25 0.7 49 0 71 0.6 73 0 76 0 85 0.8 87 0 
4242 10 0.6 37 0 39 0.5 49 0.3 62 0.7 81 0 
4351 8 0 22 0 30 0.3 59 0.7 72 1 75 1 
4544 0 0 31 0.9 32 0.5 49 0 57 0 63 0 70 0.9 85 0 86 0.5 95 0.5 
4565 0 0.4 22 0.9 40 0 
4592 6 0.6 16 0.8 47 0.7 78 0.9 95 0.7 
4603 5 0.8 40 0.7 69 0.7 
4701 2 0.5 48 1 
4702 21 0.8 
4856 11 0.6 13 0 26 0.3 53 0.4 54 0.9 57 0.9 62 0.9 67 0.4 87 0.9 88 0.6 
5001 0 0 20 1 31 0 32 0.8 39 0.9 43 0.4 51 0.8 69 0.8 97 0.7 
5198 12 0.4 25 0.6 27 0 30 0.8 55 0 68 0 
5348 15 0.7 28 0 45 0.9 49 0 50 0 72 0 81 0.8 
5406 7 1 12 0.4 64 0.5 91 0.5 
5915 0 0.6 6 0.6 21 1 22 0.7 24 0.8 27 0 46 0 67 0.5 85 0.6 99 0.3 
5916 37 0.9 95 0.4 
6072 8 0 26 0.9 44 0.4 45 0.6 68 0 71 0.9 73 0 86 0.9 97 0 
6136 24 0.7 34 0.9 60 0 66 0.3 
6157 13 0 22 0.5 47 0 52 0.3 68 0 71 0.8 75 0.6 76 0.4 79 0 83 0.8 
6741 22 0.3 
6842 5 0 51 0.3 58 0 76 0.8 81 1 
6876 5 0.3 20 0 33 0.7 43 1 64 0.9 75 0.5 81 0.5 
6878 29 0.5 45 0 49 0.7 68 0 89 0 
6975 16 0 35 0 52 0.7 67 0.6 98 0.8 
7190 34 0.8 42 0 
7252 7 0.7 35 0 44 0.4 46 0.9 53 0 78 0.7 87 0.8 94 0 
7296 71 0 
7431 23 1 56 0.9 59 0.4 69 0 71 0 
7474 92 0.9 
7513 37 0 43 0.5 71 0.8 
7676 34 0 50 0 53 0.8 55 0.6 63 0 64 0.4 81 0 83 0.3 89 0.5 90 0.5 
7694 41 0.3 67 0 83 0.6 95 0 
7984 15 0.5 19 0.7 21 0.8 44 0.3 74 0.8 80 0.7 82 0.9 86 0.3 99 1 
8053 2 0 15 0 62 0.9 
8131 35 0 39 0 97 0.7 
8320 19 1 91 0 
8484 12 0 46 0.6 79 0.4 
8771 32 0.3 
8822 32 1 43 0 90 0.6 
8926 10 0 12 0 52 0.7 55 0.7 58 0.8 
8957 18 1 64 0.4 82 0.9 
8969 8 0.7 28 0 42 0.9 49 0.4 65 0.7 77 0.7 81 0 86 0.6 95 0.3 
9031 70 1 73 0.8 97 0.4 
9036 0 1 6 0 21 0 51 0.6 74 0.4 84 0.7 85 0.6 
9096 9 1 24 0.7 41 0.8 62 0.9 64 1 82 0 
9260 21 0 
9405 8 0.4 14 0.8 35 0 40 0.6 44 0 82 1 86 0.4 
9494 7 0.9 20 0.6 41 0.9 51 1 68 0 
9575 0 0.7 9 0.9 49 0 60 0.7 62 0.3 66 0.3 69 0.6 74 0.6 75 0.5 84 0.9 
9673 8 0 20 0.3 49 0 61 0 65 0 84 0.3 
9713 18 1 49 0 79 0 
9725 2 0 67 0 79 0.5 84 0.4 97 1 
9728 6 0 8 0.7 11 0.9 59 0 85 0 86 0 
