100
14 1 0.5 20 0.7 26 0.3 35 0.4 39 0.6 47 0 49 0 
34 3 0.3 34 1 35 0.8 45 0.5 87 1 93 0.5 
67 43 0 92 0.5 
91 14 1 57 0 90 0.6 
174 15 0.8 20 0 52 0 54 0.9 55 0.9 64 0.9 72 1 81 0.5 91 0.4 94 0.3 
188 3 0.8 12 0.7 38 0 72 0.7 74 0 87 0.8 88 0.6 
193 22 0 68 0.4 
377 7 0.4 9 0.5 85 0.5 
490 3 0.3 22 0.3 40 0.5 66 1 86 0 
628 11 0.6 45 0.7 61 0 65 0.6 
722 0 0.7 5 0.7 6 0.4 7 0 28 0 31 0.5 34 0.4 53 0.9 54 0.9 
792 99 1 
835 5 0.5 96 0.7 
888 16 0 70 1 
1062 2 0.7 29 0 
1155 5 0.6 7 0.9 16 1 18 0.7 25 1 47 0 66 0 98 0.3 
1175 0 0.9 9 0.8 14 0.4 18 0 30 0 51 0.7 80 0.3 82 0.8 
1178 23 0.7 96 0.5 
1259 18 0.6 47 0.7 48 0.7 51 0 66 0.4 70 0.4 90 0.6 
1299 60 0 
1416 7 0.3 47 1 48 0.4 64 0 98 0 
2214 1 0 13 0.4 42 0.9 67 0.9 68 0.3 72 0.5 88 0.3 
2256 3 0.4 12 0 15 0.8 19 0.5 24 0.3 26 0.4 32 0 46 0.5 60 0.9 81 0.9 
2334 0 0.3 10 0.5 19 0.5 40 0.9 44 0.3 54 0 72 0 74 0.4 79 0 85 0.6 
2358 4 1 10 0.8 50 1 56 0.9 65 0.3 
2427 90 0.9 
2569 0 0.9 5 1 11 0.7 40 0.9 62 0 68 0.3 69 0.4 95 0.8 
2647 14 0.8 23 0 59 0.8 68 1 
2667 20 1 
2772 77 0.6 
2837 27 1 35 0 42 0 47 0.7 68 0.4 72 0.8 73 0 
2994 31 0.9 36 0.3 55 0.7 
2996 35 0 76 0.6 87 0.5 93 1 
2997 0 0 5 0.9 35 0.5 37 0.9 84 0.3 
3072 7 1 33 0.9 
3138 11 0 39 0 49 0 60 0 92 0 96 0 
3195 76 0.5 98 0.6 
3310 13 0 20 0 21 0 47 0.6 72 0 80 0.7 88 0.6 97 0.8 
3351 10 0.7 17 0 19 1 22 0.3 28 0 41 0.8 44 0 63 0 81 0.9 84 0.8 
3437 5 0.6 14 0.3 32 0.5 35 0.8 38 1 49 0 72 0.7 79 0.6 
3527 18 0 
3649 19 0.7 27 0.7 35 0.9 41 0.6 54 0.4 60 0.7 66 0 73 0.3 85 0.9 90 0.5 
3754 3 0 5 0.8 11 0.6 63 1 68 0.8 77 0.8 86 0.5 97 0.4 
3810 27 1 40 0 54 0.6 97 0.4 
3826 50 0 63 0.8 
3835 0 1 6 0.4 10 0.7 15 0 37 0 43 0.3 52 0.5 61 0 79 0.4 91 1 
3943 30 0.4 35 0.4 91 0.6 
4300 9 0.8 60 0 77 0.5 82 0.4 
4409 5 0 14 1 25 0 29 0.9 78 0.5 
4486 1 0.4 8 0.8 38 0.6 60 0.4 69 0.7 79 0 89 0.5 
4559 25 0.7 36 0.4 59 0.9 63 0.8 69 0 71 0 78 1 
4745 25 0.8 46 0.7 70 0.9 98 0.8 
4851 8 0.9 9 0 58 1 66 0.5 84 0.8 
5056 0 0.4 3 0.3 86 0 
5133 7 0.8 13 0 36 0 39 0.7 62 0 87 0.7 88 0.3 90 0.5 92 0 93 0.4 
5218 16 0.4 28 0.6 46 0.3 48 0.6 51 0 64 0 70 0.7 81 0.9 
5375 86 0.6 
5412 42 0 
5574 3 0.5 18 0.3 20 0.6 38 1 48 0.5 61 0 63 0 90 0.4 
5579 13 0.7 21 0.5 49 1 51 0.5 64 0.5 65 0.6 
5663 17 0.9 20 0.8 38 0.7 46 0 88 0 98 0 
5739 33 0 49 0.5 58 0.8 62 0 72 0.6 
5747 21 0 25 0 
5971 4 0.9 37 0.6 42 0 76 0.7 94 0.6 
6236 45 0.4 68 0.7 96 0.8 
6472 10 0.4 31 0.5 34 0.9 38 0.4 76 0.9 95 0.9 98 0 99 0.9 
6478 22 0 25 0.9 40 0.3 57 0.7 
6501 7 0.8 13 0 16 0.4 38 0.5 45 0.8 60 0 64 0 67 0.9 68 0.4 93 0 
6504 12 0 42 0.8 94 0 96 0 97 0.4 
6603 5 0 8 0 11 1 31 0.4 42 0.5 54 0 65 0.9 74 0 
6631 3 0.6 37 0 45 0.7 83 1 97 0 98 0 
6775 12 1 50 1 65 1 92 0.6 
6871 8 0.7 18 0 19 1 58 0.5 89 0.8 99 1 
6883 3 0.6 65 0 
6967 0 0.7 17 0.3 22 0.9 28 0.8 52 0 57 0.9 74 0.4 76 0.7 80 0.9 97 1 
6973 15 0 23 0 24 0.6 60 0.7 
7217 14 0 
7446 30 0.3 52 0 58 0 67 1 77 0.9 80 0.9 
7491 22 0 26 0 31 0 71 0.9 76 0.4 97 0.6 
7616 12 0 30 1 31 0.4 32 0.7 37 0 57 0.3 62 0.9 96 0.9 
7708 3 0.9 5 0.7 14 1 19 0.5 26 0.3 41 0 51 0.8 63 1 68 0 94 0 
7761 21 0.5 
7886 11 0 42 0.9 44 0.9 91 0 
7898 35 0.7 53 0 59 0 66 0.3 72 0.9 79 0.4 87 1 89 0 96 0 98 0.3 
8313 3 0 13 0 53 0.9 90 0.4 91 0.3 
8360 14 0.4 20 0.9 26 0 31 0 33 0.9 36 0.3 64 0.9 82 0.3 
8517 10 0.4 13 0.5 38 0.7 57 0.4 59 0.3 79 0.3 87 0.6 95 0 
8534 3 0.9 13 0.5 16 0 75 0.9 82 0 83 0.7 94 1 
8549 0 0.7 2 0.5 14 0.6 16 0 27 0.3 51 0.9 67 0.8 72 0.7 83 1 
8598 14 0.7 24 0.4 25 0 31 0.6 38 1 51 1 64 0.5 68 0 82 0 89 0 
8890 14 0.6 52 0.7 56 0.7 70 1 80 0.4 
8946 67 0 72 0 80 1 97 0.4 
9290 28 0 36 0.9 39 0.8 42 0 59 0 66 0 83 0 99 0.7 
9340 14 0.4 
9472 12 0.8 27 0 38 0.9 40 0.9 43 0.7 71 0.9 
9657 42 0 74 1 81 0 93 0 
9682 8 0.3 9 0.9 45 0.3 48 0.9 
9687 33 0.9 39 0 56 0.7 57 1 58 0.3 70 0 86 1 90 0.5 94 0 
9746 85 0.5 97 0 
9997 12 0.7 17 0 34 0 53 0.8 54 0.9 97 0.4 
