100
60 4 0 25 1 44 0.6 
171 6 0 22 0 33 0.8 37 0 62 0 75 0.5 96 0.3 
204 82 0.6 96 0 
346 36 0.6 
429 33 0.8 94 0.4 
590 4 0.3 
690 2 0.8 17 0 23 0.8 24 0 83 0.4 96 0.6 
807 26 0.5 36 0.7 49 0.6 53 0 73 0.7 77 0.7 86 0.8 95 0.8 
814 21 0.5 27 0.3 43 0.4 55 0 71 0.6 81 0.4 
962 17 0 20 0 50 0 53 0 93 0 
1170 0 0.5 19 0.4 45 0 60 0 79 0.6 80 0.7 84 0.4 89 0.5 97 0.6 
1215 1 0 2 1 6 0 61 0 64 0.6 66 0.9 93 0.4 94 1 
1235 15 0.5 22 0.8 24 0 26 0.7 35 0 55 0.3 71 0.4 81 0.7 98 0.6 
1309 41 0 57 0.7 71 0 78 0 82 0.7 94 0.7 
1324 24 0 55 0 97 0.8 
1403 8 0.9 16 1 22 0.9 23 0.7 36 0 54 0 57 0.5 67 0.6 77 0.3 
1444 11 0 42 0 60 0 
1489 28 0.5 67 0.9 
1533 5 0.6 28 0.8 92 0.7 95 0.5 
1616 23 0 45 0.6 48 0.4 
1686 26 0.9 46 0.5 47 0.4 87 0.5 
1794 1 0 19 0.4 22 0 58 0.7 
1881 0 0.6 3 0.3 11 0.5 41 0 60 0 74 0.5 95 0.4 
2224 6 0.8 23 0 32 1 34 0.5 53 0.3 60 0.9 81 0.4 97 0.8 
2302 0 0 25 0.7 34 0.8 43 0 64 0.9 80 0 88 0.9 
2408 5 1 11 0.9 13 1 26 0 31 0.8 45 0 53 0 61 0.8 82 0.4 90 0 
2441 26 0 66 0.4 
2466 21 1 28 0 38 0 46 0.4 56 0.4 69 0.8 78 0.8 84 0 
2611 36 1 44 0.3 80 0 
2631 53 1 82 0.9 
2695 11 0 15 0 22 0.4 58 0 63 0.7 76 0.7 89 0.9 97 1 
2908 5 1 17 0.3 41 0 54 0 77 0.6 
3168 19 0.6 21 0.7 24 0 27 0.8 30 1 36 0.3 58 0.9 72 0.3 85 0.8 98 0 
3216 62 0.3 67 0.7 69 0.5 70 0 89 0.6 91 0.6 97 0 
3326 1 0.9 45 0.3 
3694 30 0.8 59 0.3 63 0.8 73 0.7 81 0.4 86 0.9 90 0.3 96 0.7 
3709 5 0 16 0.8 40 1 54 0.3 55 0.4 71 0.6 90 0 
3818 1 0.7 4 0 33 0.6 36 1 71 0.3 78 0 94 0.4 95 0.3 
4071 10 0.5 20 0.7 61 0.9 89 1 
4123 45 0 48 0 
4134 4 0 18 0 40 0.5 43 0.5 54 1 59 0 81 0.4 83 0.7 87 0.7 90 0.4 
4265 25 0 
4266 22 0.9 31 1 87 0.5 
4448 16 0.6 80 0.9 85 0 90 0.9 94 0 
4675 27 0.8 
4723 7 0.3 10 1 11 0.4 36 0.8 38 0.7 44 0 58 0.9 
4890 5 1 29 0.8 46 0.9 55 0.8 
4910 15 0 18 0.7 19 0 24 0.7 55 1 82 0.7 83 1 98 0.6 
4954 8 0.4 11 1 12 1 18 0.9 20 0 32 0.5 44 0.6 
5052 0 0 21 0.6 35 0.6 46 1 47 0.7 54 0.7 74 0 95 0.6 97 0.8 
5390 6 0.6 12 0.4 21 0.5 29 0.3 63 0.5 67 0.8 76 0.7 83 0.6 87 1 96 0 
5403 3 0.9 9 0.8 26 0.7 29 0 31 1 67 0.3 69 0 87 0.6 
5421 43 0.8 
5457 0 0.4 7 0.7 38 0 51 0 63 1 65 0.5 70 0.9 84 0.3 88 0.4 
5471 23 0 55 0.8 78 0.9 95 0.8 
5484 80 0 
5687 4 0.9 21 0.5 28 0 33 1 45 0.3 65 0.5 89 0 90 0.3 
6049 8 0.8 34 1 93 0.6 
6079 37 0.7 40 0.4 41 0.6 82 0.3 94 0 97 0 98 0.8 
6180 3 0.9 39 0 75 0 76 0.4 84 0.5 96 0.6 
6188 8 0.8 40 0.3 
6251 11 1 47 0 60 0.9 
6301 0 0 46 0.8 58 1 59 0.8 61 0.4 65 1 76 0 79 0 94 0 
6444 14 0 15 0.5 19 0.8 46 0.6 74 0 93 0.3 
6470 5 0.8 13 0.7 30 0 35 0.8 36 0.6 37 0.9 39 0.9 77 0 91 0 
6502 2 0.3 7 0 32 0.9 33 0.7 42 1 47 0.9 69 0.3 73 0.8 75 0.3 99 0.4 
6664 9 1 12 0.5 14 0 32 0 56 0.4 59 0.5 70 0 76 0.8 97 1 
6750 6 0.3 16 0.7 26 0 28 0.3 35 0 37 0.3 47 0 58 0 72 0.5 
6765 14 0 36 0 76 0.6 85 1 
6784 8 0 11 0.9 13 0.8 23 0 58 0.9 74 0.4 77 0.3 80 0.7 86 0 
6827 0 0.5 26 0.4 60 0.6 
6941 48 0.7 87 0.9 
7015 0 0.3 4 0 34 0.6 53 0.7 55 0.6 57 0.8 62 0.5 70 0.8 90 0.9 99 1 
7209 5 0 6 0 25 0 62 0.8 67 0.8 87 0.7 
7300 16 0 54 0.8 59 0.4 79 0.3 87 0 
7356 8 0.7 10 0 34 0.5 35 0.6 46 0.6 66 1 79 0 93 0.9 
7578 30 0.4 42 0.9 
7619 14 0.9 15 0.8 42 0.4 55 0.9 65 0.5 70 0.5 84 0 96 0 97 1 
7654 94 0 
7663 38 0.8 58 0 69 0.7 72 0.3 
7772 1 0.8 7 0 11 0.8 17 0.8 30 1 55 0.3 56 0 70 0.9 82 0.7 
7800 4 0.8 30 0.6 95 0.7 
7962 59 0.6 
8080 35 0.4 
8110 17 0 18 0.3 
8131 35 0.5 39 0.7 97 0.9 
8176 8 0 20 0.8 24 0.6 60 0.8 74 0.4 78 0.8 89 0 92 0.8 95 1 
8260 1 0 16 0.7 35 0 65 0.8 74 0.5 75 0.4 88 0.8 99 0 
8328 8 1 10 0.4 26 0.5 33 0.6 39 0 57 1 84 0.4 
8372 3 0.4 6 0.7 29 0 42 0.9 80 1 82 1 97 0.6 
8428 17 0 20 0.9 43 0.6 68 0 83 0 89 1 
8430 5 0.5 10 0.4 25 0.3 68 0.4 82 0.8 92 0.8 97 1 98 0.5 
8520 17 0 34 0 48 0.4 99 0.7 
8634 2 0.3 5 0.5 8 0 10 0 29 0 68 0.7 
8699 13 0.7 15 1 22 0.9 25 0.9 69 0 73 0.6 89 0.4 91 0.4 
8828 12 0.6 16 1 90 0 
9139 6 0.4 14 0.9 22 0.7 49 0.8 52 0 60 0 62 0.9 67 1 90 1 92 0.6 
9267 14 0 27 0.7 36 0.8 40 0.5 44 1 84 0.3 90 0 
9270 15 1 23 0.5 58 0 68 0.5 71 0.4 
9328 45 0 47 0 57 0.5 67 0.6 89 0 96 1 
