100
175 5 1 7 1 33 0.8 38 0.4 44 0.5 45 0 79 0.7 88 0.8 97 0 
298 4 0.5 5 0.9 13 0 35 0 37 0.8 41 0 48 0 63 0.3 71 0.7 98 1 
441 40 0.5 52 0 69 0.7 83 0.6 88 0.9 95 0.7 
483 28 0 54 0.5 57 0.3 72 0 77 0.6 86 0.7 90 0.5 97 0.6 
576 37 0.4 
585 9 0.3 13 0.8 14 0 29 0.5 37 0 59 0.6 70 0.3 
655 0 0 2 0.5 4 0.6 28 0 40 0.6 44 0.6 81 0.5 89 0.9 
662 16 0.6 54 0 
779 36 0.6 
853 8 0.8 31 0 
899 42 0.5 95 0 
939 27 0.8 28 0.6 62 0 
940 40 0.9 90 0 94 0.4 
1054 69 0.8 78 0.9 
1203 2 0 4 0.4 8 0.3 27 0.7 44 0.7 46 0.5 50 0.5 62 0.9 95 0.9 97 0.4 
1227 68 0.3 98 0.6 
1437 27 0.3 28 0.7 41 0 48 1 67 0 98 1 
1845 20 0.6 42 0.5 72 0.3 89 0.3 
2059 29 0.3 61 0.3 65 0.4 76 0.6 81 0 90 0.3 92 0 97 0.8 
2066 39 0.3 
2194 24 0.6 67 0.4 77 0.7 97 0.8 
2229 16 0.9 28 0.9 49 0.3 73 0.6 
2251 17 0.8 
2256 3 0.9 12 0.9 15 0.3 19 0.6 24 0.6 26 0.9 32 0.7 46 0.8 60 1 81 0 
2339 55 0 
2380 0 0.8 9 0.7 21 0 34 0.7 53 1 68 0.4 85 0.8 89 0.9 90 0 
2501 15 0.3 16 0.5 23 0.6 59 1 72 0.3 86 0.6 
2507 3 0.8 24 0.6 61 1 
2739 3 0.6 18 0.3 30 0.6 34 0.9 47 0 67 0.6 70 0 79 1 82 1 
2809 90 1 
2848 1 0.4 42 0 46 0.3 56 0.7 59 0.3 82 0.5 
2871 49 0.5 60 0.8 63 0.5 72 0.4 77 1 81 0.7 
2904 5 1 37 0.4 47 0.3 74 0.9 83 0.6 84 0.4 98 0 
2925 19 0.6 
3031 10 0 45 0.7 51 0.5 54 0.6 
3096 30 0.9 38 0.4 69 0.8 72 0.3 83 0 84 0.6 
3154 38 0.7 47 0 73 0.8 84 0.9 
3159 1 1 51 0 57 0 95 0.4 
3268 7 0.5 17 0 22 0 35 0.6 36 0.8 89 0.9 
3302 13 0.8 
3326 1 0.4 45 0 
3370 20 0.6 25 0.7 29 0.5 36 0 54 0.4 55 0.3 64 0.9 82 0.8 91 0.5 
3467 10 0 69 0.8 93 0 94 0.9 
3775 12 0.4 21 0 32 0.9 65 0.4 87 1 89 1 90 0 96 0.7 
3888 5 0 11 0.6 17 0.7 39 0.8 67 0.6 74 0.5 77 0 89 0.6 
4054 72 0.7 95 0.6 
4081 57 0.7 68 0.4 
4191 1 0.7 95 0.7 97 0.4 99 0.7 
4204 10 0.7 36 1 38 0.4 56 0.3 69 0.6 73 0 76 0.6 98 0.7 
4363 29 0.3 34 0.9 51 0 87 0.9 88 0.9 
4503 60 0.5 
4546 67 0 86 0.6 
4868 3 0.9 6 0.4 7 0 9 0 17 0.6 19 0 26 0.3 48 1 65 0 80 0.6 
5067 10 0.6 43 0.9 79 0 85 0 95 0.3 98 1 
5080 3 0.4 10 0.4 14 0 30 0.3 39 0 40 0.8 46 0.7 50 0.3 63 0.5 
5216 8 0.9 21 0.3 44 0.9 56 0.4 66 0.9 72 0.9 73 0.9 74 0 75 0.9 98 0.6 
5327 4 1 10 0 37 0.3 59 0.5 73 0.3 74 0.6 
5407 1 0.6 14 0.5 20 0.9 52 1 
5445 23 0 26 0.4 47 0.9 61 0.8 64 0.4 75 0.7 
5456 40 0.9 86 0.3 90 0.3 98 0.8 
5471 23 0 55 0.3 78 1 95 1 
5632 15 0.4 18 0 23 0.4 25 0.8 33 0 39 0.8 43 1 45 1 53 0.3 75 0.5 
5647 35 0 
5726 24 0.9 25 0 70 0.9 
6057 6 0.9 9 0 57 0.9 65 0 74 0 95 0.7 97 0.8 
6108 56 0 73 0 75 1 
6250 11 0.4 23 0.6 42 0.4 61 0 75 0.3 83 0.9 89 0 91 0.8 97 0 
6477 37 0.6 47 0.8 88 0.7 
6578 10 0.9 18 0.7 25 0.3 31 0.6 37 0 39 0 41 0.9 80 0.3 
6770 33 0.7 61 0 65 0 73 0 80 0 
6945 0 0.8 2 0 8 0.9 21 0.9 79 0.4 95 0 
6947 21 0.6 73 0.4 
7251 17 0 27 0.8 35 0 53 0 78 0 89 0.9 
7269 38 0 43 0 62 0.3 
7510 0 0.9 16 1 71 0.6 81 0.3 
7511 28 0.7 41 0.7 51 0.7 84 0.6 
7547 0 0 4 0 42 0.9 83 0 84 0.4 93 0.9 
7578 30 0.5 42 0.7 
7650 7 1 21 1 24 0.7 37 0 43 1 44 0.3 83 0.7 96 0.4 99 0.9 
7687 21 0.3 28 0.9 30 0.8 32 0.8 49 0 63 0.4 71 0.5 83 0.8 
7859 32 0.3 46 0.9 
7897 34 0 47 0.3 50 0.6 58 0 60 1 62 0.6 65 0 66 0 87 1 93 0 
8078 0 0 14 0 21 0 22 0.5 28 0.3 31 0.4 38 1 49 0.5 53 0.9 90 0 
8279 4 0 37 0.7 57 0.5 67 0 85 1 
8314 17 1 24 0.7 69 0 70 0.7 77 0 88 1 98 0.6 
8486 11 0 14 0.6 21 0 32 0.4 64 0 71 1 73 0.4 
8563 3 0.4 64 1 
8642 4 0.3 16 0 18 0 23 0.5 27 0.4 50 0 62 0.8 63 0.7 90 0.5 97 0.8 
8683 7 0 60 0.4 85 0.7 92 0 
8938 18 0.3 
8945 2 0.7 38 0.9 57 0.6 79 0.7 
8980 0 0.7 7 0 34 0.6 78 0.4 93 0.9 
9128 52 0.7 
9248 11 0.9 20 0.4 22 0.8 32 0.3 55 0.9 59 0.3 67 0 
9412 14 0.6 25 1 30 0.9 68 0.4 88 0.5 
9484 48 1 89 0.3 
9495 15 0 43 0 56 0.7 71 0.9 76 0.3 84 0.4 87 0.4 93 0.5 
9683 7 1 13 0 65 0.4 90 0 
9809 12 0.4 15 0.6 55 0.5 69 0.5 87 0.7 
9811 4 0.6 23 0.4 88 0.4 
