100
13 50 0 
34 3 1 34 0.3 35 0.5 45 0.9 87 0 93 0.6 
224 25 0.9 28 0 46 0.6 61 0.8 67 0 70 0.4 75 0.5 85 0.6 89 0.3 
281 0 0.5 4 0.3 5 0 27 0 30 0.7 38 0.4 46 0.5 63 0.5 
369 14 0.9 37 0 41 1 76 0.3 
475 7 0 21 0.3 37 0.8 45 1 62 0.6 74 0.7 86 0.6 88 0.9 
643 21 0.8 79 0 
695 1 0 11 0 23 0.6 35 0 36 1 49 0.9 68 0 73 0.7 98 0 
769 61 0.9 98 0.6 
854 1 0 8 0 25 0.7 26 0.4 37 0 51 0 74 0.3 89 0.4 
893 11 0.6 14 1 76 0 
955 29 0.9 38 0 74 0.5 
1002 29 0.7 48 0.4 54 0.4 63 0.5 93 0.3 
1018 11 1 15 0 31 0 52 0 68 0.8 80 0.9 81 0 88 0.6 90 1 91 0.4 
1099 19 0.3 65 1 69 1 83 0.5 
1129 12 0 48 1 58 0.6 88 0 92 0.4 97 0.3 
1220 53 1 
1359 20 0.3 21 1 39 0.7 48 0 49 0.3 59 0.6 64 0 74 1 
1446 31 0.4 90 0 
1501 15 0.8 26 0.7 53 0.4 67 0.7 77 0.4 
1549 44 0 75 0.6 81 0 91 1 
1560 17 0 19 0.3 43 0.4 89 0 
1730 16 0.7 52 0.4 94 0.3 
1771 0 0.8 4 0.5 11 0.4 12 0.9 21 0.4 54 0.7 94 0.6 
1808 18 0.3 27 0.3 50 0.8 64 1 77 0.5 82 0 
1868 8 0.9 14 0.8 16 1 35 0.9 48 0.5 64 0.6 94 0.8 
2038 34 0 
2042 20 0 27 0.5 30 0.5 47 0 77 0.7 78 0 94 0.5 
2108 0 0.7 29 0.5 42 0 46 0.8 85 0.7 
2254 15 0 39 0.9 95 0.3 
2419 14 0.7 24 0.8 38 0.3 59 0.6 64 0.4 
2878 21 1 
3130 27 0.8 
3156 8 0.6 11 0.7 31 0 33 1 
3171 0 0.4 23 0 34 0.7 39 0.8 80 0 82 0.5 87 0.6 88 0.6 
3327 3 0.4 16 0 22 1 47 0.6 53 0.8 77 0.6 96 0 
3338 1 1 37 0 45 0 55 0.3 63 0 72 0.9 75 0.8 81 0.5 82 0 
3373 48 0.8 61 0.8 
3652 33 0 48 0 99 0.9 
3664 25 0.5 37 0.3 56 1 74 0.9 
3704 20 0 51 0.9 
3821 6 0 12 0 23 0.4 26 0.9 49 0.3 82 0.9 88 1 
4020 9 0.9 25 0.7 43 0.5 75 0.8 83 0.7 94 0.3 
4081 57 0 68 0.4 
4154 45 0.4 52 0.5 96 0.8 
4185 7 0.4 24 1 38 0.9 46 0.7 54 0.7 70 0.6 90 0.9 
4205 17 0 26 0 44 0.5 54 0.9 62 0.9 63 1 64 1 77 0.8 89 0.3 90 0.4 
4219 22 1 28 0 29 0.4 63 0.4 
4236 42 0.7 44 0 74 0 98 1 99 0.5 
4384 0 0.7 26 0 40 0.7 94 0.9 
4611 2 0.5 18 0.6 35 0.9 87 0 95 0 
4827 5 0.8 38 0.3 43 0.8 57 0.7 62 0.4 72 0 
4913 16 1 37 0.6 43 0 52 0.5 56 0.8 70 0.9 75 0 
5182 12 0.5 18 0 24 0 32 0.4 88 0 95 0.3 
5254 19 0 22 1 26 0.7 92 0.5 96 0.8 
5442 48 0.5 
5576 9 1 20 0.5 48 0.8 49 0 55 0.9 60 0.3 65 0.5 
5758 26 0.3 89 0.7 
5932 3 0 11 0.4 27 0.4 56 0.7 60 1 79 0 84 1 94 0 
5957 6 0 9 0 16 0 27 1 60 0.4 97 0.3 
5983 28 0 53 0.8 54 1 59 1 60 0.5 
6070 0 0.7 24 0.3 32 0 33 0 43 0 48 0.7 82 1 99 0.3 
6151 8 1 22 0.4 83 0.5 
6390 17 0 20 0.9 35 0.4 44 0 46 0.6 52 0.9 55 0.6 68 0 
6400 17 0 22 1 26 0.9 39 0.8 40 0.8 92 0 95 0.8 
6486 54 1 82 0 
6500 15 0.5 29 0.5 41 0.8 50 0 70 0.9 77 0.6 
6573 10 0.8 22 0.7 35 0.6 52 0 67 0.6 68 0 87 0.6 99 0.6 
6606 17 1 22 0 26 0.5 37 0.3 39 0.7 55 1 56 0.7 
6735 23 1 33 0.8 48 0.9 54 1 57 0.5 59 0.4 85 0 88 0.3 
6743 27 0 40 0 42 0 49 0.5 79 1 89 0.9 90 0.4 
6841 13 0.6 15 0 46 0.5 54 0.8 60 0 73 0.9 86 0 90 0 
7206 9 0.5 13 0.6 22 0.4 32 0.7 38 0 48 0.9 55 0.3 77 0.4 78 0.8 89 0.3 
7272 19 0.3 20 0 30 0.6 36 1 38 0.8 75 0 91 0.4 94 0.8 
7358 28 0.3 44 0 45 0.8 54 0 99 0.8 
7480 90 1 94 0.7 
7486 3 0 14 0 53 0.5 78 0.9 90 0.8 92 0.9 98 0.9 
7696 0 0.3 9 0.6 52 0 76 0.7 81 0.3 
7732 30 0.3 
7968 14 0.4 28 0.3 32 0 41 0.6 46 0.6 49 0 84 1 
8049 3 0.8 10 0.7 33 0.8 41 0 55 0 75 0.7 81 0 86 0 
8151 29 0 61 1 81 0.7 92 0 
8156 43 0.4 51 0 54 0.3 73 0 81 0.9 84 0.3 85 0 
8217 0 0.5 1 0.5 4 0.5 8 0 31 0.3 32 0.7 83 0 86 0 91 0.8 
8258 4 0.9 17 1 44 0 45 0.3 65 0.4 72 0.7 76 0.5 78 0.5 87 0.7 
8491 7 0 17 0 27 0.6 48 0.8 72 0 87 0.7 88 0.3 99 0.5 
8817 0 0 48 0.3 61 0 81 1 95 0.3 97 0 
8842 3 0.6 24 0 25 0 28 0 38 0.4 82 0.3 94 1 
8844 6 0.7 39 0.5 
8931 20 0 35 0 77 0 
8932 4 0.5 37 0.9 
9047 3 0 6 0.3 9 0.7 23 1 25 0 28 0.4 31 0.5 78 0.9 83 0.8 
9085 1 0.3 8 0 16 0.9 21 0.9 43 0.7 71 0.4 77 1 78 0.5 
9431 22 0 69 0.6 70 0 81 0 92 0.7 93 0 
9587 37 0.9 
9623 15 0.3 42 0.9 
9648 39 0 47 0.6 64 0 
9872 28 0.9 39 0.6 60 0.3 61 0.9 
9908 61 0.6 
9973 18 0.4 23 0.8 58 0.3 
