100
19 12 0 23 0 33 0.7 44 0.9 66 1 72 0.4 73 1 
65 5 0.9 26 0.5 43 0.9 47 1 96 0 99 0.7 
134 11 0.4 18 0.8 57 0 66 0.3 70 0.3 96 0.8 
178 8 0.6 55 0 83 0.8 
309 7 0.7 20 0 23 0 37 0.7 48 0.4 61 0.9 64 0.6 69 0 91 1 
314 15 0.8 36 0 
351 11 0.6 16 0.6 22 0.8 75 0 
429 33 0 94 0.7 
434 16 0.7 19 0 26 0.4 53 0.4 70 0.7 71 0.8 74 0 87 0 94 0.4 
455 0 0.9 6 0 41 0.5 53 0.6 73 0 79 0.7 80 0.5 
548 25 0 45 0.6 
616 0 0 3 0.4 15 0 21 0 22 1 32 1 38 0 41 0.3 56 0 59 0.8 
693 59 0.8 
718 8 0 17 0.8 26 0.3 43 0 74 0.3 79 0.4 
864 13 0.8 20 0.4 67 0.4 71 0 77 0.5 90 0.8 94 0 
917 9 1 15 0.3 37 0.4 42 0 84 0 97 1 
1100 7 0.8 42 0.9 50 0.3 54 0.6 79 0.7 84 0.8 99 0.7 
1108 3 0.5 5 0.8 8 0.7 13 0 41 0.6 44 0 45 0.5 94 0.6 98 0 
1116 3 0.9 16 0.4 22 0 41 0.4 71 0.3 88 0.7 
1135 41 0 70 0.7 
1195 3 1 5 0.4 25 0 26 0.9 29 0.8 39 0.7 74 1 78 0 86 0.9 90 0 
1451 15 1 37 0 
1515 10 0.6 17 0.4 26 0.6 28 0 38 0.4 58 0 62 0.8 67 0.5 72 0.6 88 0 
1534 16 1 34 0 64 0 68 0 91 0.3 
1549 44 0.5 75 0.8 81 0 91 1 
1555 72 0.5 
1730 16 0.8 52 0.4 94 0 
1962 72 0 
2009 7 0.6 24 0.4 46 0.3 60 0.3 61 0.7 74 0.7 83 0.3 86 0.5 96 0.6 99 0 
2275 0 0.7 20 1 43 0 55 0.9 67 0 98 0.5 
2310 69 0.8 
2349 27 0.6 57 0.9 61 0.9 78 0 91 1 93 0.8 
2564 25 0.9 32 0.6 66 0 81 1 85 0 86 0 89 0 94 0.5 97 0.5 
2700 0 0 9 0 34 0.6 38 0.4 42 0.8 53 0.6 75 0 85 0 99 0.7 
2707 82 0.6 
2740 1 0 38 0.5 56 0.9 94 0 
2981 2 0 10 0.7 33 0.4 63 0.4 
3219 1 0 14 0.3 15 0.7 36 0 37 0.7 48 0.5 56 0 77 0 79 0.5 
3241 50 0.5 
3467 10 0 69 0 93 0.3 94 0.4 
3831 21 0.4 97 0.6 
3856 23 0 29 0.6 32 0.7 55 0.4 66 0.5 
3862 1 0.9 36 0.4 76 0.8 91 0 
3940 13 0.8 17 0 32 0.8 35 0.8 44 0.7 93 1 
3966 10 0.3 14 0.8 32 0.9 41 0.8 49 0 63 0 65 0.9 92 0 
4065 61 0.8 71 1 
4073 1 0.4 2 0 13 0.6 15 0.3 47 0 50 0.9 74 0.6 83 0.8 
4199 0 0 3 0.9 78 0.3 90 0.3 
4386 2 0.4 3 0.9 15 0 65 0 75 0.5 83 0 84 0.4 
4585 12 0 17 0.4 32 0.9 39 0.9 57 0.3 60 0 68 0 86 0 92 0.8 93 0.7 
4627 4 1 15 0.9 43 0 48 0.3 77 0.3 81 0.8 82 0 91 0.6 
4686 7 0.9 19 0.3 32 0.7 46 0.6 51 0.5 89 0 91 1 96 0 
4859 79 0.5 
4925 4 0 26 0.3 32 0.6 33 0 37 0.5 51 0 54 0 66 0.6 77 0.9 86 0.3 
5317 14 0.8 20 0.9 30 0.5 35 0 58 1 84 0 86 0 89 0.5 
5498 7 0.6 14 0.3 33 0 36 0 96 1 
5624 10 0.5 12 0.8 36 1 38 0.6 76 0 
5661 6 0.4 20 0 31 0 36 0.3 55 0.9 59 0 82 0.4 99 0.4 
5988 1 0.7 2 0 41 0 55 0.8 64 0 65 0.7 73 0.3 87 0.6 98 1 
6035 92 0.5 
6202 9 0 18 0 27 0.8 28 0.8 40 0.4 44 0.8 47 0.6 77 1 95 0.8 
6446 89 0 
6603 5 0 8 1 11 0 31 0 42 0.8 54 0.7 65 0.5 74 0.6 
6612 12 0.5 31 0.9 51 0.8 
6615 3 0.3 25 0 28 0 48 0 58 0.6 65 0 66 0.4 84 0.4 91 0.4 
6698 2 0 16 0.6 20 0.3 36 0.5 38 0.5 61 0.7 64 0.3 80 0.4 81 0.5 98 0.8 
6707 48 0.9 78 0.6 83 0.8 84 0.4 87 0.6 89 0.8 90 0 
6847 41 0.4 78 0.5 
7179 46 0.4 71 0 89 0 
7204 33 0.6 36 0.8 49 0.3 76 0.3 
7227 7 0.5 49 0.6 
7275 21 0 30 0.7 52 0 74 1 82 0 91 0 94 0 
7308 10 0 27 0.6 34 1 39 0.8 43 1 65 0.9 74 0.7 76 0.6 99 0.3 
7387 2 1 6 0 22 0.6 48 0.3 59 0.6 67 0.7 77 0.8 85 0 88 0.4 90 0.8 
7491 22 0 26 0 31 0.3 71 0.3 76 0.6 97 0 
7592 5 0.3 27 1 31 0.4 56 0 57 0.6 58 0.6 66 0.5 82 0 89 1 95 0.3 
7594 1 0.8 22 0.9 77 0.3 99 0 
7611 74 0 75 0 88 0 
7636 26 0 58 0.9 71 1 
7715 16 0.9 17 1 18 0.9 35 0.5 37 0.7 47 0.8 86 0.5 91 0 
7969 87 0.6 
8037 6 0 24 1 30 0.5 42 1 45 1 52 0.3 71 0.4 
8274 0 1 23 0.8 31 0.9 32 0 88 0.3 
8439 31 1 33 1 70 1 94 1 
8447 5 0.7 11 0.9 19 0.5 42 0 48 0 91 0.3 
8710 0 1 36 0 53 0.9 84 0.4 
8792 5 0.8 13 0.8 14 0.3 21 0 25 0.5 37 0.8 47 0 81 0 
8941 43 0.9 46 0 50 0.8 55 0.8 60 0.7 62 0 70 0.7 82 0.7 
9006 16 0.7 21 0.7 24 0.3 
9018 2 0.9 15 0.7 19 0.9 35 0 41 0.7 52 1 55 0.3 86 0 96 0.9 
9234 7 0.5 28 0.7 46 0.4 50 0.6 52 0.9 66 1 69 1 75 0 85 0.6 
9354 24 0 42 0 58 0.5 
9378 5 0.8 37 0.8 
9427 11 0 29 0 47 0.6 51 0.5 57 0.6 79 0 94 0 
9591 17 0.9 18 0.9 31 0.5 39 0.6 50 0 62 0.6 83 0.3 87 0.9 98 0.6 
9686 3 1 62 0.4 
9691 10 0.7 13 0.8 14 0.4 16 0.7 36 0.9 43 0.4 52 0 85 0.5 87 0 
9702 11 1 18 0.3 43 0.4 78 0 
9742 10 1 19 0.9 32 0 50 0.7 68 0 72 1 89 0.4 
9939 23 0.6 29 0 36 0.3 39 0.5 47 0 69 1 73 0 76 0.6 77 0.9 95 0.7 
