100
101 5 1 12 0.7 37 0.8 
198 0 0.8 5 1 23 0 37 0.4 52 0.3 56 0.5 80 0.6 82 0.6 89 0.9 93 0.4 
201 0 0 20 0 48 0.7 52 1 59 0.8 61 0.3 81 0.6 
256 6 0.9 8 0 43 0.7 45 0 69 0.6 71 0 78 0.3 85 0.7 
346 36 0.8 
366 8 0.9 26 0.6 31 0 65 0.8 71 0 76 1 99 0.7 
387 27 1 33 0.3 38 0.6 49 0.6 65 0 87 0.7 
404 56 0 
494 44 0.7 57 0 75 0.7 
506 0 0.7 10 0 18 1 39 0 64 0.3 81 0 90 0 
784 0 0.4 4 1 6 0.3 7 0.4 23 0.7 24 0.4 46 0.4 87 0.8 
800 24 0 25 0.9 35 0.7 62 0 69 0.9 92 0 
868 27 0 
890 10 0.9 38 0.4 40 0.8 42 0.5 46 0.9 52 0 62 0.8 67 0 72 0.7 81 0.6 
1078 0 0 99 0 
1239 20 0.4 26 0.9 40 0.9 74 0.8 95 0 
1243 28 0.8 49 0 55 0 63 0.9 68 0.3 98 0.7 
1280 6 0 12 0.8 26 0.7 57 0.9 63 0 68 0 91 0.7 
1361 32 0.7 53 0.5 59 0.7 65 0.7 69 0.7 
1593 22 0.8 33 1 35 0 47 0 54 0.8 63 0 78 0.9 
1622 28 0 57 0.7 61 0.6 
1669 9 0.7 10 0 60 0 
1890 29 0 42 0.8 47 0.8 98 0.7 
2118 4 0.6 
2147 2 0.4 11 0.8 13 0.3 25 0.5 44 1 55 1 63 0.6 68 0.7 94 0.7 
2224 6 0.6 23 0.5 32 1 34 0.9 53 0.8 60 0 81 0.9 97 1 
2229 16 0.9 28 0 49 0.8 73 1 
2240 6 0 9 1 24 0.5 36 0 40 0 45 0 51 0.5 59 0 73 0.8 
2294 4 0.8 55 0.4 62 0.8 65 0 70 0.3 74 0.8 85 0 97 0.6 
2297 15 0.3 16 0 45 0 73 0.4 82 0.6 89 0 
2353 4 1 10 0.8 26 0.4 39 0.4 51 0.4 76 0.8 82 0.8 97 0 
2535 5 0.7 12 0.8 32 0 43 1 57 0 67 1 69 1 76 0.6 89 0.4 98 0 
2711 1 0.5 3 0.3 15 0.3 37 0 49 0.4 59 0.6 70 0.7 78 0 79 0.6 88 0 
2736 71 0.6 
2896 3 0 11 0.7 24 1 32 0.5 73 0 
2908 5 0.9 17 0 41 0.3 54 0.4 77 0.7 
2930 7 0 19 0 37 0 65 0 77 0 81 0.8 
2941 14 0 19 0 41 0 48 1 61 0.9 
2948 19 0.6 45 0.6 48 0.8 54 0 61 0.3 72 0.5 79 0.3 
3072 7 0.4 33 0 
3261 2 0 14 0 26 0.9 36 0.5 57 0.7 94 0 96 0.8 
3271 2 0.4 31 0.7 32 0 35 0.6 56 0.6 61 0 62 0.5 77 0.7 81 1 
3281 1 0.8 10 0 11 0.7 29 0 36 0 55 0.7 58 0.3 82 0.9 93 1 99 0.6 
3496 1 0.6 12 0.5 28 1 74 0 89 0.4 93 0.3 
3509 1 0 19 0.5 29 0.7 38 1 44 0 52 0.8 59 0.8 62 0.5 83 1 
3543 19 0.7 41 0.7 43 0.4 45 0.8 65 0 75 0 
3552 1 0.4 39 0.3 44 0.4 70 0.6 84 0 
3693 21 0 30 0.8 62 0 63 0.9 73 0.7 95 0.3 99 1 
3828 2 0 33 0.6 81 0.8 
3967 1 0.7 11 0.9 15 0 23 1 47 0.9 54 0 60 0 65 0 99 0.8 
3984 50 0.3 
4192 7 0.8 22 1 23 0.6 38 0.3 40 0 51 0.5 55 0.3 71 0.3 
4201 20 0.4 27 0.7 71 0.6 90 0.6 93 0.6 99 0 
4228 96 0.4 
4286 66 0.6 92 0 
4288 21 0 38 0 39 0.4 46 0.5 53 0.9 60 0.4 73 0.6 77 0 
4377 6 0.8 28 0 33 0 70 0 72 0.8 99 0.3 
4384 0 0.3 26 0.8 40 0 94 0.4 
4581 30 0.3 40 0.3 65 0.5 
4689 19 0 24 0.3 35 0.7 56 0.3 71 0.3 
4993 29 0.5 30 0 32 0 35 0 
5193 9 0 15 1 35 0.9 40 0.9 46 0.9 51 1 56 0.7 70 0 76 0 85 0.4 
5251 16 0.3 29 0.9 67 1 
5371 5 0 62 0.9 73 0.6 74 0.9 83 0 84 0.4 96 0 
5628 18 0.8 34 0.5 37 0.9 40 0 42 0.4 44 0.9 45 0 56 0.8 80 0.9 95 0 
5744 9 0.8 30 0.3 35 0 44 0 48 0.8 54 0 60 0 68 0.3 81 0.5 86 0.8 
5843 12 0.8 20 0 52 0.4 53 0.8 69 0.3 80 0 83 1 88 0 96 0.7 99 0.8 
5886 18 0.5 39 0.6 95 0.8 
5982 65 0 
6011 27 0.9 28 0.4 39 0.6 40 0.9 47 0.7 49 0.5 63 0.9 70 0 87 0 
6084 2 0.5 27 0.9 28 0.6 41 0.5 64 0 73 0.7 75 0 80 0.4 87 1 91 0.3 
6151 8 1 22 0 83 0 
6188 8 0.3 40 0.3 
6238 18 0.8 63 0.3 
6319 4 0.4 25 0.5 30 0 38 1 53 0 58 0 
6356 28 0.8 49 0.7 80 0.9 
6383 9 0 14 1 18 0.3 24 0.5 30 0.3 38 0.4 53 0.8 54 0.8 72 0.6 91 0.7 
6598 10 1 29 0.3 30 0.3 39 0.5 41 0.7 51 0 56 1 61 1 
6675 2 0.3 72 0.6 
6809 19 0.5 72 0.4 91 0.4 
6940 72 1 
6958 0 0.6 17 0.8 25 0 33 0.8 59 0.5 61 0.6 64 0 85 0.5 
7042 22 0 45 0 55 0.6 57 0 91 0.7 
7505 2 0.8 3 0.9 11 0 28 1 54 0.7 61 0 83 0.7 88 1 
7668 19 0 34 0 46 1 47 0.4 74 0.3 83 0.8 94 0.4 
7698 78 0 
7708 3 0.3 5 0.8 14 1 19 0.3 26 0.8 41 0.9 51 1 63 0 68 0.5 94 0 
7902 10 0.8 17 0.5 33 0.3 47 0.3 62 0.3 77 0.7 87 0 91 0.6 
8405 10 0 27 0 46 0.9 68 0.4 85 0 94 0.4 
8472 23 0.5 33 0.4 34 0.6 48 0 55 1 58 1 67 0.9 89 0.6 90 0.5 
8693 3 0.6 34 0.5 56 0.4 75 0.5 84 0 
8916 4 0.9 12 0.8 14 0 23 0.7 54 1 70 1 81 0 82 0.8 94 0.3 98 0.9 
8960 1 0 6 0.5 7 0.6 25 0 53 0.3 78 0 98 0.9 
9267 14 0 27 0.5 36 0.8 40 0.3 44 0.5 84 0.9 90 1 
9273 25 0.5 83 0.9 
9375 15 1 31 0 49 0.8 61 0.5 74 0.8 84 0.5 
9477 77 0.7 
9789 13 0.8 48 0 96 0.9 97 0.5 
9936 1 0.9 3 0.5 7 0.9 51 0.8 53 0 65 0.5 70 0.7 72 1 73 0 88 0 
9961 92 0 
