100
10 29 0.8 85 0.6 
255 11 0.3 
382 4 0.5 17 0.5 28 0.4 30 0 44 0 55 1 87 0.6 99 0.8 
459 14 0.4 17 0.4 21 0.5 37 0 61 0 65 0 69 1 70 0.7 80 0.5 
491 10 0.7 11 0.6 16 0.9 26 0.6 47 0.5 96 0.6 
605 2 0.9 16 0.3 27 0 61 0.5 95 0 97 0.7 
667 27 0.6 85 0.5 
931 3 0.6 6 0.5 9 0 13 0.3 15 0.5 26 0 52 0.5 55 0 56 0.3 80 0.3 
1144 35 0 39 0.3 66 1 
1244 7 0.5 25 0.6 40 0.3 55 0.7 72 0.6 81 0 82 0.4 87 0.6 90 0.4 
1309 41 0 57 0.9 71 0.3 78 0.6 82 0 94 0.4 
1321 5 0.6 11 0.3 18 0 34 0.9 42 0.7 54 0.6 60 0 67 0 69 0.9 79 1 
1351 4 0.3 9 0 34 0.7 40 0.4 50 1 65 1 74 0.9 78 0 99 0.6 
1365 64 0.8 
1445 30 0.5 48 0.7 
1706 11 0 12 0 27 0.8 35 0.4 51 0.8 61 0.6 75 0 88 0.5 96 0.7 
1714 15 0 20 0.6 23 0.3 41 0 44 1 45 0.4 53 0.9 
1748 1 0.6 11 0.6 12 0.7 30 0.6 50 1 51 0 67 0.6 76 0.3 84 1 88 0 
1880 6 0 45 0.3 98 0 
2167 28 0.7 49 0.4 77 0.7 79 0.7 
2301 2 0.5 13 0.7 19 0.7 28 0.9 59 0 60 0.8 88 0.7 91 1 95 0.8 96 0.8 
2314 6 0 9 0.7 52 0.6 62 0.4 
2332 66 0.6 85 0.7 
2368 29 0 36 0.7 45 0.7 77 0.8 
2408 5 0.6 11 0.6 13 0 26 0.8 31 0 45 1 53 0.8 61 0 82 0.8 90 0.4 
2505 29 0.8 43 1 63 0 70 0.4 
2510 12 0.5 32 0.3 55 0.4 60 0 65 0.6 79 1 85 0.4 87 0 99 0.6 
2689 15 0.5 31 0.8 49 0.5 63 0 66 0 78 0 80 0.7 89 0.9 91 0.7 
2769 11 0.8 17 0 24 0 25 0.6 42 0 69 0 74 0 91 0.9 
2931 40 0.6 86 0.6 88 0.8 97 0 99 0.4 
2961 4 1 11 0 12 0.4 20 0.3 24 0 31 0 
3042 5 1 30 0.4 31 0 37 0 52 0.8 62 0.7 69 0.9 78 0 92 0.8 96 0 
3149 66 0 
3278 41 1 
3327 3 0.3 16 0 22 0.4 47 0.7 53 0.9 77 0 96 1 
3389 0 1 4 0.3 41 0.5 44 0.8 54 0.9 60 0.6 93 0 
3448 83 1 
3567 1 0.8 27 0.4 35 0.7 69 0 
3640 38 0 48 1 60 0.7 69 0.4 72 0.9 83 0.9 92 0.7 
3696 35 0.9 
3741 39 0 72 0.9 83 0.7 
3772 10 1 28 0.5 43 0.4 
3969 10 0.7 22 0.7 27 0 64 0 76 0.3 79 0.5 80 0.7 87 0.5 93 0.5 97 0.7 
4043 31 0 74 0.4 94 0 
4147 13 0 45 0 47 0.6 49 0 51 1 56 0.6 58 0.7 59 1 75 0 97 0.9 
4283 1 0.9 2 0.5 6 0.6 13 0.7 38 0.6 
4432 74 0.5 75 0.8 
4558 13 0 16 0 24 0.6 39 0.6 47 0.4 61 0 71 1 97 0.6 98 0.8 
4589 16 0 23 0.4 25 0.7 30 0 32 0 35 0.7 53 1 68 1 98 0.5 
4967 5 0.9 17 0.8 31 0.7 35 0.4 39 0.3 42 0.8 51 0 
4993 29 0 30 1 32 1 35 1 
5069 5 0.9 6 0 16 0.3 23 0.5 34 0.5 44 0.3 58 0 70 0.8 89 0.8 95 0.3 
5077 8 0.5 12 0.6 16 0.6 57 0.7 89 0.3 91 1 99 0.5 
5080 3 0 10 0.8 14 0.8 30 0.9 39 0 40 0 46 0 50 0.9 63 0 
5187 29 1 86 0.6 93 0.5 
5240 31 0 54 0.7 90 0 95 0.3 
5253 0 1 28 0 35 1 36 0.3 75 0.5 79 1 80 0.4 81 0.8 96 0.8 99 0.5 
5352 36 0.8 55 0 68 0.5 73 0.8 75 0.6 93 0.9 
5540 33 0.3 35 0.6 83 0.8 
5602 1 0 12 0.5 19 0.5 30 0.8 38 0.4 48 0 68 0 84 0 95 0 
5639 20 0 29 0.5 30 0.4 66 0 72 1 
6020 7 0.6 39 0 44 0 
6161 33 1 51 0.4 54 0.5 68 1 69 0.9 74 0.4 75 0.5 77 0.6 80 0.6 94 1 
6206 42 0.8 43 1 46 0.8 59 0.6 70 0 
6473 0 0.3 15 0.3 34 0.4 53 0.4 84 0 93 0.9 99 0.3 
6876 5 0.4 20 1 33 0.9 43 1 64 0.6 75 0.3 81 0.5 
6937 16 0.7 25 0.5 26 0 29 0.7 33 0.9 47 0.8 56 0.5 88 0.7 
6993 16 0.4 17 0 44 0.6 47 0.7 48 0.9 52 0.3 61 0.8 67 0.7 85 0.4 
7186 8 0.4 30 0 33 0 40 0 41 0 45 0.4 77 0.3 86 0.5 87 0.6 96 0.4 
7330 46 0.6 
7486 3 0 14 0.8 53 0.9 78 0.3 90 0.6 92 0.4 98 0.8 
7540 5 0 30 0.4 42 0.7 44 0.5 65 0 71 1 79 0 94 0 
7643 8 0 27 0.3 34 0 49 0 65 0 66 1 69 0.9 70 0.6 76 0.3 78 0.3 
7808 8 0.3 17 0.7 21 0.9 70 1 87 0 99 0.7 
7907 5 0.7 14 0.3 33 0.3 42 0.9 45 0.3 62 0 78 0.4 84 0.5 85 0.5 88 0 
7924 21 1 30 0.3 33 0.8 
8097 7 1 13 0.6 18 0.7 22 0 24 0.7 54 0.7 77 0 79 0 
8250 46 0.7 
8445 27 0.3 38 0.6 51 1 
8556 55 0.4 60 1 80 0.6 99 0.6 
8565 9 0 18 0 24 0.7 35 1 39 0.7 42 0.6 59 1 65 0.7 76 0.9 85 0.9 
8600 74 0.9 82 0.9 93 0.8 94 0.7 
8634 2 0 5 0.8 8 0.5 10 0.8 29 0.7 68 0.3 
8799 2 0.7 4 1 11 0.7 40 0.7 66 0 72 0.7 92 0.3 
8902 0 0 1 0.9 16 0.6 34 0.6 40 0.4 43 0.7 61 0 71 0 
8918 2 0 6 0.9 10 0 17 0 19 0.5 40 0.6 64 0 79 0.7 89 1 91 0 
8933 0 0.8 34 0.3 44 0 54 0 72 0 80 1 82 0 
8940 19 0 20 0.6 33 1 46 0 48 1 55 0.7 60 0 77 0.9 79 0.5 86 0 
9005 20 0.6 29 0 40 1 65 0.9 89 0.6 95 0.4 98 0.6 
9100 49 0.6 50 0 51 0.4 97 0.5 
9167 20 0.4 64 0.6 70 1 96 0.6 
9350 1 0 23 0.4 25 0.8 60 0.5 65 0.7 69 0.8 70 0.7 74 0.8 96 0 
9527 0 0.6 31 0.7 36 1 40 0 42 0.3 96 0 
9538 3 0.6 19 0 60 0 
9590 31 0.8 
9725 2 0.5 67 0.9 79 0 84 0 97 0.4 
9780 8 0.9 50 0.6 69 0.3 95 1 
9793 1 0 31 0.6 32 0.3 43 0.7 54 0.7 67 0 73 0.8 90 0 
9806 0 0.5 30 0.4 80 0 83 0 88 0 
9863 8 0.5 
