100
31 10 0.7 19 0.6 42 0.5 65 0.9 67 0.8 71 0.9 81 0.3 95 1 
219 18 0.3 38 0.7 
233 97 0 
269 6 0.7 10 0.8 21 0.8 31 0.8 33 0.9 44 0.8 57 0.9 84 1 91 0.5 96 0 
306 1 0.9 26 0 47 0.7 77 0.6 94 0.5 97 0.6 
370 12 0.4 34 0 36 0 44 1 65 0 70 0.4 92 0.5 95 0.8 
414 1 0.6 16 0.5 25 0 68 1 89 0.8 
430 26 0.7 44 0.3 81 0.5 85 0.8 91 0.5 
447 26 0.5 29 0.4 42 0.3 68 0 72 0.8 85 1 88 0.7 93 0 
507 9 0 27 0.3 
520 15 0.5 35 0.9 50 0 
594 17 0.4 31 0 47 0.5 58 0 74 0.7 75 0.8 88 0.4 
621 37 0.9 44 0.4 47 0.7 56 0 75 0.3 93 0.9 
627 45 0.8 
660 16 0.6 20 0.4 38 0.4 43 1 52 0.7 63 0.3 64 0.4 93 0 99 0.4 
674 91 0.3 
736 23 0.3 71 0 99 0.6 
948 5 0.6 8 0.4 22 0 23 0.6 27 0.6 87 1 89 1 96 0 
1096 7 0.3 22 0.4 42 0 92 0 
1132 22 0.4 31 0 88 0.6 96 0 
1155 5 0 7 0.8 16 0.5 18 0 25 0.3 47 0.3 66 0 98 0 
1255 15 0 21 0.6 22 0.7 34 0.6 75 0.5 84 0.6 
1282 3 0.5 
1308 3 0.3 49 0.7 50 0.5 54 0.8 61 0.9 65 0.9 78 0.7 85 0.7 90 0.9 
1375 5 0 46 0.4 82 0.5 98 0.8 
1430 24 0.5 38 0.5 47 0.7 55 0.9 56 0.8 59 0 72 0 74 0 79 0.5 
1435 11 0 16 0.4 44 0.5 69 1 70 0 94 0 
1539 39 0 50 0 59 0.4 
1601 42 0.3 48 0 57 0.5 
1612 22 0 24 0.8 28 1 30 0 56 0 87 0 89 1 97 0.7 
1664 14 1 77 1 88 0.8 
1681 11 0.3 18 0.9 35 0.6 72 0 80 0 83 0.7 84 0.6 98 0.5 
1845 20 0.9 42 0 72 1 89 0.8 
1945 17 0.3 42 0 55 0.3 59 0.6 68 0.7 80 1 81 0.7 95 0.8 
2352 6 0.6 33 0 42 0 58 0 60 0.4 62 0.8 68 0.3 73 0.3 96 0.6 97 0 
2715 8 1 26 0.3 54 0.6 58 0.5 98 0 
2729 24 0.3 32 0.9 38 0.6 42 0 61 0 
2848 1 0.9 42 1 46 0 56 0.8 59 0.7 82 0 
2873 27 0.9 29 0 65 0 
2933 19 0.4 84 0.7 96 0.4 
2992 5 0.3 15 0.7 28 1 34 0.8 39 1 
3095 41 0.9 
3176 17 0 59 0.4 
3370 20 0.3 25 1 29 0.7 36 0.5 54 0 55 0.3 64 0.3 82 0.7 91 0.4 
3388 3 0.9 30 0.9 43 0.8 46 1 58 0 60 0.3 89 0.9 96 0 
3583 0 0.7 7 0.4 24 0.6 46 0.9 58 0.6 91 0 
3618 3 0 4 0.5 6 0.5 20 0.4 37 0.4 48 1 
3655 7 0.3 13 1 27 0.4 34 0 72 1 76 0.4 86 0.3 92 0.9 
3761 7 0 22 0.9 
3893 18 0.7 31 0.7 45 0.7 47 0.9 55 0.8 85 0.3 88 0.3 96 0.4 
4041 18 0.9 
4155 1 0 13 0.3 30 0.8 59 0.7 65 0 85 0.6 
4287 17 0.6 18 0 26 0.9 34 0 40 0.6 98 0.8 
4323 15 0.6 42 0 63 0 79 0 86 0.6 93 1 94 0 95 0 97 0 
4324 20 0 38 0.5 48 0.7 65 0.7 88 0.6 
4364 38 0 79 0.9 
4542 24 0.7 45 0.7 51 0.8 71 0 82 0.5 84 0.3 
4945 34 0.5 49 0 52 0.6 57 0.9 64 0.3 90 0.6 93 0.8 99 0.3 
4999 18 0.3 19 0.4 69 0.3 92 0 
5513 6 0.8 30 0.7 84 0.6 94 0 
5529 9 0 20 0.3 25 0.6 31 0.7 53 0.9 79 0.3 
5612 2 0.7 5 0.5 22 0.7 24 0.8 25 0.6 40 0.5 84 0.7 98 0.3 
5660 11 0.5 28 1 
5769 84 0 
5787 9 1 
5921 7 0 13 0 22 1 35 0.9 44 0.7 51 0.4 56 0.7 58 0 
6035 92 0.7 
6088 28 1 83 0 86 0 97 0.3 
6170 4 0.4 13 0.3 27 0 29 0.4 30 1 35 0.9 43 0 59 0.3 61 0.9 
6375 11 0.5 23 0.3 36 0 40 0.8 44 0.8 74 0.5 78 0.6 83 0.9 
6455 49 0.7 75 0.9 99 0.5 
6696 65 0.5 70 1 
6892 38 0.6 51 1 61 0 64 0.7 70 0.8 72 0.8 80 0.9 90 0.5 
6939 63 0.8 
6987 95 1 
7225 0 0 
7575 15 0 37 0.3 42 0 56 0.6 58 0 90 0 
7578 30 0 42 0 
7602 24 0.5 41 0.4 43 0.5 46 0.4 58 0.4 64 0 72 1 73 0 96 0 
7608 18 0 46 0.3 58 0.4 88 0.4 
7611 74 0 75 0.6 88 0 
7664 4 0 12 0.4 16 0 42 0 46 0.8 50 0.9 63 0 64 1 74 0 76 0.3 
7695 27 0 87 0.5 
7714 8 0.9 15 0 22 0 88 0 92 0.7 94 0 97 0.3 
7753 92 0 
7890 8 0 38 0.3 56 0.5 86 0.3 
7960 0 0.5 8 1 11 0.9 27 0.8 34 0 51 0 
8006 67 0.7 71 0.8 84 0 88 0 
8080 35 0.7 
8161 2 0 9 0.3 16 1 19 0.3 70 0.3 76 0.8 77 0 85 0.6 
8364 11 0.9 19 0.3 37 0.8 59 0.5 88 0.5 
8636 4 0.8 12 0.7 73 0.9 
8663 2 0.4 7 0.8 9 0.3 12 0.7 22 0 24 1 40 0.6 43 1 82 0.5 85 0 
8963 17 0.7 21 0 52 0 58 0.5 86 0 96 0.4 
9015 4 0.7 15 0 17 0.4 78 0.7 
9032 6 1 29 0.8 35 0 
9736 21 0.4 26 0 46 0.5 47 0 56 0.7 91 0.5 
9891 3 0.7 4 0 16 0.3 28 0.6 39 0 68 0.3 85 0 
9915 99 0.3 
9924 7 0 11 0 41 0.3 45 0 72 1 97 0.3 
