100
55 29 0.5 47 0.7 82 0.6 
117 1 1 19 0 47 0.3 70 0.7 77 0.8 83 0.5 88 0.3 96 1 97 0.7 
195 11 0.3 22 0 32 0.7 47 0.3 79 0 
258 1 0.6 31 0.8 82 0.9 
287 12 0.9 18 0.7 25 0.9 37 0.9 45 0.7 52 0.4 53 0.9 66 1 73 0.8 98 0.5 
349 14 0.7 37 0.3 45 0.6 47 0.8 51 0.5 66 0.7 69 0.4 72 0.4 81 0.3 99 0.5 
404 56 0.9 
469 46 0.4 49 0.3 71 0 83 0.4 
489 18 0.3 75 0 78 0.6 
556 22 0 38 1 39 0.4 54 0.5 60 0.4 63 0.4 76 0.8 
557 50 0 86 0.5 
595 39 0 60 0.9 83 1 
833 26 0.5 29 0.4 44 0 54 0.6 61 1 72 0 
885 53 0.9 75 1 82 0 
924 59 0.6 65 0 83 0.5 99 0 
969 10 0.5 22 0 60 0 78 0.4 
1018 11 0.6 15 0.4 31 1 52 0.6 68 0 80 0.5 81 0.9 88 0.8 90 0.3 91 1 
1118 13 0 33 0.5 37 0.4 
1128 44 0.7 49 0.8 73 0.3 
1241 14 0.8 49 0.8 
1371 3 0.9 4 0.7 16 0.4 27 0.3 30 1 37 0 52 0 65 1 84 0 
1411 15 0.3 20 0.7 23 0.4 29 1 83 0.3 88 1 91 0.4 95 0.3 97 0 
1492 50 0.7 
1590 19 0 23 0 33 0.5 40 0.6 44 0.6 49 0.6 51 0.9 83 0 86 0.7 
1758 0 0.5 21 0 66 0.9 91 0.4 
1837 4 0.9 27 0.7 28 0.6 48 0 60 0.5 63 0 94 1 95 0.5 96 0.8 99 0 
1896 46 0 60 0.7 62 0 71 0.9 87 0.7 96 0.4 98 0.8 
1907 5 0 8 0.6 40 1 64 0.7 70 0.9 85 0.6 89 0 94 0.3 98 0 
2053 9 0.9 14 0.9 15 0 42 0 48 0.5 83 0 
2060 3 0 13 0 19 0.4 29 0.3 34 0 67 0.5 70 0 89 0 
2119 42 0.6 53 0.7 98 0.3 
2133 3 0.4 20 0 46 1 50 0.3 53 0.3 66 0.6 76 0 78 0.4 90 0 
2203 10 0 23 0.9 32 0.9 36 0.5 67 1 76 0 77 0.7 86 0.9 94 0 99 0 
2230 3 0 56 0.3 99 0.9 
2288 1 0.4 8 0 54 0.7 74 0.5 
2311 13 0.6 16 0.9 17 0.9 19 1 22 0.3 73 0.5 77 0.5 81 0.5 86 0 95 0.3 
2359 5 0.9 46 0.7 85 0.6 88 0.8 96 0 
2379 12 0.4 49 0 69 0.8 70 0.4 75 0.6 79 0.7 96 0 
2414 53 0 
2440 57 1 
2483 28 0.6 40 0.8 62 0.7 80 0.4 97 1 
2496 26 0.4 38 0.7 69 0.8 94 0.3 
2746 8 0.8 
2919 3 0.6 21 0.4 22 0 47 0 73 0 
2949 90 0.7 94 0.5 96 0 
3116 20 0.4 28 0 32 0.7 54 0.3 65 0.8 80 0 82 0.5 88 0 94 0 98 0.6 
3175 11 0.7 21 0.7 26 0.7 30 0 52 0 61 0 70 1 83 0.8 
3179 45 0.3 
3234 7 0.8 12 0.4 29 0.3 52 0.6 82 0.9 86 0.6 
3464 57 1 
3820 11 0.6 27 1 38 1 58 0 81 0 90 0.8 93 0.5 
3840 23 0.5 27 1 50 0.8 68 0.3 72 1 80 0.5 82 0.5 95 0.8 
4104 5 0.7 14 0.6 30 0 31 0.4 61 0.7 97 0.5 
4314 28 0.6 66 0 
4411 0 0.9 21 0.5 46 0.5 80 0.9 
4462 8 0 9 0.3 16 1 25 0.3 34 0 63 0.6 73 0.4 81 0 91 0.7 
4519 3 0.5 5 0.8 6 0.5 32 0.6 33 0.6 84 0.8 92 0 
4686 7 0.4 19 1 32 0.9 46 0 51 0.8 89 0 91 0 96 0 
4886 4 0.9 40 0.9 94 0.8 
4923 14 0.6 51 0.4 
4973 17 0 32 0.8 55 0.7 97 0.8 
5052 0 0.5 21 0.4 35 0.4 46 0.3 47 0.8 54 0.5 74 0.8 95 0.8 97 0.5 
5158 18 0 37 0.6 40 0.4 68 0.8 88 0.6 93 0.4 
5184 43 0.5 47 0.3 66 0.8 72 0 83 0.3 84 1 87 0 98 0.9 
5186 40 0.4 
5234 55 1 73 0 77 0.8 86 1 
5335 10 0 31 0 34 0 39 0.3 61 0.8 82 0 99 0.9 
5357 13 0.8 16 0.6 24 0 42 0.3 52 0.5 58 0 66 0.6 72 0.7 93 0.6 
5553 22 1 27 0.9 44 0.5 75 0.8 
5618 9 0.3 17 0.7 36 0.5 40 1 45 0.9 48 0.9 74 0.7 75 1 94 0.7 
5943 4 0.8 20 0.3 23 1 29 0 34 0.4 62 0.5 82 0 
6060 4 0 14 0.9 25 0.8 45 1 50 0.9 64 0.9 65 0.5 90 0 94 0.6 98 0.4 
6082 32 1 74 1 78 0 82 0 
6226 33 0 48 0.8 
6424 1 0.3 2 0 12 0.5 21 0.8 55 0 57 0.6 65 0.3 67 0 96 0.8 
6545 9 0 13 0 17 0.7 54 0.7 63 0.9 70 0 87 1 
6579 12 0 20 0.5 30 0.5 38 0.4 44 1 61 0 63 0.9 87 0.8 92 0.8 
7099 4 0.9 73 0 89 0.5 
7138 63 0.8 
7176 50 0 87 0 96 0.8 
7197 8 0 22 1 24 0.8 43 0 57 0.6 68 0.7 70 0 79 0.6 80 1 
7239 1 0.7 12 0.4 13 0.3 40 0.9 41 0.4 47 1 64 0.6 
7446 30 0 52 0.9 58 0.5 67 0 77 0.6 80 1 
7494 30 0.6 33 0 35 0 88 1 92 0.9 
7513 37 0 43 0.8 71 0.4 
7569 6 0.8 9 0 13 0.9 18 0.8 38 0.9 48 0.9 
7910 35 0.5 56 0.4 
7952 42 0.6 61 0.3 85 0 
7998 35 0 40 0.5 68 0.6 69 0.9 83 1 
8063 91 0 
8127 9 0.5 25 0 27 0.3 37 0.6 62 1 65 0 66 0.7 78 0 87 0.8 
8699 13 0.9 15 0 22 0 25 0.5 69 0.4 73 0.4 89 0.4 91 0.4 
8961 2 0.3 43 0.5 61 0.6 69 0 77 0.5 83 1 91 0 99 0.4 
8985 4 0.9 16 0.7 22 0.9 43 0.6 86 0.6 87 0.3 93 0.3 
8988 2 0 5 0 15 0.7 31 0.9 36 0 41 0 46 0.5 66 0.7 72 0.4 
9012 98 0.6 
9028 21 1 39 0 92 0.9 
9059 4 0.7 62 0.5 70 0 
9221 16 0.9 42 0.8 45 0.3 55 0 62 0 77 0 98 0.7 99 0.9 
9853 16 0 18 1 56 0.4 
