100
69 1 0 6 1 11 0.5 39 0.4 45 0.4 60 0.5 82 0.7 88 0.8 
226 14 0.4 31 0.6 37 0.7 39 0.6 41 0.7 42 1 44 0 47 0.8 94 0 99 0.6 
375 74 0.4 
420 0 0.4 12 0.5 20 0.8 23 0.5 35 0.6 48 1 58 0 63 0.5 81 0.4 
455 0 0.5 6 0.6 41 0.8 53 0 73 0 79 0 80 0.6 
483 28 0 54 0.8 57 1 72 0 77 0.8 86 0.3 90 0.5 97 0 
597 12 0.4 33 1 
621 37 0.5 44 0.5 47 0 56 0 75 0.5 93 0.6 
622 2 0.4 21 0.6 28 0.7 43 0 60 0.3 92 1 96 0 
779 36 1 
895 0 0.6 7 0.4 12 1 46 0 91 0.4 
946 23 0.7 32 0.5 35 0 40 0 61 0 65 0.5 75 0.7 88 0.3 89 0.8 
947 2 0.9 17 0.5 40 0 44 0.8 66 0.8 69 0 70 0 74 0.8 79 0.4 
984 1 0 4 1 32 0 33 0 37 0.7 85 0 95 0.6 
1017 18 0 37 0 40 0.7 52 0.3 54 0 63 0.6 74 0.7 
1058 6 0.6 19 0 27 0 31 0 44 0.3 58 1 75 0 81 0.4 
1062 2 0.7 29 1 
1162 9 1 20 0.7 28 0.8 39 0.6 53 0.6 62 0 95 0.6 
1271 31 0.3 32 0 80 0.8 98 1 
1301 12 0.5 16 0.8 18 0 51 0 53 0 57 0 91 1 
1370 1 0.8 13 1 26 0.4 34 0.9 
1612 22 0 24 0.6 28 1 30 0.9 56 0 87 0.6 89 0 97 0 
1663 2 0 15 0.6 20 0.4 27 1 62 0.4 74 0 97 0.9 
1679 0 0 10 0.6 27 1 45 0 57 0.7 59 0.7 83 0.7 
1752 4 0.3 26 0 52 0 58 0.8 83 0.6 96 0 
1870 14 0.4 44 0.6 96 0.4 
1927 1 0 19 0 32 0.8 33 0 75 0.7 
2203 10 0.3 23 0.5 32 0.5 36 0.9 67 0 76 0.3 77 0.5 86 0.5 94 0.4 99 0 
2395 0 0.5 17 0.3 20 0.3 94 0.6 
2396 45 0 48 0 57 1 60 0 63 0.9 71 0 83 0.7 
2407 4 0 29 0.8 55 0.4 
2633 1 0.7 67 0 76 0.9 81 0 
2688 36 0.7 64 0 
2857 84 0 96 0.9 
2899 33 0 34 1 36 0.3 63 0 69 1 75 1 78 1 86 0.9 91 0 
2926 31 0 34 0.5 40 0.9 66 0.9 68 0.8 
3005 5 0.4 14 0.9 32 0.6 43 0 60 0.8 86 0.4 
3015 7 0 36 0 53 0.4 63 0 64 0 70 0.9 71 1 96 0.8 
3369 23 0.7 38 0.8 39 0.3 45 0.5 
3380 12 0.9 18 0.4 34 0 37 0.5 38 0 41 0.3 69 0.5 85 0 86 0 98 0.5 
3383 4 0.8 10 0.9 13 0.5 15 0 16 0.3 27 0.9 28 1 45 0 57 0.7 68 0.8 
3417 13 0 
3655 7 0 13 0.7 27 0.9 34 0 72 0 76 0 86 0.4 92 0 
3903 8 0.8 19 0.7 20 0.6 24 0.4 34 0.4 77 0 90 0 92 1 
3960 4 0.6 15 0.4 41 0 51 0 53 0.3 60 0 65 0.4 86 0.3 97 0.4 
4153 14 0.9 36 0.6 38 0.8 43 0.3 51 0.4 78 0 
4421 8 0.6 37 0.4 47 0.9 53 0 58 0.3 60 0 62 0 65 0.4 92 0 98 0.6 
4533 3 0.6 10 1 20 1 24 0.4 36 0.6 56 0.5 66 0 71 0.5 94 1 95 0 
4686 7 0 19 0 32 0.4 46 0 51 0.6 89 0.6 91 0 96 0.8 
4827 5 0.5 38 0 43 0.4 57 1 62 0 72 0 
4844 6 0 31 0.9 53 0 57 0.8 84 0 85 1 
5254 19 0.4 22 1 26 0.6 92 0.3 96 0.4 
5282 85 0 
5478 10 1 20 0.4 43 0.4 57 0.5 69 0.6 77 0.6 93 0.5 
5564 4 0.7 5 0 9 1 18 0 34 0.4 38 0 45 0.5 56 0.7 64 0.3 85 0.7 
5565 59 0.8 98 0 
5740 13 0 15 0.4 16 0 36 0.6 41 0.4 57 0.7 60 0 79 0.6 80 0.7 87 0.8 
5846 9 1 39 0.8 52 0.3 69 0.9 74 0 81 0.9 89 0.6 
5921 7 0 13 0.9 22 1 35 0.5 44 0.7 51 1 56 0.5 58 1 
5983 28 0.4 53 0 54 0.9 59 0.5 60 1 
6024 0 1 16 0.5 40 0 54 0.5 56 0 60 0.3 61 0.9 76 0.9 77 0 
6027 3 0.8 6 0.3 47 1 52 0.5 99 0 
6312 19 0.9 22 0.4 27 0.8 29 0 38 0.3 69 0.7 
6362 47 0.6 50 0.6 56 0.4 57 0.9 60 0.7 65 0 82 0.4 84 0.6 
6617 22 0.4 32 0.4 39 1 63 1 70 0.5 77 0.4 
6734 2 0.9 8 0.3 50 0.4 53 0.6 54 0.9 92 0.6 
6737 3 0 5 0.5 39 0 47 0.4 48 0.9 72 0.4 81 0.7 86 0.4 90 0.6 
6739 5 0 13 1 48 0 55 0 78 0.9 90 0 
6977 1 0.7 5 0.4 52 0.8 60 0.8 68 0.6 98 0.6 99 0.8 
7053 2 0 15 0.8 32 0.6 35 0.8 50 0 61 0 75 0.6 80 0.7 81 0.3 95 0 
7300 16 0 54 0.8 59 0.9 79 0.8 87 0.5 
7314 2 0 9 0.9 35 0.6 57 0.5 92 0.7 95 0 
7336 3 0.3 8 1 16 0.9 20 0.6 27 0 63 0.8 85 0.8 
7495 16 0.7 50 0.6 58 0 
7509 2 0.3 12 0.9 39 0.5 43 1 78 0.6 
7643 8 0.4 27 1 34 0.9 49 0.8 65 0.3 66 0.5 69 0.3 70 0 76 0.8 78 0.7 
7777 39 0.8 52 0.8 54 0.6 64 0.3 98 0 
7923 8 0 22 0.3 37 0.6 62 0.9 
7948 8 0 69 0 
7953 0 0.8 97 0 
7980 52 0.5 53 0 66 0.7 67 0.5 
8035 13 0.5 21 0.7 29 0.7 37 0.3 71 0.7 73 0 78 0 82 0.8 95 0.3 
8179 7 0.9 57 0.7 82 0 85 0.3 90 0.9 
8286 59 0 79 0.8 
8302 15 1 
8480 2 1 9 0.5 15 0 30 0.5 58 0.5 71 0.9 
8578 3 0 8 0.4 10 0.5 15 1 46 0.6 48 0.4 61 0 63 0.7 75 0 76 0.4 
8713 4 0.3 5 0.9 8 0 17 0 21 0.8 54 0.6 96 0 97 0 
8781 14 0 25 0.3 49 0.7 51 1 62 0.6 66 0 96 0.9 99 0 
9069 12 0.4 31 0.9 64 0.9 
9110 2 0 10 0 36 0 38 0 39 0 79 0 
9113 19 1 28 0 34 0.9 43 0.6 51 0 65 0.6 68 0.6 85 0.7 91 0 
9115 32 1 
9614 18 0.8 19 1 22 0.7 52 0 73 0.7 77 0.3 
9671 13 0 25 0.8 60 0.8 97 0 
9682 8 1 9 0.6 45 0.5 48 0 
9727 1 0 42 0.9 55 0 65 0.5 74 0 80 0.7 82 0.6 99 0.5 
9769 12 0.3 40 0.9 44 0.5 52 0.7 56 0 76 0.5 96 0 
9798 5 0.8 7 0 15 0.8 29 0.5 31 0 34 0.8 64 0.5 66 0 75 0 
9845 65 0.7 90 0.4 96 0 
