100
98 55 0 61 0.7 63 0.9 74 0.9 94 1 97 0 
147 33 0.9 37 0.3 44 0 51 1 53 1 58 0.3 60 0.3 77 0.3 80 1 83 0 
168 22 0.9 26 0 38 0.5 39 1 83 1 
269 6 0.9 10 1 21 0.7 31 0 33 0 44 1 57 0.9 84 0 91 1 96 0.6 
376 17 1 28 0.6 45 0.8 82 0.6 
521 25 0.6 38 0.7 55 0 66 0.4 81 0.3 92 0 97 0.9 
728 7 0.7 42 0.5 
734 1 1 13 0 22 1 28 0 70 0.6 89 0.5 95 0.8 
802 0 0 8 0 45 0.8 54 0 74 0.9 90 1 
812 25 0.6 30 0.3 31 0 48 0.7 66 0.4 99 0.5 
864 13 0.8 20 0.5 67 0 71 0.9 77 0.9 90 0.7 94 0.7 
898 0 0.5 45 0.6 82 0 
976 35 0.9 49 0.8 57 0.7 78 0.5 
1022 72 0.8 
1090 15 0.6 85 0.7 
1130 3 0.7 21 0.9 24 0 37 0 42 0.3 45 0 47 0 74 0.3 92 0.7 
1341 0 0.6 10 1 40 0.6 55 0.6 64 0.5 72 0 73 0 96 0.4 
1457 7 0.5 44 0.6 45 0 54 0.6 56 0.5 91 0.6 92 0.8 97 0.7 
1601 42 0.8 48 0.4 57 0.9 
1618 6 0 10 0.4 11 0.5 24 1 41 1 51 0.3 60 0 64 0.9 73 0.4 96 0.6 
1635 23 0.3 33 0.5 62 0.5 63 1 67 0.6 
1675 21 0 28 0.3 42 0.8 51 0.5 72 0.6 89 0.8 97 0.3 
1911 28 0 39 1 88 0 
1922 20 0 40 0 49 0.7 55 0.8 56 0.8 82 0.9 
2033 85 0 
2079 3 0 16 0.4 62 0.5 67 0.5 82 0 84 0.3 91 1 92 0.6 93 0 
2111 7 0 32 0.9 55 0 57 0.7 62 0.7 73 0.3 
2152 3 1 72 0.3 
2158 11 0.4 
2224 6 0 23 0 32 0.5 34 1 53 0 60 0.3 81 0.4 97 1 
2402 0 0 14 0.3 20 0.4 30 0.9 39 0 75 0.7 92 0.8 99 0 
2656 3 0.5 5 0 41 0.8 48 0 55 0.6 65 1 85 1 99 0 
2696 14 0.7 24 1 31 1 40 0.3 94 1 
2711 1 0.5 3 1 15 0.7 37 0.3 49 0.6 59 0.9 70 0 78 0.7 79 0.3 88 0.8 
2997 0 0 5 0.9 35 0.8 37 0.6 84 1 
3124 13 0.7 40 0 43 0.8 55 0.6 63 0.4 83 1 91 0.5 97 0.9 
3267 50 0 
3298 38 0.5 56 0.4 64 0.8 89 0 90 0 
3335 2 0 
3512 19 0.6 26 0.8 39 0.4 82 0 
3568 21 0.9 38 0.8 77 0.9 90 0.4 93 0 
3594 0 0.5 2 0 17 0 18 0.4 42 0.6 46 0.8 64 0.9 74 0.9 83 0.9 93 0.3 
3601 18 0.8 19 0 23 0.4 31 0.3 73 0 
3773 1 0.6 3 0.7 4 0 12 0.5 15 0 34 0 58 0.8 81 0 93 0.4 
3778 9 0.9 66 0.5 86 0.9 
3959 4 0 13 0.8 33 0 55 0 58 0.4 68 0.4 75 0.6 
4312 2 0.5 17 0.8 45 0 59 0.6 74 0.8 82 0.9 87 0.3 88 1 
4323 15 0.8 42 0 63 0.8 79 0.4 86 0.5 93 1 94 0.6 95 0 97 0.5 
4338 54 0.3 55 0.3 62 0.7 78 0.8 79 1 80 0.8 
4419 36 1 
4602 0 0.8 39 0.6 60 0.5 61 0.5 
4847 69 0.3 72 0.3 91 0.7 
4862 65 0 
4905 85 0.5 
4912 1 0.6 12 0.6 32 0.5 
5252 6 0.7 19 0.5 60 0.6 
5326 27 0.5 50 0.7 82 0.6 87 0.6 89 0 
5552 11 1 30 0.5 55 0 61 1 70 0 76 0.9 78 1 90 0 
5563 61 0.8 70 0.4 
5579 13 0.6 21 0.9 49 0.8 51 0.4 64 0.3 65 0.8 
5604 10 0.6 20 0.5 33 0.4 43 1 64 0 71 0 91 0.7 94 0 
5877 97 0.9 
5884 16 0.9 23 0 34 0 49 0.3 63 0.5 64 0 70 0 81 0.5 86 0.7 
6031 26 0 43 1 
6113 6 0 14 0.4 31 0.6 48 0.9 64 0 98 1 
6163 12 0 33 0 36 0 39 0.9 
6271 15 0.6 41 0.4 43 0.9 54 0.9 55 0 58 0 74 0 75 0.8 92 0.6 93 0.4 
6428 7 0.4 30 0.5 38 0 43 0.7 50 0.5 64 0 89 0.4 
6483 29 0.8 51 0.7 57 0.3 58 0.5 87 0 94 0.4 
6689 5 0.9 13 1 15 0 29 0 63 0.3 71 0.6 87 1 88 0 91 1 
6735 23 1 33 0.8 48 0.5 54 0.9 57 0.7 59 0 85 0 88 0.5 
6759 53 0.4 82 0 83 0 94 0.5 95 0 
7063 24 0.8 37 0.4 65 0.7 69 0.3 88 0 90 0 
7134 0 0.8 30 0.6 61 0 62 0 71 0.8 80 0.4 
7217 14 0 
7294 42 0 63 0.9 88 0 
7298 20 0.7 52 1 83 0.5 
7449 61 0.8 63 0.6 
7452 27 0 34 0.9 46 0 48 0.6 49 0 50 0.7 59 0.5 68 0.8 72 0.9 
7593 44 0.3 
8045 8 0.6 24 0.7 30 0.4 45 0.9 54 0.9 58 0.3 63 0 70 0.7 85 0.7 98 0.6 
8142 15 0.4 20 0.9 36 0 48 1 54 0 59 0 65 0 66 0.3 81 0.8 89 1 
8148 11 1 13 0.9 27 1 33 0 39 0.6 45 0 46 0.6 49 0 66 0 74 0.9 
8239 13 0 30 1 42 0 51 0.5 62 0.8 69 1 72 0.7 81 0.5 
8485 32 0 42 0 48 0.9 94 0.8 98 0.9 
8651 22 0.8 78 0.8 98 0.6 
8660 15 0.5 47 0.9 57 0.6 
9014 12 0.3 40 0 57 0.9 58 0 70 0.6 91 0 
9041 23 0.5 53 0.9 59 0.3 86 0.6 
9057 82 0.4 
9196 91 0.6 
9210 10 0.8 25 0 47 1 60 1 66 1 86 0.7 
9214 34 0.8 56 0.7 66 1 
9232 8 0.7 19 0 61 1 
9312 64 0.5 
9566 4 0 19 0 53 0.5 57 0 97 0.6 
9654 1 0 23 0.4 32 0.3 35 0.9 39 0.5 71 0.4 77 0 97 0.4 
9674 15 0.7 18 0.5 27 1 44 0 53 0 87 0.7 98 0.7 
9740 33 0.7 44 0 56 0.4 58 0.5 62 0.6 74 0 78 0.7 83 0.7 95 0.8 99 0.8 
9945 6 0 22 0.5 26 1 43 0.3 75 0 
