100
48 3 0.8 29 0.9 42 0 71 0.6 76 0.5 78 0 85 0.8 91 0.5 
104 6 0.5 10 0.8 47 0.6 51 0 92 0.6 
236 82 0.5 
271 8 0.9 29 0 35 0 41 0.7 69 0.5 72 0 
355 4 0.6 5 0.4 14 0.6 29 0.5 42 0.7 56 0 60 0.3 73 0.3 77 0 
440 1 0.4 7 0 8 0.5 17 0 35 0.5 39 0.6 55 0 72 0 73 1 77 1 
481 11 0.3 21 0.5 34 0 41 0.8 60 0 
489 18 0.8 75 0.7 78 0.6 
539 1 0.6 32 1 36 0.4 42 0 45 0.4 48 0.8 59 0.7 60 0.6 77 0.7 78 0 
605 2 0 16 0.8 27 0.3 61 0.9 95 0.9 97 0 
655 0 0 2 0 4 0.7 28 0 40 0.8 44 0.9 81 0.7 89 0.8 
776 1 1 7 0 33 0 39 0.9 69 0.5 76 0 
866 22 0 30 0.5 40 0 44 0.8 59 0.3 65 0.8 70 0 73 0.6 
989 7 0.7 15 0.6 34 0 61 0.3 64 0.4 76 0.4 82 0.4 91 0.5 
1044 89 0.7 
1124 3 0.8 4 0.4 35 0.7 43 0 54 0.8 65 0 72 0 81 0.3 84 0.5 85 0.8 
1247 7 0.9 12 0.8 26 0 43 0.3 54 0.3 70 0 72 0.7 88 0 
1437 27 1 28 0.9 41 0.4 48 0.7 67 0.3 98 1 
1634 63 0 87 0.6 
1773 68 0.9 76 0.5 80 0.4 
1778 29 0.5 40 0.7 98 0.6 
1850 4 0.9 12 0 34 0.7 38 0 48 0.5 59 0.5 61 0 74 0 87 0.9 
1852 3 0.6 6 0 7 0.7 42 1 86 0.8 
1930 2 0 3 0 43 0.9 49 0.5 53 0.6 57 0 74 0.7 89 1 98 0.3 
1946 11 0.4 22 0.6 27 0.4 41 0.5 56 0.5 78 0.5 87 0.3 
1955 3 0 15 0 17 0 23 0.8 47 0 52 0.8 60 0.7 61 1 65 0.3 
2121 27 0.9 29 0.6 30 0.5 88 0 
2164 2 0.4 30 0 59 0.9 69 0.9 70 0 73 0.4 91 0 98 1 
2216 13 0.5 35 0.6 42 0 53 0.8 
2250 7 0 27 0.8 60 0 70 0.9 
2410 10 1 14 0.6 51 0.5 
2565 4 0.6 34 0.4 49 0.5 50 0.8 66 0.7 73 0 78 0.6 94 1 96 0 97 0.6 
2637 0 0 29 0 38 0.3 40 0.8 46 0.5 50 0.4 56 0.7 75 0.3 77 0.5 
2657 1 0 5 0.9 74 0.5 77 0 88 0.6 
2669 2 0.9 8 0.8 28 0.5 30 0.6 49 0.6 59 0 85 0.4 92 0.5 96 0.5 
2757 2 0 3 0.4 22 0 49 0.3 75 0 
2810 0 0 12 0 29 0 38 0.9 59 0 66 0 76 0.9 85 0.4 88 0 94 1 
3023 33 1 46 0.6 81 1 82 0.8 88 0.8 91 0.9 97 0.7 
3096 30 0.4 38 0 69 0.8 72 0.3 83 0 84 1 
3205 15 1 31 0.5 81 0.4 83 0.5 99 0.3 
3432 9 0.4 20 0.4 31 1 40 1 47 0 
3662 18 0.4 40 0 54 0.6 63 0 
3797 5 0.8 11 0.3 21 0.4 26 0.7 45 0 51 0 68 0 70 0.3 72 1 98 0 
3980 4 1 21 0.7 28 0.6 36 0.3 40 0 49 0 52 0 67 0.9 87 0.8 
4140 21 0 54 0.8 
4179 8 0 42 0 90 0.9 93 0.9 99 1 
4283 1 0.3 2 0.7 6 0 13 0.9 38 0.4 
4363 29 0.9 34 0.3 51 0.7 87 0.4 88 0.4 
4382 11 1 27 1 34 0.9 51 0 69 0.6 70 0.7 
4541 7 0.8 10 0.9 56 0.8 75 0.9 92 0.3 
4589 16 0.8 23 0.9 25 0.4 30 0.8 32 0.8 35 0.4 53 1 68 0.8 98 0 
4612 0 0.9 17 0.5 35 0 38 0 44 0 48 0 91 0 92 1 96 0.9 
4615 5 0.5 17 1 29 0 41 1 64 0.8 69 0 74 0 91 0 94 0.7 98 0.9 
4617 39 0.3 
4676 2 0.8 5 0.9 17 0.6 26 0 34 0 44 0.4 50 0.3 89 0.7 97 0 
4810 3 0.4 11 0.6 17 1 20 0.5 30 0 58 0.7 77 0 78 0.5 88 0 
4951 30 0.7 34 0 55 0.5 68 0.5 
4996 5 0.8 15 0.7 25 0.9 30 1 44 0.4 52 0 55 0.6 66 0.6 69 0.6 
5066 75 0 
5283 14 0.8 67 0 88 0.6 
5628 18 0 34 0 37 0 40 0.8 42 0.8 44 0.5 45 1 56 0.7 80 0 95 0.6 
5635 38 0.3 58 0 86 0.3 87 0.4 
5643 39 0.9 45 0 53 0.4 67 0.8 86 0.5 
5760 14 0.4 30 0.6 56 0.8 63 0.3 
5815 0 1 30 0.9 50 1 59 0 
5845 15 0.6 17 0.6 69 0.4 78 0.3 
5881 3 0.7 4 0 9 0 20 0.9 28 0 31 0.4 57 0.3 77 0 92 0.9 
5890 3 0.6 14 0 
5964 2 0.8 38 0 49 0.9 59 0.8 
6052 13 0.6 15 0.6 18 0.8 33 0.5 45 1 71 1 79 0 86 0 89 0.9 95 0.4 
6114 5 0 7 0.4 11 0 36 0.3 41 0.5 85 0.5 88 0.9 
6418 1 0.7 15 0.5 18 0.8 25 0 48 0 53 0 54 0.8 64 0 66 0.5 87 0.7 
6524 8 0.6 49 0.5 51 0.7 69 1 80 0.6 94 0.8 
6650 0 0.4 17 0.6 19 1 
6705 21 0.3 89 0 92 0 93 0.8 
6731 14 0 40 0.3 43 1 56 0 63 0 64 0.7 72 0.6 79 0.4 
6989 24 0 28 0.3 32 0 47 0.7 55 0.3 86 0.7 89 0.8 
7048 58 0 65 0.3 80 0.3 93 0 
7140 17 0.7 23 0.6 30 0.6 48 1 53 0 81 0 84 0.7 91 0.5 96 0.6 98 0.6 
7285 0 0.5 13 0 22 0.8 68 0.6 79 0.4 
7561 6 0 37 0.9 71 0.7 
7952 42 0.3 61 1 85 0.6 
8145 54 0.8 85 0.4 
8257 2 0.8 3 0.9 22 0.6 56 0.8 65 0 66 0.3 70 0.3 79 0 
8386 80 0.3 
8420 4 0.3 69 0.9 
8506 5 0 32 0.5 62 0.6 97 0 98 1 
8542 0 0 4 0.6 20 0.9 21 0.5 31 0.6 39 0.5 43 0.5 56 0.4 
8762 9 0.9 16 0.7 34 0.9 35 0.3 66 0.9 96 0 
8845 18 1 74 1 75 0.6 84 0.6 96 0 
9014 12 0.7 40 0.6 57 0.5 58 0 70 0.7 91 0.5 
9150 6 0 9 0.6 43 0.6 44 0.5 46 0.8 82 0.8 88 0.7 97 0.6 98 0.8 99 0 
9240 68 1 
9379 19 0.5 
9538 3 1 19 0 60 0.3 
9749 52 0 
9868 27 0.9 33 1 49 0.5 51 0.7 73 0.4 82 0.5 87 1 98 0 
9883 4 0.7 7 0.5 24 0.3 33 0.5 37 0 39 0 48 0 66 0.6 84 0.7 
9936 1 0.6 3 0 7 0 51 0 53 0.9 65 0.3 70 1 72 0 73 0.3 88 0.6 
9977 1 0.6 8 0.3 16 0.4 22 0 35 0.8 46 1 55 0 67 0 75 0.3 96 0.7 
