100
170 3 0.8 18 0.9 19 0.9 75 0.5 
275 5 0 10 0.5 19 0 28 0.6 31 0 43 0.3 90 0.6 
303 10 0.7 11 0.5 24 0.5 43 1 54 0.9 66 0.5 89 0.3 95 0.7 99 1 
320 24 1 30 0 40 0 94 0.3 
347 10 0.5 29 0 41 0.5 47 0.5 67 1 79 0.5 85 1 93 0 95 0.4 
561 6 0.8 7 0.5 60 0.4 65 0 77 0.9 95 0.4 
691 3 0.6 4 0.5 7 0 40 0 69 0 84 0.4 93 0 
707 0 0.6 4 0.8 5 0.5 25 0.7 30 0.7 34 0.6 45 0 49 0.8 85 0.6 91 0 
847 22 0.3 83 0 85 0 87 0.9 
853 8 0 31 0.8 
928 40 0 76 0 
1040 12 0.9 44 0 52 0.5 56 0.3 65 0 96 0.5 
1223 40 0 47 0.6 51 0.7 57 0 74 0.9 77 0 89 0.9 
1245 1 0 18 0 28 1 30 0.4 35 1 53 0.7 69 0 89 0.7 96 0.8 
1344 25 0 33 0.8 40 0.6 64 0.3 86 0.9 96 0.3 
1430 24 0 38 0.6 47 0.6 55 0 56 0.6 59 0 72 0 74 0.8 79 1 
1436 3 0.9 
1602 10 0.3 63 0.3 
2021 1 0.4 2 0.3 4 0.5 13 1 23 0 45 0.6 47 0.5 57 0.7 71 0.8 93 0.7 
2081 6 0.7 9 0 39 0.5 64 0.9 69 0.7 92 0.4 
2093 6 0 61 0.7 82 0.4 96 0.6 
2321 10 0 37 0.4 56 0.3 60 0 61 0.5 71 0.4 73 0 78 0.7 93 0.9 
2341 12 0.6 62 0 70 0 91 0.9 
2429 1 0 10 0.9 12 0.8 16 0 19 0 21 1 88 0.4 92 0 94 0.5 
2861 2 0.5 12 0.6 26 0 31 0 49 0.6 68 0.7 71 1 73 0 
2925 19 0 
2971 0 0.4 22 0.3 37 0.4 76 0.6 77 0.7 84 0.6 87 0.9 
2989 21 0.6 52 0 63 0.5 84 0.6 93 1 
3212 14 0 21 0.6 35 0.8 36 0.6 76 0 87 0.4 
3265 33 0.8 38 0.4 73 0.8 77 0.6 83 1 90 0.5 
3370 20 0.4 25 0 29 0.7 36 0 54 0.3 55 0 64 0.9 82 0.8 91 0 
3485 29 0.7 33 1 39 0.5 62 0 71 0.5 72 0 81 0.3 99 0 
3541 72 1 86 0 
3642 74 0.5 
3715 3 0.3 11 0.5 12 0.7 31 0.9 69 0.9 76 0.7 90 1 91 0.7 
3802 21 0 40 0.7 55 0.4 60 0.6 67 0.5 70 0.9 78 0.4 85 0 92 0.4 
3911 6 0 8 0.8 12 1 18 0.8 36 0.4 37 0.3 46 0.7 73 0.5 
3916 4 0.9 11 0.4 35 1 66 0.4 72 0 
3920 81 0 93 0.8 95 0.3 97 0.5 
4089 48 0.9 77 0.5 78 0.9 91 0.6 
4126 4 0 11 0.8 38 0 40 0 45 0.7 59 0.3 76 0.9 
4286 66 0.7 92 0.8 
4350 99 0.9 
4493 16 1 21 0.5 31 1 41 0.7 45 0 48 0.7 51 0.8 58 0.4 63 0.5 84 0 
4502 12 0.8 33 0 41 0.7 83 0 95 0.9 
4867 13 1 16 0.5 20 0 21 0.9 31 0.9 76 0.9 86 0.8 92 0 
4997 1 0.7 4 0.4 7 0.8 9 0.9 23 0.9 46 0.8 61 0.4 67 0 98 0 
5017 9 0.8 22 0.9 34 0 43 0.7 44 0.6 45 0.9 71 0.5 82 0.7 93 0.9 
5180 2 0.5 8 0.5 18 0.7 
5232 17 0.8 20 0.6 27 0.8 36 0.3 53 0.8 62 0.5 85 0.5 87 0.9 
5290 62 0.8 79 0.6 98 0.7 
5292 7 0.6 17 0.6 19 0.5 38 0.6 42 0 52 0.9 67 0 74 0 79 0.8 94 0 
5394 0 0.8 18 0.6 42 0 67 0.4 68 0.9 
5494 14 0.7 31 0.5 43 0.6 84 0 
5703 9 0.7 99 0 
5755 4 0.9 8 0.8 51 0.5 55 0 63 0 82 0.8 85 0 
5791 2 0 13 0.7 25 0.6 44 0.6 57 0.6 63 0.4 67 0.6 71 0 91 0 96 0.9 
5906 36 0.5 46 0.6 65 0.6 73 0 86 0.7 
6163 12 0.9 33 0.9 36 0.8 39 0.9 
6180 3 0.6 39 0.4 75 0.6 76 0 84 0.4 96 0.6 
6425 2 0.3 40 0.7 69 0.8 87 0 96 0.7 
6459 15 0 22 0.9 48 0.7 51 1 53 0.7 55 0 64 0 81 0.9 
6474 5 0.8 6 0 31 0 39 0.8 40 0 46 0 
7177 35 0.6 53 0.8 63 0.8 
7203 29 0 31 0.6 32 1 66 0.4 79 0.3 92 0.6 99 0.6 
7258 2 1 9 0 33 0.9 42 0.8 65 0 77 0.3 84 0 
7361 2 1 63 0 81 0.8 89 0.4 95 0.9 
7425 8 0.9 
7590 50 0 56 0.7 65 0.4 66 1 67 0.3 72 0 
7675 1 0.8 52 0.3 61 0.7 
7691 3 0.8 6 0.5 14 0 36 0.7 75 1 
7799 3 0.7 39 0.3 46 0.8 54 0.6 67 0 70 0.6 94 0.3 98 0 
7820 14 1 28 0 30 1 43 0.5 51 0.8 58 0 68 0.8 71 0.5 
7928 53 0.3 86 0.8 
8132 37 0 74 0.6 
8162 30 0.3 68 0.4 
8347 3 0.6 8 0.9 16 0 20 0.6 46 0.8 49 0.4 90 0.6 93 0.5 94 1 
8500 9 1 11 0.7 58 0 59 0.3 60 1 62 0 93 0.3 
8571 6 0.5 14 0.4 15 1 16 1 32 0 79 0.6 99 0.8 
8667 4 0.5 49 0 55 0 65 0.3 83 0.3 
8716 16 1 73 0.6 76 0.5 
8777 29 0.9 35 0.9 40 0.8 45 0.8 55 0.8 63 0.3 67 0.7 69 0 90 0.9 
8828 12 0 16 0.6 90 0 
8917 6 1 10 0.8 51 0 82 0 83 0.6 87 0 
9040 19 0 44 0.9 51 0.4 70 0.9 78 0 82 0.3 
9083 2 0.7 7 0.6 50 0.5 64 0.9 90 0.9 
9093 9 0.7 19 0.3 28 0.6 31 0 38 0.6 47 1 73 0 81 1 84 0.5 94 0.9 
9096 9 0.8 24 0.7 41 0.5 62 0.8 64 0.3 82 0 
9158 1 0 10 0.3 16 0 18 0.5 39 1 56 0.5 59 0.3 77 0.7 85 0.5 
9284 21 0 23 0.4 27 0 33 0.3 45 0 58 0.4 59 0.9 84 0 
9290 28 0.5 36 1 39 1 42 0.9 59 0.6 66 0.9 83 1 99 0.5 
9343 21 0.5 26 1 30 0.5 49 0 60 0.9 70 0.6 85 0.5 90 0.6 98 1 
9456 2 0 12 0 44 0.4 63 0 
9543 36 0.8 41 0.8 77 0.6 
9637 5 0.6 18 0 22 0.3 28 0 55 0.4 84 0.7 85 0 88 0.5 90 0 95 0.8 
9871 77 0.7 
9909 8 1 
9920 23 0 43 0.7 77 0.3 80 0.3 99 0 
9947 29 0.9 33 0.5 68 0 87 1 
9991 9 0.8 12 0 13 0.9 34 0 57 1 69 0 74 0.3 89 0 94 0.5 
