100
66 27 1 32 0.7 55 0.4 81 0 
102 40 0.7 55 0 
130 13 0.3 23 0.6 26 0.3 53 0 69 0.5 76 1 
149 65 0 88 0.4 92 0.4 
282 0 0.8 10 0.5 58 0.8 61 0 83 0.6 92 0.9 96 0.5 99 0.4 
562 11 0 17 0.4 33 0.6 46 0 49 1 51 1 81 0.5 86 0 
580 6 1 16 0.4 35 0.5 37 0.7 55 0.5 67 0 89 0.7 93 0 
647 21 0.9 33 0 75 0 91 0.4 
711 3 0 19 0.7 31 0.5 51 0.9 56 0 71 1 72 1 76 0 85 0.5 93 0.5 
768 14 0 16 0.9 33 0.6 34 0.7 38 0.6 74 0 79 0.7 
814 21 0.8 27 0.7 43 0 55 0.8 71 1 81 0.8 
816 2 0.5 22 0 46 0.8 
826 11 0 14 0 29 0.8 31 0 55 0.9 75 0.4 80 0.5 84 0.9 96 0.5 
889 11 0.8 17 1 23 0 46 0.5 52 0.8 80 0 82 0 98 0 99 0.3 
978 68 0 
1089 2 0 6 1 23 0 26 0.4 42 0 78 0.4 85 0.7 87 0.9 95 0.5 
1256 9 0.6 11 0 20 0 22 0 25 0 51 0.4 66 0 
1309 41 0.8 57 0.3 71 0.5 78 0.4 82 0 94 0 
1569 2 0.6 5 0.8 8 0 20 0.9 26 0.9 42 0.9 49 0 99 0.5 
1570 21 0.8 88 0.8 
1648 24 0.6 30 0.5 34 0 40 1 42 0.4 55 0 75 0 83 0.9 92 0 
1671 70 0.5 
1715 13 0.9 45 0 98 0.4 
1782 1 0.3 2 0.6 43 0.6 53 0 54 0 65 0.9 71 0 85 1 99 0 
1787 6 0 13 0 51 0.7 93 0.4 
1858 32 0 
1889 80 0.8 
2005 17 0.7 25 0.7 45 0 69 0 72 0.9 77 1 
2012 2 0 7 1 8 0.7 25 0 28 0.4 58 0.7 63 0.4 89 0.6 
2038 34 0.6 
2234 8 1 19 0.9 30 0 32 0 33 0 41 0.5 75 0 84 0.9 
2297 15 0 16 0.9 45 0 73 0 82 0.5 89 1 
2543 1 0.6 3 0.5 21 1 29 0 34 0 72 0 75 0.7 79 0.7 89 0.3 
2547 15 0.5 92 0 98 0.9 
2574 14 0 17 0.3 37 0.6 58 0.6 62 0.9 78 0.9 88 0.4 
2610 1 0.7 8 0 40 0.4 44 0.5 51 0 80 0.6 86 0.5 
2712 23 0 36 0.7 47 0.5 53 0.5 66 0 67 0.6 73 0 
2743 0 0 10 0 15 1 17 0 27 0.6 33 0 40 0 56 0.4 83 0.6 98 0.7 
2932 10 0.3 22 0.4 25 0.3 33 0 53 0.5 71 0.4 87 0 
3016 3 0.4 25 0.3 63 0.6 
3155 13 1 28 0.5 42 0.6 44 0 55 0 71 0 76 0.4 80 0.7 83 1 96 0.6 
3171 0 0.8 23 0.5 34 0.8 39 1 80 0.9 82 0.3 87 0.8 88 0.4 
3515 6 0 21 0.4 59 0.6 68 0 
3543 19 0 41 0 43 0.5 45 0.6 65 0.9 75 0.7 
3580 21 0 23 0.6 24 0.7 27 0.7 37 0.7 48 0 70 0.9 77 0 88 0.3 
3601 18 0.7 19 0.7 23 0.4 31 0.8 73 0.4 
3655 7 0.9 13 0.7 27 0.9 34 1 72 1 76 1 86 0.7 92 0.8 
3714 10 0.5 17 0.7 70 0.9 
3844 9 0.5 23 0.4 24 0.4 32 0 37 1 47 0.6 60 0.8 97 0.9 
3959 4 0.3 13 0 33 0 55 0.6 58 0 68 1 75 0.6 
4085 1 0 4 0.4 22 1 40 0.8 43 0.9 53 0.9 64 0 66 0.4 86 0.3 95 0.7 
4356 7 0 29 0.8 87 0 
4391 83 0.4 94 1 96 0 
4490 9 0 37 0.8 
4706 7 0 17 0.7 25 0 29 0 33 0.4 35 0 51 0.9 68 0.9 69 0.5 91 0.6 
4746 3 0 10 0 81 0 
4900 0 1 5 0.3 14 0.7 29 0.4 31 0 33 0 34 0.8 39 1 97 0.8 
4944 5 0 22 0.4 24 1 39 0 47 0.9 59 0.8 66 0.7 82 0.3 89 0.3 93 0.8 
5044 5 0 53 0.7 96 0.6 
5220 43 0.8 63 0 65 0.5 72 0.3 80 0.5 87 0 
5428 4 0 46 0.8 59 0.8 
5508 23 0.8 26 0.8 30 0.3 60 0.8 65 0.4 70 0.4 85 0.6 94 0.4 98 0.5 
5534 0 0.7 20 0 24 0.9 31 0.4 42 0.5 49 0.5 56 0.6 65 0.8 
5552 11 0.9 30 0.7 55 0 61 0.5 70 0.6 76 1 78 0.5 90 0 
5635 38 0 58 0 86 0 87 0 
5704 10 0 47 0 
5798 29 0 54 0.6 57 0.4 61 0.4 91 0.7 
5908 6 0.4 26 0 45 0.9 46 0.4 79 0.8 80 0.4 
5968 3 1 
6061 59 0 
6069 21 0.5 24 0 28 0.5 33 0.3 34 0.4 41 0 47 0 
6218 3 0 11 0.9 12 0.5 17 0.5 22 1 31 0.6 51 0 69 0.9 89 0.6 90 0 
6316 48 0.3 49 0.4 55 0.4 
6697 0 0.9 8 0.4 25 0.6 38 0.3 58 0.4 92 0 98 0.6 
6723 3 0 12 0 20 0 24 0 25 1 37 0.6 70 0.5 81 0.3 98 0.4 
7096 10 0.6 26 0.7 38 0.8 44 0.4 49 1 54 0.8 90 0 91 0 
7232 2 0.9 7 1 23 0.9 25 0.5 27 0.6 32 0.4 38 0.5 67 0.6 68 0.4 
7528 3 0.6 24 0.5 
7533 8 0.5 12 0 19 0.3 27 0.6 35 0.4 45 0.9 47 0.3 
7572 14 0 48 0.9 
7653 36 0.9 46 0 
7694 41 0 67 0.9 83 0 95 0.4 
7814 61 1 
7898 35 1 53 0 59 0.5 66 0.6 72 0.6 79 0.8 87 0.6 89 0 96 0.4 98 0 
8182 25 0.4 53 0.9 
8242 12 0.6 16 0.3 17 0.7 28 0.6 49 0.8 58 1 85 0.8 98 0.8 
8303 78 0.5 87 0.9 
8426 4 0.4 5 0.4 9 0.5 26 0.5 59 0.8 66 0.3 82 0.8 89 0.3 
8600 74 0 82 0.9 93 0.9 94 0.7 
8673 14 0.4 54 0.6 69 0.8 88 0.7 
8707 51 0 
8730 64 0.9 68 0.8 
8949 9 1 22 0 23 0 41 0 42 0.6 51 0.6 58 0.8 68 0.6 
9170 12 0.9 61 1 67 0.7 86 0 
9222 72 0 
9277 23 0.8 92 0 
9388 13 0.9 21 0.5 22 0 39 0.8 51 1 76 0.9 78 0.8 82 0.5 90 1 93 0 
9739 26 0.8 32 0.8 50 1 51 0 56 0.5 57 0 61 0.6 86 0.9 87 0.8 93 0 
9765 5 0.5 13 0 43 0 45 1 61 0 65 0.5 84 0 85 0.7 92 0.9 93 1 
9993 9 1 15 0.5 18 0 27 0.3 34 0 37 0 59 0 70 0.7 99 0.3 
