100
123 20 0 
151 15 0 95 0.8 
176 40 0.6 
324 56 0.3 84 0 
435 84 0.9 90 0.4 
558 1 0.6 19 0.5 28 0.3 30 0.7 32 0.9 36 0.7 40 0.5 95 0.6 
610 1 0.6 5 0.9 20 0 22 0.9 52 0.7 
683 8 0.9 19 0 21 0.8 26 0.6 33 0.8 41 0.5 54 0.7 67 1 83 0 
760 44 0.9 63 0.5 
1050 4 0.8 9 0.6 20 0.3 52 1 54 0.9 85 0 
1084 7 0 24 0 47 0.9 64 0 70 0.4 84 0.9 
1106 17 0.9 27 0 51 0.3 80 0.5 92 0.7 
1315 73 0.7 91 0.6 
1442 0 0 3 0.9 19 0 25 0 27 0.6 28 0 39 0 52 0.7 74 0.5 
1446 31 0 90 0.6 
1451 15 0.6 37 0.8 
1603 35 0.3 58 0 60 0.6 68 0.5 85 0.8 
1626 29 1 34 0 51 0.3 60 0.5 65 0.5 67 0.5 72 0.8 96 1 97 0 98 0 
1666 18 0 32 0.4 40 1 44 0.3 46 1 48 0.9 81 0 92 0.5 94 0.9 
1697 17 0.5 43 0.8 58 1 
1728 2 0.9 12 0.5 22 0.8 40 1 80 0.8 91 0 
1753 2 0.8 5 0.4 33 1 38 0.4 40 0.3 45 0.3 48 0 68 1 83 0 98 0.3 
1959 9 0.7 11 0 57 0 81 0 
2191 11 0.7 37 0.3 45 0.5 
2236 15 0 18 0.3 68 0 75 0 92 0 94 1 95 1 
2238 5 0.7 15 0.8 28 0.4 38 0 42 0 43 0.8 62 0.9 68 1 79 0.7 94 0.4 
2274 13 0.4 31 0 53 1 
2309 1 0.8 24 0.7 29 0.5 42 1 46 0 75 0 91 0 
2330 17 0 23 0.7 44 0.5 50 0.4 58 0 
2371 1 0.8 41 0 56 0 92 0 94 0 
2380 0 0 9 0.5 21 0 34 0.9 53 0.8 68 0 85 0.7 89 0.8 90 0 
2406 28 0 45 0.7 47 0.9 66 0.4 71 0 72 0.6 
2429 1 0.5 10 0.4 12 0.6 16 1 19 0 21 1 88 0.4 92 0 94 0.9 
2519 14 0.8 20 0.3 23 0.9 39 0.6 73 0.5 
2618 8 1 
2672 12 0 19 0 44 1 
2733 3 0 54 0 79 0 81 1 82 0.3 88 0.6 
2748 12 1 
2789 19 0.7 25 0.3 51 0 81 1 82 0.9 
2792 8 1 
2815 13 0 17 0.8 69 1 98 0 
2891 66 0.9 78 0.6 87 0.6 90 0.3 96 0.4 
3014 4 1 26 0.3 28 1 33 0.6 73 0.9 74 0 
3060 11 0 50 0.9 58 1 72 1 78 0.8 
3077 6 0 
3104 0 0.3 19 0.7 20 0.3 45 0.9 66 0.4 83 0 
3188 4 0.9 8 0.5 29 0.3 31 0.7 76 0.6 79 0.6 89 0.3 
3511 24 1 27 0.6 42 0 56 0.4 59 0.7 64 0 65 0.8 98 0.4 
3624 9 1 56 0.8 90 0.7 98 0.5 
3688 31 0.7 41 0.5 66 0.4 97 0 
3782 10 0 28 0.5 32 0.3 41 0 87 0.6 88 0.5 
3939 24 0.5 35 0.9 47 0.6 51 0.4 67 0 
3975 16 0.6 27 0.6 67 0.4 74 0 
4131 39 0.5 54 0.5 
4890 5 0 29 0.5 46 0.5 55 1 
4938 46 0.4 64 0.4 89 0.4 92 0 
4998 30 0.9 
5156 3 0 27 0 34 0.4 36 0.6 38 1 40 0 61 0.4 75 0 
5189 19 0.5 30 0 58 0.9 
5255 2 0 5 0 22 0.7 51 0 80 1 90 0.3 92 0.9 
5269 71 0.3 
5488 19 0.5 48 0.7 78 0.7 
5898 9 0.7 35 0.9 44 0.7 47 0 64 0 65 0 
5903 53 1 56 0.6 59 0.5 67 0.3 72 0 77 0.9 93 0.9 94 0.3 
6256 7 0.6 14 0.9 18 0.9 53 0.7 55 0.8 61 0.9 71 1 72 0.5 80 0.9 89 0.9 
6282 4 0.4 6 0.4 12 0 55 0 64 0 
6373 45 0 55 0.8 86 0.7 91 0.5 
6442 51 1 79 0.8 82 0.3 87 0.4 95 0.9 96 0.6 
6525 4 0.5 12 0.3 13 0.3 40 0.4 52 0 72 0.8 
6660 8 0 33 0.8 35 0 45 0.3 51 0.9 60 0.4 85 0.4 
6704 22 0.7 33 1 51 0.4 85 0.4 
6720 11 0.5 13 0.8 35 0.7 57 0 89 0.5 
6831 5 0.4 8 0.7 78 0.3 
7021 33 0.9 35 0.6 45 0.5 49 0.9 72 0 90 0.5 94 0.9 
7195 22 0 39 0.6 66 1 75 0.3 95 0 96 0.5 99 0.9 
7207 74 0.9 78 0.6 
7311 16 0.8 17 0.6 28 0.7 33 0.9 68 0 80 0.6 81 0.9 
7429 10 1 38 0.5 42 0.5 59 0.3 61 0 78 0.5 83 0.3 93 0.9 
7462 4 0.8 9 0.3 41 0.5 58 0 67 0.7 
7823 4 0.4 23 0.9 28 0.5 31 0.8 35 0.3 
7986 12 0 22 0 28 0.9 31 0.4 35 0.9 39 0.4 41 0.4 46 0.3 52 0.6 59 0.7 
8087 27 0.7 53 0 
8204 44 0.8 89 0.6 
8256 78 0.6 83 0.3 
8332 22 0.8 35 0.5 
8474 1 0 5 0 16 0 22 1 25 0 26 0.3 35 0 45 0.7 92 0.5 
8550 7 0 17 0.4 23 0 36 0.9 55 0.5 60 0 73 0 74 0.3 92 0.8 
8585 5 1 18 1 38 0.5 45 1 47 0.7 76 0.3 82 0.6 
8739 19 0.3 
8748 4 0.6 10 0.6 39 0.3 71 0.8 73 0 87 0.4 91 0 94 0 
8773 7 0.7 16 0.5 35 0.4 46 0 48 0 51 0.5 57 1 79 0.3 97 1 
8893 47 0.4 85 0.7 
9228 5 0.6 20 0.9 22 0.7 33 0.4 96 0.4 
9280 17 0 35 0 58 0.6 75 0.3 95 0.6 
9292 11 0.9 12 0.4 18 0.8 22 0 38 0.4 57 0 80 0.4 86 0.4 90 0 
9398 46 0.7 47 0 80 1 
9511 2 0 20 1 89 0.3 97 0.6 
9543 36 0.9 41 0 77 0.3 
9744 13 0 54 0.4 95 0.4 
9753 17 0.3 38 0 41 0.9 42 0.8 72 0 79 0.7 84 0 97 1 
