100
5 18 0 43 0.8 57 0.5 83 0.4 95 0 96 0.9 98 1 
40 8 0.4 30 0.8 39 0 42 0.4 44 0 56 0.9 62 0 70 0.7 84 0.5 87 0 
90 34 0.8 84 0.6 88 0 
168 22 1 26 0.6 38 0 39 0 83 0 
183 4 0.5 28 0.6 29 0.6 30 0.7 45 0 61 0.6 74 1 77 0.5 80 0.6 91 0.9 
299 29 0.8 35 0.6 36 0.5 83 0.4 
380 40 0.7 82 0.3 
557 50 0.9 86 0.3 
589 1 0.7 18 1 28 0 30 0.6 35 0 44 0 49 0.5 97 0.9 
628 11 0.9 45 0.9 61 0 65 0.3 
812 25 0.5 30 0.6 31 0.7 48 0 66 0.3 99 0.9 
924 59 0.4 65 0 83 0.9 99 0.9 
976 35 0 49 0.6 57 0.3 78 0 
1092 28 0 30 0.9 33 0.9 46 0.4 
1153 52 0.8 53 0 59 0.6 83 0.3 88 0.8 
1269 9 0.4 10 0.6 14 0.8 47 0.3 50 0.4 59 0.3 90 0.3 
1472 10 0.7 29 0.6 46 0.6 54 0 61 0.8 84 0.8 
1533 5 0.3 28 0.6 92 0 95 0.7 
1582 1 0.4 21 0.8 95 0.5 
1695 12 0 
1788 6 0.6 21 0 23 0.9 34 0 52 0.9 73 0.3 76 0.4 77 0 83 0.5 
1963 66 0.3 77 0.6 91 0.7 94 0.3 
2319 23 0.7 85 0.6 87 0.8 
2435 8 0.3 13 0.5 14 0.3 22 0.3 37 0 61 0 79 0 82 0.6 
2473 7 0.6 16 0.8 23 0 41 0.5 61 0.8 
2516 1 0.7 70 0.5 84 0 90 0.6 
2554 0 0.6 41 0.3 57 0.6 85 0 
2637 0 0.7 29 0 38 0.8 40 0.6 46 0.7 50 0 56 1 75 0 77 0.8 
2833 18 0.6 
2906 11 0 14 0.9 15 0.7 66 0 80 0.4 91 0 94 0.3 
3285 11 0.7 30 0.3 44 0 59 0 66 0 72 0 73 0 74 0.5 
3366 2 0.9 3 0 21 1 32 0.3 46 0 54 0.3 61 0.9 86 0 92 0.4 95 0.4 
3410 8 0 51 0 70 0.8 89 0.7 90 0.6 
3415 13 0 14 0.5 37 0.6 68 0 78 0.4 82 0.7 
3534 6 0 70 0.5 
3637 9 0 23 0.4 44 0.7 46 1 60 0.5 61 0.8 65 0 69 0.9 78 0.9 91 0 
3691 4 0 22 0.8 23 0.3 64 1 69 0.3 70 0.8 72 0 87 0.4 98 0.9 
3717 42 0.6 43 0 58 0.7 66 0.5 68 0 71 0 77 0 
3761 7 0 22 0 
3864 9 0.5 14 0.7 34 0.3 48 0 65 0.3 
3915 21 0 59 0 62 0.6 77 0 81 0 96 0 
4008 20 0.4 28 0.3 39 0.4 49 0 97 1 
4180 32 0.3 37 0 44 0.9 66 0.3 67 0.3 69 1 77 0 81 0.8 91 0.5 95 0.8 
4205 17 0.6 26 0.9 44 0.5 54 0 62 0.5 63 0.7 64 0 77 0.8 89 0.3 90 0.3 
4208 73 0.5 90 0.3 
4320 27 0.6 29 0 31 0.7 49 0.5 56 0 80 0 90 0 
4407 14 0 15 0 19 0.7 25 0.8 30 0.3 69 0.7 70 0.3 72 1 84 0.4 91 0.9 
4449 1 1 4 0 52 0 59 0.5 63 0.7 86 0.9 90 0.8 92 0 
4474 3 0.9 5 0 13 0 26 0.8 66 0 84 0.6 97 0.7 
4527 1 0 3 0.3 50 0.5 58 0.9 
4768 2 0.7 6 0 54 0 
4807 5 0.4 76 0.4 90 0 
4991 16 0.5 29 0 31 1 61 0 76 1 95 0 
5063 34 0 
5176 8 0 61 0.8 
5434 15 0 37 0.5 44 0 86 0 89 0.8 93 0.7 
5826 42 0.3 50 0.3 64 0 75 0 82 0 
5836 7 0.3 31 0.3 51 0 55 0.5 56 0.7 67 0.4 74 0.3 75 0.4 88 0.9 
6022 3 0 14 0.5 19 0.8 78 0.5 84 1 
6056 6 0.7 37 0 40 0.9 47 0.7 61 0.5 97 0 99 0.3 
6060 4 0.8 14 0 25 0 45 1 50 0.9 64 0.7 65 0.5 90 0 94 0.4 98 1 
6130 35 0.4 93 0.4 
6262 18 0.6 27 0.5 38 0.3 46 0 47 0.4 50 0 63 0.3 74 0.9 
6405 34 0.7 50 0.7 55 0.8 56 0 69 0.9 71 0.7 73 0 83 0.5 
6427 23 0.7 42 0.9 48 0 91 1 
6491 10 0 46 0 60 0 65 0 68 0 70 0.6 72 0 90 0.7 
6612 12 0 31 0.5 51 0.8 
6679 9 0 20 0.3 58 0.9 70 0.5 
6719 0 0.3 14 1 40 0.5 46 0.5 66 1 72 0 81 1 90 0.8 
6730 64 1 
6752 88 0 90 0.9 
6775 12 1 50 0.4 65 0.4 92 0 
6803 4 0.5 21 0 31 0.6 37 0.5 64 0.5 68 1 70 0.5 78 1 86 0.3 98 0.8 
6918 2 1 20 0 26 0.5 36 0 47 0.3 56 0.8 60 0 
7051 12 0.8 27 1 75 0.5 91 0 
7106 3 0 33 0.4 65 0.9 68 0.4 91 0.6 
7341 0 0 4 0 15 0.9 20 1 39 0.4 45 0.6 56 0.8 70 0.6 88 0 97 0 
7577 4 0 16 0.9 17 0.9 34 0 67 0.7 73 0.9 76 0.5 94 0.3 
7662 11 0.5 15 0.4 61 0.4 66 0.8 68 0.7 74 0 77 1 90 0.6 92 0 
7670 35 0.7 41 0.3 42 0 66 0.3 67 0.9 70 0 
7892 68 0.4 
7998 35 0 40 0 68 0.3 69 0.4 83 0 
8221 23 0 30 0.8 53 0 99 0 
8261 23 0 56 1 68 0.8 74 0 83 0.5 
8385 6 1 65 0.3 67 0.5 
8388 16 0 21 0 27 1 41 0.5 51 0.5 54 1 67 0.9 
8414 21 0.6 25 1 65 0.7 83 0.7 88 0.3 89 0 
8426 4 0.3 5 0 9 0 26 0.8 59 0.7 66 0.9 82 0 89 0.5 
8433 7 0 10 0.8 16 0.6 24 0 43 0.3 52 0.9 78 0 
8646 46 0.5 53 0.7 59 0.5 68 0 
8772 22 0.9 63 0.8 80 0 81 0.4 83 0.9 94 0 
8801 14 0.6 40 0 43 0.9 46 0.3 56 0.9 58 0 64 0.7 69 0.5 71 0.8 96 0 
9075 17 0.3 
9251 1 0.7 15 0.8 17 0.6 50 0.4 55 0 62 0 64 0 65 0.4 97 0 99 0 
9397 8 0.4 15 0.7 25 0.7 44 0 53 1 57 1 
9595 37 0.6 
9609 8 0 9 1 37 0.8 56 0.9 90 0.7 
9677 22 0.7 52 0 68 0.4 80 0 92 0 97 1 
9814 84 0.5 
9856 15 0.5 35 0.8 53 0 
