100
79 11 0 33 0.6 36 0 41 0.8 50 0.6 81 1 86 0.7 
100 17 1 
212 20 0 22 0.8 90 0.5 93 0 
290 11 0.9 17 0.3 22 0 34 0.5 60 0.6 89 0 97 0.9 
399 62 0.3 73 0.3 77 0.5 
415 2 1 4 0.5 5 0.8 29 0.4 59 0.5 
416 8 0.4 11 0.4 16 0.5 19 0.6 53 0 58 0.6 64 0.9 74 0 
554 0 0.3 9 0.4 32 0 42 0.9 43 0.8 51 0.8 56 1 93 0.6 
641 10 0.9 20 0.4 21 0.9 37 0.3 46 0.6 64 0.6 72 0.6 75 0.9 76 0.9 97 0 
876 0 0.3 2 1 10 0.4 31 0.7 40 0.4 51 0.6 65 1 71 0 83 0 
937 15 0 37 0.3 76 0 81 0.4 83 0.7 
976 35 0 49 0.8 57 0.6 78 1 
1021 8 0.4 20 0.5 21 0 28 0 75 0.4 
1085 42 0 48 1 54 1 57 0.6 65 0.6 67 1 73 0.6 93 1 
1200 2 0 8 0.6 43 0.3 46 0.5 50 0.9 53 1 85 0.4 94 0.9 
1241 14 0.5 49 0.4 
1376 17 0.5 
1412 17 0 18 0 22 0.6 34 0.7 71 0.7 72 0.6 77 0.8 87 0.9 92 0.4 
1454 2 0.9 3 0 11 1 42 0.8 47 1 59 1 77 0.3 85 1 97 1 
1675 21 0 28 0.7 42 0.3 51 0.4 72 0 89 0.4 97 0.4 
1800 98 0.8 
1846 22 0 24 0 63 0 
1860 11 0.8 12 0.9 13 1 19 0.7 21 0.5 57 0 74 0.8 95 0.5 
1888 62 0.9 67 0.8 
1942 15 0.8 20 0 39 0 61 0 62 1 65 0.3 79 1 
2065 11 0.8 29 0 48 0.3 
2077 0 0 6 0.7 14 0.9 18 0.6 32 0.5 64 0.8 83 0 
2126 2 0 7 0 36 0.4 44 0 54 0 56 0 82 0 88 0 
2131 61 0.5 72 0.3 73 1 78 0.9 96 0.6 
2311 13 0 16 0.8 17 0 19 0.4 22 0.4 73 0 77 0.9 81 0 86 0.8 95 0.4 
2322 10 0 15 0.9 25 0.8 64 0 90 0.9 96 0.5 
2470 48 0.9 86 0.6 
2485 1 1 56 0 59 0.8 63 0 
2512 40 0.5 60 0.6 70 0 
2609 26 0.3 41 0 43 0.5 57 0 78 0.4 
2610 1 0 8 0.5 40 0.8 44 0.5 51 0 80 0.6 86 0 
2662 3 0.6 25 0.4 42 0 43 0.7 63 0.5 73 0.6 88 0.9 
2871 49 0.8 60 0.8 63 0 72 0.9 77 0.8 81 0 
2885 43 0.7 82 0.7 
2955 3 0.7 57 0.6 60 0.9 82 0.7 94 0.7 98 0.9 
3635 0 1 5 0.9 14 0 20 0.4 21 0.7 37 0.4 63 0.7 77 0.8 90 0.3 97 0.8 
3784 31 0 39 0 60 0.4 89 0.9 95 0.8 
3872 10 0.7 
3890 30 0 41 0.7 72 0.4 
3922 20 0.7 65 0.5 
3925 12 0.7 26 1 31 0.6 91 0.5 
4058 8 0.8 12 0 45 0 50 0 52 0 59 0.8 70 0 79 0.4 86 0.5 
4060 70 0 84 0.8 
4141 17 0.9 
4257 17 0 19 0.6 54 0 69 0.9 85 0.5 
4401 33 0 37 0.9 56 0.3 59 0.5 60 0.9 93 0 96 0 
4457 10 0.5 23 0.8 42 0.7 62 0.4 
4573 10 0 19 1 20 0.9 30 0.4 44 0.8 57 1 58 1 68 0.7 92 0.7 93 0.4 
4640 1 0.7 6 0 21 0.6 63 0 64 0 72 0 84 0.8 85 0.9 95 0 
4713 35 0 43 0 76 0.5 
4821 22 0 26 0 31 0 50 0.5 59 0.3 61 0 77 1 88 0.6 98 0 
4931 4 0.4 10 0 20 0 42 0.7 45 0.4 56 0.6 71 0.6 72 0.8 74 0.5 78 0.9 
4955 13 0.3 24 0.6 37 0.4 38 0.5 44 0.3 52 0 60 0 68 0.7 74 1 76 0.6 
5086 1 0 12 0 18 0.4 37 0.6 42 0.3 43 0.7 85 0.7 
5281 81 0 84 0 
5323 3 0.4 31 0.6 40 1 43 0.9 51 0 65 0.7 73 1 76 0.4 99 0.9 
5435 34 0 48 0.4 49 0.8 54 0 
5585 2 0 
5677 75 1 
5747 21 0.9 25 0.7 
5790 22 0.9 66 0.6 74 0.4 92 1 
5791 2 0.4 13 0 25 0.5 44 0 57 0.6 63 0.3 67 0.7 71 0.9 91 0.6 96 1 
5855 3 0.4 15 0.9 18 0.9 34 0 45 0.5 56 0.4 57 0 83 1 85 0.5 91 0.8 
6367 32 0.5 56 0 68 0.7 78 0.9 87 0.3 
6407 8 0.4 13 0.7 26 0.4 28 0.8 36 0.4 40 0.3 46 0 69 0 
6459 15 0.3 22 1 48 0 51 0.7 53 0.7 55 0.4 64 0.8 81 0.9 
6533 4 0 5 0 60 0.8 80 0.4 
6553 40 1 55 0.6 81 0.3 
6757 95 0 99 0 
6775 12 0.4 50 0 65 0.5 92 0.4 
6971 15 0 23 0.6 
7345 80 0.8 
7443 8 1 27 0.6 65 0.3 
7729 7 0.5 8 0 13 0 26 0.5 52 0 55 0 74 1 
7760 14 0.8 25 0.7 40 0.3 43 0 64 0.6 81 0.6 88 0.3 90 0 94 0 
7837 6 0.9 24 0.6 37 0.6 68 0.5 71 0.6 81 0.9 
7876 18 0 19 0 21 0.5 39 0 69 0 71 0 76 0 85 0.9 94 0.7 
7982 39 0 74 0.3 96 0.8 
8067 0 0.7 3 0.9 13 0.6 17 0 48 0 53 1 63 0.9 65 0.6 97 0.8 98 0.5 
8137 7 0 9 0 14 0 18 0.9 20 0.7 27 0 72 0.9 85 0.4 87 0.8 
8341 2 0 22 0.6 23 0 24 0.3 25 0.7 29 0.9 46 0 67 1 77 0.7 84 0.4 
8459 1 0.4 28 0.3 38 1 41 1 56 0.7 59 0.4 67 0 79 0.3 85 0.7 89 0.7 
8631 7 0.7 17 0.5 30 0.9 62 0.5 72 0.8 76 0.7 
8732 39 0 50 0 58 0 
8778 20 0.8 22 0.9 25 1 31 0.5 34 0.4 54 0.4 59 0 72 0.5 
9036 0 0 6 0.4 21 0.4 51 0.5 74 0 84 0 85 0.3 
9066 12 0.4 14 0.4 18 0.8 21 1 22 0.7 47 0.9 78 0.3 90 0.8 98 0.3 
9103 13 0.6 19 0.9 29 0.7 61 0.5 96 0 
9146 29 0.9 32 0.8 54 0.8 69 0.6 80 0.8 83 0.6 91 0 
9369 61 0.3 79 0 83 0 
9392 23 0.8 56 0.9 65 1 76 0.4 83 0.6 
9411 0 1 1 0 19 0.4 27 0.4 44 0.3 89 0 96 0.3 97 0.7 
9687 33 0 39 0.8 56 0 57 0.8 58 0.8 70 0.3 86 0.3 90 0 94 0 
9736 21 0.6 26 0 46 0.6 47 0.7 56 0.9 91 0.8 
9905 1 0.4 29 0.4 67 0 77 0.7 79 0.4 82 0 92 1 
