100
34 3 1 34 0.9 35 0.3 45 0.9 87 0 93 0 
90 34 0 84 0 88 1 
141 53 0.7 64 1 83 0 
163 6 0.4 18 0 31 0.7 54 0.4 
184 24 0 36 0.7 38 0.3 66 0.4 
334 39 0.7 
512 8 0 24 0.3 27 0.5 35 0.3 49 0 64 0 83 0.3 85 1 86 0.5 
668 8 0.4 33 0.3 47 0.9 55 0.7 79 1 89 0.4 
729 28 0.6 40 0.5 45 0.5 
762 43 0.3 75 0.5 99 0.7 
818 3 0 8 0 15 0.9 25 0 36 0 65 0 74 0 77 0.4 96 0.7 
840 44 0.4 49 0.9 
845 25 0.4 
909 22 0 23 0.6 37 0.7 60 0 
921 16 0.3 95 0.7 
989 7 0.5 15 0.9 34 0.5 61 0 64 0 76 0 82 0.3 91 0.4 
1039 4 0.3 15 1 61 0 
1334 86 0 
1336 3 0.9 9 0 11 0.9 28 0.7 57 0.7 64 0.5 
1491 2 1 11 0.3 14 0 19 0.7 54 0.7 58 0 
1535 4 0 41 0.9 47 0.9 63 0 65 0 70 0 75 0.5 
1551 3 0 25 0.3 37 0 45 0.7 65 0.9 78 0.8 
1626 29 0.8 34 0.9 51 0 60 0.6 65 1 67 0.8 72 1 96 0.3 97 0.4 98 0.8 
1648 24 0 30 0.9 34 0.9 40 0.3 42 0.6 55 0 75 0.5 83 0.4 92 0 
1700 14 0.3 50 0.3 52 0 58 0.7 75 0.3 76 0.9 81 0 92 0 97 0.4 
1803 31 0 40 0.9 42 0.3 59 0.9 82 0 86 0 87 0.5 
1924 4 0.3 7 1 22 0.9 27 0 30 0.5 31 0.5 61 1 63 0 66 0.4 73 0.3 
2101 8 0.7 25 0.9 32 0.7 36 1 58 0.9 60 0.6 77 0.8 96 1 
2192 13 1 19 0 23 0.9 29 0 34 1 44 0.4 
2225 19 0.7 28 0.4 41 0.3 45 0.7 61 1 80 0 96 0.6 
2251 17 0 
2323 31 0.5 36 0.4 45 0 69 0 
2433 4 0.5 14 0.3 27 0.8 33 0.6 36 1 57 0.5 82 0 91 0.7 
2494 12 0.3 13 0.8 36 0 43 0 
2600 41 0.7 55 0.3 58 1 80 0 
2759 63 0.7 72 0.8 
2931 40 1 86 0.7 88 0.5 97 0 99 1 
2942 34 1 64 0.6 
3224 54 0.7 
3336 38 0.7 89 0 
3348 65 0.6 71 0 78 0.7 99 0.6 
3530 15 0.3 18 0.4 33 0.7 41 0.9 50 0.9 64 0.3 67 0.6 72 0.4 73 0.6 
3566 16 1 21 0.9 23 0.4 24 0.9 25 0.3 37 0 41 0.8 46 0 47 0.8 
3689 20 0.4 64 0.9 71 1 75 0.3 
3715 3 1 11 0.3 12 0.9 31 0 69 1 76 0.3 90 1 91 0.6 
3807 15 0.7 
3839 34 0.4 50 0.3 57 0.7 65 1 89 0 
3854 5 0 16 0 30 0.5 57 0.4 65 0.9 67 0.5 79 0 92 1 99 0 
3865 11 0.9 43 1 59 1 66 0.4 67 0.7 68 0.8 73 0.9 
3896 18 0 75 0.3 
3943 30 0 35 0.3 91 0.7 
3983 6 0.7 13 0.5 27 1 33 0.5 36 0.3 42 0 63 0.3 82 0.8 85 0.3 99 0.8 
4152 21 0.4 60 0.5 66 0.7 84 0.5 91 0.3 
4185 7 0.9 24 0.3 38 0.8 46 0.7 54 0.6 70 0.7 90 0 
4263 11 1 21 0.4 56 0.3 62 0 
4313 9 0.7 36 0.8 57 0.9 75 0.3 88 0.9 
4317 19 0.4 26 0 32 1 46 0 56 0.9 63 0 65 0.6 82 0 90 0.7 
4320 27 0.6 29 0.3 31 0.7 49 0.5 56 0 80 0.7 90 1 
4680 27 0.5 29 0 50 0.6 63 0.9 
4698 23 0.5 25 0.5 34 0.9 45 0.8 79 0.8 87 1 
4718 11 1 15 0.6 55 0.9 64 0.4 74 0.8 86 0 93 0.7 98 1 
4762 2 0.6 3 0.3 4 0.5 29 0.3 59 0.3 77 0 87 1 88 0.7 94 1 
4830 14 0 15 0.3 27 0.4 33 0.3 41 1 45 1 54 0.6 60 0.5 66 0.9 99 0.5 
5072 34 0.7 74 0 82 1 92 0.7 
5254 19 1 22 0 26 0.6 92 0.8 96 0.8 
5341 27 0 37 1 42 0 45 0 78 0.5 
5417 5 0.4 10 0.5 12 0.5 23 0 28 0 48 0.7 60 0.5 
5489 3 0.7 5 0 28 0 34 0.7 35 0.4 39 0.3 62 0.7 71 0 89 0 
5548 97 1 
5885 26 0 55 0.5 
5920 1 1 19 0.7 23 0.5 42 0.3 45 0.7 49 0 82 0 88 0.3 
6080 17 0.4 20 0.6 47 0.6 51 1 81 0 
6272 25 0.5 31 0.8 46 0.9 
6409 39 0.9 57 0.6 58 0.4 69 0.8 70 0.8 89 0 
6479 9 0 36 0.8 41 0 56 0.9 61 0 66 0.7 73 0.5 83 0.9 
6631 3 0.4 37 0 45 0.7 83 0.7 97 0.6 98 0 
6798 1 0 5 0.8 
7320 4 0.6 18 0 27 0.4 64 0.3 70 0.6 74 0.3 78 0.8 88 0.6 
7331 89 0.8 
7384 1 0.4 11 0.3 15 0.5 18 0.6 42 0.3 60 0 67 0 71 0 90 0 
7580 18 0 
7619 14 0.9 15 0 42 0.7 55 1 65 0 70 0.6 84 0.8 96 0 97 0 
7686 31 0.9 
7701 20 0 33 0.3 69 0.7 77 0.3 96 0.3 99 0.8 
7706 12 0.6 16 0.4 27 0.8 69 0.5 71 0.9 
8022 7 1 17 0 33 0.4 42 0.6 55 0.3 62 0 91 1 
8513 31 0 
8720 5 0.8 46 0.3 74 0.3 86 0 89 0.5 
8763 48 1 54 0.5 68 0 80 1 87 0.9 96 0.5 
9078 3 0.3 6 1 19 0 21 0.4 35 0.7 43 0 53 0.7 71 0.4 76 0.8 77 0.6 
9097 10 0.3 42 0.5 75 0.5 77 0 83 0.6 84 0.6 90 1 95 0.4 
9114 1 0.4 85 0.3 
9290 28 0.8 36 0.3 39 0.9 42 0.9 59 0.5 66 0.9 83 0.3 99 0.6 
9410 16 0 17 0 26 0 43 0.6 75 0.6 95 0.3 96 0.5 
9580 4 0 27 0.5 54 1 
9602 3 0.4 20 1 28 0.5 57 1 72 1 85 0.8 86 1 95 0 
9645 6 0.5 24 0 29 0.6 69 0 75 0.5 96 1 
9723 2 0.6 17 1 31 0.8 39 0 61 0.8 76 0.5 
9782 5 0 13 0.9 22 0.9 45 0 51 0.4 53 0.6 56 1 73 0.4 81 0.6 92 0.9 
9850 0 0.9 10 1 33 0.6 35 0.3 69 0.3 84 0.8 
