100
72 2 0 8 1 23 0.5 33 0.9 38 0.3 86 0.3 94 0.9 
192 16 0.3 29 0.4 35 0.3 46 0.8 73 0.9 93 0.3 
256 6 0 8 0.9 43 0 45 0.7 69 0.6 71 0 78 0.8 85 0.8 
319 30 0.9 33 0.8 
386 5 0 17 0.3 55 0.7 68 1 76 1 78 0.8 88 1 
637 2 0.9 13 1 35 0.3 45 0 59 1 65 0.7 98 0.5 
717 5 0.7 17 0.3 41 0 53 0.9 57 0.8 81 0.4 82 0.8 
798 3 1 40 0.3 46 0.7 48 0.8 57 0.4 64 0 72 0.5 90 0.8 
892 31 0.5 42 0.8 51 0.5 82 0 95 0.9 99 0.4 
908 26 0.3 46 1 68 0 
1016 2 0.5 10 1 28 0.9 43 0.9 51 0.9 56 0 62 0.6 71 0.3 94 0.4 98 0.7 
1030 3 0.6 12 0.7 27 0.3 48 0.5 71 0.5 80 0.5 85 0 
1102 8 0 90 0.3 
1216 44 0.8 82 0 89 0 90 0 
1304 12 0.8 61 0.6 65 0.8 66 0 
1344 25 0.7 33 0.9 40 0.8 64 0.9 86 0.8 96 0.8 
1388 6 0.7 9 0.4 15 0 33 0 81 0 82 0 83 0 90 0 
1394 7 0.3 13 0 15 1 41 0 54 0 64 0.8 84 0 
1516 19 0.6 36 0.6 92 0.3 
1681 11 0.5 18 0.6 35 0.3 72 0.5 80 0.4 83 0.7 84 0 98 0.3 
1695 12 0 
1719 13 0.9 14 0.9 17 0 27 0 28 0.6 32 0.9 36 0.3 67 0 73 1 96 0.7 
1739 0 0 53 0.7 55 0.7 64 0.4 
1826 7 0.4 41 0 95 0.5 
1965 20 0.9 32 0.8 61 0.8 81 0.7 93 0.7 
2129 6 1 11 0.6 
2151 6 0.8 25 0 45 0.6 51 0.6 63 0.5 82 0.7 
2188 63 0.6 
2229 16 0 28 0 49 0 73 0 
2381 8 0 21 0.5 23 0.9 38 0.8 55 0 56 0 74 0.6 80 0 84 0.9 
2428 0 0.7 1 0.6 14 0 19 0.8 36 0.9 49 0 61 1 68 0.4 94 0.7 97 0 
2469 0 0.5 3 0.5 60 0 
2539 12 0.8 13 0.5 19 0.4 22 0.7 93 0.5 97 0.7 
2813 9 0.8 12 0 15 0 31 1 43 0.8 57 0.8 61 1 77 0.3 97 0.4 
2825 88 0 
2878 21 0 
2969 5 0.6 21 0 
3147 6 0.9 40 0.8 51 0.3 53 0.5 86 1 91 0 95 0.8 
3205 15 0.6 31 0.3 81 0 83 0.5 99 0 
3249 16 0.6 23 0.8 48 0 70 1 90 1 96 0.5 
3349 56 0.5 89 0.3 
3370 20 0.5 25 0.5 29 0.3 36 0.6 54 1 55 0.9 64 0.8 82 0 91 0.8 
3424 21 0 45 0.5 48 0.6 79 0.7 87 0 91 1 92 0 94 0.3 
3491 27 0.6 28 0.7 34 0.8 42 0 53 0.7 62 0 63 0.9 89 0.9 92 0.4 96 0 
3522 2 1 15 1 28 0.7 31 0 54 0.4 61 1 66 0.9 68 0 93 0.5 
3872 10 0 
4058 8 0.3 12 0.4 45 0.5 50 1 52 0.5 59 0.6 70 0.7 79 0.8 86 0.7 
4079 1 0.8 8 0.5 18 0.7 48 0.9 60 0.8 79 0.3 94 0.6 
4173 3 0.4 14 1 56 0.6 67 0.9 80 0.9 
4233 2 0 5 0.7 12 0.8 26 0.6 38 0.5 88 0.5 
4291 24 0 
4415 20 0.6 45 0.8 77 0 80 0.8 89 0.5 92 0.8 
4497 8 0.5 9 0.6 16 0.6 43 0 64 0.6 86 0.7 87 0 89 0 97 0.7 
4586 1 0.9 5 0.4 26 0 86 0.8 87 1 
4770 42 0.9 
4865 6 0.4 8 0.8 23 0.6 31 0.9 35 0.3 94 0.9 96 0 
4987 23 0.9 25 0 83 0 
5165 11 0.9 18 0 27 1 29 0 37 0.9 72 0.6 82 0.6 
5220 43 0.3 63 0.7 65 0.5 72 0 80 0.3 87 0 
5364 87 0 
5405 0 0.4 18 0.9 61 0.9 66 1 73 0.5 77 0.4 82 0.7 
5475 30 0 94 0.7 
5541 10 1 39 0 54 1 56 0.9 58 0.5 60 0.4 76 0 77 0.7 93 0.4 
6037 8 0.3 12 0.9 53 0.9 72 0 73 0.7 74 0 76 0.4 
6111 13 0.9 19 0.5 23 0 55 0.3 61 0 74 0 
6194 18 0.7 19 0.7 32 0.6 36 0.7 37 0.4 42 0.7 47 0.8 66 0.6 74 0 94 0 
6221 3 0.8 53 0.6 55 0.4 59 1 
6282 4 0.3 6 0.4 12 0.7 55 0.5 64 0 
6402 11 0.6 33 0.6 39 0.6 46 0.6 61 1 65 0 66 0.5 74 0 94 0.9 
6724 11 0 20 0 31 1 36 0.6 44 0.8 66 0 68 1 94 0.3 
6807 6 0 7 0 22 1 32 0 75 0.3 
6808 7 0.4 15 0.5 37 0 52 0 73 0.4 75 0.4 77 0.5 80 0.6 
6850 10 0.5 34 0.4 87 0.7 95 0.6 
6878 29 0 45 0.5 49 0.8 68 0 89 1 
6921 24 0.4 33 0.7 38 0.9 60 0.7 68 0 78 0.4 79 0.9 
7010 15 0.8 22 0.8 25 0 63 0 65 0.5 94 0.6 
7027 75 0.5 77 0 87 0.8 
7280 32 0.9 70 0.4 
7406 39 0.8 41 1 45 0 56 0 58 0.4 64 0.3 71 0.8 78 0.9 96 0.7 
7435 96 0.3 
7436 55 0 
7480 90 0 94 0 
7584 5 1 67 0 89 0.8 91 0 
7811 1 0.5 13 0.5 19 0.9 44 0.6 64 0 74 0.9 88 0.5 98 0.3 
7843 6 0.8 9 0.8 25 0.4 43 0.4 75 0.8 88 0 90 0.6 93 0.8 
7912 14 0 22 0.8 26 0.6 37 0.8 40 0.3 59 0 69 0.7 86 0.8 
7985 6 0.7 13 1 16 0.4 19 0 41 0 42 0.8 48 0 69 1 99 0 
8275 92 0 
8455 89 0 
8481 39 0.8 94 0.9 
8760 23 0.9 34 0.7 91 0.3 
9032 6 0 29 0.9 35 0.8 
9160 1 0 3 0.9 6 0.7 19 0.5 36 0.3 37 0.5 66 0.9 69 0.5 88 0.7 96 0.6 
9257 3 0.4 27 0.3 36 1 40 0 45 0.5 64 0.8 88 0.4 
9282 67 0.7 73 0.9 
9361 37 1 49 0.6 88 0.8 
9517 47 1 88 0.6 
9577 24 0 28 0.3 39 0.8 45 0 57 0 66 0.5 68 0.8 83 0.8 91 0.7 93 0.4 
9790 14 1 15 0.5 20 0 28 0 42 0 45 0.5 56 0 87 0.4 98 0 
9802 85 0.5 
