100
93 2 0.4 4 0 22 0 25 0 48 0.6 49 0.3 62 0 89 0.3 
152 98 0 
212 20 0 22 0.3 90 0.3 93 0.6 
298 4 0.3 5 0 13 0.8 35 0.4 37 1 41 0.6 48 1 63 0 71 0.8 98 0 
330 32 0 34 0.9 57 0.7 72 0.5 
369 14 0.4 37 0.3 41 0.6 76 0.7 
416 8 0 11 0.5 16 0.5 19 0.4 53 0.9 58 0 64 0.5 74 0.3 
590 4 0.8 
703 58 0.9 
805 22 0 29 0.5 33 1 35 1 68 0.4 75 0.7 94 0 
1150 35 0.9 78 0 
1457 7 0.6 44 0.6 45 0.4 54 0.4 56 0.5 91 0.7 92 0.3 97 0 
1473 24 0.6 66 0.3 75 0 96 0.6 
1500 0 0 23 0.8 26 0 42 0.4 58 0.8 66 0.7 68 1 77 0 79 0 
1513 4 0 35 0.8 43 0.8 46 0.5 76 0.8 88 0.9 
1544 20 0.9 32 0.6 33 0 46 0 51 0.6 55 0 69 0 79 1 94 0 
1601 42 0.6 48 0 57 1 
1661 14 0 39 0 58 1 
1716 19 0.4 20 0 47 0 
1750 9 0 37 0.6 44 0 45 0 47 0.7 61 0 70 0 73 0.4 77 0.9 86 0.7 
1813 19 0.7 26 0.4 51 0 
1922 20 1 40 0.8 49 0 55 0.9 56 0 82 0.7 
2177 0 0.5 7 0 20 0.4 28 0 30 0.6 75 1 
2309 1 0.5 24 0 29 0.5 42 0.5 46 0 75 1 91 0 
2484 0 0.9 6 0 15 0.6 22 0.4 30 0.4 45 0 48 0.7 54 0 67 0 85 0.8 
2516 1 0 70 0.4 84 0.6 90 0.8 
2521 4 0 40 0.9 48 0 61 0.8 66 0.5 76 0 86 0.6 91 0.7 
2584 25 0 62 0.6 89 0 
2685 17 0.6 
2817 22 0.9 24 0.5 32 0.8 35 0.9 54 0.9 56 0.8 58 1 69 0 77 0.7 88 0.7 
2846 35 0 59 0.9 76 0.4 
2856 5 1 16 0.8 23 0.5 29 0.6 63 0.3 69 0.7 84 1 91 0.6 94 0 
2894 23 0 95 0.6 
3089 15 0 71 0.8 91 0.3 
3155 13 0.8 28 0.3 42 0 44 0.5 55 0.3 71 1 76 0.6 80 0 83 0 96 0.5 
3308 12 0 
3321 21 0 37 1 62 0 65 0 75 0 77 0 
3343 40 0.5 
3505 0 0 6 0 8 0.4 10 0 21 0.4 37 0 57 0.6 71 0.7 83 0 86 0.8 
3545 3 0 4 0.4 23 0.6 26 0.6 37 1 93 0 
3733 5 0.7 7 1 38 1 58 0.5 78 0.3 84 0.6 88 0.9 
3784 31 0.4 39 0 60 0.4 89 0 95 0.3 
3887 41 0.9 45 0.4 65 0 69 0.8 
3926 7 0.9 34 0.4 36 0.4 58 0.9 62 0.7 67 0.5 68 0.8 77 0.7 
4010 4 0.7 26 0.4 37 0 43 0 49 0.9 51 0.3 
4089 48 1 77 1 78 1 91 0.3 
4159 13 0.9 18 1 26 0 34 0.5 61 1 
4184 10 0.7 
4194 16 1 
4688 77 1 81 0.5 
4826 7 0.8 10 0.6 31 0.6 33 1 48 0.4 51 0.8 63 0.9 70 0.4 
4894 24 0.5 58 1 
4934 17 0.9 22 0 23 1 29 0.4 60 0.6 86 0.6 
4957 28 0.8 32 0 35 0 45 0 58 0 62 0.5 95 1 
5068 6 0.6 18 0 46 0.3 48 0.3 55 0 67 0.7 82 0.7 92 0.6 97 0 98 0.9 
5104 10 0.5 22 0.4 23 0.6 43 0 65 1 74 0.8 90 0.8 94 1 
5175 38 0 40 0 67 1 83 0.6 89 0 91 0.4 
5197 75 0.6 97 0.6 
5264 12 0.6 23 0 33 0.8 49 0.9 55 0.8 92 0.8 
5364 87 0.3 
5402 26 1 47 0.7 66 0.6 78 0 
5624 10 0.4 12 0 36 0.9 38 0.8 76 0 
5655 0 0.8 23 0.8 28 0.7 32 0 35 0.7 62 0.8 66 0 68 0.5 86 0.3 88 0 
5715 6 0.4 20 0.3 55 0.9 62 0.7 75 0.7 
6027 3 0 6 0.4 47 0.8 52 0.8 99 0 
6207 22 0.3 35 0.5 
6348 38 0.8 
6364 12 0 58 0 75 0.7 78 0.5 91 0.6 
6405 34 0.7 50 0.8 55 0.3 56 0 69 0.9 71 0.8 73 0 83 0.5 
6538 14 0.3 16 0.4 20 0.9 34 0.7 50 0.3 63 0.5 75 0.6 93 0 98 0.9 99 0.8 
6551 5 0.4 7 0.3 9 0 39 0.5 58 0.9 60 0.9 64 0.5 69 0 73 0.7 94 0 
6608 23 0.5 29 0.6 38 0.6 64 1 68 0.8 74 0 
6623 35 1 
6845 14 0.4 57 0.8 62 0.3 64 0 89 1 
7214 27 0.7 83 0.6 
7486 3 0 14 0.6 53 0.9 78 1 90 0.5 92 0.6 98 0 
7613 14 0.7 17 0.7 19 0 20 0.4 48 0 49 0 59 0.7 95 0.9 99 0.5 
7643 8 0 27 0.5 34 0.9 49 1 65 0.9 66 0 69 0.8 70 1 76 0.5 78 0.4 
7709 36 0.9 
7769 19 0.7 24 0.6 25 0.8 70 0.4 76 0.8 91 0 99 0.4 
8081 59 0.8 96 0 
8105 97 0 
8205 26 0 36 0 69 0.8 
8229 0 0.6 7 0 13 0 22 0.4 29 0 34 0 90 0.6 
8606 13 0.9 15 0.4 17 0.4 36 0.4 58 0.5 59 0.5 74 0 80 0 94 0.4 96 0 
8872 65 0.6 
8989 48 0 67 0 69 1 88 1 89 0 
9015 4 0 15 1 17 1 78 1 
9115 32 0.3 
9374 14 0.5 67 0.8 
9579 11 0.9 13 0.6 16 0.3 31 0.5 33 0.8 40 0 65 0 69 0.6 83 0.3 91 0 
9585 6 0 32 0.9 95 0.6 
9619 3 0.4 27 0.3 75 0.7 84 0 86 0.8 97 0 
9630 1 0.4 18 1 33 0 65 0.8 69 0.3 86 0.4 
9658 22 0.3 64 0.4 74 0 75 1 79 0 
9686 3 0.3 62 0 
9816 20 0.3 21 0.5 33 0.5 53 1 57 0.9 60 0.9 78 0.8 84 0.3 
9922 58 0 71 1 
9930 6 0.4 12 1 16 0.5 40 0.8 43 0.9 50 0.6 52 0 65 0 80 0.5 85 0.9 
9944 1 0 5 0.9 14 0.8 60 0.5 90 1 
