100
66 27 0.6 32 0 55 0.8 81 0.4 
124 7 0.6 53 0 66 0 67 0.3 80 0 81 1 82 0.8 88 0.7 90 0 
167 12 0.6 82 0.4 
179 54 0 63 1 
211 4 0 11 0.8 14 0.7 23 0.6 27 0.9 30 1 37 0.7 88 0.6 97 1 
224 25 0 28 0.9 46 0.8 61 0.3 67 0 70 0.3 75 0.7 85 0 89 0.9 
276 2 0 5 0.6 19 0.3 20 0.4 36 0.4 43 0 46 1 55 0.7 78 0 97 0.6 
285 21 1 32 0.6 36 0.5 43 0.6 75 0.6 83 0.5 84 0.4 
297 79 0 
487 9 0.5 36 0 47 0.5 93 0 
546 6 0 55 0 
618 1 0.9 10 0.9 47 0.4 
759 26 0.4 45 1 69 0.7 70 0 
788 38 0.3 52 0.3 75 0.7 
844 41 0 99 0.9 
938 97 0.4 
965 13 0.8 23 0.5 30 0 35 0 53 0 62 0 65 0.9 69 0 75 0.9 85 0.7 
1024 9 0.5 18 0.4 29 0 33 0 81 0.8 99 0.5 
1259 18 1 47 0 48 0.6 51 0 66 0.8 70 0 90 0.9 
1526 80 0 90 0 97 0 
1714 15 0 20 0.5 23 0.5 41 0.4 44 1 45 0.8 53 0 
1727 14 0.3 50 0 52 0 62 0.3 65 0 73 0.7 77 0.4 97 0 
1759 0 0 3 0 6 0 9 1 10 0.7 17 0.3 56 0.5 72 0 79 0 82 0 
1813 19 0.6 26 0 51 0 
1915 2 0.4 40 0.6 41 0.8 54 0 55 0 73 0.4 92 0.9 
1949 4 1 31 0.9 49 0 64 0 77 0.8 89 0.6 96 0 98 0 
1976 66 0.4 91 0.4 
2153 1 0 12 1 24 0.3 35 0.9 38 0 54 1 75 0 91 0 
2227 36 0 66 0.4 68 0 93 0.5 
2324 13 0.8 27 0 30 0.5 62 0.9 81 0 
2341 12 0.6 62 0.4 70 0 91 1 
2372 0 0.6 13 0.3 16 0.3 28 0.7 34 0.3 37 0 50 0.7 62 0 78 0.7 84 0.7 
2405 47 0.6 
2469 0 0 3 0.9 60 0 
2485 1 0.5 56 0.5 59 0.3 63 0 
2552 16 0.7 19 1 48 1 58 0.5 66 0.6 97 1 99 0.3 
2564 25 0 32 0.3 66 0.9 81 0.6 85 0 86 0.8 89 0 94 0 97 0.9 
2567 6 0 15 0.7 39 0.7 64 1 84 0.6 94 0.7 
2614 5 0.3 21 0 64 0.8 75 0.6 76 0.4 82 1 
2727 15 0.4 23 0.3 44 0.5 49 0.4 51 1 55 0 71 0.9 72 0 79 0.3 
2765 22 0.8 26 0.7 27 1 32 0.5 35 0.8 45 0 69 0.3 85 1 91 0.6 
2809 90 0.6 
2824 1 1 23 0 37 0.4 50 0 62 0.7 63 0 70 0.6 76 0.6 85 0 89 0 
2846 35 0.4 59 0 76 0 
3104 0 1 19 0.8 20 0.9 45 0 66 0.5 83 0.7 
3171 0 0.9 23 0.3 34 0 39 0.7 80 0 82 0 87 0.4 88 1 
3233 11 0.8 14 0.4 15 0 28 0 66 0.9 69 0.4 71 0 78 0.9 81 0.4 
3276 11 0.5 19 0.3 33 0 37 0.6 42 0.4 44 0 64 0 69 0 76 0.8 85 0.9 
3298 38 0.6 56 0 64 0.6 89 0.3 90 0.6 
3323 2 0.6 22 0.5 35 0 45 0.5 56 0.7 60 0 71 0.9 84 0.7 94 0.5 
3342 95 0.3 
3402 20 0.4 23 0 37 0.7 40 0.4 42 0.3 59 0 73 0.9 80 0 91 1 
3487 8 0.6 60 0 63 0.3 66 1 70 0.5 73 0.8 89 0 91 0.3 
3556 0 0 41 0.7 55 0 68 0.7 
3612 4 0 81 0 
3806 18 0.6 40 0 87 0.9 88 0.4 90 0.5 94 0.6 
3911 6 0 8 0 12 0.4 18 1 36 0.7 37 0 46 0.6 73 0 
4007 5 0.3 13 0.5 53 0.9 57 0 59 0.6 69 0.5 90 0 
4298 6 0 13 0.4 
4585 12 0.9 17 0.8 32 0.8 39 1 57 0 60 0.5 68 0.8 86 0.3 92 0.3 93 0.7 
4965 27 0.8 29 1 31 0.7 41 0.9 50 0.5 52 0 60 0 72 1 92 0.8 99 0.6 
5005 4 0.6 22 0.7 43 0.5 71 0.9 80 0 
5023 7 0 24 0.4 35 0 36 1 71 1 80 0.7 
5082 7 0.9 59 0.4 
5294 33 0.9 77 0.5 
5428 4 0.8 46 0 59 0.4 
5438 52 0.6 55 0.8 59 0 
5456 40 0.6 86 1 90 0 98 1 
5534 0 0 20 0 24 0.7 31 0.5 42 0 49 0 56 0.9 65 0.4 
5607 34 1 35 0.7 63 0.4 76 0.3 
5916 37 0.5 95 1 
6001 10 0.5 28 0.7 29 0.7 35 0 45 0.9 48 0 52 0.3 57 0 92 0.5 
6202 9 0.3 18 0.8 27 0.4 28 0.9 40 0.5 44 0.8 47 0.6 77 0.3 95 0 
6652 0 0 8 0.5 13 0.8 28 0.3 37 0.7 68 0.9 90 0.6 
6654 8 0.6 23 1 32 0.8 33 0 37 0 44 0.7 46 0.3 57 1 59 0 
6656 13 1 32 0 44 0.8 72 1 83 0 84 0.5 
6687 24 0.9 28 0.6 45 0.9 75 0 87 0 99 1 
7176 50 1 87 1 96 1 
7213 29 0.4 32 0.9 44 0 67 0.9 96 0.4 
7527 0 0.9 2 0.3 27 0.9 58 0.7 78 0.8 85 0.6 87 0.7 88 0.9 
7535 1 0.7 3 0.3 28 0 59 0.8 62 0.6 74 0.6 
7584 5 0.5 67 0.3 89 0 91 0 
7715 16 1 17 0.9 18 1 35 0 37 0 47 0 86 0.3 91 0.7 
7830 36 0.7 
8116 53 0.9 59 0.7 72 0.5 85 1 
8432 52 0.9 
8585 5 1 18 0 38 0 45 0 47 0.3 76 0.4 82 1 
8588 0 0.9 2 0.3 5 0.8 10 0.4 55 0.6 86 1 88 0 92 0.7 99 0.5 
8616 19 0.9 48 0 89 0.8 
8944 17 0.5 52 0.4 71 0.9 88 0 
8945 2 0.3 38 0 57 0 79 0.6 
9080 46 0.9 
9094 2 0 13 0.5 37 0.8 54 0.9 64 0.7 69 0.5 71 0.6 78 0.5 88 0.3 96 0 
9182 31 0.4 42 0.5 53 0 59 0.4 67 0.7 68 0.6 85 0.3 99 1 
9422 15 0.5 36 0.3 37 0.9 55 1 73 0.6 
9437 44 0 68 0 
9497 17 0.7 33 0 51 0 74 0.3 83 0 97 0.3 
9592 33 0 44 0.6 91 0.5 
9846 17 0.4 21 0.3 24 0.4 36 0 80 0.9 85 1 
9984 5 0.9 14 0.6 38 0 88 0 
