100
42 2 0.3 20 0 36 0.4 61 0.6 73 0.4 76 0.5 78 0.4 83 0.5 87 0 89 0 
49 66 0 67 0.3 71 0 83 0 84 0.8 86 0.3 99 0 
210 15 0.5 37 0.4 38 0.4 70 0 81 0.7 98 0.7 
234 5 0.5 29 0.4 48 0 58 0.6 79 0.6 87 0.3 
270 71 0 
287 12 0 18 0.8 25 0 37 0.4 45 0.9 52 0.7 53 0.4 66 0.4 73 0.3 98 0 
345 2 0.7 16 0.8 33 0.9 42 0.3 43 0.5 62 0.7 83 0 94 0.9 
606 2 0.8 22 0.5 67 0.4 82 0.6 
867 9 0.9 17 0.5 33 0.9 40 1 51 0 68 0.9 78 0.8 79 0.9 86 0.6 
908 26 0.3 46 0.5 68 0.9 
926 27 0 35 0.5 37 0.7 48 0.6 50 0.5 92 0.6 
974 1 0.3 29 0.4 44 0.5 45 1 60 0.9 75 1 80 0.9 
1198 12 0 37 0.5 53 0.6 54 0 58 0 81 0 82 0.7 93 0.8 
1553 10 0.4 23 0.4 63 0 66 0 78 0 
1658 45 0 58 1 74 1 85 0 90 0 95 0 99 0.5 
2022 93 0 
2094 3 0.3 33 0.5 87 0.7 91 0.4 93 0 
2317 13 0 
2336 1 0.7 4 0.4 6 0.4 18 0.7 40 0.3 50 0.8 71 0 78 0.7 88 0.5 92 0.8 
2370 22 1 43 0.9 
2427 90 0 
2472 86 0.7 
2507 3 0.3 24 0 61 0.6 
2511 16 1 17 0.4 29 0 39 0.7 51 0.9 82 0.8 88 0.3 98 0.7 
2630 4 0.8 49 0.5 67 1 78 0.7 80 0.9 87 0.7 
2745 21 0 32 0.6 36 0.6 49 0 58 0.4 73 0 76 0.4 79 0.6 80 0.9 82 0.3 
2766 6 0.8 12 1 14 0 20 0.5 31 0.3 38 0.3 87 0.3 92 0 96 0 97 1 
2922 97 0.9 
2937 24 1 28 0 30 0 42 0 61 0.6 63 0 65 0.3 68 0 93 0.5 94 0 
3042 5 0.4 30 0.8 31 0 37 0.3 52 1 62 0.3 69 0.5 78 0 92 0 96 0.9 
3112 4 0.4 13 0.8 36 0.8 53 0.4 56 0.8 61 0.9 66 0.7 
3127 0 0.6 14 0.8 20 0.5 33 1 52 0.9 56 1 61 0 75 0 
3272 3 0.4 20 0.7 21 0.9 32 0.6 37 0.3 44 0.9 52 0.7 53 1 
3499 32 0.7 44 0.8 69 0.3 70 0.8 
3852 17 1 26 0.6 29 0.4 69 0.9 81 0 92 0.7 95 1 
3921 54 0 85 0.3 95 0.6 
3971 4 0.4 35 0.8 37 0 47 0 53 0.3 
4034 27 0.7 98 0.6 
4122 0 1 2 0.5 25 0 31 0.6 43 0.7 44 0 88 1 
4265 25 0 
4387 4 0.6 23 0.8 36 0.7 38 0 45 0.4 
4449 1 0.5 4 0 52 0 59 0.5 63 0 86 0.6 90 0 92 0.9 
4863 50 0.6 56 0 
4912 1 0.6 12 0 32 0.9 
4958 24 0 39 0 45 0.7 66 0.8 87 0.3 
5078 5 0.5 12 1 20 0.4 29 0 31 0.6 78 0 83 0.4 
5099 50 0 72 0.4 
5120 46 0.3 
5206 13 0 39 0 46 0.4 48 0.4 56 0.9 96 0.3 
5448 8 0 17 0.4 36 0 39 0.8 58 0 63 0 97 1 
5558 0 0.6 25 0.5 30 0.7 38 0 39 0.8 56 0.8 63 0.6 71 0 
5638 43 0.6 58 0 59 0 83 0 
5664 16 0 84 0 
5688 3 0.7 8 0.4 26 0.3 31 0.6 38 1 47 0 59 0.9 74 0 87 0.4 
5981 1 0.6 15 0 30 0.5 56 0.3 57 0.9 58 0.7 82 0 92 0.7 94 0 
6021 14 0.3 31 0.7 43 0 68 0.6 90 0.6 
6171 16 0.9 21 0 27 0.8 30 0.4 44 0.3 54 0.4 72 0.6 84 0 88 0.6 
6234 38 0.6 
6295 8 0.8 21 0 25 0.5 40 1 61 0.5 71 0.8 98 0.5 
6351 39 0.7 44 0.7 46 0.7 54 0 75 0.4 78 0.7 80 0 83 0 96 0.9 
6369 54 0 
6826 27 0.8 30 0.7 37 0 39 0.3 70 0.6 83 0 99 0.7 
6870 4 0 10 0.8 20 0.3 30 1 37 0 40 0.6 59 0.4 78 0.9 
6972 5 0 48 0.5 72 0 79 0 
7015 0 0 4 0 34 0 53 0 55 0.7 57 1 62 0 70 0.6 90 0.6 99 0 
7107 21 0.6 
7150 13 1 16 1 24 0.8 28 1 32 0.5 34 0.8 47 0.8 62 0.3 70 0 
7192 6 0 7 0.9 13 1 18 0.8 24 0.7 33 0.3 46 0.8 54 0.4 65 0.3 72 0 
7200 4 0.8 10 1 22 1 29 0.9 35 0 37 0 38 0.7 67 0.5 74 0 76 0.9 
7215 33 0 61 0.7 74 0.6 82 0 93 0.5 
7285 0 0.6 13 1 22 0.5 68 0.3 79 0 
7302 36 0.7 40 0.3 49 0.8 60 0.3 
7410 17 0.6 19 0.9 22 1 25 0.4 62 0.7 63 0 67 0.5 91 0.4 95 0 
7625 32 0 54 1 65 1 
7716 9 0.4 31 0.9 32 0 66 0.7 78 0.3 86 0 89 0 95 0 99 0 
7729 7 0.4 8 0.5 13 0 26 0.6 52 1 55 0.6 74 0.5 
7735 23 0.7 27 0.7 59 0.5 88 0.8 
7777 39 0.8 52 0 54 1 64 0.9 98 0.9 
7839 4 0 45 0.5 51 0.4 52 0.3 55 0 64 0 93 1 94 1 97 0.9 
7915 64 1 79 0.4 
8044 16 0.7 23 0.5 37 0.9 38 0 96 0.8 
8055 76 0 91 0.8 
8397 5 0.4 24 0 26 0 32 0 42 0 47 0 61 0.9 88 0.7 
8459 1 0 28 0.5 38 0.3 41 0.8 56 0.4 59 0 67 1 79 0.5 85 0 89 0.8 
8635 12 0.8 14 0.7 19 1 25 0.6 86 0.6 87 0.5 94 1 
8752 8 0 9 0.8 23 0 35 0.3 39 0.5 51 0.5 
8801 14 0 40 0.8 43 1 46 0.9 56 0.5 58 0.7 64 0.4 69 0.8 71 0.6 96 0.9 
8920 8 0 41 0.6 65 0.3 67 0.4 74 0 90 0.7 91 0.9 95 0 96 0 
8954 7 0 9 0.9 10 1 14 0.5 59 0 
8973 24 0.5 59 0 64 0 73 0.8 79 0.4 98 1 
9027 84 0.4 98 0 
9038 49 0.8 74 0 89 0.3 
9396 6 0.3 12 0.8 61 0.9 66 1 75 0.4 82 0 
9435 46 1 
9487 22 0 30 0.6 37 1 43 1 53 0 58 0 79 0.5 
9511 2 0.7 20 0.8 89 1 97 0 
9583 7 0.7 13 0 36 0 42 0 47 1 56 0.4 66 0.3 95 0.6 
9752 40 1 58 0 78 0.7 
9842 2 0.5 28 1 56 0 72 0.4 86 0.8 
9955 8 0.3 
