100
47 0 0.9 11 0.7 39 0.3 48 0 
63 0 0 8 0.6 17 0.6 20 0.7 49 0.3 73 0 95 0.7 97 0 
179 54 0.4 63 0.5 
313 22 0.3 33 0.8 
372 6 0.9 9 0.4 15 0 19 0.8 24 0.8 31 0 36 0.7 68 0 98 1 
391 54 1 91 0.8 
578 5 0.9 6 0.3 10 1 57 0.5 63 0.3 66 0.4 85 0.8 90 0.8 94 0 
692 70 0.3 72 0.9 73 0.3 80 1 85 0.6 89 0.9 96 0.5 99 0 
854 1 0 8 0 25 0 26 0.8 37 0.8 51 0 74 0.5 89 0.4 
969 10 0.5 22 1 60 0.4 78 1 
1011 1 0.9 4 0.3 28 0.4 31 0.3 78 0.7 93 0.7 
1016 2 0.5 10 0 28 0.9 43 1 51 0 56 0 62 1 71 0.7 94 0 98 0 
1070 32 0 39 0.5 48 0 49 0.5 58 0.7 65 0.3 84 0.8 91 0.3 
1087 19 0.4 68 0.6 83 1 
1262 31 0.4 38 0.7 41 0 
1428 31 0 39 0.7 54 0.5 57 0.8 74 0.5 75 0 77 0.9 81 0 
1469 20 0 22 0.5 96 1 97 1 
1605 10 1 19 1 42 1 43 0.9 45 1 46 0.5 49 0.6 53 0.9 84 0.8 
1621 8 0 87 1 
1877 13 0.7 34 0 52 1 
1934 6 0.8 99 0.9 
1964 32 0.4 33 0.9 39 0.9 70 0.9 75 0.3 81 0.5 84 0.5 
1968 2 0.4 20 0 26 0.6 56 0.8 57 0.6 72 0.7 78 0.8 83 0.7 
1991 82 0.6 
2052 17 0.4 34 1 35 0 38 0.3 55 0.7 81 1 89 0.3 
2085 3 0.4 17 0 28 0 32 1 40 1 54 1 67 0.5 94 1 99 0.8 
2092 11 0.9 15 0.8 39 0.8 51 0.3 67 0.5 70 0 
2238 5 0.4 15 1 28 1 38 0.7 42 1 43 0.9 62 0 68 0 79 0 94 0 
2272 32 0.5 47 0 
2320 7 0.6 19 0.3 22 0.3 42 1 50 0.5 64 0.8 84 0.8 90 0.8 92 0.8 
2472 86 0 
2487 25 0.3 44 0.4 56 0 65 0 67 0 68 0.4 75 0.5 95 0.4 99 0.7 
2574 14 0.7 17 0.5 37 0 58 0.5 62 0 78 0.8 88 0.9 
2656 3 0.6 5 0.7 41 0.8 48 0.4 55 0.9 65 0.8 85 0.8 99 0.4 
2712 23 0.3 36 0.8 47 0.8 53 0 66 0 67 0.6 73 1 
2734 15 0 17 0.8 19 0.8 51 0.8 52 0 70 0.9 84 0.9 
2811 2 0 5 0.9 14 0 19 0 34 0.7 55 0.5 56 0 79 1 85 0.3 99 0 
2816 50 1 77 0.4 
2866 2 0 19 0.3 42 0.5 53 0 61 0 64 0.9 71 1 80 0.7 
2944 7 0.8 44 0.8 48 0.5 75 0.9 79 0 
3097 68 0.4 
3314 11 0 14 0.3 21 0.6 23 1 41 0 56 0.6 73 0.6 76 0.5 88 0 97 1 
3378 36 0.4 61 0.5 66 0.4 74 0 
3696 35 0.3 
3820 11 0.5 27 0.5 38 0.6 58 0.8 81 0 90 0 93 0.4 
3877 9 0.8 16 0.6 23 0.5 34 0 50 0.6 51 0.8 59 0.3 63 0.3 98 1 
3911 6 0.3 8 0.4 12 0 18 0.6 36 0 37 0.8 46 0 73 0.9 
4007 5 0.7 13 0.7 53 0 57 0 59 0 69 0.8 90 0.6 
4114 33 0 39 1 46 1 56 0.6 
4214 52 0 91 0.4 
4339 9 0 25 0.4 41 0.5 59 0.7 62 1 91 0 
4374 34 0.5 
4445 13 0 25 0 28 0.5 37 0.7 39 0 47 0 49 0.4 57 0.9 72 1 93 0 
4481 2 0.8 4 0.3 30 1 71 1 72 0.6 90 0 
4586 1 0.6 5 0 26 0.6 86 1 87 0.6 
4625 8 0.5 17 0.7 66 0 72 0.3 74 0.8 
4706 7 0.6 17 0.4 25 0.9 29 0.9 33 0.9 35 0.8 51 0 68 0 69 0 91 0.8 
4771 26 1 43 0.7 47 0.4 50 0.7 51 0.3 62 0 85 0.3 
4984 26 0.8 44 0.4 
5090 10 0 18 0 29 0.9 31 0.6 39 0.4 65 0.6 93 0.8 98 0.9 
5264 12 0.9 23 0.6 33 0.4 49 0 55 0.5 92 0.5 
5344 16 0.3 21 0.8 29 0 71 0.5 99 0 
5387 48 1 62 0.8 66 1 92 0.4 
5439 31 0.9 41 0 90 0 
5538 19 0.7 21 0 23 0.5 25 0.4 41 0.8 57 1 70 0.3 85 0.8 97 0.9 
5541 10 0 39 0.4 54 0.7 56 0.3 58 0.3 60 0 76 0.8 77 0.7 93 0.8 
5571 12 0 29 0 40 0.6 47 0.9 48 0 54 0.7 57 0.5 80 0.4 89 0 90 0 
5657 16 0.6 31 0.5 49 1 94 0.5 
5787 9 0.7 
6076 17 1 42 0.9 76 0 
6111 13 0.6 19 0.6 23 0 55 0 61 0.6 74 0.6 
6195 6 0.8 10 0.5 15 0.6 34 0.8 44 0.7 51 0 59 0.8 75 0.9 
6263 10 1 12 0 31 0.4 80 0.4 82 0.4 
6338 2 0.6 6 0.9 58 0 78 0.4 90 0.4 
6557 16 0 
6726 5 0.5 27 0.8 87 0.5 94 0.7 
6983 2 0 10 0.8 71 0 73 0.3 93 0 
7007 8 0 10 0.9 20 0.7 80 0.5 
7131 37 0 
7642 20 0.7 27 0 28 1 30 0.8 38 0 59 0.9 68 0 77 0.8 87 0.8 88 0.6 
7791 2 0.6 7 0.5 17 0 25 0.6 37 0 44 0 72 0 83 0 87 0.4 92 1 
7863 3 0 5 0 18 0 22 0.8 39 0 40 0.7 50 1 57 0.7 61 0.8 72 0 
8116 53 0 59 0.7 72 0.7 85 0 
8160 24 1 39 0 83 0.9 84 0 86 0.3 
8296 5 0 10 0.9 15 0.7 33 0 43 0.3 87 0.3 94 0 96 0.5 98 0 
8401 27 0 
8437 26 0 27 0.6 52 0.4 60 0.6 86 0.9 91 0 
8489 21 0.6 34 1 43 0 90 0.7 99 0 
8575 38 0 58 0 73 0.4 
8600 74 0.5 82 0.4 93 0.7 94 0 
8808 15 0.5 
8857 38 0 49 0.3 
9220 28 0 61 0.7 64 0.5 67 0 71 0.5 86 0 93 0.7 
9232 8 0 19 0.5 61 0.9 
9240 68 0 
9322 0 0.8 5 0 
9464 8 0 58 0 
9559 5 0 12 0 30 0.5 59 0 67 0.7 80 0.3 
9808 67 0.5 83 0.6 
9950 28 0.7 50 0.4 97 0.6 
