100
109 10 0.7 17 0.4 54 0 65 0.6 68 0.7 75 0.4 76 0.8 84 0.4 
146 8 0.6 39 0.7 61 0.8 75 0.5 91 0.8 
216 4 0.6 8 0 35 0 37 0.4 
232 34 0 
274 4 0.4 13 0.3 38 0.5 50 0.3 52 0.6 67 1 68 0.4 72 0 82 0.3 88 0.9 
512 8 0.9 24 0 27 0 35 0 49 1 64 0.5 83 0.5 85 0.4 86 0 
625 10 0.5 14 0.6 23 0.8 24 0.3 25 0.5 26 0.9 33 1 48 1 68 0.5 
681 13 0 21 0.4 29 0.9 47 0.8 83 0.3 87 0 95 0.3 99 0 
739 0 0.6 40 0.8 42 0 48 0.7 53 0 66 0 70 0 73 0.8 99 0 
804 9 0 14 0.8 17 0.9 25 0 74 0 98 0 
955 29 0 38 0.6 74 0.5 
967 9 0 17 0.6 23 0.8 32 0.6 41 0 46 0.6 
1019 1 0 5 0.7 23 0.7 26 0.6 36 0 41 0.5 74 0.6 
1147 37 0.6 74 0.6 
1274 11 0.5 37 0.3 49 0.3 59 0.6 69 0.7 84 0.4 93 0.7 
1447 20 0.8 25 0.5 45 0 49 0.6 76 0.5 83 0.5 94 0 95 0.7 96 0.5 
1521 2 0.5 98 0.5 
1558 29 0.8 30 0 38 0.8 47 0.8 48 0 52 0.7 56 0.9 60 0 63 0 87 0.8 
1618 6 0 10 0.6 11 0.5 24 1 41 0 51 0.8 60 1 64 0.9 73 0.6 96 0 
1625 22 0.8 26 0.4 42 0.4 67 0.9 80 0 
1654 9 0.6 21 0.3 36 1 39 0.3 42 0 49 0.3 74 0.4 85 0.5 94 0.8 99 0.6 
1849 1 0.5 7 0 21 0.6 34 0.7 35 0.6 57 0.4 71 0 72 0.4 74 1 82 0.8 
1928 8 0.8 25 1 36 0.6 54 0.5 55 0.9 70 0.4 96 0 
2192 13 0.6 19 0.9 23 0.4 29 0.6 34 1 44 0.7 
2677 9 0 12 1 15 0.4 31 0 32 0 51 0.7 57 0.8 59 0.4 61 0.8 66 0 
2812 20 1 46 0.5 
2837 27 0.9 35 1 42 0 47 0 68 0 72 0.8 73 0 
2874 1 0.4 15 0.3 36 0.6 42 0 54 0.9 78 0.7 87 0.7 
2986 20 0.9 25 0.8 54 0 60 0.7 61 1 69 0 79 0.7 88 0.9 91 0.3 96 0.4 
3039 12 0 15 0 31 0.7 47 0.8 53 0 67 0.5 88 0.8 
3125 39 0.3 51 0.7 56 0 59 0.6 61 0 64 1 70 0 78 0.3 90 0.5 
3231 17 0.7 19 0.7 54 0 55 0.7 77 0.5 89 0 97 0.3 
3447 58 0 
3471 27 0.6 
3579 0 0.4 10 0.8 13 0.6 18 0 22 0.6 34 0 40 0 55 1 89 0.7 
3644 39 0.3 44 0 
3646 11 0.5 33 1 63 0.4 78 1 79 0 
3734 7 0.7 52 0 55 0.3 72 0.5 73 0 75 0 90 0.5 
3909 9 0 23 0 32 0.7 33 0 79 1 
4105 18 0.6 35 0.3 38 1 50 0.8 59 1 60 0.8 65 0.6 75 1 98 0.8 
4195 5 0 6 0.3 84 0.9 
4240 9 0.6 34 1 39 0.3 53 0 74 0.6 76 0.4 
4781 8 0 28 0.9 34 0.5 39 0 61 0 63 0.8 74 0.3 84 0.3 85 0 
4845 8 0 33 0.8 35 0.5 59 0 87 0 
4848 79 0 
4906 10 0.7 36 0 60 0 72 0.4 75 0.7 77 0.4 94 0.4 96 0.5 
4938 46 0.6 64 0.3 89 0 92 0 
4961 1 0 16 0.9 18 0.8 35 1 39 0.3 40 0.3 57 0.5 59 0.8 89 0.8 91 1 
5069 5 1 6 0.4 16 0.4 23 1 34 0.6 44 0.5 58 0.5 70 0.5 89 1 95 0.5 
5097 16 0.8 43 0.9 44 0 54 0.5 96 0.7 99 0.3 
5164 1 0.3 27 0.5 64 0.6 
5190 39 0 72 0.6 
5267 21 0.6 41 0.6 90 0.7 
5415 10 0.9 12 0.6 52 0.5 61 0.5 67 0 75 0.9 77 0 79 0.4 92 0 98 0.9 
5542 4 0 36 0 49 0.6 78 0.5 83 0 90 0.5 
5606 1 0 18 0.3 58 0 67 0.4 77 0.5 
5613 52 0.9 
5698 0 0.8 30 0.9 37 0.7 38 0.6 41 0 47 0.6 76 0.9 
5971 4 0.9 37 0.5 42 0.4 76 0 94 0.8 
6079 37 0.8 40 0 41 0.5 82 0.9 94 0.5 97 0 98 0.3 
6164 1 0.9 4 1 7 0.3 32 1 50 0.7 
6360 7 0 15 0 29 0.4 47 0.3 61 0.3 72 0 76 0.3 90 0 91 0.8 
6406 39 0 55 0.7 90 1 
6430 26 0.7 45 0.8 64 0 
6571 17 0 36 0.4 44 0.3 45 0 50 0.9 61 0.3 76 0.3 94 0 97 0.6 99 0 
6707 48 0.8 78 0.9 83 0.8 84 0.7 87 0.7 89 0.5 90 0.9 
6784 8 0.4 11 0.8 13 0 23 0.5 58 0.7 74 0.4 77 0.8 80 0.6 86 0.6 
6913 20 0 47 0.7 54 0 88 0.8 
6953 0 0.4 6 0.6 17 0.5 18 0.7 22 0 29 0.8 47 0.6 74 0.7 94 0.8 98 0.9 
7047 28 1 34 0 58 0 67 1 81 0.4 85 0.7 89 0.3 91 0.5 
7053 2 0.7 15 0.4 32 0.7 35 1 50 0.4 61 0.7 75 0.7 80 0.3 81 0.5 95 0 
7077 7 0.8 18 0.3 23 0 29 0.8 46 0 59 0.9 72 0 86 0.6 94 0.3 
7083 10 0.8 20 0 55 0 69 0 75 0.3 88 0.6 90 0.6 97 0.5 
7090 1 0.9 9 0.6 81 0.5 
7387 2 0.4 6 0 22 0.6 48 0.8 59 0.5 67 0 77 0.8 85 0.6 88 0.9 90 0.7 
7494 30 0 33 0 35 0.5 88 0.3 92 0 
7783 7 0.6 22 0.8 56 0.3 59 1 
7807 6 0.7 23 0.9 52 1 70 0 95 0 
7814 61 0.6 
7856 25 0.3 28 0.9 45 0.6 52 0.3 59 1 
8133 16 0 74 0.7 81 0.3 93 0 
8215 7 0.8 10 0 19 0.5 27 1 31 0.8 36 1 67 0.3 91 0.4 
8282 23 0.8 38 0.8 62 0.8 70 1 78 0.9 89 0 
8292 6 0 36 0.3 64 0.5 66 0 71 0.3 
8385 6 0 65 0.9 67 0 
8413 19 0.5 64 0.3 70 0 78 0 
8515 19 0 
8523 14 0.9 16 0.5 56 0.6 58 0.4 63 0 69 0.7 71 0.7 81 0.5 
8574 34 0 56 0.9 
8885 22 0.8 
8935 42 0 43 0 44 0.7 62 0.4 91 0.6 93 0 
9172 23 1 25 0.6 31 0 46 0.6 56 0.7 59 0 71 1 77 0.6 
9245 3 1 23 0 24 0.4 98 0.6 
9287 0 0.7 2 0.3 52 0 56 0.6 58 0.8 61 0.7 86 0 93 0 
9300 6 0 14 0.4 29 0 33 0.3 43 1 49 0.7 63 0.9 67 0.5 
9377 1 0.4 4 0 5 0.9 48 0.9 51 1 56 0.6 61 1 91 0.9 
9653 14 0.5 20 0 24 0.4 52 0.8 55 0.8 72 0.7 84 0.3 
9708 8 0 15 0.4 22 0 46 0.4 66 0 69 0.7 71 0.3 80 0.4 91 0.5 
9765 5 0.9 13 0.4 43 0.4 45 0.8 61 0 65 0.7 84 0.9 85 0.6 92 0 93 0 
9956 0 0.8 18 0.4 24 0.5 31 0 33 0.6 45 0.4 77 0.7 
