100
40 8 0.6 30 0.4 39 0.9 42 1 44 0 56 0.5 62 0.5 70 0 84 1 87 0.6 
61 2 0.5 24 0.8 25 0.7 30 0 95 0.6 
199 8 0 12 0.6 21 0.9 30 0.8 41 0.3 60 0.9 61 0 87 0 95 0.9 
253 97 0 
285 21 0.9 32 0.7 36 0 43 0.3 75 0.9 83 0 84 1 
502 3 1 5 0 11 0 18 0 33 0.8 55 0.6 89 0.7 
552 22 0.3 28 0.7 55 1 
600 1 0 22 0.8 43 0 56 0.9 
643 21 0.9 79 0 
717 5 0.9 17 0 41 0 53 0.6 57 0 81 0.3 82 0.5 
754 7 0.5 10 0.6 29 0.4 54 0.3 63 0.6 93 0.6 97 1 
760 44 0.5 63 0.7 
810 16 0 33 0.9 64 0.3 68 0.6 
838 2 0 21 0.9 45 1 46 0.6 50 0.8 66 0.6 
1000 24 0.9 
1573 7 0.6 9 0 13 0.4 17 0.5 28 0.3 39 0.9 42 0.7 58 0.7 76 0.7 
1583 4 1 19 0.5 35 0.5 37 0.8 65 0.9 69 0.8 80 1 
1660 8 0.4 11 0 23 0.6 25 0.8 40 0.9 50 0.9 57 0 58 0 60 0.4 84 0.4 
1711 57 0.9 
1780 6 0.8 
1868 8 0 14 0.7 16 0.3 35 0 48 0 64 0.3 94 0.9 
2067 35 0.9 36 0.3 55 0.9 67 0.6 79 0.9 
2083 0 0.8 8 0.9 31 0 38 0.7 50 0.5 51 0 57 0.4 71 0.5 81 0.5 
2178 6 0.7 22 0.6 47 1 66 0.9 73 0.3 78 0.5 
2203 10 0 23 0.3 32 0 36 0.3 67 0.7 76 0.5 77 0.8 86 0.5 94 0.3 99 0.6 
2303 0 0 1 0.9 6 0.4 9 0.6 28 0.8 68 0 88 0.9 
2325 19 0.5 26 0.4 38 1 60 0 72 0.8 80 1 83 0 88 0.5 96 0.8 
2547 15 0 92 0.6 98 1 
2558 8 0 13 0.4 26 0 56 0 57 0.4 60 0.4 71 0 72 1 94 0 
2657 1 0.3 5 1 74 0 77 0.4 88 0.5 
2668 23 1 25 0.7 31 0 41 0.7 42 0.9 44 0 59 0.8 69 0 
2719 72 0.6 80 0.7 83 0 97 0.4 
2727 15 0.8 23 0.4 44 0 49 0.4 51 0.8 55 0 71 0.6 72 0 79 1 
2739 3 0.6 18 0.7 30 0.5 34 0 47 0.8 67 0.7 70 0.7 79 0.7 82 1 
2776 24 0.8 46 0.7 74 0 81 0.7 83 0.9 
2798 4 0 12 0 13 0.8 19 0.8 53 0.6 60 0.6 66 0.8 94 0.5 
2829 7 0 
2851 12 0 67 0 70 0.9 87 0.9 92 1 94 0 99 0.8 
3066 27 0 60 0.8 
3177 8 0.7 14 0.3 42 0.8 45 0.6 65 0.4 94 0.4 99 0 
3360 41 0.6 77 0.4 
3715 3 0.7 11 0 12 0.6 31 0.4 69 0.3 76 0.6 90 0.7 91 0.9 
3988 12 0 24 0 25 1 33 0.9 73 0.8 80 0.9 81 0.3 
4036 9 0.7 23 0.7 25 0.5 41 0.3 50 0.6 68 1 83 0.8 84 0.9 94 0.9 95 0.8 
4100 10 0.4 35 0.5 36 0.5 50 0 80 0.9 92 0.6 
4187 40 0 
4278 17 1 
4362 33 0.4 40 0.8 51 0 59 0 65 0.3 69 0 87 0 92 0.7 98 0.6 
4456 6 0.4 
4477 0 0.8 4 0.7 37 0.4 56 0.3 65 0.4 66 0.6 87 0 89 0.9 91 0 97 0.3 
4516 15 0.5 35 0.5 50 0 68 0.9 83 0.5 87 0.9 
4593 19 0 22 1 57 0 72 1 78 0.6 
4812 28 0.3 52 1 62 0.4 
4952 39 0.6 56 0.8 63 0.6 75 0 84 0.9 
5139 2 1 16 0.9 85 0 94 0.5 99 1 
5143 10 0.5 22 0.3 30 0.3 34 0 72 1 87 0 
5182 12 0.4 18 0 24 0 32 1 88 0.4 95 1 
5235 4 0.4 59 0.3 87 0 93 0.5 
5665 32 1 60 0.9 97 0.8 
5929 4 0 17 1 18 0.9 36 0.4 52 0.4 57 0.8 62 0.6 79 0.5 87 0 90 0.6 
5960 3 0 11 0 13 0.9 25 0.4 29 0.6 41 0.8 53 0.8 62 1 84 0.4 90 0.4 
6028 5 0 10 0.8 19 0.7 
6038 1 0.9 21 0.3 42 1 82 1 91 0.7 
6143 32 0.6 35 0.6 58 0.6 60 0.6 61 0 76 0 82 0.9 98 0.5 
6207 22 0 35 0 
6435 0 0.7 8 0.5 24 0.8 47 1 48 0.8 63 0 73 0.9 75 0.4 89 0.7 98 0 
6470 5 0.6 13 0.7 30 0 35 0.9 36 0.3 37 0.9 39 0 77 0 91 0 
6502 2 0.4 7 0.7 32 0.6 33 0.6 42 0 47 0.5 69 0.4 73 0.4 75 0 99 0 
6709 9 0 30 0.8 35 0.9 59 0.4 66 0.6 91 0.7 
6782 16 0.7 22 0 24 0 30 1 31 0.4 33 0.9 49 0.8 63 0 69 0.7 83 1 
6788 2 0.5 3 0.9 55 0 67 0 88 0.8 
7026 26 0.5 27 0.8 42 0.5 47 0.6 54 0.9 58 0.9 82 0.3 
7116 33 0.6 56 0.9 57 0 66 0.6 80 0.9 98 0 
7147 11 0 20 0.9 24 0 25 0.9 30 0.6 41 0.7 68 0.8 74 0.3 89 0.8 
7554 17 0.7 21 0.9 33 1 40 0.3 44 0.4 87 0.4 
7619 14 0.6 15 0.3 42 0 55 0.7 65 1 70 0 84 0.7 96 0.5 97 0.5 
7651 75 0.5 
7767 2 0.5 4 0.9 14 0.5 25 0.8 64 0 94 0 98 1 99 0 
7808 8 0 17 0.9 21 0 70 0 87 0.9 99 0.3 
7894 1 0.5 38 0 46 0.9 48 0.3 49 0.4 66 0.3 67 0.4 85 0.8 99 0.6 
7902 10 0 17 0 33 1 47 0.5 62 0.4 77 0.6 87 0.5 91 0.5 
7969 87 0 
8144 47 0.7 74 0 94 0 98 0.7 
8207 3 0.9 8 0.8 30 0.6 32 0.3 33 0.9 40 0.9 41 0.8 76 0.6 77 0.4 94 0 
8321 0 0.3 21 0.8 31 0 33 0.4 45 0.6 53 0 
8428 17 0.6 20 1 43 1 68 0 83 0.8 89 0.9 
8545 1 0.4 7 0.7 
8701 10 0.4 21 0.9 37 0.7 82 0 89 0.8 
8728 7 0.7 99 0 
8811 11 0.7 14 1 22 1 25 0.4 37 0 48 0.4 65 0.3 74 0.5 90 0 
8919 34 0.7 58 0.5 86 0 
9022 4 0.5 15 0.3 32 0.5 54 0.6 96 0 
9134 2 1 9 1 28 0.7 90 1 99 0 
9169 15 0 71 0 72 0.7 73 0.9 84 0.5 
9304 28 0.9 38 1 49 0.6 59 0.7 78 0 90 0 
9467 35 0.7 78 1 94 0.4 
9498 1 0 24 0 30 0.5 38 0.6 39 0.8 45 0.9 66 0.3 67 0.8 76 0.5 
9557 3 0.3 6 0.5 33 0 43 0.5 58 0.9 61 0.3 68 0.8 84 1 
9727 1 0.4 42 0.5 55 0.9 65 0.4 74 0 80 1 82 0.3 99 0.7 
9773 26 0 63 0.8 84 0.6 93 0 
