100
9 45 0.7 55 0.3 62 0.6 83 0.8 87 1 
99 3 0.5 29 0.7 30 0.9 52 0.6 56 0.8 63 0.7 72 0.4 77 0.9 98 0 
134 11 0 18 0.5 57 0 66 0.8 70 0 96 0.3 
141 53 0.8 64 0.6 83 0.3 
327 2 0.8 12 0.3 18 0.9 33 0 65 0.7 94 0.9 
330 32 0.5 34 1 57 0.7 72 0 
345 2 0.7 16 0 33 1 42 0.4 43 1 62 0.6 83 0 94 0.3 
363 22 0.9 
370 12 0.6 34 0.4 36 0 44 0.3 65 0 70 0.3 92 0.5 95 0.8 
453 15 1 64 0 87 0.3 99 1 
455 0 0.7 6 0 41 0.8 53 0.5 73 0.3 79 0.9 80 0.5 
509 39 0.6 42 0.9 91 0.5 92 0.6 
693 59 0.4 
806 0 1 1 0.6 7 0 36 0.9 53 0 70 0 75 0.6 82 0.5 86 0.7 
832 21 0.8 46 0 54 0.3 
898 0 0 45 0 82 0 
912 1 0.3 9 0.4 22 0 50 0 73 0 79 0.4 80 0.3 
1149 23 0 44 0.4 
1156 14 0.3 18 0.4 23 0 47 0.3 53 0.3 93 0.8 95 0.6 
1164 5 0.6 18 0 20 0 24 0.9 27 0.9 29 0 35 0.3 41 0.8 72 0.8 
1196 34 0.9 36 0 38 0.6 39 0 85 1 90 0.6 98 0.9 
1225 17 0.7 
1259 18 1 47 0.7 48 0 51 0.6 66 1 70 0.8 90 0.8 
1289 15 0.3 18 0.6 31 0 32 0 34 0.7 38 0.7 43 0 84 0.5 93 0.8 
1323 0 0 20 0.9 52 0.4 83 0.8 94 0 
1401 8 0.5 
1436 3 0.7 
1505 10 0.5 24 0.8 34 0.7 76 0 88 0.8 91 0 
1575 20 0 
1626 29 0.8 34 0.3 51 0 60 0.5 65 0 67 0.9 72 0.4 96 0.9 97 0.4 98 0.4 
1708 45 0 52 1 73 0 
1710 3 0.5 41 0 88 0.4 
1768 7 0.9 12 0.3 14 0.3 33 0 46 0 52 0 74 0 88 0.9 96 0.8 
1875 0 0 7 0.9 19 1 35 0.5 36 0.9 50 0 51 0.8 69 0.4 81 0.7 85 0.3 
1975 16 0 
2093 6 0 61 0.4 82 0.7 96 0.7 
2218 28 0 36 0.8 37 0.6 41 0 42 0 43 0.3 56 0 66 0.6 90 1 94 0.8 
2374 3 0.7 23 0 32 0 90 0 
2497 7 0.5 8 0 20 0.5 21 0.6 25 0 28 0 49 1 71 1 94 0.5 98 0.8 
2535 5 0 12 0.5 32 0 43 0.4 57 1 67 0 69 0.4 76 0.4 89 0 98 0.8 
2540 32 0.6 45 0.3 95 1 
2546 25 0 82 0.4 93 0 
2641 31 0 38 1 44 0 61 0 71 0 
2655 51 0.6 66 0.6 
2711 1 0 3 0.3 15 0.3 37 0.6 49 0.8 59 0.6 70 0 78 1 79 1 88 0 
2755 12 0.4 17 0.6 24 0.3 45 0.4 48 0.8 66 0.6 69 0.7 80 0.4 90 0.6 97 0 
2929 54 0.6 83 0.5 95 0 
3498 6 0 9 0.8 17 1 18 0.5 26 1 51 0.4 79 0.7 80 0.9 84 0 90 0.5 
3723 3 0.9 7 0.6 14 0.7 36 0 49 0.5 59 0.8 63 1 66 0.8 69 0 
3751 4 0.3 8 0.5 26 0.7 38 0 44 0.3 46 0.6 52 0.3 61 0.7 74 1 89 0 
3764 9 1 13 0 25 0 34 0.6 64 0.9 74 0.4 75 0 76 0.4 77 0.8 
3810 27 0.5 40 1 54 0.9 97 0 
3847 3 0.4 10 0 26 0.5 27 0.8 29 0.4 36 0.9 49 0.4 51 0 77 0 83 1 
3999 17 0 19 1 27 0 48 0.7 49 1 96 0.7 
4174 21 0.9 24 0 25 0.5 34 0.6 39 0 40 0.6 65 0.9 74 0.8 86 0.9 87 0 
4399 6 0.4 11 0 22 0.6 33 0.3 40 0 45 0.7 52 0.3 64 0.4 76 0 82 0.9 
4576 22 0.6 32 0.8 59 0 61 0.4 92 0.3 
4625 8 0.6 17 0.7 66 0.7 72 0.9 74 1 
4640 1 0.3 6 0.4 21 0 63 0 64 0 72 0 84 0.9 85 0.8 95 0.8 
4881 0 0.4 11 0.6 15 0.3 17 0.7 20 0.4 50 0 60 0 76 0.9 98 0.9 
4989 1 0 5 0 20 0.3 23 0 37 0.8 77 0.9 82 0.6 84 0.8 86 0 92 1 
5015 2 1 22 1 49 0.3 62 0.3 75 0.5 79 0.4 80 0.8 87 1 
5375 86 0 
5382 23 1 32 0 43 0.9 50 0 61 0.8 63 1 64 0.8 88 0.5 90 1 
5575 34 0.6 
5661 6 0 20 0.9 31 0.9 36 0.9 55 0 59 0.4 82 1 99 0 
5702 10 0.7 11 1 34 0.3 72 0.5 95 0.4 
5956 27 0.5 
6221 3 0 53 0.8 55 0 59 1 
6281 32 0 87 0 
6336 1 0.4 36 0.6 46 0.9 51 0.6 77 0 
6646 4 0 36 0.7 40 0.8 43 1 69 1 73 0.7 75 0.3 76 0.8 88 1 
6737 3 0 5 0 39 0 47 0.5 48 0.8 72 0.3 81 0 86 0.4 90 1 
6743 27 0.8 40 0 42 0.3 49 0 79 0 89 0.8 90 0.7 
6826 27 1 30 0.5 37 0.6 39 0.8 70 1 83 0.8 99 0 
7090 1 0 9 0.8 81 0.6 
7223 0 1 3 0.8 7 0.8 22 0.9 26 0.9 30 1 46 0.6 55 0.9 
7549 0 0 6 0.6 22 0.8 56 0 74 0 97 0.4 
7552 9 0.6 14 1 18 0.9 26 1 29 0.5 47 0.9 67 0.7 70 0.5 82 0 89 0 
7596 0 0 8 0.8 12 0.5 13 0 20 0.3 28 0.3 36 0.3 75 0 85 0 
7677 17 0.6 25 0.5 50 0.3 62 0.9 68 0 71 0 75 0.5 90 0.3 96 0 
7959 18 0 25 0.8 34 0.5 70 0.3 75 0.9 77 0.3 78 0.6 81 0.8 89 0 98 0.7 
7984 15 0.4 19 0 21 0 44 0.3 74 0.5 80 0.8 82 0.3 86 0.8 99 0 
8001 18 0.6 23 0.9 88 0.9 
8043 0 0.3 23 0.4 28 1 33 0 82 1 
8136 9 0.9 14 0.9 40 0.3 71 0.8 73 0 75 0.6 
8167 3 0.7 29 0.4 32 0 51 0 89 0.8 
8344 16 0 22 0.9 27 0.3 31 1 58 0.8 80 0.8 
8507 25 0.3 29 1 
8583 0 0.6 21 0 30 0.3 45 0.6 59 0.4 72 1 83 0.4 85 0.5 91 1 
8648 12 0.5 25 1 35 0.4 53 0.9 63 0.8 78 0 79 0.4 93 0.7 
8898 27 0 
8966 26 0.9 38 0.6 50 0 55 0 59 0.8 63 0.5 65 0.9 83 1 93 0.6 94 0 
9015 4 0 15 0.3 17 0.9 78 0.6 
9189 2 0 12 0.6 16 0 37 0.5 49 0.8 57 0.5 
9254 23 0 27 0 29 0.6 30 0 34 0.3 54 0.7 79 1 
9597 12 0.7 27 0 33 0.7 45 0.6 50 0.5 55 0.7 74 0.6 
9735 10 0.4 24 0.3 33 0.9 62 0.3 68 0.9 80 0.8 87 0 
9788 27 1 41 0.7 45 0.5 55 0 57 0 63 1 94 0.9 97 0.5 
9922 58 0.6 71 0.3 
