100
24 86 0.7 88 0.6 
30 8 0 16 0.4 18 0 20 0.6 30 0.3 53 0.5 64 0.9 79 0 84 0 
92 7 0.7 8 0 29 0 92 0.5 
95 33 1 45 0 52 0.6 66 0.7 83 0.9 90 0 
584 0 1 5 0.9 15 0 49 0 93 0.8 
664 3 0.8 39 1 70 0 76 0.6 83 0.7 97 1 
707 0 0.9 4 1 5 1 25 0 30 0 34 0.7 45 0.6 49 0 85 0.6 91 0.7 
738 71 0 
813 15 0.7 
849 16 0 
856 26 0 46 0.4 47 0.6 50 0 65 1 82 0.6 92 0.6 95 0.7 
1145 12 0.8 39 0 43 0 53 0 64 0.9 71 0.7 96 1 
1204 0 0.9 8 1 15 0 49 0 58 0 60 1 67 1 74 0.4 84 0.8 98 0.6 
1358 1 0.4 45 0.4 95 0.3 
1548 16 0.3 34 0 64 0.6 89 0.8 90 0 
1565 26 0 54 0 61 0.6 
1571 32 0.5 
1692 10 0.8 15 0.3 75 1 77 0 80 0.5 
1705 12 0.6 55 0.9 
1989 31 0.8 46 0 50 0.8 
2021 1 0.6 2 0.5 4 1 13 0.5 23 1 45 0.7 47 0.9 57 0 71 0.4 93 0 
2022 93 0.6 
2043 12 0.6 21 0.9 23 0.5 32 0.8 35 0 37 0.5 43 0.4 51 0.7 93 0.8 99 0 
2070 31 0.8 50 0.8 52 0.8 57 0 64 0 81 0.5 
2093 6 0.3 61 0 82 0.3 96 0.5 
2281 11 0.4 19 0.6 
2369 28 1 72 0 99 0 
2543 1 0.3 3 0.5 21 1 29 0 34 0.4 72 0.8 75 0 79 0.9 89 0.4 
2563 25 0 39 0 98 0.4 
2680 1 0 8 0.3 12 0.8 32 0 55 0 65 0 86 0.7 90 0.3 97 0 
2698 2 0.6 9 0.5 15 0.6 34 1 85 0.6 93 0.4 
2771 90 1 
2840 28 0 40 0.7 47 0 56 0.9 
2847 2 0 6 0.3 19 0.4 21 0.9 46 0.9 66 0 69 0.8 74 0.5 
2930 7 0.6 19 1 37 0.9 65 0.7 77 0.5 81 0.3 
2961 4 0.5 11 0.8 12 1 20 0 24 0.3 31 0.3 
2974 17 1 92 1 
3076 18 0 23 0.4 51 0.8 88 0.4 97 0.3 
3184 5 0.8 13 1 20 0 
3304 4 0.8 9 0.8 17 0.3 42 0.6 52 0.8 60 0.7 85 0.8 
3414 1 0.8 9 0 25 0 28 0 36 0.4 56 0 69 0 86 0.4 
3588 37 0.9 50 0.6 77 0.8 
3729 26 1 40 0.9 80 0 
3789 36 0.4 72 0 
3877 9 0 16 0 23 0.4 34 0.3 50 0.7 51 0.9 59 0.3 63 0.3 98 0.8 
4103 2 0.4 
4171 10 0.8 22 0.3 38 0 52 0 53 0.8 60 0 72 0 80 1 81 0.9 91 0.4 
4178 20 0 47 0 70 0.9 
4193 41 0.4 62 0.3 99 0.5 
4291 24 1 
4357 4 0.3 17 0 25 0 39 0.3 40 0.9 75 1 86 0 92 0 
4553 1 1 4 0 22 0.9 31 0.5 33 0.7 48 0.9 65 0.5 75 1 99 0.8 
4577 11 0 32 0.3 36 0.5 
4594 99 0 
4613 4 0.9 16 1 76 0.3 83 0.7 89 0.7 95 0.8 99 0.3 
4793 31 0.8 55 0 
4846 62 1 
4882 0 0 38 0.6 48 0.7 54 0.8 57 0 76 0 89 0.5 93 0 96 0.9 
4896 16 0.9 20 0.9 27 0 28 0 31 0.8 50 0.7 51 1 80 0.5 95 1 
5196 10 0.8 59 0.7 
5289 4 0.4 9 0.9 13 0 31 0 35 0 47 0.3 56 0.6 59 0.8 73 0.8 79 1 
5747 21 0.4 25 0 
5790 22 0.5 66 0.7 74 0 92 0 
5819 7 0.3 98 0.4 
5977 0 0.8 28 1 31 0.3 36 0 83 0 
6295 8 0.6 21 0.5 25 0.6 40 0.6 61 0.7 71 0.8 98 1 
6448 25 1 29 0 54 0.5 55 0 57 0.6 63 0.4 75 0.6 81 0 83 0.5 99 0 
6554 2 0.4 19 0.7 22 0.7 25 0 55 0 65 0 70 0.9 76 0 83 0 
6622 4 0.3 49 0.6 52 0.8 73 0 
6829 1 0.9 4 0.3 5 0 38 0.9 43 0 50 1 68 0.6 70 0.6 
6873 7 0.9 
7218 28 0.6 40 0.4 88 1 
7284 83 0.9 89 0.5 
7361 2 0 63 0.7 81 0 89 0.7 95 0.8 
7381 2 1 14 0 21 0 93 0.9 95 0.9 
7682 94 0.5 
7713 21 0.9 35 0 75 0.4 86 0.4 
7722 5 0.8 8 0.7 9 0.6 16 0.4 51 0.5 59 0 60 0 95 0.6 
7787 50 1 66 0.7 83 0.7 
7825 45 0.4 68 0.9 81 0.3 89 0 95 0.4 99 0.3 
8094 4 1 39 0 52 0.8 57 0.8 76 0.6 
8124 10 1 59 1 80 0.7 
8183 89 0.9 95 0 
8367 0 0.9 10 0 15 0.9 55 0.9 56 0.6 88 0.3 90 0.8 
8369 19 1 24 0.8 26 0.9 39 0.6 51 0 53 0.7 58 0.7 78 0 
8411 0 0.3 58 0.5 60 0 91 1 
8492 10 0 19 0 30 0.3 34 0.9 46 0 57 0.6 80 0 83 0.3 84 0.5 93 0.9 
8699 13 0.9 15 0.4 22 0.3 25 0.6 69 0.4 73 0 89 1 91 0 
8888 3 1 10 0.5 35 0.8 40 0 45 0.8 56 0 58 0.7 64 0.6 83 0.4 
8928 14 0 
8947 4 0.7 21 0.6 38 0 68 0.5 71 0 72 0.3 77 0.8 84 0.5 
9082 15 0.9 18 0 28 1 33 0.6 40 0.8 48 0 65 0.8 79 0.8 84 0 87 0.4 
9139 6 0 14 0.9 22 0.9 49 0.9 52 0.3 60 0.4 62 0.7 67 0 90 0.9 92 0.6 
9222 72 0.3 
9251 1 0.4 15 0.3 17 0 50 0.4 55 1 62 0 64 0.8 65 0 97 0 99 1 
9350 1 1 23 0.4 25 0.8 60 0.7 65 0.9 69 0 70 0.3 74 0.6 96 0.4 
9474 4 0 26 0 36 0 51 1 89 0 94 0.7 
9732 7 0.3 8 0.8 20 0.8 43 0.6 63 0.8 68 0 88 0.4 90 0 96 0.5 
9863 8 0.3 
9904 24 0 73 0.8 
