100
53 58 0.4 84 0 
84 11 1 
108 28 0.7 
240 15 0.4 23 0.5 39 1 60 0 77 0.9 87 0.3 90 0.6 
319 30 0.7 33 0.5 
342 6 0 19 0.8 26 0.7 33 0 52 0.8 81 0 
386 5 0.9 17 0 55 0 68 0.8 76 0 78 1 88 0.4 
482 62 0 
538 8 1 18 0.5 52 0.9 94 0.6 
723 10 0.4 72 1 79 0.7 98 1 
889 11 0.6 17 0.4 23 0 46 0 52 0.8 80 0 82 1 98 0.7 99 0.9 
999 17 0 20 0 32 0.3 39 0.4 44 1 56 0.4 68 0.7 76 0.5 81 0 
1129 12 0 48 0.5 58 1 88 0 92 0.5 97 1 
1135 41 0.6 70 1 
1165 4 0.8 12 0.3 13 0 30 0.9 35 0.7 67 0.6 91 1 92 0.7 98 0 
1196 34 0.9 36 0 38 0.6 39 0.7 85 0 90 0.9 98 0 
1414 9 0.7 22 0 31 0.4 36 0 62 0.7 66 0.5 89 0.4 93 0 99 0.9 
1529 39 0.9 88 0.9 
1633 6 0.6 12 0.7 22 0.4 30 0.5 68 1 74 0.6 76 0 83 0.3 
1672 21 0.8 45 0.4 48 0.7 52 0 55 0.3 60 0 64 0.7 74 0 88 0 99 0 
1694 9 0.5 17 0.5 24 0.6 26 0.7 56 0.9 63 0.3 67 0 75 0 90 0.8 
1747 22 0.4 58 0.7 85 0.4 
1790 26 0.6 40 0.6 53 0.9 64 0.3 
2031 7 0.4 14 0.4 23 0 44 0.9 64 0.5 69 0 
2042 20 1 27 0.7 30 0.6 47 0.4 77 0 78 0 94 0.3 
2090 7 0.5 8 0.5 19 0 23 0.8 29 0.9 49 0 82 0 
2154 17 0.6 19 0 35 0 67 0.9 68 1 85 0.4 
2157 4 0.4 5 0.3 31 0.5 32 0.7 36 0 45 0 49 0 51 0.9 70 0.3 86 0 
2203 10 0.6 23 1 32 0.4 36 0.8 67 1 76 0.6 77 0.9 86 0.9 94 0.6 99 0.5 
2412 47 0.6 77 0.6 87 1 
2435 8 0 13 0.7 14 0.9 22 0 37 0 61 0 79 0.3 82 0.3 
2470 48 0.6 86 0.6 
2474 12 0.6 35 0 42 0.3 46 0.9 48 0.5 74 0.5 88 0.7 94 0.4 98 0.4 
2500 30 0 67 1 
2679 38 0.3 39 0.4 70 0.5 93 1 
2753 13 0 20 0.3 35 0.4 47 0 52 0 56 0 59 0.8 61 0.9 78 0.4 84 0.8 
2929 54 0.6 83 0.4 95 0.9 
3076 18 0.6 23 0.6 51 0.4 88 0.7 97 0.8 
3215 8 0.8 17 0.4 27 0.7 52 1 65 0 71 0 75 0.9 90 0.5 97 0.6 
3508 37 0.3 63 0.4 83 1 
3572 3 0 4 0 9 0.3 54 0.9 68 0.7 69 0 83 0 84 0.7 88 0.7 
3727 18 0.7 43 0 51 1 59 0 73 0.4 99 0.4 
3763 51 0 
3811 17 0 61 0.4 67 0.4 87 0 
3823 14 0.3 17 0.6 19 0.8 29 1 68 0.3 90 0 
3921 54 0.7 85 0.6 95 0.6 
4475 23 0.3 30 0.4 
4543 28 0.9 45 0.7 50 0.9 65 0.7 87 0.6 91 0.6 
4611 2 0 18 0.4 35 0.8 87 0.5 95 0.7 
4718 11 0.9 15 1 55 0.8 64 0.5 74 0.3 86 0.7 93 1 98 0.7 
4742 0 0 12 0.4 16 1 82 0 
4937 0 0.7 16 0.9 
4943 3 0.5 4 0.8 5 0.9 7 0 30 0 39 0.8 85 0.9 
4946 9 0.5 44 0 51 0 61 0.3 88 0.8 94 0.3 
4949 97 0 
4965 27 0.7 29 0 31 0.9 41 0.9 50 0.7 52 0.8 60 0 72 0 92 1 99 0.8 
4977 18 0.6 24 0 54 0.4 64 0.3 77 0.9 88 0 96 0.9 
5081 27 0 59 0.3 72 0.5 73 0.9 93 0 
5097 16 1 43 0.7 44 0 54 0.5 96 0.8 99 0 
5130 48 0 70 0.7 
5149 28 0 29 0.3 36 1 44 0 53 0.8 68 0.6 69 0.4 76 0 79 0.5 81 1 
5228 0 0.7 17 0.4 25 0 40 1 45 0 77 0.7 92 0.4 
5295 38 0.7 61 0.9 99 0 
5414 13 0.5 
5457 0 0.3 7 0.6 38 0 51 0 63 0.8 65 0.4 70 0.8 84 0.7 88 0 
5741 7 0 26 0 29 0 45 0 49 0 58 0.7 59 0 68 0.6 
5818 1 1 48 0.7 77 0 91 0 
5931 27 0.6 37 0.7 55 0.5 60 0.9 82 0 88 0.8 
5987 22 1 33 1 71 0.8 85 0 99 0.5 
6071 6 0.3 33 0 62 0.4 65 0.4 80 0.7 85 0.8 89 0 91 0 
6355 82 0.9 89 0.6 
6377 26 0.7 73 0.3 
6467 89 0 
6488 15 1 24 0 28 0 45 0.4 48 0.8 59 0.3 77 0.3 79 0.6 89 0.8 99 0.5 
6502 2 1 7 0.5 32 0.4 33 0.7 42 0 47 0 69 0.7 73 0.4 75 0.7 99 0 
6508 31 0 63 0.9 78 0 96 0.8 
6575 11 0 19 0.4 24 0.5 37 0 41 0 53 0 76 0.8 94 0.3 95 0.7 
6689 5 0.3 13 0.6 15 0.3 29 0.4 63 0.6 71 0 87 0.8 88 0.9 91 0 
6782 16 0 22 0.8 24 0.6 30 0.3 31 0 33 0.5 49 0.6 63 0.3 69 0.5 83 0 
6925 17 0.4 20 1 29 0.9 49 0 51 0 82 0 89 0 91 0 92 0.5 
7283 28 0.3 42 0.4 80 0.4 
7624 15 0.7 16 0.4 32 0 48 0.4 64 0 65 0 70 0.6 71 0.3 84 0.7 
7679 20 0.4 23 0 27 1 36 0 39 0.9 57 0 96 0.4 
7754 8 0 13 0 17 0.5 52 0.5 53 0 60 0.6 68 0.5 76 0 91 0.8 98 0.5 
7902 10 0 17 1 33 0 47 0.6 62 0.8 77 0 87 0.3 91 0.9 
8138 23 0 24 0 36 0 50 0.8 53 0.7 54 0.3 58 0.6 71 0.4 78 0.6 95 0.4 
8158 4 0.4 10 0 12 0.8 22 0.4 24 0 37 0.8 81 0.4 98 0 
8234 17 0.8 59 1 69 0.7 74 0.4 94 0.9 
8246 2 0.7 21 0.4 23 0 48 0.7 65 0.8 69 0.9 
8266 2 0.5 21 0.4 55 0.4 71 0.7 78 0.4 81 0 
8486 11 0.8 14 0 21 0.3 32 0 64 0.9 71 0.5 73 0.7 
8571 6 0.5 14 0 15 0.9 16 0.5 32 0.7 79 0.8 99 0.7 
8863 20 0 52 0.3 54 0 64 1 67 0 87 0 94 0.8 
8993 33 0.4 50 0.5 78 0.5 79 0.8 
9001 0 0.5 6 0.6 28 0.9 40 0 53 0.5 67 0.9 68 0 69 1 83 0.3 
9198 33 0 46 0.5 49 1 59 0 91 0.6 
9685 3 0.6 20 1 27 0.4 34 0.5 90 0.4 
9842 2 1 28 0.5 56 0 72 0 86 0 
9921 5 0.9 14 0 51 0.6 62 0 63 0.6 85 0.8 
9956 0 0.6 18 0.6 24 0.9 31 0 33 0.6 45 0.8 77 0.3 
