100
57 22 0 28 1 44 0.7 55 0.7 69 0.5 74 0.7 77 0.5 
138 9 0 31 0.9 70 0.4 94 0.8 
159 0 0.4 11 0.9 15 0 17 0 18 0.4 22 0.6 64 0.4 75 0 90 0.3 96 0.4 
291 32 0 38 0.6 40 0 90 0.5 
457 8 0 22 0.6 32 0.6 49 0.8 58 0.7 73 0 79 0.8 84 0.9 98 0.7 
471 25 0.4 28 0.6 68 0.4 75 0 82 0 85 0.8 88 1 92 0.6 98 0.7 
494 44 0.3 57 0.5 75 0.6 
611 6 0.5 52 0.5 58 0 68 0.4 76 0.9 
657 24 0 68 0.3 76 0.9 
767 10 0.5 38 0.3 
790 13 1 30 0 34 1 42 0 63 0.5 66 0 70 0.3 74 0.4 98 0.8 
949 0 0.9 6 1 7 0.8 17 1 35 0.9 50 0.6 52 0 77 0.3 79 0.7 81 0.8 
1054 69 0.8 78 1 
1149 23 0.5 44 0.4 
1177 28 0.8 33 0.8 42 0 84 0.5 85 0.5 87 0 
1411 15 0.3 20 0.7 23 0.9 29 0 83 0.9 88 0.8 91 0.9 95 0 97 0.8 
1465 28 0.5 50 0.5 54 1 99 0 
1541 68 0.3 82 0.5 91 0 
1579 0 0 2 0 4 0.3 46 0.4 
1728 2 0.8 12 0.4 22 0.8 40 0.4 80 0.9 91 0.8 
2022 93 0.9 
2157 4 0.7 5 0 31 0.9 32 0 36 0 45 0.4 49 0 51 0.3 70 0.9 86 0.3 
2306 10 0.8 17 0.8 28 0.5 42 0 52 0 58 0.8 70 0.7 81 0.9 
2322 10 0.9 15 0.9 25 0.4 64 0.5 90 0 96 1 
2357 24 0 56 1 59 0 68 0.8 
2375 8 1 34 0.6 48 0.3 55 0.9 60 0.9 96 0.7 98 0.4 
2426 4 0.5 11 0 45 0.4 46 0 62 0 67 0 
2484 0 0.9 6 1 15 0 22 0.9 30 0.3 45 0.9 48 0 54 1 67 0.7 85 0.8 
2485 1 0.6 56 0.5 59 0.5 63 0.8 
2570 1 0.5 23 0.6 24 0.3 37 0 38 0 46 0.3 71 0.8 
2923 46 0 70 0.6 
2953 35 0.7 
2963 18 0.3 21 0.5 26 0.6 39 0.6 52 0.4 72 0.6 
3117 16 0 21 0 23 0 31 0.3 36 0 42 0.8 45 0.5 54 0.5 98 0 
3255 26 0.6 67 0.8 
3284 17 0.7 30 0 33 0.7 64 0.4 66 0 86 0 
3795 13 0.4 41 0 67 0.3 
3816 0 0 5 0.3 20 0 44 0 69 0.7 78 1 95 0.5 96 0.6 
3820 11 0 27 0 38 0.8 58 0 81 0.4 90 1 93 0.9 
3945 1 0 11 0.6 26 0 43 0.7 58 0 71 0.7 74 0.3 82 0.9 90 1 
4178 20 0.6 47 0 70 0.7 
4254 95 0 
4498 24 0.6 40 0.5 
4700 9 0 13 0 18 0.9 22 0.4 37 0.6 64 0.7 72 0.5 73 0.8 76 0.4 
4840 9 0.3 22 0.9 43 0 71 0 
5136 2 0 11 0 14 0.5 18 0 19 0.5 47 0.4 51 1 55 0 68 0 97 0.9 
5194 4 0.7 8 0 65 0.3 82 1 86 0 
5374 2 0.7 
5384 2 0 
5561 27 0.6 59 0 68 0.4 71 0.3 96 0.4 
5599 2 0 7 0.9 10 0.8 51 0.8 64 0.6 78 0.8 81 0 
5604 10 0.7 20 0 33 0.3 43 0 64 0.6 71 0 91 0 94 0.7 
6074 19 0.4 
6125 31 0.9 38 1 42 0 43 0.3 50 1 51 0.9 74 0.4 79 0.8 84 0 88 0.5 
6135 20 0.7 50 0.3 69 0.8 80 1 81 1 91 0.6 92 0.4 94 0 96 1 
6140 1 0.5 17 0.3 33 0.7 37 0 42 0.3 44 0.6 54 0.7 71 0.7 
6199 53 0.6 56 0.8 
6402 11 0.5 33 0 39 0 46 0 61 0 65 1 66 0 74 0.7 94 0.5 
6428 7 0 30 0.5 38 0.4 43 0.8 50 0.7 64 1 89 0.7 
6563 24 0.8 36 0.7 69 0.4 
6645 57 0.6 69 0.6 81 0.5 90 1 
6665 1 1 51 0.4 54 0 60 0.5 
6685 12 0.6 80 0.6 88 0.5 91 0 
6926 5 0.4 8 0 53 0.3 72 0.8 82 0.3 97 0.4 
7018 7 1 24 0 30 0.4 41 0 48 0 
7106 3 0 33 0 65 0.4 68 0 91 0 
7120 8 0.8 40 0.6 45 0.9 62 0.4 93 0.5 
7130 8 0.5 31 0 32 0.6 36 1 62 0.4 74 0.7 81 0.5 83 0 85 1 87 0 
7215 33 1 61 0.6 74 0.3 82 1 93 0.4 
7432 62 0.6 
7528 3 0 24 0.3 
7598 13 1 23 0.6 37 0.4 50 0.6 75 0.4 84 1 87 1 
7726 0 0 24 0 
8336 19 0.9 28 0.4 70 0.5 92 0 
8432 52 1 
8476 6 0 10 0 20 1 21 0.4 22 0.8 33 0 60 0.8 71 0 81 0.7 86 0 
8564 3 0.8 17 1 22 0.3 26 0.6 41 0.7 
8606 13 0.7 15 0.9 17 0.7 36 1 58 0.6 59 0.4 74 0.6 80 0.9 94 1 96 0 
8753 27 0.7 65 0.5 71 1 
8764 26 0 51 0.8 
8836 5 0.4 16 0.6 56 0.8 86 0.8 
8839 30 1 37 0.3 
8860 80 0.7 
8930 69 0.6 86 0.8 
9079 34 0.4 36 0.7 43 0.8 44 0.9 58 0.9 59 0.6 70 0 88 1 95 1 
9099 86 0.9 
9250 29 0.4 34 1 77 0.3 91 0 
9422 15 0.4 36 0.7 37 0.5 55 0.7 73 0.7 
9464 8 1 58 0 
9487 22 0.4 30 1 37 1 43 0.7 53 0.3 58 0.3 79 0.5 
9495 15 0 43 0.4 56 0 71 0.4 76 0.3 84 0 87 0.7 93 0 
9508 27 0.6 49 0.4 96 0.4 99 0.4 
9554 83 0.8 
9621 3 1 32 0 41 0 61 1 
9645 6 0.6 24 0 29 0.8 69 0.3 75 0 96 0.8 
9658 22 0 64 0.5 74 0 75 0.8 79 0.5 
9727 1 0.7 42 0 55 1 65 0 74 1 80 0 82 0.4 99 0.7 
9736 21 0 26 0 46 0.6 47 0.4 56 0 91 1 
9785 31 0.3 51 0.8 53 0.5 58 0.9 64 0.4 66 0.9 71 0 92 0.4 94 0 
9959 11 1 51 0 67 0 
