100
18 77 0.8 
136 9 0.7 33 0.8 35 0.3 
307 29 0 57 0.9 
378 74 0 85 0.6 88 0 90 0.9 
604 5 0.6 17 0.8 41 0.6 42 0 48 0.3 49 0.9 50 0 58 0.4 66 0 88 0.4 
906 0 1 6 0.7 30 0.5 34 0.9 35 0.9 37 0.5 39 0 66 0.7 67 0.3 81 0 
1056 4 0 25 0 30 1 48 0 55 0.6 58 1 62 0.3 71 0 83 0 
1406 4 0.5 16 0 33 0.9 37 0 47 0.3 51 0 65 0.5 90 0.4 97 0 
1426 0 0 9 0.3 23 0 28 0.5 38 0.7 46 0.4 47 0.7 51 0.4 55 0 61 0.3 
1591 23 0.3 27 1 34 0 44 0.5 52 0.7 58 0.4 63 0.8 65 0 70 0.8 94 0 
1650 0 0 2 0.8 58 0 
1689 11 0.9 13 0 23 1 33 1 37 0 40 1 51 0.7 61 0 68 0 75 0.7 
1874 23 0.5 34 0 42 0.7 47 0 51 0 61 0 62 0.7 89 0.5 99 0 
1971 5 1 11 0.4 12 0 29 0 36 1 51 0.5 83 0 88 0.3 91 0.8 96 0.7 
2052 17 0.8 34 0.3 35 0 38 0.3 55 0.4 81 0.6 89 0.6 
2129 6 0.8 11 0.5 
2281 11 0.9 19 0 
2375 8 0.4 34 0.9 48 0.8 55 0.4 60 0.5 96 0.3 98 0.9 
2551 29 0.9 32 0 47 0.6 85 0 87 0 96 0.9 
2553 9 1 14 0.4 25 0.5 34 0 48 0.5 81 0.7 
2774 16 0.3 34 1 84 0 
2860 7 0.4 46 0 50 0 94 0 
3013 25 0.9 44 0.3 53 0 63 0 86 0.6 97 0 98 0.8 
3049 23 0.4 24 0 32 0 59 0.3 81 0.5 83 0 
3075 63 0.8 65 0 89 0 91 0.3 98 0.5 
3610 94 0.5 
3680 92 0.3 
3776 25 1 
3865 11 0.3 43 0 59 0 66 0.5 67 0.7 68 1 73 1 
4030 25 0 95 0 
4065 61 0.6 71 0.9 
4152 21 0.6 60 0 66 0 84 0.3 91 0.7 
4173 3 0 14 0 56 0 67 0.9 80 0.6 
4189 1 0.8 17 0.3 68 0.6 69 0.8 74 0.3 
4251 65 1 92 0.7 
4344 21 1 57 1 
4369 15 0.3 18 0 38 0.8 84 0.6 
4411 0 0.5 21 1 46 0.6 80 0 
4613 4 0.4 16 0 76 0.6 83 0.6 89 0.3 95 0.9 99 1 
4687 23 0.6 26 0.3 27 0.3 45 0.9 57 0.3 79 0.9 82 0.7 
4964 8 0 9 0 38 0.3 41 0.7 42 0.7 61 1 78 0 
5077 8 0 12 1 16 0.6 57 0.7 89 0.9 91 0 99 0.4 
5205 52 0.7 59 0.6 61 0 
5316 30 0.9 64 0.8 68 0 76 1 
5403 3 0.7 9 0 26 0 29 0.5 31 0.7 67 0.9 69 0.9 87 0.7 
5428 4 0.8 46 0 59 0.5 
5529 9 0.6 20 0.5 25 0.5 31 0.3 53 0.4 79 0.5 
5547 9 0.7 30 0.9 71 0.4 79 0.5 
5635 38 0.3 58 0 86 0.6 87 0.7 
5680 20 0.9 25 0.4 26 0.3 31 0.6 36 0.6 71 0 77 0.5 82 0.6 
5689 11 1 23 0 38 0 47 0.9 
5906 36 0 46 0.4 65 0.9 73 0.4 86 0 
5925 9 0.8 71 0.6 
5994 17 0.3 18 0 24 1 25 0.7 27 1 33 0.6 99 0.8 
6011 27 0.8 28 0 39 0 40 0.8 47 0.4 49 0.8 63 0 70 0.8 87 0.9 
6128 3 0.8 60 0.7 
6221 3 0.8 53 0.6 55 0.4 59 1 
6451 14 0 49 0.6 
6452 17 1 18 0 49 1 77 0.5 87 0.6 95 0.9 96 0.4 98 0.9 
6470 5 0.7 13 0 30 0 35 0.4 36 1 37 0 39 0.9 77 1 91 0.9 
6477 37 0.6 47 0.4 88 0.5 
6637 6 1 29 0.5 34 0 40 0.8 55 0.3 72 1 84 0.9 
6870 4 0.4 10 0.9 20 0.6 30 0.6 37 0.7 40 0.4 59 0 78 0 
6873 7 0.7 
6886 22 0.6 30 0.8 49 0 85 0.8 90 0.4 
6906 13 0.7 38 0.9 47 0 75 1 89 0.7 
6979 18 0.4 21 0 59 0 63 0.3 96 0 
7302 36 0 40 0.6 49 0 60 0.4 
7338 11 0.9 22 0.9 36 0.7 52 0.5 60 0 64 0 71 0.8 96 0 
7422 5 0 13 0.3 35 0 44 1 46 0.6 47 0 55 0.5 73 0.3 75 0 
7481 40 0.7 42 0 55 0.6 
7680 12 0.9 36 0.6 54 0 67 0.3 72 0 76 0.6 77 0.6 82 0.9 91 0.4 99 0 
7729 7 0.5 8 0 13 0.6 26 0.3 52 0 55 0 74 0 
7820 14 0 28 0.6 30 1 43 0.8 51 0 58 0.7 68 0.4 71 0 
8050 6 0.3 15 0.9 18 1 26 0.3 30 0.7 36 0.8 78 1 
8086 3 0 5 0.4 14 1 48 0.5 52 0.5 82 1 83 0.9 95 0.3 99 0 
8211 11 0.4 12 0 26 0 27 0.3 41 0.6 70 1 75 0.9 92 0.5 
8345 74 0.7 
8407 3 0 17 0.8 21 0.3 27 0.4 67 0 71 0 73 0.7 77 0 83 1 94 0 
8466 9 1 10 0.6 43 0.7 61 0.9 77 0.4 89 0.5 96 0.7 
8514 15 0.5 19 0.6 22 0.8 27 1 43 0.7 47 0.9 60 1 66 0.5 84 0.8 93 0 
8680 12 0.9 30 0 53 0.9 58 0.3 
8746 7 0.6 16 0 17 0 26 0.7 36 0.7 37 0.3 43 0 69 1 82 0.4 99 0 
8810 6 1 45 0 68 0.6 99 0.3 
8822 32 0.9 43 0.5 90 0.5 
8845 18 0.3 74 0 75 1 84 0 96 0.4 
8864 3 0.6 8 0 13 0.6 
9123 2 0 67 0 
9130 30 0.4 70 0 72 0.6 
9132 25 0.4 33 0.7 39 0.5 46 1 61 0.3 70 0.4 80 0.4 86 0 
9243 21 0.5 23 1 30 0.7 38 0.5 52 0.7 60 1 65 0.6 66 0.5 
9665 2 0.6 5 1 19 0.5 24 0.8 49 0 62 0 66 0.9 78 0.9 82 0 83 0.9 
9678 16 0 23 0.7 50 0.4 61 0 
9744 13 0.5 54 0.7 95 0.7 
9767 26 0.7 48 0.9 53 0.9 55 1 61 0 66 0.8 94 0 
9805 5 0 26 0.6 38 0 44 0 47 1 54 0 65 0.5 68 0 84 0 94 0.4 
9884 2 0.6 13 0.4 22 0.5 33 0 52 0 80 1 88 0 
9963 26 0 76 0.6 88 0.7 
9965 77 1 88 0.7 
9967 26 0.5 31 1 48 0.7 50 0.5 56 0.4 71 0.6 
