100
33 10 0 16 0 21 0.4 28 0 42 0.5 49 0.3 56 0 64 0.7 85 0 96 0.4 
65 5 0 26 0 43 0 47 0.9 96 0.6 99 1 
97 5 0.4 9 1 13 0.8 16 1 54 1 62 0.6 
172 6 0.6 13 0 25 0 54 0 58 0.9 87 0.9 90 0.7 96 0.6 
212 20 0.5 22 0 90 0.4 93 0 
258 1 1 31 0.4 82 0.6 
268 6 0.6 12 0.8 29 0.8 59 0.8 73 0.3 80 0.9 
323 3 0.5 14 0.6 20 0.9 48 0 72 0.5 
425 27 0.9 38 0.8 39 0.9 
428 27 0 44 1 46 1 54 0.4 85 1 
829 10 1 17 0.8 25 0 36 0.7 53 0.7 70 1 80 0.7 
838 2 0.6 21 0.7 45 0.8 46 0.9 50 0 66 0.7 
874 53 0 62 0.3 95 0 
997 12 0.5 14 0 
1049 14 0 90 0.6 
1127 21 0.9 27 1 43 0.7 45 0.9 47 0.7 67 0.5 
1475 16 0.6 26 0.3 27 0 34 0.6 46 0.3 57 0.5 59 0.7 62 0 81 1 
1524 3 0.9 51 0 63 0 64 0.5 91 0 
1641 52 0 57 0.3 89 0.9 
1685 11 0 
1757 54 0.9 71 0.5 
1831 50 0.3 
1941 31 1 54 0 65 0.7 
1945 17 0 42 0.9 55 0.5 59 0.9 68 1 80 0.7 81 0 95 0.5 
1967 65 0.8 
2249 18 0 
2257 15 0.9 20 0.4 25 0.4 31 0.8 68 0.3 80 0.4 94 0.6 
2264 42 0 
2360 2 0.3 7 0.6 18 0.7 52 0.4 71 0.5 74 0.9 85 1 94 0 
2367 8 0.8 13 0.7 25 0 39 0.9 43 0 49 0.6 62 0.9 68 0.7 74 0.9 94 0 
2507 3 0.9 24 0 61 1 
2512 40 0.3 60 0 70 0.6 
2546 25 0.6 82 1 93 0.6 
2547 15 0 92 0 98 0 
2687 0 1 27 0 34 0.8 66 0 
2752 14 0.7 33 0.3 40 0.7 61 0.9 63 0.7 66 0.8 
3124 13 0 40 0 43 0.8 55 1 63 0.7 83 0.6 91 0.3 97 0.6 
3163 11 0 58 0 81 1 
3174 98 0 
3184 5 0 13 0 20 0.6 
3283 46 0.3 78 0.8 
3378 36 0.8 61 1 66 0.6 74 0.8 
3491 27 0.5 28 0.8 34 0 42 0 53 0 62 0 63 0.3 89 0.4 92 0.6 96 0 
3683 77 0.4 
3691 4 0 22 0 23 0.5 64 0.3 69 1 70 0.9 72 0 87 0 98 0 
3773 1 0.4 3 0 4 0.8 12 0.7 15 0.8 34 0.8 58 0.8 81 0.4 93 0 
3843 4 0 6 0 
3854 5 0 16 0.6 30 1 57 0 65 0.5 67 0.7 79 0.3 92 0.8 99 0 
3911 6 0.5 8 0.6 12 0.9 18 0.9 36 0 37 0.7 46 0 73 0.3 
4026 64 0.7 
4163 93 0 
4255 47 0 60 0.5 
4265 25 0.8 
4329 1 0 15 0.5 19 0 31 0.5 36 0.4 51 0.6 52 0.7 88 0.4 92 0.7 
5039 15 0.4 16 0 17 0 26 0.3 38 0.6 47 0.9 56 0.7 67 0.9 85 0 96 0.6 
5399 70 0.6 
5472 12 0 45 0.7 91 0 98 0.5 
5575 34 0.3 
5650 79 0.8 
5714 68 0.5 87 0 
5772 3 0.3 15 0.6 38 0 87 0 89 0 
5956 27 0 
6064 8 1 9 0 34 0 77 0.6 79 0.9 
6203 38 0.5 48 0.8 61 0.6 70 1 
6252 7 0 23 0.7 29 0.6 37 0.7 51 0 73 0.7 85 0 90 1 
6345 0 0.9 23 0 32 0.6 34 0 46 0.6 58 0.7 66 0.7 
6586 54 0.4 62 0 
6693 16 0.6 31 0 37 0.5 57 0.6 63 0.3 77 0.7 
6768 2 0 28 0 66 0.9 69 0.5 78 0.4 83 0.3 86 0.9 
6805 15 0 39 0.3 45 0.8 56 0.9 
6812 56 0 
6816 2 0.3 4 0.8 34 0.8 39 0.7 45 0.3 67 0 76 0.5 96 0.4 
6972 5 1 48 0.9 72 0.6 79 0 
6986 0 1 1 0.5 29 0 45 0 48 0 61 0.6 92 0 99 0 
7086 7 0 20 0.9 26 0.9 33 0 45 0 61 0.5 
7285 0 0.4 13 0 22 0.8 68 0.9 79 0.5 
7296 71 0 
7528 3 0 24 0 
7579 31 0.9 
7770 29 1 63 0 83 0.9 94 0.7 97 0.4 
7783 7 0.7 22 0.3 56 0.4 59 0.7 
7808 8 0.6 17 0.9 21 0.3 70 0 87 0 99 0.6 
7892 68 0.7 
7982 39 0.6 74 0.9 96 0.7 
8001 18 0.9 23 0.8 88 0 
8131 35 0.8 39 0 97 0.9 
8327 7 0.3 39 0.3 
8335 6 0.3 51 1 60 0.5 69 0.4 
8569 82 0.6 
8731 11 0.4 18 0 22 0.8 34 0 36 0 42 0.9 
8803 25 0 
8819 7 1 9 0 34 0.7 56 0 61 0 74 1 
8958 4 0 10 1 33 0 38 0 41 0.4 52 1 61 0 77 0.4 
9079 34 0.6 36 0.5 43 0 44 0.9 58 1 59 0.8 70 0 88 0.4 95 0.3 
9292 11 0 12 0 18 0.7 22 0 38 0.9 57 0.6 80 0.4 86 0.9 90 0.9 
9388 13 0.4 21 0 22 0 39 0.5 51 0 76 0.6 78 0.8 82 1 90 0.5 93 0.9 
9527 0 0.4 31 0.5 36 0.9 40 0 42 0.6 96 0.9 
9692 11 0 18 0.9 19 0 23 0.6 42 0 73 0.5 78 0.4 87 0.3 93 0.6 
9936 1 0 3 0 7 0.7 51 0.4 53 0.9 65 0.6 70 0.4 72 0.5 73 0.6 88 1 
9993 9 0.3 15 0 18 0.4 27 0.5 34 0.3 37 0.6 59 0.7 70 1 99 0 
