100
34 3 0.8 34 0 35 1 45 0.5 87 0.7 93 0 
97 5 0 9 0 13 1 16 0.7 54 0.7 62 0 
130 13 0 23 0.9 26 0.3 53 0.5 69 0 76 0.4 
140 56 0.4 61 0.6 76 0.9 
167 12 0.4 82 0 
179 54 0.7 63 0.6 
190 5 0.5 22 0 44 0 46 0.8 61 0 79 0.5 
199 8 0.3 12 0 21 0.5 30 0.8 41 0.9 60 0.6 61 0 87 0.8 95 1 
207 7 0.3 13 0 19 0.6 38 0 39 0 68 0 81 0.9 89 0.8 
233 97 0.4 
379 0 1 9 0.8 21 0 34 0 53 0.6 66 0.4 83 0.6 
388 3 0 23 0.7 24 0.3 32 0.8 73 0 78 0.3 81 0.3 89 1 96 0.5 
489 18 0.4 75 0.4 78 0.3 
645 2 0.9 9 0 14 0.9 28 0 93 0.8 
906 0 0.9 6 1 30 0.6 34 0.5 35 0.3 37 0.7 39 0.9 66 1 67 0.6 81 0.7 
919 7 0.5 14 0.4 22 0 25 0.7 26 0 35 1 46 0 48 0.9 67 0 94 0.7 
945 9 1 32 0.9 33 0.5 
950 6 0.5 21 0.4 56 0.3 62 0.6 76 0 85 0.6 87 1 
985 28 0 44 0.4 55 0.3 
1040 12 0.8 44 0 52 0.8 56 0.3 65 0 96 0.4 
1059 1 0 11 0.5 15 0.5 24 0 64 0.8 80 0.6 
1171 51 0.9 52 0.3 69 0.3 
1206 6 0 47 0 51 0.5 60 0.7 79 0.7 83 0 
1342 4 0 33 0.4 64 0.3 99 0 
1345 0 0.8 2 0 7 0.6 11 0 15 0.7 21 0.3 23 0 50 0 62 0 95 0.8 
1380 2 0.8 5 0 14 0.8 15 0 26 0.9 63 0.5 64 0 79 0.8 
1495 65 0.9 75 0 
1752 4 0.4 26 0.7 52 0.6 58 0.3 83 0 96 0 
1813 19 0.7 26 0 51 0.8 
1824 47 0.3 65 0.7 92 0.3 94 0.9 96 0.3 
1826 7 0.8 41 0.8 95 0.4 
1828 1 0.9 10 0.5 27 0 42 0.4 87 0 92 0.8 
1906 40 1 50 0.8 54 0.3 56 0.6 69 1 85 0.5 98 1 
2119 42 0.9 53 0 98 0.6 
2132 9 0 16 0 32 1 56 0.6 61 0 65 0.7 80 0.8 81 0.8 87 0 
2133 3 0.8 20 0.4 46 0.5 50 0.5 53 0.3 66 0.6 76 0 78 0.6 90 0.9 
2147 2 0.7 11 0.5 13 0 25 0 44 0.4 55 0.9 63 0.8 68 0.4 94 0 
2216 13 0 35 0.3 42 0.7 53 0.4 
2220 2 0.3 5 0 7 0.4 13 1 24 0.4 36 1 83 0.6 
2225 19 0.5 28 0 41 0 45 0.7 61 0.9 80 0.7 96 0 
2294 4 0.6 55 0 62 0.9 65 0.5 70 1 74 0.7 85 0.8 97 0.6 
2316 9 0.9 51 0.5 72 1 81 0.3 86 0.8 88 0 99 1 
2499 5 0.6 23 0.9 28 0.4 61 0.9 62 0.5 66 0.7 74 0.7 80 0 88 0 95 0.7 
2528 5 1 18 0.4 65 0 78 0.6 
2544 69 0 
2718 46 0 92 0 
2738 3 0 39 0.3 46 0.4 71 0.4 81 0.8 
2803 2 0 4 0.7 17 0.7 28 0.8 64 0.3 71 1 90 0.8 93 0.4 
2872 20 0.4 26 0.7 75 0.4 95 0.3 
3228 1 1 3 0.8 6 1 16 0.5 65 0 78 0 
3328 12 1 23 0.5 24 0 42 0.6 54 0.5 61 0 78 0.5 89 0 
3412 41 0 73 0.3 79 0.3 
3525 8 1 22 0.9 44 0.9 46 0 61 0.7 77 0 78 1 
3614 32 0.6 42 0.8 
3616 35 0 39 0.4 41 0.7 48 0.4 83 0 86 0 91 0 
3780 12 0.7 32 0.8 36 0.8 65 0.7 72 0 87 1 
3821 6 1 12 0.9 23 0.8 26 0 49 0.4 82 0.5 88 0.3 
3839 34 0.5 50 0.3 57 0.8 65 0.7 89 0 
3865 11 1 43 0 59 0.6 66 0.3 67 0.3 68 0.4 73 0.5 
3896 18 0.7 75 0.9 
4082 2 0.4 7 0.5 18 0.4 21 0.3 31 0.4 34 0.4 54 0.3 
4234 15 0.7 16 0 19 0 31 1 37 0.3 42 0 58 0 67 0.4 93 0.5 94 0.5 
4260 28 0.5 66 0.4 91 1 97 0 
4264 7 0.7 31 0 35 0 61 0 
4572 5 1 17 0.3 28 0.7 39 0.5 50 0.3 75 0 78 0.9 88 0.3 91 0.6 
4797 12 0.4 64 0.3 93 0 
4821 22 0.7 26 0.9 31 0.8 50 1 59 0.8 61 0.4 77 0.4 88 1 98 0.8 
4833 20 0.5 24 0 38 0.7 90 0.7 93 0.5 99 0.4 
4900 0 0 5 0.5 14 0.4 29 0 31 0 33 0.8 34 0.6 39 0 97 0.9 
5053 21 0.5 54 0.9 87 0 92 1 
5058 59 0.3 85 1 86 0.7 
5500 0 0.7 20 0.5 23 0.7 29 0.9 35 0.8 46 0 77 0.9 99 0 
5696 56 0.8 61 0 65 0 82 0.4 
5747 21 0.3 25 0.4 
5992 0 0.4 22 0.9 34 0 38 0.5 39 0.5 41 0.6 47 0.8 62 0.9 68 0 95 0.8 
6000 6 0 7 0.3 10 0 22 0.5 51 0.9 66 0 82 0.8 85 1 96 0.8 
6053 29 0.8 37 0 42 0.5 60 0.9 87 0.5 90 0 91 0.6 92 0.6 
6065 18 0.4 25 0 26 0.5 62 0.8 72 1 80 0 86 0.3 97 0 
6168 14 0.3 16 0.5 23 0.9 25 0.6 61 0.4 73 0.3 81 0 92 0 
6397 4 0.3 59 0 90 0.3 
6447 36 0.3 72 0 75 0.3 88 0 
6906 13 0.3 38 0.6 47 0 75 0.9 89 0 
6973 15 0.3 23 0.3 24 0.7 60 0 
7028 7 0 14 0.4 27 0 30 0 67 0.3 72 0 74 1 87 1 90 0.6 
7162 24 0 
7203 29 0 31 0.7 32 0.3 66 0.8 79 0 92 0.5 99 0.9 
7358 28 0.9 44 1 45 1 54 0 99 0.3 
7500 3 0 
7572 14 0 48 0 
7751 26 0.7 35 0 87 0.5 
7963 1 0.8 23 0.6 27 0.4 74 0 99 0 
8071 42 0 44 0.3 65 0.9 
8218 79 0.8 81 0.6 
8717 13 0 32 0.7 35 1 52 0.3 
8747 8 0.5 17 0.4 19 0 32 0.6 67 0.9 76 1 83 0.9 88 0.3 
8817 0 0.6 48 0 61 0.3 81 1 95 0 97 0 
9046 11 0.9 14 0.6 32 0.7 
9239 4 0.9 23 0.6 24 0.5 38 0 54 0.3 75 0.9 83 0 98 0.6 
9402 13 0.7 15 0.4 48 0 52 0.5 57 0.7 58 0.3 72 0.9 79 1 80 0.7 87 0.6 
9665 2 0.5 5 0.6 19 0.5 24 0.8 49 0 62 0.4 66 0.3 78 0 82 0.3 83 0 
