100
77 2 1 29 0.6 41 0 44 0.4 47 0.6 50 0.5 86 0.6 99 0.3 
113 9 0.8 37 0.5 54 0.8 73 0.3 74 0.9 75 0.9 
118 3 0.3 68 0.6 
233 97 0.9 
319 30 0 33 0 
505 25 0.7 33 0 45 0 54 0.4 80 0.5 
632 7 0.9 18 0 35 0.9 52 0.9 
851 4 0.5 7 0.7 9 0.4 25 0 52 1 57 0.6 58 0.9 67 0 78 1 86 0 
855 39 0.9 56 0 70 0 79 0.7 81 0 
947 2 1 17 0 40 0 44 0.7 66 0 69 0.8 70 0 74 0.8 79 0.9 
1196 34 1 36 0 38 0.7 39 0 85 0.4 90 0.4 98 0.9 
1264 11 0.8 27 0.6 71 0.5 87 0.5 
1360 26 0.9 65 0.7 
1386 4 0.6 9 0.5 18 0.7 26 0.8 40 0.9 43 0.4 
1457 7 0 44 0.8 45 1 54 0.5 56 1 91 0.4 92 0.8 97 0 
1499 2 0.3 15 1 23 0 29 0 58 0.4 65 0.3 68 0 98 0.4 
1573 7 0.6 9 0.8 13 0.3 17 0 28 0.7 39 1 42 0.4 58 0.3 76 0.8 
1584 12 0.3 19 0.7 25 0.7 30 0 44 0.3 49 1 58 0.8 74 0.9 78 1 
1592 67 0 
1816 31 0.6 35 0 49 0.6 64 0 98 0 
1832 10 0.9 29 0.9 41 1 43 0 44 0.9 49 0.8 
1925 21 0.3 40 0.3 42 0.5 67 1 73 0 
2434 23 0.8 77 0.7 84 0.7 
2442 10 0.4 22 0.8 23 0.8 56 0.4 68 0 
2551 29 0.3 32 0 47 0.7 85 0.4 87 1 96 0.8 
2553 9 0 14 0.6 25 0.8 34 0.5 48 0.6 81 0.5 
2715 8 0 26 0.9 54 0.8 58 0.3 98 0 
2816 50 1 77 0.5 
2892 13 0.7 23 0.3 30 0.8 43 0 77 0.6 88 0 
2936 32 0.8 45 0 57 1 
3020 2 0 4 0 13 0.9 19 0.4 29 0.3 37 0 48 0 55 0.9 92 0 
3226 1 0 31 0.3 53 0.4 64 0 69 0 
3595 39 0.3 63 0.5 71 0.7 
3630 80 0.9 91 0.9 
3681 40 0 
3765 39 0 40 1 51 0 89 0 
3809 17 0.7 19 0.5 32 0.7 37 0.4 43 0.3 57 0 62 0 69 0.3 78 0.8 85 0.3 
4125 6 0.5 13 0.8 26 1 27 0 44 0.8 45 0.4 67 0 83 0 87 0.8 
4128 9 0 27 0 40 0.7 42 0.5 50 0 69 0 74 0.7 
4144 23 0.5 24 0.3 85 0.8 
4265 25 0 
4775 14 0.9 32 1 38 0.8 43 0 61 0.5 63 0.6 65 0.9 94 0.6 99 0 
4814 25 0 38 0 41 0.5 43 0 46 0.9 55 0.7 56 0.5 77 0.9 78 0.8 
4895 41 0.9 46 0.7 59 0.5 78 0.8 79 1 83 0.4 84 0 95 0.9 99 0.5 
5094 0 0.5 45 1 46 0.9 
5177 21 0 22 0.6 23 0 26 0.4 37 0 58 0.9 69 1 94 0 
5193 9 0 15 0.6 35 0.9 40 0.7 46 0 51 0 56 0 70 0 76 0 85 0 
5199 24 1 33 0.3 74 1 88 0.6 
5254 19 0.5 22 0 26 0.3 92 0 96 0 
5269 71 0.7 
5293 39 0 
5314 1 0.9 4 0.4 19 0 29 0 32 0 39 1 47 0 52 0.8 74 0.6 
5376 4 0.8 20 0.9 58 0 69 0.8 70 0.6 93 0 96 0.7 97 0.8 98 0.8 
5551 1 0.4 17 0 27 0 43 0.4 69 1 70 0.4 89 0.5 
6005 5 0 
6168 14 0.7 16 0 23 0 25 0 61 0.4 73 0.8 81 0.7 92 0.9 
6307 52 0 
6336 1 1 36 0.4 46 0 51 0 77 0.5 
6469 5 0 18 0 20 1 21 0.7 32 0.3 36 0 
6539 26 0.6 36 0 52 0.5 56 0 87 0.4 
6650 0 0 17 0.7 19 0 
6842 5 0.3 51 0 58 0.8 76 1 81 0.3 
6907 24 0.5 62 0.8 84 0.5 
7001 2 0.3 23 0 27 1 34 0.7 62 0.4 70 0 74 0 77 0 84 0.5 92 1 
7051 12 0 27 0.3 75 0 91 0.4 
7172 47 0.6 48 0.6 80 0.3 
7187 14 0.9 53 0.7 
7224 11 0 46 0 
7248 25 0 60 0.6 72 0.4 
7344 63 0.4 76 1 78 0 
7352 95 0.5 
7506 80 0.6 
7768 5 0.3 12 0.9 14 0.5 30 0 33 0.5 35 0.4 48 0.8 63 0.3 79 0 91 1 
7783 7 0.8 22 0.5 56 0.3 59 0 
7786 3 0.9 6 0.9 12 0.5 19 0.5 42 0.8 49 0 70 0.5 71 1 85 0 
8334 14 0.5 19 0.8 28 0 29 0.7 44 0.9 47 0 63 0 88 0 91 0.5 94 1 
8365 6 0.9 14 0.4 16 0.8 22 1 37 0.9 38 0.3 62 0.3 85 0.5 94 0.9 99 1 
8493 29 0 35 0.4 37 0.8 63 1 72 0.4 
8531 3 1 35 0.9 36 0.8 43 0 51 0 58 0.5 68 0 79 0.5 96 0.8 
8574 34 0.7 56 0 
8708 13 0 19 0.8 22 0.6 23 0.4 37 0 48 0 81 1 91 0 
8710 0 1 36 0 53 0.6 84 0.4 
8913 39 0 52 0.6 71 0 88 1 
8930 69 0 86 0 
9191 37 0.7 42 0.3 59 0.7 74 0.4 80 0.5 
9227 19 0 26 0.5 28 0.8 33 0.6 36 0 51 0.3 73 0.3 77 0 80 0.4 98 0 
9284 21 0.6 23 0.7 27 0.6 33 0 45 0.6 58 0.4 59 0 84 0.4 
9314 2 0.5 3 0 15 0 19 0.6 26 0 48 0.4 50 0.6 56 0.7 86 0.9 90 0.3 
9380 50 0 59 0.9 75 0.3 92 0 
9512 25 0 28 0.3 57 0.7 58 0 63 1 66 0.5 70 0 80 0.3 89 0.7 
9693 4 0.4 13 0 75 0.6 
9711 15 0 27 0 58 0.3 72 0 90 0 
9715 38 0.5 65 0.4 82 0.5 
9746 85 1 97 0.3 
9767 26 0.8 48 1 53 0 55 0.4 61 0.5 66 0 94 1 
9783 23 0 42 0.8 71 0.7 82 0.3 94 0.9 
9802 85 0.5 
9867 91 0 
9940 48 0 67 0 71 0.3 77 0 82 0.3 89 0.8 
9946 0 0.7 11 0.6 18 0.3 22 0.3 26 0.4 39 0.8 45 0.4 80 0 
