100
6 64 0.5 67 1 81 0.3 
61 2 1 24 0.9 25 1 30 0 95 0.3 
433 15 0.7 59 0.4 
456 44 0.7 51 0.6 59 0.6 82 0.9 83 0.8 
457 8 0 22 0.7 32 0.6 49 0.5 58 0.5 73 0.4 79 0.5 84 0.6 98 0 
501 28 0 
519 24 0.7 27 1 47 0.5 80 0.6 
587 10 0 29 0.3 31 0 37 0.9 50 0.7 58 0.4 80 0.8 
664 3 0 39 1 70 0 76 0 83 0.5 97 0.8 
672 24 0 57 0.5 64 1 
685 2 0.3 42 0.5 50 0.6 53 0.4 79 0.9 83 0 88 0 
773 20 0.3 51 0.7 78 0.9 91 0.4 
790 13 0.5 30 0 34 0 42 0.5 63 0.7 66 0.6 70 0.6 74 0.5 98 1 
802 0 0.5 8 0.6 45 0.3 54 0.9 74 0 90 0.5 
833 26 0.3 29 0.7 44 0 54 0.7 61 0 72 0 
977 0 0.7 6 0.5 8 0.4 75 0.8 77 0.3 
1279 25 0 51 0.5 74 0 84 0.7 87 0 94 0.8 97 0.6 
1297 8 0 11 0.7 86 0 
1310 91 0.9 
1400 17 0.5 47 0 71 0.6 
1479 16 0.4 18 0.3 31 0.5 34 0.9 35 0 49 0.8 52 0 53 0 64 0.6 90 0.4 
1575 20 0.5 
1588 0 0 6 0.3 25 1 28 0 32 1 41 0.4 56 0.7 73 0.3 79 0.7 89 0 
1803 31 0.6 40 0.8 42 0.3 59 0.3 82 0.9 86 0.5 87 0 
1886 71 0 83 0.9 
1907 5 0.5 8 1 40 0.8 64 0.6 70 0 85 0.4 89 0.4 94 0.8 98 0.4 
1975 16 0 
1991 82 0.4 
2090 7 0.9 8 0.6 19 0.6 23 0.4 29 0 49 0.8 82 0.6 
2163 5 0 55 0 74 0.6 75 0.5 
2276 24 0.8 30 0.7 37 0.9 48 0.9 60 0.7 67 0.5 82 0 93 0.6 
2300 0 0 34 0.9 
2403 16 1 
2490 9 1 95 0 96 0.4 
2493 3 0.9 4 0.9 8 0.4 11 0.8 17 0.7 38 0.7 39 1 47 1 79 0 84 0.7 
2548 15 0.9 55 0.4 60 0 72 0.4 82 1 93 0.9 99 0.4 
2590 0 0.6 6 0.7 23 0 26 0.6 37 0.5 61 0.6 69 0.3 
2679 38 0 39 0 70 0 93 1 
2763 13 0 19 0.7 25 0.4 38 0.8 67 0.7 72 0 89 0.9 
2782 0 0 3 0 25 0 30 0.7 34 0.5 42 0 50 0.5 70 0 93 0.4 96 0.3 
2879 18 1 71 0.7 
2979 4 0.7 9 0 91 0.5 92 0 
3241 50 0 
3249 16 0.9 23 0.9 48 0.3 70 0.9 90 0 96 0 
3274 78 1 
3319 5 0.8 16 0.5 33 0.4 35 0.5 71 0.3 74 0.4 77 0.6 79 0.8 
3334 4 0.9 7 1 29 0.9 34 0 40 0.4 51 1 63 0.6 81 0 92 1 97 0 
3512 19 0 26 0.6 39 0.9 82 0.3 
3626 1 0.4 10 0 13 0.6 23 0 34 0 54 1 71 0 74 0 93 0.8 
3979 6 0 15 0 24 0.6 29 0.4 59 0.7 63 0.3 73 0.8 78 0.8 
4140 21 1 54 0.8 
4261 0 1 11 0 22 0.4 38 0.8 74 0 77 0.3 
4361 10 1 39 0 45 0 47 0.3 92 0.6 96 0.9 
4418 67 0.9 77 0.4 
4637 19 0.5 26 0 31 0.3 46 0.7 97 1 
4818 17 0.9 23 0.7 33 0 38 0.9 67 0 80 0.9 88 0.9 
4838 10 0 15 0 27 0 39 0.8 44 0.8 60 0.3 
4879 2 0.8 22 0.4 23 0 34 1 57 0.3 70 0.3 72 1 81 0.6 93 0.9 
4890 5 0.7 29 0.3 46 0.4 55 0.8 
4947 11 0.6 21 0.9 30 0.7 40 0.7 46 0.7 59 0.8 62 0.5 63 0.7 87 0.7 93 0.5 
5040 92 0 
5048 11 0 15 1 25 0 30 0 31 0.3 48 0 77 0 87 1 
5190 39 0.3 72 0.9 
5248 15 0.4 27 0.7 41 0.5 82 0.4 
5281 81 0.6 84 0.3 
5305 10 0.6 40 0 51 0.8 52 0.3 77 0.8 91 0 99 0 
5369 15 0.6 32 0.3 34 0.8 41 0.7 71 0.3 72 0.4 
5484 80 0 
5491 39 0.7 85 0.4 90 0.5 
5512 49 0.7 
5532 1 0 2 1 11 0 62 0 91 0.3 93 0.3 99 0.6 
5614 1 0.7 4 0 23 0.6 88 0.9 
5770 5 0.4 9 0 15 0.8 20 0 26 0 67 0.7 84 0.9 
5783 34 0.6 42 0.9 49 0.9 57 0.6 59 0.6 74 0.5 81 0.6 91 0 92 0.9 
5891 25 0.5 32 0.7 40 0 59 0.8 66 0 89 0.5 
6100 2 1 9 0.7 37 0 45 0.8 50 0 56 0 60 0 90 0.6 
6199 53 1 56 0 
6994 10 0.3 30 0 48 0.5 59 0 62 0.5 89 0.5 
7277 20 0 45 0.8 48 0 60 0.6 97 0.8 
7315 39 0 51 0.6 64 0 67 0.8 76 0.9 
7683 33 0 47 0.7 70 0.8 72 0.6 80 0.4 95 0 
7708 3 1 5 1 14 0.3 19 0 26 0 41 0.8 51 0 63 1 68 0.8 94 0.3 
7848 35 0.7 41 0.7 
8278 9 1 33 0.6 37 0.3 48 1 55 0 59 0.5 98 1 
8691 1 0 49 0.4 51 0 60 0.9 65 0.8 79 0.5 89 0 
8782 39 0.6 47 1 76 0.8 82 0.4 90 0.6 94 0.6 99 0.8 
9076 4 0.8 27 0 28 0.5 37 0.9 92 0.9 
9151 7 0.3 9 0.8 16 0.7 21 0.9 22 0 36 0.8 45 0 62 0.9 66 0.6 
9203 0 0.5 3 0.9 18 0 26 0 28 0.3 33 1 37 0.8 41 0.9 48 0.9 
9422 15 0.3 36 1 37 0.3 55 0.8 73 0.5 
9428 39 0.7 53 0.5 60 0.6 76 0.8 
9466 1 0.6 17 0.3 49 0 56 0.6 83 0.9 88 0.4 96 0 97 0 99 0 
9510 2 0.8 22 0.7 35 0.9 43 1 54 0.3 65 0.4 68 0 82 0.4 85 0.3 93 0 
9730 26 0 75 0.9 99 0 
9760 15 0 19 0 30 0 45 0.8 53 0.7 55 0.5 70 0.4 84 0 94 1 97 0.8 
9784 3 0 10 0.5 12 0 23 0.5 49 0.6 50 0.6 62 0.9 83 0.6 86 0.5 98 1 
9814 84 0.6 
9932 9 0.5 36 0.7 98 0.3 
9989 30 0.3 52 0.7 85 0.5 89 1 
9992 52 0.5 81 0.5 
