100
6 64 0.5 67 0 81 0.6 
36 4 0.9 11 0 21 0.6 33 0.7 41 0 53 0.4 55 0.3 57 0 78 0 97 0.3 
287 12 0.9 18 0.6 25 1 37 0 45 1 52 0.6 53 0.9 66 0 73 0.3 98 0.6 
416 8 0.8 11 0.5 16 0 19 0.4 53 0.8 58 0.3 64 1 74 0.6 
558 1 0.9 19 1 28 0.6 30 0.6 32 0.6 36 0.9 40 0.7 95 0.4 
570 22 0.6 25 0.6 53 0 63 0.6 64 0.7 86 0 
726 19 0.7 48 0 95 0.9 
913 16 0 18 1 23 0.5 31 0.5 54 0 
936 4 0.7 7 0 9 0.8 23 0.9 50 0.9 66 0 86 0.4 95 0.3 
1036 70 0.6 71 0.3 
1058 6 0.6 19 0.6 27 1 31 1 44 0.6 58 0.6 75 0 81 0.5 
1081 2 0 10 0 23 0.7 24 0.9 34 0.7 50 0 73 0.8 
1091 17 0.7 66 0.8 
1191 25 0.6 
1391 31 0.6 78 1 
1398 3 0 71 0 
1480 2 0 31 0 56 0.4 71 0 73 0.7 79 0 
1556 14 0.5 45 0.9 65 0 86 0 
1564 31 0 57 0.5 69 0 86 0 87 0.4 93 0.4 94 0.3 
1957 9 0.9 11 0 97 0.9 
2027 17 0 23 0.6 58 0.9 82 0.6 92 0.7 96 0.4 
2050 34 0.4 77 0.4 
2176 17 0.5 31 0.3 45 0 69 0.8 72 0.4 88 0 92 0.6 
2228 49 0 
2272 32 0.8 47 0.4 
2328 9 1 10 1 20 0.7 24 0.7 27 0.8 55 1 66 0.9 
2477 98 0.7 
2503 51 0.6 56 0.8 
2521 4 0.3 40 0.4 48 0 61 0 66 0.5 76 0.6 86 0.3 91 0.7 
2549 10 0.8 20 0.4 23 0 46 0.9 61 0.8 63 0.5 67 1 73 0 75 0.7 85 0.4 
2575 1 0.6 41 0 54 0.6 60 0.7 81 0.6 84 1 85 0.4 87 0 
2597 1 0.7 16 0 22 0.3 25 0.9 81 0.5 83 0.9 
2656 3 0.5 5 1 41 0 48 0.4 55 0.5 65 0.4 85 0.7 99 0.7 
2691 2 0.9 14 0 24 0.9 34 0.8 69 0.4 70 1 78 0.8 80 0.9 82 0 93 0.7 
2699 4 0 20 0.3 55 0.5 58 0 88 0 90 0 
2724 1 0.3 14 0 23 0 39 0.9 62 0.4 75 0.3 94 0.5 
2734 15 0 17 0.5 19 0.9 51 0.7 52 0 70 0.8 84 0.5 
2781 2 0.9 57 0.9 62 0.7 66 0.8 87 0.8 91 0.6 92 1 96 0 
2888 18 0.5 28 0 37 0 75 0.8 80 0.7 82 0.6 89 0.5 
2890 14 0.5 28 0.7 30 0.7 40 0.9 72 0.4 88 0.4 
2924 28 1 63 0 
3037 1 0.4 8 0.3 18 0 72 0.3 89 0.8 
3069 0 1 7 0.4 13 0 39 1 47 0.5 51 0.6 56 0.8 80 0.3 90 0.3 
3099 11 0.4 18 0.9 23 0 44 0 
3181 37 0 65 0.7 78 0.7 
3283 46 0.9 78 0.7 
3451 75 0.6 
3569 41 0 94 0.7 
3952 6 0.3 11 0 26 0 27 0.7 66 0.6 74 0.5 80 0.5 92 1 97 0.8 99 0.9 
4004 38 1 
4081 57 0 68 0.5 
4083 19 0.9 58 0 63 0.6 78 0.7 
4378 20 0 37 0.5 68 0 94 1 
4588 55 1 87 0 
4700 9 0.3 13 0.6 18 0.7 22 0.8 37 0.8 64 0.6 72 0 73 0.6 76 0.9 
5046 42 0.7 
5139 2 0.6 16 0.7 85 0.4 94 0 99 0 
5154 2 0 17 1 24 0.4 61 0.5 62 0.3 80 0.3 81 0.6 90 0 
5224 10 0.7 
5277 2 0.6 3 0.4 33 0.6 37 0.3 39 0.7 81 0 90 0.4 91 0.8 
5367 12 0 20 0.3 46 0 49 0 62 0 89 0 
5424 33 0 87 0.3 96 0 
5427 2 0.3 33 0.5 46 0 62 0 
5492 1 0.8 16 0.7 37 0.9 50 0.6 64 1 71 0.7 74 1 87 0.8 
5696 56 0.9 61 0.7 65 0.5 82 0 
5764 3 0.9 7 0.9 
5875 7 0.8 
5920 1 0 19 0 23 0.3 42 0 45 0 49 0.4 82 0.4 88 0.4 
5956 27 0.3 
6259 6 0.8 20 1 21 0 22 1 41 1 56 0.4 78 0.8 92 0.9 
6389 6 0.9 80 1 
6483 29 0 51 0 57 0.6 58 0.4 87 0.7 94 0.6 
6495 16 0.9 54 0 91 0 95 0 
6867 43 0.6 83 0 
7173 1 0.9 6 0 18 0 27 0.3 54 0.3 95 1 
7222 8 0.4 9 0 18 0.4 29 0.5 44 0.4 45 1 46 0 47 0 87 0.4 
7246 41 0.6 48 0.8 55 0.9 61 0.8 
7286 17 0 38 0 48 0.9 82 1 
7476 0 0 2 0 14 0.8 40 1 47 0.9 66 0 80 0 85 0.6 91 0.4 
7508 1 0.3 2 0.7 7 0.5 10 1 13 0.3 53 0.8 64 1 75 0 
7548 68 0.8 
7729 7 1 8 0.5 13 0.5 26 0.5 52 1 55 1 74 0.8 
7828 80 0.5 87 0.8 
7860 5 0.3 42 0.3 47 0 55 1 74 0.5 
8075 5 0.8 95 0.6 
8106 4 0.5 26 0.9 45 0.8 77 0.9 
8121 16 0.4 40 0.9 73 0.4 83 0.6 91 0.3 
8269 90 0.4 
8298 16 0 49 1 50 1 94 0.5 
8301 6 0.6 15 0.9 19 0.3 24 0 53 0.9 55 0 70 0 78 0.3 88 0.5 95 0.9 
8340 17 0 37 0.8 63 0 88 1 
8514 15 0.5 19 0 22 0.9 27 0.6 43 0.7 47 0 60 0.3 66 0.3 84 1 93 0.5 
8869 61 0.6 71 0 77 0.3 
8946 67 0.4 72 0 80 0.6 97 0.3 
8984 51 0 64 0.8 98 1 
9072 3 0.4 12 0 15 0.6 21 0.9 27 0.5 60 1 64 0 73 0.6 81 0.5 
9141 21 0.3 34 0.4 37 0 
9758 3 0.8 6 0.4 7 0.8 30 0.3 37 0.5 44 0.8 49 0.3 51 0.6 76 0.9 
9787 10 0.9 30 0 37 0.3 39 0.6 47 0 69 0.3 77 0 79 0.4 91 0 
9973 18 0.7 23 0 58 0.8 
