100
28 96 0.7 
91 14 1 57 0.9 90 0.4 
108 28 0 
205 25 0 
321 3 0.3 5 0.8 18 1 22 0.3 66 0 74 1 
455 0 0 6 0.3 41 0 53 0.4 73 0.9 79 0 80 0 
466 0 0.4 23 0.6 31 0.4 32 0.5 34 0.9 44 0 58 0.8 68 0.4 73 1 94 0 
484 35 0.4 49 0.6 52 0.3 81 0.4 95 0 
526 0 1 11 0.7 18 0.8 32 0.4 50 0.9 54 1 74 0.8 92 0.9 93 0.4 96 0.9 
571 16 0 32 1 33 0.6 69 0 
668 8 0.5 33 0 47 0.9 55 0.7 79 0.3 89 0.9 
706 14 0 20 0.7 67 0.4 70 0.6 73 0 74 0.8 79 0 92 0.3 
726 19 0 48 0.6 95 0.7 
762 43 0.3 75 0.8 99 0 
826 11 0.6 14 0 29 0.5 31 0.3 55 1 75 0.9 80 0.7 84 0.7 96 0 
830 9 0.5 45 0.8 46 0.5 51 0.5 62 0.3 67 0.7 90 0 91 0 94 0.6 95 1 
865 33 0.6 35 0.3 53 0.8 
1004 30 1 39 0.5 51 0 53 0 60 0 79 0.4 80 0.4 84 0 95 0.7 
1116 3 1 16 0.7 22 0.9 41 0.5 71 0 88 0.9 
1132 22 0.9 31 0.7 88 0.5 96 0 
1144 35 0.9 39 0.8 66 0 
1219 50 0.5 86 0.5 
1286 38 0.9 52 0.8 75 0.4 83 0 87 0.4 98 1 
1413 2 0.6 11 0 28 0.5 44 0.3 72 0 83 1 88 0 97 0.4 
1449 22 0 77 0.5 
1469 20 0.3 22 0.8 96 0.4 97 0.5 
1491 2 0 11 0.8 14 0.9 19 0.9 54 1 58 0.6 
1547 78 0.9 
1574 16 0.4 17 0.9 22 0.3 35 0.3 43 0 66 0 74 0 75 0.5 89 0.5 
1748 1 0.6 11 0.4 12 0 30 0.5 50 0.4 51 0 67 0 76 0.6 84 0.4 88 0.3 
1825 88 0.5 
1849 1 0.6 7 0.6 21 0 34 0.7 35 0 57 0.3 71 0 72 0.3 74 0.3 82 0.7 
2000 13 0.8 21 0.7 42 0.3 43 0.9 47 0.4 53 0.6 59 0.9 85 0.5 94 0 
2089 48 0 75 0.7 97 0.9 
2103 21 0.9 23 0.9 34 0.9 36 0.3 40 0 99 0.7 
2187 15 0.4 
2573 3 0.8 33 0.5 69 0.3 72 0.6 76 1 95 0.7 
2606 38 0.9 56 0.7 
2631 53 0.8 82 0 
2682 3 0.4 18 0.4 19 1 20 1 24 0.4 27 0 69 0 76 0.7 90 1 
2724 1 0.6 14 0.7 23 0.4 39 0 62 0 75 0.8 94 0.8 
2765 22 0.3 26 0.8 27 0.6 32 0.6 35 1 45 0.3 69 1 85 0.3 91 0 
2941 14 0 19 0.7 41 0.5 48 0.9 61 0 
2962 3 0.5 16 0.6 33 0.4 55 0 
3136 7 0.4 8 0.7 17 0.7 19 0 52 0 57 0.8 60 0 72 0.4 77 1 79 0 
3223 8 0.5 12 0 19 0.9 
3269 12 0.7 18 0.3 33 0.8 52 0.4 57 0 67 0.7 85 1 90 0 94 1 97 0.7 
3386 15 0 51 0.3 73 1 
3616 35 0.9 39 0.4 41 0.9 48 0 83 0.7 86 0.5 91 0.6 
3648 4 0.6 56 0.9 90 0 
3699 24 0 
4182 28 1 67 0.3 
4209 39 0 44 0 72 0.5 81 0.9 
4458 36 0.8 40 0 52 0.9 64 0.6 
4549 2 0.6 29 0.4 62 0.6 
4694 34 0.5 55 0.3 61 0.7 68 0 
4836 4 0.3 30 0.8 34 0.7 39 0.9 49 0.8 54 0.8 68 0.4 95 0 
4908 27 0 28 0.8 32 0.5 44 0.9 45 0.7 54 0.7 80 0 
4996 5 0.3 15 0.6 25 0.8 30 0.4 44 0 52 0.9 55 0.7 66 0.5 69 0.3 
5128 35 0.6 55 0.9 63 0 73 0.9 76 0.4 86 0 97 0 
5180 2 0.9 8 0.7 18 0.3 
5314 1 0 4 0 19 0.8 29 0.3 32 1 39 1 47 0 52 0 74 0 
5418 4 0.6 48 0.4 68 0.7 
5748 6 0 7 0.7 9 0 25 0.9 26 0 29 0 47 0.7 50 0.5 84 0.6 92 1 
5873 7 0.3 30 0.6 51 1 60 0 85 1 
5918 0 0 24 0.4 30 0.8 68 0.3 69 0.6 
5941 5 0.4 25 0.4 68 0.6 69 0.7 77 0.3 
6537 9 0.5 19 0.7 55 0 84 0.7 
6564 7 1 23 0.7 87 0.9 
6663 2 0.9 39 0.4 
6935 40 0.4 60 0.3 
7044 3 0 4 0.9 12 0.5 14 0.4 15 0.9 22 0.9 26 0 39 0.5 75 0.6 78 0 
7049 19 1 33 0.7 54 0.3 62 0.6 74 0.6 88 0.4 
7052 32 0.5 46 0 61 0.5 
7255 1 1 13 0.8 19 0 23 0.9 68 0 89 1 91 0.8 92 0.9 
7281 4 0.3 32 0.5 40 0.6 82 0 94 0.7 
7340 22 1 42 0 69 0.3 71 0.8 75 0 78 0.3 89 0.7 
7343 22 0.8 53 0.8 69 0.9 
7510 0 1 16 0.5 71 0 81 0 
7571 45 0 47 1 69 0.8 
7594 1 1 22 0 77 0 99 0.6 
7649 12 0 16 1 26 0.9 35 0.8 40 0.7 78 0.4 80 0.9 84 0.4 
7793 5 0 23 0.4 27 0.5 37 0 38 0.5 43 0.7 87 0 
7887 5 0 9 0 33 0.5 50 0.6 74 0.9 
8012 1 1 16 0.7 29 0.8 51 0.3 52 0.3 56 1 65 0.8 68 0.5 74 0.8 78 0.4 
8110 17 0 18 0.6 
8137 7 0.8 9 0.7 14 0.9 18 0.8 20 0.4 27 0.5 72 0 85 0 87 0 
8392 60 1 
8450 55 0.3 
8479 15 0.3 16 0.9 43 0 73 0.3 80 0.7 
8694 10 0.3 44 1 52 1 75 0 80 0.8 
8738 40 0.7 
8782 39 0 47 0.5 76 0.5 82 0.9 90 0.4 94 0.5 99 0.9 
8962 39 0 45 0.5 74 0.3 97 0 
9103 13 0 19 0.9 29 0.5 61 0 96 0.8 
9171 3 0.7 6 0.3 87 0 
9508 27 1 49 0.7 96 0.7 99 0.6 
9526 17 0.4 29 0.3 31 0.8 83 0.4 87 0.9 95 0.5 98 1 
9608 43 0.7 89 0.5 
9916 13 0.8 29 0.6 42 0 52 0 70 0.7 83 0.3 84 1 86 0 99 0.6 
