100
51 48 0.3 51 0.6 56 0.8 57 0.7 63 0.9 85 0.9 92 0 
82 52 0 60 0 70 0.7 75 1 
263 17 0 39 0.5 52 0.9 53 0.6 78 0.8 81 0.3 83 1 
424 13 0.4 26 0.8 38 1 54 0.5 68 0 76 0 98 1 
442 71 0.4 
511 26 1 43 0.8 47 0.9 50 0 58 0.6 
515 15 0.9 30 0.3 34 0.9 40 0.6 44 0.7 57 1 94 1 
704 0 0.9 24 1 83 0.6 85 0 87 0.5 
746 0 0.6 16 0.6 20 0.6 31 0.3 88 0 
901 39 0.9 82 0 89 0 
1039 4 0.8 15 0.7 61 0.6 
1203 2 0.6 4 0.8 8 0 27 0.5 44 0.4 46 0.3 50 0.9 62 0.6 95 0 97 0.7 
1523 14 0 58 0.8 70 0.3 99 0 
1557 3 0 30 0.7 61 0 75 0.6 83 0.5 86 0.8 92 0.6 96 0 
1588 0 1 6 0.9 25 0 28 0 32 0.6 41 1 56 0.5 73 0 79 0.3 89 0.6 
1616 23 0 45 0.4 48 0.5 
1674 26 0 60 1 
1699 4 0.7 8 1 18 0 61 0.7 
1737 41 0.9 43 0.7 62 0.6 64 0.8 66 0.5 70 0 
1836 21 0 71 0.4 83 0 98 0.7 
1890 29 0.6 42 0.8 47 0 98 0 
1912 7 0.4 14 0 38 0 39 0.8 67 0.9 70 0.7 71 0 72 1 88 0.4 98 0 
1997 42 0 60 0.3 
2285 79 0.6 
2368 29 0.5 36 0.5 45 0.6 77 0 
2388 88 1 
2442 10 1 22 0.5 23 0 56 0.7 68 1 
2536 58 0 65 0.5 74 0.8 81 0.8 
2703 4 1 9 0.7 45 0.6 60 0 98 1 
2786 12 0 17 0.8 20 0 39 1 52 0.7 67 0.4 70 0.8 75 0.4 
2906 11 0 14 0 15 0.7 66 0.4 80 0.6 91 0 94 0.3 
2907 5 0.9 25 0 32 0 45 0.9 53 0 64 0.4 76 0 96 0 
2979 4 0.8 9 0.9 91 0.6 92 0 
3005 5 0.4 14 0 32 0.5 43 0.7 60 0 86 0 
3294 6 1 7 0 37 0 53 0 59 1 61 0.6 65 0.5 73 0.7 81 0 86 0 
3307 34 0 43 0.8 
3309 5 0 6 0.4 37 0.9 43 0.6 53 0 54 0.7 57 1 59 0.3 
3544 4 0 14 0.7 23 1 25 0.6 38 0 47 0.8 55 0.9 62 1 89 0.5 93 0.6 
3558 4 0 13 0.5 73 0.7 76 0.7 95 0.7 
3681 40 0.3 
3743 8 0 26 0 70 0.5 71 0.6 73 0.3 81 0 92 0.3 95 0.6 98 0.8 
3753 1 0.7 17 0.4 25 0.6 28 0.4 34 0.4 61 0 78 0.6 95 0 96 1 
3960 4 0.6 15 0.3 41 0 51 0.8 53 0 60 0 65 0 86 0 97 0.3 
3994 28 0.4 42 1 45 0.8 81 1 95 1 
4029 45 0.4 55 0.3 75 0 92 0.9 
4090 8 0.9 14 0.7 16 0 31 0.4 50 0.3 53 0.9 71 0.4 75 0.6 94 0 98 0.9 
4455 34 0 40 0 56 0.9 68 0.7 94 0.7 
4495 85 0.5 86 0.3 
4537 8 0 14 0.4 39 0.6 48 0.5 
4603 5 0 40 1 69 0.9 
4732 15 0 33 0 37 0 38 1 43 1 53 0 57 0.4 67 0.3 76 0.4 
4779 0 0 5 0.7 7 0.8 17 0 18 0.3 32 0.3 34 0.8 76 0 
5060 11 0.5 13 0 18 0.6 59 0 60 0.9 
5062 0 0.8 21 1 30 1 48 0.5 90 0.4 
5354 6 0 8 0.4 29 0.5 31 0.4 35 1 44 1 58 0.6 64 0.6 92 0.9 
5474 7 0 8 0 23 0.4 42 0.6 45 0 54 0 87 0 
5499 28 0 48 0 64 0 94 0.5 
5511 1 0.5 10 0.4 11 0.3 30 0.4 41 0 43 1 70 0.6 73 0.4 80 0.8 93 0 
5513 6 0.3 30 0 84 1 94 0 
5706 7 0.7 27 0.3 30 0.4 31 0 43 0 50 0 55 0.8 58 0.6 59 0.6 92 0.3 
5809 5 0.5 11 0 16 1 24 0.3 61 0.5 74 0.4 77 0 82 0 89 0.8 
5890 3 0 14 0.6 
5950 8 0.3 
5969 13 0 15 0.4 43 0 66 0.9 74 0.8 82 0.9 92 0.3 95 0.7 
6058 32 0.6 
6097 35 0.8 58 1 59 0.9 72 0.4 
6135 20 0 50 0 69 0 80 0 81 0.8 91 0.3 92 0.7 94 0.6 96 0.8 
6379 44 1 65 1 89 0.5 
6540 9 0 11 1 20 0.7 34 0 44 0.4 52 0.4 57 0.4 68 0 70 0.6 77 0.5 
6627 8 0.5 11 1 28 1 32 0.6 42 0.9 61 1 62 0.6 67 0 75 0.9 90 0.8 
6665 1 0 51 0.9 54 0.7 60 0.7 
6782 16 0.4 22 0.3 24 0 30 0.8 31 0.9 33 1 49 0.8 63 0.5 69 0 83 0.7 
7074 4 0.9 27 0 33 0.6 36 0.6 44 0.9 69 0.5 75 0.7 91 0 96 0 
7093 81 0 
7120 8 0.3 40 0.5 45 0.6 62 1 93 1 
7142 35 0.9 
7309 41 0.4 83 0.4 
7315 39 0 51 0 64 1 67 0 76 0.3 
7420 19 0.9 76 0 88 0.3 97 0 
7602 24 0.8 41 0.8 43 0.7 46 0.9 58 0.5 64 0.4 72 0.7 73 0 96 0.7 
7663 38 0 58 0 69 0 72 0 
7971 14 0.9 25 0.4 42 0.5 47 0.4 61 0 70 0 94 0.4 
8221 23 0.4 30 0 53 0 99 0.5 
8315 5 0.8 22 0.3 36 0 59 0 63 0 
8366 16 1 54 0 63 0 
8371 41 0.3 
8621 0 0.7 13 0 15 1 74 1 85 0 94 0 97 0.4 
8651 22 0.9 78 0.5 98 0 
8754 18 0 27 0.9 32 0.3 33 0.3 57 0.5 72 0 
8982 0 0.4 3 0.5 34 0.6 38 0 53 0.4 79 1 99 0 
9217 14 1 19 0 40 0.4 64 0 
9297 14 0 24 1 26 0.6 31 0 52 0 72 0.3 80 0.5 89 0 99 0.7 
9507 24 0.4 
9548 11 0 75 0 
9585 6 0.4 32 0.4 95 0 
9647 1 0.5 7 1 19 0 51 0.9 59 0.9 63 0.5 83 0 87 0.6 94 1 
9723 2 0.3 17 1 31 0 39 0 61 1 76 0.8 
9787 10 0 30 0.3 37 0 39 0.9 47 0.3 69 0.9 77 0.4 79 0.8 91 0.6 
9937 7 0.7 44 0.6 47 0.6 58 0 67 0 72 0.7 74 0 
9966 42 0 46 0.3 48 0.7 65 0.5 72 0.5 88 0.9 89 0.5 94 1 
