100
194 22 0.8 
211 4 0.5 11 0.7 14 0.6 23 0.6 27 0 30 1 37 0.7 88 0.6 97 0.6 
525 9 0 21 0.9 37 0 71 0.6 73 0.7 89 0.3 95 0 96 0.3 
665 10 0.5 14 0.3 27 0 44 0.3 46 0 51 0.6 57 0.5 75 0.4 
704 0 0.9 24 0.6 83 0.9 85 1 87 0.9 
745 2 0 15 0 17 0.9 64 0 67 1 70 0 72 0.9 97 0.3 99 0.4 
842 0 0.4 4 0.9 28 0.5 46 0.8 83 1 87 0.4 98 0.7 
858 10 0.8 21 0.6 37 1 40 0.5 54 0.6 57 0.4 71 0.4 
958 14 0.6 49 0 68 0.3 
1018 11 0 15 0.9 31 0.8 52 0.6 68 0.3 80 0.7 81 0.9 88 0.6 90 0.6 91 0.7 
1059 1 0.4 11 0.3 15 0.9 24 0.5 64 0.4 80 0.6 
1087 19 0.9 68 0.5 83 0.8 
1096 7 0.5 22 0.5 42 0 92 0.4 
1232 62 0 
1430 24 0.6 38 0.4 47 0 55 0.7 56 0 59 0.6 72 0.3 74 0.5 79 0.9 
1438 17 0.7 24 0.5 49 0.6 57 0 61 0.8 63 0.9 68 0.6 77 0.3 84 0.3 
1478 26 0.7 63 1 89 0 
1692 10 0 15 0.8 75 0.8 77 0.9 80 1 
1872 23 0 53 0.6 
1926 13 0.4 38 0.4 40 0.7 53 0.3 82 0.6 95 0.7 
1996 0 0 16 0.6 35 0 58 0.4 60 0.6 69 0 82 0 90 0 
2037 6 0 40 0.8 42 1 80 0.7 85 0.7 
2039 4 0.3 11 0 28 0 29 0.3 59 0.6 62 0 71 1 73 0.8 
2063 27 0.9 36 0.3 44 0.3 45 0.6 55 0.9 73 0.3 83 1 99 0.3 
2120 7 0 42 0.5 60 0.4 79 0.3 
2209 13 0.7 
2413 8 0.4 27 0 76 0.9 
2437 6 0.9 12 0.6 57 0.7 84 0.5 93 0 
2459 6 0.8 16 0 29 0.3 72 0.7 73 0.3 75 0 85 0.6 94 0.7 
2468 9 0.8 46 0 75 1 
2532 11 0.5 13 0.6 61 0 62 0.5 78 0.3 96 0.3 97 0.7 
2535 5 0.6 12 0.5 32 0.9 43 0.5 57 1 67 0 69 0 76 1 89 0.8 98 0.4 
2724 1 0.7 14 0.3 23 0.6 39 0.7 62 0 75 0.7 94 0 
2726 19 0.5 46 0.8 57 0.8 82 0.7 
2767 6 0.5 10 0.7 17 1 37 0.5 41 0.4 44 0.5 52 1 56 0.4 70 0 76 0.8 
2773 11 0 12 0.8 44 0.4 47 0.6 52 0.3 56 0 61 0 73 0.7 74 0 93 0.9 
2823 33 0.5 
2833 18 0.8 
2852 11 0 33 1 85 0.4 91 0.5 
2913 72 0.6 76 0.5 99 0.5 
2956 3 0 7 0.9 8 0.6 13 0.6 25 0.5 29 0.7 30 0.7 53 0.3 59 0.5 69 0.9 
2961 4 1 11 0.5 12 0.6 20 0 24 0.8 31 0 
2993 15 0.5 18 0 24 0.7 49 0.6 56 0 61 0 62 0 
3135 33 0.7 91 1 
3147 6 0.3 40 0.5 51 0.8 53 0.4 86 1 91 0.7 95 0.7 
3230 25 0.3 59 0 82 0.3 
3321 21 0.4 37 0.6 62 0 65 0 75 0.9 77 0.5 
3331 18 0 53 0.7 76 0.6 
3486 2 0.6 16 0 49 0.8 53 0 67 0.3 70 0 90 0.4 96 1 99 0 
3589 15 0 16 0 19 0.8 24 0.9 61 0.4 64 1 76 0 86 0.4 99 0 
3681 40 1 
3781 3 0.6 7 0 10 1 11 0.4 27 0 35 0 46 0 92 0 99 0.8 
3890 30 0 41 1 72 0.8 
4220 10 0.4 56 1 70 0.4 
4358 4 0.3 7 0.5 22 0 63 0 71 0 87 0 
4447 33 0 
4646 21 0.7 31 0 68 0.3 76 0.4 92 0.4 93 0 95 0 99 0.7 
5034 2 0 80 1 
5065 10 0 25 1 37 0 53 0.5 68 0 
5120 46 0 
5242 9 1 52 0.9 95 0.5 
5299 20 0.9 61 0 
5313 14 0.5 74 0 
5419 2 0.3 11 0.3 16 0 23 0.5 32 0.3 39 1 49 0 53 0 54 0.5 85 0.3 
5445 23 0.7 26 1 47 0.6 61 1 64 0.9 75 0.4 
5476 14 0.6 37 0.8 49 0.7 60 0.7 65 0.6 73 0.8 97 0 
5857 90 1 
5879 37 0 45 0.9 70 0 82 0.6 95 0 
5979 9 0.3 56 0.7 76 0.7 
6001 10 0 28 0.4 29 0.4 35 0.4 45 0.7 48 0.3 52 0.9 57 0 92 0 
6360 7 0.4 15 1 29 0 47 0.6 61 0.7 72 0 76 0.9 90 0.5 91 0 
6552 80 0.6 88 0.3 98 0.7 
6561 13 0 48 0.3 54 0.4 81 0.8 87 0.3 94 0.8 
6819 12 0.8 26 0.7 30 0.8 50 0.3 52 0 55 0.6 79 0.3 94 0.9 
6905 5 0 16 0.9 
7008 63 0.9 85 0.5 
7163 41 0 94 0.8 
7243 46 0.5 50 0.6 58 0.5 
7259 2 0.5 3 0.6 10 0.6 22 0.4 25 0 35 0.4 48 0.3 68 0.5 76 0 98 0.5 
7374 17 0 20 0 29 0.4 40 0 43 0.6 57 0.4 60 0.3 68 0.7 80 1 
7576 1 0.4 37 0 45 0 57 0 61 0 63 0 78 0 
7600 4 0.9 39 0.8 
7609 24 0 26 0.6 45 1 55 0.4 74 0.6 77 0.6 
7802 5 0 8 0.4 44 0 58 0.4 
7928 53 0.8 86 0.9 
7958 2 1 20 0.9 47 1 58 1 63 0.9 74 0.4 92 0 98 0 
7971 14 0.4 25 0.5 42 0 47 0.5 61 0 70 0.7 94 0.6 
7991 22 0.3 74 0.6 
8130 93 0.6 97 0 
8136 9 0.4 14 0.3 40 0.9 71 0 73 0.4 75 0.5 
8174 23 0.3 34 0.6 56 0.9 66 0 69 0.8 
8186 32 0.7 59 1 
8426 4 0 5 0.9 9 0 26 0.3 59 0.7 66 0.3 82 0.4 89 0 
8670 10 0.6 19 0.9 36 0.5 44 0 53 0 62 0.9 97 0.8 
8775 0 0.8 6 0.4 11 0 16 0.7 18 0.6 47 0.5 62 0.6 91 0.3 92 0.9 
9268 5 0.4 54 0 80 0.9 99 0 
9354 24 0.7 42 0.6 58 0.4 
9361 37 0.3 49 0.6 88 0.9 
9463 8 0.3 13 0 14 0 39 0 51 0 52 0.9 56 0.3 62 0 78 0.9 88 0.5 
9531 10 0.6 33 1 50 0.6 51 0.4 74 1 88 0.3 96 0 
