100
64 27 0 50 0 69 0.7 81 0.3 
103 41 0 68 0.3 73 0.6 90 0.5 91 0 93 0.7 
119 0 0.5 1 0.4 28 0.4 36 0.8 41 1 42 0 61 0 73 0.5 
251 52 0.3 
268 6 0.6 12 0.4 29 1 59 0.9 73 1 80 0.9 
280 13 0.8 50 0.9 52 0 
491 10 0.4 11 0 16 0 26 0.9 47 0.7 96 0.9 
737 36 0.7 43 0 46 0.6 59 0 69 0 90 1 
799 70 0.9 
884 76 0.9 99 0.6 
960 4 0 7 0.3 
1050 4 0 9 0.8 20 0 52 0.7 54 0 85 0.5 
1155 5 0.5 7 0.9 16 1 18 0 25 0.8 47 0 66 0 98 0.8 
1180 9 0.4 37 0.8 75 0 80 0.4 
1237 0 0 2 0.7 15 0.6 18 0.9 24 0.4 44 0 48 1 93 0 
1305 80 0.9 87 0 
1313 3 0 6 0.4 57 0.7 60 0 71 0.9 72 0.8 80 1 90 0.3 99 0.3 
1317 26 0.7 
1527 3 0 6 0.5 13 0 23 0.4 30 0 36 1 56 0.4 85 0.5 91 0 
1578 7 0.8 28 0.9 44 0.5 57 0 70 0.5 78 0 86 0.9 
1665 30 0 45 0 50 0 87 0.6 89 0.3 
1754 15 0 25 0 31 1 32 0 82 0.7 
1765 37 0 
1855 12 0.6 16 0.9 63 0 68 0.9 79 0 
2132 9 0.9 16 0.5 32 0.4 56 0.9 61 0.7 65 0.5 80 0.3 81 0 87 0.9 
2166 0 0 23 0.3 42 0 45 0 90 0.8 92 1 
2207 10 0 12 0.4 21 0.8 36 0 44 0 49 0 57 0 73 0.5 91 0 
2213 24 0 49 0.9 70 0.4 95 0.3 
2323 31 0.9 36 0.8 45 0 69 0.8 
2402 0 0.6 14 0.5 20 0.9 30 0.8 39 0 75 0.7 92 0.5 99 0.4 
2562 37 0.4 
2626 8 0.3 13 0 19 0.5 22 0.3 25 0.3 32 0 85 0.4 94 0 
2898 82 0.4 
2944 7 0.4 44 0.3 48 0 75 1 79 0.9 
3021 29 0.5 34 0 47 0.7 59 0.6 89 0 
3319 5 0.6 16 0 33 0.9 35 0 71 0 74 0.7 77 0.7 79 0 
3351 10 0 17 0 19 0.9 22 0.6 28 0.3 41 0 44 0.5 63 0.9 81 0.5 84 0.9 
3386 15 0.3 51 0 73 0.5 
3455 22 0.5 37 0 38 0.9 45 1 59 0 62 0 
3560 27 0.4 47 0.3 66 0.9 
3683 77 1 
3740 2 0.5 20 0.7 63 0.8 68 0 
4086 9 0.5 10 0 17 0.6 36 0.9 79 0.8 
4192 7 0.5 22 0.4 23 0 38 0.9 40 0.7 51 0 55 0 71 0 
4478 9 0.3 23 0.4 38 0.8 40 0.5 50 0.7 53 1 62 1 64 0.8 86 0 
4588 55 0.6 87 0.3 
4598 8 0.9 11 0.4 40 0.3 58 0.6 66 0 68 0.5 81 0.8 
4752 27 0.5 46 0 74 0.5 
4756 4 0 18 1 20 0.6 31 0.9 32 0.3 34 0.3 38 0.3 61 0.8 89 0.8 97 1 
4810 3 0.6 11 0.5 17 0 20 0.4 30 0.7 58 0.4 77 0 78 0.4 88 0.4 
4819 22 0.9 48 0.7 52 0 64 0.4 
4878 2 1 3 0.8 7 0 23 0 33 0 34 0.6 50 0.8 58 0.5 78 0.3 97 0.3 
4968 70 1 77 0 86 0.7 
5173 16 0 63 0.5 
5194 4 0.3 8 0.4 65 0.7 82 0.5 86 0.8 
5210 18 0.3 47 0.5 49 0.6 89 0.8 
5246 5 0.9 6 0.6 7 0 43 0.9 53 0.4 63 1 70 0.9 85 0.8 94 0.4 96 0 
5362 12 0.8 23 0.4 25 0 35 1 40 0.8 44 0.5 46 0.9 82 0.7 94 0.8 
5505 48 0 52 0.3 61 0.8 70 0.7 73 0.3 94 0.7 
5567 0 0 8 0.7 13 0.5 58 0.4 69 0.4 74 0.5 85 0.6 88 0.3 92 0.8 99 0 
5600 1 0 19 0.5 41 1 46 0.7 52 1 58 1 85 1 87 0 
6012 17 0.3 26 0 89 0.5 90 0 
6039 21 1 40 0.3 44 0.9 
6057 6 0.8 9 1 57 0 65 0.5 74 0.3 95 0 97 0 
6091 37 0 91 0 
6191 29 0.6 60 0.5 76 0 94 0.7 
6245 7 0.9 25 0.9 30 0.3 41 0.8 51 0 58 0.4 75 0 84 1 91 0.9 94 0.8 
6405 34 0 50 1 55 0.5 56 1 69 0.8 71 1 73 0 83 0.7 
6569 10 1 17 0.8 42 0.8 54 0.8 70 0.8 
6609 27 0.6 80 0.9 
6683 30 0.3 38 0.6 60 0 84 0.3 94 0.9 
6825 10 0.5 34 0.5 39 1 81 0 84 0.5 
6852 13 0.6 16 0.9 22 0.3 56 0 72 1 83 1 
6884 6 0.7 28 0 31 0 32 0.8 40 0.3 62 0.4 73 0 98 0.6 
6889 5 0.5 6 0 77 0 90 1 92 0.3 
6891 25 1 39 1 45 0.5 47 0.5 56 0 82 0 
6899 25 0 37 0 53 0.8 56 0.5 60 0.7 62 0 78 0.8 
6936 11 0 14 0.6 38 0.3 50 0 58 0 63 0.9 66 0.6 96 0.6 
6982 21 0.9 35 0 42 0.7 46 1 47 0 56 0.6 72 0.6 76 0.4 86 0 90 0.7 
6993 16 0.3 17 0.6 44 1 47 0.6 48 0 52 0 61 0.9 67 0.5 85 0 
7075 5 0 15 0.5 20 0.8 34 0 40 0.4 41 0 62 1 63 0 65 0.6 85 0 
7148 15 0.5 23 0 27 0.4 64 0.7 74 0.6 76 0.3 89 1 
7170 37 0.7 39 0.3 
7406 39 0.3 41 0 45 0.6 56 0.8 58 0.6 64 0 71 0.3 78 0.9 96 0.9 
7534 48 1 54 0 73 0.4 80 1 
7575 15 0 37 0 42 1 56 0.5 58 0.9 90 0.3 
7645 2 0.6 4 0.6 9 1 17 0.7 19 0.5 44 0.6 88 0.8 
7663 38 0.4 58 0.9 69 0.5 72 0.8 
7705 30 0.3 51 0.7 54 0 66 1 95 0.7 98 0 
7918 4 0 23 0.7 31 0.5 32 0 48 0 59 0.8 67 0.6 71 0.8 93 0.5 
8235 29 0 34 0 38 0 53 0.7 60 0.4 
8453 0 0.4 1 0.7 9 0.3 21 0.5 45 0.5 47 0.4 59 0.6 82 0.7 
8761 10 0 49 0.4 62 0 
8938 18 1 
9180 8 0.5 14 0 20 0 21 0.5 26 0 31 0.7 34 0.6 93 0.9 95 0.5 
9264 1 0.3 2 0 56 0 
9565 69 0.3 
9589 13 0.9 23 0.5 50 0.9 51 0.9 54 0 72 0.7 85 0.3 89 0.6 
9638 31 0 43 0.3 78 0.5 82 0.3 83 0.4 
9924 7 1 11 0 41 0 45 0.3 72 0.3 97 0.9 
