100
27 9 0.5 20 0.6 38 1 41 0.9 46 0.9 64 0 
51 48 0.9 51 0.9 56 0 57 0.7 63 0.4 85 0 92 0 
74 19 0.3 45 0.9 52 0 56 0.9 85 0.8 
152 98 0.9 
174 15 0.8 20 0.8 52 0.7 54 0.8 55 0.4 64 0.3 72 0.8 81 0.7 91 0.7 94 0.9 
213 1 0 
878 5 0.8 10 0.6 36 0.4 47 0 49 0.6 70 1 75 0.4 79 0.5 96 0.4 99 0.4 
908 26 0.4 46 1 68 0.5 
959 13 0.3 49 0 86 0.7 
965 13 0.9 23 0 30 0.3 35 0 53 1 62 0.9 65 0 69 0 75 0.3 85 0.6 
1130 3 0.5 21 0.9 24 0.7 37 0.6 42 0.9 45 0.8 47 0.6 74 0 92 0 
1171 51 0.4 52 0.8 69 0.8 
1309 41 0 57 1 71 0.6 78 0.4 82 1 94 0.4 
1314 6 0 13 0.4 22 0.8 32 1 46 0 47 0.8 77 0.3 85 0.9 91 0.7 
1321 5 1 11 0.9 18 0.8 34 0.3 42 0.8 54 1 60 0.5 67 0.4 69 0.3 79 0 
1555 72 0.8 
1757 54 0.3 71 0.7 
1860 11 0.6 12 0.9 13 0 19 0.6 21 0.8 57 0.9 74 1 95 0.5 
1872 23 0.6 53 0 
1899 1 0.7 
1906 40 0.6 50 0 54 0.4 56 0.8 69 1 85 0.9 98 0 
2015 14 0.3 35 0.5 97 0.4 
2159 1 0.7 3 0.5 11 0 13 0 36 0 49 0.5 50 0 63 0.5 76 0 82 0.9 
2276 24 1 30 0.7 37 1 48 0 60 0 67 0.3 82 0 93 0 
2307 31 1 
2325 19 0.7 26 0.6 38 0.7 60 0 72 0 80 0.9 83 0.3 88 0.4 96 0.3 
2603 1 0.4 19 0 38 0.5 58 0.9 65 0 77 0.8 89 1 
2641 31 1 38 0.6 44 0.5 61 0.6 71 0.8 
2669 2 0.7 8 0.7 28 0.5 30 0 49 0.9 59 0.6 85 0.9 92 0 96 1 
2832 15 0.9 26 0 34 1 35 0.5 51 1 56 0 59 0.3 75 0.3 97 1 99 0.3 
2890 14 0 28 0.7 30 0.4 40 1 72 0.3 88 0.3 
2946 12 0 61 0.6 63 1 86 0.7 
2977 22 0 40 0.9 61 0.7 76 0.9 92 0.8 
2980 23 1 27 0.6 86 1 88 0 98 0 
3092 14 0.8 18 0.6 28 1 38 0.8 43 0.6 62 0.9 73 0 
3184 5 0.7 13 0 20 0.5 
3383 4 0.5 10 0.7 13 0.6 15 0.9 16 0 27 0.5 28 0.6 45 0.9 57 0.7 68 0.8 
3557 1 0.9 17 0.9 28 0 90 0.3 96 0.5 
3706 7 0.4 89 0.7 
3877 9 0.3 16 0.3 23 0.5 34 0 50 0 51 0.4 59 0 63 0 98 0.3 
4239 13 0.7 15 1 22 0.7 29 0.4 32 0.3 49 0.6 63 0.6 76 0 98 1 
4451 1 0.8 6 0.3 19 0.5 28 0.5 
4569 94 0 
4570 0 0.5 5 0.4 21 0.6 56 1 60 0.4 69 0.9 72 0.5 84 1 97 0.8 
4580 5 0.4 11 0.7 27 0.8 48 0.4 49 0 69 0.5 71 0.8 80 0.7 82 0 
4652 0 1 1 0.6 12 0 17 0 33 0.7 39 1 91 0 
4799 42 0.4 51 0.6 73 0.9 78 0 
4989 1 0.9 5 0.5 20 0.3 23 0 37 0.5 77 0.7 82 0.3 84 0.9 86 0.6 92 0 
5365 7 0.8 28 0.8 30 0.9 31 0.8 59 1 77 0 92 1 93 0.5 96 0.4 
5395 16 0.4 20 1 39 0.7 50 0 51 0 62 0.9 67 0.7 
5555 16 0.8 20 0.7 30 0.4 39 0.8 58 1 63 0.6 64 0.7 67 0 96 0.8 
5626 3 1 11 0.6 26 0.7 35 0.8 39 0.6 61 0 71 1 87 0.8 92 0 
5627 31 0.9 45 0.5 
5647 35 0.3 
5665 32 0 60 0.6 97 0.9 
5901 34 0 79 0.8 81 0.8 82 0 85 0.5 87 0.6 92 0.8 
6092 4 0.9 
6168 14 0.6 16 0.6 23 0 25 0.8 61 0.8 73 0 81 0 92 0.3 
6194 18 0.7 19 0 32 0 36 0.8 37 0.7 42 0.7 47 0.5 66 0 74 0 94 0.7 
6288 30 0.4 39 0.6 42 0.9 53 1 62 0.9 83 0.7 91 0.9 94 0.7 
6363 83 0 92 0 
6391 27 1 40 0 62 0 63 0.3 
6435 0 0.3 8 0.4 24 0.9 47 0.4 48 0.9 63 0.5 73 0.6 75 0.5 89 0.4 98 0.7 
6547 5 0.8 20 0.3 49 0.6 51 0.5 61 0.9 96 0.3 99 0.8 
6632 5 0 18 0 31 0.9 58 0.8 61 0 67 0.3 83 0 
6662 21 0.6 35 1 36 0.6 
6694 46 0.5 49 1 70 0.9 78 0.7 
6817 16 0.3 96 0.4 
6913 20 0.8 47 0.5 54 0.6 88 0 
6940 72 0 
6976 22 1 
7310 4 0.6 8 1 12 1 38 0.9 73 0 84 0.9 
7350 64 0.3 
7355 8 0 15 1 21 0.5 40 1 49 0.8 61 0.4 79 0 
7374 17 0 20 0.4 29 0.8 40 0.3 43 0.8 57 0.6 60 0.9 68 0 80 0 
7376 28 0 
7561 6 0.7 37 0.9 71 0.7 
7602 24 0.6 41 0.9 43 0.6 46 0.4 58 1 64 0 72 0.7 73 0.7 96 0 
7713 21 0 35 0 75 0.5 86 0.7 
7782 1 0.4 4 0.3 32 0.6 51 0 52 1 80 0 96 0 97 1 
7869 4 0.5 25 0.8 26 0.9 51 0.3 55 0 66 0.8 95 0.4 
7979 29 1 33 0 52 0 80 0.5 
8232 13 0 23 0.7 97 0 
8442 7 0 13 1 19 1 53 0.5 69 0 
8451 3 0.6 7 0 22 0.8 27 0.6 38 0.6 39 0.9 43 0 69 0.4 75 0.3 
8583 0 0.4 21 0.6 30 0 45 0.9 59 0.8 72 0 83 0.6 85 0.4 91 0.3 
8751 3 0.3 7 0.4 10 0 15 0.6 82 0.9 
8789 13 0.6 16 0.4 25 0.5 42 0.3 44 0.9 47 1 55 0.4 61 0.8 97 0.6 
9062 60 0.3 61 0.8 
9279 32 0 58 0.3 
9461 0 0.9 8 0.3 41 0.7 52 0.6 62 0.8 72 1 84 0.7 92 0 95 0.5 
9466 1 0 17 0.9 49 0 56 0.6 83 0.8 88 0 96 0.6 97 0 99 0.4 
9568 26 0.4 28 0.6 
9573 91 0.9 99 0.5 
9577 24 0.6 28 0.4 39 0.8 45 0.9 57 0.3 66 0.6 68 0.6 83 1 91 0.5 93 0 
9586 1 1 7 0.9 37 0.9 54 0.7 56 0.7 59 0 67 0 83 0.5 
9703 14 0 
9774 4 0.5 5 0 9 0.8 19 0.8 26 0.4 39 0.4 68 0.8 81 0.8 99 0.7 
9793 1 0.8 31 1 32 0 43 0.5 54 0 67 0 73 0 90 0.5 
9858 8 0.4 33 0 34 0.3 53 0.3 93 0 
