100
37 15 0.8 19 0 
50 16 0.9 79 0 
120 3 0.7 5 0.8 35 0.9 37 0.6 
187 52 0 61 0.8 76 0.7 98 0.9 
431 43 0 
450 15 0.6 59 0.8 60 0 73 0.7 
540 4 0.4 5 0 27 0.8 34 0.7 45 0.3 87 1 92 0.8 93 0.5 94 0.5 99 0.7 
641 10 0.9 20 0.4 21 0.6 37 0.5 46 0.6 64 0.3 72 0.7 75 0 76 0.7 97 0.4 
729 28 0.9 40 1 45 0 
774 29 0 38 1 54 0 92 0.4 
995 21 0.9 
1026 11 0.4 17 0.3 21 0.3 42 0.9 51 0.6 66 0.9 88 0 90 0 
1049 14 1 90 0.7 
1168 4 1 10 0.5 24 0.3 39 0.5 66 0.6 74 0.5 83 0 87 0 88 1 95 0.5 
1289 15 0.9 18 0.4 31 1 32 0 34 0.4 38 0 43 1 84 0.8 93 0.7 
1354 10 0 16 0 32 0.7 56 0.6 
1580 5 0.4 8 0.9 22 0.4 28 0.6 52 0 60 0 71 0.7 90 0.6 
1796 20 0 45 0 54 0 72 0.6 91 0 98 0 
1818 4 0 58 0.6 98 0.4 
1917 20 0.3 71 0.7 92 0 
1997 42 0.5 60 0.9 
2001 5 0.9 11 0.5 35 0 
2015 14 0.6 35 0 97 1 
2040 59 0.5 63 0.8 65 0.3 91 0 98 0 
2120 7 0.3 42 0 60 0 79 0 
2348 12 0.9 53 1 62 0.6 93 0.4 
2392 11 0.6 20 0.3 
2407 4 0.7 29 0.3 55 1 
2545 22 0.7 39 0.6 57 0.7 64 0.4 89 0.8 
2564 25 0.4 32 0.7 66 0.4 81 0 85 0.7 86 0.7 89 0.6 94 0.3 97 0.4 
2604 58 0.7 66 0.3 97 0.5 
2651 13 0.5 41 0.3 46 0 47 0.5 51 0.6 55 0 72 0 73 1 86 0.9 98 1 
2765 22 0 26 0 27 0 32 0 35 0 45 0.3 69 0.5 85 0 91 0 
2791 56 0.8 66 0 82 0 90 0.3 
2886 6 0.6 32 0.3 66 0.5 
3264 13 0.9 15 0 26 0.9 31 0 42 0.4 66 0.3 77 0 83 0.6 
3507 0 0 14 0.5 16 0 18 0.9 32 0.9 53 0.8 78 0.3 
3529 7 0 10 1 33 0.9 46 0.8 58 0.7 73 0.7 75 0.5 89 0 93 0 
3604 11 0 82 0.8 
3635 0 0 5 0.6 14 1 20 0.4 21 0.7 37 0.9 63 0.9 77 0.9 90 0 97 0 
3675 77 0.9 85 0.3 97 0.4 
3683 77 0.3 
3778 9 0.7 66 0.4 86 0.8 
3853 5 0 66 1 68 0.3 74 0 83 0.6 96 1 
3915 21 0.8 59 0.7 62 0.9 77 0.9 81 0.6 96 0.8 
3990 1 0 9 0 41 0.5 50 0 73 0.4 80 0.7 95 0.3 
4016 39 0.3 72 0 94 0.6 97 0.3 
4101 15 0 23 0.8 33 0.4 40 0.9 61 0.6 67 0 69 0 74 0.7 84 0.9 93 1 
4140 21 0.4 54 1 
4142 17 0 47 0.3 54 0 62 0.3 76 1 
4160 23 0.5 
4260 28 0.8 66 0.4 91 0 97 0 
4266 22 0.8 31 0.6 87 1 
4275 4 0 14 0.8 25 0 34 0 36 0.4 37 0.6 52 1 63 0.7 66 0.9 
4577 11 0.9 32 0.9 36 0.5 
4598 8 0.8 11 0.7 40 0.8 58 0.7 66 0.5 68 0.8 81 0.8 
4713 35 0.3 43 0.4 76 0.3 
5030 29 0 
5045 4 0 14 0 23 1 25 0.5 45 0.3 63 0 70 1 87 0.9 
5061 0 0.8 
5122 9 0 14 0.5 15 0.9 63 0 68 0.6 71 0.6 77 0.9 82 0 
5155 51 0.4 57 0.8 81 0.8 
5274 9 0.5 29 0.7 31 0.3 32 0.4 47 0.4 57 0.4 80 0 
5289 4 0.4 9 0 13 0.7 31 0.6 35 0.6 47 0 56 0 59 0 73 0.7 79 0.5 
5298 4 0.8 9 1 12 0 17 0 19 0 22 0.3 60 0 
5490 13 0.4 34 0.5 35 1 49 0.6 50 1 56 0.7 57 0.9 
5620 10 0.7 46 0 55 0.7 91 0.8 
5695 11 0 17 0.5 41 0 69 0 
5792 10 0 13 0.4 25 1 35 0.4 54 0.5 81 0.5 
5996 4 0 16 0.9 22 0.7 56 0.9 58 0 80 0.6 81 0.6 97 0 
6001 10 0 28 0.3 29 1 35 0.6 45 0.8 48 0.7 52 0.6 57 0.6 92 0.5 
6573 10 0.8 22 0 35 0 52 0.3 67 0.8 68 0.7 87 0.7 99 0.3 
6758 60 0 
6825 10 0.6 34 0.4 39 0.7 81 0 84 0.8 
7130 8 0.6 31 0.8 32 0.8 36 0.7 62 0.3 74 1 81 0.3 83 0 85 0.4 87 0.3 
7209 5 0.9 6 0.6 25 0 62 0.9 67 0.9 87 0.5 
7246 41 0 48 0 55 1 61 0.6 
7390 3 0.8 9 0.3 36 0.3 42 0.9 43 1 55 1 60 0.6 65 0.4 66 0.9 97 0 
7444 3 1 18 0 86 0.6 
7618 3 0 8 0.4 19 0.5 24 0.4 28 0.3 37 0.8 54 1 65 0 68 0.7 94 1 
7657 6 0 42 0 43 0 45 0.5 53 0.9 57 0 60 0.4 67 1 84 0.9 
7670 35 1 41 0 42 0 66 0.9 67 0.3 70 0.5 
7678 33 0.5 53 0 69 0.3 
7824 0 0 26 0 51 0.5 72 0 
7829 8 0.6 14 0.4 17 0.6 20 0.6 23 0 24 0.3 30 0 51 1 82 0.9 95 0.8 
7939 1 0 3 0.8 9 0.8 29 0.7 45 0.6 53 0 62 0.5 82 0.4 96 0 
7964 19 1 48 0.8 62 0.9 70 0.5 92 0 98 0.6 
8416 9 1 14 0 80 0 
8634 2 0 5 0 8 0 10 0 29 0 68 0 
8718 21 0.9 33 0.6 37 0.8 39 0.6 60 0.3 86 0 
8918 2 0.7 6 0.6 10 0.8 17 0 19 0.7 40 0 64 0.6 79 0 89 0.5 91 0.8 
8973 24 0.9 59 0.8 64 0.6 73 0.3 79 0 98 0 
9042 58 0.3 76 0 
9050 16 0.8 25 0.9 33 0 64 0.7 67 0 98 0 
9129 14 0.6 16 1 18 0.9 42 0.4 86 0 87 0.8 
9239 4 0.8 23 0.8 24 0.4 38 0.3 54 0.4 75 0.9 83 1 98 0 
9323 14 0.8 68 1 
9326 2 0.6 55 0.5 60 0.4 65 0 73 0.4 
9687 33 0 39 0.8 56 0.8 57 0 58 0 70 0.5 86 0.5 90 0.5 94 0.4 
9825 0 0.9 3 0 22 0 67 0.7 75 1 82 0.4 86 0.5 
