100
68 60 0 86 0.4 95 0.6 
83 5 0.6 8 0.7 13 1 21 0.4 37 0.5 42 0 55 0.5 60 0.8 85 0.4 
212 20 0 22 0.5 90 1 93 1 
219 18 0.4 38 0.7 
288 34 0 35 0.5 38 0 58 0 67 0 71 0.9 
329 1 0.7 
382 4 0.5 17 0 28 0.5 30 0.3 44 0.3 55 1 87 0.8 99 0 
419 29 0 35 0 51 0.3 
436 37 0 55 0.7 72 0.3 
486 51 0 54 0.4 
509 39 0.4 42 0 91 0.7 92 0.4 
777 20 0.5 27 0.9 48 0.8 52 0 58 0.4 69 0.8 72 0 75 0.6 98 0 
909 22 0.6 23 0.4 37 0 60 0.9 
1038 13 0 38 0 74 0.5 83 0.4 
1059 1 0.3 11 0 15 0 24 0 64 0 80 0 
1208 4 0 6 0.5 14 0 16 0 26 0 41 1 52 0 53 0 56 0.4 68 0.9 
1222 10 0.7 13 0.3 15 0 
1244 7 0.9 25 0 40 0 55 0.3 72 0.7 81 0 82 1 87 0.3 90 0 
1591 23 0.6 27 0.9 34 0.3 44 1 52 0 58 0 63 0.3 65 0.4 70 0.7 94 0.5 
1690 1 0.8 11 1 
1795 35 0 43 0.3 63 0.9 91 0.5 
1827 0 0 35 0.3 57 0.7 
1862 0 0 16 0 44 0.3 84 1 
1880 6 0 45 0.6 98 0.5 
2000 13 0 21 0.5 42 0.3 43 0.4 47 0.9 53 0 59 0.4 85 0.7 94 0.3 
2044 19 0 26 0.6 63 0.7 71 0.7 90 0.8 
2107 5 0.6 16 0.5 29 0 37 0.6 53 0.7 55 0.4 70 0.7 75 0.3 
2145 20 0.6 41 0.7 49 0.3 73 0 81 0.6 
2342 10 0.9 19 0.7 24 0.6 35 0.3 58 0.3 63 0.9 89 0 
2405 47 0.7 
2471 13 0 22 0.5 24 0.3 62 0 77 0 88 0.6 94 0 
2504 34 0.8 70 0.3 
2588 26 0.8 32 0.3 39 0.5 42 0.8 69 0.6 
2608 36 0.6 50 0.7 59 0.7 66 0.4 77 0.5 79 0.7 84 0.7 87 0 
2911 10 0.9 56 0 74 0.5 83 0 
2939 7 0 28 0.3 35 0.4 39 0.4 53 0 71 0.7 74 0.4 
3075 63 0 65 0.6 89 0.8 91 0.5 98 0.3 
3088 37 0 58 0.9 88 0.5 
3164 22 0.8 29 0.8 59 0.3 67 0.6 68 0.8 74 0.5 85 0.3 
3186 9 0.7 23 1 46 0 51 0 54 0.3 96 0.6 
3354 0 0.6 8 0.9 20 0.7 21 0.3 33 0 46 0 52 0.5 55 0.9 
3397 13 1 19 0.7 21 0.8 26 0 33 1 36 0 52 0.5 62 0.8 68 0.5 
3414 1 0.8 9 1 25 0.8 28 0.9 36 1 56 0.5 69 0.8 86 0.9 
3415 13 0 14 0.9 37 0.3 68 0.6 78 0.9 82 0 
3488 3 0.9 43 1 44 0.6 
3580 21 0.3 23 0.3 24 0.5 27 0.4 37 0.6 48 0.8 70 0.8 77 0 88 0.7 
3584 0 0 5 0.8 10 0.5 51 0.5 55 0.6 57 0.3 75 0.7 83 0 93 0.6 96 0.4 
3699 24 0.4 
3723 3 0 7 0 14 0.9 36 0.3 49 0.7 59 0.7 63 0 66 0 69 0.6 
3891 22 0.3 27 0 46 0.7 49 0.5 63 0.3 
3907 1 0.9 33 0.7 36 0.4 39 0.8 55 0.5 81 0.5 
3977 6 0.7 17 0 20 0 27 0 30 0.5 34 0.7 37 0.8 38 0.5 45 0.9 81 0.5 
4110 16 0.5 18 0.3 30 0.6 37 0.7 60 0 63 0.6 76 1 79 0.7 
4179 8 0.6 42 0.8 90 0 93 0 99 0.8 
4197 1 0.8 5 0.8 25 0 48 0.4 52 0.8 83 0 91 0.9 94 0 
4319 88 1 
4380 11 0.7 46 0.6 53 0.9 55 0.3 65 0 69 0 73 0.4 81 0 88 1 
4441 7 0.9 10 0.4 16 0.6 30 0 41 0.3 42 0 49 1 78 0 86 1 90 0.7 
4532 22 0 29 0.3 34 0 35 0.4 36 0 44 0.4 
4843 9 0 50 0 64 0.9 
4897 0 1 26 1 53 0.3 63 0.9 70 0 82 0.4 89 0.7 90 0.5 
4941 27 0.3 36 0 
5095 60 0.3 63 0.7 69 0.6 86 0.5 95 0.4 
5103 1 1 6 0 43 0 46 0.5 71 1 73 0.6 
5204 33 0.7 44 0.5 51 0.9 55 0.9 67 0 75 0 90 0.3 96 1 98 0 
5474 7 0 8 0.8 23 0 42 0.4 45 1 54 0.7 87 0.4 
5566 7 0.8 81 0 82 0.7 
5893 48 1 
5979 9 1 56 0.7 76 0 
6172 11 0.6 27 1 71 0 75 0.4 
6352 1 0.5 31 1 47 0.3 
6553 40 0.7 55 0.9 81 0.7 
6564 7 0 23 0.5 87 0.6 
6589 1 0.4 17 0.7 34 0.7 65 0 80 0.3 89 0.5 
6642 2 0.7 6 0.7 11 0.8 12 0.9 14 0.5 19 0 43 0.3 63 1 97 0.3 
6759 53 0.5 82 0.9 83 0 94 0.9 95 0 
6778 2 0.6 3 0.6 15 0 17 0.4 28 0 34 0.6 48 0.4 65 0 70 0.6 95 0 
6962 4 0 18 0.5 24 0 41 0.5 76 0.6 
7116 33 0.3 56 1 57 0.6 66 0.4 80 0.4 98 0.8 
7326 19 0.9 20 0.5 30 0.5 32 0.8 33 0 51 0.4 55 0.9 78 0 97 0.7 99 0 
7412 0 0.5 32 0.5 46 0 52 0.3 65 0.8 80 0.3 88 0.5 89 0.4 97 0.5 98 1 
7499 28 0.4 
7561 6 0.9 37 0.4 71 0.7 
7660 1 0.9 5 0 30 0.5 35 0 41 1 
7666 4 0 12 0.4 57 0.4 
7678 33 0.6 53 0 69 0.8 
8077 11 0 40 0.8 49 0.3 57 0.4 69 0.6 71 0.6 74 0.6 
8143 7 0 18 0.4 33 0.5 34 0.3 56 0 58 0.9 80 0.5 
8190 8 0.8 18 0 33 0.5 43 0.5 45 0.4 73 0.6 93 0 
8465 20 0 34 0 40 0.6 71 0 97 0 98 0 
8492 10 0.8 19 0.9 30 0.4 34 0 46 0 57 0.6 80 0.9 83 1 84 0.4 93 1 
8894 61 0.5 65 0 78 0 
8934 2 0.9 13 0.9 15 1 25 0 49 0 
8971 10 0.5 13 0.7 64 0.6 76 0.3 86 0.6 99 0.5 
9092 1 0.9 5 0 33 0.5 49 0.3 50 0.4 63 0.8 71 0 
9389 0 1 37 0.8 41 0.5 58 0.7 63 0 69 0.8 84 0.4 
9487 22 0.3 30 0.6 37 0.6 43 0 53 0.4 58 0.5 79 0.3 
9662 9 1 24 0.4 36 0.6 43 0.9 60 0.4 74 0.8 75 0.3 84 0 97 0.8 
9722 0 0 18 0 58 0 61 0 63 0.8 73 0 91 0 
9782 5 0.6 13 0.3 22 0.9 45 0.5 51 1 53 0.6 56 0.7 73 0.6 81 0.3 92 0.7 
