100
66 27 0 32 0.8 55 0.5 81 0 
161 9 0.9 21 0 36 0.7 66 0.3 94 0.7 
170 3 0.4 18 0.9 19 0.6 75 0.5 
242 39 0.5 56 0.5 74 0 80 1 99 0.4 
376 17 0.3 28 0.5 45 0.3 82 0.6 
379 0 0.6 9 0.9 21 1 34 0.9 53 0 66 0.6 83 0.3 
578 5 0.4 6 0 10 0.6 57 0 63 0.8 66 0.4 85 0.9 90 0.5 94 0 
617 10 1 18 0 32 0 33 0.7 46 0.3 95 0.6 
653 0 0 2 1 47 0.3 
663 16 0.7 41 0.8 61 0.3 
824 17 0 36 0.4 59 0.3 
865 33 0.5 35 0 53 1 
974 1 0.4 29 0 44 0.6 45 0.9 60 1 75 0 80 0 
980 0 0.6 20 0 57 1 58 0.7 69 0.5 78 0 94 0.5 98 0.9 
986 5 0 14 0.6 27 0 37 0.4 53 0.5 66 0.3 83 0.8 84 1 
1002 29 0 48 0 54 1 63 0.5 93 0.6 
1032 8 0.9 11 0.8 35 0.4 38 0 41 0 49 0 59 0.3 73 0 85 0.6 86 0.3 
1083 9 0 11 0.3 50 1 53 0 74 0.7 82 0 99 1 
1291 14 0.9 
1323 0 0.7 20 0.8 52 0 83 0.5 94 1 
1418 8 1 19 0.7 22 0.6 38 0.5 65 0.9 72 0 80 0 88 0.4 98 0.5 
1532 34 0 83 0 
1572 10 0 41 0.8 61 0.8 63 0.5 64 0.3 
1670 10 0.8 65 0 82 0.6 
1756 11 1 42 0.5 52 0.9 60 0.8 80 0.6 89 0 93 1 98 1 
1843 6 0.6 10 1 12 0 19 1 31 0.9 44 0 46 0.9 48 0.7 74 1 93 0 
2011 11 0.8 44 0.6 87 0.3 93 0 
2099 16 0.7 48 0.9 55 0.7 57 0.9 74 0.4 90 1 
2130 24 1 34 0.3 39 0.8 
2186 13 0 15 0.7 45 0.6 58 0 94 0 99 0.3 
2227 36 0 66 0.9 68 0.6 93 0.8 
2313 14 0.5 44 0 50 0.8 56 0.7 57 0.6 61 1 63 0 84 0.6 92 0.7 97 1 
2446 72 0.5 
2457 9 0 44 0 87 0.3 
2480 43 0.3 
2491 33 0 56 0 61 0.3 67 0.7 72 0.5 78 1 
2642 53 0.8 92 0.8 
2676 0 0.9 24 0.7 44 0.5 51 0.3 63 0.3 81 0 84 1 87 0.3 94 0 
2720 55 0.8 86 0.9 
2841 90 0 
2952 32 0 50 0 51 1 55 0.9 67 0.3 68 0.8 94 0 
2988 84 0.3 
3110 22 0.8 
3206 0 0 15 1 44 0.4 48 0.9 53 0 75 0.7 76 0.3 77 0 
3223 8 1 12 0.5 19 0.7 
3230 25 0.5 59 0.4 82 0.8 
3261 2 0 14 0.4 26 0.8 36 0.3 57 0.8 94 0.8 96 0.7 
3365 12 0.5 19 1 26 0 71 0 79 0.3 80 0.8 
3479 4 0.4 15 0.5 49 0.3 87 0 
3515 6 0.5 21 0.4 59 0.8 68 0 
3772 10 0 28 0.3 43 0 
3919 12 0.6 14 1 15 0.3 23 0.9 36 0.4 54 0 93 1 94 0 97 0.8 
3922 20 0.6 65 0.9 
4017 3 0.8 29 0 34 0.5 37 0.7 47 0 50 0 56 0 65 0.6 78 0.8 
4141 17 0.7 
4371 3 0.5 11 0 12 0.8 35 0 42 0.3 92 0.9 
4436 8 0.3 17 0 28 0.3 34 0.5 52 0.9 53 0.7 60 0 62 0.8 90 0.8 
4494 1 0.7 7 0.8 9 0 12 0.7 17 0.7 26 0 29 0 36 0.9 46 1 67 0.7 
4507 14 1 17 0.6 18 0.9 19 0 20 0.4 31 0 40 0.8 59 0.8 62 0 81 0.9 
4701 2 1 48 0 
5175 38 0 40 0 67 0 83 0.4 89 0.5 91 0.6 
5251 16 0 29 0.8 67 0.4 
5591 18 0.5 30 0.9 39 0.8 46 0.5 53 1 74 0.3 83 0.7 94 0.3 
5613 52 0.8 
5649 6 0.8 13 0.9 19 0 33 0 38 0 40 1 52 0.6 53 0 78 0.7 94 0 
5665 32 1 60 0 97 0.4 
5809 5 1 11 0 16 0.9 24 0.7 61 0.8 74 0 77 0.7 82 0 89 0 
5964 2 0.9 38 0.3 49 0.4 59 0 
6093 13 1 28 0.7 48 0 50 0.3 61 0.4 80 0.5 89 0.7 
6297 4 0 10 0.4 23 0.8 26 0 36 0.8 47 0 56 0.5 72 0.5 84 0.4 91 0 
6426 81 0.4 94 0.8 
6503 7 0.8 25 0 47 0 48 0.9 61 0.3 78 0.3 86 0.7 89 0.6 96 0.9 98 0.9 
6549 87 0 96 0 
6653 25 0 77 0 80 0.9 
6749 0 0.3 8 1 16 0.3 25 0.8 28 0.4 45 0.3 52 1 56 0.6 
6945 0 0.8 2 1 8 0 21 0.3 79 0.3 95 0.5 
6993 16 0 17 0.8 44 0.8 47 0.4 48 0.8 52 0.6 61 0.8 67 0.4 85 0.7 
7137 5 0.3 9 0 13 0.3 19 0.9 47 0.3 54 0 80 0.8 
7263 2 0 21 0.5 25 1 29 0.6 47 0.4 66 1 76 0.5 98 0.5 
7304 6 1 26 0 88 0 98 0.9 
7308 10 0 27 0.6 34 1 39 0 43 0.9 65 0.5 74 0 76 0.7 99 0.5 
7342 29 0 47 0.7 75 1 91 0.6 
7413 43 0.5 75 0.7 
7550 31 0 
7661 44 0 74 0.3 81 0.5 
7817 6 0.3 16 0.9 21 0 23 0.8 34 0.8 49 0.7 59 0 73 0 84 1 86 0.5 
7851 13 0.5 57 0.3 99 0 
8309 7 0.3 19 1 43 0 48 0.5 49 0 65 0 75 0.7 83 0.4 95 0.4 
8392 60 0.4 
8589 27 0 
8637 36 0 47 0.9 56 0.4 
8723 65 0.7 
8726 29 0.9 51 0 87 0 
8769 9 0.4 12 0.4 21 0.7 32 0.3 52 0.8 66 0.6 75 0.4 
9182 31 0 42 1 53 0 59 0.3 67 1 68 0.9 85 0.3 99 1 
9462 88 0.9 
9499 34 0.6 
9589 13 1 23 0 50 0 51 0.6 54 0.6 72 0 85 0.3 89 0.8 
9840 2 0.7 3 1 21 0.3 34 0.6 62 0.9 66 1 70 0.8 74 0.6 78 0.6 93 0.6 
9993 9 0.9 15 0 18 0.9 27 0 34 0.5 37 0.9 59 0 70 0.8 99 0 
