100
45 12 0 49 0.6 
94 5 1 14 0.5 22 0.8 59 0 85 1 90 0 
95 33 0 45 0 52 0.8 66 0.6 83 0.7 90 1 
149 65 0.7 88 0.4 92 0.9 
218 9 0.6 13 0.8 34 0 43 0.9 54 0 59 0 60 0.6 94 0.9 95 0 
295 12 0.9 41 0.4 48 0.4 
323 3 0.4 14 1 20 0.7 48 0 72 1 
357 14 0.7 49 0.6 54 0 70 0.7 73 0.3 81 0.9 
564 10 1 11 0.4 22 0.8 49 0.3 53 0.6 65 0.6 87 0 89 0.8 94 0.3 
596 14 0 16 0.9 17 0.4 41 1 54 0 77 0.9 78 0.7 
643 21 0 79 0.4 
686 2 0.9 15 0 27 0 31 0.9 35 0 71 0.6 78 0.8 
720 0 0 2 1 6 0.3 38 0 50 0.7 71 0 93 1 99 0.5 
794 12 0.8 
849 16 0.8 
858 10 0.8 21 0.3 37 0.9 40 0.5 54 0.9 57 0.8 71 0.6 
916 19 0.3 38 0.3 56 0.6 67 0.7 
983 6 0 13 0 18 0 31 0 55 0.7 
1274 11 0.7 37 0.7 49 1 59 0 69 0.6 84 0 93 0 
1275 3 0.6 19 0.3 21 1 30 0.7 33 0.3 49 0.6 60 0 83 0.3 95 1 
1302 17 0 28 0.8 42 0.6 61 0 79 0.3 
1402 1 0 14 0.8 28 1 33 0 37 0.8 42 0.9 55 0 57 0.9 80 0 94 0.6 
1523 14 0.6 58 0.4 70 0.6 99 0.5 
1591 23 0.3 27 0.3 34 0.8 44 0.4 52 0.4 58 0.3 63 0.3 65 0.8 70 0.6 94 1 
1731 14 0.3 57 0.3 88 0 
1822 8 0.6 9 0.5 15 0.3 33 0.9 35 0.3 59 0 63 0.7 76 0 94 0 
1969 4 0.9 73 0 82 0.3 
1981 28 1 29 0.3 53 0 60 0.4 85 0.4 88 1 99 1 
1985 5 0 16 0.8 43 0 49 0.5 67 0.6 98 0.5 
2076 5 0.5 6 0 25 0 30 0.5 38 0 43 0.6 77 0 90 0.9 94 0 
2096 0 0.7 2 0.6 25 0 41 0.5 52 0.9 82 0.3 92 0.4 98 0.6 
2119 42 0.6 53 0 98 0.7 
2172 19 0.5 32 1 37 0.9 83 0.9 89 0 92 0 
2202 47 0.5 
2215 61 1 
2304 0 0.3 14 0.8 22 0.9 30 0 48 0.3 55 0.3 92 0.9 97 0.8 
2510 12 0.5 32 0.5 55 0 60 0 65 0.5 79 0.4 85 0.5 87 0 99 0 
2587 16 0.4 52 0.5 59 0.6 
2706 16 0.9 
2836 10 0.7 69 0.6 75 0.6 93 0 
2946 12 0.6 61 0 63 0.9 86 0 
2950 2 0 7 0.7 11 0.3 19 0.3 49 0 57 0.8 68 1 73 0 83 0 85 0 
2994 31 1 36 0 55 0.8 
3003 2 0.7 
3046 9 0 12 0.3 22 0.9 95 0.7 
3227 1 1 21 0 29 0.9 52 0.3 53 0.9 76 0 
3410 8 0 51 0 70 0.5 89 0.4 90 0 
3612 4 0.5 81 0 
3616 35 0.7 39 0 41 0.8 48 0.3 83 0.9 86 0 91 0 
3877 9 0.4 16 0 23 0.9 34 0.4 50 0.8 51 0 59 0.5 63 0.5 98 0.3 
3970 46 0.3 53 0.5 
4099 14 0 16 0.9 33 1 34 0 38 0.4 62 0.6 63 0 69 0.6 89 0.6 
4151 9 0 45 0.4 
4192 7 0.8 22 0.9 23 0.5 38 0.4 40 0 51 0 55 0.9 71 0.7 
4315 11 0.9 17 0.9 34 0.6 49 0.6 79 0.7 
4567 47 0.8 
4575 10 0.9 21 0.3 29 0.7 41 0.3 65 0.7 85 0.3 
4648 7 0 13 0 16 0.6 23 0.6 45 0.8 53 0 73 0 
4895 41 0.8 46 0.6 59 0 78 0 79 0 83 0.7 84 0.8 95 0.9 99 0.9 
5068 6 0.9 18 0.7 46 0.7 48 0.3 55 0.9 67 0.9 82 0.5 92 0.4 97 0.7 98 1 
5360 4 0.6 15 1 23 0.3 28 0.4 31 0 40 0 48 0.9 60 0.4 71 0.8 99 1 
5374 2 0.7 
5381 6 0.7 8 0.8 17 0.7 40 0.8 44 0.5 71 0.6 88 0 
5442 48 0 
5456 40 1 86 0.5 90 0.3 98 0.6 
5539 54 0.3 70 0.3 75 0 
5845 15 0.8 17 1 69 0.9 78 0.4 
6197 18 0.8 20 0 32 1 39 0.3 56 0 71 0.4 82 0 
6198 32 0 36 0.3 51 0 84 0.7 
6214 12 0.9 34 0 56 0.4 69 0 71 0 
6521 14 0.7 35 1 87 0 88 0.3 90 0.3 
6532 6 0.4 38 0.8 62 0 69 0.9 70 0.3 71 1 76 0.3 80 0.7 84 0.6 
6670 9 0 12 0.3 
6863 19 0 46 0.6 76 0.6 84 0 
6890 8 0 22 1 23 0.4 43 0.8 61 0.8 68 1 97 0.4 
7120 8 1 40 0 45 0.5 62 0.3 93 0.9 
7165 10 0.9 15 0.9 25 0.6 43 0 46 0.3 48 0.8 64 0.4 75 0 
7226 22 0 46 0.4 60 0.4 69 0 
7381 2 0 14 0.8 21 1 93 0.4 95 0.7 
7432 62 0.6 
8053 2 0 15 0.9 62 0 
8059 6 0.9 16 0.6 26 0 29 0.8 39 0.5 41 0.9 46 0.8 59 1 85 0.9 
8165 8 0 16 0.8 59 0.7 75 0.3 
8277 7 0 9 0.7 61 1 76 0.4 83 0 
8748 4 0.5 10 0.4 39 0 71 0.4 73 0 87 0 91 1 94 0.6 
8751 3 0.3 7 0.5 10 0 15 0.5 82 0.7 
8778 20 0.8 22 0.9 25 0.5 31 0.6 34 0.5 54 0.6 59 0 72 0.5 
8889 14 0.4 15 0.8 24 0 29 0.8 42 0.6 56 0.9 68 0.9 71 0 86 0.5 89 0 
8919 34 0.3 58 0.6 86 0.3 
8988 2 0.6 5 0 15 0 31 0.5 36 0.5 41 0 46 0 66 0.4 72 0.3 
9001 0 0.8 6 0.6 28 1 40 1 53 0.4 67 0.9 68 0 69 0 83 1 
9090 1 0.3 22 0.7 27 0.3 60 1 67 0 85 0 90 1 93 0.5 96 0.7 
9128 52 0.9 
9323 14 0.8 68 0 
9472 12 0.3 27 0 38 0.5 40 0.8 43 0.9 71 0 
9563 7 0.9 57 0.5 
9725 2 0.9 67 0 79 1 84 0.5 97 0.6 
9778 6 0.6 15 0 26 0.9 32 0.6 49 0.3 64 0.9 81 0.8 89 0.4 92 0.5 
9904 24 0.9 73 0 
9956 0 0 18 0.7 24 0 31 0.9 33 0 45 0 77 0.9 
