100
17 6 0.5 15 0 62 0 85 0 
21 31 0.6 71 0.8 74 0.4 93 0 94 1 96 0 
83 5 0.5 8 0.3 13 0.9 21 0.4 37 0.8 42 0.9 55 1 60 0.3 85 0 
135 52 0 57 0.4 66 0.3 88 0.8 93 0.9 
138 9 0.3 31 0.4 70 0 94 0.6 
260 4 0.8 13 0.6 16 0.6 21 0.5 28 0.8 47 0.8 51 0.3 89 0.4 91 1 92 0.7 
264 8 0 13 0 37 0.9 46 0 60 0.7 74 0 82 0.3 
331 18 0 21 0 28 0.7 52 0.7 57 0.4 61 0.9 84 0.9 95 0.8 
439 24 0.5 61 0.8 65 0.3 
462 4 0.8 11 0.5 28 0 35 0.7 47 0.6 63 0.9 87 0.9 
543 12 1 31 1 42 0.9 56 0.8 65 0.4 80 0.6 
569 20 0 
578 5 0.7 6 0.9 10 1 57 1 63 0.8 66 0.3 85 0.5 90 0.3 94 0.5 
600 1 0 22 0.7 43 0 56 0.6 
601 6 0.6 11 1 26 0.9 28 0 67 0 77 0 88 0.4 90 0.8 97 0.8 
605 2 0.8 16 1 27 0.3 61 0.9 95 0 97 0 
835 5 0.8 96 0.6 
839 0 0 4 0 21 0.4 23 0.6 27 0.6 77 0.3 87 0.5 
1006 34 0.3 36 0.4 54 0.3 90 0.7 
1242 17 0.6 25 0 28 0 33 0 34 0 36 0.6 48 0 71 0.6 74 0 82 0.7 
1247 7 0.6 12 0.6 26 0.5 43 0.9 54 0.8 70 0.6 72 0.4 88 0.5 
1339 17 0 52 0.6 
1439 51 0.4 58 0.7 65 0.9 73 0 80 0.4 86 0.3 90 0 
1496 0 0 17 0.6 23 0.8 29 0 
1576 18 0 28 0 32 0.6 48 0.7 58 0.4 60 0.8 99 0.5 
1730 16 0.9 52 0 94 0.8 
1868 8 0.3 14 0 16 0.3 35 0.6 48 0 64 0 94 0.9 
2045 1 0.5 6 0 20 0.8 22 0.8 46 0 49 0.5 56 1 61 0.5 98 0.6 
2078 5 0.5 67 0.7 75 0.5 98 0 
2092 11 0.5 15 0.6 39 1 51 0.3 67 0.3 70 0.4 
2104 9 0.7 13 0.5 14 0.3 40 1 63 0.8 68 0.7 85 0.6 93 0.5 
2173 28 0.8 36 0.4 71 0.7 98 0.8 
2363 4 0 13 0.9 18 0.5 47 0.9 50 0 59 0.9 74 0.5 78 0 84 0.5 96 0.9 
2394 13 0 19 0 77 0.4 
2410 10 0.4 14 0 51 0.9 
2461 2 1 5 0 18 0.9 22 0.3 24 0 42 0 55 0.7 58 0 79 0 92 0 
2462 6 0 7 0 17 0.9 19 0 46 0.9 57 0.9 65 0.4 69 0.3 78 0 86 0.6 
2543 1 0.9 3 0.6 21 0 29 0 34 0.6 72 0 75 0.3 79 0.6 89 0.4 
2602 80 0 
2612 55 0.6 
2677 9 0.5 12 0.6 15 1 31 0.4 32 0.7 51 0.7 57 0 59 0 61 0.5 66 0.7 
2708 0 0 18 0.5 37 0.7 39 0 48 0.9 58 0 88 0.3 99 0.7 
2865 13 0 32 0.7 40 0.8 54 0 65 0 93 0 
2879 18 0.3 71 0 
2903 17 0.6 
2946 12 0.7 61 0.7 63 0.5 86 0 
2948 19 0.6 45 0.3 48 0.4 54 0.4 61 0.3 72 1 79 0.7 
2954 9 0.4 51 0 59 1 
3183 8 0.3 14 0.9 21 0 40 0.6 43 1 51 0.7 71 0 92 0.6 
3320 26 0.3 
3680 92 0.8 
3796 10 0.6 11 0.9 16 0 20 0 81 0.7 
3844 9 0.6 23 0.7 24 0 32 0.8 37 0.5 47 0.8 60 0.7 97 0.5 
3990 1 0.9 9 0 41 0.6 50 0.7 73 0.6 80 1 95 0.8 
4047 4 0.4 9 0.9 15 0 25 0 33 0.7 68 0.9 70 0 79 0 86 0.6 87 1 
4183 7 0 41 0.3 63 0.3 77 0 83 0.6 96 0.3 
4403 20 0.8 68 0 72 0.4 75 0.5 77 0.6 90 0.9 
4484 26 0.6 
4913 16 0.7 37 0.4 43 0 52 0.7 56 0.6 70 0 75 0 
4966 22 0 27 0.7 31 0.3 37 0.3 72 0.4 77 0.5 80 0.7 81 0 88 0.5 99 0 
5046 42 0.3 
5102 5 0.6 24 0.7 32 0.9 41 0.5 63 0.6 86 0.8 94 0.5 
5241 13 0.6 34 0.3 41 0 
5479 29 0 30 0.6 39 0.3 47 0.5 51 0 90 0.6 94 0 
5486 13 0.3 20 0.4 41 0 71 0 92 1 
5574 3 0.9 18 0.5 20 0.6 38 0.6 48 0.5 61 0 63 0.5 90 0.3 
5604 10 0.9 20 0.4 33 0 43 0 64 0 71 0.3 91 0 94 0.3 
5805 24 0.4 41 0.7 43 0.5 62 0.7 66 0 
5956 27 0.8 
6332 9 0.8 26 0.3 45 0.6 50 0.7 
6407 8 0.8 13 0.5 26 0.8 28 0.7 36 0.6 40 1 46 0.6 69 0.3 
6488 15 0 24 0 28 0.7 45 1 48 1 59 0 77 1 79 0 89 0 99 0.9 
6522 0 0 30 0.4 77 0 83 0.9 88 0.5 
6527 13 0.5 24 0 57 0 58 0.8 67 0.5 72 0.8 78 1 87 0.6 
6663 2 0.3 39 0 
6894 19 0.7 21 0.3 22 0.3 34 0.3 51 0.5 
6934 6 0 17 0 71 0.8 
7036 14 0.7 97 0 
7087 0 0 8 0.6 70 0.3 88 0 99 0 
7279 9 0 14 0.3 29 0 58 1 83 1 88 1 
7314 2 0 9 0.4 35 0.7 57 0.8 92 0 95 0.7 
7406 39 0.6 41 0.7 45 0 56 1 58 0.4 64 0.9 71 0.6 78 0.4 96 0 
7542 25 0 37 0.4 40 0 82 0.8 86 0.6 
7567 9 0.7 28 0 30 0.6 34 0.9 44 0.9 55 0.7 78 0 85 0 98 0.3 
8163 1 0.5 17 1 33 0 96 1 
8423 38 0.7 81 0 97 0 98 0.4 
8526 10 0.4 11 0.8 34 0 36 1 59 1 85 0 93 0.9 
8604 67 0.7 70 0.9 73 0 85 0.9 86 0.4 91 0 99 1 
8696 54 0.7 67 0.6 
8818 29 0.5 95 0.5 
8977 16 0.8 46 0.6 47 0.7 55 0.9 59 0 64 0.4 76 0 78 0.5 94 0.5 
9058 6 0.3 16 0.8 19 0.8 36 0.7 50 0 57 0.8 59 0.9 67 0.6 99 0.5 
9083 2 1 7 0.5 50 0.3 64 1 90 1 
9086 25 0.5 28 0.8 40 0.8 51 0 72 0 84 0.4 95 0.3 
9332 2 0 7 0.4 11 0 14 0.3 18 0 42 0.4 54 0.6 67 0.3 89 0 99 0.8 
9386 12 0.3 51 0.6 63 0 80 0.8 
9389 0 0.8 37 0 41 0.8 58 0.9 63 0 69 0 84 0.3 
9563 7 0 57 0.5 
9717 25 0.4 38 0.4 44 0.5 53 0 61 0.3 67 0.3 72 0 85 0.6 91 0.8 96 0.6 
9882 35 0 40 0.9 42 0.4 67 0.8 68 0.6 72 0 93 0.9 
