100
4 2 0.9 7 0.4 18 0 22 0 30 0.7 36 0.9 57 0.3 68 0.5 
63 0 0.9 8 0.5 17 1 20 0.6 49 0.5 73 0 95 0.4 97 0.3 
103 41 0 68 0.3 73 0.8 90 0.6 91 0 93 0.9 
320 24 0 30 1 40 0 94 0.7 
511 26 0.3 43 0.9 47 0.8 50 0 58 0.3 
573 4 0.5 13 1 37 0.7 
615 18 0.9 34 0.4 51 0.8 63 0.3 79 0.4 85 0.3 
620 36 0 
823 94 0.7 
947 2 0.8 17 0.5 40 0.4 44 0 66 0 69 0.3 70 0.9 74 0 79 0.6 
1020 0 0.6 2 0 6 0.5 8 0.9 27 0.4 68 0.3 75 0.4 97 0.9 
1104 6 0.7 17 0.9 54 0 95 0 
1234 46 0 54 0.9 96 0 
1268 6 0 25 0.9 34 0.3 71 0.6 79 0.6 86 0.6 
1382 31 0 64 0.9 67 1 79 0.8 
1406 4 0 16 0.8 33 0.7 37 0 47 0 51 0.6 65 0.8 90 0.4 97 0.6 
1423 2 0.7 5 0.5 22 1 38 0.9 76 0 84 0.9 
1515 10 0.7 17 0.8 26 0 28 0.3 38 0 58 0 62 0 67 0 72 0 88 0.5 
1597 56 0.6 85 0 93 0.3 
1614 32 0.8 37 0.7 43 0 65 0 84 0.3 86 0.7 92 0.6 
1794 1 0 19 0.5 22 0.7 58 0.8 
1937 10 0.3 24 0.6 67 0 73 0.4 80 0.8 
2039 4 0 11 0.6 28 0.8 29 0.4 59 0.6 62 0 71 0 73 0.9 
2112 23 0.9 37 0.6 44 0.7 63 0 94 0.9 95 0.8 97 0.4 
2237 55 0.7 82 0 92 0.4 
2373 38 0.7 
2487 25 0 44 0 56 0.7 65 0 67 0.6 68 0 75 0.8 95 0 99 0.4 
2618 8 0.9 
2696 14 0.9 24 0.4 31 1 40 0 94 0 
2704 19 0 23 0 31 0 39 0.6 43 0.9 69 1 71 0 78 0.8 79 0.9 
2713 9 0.4 13 0 41 0.9 89 0.3 
2805 2 0 6 0.4 46 0.5 51 0.9 53 0 82 0 93 1 97 0 
2841 90 1 
2890 14 0.5 28 0.6 30 0.7 40 0.5 72 0.9 88 0.9 
3179 45 1 
3236 4 0 41 0.7 
3251 2 1 14 0.7 17 0 33 0.8 37 0 45 0.8 46 0.8 63 0.4 89 0.4 
3423 9 0 16 0.7 65 0.9 77 0 93 0.9 
3615 14 0.5 17 0.7 26 0.3 27 0.7 36 0.5 68 0 
3628 11 0 34 0 40 0.4 43 0.4 53 0.3 63 0 77 0.8 81 0 82 0.7 97 0.9 
3716 5 0.3 9 0.5 20 0.6 70 0.7 72 0 98 0 
3729 26 0.4 40 0.8 80 0.7 
3767 2 1 15 0.7 
3779 39 0.7 79 1 
3815 4 0 9 1 19 0 20 0.4 46 1 64 0 86 0.5 
3981 20 0 23 1 86 0 95 0.5 
4000 34 0.7 51 0.6 
4022 9 0.8 41 0 63 0.6 92 0.7 97 0.3 
4151 9 0.8 45 0 
4277 14 0 17 0.4 26 0 34 0.3 82 0.8 
4312 2 0.9 17 0 45 0.6 59 0.6 74 0.3 82 1 87 0.8 88 0.4 
4321 19 0 33 0 67 0 73 0.9 
4366 11 0.6 64 0.4 73 0.5 
4427 15 0.4 16 0.4 20 0.3 22 0 27 0 34 0 77 1 86 1 
4468 9 0.8 92 0.4 99 0 
4754 1 1 12 0 
4915 61 0.7 
5155 51 0.9 57 0 81 0.5 
5363 12 1 22 0.7 57 1 61 0.4 64 0.7 66 0.3 96 0 99 0.4 
5480 5 0.4 7 0 21 0.7 22 1 42 0.6 55 0 56 0.6 98 0 
5740 13 0 15 0.4 16 0.4 36 0.9 41 0.9 57 0.4 60 0 79 0.3 80 0.9 87 0 
5753 14 0 15 0.7 25 0.6 32 0.9 
5766 25 0.4 58 0.5 72 0.4 80 0 82 0 
5925 9 0.9 71 0 
6229 19 0.5 46 0.5 57 0 66 0 69 0.6 72 0.9 73 0.6 91 0.6 98 0.6 
6269 6 0 23 0.7 32 1 40 0 61 0 72 0.9 88 0 93 0.7 97 0.9 
6376 90 1 
6478 22 0 25 0.7 40 0.4 57 0.6 
6484 23 0.3 31 0 39 0.8 50 0.5 81 0.5 88 0.5 
6685 12 0.6 80 0.8 88 0.9 91 0 
6710 10 0 
6715 6 0 13 0 22 1 41 0.4 45 0.3 46 0.7 47 0 57 0.5 79 0 93 0.5 
6773 10 0 35 0 62 0 63 1 68 0 72 1 79 0.4 80 0.3 88 0.6 
6893 37 0.6 41 0 47 0.4 50 0.7 59 0.6 94 0.3 96 0.7 99 0.7 
7107 21 0.6 
7141 15 0.3 18 0.5 21 1 25 0.6 28 0 47 0.3 55 0.3 74 0 77 0.9 98 0 
7179 46 0.6 71 0 89 0.6 
7288 34 0.3 36 0.5 38 0.6 42 0.6 49 0.8 76 1 79 0 89 0 96 0.6 
7462 4 0.4 9 0.6 41 0 58 0.7 67 0.9 
7557 3 1 7 0.5 23 0.3 27 0.8 31 1 46 0.9 53 0 61 0.9 70 0 83 0.4 
7621 23 0.5 41 0.8 71 0.5 93 0.5 
7850 23 0 32 0.6 44 0.7 45 0 48 0 66 1 69 0.9 
7937 3 0 80 0.5 
8336 19 0.7 28 0 70 0 92 1 
8508 11 0 50 1 71 0.9 92 0.5 94 1 97 0.7 98 0 
8673 14 0.9 54 0 69 0.7 88 0.3 
8818 29 1 95 1 
8959 6 0 10 0 16 0.7 36 0.7 46 0.6 84 0.7 94 0.8 
8963 17 0.3 21 0 52 0.3 58 0.4 86 0.3 96 0.7 
8993 33 0.9 50 1 78 0.7 79 0.8 
9055 9 0 11 0.7 21 0.8 29 0 32 1 41 0.8 55 0.4 69 0 78 1 
9103 13 0.5 19 0.8 29 1 61 0.9 96 0.4 
9106 2 0 20 0.8 30 0.4 38 0.5 60 0 64 0 78 0.3 
9116 11 0 22 0 29 0.5 35 0 36 0 65 1 82 0.7 88 1 97 0.7 
9118 12 0.7 22 0 42 0.5 46 0.7 76 0.5 
9341 44 0.8 46 1 59 0.7 94 0.8 
9658 22 0.8 64 0.7 74 0.7 75 0 79 0 
9813 4 1 23 0.6 42 0.8 55 0.9 63 0 72 1 81 0.8 85 0 
9929 10 0.8 24 0.3 39 1 45 0 47 0.8 48 0 91 0.8 93 1 98 0 
9943 13 0.6 15 0.4 32 0 49 0.4 51 0 92 0.3 
