100
19 12 0.5 23 0 33 0 44 0 66 0.4 72 0 73 0.8 
45 12 0.4 49 0.4 
96 0 0 2 0.8 37 0.3 53 0 68 0 
157 49 0 73 0.3 92 0.5 95 0 
210 15 0.4 37 0.8 38 0 70 0.7 81 0.7 98 0 
278 40 0.8 68 0.3 
286 25 0.8 48 0.9 51 0.5 55 0.4 56 0.7 64 0 86 0.8 90 1 93 0.6 
316 22 0.8 37 0.8 39 0 48 0.3 77 0.7 
467 16 1 21 0.6 23 0 25 0.7 32 0 34 0.5 41 0.3 59 0 63 0 72 0.6 
525 9 0 21 0.6 37 0.9 71 0 73 0.4 89 1 95 0 96 0.6 
533 75 1 96 0.9 
595 39 0.8 60 0.5 83 0 
687 36 0 61 1 62 0.5 94 0 
756 17 1 27 0.6 50 0.6 68 0.8 
835 5 0.5 96 0.7 
1136 12 0.3 19 0 37 0.3 67 1 68 0 83 0 90 0.9 
1289 15 0.8 18 0.5 31 1 32 0 34 1 38 1 43 0 84 0.8 93 1 
1333 27 0.7 
1472 10 0.7 29 1 46 1 54 0 61 0 84 0 
1499 2 0.5 15 0.8 23 0.7 29 1 58 0.8 65 0.8 68 0.8 98 0.7 
1522 20 0.4 27 0.3 31 0 33 0.5 50 0.7 58 0 69 0.3 
1621 8 0.5 87 0.7 
1628 18 0.3 29 0.6 47 0.3 48 0 61 0 70 0 80 0 
1670 10 0.4 65 0.9 82 0.4 
1716 19 0.4 20 0 47 0.9 
1893 14 0 19 1 42 1 57 0.8 59 0.4 61 0 77 0.3 79 0.9 85 0.7 
1933 4 1 31 0.8 43 0.5 55 0 65 0.3 90 0.5 
1958 9 0.3 60 0.3 94 1 
1980 35 0.4 39 0 56 0.8 62 0.6 65 1 71 0.9 90 0.9 95 0.3 
2008 5 1 6 0.8 15 0.7 46 0.9 47 0.9 52 0 
2567 6 0.9 15 0.9 39 0 64 0 84 1 94 0.4 
2656 3 0.6 5 0.9 41 0 48 0.7 55 0 65 0.6 85 0.3 99 0.4 
2657 1 0.4 5 0 74 0.7 77 0.5 88 0.3 
2802 57 0.4 72 1 78 0 84 0.6 
2812 20 0 46 0.9 
2849 8 0.8 10 0.6 35 0.4 38 0.7 41 0.9 50 0.6 74 0.9 
3020 2 0.5 4 0.6 13 0.8 19 0.3 29 0.5 37 0.9 48 0 55 0.8 92 1 
3072 7 0.5 33 0.6 
3202 47 0.5 65 0.8 
3213 10 0.9 14 0.3 25 1 63 0 76 0 
3510 25 0.5 29 0.8 41 0.7 98 0.4 
3611 2 0.6 7 0.3 
3861 0 0.3 10 0.3 12 0 24 1 38 0.9 89 0 91 0.3 93 0 94 0 
3934 12 0 70 0.5 
4079 1 0.8 8 0.6 18 0.9 48 0.9 60 0 79 0 94 0 
4139 7 0.7 53 0.3 91 0.6 
4322 13 0.4 19 1 23 0.8 28 0.7 36 0.7 39 0.8 
4450 92 0 
4648 7 0.9 13 0 16 0 23 0 45 0.8 53 0.5 73 0.5 
4670 36 0.4 63 0.5 90 0.6 
4913 16 1 37 0.7 43 0.6 52 0 56 0.4 70 0.8 75 0 
5107 2 0.7 17 0.5 29 0.7 37 0.7 44 1 66 0 70 0.7 
5121 12 0.9 31 0.5 44 1 46 0 53 0.3 69 1 
5339 33 0.8 84 0 
5402 26 0.6 47 0.8 66 0 78 0.3 
5599 2 0.3 7 0 10 0.9 51 0 64 0.9 78 0 81 0.8 
5732 84 0.4 98 0.9 
5822 11 0.4 46 0 69 0 85 1 99 0.7 
5845 15 0.4 17 0.6 69 0 78 0 
5861 9 1 18 0.6 21 0.6 31 1 35 0 52 0 76 0 80 0.8 83 0.5 89 0.7 
5898 9 0.9 35 0 44 1 47 0.4 64 0.5 65 0 
5915 0 0.3 6 0 21 0 22 0.7 24 0.3 27 0.6 46 1 67 0.3 85 0.9 99 0.3 
6081 5 0.8 8 0.6 16 0 18 0 19 0.4 21 0.7 25 0 39 0 49 0.6 59 0.6 
6116 20 0.6 22 0.3 
6124 11 0.5 13 0.6 38 0 70 0.3 92 0.8 93 0 
6127 0 1 3 0.8 4 0.4 7 0.8 13 0.5 60 0.7 
6431 16 0.9 44 0.4 46 0.3 49 1 61 0.4 67 1 96 0.4 
6445 70 0.7 
6503 7 0 25 0.8 47 1 48 0.7 61 0 78 0.4 86 0.3 89 1 96 0 98 0.3 
6630 44 0.7 76 0.3 
6787 9 0.9 36 0 59 0.4 60 0 
6857 25 1 
6928 10 0.3 
6944 3 0 19 0.9 89 0.4 94 0.7 98 0 
6965 64 0 
7017 23 0.7 29 0.3 30 0.8 57 0.3 60 0.4 79 0.4 80 1 81 0.9 
7081 29 0 37 0 47 1 54 1 60 0 64 0.7 78 0.9 
7370 10 1 12 0.8 26 1 39 1 54 0.4 56 0.7 70 0.4 78 0.6 82 0 
7635 55 0.6 
7777 39 0 52 0.4 54 0.5 64 0.5 98 0 
7859 32 0 46 0 
7958 2 0.3 20 1 47 0.5 58 0 63 0.6 74 1 92 0 98 0.4 
8025 2 0.8 11 0.4 21 0 27 0.7 29 0.8 61 0.5 
8029 14 0.9 16 0.7 31 0.8 49 0.7 58 1 60 0 
8526 10 1 11 0 34 0.9 36 0 59 0.5 85 0.4 93 0.8 
8543 2 0 16 0.8 76 0.8 79 0.8 84 0 96 0.4 
8601 19 0.5 
8665 6 0 36 1 59 0.8 60 0.3 
8824 4 1 30 0.5 55 0.3 68 0.7 74 0.9 
8922 9 0.6 20 0 31 0.3 52 1 72 0.3 
9080 46 0.7 
9101 32 0.7 62 0 65 0 66 0 72 1 75 0 85 0.3 97 0.5 
9320 0 0.6 
9432 67 0.8 68 0.9 
9470 1 0.7 17 0.6 20 0.4 24 0 67 0.4 
9519 52 0.6 56 0.4 63 0.9 77 0.6 85 0.7 91 0 
9561 9 0.4 21 0.9 29 0.6 35 0.6 60 0 72 0.5 77 0.5 87 0.9 92 0.4 97 0.6 
9606 14 0.4 59 0 61 0.9 63 0.5 
9865 51 0.3 59 0.7 63 0.5 
9982 23 0.4 39 0.7 69 0 88 0.9 91 0 93 0 94 0.6 
