100
76 14 0.5 42 0.5 49 0.8 59 0.9 60 0 61 0.4 64 0 67 1 93 0.5 
154 5 0.3 9 0 11 0 13 0 28 0 30 0.4 74 0 76 0 83 0.5 91 0 
227 37 0.7 49 0.5 87 0.6 92 0 
282 0 1 10 0.7 58 0.8 61 0.7 83 0.5 92 0.7 96 0.8 99 0.6 
335 4 0.4 35 0.8 53 0.6 97 0 
666 25 0.6 26 0.5 45 0.6 50 0.7 78 0.6 89 0.7 
674 91 1 
679 52 0.6 71 0.4 82 0 
712 16 0.5 19 0.6 45 0.6 66 0 75 0.5 77 0.9 94 0.4 
929 5 0.9 8 0.4 30 0.5 43 0 57 0.9 76 0 81 0.5 
1061 8 0.3 19 0.3 21 0.6 34 0.7 35 0 52 0.6 60 0.3 65 0.9 72 0.8 74 0.5 
1116 3 0.5 16 0.3 22 1 41 0.9 71 0 88 0.8 
1299 60 0.4 
1334 86 0.5 
1471 65 0.5 72 0.5 96 0.7 
1500 0 0.3 23 0.3 26 0 42 0 58 0.9 66 0.9 68 1 77 0.6 79 1 
1523 14 0.4 58 0 70 0.6 99 0.4 
1617 30 0.4 31 0 59 0.5 61 0 67 0.8 68 0.8 85 0.9 
1719 13 0 14 0 17 0.5 27 0.6 28 0.4 32 0 36 0.8 67 0.6 73 0.5 96 0 
1837 4 0.7 27 1 28 0 48 0.8 60 0.9 63 0.7 94 0 95 1 96 0.8 99 0.6 
1992 25 0 37 0.4 
2084 25 0.3 57 0.5 60 1 74 0 
2088 6 0.4 12 0.9 21 0.8 28 0.3 31 0.5 44 0.7 61 0.4 73 0 
2171 22 0 42 0.3 53 0 68 0.8 
2184 11 0 28 0.9 80 0.7 
2341 12 0.3 62 1 70 0.4 91 1 
2413 8 0.8 27 0.6 76 0.6 
2424 13 0.8 16 1 36 0.4 40 0 53 0 64 1 
2499 5 0.9 23 0.4 28 0.6 61 0.8 62 1 66 0.8 74 0.4 80 0.4 88 0.6 95 1 
2656 3 0.3 5 0.9 41 0.9 48 0 55 0.7 65 0.4 85 1 99 0 
2658 35 0.8 40 0.9 46 0.6 52 0.7 92 0.9 94 0.8 
2762 3 1 61 0.8 70 0.6 76 0.7 98 1 
2777 32 0.5 37 0 83 0.5 
2919 3 0.6 21 0 22 0.8 47 1 73 0 
2959 11 0 48 0.9 58 0.4 62 1 83 0.6 84 0.3 
3037 1 0.7 8 0 18 0.8 72 0 89 0.4 
3201 16 0.6 19 0.6 26 0.6 27 0.4 29 0.5 38 1 71 0.6 81 0.4 95 0.6 
3203 11 0 23 0.7 24 0.7 33 0 62 0.9 83 0.5 
3326 1 0.7 45 0 
3531 5 0.7 10 0.3 13 0.3 41 1 69 0.7 75 0 79 0.6 93 0.9 99 0.5 
3786 4 0 13 0.7 14 0.6 49 0.4 74 0 91 0.6 
3916 4 0 11 0.3 35 0.6 66 0.5 72 0 
3935 18 0 83 0.7 86 0.9 
4412 26 0 83 0.8 
4481 2 0.9 4 0.8 30 0 71 0.6 72 0 90 0.5 
4712 1 0.4 12 0 36 0 38 0.3 40 0 60 0.4 62 0.7 75 0.6 95 0 
4926 7 0.8 17 0.4 18 1 64 0.8 75 0.3 78 0.8 88 0 93 0.9 
5076 2 0.3 11 1 39 0.5 58 0 64 0.7 83 0 90 0.3 
5177 21 0 22 0.5 23 0.5 26 0 37 1 58 0 69 0 94 0 
5279 33 0.8 
5463 31 0 36 0.7 43 1 48 0.8 77 0.9 
5484 80 0 
5494 14 0.6 31 0.3 43 0.5 84 0.3 
5531 0 0 4 0 6 0.5 41 1 43 0.8 57 0.9 94 0.9 95 0.4 
5640 7 0.3 17 0.7 20 0.7 39 0 51 0.7 85 1 
5697 46 0.9 54 1 61 0 66 0 76 0 95 0.9 
5848 2 0.9 21 0 38 0.3 46 0 51 0.7 62 0 76 0.7 81 0 85 0 90 0.7 
6145 0 0 10 0 11 0 18 0 24 0.6 26 0.7 29 0 39 0.4 76 0.6 
6260 61 0.6 
6262 18 0 27 0.6 38 0.6 46 0.4 47 0 50 0.3 63 1 74 0.9 
6337 9 1 26 0.8 32 0 36 0 43 0 66 0.8 70 1 81 0.7 99 0 
6394 9 0 21 0.5 25 0.8 30 0.5 34 0.8 84 0.7 
6435 0 0.4 8 0 24 0 47 0.8 48 0 63 0.5 73 0.4 75 1 89 0.8 98 0 
6547 5 1 20 0.7 49 0.9 51 0.9 61 0.5 96 0 99 1 
6556 1 0.4 27 1 65 0 99 0 
6610 78 0.6 
6686 2 0.6 7 0.9 13 0.7 21 0 54 0.4 67 0 70 0 79 0.3 80 0 91 0.7 
6702 4 0.7 23 1 
6737 3 0.9 5 0.9 39 0.7 47 0.5 48 1 72 0.3 81 0 86 0.4 90 0.5 
6915 21 0.8 61 1 84 0.8 86 1 96 0 
6924 4 0.5 17 0.3 35 1 36 0.6 64 0.5 70 0.9 99 1 
6995 4 0 8 0.8 34 0.5 90 0.6 91 0.3 97 1 
7034 3 0.7 9 0 17 0.8 52 0 61 0.6 70 0.3 73 0 83 0 
7067 10 1 
7212 9 0 16 0.5 26 0 50 0.9 55 0.3 67 0 69 0.3 76 1 83 0 95 0 
7344 63 0.6 76 0.3 78 0.7 
7363 7 0.7 8 0 14 0 48 0.5 63 0 69 0.8 76 0.6 88 0 99 0 
7628 29 0.5 
7661 44 0.6 74 0 81 0.5 
7752 34 0.7 81 1 95 0 
7800 4 0.7 30 0.8 95 0 
7957 5 0.9 12 0 21 0.5 22 0.8 46 0 49 0 73 0.4 81 1 82 0.4 95 0 
7964 19 1 48 1 62 0.6 70 0 92 0.7 98 0.8 
7987 86 0.6 
8012 1 0 16 0.7 29 0.6 51 0 52 0.7 56 0.9 65 0 68 0.7 74 0.7 78 0.8 
8102 18 0 22 0.3 90 0 
8201 26 0 32 0.8 41 0 47 0.5 67 0 86 0.5 96 0.5 
8232 13 0 23 0.6 97 0.5 
8254 0 0 14 0.6 31 0 36 0.4 67 0.3 78 0.4 85 0.6 89 0.7 
8386 80 0.7 
8520 17 0.6 34 0 48 0.8 99 0 
8693 3 0.8 34 0 56 0.9 75 0.8 84 0.9 
8715 35 1 91 0.9 97 0.4 
8823 0 0.4 20 0.4 40 0.8 64 0 75 1 79 0 
9003 15 0 42 0.6 77 0 89 0.8 
9136 43 0.7 84 0.5 
9400 18 0.6 71 0 84 1 
9421 35 0 46 0.4 
9761 4 0.9 22 0.8 28 0.3 40 1 63 0 66 0 
9832 14 0.8 20 0 24 0.6 56 0.3 73 0.7 87 0 99 0 
