100
1 69 0.3 
69 1 0 6 0.3 11 0 39 0 45 0 60 1 82 0.6 88 1 
70 96 0.5 
152 98 1 
181 21 0.5 30 0.8 33 1 61 0.5 79 0 82 0 
223 30 0.6 
315 33 1 38 0.6 56 0.4 86 0.6 
596 14 0.9 16 0.5 17 0.8 41 0.4 54 0 77 0 78 0.4 
796 27 0 75 0.5 76 0 80 0.7 84 0.6 94 0.5 
821 8 0.6 12 0.6 51 1 87 0.5 
898 0 0.4 45 0.9 82 0.9 
1037 10 0.5 16 0.9 17 0.8 41 0 43 0 44 0.4 62 0 83 0.5 84 0 
1170 0 0.3 19 0.6 45 0.6 60 0.8 79 1 80 0.6 84 0.5 89 0.7 97 0.4 
1363 21 0.4 77 0.3 
1417 47 0 
1435 11 0.8 16 0.9 44 0.9 69 0.6 70 0 94 0.9 
1456 2 0.8 31 0 37 0 
1685 11 1 
1733 13 0.8 19 0.9 30 1 33 1 38 0.3 
1757 54 0 71 0.4 
1821 11 0 40 0 44 0.6 58 0.4 61 0.8 66 0.8 74 0 98 0.5 
1841 19 0.5 33 0.5 82 1 
1961 25 0.5 40 0.4 63 0.5 66 0.3 
2035 47 1 58 0.4 79 0 
2202 47 0 
2212 20 0 37 1 39 0.5 50 0.4 53 0 54 0 75 0 85 0 91 0.8 
2232 33 0.5 42 0.7 50 0.9 60 0.6 78 1 95 0 
2317 13 0 
2354 37 0.8 
2431 33 0.4 76 0 79 0.7 91 0.8 92 0 
2444 5 0.5 10 0.6 66 0 75 0.8 77 0 83 0.6 88 0.4 92 1 
2576 1 0.8 11 0 28 0.8 33 0.3 72 0.4 89 0 97 0.5 
2635 47 0.4 63 0.3 88 0.8 
2679 38 0.6 39 0 70 0.5 93 0.5 
2784 19 0 30 0.8 37 0.8 43 0.3 65 0.6 71 0 95 0.6 
3325 3 0.4 10 0.3 32 0 48 0.3 67 0 74 0.3 94 0.8 
3334 4 0.3 7 0 29 0.7 34 0.9 40 0 51 0.5 63 0.8 81 0 92 0.7 97 0.5 
3500 20 0.5 77 0.8 92 0.4 
3535 10 0.7 22 0 35 0.6 45 0 61 1 67 0.4 91 0.7 98 0.5 
3717 42 0 43 0.7 58 0.5 66 0 68 0.9 71 0.7 77 1 
3730 90 0 
3867 6 0.3 42 0.6 48 0.9 64 0 77 0 83 0.8 87 0 88 0.9 
4009 8 0.9 33 0.8 54 0 81 1 94 0 
4200 6 0.7 42 0.5 
4917 17 0.9 33 0.6 
4963 64 0.6 
5085 13 0.4 18 0.8 28 0 29 0.3 49 0 52 1 54 0 58 0.3 
5191 42 0.6 94 1 
5202 4 0.8 50 0.3 56 0 61 0.4 78 0 90 0.8 
5344 16 0.8 21 0.6 29 0.4 71 0 99 0.6 
5545 8 0.3 37 0 51 0.7 54 0.6 60 1 64 0.7 
5551 1 0.6 17 0.7 27 0.9 43 0 69 0.8 70 0.5 89 0.9 
5877 97 0.4 
5916 37 1 95 0.3 
5960 3 0.9 11 0 13 0 25 0.9 29 0 41 0 53 1 62 0.7 84 0.8 90 0.6 
6032 9 0.5 17 0.9 28 0.7 31 1 33 0.3 48 0 73 0.4 87 0 99 0 
6037 8 0.6 12 0.8 53 0 72 0.8 73 0.7 74 1 76 0 
6076 17 0.9 42 0.9 76 1 
6088 28 0.3 83 0.6 86 1 97 0.5 
6134 17 0 46 0.3 90 0.6 96 0.9 99 0.4 
6624 7 0.8 21 0.3 27 0 45 0.8 49 0.6 66 0 77 0 93 0 99 0 
6645 57 0.7 69 0.6 81 0.9 90 0.7 
6674 8 0.4 15 0.6 18 0 22 0.4 26 0 31 0.8 62 0.7 81 0.5 92 0.5 
6791 0 0 2 0.3 7 0 17 0.4 19 0.8 22 0.6 77 0.7 82 0.6 92 0.3 
6916 54 0.4 55 0 86 0.3 89 0.4 
6972 5 0.5 48 0.6 72 0 79 0.7 
7058 19 0.9 26 0.6 27 0.5 41 0.5 50 0.9 73 0 88 0.3 
7175 0 0.8 7 0.3 24 0 28 0 42 0.3 66 0 78 0.7 
7219 2 0.6 10 0.4 58 0.4 66 1 75 0.4 83 0.5 
7232 2 0.3 7 0 23 0.3 25 0 27 0 32 0.9 38 0.3 67 1 68 0.4 
7284 83 0 89 0 
7424 13 0.9 28 0 82 0.8 
7494 30 0.7 33 0 35 0.6 88 0.8 92 1 
7627 26 1 49 0.6 53 0.4 59 0.8 61 0.6 77 0.3 97 0 
7636 26 0 58 0 71 0.8 
7766 21 0.6 60 0.9 61 0 71 0.4 86 0.4 
7824 0 0.8 26 0 51 0.3 72 0 
8047 56 1 61 0.5 70 0.8 73 0.6 84 0.8 93 1 
8119 0 0 31 0 32 0.8 54 0 57 0.3 68 0.7 94 0.7 
8238 23 0 30 0 90 0.3 
8244 21 0.5 
8265 8 0 69 0.4 
8629 46 1 70 0.9 99 0.8 
8677 6 0 37 0 61 0.4 65 1 70 0.4 71 0.5 
8894 61 0.4 65 0 78 0.6 
8985 4 1 16 1 22 0.4 43 0 86 1 87 0.6 93 0.6 
8999 13 0.9 48 0.6 63 1 79 0.3 
9003 15 0.3 42 0.9 77 0 89 0 
9093 9 0 19 0.3 28 0 31 0.5 38 1 47 0.6 73 0.8 81 0.3 84 0 94 0.6 
9190 92 0 
9226 21 0.6 22 0 67 0.8 93 0.7 94 0.3 96 0 
9286 50 1 
9292 11 0 12 0.9 18 0.7 22 0 38 0.4 57 0.9 80 0.4 86 0 90 0.9 
9398 46 0.7 47 0.5 80 0 
9512 25 0 28 0.9 57 0.7 58 0.7 63 0.6 66 0.5 70 0.7 80 0 89 0.7 
9663 2 0.5 57 0.4 66 1 76 0 77 0.9 87 0.8 90 0.5 
9667 8 0 30 0.3 35 0 39 0.3 52 0.8 53 0.9 78 0 79 0.3 
9676 13 0.8 17 0.5 
9814 84 0 
9934 3 0.8 4 1 16 0.4 30 0.7 44 1 71 0.7 78 0 96 0.8 
