100
84 11 1 
204 82 0 96 0.3 
225 2 0 50 0.9 82 0.3 
274 4 0.6 13 0 38 0 50 0.9 52 0 67 0.4 68 0.4 72 0.4 82 0.4 88 1 
374 40 0 59 0.9 71 0 79 0 83 0.5 85 0.7 89 0.3 90 0.8 
386 5 0 17 0.6 55 0.7 68 0 76 0.8 78 0.9 88 0.6 
417 19 0.8 23 0.4 33 1 35 0 41 0.7 42 0 60 1 62 0.5 73 0 77 0 
535 9 0.9 25 0 33 1 35 0.6 40 0.5 42 0.6 83 0 88 0.3 93 0 
663 16 0.7 41 0.9 61 0.8 
757 4 0 28 0 48 0 91 0.7 
917 9 0.6 15 0.7 37 0 42 0.4 84 0.5 97 0 
1018 11 0.8 15 0.6 31 0.7 52 1 68 0.7 80 1 81 0.8 88 0.8 90 0.3 91 0 
1210 61 0.6 97 0.3 
1220 53 0 
1295 35 0.7 36 0.4 50 1 71 1 83 0.9 88 0.3 89 0.5 94 0.4 
1311 38 0.5 44 0.6 
1521 2 0.6 98 0.7 
1944 7 0 46 0.5 50 0.4 62 0.3 64 0.8 67 1 
1984 8 0 27 0.3 29 0.3 40 0.6 50 0.6 59 0.8 62 0 76 0.3 95 0 99 0.6 
2209 13 0.5 
2270 93 0.3 
2419 14 0.4 24 0 38 0.6 59 0.5 64 0.5 
2538 41 1 47 0 72 0 94 0.8 
2587 16 0.4 52 0.6 59 0.5 
2609 26 0.7 41 0.9 43 0.9 57 0 78 0 
2725 12 0.6 16 0.8 17 0.4 20 0.9 34 0 43 0.4 83 1 87 0.6 94 0.4 
2800 93 0.4 
2885 43 1 82 0.4 
3338 1 0.9 37 0.3 45 1 55 0.7 63 0.4 72 0 75 0.8 81 0.6 82 0.5 
3474 2 0.3 18 0.9 26 0.8 33 0.8 64 0.9 66 0.8 70 0 89 0.8 98 0 
3595 39 0 63 0 71 1 
3636 30 0.9 40 0 42 0.9 46 0.3 50 1 77 0.3 80 0.4 85 0 90 0.5 
3778 9 0.7 66 0 86 0.6 
3828 2 0 33 0.9 81 0 
3920 81 0 93 0.4 95 0 97 0 
3941 1 1 
4047 4 0.3 9 0.8 15 0.9 25 0 33 0.6 68 0 70 0 79 0 86 0.6 87 0.3 
4124 0 1 18 0.5 20 0 26 0.6 51 0 63 0.7 76 1 78 0 90 0.5 
4174 21 0.8 24 0.9 25 0.6 34 0.9 39 1 40 0.3 65 0.3 74 0.7 86 0.6 87 0.3 
4197 1 0.7 5 0 25 0.9 48 0.8 52 0.5 83 0.6 91 0.3 94 0.5 
4306 9 0.8 22 0.7 27 0.5 35 0.7 39 0.5 57 0 66 1 70 0 
4332 4 0.9 24 0 25 0 45 0.7 69 0.8 80 0 95 0 
4388 28 0.9 29 0.7 41 0.7 51 0.3 91 0.6 92 0.6 99 0 
4804 28 1 36 0.3 44 1 64 0 73 0.4 99 0 
5070 49 0.8 50 0.9 56 0.9 77 0.3 
5221 42 0 97 0.7 
5294 33 0.8 77 1 
5501 8 0.4 31 0.9 48 0.7 65 0 72 1 81 0 82 0 85 0.3 92 1 98 0 
5541 10 0 39 0 54 0.5 56 0.8 58 0.5 60 0.7 76 0 77 0 93 0 
5551 1 0.4 17 0.7 27 1 43 1 69 0.5 70 0.7 89 0.7 
5648 12 0.7 17 0.9 23 0.6 44 0 48 0.7 65 0 82 1 88 0 90 0 
5728 7 0 23 0 
5746 93 0.5 
5800 38 1 41 0.3 66 0.4 80 0.6 88 0.8 94 0 95 1 97 1 
5878 8 0 35 0 69 0.3 
5910 10 0 17 0.5 37 0 53 0.6 68 0.7 70 0.8 74 0.8 89 0.3 
6116 20 0.9 22 1 
6189 6 0.8 21 0 28 0.5 37 0.6 81 0 90 0 
6243 5 0.6 7 0.3 14 0 26 0.6 62 0.3 64 0 70 0 71 0.5 82 1 91 0.7 
6355 82 0.9 89 0.6 
6408 5 0 23 0.9 47 1 79 0.6 87 0 93 0 
6461 9 0 51 0.8 75 0.9 83 0 90 0.7 94 0.4 
6554 2 1 19 0.7 22 0.6 25 0.6 55 0 65 0.4 70 1 76 0 83 0.3 
6637 6 1 29 0.8 34 0.3 40 0.5 55 0.4 72 0.5 84 0 
6797 2 0 20 0 36 0.7 37 0.8 42 0 56 0.4 80 0 85 0.5 88 1 94 0 
6816 2 0.7 4 0.6 34 0.4 39 0 45 0.7 67 0.3 76 0.6 96 0 
6818 12 0.9 19 0.3 20 0.5 22 0.6 27 0.4 54 0.5 60 0.7 76 0 78 0 90 0 
6847 41 0.8 78 0.5 
7008 63 0.8 85 0.4 
7142 35 0 
7174 2 0.4 13 0.9 16 0.9 28 0 38 0 40 0.6 76 1 90 1 96 0 97 0.5 
7276 89 0.5 
7365 19 0.4 26 0 44 0.8 45 0 78 0 
7545 5 0 19 0 33 0.8 37 0.8 39 0.6 46 0.7 87 1 
7578 30 0 42 0.5 
7691 3 0.7 6 0 14 0.7 36 0 75 0.9 
7748 23 0.4 44 0.4 45 0.6 
8138 23 0 24 0 36 0.3 50 0.7 53 0.8 54 1 58 0 71 0.8 78 0.5 95 0.3 
8195 6 0.5 15 1 31 0.3 38 0.9 67 0.4 73 0.8 85 0.4 89 0.6 90 0.9 95 0 
8246 2 1 21 0.4 23 1 48 0.6 65 0 69 0.8 
8281 63 1 65 0.9 
8336 19 0.6 28 0.8 70 0 92 0.3 
8557 11 0.6 24 0.8 42 0.4 86 0.6 87 0.6 
8756 5 0.8 25 0.4 47 0.5 76 0.3 84 0.9 92 0.4 
8796 3 0 34 0.7 72 0 77 0.7 81 1 
8845 18 0.3 74 0.6 75 0.7 84 0.4 96 0.4 
8907 50 1 81 0 
9018 2 0 15 0.8 19 0.6 35 0.5 41 0 52 0.9 55 0 86 0 96 0 
9122 26 0.4 29 0.5 39 1 41 0 46 0.5 49 1 74 0 78 0.6 86 0 98 0.5 
9209 64 0.5 83 0.5 
9252 14 0.5 18 0.9 31 0.9 49 0.7 65 0 
9448 59 0 76 0.7 
9450 16 0 30 0.7 67 0 
9476 3 0.9 36 0 41 1 74 0 81 0.7 88 1 
9505 99 0.7 
9523 6 0.3 22 0 37 1 42 0 48 0.5 
9592 33 0 44 1 91 1 
9622 3 0 5 0.5 20 0.7 27 0.7 30 0.6 32 0 50 0 56 0 81 0.4 85 0.5 
9845 65 0.7 90 0.5 96 0 
9953 21 0.8 27 0.8 68 1 69 0 70 0.8 72 0 76 0.9 
