100
26 10 0.6 23 0.3 44 1 70 0.4 86 0.4 98 1 
125 24 0 27 0 48 0 53 0.9 94 0.5 
141 53 0.9 64 0 83 0 
288 34 0 35 0 38 0 58 0.9 67 0.4 71 0.6 
342 6 0.5 19 0.3 26 0.3 33 0.4 52 0.7 81 0 
348 0 0.8 3 0.3 40 0.3 44 0.8 49 0.8 90 0.4 
404 56 0.8 
667 27 0.9 85 0.5 
731 4 0.4 20 1 25 0.9 26 0 30 0.3 31 0.7 33 0.9 46 0.8 53 0.6 66 0.4 
736 23 0.7 71 1 99 0.4 
765 7 1 45 0 47 0.3 51 0.8 64 0.6 70 0.3 95 0.5 
779 36 0.3 
874 53 0.7 62 0 95 0 
910 13 1 15 0.5 49 0.9 58 0.6 60 0.6 69 0.6 74 1 
1111 55 0.8 
1175 0 0.8 9 0 14 0 18 0.8 30 0.6 51 0.7 80 0 82 0.5 
1327 18 0.8 22 0 33 0 49 0.6 53 0.6 76 0.4 78 0 93 0.4 
1349 11 0.9 57 0.9 68 0 77 0.4 94 0.3 98 0.7 
1556 14 0.5 45 0 65 0.7 86 0 
1568 44 0.8 48 0.9 
1623 6 0 12 0.5 22 0.4 23 0 29 0.6 49 0.3 55 0 59 0 74 0 99 0 
1807 14 0.8 31 0.8 36 0.3 
1822 8 0.6 9 0.3 15 0.9 33 0.9 35 0.7 59 1 63 0.5 76 0.5 94 0.6 
1834 59 0.7 62 0.8 
1858 32 0.3 
2125 13 0.9 33 1 55 0.5 76 0.7 83 0 
2181 14 0.9 24 0.7 36 0.9 45 0.3 72 1 92 0 97 0 
2280 88 1 
2290 14 0.9 24 0.3 64 0.5 
2366 2 0.7 8 0.7 10 0 14 0 15 0 18 0.4 20 0.9 21 0.4 52 0.8 61 1 
2367 8 0 13 0 25 0.3 39 0.7 43 1 49 0 62 0 68 0.6 74 0.7 94 0.9 
2419 14 0.6 24 0 38 0.8 59 0 64 1 
2472 86 0 
2502 54 0 56 0 57 0.9 62 0.4 78 0.4 
2512 40 0.8 60 0.3 70 1 
2835 11 0.3 28 0 63 0.7 94 0.7 
2875 8 0.3 19 0.8 22 0 25 0 46 0.4 63 0.9 64 1 
3271 2 0.8 31 0.8 32 0 35 0.3 56 0.3 61 0 62 0.9 77 0.5 81 0 
3513 10 0.7 18 0.7 31 0.7 33 0 44 1 46 0 61 0.7 68 0.4 75 0.8 97 1 
3540 1 0.3 19 1 20 0.5 31 0 43 0.6 46 0 69 0.5 79 0.4 94 0.4 97 0.9 
3599 11 0.3 30 0 42 0.4 54 0.5 56 0.6 60 0.9 77 0.6 
3625 4 0.5 16 0.3 21 0.8 38 0.3 52 1 56 0.6 71 0.9 77 0.9 79 0 80 0.3 
3645 8 0.4 9 0.9 77 0.8 89 0 
3824 15 0.3 27 0 35 0.5 66 0.9 77 0.7 84 0.3 85 0.4 91 0.9 
3867 6 0.8 42 0.4 48 0 64 0 77 0 83 0.9 87 0 88 0 
3912 1 1 8 0 18 0.8 21 1 38 0 62 0.8 73 1 93 0 98 0 
3914 2 0 6 0.6 13 1 35 1 48 0.4 62 0.8 79 0.4 89 0 97 0.6 
4024 26 0.9 
4076 7 1 9 0.8 19 0.9 22 0.4 29 0.7 37 0.6 63 0.7 87 0.4 88 0.8 
4082 2 0.7 7 0.9 18 1 21 0.4 31 0.6 34 0.9 54 0.3 
4130 7 0.7 18 0.3 20 0.8 23 0.4 27 0 29 0.5 38 0.5 74 0 95 0 
4258 1 0.4 21 0 74 0.9 
4279 1 0.9 33 0.6 42 0.7 76 0.3 91 0 
4563 63 1 80 0.9 83 0.9 
4600 20 0.4 30 0.6 34 0 
4606 26 0.8 89 0.4 93 0 
4753 6 0 8 0.7 57 0.3 
4803 56 0.3 58 0 
4887 54 0.4 60 0 64 0.4 75 0.3 88 1 
4901 3 0.7 16 0.6 31 0 82 0.3 
5006 17 0 18 0.9 37 0.4 48 0 49 0.3 58 0.3 79 0.3 
5050 36 1 67 0.4 70 0.4 
5424 33 0.8 87 0.8 96 0.3 
5429 8 0.7 17 0.7 27 0.7 33 0 56 0.4 76 0.3 78 0.7 95 0 
5616 9 0.5 17 0 49 0 62 0.4 
5810 4 0.5 30 0.8 45 0 58 0.4 66 0.3 86 1 89 0 
5813 62 1 
5873 7 0 30 0.9 51 1 60 0.5 85 1 
5892 18 1 88 0.5 90 0.3 97 0.9 
6130 35 0.9 93 0.8 
6246 59 0.7 
6454 92 0.9 
6528 13 0 57 0.9 61 0.6 67 0 86 0.7 90 0 97 0.4 
6757 95 0.7 99 0 
6800 50 0 59 0.3 60 0 62 0.7 96 0 
6953 0 1 6 0.6 17 0.8 18 0.6 22 0 29 0.6 47 0 74 0.7 94 0.6 98 0.7 
6965 64 0 
6989 24 0 28 1 32 0.8 47 1 55 0.7 86 0.6 89 0 
7163 41 0.6 94 0.4 
7167 29 0 65 0.4 66 0.5 91 0 94 0 
7226 22 0.7 46 0.6 60 1 69 0.3 
7312 26 0.3 68 0.7 69 0.8 
7368 25 0.3 
7586 9 0.7 11 0.3 16 0.3 19 0.7 32 0 79 1 98 0.6 
7797 0 0 18 0.9 53 0.8 58 1 59 0.4 66 0 92 0.8 96 0.7 98 0.5 
7844 18 0.4 40 0 57 1 61 0.3 72 1 84 0.3 95 0.4 
7997 29 0 54 0 
8240 9 1 18 0.6 34 0.7 36 0 81 0.8 
8360 14 0.6 20 0.8 26 0.7 31 0.5 33 0 36 0 64 0.3 82 0.8 
8406 19 0.7 41 0 54 0.8 58 0.8 63 0.9 66 0 79 0.3 95 0.4 
8519 74 0 89 0.4 95 0 
8637 36 0.6 47 0.8 56 0.4 
8812 8 0 38 0.9 44 0.8 93 0 
8882 0 0 21 0.4 43 0 45 0.9 46 0.7 56 0.3 65 1 66 0.5 73 0.9 97 0.4 
8962 39 0.3 45 0.9 74 0 97 0.7 
9056 33 0.8 93 0 
9189 2 0.8 12 0.5 16 0.9 37 0.7 49 0.6 57 0 
9647 1 0 7 0.6 19 0.6 51 0 59 0.6 63 1 83 0.7 87 0 94 1 
9667 8 0.7 30 0.5 35 0.7 39 0.7 52 0 53 0.9 78 0.5 79 0.3 
9897 71 0.5 88 0.6 91 0.7 99 0.4 
