100
5 18 0.7 43 0.3 57 0.8 83 0.9 95 0.4 96 0.3 98 0.3 
27 9 0 20 1 38 0 41 1 46 0.9 64 0 
69 1 0 6 0.3 11 0 39 0.6 45 0.7 60 0.4 82 0.4 88 0.9 
82 52 0 60 0 70 0.4 75 0.6 
401 26 0.4 36 0.9 53 0.5 68 0 76 0 83 0.6 87 0 91 0.5 97 0.3 
776 1 0 7 0.9 33 0.5 39 0.8 69 0.5 76 0.9 
850 1 0.3 
929 5 0.6 8 1 30 0 43 0 57 0 76 0.5 81 0.4 
1006 34 1 36 0 54 0.8 90 0 
1055 21 0.9 45 0.4 
1227 68 0.7 98 0.9 
1322 36 0.4 37 0.5 41 0.9 49 0.4 56 0.7 58 0.3 60 0.6 
1355 3 0.7 24 0.6 26 0.3 47 0 72 1 73 0 
1383 10 0.7 67 0.3 94 0 99 0.3 
1420 12 0 
1535 4 0.4 41 1 47 0.7 63 0.3 65 0.6 70 0.6 75 0 
1717 3 1 25 0.3 68 0 
1856 20 0.7 47 0.4 
1883 5 1 7 0 13 0.4 14 0.5 45 0 46 0.8 61 0.6 69 1 72 1 
2008 5 0 6 0 15 0.5 46 0.8 47 0 52 1 
2173 28 1 36 0.5 71 0.4 98 0 
2284 5 0.8 14 0.6 25 0 33 0.9 63 0 71 1 72 0 83 1 
2402 0 0.5 14 0.3 20 1 30 0.4 39 0.3 75 0.4 92 0.5 99 0.6 
2430 19 0 42 0 48 0.9 56 0.9 67 0.6 84 0.4 96 0 
2762 3 1 61 0 70 0.6 76 1 98 0.4 
2765 22 0 26 0.8 27 0 32 0 35 0.4 45 0 69 0.9 85 0 91 0.9 
2922 97 0.8 
2967 47 0.7 
3098 13 0.8 56 0.4 62 0.4 89 0.9 90 0 91 0.5 
3100 3 0.9 20 0.4 21 0.4 28 0.8 50 0.7 59 0.6 64 0.7 80 0.6 
3137 73 0.8 
3178 64 0.9 84 0.4 
3197 29 0 
3290 5 0.6 9 0.8 33 0.6 51 0.8 61 0.7 64 0.3 85 0.5 89 0.8 
3316 0 0.5 19 0 67 0.9 68 1 82 0.3 
3380 12 0 18 0.4 34 0.6 37 0 38 0.7 41 1 69 0.7 85 0 86 0.3 98 0.3 
3461 13 0.3 25 0.8 
3552 1 0.7 39 0.8 44 0 70 0.9 84 0 
3574 1 0 25 0 27 0.4 35 0.6 71 1 73 0.8 
3717 42 0 43 1 58 0.9 66 1 68 0 71 0.6 77 0 
3764 9 0 13 0.3 25 0.6 34 0.4 64 1 74 0.5 75 0.3 76 0.6 77 0.7 
3776 25 0.8 
3816 0 0.4 5 0.8 20 0.4 44 0.3 69 0 78 0 95 0.7 96 0.9 
3847 3 0 10 0.8 26 0.6 27 0.3 29 0 36 0 49 0.6 51 0 77 0 83 1 
3971 4 0.6 35 0.5 37 0.8 47 0.5 53 0.4 
4024 26 0 
4036 9 0 23 0.5 25 0 41 0.8 50 0.7 68 0.6 83 0.9 84 0 94 0.6 95 0.9 
4163 93 0.4 
4355 7 0.4 32 0.5 47 0 49 0 55 0.8 70 1 75 0.8 86 1 
4604 0 0 10 0 14 0 56 1 62 0.4 89 0.5 90 0.4 
4673 12 0.7 
4816 34 0.7 35 0.8 37 0.3 38 0.4 45 0.5 58 0.9 64 0 73 0 80 0 90 0.4 
4838 10 0.6 15 1 27 0 39 0.5 44 0.4 60 0 
4870 17 0 25 0 52 0 54 1 66 0.8 67 0.7 72 0.5 81 0 83 0 
4970 9 0.6 13 0.3 22 0 23 0.3 25 0.6 31 0.7 53 0.8 90 0 
5140 27 0.6 42 0.8 45 0.5 52 0 
5158 18 0 37 0.3 40 0.9 68 0.6 88 0.8 93 0.7 
5214 40 0.5 56 0.8 
5378 7 0 12 0.5 17 0.5 22 0.9 71 0.6 72 1 95 0 
5575 34 0 
5593 14 0.3 41 0 59 0 67 0.7 72 0.3 77 0.7 
5750 24 0 70 1 76 0.6 
5753 14 1 15 0.7 25 0.7 32 0.7 
5783 34 0.5 42 0.8 49 0.9 57 0.9 59 0.4 74 0.6 81 0.3 91 0.9 92 0 
5907 24 0.9 46 0.5 47 1 52 0.6 63 0.7 70 0.9 78 0 
5979 9 0 56 0.8 76 0.5 
6181 14 0.3 22 0.6 45 0.9 55 0.3 72 0 78 0 
6201 8 0.9 27 0.7 
6219 17 0.4 18 0.4 43 0 93 0.7 
6262 18 0.5 27 0.8 38 0.4 46 0.7 47 0 50 0 63 0.4 74 0 
6314 10 0.3 74 0 80 0.5 93 0.6 95 0.4 
6330 49 0.3 
6414 20 0.6 36 0.6 39 0.8 45 1 55 0 79 0 82 0 85 0.9 88 0.4 
6463 13 0 24 0.3 35 1 37 0 45 0.7 86 0.5 87 1 90 0.8 91 0 
6589 1 1 17 0.7 34 0.3 65 0.6 80 1 89 0.4 
6623 35 0.7 
6764 9 0.5 59 0.7 62 0.3 
6784 8 0 11 0.4 13 0 23 0 58 0 74 0.6 77 1 80 0 86 1 
6925 17 0.7 20 0.6 29 0.7 49 0.4 51 0.8 82 1 89 0 91 0.3 92 0.8 
7270 1 0.3 7 0 21 0 41 0.4 61 0.9 65 0 74 0.9 94 0.7 
7372 5 0.3 12 0.8 20 0.3 45 0.8 55 0 57 0.4 62 0.8 68 0.5 86 0 89 0 
7471 25 1 26 0.5 30 0.4 38 0.3 53 0.5 80 0.9 89 0.6 
7486 3 0.3 14 0 53 0 78 0.8 90 1 92 0.8 98 0 
7780 6 0.8 16 0 20 0 51 1 52 0.7 75 0 80 0.6 87 0.3 97 0.4 
7997 29 0.8 54 0.6 
8117 17 0.5 39 0.6 47 0 
8399 4 0 7 0.5 57 0.4 67 0 68 0 73 0 85 0.8 95 1 
8544 22 0.8 43 0 47 0.6 58 0.5 64 0.9 88 0.6 
8555 45 0.4 49 0.5 52 0.9 84 0.8 93 0.9 
8607 51 0.9 66 0 92 0.4 
8650 8 0.8 12 0.4 17 0.9 45 0.6 77 0 82 0.7 84 0.5 85 1 87 0.7 
8902 0 0.6 1 0.3 16 0 34 0.6 40 0.4 43 0.5 61 0.9 71 0 
9281 0 0.6 1 0.7 13 0.9 36 0.7 40 0 50 1 53 0 64 0 89 0.8 
9405 8 1 14 0.3 35 0.8 40 1 44 0.7 82 0 86 0.7 
9636 15 0.4 45 0.3 67 1 
9765 5 0.9 13 0.6 43 0 45 0 61 0.7 65 0 84 0.9 85 0 92 0.9 93 0.7 
9773 26 0.6 63 0 84 0.9 93 0 
9802 85 0 
9872 28 0.5 39 0.8 60 0.7 61 0.7 
9984 5 0 14 0.8 38 0.9 88 0 
