100
23 4 0 11 0 19 0.8 57 0.5 61 0.4 65 0 74 0.7 86 0 
50 16 0.9 79 0.7 
183 4 0.9 28 0 29 0 30 0.9 45 0.4 61 0.9 74 0 77 0 80 0.6 91 0.8 
213 1 0.4 
350 0 0.6 11 0 14 0.6 23 0.3 57 0.8 88 0 
374 40 0.9 59 0.8 71 0 79 0 83 0 85 0.4 89 0.8 90 0 
500 0 0 16 0.9 28 0.5 35 0.3 51 0.7 74 0.9 90 0.7 95 0.9 98 0 
597 12 0 33 0.6 
667 27 1 85 0 
697 37 0.7 57 1 
835 5 0 96 0 
867 9 0.7 17 1 33 0.3 40 0.3 51 0.8 68 0 78 0.5 79 0.3 86 0 
906 0 0 6 0 30 0.3 34 0.8 35 0.9 37 0.3 39 0 66 0 67 0 81 0 
962 17 0 20 0 50 0.6 53 0.6 93 0.6 
1006 34 0.3 36 0.7 54 0.3 90 0.7 
1050 4 0 9 0.6 20 0 52 0.6 54 0.4 85 0.4 
1061 8 0.4 19 0.3 21 0 34 0.3 35 0.5 52 0.7 60 1 65 0.9 72 0.4 74 0.5 
1242 17 0.6 25 0 28 0.9 33 0 34 0 36 0.8 48 0 71 0.4 74 0 82 0.3 
1327 18 0.9 22 0 33 0.7 49 1 53 0 76 0.9 78 0.4 93 1 
1663 2 0 15 0.4 20 1 27 0.7 62 0.5 74 0.3 97 0 
1668 0 0.7 9 0.5 12 0.7 19 0.4 64 0 83 0.3 
1716 19 0.5 20 0 47 0 
1935 11 0 18 0.6 27 1 36 0.6 39 0.3 59 1 
2071 56 0.9 58 0 65 1 70 0 
2086 12 1 16 0 25 0.8 31 0 73 0.6 89 0 98 0.3 
2216 13 1 35 0.7 42 0.3 53 0.9 
2281 11 0.8 19 0.8 
2290 14 0.7 24 0.3 64 0.3 
2389 19 0.6 40 0.9 43 0 63 1 71 0 83 0.5 
2547 15 0.3 92 1 98 0.9 
2705 11 0.9 27 0.7 45 0.7 65 0 94 0 
2714 5 0 56 0.5 
2734 15 0 17 0.3 19 0.5 51 0.6 52 0.5 70 1 84 0 
2860 7 0.9 46 0 50 0.5 94 0 
2885 43 0.6 82 0.8 
2981 2 0.4 10 0.6 33 0 63 0.7 
3036 12 0 16 0.3 48 0.9 49 1 62 0 72 0.4 96 0 
3177 8 0.3 14 0.7 42 0.4 45 1 65 0 94 0.5 99 0.6 
3202 47 0.7 65 0.4 
3250 13 0.9 27 0.5 47 0.3 49 0.3 57 0.7 67 1 76 0.5 79 0.7 81 0.4 
3291 19 0.8 48 0 61 0 65 0.5 75 1 84 0.4 87 0.3 99 0.8 
3379 5 0 10 0.7 11 0 24 0.8 49 0.6 53 0.9 63 0.5 68 0 73 0.6 74 0.5 
3620 30 0.7 38 0.5 66 0.5 
3750 59 0.3 
3822 31 0.9 60 0.3 65 0.7 81 0.7 
3895 49 0.3 50 0.5 77 0 88 0.8 96 0 
3900 3 0.6 7 0.9 9 1 36 0 40 0.3 54 0.8 71 0.4 73 0.7 77 0.8 95 0.6 
4104 5 0 14 0.7 30 1 31 0.3 61 0 97 1 
4271 29 0 43 1 49 0.8 81 0.8 
4417 31 0.6 38 0.4 43 0.7 52 0.6 65 0.4 83 0.7 90 0.8 
4600 20 0.6 30 0 34 0 
4654 52 0.9 
4718 11 0.5 15 0.5 55 0 64 0.8 74 0.7 86 0 93 0.4 98 0 
4727 53 0.5 
4815 26 0.6 38 0.7 48 1 52 0.3 68 0 
4936 20 0.4 24 0 29 0 41 0 45 0 59 0 60 0 75 0.6 
4967 5 0 17 0.7 31 0 35 0 39 0 42 0.8 51 0.8 
5018 3 0.6 42 0.5 
5122 9 0.4 14 0.4 15 0 63 0.6 68 0.8 71 0.3 77 0.8 82 0.9 
5158 18 0 37 0 40 0.9 68 0.5 88 0.7 93 1 
5297 0 0.8 40 0 
5305 10 0.3 40 1 51 0.4 52 0.8 77 0.3 91 0.6 99 0.6 
5318 56 0.4 58 0 
5489 3 0.9 5 0.4 28 0.8 34 0.7 35 0 39 0.6 62 0.5 71 0.6 89 1 
5510 24 0.8 81 1 96 0.7 
5518 2 0.3 3 0.9 15 0 46 0.4 68 0.9 76 0.3 88 0 95 0.9 
5539 54 0.6 70 0.9 75 0.9 
5692 1 0.6 7 1 59 1 60 0 76 0.7 87 0.8 90 0.8 
5693 37 0.3 49 1 
5723 27 0.4 53 0.9 55 0.8 70 0.5 72 0.5 
5915 0 0.6 6 0.6 21 0 22 0.9 24 0.6 27 0.7 46 0.9 67 0 85 0.8 99 0.9 
5927 11 0 29 1 85 0.8 
6006 54 0.9 
6299 17 0 43 0.5 88 0.7 
6320 6 0.5 8 0 11 0 18 0.3 47 0.3 53 0.5 71 0 75 0.4 81 0 
6461 9 0 51 0 75 0 83 0 90 0.4 94 0.3 
6470 5 0 13 0.5 30 0 35 0.9 36 1 37 0 39 0.6 77 0.5 91 0.5 
6513 41 1 96 0.4 
6700 22 0.7 46 0.8 78 0 89 0.8 93 0.8 
7029 4 0.4 28 0.5 48 0.3 52 0.3 55 0 62 0.4 68 0 70 0.6 86 0.4 88 0.7 
7252 7 0.4 35 0 44 1 46 0 53 0.4 78 0.4 87 0.8 94 0.4 
7471 25 0 26 0.6 30 1 38 0.9 53 0.3 80 1 89 0.8 
7559 29 0.6 34 0.3 52 0.9 67 0.6 82 0.8 96 0.5 
7902 10 0.8 17 0.8 33 0 47 0.7 62 0.7 77 0.3 87 0.5 91 0.3 
8085 6 0.6 30 0.4 57 0.3 63 0.8 75 1 91 0.4 
8173 6 0.4 16 0.3 24 0.7 26 0.6 33 0.8 43 0 48 0.9 53 0.4 58 0.3 96 0.4 
8199 0 0 8 0 40 0 77 0.7 83 0.9 
8230 31 0.9 36 0.4 57 0.6 58 0.8 60 0 70 0.5 74 0.9 79 0 94 0.8 
8340 17 0 37 1 63 0.9 88 0.7 
8502 47 0.5 54 0.7 56 0.6 62 0.9 69 0.8 76 0 87 0 91 0.5 
8575 38 0.6 58 0.8 73 0.8 
8624 32 0.4 33 1 35 0 38 0 61 0.7 72 0 87 1 98 0.5 
8642 4 0.5 16 0 18 0.8 23 0.5 27 0 50 0.6 62 0.3 63 0.3 90 0 97 1 
8775 0 0.5 6 0.5 11 0.4 16 0.9 18 0 47 0 62 0.6 91 0.5 92 0.8 
8849 25 0.6 77 0 
8886 9 0.7 23 0 62 0 64 0.7 72 0 
9075 17 0.6 
9585 6 0.8 32 0.4 95 0 
9608 43 0.8 89 0.5 
9844 21 0.6 25 0.5 27 0 34 0.5 46 0.6 51 0.4 76 0.5 
