100
42 2 1 20 0.3 36 0.6 61 0 73 1 76 0 78 0.8 83 0.5 87 0.6 89 0.7 
127 1 0 9 0.6 11 0.6 57 0 76 0.7 88 0.4 
214 17 0.3 77 0.8 94 0.3 
233 97 0.8 
331 18 0 21 0.9 28 0.6 52 0.4 57 0.7 61 0 84 0.3 95 1 
395 33 0.7 40 0 47 0.6 58 0.5 66 0.6 67 0.9 99 0.6 
617 10 0 18 0.6 32 0.5 33 0.6 46 0 95 1 
654 7 0.7 10 0.3 46 0.7 47 0 55 0 77 0.9 84 0.4 88 0 94 1 
914 3 0 29 0.9 34 0 62 0.9 64 0.9 92 0.5 
978 68 0.6 
1008 4 0.3 79 0.8 84 0 
1087 19 0.8 68 0.9 83 0 
1088 10 0.8 37 1 45 0 47 0.7 52 0 54 0.7 61 0 65 0 69 1 78 0.5 
1297 8 0 11 0.3 86 0.3 
1315 73 0.9 91 0.3 
1356 4 0 14 0.8 23 0 38 0.5 40 0.8 62 0.8 64 0.3 71 1 82 0 
1413 2 0.5 11 0.8 28 0.4 44 0.5 72 0.9 83 0.8 88 0 97 0 
1415 26 0.8 55 0.4 96 1 
1609 1 0.8 12 0.8 19 0 29 0.4 51 0.5 53 0.8 59 0.8 77 0.3 81 0.8 99 0 
1695 12 0 
1726 9 0 21 0.3 27 0.5 45 0.7 54 0 57 0 69 0 90 0.8 95 0 99 0 
1900 6 1 15 1 29 0.7 37 0 47 0.6 62 1 72 0 76 0.3 79 0.6 89 0.9 
2000 13 0 21 0.6 42 0 43 1 47 0.6 53 0.7 59 0 85 0.9 94 0.5 
2108 0 0.5 29 1 42 0.8 46 0.3 85 0 
2160 52 0.7 83 0.8 93 0.5 
2222 1 0.6 12 0 54 0.4 57 0 66 0.4 76 0.7 82 0 85 0 99 0.5 
2308 2 0 4 0.5 10 0 13 0.9 
2469 0 0 3 0 60 0 
2543 1 0.8 3 0 21 0 29 0.3 34 0.4 72 0.9 75 0.4 79 0.4 89 0.7 
2665 3 0.3 6 0 39 0 53 0.9 97 0.3 
2726 19 0 46 0.7 57 0 82 0.6 
2784 19 0.9 30 0.5 37 0.7 43 0 65 0.9 71 0.6 95 0.5 
2816 50 0 77 0 
2964 7 0.7 10 0 74 0.5 92 1 95 0.6 
3007 13 0.7 35 0.3 45 0.5 50 0.3 72 0.3 
3022 41 0 49 0.8 85 0 
3369 23 0.8 38 0 39 0.4 45 0 
3386 15 0 51 0 73 0.7 
3428 94 0.8 
3482 21 0.7 25 0.6 30 0.5 34 0 54 1 81 0.8 84 0.8 98 0.7 
3634 4 0.6 7 0.8 11 0 54 0.7 63 0.8 87 0.4 
3718 12 0.3 14 0.9 53 0.7 74 0.4 88 0.7 
3757 14 0.9 21 0.9 27 0 30 0.8 58 0.7 67 0.8 69 0.7 88 0 89 0.7 
3888 5 0.9 11 0 17 0.5 39 0.4 67 0.8 74 0.6 77 0 89 0.3 
3919 12 0.7 14 0.3 15 0.8 23 0.5 36 1 54 0.8 93 0.5 94 0 97 1 
4072 24 1 63 0.3 66 0 84 1 
4200 6 0 42 0.7 
4459 4 0.6 19 0.5 44 0.3 61 0 
4515 9 0.5 32 0.8 77 1 78 0.4 
4597 17 0.7 21 0.4 22 0.4 49 0.7 63 1 
4663 26 0 
4786 7 0 9 0.3 11 0 29 0.6 54 0 80 0 86 0 
4861 16 0 47 0 65 0.6 67 0.5 95 0.4 
4965 27 0.9 29 0 31 0 41 0.4 50 1 52 0.6 60 0.6 72 0 92 0.4 99 0.3 
5088 4 1 69 0.5 81 0 
5279 33 1 
5598 16 0.4 18 0.4 19 0.6 22 0.4 26 0.5 80 0 81 0 86 0 
5605 6 0 8 0.8 44 0.8 87 0.4 88 0 89 0 
5730 0 0.4 13 0.7 15 0 24 0.3 35 0 54 0 72 0 78 0.9 88 0.3 95 0.3 
6110 32 0 60 0.4 
6147 6 0.9 19 0.5 27 1 29 0.7 33 0 34 0.3 40 0.7 48 0.8 
6255 4 0.5 26 1 65 0 96 0 
6738 1 0 13 1 14 0 15 0.7 44 0.7 73 0.9 99 1 
6974 20 0.3 24 0.8 25 0.3 29 0.4 51 0.7 64 0 66 0.6 94 0.5 
7291 2 0 5 0 20 0.3 29 0 34 0.3 43 0.7 60 0.7 89 0.4 
7355 8 0.7 15 0 21 0.6 40 0 49 0.8 61 1 79 0.9 
7356 8 0 10 0.9 34 0.7 35 0.3 46 0.4 66 0 79 0 93 1 
7403 2 0.8 25 0.3 29 0.5 39 0.8 51 0.8 71 0 73 0 77 1 83 0 93 0 
7407 10 0 83 0.6 
7533 8 0.7 12 0 19 1 27 1 35 0.7 45 1 47 0.9 
7615 0 0 2 0.9 14 0.3 19 0.7 23 0.4 81 0.6 90 0.6 92 0.4 
7786 3 1 6 0.9 12 0 19 0.6 42 0.4 49 0 70 0 71 0.6 85 0.9 
7814 61 0 
7924 21 0.4 30 0.7 33 0.6 
8086 3 0.7 5 0 14 0.6 48 1 52 0.4 82 0.3 83 0.3 95 0.6 99 0 
8089 90 0.6 
8171 7 0.5 10 0 12 0 19 0 37 0.5 54 0.4 57 0 72 0.9 85 0.9 88 0.5 
8354 0 0.9 12 0.4 15 0.4 17 0 40 0 54 0 65 0.6 90 0 91 0.7 
8451 3 0.8 7 0.6 22 0 27 0.5 38 0.6 39 0.4 43 0.4 69 0.3 75 0.3 
8518 7 0.6 14 0.6 16 0.4 62 0.8 70 0.9 79 0.3 86 0.3 99 0.6 
8630 4 0 28 0.4 30 0.9 40 0.4 41 1 44 0.7 67 0.3 69 0.4 74 0.8 89 0.8 
8677 6 0.3 37 0.3 61 0 65 0.9 70 0 71 0.5 
8720 5 0 46 0.8 74 0.4 86 0.9 89 0 
8752 8 0.9 9 0.8 23 0 35 0.8 39 0.6 51 0.3 
8782 39 0.3 47 0.9 76 0 82 0 90 0.7 94 1 99 0 
8864 3 0.5 8 0.8 13 0 
8954 7 0.4 9 0.9 10 0.6 14 0 59 0 
8971 10 0 13 0 64 0 76 0.3 86 0.4 99 0.9 
9041 23 0.6 53 0.9 59 0.6 86 0.8 
9074 56 0 67 0.9 
9113 19 0 28 0 34 0.4 43 0.9 51 0 65 0.8 68 0 85 0.7 91 0.7 
9235 2 0 10 0.9 19 0.5 22 0 26 1 
9287 0 0 2 0.8 52 0.8 56 0 58 0.6 61 0.6 86 0.3 93 0.6 
9420 1 0.9 16 1 32 0.4 51 0.7 66 0 88 0.4 
9516 5 0.3 6 0 10 0.9 22 0.3 47 0 52 0.9 70 0.4 74 0 86 1 88 1 
9588 22 0 
9684 18 0 37 0.8 75 0.5 77 0.3 82 0.7 95 0.7 
9747 1 0.4 23 0.3 99 0.6 
9930 6 0 12 0.4 16 0.5 40 1 43 0 50 1 52 0.9 65 0.6 80 0.4 85 0.8 
9941 0 0.3 3 0.5 10 0.9 16 0 
