100
65 5 0.8 26 0.8 43 0.7 47 0.7 96 0.9 99 1 
104 6 0.3 10 0.6 47 0.7 51 0.6 92 0.6 
159 0 0 11 0.3 15 0 17 0 18 0 22 0.7 64 0 75 0 90 0 96 0.4 
171 6 0.6 22 0.9 33 0.9 37 0.9 62 0.5 75 0.5 96 0.6 
336 20 0 28 0.6 29 0.3 33 0.8 65 0.9 76 0 
350 0 0 11 0 14 0.5 23 0.8 57 0.9 88 0.9 
464 30 0.9 
510 35 0 49 0.3 93 0.9 
544 2 1 13 0 26 1 44 0 53 0.9 57 0 60 0.6 69 0 82 0.7 
601 6 0 11 0.8 26 0 28 0 67 0 77 0.8 88 0.3 90 0.7 97 1 
748 17 0.9 19 0.7 52 0.4 58 0.3 74 0.8 84 0.6 93 1 97 0.5 99 0.4 
829 10 1 17 0 25 0.6 36 1 53 0.9 70 0.4 80 0.9 
949 0 0.8 6 0.5 7 0.4 17 0.8 35 0.5 50 0.5 52 0 77 0.8 79 0.9 81 0 
1099 19 0.4 65 0.4 69 0.4 83 0.5 
1241 14 0 49 1 
1317 26 0.4 
1350 14 1 38 0.7 68 0.4 91 0.3 
1540 0 0 6 1 13 0.8 15 0.5 17 0.6 51 0 70 0 75 0.4 80 0.3 87 0.6 
1547 78 0.7 
2056 70 0.9 79 0.7 
2114 2 0.8 18 0.8 53 0.8 57 0 77 0 89 0.6 95 0 
2146 5 0 31 0.4 83 0.8 
2198 5 0.4 45 0.9 
2249 18 0.4 
2254 15 0 39 1 95 0.6 
2332 66 0 85 0.5 
2386 9 0 13 1 14 0.9 17 0.4 28 0.9 39 0.6 54 0 63 0.6 
2477 98 0 
2800 93 1 
2807 10 0.8 22 0.3 51 0.7 70 0.8 74 0.6 88 0.3 89 0.6 92 0.8 94 0.9 
2881 34 0.9 
2975 16 0 17 0.4 39 0.5 50 0.4 62 0.7 66 0.4 79 0 98 0.9 
3007 13 0.6 35 0.9 45 0.5 50 0.8 72 0 
3171 0 1 23 0.4 34 0.4 39 0 80 0.5 82 0 87 0.8 88 0 
3212 14 0 21 0.9 35 0.9 36 0 76 0.7 87 0.3 
3229 10 0.3 21 0.9 54 0.3 63 0 71 0.3 74 1 79 0.9 88 0 
3350 90 0.5 
3683 77 0.9 
3722 20 0.7 45 0.8 56 0.6 94 1 99 0.5 
3767 2 0 15 0 
3842 4 0.6 18 0 26 0.5 
4159 13 1 18 0 26 0 34 1 61 1 
4235 12 1 20 0.5 37 0.5 42 0 48 0.5 56 0.3 66 0.7 74 0.5 84 0.4 99 0 
4378 20 0 37 1 68 0.5 94 0.7 
4410 82 0 
4416 13 0.5 24 0.8 32 0.7 68 1 70 0.9 82 0 90 0.7 
4813 16 1 28 0.8 49 0.6 
4821 22 0.4 26 0.8 31 0.5 50 0 59 0.9 61 0.4 77 0 88 0.6 98 0.3 
4846 62 0.7 
4961 1 0 16 0.3 18 0 35 0.5 39 0 40 0.9 57 0 59 0.8 89 0.6 91 0.5 
4972 20 0 58 0.3 59 0 80 0.7 81 0.6 88 0 89 0 
5013 7 0 11 0 39 0.9 77 0 91 0 99 0.8 
5177 21 0 22 0.9 23 0.3 26 0.5 37 0.4 58 0 69 0.7 94 0.3 
5230 19 0 22 0.8 24 0.7 25 0.5 43 0.7 82 0.6 92 0.5 99 0 
5239 2 0.6 4 0.6 7 0.8 52 0 62 0 73 0.5 86 0.9 96 0.7 99 0.3 
5262 32 0 93 0.5 
5277 2 0.3 3 0.7 33 0.5 37 1 39 0.3 81 0.9 90 0.9 91 0.4 
5380 79 0.6 94 0 
5475 30 0.8 94 0 
5544 16 0.6 18 0.3 47 0.4 61 0.6 98 0.7 
5741 7 0 26 0.3 29 0.7 45 0.8 49 0.6 58 0.7 59 0.6 68 0.9 
5752 4 0 18 0.3 19 0.6 36 0 46 0 48 0.8 71 0.4 72 0.7 75 0.4 81 0 
5830 18 0 25 0.6 43 1 83 0.6 95 0.9 97 0.5 
5964 2 0.5 38 1 49 0.3 59 0.8 
6341 4 1 14 0.8 67 0.9 79 0.4 
6403 24 0 26 0 29 0.5 32 0.3 76 0.4 
6446 89 0 
6711 19 0.6 32 0.3 
6721 18 0.3 34 0.3 36 0.7 40 0.8 43 0.9 53 0.3 70 0 72 0 87 0 
6975 16 0.4 35 0.8 52 0.6 67 0.6 98 0.4 
7032 22 0.5 48 0.9 58 0 64 0.7 
7169 23 0.9 51 0.9 68 0.6 87 0 
7210 16 0.3 29 0.8 65 0.4 
7284 83 0 89 0 
7288 34 0.7 36 0.6 38 0.4 42 0.5 49 0.3 76 0 79 0.9 89 1 96 0 
7382 5 0 13 1 16 0 52 0.9 59 0.3 71 0.6 74 0.6 79 0 81 0 90 0.9 
7598 13 0.4 23 0 37 0.3 50 0.7 75 0.6 84 0.5 87 0.4 
7607 46 0.3 59 0.5 65 0.4 96 0.6 
7641 13 0.3 16 0 26 0 30 0.7 36 0.4 74 0.8 84 1 92 0.8 
7653 36 0.8 46 0 
7741 10 0.7 45 0.4 61 0.4 92 0.6 
7887 5 0.3 9 1 33 0.7 50 0.7 74 0 
7923 8 0 22 0.6 37 1 62 0.7 
8111 20 0 
8170 14 0.3 22 0 57 0.7 61 1 
8386 80 0.6 
8603 33 0.9 69 0 
8772 22 0.9 63 0.5 80 0 81 0.5 83 0.3 94 0.3 
8918 2 1 6 0 10 1 17 1 19 0.7 40 1 64 0.6 79 0.4 89 0.6 91 0.4 
8928 14 0.6 
9135 26 1 59 0.3 
9141 21 0 34 0.8 37 0.9 
9194 17 0 24 0.9 32 0.8 36 0.8 47 0.8 49 1 52 0.5 63 0 90 0.4 94 1 
9395 21 0.9 51 0 52 1 54 1 
9434 3 0.5 7 0 9 0 24 0.7 49 1 57 0.9 60 1 
9666 60 0.5 88 0.4 
9727 1 0 42 0 55 1 65 0.7 74 0.8 80 0 82 0.9 99 0.9 
9876 19 0.6 21 0.8 24 0.3 44 0.3 52 0.8 56 1 73 0 82 0 83 0 87 0.6 
9888 11 0.3 14 0.9 28 0 37 0.8 41 0.3 51 0.9 58 0.3 91 0 
9944 1 0.4 5 0.9 14 0.7 60 0 90 0.6 
