100
12 9 0.5 23 1 48 1 79 0.6 89 1 
77 2 1 29 0 41 0.5 44 0.4 47 0 50 0.5 86 0.8 99 0.5 
161 9 0.8 21 0.5 36 0.8 66 0.7 94 0.8 
198 0 0 5 0.8 23 0.6 37 0.3 52 0 56 0.7 80 0.6 82 0.3 89 0.9 93 0.4 
247 9 0.8 45 0.7 73 0.6 88 0.7 93 0 96 0.6 
251 52 0 
323 3 0.5 14 0 20 0.8 48 0.4 72 0.5 
497 24 0 32 1 55 0 59 0.3 69 0.8 76 0.5 77 1 84 1 99 0 
652 23 0.8 49 0.9 51 0.8 59 0 70 0.5 77 0 89 0.3 90 0.3 91 0 
664 3 0 39 0.8 70 1 76 1 83 0 97 0 
677 26 0.3 32 0 38 0 42 0.9 74 0 77 0.7 
1152 66 0.9 67 0 68 0.6 89 1 91 0.4 
1224 18 0.3 21 1 48 0.3 
1229 20 0 30 0 40 0.8 43 0 45 0 61 0.8 84 1 90 0.7 
1251 30 1 
1371 3 0.3 4 0 16 0 27 0.4 30 0.9 37 0.6 52 0.5 65 0.5 84 0.6 
1381 4 0 5 0.3 56 0 69 0.7 77 0 84 0.5 88 0 98 0.6 
1574 16 0.5 17 0 22 0 35 0.4 43 0.4 66 0 74 0.8 75 0 89 0 
1687 36 0.5 
1738 33 0.9 44 1 45 0.7 74 0 93 0 
1811 15 0.7 39 0.6 70 0.3 
1828 1 0.6 10 0.7 27 0 42 0.9 87 1 92 0.4 
1855 12 0.8 16 0.7 63 0.9 68 0 79 0 
1949 4 0 31 0.8 49 0.8 64 0 77 0.3 89 0 96 0.7 98 0 
2148 13 0.7 31 0 36 0.3 66 0.8 
2208 15 0.7 41 0.8 92 0.6 
2302 0 0.5 25 0.3 34 0 43 0 64 0.5 80 0 88 0.8 
2326 4 0.9 17 0 25 0.9 
2379 12 0.5 49 0.3 69 0.3 70 1 75 0 79 0.7 96 0.5 
2424 13 0 16 0.4 36 0 40 1 53 0.7 64 0.8 
2432 1 0 19 0.6 21 0.4 24 1 41 0.6 44 0.4 47 0 49 0.7 76 0 98 0.9 
2502 54 0 56 0 57 0 62 0.6 78 0.8 
2598 2 0.7 40 0 47 0.5 59 1 76 0.8 
2601 14 0.3 30 0.5 38 0.9 39 0.5 47 0.8 52 0.4 72 0 90 0 99 0.7 
2606 38 0.3 56 1 
2649 0 0.6 5 0.7 37 0.7 49 0.5 57 0.5 69 0.6 
2673 11 0 12 0.5 22 0.3 23 0.3 38 0.9 60 0.6 81 0 86 0.3 
2703 4 0.3 9 1 45 0.4 60 0.6 98 0.3 
2735 65 0 
2747 62 0.6 
2811 2 0.4 5 0.5 14 0.9 19 1 34 1 55 0 56 0.3 79 1 85 0 99 0.3 
2837 27 0.4 35 0.6 42 0.6 47 0.3 68 0.4 72 0.3 73 0.6 
2904 5 0.4 37 0.8 47 0.6 74 0 83 0.9 84 0.4 98 0.3 
2987 16 0 36 0 48 0 85 0.5 89 0.6 93 1 
3038 33 0.7 63 0.5 81 0 84 0.7 
3146 15 0.7 36 0 40 0.8 92 0 
3278 41 0 
3332 12 0.8 
3354 0 0.5 8 0.9 20 0.8 21 0.5 33 0 46 0.6 52 0 55 0.9 
3373 48 0 61 0.3 
3427 19 0 55 1 62 0.9 64 0 69 0.3 90 0 93 0.6 
3528 10 0.5 14 0.4 18 0 31 0.6 44 0.7 51 0.6 77 0.4 89 0.5 
3826 50 0.7 63 0.4 
3936 3 0.6 4 1 6 0.4 21 0 24 0.4 76 1 77 0 92 1 
4101 15 0 23 0.9 33 1 40 0 61 0.4 67 0.7 69 0.8 74 0.8 84 0 93 1 
4155 1 0.6 13 0.7 30 0.6 59 0.4 65 0.4 85 0.6 
4288 21 0.7 38 0.6 39 0.6 46 0.6 53 0.5 60 0 73 0 77 0.3 
4317 19 0 26 0.4 32 0 46 0.9 56 0.8 63 0.7 65 0.8 82 0 90 0 
4416 13 0 24 0.8 32 0.8 68 0.4 70 0.3 82 0.6 90 0 
4563 63 0.7 80 0.4 83 1 
4880 7 0.9 10 0.7 22 0.7 23 1 24 0.5 32 0.4 50 0.7 73 0 80 0.4 99 0.9 
4946 9 0 44 0 51 0 61 0 88 0 94 0.4 
5040 92 0.6 
5183 26 0.6 39 0.9 51 0.3 65 0.4 
5187 29 0.4 86 0.4 93 0.3 
5289 4 0 9 0 13 0.3 31 1 35 0 47 0.3 56 0 59 0.3 73 0.9 79 0.7 
5455 21 0.4 73 0.3 80 0.9 
5723 27 0.3 53 0.9 55 0.3 70 0.3 72 0.6 
5938 2 0.8 15 1 19 0.7 85 0.7 
6075 8 0.8 96 0.6 
6153 3 0 21 1 37 0 94 0.7 
6260 61 0.4 
6442 51 0.6 79 0.4 82 0 87 0.9 95 0.9 96 1 
6629 17 0 32 0 79 0.7 
6660 8 1 33 0 35 0.9 45 0.3 51 0.9 60 0 85 0.8 
6852 13 0.8 16 0.5 22 0.7 56 0.9 72 0.4 83 0 
6965 64 0 
7112 0 0.7 3 0.8 67 0.9 79 0.5 90 0.6 
7187 14 0 53 0.3 
7252 7 0 35 0.8 44 0.5 46 0.9 53 0.9 78 0 87 0.9 94 0 
7339 26 0.9 43 0 
7579 31 0 
7921 29 0.4 40 1 42 0.6 56 0.8 57 0 69 0 70 0.9 
8060 62 0.9 74 0.6 
8089 90 0.3 
8184 6 0 10 0.9 11 0.3 21 0 36 0.9 66 0 76 0.3 84 0 97 0.5 
8387 14 0.5 
8511 12 0.6 34 0 44 1 65 0.4 75 0.7 78 0.5 95 0.8 
8616 19 0.5 48 0.7 89 0.7 
8760 23 0.8 34 0 91 0.5 
8772 22 0.6 63 0.7 80 1 81 0.7 83 0 94 1 
8984 51 0.8 64 0.9 98 0.7 
9195 0 0 7 0.5 9 0.9 10 0.8 
9227 19 0 26 0.4 28 0.5 33 0.6 36 0.9 51 0 73 0.3 77 0.7 80 0 98 0.3 
9369 61 0.8 79 0.3 83 0 
9482 43 0.6 99 0 
9769 12 0.8 40 0.9 44 0.3 52 0.7 56 0.9 76 1 96 0.9 
9919 9 0.8 32 0.6 40 0.4 46 0.6 76 0.6 87 0.3 
9965 77 0.5 88 0.4 
9977 1 0 8 0.4 16 0 22 0.8 35 0.9 46 0 55 0.6 67 0 75 0.5 96 0 
