100
22 24 0.3 41 0.8 55 0.3 64 0.6 66 0.4 
23 4 0.9 11 0.3 19 1 57 0.3 61 0.5 65 0 74 0.7 86 0.4 
50 16 0.9 79 0.7 
110 21 1 22 0 35 1 91 0.8 
123 20 0 
173 78 0.6 
228 12 0.9 
282 0 0 10 0 58 0.6 61 0 83 1 92 0 96 0 99 0.7 
288 34 1 35 0.3 38 0.4 58 0.4 67 0.9 71 0.3 
298 4 0.3 5 0.8 13 0 35 0.4 37 0 41 0.4 48 0.4 63 0.7 71 1 98 1 
362 2 0.8 22 0.8 32 0.9 93 0.5 
391 54 0.5 91 0.7 
481 11 0.5 21 0.4 34 0 41 0.4 60 0.5 
642 2 0.9 3 0.4 28 0 37 0.7 41 0.8 54 0 
775 0 0.6 53 0 66 0.8 80 0 90 0.5 96 0.8 
893 11 0.5 14 0.4 76 0 
955 29 1 38 0.5 74 0 
1062 2 0 29 0.7 
1083 9 0.9 11 0.7 50 0.7 53 0 74 0 82 1 99 0.4 
1298 23 0.5 48 0 68 0 77 0.3 90 0 94 0.5 
1311 38 0 44 1 
1393 36 1 85 0.3 
1627 48 0.5 69 0.8 70 0.3 76 0.6 84 0.9 89 0.6 90 0.4 
1744 9 0.9 18 0 33 0.9 39 0 48 0.3 51 0.7 55 0 63 0.9 92 0.9 
1807 14 0.7 31 0.6 36 0.4 
1823 3 0.5 46 0.5 47 0 61 0 72 0.6 96 0 
1848 10 0.8 13 0 31 0.6 42 0 45 0 54 0.3 55 0.8 76 0 96 0.6 
1858 32 0.3 
1889 80 0.8 
1910 2 0.5 7 0.3 28 0.7 56 0.7 62 0.9 76 0.8 86 0.6 92 0 
2029 0 0.7 8 0.8 21 0.3 26 0 38 0.7 45 0 65 0.6 94 0.6 
2111 7 0.9 32 0 55 0.3 57 1 62 0.8 73 0 
2134 26 0.3 44 0 55 0 79 0.7 89 0.9 
2209 13 0.5 
2368 29 0 36 0 45 0 77 0.6 
2372 0 0.6 13 0 16 0.3 28 0 34 0 37 0.9 50 0 62 1 78 0.9 84 0 
2428 0 0.3 1 0.5 14 0.3 19 0.6 36 0 49 0 61 1 68 0.6 94 0.8 97 0.3 
2469 0 0.9 3 0.6 60 0.6 
2884 14 0.5 48 0.7 49 0.4 57 0.3 68 0 72 0 85 0 94 0.6 95 0.7 
2891 66 0.8 78 0.5 87 0.8 90 0.7 96 0.6 
3031 10 1 45 0.8 51 0.6 54 0.8 
3056 1 0.9 
3073 2 0.9 13 0.6 31 0 52 0.3 69 0 74 0.8 89 0 94 0.4 98 0.7 
3149 66 0.3 
3179 45 0 
3302 13 1 
3337 15 0 22 0.5 50 0 54 0.8 62 1 63 0.8 71 0.5 94 0 97 0.9 
3454 4 0.4 20 0.8 32 0 49 0 58 0.9 64 0 66 1 
3516 12 0.8 13 0.7 21 0.6 42 0 59 0.6 60 0.5 68 0.6 69 0 79 0.8 98 1 
3754 3 1 5 0.6 11 0 63 0.4 68 0.6 77 0.3 86 0.9 97 0 
3849 5 1 16 0.8 21 0.7 28 0.3 50 0.3 65 1 
3886 12 0.4 16 0.9 49 0.8 53 0.3 56 0 59 0.6 75 0.8 93 0.6 99 0 
4297 0 0 11 0.5 41 0.3 57 0.7 60 0.4 67 0.9 70 0.9 72 1 76 0.3 89 0.6 
4598 8 0.5 11 0.4 40 0 58 0.8 66 0 68 0.4 81 0 
4707 1 0 18 0.9 25 0.9 35 0.3 40 0 42 0.5 53 1 57 0 
4827 5 0.9 38 0.4 43 0.7 57 0.8 62 0.5 72 0 
4993 29 0.4 30 0.9 32 0.8 35 0.7 
4994 29 0.8 
5533 14 0.9 41 0.3 42 0 49 0.5 52 1 54 0.5 61 0 
5688 3 0.6 8 0.7 26 0.6 31 0.8 38 0.6 47 0.6 59 0.5 74 0.8 87 0.6 
5696 56 0 61 0.4 65 0.3 82 0 
5719 7 0.4 12 0.4 28 0 38 1 41 0.7 52 0 53 0.7 83 0.7 
5736 4 0.7 28 0 39 0.5 57 0.3 70 0.5 84 0.5 87 0.7 96 0.4 
5968 3 0 
5999 10 0 47 0.6 60 0 80 0.3 
6018 22 0 73 0.4 84 0.4 
6263 10 0.5 12 0 31 0 80 0.6 82 0.9 
6297 4 0 10 0 23 0 26 0.3 36 1 47 0 56 0 72 0.9 84 0 91 0.5 
6317 4 0.5 12 1 42 0 57 0.4 78 0.3 81 0.3 
6669 30 0.6 31 0 36 0.5 68 0.8 81 0.6 83 1 99 0.5 
6691 33 0 81 0.8 92 0 95 0.8 
6879 2 0.5 14 0 35 0.7 46 1 49 0.3 54 1 72 0.3 75 0 84 0.7 85 0.5 
6910 6 0.7 13 0.6 21 0 26 0 32 0 82 0.4 97 0.4 
7291 2 0.8 5 0.4 20 0 29 0.3 34 1 43 1 60 0.5 89 0 
7349 76 0.4 
7397 90 0.5 
7588 2 0.3 19 0 36 0.6 57 0.6 68 0.8 
7746 10 0 65 0.7 71 0.7 
7950 49 0.7 76 0.9 
7985 6 0 13 0.7 16 1 19 0.3 41 0.3 42 0.4 48 0.6 69 1 99 0 
8064 5 0.5 31 0 56 0 
8215 7 0 10 0 19 0 27 0.8 31 0 36 0.8 67 0.8 91 0.4 
8279 4 0.3 37 0.9 57 0 67 0 85 0.5 
8340 17 0.5 37 0.7 63 0.5 88 0.6 
8386 80 1 
8455 89 0 
8585 5 0.7 18 0 38 0.8 45 0.3 47 0.7 76 0 82 0.8 
8593 49 0.5 52 0.9 
8633 7 0.3 33 0 45 0.5 52 0.7 53 0.3 76 0.4 83 0.9 85 0.5 
8696 54 0.7 67 0 
8955 38 0 40 0.3 57 0 59 0.6 91 0.9 
9109 34 0.6 39 0 62 0.3 77 1 87 0.4 98 0 
9150 6 0.7 9 0.4 43 0.7 44 0.6 46 1 82 0.3 88 0.9 97 1 98 1 99 0 
9215 18 0 26 0.6 36 0.4 40 0 45 0 48 0.7 56 1 61 0.8 87 0 
9244 6 0.5 45 0.7 61 0 66 0.5 84 0.9 94 0 
9381 10 0 23 0.8 32 0.7 54 1 61 0.7 74 0.5 79 0.7 85 0.5 99 1 
9382 59 0.8 
9391 28 0.6 44 0.9 
9748 1 0.4 55 0.7 56 1 68 0.3 78 0.8 93 0 95 1 
9954 27 0 
