100
25 6 0.8 36 0.6 47 0.6 56 0 61 0.5 68 0.7 99 0.8 
29 33 0.8 48 0.8 
38 11 0.9 22 0.8 65 0.8 86 0 87 1 93 1 97 0.3 
167 12 0 82 0.5 
181 21 0.4 30 0 33 1 61 0.4 79 0.4 82 0.9 
291 32 0 38 0.4 40 0.7 90 0.8 
377 7 0.8 9 0 85 0.6 
399 62 1 73 0 77 0.6 
401 26 0.9 36 0 53 0.6 68 0.3 76 0 83 0 87 1 91 0.5 97 0 
459 14 0 17 0.5 21 0.4 37 0 61 0 65 0.5 69 0.8 70 0 80 0.8 
586 0 0.7 1 0 18 1 30 0.6 37 0 93 0 
671 0 0 7 0.5 22 0.9 23 0.8 25 0.8 78 1 86 0.6 
693 59 0.4 
717 5 0.6 17 0 41 1 53 0 57 0.9 81 0 82 0.3 
770 2 0.6 15 0.7 23 0.3 71 0.6 86 0.3 
869 23 0.5 60 1 93 0.5 
894 2 0.6 6 0 14 0.6 59 0.5 66 0.3 73 0.6 97 0 99 0 
919 7 0.6 14 1 22 0.3 25 0.5 26 0 35 1 46 0.4 48 0.4 67 0.9 94 0.3 
981 8 1 20 0.7 22 1 31 0 57 0 69 0.6 73 0.7 99 0.5 
1268 6 0.3 25 0 34 0.3 71 0.7 79 0.4 86 0 
1324 24 0.6 55 0.4 97 0.4 
1500 0 0.9 23 0.3 26 0.4 42 1 58 0 66 0 68 0 77 0.4 79 0.4 
1540 0 0.7 6 0.3 13 0.9 15 0 17 0.8 51 0.9 70 0 75 0.5 80 0 87 0 
1613 31 0 
1615 4 0.9 96 1 97 0.7 
1642 28 0.9 36 0 66 0 75 0.8 91 0.4 93 0.8 
1744 9 0 18 0.5 33 0.9 39 1 48 0 51 0.7 55 1 63 0.7 92 0.9 
1755 3 1 23 0.6 37 0.3 64 0 75 0.7 80 0.4 85 0.4 88 0.3 89 0.3 98 1 
1875 0 0 7 0 19 0 35 0 36 0.9 50 0 51 0.7 69 0.4 81 0 85 0 
2019 6 0 11 0.5 22 0.6 37 0.8 39 0 49 0.8 58 0 87 0.3 91 0.9 96 0 
2046 37 0.6 54 0 60 0 69 0.8 
2198 5 0.9 45 0 
2318 3 0.7 25 1 26 0.3 38 0.4 44 1 51 0.7 73 0.8 79 0.8 90 0.4 
2388 88 0 
2647 14 0.8 23 0.8 59 0.4 68 0.7 
2724 1 0.5 14 0 23 0.6 39 0 62 0.7 75 0.6 94 0 
2772 77 0.3 
2843 9 0.8 10 0 27 1 43 0 66 0 75 0.6 86 0.5 87 0.4 
2883 4 0.7 33 0.7 51 0.5 83 0.7 
2945 5 0.3 20 0.4 30 0 33 0.6 46 0.9 68 1 79 0.4 85 0.8 94 0 
3000 13 0.7 42 0.6 45 0.7 73 0 97 0.3 
3298 38 1 56 0.8 64 0 89 1 90 0.6 
3516 12 0.9 13 0 21 0 42 0.4 59 0.9 60 0 68 0.3 69 0 79 0 98 0.5 
3629 5 0.6 39 0.3 45 0 65 1 66 0 71 0.7 83 0.3 
3753 1 0 17 0 25 0 28 0.7 34 0.8 61 0.3 78 0 95 0.9 96 0.7 
3787 5 0.3 6 0 9 0.4 19 1 22 0.8 35 0.7 36 0.4 63 0 69 1 
3880 0 1 33 0.7 56 0 60 0 85 1 93 0 95 0.7 
4030 25 0.7 95 0.6 
4040 13 0.8 52 0 54 0.7 61 0.4 65 1 68 0.3 83 0 89 0.5 91 0 
4108 15 0.6 21 1 
4371 3 1 11 0.8 12 0.7 35 0.4 42 0 92 0 
4410 82 0 
4412 26 0.5 83 0 
4647 0 0 11 0 59 0.5 87 0.5 
4666 15 0.8 19 0.6 31 0.8 48 0.7 58 0.8 65 1 75 0 80 0 81 0 
4688 77 0.4 81 0.9 
5013 7 0.5 11 0.8 39 0 77 0.4 91 0.9 99 0.6 
5276 1 0.5 6 0 18 0 25 0.7 27 0.5 57 0.6 82 0.8 
5518 2 0.7 3 0.9 15 1 46 0.6 68 0 76 0.5 88 0 95 0 
5577 5 0.7 28 1 30 1 79 0.9 86 0.6 97 0.8 
5741 7 0.4 26 0.7 29 0.6 45 1 49 0.6 58 0 59 0.5 68 0 
5767 20 0 24 0.6 37 0 66 0.8 70 0.3 85 0.7 
5772 3 0.9 15 0.8 38 0 87 0 89 0.8 
5828 12 0.9 24 0.8 35 0.9 39 0 53 0 65 0 74 0 
6113 6 0 14 0.9 31 0.3 48 0.4 64 1 98 0.6 
6123 43 0.6 51 0.5 85 0 
6138 29 0.9 38 0.3 42 0.3 54 0 78 0 84 0.7 88 0.5 96 0.4 
6206 42 0.8 43 0.6 46 0.3 59 0 70 0.9 
6598 10 0.5 29 0 30 0 39 0.4 41 0.3 51 0.3 56 0.6 61 0 
6804 6 0 10 0 33 0.8 36 0.7 40 0 47 0.5 52 0 54 1 74 1 
6950 8 0.9 10 0.6 37 0.4 53 0.9 72 0.3 76 0.3 93 0.6 97 0.8 
7138 63 0.3 
7271 1 0.4 18 0.5 41 0 46 0.6 49 0.8 56 0.4 72 0 74 0 97 0.6 
7279 9 0 14 0 29 0.3 58 0.4 83 0.4 88 0.8 
7334 43 1 48 0.9 51 0.8 80 0.4 
7557 3 0.3 7 1 23 0.3 27 0 31 0.4 46 0.9 53 0.8 61 1 70 0.4 83 0.5 
7585 26 0.9 47 0 72 0.4 83 0.9 92 1 
7776 1 0 10 0.8 30 1 35 0.6 41 0 62 0.5 63 0.8 66 1 67 1 93 0.5 
7975 9 0.5 13 0.4 62 0.4 78 0.4 
8028 2 0.5 15 0.3 59 0 66 0.5 83 0.5 84 1 87 0.7 
8054 1 1 6 0.7 23 0.8 34 0.8 40 0.9 44 0.8 45 0.7 65 0.9 82 0.8 94 1 
8111 20 0.6 
8119 0 0.6 31 0.6 32 0.6 54 1 57 0.5 68 0.9 94 0.7 
8123 7 0.7 9 0.3 21 0.5 22 0 53 0.8 66 0 68 0.8 74 0 88 1 89 0.7 
8237 11 0.9 13 0.3 52 0 69 0 77 0.4 
8262 42 0 69 0 85 0 
8362 32 1 66 0.8 70 0.4 74 0.7 76 0.3 95 0 
8378 18 0 33 0.5 61 0.9 77 0.8 
8557 11 0.8 24 1 42 1 86 0 87 0.3 
8718 21 0 33 0.6 37 0.7 39 0.6 60 0.8 86 0.4 
9126 3 0.4 11 0.9 21 0.4 49 0.3 55 0 58 0.5 68 0.7 89 0 
9148 8 0 10 0 19 0 25 0.4 29 0 31 0.5 42 0.8 43 0.6 75 0.8 93 1 
9172 23 0.8 25 0.6 31 0 46 0.4 56 0 59 0 71 0 77 0.3 
9183 3 0 7 0 32 0.3 34 0.6 37 1 54 0 72 0.8 73 0.3 89 0.7 99 0 
9259 24 1 
9475 70 0 
9691 10 0.6 13 0.3 14 0.4 16 0 36 1 43 0 52 1 85 0.5 87 0.6 
9731 14 0.9 22 0.4 45 0.7 52 0 54 0 62 0 77 0 79 0 84 0.5 
9837 27 0.9 
9915 99 0.8 
