100
190 5 0.6 22 0.5 44 0 46 1 61 0.7 79 0 
209 2 0.6 23 0 27 0.5 57 0.3 
216 4 0.3 8 0.4 35 0.7 37 0.4 
262 3 0.6 10 0.9 16 0.3 42 0.5 70 0.3 71 0.3 79 0.5 87 0.6 89 0.3 
352 4 0 16 0.4 24 0.8 35 0.9 38 0.8 40 0.9 41 0.5 58 0.5 92 0.5 
584 0 0.6 5 0 15 0 49 0.6 93 0.6 
703 58 0.9 
902 17 0.6 22 0 30 0.9 52 0 54 0.3 79 0.5 
929 5 0.7 8 1 30 0.4 43 0.8 57 0.6 76 0 81 0.7 
1067 3 0 31 0 47 1 48 1 60 0.5 67 0.9 71 0.8 73 0.4 91 0.6 
1080 6 1 10 0 15 0 61 0.4 72 0 
1100 7 0.3 42 0 50 0.4 54 0.8 79 0.8 84 0 99 0.5 
1272 15 0.4 22 1 31 0.4 36 0.6 56 1 57 0.3 58 0 65 0 86 0.6 88 0.9 
1305 80 0.7 87 0 
1395 27 0 47 1 57 0 60 0 87 1 88 0.9 90 0 96 0.7 
1401 8 0.6 
1474 9 0.6 29 0 
1637 7 0 23 0.6 30 0.6 88 0.4 
1684 99 0.8 
1781 5 0 7 0 12 0.5 14 0.3 57 0.6 71 0 
1805 8 1 75 0.4 85 0 
1819 34 0 72 0.5 97 0 
1832 10 1 29 0.9 41 0.3 43 0 44 0.7 49 0 
1874 23 0.4 34 0.4 42 0.9 47 0 51 0.3 61 1 62 0.7 89 0.7 99 1 
1994 95 0.3 
2000 13 0.7 21 0.5 42 0.6 43 0.3 47 0.6 53 0.4 59 0 85 0.5 94 0.5 
2032 17 0.6 61 0.9 94 0 
2106 1 0 7 0 15 0.8 25 0 48 0.6 51 1 64 0.7 72 0.5 95 0.3 
2136 0 0.7 20 0.7 21 0.8 30 0.4 35 0.6 42 0.9 43 0.7 61 0 62 0.6 79 0.7 
2331 12 1 17 0.5 23 0.5 52 0 54 0 59 0.7 85 0 86 0.9 95 1 
2338 2 0.5 44 0.8 53 0.7 69 0.4 75 0.7 82 0.8 
2378 81 0.3 
2411 24 0.4 28 0.9 30 0.6 49 0 68 0 72 0.8 
2556 9 0.6 10 1 21 0.4 24 0.8 25 1 45 0 53 0.6 81 0.5 
2597 1 0.8 16 0.5 22 0 25 0.8 81 0 83 0 
2602 80 0.3 
2678 75 1 
2733 3 0 54 0.6 79 0 81 0.6 82 0.7 88 0 
2877 1 0.8 46 1 73 0 79 0.4 90 0.7 
3047 30 0.9 54 0 
3084 6 0 12 0.6 31 1 39 0.4 86 0.9 88 0.4 
3125 39 0.4 51 0 56 0.7 59 0.6 61 0.9 64 0.5 70 0.9 78 0.6 90 0.8 
3213 10 0.7 14 0.7 25 0.8 63 0 76 1 
3358 5 0.6 13 0.6 14 1 48 0.9 61 1 63 0.6 89 0.3 96 0 
3375 3 1 10 0.9 34 0.7 
3391 19 0.7 26 0.6 42 0.6 50 0 60 1 67 0.5 70 0.5 
3716 5 0.6 9 1 20 0.8 70 0 72 0.8 98 0.3 
3816 0 0 5 0 20 0.8 44 0.3 69 0.5 78 0.6 95 0 96 0.8 
3833 12 0 66 0.6 68 0.7 86 0.8 92 0.3 
4191 1 0 95 1 97 0.4 99 0.8 
4405 14 0.6 54 0.3 82 0 96 0.5 
4421 8 0.8 37 0 47 0 53 1 58 0.6 60 0.9 62 0 65 0.6 92 0.6 98 0 
4437 17 0.8 79 0.5 86 0.4 88 0 
4459 4 0.5 19 0.7 44 0 61 0 
4634 5 0.3 18 0 24 0.3 25 0.9 30 1 55 0.5 67 0.5 85 1 95 0.6 
4747 0 0 2 0 40 0 42 0.7 48 0 62 0 72 0.6 94 0 95 1 98 0 
4806 2 0.3 65 0 70 0 
4809 2 0.3 9 0.5 16 0.5 
4812 28 0.5 52 0.7 62 0.3 
4849 0 0.4 2 0.6 32 0.9 36 0 48 0.8 70 1 72 0.8 78 0.3 
4872 24 0.9 30 1 56 0.8 86 0.7 92 0.6 98 0.5 
4968 70 0.3 77 0.8 86 0 
5000 27 1 
5032 0 0.3 6 0.9 75 0.9 89 1 
5168 18 0.4 
5199 24 0 33 0.7 74 0.8 88 0.5 
5206 13 0.7 39 0 46 0.8 48 0 56 0.3 96 0.6 
5367 12 1 20 0 46 0.4 49 0 62 1 89 0.8 
5381 6 0.5 8 0.7 17 0.4 40 0.5 44 0 71 0.7 88 0.4 
5467 1 0.9 4 0.5 7 0.6 40 0.6 43 0.7 48 0.7 71 0.6 83 0 86 1 92 1 
5833 16 0 25 0.5 67 0 72 0 96 0.7 
5851 3 0.6 53 0 55 0.7 74 0.6 75 0.4 78 0.3 96 0.4 
6022 3 0.8 14 0.4 19 1 78 0.8 84 0.9 
6052 13 1 15 0.6 18 0.7 33 0.4 45 0.6 71 0.8 79 0 86 0.4 89 1 95 0.7 
6190 0 0.4 15 0.6 47 0.5 54 0.7 69 0.7 86 0.9 88 0 98 0.7 
6212 19 0.7 62 0 91 0.8 
6386 0 0.6 2 0 3 0 19 1 45 0 56 0.6 58 0 69 0.8 90 0.8 
6417 3 0.7 49 0.6 
6870 4 0.7 10 0 20 0 30 0 37 0.3 40 0 59 0.7 78 1 
6916 54 0 55 0.4 86 0.4 89 0 
7009 77 0.4 
7154 50 0.7 
7409 16 0.4 61 0 62 0.4 65 0 97 0.8 
7424 13 0 28 1 82 0 
7605 14 0 28 0.9 92 0.9 95 0.7 
7734 85 0.7 99 0 
7799 3 0.7 39 0.8 46 0.7 54 0.8 67 1 70 0.8 94 0.8 98 0.7 
8011 48 0.5 70 0.7 76 0.9 
8018 0 1 4 0 15 1 30 0.3 36 1 57 0.3 62 0.5 63 0.5 73 0.3 75 0 
8052 35 0.8 
8055 76 0.9 91 0.3 
8213 9 0.8 20 0 23 0.9 33 0.9 35 0.4 39 0.4 57 0.8 60 1 95 0 
8376 4 0 7 1 17 0.7 27 0.6 28 0.4 30 0.4 61 0.4 82 0 
8568 27 0.8 50 0.9 75 0.9 
8688 11 0 29 0 44 0.4 71 0.3 72 0 93 0 96 0.8 
8697 1 0.8 2 1 11 0 16 0.7 21 0.7 27 0 50 0.6 63 0.4 69 0.9 89 0.3 
8806 99 0 
9005 20 0.4 29 0.8 40 0 65 0.8 89 1 95 0 98 0 
9406 24 0.3 28 0 53 0 67 0.3 80 0.8 81 0 85 0.8 95 0.6 96 0.7 
9635 21 1 28 0 61 1 77 0.7 85 0.8 87 0 
