100
96 0 0 2 0.5 37 0.7 53 1 68 0.7 
284 72 0 87 0.6 
300 2 0.4 46 0.7 63 0.9 65 0.7 72 0.8 
363 22 0.3 
369 14 0 37 1 41 0.5 76 0.9 
370 12 0.7 34 1 36 0.3 44 0.7 65 0 70 0.5 92 1 95 0.6 
422 49 0.4 50 0.4 64 1 67 0.8 90 0.4 
572 0 0.3 4 0.9 18 0.3 38 0 75 0.3 
641 10 0 20 0.6 21 0.6 37 0 46 0 64 0.3 72 0.6 75 0.6 76 0.8 97 0.7 
714 11 0.9 35 0.4 46 0.7 
877 88 0 
886 1 0 4 1 44 0 45 0.3 49 0 67 0 83 0.5 96 0.3 
893 11 0.8 14 0.6 76 0 
936 4 0.3 7 0.8 9 0 23 0.8 50 0.4 66 0.7 86 0.9 95 0 
1194 2 0.3 15 1 41 0.3 98 0.9 
1211 18 0.6 27 0.8 28 0.4 36 0 68 0.3 71 0.8 88 0.5 
1215 1 0 2 0.3 6 0.4 61 0 64 1 66 0.7 93 0.6 94 0.5 
1303 1 1 36 0.7 38 0 66 1 83 0.6 87 0.4 89 0.3 95 0.3 
1611 27 0.3 85 0.7 
1680 15 0 18 1 43 0 44 0.9 58 0 
1695 12 0 
1729 11 0.7 34 0 55 0.8 63 0 71 0.5 81 0.9 
1790 26 0.9 40 0.7 53 0 64 0.3 
2050 34 0.6 77 0.5 
2104 9 0.5 13 1 14 0 40 0 63 1 68 0.9 85 0.9 93 0.9 
2138 7 0.5 40 0.5 78 0.8 
2194 24 0.5 67 0.3 77 0.9 97 0 
2233 8 0 42 0 48 0.7 58 0 61 0 75 0 94 0.7 
2367 8 0.6 13 0.8 25 0.7 39 0.3 43 0.7 49 0.9 62 0.8 68 0.9 74 0.9 94 0.7 
2640 16 0 29 0.5 41 1 72 0 75 0.4 85 0.6 
2651 13 0.4 41 0.9 46 0.8 47 0.9 51 1 55 0 72 0.3 73 0 86 0 98 0.6 
2684 18 0.6 
2692 42 0.9 66 0 
2697 2 0.4 7 0 21 0.8 48 0.5 83 0 91 0 94 0.4 97 0.3 
2715 8 0.9 26 0.8 54 0.4 58 0.9 98 0.5 
2793 19 0 56 0 
3160 32 0.3 48 0 58 0.7 65 0.8 
3202 47 0 65 0.6 
3249 16 1 23 0.8 48 0.7 70 0.4 90 0.7 96 0 
3357 11 1 38 0.4 47 0 73 0.6 90 0.5 
3504 11 0.9 22 1 51 0 54 1 88 0.7 90 0.6 98 1 
3509 1 0 19 0 29 0.3 38 0.7 44 0.4 52 0.5 59 0.4 62 0.4 83 0.7 
3572 3 0.4 4 0 9 0.3 54 0 68 0 69 0.9 83 0.5 84 1 88 0 
3689 20 0.6 64 0.9 71 0.8 75 0.9 
3698 20 1 26 0 61 0.6 86 0 87 1 94 0.3 
3952 6 0.5 11 0 26 0.9 27 0.8 66 1 74 0.9 80 0.6 92 0 97 0.6 99 0 
3970 46 0.4 53 0 
4009 8 0 33 0.7 54 0 81 0 94 1 
4063 3 0.4 6 0.8 12 0 20 1 75 0.8 77 0 79 0 
4077 26 0.8 27 0.8 31 0.4 55 0 99 0.8 
4149 24 0.9 29 0 30 1 41 0.5 58 0 65 0.5 71 0.3 94 0 
4745 25 0 46 0.6 70 0.5 98 0.5 
4839 7 0.3 43 0.4 54 0.8 63 0.6 70 0 78 0.9 91 0.8 99 0.5 
4852 0 0 1 1 8 0 10 0.6 21 0.7 32 0 56 0.6 59 0.8 80 0.9 90 0.9 
4886 4 0 40 0.9 94 0.8 
5072 34 0.7 74 0.5 82 0.9 92 1 
5196 10 0.9 59 0.5 
5286 7 0.4 10 0.3 15 0 25 0 47 0 80 0.8 
5344 16 0.6 21 1 29 0.5 71 0.9 99 1 
5598 16 0 18 0.6 19 1 22 0.5 26 0.6 80 0 81 1 86 0.3 
5660 11 0 28 0.8 
5683 14 0 23 0 65 0.9 67 0 69 0.8 89 0 95 0.5 
5693 37 0 49 0.5 
5750 24 0.3 70 1 76 0.7 
5878 8 1 35 0.9 69 0.8 
6120 3 0.3 5 0.7 46 0 53 0.9 56 0.3 68 0 74 0 91 0 93 0.5 
6131 8 0.6 14 0.5 23 0.6 36 0 44 0 64 0.6 98 0.4 
6155 1 0.7 39 0 68 0.7 77 0.4 94 0.6 
6156 28 0.5 32 0.8 33 0.3 58 0 78 0.5 89 0 93 0 
6270 44 0.7 61 0 64 0.4 80 0.5 
6284 0 0.8 26 0.6 32 0.3 67 0.5 87 0 
6446 89 0.9 
6516 4 0.3 
6721 18 0.4 34 0 36 0 40 0.5 43 0 53 0 70 0.8 72 0 87 0 
6748 82 0.9 97 0 
7018 7 0 24 1 30 0 41 0 48 0.4 
7163 41 0.6 94 0 
7228 44 0.5 93 1 
7258 2 0 9 0.4 33 0.6 42 1 65 0 77 0.3 84 0.9 
7329 12 0.4 19 1 36 0.8 45 0.8 60 0.9 80 0.3 86 0 
7345 80 0.8 
7500 3 0.5 
7502 55 0.4 87 0 
7606 10 1 13 0 19 0 24 0.4 26 0.9 32 1 55 0 69 0.4 84 0.7 99 0 
7933 12 0.4 27 0.7 43 0.3 78 1 80 0.7 88 0 99 0.9 
8075 5 0.9 95 0.9 
8090 2 0.3 3 0.6 6 0.5 11 0.8 15 0 25 0.9 60 0.8 77 0.9 80 0 97 0 
8151 29 0.7 61 0.5 81 0.3 92 0.7 
8177 16 0.8 42 0.6 46 0.9 51 0.3 59 0 62 0 
8290 37 0.6 46 0.7 66 0 83 0.5 85 0.3 86 0 92 0.4 
8339 36 0.9 38 0.9 48 0 49 1 63 0 74 0.7 83 0.6 90 0.4 
8348 0 0 8 0 15 0.6 22 0.4 33 0.3 63 0.3 77 0 83 0.6 97 0.3 
8732 39 0 50 0.5 58 0 
8841 5 0.6 56 0.7 82 0.6 94 1 
8914 2 0.5 22 0.8 30 0.6 40 0.6 50 1 52 0 53 0.5 63 0 69 0 90 1 
9135 26 0.5 59 0.4 
9318 92 1 
9615 21 0.9 38 0.3 86 0.9 
9766 6 0 17 0.3 
9976 2 0 9 0.7 30 0.6 31 0.7 36 0 37 0 57 1 58 0.3 60 0.6 76 0 
