100
120 3 1 5 0 35 0.5 37 0 
326 3 0.5 6 0.5 20 0 55 0 79 0.6 
370 12 0.4 34 1 36 1 44 0.9 65 1 70 0 92 0.7 95 0.3 
373 78 0 90 0.6 
541 13 0 14 0.4 25 0.9 29 0 50 0.6 54 0 82 0.5 90 0.9 92 0 
704 0 0.8 24 0.8 83 0 85 0.8 87 0.4 
749 18 0.9 21 0.5 51 0 52 0.6 64 0.9 
1016 2 0.3 10 0.4 28 0.6 43 0.7 51 1 56 0.9 62 0.7 71 0.5 94 0.7 98 0 
1051 70 0.4 84 0.9 91 0.4 94 0.7 
1079 4 0 15 0.5 22 0 33 0.6 59 0 94 1 
1286 38 0 52 0.7 75 0.5 83 0 87 0.6 98 0.9 
1331 6 0.9 39 0 47 0.4 52 0.7 57 0 74 0 78 0 90 0 
1365 64 0 
1405 94 0.8 
1422 40 0.4 
1485 7 0.9 49 0.8 74 0.9 81 0.7 
1492 50 0.9 
1593 22 1 33 0.7 35 0.4 47 0 54 0 63 0 78 0.4 
1784 53 0.6 93 0.4 95 0 
1806 0 0.3 16 0 24 0.7 39 0.7 55 0.7 83 0.8 
1816 31 0.6 35 0 49 0 64 0 98 0 
1840 53 0 69 1 
1948 27 0.4 32 0.6 40 0.9 54 0.4 67 0.3 68 0.3 82 0.7 
2070 31 0.6 50 0.9 52 1 57 0.5 64 0.4 81 0 
2116 12 0.7 42 0.5 62 0 79 0.5 
2119 42 0.4 53 0.8 98 0.9 
2211 15 0 94 0.8 
2273 1 0.4 22 0.4 26 0.8 27 0 28 0 58 0.7 67 0 72 0.3 81 0.8 88 1 
2428 0 0.4 1 0.4 14 0.9 19 1 36 0 49 0.8 61 0.6 68 0.8 94 0 97 0.9 
2470 48 0.4 86 0.6 
2528 5 0.4 18 0.6 65 0 78 0.5 
2574 14 1 17 0 37 0 58 1 62 0.6 78 0 88 0 
2594 9 0.3 24 0.8 37 0.9 49 0 52 0 54 0.6 59 0.3 65 0.5 97 0 
2598 2 0 40 0 47 0 59 0.8 76 0 
2673 11 0.7 12 0.8 22 0 23 0 38 0 60 1 81 0.7 86 1 
2715 8 0 26 0.6 54 0.4 58 0 98 0 
2739 3 0 18 0.6 30 1 34 0.3 47 0.7 67 0 70 0.9 79 0.8 82 0.6 
2860 7 0.4 46 0 50 1 94 0.3 
2894 23 0.3 95 0.7 
3077 6 0.6 
3117 16 0.6 21 0.8 23 0.9 31 0.7 36 0.3 42 0.9 45 1 54 0.9 98 0.7 
3159 1 0.3 51 0.9 57 0.8 95 0.7 
3233 11 0.4 14 0 15 0.8 28 0 66 0.3 69 0.4 71 0 78 0 81 0.8 
3277 88 0 
3428 94 0 
3868 54 0.6 
3883 30 0.5 48 0.7 73 0.9 81 0.3 
3908 80 0 85 1 
4152 21 0.3 60 0.6 66 1 84 0 91 0.4 
4160 23 0.7 
4283 1 0.3 2 0 6 0.9 13 0.5 38 0.7 
4341 18 0.5 32 0.5 61 1 65 0 78 0.3 92 0.8 
4412 26 1 83 0 
4565 0 0 22 1 40 0.6 
4592 6 0.8 16 0.3 47 0.4 78 0.8 95 0.7 
4622 44 0.4 
4746 3 0.9 10 0.7 81 0 
4965 27 1 29 0.5 31 0.4 41 0 50 0.8 52 0.5 60 0.4 72 0.4 92 0.3 99 0.8 
5028 1 0.5 6 0.5 18 0.7 20 0.9 32 0 45 0.3 73 1 82 0.6 91 0.3 
5061 0 0.6 
5115 26 1 32 0 
5166 1 0.8 3 0 25 0.5 29 0 67 0.7 77 0.8 
5181 4 0 8 0 49 0 54 0.7 58 0.5 63 0.9 
5231 22 0.9 38 0 39 0.9 47 0 48 0.5 91 0.4 96 0 
5306 31 0 
5343 18 0.9 22 0.4 25 0.7 34 0.5 57 0 
5362 12 0.9 23 0 25 0.3 35 1 40 0.8 44 0.7 46 0 82 0.3 94 0.5 
5534 0 0.7 20 0.3 24 0 31 0.9 42 0.5 49 0.6 56 0.3 65 1 
6125 31 0.7 38 0.7 42 0.5 43 0.4 50 0.5 51 0 74 0.8 79 0.7 84 0.7 88 0 
6127 0 0 3 1 4 0.5 7 1 13 0 60 0 
6251 11 0.9 47 0.5 60 0.8 
6440 22 1 36 0.5 70 0 83 0 
6458 33 0.7 58 0.5 85 0 90 0.5 
6605 9 0 49 0.9 57 0.5 64 0.4 80 1 82 0 83 0.9 92 0.5 
6659 2 0.4 27 0.3 56 0.7 61 0.8 71 0.3 79 1 81 0.3 82 0 94 0.5 95 0 
6698 2 0 16 0 20 1 36 0.4 38 0 61 0.9 64 0.3 80 0 81 0 98 0.3 
6845 14 0.3 57 0 62 0 64 0.9 89 0.8 
7339 26 0.8 43 0 
7413 43 0 75 0.7 
7505 2 0 3 0.8 11 0 28 0 54 0 61 0.8 83 0.9 88 0.3 
7518 24 0 45 1 52 0.6 60 0 70 0.5 
7552 9 0.4 14 0.3 18 0.3 26 1 29 0.6 47 0.7 67 0.5 70 0.5 82 0.9 89 0 
7662 11 0.8 15 0 61 0 66 0.9 68 0.5 74 0.7 77 0.9 90 0.7 92 0.8 
7728 22 0 24 0.7 65 0.9 67 0.9 
7914 4 0 26 0.7 29 1 40 0.5 47 0 56 0 61 0.9 67 0.9 
7984 15 0.6 19 0 21 0 44 0.6 74 0 80 0.6 82 0.9 86 0.5 99 0.3 
8482 26 0 45 0.7 58 0 87 0 
8496 28 0.8 50 0.4 83 0.8 93 0 
8522 1 1 31 0 33 0.8 72 0.8 96 0.3 
8553 9 0.4 87 0.3 90 1 
8612 8 0.9 9 0.7 57 0.5 
8660 15 1 47 0.9 57 0.3 
8884 5 0.5 18 0.4 36 0.9 56 0.3 57 0.5 64 0.3 79 0.5 82 0 88 0.6 94 0.5 
8971 10 0.4 13 0 64 0.7 76 0.3 86 0.6 99 0 
8989 48 0.7 67 0.4 69 0 88 0.4 89 0 
9147 1 1 14 0.8 43 0.6 53 0.4 55 0 57 0.7 72 0.6 75 0.9 
9503 5 0.8 15 0.6 22 0.4 31 0 40 0.8 43 0 44 0.7 51 0.3 98 0 99 0.8 
9751 13 0.4 23 0.6 29 0.6 41 0 44 1 49 0 93 0 96 0 
9787 10 0.6 30 1 37 0.9 39 0 47 0.7 69 0.3 77 0.5 79 0.9 91 0.7 
9974 22 0.5 40 0.7 52 0.8 72 0.7 73 0.9 98 0.3 99 0.9 
