100
4 2 0.9 7 0.3 18 0 22 0 30 0.5 36 0 57 0.5 68 0.3 
36 4 0.7 11 0.9 21 0.6 33 0.9 41 0 53 0.8 55 0.6 57 0.8 78 1 97 0 
38 11 0 22 0 65 0.4 86 0 87 1 93 0.8 97 0.4 
141 53 0.8 64 1 83 0 
215 28 0 64 0.8 94 0 
255 11 0.8 
479 1 0 13 0.6 18 0.5 27 0.8 43 0.7 70 0 92 0.8 94 0.6 
636 10 0.6 35 0 42 0.6 52 1 66 1 71 0.6 90 0.5 94 0.8 
638 6 1 27 0.9 52 0.9 54 0.7 81 0.8 84 0.3 
736 23 0 71 1 99 0.5 
742 12 0 31 0.4 36 0.8 39 0 58 0.7 87 0.9 
797 0 0.9 22 0.3 28 0 36 0.8 41 0 46 0 59 0 
807 26 0 36 0.7 49 0.9 53 0.3 73 0.8 77 1 86 0.6 95 0.6 
973 5 1 22 0.7 23 0.6 35 0.9 50 1 67 0.9 77 0.4 82 0.3 88 0 
1125 11 0 35 0.6 47 0.7 77 0 82 0 
1138 6 0.3 18 1 29 1 
1191 25 0.4 
1259 18 0.6 47 0.7 48 0 51 0.3 66 0.4 70 0.9 90 0 
1610 21 0.8 51 0.4 63 0 77 0 84 0.8 
1634 63 0.7 87 0 
1636 0 0 32 0.6 94 1 
1680 15 0.8 18 0 43 0 44 0.7 58 0.7 
1825 88 0 
1935 11 0 18 1 27 0 36 0 39 0.8 59 0.8 
2118 4 1 
2208 15 0.3 41 0 92 0 
2262 2 0.4 18 0.4 22 0.5 34 0.7 42 0.4 77 0.9 78 0.9 82 1 84 0.8 85 0.6 
2267 29 0.6 51 0.8 
2440 57 0.4 
2446 72 0.9 
2520 8 0.3 13 0.3 40 0.3 69 0.5 75 0.6 82 0.6 83 0.7 86 0.7 91 0.3 
2692 42 0 66 0 
2773 11 0.3 12 0.5 44 0.9 47 0 52 0.4 56 0 61 0 73 0 74 0.5 93 0.8 
2830 0 0 13 0.7 19 0.4 53 0.8 71 0.3 83 0 86 0.9 
2847 2 0.3 6 0.3 19 0 21 0 46 0.7 66 1 69 0.5 74 0.8 
2866 2 0.6 19 0 42 0 53 0.6 61 0 64 0.4 71 0.3 80 0 
2921 46 0.4 53 0 66 0.5 73 0.8 93 1 
3023 33 0 46 0.7 81 0 82 1 88 0.9 91 0.3 97 0.5 
3098 13 0.4 56 0.5 62 0.3 89 0 90 0 91 0 
3325 3 0 10 0 32 0.5 48 0.3 67 0.9 74 0.6 94 0.6 
3487 8 0 60 0.3 63 0.7 66 0.7 70 0.3 73 0.7 89 0.8 91 0.8 
3604 11 1 82 0.5 
3618 3 0.5 4 0.4 6 0.4 20 0.5 37 0.7 48 0.3 
3734 7 0 52 0.8 55 1 72 0.8 73 0.9 75 0.6 90 0 
3757 14 0.9 21 0 27 0 30 0.3 58 0.4 67 0.8 69 0.7 88 0 89 0.5 
3791 23 0.6 24 0 75 0.8 
4294 1 0.8 14 0.5 29 1 34 0.7 79 0.7 90 0 
4303 40 0.6 
4362 33 0.9 40 0.3 51 0.4 59 0.7 65 0.4 69 0.5 87 0.6 92 1 98 0 
4368 72 0.6 78 0.3 
4415 20 0 45 0.7 77 0.7 80 0.4 89 1 92 0 
4497 8 0 9 0 16 1 43 0 64 0.8 86 0 87 0 89 0.5 97 0.4 
4741 31 0.8 44 0.7 56 0 
4863 50 0.6 56 0 
4875 5 0.9 13 0.5 19 0.3 21 0.9 35 1 47 0.9 94 0.6 
4964 8 0.4 9 0.7 38 0.9 41 0.8 42 0 61 0.9 78 0 
4968 70 0 77 0.4 86 0.6 
4986 16 0.7 30 0.6 46 0.9 55 0.3 95 0 
5024 14 0.3 31 0.5 42 1 52 0.9 77 0 87 1 
5065 10 0 25 0.8 37 0 53 0.3 68 0 
5194 4 0.5 8 0 65 0.6 82 0 86 0.8 
5238 1 0.3 2 0.4 5 0.5 65 0.9 
5262 32 0 93 0.9 
5308 10 0.3 36 0 46 0.5 51 0.8 61 1 
5319 95 0.8 
5484 80 0 
5544 16 0.8 18 0.4 47 0.8 61 0.4 98 0.5 
5654 0 0.4 17 0.7 41 0 42 0.9 48 0.7 56 0.6 70 0 77 0.8 94 0 98 0 
5931 27 0 37 0.3 55 0.3 60 0 82 0.9 88 0 
6118 8 0.7 88 0.6 
6262 18 0.4 27 0.9 38 1 46 0.4 47 0.3 50 0.4 63 0.9 74 0.3 
6454 92 0.7 
6470 5 0.7 13 0 30 0 35 0 36 0.3 37 0.6 39 0.7 77 0.6 91 0.7 
6596 3 0.5 4 0 34 0 43 0 66 0.8 70 0.3 71 0.5 
6850 10 1 34 0.7 87 0.5 95 0.8 
6885 1 0.4 7 0 41 0.6 51 0 53 0.7 63 1 90 0.8 91 0.6 95 0.8 97 0.4 
7101 4 0.9 11 0.7 35 0.9 56 0.5 89 0.5 90 0.5 
7121 13 0.8 18 0.9 23 0.7 
7181 25 0.8 27 0.3 29 0.3 35 0 51 0.4 57 0 73 0.3 77 0.9 
7187 14 0.4 53 0.5 
7333 0 0.8 11 0.8 23 0 44 1 58 0.4 74 0 
7348 47 0.3 66 0 69 0.9 
7464 33 0.3 
7504 29 1 62 0 80 0 
7650 7 1 21 0.6 24 1 37 0 43 0.8 44 0.5 83 0.4 96 0.8 99 0.9 
7700 24 1 33 0 37 0 84 0.4 
8106 4 0.9 26 0.3 45 0.3 77 0.3 
8154 22 0.4 41 0 
8199 0 0 8 0 40 0 77 1 83 1 
8274 0 0.4 23 0.5 31 0.8 32 0.4 88 0.4 
8307 14 0.4 24 0 43 0 67 0.9 
8623 0 0 20 0.4 21 0 40 0.9 50 0.3 56 1 65 0.9 66 0.6 89 0 
8634 2 0.4 5 0.9 8 0.6 10 0.7 29 0.5 68 0.4 
8638 47 0.5 68 0 71 1 84 1 91 0.9 92 0 
8838 12 0.3 
9174 15 0 50 0 65 0.3 69 0.6 
9255 9 0.5 24 0 65 0 84 0 
9516 5 0.6 6 0.9 10 0.8 22 0.3 47 0.8 52 0.3 70 0.8 74 0 86 0.3 88 0 
9648 39 0.4 47 0.5 64 1 
9699 42 0.5 58 0.6 
