100
71 7 0 17 0.8 42 0 59 0.6 76 0.4 79 0.4 85 0 95 0.9 
170 3 0.4 18 0.8 19 0.9 75 0.4 
239 19 1 51 1 
253 97 0.7 
257 47 0.6 69 1 79 0.4 82 0 90 0.4 
321 3 0 5 0.9 18 0.4 22 0.5 66 0 74 0.9 
389 9 0.7 19 0.7 25 0.3 27 0 39 0.8 55 0 57 0.8 73 0.8 94 0.5 
414 1 0.9 16 0.9 25 0.4 68 0.3 89 0.7 
625 10 0.3 14 0 23 0 24 0.5 25 0 26 0.9 33 0.7 48 0.3 68 0 
646 5 0.8 21 0 39 0 60 0.4 68 0.3 72 0 79 0 80 0.6 82 0 97 0 
778 4 0.7 28 0.3 34 0 37 0.6 47 0 58 0.3 60 0 75 0 88 0.4 
793 70 0 
827 32 0 87 0.4 88 0.5 89 0.9 94 0.5 
847 22 1 83 0.4 85 0 87 0 
1100 7 0 42 0.6 50 0 54 0.9 79 0.6 84 0.5 99 0.7 
1278 8 0.5 55 0.3 
1418 8 0 19 0 22 0.3 38 0.7 65 0.4 72 0 80 0.8 88 0 98 1 
1441 6 0.6 28 0.8 45 0.6 65 0.7 66 1 73 1 87 0.3 
1457 7 0 44 0.6 45 0.9 54 1 56 0.4 91 0.7 92 0 97 0 
1794 1 0.5 19 1 22 0 58 0 
1989 31 0.3 46 0.9 50 1 
1992 25 0 37 0 
2083 0 0.5 8 1 31 0.7 38 0.3 50 0 51 0.4 57 0.7 71 0 81 0.3 
2192 13 0.7 19 1 23 0.8 29 0.7 34 0.8 44 0 
2202 47 0 
2221 8 0.5 49 0.9 52 0 65 0.9 93 0.9 97 0 98 0.8 
2308 2 0.4 4 0.9 10 0.6 13 0.8 
2364 4 0.7 8 0 42 0 44 0 55 0.8 71 0.4 74 0.7 79 0 87 0.5 89 0 
2385 9 0 20 0.8 79 0.3 80 0.4 
2422 42 0 58 0 85 0.3 92 0 95 0.3 96 0.4 97 0.9 
2478 45 0.3 56 0 60 0.4 77 0.8 99 0.7 
2536 58 1 65 0.8 74 0.3 81 0.7 
2686 2 0.9 9 0 32 0 75 0.8 
2780 1 1 3 0 52 0.7 70 0.5 74 0.3 92 0.9 93 0.3 
2825 88 0 
2838 24 0 48 0.4 51 0.8 58 0.8 63 0 69 0 92 0.5 97 0 
2930 7 0 19 0.8 37 0.6 65 0 77 0.8 81 0.3 
3046 9 0.6 12 0 22 0.8 95 0.6 
3153 34 0.7 39 0 61 0 66 0 76 0.9 82 0 
3258 7 0 14 0.4 21 0.6 41 0.6 60 0 78 0.7 81 0.9 88 0.5 89 0 98 0.9 
3262 7 0.8 24 0.8 31 0.6 88 0.7 92 0.6 95 0.3 
3357 11 0.9 38 0.4 47 1 73 0 90 1 
3514 27 0 56 0 
3684 38 1 
3763 51 0.4 
3942 1 1 40 0 43 0.3 71 0.8 73 0.6 95 0.4 
4019 55 0.4 68 0.5 71 0.3 95 0 
4114 33 0.7 39 0 46 0.4 56 0.3 
4140 21 0.6 54 0.5 
4262 56 0.6 70 0.9 
4405 14 0 54 0.3 82 0.5 96 1 
4927 47 1 64 0.9 70 0.6 
5021 26 0.9 32 0.7 40 0 60 0.4 67 1 95 0 
5108 8 0.6 49 0.8 65 0.5 69 1 70 0.4 71 0.6 89 0.4 94 0.4 96 1 
5149 28 1 29 0.8 36 0.5 44 1 53 0 68 0.7 69 0.7 76 0.5 79 1 81 0 
5271 29 0.5 41 1 82 0.7 
5449 10 0.8 13 1 17 0.5 28 0.5 48 0 57 0.6 77 0.6 
5636 6 0 20 0.9 28 0.4 44 0.7 68 0.5 87 0 88 0 94 0.8 
5696 56 0.3 61 0.8 65 0.5 82 0.4 
5724 4 0.3 6 0.3 9 0.4 19 0 23 0.8 57 0 79 0.3 85 0.3 
5990 2 0.7 13 0.3 35 1 58 0 67 0.9 72 0 75 0.5 
6238 18 0 63 0.9 
6338 2 0.8 6 0.7 58 0.6 78 0.3 90 1 
6371 0 0 36 0.8 75 1 82 0.4 96 0 
6495 16 0 54 0.5 91 0 95 0.6 
6587 33 0.6 78 0 86 1 95 0.4 
6684 7 0 19 1 29 0.8 31 0.3 74 1 77 0 
6907 24 0 62 0.3 84 0.6 
6914 67 0.8 
7069 32 0.5 34 0.9 42 0.5 59 0.7 83 0 99 0 
7089 3 1 8 0.6 44 0.3 49 1 75 0.6 98 0.3 
7175 0 0.3 7 0 24 0.3 28 0 42 0 66 0.3 78 0.9 
7261 4 0.4 19 0.4 33 1 60 0.7 70 0.8 72 0.5 82 0 98 0 
7321 26 0.8 36 0.3 39 0.7 65 0.9 70 0.9 82 0.7 94 0.3 97 0.7 
7484 25 0.3 59 0.3 68 0.7 75 0 80 1 83 0 87 0.7 
7505 2 0.9 3 0.7 11 0.8 28 0.5 54 0 61 0.6 83 0.4 88 0.8 
7665 3 0.3 15 0.5 18 1 36 0 39 0 
7791 2 0 7 0.3 17 0.4 25 0.9 37 0.3 44 0.7 72 0 83 0.3 87 0.4 92 0.9 
8027 2 0.3 25 1 26 0 52 0.9 53 0.9 54 0 70 0.7 
8041 0 0.9 43 0 59 0.6 81 0.3 84 0.7 
8115 4 0.7 12 0 15 0.8 19 0.5 20 0.6 39 0.6 44 0.5 58 0.3 70 1 83 0.5 
8194 21 0.7 25 0 34 0.5 38 0.8 40 0 53 0.6 
8367 0 0 10 0 15 0.5 55 0.3 56 0.5 88 0.3 90 0.9 
8388 16 0.4 21 0.7 27 0.5 41 0.4 51 0.9 54 0.3 67 0.9 
8661 6 0.8 16 0 61 0 86 0 94 0.6 
8715 35 0 91 0 97 0.5 
8802 1 1 6 0.6 51 0.4 
8812 8 0 38 0.9 44 0 93 0 
8885 22 0.4 
9039 21 0.5 55 0 64 0.6 74 0.7 79 0 94 0.9 
9314 2 0.3 3 1 15 0 19 0.5 26 0.7 48 0.6 50 0.9 56 1 86 0 90 0.3 
9407 19 0.9 20 0.6 43 0.7 48 0 49 0.4 50 0.5 
9443 5 0.6 21 0 49 0.7 50 0.3 63 0.4 75 0.5 80 0.4 84 0 90 0 96 0.4 
9467 35 0.6 78 0.6 94 0 
9483 55 0.9 60 0 65 0.6 69 0.6 75 0 76 0 
9731 14 0 22 0 45 0.7 52 0.6 54 0 62 0.6 77 0.3 79 0 84 0.3 
9784 3 0.8 10 1 12 0 23 0.3 49 0 50 0 62 0.7 83 0.8 86 0.6 98 0.6 
9791 28 0 
9819 0 0.6 2 0 6 0.9 26 0.4 37 0.6 55 0.5 68 0.6 95 0.3 
9886 15 0.5 41 0 47 0.6 54 0.5 62 0 65 0.9 78 0 
