100
12 9 0.6 23 1 48 0.6 79 0.6 89 0.6 
138 9 0.9 31 1 70 0 94 1 
239 19 0.3 51 0.7 
255 11 0.9 
320 24 0.7 30 0 40 0.9 94 0 
345 2 0.7 16 0 33 0.5 42 0 43 1 62 0.4 83 0 94 0 
471 25 0 28 0 68 1 75 0.4 82 0.9 85 0.8 88 0.5 92 0.7 98 0.3 
503 57 1 69 1 78 0 84 0.5 85 0.7 
550 36 0.6 64 0.4 86 0.9 
610 1 0.6 5 0 20 0.4 22 0.9 52 0.6 
720 0 0 2 0 6 0.8 38 0.6 50 0.5 71 0.8 93 0.5 99 0 
730 11 0.3 24 0.7 32 0 51 0.9 58 0.3 77 0.6 79 0 93 0.3 96 0 
750 6 0 28 0.4 40 0.5 64 0 90 0.7 94 0.4 
758 34 0 48 0 60 0.9 
846 54 1 67 1 
853 8 0.4 31 0 
890 10 0 38 0 40 0.3 42 0 46 0.4 52 0.9 62 0.6 67 0 72 0.5 81 0.9 
945 9 0 32 0.7 33 0 
962 17 0.9 20 0 50 0 53 0.6 93 0.6 
1088 10 0.6 37 1 45 0 47 0.3 52 0 54 0.7 61 0 65 0 69 0 78 0.5 
1114 3 0.7 15 0.9 18 0.3 33 0.9 39 0.7 41 0.5 80 0.7 96 0 
1226 0 0 24 0.9 25 0 32 0.8 45 0.5 50 0.3 85 0.6 87 0 92 0 96 0 
1231 27 0 30 0 46 0.4 49 0.5 53 0 58 0.8 64 0.6 85 0 
1273 20 0.7 
1306 23 0 33 0.4 48 0.3 55 0.8 57 0.3 74 0 81 0.5 94 0.9 
1329 2 0.6 14 0.9 15 0.6 36 1 48 0 77 0.6 
1395 27 0.9 47 0.7 57 0.3 60 0 87 0 88 0.8 90 1 96 0 
1401 8 1 
1420 12 0 
1441 6 0.6 28 0.7 45 0 65 0.4 66 0.9 73 0.5 87 0.5 
1500 0 0.9 23 0.7 26 0.4 42 0 58 0 66 0 68 0 77 0.8 79 0 
1577 68 0.8 
1806 0 0.9 16 0.8 24 0.5 39 0.3 55 0.7 83 0 
1943 50 0 84 0 
2004 0 0 51 1 
2007 24 0.7 25 0.9 29 0.9 78 1 
2209 13 0.4 
2393 4 0.3 11 0.9 12 0.9 18 0 41 0.6 54 0.5 59 0 74 1 76 0 91 0.8 
2509 11 0.4 15 0.8 31 0 52 1 96 0.4 98 0 
2564 25 0.5 32 0.6 66 0 81 0.8 85 0 86 0.6 89 0.8 94 0.7 97 0.8 
2619 14 0.3 26 0 30 0.8 62 0.3 76 0.5 88 0.8 90 0.4 
2694 6 0.7 46 0.8 73 1 82 0 
2750 93 1 
2870 63 1 69 0 90 0.6 95 0 
2958 4 1 26 0.5 
3011 10 1 24 0.9 32 0.3 34 0.6 62 0.7 63 0 64 0.4 85 0.6 86 0.5 
3040 21 0.7 
3073 2 0 13 0 31 0 52 0.6 69 0.5 74 0.9 89 0.9 94 0.5 98 0.4 
3684 38 0.3 
3894 11 0 16 0.3 18 0.4 37 0.4 44 0.3 73 0.6 84 0.6 92 0.7 93 1 97 0.6 
4339 9 0.7 25 0.3 41 0.8 59 0.3 62 0.8 91 0.4 
4963 64 0 
5084 70 0.9 73 0 
5101 7 1 59 0.9 65 0 66 0.4 70 0.7 74 1 93 0.4 
5290 62 0.7 79 0.7 98 0 
5387 48 0.7 62 0.5 66 0.9 92 0 
5439 31 0.4 41 0.8 90 0 
5454 9 0.3 28 0 36 0.9 65 1 79 0 81 0.9 86 0.9 92 0 
6122 4 0.6 34 0.3 58 0.7 63 0.7 72 0.3 74 0.9 79 0.5 82 0 94 0.5 
6144 30 1 36 0.7 41 0.6 90 0 99 0 
6146 29 0 36 0.4 44 0.9 51 0.4 55 0.7 84 0.7 
6284 0 0.8 26 0.4 32 1 67 0.4 87 0.6 
6477 37 0 47 0.9 88 0.3 
6661 37 0.3 41 0.8 78 0.4 81 0.4 87 0 96 0.6 
6728 10 0 15 0.7 24 0 62 0.9 64 0.6 86 0.7 88 0 
6774 8 1 9 0.4 18 0.5 40 0.7 49 0 54 0.6 61 0 83 0 91 0.8 
6821 3 0.9 25 0.4 26 0 45 0.6 49 0 58 0.4 68 0.3 89 0.9 
6902 6 0 13 0 37 1 44 1 66 1 90 0.5 98 1 
7005 17 1 21 0 25 0.9 46 0 95 0.4 96 0 
7097 51 1 69 0 87 0.4 99 0.8 
7286 17 1 38 1 48 0 82 0.9 
7294 42 0.7 63 0 88 1 
7367 5 0 7 0.8 17 0 26 0.6 76 0.7 96 1 
7687 21 0.8 28 0 30 1 32 0.6 49 1 63 0.8 71 0.9 83 0.4 
7783 7 1 22 0.9 56 0.8 59 0 
7899 17 0.8 
7943 61 0.3 
7975 9 0.4 13 0.8 62 0 78 0.4 
8173 6 0.5 16 0 24 0 26 0 33 0.9 43 0.8 48 0 53 0.3 58 0.6 96 0 
8298 16 0 49 0.3 50 1 94 0.8 
8375 14 1 18 1 29 0 31 0 52 0.7 56 0.9 66 0 68 1 99 0.7 
8694 10 0.3 44 0 52 1 75 0.3 80 0.8 
8717 13 0.5 32 1 35 0.7 52 1 
8721 5 0 22 0 38 0.8 61 0.5 68 0.4 80 0.9 90 0 91 0.8 96 0.6 
9079 34 0 36 0.6 43 0 44 0 58 1 59 0.4 70 0.4 88 1 95 0.3 
9188 14 0.4 22 0.9 32 0.4 49 0.5 60 1 61 0.9 65 1 98 0.8 
9232 8 0.3 19 0.5 61 0.8 
9371 8 0.8 37 0 61 1 
9551 13 0.3 22 0.6 23 1 34 0.5 64 0.8 65 0 81 0.4 96 0.8 
9617 7 0.3 16 0.8 22 0 42 0.4 53 0.4 55 0.8 73 0 87 0.7 
9628 56 0.4 59 0.8 
9694 33 0.5 43 1 61 0.4 68 0.4 
9723 2 0.3 17 0 31 1 39 0.7 61 0 76 0.8 
9725 2 0.5 67 0.5 79 0.5 84 0.7 97 0.9 
9726 22 0.8 94 0 
9778 6 0 15 0.8 26 0 32 0.4 49 0 64 0.4 81 0.5 89 1 92 0 
9789 13 0.9 48 0.8 96 0 97 0.5 
9790 14 0.3 15 0.8 20 0.8 28 0.9 42 0 45 0.5 56 0.5 87 0.6 98 0 
9862 9 0.5 45 0.4 73 0.3 
9945 6 0.3 22 1 26 0 43 0.9 75 0.6 
