100
241 8 1 13 0.7 37 0.3 71 0.3 90 0.8 
269 6 0.9 10 0.6 21 0.3 31 1 33 0.6 44 0.5 57 0.7 84 0 91 0.5 96 0.5 
305 62 0.3 
403 74 0.8 
444 23 0 31 0.5 43 0 73 0.7 97 0.9 
481 11 0.3 21 0.9 34 0 41 0.8 60 0.8 
492 57 0.7 58 0.5 74 0 91 0.7 98 0.6 
521 25 0 38 1 55 0.9 66 0.5 81 0 92 1 97 0 
867 9 0.5 17 0 33 0.6 40 0 51 1 68 0.9 78 0 79 0.9 86 0.9 
874 53 0.9 62 0.9 95 0.7 
913 16 0.3 18 0 23 0.9 31 1 54 0.8 
960 4 0 7 0.6 
994 11 0.4 15 0.8 22 0.4 43 0 45 0.8 47 1 51 0.5 66 0.4 94 0.3 
1022 72 0.7 
1176 8 0.8 11 0.7 13 1 14 0 30 0.6 38 0 40 0 57 0.7 60 0.8 79 0 
1233 28 0 90 1 
1239 20 0.8 26 0.6 40 0 74 0.7 95 0.9 
1613 31 0.6 
1666 18 0.3 32 0.3 40 1 44 0.9 46 0 48 0 81 0.6 92 0 94 0 
1702 23 0 28 0.8 43 0.9 48 0.8 59 0.8 63 0 
1797 3 0.3 23 0.3 25 0.3 68 0 87 0 
1909 1 0 2 0 8 0.9 24 0.9 56 0 67 0.9 92 0.6 
1974 0 0 2 0.8 9 0 43 0.3 45 0.4 47 0.7 50 0 71 1 90 0.4 
2054 36 0.4 58 0.5 78 0 
2074 3 0 8 0 21 0 28 0.7 29 0.8 36 0 59 0 74 0.6 83 0.4 
2099 16 0.8 48 0.3 55 0.7 57 0 74 0 90 0.4 
2156 19 0 36 0.8 41 0 77 0.3 
2240 6 1 9 0.4 24 0.7 36 0 40 0 45 0.7 51 1 59 0.6 73 0 
2290 14 0.3 24 0.7 64 0.4 
2532 11 0.8 13 0 61 0 62 0.8 78 0.4 96 0.5 97 0 
2632 2 0 40 0.6 47 0 67 0.3 87 0.8 
2675 8 1 22 0.3 57 0.4 59 1 73 0.9 95 0 
2696 14 0 24 0.6 31 0.3 40 0.8 94 0.5 
2707 82 1 
2744 16 0.9 
2802 57 0.6 72 0.4 78 0.6 84 0.7 
2867 7 0 18 0 31 0.7 81 0.5 97 0.8 
2946 12 0.4 61 0.8 63 1 86 0 
2975 16 0 17 0.6 39 1 50 0.7 62 0.5 66 0.7 79 0 98 0 
3068 26 0.8 29 0.8 35 0.3 38 0.6 39 1 72 0.9 
3076 18 0.7 23 0.5 51 0.6 88 0 97 0.8 
3085 29 0 59 0.9 87 0.5 97 0.7 
3170 24 0.8 53 0 61 0 84 0.7 
3251 2 0.8 14 0 17 0 33 0 37 0.7 45 0 46 0.3 63 0 89 0.9 
3269 12 0 18 1 33 0 52 0.8 57 0 67 0.7 85 0.5 90 0.6 94 0.7 97 0.5 
3498 6 0 9 0.9 17 0.3 18 0.3 26 0.8 51 0.9 79 0.4 80 0.5 84 0.9 90 0 
3639 0 0 7 0 25 0 30 0 37 0.9 43 0 62 0.5 65 0 78 0.4 95 0.7 
3731 6 0.7 35 0.4 51 0 59 1 64 0.8 70 0.6 87 0.5 94 0.8 
3745 63 0.9 82 0 
3823 14 0.5 17 0.7 19 1 29 0.9 68 0 90 0 
3983 6 0.7 13 0.9 27 0.9 33 0 36 0.8 42 0 63 0 82 0.3 85 0.9 99 0.9 
4171 10 0 22 0.8 38 1 52 0.3 53 0 60 0.8 72 0.5 80 0 81 0 91 0.6 
4192 7 0.6 22 1 23 0.6 38 0.3 40 0.9 51 1 55 1 71 0 
4226 11 0.7 13 0.7 19 0 47 0.4 82 0.8 
4347 4 0.5 19 0.4 21 0 27 0.6 40 0 44 0 53 0 77 0.6 85 0.5 
4506 20 0.9 21 0.5 44 0.8 56 0.7 90 0.3 
4507 14 0 17 0.5 18 0 19 0.4 20 0.4 31 0 40 0.4 59 0.3 62 0.3 81 0.6 
4533 3 0.7 10 0 20 0.4 24 0 36 0.6 56 1 66 1 71 0 94 0 95 0.5 
4598 8 0.6 11 0.4 40 0.8 58 0.6 66 0.9 68 0 81 0 
4701 2 0.6 48 0.6 
4703 5 0 16 0.5 17 0.4 38 0.8 45 0 59 0 62 1 
4738 2 0.6 5 0.3 6 0.8 7 0.9 12 0 33 0.8 56 0.5 85 1 
4972 20 0 58 0 59 0.7 80 0.7 81 0.9 88 0.9 89 0 
4989 1 0.4 5 0.4 20 0.6 23 0.3 37 0.5 77 0.6 82 1 84 0.5 86 0.7 92 0.7 
5008 42 0.8 43 0 58 0 59 0.6 66 0 68 0.8 71 0 72 1 74 0 
5030 29 0.3 
5073 5 0.3 6 0.4 7 1 13 0.8 15 0 47 0.8 62 0 88 0.9 
5340 13 0.5 23 0 25 0 51 0 56 0.8 82 0.6 
5971 4 0.8 37 0.7 42 0 76 0 94 0.6 
6056 6 0.5 37 0 40 0 47 0.5 61 1 97 0.6 99 0 
6118 8 0 88 0.4 
6122 4 0.8 34 0.7 58 0.6 63 0.5 72 0.7 74 0.4 79 0.3 82 0.6 94 0.6 
6128 3 0.9 60 0.3 
6173 51 0.8 77 0.5 
6302 8 0.8 26 0.7 57 0.6 74 0.4 80 0.8 
6455 49 1 75 0 99 0 
6637 6 0.8 29 0 34 0.4 40 0.9 55 0.6 72 0 84 0.3 
6674 8 0 15 0.9 18 0.5 22 0.8 26 0 31 0.9 62 0.3 81 0 92 0 
6742 71 0.8 
7050 28 1 54 0.8 86 0 
7125 60 0.8 61 0.5 79 0 
7362 4 0 33 0.3 66 0.3 70 0 78 0.8 83 0 87 1 88 0.4 
7432 62 0 
7485 17 0.4 19 0 23 0.6 51 0 77 0.9 
7645 2 0 4 0.5 9 0.4 17 1 19 0.4 44 0.6 88 0.9 
8159 23 1 28 0.9 52 0.8 60 0.8 87 0 92 0.3 95 0 96 1 
8238 23 0.8 30 0.3 90 0.6 
8253 12 0.3 17 0.9 40 0.5 41 1 42 0 44 0.5 59 0 80 0 92 0.7 94 0.6 
8390 0 0.5 19 0 24 0.7 25 0 32 0.9 36 0.9 71 0 80 1 91 0 
8395 1 0.3 26 0 28 0 35 0.5 37 0.9 73 0.4 93 0.7 97 1 
8503 9 0 12 0.4 15 1 22 1 33 0 41 0.4 55 1 56 0 81 0.8 95 0.8 
8560 8 0 27 0 29 0.8 51 0.8 60 0 70 0.3 80 0.4 85 0.4 99 0.6 
8990 77 0 
9044 4 0 7 0.9 13 0 22 0.5 48 0 96 1 
9084 13 0.9 17 0.7 25 0 27 0 47 0.8 58 1 67 0.4 
9308 12 0.9 23 0.7 36 0.7 45 0 59 0 64 0 69 0.9 78 1 85 0.6 
9383 30 0.5 38 0.3 49 0.8 72 0.7 75 0 
9502 22 0.4 50 1 56 0.5 62 0 65 0.5 71 0 77 0 82 0 97 0.9 99 0.7 
9564 6 0 11 0.8 49 0.4 58 0 70 0.6 81 0.7 
9602 3 0 20 0.3 28 0 57 0 72 1 85 0.4 86 0.7 95 1 
