100
122 32 0.4 35 0.6 44 0.7 55 0.3 56 0.8 60 0 78 0.6 86 0 92 0.7 
206 3 0 46 0.4 75 0 86 0.8 93 0.4 
228 12 0.3 
242 39 0.5 56 0.8 74 0.8 80 0 99 0 
254 38 0.3 49 0.8 54 0 63 0.4 65 1 99 0.8 
264 8 0.8 13 1 37 0.3 46 0.6 60 0.8 74 0 82 0.6 
320 24 0.5 30 0 40 0.9 94 0.7 
340 7 0 9 1 53 1 
426 30 0.4 34 0.3 35 0.6 46 0.3 71 0.3 72 0.4 79 0 80 0.5 90 0.5 
555 25 0.5 57 0 
694 17 0.9 35 0 51 0.3 69 0 78 1 83 0.3 86 0 87 0.6 
747 8 0.3 30 0.6 48 0.5 65 0 83 0.6 84 0.7 87 0.7 
935 1 0.4 11 0 28 0.5 59 0.7 64 0.9 77 0.5 
1054 69 0 78 0.4 
1168 4 0.4 10 0.6 24 1 39 0.8 66 0.3 74 0.6 83 0.3 87 0.8 88 0.5 95 0.9 
1758 0 0.3 21 0.5 66 0.6 91 0.8 
1820 3 0.5 6 0 8 0.6 27 0.7 33 0 34 0 92 0.3 93 0.9 97 0 99 0.3 
1839 12 0 62 0.4 64 0.6 
1847 2 0.5 21 0.9 38 0.6 51 0.7 83 0.5 
1861 15 1 
1936 77 0.8 83 0.9 
1999 61 0 
2043 12 0.8 21 0.6 23 0.6 32 0.5 35 0.4 37 0.6 43 0.4 51 0 93 0.9 99 0.4 
2056 70 0 79 0 
2162 71 0.5 76 0.6 
2222 1 0.7 12 0.7 54 0.9 57 0.8 66 1 76 0 82 0 85 0.4 99 0 
2374 3 0 23 0.5 32 0.3 90 0.3 
2519 14 0.7 20 0.3 23 0 39 0.6 73 0.9 
2554 0 0 41 0.4 57 0.7 85 0.6 
2638 22 0.3 72 0.7 80 0.6 
2640 16 0 29 0.6 41 0.7 72 0.8 75 0.5 85 1 
2698 2 0.7 9 0 15 0.4 34 0.8 85 0.8 93 0.4 
2707 82 0.3 
2809 90 0.4 
3232 74 0.4 94 0.9 
3245 31 0.5 89 0 
3534 6 0.4 70 0.5 
3593 26 0 92 0 
4126 4 0.7 11 0.6 38 0.9 40 0 45 0.9 59 0.4 76 0.4 
4205 17 0.9 26 0.3 44 0.4 54 0.7 62 0.8 63 0 64 0.4 77 0.7 89 0.5 90 0.5 
4226 11 1 13 1 19 0.5 47 0.8 82 0.8 
4252 17 0.4 26 0.5 28 0.9 38 0 39 0.4 42 0 79 1 
4294 1 1 14 0.9 29 0 34 0.3 79 0.6 90 0.9 
4305 3 0.5 11 0 32 0 49 0.6 84 0.3 95 0 
4318 6 0.4 9 0.7 14 1 18 0.6 54 0 60 0 72 0.4 87 0.3 
4449 1 0 4 0 52 0.7 59 0 63 0.8 86 0 90 0 92 0 
4476 36 0.4 37 1 83 0.3 86 0.6 
4653 52 0.4 57 0.6 70 0.7 
4989 1 0 5 0.6 20 0.5 23 0.7 37 0.6 77 0 82 0.8 84 0 86 0 92 0 
5112 52 1 79 0.8 
5185 47 0 56 0.6 99 0 
5205 52 0 59 1 61 1 
5243 45 0 69 0.6 
5317 14 0.7 20 0.6 30 0 35 0 58 0.7 84 0.5 86 0.7 89 0.7 
5335 10 0.3 31 0.6 34 0 39 0.5 61 0 82 0 99 0.8 
5581 60 0.6 74 0.4 84 0.4 
5814 16 0 18 1 55 0 79 0.7 
5910 10 1 17 0 37 1 53 0.3 68 0.8 70 0 74 0.7 89 0 
5933 36 0.3 50 0 87 0.6 89 0 
6074 19 0.9 
6144 30 0.6 36 0.8 41 0.3 90 1 99 0 
6145 0 0.7 10 0.5 11 0 18 0.4 24 0.3 26 0.3 29 0.6 39 0.6 76 0 
6248 22 0.6 30 0.8 37 0 49 0.9 56 0.6 64 0 71 0.8 73 1 82 0 94 0.5 
6264 8 0.7 33 1 40 0.7 54 0.9 73 0.8 77 0.7 78 1 80 0.4 95 1 
6304 8 0.6 34 0.6 47 0.9 56 0.8 78 0.7 84 0 
6332 9 0.7 26 0.7 45 0.3 50 0 
6365 60 0.7 70 0.5 73 0.9 
6595 6 0.3 11 1 56 1 
6821 3 0 25 1 26 1 45 0.3 49 0 58 0.5 68 0.5 89 0.3 
6929 17 0 22 0.6 29 0.8 34 0 67 0 68 0 82 0 98 0.4 
7051 12 0.4 27 0.5 75 0 91 0.6 
7149 18 0.9 22 0.5 37 0.8 65 0.9 74 0.3 75 0.8 89 0 95 0 
7394 16 0.9 57 0 
7563 2 0.6 4 0.4 22 0.7 34 0.7 35 0.4 76 0.7 84 0.6 93 0.8 97 0 
7600 4 0.8 39 0.6 
7649 12 0.3 16 0.7 26 0.7 35 0.9 40 0 78 0 80 0.4 84 0.6 
7810 7 0 45 0 53 0.5 67 0 70 0.9 77 0.3 99 0 
7941 6 1 10 0.5 13 0.3 18 0.8 23 1 54 0.7 62 0.3 66 0.7 88 0 97 0 
7965 10 0.9 25 0.5 29 0 34 0.6 36 0 46 0 71 0.7 81 0.8 96 0 
7983 15 0 23 0.9 38 0.5 41 0 72 0 79 0 95 0.3 
8002 4 0.3 9 0.8 16 0.7 21 0.5 39 0 71 0.7 80 0 83 0.5 
8010 9 0.7 32 0.3 54 1 72 0.7 
8056 6 0.4 12 0.3 29 0.5 46 0 62 0 73 0.5 85 0.4 87 0 89 0.9 
8064 5 0 31 0.6 56 0.9 
8430 5 0 10 0.9 25 0.8 68 0.9 82 0.3 92 0.3 97 0.3 98 0.7 
8507 25 0.5 29 0.3 
8835 13 0.7 14 0.8 
8967 13 0 15 0 47 0.4 53 0.3 65 1 70 1 77 0.4 79 0.4 
9053 23 0.9 28 1 44 0.9 58 0.6 67 0 68 1 77 0.6 89 0.8 90 0.6 
9062 60 0.3 61 0.7 
9101 32 0.5 62 0.9 65 0 66 0.7 72 1 75 0 85 0.9 97 0.3 
9114 1 0.6 85 0.3 
9148 8 1 10 0.3 19 0 25 0.6 29 0.7 31 0.9 42 0.4 43 0 75 0.7 93 0.7 
9204 32 0.4 73 0.6 82 0 
9470 1 0.4 17 0.3 20 0.3 24 1 67 0.5 
9524 7 0.6 12 0.3 16 1 30 0 52 0.6 55 0.4 72 1 84 0 93 0.4 
9568 26 0.3 28 0.6 
9648 39 0 47 0.3 64 0 
9687 33 0.3 39 0.4 56 0 57 0 58 0.4 70 1 86 0.6 90 0.5 94 0.6 
9756 10 0.6 12 0 25 1 26 0 39 0 49 0 59 0 71 0.8 96 0.8 
