100
269 6 0 10 0 21 0.4 31 0 33 0 44 1 57 0.9 84 0.7 91 0 96 0 
310 63 0.3 96 0 
562 11 0 17 0.5 33 0.8 46 0.6 49 0.7 51 1 81 0.3 86 0 
567 0 0 12 0 21 1 32 0.9 41 0.8 44 0.7 51 0 71 0 89 0 
583 30 0 81 0.5 
635 1 0.4 3 0.3 5 0.3 16 0.9 20 0 57 0 64 0.4 82 0.4 87 0.6 
659 50 0 88 0.3 
747 8 0 30 0.9 48 0.4 65 0.3 83 0.4 84 0.3 87 0 
820 15 0.3 50 0.6 55 0.8 95 0.8 
919 7 0.4 14 0.8 22 0.4 25 0 26 0.3 35 1 46 0.7 48 0.3 67 0.6 94 0.3 
942 57 0.3 66 1 73 0.6 83 0.7 86 0.7 
989 7 0 15 0.5 34 0.7 61 1 64 0.4 76 0.6 82 0.7 91 1 
1201 11 0.7 13 0.5 28 1 35 0.5 
1359 20 0.9 21 0.5 39 0.7 48 0.4 49 0.3 59 0 64 0 74 1 
1390 71 0 
1444 11 0 42 0.6 60 0.6 
1450 8 0.7 11 0.3 46 0.5 48 0.5 56 0 60 0.6 62 0.8 68 0.7 71 0.4 
1672 21 1 45 0.3 48 0.6 52 0 55 1 60 0.4 64 0.6 74 0 88 0.8 99 0 
1730 16 0.9 52 0.5 94 1 
1780 6 0.7 
1839 12 0.7 62 0.8 64 0 
1860 11 0 12 0.3 13 0.9 19 0.4 21 1 57 0 74 0.5 95 0 
1861 15 0.9 
1898 26 0.8 60 0.5 62 0.9 67 0.9 69 0.9 76 0.9 78 0.9 79 0.3 84 0.8 
2036 8 0 34 0.4 68 0.6 83 0.4 
2184 11 0.4 28 0.3 80 0.3 
2367 8 0.8 13 0 25 0.3 39 0 43 0.4 49 0.4 62 0.9 68 0.9 74 0 94 0.6 
2495 18 1 33 0 66 0.5 
2517 11 0.6 25 0.3 32 0 37 0.5 63 0.3 84 0.6 
2561 1 0 13 0.8 40 0.8 43 0 48 0.7 49 1 58 0.4 87 0.3 89 1 98 0 
2620 7 0.3 32 0.9 36 1 44 0.4 55 0.7 62 0.8 80 0.4 92 0.9 97 0.8 98 0.5 
2638 22 0 72 0.3 80 0 
2644 2 0 4 0.3 26 0.4 50 0.4 51 0.8 58 0 69 0 73 0 86 0.5 93 0.3 
2674 8 0.6 17 0 78 0.5 84 0.6 90 0.8 98 0.6 
2760 59 0.3 
2776 24 0 46 0.7 74 0.5 81 0.5 83 0.8 
2801 7 0 12 0 58 1 64 0.3 74 0 81 0.5 
2818 13 0.9 14 0.9 93 0.3 
2849 8 0.7 10 0.8 35 0.7 38 0.8 41 0.5 50 1 74 1 
2850 0 0.3 79 0.5 
2870 63 0.8 69 0.8 90 0 95 0.5 
3037 1 0.7 8 0 18 0.8 72 1 89 0.6 
3088 37 0.8 58 0.4 88 0 
3376 25 0.7 36 0.5 43 0 62 0 69 0 70 0 79 0.8 87 0 
3390 22 0.4 27 0.9 33 0.4 44 0.6 81 0 90 0.6 
3569 41 0.4 94 0 
3631 80 0.5 
3646 11 0.5 33 0.8 63 0.8 78 0.9 79 0.3 
3749 36 0 57 0 91 0 
3781 3 0.9 7 0.3 10 0 11 0 27 1 35 0.6 46 0.8 92 0.7 99 1 
3871 9 0 42 0.4 58 0.5 73 1 88 0.4 97 0 
3923 7 0.9 14 0.6 65 0.3 70 0.7 72 0.7 
4163 93 0.3 
4224 38 1 
4256 16 0.6 35 1 44 0.9 
4827 5 0.8 38 0.3 43 0 57 0.9 62 1 72 0.3 
4834 1 0.8 9 0.9 20 0.6 28 0 31 0.9 48 0.4 50 1 74 0 78 0.8 88 0 
5083 5 0 14 0.9 17 0.6 35 0.5 41 0.3 52 0 64 0.4 68 1 76 0.9 90 0.8 
5197 75 0.8 97 0.4 
5392 44 0.7 65 0.8 70 0.8 98 0.4 
5456 40 0.4 86 1 90 0.6 98 0 
5611 8 0.4 14 0 23 1 82 1 99 0 
5648 12 0.9 17 0.6 23 0.4 44 0.3 48 0.4 65 0 82 0 88 0.9 90 0.4 
5757 6 0.5 11 0.8 13 0 31 0.9 35 1 36 0.5 37 0 83 0.6 91 1 97 0.5 
5851 3 0.5 53 0.5 55 0.5 74 0.4 75 0.5 78 0.9 96 0.8 
5977 0 0.3 28 0.5 31 0.6 36 0 83 0.5 
6079 37 0.5 40 0.5 41 0 82 1 94 0.7 97 0 98 0 
6084 2 0.7 27 1 28 0.7 41 0.5 64 0.6 73 1 75 0.6 80 0.6 87 0.3 91 0.7 
6178 12 1 18 0.5 34 0.3 37 0 53 0.5 62 0.6 93 0 96 0.6 
6273 6 0.6 14 0.7 20 0.4 35 0.7 54 0.4 64 0 76 0.5 
6376 90 0.7 
6736 10 0.7 39 0.8 42 0.3 65 0.6 76 1 90 0.7 92 0.4 96 0 
6784 8 0.9 11 0.8 13 0.4 23 0.7 58 0.4 74 0.9 77 0.3 80 0.7 86 1 
6947 21 0.6 73 0.6 
6965 64 0.9 
6983 2 0 10 0.3 71 0.5 73 0.7 93 0.9 
7024 35 0.8 42 0.4 76 0 89 1 
7043 18 0.4 23 0.3 55 0.9 77 0.9 79 0.8 98 0.7 
7212 9 0.3 16 0.5 26 0.3 50 0.6 55 0.5 67 0.5 69 0.7 76 0 83 0.6 95 0.7 
7405 6 0 53 0.7 55 0 
7408 1 1 6 0.8 7 0 42 0.9 56 0 87 0 89 0.8 
7531 64 1 80 0 90 1 
7638 12 0.9 15 0.8 24 0 31 0.9 33 0 39 0.4 
7795 11 0.5 36 0 38 0.8 40 0.7 69 1 82 0.7 92 0.3 96 0.4 98 0.4 
8165 8 0 16 0.5 59 0.4 75 0.8 
8286 59 1 79 0.3 
8299 23 1 24 0.9 35 0 51 0 54 0 55 0.6 57 0.5 77 0.5 84 0.9 96 0.5 
8320 19 0.5 91 0 
8338 14 0 34 0 51 0.9 55 1 63 0.9 90 0.9 
8436 13 0.6 
8454 13 0.8 30 0.8 42 0.5 66 0.3 
8788 2 0.5 20 0.3 34 0.8 40 0.3 48 0.5 58 0.7 72 0.8 83 0.3 
8857 38 0.9 49 0.3 
9042 58 0 76 1 
9218 8 0.3 9 0 33 0.3 40 0.9 47 1 49 0 86 0.4 96 0.5 98 0.4 
9357 98 0.9 
9524 7 0.8 12 0 16 0.7 30 0 52 0 55 0.9 72 0.6 84 0.5 93 1 
9570 76 0.9 
9923 9 0.4 32 1 49 0.4 55 0.3 56 0.8 
9925 10 0.7 58 0 
