100
67 43 0.7 92 1 
68 60 1 86 0.7 95 0.8 
140 56 0 61 0.6 76 0.9 
190 5 0 22 0.7 44 0.6 46 0.9 61 0 79 0 
424 13 0.4 26 0.9 38 0 54 0 68 0.8 76 0.8 98 0.3 
482 62 0.9 
494 44 0.4 57 0 75 0.6 
598 57 0.8 60 0.6 62 0.5 64 0.9 98 0 
608 1 0.4 4 0 15 0 19 0 32 0.9 64 0 66 0.5 69 0 70 0.3 96 0.4 
674 91 0.9 
694 17 0.5 35 0.6 51 0.6 69 1 78 1 83 0 86 0.7 87 0.6 
953 27 0 52 0 53 0 55 0.8 57 0 59 0.9 87 0.3 
955 29 0.6 38 1 74 0.4 
1014 27 0.5 64 0 
1036 70 0.6 71 0.9 
1160 51 0.7 62 0.8 69 0.7 96 0.9 
1336 3 0 9 0.8 11 1 28 0.5 57 0 64 0.5 
1341 0 0.5 10 0.5 40 0.7 55 0.8 64 0.9 72 0.8 73 0.6 96 0.7 
1429 24 0.5 27 0.7 42 0 51 0 91 0 
1438 17 0 24 0.5 49 0.7 57 0.7 61 0 63 0 68 0.7 77 0.8 84 0.3 
1521 2 0.6 98 0 
1549 44 0.4 75 0 81 1 91 0.5 
1613 31 0 
1631 19 0.5 75 0 76 0 
1767 5 0.3 15 0 22 0.3 27 0 35 0 40 1 78 0.3 83 0.9 87 0.9 
1941 31 0.8 54 0.6 65 0.7 
1980 35 0.6 39 0.3 56 1 62 1 65 0.9 71 0 90 0 95 0.9 
1982 0 0 6 0.7 10 0.6 24 1 38 0 47 0.9 63 0.6 67 0.4 83 0.9 
2085 3 0.8 17 0.8 28 0.7 32 0 40 0.9 54 0.6 67 0.6 94 0.8 99 0.5 
2284 5 0 14 0.5 25 0.9 33 0 63 0 71 0 72 0 83 0 
2303 0 0.5 1 0 6 0.9 9 0 28 0.8 68 1 88 0.3 
2401 2 0.7 41 0.6 57 0.6 81 0 83 0 
2476 89 0.9 
2682 3 0 18 0.6 19 0.6 20 0.5 24 0 27 0 69 0.5 76 0 90 0 
2685 17 0 
2709 33 0 43 0.5 45 0 93 0 
2769 11 0.5 17 0 24 0 25 0.9 42 0.5 69 1 74 1 91 0.5 
2895 90 1 
3101 15 0.6 20 0.7 42 0 58 0 
3374 12 1 20 1 30 0.6 36 1 
3569 41 0.3 94 1 
3655 7 0 13 0.8 27 0.4 34 0.5 72 0 76 0.6 86 1 92 0.5 
3711 3 0 19 0 20 0 22 0.7 23 1 79 0 87 0.4 
3926 7 0.5 34 0 36 0.9 58 0.6 62 0.8 67 0 68 0.8 77 0.6 
4217 23 1 46 1 74 0.3 
4269 6 0 12 0.6 29 0.8 51 0 57 0.8 62 0 75 0.3 80 0.8 
4478 9 0 23 0.6 38 0 40 0.5 50 0.8 53 0 62 0.8 64 0 86 0.6 
4644 36 0 56 0 
4645 7 0.4 15 1 36 0.4 37 0.8 65 0 76 0.9 90 1 97 0.3 
4801 0 0.9 9 0.3 34 0.4 38 0.5 39 0 59 1 65 0.9 97 0 
4921 20 0.6 82 0.3 
4966 22 0 27 0.7 31 0.5 37 0 72 0.5 77 0 80 0.7 81 0.9 88 0 99 0 
5022 56 0.7 58 0 96 0.7 
5198 12 0 25 0 27 0.4 30 0.5 55 0.3 68 0.6 
5200 6 0.3 17 0.7 27 0.4 29 0.3 32 0 48 0.6 49 0 72 0.6 87 0 98 0 
5211 31 0.9 46 0.4 48 0.5 75 0.4 
5307 21 0.8 69 0.6 77 0 87 0.3 
5345 10 0 40 0.6 60 0 61 0.9 78 0.5 96 0.8 
5422 14 1 61 0.6 
5752 4 0.4 18 0 19 0.5 36 0.6 46 0.9 48 0.9 71 0.8 72 0 75 0.3 81 0.7 
5798 29 0.5 54 0.7 57 0.3 61 0 91 0 
5822 11 0.4 46 0 69 1 85 0.8 99 0 
5983 28 0.3 53 0 54 0.4 59 0 60 0.3 
6044 39 0 
6184 1 0.3 54 0 99 0.3 
6320 6 0.7 8 0.6 11 0.5 18 0 47 0 53 0.7 71 0.9 75 0.3 81 0.3 
6331 18 0 22 0.8 42 1 45 0.4 61 0 69 0 
6333 12 0.7 56 0.6 62 0.8 69 0.7 72 0 75 0 77 1 82 0.7 95 1 
6347 50 0 
6405 34 1 50 0.6 55 0.6 56 0.9 69 1 71 0 73 0 83 0 
6582 3 0.6 18 1 45 0.3 
7018 7 0.5 24 0 30 1 41 0.7 48 0.4 
7114 2 1 40 0.7 45 0 
7331 89 1 
7547 0 0 4 0.7 42 0.6 83 0.7 84 1 93 0.7 
7762 16 0.9 21 0.5 57 1 76 0.9 94 0 
7899 17 0.6 
7928 53 0 86 0.3 
7936 11 0.8 16 0.8 25 0.4 42 0.4 49 0 75 0.4 87 0 
7990 10 0.9 
8128 14 0.8 86 0.3 
8219 11 0.7 
8234 17 0.8 59 0 69 1 74 0.8 94 0 
8257 2 1 3 0 22 0.6 56 0.5 65 0.3 66 0.6 70 0.5 79 0 
8702 7 0.6 10 0 25 0 49 0.6 69 0.3 
8739 19 1 
8797 14 0 28 0.8 43 0 58 0.7 89 0.3 
8997 38 0.4 82 0 
9025 67 0 
9169 15 0.3 71 0.5 72 0 73 0.6 84 0.9 
9264 1 0.4 2 0.8 56 0.7 
9286 50 0.8 
9594 10 0.8 41 1 68 0.4 87 0 90 1 
9625 33 0.3 41 0.6 49 0.3 79 0.5 
9668 2 0.4 5 0 29 0.9 35 0.5 64 0 65 0.3 74 0.4 89 0.4 91 0.5 
9739 26 0.9 32 0.5 50 0.5 51 1 56 0 57 0.5 61 0.7 86 0.5 87 0.9 93 0 
9843 0 0.8 4 0.4 6 0.5 28 0.4 40 0.6 45 0 50 0.9 72 0.3 73 0.8 76 1 
9856 15 0.6 35 0.8 53 0 
9900 2 0 3 0.7 26 0.8 34 0 56 0.8 70 0 74 0.9 83 0 94 0 95 0 
9977 1 0 8 0 16 0 22 0 35 0 46 0 55 0.3 67 0.3 75 0.3 96 0.5 
