100
183 4 0.3 28 0.4 29 0.4 30 0.5 45 0.5 61 0 74 0.9 77 0.9 80 0 91 0 
292 23 0.5 35 0.9 49 1 60 0.4 70 0.7 80 0.5 96 0 99 0.9 
566 50 0 61 0.8 76 0.9 80 0.7 83 0 
742 12 0.4 31 0 36 0.8 39 1 58 0.3 87 0.8 
799 70 0.8 
1014 27 0.4 64 1 
1351 4 0.7 9 0.8 34 0.5 40 0.8 50 0 65 0 74 0 78 0 99 0.6 
1433 8 0.4 20 1 48 0.5 
1493 9 0.4 11 0 16 0 28 0.6 40 0 81 0.5 86 0 
1601 42 0.7 48 0.9 57 0 
1650 0 0 2 0.8 58 0.5 
1701 87 0.6 
1718 34 0.9 37 0.8 38 0.7 41 0.5 48 0.4 54 0.5 56 0.3 68 0.8 71 0.9 85 0.8 
1971 5 0 11 0.3 12 0.9 29 0.5 36 0.4 51 0.7 83 1 88 0.8 91 0.9 96 0 
1978 17 0.9 21 0 33 0.6 38 0.3 40 0.4 46 0.4 59 0.6 62 0.6 88 0.9 91 0.7 
2029 0 0.5 8 0.7 21 0.9 26 0.4 38 0.8 45 0.4 65 0.3 94 0 
2059 29 0 61 0 65 1 76 0 81 1 90 1 92 0.4 97 0.8 
2113 3 0.3 4 0 6 0.9 22 0.4 28 0.3 35 0 57 0.9 65 0.4 72 0.9 92 0.8 
2188 63 0.8 
2209 13 0.5 
2232 33 1 42 1 50 0.6 60 0 78 0.9 95 0.3 
2265 8 0 32 0.4 49 1 72 0.6 96 0 
2323 31 0.3 36 0 45 0.8 69 0 
2555 12 0.8 24 0 41 0.9 43 1 46 0.7 50 0.3 65 0.6 68 0.8 96 0.8 
2704 19 0.7 23 0 31 0 39 0.9 43 0.6 69 0 71 0 78 1 79 0.8 
2947 1 0 10 0.8 15 0.7 
3120 4 0.8 13 0.7 14 0 16 0.4 17 0.5 63 0 93 0 95 0.9 
3129 19 0 57 0.5 59 0.5 88 0.5 
3137 73 0.5 
3300 4 0.6 7 0 26 0.3 31 0 55 0.6 70 0.7 96 0.9 
3455 22 0.6 37 0.7 38 0.9 45 0.9 59 0 62 0.9 
3501 77 0.8 86 0 
3518 4 0.9 26 0.7 80 0 
3531 5 0.6 10 0.7 13 0 41 0.9 69 0 75 0 79 0 93 0.8 99 0 
3713 78 0.3 
3732 12 0.4 13 0.8 58 0.5 60 0.3 75 1 82 1 85 1 96 0.7 
3920 81 0.7 93 1 95 0 97 0.7 
3973 16 0 71 0.6 86 0 
3992 2 0.9 29 0.5 38 0.7 42 0.7 67 0.7 73 0 80 0.5 82 0 86 0.6 90 0 
4074 13 0 30 0 33 0.4 39 0 
4108 15 0.5 21 0 
4148 24 0.3 40 0.6 41 0.3 48 0.4 56 0 58 0.6 65 0 71 0.3 72 0.6 95 0 
4197 1 0.9 5 0 25 0 48 0.4 52 0 83 0.9 91 0 94 0.8 
4220 10 1 56 0.8 70 0.3 
4228 96 0 
4264 7 0 31 0.6 35 0 61 0.3 
4361 10 0 39 0.6 45 0.6 47 0.4 92 0 96 1 
4414 33 0 53 0 67 0.3 84 0 
4663 26 0 
4737 5 0.7 28 0 43 0.3 78 0.8 
5004 3 0.7 10 0.6 
5083 5 1 14 1 17 0.9 35 0 41 0.5 52 0.4 64 0.3 68 1 76 0.5 90 0 
5135 11 0 12 0.4 18 0.7 27 1 32 0 70 0.6 90 0.8 
5509 4 0 5 0.3 16 0.6 30 0.6 46 0.6 52 0.4 61 1 70 0 79 0.3 88 0.9 
5576 9 0.3 20 0.5 48 0.7 49 0.8 55 0.7 60 0 65 0.4 
5578 6 0.5 12 0.4 13 0.8 14 1 34 1 56 0 84 0.8 
5806 9 0 15 0.4 
5905 19 0.7 45 0 71 0.9 86 0.4 87 0 97 0.9 
5924 16 0.4 23 0.7 34 0 36 0.7 40 0.4 52 0.8 61 0.5 68 0.8 93 0.5 
5974 34 0.7 36 0.4 59 0 91 0 
6117 59 0.4 
6179 14 0.6 34 0.9 59 0.8 79 0 89 0.4 99 1 
6256 7 0 14 0.7 18 0 53 0.4 55 0.6 61 0.5 71 0 72 0.8 80 0.5 89 1 
6298 5 0.8 36 0.7 57 0.8 84 1 96 0.7 
6352 1 0.9 31 0.3 47 0.6 
6528 13 0.6 57 0 61 0.4 67 0 86 0.3 90 0.9 97 0.6 
6699 3 0.4 57 0.6 59 0.8 
6702 4 0.9 23 0.7 
6977 1 0.4 5 0.6 52 0.9 60 0.4 68 1 98 0 99 0 
6992 12 0.7 85 0.3 99 0 
7335 9 0.3 25 0.7 56 0.9 85 0.8 
7465 0 0.7 53 0 99 0.4 
7481 40 0.6 42 0 55 0.7 
7567 9 0 28 0.6 30 0 34 0.3 44 0 55 0.6 78 0.8 85 0.7 98 0.3 
7607 46 0.9 59 1 65 0 96 0.8 
7719 44 0.3 66 0.7 85 0.4 
7738 23 1 52 0 53 0.6 71 0.7 
7837 6 0.9 24 0 37 0 68 0.6 71 0 81 1 
7856 25 0 28 0.8 45 0.5 52 1 59 0.5 
8020 14 0.4 41 1 43 0.6 44 1 58 0.9 86 0 92 0 96 0.3 
8462 1 0.3 12 0.6 21 0 36 0.8 51 0.9 68 1 
8568 27 0.5 50 0.6 75 0.8 
8613 2 0 20 0.3 27 0 31 0 58 0.9 64 0 69 0 74 0.7 75 0.7 94 0.4 
8707 51 0.9 
8710 0 0 36 0 53 0.4 84 0 
8807 11 0.8 26 0.4 34 0.4 
8955 38 0.3 40 0 57 1 59 0.8 91 0.6 
8971 10 0.4 13 0.5 64 0.5 76 0.9 86 0.9 99 0.6 
9020 1 0.7 10 0.9 29 0.8 40 0.7 64 0.3 95 0.5 97 0.9 99 0.3 
9161 22 0 26 0.4 57 0.4 69 0 77 0.5 79 0.8 86 0 87 0 90 0.6 
9200 18 0.6 42 0.3 55 1 62 0 69 0.4 70 0.8 95 0.5 
9238 13 0.8 39 0 41 0 44 0 66 0.5 72 0.6 73 0.9 77 0.8 99 0.6 
9321 14 0.6 18 0.8 50 0.8 53 0.3 55 0 72 0.6 73 0 85 0 86 1 90 0.9 
9323 14 1 68 0.4 
9451 31 0 33 0.9 43 0.8 56 0.4 68 0.6 69 0.3 
9552 13 0.4 62 0.8 
9627 7 0 17 0.5 18 0.6 25 0.9 44 0.5 52 0 65 0.5 76 0.8 77 0.4 84 0.9 
9867 91 0.7 
9894 0 0.6 6 0.8 25 0.4 30 0 32 0 39 0.3 52 0.6 55 0.9 58 0.5 95 0.3 
9901 11 0.4 18 0 86 1 
