100
61 2 0 24 0.4 25 0.4 30 0.6 95 0.4 
140 56 0.4 61 0.5 76 0 
149 65 0.5 88 0 92 0 
174 15 0 20 1 52 0 54 0.7 55 0.8 64 0.3 72 0.9 81 0.3 91 0.6 94 0.8 
305 62 0 
583 30 1 81 0.7 
603 1 0.5 96 0.6 
770 2 0.7 15 0.5 23 0 71 0.4 86 0 
835 5 0.8 96 0.9 
998 10 0.6 23 0.6 38 0.9 62 0 63 0.4 86 0.7 
1063 37 0.6 41 0.3 51 0 73 0.3 84 0.3 
1099 19 1 65 0 69 0.8 83 0.7 
1143 5 0 52 0.8 54 0.8 58 1 80 0 86 0.7 90 0 99 0.9 
1169 17 0 20 0.5 22 0 37 0.4 46 1 66 1 83 0.8 
1212 8 0.6 38 0.3 41 0.5 52 0 
1216 44 0.4 82 0.8 89 1 90 0 
1224 18 0.9 21 0.6 48 0.9 
1244 7 0.9 25 0 40 0 55 0.5 72 0.4 81 0.5 82 0 87 0.3 90 1 
1481 41 0.4 
1725 52 0.4 55 0.7 56 0.4 64 0 
1734 32 0.7 72 0.3 
1760 71 0.5 98 0.5 
2070 31 0 50 0 52 0.4 57 0.9 64 1 81 0.5 
2371 1 0 41 0.3 56 0.3 92 0.3 94 0.8 
2425 68 0 93 0.7 
2582 23 0.9 27 0.6 36 0 53 0 57 0 64 0.6 67 0 90 0.7 
2606 38 0.5 56 0 
2611 36 0.5 44 0 80 0.6 
2802 57 0 72 1 78 1 84 0.7 
2833 18 0.9 
2936 32 0.3 45 0.8 57 0 
3080 11 0.9 22 0 31 0 32 0 42 0.9 48 0 63 0.4 67 0 70 1 85 0.8 
3247 6 0 30 0.3 44 0 56 0.8 
3327 3 0.8 16 0.5 22 0.3 47 0.7 53 0 77 0.4 96 0.3 
3335 2 0.3 
3464 57 0 
3602 18 0.5 
3618 3 0.6 4 0 6 0 20 1 37 0.4 48 0 
3715 3 0 11 0 12 0.8 31 0 69 0.4 76 0 90 0 91 0 
3838 4 0.4 29 1 31 0.6 67 0.5 72 0.6 85 0.3 
3867 6 0.3 42 0.7 48 0.3 64 0 77 0.7 83 0 87 0 88 0.6 
4021 50 0.6 87 0.7 
4034 27 0.5 98 0.5 
4188 19 0 22 0.4 26 0.8 86 0.7 99 0.5 
4298 6 0 13 0.9 
4339 9 1 25 0 41 0 59 0.8 62 0 91 0.3 
4517 43 1 
4523 6 0.4 14 0.4 21 0.8 30 0 32 0 35 0.8 50 0.8 56 0.6 63 0.4 73 0.3 
4789 25 0.9 40 0.8 56 0.7 62 0 91 0 
4849 0 0 2 0 32 0.6 36 1 48 0 70 0.4 72 0.5 78 0 
4928 10 0.5 32 0.7 39 0.3 60 0.6 61 0.6 79 0 96 0.3 
5033 2 0.3 19 0.3 34 0 51 0.9 70 0.4 
5175 38 0 40 0.4 67 0.7 83 0 89 0 91 0.3 
5287 5 0.4 14 0.7 27 0.9 55 0 70 1 72 0.8 74 0 80 0.8 99 0.4 
5310 10 0.6 27 0.7 29 1 82 0.7 85 0.5 
5335 10 0.7 31 0.4 34 0.9 39 0 61 0.8 82 0.8 99 0.6 
5530 3 1 38 0.9 49 0 63 0.3 72 0.6 93 0.5 
5564 4 0.3 5 0 9 0 18 0.6 34 0 38 0 45 0 56 0.6 64 0.7 85 1 
5691 25 0.6 31 0.8 32 0.7 61 0.6 80 0.7 98 0.9 
5901 34 0.3 79 1 81 0.8 82 0.9 85 0.5 87 0 92 0.9 
6034 1 0 9 0 93 0.4 
6234 38 0.5 
6287 97 0.5 
6323 14 0.8 33 1 61 0 
6450 1 1 28 0.9 94 0.4 
6543 0 0 1 0.7 4 0.5 19 0.6 29 0 81 0.8 89 0 
6819 12 0.8 26 0.7 30 0.8 50 1 52 0.6 55 0.9 79 0.3 94 1 
6871 8 1 18 1 19 0.9 58 0 89 0 99 1 
6979 18 0.4 21 0.3 59 0.3 63 0.9 96 0 
7014 20 1 29 0.5 52 1 63 1 69 0.8 70 0 73 0 76 0.4 80 0 96 0 
7039 17 0.5 37 0.5 44 0 45 0 48 0.7 71 0 75 0.6 99 0.8 
7054 26 0 39 0 43 0.4 44 0 51 0 53 0 55 1 61 0 78 0.8 91 0.4 
7062 1 0.8 30 0 54 0.7 71 0.9 78 0.3 
7081 29 0.8 37 0 47 0 54 0.3 60 0.7 64 0 78 0 
7194 18 0 20 1 24 0 48 1 50 0.7 55 1 58 0.7 78 1 97 0 99 0 
7315 39 0.4 51 0.8 64 0 67 1 76 0.3 
7500 3 0.3 
7576 1 0.8 37 0 45 0 57 0.3 61 1 63 0.5 78 0 
7719 44 0.7 66 0 85 0.4 
7819 15 0 31 0 38 0.7 43 0 72 1 93 1 
7841 16 0.8 27 0.8 29 0.3 32 0.4 46 0.3 61 0.9 75 0.6 83 0.3 
7956 53 0.6 
7991 22 0.8 74 0 
8002 4 0.7 9 0.3 16 0.5 21 0.3 39 0.4 71 1 80 0.9 83 0.6 
8216 2 1 5 0 7 0.7 16 0.9 52 0.7 54 0.8 70 0.6 80 0 89 1 94 0.6 
8268 3 0 15 1 43 0.4 51 0.3 77 0 89 0 
8487 21 0 32 0 85 1 
8649 62 0 
8680 12 0.6 30 0 53 0.4 58 0 
8757 26 0.7 67 0 96 0.8 
8832 36 0.4 65 0.3 
9180 8 0.4 14 0 20 0.5 21 0.7 26 0.8 31 0.7 34 0.9 93 0.6 95 1 
9304 28 0.7 38 0.8 49 0.3 59 0.6 78 0.6 90 0.6 
9480 6 0.8 33 0.3 36 0 50 0.9 58 0.5 59 0 86 0.7 93 1 
9576 1 0 3 0.3 9 0.8 12 0.3 30 0 66 0.8 81 0.6 82 0 
9613 13 0.9 52 0.9 62 0 66 0.4 69 0.4 86 0.9 94 0 96 0.7 
9652 37 0.3 41 0 50 0.7 92 0.7 98 0.5 
9706 19 0.9 36 0 53 0 55 0.7 67 0 75 0.7 78 1 92 0 
9785 31 0.3 51 0.3 53 0 58 0 64 0.8 66 0.3 71 1 92 0.4 94 1 
9924 7 0.8 11 0.9 41 0.4 45 0.9 72 0.6 97 1 
