100
366 8 0 26 0.3 31 0 65 1 71 0.7 76 0.5 99 0.7 
381 16 0.5 26 0.9 45 1 79 0.7 83 0.3 86 0.8 91 0.3 96 0 
493 1 0.9 27 0.8 89 0 
582 20 0 28 0.8 31 0.9 49 0 66 0.5 67 0.4 69 0 75 0.9 88 0.5 97 0.6 
607 8 0.7 15 0.6 31 0 40 0 68 0.7 89 0.6 90 0.7 92 0.6 93 0.6 98 0.8 
646 5 0.4 21 0 39 0.7 60 0.7 68 1 72 1 79 1 80 0.8 82 0 97 0.7 
647 21 1 33 0 75 0.3 91 0.4 
792 99 1 
822 7 0 16 0.5 18 0 20 0.7 42 0 44 0 85 0.9 92 0.8 94 0.6 97 0 
926 27 0.3 35 0.6 37 0 48 0.7 50 0.4 92 0 
1051 70 0 84 0.5 91 1 94 0.7 
1372 48 1 55 0.5 87 0.8 89 0.5 98 0 
1432 10 0.6 17 0.8 23 0 53 0.8 59 0 60 0.8 70 0.4 82 0 
1565 26 1 54 0.8 61 0.6 
1566 29 0 31 0.7 32 0.7 49 0.9 51 0.8 67 0.7 70 0.7 71 0.6 79 0.4 
1588 0 0.4 6 0.8 25 0 28 0.4 32 0.6 41 0.7 56 0 73 0.4 79 0.4 89 0.9 
1709 13 0 80 0.5 
1762 3 0 7 0.3 18 0.7 20 0.6 47 0 54 0 87 0.5 91 0 98 0 
1834 59 0.5 62 0 
1887 22 1 35 0 44 0.8 85 0.5 87 0 
1944 7 0.8 46 0.9 50 0 62 0.7 64 0.3 67 0.3 
2021 1 0.6 2 0.7 4 0.3 13 0.4 23 0.3 45 0.8 47 0.9 57 0.6 71 0.9 93 0 
2074 3 0.9 8 0.8 21 1 28 0.7 29 0 36 0.8 59 1 74 0.8 83 0.9 
2338 2 0.8 44 0 53 0 69 0.9 75 0 82 1 
2345 8 0.9 26 0 39 0 62 0 75 0.4 83 0.7 96 1 98 0.6 99 0.3 
2462 6 0.9 7 1 17 0.5 19 0 46 0.6 57 0 65 0.5 69 0.6 78 0.5 86 0 
2491 33 0.8 56 0 61 1 67 0.3 72 0.3 78 0.6 
2496 26 0 38 0.5 69 0.5 94 0 
2600 41 0 55 0.3 58 0.8 80 0 
2621 12 0.3 40 0 
2647 14 0.6 23 0.6 59 0.6 68 0.5 
2715 8 0.4 26 0.4 54 0.5 58 0.6 98 1 
2734 15 0.6 17 0.7 19 0 51 0.4 52 0.6 70 0 84 0.9 
2785 85 0.7 87 0.5 93 0 
2893 6 0 60 0 97 0 
2982 8 0 30 0 35 0.9 38 0.3 50 0.3 86 0 92 0.8 
3369 23 0.9 38 0.3 39 0.3 45 0.4 
3434 14 0 
3442 17 0.7 21 0 41 0.3 48 1 65 0 69 0.9 80 0.5 82 0.9 91 0.3 
3739 28 1 32 0.4 33 0 38 0.8 58 0.8 87 0.7 88 0.5 99 1 
3906 6 0.3 9 0.7 10 0.6 23 0.9 28 0.6 32 0.3 33 0.9 43 0.8 66 0 76 0.5 
4030 25 0.7 95 0 
4072 24 1 63 0.4 66 0.4 84 0 
4342 99 0 
4588 55 0.5 87 0.5 
4614 9 0.8 13 0.9 25 0 33 0.4 36 0.3 43 0.5 46 0 53 0 57 0.5 58 0 
4702 21 0.3 
5304 2 0.8 13 0 14 0 52 0.5 65 0 66 0 78 0.3 82 0.4 86 0 94 0.9 
5564 4 1 5 0.9 9 0.8 18 0.8 34 0.4 38 0 45 0.8 56 0.9 64 0.4 85 0.7 
5577 5 0.5 28 0 30 0.3 79 0.5 86 0.3 97 0.6 
5603 19 0.4 36 0.6 44 0.5 91 0.3 
5640 7 0 17 1 20 0.5 39 0 51 0 85 0.8 
5978 43 0.3 48 0 61 1 62 0.4 79 0.5 89 0 
6033 6 0.3 48 0.8 66 0 89 1 
6042 62 0 84 0.9 88 0 
6065 18 1 25 1 26 0.4 62 0.8 72 0.9 80 0.4 86 0.6 97 0.7 
6140 1 0.8 17 0.3 33 0.7 37 0.4 42 0.5 44 1 54 0.3 71 1 
6237 22 0 67 0 72 0.5 
6286 5 0.6 76 0 93 1 95 0 96 0.6 
6411 19 0.8 51 0.9 
6434 0 0 11 0.4 26 0 29 0 58 0.8 
6472 10 0 31 0.4 34 0.3 38 0 76 0.5 95 0 98 0.4 99 0.7 
6610 78 0.6 
6638 17 0.4 99 0.6 
6672 87 0.5 96 1 
6742 71 1 
6774 8 0.3 9 0.7 18 0.8 40 0 49 0.7 54 1 61 0 83 0.9 91 0 
6830 4 0 10 1 20 0 47 0 69 0 73 0 98 0.8 
6895 1 0 21 0.3 27 1 59 0.3 70 0 72 0.8 81 0.8 83 0 
6965 64 0.4 
7088 13 0.5 76 0.9 
7091 5 0.5 6 1 15 0 24 0 25 0.5 26 0.3 31 0 52 0.7 83 0.5 
7155 0 0.7 6 0.4 10 1 30 0.8 65 0.4 83 0 85 1 97 0 
7181 25 0.3 27 0 29 0.8 35 0 51 0.8 57 0 73 0 77 0.6 
7315 39 1 51 0 64 0 67 0.3 76 1 
7415 65 0.4 
7481 40 0 42 0.7 55 0.9 
7563 2 0.9 4 1 22 0.8 34 1 35 0.6 76 0.5 84 0.4 93 0.4 97 0.3 
7570 4 0.3 23 0.8 26 1 27 0 39 0.8 
7696 0 0.4 9 0 52 0 76 0.9 81 0.4 
7791 2 0.8 7 0.8 17 1 25 0 37 0.5 44 1 72 0.3 83 0.5 87 0.9 92 0 
7999 3 0.8 8 0.5 14 0.9 20 0 31 0.3 69 0.5 82 0 
8037 6 0.9 24 0.5 30 0.9 42 0.8 45 0 52 0.8 71 0.7 
8038 9 0.6 22 0 40 0 47 0.9 49 0 52 0.5 67 1 76 0.4 79 0 86 0 
8299 23 0.5 24 0.5 35 0.3 51 0.5 54 0 55 0 57 0.8 77 0.7 84 0.5 96 0 
8440 4 0 7 0 17 0.7 43 0.8 45 0.9 48 0.9 49 0 62 0.6 78 1 90 0.3 
8464 6 0 24 0.3 32 0 42 0 58 0.9 
8524 13 1 23 0.8 35 1 41 0.6 47 0 55 1 64 1 80 0.6 89 0.4 
8537 35 1 98 1 
8612 8 0.7 9 0.4 57 0.4 
8641 38 0.6 51 0.9 77 0 86 0.3 
8675 0 0.3 3 0 14 0 20 1 40 0.9 67 0.9 77 0.4 96 0 
8768 12 0.8 54 0.4 55 0 71 0.6 
8802 1 0 6 0 51 0 
9300 6 0.3 14 0.9 29 0.6 33 0.9 43 0 49 0 63 0.5 67 0.8 
9353 2 1 49 0.4 53 0.4 71 0 76 0 91 0.9 
9481 3 0.7 22 0 25 0.7 50 0.7 58 0.5 70 0.3 74 0 75 0 88 0.5 
9612 9 0.6 26 0.9 47 0 51 0.9 53 0.5 55 0.8 65 0.5 69 0.7 77 0.4 
9773 26 0 63 0 84 1 93 0 
9944 1 0.3 5 0.7 14 0.7 60 0 90 0.7 
