100
19 12 1 23 0.8 33 0.5 44 0.9 66 0.3 72 0.7 73 0.8 
127 1 0 9 0.7 11 0 57 0.8 76 0.7 88 1 
171 6 0.5 22 0 33 0.3 37 0.3 62 0 75 0 96 0.7 
383 18 1 40 0.8 55 0.9 57 0 79 0 94 0.7 
521 25 0.7 38 0 55 0 66 0 81 0.5 92 0.8 97 0.9 
579 28 0.9 68 0.3 95 0.8 
652 23 0 49 0.9 51 0.8 59 0.8 70 0 77 0.5 89 0.6 90 0.6 91 0.3 
761 39 0.5 72 1 84 0 85 0.8 86 0.3 90 0.7 98 0.5 
850 1 0 
1006 34 0.5 36 1 54 1 90 0 
1023 6 0.7 7 0.6 43 0 51 0 60 0.8 64 0.4 73 0.3 79 0 93 0.6 
1031 80 0.6 
1199 7 0.7 20 0 24 0 25 0.5 51 0.6 76 0.7 
1288 61 0 77 0.8 
1332 5 0.3 15 0.6 25 0 39 0 66 0.5 76 0.5 94 0 95 0.9 
1350 14 0.9 38 0.9 68 0.7 91 1 
1530 13 0.4 21 0.7 38 0.5 40 0 49 0 55 0.3 82 0.8 84 0.9 89 0.8 95 0.3 
1550 49 0 
1625 22 0.9 26 0 42 1 67 0.6 80 0.8 
1713 6 0 71 0.4 
1804 4 0.4 7 0.6 8 0 17 0.7 42 0.4 50 0.4 53 0.7 72 0.7 82 0.9 
1825 88 0 
1871 7 0.5 11 0.5 13 0 18 0 23 0 64 0 86 0 87 0.3 
1877 13 0.9 34 0.3 52 0.3 
1942 15 0.5 20 0.7 39 0.7 61 0.7 62 0 65 0.4 79 0 
1977 17 0 88 0.4 
2103 21 0.8 23 0.9 34 0.7 36 0.3 40 0 99 0.8 
2137 2 0 23 0 25 0.6 26 0 37 0.6 80 0.6 84 0.4 87 0 
2144 17 0.5 61 1 73 0.9 78 0.6 87 0.7 
2258 22 1 35 0.7 57 0.7 60 0.4 62 0.7 88 0.6 89 0.5 
2269 72 1 78 0.4 
2326 4 0.7 17 0.5 25 0.4 
2410 10 1 14 0.8 51 0.9 
2518 15 0.8 24 0.6 31 0.9 81 0.7 86 0.9 98 0.8 
2557 23 0 24 0.9 33 0.3 37 0.5 81 0.4 93 0 
2581 2 0.8 37 0 53 0 83 1 91 0.5 
2644 2 0.6 4 0.3 26 0.8 50 0 51 1 58 0.6 69 0.9 73 0.4 86 0 93 0.7 
2698 2 0.6 9 0.5 15 0.7 34 0 85 0 93 0.8 
2704 19 0 23 0 31 0.8 39 0.5 43 0.4 69 0.7 71 1 78 0.8 79 0.5 
2806 41 0.3 42 0.4 51 0.3 69 0.9 82 0 
2949 90 1 94 0 96 0 
3058 4 0 24 0.3 35 0 50 0.7 87 1 89 0 96 0.6 99 0.8 
3568 21 0.4 38 0 77 0 90 0.5 93 0.9 
3689 20 0.7 64 0.8 71 0.9 75 0.5 
3707 35 0.6 46 0.4 64 0.7 66 0 70 0.4 72 0 90 0.9 
3855 40 0 69 0 
4193 41 0.8 62 0 99 0.5 
4262 56 1 70 0.5 
4398 18 0.5 21 0 33 0.5 75 0.3 85 0.9 96 0.4 
4423 9 0.4 22 0.6 23 0 64 0.4 66 0.6 74 0 85 1 99 0.8 
4589 16 0.8 23 0 25 0 30 0 32 0.5 35 0 53 0 68 0.9 98 0.9 
4678 1 0 33 1 43 0.8 44 0.3 55 0.5 71 0.4 81 0.9 90 0.5 
4782 22 0.8 83 0 98 0.6 
4825 9 1 22 0.6 34 0.7 50 1 83 1 
4840 9 0.8 22 0.4 43 0 71 0.5 
5195 54 0 93 0.7 98 0.4 
5343 18 0 22 0 25 0 34 0.5 57 1 
5529 9 0.3 20 0.8 25 0.7 31 0.4 53 0 79 0.5 
5703 9 0.8 99 0 
5878 8 0.3 35 0.7 69 0 
6134 17 0.8 46 0.3 90 0.8 96 0 99 0 
6138 29 0 38 0 42 0 54 0.7 78 0.3 84 0.7 88 0 96 0.5 
6157 13 0.9 22 0.5 47 0.3 52 0.3 68 0 71 0.9 75 0.4 76 0.3 79 0.3 83 0.7 
6242 10 1 52 0.9 96 0 
6290 2 0 7 0.7 37 0 42 0 64 0.4 90 0 94 0 99 1 
6355 82 0.9 89 0.8 
6368 21 0 24 0 58 1 
6447 36 0.3 72 0.8 75 0 88 0.4 
6773 10 0.5 35 0 62 1 63 0.3 68 0.7 72 0 79 0.9 80 0 88 0 
7107 21 1 
7333 0 0 11 0.5 23 0.6 44 0 58 0.6 74 0 
7418 2 0.9 9 1 37 0.5 50 0.6 56 0.5 61 0 62 0.5 64 0.5 65 0.8 75 0.4 
7443 8 0.8 27 0.8 65 1 
7504 29 0 62 0.6 80 0 
7579 31 1 
7653 36 0.4 46 0.8 
7870 3 0.8 28 0.9 91 1 96 1 
7965 10 0.6 25 0.7 29 0 34 0 36 0.4 46 0 71 0.5 81 0.9 96 0.4 
8120 5 0.5 6 1 26 0.6 36 0.3 72 0 74 0.7 79 1 80 1 
8386 80 0.6 
8387 14 0.3 
8450 55 0 
8529 8 0.7 23 0 46 0 48 0.6 85 1 88 0.8 
8565 9 0 18 0.7 24 0 35 0.7 39 0 42 0.9 59 0 65 0 76 0 85 0.5 
8619 10 0.6 14 0.5 62 0.4 64 0.7 98 0.9 
8632 6 0.7 17 0.3 27 0.4 49 0 69 0 79 0 96 0 98 0.7 
9140 15 0.6 40 0 67 0.5 
9212 33 0.6 40 0 49 0.4 
9215 18 0.5 26 0.7 36 0.3 40 0.7 45 0.5 48 1 56 0 61 0.5 87 1 
9221 16 1 42 1 45 0.3 55 0 62 0.8 77 0.7 98 0 99 0.3 
9237 3 0 5 0 11 0.9 13 1 29 0.3 34 0 63 0.8 83 0.3 92 0 97 0.7 
9245 3 0 23 0.4 24 0 98 0.4 
9588 22 0 
9610 18 0.9 25 0 62 0.5 91 0.3 
9651 3 0.6 8 0.3 48 0.7 49 0 51 0.4 57 0.9 59 0.3 65 0.8 77 0.4 
9676 13 0.4 17 0 
9759 30 0.6 43 0.7 45 0.8 52 0.8 70 0.4 74 0.7 
9763 56 0.9 89 0.7 
9933 2 0.8 22 0.6 24 0.3 59 0 97 0.3 
9953 21 0 27 0.8 68 0.9 69 0.9 70 0 72 0 76 0 
