100
38 11 0.4 22 0.9 65 0.8 86 0.7 87 0.4 93 0.3 97 0.8 
87 10 0.9 54 0 59 0.4 62 0.7 69 0 71 0.6 72 0.9 92 0.8 
170 3 0.6 18 0.6 19 0.4 75 0 
281 0 0.4 4 1 5 0.6 27 0.4 30 0.9 38 0.7 46 0.7 63 0 
398 2 0.5 8 1 53 0 65 0.4 66 1 90 0.8 
560 9 0 20 0.3 38 0.5 53 0.8 54 0.3 
680 30 0.7 44 0.4 51 0 53 0.9 57 0.6 72 0.4 
905 61 0 66 0.5 74 0 77 0.4 85 0 97 0.3 
935 1 0 11 0.3 28 0.8 59 0.4 64 0 77 0.4 
974 1 0 29 0.4 44 0 45 0 60 0.6 75 0 80 0.4 
1036 70 0 71 0.6 
1193 4 1 6 0.7 18 0 75 0.4 88 0.7 89 0.9 97 0.4 99 0 
1250 9 0 13 1 24 0.9 25 0.6 60 0.3 61 0 72 0 87 0.9 90 0.4 
1336 3 0 9 0 11 0 28 0.6 57 0 64 0 
1374 3 0.5 8 0.6 99 0 
1469 20 0 22 0 96 0.6 97 0 
1471 65 0.8 72 0.4 96 1 
1559 3 1 18 0 55 0.6 64 0.7 65 0.4 69 0.5 75 0 92 0 93 0.4 94 0.9 
1825 88 0.9 
1880 6 0.3 45 0 98 0 
1944 7 1 46 0.4 50 0.7 62 0 64 0.8 67 0.8 
1959 9 0.7 11 0.3 57 0.4 81 1 
2152 3 0 72 0.3 
2153 1 0 12 0.9 24 0 35 0 38 0.7 54 0.3 75 0 91 0.8 
2200 22 0.8 30 0.9 68 0 
2280 88 0.6 
2325 19 0.4 26 0.7 38 0.7 60 0 72 0.4 80 1 83 1 88 0.8 96 0.4 
2338 2 0.7 44 0.8 53 0.9 69 0.3 75 1 82 1 
2559 11 0.6 14 0 24 0.4 49 0.5 50 1 74 0.7 99 0.9 
2629 11 0.5 27 1 46 0.3 75 0 85 0.6 89 0.3 97 0.4 
2669 2 0.7 8 0.8 28 0.9 30 0.7 49 0.8 59 0.9 85 0.5 92 0 96 0 
2699 4 0.3 20 0.9 55 0 58 1 88 0 90 0.4 
2748 12 0.3 
2792 8 0.7 
2873 27 0 29 1 65 0.4 
2932 10 0 22 0.3 25 0.5 33 0.5 53 0.6 71 0 87 0 
3112 4 0.5 13 0.3 36 0.5 53 0.7 56 0.9 61 1 66 0.4 
3159 1 0 51 0.7 57 0.3 95 0.5 
3614 32 0.6 42 0 
3649 19 0.9 27 0 35 0 41 0.5 54 1 60 0.6 66 0.7 73 0.6 85 0 90 0 
3650 6 0.6 56 0 67 0 91 0.6 
3679 6 0.6 13 0.9 23 0.5 50 0.7 61 0.4 62 1 63 0.4 69 1 97 0.9 98 0.3 
3680 92 0 
3839 34 0 50 0 57 0.6 65 0.7 89 0.8 
3932 34 0 35 0.8 83 0 
4053 17 1 18 0.7 40 0.3 47 0.4 50 0.5 63 0.4 69 0.4 93 0 
4132 0 0.4 5 0 26 0 28 0.5 31 1 32 0.5 34 0 41 0.6 60 0.4 62 0 
4219 22 0 28 0.7 29 0.5 63 0.4 
4315 11 0.3 17 0.5 34 0.8 49 0.3 79 0 
4367 17 0 37 0.6 47 0.9 51 1 68 0.8 72 0 85 0.4 89 0.3 
4473 2 0 28 0.7 
4545 52 0.4 60 0.7 93 0.3 96 0.7 
4590 21 0.9 31 0.3 65 0.6 92 0.5 
4601 8 0.7 29 0 32 0.6 43 0 78 0.5 85 0 
4831 2 0.7 29 0.6 33 0 48 1 66 0.5 74 0.8 83 0.4 
4898 18 1 47 0.8 50 0.8 54 0.7 63 0.5 99 0.4 
5136 2 0 11 0.3 14 0.7 18 0.3 19 0 47 0 51 0.6 55 0 68 0.6 97 0.6 
5378 7 0.5 12 0 17 0.7 22 1 71 0.8 72 0.8 95 0.9 
5406 7 0.6 12 0.8 64 0.8 91 0.4 
5441 12 0.6 17 0.6 18 0.6 26 0 78 0 87 1 
5444 13 0.3 35 0.7 41 1 47 0.7 66 0 82 0.5 
5484 80 0 
5534 0 0 20 0 24 1 31 1 42 0.8 49 0.7 56 0.4 65 0.3 
5537 57 0 
5584 4 0 11 0.9 13 0.5 28 0.8 43 0.9 68 0.9 76 0 86 0 97 0.6 
5661 6 0.6 20 0.6 31 0 36 0.6 55 0.9 59 0 82 1 99 0 
5765 2 0.4 11 1 49 0 
6177 32 0.3 46 0 60 0 67 0.8 74 0.5 80 0.7 83 0.9 85 0.6 
6298 5 0.9 36 0 57 0 84 0.3 96 0.4 
6379 44 0 65 1 89 0.7 
6554 2 0.5 19 0.5 22 1 25 0.9 55 0 65 0.9 70 0.6 76 0.4 83 0.9 
6843 4 0.5 7 0 13 0.5 60 0.9 71 0.9 84 0 
7240 1 0 21 0.5 39 0.8 57 1 61 0 63 0.7 68 0 84 0 85 0.6 99 0.4 
7423 6 0.3 8 1 28 0.5 36 0.7 42 0.7 81 1 
7428 19 0.3 56 0.5 92 0.4 
7546 63 0.8 70 0 
7629 18 1 44 0.4 
7776 1 0.3 10 0.8 30 0.7 35 0.6 41 0.7 62 0.3 63 0.4 66 0.6 67 0 93 0.4 
7831 38 0.4 62 0 71 0.8 98 0 
7842 1 0.4 
7889 7 0.9 41 0.4 48 0.9 65 0.8 68 0.7 84 1 87 0.5 
8001 18 0.7 23 0.6 88 0 
8345 74 0 
8362 32 0.7 66 0.6 70 0.7 74 0.9 76 0 95 0 
8686 3 0.8 23 0 28 0.4 33 0.9 40 0.5 53 0 57 0.5 82 1 
8711 5 0 
8742 6 0.8 45 0.4 51 0 56 0.7 79 0.6 83 0.9 88 0 
8989 48 0.6 67 0 69 0.8 88 0 89 0.9 
9040 19 0.7 44 0 51 0.7 70 0.3 78 0.9 82 0 
9416 4 0.9 14 0 39 0.9 48 0.5 54 0 58 0.4 68 0.8 91 0.6 96 0 
9424 7 0 27 0.4 30 0.9 44 1 50 0.9 64 0 73 0.6 92 1 
9429 16 0.6 20 0 31 0.6 34 0.4 45 0 72 0.5 81 0 95 0.7 97 0.3 99 0 
9561 9 0.4 21 1 29 0 35 1 60 0.7 72 0.9 77 0 87 1 92 0.3 97 0.3 
9661 40 0.9 62 0.3 83 0.8 90 0 94 1 
9683 7 0.9 13 0.8 65 0 90 0.8 
9687 33 0 39 0.5 56 0 57 0.4 58 0.5 70 0.4 86 0 90 0.6 94 0.4 
9725 2 1 67 0.9 79 0.9 84 0.8 97 0 
9761 4 0.8 22 0.3 28 0 40 0.9 63 0.9 66 1 
9826 12 0.6 21 0.9 27 0 44 0.3 45 0.5 58 0.6 69 0.9 82 0 85 1 96 0 
9944 1 0 5 0.3 14 0.8 60 0.5 90 0 
