100
13 50 0.9 
125 24 0.6 27 0.3 48 0 53 0 94 0.9 
184 24 0 36 0.9 38 0.6 66 0.8 
235 3 0.7 14 1 22 0.7 26 0 51 0.8 53 0.9 62 0.4 63 0.4 73 0.5 78 0.4 
239 19 0.6 51 1 
435 84 0.6 90 0.6 
665 10 0.3 14 0.7 27 0.5 44 0.3 46 1 51 0.5 57 0 75 0 
915 13 0.9 38 0.5 40 0.5 64 0.4 91 0 96 0.7 
954 1 0 9 0.5 24 0.5 25 0.3 31 0 37 0.9 39 0 47 0.9 86 0.3 94 0.8 
1043 1 1 15 0.4 39 0.6 58 0.9 
1154 1 0 2 0.8 5 0 22 0.8 24 0.8 26 0.7 79 0.3 
1202 2 0 9 0.5 15 0.9 18 0.8 34 0.7 75 0.4 76 0.8 77 0 93 0 
1253 12 0 44 0.3 51 0 62 0 65 0 90 0.8 91 0.5 92 0.4 
1278 8 0.6 55 0.6 
1394 7 0.9 13 0 15 0 41 1 54 0.4 64 0.6 84 0 
1404 76 0.5 
1533 5 0.4 28 0.8 92 0.9 95 0.3 
1763 8 0.9 28 0 34 0.3 57 1 70 0.3 71 0.7 90 0 
1780 6 0 
1790 26 0.9 40 0.4 53 0.7 64 1 
1794 1 0.6 19 1 22 0.6 58 1 
1843 6 0 10 0 12 0 19 0 31 0 44 0.6 46 0.4 48 0 74 0.7 93 0 
1865 4 0.3 32 0.9 40 0 72 0.8 73 0 95 0.4 
1881 0 0.8 3 0.9 11 0.8 41 0.5 60 0 74 1 95 0 
1927 1 0 19 0.6 32 0.7 33 1 75 0.3 
2045 1 0.3 6 0.7 20 0 22 0 46 0.7 49 0 56 0.6 61 0.6 98 0 
2080 20 0.8 78 0.9 
2085 3 0 17 0 28 0.9 32 0.9 40 0.7 54 0.9 67 0.8 94 0.8 99 1 
2138 7 0.7 40 0.4 78 1 
2233 8 0.7 42 0.7 48 0.5 58 0 61 0.7 75 0.7 94 0 
2393 4 0.5 11 0 12 0.4 18 0.5 41 0.4 54 0.5 59 0 74 0 76 0.5 91 0.3 
2544 69 0 
2587 16 0.8 52 0.4 59 0.8 
2679 38 0.8 39 0 70 0 93 0.4 
2818 13 1 14 0.3 93 0.8 
3034 9 0.5 14 0 16 0.6 57 0.9 87 0.7 95 0.5 
3223 8 0 12 0.8 19 0.9 
3295 4 0.5 26 0 29 0.8 37 0.6 45 0 48 0 54 0.8 72 0.7 83 0.6 
3353 16 0.4 21 0.8 45 0 50 0.8 55 0.9 61 0.9 96 0 
3504 11 0 22 0 51 0.5 54 0.7 88 0.9 90 0.6 98 0.4 
3698 20 0.6 26 0.8 61 0.6 86 1 87 0.4 94 0.6 
3717 42 0.4 43 0.3 58 0 66 1 68 0.4 71 1 77 0.3 
3858 28 0 70 0 76 0.9 87 0 
4120 1 1 12 0.8 15 0.9 41 0.7 69 0.3 89 0.6 92 0.5 
4276 18 0 
4339 9 0.6 25 0 41 0.8 59 0.5 62 0.7 91 0 
4348 10 0.3 51 0.3 65 0 87 0.4 
4456 6 0.6 
4808 0 0.9 7 1 9 0 18 0.6 21 0.6 23 0.4 55 0.5 91 0.7 97 0.3 
4949 97 0.6 
5424 33 0.7 87 0 96 0.9 
5477 33 0.6 71 0.5 80 1 82 0.8 
5674 8 0.7 29 0.5 34 0.6 48 0 61 0 67 0 77 0 
5824 16 0 20 0.7 23 0.7 41 0 47 0 53 0.5 57 0.4 64 1 
5863 34 0.5 41 0 45 0.3 46 0.7 50 0.4 66 0.9 80 1 93 0.8 
5867 93 0.7 
5921 7 0.6 13 0 22 0.6 35 0.6 44 0 51 1 56 0.9 58 0.7 
5998 20 0.3 
6546 3 0 5 0.6 88 0.8 
6964 1 0.4 24 0 
6988 1 0.3 9 0 14 0.9 16 0.8 47 0 57 0.9 90 0.6 
7118 23 0.9 32 0.5 41 1 76 0.8 77 0.6 78 0.4 87 0.8 
7132 14 0.5 15 0 26 0.5 48 0.3 52 0 57 0.8 62 0 67 0 76 0.8 
7149 18 0.3 22 0.3 37 0.4 65 0 74 0.5 75 0.4 89 0.6 95 0.8 
7353 40 1 68 0.3 
7362 4 1 33 0.7 66 0 70 0.5 78 0.5 83 0.8 87 0 88 0.9 
7566 4 0.6 7 0 26 0 52 0.7 72 0 
7630 8 0.3 15 0.4 36 0.8 67 0.8 
7723 12 0.6 19 0.5 31 0.4 32 0.8 40 0 41 0.3 72 0.5 73 0.6 
7761 21 0.8 
7804 1 0 11 0 28 0 38 0.9 54 0 75 0 82 0.7 92 0 
7841 16 0.7 27 0.4 29 0.5 32 0.5 46 0 61 0 75 0.6 83 0.7 
7906 32 0 
7935 5 0.7 9 0.5 17 0.3 24 0.8 28 0.4 34 0.7 91 0.4 95 0.7 
7994 42 0.7 52 0 80 0.5 85 0.4 
8028 2 0.4 15 0 59 0.9 66 0 83 0.8 84 0.7 87 0 
8134 13 0.4 18 0.3 34 1 35 0.3 46 0 51 0.6 69 0.8 70 0 94 0.9 99 0.4 
8144 47 0 74 0.6 94 0.7 98 0.4 
8184 6 0 10 0.5 11 0.8 21 0.9 36 0.4 66 0 76 0 84 0.9 97 0.3 
8368 14 0.4 31 0 32 0 54 0 56 0.6 68 0.4 69 1 88 0.6 95 0 
8373 34 0.4 48 0 49 0 50 0.3 56 1 70 0 72 0 92 0.9 96 0.4 97 0 
8390 0 1 19 0 24 0.3 25 0.9 32 0.5 36 1 71 0.4 80 0.3 91 0.3 
8468 17 0.6 24 0.8 40 1 49 0.4 90 0 
8796 3 0.5 34 0.7 72 0 77 0 81 0 
8800 3 0 23 0.5 59 0.3 65 0.4 76 0.6 82 0 83 0 95 0.9 
8830 14 0.7 40 0.6 61 0 68 0.6 69 0.6 71 0.9 77 0 83 0 88 0.4 
8889 14 0.7 15 0.5 24 0.4 29 0.5 42 0.3 56 0.7 68 0.5 71 1 86 0.3 89 0.7 
8979 11 0 21 0.6 31 0.3 36 0.4 76 0.6 
9054 1 0.5 16 0.7 49 0 51 1 64 0.7 82 0.3 84 0.9 86 0.5 96 0 
9080 46 0.5 
9143 4 0.3 40 0 44 1 50 0.4 51 0 72 1 76 0.5 79 0.9 82 0 94 0 
9203 0 0.3 3 0.4 18 0 26 0.3 28 0.5 33 0.7 37 0.7 41 0.3 48 0.7 
9278 13 0.8 33 0.3 48 1 66 0.9 78 0.6 
9497 17 0.7 33 0.6 51 0.5 74 0.3 83 0.4 97 0.8 
9605 14 0.5 26 0.3 28 0.5 91 0 
9674 15 1 18 0 27 0.8 44 0 53 0.9 87 0.7 98 0.5 
9734 9 0.6 73 0.7 
9806 0 0 30 0 80 0.4 83 0 88 0.3 
9819 0 0 2 0.7 6 0.6 26 0 37 1 55 0.6 68 0.6 95 0 
9858 8 0.7 33 0 34 0.5 53 0.9 93 0.6 
