100
334 39 0.4 
626 44 0 52 1 84 0.9 95 0.7 
674 91 0.6 
697 37 0 57 0.6 
699 1 0.3 31 0.5 50 0.6 76 0.5 
738 71 0.7 
871 3 0.4 18 0 
1063 37 1 41 0.3 51 0.7 73 0.6 84 0.6 
1101 9 0.9 27 0.6 29 0.9 30 0 55 0.8 56 0.4 62 0 72 0.5 79 0 
1418 8 0.9 19 0.8 22 0 38 0.7 65 0 72 0.9 80 0.3 88 0.8 98 0.8 
1543 21 1 30 1 42 0.9 55 0 57 0 93 0 95 0.3 
1648 24 0 30 0 34 0.5 40 0.9 42 0.3 55 0.4 75 0 83 0.9 92 0.7 
1771 0 0 4 1 11 0 12 0.4 21 0.6 54 0.9 94 0 
1788 6 1 21 0 23 0 34 0.5 52 0 73 0.4 76 0.6 77 0.6 83 1 
1888 62 0.9 67 0.8 
1937 10 0 24 1 67 0.5 73 0.4 80 0.9 
2046 37 0.9 54 0 60 0.5 69 0 
2154 17 0 19 0.8 35 0.7 67 0.3 68 0.5 85 0 
2211 15 0 94 0 
2328 9 0.5 10 0.4 20 0.5 24 0 27 0.3 55 1 66 1 
2345 8 0.6 26 0 39 0.9 62 0.7 75 0.3 83 0.5 96 0.3 98 0.3 99 0.4 
2548 15 0 55 0 60 0 72 0 82 1 93 0.5 99 0.9 
2579 10 0.4 14 0.6 37 0.4 49 0.8 50 0 56 0.9 83 0.4 97 1 
2599 0 0.7 26 0.4 46 0 53 0 73 0 79 0.5 80 0 90 0 
2708 0 0 18 0.6 37 0.6 39 0.3 48 0.8 58 0.7 88 0.9 99 0.6 
2755 12 0.5 17 0.7 24 0 45 0.3 48 0.4 66 0 69 0.5 80 0 90 0.3 97 0.8 
2776 24 0.4 46 0.3 74 0 81 0.3 83 0 
2954 9 0.4 51 0.4 59 0.8 
3381 27 0 30 0 31 0.4 53 0.9 98 0.3 
3440 17 0 64 0.9 
3635 0 0.6 5 0 14 0.8 20 0.6 21 0 37 0 63 0 77 0.5 90 0 97 0 
3677 4 0.6 
3880 0 0 33 0.8 56 0.7 60 0.7 85 0 93 0 95 0.6 
4185 7 1 24 0 38 0.5 46 0.4 54 0.5 70 0.8 90 0 
4213 4 0.9 27 0 36 0.3 53 0.7 58 0 93 0.7 
4446 4 0.9 33 0.7 47 0.9 53 1 58 0.6 74 0.8 77 0 84 0.3 85 0.8 
4600 20 0 30 1 34 0.4 
4626 62 0.4 
4641 3 0.5 25 0.7 38 0.6 45 0.7 59 0.4 61 0 69 0 70 0 80 0.8 84 0 
4715 3 0.4 21 0 28 0 50 0.5 76 0 
4846 62 0.5 
5049 7 0 15 0.7 48 0.8 71 0 73 0.6 77 0.7 
5059 20 1 23 0.8 27 0 63 0.6 64 0.5 71 0.9 
5176 8 1 61 1 
5336 96 0.8 98 0 99 0 
5419 2 0.9 11 0.5 16 0.3 23 0.3 32 0.3 39 1 49 0 53 0 54 0.5 85 0.7 
5518 2 0.6 3 0.4 15 0 46 0.5 68 0.3 76 0.9 88 0.7 95 0 
5576 9 1 20 0 48 0 49 1 55 0.6 60 0.6 65 0.5 
5706 7 0 27 0 30 0.4 31 0 43 0.6 50 0.3 55 1 58 0.3 59 0 92 0.4 
5717 1 0.8 17 0.5 21 0.4 80 0.8 98 0.4 99 0.7 
5740 13 0.9 15 1 16 0.4 36 0 41 0.5 57 0 60 0.7 79 0.3 80 0.8 87 0 
5819 7 0.6 98 0 
5902 2 0.5 4 0 16 0 23 0 48 0.9 75 0.9 78 1 
5915 0 0.8 6 0 21 0.4 22 0.5 24 0.7 27 0.4 46 1 67 1 85 0.8 99 0.9 
6131 8 0.3 14 0.6 23 0.3 36 0.8 44 0.5 64 0.5 98 0.3 
6182 3 1 5 0 24 0 54 0.7 
6276 3 0.6 64 0.6 
6403 24 0.9 26 0.7 29 0 32 0.5 76 0 
6659 2 0 27 0.9 56 0.8 61 0 71 0 79 0 81 0 82 0 94 0 95 0.4 
6720 11 0 13 0.9 35 0.9 57 0.9 89 0.5 
6740 15 0.7 87 0.7 95 0.8 97 0.4 
6747 5 0 14 0.5 29 0.4 41 1 58 1 64 1 76 0.8 82 0.9 89 0.5 99 0.8 
6755 28 1 
6997 76 0 83 0.5 85 0.4 
7075 5 0.3 15 1 20 0 34 0.7 40 0 41 0.8 62 0 63 0 65 0.8 85 0.3 
7097 51 0.6 69 0 87 0 99 0 
7177 35 0.7 53 0.4 63 1 
7193 76 0.6 77 0 98 1 
7210 16 0 29 0.8 65 0.8 
7218 28 0.7 40 0.3 88 0.5 
7271 1 0 18 0.5 41 0 46 0.9 49 0.6 56 0.8 72 0.7 74 1 97 0.7 
7275 21 0 30 1 52 0.5 74 0 82 0.6 91 0.9 94 0.8 
7487 4 0 12 0.6 14 0.8 25 0.7 40 0 49 0 67 1 
7528 3 0 24 0.4 
7558 6 0.3 19 0.5 72 0.9 75 0.3 88 0 
7594 1 0 22 0.8 77 1 99 0 
7682 94 0.5 
7690 10 0 16 0.5 27 0 56 0.7 75 0.5 
7790 9 1 35 0.7 36 0.8 40 0.5 51 0.4 85 0 
8012 1 0.8 16 0.4 29 0.8 51 0.9 52 0 56 0.6 65 0 68 0.6 74 0.6 78 0.6 
8196 3 0.5 15 0.3 45 1 
8248 23 0.9 25 1 33 0.8 38 1 39 0.9 52 0.6 61 0.8 62 0 68 0.3 69 0 
8371 41 0.8 
8521 78 0 96 0.8 
8529 8 0.3 23 0.4 46 0 48 0.5 85 0 88 0.5 
8580 28 0.3 69 0 96 0 
8581 19 0.6 48 0 53 1 59 0.7 68 0.5 74 0.8 
8732 39 0.6 50 0.9 58 0.5 
8764 26 1 51 0 
8783 13 0.5 24 0.3 43 0.4 
8815 10 0.8 14 0.7 64 0 85 0.9 88 0.3 
8830 14 0.8 40 0.4 61 0.9 68 0 69 0 71 0 77 0.5 83 0.3 88 1 
8914 2 0.7 22 0.9 30 0.6 40 0 50 1 52 0.8 53 0 63 0 69 0 90 0.7 
9030 9 0.3 16 0.6 18 0 27 0.9 29 0.8 39 0 55 0.5 86 0.3 
9378 5 0.6 37 0.4 
9382 59 0.6 
9468 40 0.4 50 0.4 70 0 75 0.6 91 0.5 
9683 7 0.6 13 0.8 65 0.4 90 0.8 
9783 23 0.6 42 0.6 71 0.5 82 1 94 0.3 
9936 1 0 3 1 7 0.8 51 0.8 53 0.3 65 1 70 0.8 72 0.5 73 0 88 0.6 
