100
57 22 0 28 0 44 0.7 55 1 69 1 74 0 77 0.8 
108 28 0.6 
128 70 0.4 75 0.6 93 0.7 
219 18 0 38 0.8 
519 24 0.5 27 0.9 47 0.3 80 0 
524 0 0.6 
553 0 0.9 9 0.4 59 0 60 0.8 61 0.7 67 0.5 77 0 
624 10 0.8 36 0.4 42 0.8 66 0.8 83 1 86 0.5 94 1 
712 16 0.7 19 0.5 45 0.5 66 0.3 75 0.8 77 1 94 0.8 
779 36 0.6 
923 45 0.4 69 0 
926 27 0.7 35 0.9 37 0 48 0.6 50 0.5 92 0 
1067 3 0.7 31 1 47 0.7 48 0 60 0.9 67 0 71 0.9 73 0 91 0 
1081 2 0.9 10 0 23 0.4 24 0 34 0.7 50 0 73 0.7 
1185 48 0 
1190 9 0 40 0 69 0.5 
1205 14 0.8 15 0.5 20 0 27 0.8 33 0.3 36 0 78 1 80 0.4 99 0.5 
1297 8 1 11 0 86 0.6 
1451 15 0 37 0 
1514 0 0.7 22 0.6 46 0 68 0 82 0 86 0.6 87 0.6 97 0 99 0.8 
1598 56 0 82 0.4 
1637 7 0.5 23 0.8 30 0.6 88 0.3 
1639 0 0 5 0.9 15 1 16 1 26 0.9 57 0.4 58 0 90 0.3 
1750 9 0.4 37 0.5 44 1 45 0 47 1 61 0 70 0.6 73 0.3 77 0.4 86 0 
1765 37 0.3 
1798 22 0 93 0.9 
1918 28 0.4 53 0.3 54 0 79 0 97 0.9 
1934 6 0 99 0.5 
1958 9 0 60 0.7 94 0.4 
2015 14 0 35 0.4 97 0 
2113 3 0 4 0.5 6 0.7 22 0.8 28 0 35 1 57 0.5 65 0.3 72 0 92 0.9 
2117 49 0.7 53 0.9 
2172 19 0.8 32 0.5 37 0.6 83 0.7 89 0 92 0.8 
2195 24 0.5 25 0.8 35 0.5 67 0 87 0.9 
2198 5 0.3 45 0.5 
2212 20 0 37 0.6 39 0.9 50 0 53 0.5 54 0 75 0.9 85 0.9 91 0.4 
2245 38 0 62 1 64 0 80 0 
2400 9 0.4 44 0.9 61 0.5 87 0.4 88 0.7 
2429 1 0.7 10 0.3 12 0 16 0.9 19 1 21 0 88 0.6 92 0.7 94 0.8 
2567 6 0.3 15 0.9 39 0.7 64 0.9 84 0 94 0 
2595 11 0 35 1 49 0.8 
2615 73 0.7 76 0 87 0.6 
2695 11 0.7 15 0.3 22 0.3 58 0 63 0.6 76 0.8 89 0.4 97 0.3 
2738 3 0 39 0.3 46 0.9 71 0.5 81 0.3 
2747 62 0.3 
2798 4 0 12 0.8 13 0.7 19 0.8 53 0.8 60 0.6 66 0.3 94 0.5 
3155 13 0.3 28 0 42 1 44 0.6 55 0.5 71 0.9 76 0.9 80 1 83 0.8 96 1 
3296 11 0 13 0.9 37 0.5 41 0.4 51 0 81 0.7 82 0.4 94 0 
3320 26 0 
3427 19 0 55 0.8 62 0.5 64 0.5 69 0 90 0.7 93 0.8 
3466 18 1 56 0.4 79 0.5 96 0.7 
3805 9 0 10 1 16 0.4 33 0.4 66 0.7 68 0.5 71 0.6 91 0.3 97 0 
3956 7 0.5 27 0.8 36 0 38 0.3 39 0.6 55 1 65 0 78 0 94 0.8 
4035 54 0.6 55 1 57 0 66 0 
4085 1 0.3 4 1 22 0.5 40 0.4 43 1 53 0 64 1 66 0 86 0.7 95 0.5 
4088 10 0.4 23 0 41 0.3 45 0.8 48 0.8 67 0.6 88 0.6 93 0.9 94 0 98 0.7 
4878 2 0 3 0.7 7 0 23 0.5 33 0.6 34 0.3 50 0 58 0 78 0 97 0.3 
4908 27 0.7 28 0 32 0.7 44 0.3 45 0 54 0.9 80 0 
4930 12 0.8 45 0.5 82 1 
4951 30 0.4 34 0.8 55 0.6 68 0.8 
5070 49 0.8 50 0 56 0.7 77 0 
5334 13 0 25 0 27 1 37 1 42 0.6 51 0 94 0.7 
5566 7 1 81 0.8 82 0.6 
5621 15 0.7 25 0.5 26 0.7 34 1 40 0.4 77 0.6 90 1 
5658 96 0.8 
5773 4 0.6 18 0.9 21 0.3 53 0.8 68 0.8 78 0 88 0.5 
6049 8 0 34 1 93 0 
6159 7 0 97 0 
6178 12 0 18 0.9 34 0 37 0.8 53 1 62 0 93 0 96 0.3 
6269 6 0.8 23 0.9 32 0.3 40 0.5 61 1 72 0.7 88 0.7 93 0.8 97 0.7 
6583 1 0 33 0.3 39 0 48 0.4 53 0 55 1 65 0.3 93 0 
6600 30 0.3 84 0.5 89 0.7 
6656 13 0 32 0.8 44 0 72 0.7 83 0.9 84 0.7 
6793 1 0 17 0.9 29 0.7 39 0.9 41 0.6 42 0.6 71 0 89 0 
6896 46 0.7 
7098 24 0.8 38 0 44 1 70 0.7 98 0.4 
7150 13 0.5 16 0 24 0.7 28 0.8 32 0 34 0.5 47 0.9 62 0.8 70 0 
7255 1 0.6 13 0.5 19 0.9 23 0.6 68 0.8 89 1 91 0.7 92 0.5 
7329 12 0 19 0 36 1 45 0.8 60 0.6 80 0.8 86 0.4 
7364 12 0.4 83 0.3 
7485 17 0.4 19 0.9 23 0.3 51 1 77 0.9 
7664 4 0 12 0.6 16 0.4 42 0 46 0.8 50 0 63 0.4 64 0 74 0.6 76 0.7 
7741 10 0 45 0 61 0 92 0.4 
7747 74 0 
7750 49 0 
7816 4 0.3 16 0.8 20 0.3 30 0 38 0.5 59 0 64 0.4 
7817 6 0.3 16 0 21 0 23 1 34 0.9 49 0.7 59 0 73 0.7 84 1 86 0 
7845 13 0.5 21 0 35 0.5 59 0.7 65 0 85 0.4 
7871 64 0.4 73 0 
7967 4 0.7 66 0.8 70 0 
8256 78 0 83 0 
8467 2 0.8 13 0.7 38 0.4 40 0.9 46 1 51 0.4 61 0 68 0.8 79 0.6 87 0 
8928 14 0 
9056 33 0.4 93 0.4 
9158 1 0.6 10 0 16 0.9 18 0.4 39 0.9 56 0 59 0 77 0.8 85 1 
9389 0 0.5 37 0 41 0.7 58 0 63 0 69 0.5 84 0.3 
9519 52 0 56 0.4 63 0.8 77 0.4 85 0.3 91 0.6 
9778 6 0 15 1 26 0.7 32 0.9 49 0 64 0.8 81 0.9 89 0.4 92 0 
9878 4 0.8 8 1 15 0.3 16 0 25 0.7 37 0.4 54 0.9 95 1 
9915 99 0 
