100
23 4 0 11 0.3 19 0 57 1 61 0.7 65 0.4 74 1 86 0.8 
52 22 1 45 0.3 56 0.9 
89 56 0.9 96 0.9 97 0 
108 28 0.5 
118 3 0.6 68 0.4 
176 40 0.5 
537 18 0 31 0 51 0.7 84 0.6 
681 13 0.8 21 0 29 0.4 47 0.8 83 0.9 87 0.7 95 0 99 0.8 
685 2 0.9 42 0.7 50 0.3 53 0.3 79 0 83 0 88 0 
704 0 1 24 0.6 83 1 85 0 87 1 
735 46 0.8 83 1 98 0 
813 15 0.5 
828 0 0.5 7 0 24 0.5 31 1 34 0.7 51 0.5 68 0.5 78 0.5 86 0.4 92 1 
889 11 0.3 17 1 23 0.8 46 0.8 52 0.7 80 1 82 0.7 98 0.7 99 0.9 
1162 9 0.5 20 0.8 28 1 39 0.4 53 1 62 0.8 95 1 
1176 8 0 11 0 13 0.4 14 0.7 30 0.8 38 0.5 40 0.3 57 0 60 1 79 0.8 
1198 12 1 37 0.7 53 0.7 54 0.3 58 0 81 0.5 82 0.3 93 0.4 
1370 1 0.5 13 0.4 26 0 34 1 
1403 8 0 16 0.4 22 1 23 0.4 36 0.9 54 0.7 57 0 67 0 77 0 
1576 18 0.6 28 0 32 0.9 48 1 58 0 60 0 99 0.9 
1648 24 0.8 30 0.8 34 0.9 40 0 42 0.3 55 0.7 75 0 83 0.4 92 0.7 
1885 27 0.4 45 0 84 0 91 1 
2085 3 0 17 0.4 28 0.8 32 0.5 40 0.5 54 0.9 67 0.9 94 0 99 0.8 
2164 2 0 30 0 59 0.3 69 0 70 0 73 0.6 91 0.4 98 0.3 
2174 26 0.8 31 0.7 46 0.7 63 0 86 0.7 
2231 16 0 27 0.8 35 0 
2357 24 0.6 56 0.6 59 0.3 68 0.3 
2421 4 0.9 26 0 69 0 74 0.8 88 1 
2508 21 0 23 0.8 76 0.3 78 0.9 79 0.8 
2584 25 0.9 62 0.6 89 0.3 
2597 1 0.8 16 0.8 22 0.7 25 1 81 0.9 83 0.7 
2695 11 0 15 1 22 0.9 58 0.9 63 0 76 0.6 89 0.8 97 0.4 
2738 3 0.7 39 0.5 46 0.5 71 0 81 0.7 
2850 0 0.4 79 0 
2885 43 1 82 0.7 
2939 7 0.5 28 0.7 35 1 39 0.3 53 0.4 71 0.4 74 0.8 
3077 6 0.9 
3392 0 0 34 0 35 0 38 0 46 0.6 51 0.4 67 0.4 70 0.4 71 0.4 97 0.8 
3405 8 0.7 15 0.5 42 0 48 0 71 0.9 91 0.9 93 0.8 95 0 
3704 20 0 51 0 
3733 5 1 7 0.4 38 0.9 58 1 78 0 84 0.5 88 0.5 
3738 11 0.9 15 0 18 0 23 0.9 35 0.6 50 1 60 0.6 70 1 86 0 93 0.5 
4118 43 0 48 0 
4133 4 0 20 0.6 40 0.9 51 0.7 60 0.6 78 0 94 0.6 
4304 24 0.9 41 0.6 51 0.5 66 0.6 80 0 
4308 7 0 
4415 20 0.7 45 0 77 0.4 80 0.9 89 0.4 92 0.3 
4429 92 0 
4435 14 0.6 20 0.4 43 0.8 52 0 53 0.3 65 0.8 83 0.3 84 1 
4606 26 0.9 89 0.5 93 0.6 
4742 0 0.4 12 1 16 0.4 82 0 
4950 1 0.9 17 0.7 46 0.9 51 0 53 1 72 0 90 0.4 91 0.6 
5071 10 0.8 29 0.3 86 0 
5559 0 1 57 0.9 58 0 81 0.7 97 1 
5720 37 0 
5721 38 0.6 
5874 7 0 16 1 19 0.8 22 0.3 57 0.3 89 0 90 0.3 
6312 19 0.7 22 0.5 27 0.7 29 0.3 38 0.8 69 0.6 
6422 12 0.3 
6436 18 0.5 24 0 25 0.3 61 0.6 76 0 88 0 92 1 97 0.6 
6437 1 0.8 2 0.9 10 0.3 32 0.5 34 0.5 43 0 52 1 63 0.6 86 0.8 92 0 
6523 23 0 28 1 29 0 56 1 65 0.5 
6956 29 0.6 45 0 47 0.5 85 0.4 90 0.4 
7016 54 0.9 74 0.3 84 0 
7141 15 0.9 18 0.4 21 0.3 25 0.3 28 0.6 47 0 55 0 74 0 77 0.5 98 0 
7251 17 0.4 27 1 35 0 53 0 78 0.6 89 0.8 
7594 1 0.6 22 0 77 0.8 99 0 
7735 23 0.9 27 0 59 0 88 0 
7754 8 1 13 0.8 17 0 52 0.3 53 0.5 60 0 68 0.7 76 0 91 0.9 98 0 
7777 39 0.4 52 0.7 54 0.5 64 0.3 98 0.7 
7795 11 0 36 0.5 38 0.4 40 0.3 69 0.7 82 0.9 92 0.8 96 0.8 98 1 
7953 0 0.4 97 0 
8043 0 0.5 23 0 28 0.6 33 0 82 0.7 
8105 97 0.8 
8107 60 1 
8151 29 0.8 61 0.7 81 0.3 92 0 
8157 1 0.8 7 0 
8250 46 0.6 
8251 61 0.3 
8445 27 0.8 38 0.7 51 0.6 
8463 20 0.7 37 1 46 1 57 0.7 73 0.8 77 0.4 98 1 
8468 17 0 24 0 40 0.9 49 0.4 90 0.3 
8537 35 0.7 98 0.5 
8651 22 0.6 78 0.6 98 0.4 
8728 7 0 99 0 
8745 62 0 95 0.5 
8953 60 0 62 0.7 64 0.7 79 0.5 
8956 19 0.4 83 0.3 
9157 19 0.6 22 0.9 32 0 45 0.4 99 0 
9237 3 0.6 5 0.5 11 0.8 13 0 29 1 34 0 63 0.4 83 0 92 0.4 97 0 
9262 2 0.5 4 0 29 0.5 30 1 39 0.4 64 0.3 66 0.7 76 0.5 
9348 5 0 16 0.8 17 0.9 22 0 26 0 45 0.7 75 0 84 0.6 
9421 35 0 46 0.9 
9474 4 0.6 26 1 36 0.6 51 0.6 89 0 94 0.8 
9485 30 0 
9646 5 0.9 12 0.9 17 0.4 28 0.3 30 0.3 69 1 81 0 92 0.8 
9697 61 0 72 0 91 0.7 
9830 23 1 30 0.6 47 0.3 55 0 64 0.5 79 0.8 89 0.3 93 0.4 
9907 1 0.8 3 0.9 39 0.8 72 0.5 
9977 1 0.3 8 0.4 16 0.8 22 0 35 0.5 46 0 55 0.4 67 0.9 75 0.8 96 0.9 
