100
17 6 0.4 15 0.3 62 0.7 85 0 
70 96 0.4 
92 7 0.6 8 0 29 0.4 92 0 
226 14 0 31 0.9 37 0.5 39 1 41 0 42 0.9 44 0.4 47 0 94 0.8 99 0.8 
285 21 0.8 32 0 36 0.3 43 0 75 0.7 83 1 84 0 
402 7 0 39 0 40 1 73 0 74 0.5 87 0.3 88 0.4 89 0.6 
434 16 0 19 1 26 0 53 0 70 0.5 71 0.8 74 0.3 87 0.6 94 0.3 
540 4 0 5 0 27 1 34 0 45 0 87 0.6 92 0.5 93 0.5 94 0.7 99 0.6 
609 15 0 23 1 41 0.4 52 0.8 62 0.5 67 0.3 70 0.5 95 0.3 
686 2 0.8 15 0.8 27 0 31 0 35 0.4 71 1 78 0.7 
691 3 0.5 4 0.3 7 0.4 40 0.4 69 0.9 84 0.6 93 1 
853 8 0 31 0.4 
905 61 0.5 66 0.8 74 0.7 77 0.7 85 0.7 97 0.3 
989 7 0.8 15 0 34 0 61 0.9 64 0.5 76 0.4 82 0.8 91 0.4 
1146 18 0.9 43 0.8 55 0.8 81 1 
1301 12 0 16 0.4 18 0.6 51 0 53 0.5 57 0.4 91 0 
1334 86 0.5 
1397 15 0.3 24 0.6 45 0.9 63 0.5 73 1 85 0 94 0.3 97 0.5 
1400 17 0.8 47 0.4 71 0.8 
1655 64 1 
1833 44 0 46 1 92 0.4 
1866 5 0.4 16 1 42 1 68 0.8 
1954 23 0.5 50 0 72 0.8 74 0.3 
1996 0 0 16 0.8 35 0.8 58 0.3 60 0.3 69 0.4 82 0.7 90 0 
2180 22 0.8 28 0 33 0.3 68 0.4 78 0.7 
2242 17 0.7 23 0.5 26 0.9 59 0 94 0.4 
2299 2 0.3 3 0.3 37 0.9 43 0.8 82 0.5 
2316 9 0 51 0.3 72 0 81 0 86 1 88 0.7 99 0.9 
2387 1 0 31 0 45 0.3 49 0 73 0.5 81 0.7 98 1 
2453 1 0.6 27 0.8 
2472 86 0.6 
2504 34 0.6 70 0 
2517 11 0.3 25 0.6 32 0 37 0.8 63 1 84 0.3 
2591 0 0.7 4 0.3 12 0.8 21 0.5 22 0.6 46 0.8 57 0 79 0 80 0.8 
2659 27 1 37 0.8 43 0.8 47 0.3 77 0 84 0 85 0.8 88 0.5 
2792 8 1 
3009 14 0.4 
3012 1 0.5 9 0.5 10 0 46 0.8 74 1 87 0 96 0 
3095 41 0.8 
3194 78 0 96 0.5 
3215 8 0 17 0.6 27 1 52 0.6 65 1 71 0.6 75 0.8 90 0.7 97 0.5 
3236 4 0.6 41 0.9 
3249 16 0.6 23 0 48 0.7 70 0 90 0.4 96 0.4 
3281 1 0 10 0.7 11 0.7 29 0.4 36 0 55 0 58 0.5 82 0 93 0.7 99 0 
3649 19 0.9 27 0.3 35 0.5 41 0 54 0.3 60 0.6 66 0.5 73 0.5 85 0.6 90 0 
3680 92 0.9 
4036 9 0.8 23 0.5 25 0 41 1 50 1 68 0.9 83 0.8 84 0 94 1 95 0 
4229 14 0 20 0.4 21 0.6 27 0.9 28 0.5 51 0 62 0.7 69 0.5 92 0.5 98 0 
4267 4 0 13 0.6 26 0.9 31 1 44 0 45 0 60 0.4 85 0 
4361 10 0.9 39 0.3 45 0 47 0.7 92 0.7 96 0.8 
4649 6 0 10 0.6 30 0.9 46 0.3 69 0.7 83 0 
4652 0 0 1 0 12 0.7 17 1 33 0 39 0.7 91 0.9 
4801 0 0.5 9 0 34 0.8 38 0 39 0 59 0.9 65 0.7 97 0.3 
4802 0 0.3 5 0.4 16 0.9 45 0.6 46 0 69 0.5 76 0.6 79 0.6 94 0.5 97 1 
4942 33 0.5 37 0 85 0.7 92 0.8 
4994 29 0 
5061 0 0.3 
5178 3 1 48 0.5 55 0 
5400 5 0 10 0.6 18 0 25 0.3 31 0 43 0.9 
5556 5 0.4 15 0.8 31 0 39 1 65 0.7 81 0 89 0.9 90 1 95 0.4 99 0.6 
5609 4 0 5 0.4 11 0 21 0.9 28 0.8 35 1 36 0.3 43 0.4 69 0.6 
5641 38 0 59 0.7 63 0.9 
5744 9 0.5 30 1 35 0 44 0.6 48 0 54 0.8 60 0.8 68 0.4 81 0 86 0.9 
5775 9 0 26 0.9 46 0.9 79 0.4 
5901 34 0.4 79 0 81 0 82 1 85 0.3 87 0.9 92 0.8 
6162 5 0.9 7 0.8 16 0.8 24 0 39 0 55 1 85 0.6 89 0.4 
6225 13 0.5 49 0.4 80 0.4 
6235 21 0.9 51 0.4 65 0 95 0.6 98 0 99 0.7 
6303 9 0 10 0.8 17 0.6 52 0.6 
6328 2 0 22 0.4 65 1 84 0.9 88 0 99 0.4 
6422 12 0.8 
6633 14 0.3 16 0 20 0.3 30 0.7 38 1 43 0.9 50 0.7 68 0.5 93 0.8 
6655 12 0.4 20 0.6 95 0 
6758 60 0 
6855 17 1 37 0.4 
6894 19 0.6 21 0.5 22 0.8 34 0 51 0.8 
7402 15 0 66 0.8 74 0 81 0.6 
7634 30 0 55 0.6 56 0.7 73 0.5 74 0.5 
7840 91 0 
8023 6 0.4 8 0.4 62 0.8 63 0 66 0 99 0.4 
8038 9 1 22 0 40 0.4 47 0.5 49 0.4 52 0.4 67 0.6 76 0 79 0 86 0.5 
8063 91 1 
8270 36 0.5 37 0.6 45 0.8 54 0 64 0.6 69 0.8 94 1 97 0.6 
8285 28 0 64 0 70 0.8 73 1 90 0.4 
8479 15 0.4 16 0 43 0.9 73 0.9 80 0.4 
8488 14 0 
8642 4 0.9 16 0.5 18 1 23 0.7 27 0 50 1 62 0.6 63 0 90 0.7 97 0.9 
8697 1 0.3 2 0.9 11 0.4 16 0.9 21 0.6 27 0.6 50 0.6 63 0.9 69 1 89 1 
8702 7 0.4 10 0 25 0 49 0.7 69 0.4 
8833 9 0.7 25 0 26 0.3 51 1 59 0 64 0.5 76 0.5 88 0.8 
8836 5 0.6 16 0.4 56 0 86 0.5 
8853 19 0.8 44 1 46 0 72 0.3 
8984 51 0.7 64 0 98 0 
9390 36 0.7 41 0.6 70 0.4 74 0.3 77 0 81 0.9 91 0.7 
9410 16 0 17 0.5 26 1 43 0.8 75 0.5 95 0 96 0.4 
9627 7 0.8 17 0 18 0 25 0 44 0.8 52 0 65 0 76 0.6 77 0.9 84 0.9 
9838 7 0.7 28 0 30 0.5 63 0 75 0.6 86 0.6 91 0.6 
9940 48 0.4 67 0.3 71 0 77 0 82 0 89 0.4 
9975 3 0.9 15 0.8 28 0 31 0.3 47 0 65 0.3 75 0.7 89 0.9 96 0.9 
9991 9 0.8 12 0.4 13 1 34 0.9 57 0.9 69 0.6 74 0.6 89 0 94 0.5 
