100
16 16 0.8 23 0 34 0 66 0.5 76 0.5 91 0 92 0.8 
66 27 0.9 32 0 55 0.8 81 0.7 
203 8 0.4 18 0 25 0 
206 3 1 46 0 75 0 86 0.9 93 1 
493 1 0 27 0.9 89 0 
589 1 0.6 18 0 28 0.6 30 0 35 1 44 1 49 1 97 0 
664 3 0.5 39 0.7 70 0.5 76 0.5 83 0.3 97 0.5 
882 5 0.7 29 0.4 65 0.5 
905 61 0 66 0.8 74 0.4 77 0 85 1 97 0 
1053 10 0 
1067 3 0.9 31 0.6 47 1 48 0.9 60 0 67 0.6 71 0 73 0 91 0.5 
1140 16 0.9 23 0.8 26 0.4 32 0.9 44 0 66 0.9 73 0 75 1 85 0.4 
1246 27 0.8 35 0.6 75 0 87 0.9 89 0.6 93 0.6 
1335 28 0 46 0.6 47 0.9 76 0 
1349 11 0.8 57 0 68 0 77 1 94 0 98 0.3 
1351 4 0 9 0 34 0.9 40 0.6 50 0.9 65 0.9 74 0 78 0 99 0 
1460 15 0 23 0 63 0.8 64 0 65 0.7 77 0 79 0.7 86 0.3 90 0 
1479 16 0.6 18 0.6 31 1 34 0.6 35 0.5 49 0.9 52 0 53 0.7 64 0.4 90 0.9 
1613 31 0.3 
1619 13 0 20 0.7 22 0 23 0.4 57 0.7 72 0 77 0.4 93 0 95 0.7 
1646 17 0.3 18 0 33 0 57 0.4 97 0.9 
1795 35 0.3 43 0 63 0.7 91 0 
1809 10 0.9 40 0.6 66 0.3 
1810 3 0.7 24 0 57 0.8 
1838 34 0 
1871 7 0.5 11 0.3 13 0.6 18 0.5 23 1 64 0.5 86 0.7 87 0 
1999 61 0.3 
2035 47 0.4 58 1 79 0.3 
2065 11 0 29 0 48 0.4 
2269 72 0.9 78 0.7 
2349 27 0.5 57 0.8 61 1 78 0 91 0.8 93 0.9 
2437 6 0.4 12 0.8 57 0.9 84 0.7 93 0 
2443 5 0.6 19 0.9 22 0.4 23 0.7 55 0.6 66 0.6 76 0.5 78 1 86 0.7 
2514 28 0 67 0.6 
2546 25 0.3 82 0 93 0 
2584 25 0 62 1 89 0.3 
2651 13 0 41 0.7 46 0 47 1 51 0.8 55 1 72 1 73 0.5 86 0 98 0.3 
2702 9 0.4 56 0.7 67 0 72 0.7 79 0 80 0.9 95 0.4 99 0.3 
2704 19 0 23 0.6 31 0.3 39 0.4 43 0.9 69 0.8 71 1 78 1 79 0.4 
2776 24 0.6 46 0.9 74 0 81 0.5 83 0.5 
2876 9 0.3 31 0.6 75 0.4 85 0.9 
2895 90 1 
2910 22 0.4 
3043 1 0 2 0 8 0.5 60 0.8 70 0.8 94 1 
3096 30 0 38 0 69 0.6 72 0.7 83 0 84 1 
3263 61 0 82 0 96 0.3 99 0.8 
3318 12 0.7 55 0.3 56 0.4 57 0.4 66 0.5 82 0.9 90 0.9 
3667 32 0 97 0.8 
3816 0 0 5 0.6 20 1 44 0 69 0 78 0.7 95 0.3 96 0.8 
3826 50 0 63 0 
4177 0 0.6 92 0.9 93 0 
4258 1 0 21 0.4 74 0.6 
4448 16 0.7 80 0 85 0.5 90 0 94 0.8 
4672 40 0.4 56 0.8 77 0.6 
4680 27 0.3 29 1 50 0 63 0.3 
4682 0 0 2 0.9 9 0.8 13 0.4 16 0 43 0 75 0.8 94 0 
4801 0 0 9 0.8 34 0.8 38 0.4 39 0.7 59 0 65 0.6 97 0.3 
5004 3 1 10 0.8 
5084 70 0.6 73 0.6 
5268 29 0.8 81 0.7 
5377 20 0 
5440 6 0 28 0.3 85 0.7 
5474 7 0 8 0.8 23 0 42 0.3 45 0.5 54 0.4 87 0.8 
5676 3 0 23 0.3 62 0.9 91 0.4 95 0.6 96 0.3 98 0 
6030 45 0.5 
6084 2 0.3 27 0.3 28 0.6 41 0 64 0 73 0.6 75 0 80 0 87 0.7 91 0.3 
6335 38 1 48 0.7 54 0 59 0.8 62 1 64 0 80 1 83 0.9 87 0.3 88 0.3 
6359 22 0.8 35 0.9 40 0.3 44 0.9 52 0.8 53 0 65 0.6 93 0 95 0.7 
6378 4 0 
6472 10 0.9 31 1 34 0.6 38 0.5 76 0.8 95 0.8 98 1 99 0.9 
6487 5 0.6 9 0.5 30 0.8 34 0 35 1 61 0.3 91 0 
6563 24 0.4 36 0.8 69 0.9 
6610 78 0.7 
6653 25 0.9 77 1 80 0.4 
6891 25 0.5 39 0 45 0.3 47 0.6 56 0 82 0 
6987 95 0.7 
7209 5 0.4 6 0.3 25 0.5 62 0.9 67 0.9 87 0.5 
7329 12 0.5 19 0 36 1 45 1 60 0.6 80 0.7 86 0.6 
7440 1 0.7 
7530 39 0.5 43 0.9 50 0 60 1 69 0.6 77 0.9 78 0 79 0.8 93 0 94 0.4 
7600 4 1 39 0 
7725 10 0 34 0.3 54 0 65 0.6 83 0.6 
7816 4 0 16 1 20 0 30 0.7 38 0.4 59 0.8 64 0.5 
7858 21 0.3 28 0.9 38 0.8 42 0 46 0.4 64 0 90 0.9 
7919 75 0.4 
7976 25 0 50 0.3 57 0.3 89 0.7 93 0.4 
8316 10 0 21 0.9 29 0.8 68 0.8 78 0.3 92 0 
8466 9 0.7 10 0.9 43 0.6 61 0.4 77 0.8 89 1 96 0.6 
8511 12 1 34 0 44 0.8 65 0.8 75 0 78 1 95 0 
8535 4 0.9 26 0 27 0.8 30 0 40 0.4 70 0 81 1 94 0.6 
8636 4 0 12 0 73 0.7 
8690 4 0 17 0.7 20 0 23 0 28 0.8 42 0.8 68 0.7 70 0 93 0 95 0.8 
9114 1 0.7 85 1 
9442 12 0 16 0 20 0 34 0.3 65 1 66 0.8 73 0.5 83 0.3 85 0.9 96 1 
9521 27 0.9 59 0 72 0.7 75 0.3 79 0.7 89 0.6 91 0.5 92 0.3 97 0 98 0 
9577 24 1 28 0.8 39 0 45 0.3 57 0.8 66 0 68 0.6 83 0.5 91 0.4 93 0.6 
9718 15 0.8 26 0 45 0.3 54 0 66 0.3 
9772 8 0 10 0.8 11 0.6 22 0 29 0 38 0 50 0.9 58 0.4 72 0.9 95 0.3 
9887 59 0 84 0 95 0.4 96 0.8 
9984 5 1 14 1 38 0.6 88 0.8 
