100
72 2 0.7 8 0.4 23 0.5 33 0.8 38 1 86 0.6 94 0.5 
112 12 0.9 22 0 30 0.5 32 1 40 0.6 53 0 62 1 81 0 86 0.6 98 0.5 
349 14 0.9 37 0 45 0 47 0 51 0.3 66 0.8 69 0.4 72 0.9 81 0.6 99 0.4 
355 4 1 5 0.8 14 0.5 29 0.7 42 0.6 56 1 60 1 73 0.5 77 0.9 
393 14 0.3 53 0.9 57 0 60 0.8 72 0.9 84 0.3 97 0.5 
405 45 0 80 0.5 
429 33 0.4 94 0 
468 0 0 18 0 60 0.5 
503 57 0 69 0 78 0.3 84 0 85 0.3 
619 17 0 49 0.7 56 0 65 0.8 96 0 
626 44 0.8 52 0 84 0.7 95 0.7 
866 22 0.3 30 0.5 40 0.3 44 0.7 59 0.7 65 0.7 70 1 73 0 
897 15 0.5 17 0 20 0 61 0.4 68 0.4 86 0.3 95 0.5 99 0.8 
916 19 0.4 38 0 56 0.8 67 0.5 
975 1 0 
1068 20 0.6 
1403 8 0.9 16 0.7 22 0 23 0.6 36 0 54 1 57 0.6 67 0 77 1 
1426 0 1 9 0 23 1 28 0 38 0 46 1 47 0 51 0.7 55 0.9 61 0.9 
1475 16 0.4 26 0 27 0.8 34 0.5 46 0.6 57 0 59 0 62 0 81 1 
1584 12 0.3 19 0.7 25 0.9 30 0 44 1 49 0.8 58 0.4 74 0.6 78 0.7 
1723 30 0 31 0.7 53 0.8 81 0.4 85 0.3 
1846 22 0.5 24 0 63 0.9 
1912 7 0 14 0.7 38 0.8 39 0 67 0.5 70 0.5 71 0 72 0 88 0.5 98 0 
1941 31 0.8 54 0.9 65 1 
2154 17 0 19 0.9 35 0.3 67 0.4 68 0 85 0.3 
2188 63 0.6 
2265 8 0.4 32 0.5 49 0 72 0.7 96 1 
2455 3 0.9 24 0.5 59 1 60 0.3 62 0.8 71 0.9 75 0.4 80 1 83 0.5 
2499 5 1 23 0.3 28 0.5 61 0 62 0 66 1 74 1 80 0.6 88 0.7 95 0 
2668 23 0.6 25 0 31 0.4 41 0.8 42 0.4 44 0 59 0 69 1 
2768 22 0 32 1 52 0 98 0 
2784 19 0.6 30 0.4 37 1 43 0 65 1 71 0 95 0.5 
2851 12 0 67 0.4 70 0.8 87 0.5 92 0.4 94 1 99 0 
3089 15 0.7 71 0 91 0 
3195 76 1 98 0 
3271 2 0 31 0 32 0 35 0.6 56 0.5 61 0 62 0.3 77 0.5 81 0 
3450 28 0.4 52 0 54 0.7 66 0.4 83 0.9 89 0 
3465 6 0.6 8 0.4 12 0 36 0.7 43 0 50 1 51 0.7 53 0.3 66 0.7 88 0.9 
3496 1 0.4 12 0 28 0.7 74 0.5 89 0 93 1 
3515 6 0 21 0.5 59 0 68 0 
3602 18 0.8 
3667 32 1 97 0.4 
3778 9 0.7 66 0 86 0 
3950 23 0.4 34 1 46 1 56 0 57 0.8 64 0.4 81 0.5 84 0.5 
4081 57 0.7 68 0.7 
4489 14 0.4 19 0 41 0 90 0.3 
4581 30 0.7 40 0.4 65 0.6 
4629 3 0.7 18 0 40 1 53 0.3 63 0.3 70 0.7 71 0.9 98 1 
4767 14 0 38 0 64 0.3 98 0.9 
4772 17 0.5 37 0.5 38 0 57 0.7 
4844 6 0.6 31 0 53 1 57 0.9 84 0.7 85 0 
4881 0 0 11 0 15 0.3 17 0 20 1 50 0.6 60 0.5 76 0 98 0.9 
4958 24 0.4 39 0.3 45 0.8 66 0.4 87 0.9 
5077 8 0.6 12 0.9 16 1 57 0.9 89 0.8 91 0.3 99 0.7 
5127 10 0 51 0 66 0.4 72 0.8 79 0.9 
5456 40 0.6 86 0.3 90 0.8 98 0.8 
5485 18 0.3 22 1 23 0 62 0 80 0.5 88 0 95 0.8 
5518 2 1 3 0 15 0 46 0.3 68 0.4 76 0.4 88 0.7 95 0.5 
5571 12 0.7 29 0.9 40 0 47 0 48 0.3 54 0.6 57 0.7 80 0.7 89 0 90 0.6 
5603 19 0.3 36 0.9 44 0 91 0.5 
5673 6 0.4 8 1 27 0.9 41 1 56 0.5 61 0 73 0 87 0.4 90 0 
5693 37 0.7 49 1 
5701 25 0.6 33 0.7 48 0 56 0.5 
5763 17 0.5 19 0.3 30 0.6 34 0.4 65 0.3 72 0.6 78 1 81 0.9 
5931 27 0 37 0 55 0.4 60 0.3 82 0 88 0.4 
6046 13 1 52 0.8 58 0.6 97 0.7 
6146 29 1 36 0.3 44 0.8 51 0 55 0 84 0.7 
6230 51 1 56 0.3 71 0.3 98 0 
6459 15 0.3 22 0.9 48 1 51 0.7 53 0.9 55 0.3 64 0.8 81 0.8 
6917 11 0.9 73 0.8 85 0.3 86 0.8 99 1 
7381 2 0.7 14 0.3 21 0 93 0.7 95 0.5 
7547 0 0.6 4 0.8 42 0.3 83 0.7 84 0.4 93 0 
7679 20 0 23 0 27 0.8 36 0.4 39 0 57 0.9 96 0 
7700 24 0.8 33 0.6 37 0 84 0.3 
7735 23 0.3 27 0.8 59 0.4 88 0.5 
7753 92 0.3 
7765 15 0.8 33 0.3 37 0.6 45 0.3 54 0.3 77 0 91 0 95 0 
7843 6 0.3 9 0.7 25 0.9 43 0 75 0 88 0.3 90 0 93 0 
8024 20 0.4 35 0.6 37 0.4 42 0.9 52 0 57 0.4 80 0.4 
8139 7 0 23 0.8 34 0.6 63 0.4 90 0.4 95 0.9 
8254 0 0 14 0.6 31 0 36 0 67 0.5 78 0.6 85 0.3 89 1 
8426 4 0.5 5 0 9 0.5 26 0.3 59 1 66 0.7 82 0.5 89 1 
8545 1 0 7 0 
8852 75 0.4 
8930 69 0 86 0 
8965 13 0 14 0.8 22 0.9 48 0 64 1 68 0.5 69 0 86 0.8 87 0.3 88 1 
9008 16 0 52 0.7 97 0 
9029 28 0.8 49 0.8 61 0.4 67 0 70 0.8 74 0 90 0.5 99 0.8 
9051 0 0.9 30 0.5 45 0.8 65 0.4 70 0.4 75 0.6 95 0.3 
9083 2 0.9 7 0 50 0.9 64 0 90 0.4 
9161 22 0.6 26 1 57 1 69 0.3 77 0.6 79 0.9 86 0 87 0.6 90 0.5 
9166 30 0 83 0.8 92 1 
9177 23 1 62 0.6 81 0.5 90 0.3 92 0.4 
9363 47 0 50 0.7 62 0 
9460 7 0.4 31 0.9 37 0 52 0.5 60 0.4 67 0.9 
9474 4 0.6 26 0.9 36 1 51 0.4 89 0 94 1 
9568 26 1 28 0.4 
9684 18 0.9 37 0 75 0 77 0.3 82 0.5 95 0.7 
9798 5 0.8 7 0.8 15 0.5 29 0.9 31 0.6 34 1 64 1 66 0.6 75 0.8 
9947 29 0.4 33 0.6 68 0.7 87 0.6 
