100
4 2 1 7 0.8 18 0.5 22 1 30 0.8 36 0.5 57 0.9 68 0 
58 45 1 
116 5 0 13 0.5 23 0 48 0.8 89 0 96 0.5 
124 7 0.8 53 0.8 66 0 67 0.6 80 0.6 81 0 82 0 88 0 90 0 
587 10 0.4 29 0 31 0.9 37 0.8 50 0.4 58 0 80 0.6 
629 19 0.5 89 0.5 93 0.3 
632 7 0.5 18 0.4 35 0 52 0.8 
638 6 0 27 0.6 52 0.4 54 0 81 0.9 84 0 
687 36 0.6 61 0 62 0.9 94 0.8 
744 8 0.5 9 0.3 13 0.5 31 0.4 66 1 73 0 78 0.7 79 0.4 82 0.6 
778 4 0.3 28 0.3 34 0 37 0.3 47 0 58 0.5 60 1 75 0.3 88 0.6 
784 0 0.3 4 0 6 1 7 0.3 23 0.4 24 0 46 0.3 87 0 
788 38 1 52 0.5 75 0.3 
977 0 0.7 6 0 8 0.9 75 0 77 0.8 
1308 3 0.6 49 0 50 0.4 54 0 61 0 65 0.7 78 0.8 85 0.6 90 0.6 
1335 28 0.8 46 0.7 47 0.5 76 0.8 
1502 67 0.5 
1506 1 0 
1577 68 0.9 
1759 0 0.9 3 0.4 6 0.8 9 0 10 0.5 17 0.8 56 0.7 72 0 79 0.4 82 0.7 
1775 18 1 22 1 43 0 47 0.5 78 1 
1841 19 0.5 33 0 82 0.5 
1936 77 0.3 83 0.5 
1940 6 0.8 17 0.4 40 0.5 63 0.7 90 0 98 0.3 
2118 4 1 
2161 85 0 
2196 77 0.3 
2206 17 0 37 0.5 87 0.4 
2355 69 0.9 77 0 80 0.8 
2356 65 0 70 0 
2362 2 0.9 5 1 24 0.4 74 0 81 0 85 0.4 94 0.7 
2401 2 0 41 1 57 0 81 0 83 1 
2449 11 0.6 16 0.5 33 0.5 44 0.9 56 0.7 81 1 82 0 97 0 
2455 3 0.8 24 0.4 59 0 60 0 62 0 71 0.4 75 0.7 80 0.5 83 0 
2492 2 0.3 3 0.9 16 0.7 49 0.7 53 0.7 58 0 70 0 88 0 95 0.4 99 0.6 
2669 2 0.4 8 0 28 0 30 0.7 49 0.4 59 0.7 85 0.4 92 0.4 96 0.7 
2707 82 0.7 
2822 33 0.4 34 0.9 51 0.5 
2823 33 0 
3155 13 0 28 0.9 42 0 44 0.6 55 1 71 0.7 76 0.8 80 0.5 83 0 96 0 
3161 15 1 37 0.3 46 0 56 0.3 63 0.4 81 1 97 0.6 
3183 8 0.8 14 0.5 21 0.5 40 0.3 43 0.4 51 0 71 0.4 92 0.6 
3365 12 0.6 19 0.4 26 0.6 71 0.7 79 1 80 0 
3695 17 0.7 21 0 22 0.9 30 0.6 46 0 59 0.4 64 0.9 96 0 
3736 19 0.8 57 0 66 0.9 78 0 79 0.4 84 0.7 87 0 91 1 95 0.3 
3811 17 0 61 0.6 67 0.5 87 0.7 
3913 2 0.9 30 0.3 49 0.6 58 0.4 66 0 
3915 21 0.3 59 0.9 62 1 77 0.9 81 0.3 96 0.4 
4028 20 0 24 0.5 38 0.6 63 0.7 78 0 89 0 
4111 92 1 
4167 13 0.5 14 0.6 18 1 21 0.4 25 0.6 29 0.5 49 0.9 57 0 90 1 
4297 0 0.3 11 0.7 41 0 57 0.4 60 0.8 67 0.6 70 0.8 72 0 76 0.9 89 0.3 
4328 6 0.8 26 0 80 0.7 86 0 
4433 51 0 
4838 10 0.3 15 0 27 0.7 39 0.6 44 1 60 0 
5025 21 0 35 0.3 39 0.4 69 0.8 78 0.5 79 0 
5058 59 0.8 85 0.4 86 0.9 
5220 43 1 63 0.8 65 0.7 72 1 80 0.9 87 0.5 
5243 45 0.5 69 0.3 
5375 86 0.8 
5413 14 0.5 22 0.7 29 1 53 0 
5451 3 0.5 17 0.8 47 0.7 67 0.3 73 0.3 85 0.6 
5616 9 0.3 17 0 49 0.5 62 0 
5770 5 0.3 9 0 15 0.4 20 0 26 0.5 67 0.7 84 1 
5883 1 0.4 10 0.3 14 1 15 0.7 26 0.3 31 0 35 0.6 39 0.6 73 0.4 77 0.7 
5993 4 0.5 17 0.8 
6325 20 0.4 35 0.8 51 0.6 
6347 50 0 
6367 32 0.3 56 0 68 0.9 78 0.9 87 0 
6444 14 0.5 15 0 19 0.3 46 0 74 0.7 93 0.3 
6495 16 0 54 0 91 0.6 95 0.3 
6592 8 0.9 13 0.7 25 0.8 32 0.6 46 0.3 63 0 
6623 35 0.8 
6822 18 0.9 22 0.6 47 0.7 53 0 54 0.7 56 1 79 0.8 99 0.4 
6852 13 0 16 0.5 22 0.9 56 0.4 72 0.5 83 0.5 
7013 15 0.8 27 0.7 44 0 51 0.5 72 0 99 0.9 
7115 48 1 58 0 68 0.6 84 0.6 87 0.3 
7518 24 1 45 0.9 52 0.3 60 0 70 0 
7567 9 0.8 28 0.9 30 0.3 34 0.5 44 0.6 55 0 78 0.8 85 0 98 0.5 
7577 4 0.5 16 0.3 17 1 34 1 67 0.9 73 0.4 76 0.8 94 0.3 
7897 34 0.9 47 0.3 50 0.3 58 0 60 0 62 0 65 0 66 0.5 87 0.7 93 0 
7922 3 0 28 0.8 48 0.6 59 0.3 65 0.8 76 0.4 78 0.5 
7946 28 0.6 90 0 
8117 17 0.4 39 1 47 0.3 
8162 30 0 68 0.5 
8198 23 0.3 32 0.7 43 1 49 0.5 63 0.9 75 0 77 0.4 85 0.6 94 1 99 0.4 
8270 36 0 37 0.6 45 0.4 54 0.5 64 0 69 0.3 94 0 97 0 
8298 16 0 49 0 50 0 94 0 
8451 3 0 7 0.9 22 0 27 0 38 0.7 39 0.9 43 0 69 0.7 75 0.8 
8550 7 0.4 17 0.8 23 0.5 36 0.3 55 0.7 60 0.9 73 0.6 74 0 92 0.8 
8663 2 0.7 7 1 9 0 12 0.3 22 0 24 0 40 0 43 0 82 0 85 0.5 
9144 2 0 7 0.4 42 0.5 48 0.8 74 0.9 84 0 91 0 96 0.6 
9293 34 0.3 46 0.8 60 0 74 0.3 
9320 0 1 
9339 62 0.5 
9344 81 0 85 0.7 
9416 4 0.6 14 0.7 39 0.7 48 0.5 54 0 58 0 68 0.7 91 0 96 0 
9781 89 0.4 
9812 80 0 
9976 2 0 9 0 30 1 31 0.3 36 0.4 37 0.7 57 1 58 1 60 0.9 76 0 
