100
27 9 0.4 20 0 38 0.9 41 0.7 46 0 64 0 
36 4 0 11 1 21 0.5 33 0.3 41 0 53 0 55 0.8 57 0.7 78 0.7 97 0 
196 31 0 61 0.4 64 0.5 82 0.7 90 0.9 97 0.9 
436 37 0.8 55 1 72 0.8 
503 57 0.9 69 0.6 78 0 84 0.8 85 0.9 
611 6 0.4 52 0.4 58 0 68 0.4 76 0.4 
647 21 0 33 1 75 1 91 0.6 
732 1 0 22 0.3 26 0.4 38 0.4 40 0.4 72 0 84 0 92 0.8 98 0 
842 0 1 4 0.8 28 0.7 46 0.9 83 1 87 0.3 98 0.8 
990 18 0.6 28 0 39 0.5 45 0 77 0 88 0.6 
1014 27 0.6 64 0.4 
1180 9 0.4 37 0.4 75 0.3 80 0.6 
1292 27 0 42 0.4 57 1 62 0.5 82 0 
1317 26 0.6 
1377 0 0.9 69 0.3 72 0.3 
1412 17 0.7 18 0.9 22 0 34 0 71 0.8 72 0 77 0.8 87 0.9 92 0.5 
1451 15 0 37 0.7 
1512 0 0.9 13 0 42 0.9 74 0 75 0.5 83 0.7 85 0.4 
1591 23 0.9 27 0.5 34 0.5 44 0.6 52 0.9 58 0.3 63 0.5 65 0 70 0.3 94 0.5 
1645 32 0 
1854 24 0.7 31 0.9 40 0 43 0.9 44 1 57 0.5 62 0.7 72 0.7 74 0.4 
1874 23 1 34 0.7 42 1 47 0.7 51 0.6 61 0.8 62 0.6 89 0.5 99 0.6 
1927 1 0.8 19 0 32 0.6 33 0 75 0.7 
1958 9 0.3 60 0.5 94 0.5 
2001 5 0.5 11 0 35 0.9 
2060 3 0.3 13 0.5 19 0.5 29 0.9 34 0.6 67 0.9 70 0.3 89 0.7 
2307 31 0.7 
2315 7 0 11 0.5 17 0 34 0 59 0 89 0.7 93 0 94 1 96 0 
2530 5 0 23 0.5 32 1 33 0.3 36 0.6 44 0.5 56 0.3 59 0.7 63 0 82 0.9 
2535 5 0.5 12 1 32 0.4 43 0.6 57 0.7 67 0 69 0.3 76 0.7 89 1 98 0 
2680 1 0.8 8 0.3 12 0.7 32 1 55 1 65 0.5 86 0.7 90 0.9 97 0 
2788 39 0.3 60 0 72 0 
2852 11 0 33 0.3 85 0 91 1 
2970 18 0.9 40 0.3 42 0.9 51 0 79 0.6 89 0 97 0.3 
2971 0 0.4 22 0 37 0 76 0 77 0.7 84 0.8 87 0.3 
2982 8 0.9 30 0 35 0 38 0 50 1 86 1 92 0.9 
3708 35 0.4 69 0.9 
4099 14 0.5 16 0 33 0.4 34 0.5 38 0.5 62 0.5 63 0.5 69 0.8 89 0.6 
4197 1 0.9 5 0.5 25 0.3 48 0.8 52 0 83 0.4 91 0.5 94 0.7 
4242 10 0.3 37 0.3 39 1 49 0.6 62 0.7 81 0 
4299 19 0 23 0.9 39 0 61 0.9 71 0.9 89 0 
4333 7 0.9 
4402 25 0.9 54 0.9 64 0.4 71 0.3 83 0 84 0.8 93 0.5 98 0.5 
4434 2 0.9 3 0.3 53 0.5 60 0 63 0.7 67 0.8 
4541 7 0.7 10 0 56 0.3 75 0.9 92 0 
4767 14 0.7 38 0.6 64 0.4 98 0 
4828 3 0 14 0.3 32 0.4 33 0 68 0.6 95 0 99 0.4 
4916 23 0.4 42 0.7 43 0 57 1 58 0.7 63 0.5 64 0.5 93 0.4 
5045 4 0 14 0.5 23 0.7 25 0.9 45 0.4 63 0.6 70 0.4 87 0 
5232 17 0 20 0 27 0 36 0.5 53 0.4 62 0 85 0 87 0.6 
5588 20 1 51 0 58 0.8 61 0.8 77 0.5 84 1 85 0 88 0 
5676 3 0 23 0 62 0.4 91 0.9 95 0.5 96 0.9 98 0.9 
5720 37 0.9 
5786 5 0.5 17 0.5 18 0 23 0 31 0.3 38 0.7 40 0.5 57 0.9 92 0 
5827 23 0.7 25 0.6 28 0.5 32 0.5 37 0.4 50 0.5 51 1 71 0.3 
5852 40 0.4 41 0.7 
5870 6 0 9 0.4 37 0 41 0 51 0.8 
5887 12 0 14 0.4 28 0.3 55 0.5 63 0.8 65 0.8 73 0.6 83 0.9 
5891 25 0.3 32 0.9 40 0 59 0.8 66 0.7 89 0 
6058 32 0.7 
6217 93 0 
6237 22 0.9 67 0.7 72 0 
6536 26 0.5 55 0.8 
6624 7 0.3 21 0 27 1 45 1 49 0.7 66 0 77 0.3 93 0 99 0.5 
6744 5 0.8 6 0 13 0.3 21 0.6 40 1 49 0.9 58 0 
7057 83 0.5 84 0.3 
7131 37 0.3 
7348 47 0 66 0.3 69 0.5 
7362 4 0 33 0 66 0.7 70 0.9 78 0.5 83 0.6 87 0.9 88 1 
7377 8 0 23 0.8 28 0.5 37 0.3 
7467 2 0.5 5 0 46 0 50 0.5 74 0.4 79 0.9 96 0.8 97 0 99 0.4 
7510 0 0 16 1 71 0 81 0.3 
7611 74 0.4 75 1 88 0.4 
7710 27 0.4 28 0.5 50 0 61 0.3 66 1 77 0.6 82 0.8 84 0 99 0 
7817 6 0 16 0 21 0.5 23 0.5 34 0.6 49 0.8 59 0.9 73 0.5 84 0.6 86 0 
7846 29 0 43 0.9 52 0.4 85 0.6 
7861 13 0 33 1 42 0.4 76 0 
8007 42 0.6 89 0.4 
8068 13 0.7 18 0.7 21 0 39 0.7 45 0.8 57 0 58 1 65 0 78 0.9 
8080 35 0 
8116 53 0.7 59 0.7 72 1 85 0.4 
8163 1 1 17 0.4 33 0.7 96 0.8 
8393 3 0.6 5 0.3 12 0.3 16 0.9 17 0.6 19 0 39 1 65 0.4 
8397 5 0 24 0 26 1 32 0.5 42 1 47 0.9 61 0.7 88 0.6 
8499 9 0.4 10 0.6 22 0 48 0.7 49 0.4 53 1 72 0.3 97 1 
8607 51 0.4 66 0.3 92 0 
8810 6 0 45 0 68 0.3 99 0.6 
8949 9 1 22 0.3 23 0.4 41 0.5 42 0.8 51 0.3 58 1 68 0.7 
8965 13 0.8 14 0 22 0 48 0.6 64 0.8 68 0 69 0.6 86 0 87 1 88 1 
9100 49 0 50 0.5 51 0.4 97 0.4 
9134 2 0.6 9 0 28 1 90 0.8 99 1 
9365 14 0.9 16 0.3 20 0.6 30 1 42 0.5 72 0 77 1 89 0.5 
9565 69 0 
9589 13 0.6 23 0 50 0.4 51 0.6 54 0 72 0.7 85 0.3 89 0.7 
9606 14 0 59 0.9 61 0.8 63 0.3 
9666 60 0.8 88 0 
9807 63 1 98 0.8 
9814 84 0.4 
9879 1 0 21 0 62 0.9 66 0.6 71 0.3 72 0 75 0 76 0.4 
9967 26 0 31 0.9 48 0.6 50 1 56 0.4 71 0 
