100
14 1 0 20 0.8 26 0.8 35 0.8 39 0.3 47 0.3 49 0 
54 68 0.6 81 1 85 0 
122 32 0 35 0.5 44 0 55 0.7 56 0.4 60 0.9 78 0.8 86 0.9 92 0.4 
228 12 0 
251 52 0.8 
349 14 0 37 0.4 45 0.3 47 0 51 0.3 66 0.7 69 1 72 0 81 0.7 99 0.5 
515 15 0 30 0.8 34 0 40 0.7 44 0.8 57 0.8 94 0 
537 18 0.8 31 0 51 0.6 84 1 
636 10 0.9 35 0.3 42 0.4 52 0.7 66 0.6 71 0.8 90 0.8 94 0.4 
688 17 0.4 33 0 51 0 70 0.8 73 0.7 77 0.5 80 0.9 81 0.5 
690 2 0 17 0.8 23 0.8 24 0.9 83 0.4 96 0.4 
719 21 0 53 0.8 91 0.3 
855 39 0 56 1 70 0.5 79 0 81 0.4 
882 5 0.9 29 0.4 65 0.9 
916 19 0 38 0 56 0.3 67 0.7 
1082 29 1 33 0.7 55 0 89 0.5 
1094 56 0.9 61 0.9 76 0.4 
1219 50 0 86 0.3 
1282 3 0 
1310 91 0 
1550 49 0 
1560 17 0 19 0 43 0.6 89 0.4 
2216 13 0.8 35 0.3 42 0.4 53 0.7 
2418 5 0 16 0.6 25 0.7 39 0.6 43 0 49 0.8 54 0.7 83 0.7 85 1 98 0 
2472 86 0 
2561 1 0 13 1 40 0.9 43 0.5 48 1 49 0 58 0 87 0 89 0 98 0.6 
2645 64 0 
2743 0 1 10 0.4 15 0.9 17 0 27 0.8 33 0 40 0 56 0.6 83 0.5 98 0.5 
2750 93 0.6 
2807 10 0.5 22 0.6 51 0 70 0.5 74 0.9 88 0 89 1 92 0.7 94 1 
2825 88 0.8 
2990 36 0.8 99 0 
3266 42 0 52 0.5 67 0.7 72 0.7 74 0.8 75 1 97 0.3 
3435 6 0.7 
3547 25 1 40 0.4 69 0.9 87 0 
3565 11 0 
3711 3 0.4 19 0.5 20 0 22 1 23 0 79 1 87 0.5 
3717 42 0 43 1 58 0.5 66 0.5 68 1 71 0 77 0 
3773 1 0.5 3 0.4 4 0.6 12 0 15 0 34 0.6 58 0.8 81 0 93 0 
3852 17 0.3 26 0.5 29 0 69 0 81 0.5 92 0 95 1 
3926 7 0.3 34 0 36 0.6 58 0 62 1 67 0 68 0 77 0.8 
4201 20 0 27 1 71 0.8 90 0 93 0 99 0 
4278 17 0 
4427 15 0.4 16 0 20 0.4 22 0 27 0.5 34 0 77 0.8 86 0.6 
4607 21 0.6 61 1 83 0.5 84 0.8 91 0.8 
4641 3 0.6 25 0.7 38 0.6 45 0 59 0.4 61 1 69 0 70 0.9 80 0.8 84 0.9 
4681 23 0.8 30 0 75 0.5 79 0 
4726 9 0.6 10 0.6 45 0.8 50 0.9 53 0 64 0.3 79 0.7 87 0.5 
4762 2 0.8 3 0.3 4 0 29 0.4 59 0 77 0.6 87 0.7 88 0.8 94 0.4 
4973 17 0.6 32 0 55 0 97 0.5 
4990 32 0 40 0.9 95 0 
5076 2 0 11 0.9 39 0 58 0.7 64 1 83 0.5 90 0 
5178 3 0.9 48 0.6 55 0 
5185 47 0.6 56 0 99 0.7 
5187 29 0.3 86 0.6 93 0.4 
5280 31 0 36 0 69 0.3 
5454 9 0.9 28 0.6 36 0.3 65 0.4 79 0 81 0.4 86 0.9 92 0.8 
6005 5 0.4 
6125 31 0 38 0 42 0 43 0.5 50 0 51 0 74 0.9 79 0.7 84 0.8 88 0 
6490 25 0.9 52 0.8 
6521 14 0 35 0.9 87 0.8 88 0.8 90 0.7 
6594 33 0 
6637 6 0.3 29 0.4 34 0 40 0.4 55 0.6 72 0.5 84 0 
6757 95 0.9 99 1 
6768 2 0 28 0 66 0.5 69 1 78 0.9 83 0 86 0.3 
6774 8 0 9 0.4 18 0.5 40 0.9 49 0.9 54 0.3 61 1 83 0 91 0 
6800 50 0 59 0.3 60 0.8 62 0.7 96 0.6 
6948 10 0.6 31 1 51 0 85 0.8 
6964 1 0.5 24 0 
7012 16 0.4 22 0 44 0.4 55 0.5 64 0 82 0.9 85 0.8 97 0.8 
7081 29 0.3 37 0.6 47 0.8 54 0.3 60 0 64 0.6 78 0.6 
7101 4 0.4 11 0 35 0.5 56 0.6 89 0.5 90 0.8 
7218 28 0.8 40 0.5 88 0.5 
7225 0 0.7 
7293 27 0.5 32 0.4 34 0 37 0 40 0.5 60 0.4 69 0 70 0 96 0 
7400 26 0 27 0.4 59 0 73 0 85 0.6 89 0.7 
7411 21 0.6 28 0.6 
7558 6 0.6 19 0.9 72 0.9 75 0.9 88 0.5 
7663 38 0 58 0.3 69 0 72 0.6 
7889 7 0.4 41 0.9 48 0.9 65 0.6 68 0.7 84 0.3 87 0.6 
7925 68 0.3 
8141 42 0.4 43 0.7 53 0.6 66 0 90 0 
8462 1 0.7 12 1 21 0.3 36 0 51 1 68 0.7 
8652 26 0.6 
8745 62 0.8 95 0 
8895 62 1 77 0.8 81 0.3 
8903 13 0 24 0.8 30 0.9 36 0.4 65 0.8 74 0.9 78 0.5 
8998 16 0.9 39 0.6 43 0 48 0 55 0.3 59 0.8 73 0.4 86 0.3 88 0.7 90 1 
9082 15 0.7 18 0 28 0.4 33 0.7 40 0.4 48 0.3 65 0 79 0.5 84 0.6 87 0 
9173 0 0 39 0.6 49 0 56 0.8 
9342 11 0.6 80 0.8 
9436 4 0.8 15 0.3 25 0.8 53 0.3 61 0.4 67 0.6 75 0.4 
9488 11 0 14 0.4 31 0.5 32 0.3 34 1 46 0.8 47 0.7 81 1 83 0.4 
9548 11 0.5 75 0 
9620 10 0.9 57 0.7 63 0.9 67 0 
9725 2 1 67 0 79 0.8 84 0.8 97 0.8 
9790 14 1 15 0 20 0.7 28 0.7 42 0.4 45 1 56 0.7 87 0 98 0 
9934 3 0 4 0 16 0.3 30 0.7 44 0 71 0.6 78 0.7 96 0.3 
9935 3 0 76 0 96 0.6 99 0.5 
9973 18 0 23 0.8 58 0.7 
