100
2 12 0.3 20 0.9 41 0.9 54 1 78 0 
326 3 0.8 6 0 20 0.9 55 1 79 0.5 
348 0 0.5 3 0 40 0.7 44 0 49 0.3 90 1 
449 14 0 19 0.9 27 0 33 0.7 40 0.7 48 0.8 53 0.7 84 0 86 0.4 
595 39 0.6 60 0.9 83 0.3 
776 1 0.8 7 0.7 33 0 39 0.6 69 0 76 0 
868 27 0 
897 15 0.4 17 0.8 20 0.5 61 0.4 68 0.9 86 0.3 95 0.6 99 0.4 
937 15 0.9 37 1 76 0.6 81 0.5 83 0.3 
961 4 0.9 59 0.4 76 0.7 82 1 84 0.9 
1008 4 0 79 0.6 84 0 
1029 14 0 18 0.4 
1096 7 0.4 22 0 42 0.7 92 0.7 
1186 30 0.5 41 0 96 0.8 
1188 6 0.4 17 0 36 1 41 1 68 0 
1218 2 1 13 0.4 37 0 55 0.8 64 0.6 69 0.5 78 1 
1256 9 0.3 11 0.5 20 0.8 22 0.7 25 0 51 0.7 66 0.4 
1318 41 0 
1381 4 0 5 0.7 56 0 69 0 77 0.4 84 0.9 88 0 98 0.3 
1542 9 0.6 20 0.8 24 0.3 76 0.9 81 0 
1659 26 0 
1700 14 0.8 50 0.7 52 0 58 0 75 0.4 76 0 81 0 92 0 97 0.7 
1712 1 0.6 7 0.4 13 0.7 15 1 16 0.9 29 0 55 0 83 0.8 89 0.4 
1741 36 0.9 48 0 49 0.8 53 0.8 95 0.3 
1836 21 0 71 0.5 83 0 98 0.8 
1864 67 0.5 
1872 23 0 53 1 
1934 6 0.9 99 0 
2188 63 0.8 
2262 2 0.7 18 0.3 22 0.3 34 1 42 0.7 77 0.9 78 0 82 0 84 0 85 0.3 
2404 4 0.4 43 0.4 98 0.3 
2441 26 0.9 66 0 
2464 7 0.8 
2473 7 0.5 16 0.7 23 0.4 41 0.8 61 0.7 
2514 28 0.3 67 0.5 
2560 4 0 17 0.8 23 0.7 43 0.8 46 1 59 0.5 63 0.7 70 0.5 99 0 
2576 1 0 11 0.9 28 0.8 33 1 72 0.8 89 0.6 97 0.5 
2587 16 0.9 52 0.4 59 0.8 
2628 3 0 5 0.9 34 0.8 46 0.3 65 0.3 77 0.4 86 0 87 0.9 99 0.5 
2784 19 0.6 30 0.3 37 0.9 43 0 65 0 71 0 95 0.3 
2861 2 0.6 12 0.8 26 0.5 31 0 49 0.4 68 0 71 0.4 73 0 
2926 31 0.4 34 0.6 40 0.6 66 0 68 1 
2977 22 0.7 40 0.4 61 0 76 1 92 0.9 
3132 5 0.6 16 1 40 0 74 0.8 91 0 
3140 21 0.4 78 0.8 90 0 
3287 12 1 24 0 96 0.5 
3551 35 0 54 0.5 58 0 75 0.4 
3567 1 0.9 27 0.8 35 0.4 69 0 
3651 20 1 30 0 31 0.4 70 0.9 
3652 33 0 48 0.3 99 0 
3913 2 0.7 30 1 49 0.8 58 0.5 66 0.5 
3927 4 0.6 12 1 34 0 58 0.8 64 0.8 70 1 85 0.3 86 0.3 91 0.9 
4095 5 0.4 35 0.8 38 0.3 50 0.3 51 0 60 0.6 77 0 86 1 87 0.8 
4180 32 0 37 0.5 44 0 66 0 67 0.8 69 0.9 77 0.6 81 0.7 91 0.8 95 0 
4192 7 0.5 22 0.4 23 0 38 0.8 40 0.9 51 0.6 55 0 71 0.7 
4246 7 0.9 12 0.8 63 0 80 0 87 1 88 0.5 96 0.8 
4562 26 0.9 36 0 42 0.7 43 0.7 45 0.5 62 0 79 0.7 86 0 88 1 94 0.9 
4645 7 0.3 15 0 36 0.7 37 0.8 65 0 76 0.5 90 0.7 97 0 
4820 37 0.6 57 0.8 64 0 65 0.7 86 0 93 1 
4947 11 0.4 21 0 30 0 40 0 46 0.6 59 0 62 0.6 63 0.8 87 0 93 0 
5019 15 1 39 0 54 0.3 96 0.6 
5095 60 0.3 63 0.8 69 0 86 0 95 0.8 
5158 18 0.3 37 0.5 40 0 68 1 88 0 93 0.6 
5168 18 0.4 
5236 1 0.6 9 0.3 26 0.7 33 0.5 45 0 47 0.6 81 0.9 84 0.9 95 0.3 99 0 
5501 8 0.5 31 0.7 48 0.6 65 0.3 72 0.4 81 1 82 0.9 85 0 92 0 98 0.5 
5576 9 0.6 20 0.6 48 0.5 49 0.4 55 0.4 60 0 65 0 
5783 34 1 42 0 49 0.8 57 1 59 0.5 74 0 81 0.4 91 0.5 92 0 
5831 23 0 98 0.6 
5965 45 0.6 75 0.9 88 0.9 94 0.8 
6007 5 0 8 0.4 27 0.4 44 0.8 45 0 53 0.4 63 0.7 72 0.9 97 0.8 
6518 34 0.9 86 0.7 
6553 40 0.3 55 0.7 81 0.4 
6577 52 0.3 59 0.8 60 0.9 82 0.3 
6674 8 0.3 15 0 18 0.4 22 0.7 26 0.3 31 0.4 62 0 81 0.3 92 0 
6857 25 0.7 
6868 31 0.5 34 0.5 37 0.3 55 0 67 0 73 0 76 0.5 85 0 99 1 
7035 30 0.4 41 0.9 42 1 50 0.7 61 0.6 67 0.7 70 0.4 76 1 79 0 96 0 
7060 3 0.9 16 0.5 37 0.8 49 0.9 68 0.6 80 0.7 
7257 3 0.7 23 0.8 51 0.8 52 0 97 0 
7288 34 0.4 36 0.3 38 0 42 0.5 49 0 76 0 79 1 89 0.4 96 0.4 
7367 5 0.6 7 0 17 0.8 26 0 76 0.9 96 0.6 
7440 1 0.7 
7554 17 0.4 21 0.4 33 0.9 40 0.6 44 1 87 0.3 
7675 1 0 52 0.3 61 1 
7727 0 1 21 0.4 46 1 51 0 93 0.4 
8002 4 1 9 0.4 16 0 21 0.7 39 0.5 71 0.7 80 1 83 1 
8159 23 0 28 0.4 52 0.7 60 1 87 0.3 92 0.6 95 0.5 96 0.8 
8246 2 1 21 0 23 0.3 48 0.3 65 0.6 69 0.8 
8484 12 0 46 0.5 79 0.5 
8498 2 0.9 3 0 51 0 70 0 91 0.7 93 0.5 
8526 10 0.5 11 0.6 34 0.6 36 0.4 59 0 85 0.8 93 0.7 
8565 9 0.8 18 1 24 0.9 35 0 39 0 42 0.9 59 0.6 65 0 76 0.9 85 0 
9189 2 0.4 12 0 16 0.9 37 0.3 49 1 57 0.7 
9393 27 0.3 78 0.9 81 0.7 98 0.5 
9483 55 0.3 60 0.7 65 0.7 69 0.7 75 0.9 76 0.7 
9515 5 1 14 0.5 19 0.7 22 0 37 1 59 0.7 61 0.9 69 0.8 79 0.8 
9563 7 0.6 57 0.3 
9602 3 0.9 20 0.5 28 0.3 57 0.7 72 0.5 85 0.3 86 0.9 95 0.7 
9857 0 0 2 0.9 8 0.9 19 1 24 0.5 50 0.4 51 0.3 52 0.6 78 0.3 98 0.6 
