100
284 72 0.9 87 0.5 
311 1 0.4 21 0 68 0.9 75 0.3 
379 0 0.7 9 0.4 21 0 34 0.8 53 0 66 0.7 83 1 
426 30 0.4 34 0.3 35 1 46 0 71 0 72 0.8 79 0.9 80 0.6 90 0.4 
515 15 0.5 30 0.7 34 0 40 0.8 44 0 57 0.6 94 0 
628 11 0 45 0.5 61 0.4 65 1 
664 3 0 39 0.6 70 0.7 76 1 83 0.8 97 0.5 
786 11 0.8 29 0.8 32 0 38 0 40 0 53 1 55 0.5 75 0.7 78 0 89 0.8 
944 18 0 42 0.5 57 0.9 60 0.4 68 0.5 80 0.6 91 1 
972 8 0.8 12 0.9 24 0 37 0 47 0.5 48 0.9 61 0.7 83 0 84 0.5 85 0 
999 17 0 20 1 32 0.7 39 0.3 44 0 56 0.5 68 0 76 0.5 81 1 
1036 70 0.8 71 0.9 
1068 20 1 
1166 5 0 13 0 17 0.9 20 0.7 25 0 45 1 49 0.8 59 0.4 84 1 
1185 48 0.6 
1207 4 0 10 0.6 24 0 31 0 39 0.9 40 0 46 1 73 0 98 0.7 99 0.4 
1275 3 0 19 0.4 21 0.7 30 0.7 33 0.6 49 0.6 60 0.4 83 0.4 95 0.5 
1278 8 0.8 55 0.6 
1731 14 0.9 57 0 88 0.7 
1806 0 0.9 16 0.8 24 0.6 39 0.3 55 0.6 83 0 
1955 3 0 15 1 17 0.3 23 0.6 47 1 52 0.4 60 0 61 0 65 0 
2023 8 0 19 0.8 37 0.7 42 0.7 44 0 48 0.3 60 0.7 64 1 65 0.3 79 0.6 
2032 17 0 61 0.8 94 0.6 
2211 15 0.9 94 0.9 
2232 33 0.5 42 0 50 0.6 60 0.3 78 0.3 95 0 
2268 17 0.6 41 1 68 0.8 76 0.6 
2392 11 0.5 20 0.6 
2452 17 0.7 22 0.4 41 0.9 48 0 59 0.3 63 0 66 0 86 0.3 96 0.7 
2460 22 0 28 0.6 38 0.9 41 0.3 45 0 48 0 81 0.5 97 0.9 98 0 99 1 
2462 6 0.6 7 0.5 17 0 19 0 46 0 57 0 65 0.3 69 0 78 0.5 86 0.8 
2528 5 0 18 0 65 0 78 0.5 
2643 5 0 14 0 49 1 82 0.4 94 0.6 98 0.4 
2673 11 0 12 0.8 22 0 23 0.4 38 0.5 60 0.4 81 0.5 86 0.6 
2692 42 0 66 0.9 
2852 11 0 33 0 85 0.4 91 0.6 
2973 23 0.5 31 1 38 0 49 0.3 
3398 26 0.9 39 0.7 
3629 5 0 39 0.9 45 0.7 65 1 66 0.8 71 0 83 0.5 
3752 66 0.9 81 0.7 87 0.4 91 0 
3775 12 0.5 21 0.4 32 0.4 65 0 87 0 89 0.8 90 0.3 96 0.9 
3793 3 0.9 19 0.8 39 0.3 66 0.7 73 0 88 0.9 96 0.7 
3978 47 0.3 67 0.5 88 0 92 0.9 
4081 57 0.7 68 0.8 
4083 19 0.7 58 0.3 63 0.4 78 0 
4261 0 0.4 11 0.4 22 0.6 38 1 74 0 77 1 
4530 85 0.4 
4678 1 0.7 33 0.4 43 0 44 0.3 55 0.3 71 0.9 81 0.7 90 0 
4683 8 0 13 0.6 17 0.5 24 0.8 56 0.3 58 0.7 85 0 
4833 20 1 24 0 38 0.3 90 0.7 93 0.5 99 0 
4927 47 0.3 64 0 70 1 
5016 26 0.3 44 0.3 72 0.3 85 0.5 94 0.7 
5455 21 0.3 73 0 80 0 
5489 3 0 5 0.7 28 0.4 34 0.3 35 0.6 39 0.4 62 0.6 71 0.7 89 0 
5663 17 0.7 20 0 38 0.7 46 0.3 88 0 98 0.5 
5683 14 0.9 23 0.3 65 0 67 1 69 1 89 0 95 1 
5747 21 0.5 25 1 
5902 2 0.3 4 0 16 0.8 23 0.3 48 0 75 0 78 0.6 
6128 3 0 60 0.4 
6236 45 0.5 68 0.9 96 0 
6243 5 0.8 7 0.4 14 0.5 26 0.7 62 1 64 0.4 70 0.9 71 0.7 82 0.9 91 0 
6306 0 0.4 49 1 97 0.9 
6312 19 0 22 0.4 27 0 29 0.6 38 0 69 0.4 
6338 2 0.8 6 0.6 58 0.7 78 0.5 90 0.4 
6695 81 0 
6740 15 0.8 87 0 95 0 97 0.5 
6750 6 0.3 16 0.8 26 0.4 28 0 35 0.3 37 0.6 47 0.8 58 1 72 0.3 
6776 24 0.8 28 1 48 0.7 53 0.9 87 0.5 89 0.5 
6811 24 0.3 27 0.8 30 0 51 0.9 63 0.5 64 0 80 0.9 91 0.4 
6837 8 0.9 35 0.5 58 0 74 0 
6932 3 0.4 17 0 25 0.6 26 0.4 40 0 54 0.9 
7018 7 0.6 24 0.6 30 0 41 0.6 48 0 
7172 47 0.3 48 0 80 0.6 
7204 33 0.4 36 1 49 0 76 0.3 
7230 43 0 73 0.8 90 0 
7262 42 0 43 0.9 44 0.5 
7427 18 0 21 0.6 
7445 5 0.8 38 0.3 45 0.3 51 0 57 1 60 0 65 0 79 0 86 0.8 
7659 35 0.8 44 0.5 54 0.3 56 0.6 60 0 74 0 80 0.3 86 0.5 
7769 19 0 24 0.8 25 0.3 70 0.8 76 0.4 91 0.5 99 0.5 
8015 6 0.7 17 0.3 37 0.3 45 0.3 60 0.6 67 0.9 77 1 93 0.6 
8045 8 0 24 1 30 0 45 0.9 54 0 58 1 63 0 70 0.9 85 1 98 0.8 
8052 35 0 
8055 76 0 91 0 
8056 6 0.4 12 0.8 29 0.8 46 0.8 62 0.7 73 1 85 0.4 87 0 89 0.7 
8115 4 0.6 12 1 15 0.6 19 0.4 20 0.8 39 0 44 0 58 0.6 70 0.7 83 0 
8147 2 0 30 0.8 65 0.7 80 0.7 
8469 11 0.5 
8610 6 0 15 0.4 45 0.5 95 0.3 
8815 10 0.4 14 0.8 64 1 85 0.8 88 0.5 
8882 0 0.5 21 1 43 0.8 45 0 46 0.5 56 0.8 65 0.8 66 0.9 73 1 97 0.5 
9024 24 0.5 28 0.7 32 0.8 38 0.5 49 0 59 0.8 66 0.9 69 0 76 0 88 0.3 
9215 18 0.9 26 0.4 36 0.9 40 0.7 45 0 48 0.8 56 0 61 0 87 0 
9276 11 0 50 0.5 52 0.8 
9386 12 0.3 51 0.6 63 0 80 0.9 
9472 12 1 27 0.8 38 0.9 40 0.4 43 0.8 71 0.9 
9745 5 0.4 19 0.9 36 0.8 37 0.8 62 0.4 66 0 96 1 
9751 13 0.3 23 0 29 0.4 41 0.4 44 0 49 0.6 93 0 96 0.8 
9781 89 0 
9896 3 0 13 0.6 34 0.3 51 0 71 0.6 78 0 84 0.9 88 0.3 93 0.7 95 0.4 
9986 1 0.5 14 0 46 0 55 0.5 77 0 96 0 99 1 
