100
103 41 0.8 68 0.7 73 0.8 90 0.4 91 0 93 0.9 
236 82 0.6 
264 8 0.4 13 0.8 37 1 46 0.8 60 1 74 0 82 0 
338 15 1 22 0.7 34 1 47 0.6 48 0.8 68 0.3 78 0 
364 11 0.9 
365 51 0 68 0 91 0 
427 31 0 32 1 47 0.6 50 0 64 0 66 0.4 68 0 72 0.7 74 0.6 96 0 
463 15 0 27 0.7 38 0.9 53 0 61 0.8 65 0.6 67 0.3 93 0.4 
475 7 0.9 21 0 37 0 45 0.8 62 1 74 0.7 86 0.8 88 0.6 
551 5 0.9 7 0.9 11 0.4 15 0.5 24 1 26 0.8 29 1 55 0.4 64 0 76 0.4 
578 5 0.4 6 0.3 10 1 57 0.6 63 0.4 66 0.3 85 0.8 90 0 94 0.4 
623 38 0.9 61 0.8 65 0.9 70 0.9 86 0.5 96 0.3 97 0 
653 0 0.6 2 1 47 0.3 
726 19 0.3 48 0 95 0.9 
728 7 0.6 42 0.4 
745 2 0.7 15 0.4 17 0.7 64 0.4 67 1 70 0 72 0.9 97 0.9 99 0.3 
838 2 0.5 21 0.7 45 0.5 46 0 50 0.7 66 0 
938 97 0.8 
946 23 0.4 32 0 35 1 40 0 61 0 65 0.6 75 0.5 88 0.4 89 0 
1038 13 0.6 38 0 74 1 83 0 
1040 12 0.6 44 0 52 0.3 56 0 65 0.3 96 0 
1140 16 0.9 23 0.9 26 0.9 32 0.7 44 0 66 0.4 73 0.7 75 0.3 85 0.5 
1174 98 0 
1244 7 0.8 25 0.8 40 0.3 55 0.7 72 0.3 81 1 82 0 87 0.9 90 0.5 
1447 20 0.6 25 0.5 45 0 49 0 76 0.7 83 0 94 0.4 95 0.8 96 0 
1472 10 0.7 29 0 46 0.3 54 0.6 61 0.7 84 1 
1493 9 0.5 11 0.6 16 0 28 0 40 0.5 81 0 86 0.6 
1494 23 0.7 28 0 43 0.9 53 0.6 
1499 2 0.6 15 0 23 0 29 1 58 0.7 65 0 68 0.3 98 0 
1540 0 0 6 0.9 13 0.6 15 0.7 17 0.3 51 0.4 70 0.7 75 0 80 0.6 87 0.3 
1708 45 0.4 52 0.9 73 1 
2003 5 0 11 0.8 14 0 19 0.9 73 0.8 96 0.7 
2112 23 0.5 37 0 44 0.3 63 0.6 94 0.6 95 0 97 0.7 
2246 12 0.5 19 0.3 28 0.9 79 0 86 0.7 
2378 81 0 
2436 30 0.7 36 0.8 41 0.8 42 0 63 0.7 76 0 79 0.4 
2517 11 1 25 0 32 0.9 37 0.7 63 0.8 84 0.5 
2579 10 0.5 14 1 37 0.3 49 0.4 50 0.5 56 1 83 0.6 97 0.9 
2712 23 0.7 36 0.7 47 0 53 0.5 66 1 67 0 73 0.5 
2791 56 0 66 0.6 82 1 90 1 
2798 4 0.4 12 0.6 13 0.9 19 0.5 53 0.3 60 0.5 66 1 94 0.5 
3175 11 0.5 21 0 26 0.4 30 0.3 52 0.7 61 0.6 70 0 83 0 
3190 20 0.3 27 0 35 0 38 0.3 40 0.8 44 0.4 76 0 83 1 88 0.3 99 0.5 
3196 16 0 25 1 29 0.8 36 0 82 0 85 0.5 91 0 
3253 20 0.7 24 0.3 51 0.9 57 0 62 0.4 92 0.7 95 0.9 
3272 3 0.7 20 0 21 0.3 32 0.8 37 1 44 0.6 52 0.8 53 0.4 
3273 13 0.5 22 0 96 0 
3304 4 0.8 9 0 17 0.8 42 0.3 52 0.8 60 1 85 0.8 
3321 21 1 37 0 62 1 65 0 75 0.7 77 0.4 
3327 3 0.7 16 0 22 0 47 0.4 53 0.9 77 0.9 96 1 
3814 10 0.5 23 0.7 40 0.7 41 0 70 0 81 0.8 
3894 11 0.4 16 0.5 18 0.6 37 0.9 44 0.7 73 0.6 84 0.7 92 0 93 0.7 97 0.7 
3930 11 0.5 15 0.9 17 0.8 24 0.3 31 0 67 0.9 89 0.3 
3954 2 0.6 28 0 32 1 34 0 36 0 75 0 76 0.7 86 0.3 
3963 33 0.6 47 0.5 56 0.6 
4257 17 0 19 0 54 0.7 69 0.9 85 0 
4346 14 0.4 15 0 26 0.5 39 1 48 0 74 1 76 0 89 0 98 0.4 
4412 26 0.7 83 0.9 
4480 6 0 50 0.5 61 0.3 84 1 
4664 9 1 15 0.3 70 0 95 0 
4697 15 0.9 24 0.6 28 0 67 0 75 0 79 0.9 86 0 98 0.6 
4762 2 0.4 3 0.8 4 0 29 0.5 59 0.6 77 1 87 0 88 0.4 94 0.9 
4791 31 0 33 0 52 0.4 66 0.9 67 0.9 
4969 2 0 4 0.7 22 0.5 31 0.8 81 1 
4976 10 0.7 33 1 94 0.9 
5035 13 0.3 28 0.3 31 1 50 0.8 67 0.5 76 0.8 82 0 87 0 93 0.3 
5072 34 0 74 0.7 82 0.3 92 0.6 
5453 0 0 1 0 4 0.8 5 0.5 24 0.8 47 0.4 54 0.7 63 0.3 83 1 
5494 14 0.6 31 0.8 43 0 84 0 
5561 27 0 59 0 68 0.5 71 0.7 96 0.8 
5751 5 0.7 13 1 25 0.8 55 0 69 0 88 0.9 90 0.5 
5954 17 0 23 0.7 45 0.5 
6192 9 0.5 23 0.5 39 0.7 58 0 59 1 66 0.7 68 0 73 1 88 1 
6224 70 0.5 78 0 89 0.8 
6639 9 0 14 0.6 17 0 48 0.5 57 1 61 1 63 1 68 0.7 93 0.6 
6906 13 0.7 38 0.7 47 0.5 75 0.8 89 0.5 
6938 32 0.4 45 0.5 46 0.6 70 0.5 79 0.3 81 0.6 97 0 
7066 6 1 52 0.7 62 0.5 82 0.4 96 0.3 
7133 1 0 34 0 41 0 51 0.6 82 0 
7149 18 0.5 22 0.6 37 1 65 0.3 74 0 75 0.5 89 0.4 95 0.6 
7697 21 0 
7717 21 0 71 0.7 
7720 10 0.9 11 0.4 14 0.8 20 0 41 0.9 46 0 51 0.5 58 0.7 75 0.8 98 0.6 
7764 16 0.5 17 0 41 0 45 0.7 53 0 91 0.5 
7919 75 0.8 
7929 43 0 
8308 0 0 3 0.3 16 1 27 1 39 0.4 65 0.6 91 1 
8322 30 1 74 0.7 
8547 21 0 43 0.8 46 0.6 51 0 59 0 65 0.7 74 0 79 0.4 85 0.7 
8603 33 0.7 69 0.6 
8780 11 0.9 13 0 18 0.9 20 0.7 25 0.6 34 0 67 0.4 73 0.6 75 0.8 99 0.9 
8959 6 0 10 0.4 16 0.3 36 0.5 46 1 84 0 94 0.4 
9047 3 0.5 6 0.4 9 0 23 0.9 25 0 28 1 31 0.5 78 0.6 83 0 
9082 15 0 18 0 28 0 33 0.6 40 0.9 48 0.9 65 0.7 79 0.6 84 1 87 0.8 
9293 34 1 46 0.8 60 0 74 1 
9409 8 0 61 0.8 71 0.9 77 0.4 82 0.3 87 0.9 
9439 27 0.5 31 0.8 42 0.6 49 0.4 77 0.9 78 0.4 
9535 25 0 
9693 4 0.3 13 0.5 75 0.6 
9805 5 0.7 26 0 38 0.8 44 0.5 47 0.7 54 0.6 65 0.4 68 0.8 84 0 94 0.3 
