100
5 18 0 43 0 57 0.7 83 0.8 95 0 96 0.7 98 0.6 
132 27 0 53 0.5 55 0.5 
165 6 0.3 36 0.5 98 0.5 
338 15 0 22 0.4 34 0.8 47 0.4 48 0.5 68 0 78 0.8 
630 11 0 21 0.7 29 0.8 40 0 52 0 82 0.3 86 0.9 95 0.3 
632 7 0 18 0.6 35 0 52 0.7 
651 47 0.7 94 0.7 
723 10 0.8 72 0 79 0.5 98 0.7 
800 24 0.3 25 0.3 35 0.5 62 0.9 69 0.6 92 0.4 
809 21 0 22 0.7 28 0 39 1 56 0.8 61 0.8 67 0.9 85 0 96 0.5 
998 10 0.7 23 0.8 38 0.7 62 0 63 0 86 0 
1118 13 0.4 33 0.9 37 0.7 
1237 0 0.8 2 0 15 0.4 18 1 24 0.6 44 0.5 48 0 93 0.3 
1330 24 0.5 48 0.5 52 1 60 0.9 62 1 
1437 27 0.3 28 0.7 41 0.8 48 0 67 0 98 0.8 
1521 2 0.3 98 0.7 
1649 1 0 45 1 99 1 
1735 35 0.3 36 0.3 38 1 56 0.9 60 0.6 83 0.3 97 0 
1836 21 1 71 1 83 0 98 0.8 
1873 14 0.6 24 0.9 27 0 34 0 59 0 
2189 5 0.8 21 0 37 1 57 0.9 59 0.4 61 0.8 67 0.7 73 0.6 75 0.4 99 0 
2227 36 0.3 66 0.5 68 0 93 0.9 
2243 2 0 21 0 28 0.6 39 0.4 55 0.3 79 0 96 0.8 
2347 18 0 43 0.3 45 0.8 48 0.9 57 0.5 63 0.8 90 0 93 0 98 0.6 
2457 9 0.4 44 0.7 87 1 
2515 19 0.7 45 0.5 57 0.8 80 0 
2542 3 0.6 16 0.7 26 1 27 1 66 0 69 0.7 77 0 89 0.5 
2757 2 0.6 3 0.6 22 0.4 49 0.9 75 0.4 
2824 1 0 23 0.6 37 0 50 0 62 0 63 0.7 70 0.3 76 0 85 0 89 0.4 
2849 8 0 10 0.4 35 0 38 1 41 0.5 50 0.7 74 0.7 
2876 9 0.7 31 0 75 0.4 85 0.4 
2897 40 0.4 75 0.6 88 0.8 
2914 9 0.8 32 0 46 0.9 
3040 21 0 
3131 37 0.7 43 0.8 
3191 9 0.8 21 0.4 27 0.4 34 0.7 39 0.4 43 0.5 44 0.3 52 0.3 80 0 
3274 78 0.3 
3374 12 0 20 0.5 30 0 36 0.8 
3417 13 0 
3527 18 0.8 
3557 1 0.7 17 0.8 28 1 90 0.7 96 0.4 
3572 3 1 4 0.8 9 0.5 54 1 68 0.8 69 0 83 0.8 84 0.5 88 0.6 
3722 20 0.3 45 0.8 56 0.3 94 0.8 99 0 
3879 7 0.5 22 0.8 63 0.5 75 0.9 83 0.7 84 0.7 97 0.3 
3918 0 0.7 7 0.6 9 0 31 0.8 
4067 11 0 17 0.7 56 0.8 59 0 71 0.5 72 0.3 85 1 93 0.9 99 0.5 
4301 0 0.3 12 0.6 21 0 25 0 59 0 61 1 68 0 76 0 88 0.8 93 1 
4379 14 0.7 43 0.4 75 1 78 0.9 89 1 
4545 52 0.3 60 0 93 0.8 96 0.4 
4665 32 0.9 35 0.4 38 0.3 70 0 85 1 
4702 21 0.9 
4958 24 0.8 39 0.9 45 0.9 66 0 87 0.9 
5161 41 0.7 78 0.6 
5346 7 0.6 11 0.9 31 1 60 0.9 
5353 17 0 20 0 33 0.4 39 0 
5403 3 0 9 0.3 26 0 29 0.6 31 0.4 67 0.6 69 0 87 0 
5436 1 0.8 7 0.4 9 0.8 42 0.9 48 0.4 65 0.3 79 0 82 0.5 89 0 96 0.4 
5450 0 0.5 2 0.4 26 0.3 29 0 39 0.9 49 0 53 0.8 
5541 10 1 39 0.9 54 0.3 56 0.5 58 0 60 0.5 76 0.3 77 0.4 93 0.4 
5544 16 0.5 18 0.8 47 0 61 0 98 0 
5578 6 0 12 0.6 13 0.9 14 0.5 34 0.4 56 0.6 84 0 
5809 5 0.5 11 0.8 16 0.7 24 0.5 61 0 74 1 77 0.8 82 0 89 0 
5944 6 0.5 16 0 64 0 68 0.9 83 1 
5970 79 0 95 1 96 0.4 
6039 21 0.7 40 0 44 0.4 
6157 13 1 22 0.7 47 0.3 52 0 68 0.8 71 0.9 75 0 76 0.9 79 0.5 83 0.5 
6183 10 0 15 1 25 0 75 1 98 0.4 
6290 2 0.6 7 0.6 37 0 42 0.8 64 0.4 90 0.7 94 0.8 99 0.5 
6452 17 0.8 18 0.9 49 0.6 77 0.5 87 0.3 95 0.8 96 0.3 98 1 
6544 14 0.5 65 0 70 0.6 72 0.6 
6694 46 0.6 49 0 70 0 78 0.5 
6791 0 0.6 2 0 7 0 17 0.5 19 0.4 22 1 77 0.3 82 0.5 92 0 
6814 0 0.5 6 0.9 20 0 26 0.4 29 0.3 34 0 57 0.9 87 0 98 0.4 
6826 27 0 30 0 37 0.6 39 0.6 70 0.6 83 0.4 99 0.3 
6887 1 0.7 14 0.3 50 0 58 0.5 80 0 92 1 
7005 17 0 21 0.4 25 0.3 46 0.3 95 0 96 0.7 
7114 2 0.5 40 1 45 0 
7200 4 0.3 10 1 22 0.9 29 0 35 0.3 37 0.3 38 0.4 67 0.4 74 0.4 76 0.7 
7272 19 0 20 0.4 30 0.3 36 0.6 38 0.8 75 0.3 91 0.6 94 0 
7332 14 0.5 28 0.3 60 0.7 67 0.8 72 0.4 95 0.5 
7379 13 1 
7449 61 0 63 0.5 
7694 41 1 67 0.9 83 0.9 95 0.4 
8048 34 0.4 36 0 40 0.4 47 0.3 83 0.3 
8087 27 0 53 0 
8155 21 1 27 0 50 0 58 0 61 1 67 0.5 73 0.7 81 0.5 
8203 4 0.5 30 0 51 0.9 56 0.6 
8204 44 0.8 89 0.7 
8357 24 0 70 0.9 74 0 75 0 95 0.5 
8391 25 0 
8812 8 1 38 0 44 0.7 93 0.7 
9059 4 0 62 0.8 70 0.7 
9294 5 0.9 
9389 0 0 37 0.6 41 0.7 58 0 63 0.3 69 0.3 84 0.9 
9424 7 0.4 27 0.6 30 0.5 44 0.9 50 0 64 0 73 0 92 0.5 
9596 21 1 24 0.3 72 0.3 92 1 
9606 14 0 59 1 61 0 63 0 
9655 6 1 26 0 30 0.4 62 0 93 0.6 95 0.8 
9732 7 0.4 8 0.6 20 0.7 43 0.8 63 0.6 68 0.7 88 0.4 90 0.4 96 1 
9839 0 0.3 4 0 9 0.6 23 0.8 49 0.6 68 0 81 0 85 0.9 90 0.4 
