100
241 8 0.3 13 0.7 37 0 71 0.9 90 0.4 
433 15 0.4 59 0.9 
517 2 0 6 0.5 18 0.7 19 0.6 34 0 46 0.9 77 0 86 0 98 0.8 99 0.8 
620 36 0.8 
662 16 0.7 54 0 
711 3 0 19 1 31 0.4 51 0 56 0.8 71 0 72 0.3 76 0.9 85 0.9 93 0.8 
828 0 0.6 7 0.8 24 0.4 31 1 34 0.8 51 0.4 68 0 78 0 86 0.5 92 0.3 
836 32 0 
889 11 0.8 17 0 23 0.7 46 0 52 0.5 80 0.5 82 0 98 1 99 0.9 
943 11 0 16 0 24 1 49 0.8 51 0.5 88 0.5 
953 27 1 52 0.3 53 0.4 55 0.3 57 1 59 0 87 0 
960 4 1 7 0.4 
1038 13 0 38 0.4 74 0 83 0.5 
1103 79 0.7 
1174 98 0.6 
1254 2 0 47 0 48 0.7 49 0 61 0.5 92 0.4 
1303 1 0 36 1 38 0 66 0.4 83 0.4 87 1 89 0.4 95 0 
1388 6 0.6 9 0.9 15 0 33 0.9 81 0 82 0.8 83 0.6 90 0.5 
1458 13 0 26 0.9 49 0.6 61 0.8 77 0 87 0.8 
1576 18 0 28 0.7 32 0.6 48 0.9 58 1 60 0.7 99 1 
1582 1 0.6 21 0 95 0.8 
1588 0 0.4 6 0.6 25 0 28 0.7 32 0.7 41 0.3 56 0.3 73 0 79 0.9 89 0.4 
1754 15 0.7 25 0 31 1 32 0 82 0.6 
1759 0 0.3 3 0.4 6 0.3 9 0.4 10 0 17 0.7 56 0.8 72 1 79 0.7 82 0.6 
1809 10 0.7 40 0 66 0.7 
1817 16 0 17 0.9 25 0.9 45 0.4 52 0.5 77 0.7 90 0.3 
2111 7 0 32 0.5 55 0.5 57 0.3 62 1 73 0 
2248 8 0 22 0.7 23 0.8 25 1 31 0.9 69 0.4 75 1 79 0.4 
2256 3 0.4 12 1 15 0.4 19 0.7 24 0 26 0.9 32 0.3 46 0.9 60 0.9 81 0.8 
2270 93 1 
2385 9 0.5 20 1 79 0.6 80 0.7 
2459 6 0.6 16 0.5 29 0.7 72 0.8 73 0 75 0.5 85 0 94 0.4 
2526 1 0 6 0.5 28 0 34 0.5 38 0 43 0.7 58 0.5 90 0 
2603 1 0 19 0.9 38 0 58 0.9 65 0.7 77 0.4 89 0.9 
2613 7 0 85 0 
2766 6 1 12 0 14 0 20 0.8 31 0.5 38 0.3 87 0.6 92 0.8 96 0.3 97 0.6 
2951 4 0.7 22 0 48 0 60 0.3 76 0.6 
2967 47 0 
2985 4 0.7 5 0 18 0.3 23 0 27 0.9 57 0 69 0.9 86 0.9 96 0.6 97 0.4 
3025 25 0.6 38 0.5 80 0 
3075 63 0.8 65 1 89 0.9 91 0 98 0 
3127 0 1 14 0 20 0.7 33 0 52 0 56 0 61 0.9 75 0.5 
3290 5 0.7 9 1 33 0.5 51 0.3 61 1 64 0.8 85 1 89 0 
3319 5 0 16 1 33 0.5 35 0.4 71 0.4 74 0.4 77 0.8 79 0 
3374 12 0 20 0.6 30 0.3 36 1 
3390 22 0.7 27 0.5 33 0.8 44 0.8 81 0.6 90 0.5 
3605 12 0 17 0.3 21 0 56 0.7 79 0.5 85 0.3 
3690 21 0.7 30 1 95 0.3 
3717 42 0.4 43 0.3 58 0.3 66 1 68 0.8 71 0.5 77 0.6 
3839 34 0 50 0 57 0.8 65 0 89 0.3 
3851 16 0.5 46 0 59 0.9 74 0.6 77 0.8 92 0.9 
3936 3 0.4 4 0.5 6 0.6 21 0.3 24 0.7 76 0.6 77 0.7 92 0.7 
3943 30 0.5 35 1 91 0.9 
4390 17 1 27 0.5 35 0 47 1 51 0.7 64 0.3 89 0 95 0.7 
4428 6 0.3 21 0 49 0 62 0.7 69 0.9 75 0.7 
4476 36 0.7 37 0 83 0 86 0.7 
4659 19 1 48 1 55 0.4 60 1 63 1 64 0.3 67 0 68 0.3 
4954 8 0.7 11 0 12 0.6 18 0.6 20 1 32 0.5 44 0 
5081 27 1 59 0.9 72 1 73 0.7 93 0.9 
5383 9 0 13 0.7 14 1 32 0 
5434 15 0.9 37 0.4 44 0 86 0.3 89 0 93 0.3 
5749 1 0.4 23 1 36 0.6 59 0.3 70 0 
5797 20 0.5 34 0.7 45 0.6 55 0 61 0.6 81 0 
6159 7 0.3 97 0.6 
6169 35 0.9 68 0.5 
6477 37 0.5 47 0.3 88 0.4 
6570 71 0 
6616 1 0 37 0.9 60 0.6 
6869 55 0 58 0.4 71 0.9 97 0.9 
6897 5 0 25 0.9 27 0 35 0.8 52 0.8 63 0.8 70 0 
7197 8 0.7 22 0.3 24 1 43 1 57 0.4 68 0.8 70 0.9 79 0.9 80 1 
7417 15 0 17 0.9 43 0.7 75 0.4 
7606 10 0.4 13 0.7 19 0.4 24 0.5 26 0 32 0 55 0.7 69 0.6 84 0.3 99 0 
7690 10 0 16 1 27 0.4 56 0 75 0.4 
7715 16 0.4 17 0.4 18 0.9 35 0.4 37 0.9 47 0.8 86 0 91 0.5 
7753 92 0.9 
7768 5 0.8 12 0 14 0.9 30 0.4 33 0 35 0 48 0 63 0.9 79 0.8 91 0.7 
8006 67 0.7 71 0 84 0.5 88 0.8 
8142 15 0.4 20 0 36 0 48 0.4 54 0.6 59 0 65 0.7 66 0.4 81 0 89 0.3 
8146 13 0.6 35 0.4 38 0.9 40 0.7 48 1 61 0.4 86 0.8 
8257 2 0.3 3 0 22 0 56 0.7 65 0.4 66 0 70 0 79 0.7 
8292 6 0.3 36 0.8 64 0.9 66 0.7 71 1 
8497 8 0.9 12 0 18 0 19 0.7 21 0 23 0 26 0.3 46 0.4 93 1 
8562 12 0.6 25 0 26 0 58 1 59 0.3 75 0.3 79 0.9 
8566 30 0.5 
8686 3 0.6 23 0.4 28 0.8 33 0.3 40 0.3 53 0.5 57 0.8 82 0 
8688 11 0.3 29 0 44 0.5 71 0.5 72 0 93 0 96 0.5 
8747 8 0 17 0.9 19 0.6 32 0 67 0 76 0.8 83 1 88 0.8 
8787 24 0.9 78 0.6 
8981 9 0.6 29 0 
9187 26 0.3 29 0.8 93 0.3 96 0.5 
9361 37 0.6 49 0.5 88 0.4 
9605 14 0.5 26 1 28 1 91 0.6 
9698 4 0 8 0.6 17 1 20 0.8 40 0.3 55 0.5 60 0.6 73 0 75 0.6 
9737 80 0.5 
9740 33 0 44 0.7 56 1 58 0.7 62 0 74 1 78 0 83 1 95 1 99 0 
9812 80 0.8 
9828 15 0.5 28 0.9 36 0 37 0 69 0.3 
9848 1 0.5 11 0.8 14 0.7 32 0 33 0 53 0.8 62 0.4 94 0 
9888 11 0.6 14 0.3 28 0.4 37 1 41 0.3 51 0.6 58 0.8 91 0.6 
