100
86 45 0 50 1 56 1 57 0 58 0.6 78 0.7 
179 54 0.4 63 0.5 
202 21 0.6 37 0.8 56 0.6 64 0.3 67 0.3 72 0 75 0.8 83 0 
327 2 0.5 12 0.3 18 0.7 33 0.9 65 0 94 0 
438 30 0.8 66 0.4 85 0.8 91 0 
454 51 0 
464 30 0.3 
467 16 1 21 0 23 0.3 25 0.4 32 1 34 0 41 0 59 0.9 63 0.4 72 0 
582 20 0.8 28 0.9 31 0 49 0.3 66 0.5 67 0.7 69 0.6 75 0.5 88 0.4 97 0.7 
641 10 0.9 20 0.3 21 1 37 0.3 46 0 64 0.4 72 0.4 75 0.5 76 0 97 0.8 
682 19 0.8 81 0.9 87 1 91 0.3 
730 11 0.3 24 0.4 32 0 51 0 58 0.7 77 0.3 79 0 93 0.6 96 0.3 
824 17 0.3 36 1 59 0 
913 16 0.4 18 0.4 23 0 31 0 54 0 
1205 14 0 15 0.4 20 0.3 27 0 33 0.6 36 0.8 78 0.8 80 0.3 99 0 
1242 17 0.6 25 0.3 28 0.7 33 0.8 34 0.8 36 0.4 48 0 71 0 74 0.3 82 1 
1270 32 0.8 37 0 55 0.5 86 0.8 96 0 
1285 5 0.8 20 0 37 0.7 41 0.7 63 1 71 0 
1394 7 0 13 1 15 0.9 41 0.8 54 0 64 0 84 0.6 
1441 6 0 28 0 45 0 65 0.9 66 0 73 0.9 87 0.6 
1487 2 0.6 5 0 14 0.4 36 0.8 50 0.8 55 1 57 0 74 0.6 82 0.6 97 0.7 
1513 4 0 35 0.5 43 0.8 46 0.3 76 0 88 0.6 
1537 13 0.7 21 1 26 0.3 34 0.3 38 0.6 75 0.9 82 0 83 0.5 87 0.4 94 0 
1567 1 0 23 0.9 30 0.3 64 0.4 70 0.3 81 1 90 0.8 97 1 
1866 5 0 16 0.8 42 1 68 0 
1915 2 1 40 0.8 41 0.6 54 0 55 0 73 0 92 0.9 
2119 42 0 53 0.8 98 0.8 
2191 11 0.4 37 1 45 0.3 
2208 15 0.6 41 0 92 0.6 
2212 20 0 37 0 39 0.5 50 0.9 53 0 54 0.4 75 0.4 85 0.9 91 1 
2306 10 0.8 17 0 28 0.4 42 0 52 0.4 58 0 70 0 81 0.6 
2412 47 0.7 77 0 87 0.9 
2677 9 0.9 12 0.4 15 0 31 1 32 0.9 51 0.4 57 0.9 59 0 61 0 66 0 
2734 15 0.9 17 0 19 0 51 0 52 0.3 70 1 84 0.6 
2771 90 0 
2909 34 0.6 60 0.9 73 0.3 74 0.6 82 0.9 93 0.3 
3010 7 0 23 0 24 0 29 0.9 35 0 36 0 92 0.5 
3021 29 0.5 34 0 47 1 59 0.4 89 0 
3524 5 0.5 21 0.5 23 0.4 33 0 41 0 43 0.6 74 1 78 0 95 0 96 0.4 
3622 34 1 
3737 2 0.8 27 0.7 31 1 
3900 3 0 7 0.6 9 0.9 36 0.6 40 0 54 0.8 71 0 73 0.9 77 0.3 95 0.9 
3918 0 0 7 0.4 9 0 31 0.9 
4163 93 0 
4391 83 0.5 94 0 96 0.5 
4694 34 0 55 0.4 61 0 68 0.4 
4891 4 0.4 9 0.3 25 0.3 61 0.7 99 0.9 
4981 3 0 9 0 18 0 20 0 50 0 63 0.8 76 0 92 0 
5066 75 0.5 
5074 64 0 66 0.9 71 0.8 72 1 77 0.6 90 0 99 0.5 
5158 18 0.6 37 0 40 0.8 68 0 88 0 93 0.7 
5278 10 0.3 22 0.5 43 0.3 52 1 54 1 83 0.4 
5514 87 0.4 
5532 1 0.4 2 0.7 11 0.4 62 0 91 0.5 93 0.6 99 0.6 
5575 34 0 
5593 14 0 41 0 59 0 67 0.8 72 1 77 0.6 
5739 33 0.7 49 0 58 0.7 62 0.8 72 0.3 
5941 5 0.5 25 0 68 0 69 0 77 0.3 
6086 14 0 35 0 40 0 60 0.7 
6225 13 0.3 49 0 80 0.8 
6253 5 0.5 33 0.6 38 0 49 0.7 62 0.5 66 0 68 0.9 77 0 86 0.5 94 0.9 
6306 0 0.6 49 0.7 97 0 
6593 10 0.3 12 0.7 21 0.3 53 0.6 58 0.3 62 0 
6643 32 0.7 73 0 78 0.8 
6656 13 0.9 32 0.9 44 0.5 72 0.9 83 0.9 84 0.9 
6702 4 0.9 23 0.5 
6815 7 1 9 0 43 0.4 48 1 68 0.6 69 0 
6911 6 0.7 70 0 96 0.6 
6926 5 0 8 0.7 53 0.8 72 0 82 0.7 97 0.4 
7043 18 0.3 23 0.8 55 0.5 77 0 79 0.7 98 0.7 
7052 32 0.9 46 0.5 61 0.6 
7412 0 0.5 32 0.3 46 0.5 52 0.6 65 0.8 80 0.9 88 0.7 89 0.5 97 0 98 0.3 
7451 6 0.3 16 1 41 1 52 0 59 0 80 0.9 88 0.7 
7741 10 0.5 45 0.5 61 0.7 92 0.7 
7801 44 0.7 70 0.6 71 0.4 99 0.6 
7965 10 0.7 25 0.5 29 0 34 0 36 0.6 46 0.9 71 0.9 81 0 96 0.7 
7987 86 0.7 
8170 14 0.4 22 0.3 57 0 61 0.7 
8172 38 1 81 0 92 0.6 
8257 2 0.3 3 0.3 22 0.4 56 0 65 1 66 0.9 70 0.5 79 0.9 
8352 39 0.4 
8355 27 0 42 0.9 81 0.9 83 0.3 
8422 17 0 31 0 99 0.4 
8450 55 0.3 
8490 42 0.3 
8581 19 0 48 0 53 0.3 59 0.5 68 0.6 74 0 
8583 0 0 21 0 30 0.5 45 0.6 59 0.7 72 0.5 83 1 85 0.5 91 0.5 
8791 3 0 4 0 21 0.9 60 0 66 0.4 73 0.8 78 0.9 85 0.6 87 0 96 0.7 
8851 14 0.5 32 0 
9023 3 1 10 0.6 12 0 18 0.5 44 0.9 48 0.8 87 0 88 0.3 93 0.4 
9035 30 0.5 
9056 33 0.6 93 0.7 
9354 24 0 42 0.6 58 0 
9503 5 0.5 15 1 22 0.3 31 0.7 40 0 43 0 44 0.5 51 0.9 98 1 99 1 
9586 1 0.6 7 0 37 0.7 54 0 56 0 59 0.6 67 0.8 83 0 
9910 7 0 
9931 11 0.6 16 0.6 18 0.7 33 0.3 48 0 82 0.3 88 0.8 
9935 3 0.3 76 0.5 96 0.3 99 0 
9948 13 0 52 1 53 0 65 0.5 67 1 98 0.4 
9951 3 0.9 10 0 38 0 55 0 72 0.3 90 0.4 91 0 
