100
35 0 0.7 6 0.6 16 0 20 0.5 52 1 53 0 59 0.7 73 0.8 93 0.8 
61 2 0.3 24 0.8 25 0.8 30 0.3 95 0.8 
81 0 0.3 9 0 13 1 21 0.5 22 0 44 1 69 0.8 84 0.7 87 0.8 91 0.5 
312 95 0.7 
461 2 0.4 5 0.5 16 0.5 19 1 29 0.5 37 1 49 0.9 50 0 82 0.3 83 0 
464 30 1 
521 25 0.6 38 0.5 55 0.3 66 0.5 81 0.4 92 0.9 97 0.9 
611 6 0.3 52 0.6 58 0.9 68 0 76 0 
651 47 0.9 94 0.4 
656 7 0.3 54 0.9 66 0.5 70 1 71 0 91 0.3 
698 2 1 5 0.4 29 0 38 0.9 90 0.5 
1039 4 0 15 0 61 1 
1042 19 0.3 22 0.7 29 1 39 0.8 90 0.3 91 0.4 99 0.3 
1053 10 0.7 
1092 28 0.9 30 0 33 0.5 46 1 
1111 55 0.8 
1138 6 0 18 0.9 29 1 
1165 4 0.5 12 0.9 13 0.4 30 0 35 0 67 0 91 0.6 92 0.7 98 0.5 
1352 0 0.5 16 0.3 37 0.5 41 0.7 53 1 63 0.7 70 1 77 0 
1387 19 1 36 0.4 41 0.7 73 0 78 1 92 0.4 94 0 99 0.6 
1484 8 0.4 18 1 24 0 28 0.6 31 0.7 55 0.5 68 0.5 
1511 22 0.7 40 0 55 0 56 0.3 58 0.3 67 0.9 97 0.4 98 0.6 
1705 12 0.3 55 1 
1778 29 0.4 40 0 98 0 
1811 15 0.3 39 0.3 70 0.4 
1921 11 1 70 1 84 0.3 99 0 
2218 28 0.8 36 0.7 37 1 41 0.3 42 0.9 43 0.8 56 0.3 66 0.7 90 1 94 0 
2309 1 0.4 24 1 29 1 42 0 46 0.9 75 0.4 91 0.4 
2381 8 0.9 21 0.3 23 0 38 1 55 0 56 0.9 74 1 80 0.3 84 0.6 
2414 53 0.9 
2459 6 0.7 16 0.5 29 0.7 72 0.9 73 0.6 75 0 85 0.5 94 0 
2477 98 0.5 
2543 1 0.8 3 0.7 21 0.9 29 1 34 0 72 0.3 75 1 79 0 89 0.9 
2596 0 0.3 6 0.8 9 0.3 14 0.9 18 0.7 34 0.9 40 0.7 65 0.9 70 0.6 72 0 
2845 42 0.9 95 0.4 
2883 4 1 33 0 51 1 83 0 
3127 0 0.8 14 0 20 0.8 33 0 52 0.8 56 0.9 61 0.5 75 0 
3146 15 1 36 0 40 0.3 92 1 
3247 6 1 30 0.4 44 0.6 56 0.5 
3337 15 0.5 22 0.6 50 0.4 54 0.5 62 0.3 63 0 71 0.8 94 0.7 97 0.9 
3509 1 0.4 19 0.9 29 0.4 38 0.8 44 0 52 0 59 0 62 0.6 83 0 
3543 19 0 41 0.3 43 0.6 45 0.9 65 0 75 0 
3618 3 0.9 4 0.3 6 0 20 0 37 1 48 0.4 
3817 6 0.4 24 0 29 0 43 0.3 75 0 
3843 4 0.7 6 0.8 
3896 18 0.7 75 1 
4178 20 0.4 47 0.8 70 0.8 
4220 10 0 56 0.4 70 0 
4777 7 0 11 0.8 14 0.6 25 0.3 28 0.3 60 0.7 71 0.9 80 1 95 0.4 
4836 4 0.6 30 0 34 0 39 0 49 0.7 54 0.4 68 1 95 0.5 
4860 27 0.6 34 0.8 53 1 71 0 76 0.5 79 0.9 
4960 1 0.4 8 1 19 0.6 24 0.3 34 0 69 0.5 76 0.9 96 1 
5062 0 0.5 21 1 30 0 48 0.3 90 0.3 
5175 38 0 40 0.9 67 0.7 83 1 89 0 91 0 
5232 17 0.6 20 0.5 27 0.4 36 0.5 53 0 62 0.7 85 0.4 87 0.7 
5269 71 0 
5315 46 0 
5447 8 0 78 0 87 1 
5485 18 0 22 0.6 23 0.6 62 0 80 0.7 88 0.4 95 1 
5609 4 1 5 0.8 11 0 21 0.9 28 0 35 0.8 36 1 43 0.8 69 0.6 
5768 7 0.7 30 0.7 42 0.4 44 1 50 0 
5798 29 0.6 54 1 57 0.6 61 0.7 91 0 
6042 62 0 84 0 88 0.7 
6100 2 0.6 9 0.3 37 0 45 0.7 50 0.3 56 0.4 60 0.7 90 0 
6132 21 0.8 43 0.3 44 0.6 67 0 
6141 30 0.6 38 0 40 0.3 50 0 58 0.3 82 0.9 87 0.5 
6164 1 0 4 0.8 7 0 32 0.4 50 0.6 
6218 3 0.9 11 0.5 12 1 17 0.6 22 0 31 0 51 0 69 0.5 89 0.9 90 0.5 
6496 10 0 85 0.4 
6518 34 0.8 86 0.6 
6705 21 0.5 89 0.3 92 0.4 93 0.7 
6803 4 0.4 21 0.9 31 0 37 0.4 64 0.7 68 0 70 0 78 0.4 86 0.5 98 0.3 
6842 5 0 51 0 58 1 76 0.5 81 0.8 
6858 8 1 13 1 16 0 17 0.5 19 0 54 0.3 82 0.5 
7083 10 0.7 20 0 55 1 69 0 75 0 88 0.3 90 0 97 0.7 
7163 41 0.8 94 0.6 
7612 1 0 8 0.9 17 0 34 0.6 53 0.5 
7760 14 0.5 25 0.8 40 0.4 43 0 64 0 81 0 88 0.9 90 0.4 94 1 
7923 8 0.7 22 0 37 0.7 62 0.8 
7924 21 0.7 30 0 33 0 
8017 9 0.6 36 0 70 0 79 0.6 91 1 
8102 18 0 22 0 90 0 
8135 19 0 39 1 61 0.6 90 0.4 
8184 6 0.3 10 0.5 11 0.7 21 0.6 36 0 66 0.3 76 0.6 84 0.8 97 0.3 
8219 11 0 
8373 34 0.8 48 0.6 49 0.7 50 0.5 56 0 70 0.7 72 1 92 0.5 96 0.8 97 0.4 
8424 20 0.7 43 0.3 63 0.5 68 0.9 99 0.5 
8446 10 0.8 64 0 68 1 75 0 96 0.8 
8495 3 0 
8584 32 0.3 37 0 55 0.6 71 0 78 0 79 0.8 80 0.8 83 0 93 0 
8672 37 0 69 0.9 88 0.3 
9024 24 0.9 28 0.8 32 0.6 38 0 49 0.5 59 0.3 66 0.4 69 0.5 76 0.3 88 0.5 
9128 52 0.6 
9135 26 0.7 59 0.7 
9252 14 0.9 18 0.4 31 1 49 1 65 0.4 
9463 8 0.4 13 0.4 14 0 39 0 51 0.3 52 0.5 56 1 62 0 78 0 88 0.6 
9629 14 0.4 26 1 35 0 42 0.7 45 0.7 61 0.6 
9691 10 0 13 1 14 0.4 16 0 36 0.5 43 0.8 52 0.4 85 1 87 0 
9809 12 1 15 0 55 0.7 69 0 87 0.9 
9951 3 0 10 0.3 38 0.7 55 0.6 72 0 90 0.5 91 0.7 
