100
15 4 0 9 1 16 0.6 26 0.6 34 0.3 40 0 60 0.9 
19 12 0.5 23 0.9 33 0.6 44 0.7 66 0.6 72 0.6 73 0 
135 52 1 57 0.5 66 0.5 88 1 93 0.6 
330 32 0 34 0.9 57 0.3 72 0.5 
486 51 0.5 54 0.9 
491 10 0.5 11 0 16 0.4 26 0 47 0.3 96 1 
589 1 0.9 18 1 28 0.5 30 0 35 1 44 0.4 49 1 97 0.6 
592 1 0.7 5 0.8 19 0.4 21 0 68 0 88 0 90 0.5 
682 19 0.9 81 0 87 0.4 91 1 
788 38 0.7 52 0.3 75 0.7 
853 8 0.5 31 0.8 
860 24 0.4 54 0.6 75 0.4 
863 8 0 29 0.4 35 0.3 51 0.3 65 0.3 66 0.5 86 0 87 0.6 89 0 
985 28 0.4 44 0.5 55 0.6 
1144 35 0 39 0.7 66 0.9 
1180 9 0.8 37 0 75 0.7 80 0.5 
1314 6 0.9 13 0.5 22 0.4 32 0.6 46 1 47 0.7 77 0 85 0 91 0.6 
1493 9 0.3 11 0 16 0.9 28 0.7 40 0 81 0.6 86 0.3 
1584 12 0 19 0 25 0 30 0.3 44 0.7 49 0 58 1 74 0.6 78 0.5 
1655 64 0 
1866 5 0 16 0.6 42 0 68 1 
1884 51 0 57 0.8 63 0.7 65 0.8 69 0.5 74 0 77 0.5 78 1 89 1 93 1 
1896 46 0.8 60 0.9 62 0 71 0.7 87 0.9 96 0.6 98 0 
2013 16 0.5 58 0.3 64 1 65 0.3 68 0.3 72 0.6 85 0.9 90 1 
2240 6 0 9 0.4 24 0.4 36 0.8 40 0.7 45 0.5 51 1 59 0.5 73 1 
2294 4 0.4 55 0.5 62 0.7 65 1 70 0.3 74 0 85 0.3 97 0.9 
2345 8 0.4 26 0 39 0 62 0.9 75 0.8 83 0.5 96 0.7 98 0.6 99 0.6 
2602 80 0.8 
2642 53 0 92 0 
2677 9 0.6 12 0.8 15 0.4 31 0.8 32 0 51 0.7 57 0.3 59 0.5 61 0 66 0.6 
2732 4 0.7 57 0 
2843 9 0 10 0.5 27 0.3 43 0.9 66 0.4 75 0 86 0.6 87 0.7 
3133 12 0 46 0.8 89 0.3 96 0.7 
3176 17 0.9 59 0 
3309 5 0 6 0.6 37 0 43 0 53 0 54 0.9 57 0.3 59 0 
3340 54 0 
3404 4 0 8 0.4 20 0.4 46 0.3 54 0.7 63 0.7 81 0 83 0 84 1 
3425 3 0.3 
3463 2 0.6 28 0.9 53 1 98 0.5 
3565 11 0.7 
3632 15 0.6 30 0 37 0 41 0.3 64 1 69 0.4 72 0.3 79 0.3 
3829 54 0 62 0.3 80 0 90 1 97 0.9 
3960 4 0 15 0.4 41 0.4 51 0.3 53 0.5 60 0.8 65 0.3 86 1 97 1 
3991 17 0 25 0.3 32 1 33 0.9 38 0.4 57 0.4 80 0.9 89 0.4 96 0 
4012 0 1 9 0 11 0.3 18 0.5 22 0.5 23 0.3 47 0.9 77 0.4 78 0.6 87 0.4 
4087 6 0.4 30 0 32 0.6 35 1 42 0.6 44 0.5 48 0 77 0.8 89 1 97 0 
4415 20 1 45 0 77 0.3 80 1 89 0.9 92 0.6 
4515 9 0 32 0.5 77 0.7 78 1 
4558 13 0 16 0.6 24 0.3 39 0 47 0.8 61 0 71 0.9 97 0.4 98 0.7 
4565 0 0 22 0.5 40 0 
4631 0 0 20 0.6 30 0.4 33 0.9 35 0 42 0.7 47 0.3 66 1 70 0.9 83 0.9 
4674 25 1 30 1 33 1 37 0.5 51 0.4 59 0.3 70 0.5 85 0 
4764 4 0 64 0 66 0 
4872 24 0.4 30 1 56 0.4 86 0.9 92 0 98 0.9 
4918 16 0.4 17 0 26 0 35 0 51 0.8 68 0 84 0.5 96 0.3 
4968 70 0.8 77 0.7 86 0 
5009 2 0.9 4 0.8 19 0.9 45 1 64 0.7 67 0.8 79 0 82 0 84 0 
5201 63 1 89 0.6 95 0.6 
5276 1 0 6 0.8 18 0.4 25 0.4 27 0.3 57 0.4 82 0.4 
5320 1 0.9 10 0 22 0.5 37 0 45 0 57 0.7 71 0.7 79 0.7 80 0.6 82 0.6 
5517 28 0 38 0.9 58 0 60 0.7 71 0 89 1 97 0.5 
5536 17 0.8 23 0.6 30 0.8 43 0.7 88 0 
6036 41 1 87 0.9 
6051 39 0 50 0.6 53 0 65 0.3 68 0.5 95 0 
6478 22 0.8 25 0.4 40 0 57 1 
6501 7 0 13 0.6 16 0 38 0 45 1 60 0.7 64 0 67 0 68 0.6 93 1 
6583 1 0.4 33 0.8 39 0.9 48 0.3 53 0.7 55 0.6 65 1 93 0.4 
6590 22 0.4 31 0.4 48 0 60 0 62 0.6 73 1 
6889 5 0.3 6 0.7 77 0.8 90 0 92 0 
7038 16 0 21 0 23 0.9 58 0.4 63 0.8 68 0.7 71 0.9 74 0.6 91 0.9 
7058 19 0.6 26 0.3 27 0.3 41 1 50 0.5 73 1 88 0 
7108 22 0 42 0.5 51 0.6 72 0.3 
7142 35 0.4 
7157 45 1 95 0.6 
7166 13 0 48 0.4 52 0 67 0.9 82 0.3 
7304 6 0.8 26 0.5 88 0.8 98 0.9 
7369 44 0 50 0 78 0 82 0 85 0 92 0.6 95 0.4 99 0.8 
7811 1 0.4 13 1 19 1 44 0.4 64 0.7 74 0 88 0.3 98 0 
7817 6 1 16 1 21 0 23 0.3 34 1 49 0 59 0.3 73 0.3 84 1 86 0.9 
7901 97 0.8 
7911 15 0.4 25 1 48 0.4 49 0.9 59 0.3 65 0.7 66 0.9 69 0.6 78 0 96 0.4 
8103 97 0.7 
8142 15 0 20 0.5 36 0.5 48 0.5 54 0 59 0.3 65 0.4 66 0.6 81 0.3 89 0.8 
8154 22 0.7 41 0.4 
8183 89 0.7 95 0.5 
8243 20 0.4 44 1 51 0 80 0 97 0 98 0.5 
8344 16 1 22 0.8 27 0.8 31 0.7 58 0 80 0.8 
8366 16 0.9 54 0.8 63 0 
8418 16 0.6 19 0 24 1 26 0 69 0.5 
8467 2 1 13 0.7 38 0.4 40 0 46 0.5 51 0 61 0 68 0.9 79 0 87 1 
8708 13 0.4 19 0.7 22 0.6 23 0 37 0.5 48 0.3 81 0.6 91 0.6 
8752 8 0 9 1 23 0.9 35 0.4 39 0.4 51 0.3 
8805 19 1 79 1 96 0.3 
8856 1 0.8 4 0.9 21 1 23 0.9 25 0.8 56 0 62 0.7 67 0.3 68 0.5 84 0.9 
9009 0 0 15 0.3 31 0.5 99 0.6 
9205 16 0.5 20 0.8 22 0.7 37 0.7 41 0.9 45 0.9 62 0.5 
9706 19 0.3 36 0.4 53 0.8 55 0.3 67 0.5 75 0.8 78 0 92 0.4 
9717 25 0 38 0.5 44 0.3 53 0 61 0.5 67 0.6 72 0.5 85 0 91 0.7 96 0.5 
9841 3 0.5 43 0.8 48 0.9 58 1 64 0.7 76 0.5 79 0.4 83 0.7 91 1 
9932 9 0.6 36 0.4 98 1 
