100
55 29 0.9 47 0.7 82 0.3 
82 52 0 60 0.5 70 0 75 0.5 
281 0 0.8 4 0.9 5 0 27 0 30 0.3 38 1 46 0 63 0.7 
338 15 0.6 22 0.4 34 0 47 1 48 0 68 0 78 0 
478 57 0.3 62 1 81 0 
480 13 0 26 0 33 0.4 62 1 88 0 94 0.4 
486 51 1 54 0.7 
496 4 0 43 0.6 45 0 48 0.8 
520 15 0.5 35 0.7 50 0 
532 4 0 74 0.6 85 0.9 
612 7 0.6 22 0.6 37 0.3 38 0.7 41 0.8 45 0.7 66 1 
618 1 0.4 10 0.6 47 0 
621 37 0.8 44 0.8 47 0.9 56 0.4 75 0 93 0.3 
725 6 0 32 0.8 38 1 70 0.3 97 0.7 
729 28 1 40 0.9 45 0 
848 40 1 62 0 68 0.3 70 1 74 0.4 76 0.9 79 0.7 93 0.7 95 0.6 
906 0 0.8 6 1 30 0.7 34 0.7 35 0.7 37 0 39 0.9 66 0.7 67 0.7 81 0.3 
1088 10 0.8 37 0.4 45 1 47 0.4 52 0 54 0 61 0.7 65 0.4 69 0.9 78 0.8 
1387 19 0.6 36 0.5 41 0 73 0 78 0 92 0.3 94 0.6 99 0.3 
1419 12 1 
1434 5 0.4 6 0 
1448 0 0 23 0.6 45 0.5 46 0.4 51 0.9 79 0.9 95 0 
1548 16 0 34 0.6 64 0 89 0 90 1 
1677 23 0.6 41 1 
1725 52 0.5 55 0.6 56 0.5 64 0.3 
1728 2 0.4 12 0.9 22 0.9 40 0.4 80 1 91 0.8 
2058 3 0.8 9 0.5 14 1 15 0 18 0.9 24 0.6 26 0.6 34 0.6 48 0 58 0.3 
2100 1 1 28 0.4 42 0.3 48 1 49 0.9 64 0.6 88 0 90 0.7 93 0.7 
2118 4 0.3 
2290 14 0 24 0 64 0.9 
2485 1 0.8 56 0.9 59 0.6 63 0 
2580 3 0.7 48 0 59 0.6 61 1 67 0.4 75 0 78 0.9 92 0.5 
2626 8 0 13 0 19 0 22 0 25 1 32 0.3 85 0.4 94 0 
2690 11 0 24 0.3 35 0.8 39 0.5 51 0.5 62 0 78 0.4 82 0 
2693 2 0.3 4 0.3 8 0.9 23 0 54 0 57 0 68 0.4 70 0.8 89 0.9 91 0.5 
2998 9 0 11 0.7 13 0 62 0 86 0.7 91 1 
3254 34 0 66 0.4 79 0 93 1 96 0 
3350 90 0.4 
3443 52 0 60 0.3 70 0.9 76 1 
3473 14 0 17 0 36 0.9 68 0.3 74 0.7 80 1 97 0 
3671 5 0.6 11 0 18 0.5 47 0.5 57 1 66 0.5 86 0 96 0.6 
3813 3 0.7 7 0 53 0.8 58 0 60 0 69 0.4 72 0.7 
3852 17 0.9 26 0.7 29 0.8 69 0.3 81 0 92 0.3 95 0 
3862 1 1 36 0.8 76 0 91 0 
4037 16 0.6 32 0.8 37 0.8 43 0.8 72 0.9 81 0 82 0 84 0 
4127 22 1 43 0 47 0 51 0 61 1 68 0.8 71 0.4 
4134 4 1 18 0.8 40 0.5 43 0 54 0.4 59 0.4 81 0.8 83 0.9 87 0.7 90 0.9 
4280 3 0.9 32 0.6 39 0.7 94 0.7 
4304 24 0.9 41 0 51 0 66 0.3 80 0 
4490 9 0.8 37 0.3 
4643 1 0 6 0.6 14 0.5 20 0.4 23 0 53 0.7 66 0.3 
4720 18 0.4 85 0.3 
4784 13 0.6 51 0.8 75 0 85 0.3 
4833 20 0.5 24 0.3 38 0.3 90 0 93 0.3 99 0.3 
5159 75 0.7 
5549 2 0.9 8 0.6 55 1 
5675 24 1 27 0.5 71 1 78 0 
5798 29 0.7 54 0.4 57 0.4 61 0 91 1 
5819 7 0.6 98 0 
5864 15 0.5 37 0.3 
6362 47 0.3 50 0.7 56 0 57 0.6 60 0.4 65 0.5 82 0 84 1 
6378 4 0.7 
6449 32 0.7 83 0.7 
6628 12 0.6 41 0.4 49 1 90 0.7 92 0.3 
6679 9 0.5 20 0 58 0 70 0.5 
6722 3 0.5 5 0.7 25 0.6 38 0.6 41 1 46 0 76 0 77 0.3 
6918 2 0 20 0.5 26 0.9 36 0.5 47 0.7 56 0.4 60 0.4 
7054 26 1 39 0.7 43 0 44 0.7 51 0 53 0 55 0 61 0 78 0 91 0 
7119 29 0.9 35 0.3 38 0.8 61 0 
7198 14 0.7 26 0.8 30 0 53 1 75 0.6 80 0.9 89 1 99 0.3 
7204 33 0.6 36 0.6 49 0 76 0.8 
7247 3 0.4 14 0.4 29 0.6 48 0 84 0.7 94 0.4 
7370 10 0 12 0.9 26 0 39 0.6 54 0 56 0 70 0.7 78 0.7 82 1 
7418 2 0 9 0 37 0.8 50 0.5 56 0.7 61 0 62 0.3 64 0 65 0.4 75 1 
7515 11 0.7 12 0.5 41 0.3 47 0 50 0.6 56 0.5 63 1 85 0.3 97 0.7 
7544 4 0 
7607 46 0 59 0 65 0 96 0.3 
7618 3 1 8 0.7 19 0.9 24 0 28 0 37 0.3 54 0.3 65 0.7 68 0.8 94 0.4 
7659 35 0 44 1 54 0.7 56 0.7 60 0.4 74 0 80 0.6 86 0 
7765 15 0 33 0.4 37 0.5 45 0.7 54 0.9 77 0 91 0 95 0.6 
7941 6 0.4 10 0 13 0.9 18 1 23 0.8 54 0.4 62 1 66 0.8 88 0 97 0.3 
7959 18 0.5 25 1 34 0.9 70 0.3 75 0.6 77 0.5 78 0.4 81 1 89 0.5 98 0.5 
7999 3 0.5 8 0.8 14 0.8 20 0 31 0 69 0.8 82 0 
8069 0 0 21 0.5 48 0 50 0.3 68 0 89 1 
8222 15 0.6 32 0.4 48 0.9 66 0 69 0 81 0 
8332 22 0.6 35 0.9 
8455 89 0 
8577 4 0 12 0.7 28 0.3 42 0 47 0.9 67 0 75 0 84 1 90 0.4 93 0.4 
8636 4 0 12 0 73 0.7 
8657 0 0.7 26 0 40 0.9 42 0 49 0 70 0 85 0 89 0.4 
8938 18 1 
8943 10 0.3 13 0.4 14 0.4 28 0.9 42 0.3 57 0 71 0 78 0.8 85 0.6 90 0.7 
9272 19 0.5 20 0.3 32 0.3 
9379 19 0.4 
9406 24 0.8 28 0.4 53 0.4 67 0 80 1 81 0.5 85 1 95 0.4 96 0 
9414 7 0.7 9 0.3 12 1 
9735 10 0.5 24 0.3 33 1 62 0.6 68 0.5 80 0 87 0.6 
9844 21 0.7 25 0 27 0 34 0 46 0.5 51 1 76 1 
9927 47 0 
9982 23 0.9 39 0 69 0.7 88 1 91 0.3 93 0 94 0.7 
