100
73 28 0 84 0 
91 14 0 57 0.7 90 0.5 
307 29 0.5 57 0.5 
331 18 0.6 21 0 28 0.7 52 0.4 57 1 61 0.4 84 0.4 95 0.5 
386 5 0.5 17 0.5 55 0 68 0 76 0.5 78 0 88 0.4 
417 19 0.5 23 0 33 0.6 35 0.9 41 0.6 42 0 60 0.5 62 0.8 73 0.9 77 0 
431 43 0.3 
469 46 0.4 49 0 71 0.7 83 0.5 
517 2 0.3 6 0 18 0 19 1 34 0 46 1 77 0.8 86 0.8 98 1 99 0 
518 90 0.3 
522 11 0 34 0.9 53 0.8 67 0.7 
568 9 0.6 18 0 40 0.5 
762 43 0.9 75 0.5 99 0.8 
829 10 0.7 17 1 25 0.4 36 0.4 53 0 70 0.8 80 0.5 
835 5 1 96 0.5 
845 25 0.8 
987 34 0.6 44 0.4 46 0 52 0.4 55 0.7 56 0 66 1 
1014 27 0.4 64 0.4 
1015 13 0.9 
1024 9 0 18 0.6 29 0.7 33 0.6 81 0.9 99 0 
1034 7 0 33 0 34 0 46 0.8 73 0.6 
1055 21 0.4 45 1 
1074 12 0 20 0.5 46 0 62 0.3 
1182 34 0.9 
1205 14 0 15 0.4 20 0.5 27 0.4 33 1 36 0 78 0.6 80 0.9 99 0.8 
1288 61 0.4 77 0.5 
1511 22 0.9 40 0.9 55 0.9 56 0.4 58 0.8 67 0.5 97 0 98 0.3 
1558 29 0 30 0.8 38 0.4 47 0 48 0 52 0.8 56 0.3 60 0.3 63 0 87 0 
1676 10 0.8 38 0.7 46 0 47 0 48 0 87 0 98 0 
1850 4 0.4 12 0 34 0.6 38 0.6 48 0.5 59 0.9 61 0.3 74 0.4 87 0.8 
1952 12 0.4 16 0.5 19 0 74 0.8 84 1 88 0.3 
1958 9 1 60 0 94 0.3 
2012 2 0 7 1 8 0.7 25 1 28 0.5 58 0 63 0.6 89 0.8 
2115 4 0.9 7 0.5 32 0.7 45 0.4 59 0.3 84 0.3 85 0 89 0.8 94 0.4 99 0.7 
2180 22 1 28 1 33 0 68 0.9 78 0 
2336 1 0.3 4 0.6 6 0.4 18 0.4 40 0 50 0.9 71 0 78 0.9 88 0 92 0.3 
2356 65 0.9 70 0.8 
2525 0 0.7 39 0.5 
2547 15 0.4 92 0.7 98 0 
3017 54 0 60 0 75 0.5 90 1 
3044 42 0.9 44 0.5 52 0.5 56 0.6 60 0.5 71 0.4 78 0 
3150 4 0.6 23 0.6 49 0.8 65 0.4 72 0 75 0.6 89 0.6 98 0 
3211 37 0 
3322 6 0.3 19 0 25 0 29 0.7 61 0 74 0.4 81 0.4 89 0 95 0.3 99 0 
3488 3 0 43 0.7 44 0 
3765 39 0.7 40 0.3 51 0 89 0.9 
3818 1 0.3 4 0 33 0 36 0.4 71 0.4 78 0.6 94 1 95 0.4 
3936 3 0 4 0 6 0 21 0.7 24 0.9 76 0.4 77 0.4 92 0 
4099 14 0 16 0 33 0 34 1 38 0.9 62 0.8 63 0.3 69 0 89 1 
4153 14 0.8 36 0.8 38 0.7 43 0.4 51 1 78 0 
4166 6 0.7 37 0 39 0.4 46 0.6 66 0.5 76 0.6 86 0 88 0.3 95 0.7 98 0.4 
4210 1 0.9 83 0 98 0 
4602 0 0.3 39 1 60 0.8 61 0.4 
4614 9 1 13 1 25 0.7 33 0.7 36 0 43 0 46 0.9 53 0 57 0.8 58 1 
4619 7 0 20 0.3 33 0.5 51 0.4 53 0.5 57 0 77 1 
4652 0 0.7 1 0.4 12 0.7 17 0.8 33 0.4 39 0.8 91 0 
4836 4 0.9 30 0.5 34 0.6 39 1 49 1 54 0 68 0.8 95 0 
5049 7 0.6 15 0.6 48 0 71 0.7 73 0.5 77 0 
5065 10 1 25 0.9 37 0.6 53 0 68 0 
5140 27 1 42 0 45 0 52 0.4 
5170 4 0 27 0.5 40 0.8 64 0.9 
5252 6 0.6 19 0.3 60 0.6 
5268 29 0 81 0.6 
5323 3 0 31 0 40 1 43 1 51 1 65 0.7 73 0.9 76 0.6 99 0 
5671 12 0.7 40 0.4 50 0 57 0.7 93 0.6 
5828 12 1 24 0.3 35 0.6 39 0.4 53 0 65 0.6 74 0.3 
5972 44 0 87 0 91 0.5 
5998 20 0 
6051 39 0.7 50 0.4 53 0 65 0.4 68 0.6 95 0.7 
6190 0 0.4 15 0 47 0.8 54 0.4 69 0.3 86 0.9 88 0 98 0.8 
6224 70 0.5 78 0.6 89 0.8 
6240 78 1 
6366 42 0.6 
6496 10 0.7 85 0 
6650 0 1 17 0.4 19 0.4 
6661 37 0 41 0.4 78 0 81 0.4 87 0.4 96 0 
6797 2 0 20 0 36 0 37 0 42 0 56 0 80 0.8 85 0 88 0.5 94 0 
7096 10 0.8 26 0.5 38 0.8 44 0.7 49 1 54 0.6 90 0 91 0.6 
7507 17 0 22 0 27 0.4 64 0 67 0 74 0.3 78 0.3 89 0.8 97 0.6 
7910 35 0.7 56 0 
8263 29 0 66 0.6 74 0 
8399 4 0.6 7 0.4 57 0.9 67 0.4 68 0.5 73 0 85 0.8 95 0.6 
8492 10 1 19 0 30 0 34 0.5 46 0 57 0.8 80 1 83 0 84 0.9 93 0 
8633 7 0.6 33 0.8 45 0.3 52 0.5 53 1 76 0 83 0 85 0.4 
8792 5 0 13 1 14 0.4 21 0.3 25 0.3 37 0.9 47 0.6 81 0.5 
8800 3 1 23 0.3 59 0.8 65 0.4 76 0.5 82 1 83 0.3 95 0.8 
8874 10 0.9 
8892 25 1 37 1 41 0.8 97 0.7 
9007 7 0.7 24 0 32 0 47 0.5 49 0.5 84 0.7 88 0 
9145 33 0.7 38 0.8 86 0 
9387 14 0.8 48 0.7 62 0.9 
9483 55 0.4 60 0.6 65 0 69 0 75 1 76 0.7 
9580 4 0 27 0 54 1 
9614 18 0.3 19 0 22 0 52 0 73 0 77 0.4 
9684 18 1 37 0 75 0.9 77 0.5 82 0.6 95 0.9 
9764 67 0.3 
9921 5 0.3 14 0.3 51 0.8 62 0 63 0 85 0 
9924 7 1 11 1 41 0 45 0.3 72 0.5 97 0.6 
9926 63 0 
9949 13 0 44 0.5 71 0 
