100
197 36 0.8 54 0 72 0.9 73 0.6 91 0.9 
454 51 0.3 
458 1 0 6 0.8 11 0.6 27 0.4 49 1 51 1 56 0.9 71 0 97 0.6 
639 21 0.3 83 0.6 97 0 
679 52 0 71 0.8 82 0.9 
795 64 0 
880 4 0 5 1 49 0.3 54 0 59 0.4 68 0.5 77 0.9 88 0.7 
905 61 0.3 66 1 74 0.4 77 0 85 0 97 0.3 
906 0 0.6 6 0 30 0.3 34 0.6 35 0 37 0 39 0.4 66 0 67 0.6 81 0.9 
1039 4 0.3 15 0.6 61 0.9 
1171 51 0 52 0 69 0.8 
1173 51 0 
1199 7 0.6 20 0.5 24 0.6 25 0 51 0.8 76 0.5 
1296 16 0.9 39 0.9 84 0.4 
1631 19 0.6 75 1 76 0.9 
1687 36 0 
1755 3 0.3 23 0.5 37 0.3 64 0.7 75 0 80 0.9 85 0.7 88 0.9 89 0 98 0.8 
1767 5 0.6 15 1 22 0.8 27 0 35 0 40 1 78 0.5 83 0.9 87 0.3 
1774 50 0.3 
1869 2 0.8 13 0.9 16 0.4 17 1 25 0.7 26 0.5 27 0 49 0.8 70 1 91 0 
1920 12 1 50 0.8 85 0.3 86 0.5 
1980 35 0.9 39 0 56 0.8 62 0.7 65 0.8 71 0.5 90 0.8 95 0.3 
2033 85 0.3 
2064 55 0.9 75 0.8 90 0.6 93 0.6 94 1 
2067 35 1 36 0.9 55 0.8 67 0 79 0.8 
2142 24 0 60 0 89 0 
2370 22 0.6 43 0.9 
2461 2 0.6 5 0.5 18 0 22 0.3 24 0.6 42 0 55 0.4 58 0.7 79 0.9 92 0.3 
2476 89 0 
2565 4 0.8 34 0.4 49 0 50 0.7 66 0 73 0.4 78 0.7 94 0 96 0.5 97 0 
2566 43 0 64 0 79 0.8 
2629 11 0 27 0.4 46 0 75 0 85 0.3 89 0.8 97 0.6 
2645 64 0 
2734 15 0 17 0 19 0 51 0.6 52 0 70 0 84 0.7 
2824 1 0.4 23 0.6 37 0.4 50 0 62 0.3 63 0.7 70 0.3 76 0.3 85 0 89 0.8 
2838 24 0.4 48 0 51 0.9 58 0 63 0.4 69 0.4 92 0.7 97 0.5 
3271 2 0.7 31 0.5 32 0.6 35 0 56 0.3 61 0.3 62 0.6 77 0.8 81 0 
3414 1 0 9 0.6 25 0.7 28 0.8 36 0 56 0.4 69 0 86 1 
3417 13 0.5 
3512 19 0 26 1 39 0.7 82 0 
3595 39 0.4 63 0.5 71 0.7 
3602 18 0.6 
3605 12 0 17 0 21 0 56 0.4 79 0.7 85 1 
3707 35 0.5 46 0.7 64 0.5 66 1 70 0 72 1 90 0 
3799 6 0 11 0.4 13 0.7 14 1 28 0 99 0.6 
4040 13 0.9 52 0.3 54 0 61 0.6 65 0.4 68 0.5 83 0.7 89 0.3 91 0.6 
4065 61 0 71 0.7 
4074 13 0 30 0.4 33 0.4 39 0.9 
4211 24 1 35 0.5 38 0.8 39 0.6 51 0.5 58 0.9 70 0.6 87 0.5 95 0.8 
4293 7 0 36 0 39 0 48 0.4 53 0.5 60 0.4 85 0 91 0 92 0.8 
4420 27 0.9 31 1 38 0.6 54 0.5 71 0.4 79 0.7 88 0.8 
4431 43 0.9 72 0 73 0 78 0.4 85 0.8 90 0.7 
4497 8 1 9 0.6 16 0.5 43 0.5 64 0.3 86 1 87 0 89 0 97 0.7 
4543 28 0.7 45 0.8 50 0 65 0 87 0.7 91 0.9 
4804 28 0.7 36 0.9 44 0.6 64 1 73 0 99 1 
4827 5 0 38 0.7 43 0.7 57 0.9 62 0.9 72 0.6 
4853 25 0 51 0 90 0.8 
4920 0 0.5 5 0 16 0 26 0.7 30 0.6 36 0.3 66 0.7 68 0.9 86 0.5 98 0 
4922 20 0.6 79 0.3 90 0.7 
4956 6 0.4 11 0.7 46 0 65 0 96 0.9 
4971 28 0.4 45 0 54 0 61 0.7 65 1 
4984 26 0.7 44 0.7 
5201 63 0 89 0.5 95 0.6 
5384 2 0.8 
5395 16 0.7 20 0 39 0.3 50 0.9 51 0 62 0 67 0.3 
5754 7 0.3 20 0.5 47 0.8 88 0.5 
5852 40 0 41 0 
5889 30 0.4 41 0 50 0.9 54 0.5 61 0.8 64 0.3 67 0.3 
6029 20 0.8 81 0.5 96 0 
6042 62 0.4 84 0.8 88 0.6 
6217 93 0.7 
6375 11 0 23 0 36 0 40 0.7 44 0.9 74 0 78 1 83 0 
6420 64 0.6 
6495 16 0.6 54 0 91 0.9 95 1 
6653 25 0.9 77 0.8 80 0.5 
6888 64 0.7 
6982 21 0.7 35 0.8 42 0.9 46 0.7 47 0.5 56 0 72 0.8 76 0.9 86 0.6 90 0.6 
7249 27 0 55 0.6 56 0.5 70 0 86 0 91 1 95 0.5 
7318 1 0 12 0.8 
7361 2 0 63 0.5 81 0 89 0 95 0.9 
7396 2 0 9 0.4 13 0 25 1 77 1 80 0 87 0.6 89 0 
7672 17 0 23 0.4 31 0.7 43 0 56 0.4 75 0 77 0.5 
7727 0 0.9 21 0.5 46 0.8 51 0 93 0.5 
8229 0 0 7 0.6 13 0.5 22 0.7 29 0.3 34 0.4 90 0 
8276 16 0.4 22 0.8 45 0.3 70 0.6 79 0.4 80 0.3 95 0.6 
8404 7 0.6 10 0.5 13 0.6 22 0.5 53 0.3 71 0.9 81 0 82 0.3 
8440 4 0.3 7 0.9 17 0.6 43 0 45 0.9 48 0.6 49 0.9 62 0 78 0.4 90 1 
8554 52 0 
8613 2 0.9 20 0.4 27 0.9 31 0 58 0 64 0.4 69 0.3 74 0 75 0 94 0.5 
8704 19 0.3 35 0.4 87 0.3 
8769 9 0.4 12 0 21 0.6 32 0.9 52 0 66 0 75 1 
8786 10 0.7 13 0 35 0.7 47 0 55 0 71 0.8 89 1 93 0.9 95 0 
9011 3 0.5 6 0.8 31 0.6 45 0.4 52 0 60 0.5 61 0.4 87 0.7 99 0 
9227 19 0.8 26 0 28 0.8 33 0 36 0 51 0.5 73 0.7 77 0.5 80 0.9 98 0 
9637 5 0 18 1 22 0.3 28 0 55 0.8 84 0.9 85 0.7 88 0.6 90 0.9 95 0 
9642 10 0.3 93 0 
9645 6 0 24 0.7 29 0.7 69 0.3 75 0.3 96 0.6 
9730 26 0.7 75 0.5 99 0.4 
9807 63 0.9 98 1 
9900 2 0.9 3 0.5 26 0.7 34 0 56 0 70 0.9 74 0 83 0 94 0 95 0.9 
