100
1 69 0.5 
28 96 0 
223 30 0.8 
235 3 0 14 0.5 22 0.3 26 0.8 51 0.9 53 0.6 62 0.5 63 0 73 1 78 0.6 
310 63 1 96 0.4 
474 6 0.6 40 0.3 
523 25 0.5 60 1 
646 5 0.8 21 0.9 39 1 60 0 68 0.7 72 0 79 0.8 80 0.8 82 0 97 0 
975 1 0 
1170 0 0 19 0 45 0.3 60 0 79 0 80 0.3 84 0 89 1 97 0 
1213 31 0.9 
1269 9 0.4 10 0 14 0.9 47 0.8 50 0.9 59 0.6 90 0 
1312 2 0.5 39 0.7 71 0.4 81 0.6 86 0.5 89 0 
1325 11 0.5 27 0 84 0.5 92 0.3 
1417 47 0 
1630 26 0.8 41 0.5 58 0.3 66 0.4 
1792 10 1 
1874 23 0.5 34 1 42 0.4 47 1 51 0.3 61 0.4 62 0.5 89 0.6 99 0 
1942 15 1 20 0 39 0.3 61 0.9 62 0 65 0.3 79 0.3 
1952 12 0.5 16 1 19 0.6 74 0.4 84 0 88 0.4 
2195 24 0 25 0.4 35 0 67 0 87 0.8 
2211 15 0.3 94 0.6 
2212 20 0 37 0.6 39 0 50 0.3 53 0.3 54 1 75 0 85 0.3 91 1 
2285 79 0 
2362 2 1 5 0 24 0 74 0 81 0.6 85 1 94 0.8 
2412 47 0 77 0.4 87 0.9 
2690 11 0 24 0.4 35 0.7 39 0.8 51 0 62 0.4 78 0.6 82 0.5 
2823 33 0 
2851 12 0 67 0.3 70 0.6 87 0.7 92 0 94 0.6 99 0.3 
2989 21 0 52 0 63 0.5 84 0.5 93 1 
3020 2 0 4 0.5 13 0.4 19 0.4 29 1 37 0 48 0.5 55 0.8 92 0.8 
3077 6 0.7 
3136 7 0.5 8 0.8 17 1 19 0.9 52 0.8 57 0 60 0 72 0.3 77 0 79 0.4 
3244 9 0.7 27 0.3 45 0.4 79 0.8 87 0.9 90 0 
3273 13 0.8 22 0.3 96 0 
3361 4 0.8 11 0.9 15 0 35 0.6 64 0.7 
3362 6 0 15 0 31 0 
3516 12 0.5 13 0 21 0.8 42 1 59 1 60 0.9 68 0.5 69 0.4 79 0 98 0 
3635 0 0.4 5 0.3 14 0.6 20 1 21 0.6 37 0.7 63 1 77 0.5 90 0 97 0 
3766 1 0.8 11 0.5 39 0 42 0.6 49 0 59 0 83 0.3 89 0.3 97 1 
3771 17 0 30 1 33 0.3 73 0.6 94 0.8 95 0 
3794 5 1 17 0.7 43 0 69 0 72 0.6 
3796 10 0 11 0.9 16 0 20 0.8 81 0.4 
3914 2 0.7 6 0.4 13 0.4 35 1 48 0.9 62 0.8 79 0.8 89 0.5 97 0 
4031 68 0.3 
4087 6 0.4 30 0.8 32 0.8 35 0.8 42 0 44 0.6 48 0.4 77 0.8 89 0.6 97 1 
4131 39 0 54 0 
4576 22 0 32 0.8 59 0 61 0.6 92 0 
4594 99 0.5 
4598 8 0.8 11 0.9 40 0 58 0 66 0.6 68 1 81 0.6 
4717 50 0 63 0.4 84 1 
4765 59 0.4 
4767 14 0.7 38 0.3 64 0 98 0.4 
4828 3 0.9 14 0 32 0.6 33 0.3 68 0.9 95 0 99 0.9 
5072 34 0.3 74 0.3 82 0.3 92 0.8 
5080 3 0.7 10 0.3 14 0 30 0.4 39 0 40 1 46 0 50 0.3 63 1 
5144 4 0.4 89 0.4 
5162 35 0.4 
5192 7 0.3 46 0.6 71 0 81 0.3 
5204 33 0.8 44 0.7 51 1 55 1 67 0.5 75 1 90 0 96 0.6 98 0.5 
5366 63 0 65 0.5 82 0.4 
5396 53 0 82 0 
5398 19 0.3 36 0.3 44 0.6 49 0.3 54 1 
5403 3 0 9 0.4 26 0.4 29 1 31 0 67 0.4 69 0.5 87 0.8 
5720 37 0.3 
5728 7 1 23 0.3 
5796 36 1 37 0 43 0 45 0.9 72 0 79 0.5 82 0.3 90 0.7 95 0 
6062 15 0 24 0.9 55 0.7 73 0.5 92 0 
6185 1 0 20 0.9 30 0 31 0 45 0.7 48 1 75 0.3 82 0.3 
6231 0 0.8 7 0 15 0.8 34 0.9 59 0.9 87 0.5 
6415 71 0.5 72 0 
6513 41 0 96 0.5 
6884 6 0 28 0 31 0.7 32 0 40 0.7 62 0.4 73 0 98 0.8 
6933 11 0.3 42 0.6 51 0.5 
6962 4 0.8 18 0 24 0.5 41 1 76 0 
7156 18 0.4 38 0.6 55 0.7 91 1 
7162 24 1 
7177 35 0 53 0.9 63 0 
7254 1 0.9 11 0.4 24 0 28 0 36 0.3 64 0 75 0 78 0.9 94 0.3 95 0.4 
7293 27 0.7 32 0 34 1 37 0 40 0.4 60 0.8 69 0.4 70 0.8 96 0.5 
7393 36 0.3 64 0.7 65 0.9 96 0 
7538 38 0.3 53 0 54 0 67 1 68 0.5 70 1 83 0.4 85 0 90 0.7 
7744 8 0.6 22 0.5 29 0 41 0.7 48 0.4 71 1 78 0 86 0.9 90 0.5 98 0 
7913 1 1 45 0.6 75 1 
8106 4 0.4 26 0 45 0 77 0.6 
8113 69 0.5 
8183 89 0.4 95 0.9 
8212 43 0.5 66 0.3 
8415 14 0.8 19 0.9 23 0.7 30 0 53 0 61 0 67 0 68 1 
9075 17 0.9 
9170 12 0.8 61 0.9 67 1 86 0.8 
9185 15 0.6 28 0.5 32 0 34 0.4 64 0.8 85 0.3 
9484 48 0.4 89 0.4 
9491 1 0 12 0 61 0.3 62 0.6 
9639 14 0.7 20 1 57 1 89 0 
9702 11 0 18 0.5 43 0 78 0.4 
9727 1 0.3 42 0.8 55 1 65 0 74 0 80 1 82 0 99 0 
9742 10 0.4 19 1 32 0.5 50 0.3 68 0 72 0 89 0.3 
9832 14 0.5 20 0 24 0 56 0.3 73 0.6 87 0.4 99 0 
9867 91 0 
