100
136 9 0.4 33 0.5 35 0.8 
206 3 0 46 0.4 75 0 86 0.9 93 0.5 
238 8 0 41 0.7 42 0.9 44 0 51 1 63 1 79 0.4 98 0 
271 8 0 29 0.4 35 0.5 41 0 69 0.8 72 0 
428 27 0 44 1 46 0.9 54 0.8 85 1 
484 35 0.6 49 0.9 52 0.5 81 0.6 95 0.7 
704 0 0.5 24 0.3 83 0.9 85 1 87 0 
732 1 0.6 22 0 26 0.9 38 0.9 40 0.9 72 0.5 84 0.4 92 0.8 98 0.8 
755 28 0.5 33 0.3 85 0.6 92 0.4 97 0 
994 11 0 15 0.5 22 0 43 0.9 45 0.6 47 0.3 51 0.5 66 0.8 94 0.7 
1115 54 0 
1160 51 0.6 62 0.3 69 0 96 0 
1173 51 0 
1306 23 1 33 0.8 48 0.5 55 0.9 57 0.7 74 0.8 81 0.9 94 0 
1309 41 0.7 57 0 71 0.4 78 0.6 82 0 94 0.4 
1430 24 0 38 0.3 47 0.3 55 0.5 56 1 59 1 72 0 74 0.3 79 0 
1512 0 0.6 13 0.5 42 0.6 74 0 75 0 83 0 85 0.4 
1524 3 0.7 51 0.6 63 0.4 64 0.5 91 0.3 
1531 34 1 40 0.9 53 0.9 62 1 64 0.8 72 0.7 92 0.5 94 0.7 
1820 3 0.6 6 0.3 8 0 27 0.8 33 0 34 0 92 0 93 0 97 1 99 0.5 
1943 50 0.7 84 0.5 
1945 17 1 42 0.9 55 1 59 0.6 68 1 80 0.3 81 0.4 95 0 
2055 11 0.3 23 1 34 0.9 39 1 52 0.3 58 0.5 68 0 90 0.5 
2138 7 0.5 40 0.8 78 0.6 
2189 5 0.5 21 0.5 37 0.5 57 0 59 0.3 61 0.9 67 0.7 73 0.8 75 0.5 99 0.7 
2224 6 0.5 23 0 32 0.3 34 0.9 53 1 60 0.6 81 0.4 97 0 
2257 15 0 20 1 25 0 31 1 68 0.5 80 0.6 94 0 
2420 23 0.5 47 0.8 48 0.4 61 0.8 67 0 77 0.6 78 0.3 79 0 99 0.9 
2497 7 0.5 8 0.9 20 0.3 21 0.4 25 0 28 0 49 0 71 0.4 94 0.6 98 0.5 
2499 5 0 23 0.8 28 1 61 0.7 62 0.9 66 0.8 74 0.9 80 0.7 88 0 95 0 
2617 3 0.5 5 0 7 0.9 22 1 23 1 46 0 54 0.6 66 0.7 76 0.4 79 0 
2620 7 0.3 32 0 36 0 44 0.5 55 0.5 62 0.4 80 0.8 92 0.5 97 1 98 0.9 
2775 2 0.8 21 0.9 22 0.9 32 0.4 40 0.8 50 0 64 0 75 0 91 1 
2783 3 0.4 26 0.5 68 0.8 76 0.8 93 0.5 
2904 5 0.5 37 0 47 0 74 0.5 83 0 84 0 98 0.4 
2916 32 0 74 0.6 77 0.3 
3136 7 0.3 8 0 17 0.8 19 0.8 52 0.8 57 0 60 0.8 72 0.8 77 0.3 79 0 
3380 12 0 18 0.5 34 0.6 37 0 38 0.4 41 0.3 69 0.5 85 0.8 86 0.9 98 0.7 
3402 20 0 23 1 37 0.4 40 0.8 42 0.6 59 0.9 73 0.3 80 0.9 91 0.6 
3627 2 0.5 22 0.3 33 0 39 0 41 0.5 52 0 63 0.7 66 0 80 0.9 84 0.9 
3636 30 0 40 0.7 42 0.4 46 0.9 50 0.3 77 0.6 80 0.3 85 0 90 0.8 
3647 7 0.3 45 0.5 55 0 91 0.6 
3674 7 0 
3679 6 0 13 0.4 23 0.6 50 0.7 61 1 62 0.8 63 0.5 69 0.9 97 0 98 0.9 
3714 10 0 17 0.5 70 0.6 
3727 18 0.3 43 0.6 51 0.6 59 0 73 1 99 0.3 
3834 8 1 12 0 21 0.3 43 0 49 0.9 51 1 55 0.9 94 0.8 
3965 7 0.4 37 0 43 0 46 0.3 50 0 55 0.8 78 0.5 83 0 97 0 
4100 10 0.5 35 0.4 36 1 50 0.7 80 0.8 92 0.6 
4154 45 0.3 52 0 96 0.4 
4155 1 0.9 13 1 30 1 59 0.5 65 0.7 85 0.9 
4255 47 0.4 60 0.9 
4446 4 0.8 33 0.5 47 0 53 0.6 58 0 74 0.3 77 0 84 0.7 85 0.5 
4534 3 0.4 5 0.9 6 0 22 0 50 0 76 0.5 85 0.9 94 0 97 0.5 98 1 
4965 27 0.6 29 0.4 31 0.6 41 0.5 50 0.6 52 0.7 60 0.8 72 0.4 92 0 99 0.7 
4978 3 0 14 0.6 26 0.9 43 0 47 0 48 0 60 0.5 68 0.4 75 0.3 81 0 
5030 29 0 
5279 33 0.7 
5412 42 0 
5434 15 0.3 37 1 44 0.6 86 0.6 89 0 93 1 
5686 28 0 37 0 
5822 11 0.8 46 0 69 0.8 85 0.7 99 0 
5848 2 0 21 0.3 38 0 46 0.8 51 0.4 62 1 76 0.6 81 0.6 85 0 90 0 
6141 30 0 38 0.8 40 0 50 0.6 58 0 82 0.8 87 0.4 
6143 32 0.5 35 0 58 0 60 0.4 61 0 76 0 82 1 98 0 
6289 64 0.4 
6353 10 0 26 0.7 69 0.3 85 0.7 
6536 26 1 55 1 
6643 32 0.5 73 1 78 0 
6775 12 0.9 50 0.8 65 0.4 92 1 
6841 13 0.6 15 0.5 46 0.8 54 0.5 60 0.9 73 0.6 86 0.7 90 0 
7123 19 0 22 0.8 65 0 
7178 9 0 40 1 57 0 88 0.5 
7210 16 1 29 0 65 0.8 
7245 25 0 66 0.7 94 0.3 
7325 0 0.8 34 0.9 35 0.4 41 0.6 45 0.9 46 0.4 59 0 84 0.9 98 0 
7339 26 0 43 0.7 
7341 0 0.6 4 0.6 15 1 20 0.8 39 0 45 0 56 0.4 70 0 88 0 97 0 
7377 8 0 23 0.7 28 0.9 37 0.3 
7413 43 0 75 1 
7417 15 0.6 17 0.5 43 0.9 75 0 
7435 96 1 
7532 19 0.8 37 0.5 39 0.7 66 0.3 67 0.7 73 0.9 75 0.3 81 0.5 
7558 6 0.7 19 1 72 0.4 75 0 88 0 
7586 9 1 11 0.6 16 0.4 19 0 32 0.9 79 0.6 98 0.7 
7612 1 0.4 8 0.8 17 0.7 34 0.6 53 0.6 
7645 2 0.6 4 0.9 9 0.9 17 0.9 19 0.9 44 0.6 88 0 
8129 5 0.4 9 0.5 14 0.6 16 0.5 32 0.8 47 0.5 48 0.3 
8280 1 0.8 9 1 26 0.6 29 1 33 0 38 1 66 0.8 82 0.8 
8343 17 0.8 35 0 58 0.3 79 0 85 0.6 
8653 29 0.4 36 0.5 65 1 74 0.5 81 0 88 1 92 0 97 0.6 
8734 10 1 18 0.5 26 0.7 40 0.7 71 0.9 73 0 83 0 85 0.3 87 0.6 
8748 4 0.6 10 0 39 1 71 1 73 0 87 0 91 0.7 94 0.3 
8758 39 0 46 0.4 50 0.9 86 0.5 98 0.8 
9072 3 0.6 12 0.3 15 0.3 21 0.8 27 0 60 1 64 1 73 0.8 81 0.8 
9166 30 1 83 0.6 92 0.7 
9515 5 0.8 14 0.8 19 0.3 22 0.6 37 0 59 0.7 61 1 69 0.4 79 0.5 
9578 6 0.7 12 0 13 1 46 0.7 58 0.3 66 0.4 80 0.9 95 0.9 
9951 3 0.4 10 0 38 0.7 55 1 72 0 90 0.7 91 0.7 
9975 3 1 15 0.8 28 0.7 31 0.3 47 0.7 65 0.3 75 0.7 89 0.8 96 0.3 
