100
9 45 0.9 55 0.7 62 0 83 0.5 87 0 
327 2 0 12 0 18 0.7 33 0.7 65 0.3 94 0 
333 9 0.3 12 0 91 0.6 
422 49 0.3 50 0.9 64 0.5 67 0.5 90 0 
511 26 0 43 0.7 47 0.6 50 0.3 58 0.3 
1031 80 0.4 
1148 1 0.3 4 0 20 0.3 24 0.4 29 0.9 33 0.7 79 0.8 93 0 94 0.4 99 0.5 
1248 6 0.9 45 0 56 0.3 62 0.9 69 0 73 0.7 80 0.8 83 1 87 0.3 88 0.8 
1315 73 0 91 0 
1351 4 0.6 9 0.4 34 0 40 0.5 50 0 65 0 74 0.4 78 0.3 99 0.5 
1422 40 0 
1464 31 0.7 96 0 
1470 21 0.6 37 0 66 0.3 69 0.7 77 0.4 
1494 23 0.7 28 0 43 0.5 53 0.7 
1602 10 0 63 0 
1789 5 0.7 19 0 53 0.9 54 0.8 67 0.6 68 0 84 0.7 88 0.3 89 0 90 0.8 
1907 5 1 8 0.9 40 0.5 64 0 70 0 85 0 89 0.8 94 0.3 98 0.4 
1912 7 0.7 14 0 38 0.3 39 0 67 0.9 70 0.5 71 0.9 72 0.4 88 0 98 0 
1951 16 1 19 1 22 0.5 24 0 29 0 30 0.9 55 0.7 63 0.7 82 0.3 
2040 59 0.7 63 0 65 0 91 0 98 0 
2053 9 0.6 14 0.8 15 0.9 42 0.6 48 1 83 0.9 
2092 11 0.5 15 0.5 39 0.3 51 0.4 67 0.6 70 0 
2111 7 0 32 0.6 55 0.7 57 0.4 62 0.6 73 0.9 
2249 18 0.3 
2273 1 0 22 0 26 0.5 27 0 28 0.6 58 0 67 0.4 72 0.6 81 0.3 88 0.5 
2283 0 0.7 2 0 27 0 38 0 62 0.9 
2334 0 0 10 0.4 19 0 40 0.6 44 0 54 0.5 72 0.8 74 0 79 0.6 85 0 
2357 24 1 56 0.6 59 0.7 68 1 
2385 9 0 20 0.4 79 0.6 80 0.5 
2455 3 0.7 24 1 59 0.5 60 0.6 62 0.3 71 0.8 75 0 80 0 83 0.7 
2554 0 0.9 41 0 57 0 85 1 
2729 24 0 32 0.5 38 0 42 0.9 61 0.5 
2753 13 0 20 0.8 35 0 47 1 52 0 56 0.3 59 0 61 0.3 78 0.3 84 1 
2883 4 0 33 0.6 51 0 83 0 
2974 17 0.7 92 0.3 
3339 0 0 1 0.7 38 0.4 45 0 59 1 70 0.4 89 0.7 
3391 19 0 26 0 42 0.8 50 0.4 60 0.4 67 0.6 70 0.8 
3664 25 0.9 37 0 56 1 74 0.4 
3717 42 0.5 43 0.6 58 1 66 0.3 68 0 71 0.9 77 0.9 
3768 10 0.6 17 0.6 19 0.4 26 0.5 44 0 48 0.9 59 0.8 99 0.9 
3798 7 0.5 16 0 67 0.3 83 0.4 
3896 18 0 75 1 
4113 16 0.3 39 0.5 54 0.5 76 0.4 83 0.4 
4190 7 0 22 1 26 0.4 51 0.3 55 1 84 0.6 98 0.3 
4202 0 1 3 0.7 10 1 22 0.3 40 0.4 62 0.4 
4332 4 0.8 24 0.9 25 0.3 45 0.7 69 0 80 0 95 0.9 
4356 7 1 29 0.6 87 0 
4559 25 0 36 0 59 0.3 63 0.6 69 0 71 0.4 78 0 
4584 5 0.6 8 0.4 46 1 47 0.5 61 0.5 67 0 71 0.7 84 0.3 95 0 
4706 7 0.3 17 0.9 25 0.9 29 0.3 33 0.7 35 0 51 0.5 68 1 69 0.4 91 0.8 
4708 33 0.6 45 0.4 71 0.3 83 0.5 93 0.6 
4785 0 0.6 14 0.3 40 0.6 45 0.7 96 0.3 
4836 4 0.7 30 0 34 0.7 39 0.9 49 0.7 54 0.3 68 0.9 95 0.6 
4931 4 0 10 0 20 0.7 42 0.3 45 1 56 0.6 71 0.9 72 0 74 0 78 0.8 
4987 23 0.6 25 0.9 83 0.8 
5044 5 0.5 53 1 96 0.9 
5115 26 0.9 32 0.3 
5449 10 1 13 0.6 17 0.4 28 0.8 48 0.4 57 0.6 77 0.5 
5878 8 1 35 0 69 0.4 
5913 69 1 
5929 4 0.5 17 0.8 18 0.6 36 0.5 52 0 57 0.9 62 0.7 79 0.7 87 0 90 0.3 
5960 3 0.6 11 0.9 13 0 25 0 29 0.6 41 0 53 0.7 62 0 84 0 90 0.7 
6453 2 0.9 15 0.3 28 0 56 0.7 65 0.9 90 0 96 0 
6473 0 0.7 15 0.3 34 0 53 0 84 0.8 93 0.7 99 1 
6754 61 0.3 87 0 88 0.8 91 0.7 
6775 12 0.8 50 0 65 0.3 92 0 
6798 1 0.5 5 0.9 
7004 25 0.5 93 0 
7014 20 0 29 0.9 52 0.9 63 0.5 69 0 70 0 73 0.9 76 0 80 0.8 96 0 
7108 22 0.7 42 0.9 51 0.5 72 0.4 
7143 12 0 19 0.7 41 0 
7240 1 0.4 21 0.8 39 0.9 57 0 61 0.8 63 0.8 68 0.3 84 0.4 85 0.6 99 0 
7318 1 0.4 12 0.9 
7323 16 0.7 31 0.7 62 0 85 0.7 86 1 91 0.6 
7349 76 0 
7521 35 0.9 44 1 
7813 11 0.4 13 0 70 0.5 
7846 29 0.4 43 0 52 0 85 0.8 
7915 64 0.4 79 0 
8152 85 0.8 
8335 6 0.7 51 0.9 60 0.8 69 0 
8346 0 0.7 1 0.7 23 0 29 0.6 33 0.5 53 0 67 1 78 0.3 80 0 81 0.9 
8354 0 0.5 12 0.8 15 0.7 17 0.5 40 0.8 54 0.3 65 0.7 90 0.7 91 0.9 
8367 0 0.3 10 0 15 1 55 0.6 56 0 88 0.7 90 0.3 
8509 16 0.5 29 1 30 0 57 0.8 88 0 95 0 97 0.7 
8644 89 0.4 91 0 
8748 4 0.4 10 0.3 39 0.5 71 0.6 73 0.8 87 0 91 0 94 0 
8780 11 0.4 13 0.5 18 0.8 20 0.8 25 0.4 34 1 67 0 73 0 75 0.3 99 0 
8846 10 0.8 50 0.4 75 0 
8955 38 0.4 40 0.9 57 0.4 59 0 91 0.3 
8959 6 0.6 10 0.5 16 0.5 36 0.9 46 0 84 0 94 0.7 
9018 2 0.5 15 0 19 0 35 0.7 41 0.3 52 0.6 55 0.7 86 0.4 96 0.6 
9158 1 0 10 0.3 16 0.6 18 0.7 39 1 56 0.5 59 0.4 77 0.8 85 0.8 
9213 14 0 15 0 32 0.9 62 0.3 73 0 78 1 
9344 81 0 85 0.5 
9366 21 0 29 0.6 35 0 44 0.3 65 0.5 67 0.3 78 0.6 79 0 
9384 12 0 20 0 73 0 84 0.5 89 0.8 97 0.6 
9464 8 0.6 58 0.8 
9734 9 0.4 73 0 
9787 10 0 30 0.3 37 0 39 0 47 0 69 0.4 77 0.8 79 0.8 91 0.7 
