100
18 77 0.4 
28 96 0.9 
73 28 0.8 84 0.9 
142 23 0.8 63 0.8 69 0.8 
186 44 0 85 0.4 
229 18 0.6 20 0.3 23 0.3 29 0.3 30 0.8 35 0.5 39 0.6 51 0.7 72 0 
278 40 1 68 0.6 
319 30 0 33 0.8 
435 84 0 90 0.6 
465 20 0 37 0.5 39 0.9 49 0.8 50 0.5 74 0.3 
471 25 0.6 28 0.8 68 0.6 75 0.9 82 0 85 0.8 88 0.4 92 0 98 0.3 
635 1 0.6 3 0 5 0.4 16 0.7 20 0 57 0.7 64 0.5 82 0.5 87 0 
814 21 0.3 27 1 43 0.9 55 0 71 0.9 81 0.7 
884 76 0 99 0.4 
1057 16 0.7 33 1 35 0.6 37 0.6 40 0.5 49 0 50 0.4 59 1 76 0 99 0.6 
1188 6 0 17 0.7 36 0.8 41 0 68 0.9 
1222 10 0.7 13 0 15 0.5 
1256 9 0 11 0 20 0 22 0.7 25 0.9 51 0.7 66 0.9 
1368 23 0 45 0.8 61 0.4 80 0.8 
1642 28 0.9 36 1 66 0.5 75 1 91 1 93 0.6 
1708 45 0.9 52 0.8 73 0 
1872 23 0 53 0.8 
1945 17 1 42 0.3 55 0.7 59 0 68 0 80 0.8 81 0.7 95 1 
2034 16 0.7 18 0.3 46 0.9 66 0.5 76 0 
2174 26 0.7 31 0.8 46 0.3 63 1 86 1 
2282 51 0.8 
2285 79 0 
2434 23 0.4 77 0.7 84 0.3 
2436 30 0 36 0.9 41 0.3 42 0.3 63 0.9 76 0.4 79 0.6 
2549 10 0.3 20 0.5 23 0.4 46 0.9 61 0.7 63 0.7 67 0.3 73 0.5 75 0 85 0.3 
2559 11 0.8 14 0 24 0.7 49 0.6 50 0 74 0.8 99 0.4 
2935 16 0.5 37 0 47 0.4 66 0 71 1 92 0.8 97 1 
3008 1 0.8 3 0 26 0 62 0.9 67 0.8 69 0.7 88 1 89 0.4 
3034 9 0.7 14 0.8 16 1 57 0 87 0.4 95 0.8 
3239 9 1 41 0 96 0.4 
3359 6 0.3 23 0.8 63 0.5 77 0.7 
3729 26 0 40 0.5 80 0.9 
3743 8 0.6 26 0.3 70 0.8 71 0.5 73 0 81 0 92 0 95 0.8 98 0 
3812 15 0.8 16 0.9 49 0.8 52 0 59 0.4 99 0.9 
3853 5 1 66 0 68 1 74 0 83 0 96 0 
3936 3 1 4 0 6 0 21 0.3 24 0.8 76 0.6 77 0 92 0 
3993 12 0.4 22 0.6 26 0.5 27 0 53 1 67 1 89 0.3 90 0 
4102 6 0 15 0 18 0.3 64 0.4 
4114 33 0.4 39 1 46 0.6 56 1 
4233 2 0 5 0.7 12 0 26 0.4 38 0.4 88 0 
4240 9 0 34 0.5 39 0.5 53 0.8 74 0 76 0.7 
4261 0 0 11 0.9 22 0.3 38 0.9 74 0.3 77 0.4 
4403 20 0.3 68 0.5 72 0.4 75 0.6 77 0.3 90 1 
4511 5 0.5 11 0.4 18 0.9 20 0 30 0.3 33 0.6 52 0.7 62 0 
4559 25 0.9 36 0 59 0.6 63 1 69 0.4 71 1 78 0.9 
4583 38 0.9 
4666 15 0 19 1 31 0.9 48 0 58 0.4 65 0.6 75 0.8 80 0.9 81 0 
4683 8 0.3 13 0 17 0.4 24 1 56 0.3 58 0 85 0.5 
4731 10 0.4 37 0 56 0.3 63 1 
4784 13 0 51 0 75 0 85 1 
4788 24 0.6 45 1 58 0.9 
4852 0 0.3 1 0.6 8 0 10 1 21 0.6 32 0.7 56 0.6 59 0 80 0 90 0.7 
5006 17 0.9 18 0.4 37 0.7 48 0.6 49 0.4 58 0 79 0 
5258 0 0.6 16 0.4 38 0.9 41 0.7 69 0.4 76 0.5 78 0.3 94 0 
5285 6 0.9 34 0.6 44 0.8 46 0 50 0.3 53 0 59 0 61 0.7 86 1 
5351 12 0.8 22 0.4 29 0.5 66 0.9 73 0.4 90 0.6 
5426 10 0 19 0.8 27 0.7 39 0.7 65 0 69 0.9 86 0 
5591 18 0.4 30 0.7 39 0.3 46 1 53 0 74 0 83 0.8 94 1 
5843 12 0 20 0.4 52 0 53 0.6 69 0 80 0.3 83 1 88 0 96 0.4 99 0 
5953 1 1 8 0.6 16 0.4 36 0.7 59 1 60 0 61 0.4 73 0 81 0 88 0.3 
5989 1 0.4 3 0 4 0.5 20 0 31 0.5 49 0 55 0 82 0 
6012 17 0.9 26 0.6 89 0.7 90 0.5 
6034 1 0.9 9 0 93 0.7 
6117 59 0.8 
6154 9 0.4 12 1 27 0.3 28 0.7 35 0 73 0.4 78 0.7 
6348 38 0.6 
6430 26 0.5 45 0.8 64 0 
6580 1 0 11 0 14 0 49 0 85 0 86 0.8 88 0 
6652 0 0.9 8 0.9 13 0 28 0.3 37 0 68 0.3 90 0 
6718 41 0 
6724 11 0.4 20 0 31 0 36 1 44 0.3 66 0.4 68 0.5 94 0.8 
6764 9 0.3 59 0.5 62 0.7 
6813 2 0.5 55 0.6 57 0 81 0 84 0.5 90 0.6 
7018 7 1 24 0 30 1 41 0.6 48 0.3 
7220 18 0 19 0 27 0.4 30 0 47 0.3 51 0 68 0 84 0 86 0.7 
7458 81 0.7 
7556 0 0.3 7 0 15 0.8 23 1 73 0.8 79 0.4 88 0.3 96 0.5 
8031 0 1 8 1 15 0 60 1 78 0.5 82 0 
8104 35 0.4 
8311 29 0 49 0.6 52 1 71 0 82 0.5 87 0.6 
8372 3 0.7 6 0 29 0 42 0 80 0.7 82 0 97 0.7 
8426 4 0 5 0.5 9 0.8 26 0.6 59 0.4 66 0 82 0.8 89 0.4 
8655 9 0.5 39 0.4 46 1 62 0.7 86 0.7 
8662 0 0.3 16 0 35 0 65 1 72 0 78 0 98 1 
8790 23 0.4 39 0 45 0 46 0 53 0.6 54 0.4 57 0 63 0.6 68 0.9 
8919 34 0 58 0 86 0.6 
9027 84 0 98 0.6 
9177 23 0.3 62 0.3 81 1 90 0 92 1 
9383 30 0 38 0.3 49 0.5 72 0.8 75 0.8 
9417 2 0.7 13 1 19 0.3 37 0.4 48 0.7 65 0.3 75 0.7 82 0 
9531 10 0 33 0.3 50 0.5 51 0 74 1 88 0.6 96 0.4 
9610 18 0.4 25 0.4 62 1 91 0.8 
9641 22 0 44 0.7 58 0.9 72 0.9 73 0 83 0 92 1 
9758 3 0 6 0 7 0.7 30 0.3 37 0.4 44 1 49 0.4 51 0.6 76 0.8 
9818 18 1 94 0 
