100
37 15 0.3 19 0.6 
40 8 0.3 30 0.6 39 1 42 0.4 44 1 56 0.9 62 1 70 0 84 0.6 87 0 
155 85 0.7 95 0 
331 18 0.7 21 0.6 28 0 52 0.5 57 0.5 61 0.3 84 0.8 95 0 
407 5 0.4 22 0 34 0 38 0 42 0.7 51 0.5 55 0.3 59 0.9 97 1 
460 26 0 35 0.8 53 0.3 67 0.6 70 0.7 93 0.8 98 1 
737 36 0 43 0.9 46 0.6 59 0.3 69 0 90 0 
799 70 0.7 
882 5 0.5 29 0 65 0 
906 0 0.5 6 0.3 30 0 34 1 35 0 37 0.6 39 0.7 66 0.5 67 0 81 0.8 
964 20 0.4 21 0 24 1 53 0.7 66 0.5 72 0.9 77 0 89 0.6 90 0.5 91 0.6 
1124 3 0.4 4 0.9 35 0.4 43 0.3 54 0.5 65 0.4 72 0 81 0.6 84 0 85 0 
1162 9 0.6 20 0.3 28 0.3 39 0.5 53 0.3 62 0.5 95 0.5 
1184 8 0.6 
1188 6 0.4 17 1 36 0.8 41 0.8 68 0.6 
1196 34 0 36 0.4 38 0.6 39 0 85 0.3 90 0.3 98 0.7 
1331 6 0.7 39 0.8 47 0.4 52 0.3 57 0.3 74 0.9 78 0.7 90 0.8 
1345 0 0 2 0.6 7 0.4 11 0 15 0.6 21 0.4 23 1 50 0 62 0 95 0 
1491 2 0.9 11 0.6 14 0.5 19 0.4 54 0.3 58 1 
1550 49 0.8 
1694 9 0.8 17 0 24 1 26 1 56 0.9 63 0.4 67 0.8 75 1 90 1 
1755 3 1 23 0.5 37 0 64 0.8 75 0.5 80 0.7 85 0.8 88 0.3 89 0.9 98 0.7 
1815 3 0 8 1 32 0 64 0.3 65 0.6 72 0.8 81 0.4 86 0.6 92 0 
2022 93 0.8 
2032 17 0 61 0.7 94 0 
2082 14 0.8 20 0.3 23 0.8 28 0.3 35 0.9 63 0 67 0.4 77 0.5 92 0.8 97 0.9 
2117 49 0.9 53 0.3 
2132 9 0.6 16 0 32 0.7 56 0.3 61 0.6 65 1 80 0 81 0 87 0 
2200 22 0.6 30 0.4 68 0.8 
2226 31 1 36 0.6 77 0.5 96 0 
2301 2 0 13 0.5 19 0.3 28 0.4 59 1 60 0 88 0.7 91 0 95 0.6 96 0.5 
2596 0 0 6 0.9 9 0.7 14 0.4 18 1 34 0.3 40 1 65 0 70 0.6 72 0.9 
3067 27 0.7 36 0.5 66 0 69 0.9 79 0.6 91 0 
3188 4 1 8 0 29 0.5 31 0.6 76 0.7 79 0.3 89 0 
3332 12 0 
3345 25 0.6 37 0 43 0 66 0 75 0 89 0.6 
3347 27 0.4 96 0 
3480 5 0.4 
3533 5 0 33 0 90 0.5 95 0.9 
3633 26 0.7 47 0 56 0.7 
3832 7 0.5 19 0.5 21 0.4 45 0 72 0.4 81 0.5 85 0.3 
3891 22 0.4 27 0 46 0.8 49 0.4 63 0 
3902 1 0.6 13 0.9 37 0 
4014 7 0.8 8 0 39 0.7 86 0.8 97 1 
4176 8 0.6 24 0 84 0.5 86 0 89 0.7 91 0.5 93 0.9 
4475 23 0.9 30 0.6 
4562 26 0.5 36 0.4 42 0.7 43 0.3 45 1 62 1 79 0.8 86 0.9 88 0 94 0.5 
4569 94 0.9 
4575 10 0 21 0.5 29 0 41 0.6 65 0.9 85 0.5 
4857 10 0.8 36 1 41 0 78 0.4 
4926 7 0.9 17 0 18 0.6 64 0.5 75 0 78 0.4 88 1 93 0.6 
4961 1 0 16 0.5 18 0.3 35 0.8 39 0 40 0.8 57 0.9 59 0 89 0 91 0 
5002 22 0 58 0 
5066 75 0.5 
5203 33 0 42 0 44 0 46 0.5 60 0.9 93 0.5 
5278 10 0 22 0.9 43 0.9 52 0 54 0 83 0 
5623 20 0 47 1 91 1 
5766 25 0.7 58 0 72 0.5 80 0 82 0 
5780 11 0 14 0.7 39 0.6 48 0 70 0.6 85 0.5 86 0 97 0.8 
5784 3 0.6 17 0 21 0.6 78 0.6 
5832 2 0.7 6 0 24 0.3 34 1 35 0.7 41 0.7 47 0 54 0 
5886 18 0.8 39 0.3 95 0.4 
5895 5 0.9 38 0 65 0.9 84 0 
6016 0 0 48 0.6 74 0 91 0.6 98 0.9 
6101 62 0.4 77 0.5 
6119 32 0.4 
6347 50 1 
6689 5 0 13 0.3 15 0.9 29 1 63 0.9 71 0 87 0.5 88 0.8 91 0.6 
6846 90 0.7 96 0 
6898 27 0.4 35 0.9 41 0.8 47 0.4 50 0.7 62 0 99 0.5 
6901 0 0.3 6 0 8 0.9 12 0.5 50 0.9 56 0.7 57 0 78 0 88 0.6 
7113 38 0 
7120 8 0.8 40 0.8 45 0 62 0.4 93 0.4 
7144 13 0 72 0 
7504 29 0.5 62 0.4 80 0.7 
7569 6 0.5 9 0 13 0.5 18 0.9 38 0.8 48 0 
7794 0 0.5 2 0 28 0.6 67 0.9 93 0.3 
8054 1 0.8 6 0 23 0 34 0.3 40 0.4 44 0 45 0.4 65 1 82 0.5 94 0 
8073 24 0.5 37 0 38 0.6 44 0.8 70 0.4 87 0.4 
8268 3 0.6 15 0 43 1 51 0.3 77 0 89 0.3 
8291 80 0 85 0.6 
8311 29 1 49 0.5 52 0 71 0.6 82 0 87 1 
8352 39 0.7 
8403 3 0 10 0 25 0.8 38 0.8 48 0.6 61 0.3 72 0.7 73 0.4 92 0.7 96 0.9 
8465 20 0.3 34 0 40 0.3 71 0.4 97 0 98 0.4 
8510 41 0 51 1 54 0.9 59 0.6 89 0 91 0 95 0.4 
8779 10 0.3 14 0.6 24 0 25 0.8 35 0.6 37 0 55 0 84 0.6 87 0.6 
8787 24 0 78 0 
8855 24 0 
8878 4 0 5 0.9 25 0 36 0.4 42 0.8 43 0 80 0.9 82 0 89 0.5 90 0 
8914 2 0.8 22 0.8 30 0.4 40 0 50 0.3 52 0.9 53 0.7 63 0.3 69 0.4 90 0 
9138 31 0 58 1 70 0.8 
9370 65 0 78 0 
9436 4 0.7 15 0.6 25 0 53 0.4 61 0 67 0 75 0.6 
9520 19 0.3 33 0.5 50 0 69 0.6 82 0.5 
9584 11 0.7 52 0.3 69 0.4 79 0.7 92 1 
9612 9 0.6 26 1 47 0.5 51 0.7 53 0 55 1 65 0.3 69 0.4 77 0.8 
9622 3 0.7 5 0.3 20 0.7 27 0.9 30 0.7 32 0 50 0.3 56 0 81 0.3 85 0.7 
9729 25 0 38 0 58 0 59 0 68 0.7 69 0.8 76 0.8 80 0.5 
9843 0 0 4 0.6 6 0.5 28 1 40 0.7 45 1 50 0.5 72 1 73 0 76 0 
