100
116 5 0.5 13 0.5 23 0.6 48 0.8 89 0.6 96 0 
599 80 0.9 83 0.8 
615 18 0.8 34 0.4 51 0.6 63 0 79 0 85 1 
628 11 0.3 45 0.4 61 1 65 0.4 
914 3 0 29 0.6 34 0.6 62 0.4 64 0.5 92 1 
1079 4 0.3 15 0.4 22 0.5 33 0.4 59 0 94 0.6 
1089 2 0.9 6 0 23 0.5 26 0.6 42 0.4 78 1 85 1 87 0.5 95 1 
1093 25 0 35 0 
1151 53 0.8 
1189 1 0 5 1 10 0.3 37 0.6 41 1 78 0.8 
1239 20 0 26 0.7 40 0.8 74 0.3 95 1 
1251 30 0.4 
1286 38 1 52 0.3 75 0 83 0.7 87 0 98 0.8 
1556 14 0.3 45 0.5 65 0 86 0.8 
1665 30 0.5 45 0.4 50 0.6 87 0 89 1 
1676 10 0 38 0.7 46 0.4 47 0 48 0.7 87 1 98 0.8 
1780 6 1 
1809 10 0.5 40 0 66 0.5 
1858 32 0 
1920 12 0.7 50 0.3 85 0.9 86 0.5 
1994 95 1 
2113 3 0.3 4 0.7 6 0.5 22 0 28 0 35 0.8 57 0.9 65 0.5 72 0 92 1 
2147 2 0.4 11 0.4 13 0 25 0.4 44 0.8 55 0.8 63 0 68 0 94 0.4 
2152 3 1 72 0 
2233 8 0 42 0 48 0.6 58 0.4 61 0.4 75 0.6 94 0 
2328 9 0.7 10 0.8 20 0 24 0.7 27 0.9 55 1 66 0.5 
2469 0 1 3 0.4 60 0.3 
2476 89 1 
2571 23 0 25 0 33 0.7 45 0.9 54 0.7 65 0.8 66 0 75 0.3 88 1 
2623 4 0 29 0.6 
2822 33 0.5 34 0 51 0 
2935 16 0.5 37 1 47 0.6 66 0.3 71 0 92 1 97 1 
3000 13 0 42 0.5 45 1 73 0 97 1 
3258 7 0.8 14 0.8 21 0 41 0.8 60 0.7 78 1 81 0.5 88 0.9 89 0 98 0.7 
3318 12 0.3 55 0 56 0.6 57 0.7 66 0.5 82 0 90 0 
3416 5 0.7 53 0.5 55 0 63 0.9 71 0.3 72 0.3 74 0.9 75 0.4 87 0.7 
3469 4 0.9 11 0.9 16 0.7 23 0.9 44 0 64 0 77 0.9 83 0 91 0.5 
3536 3 0.3 54 0.3 83 0.6 84 0 99 0.5 
3585 6 0.3 20 0.4 
3729 26 0.6 40 0.3 80 0.8 
3827 58 0.8 
4186 7 0 18 0.4 41 0.4 51 0.5 71 0.5 72 0.8 78 0 80 1 82 0.7 94 0.7 
4240 9 0.3 34 0 39 0.9 53 0.6 74 0 76 1 
4454 32 0.8 95 0.7 
4476 36 0.6 37 0.9 83 0.8 86 0.3 
4498 24 0 40 0 
4669 39 0.5 73 0.3 91 0 
4735 41 1 97 0.6 
4876 22 0.3 26 0.4 29 0.6 42 0.9 64 1 73 0.6 93 0.4 95 0.6 
4881 0 0 11 0 15 0 17 0 20 0.6 50 0 60 0.9 76 0 98 0 
4944 5 0 22 0 24 0.8 39 1 47 0 59 0 66 0.9 82 0 89 0.5 93 0.8 
5039 15 0.3 16 0.3 17 0.8 26 0.7 38 0.9 47 0 56 0.5 67 0 85 0.8 96 0.3 
5094 0 0.4 45 0.8 46 0.5 
5284 11 0.4 46 0.7 70 0.7 73 0.3 97 0.6 
5334 13 1 25 0 27 0.3 37 0.8 42 0.5 51 0 94 0.3 
5455 21 0.9 73 0 80 0 
5496 28 0.5 71 0.8 
5510 24 0.9 81 0.3 96 0 
5703 9 1 99 0.3 
5729 28 0.4 49 0.5 
5957 6 0.7 9 0 16 1 27 0.9 60 0 97 0.3 
6264 8 0.7 33 0.9 40 0.7 54 0 73 0.8 77 1 78 0.7 80 0.6 95 0.3 
6325 20 0.4 35 0 51 0 
6981 0 0.9 1 0.6 16 0.5 17 0.9 24 0.9 41 0 51 1 57 0 68 0.7 87 0 
7148 15 0.5 23 0.3 27 0.5 64 0.4 74 0.4 76 0 89 0 
7168 2 0.5 7 0 17 0.6 39 0.9 68 0.6 85 0.6 
7293 27 0.8 32 0 34 0 37 0.6 40 0.8 60 0.7 69 0 70 0.5 96 1 
7349 76 0 
7379 13 0.8 
7450 11 1 21 0.6 
7459 15 0.4 20 0 28 0.9 55 0.5 60 0 82 0.8 96 0 
7479 3 0.8 9 0.8 35 0 50 0 54 0 55 0.5 59 0.7 76 0.7 
7670 35 0.7 41 0.3 42 0.4 66 0.9 67 0 70 1 
7703 6 0.4 13 0.8 20 0 23 0.4 68 0.4 74 1 77 0 83 0 84 0.3 94 0.8 
7749 47 0.9 50 0.6 54 0.7 87 0.9 
7804 1 0.8 11 0 28 0.4 38 0.5 54 1 75 0.4 82 0.3 92 0 
7810 7 1 45 0.8 53 0 67 0.9 70 0.6 77 0.5 99 0.6 
7993 8 0.7 26 0.6 29 0.9 70 0.3 75 0 78 0.3 92 1 
8010 9 0.4 32 0.8 54 0 72 0 
8130 93 0.6 97 0.6 
8153 17 0 35 0.7 46 0 73 0.7 92 0.9 
8257 2 1 3 0.9 22 0 56 0 65 0 66 0.8 70 0 79 0 
8632 6 0.7 17 0 27 0 49 0 69 0 79 0 96 0 98 0.7 
8682 5 0 8 0.5 30 0.7 45 0 73 0.3 99 0 
8749 0 0.9 6 1 11 0 53 0 
8797 14 0.3 28 0.9 43 0.4 58 0.6 89 0 
8974 7 0.9 8 0.3 19 0.5 29 0 49 0.7 53 0 54 0.6 68 0.9 82 0.4 94 0 
9330 10 0.4 16 0.7 37 0.3 42 0 46 1 55 0.4 72 0.9 
9392 23 1 56 0.8 65 0.8 76 0 83 0.9 
9461 0 0.7 8 0.7 41 0.8 52 0.5 62 0.6 72 0.9 84 0 92 0.9 95 0 
9480 6 0 33 0.8 36 0 50 0.6 58 0.7 59 0.6 86 0.3 93 0.7 
9504 28 0.9 37 0.3 46 0.6 50 0.6 52 0.9 55 0.6 57 0 79 0.8 93 0.6 
9571 8 0.7 12 1 17 0.7 32 1 34 0.8 51 0.5 53 0.3 71 0.8 
9643 4 0.8 24 0.4 65 0.7 74 1 84 0 
9735 10 0.7 24 0.4 33 1 62 0.4 68 0.9 80 0.3 87 0 
9800 17 0.7 18 0.5 27 0 37 0 87 0.5 96 0.7 
9852 8 0.5 10 0.3 15 0.5 17 0.6 34 0.7 37 0.3 45 0.6 71 0 80 0.5 96 0 
9880 0 0 1 0.7 9 0.9 16 1 20 0.3 71 0 86 0 91 0.7 98 0.5 
9891 3 0 4 0 16 0 28 1 39 0.6 68 0.4 85 0.8 
9942 41 0.8 81 0.4 
