100
9 45 0 55 0.4 62 0.9 83 0 87 0.3 
47 0 0 11 0.9 39 0.5 48 0.9 
103 41 0.9 68 0.6 73 0.3 90 0.3 91 0 93 0.8 
133 41 0.6 
189 4 0.6 89 0 
403 74 0.4 
432 1 0.3 14 1 29 0.9 32 0.7 78 0.9 80 0 85 0.4 87 0.6 92 0.7 
455 0 0 6 0.3 41 0.4 53 0 73 0.6 79 0 80 0 
516 6 0.4 13 0 25 0 61 0.4 66 0 77 0 
591 4 0 24 0.5 66 0.9 78 0.4 
711 3 0 19 0.9 31 0 51 0.7 56 0.8 71 0 72 0 76 0.4 85 0.9 93 0.3 
914 3 0.9 29 0.7 34 0 62 0 64 0.3 92 0.7 
1077 24 0 44 0.4 49 0 52 0 65 0 68 0.9 76 0.9 83 0.8 90 0 95 0.9 
1122 1 0 8 0.4 11 0 13 0.6 15 0 
1170 0 0 19 0.6 45 0 60 0.4 79 0 80 1 84 1 89 0.5 97 0.9 
1202 2 0.6 9 0.5 15 0.8 18 0.8 34 0.3 75 0.6 76 0 77 0.8 93 0.6 
1240 7 0.7 14 0.3 27 0.4 30 0.9 39 0.9 57 0 66 0 71 0.9 
1249 50 0.7 52 0 
1294 6 0 14 0.7 62 0.6 78 0.5 87 0.9 90 0.3 
1356 4 1 14 0.4 23 0 38 0 40 0.8 62 1 64 0.8 71 0 82 1 
1601 42 0 48 0.8 57 0.8 
1648 24 0.7 30 0.7 34 0.5 40 0.4 42 0.9 55 0.8 75 0 83 0.5 92 0 
1784 53 0.4 93 0.5 95 0 
1801 30 0.3 34 1 42 0.4 44 0.8 52 0.5 53 0.4 73 0.7 80 0 
1818 4 0.4 58 0.6 98 0 
1859 13 0.4 16 1 41 0.6 59 0 79 0.9 85 0.7 
1887 22 0.4 35 0.6 44 0.6 85 1 87 0.4 
2001 5 0.7 11 0.5 35 0.8 
2076 5 0.4 6 0.4 25 0.6 30 0.3 38 0 43 0.3 77 0.9 90 0 94 0 
2083 0 1 8 1 31 0 38 0.4 50 0 51 0 57 0.5 71 0 81 0.8 
2132 9 0.8 16 0 32 0 56 0.4 61 0.3 65 0.3 80 0.3 81 0.6 87 0.5 
2301 2 0.9 13 0.4 19 0 28 0.6 59 0.8 60 0.3 88 0.6 91 0 95 0 96 0.4 
2427 90 0.8 
2583 0 0.7 6 0 16 0.9 64 0.9 65 0 
2684 18 0.7 
2753 13 0 20 1 35 0.8 47 0.5 52 0.5 56 0 59 0 61 0 78 0 84 1 
2790 7 0.7 36 0.3 45 0 51 1 55 0.7 62 0.3 77 0.6 84 0.4 89 0 97 0 
2809 90 0.3 
2863 47 1 70 1 88 1 
2905 5 0.7 96 0.4 
2928 21 1 45 0 53 0.3 57 0 60 1 72 0.6 86 0.3 92 0.6 93 0.8 97 0.8 
3342 95 0.7 
3392 0 0 34 0.6 35 0.5 38 0.8 46 0.6 51 0.3 67 0 70 0.3 71 0 97 0 
3518 4 0.8 26 0.8 80 0 
3550 1 0 10 0 59 0.7 62 0.8 95 0.4 96 0.9 
3566 16 0.9 21 1 23 0.3 24 0.9 25 0.9 37 0 41 0.4 46 0.5 47 0.9 
3711 3 0.8 19 0.6 20 0.3 22 1 23 0 79 0.4 87 1 
3768 10 0.3 17 0.5 19 1 26 0.8 44 0.5 48 0.6 59 0 99 0.8 
3808 45 0.9 72 0 85 0.9 
4293 7 1 36 1 39 0.9 48 1 53 0.3 60 0.6 85 1 91 0.8 92 0 
4314 28 0.4 66 0.7 
4401 33 0 37 1 56 0.9 59 0.5 60 0.7 93 0 96 0 
4456 6 0.7 
4560 14 0.4 38 0.3 79 0.8 
4606 26 0.8 89 0.4 93 0.4 
4621 9 0.9 11 0 46 0.4 55 0.3 65 0.4 85 0.3 92 0.9 
4730 28 0 63 0.3 
4946 9 0.5 44 0 51 0.9 61 0.6 88 0 94 0.7 
5019 15 0.5 39 0.3 54 0.8 96 0.3 
5115 26 0 32 0.6 
5250 29 0.4 32 0.9 64 0.9 
5262 32 0 93 1 
5279 33 0 
5405 0 0 18 0.5 61 0 66 0.7 73 0.9 77 0.9 82 1 
5471 23 0.9 55 0.7 78 0.4 95 0.4 
5511 1 0 10 0.8 11 0.4 30 0.8 41 0 43 0.7 70 0.5 73 0.6 80 0 93 1 
5577 5 0.5 28 0.5 30 1 79 0.8 86 0.3 97 0.8 
5679 0 0.9 34 0.4 68 0 71 0.3 75 0.6 80 1 
5769 84 0.3 
5884 16 0.4 23 1 34 1 49 0.9 63 0 64 0 70 0.6 81 0.5 86 0.9 
5937 0 0 12 0 33 0 35 0 72 0.9 78 0 96 0.7 
5941 5 0 25 0 68 0.9 69 0 77 0.6 
5988 1 0 2 0.4 41 0.3 55 0.6 64 0 65 0 73 0.9 87 0.6 98 0 
6005 5 0 
6258 2 0.8 55 0.7 63 0.9 74 0 75 1 78 0.6 90 0.9 91 0 96 0.5 
6970 0 0.3 9 0.6 13 0.9 38 0 56 0.5 69 0.7 72 0.6 77 0 85 0.7 88 0 
7158 22 0 41 0 45 0.6 52 0.3 60 0.4 61 0.7 66 0 85 0.8 86 0 93 0.9 
7208 25 0.3 95 0 
7231 19 0.7 30 0.3 50 1 62 1 
7254 1 1 11 0.7 24 0.3 28 0.4 36 0.6 64 0.9 75 0.7 78 0.9 94 1 95 0.5 
7395 11 0 28 0 40 0.7 
7515 11 0.9 12 0.7 41 0.6 47 0.6 50 0.7 56 0.5 63 0.6 85 0.3 97 0.6 
7708 3 0.5 5 0.7 14 0 19 0.5 26 0.4 41 0.5 51 0.6 63 0.6 68 0.7 94 0 
7724 39 0.5 83 0 
7769 19 1 24 0 25 0.7 70 0.4 76 0.7 91 0 99 0.6 
7895 4 0.7 14 0.7 16 0 32 0.5 47 0.7 64 0 65 0.3 67 0.9 70 0.5 89 0.8 
8066 6 0.8 8 1 18 0 25 0.4 61 0.5 62 0.6 71 0.4 95 0.6 96 0.8 
8346 0 0.9 1 1 23 0.8 29 0.7 33 0 53 0.4 67 0 78 0.6 80 0.4 81 0.6 
8360 14 0 20 0.6 26 0.8 31 0.5 33 0.7 36 0.8 64 1 82 0 
8447 5 0.5 11 0 19 0.6 42 0.8 48 0.7 91 1 
8554 52 0.5 
8786 10 0.4 13 1 35 0.4 47 0.6 55 0.9 71 0.9 89 0.3 93 1 95 1 
8833 9 0.9 25 1 26 0.3 51 0.8 59 0.9 64 0.5 76 0.3 88 0 
8889 14 0.5 15 0.6 24 0 29 0.6 42 0.3 56 0.8 68 0 71 0.4 86 0 89 0.8 
9234 7 0 28 0 46 1 50 0.6 52 0.6 66 0.6 69 0 75 0.5 85 1 
9454 7 0.4 8 0.3 12 0 20 0.7 29 0 49 0.5 50 0.3 59 0.4 95 0.5 
9497 17 0.5 33 0.9 51 0.9 74 0.4 83 0.4 97 0.8 
9571 8 0.6 12 0.6 17 0.7 32 0 34 0 51 0 53 0.5 71 0 
9885 29 0.5 36 0.8 
9967 26 0 31 0 48 0 50 0.5 56 0 71 0.5 
