100
144 3 0 13 0 15 0.8 37 0.8 65 0.9 82 0 
227 37 0 49 0 87 0.4 92 0.4 
280 13 0 50 0 52 0.6 
307 29 0.5 57 0 
423 24 0.4 25 0.8 
547 8 0 12 0.7 41 0.8 51 0 
567 0 0.5 12 0 21 0.3 32 0.5 41 0.9 44 0.4 51 0 71 0 89 0.8 
568 9 0.5 18 0.3 40 0.5 
610 1 0.3 5 0.7 20 0 22 0.5 52 0 
688 17 0 33 0.8 51 0.8 70 0 73 0.8 77 0 80 0.5 81 0.3 
694 17 0 35 0.9 51 0 69 0 78 0.7 83 0 86 0 87 0.4 
789 55 0 
818 3 0.5 8 0.3 15 0.8 25 0.8 36 0 65 0.9 74 0 77 0 96 0.9 
853 8 0 31 0.4 
878 5 0 10 0.7 36 0 47 0 49 0.6 70 0 75 1 79 0.8 96 0.9 99 0.4 
1105 11 0.3 31 0.7 50 0.3 80 0 81 1 95 0.9 97 0.4 
1176 8 0.4 11 0.4 13 0.5 14 1 30 0 38 0.5 40 0.7 57 0.9 60 0 79 0.9 
1183 29 0.6 42 0.4 
1232 62 0.9 
1282 3 0.4 
1553 10 0 23 0.5 63 0.7 66 0.8 78 0.4 
1578 7 0.5 28 0.5 44 0 57 0 70 0.4 78 0 86 0 
1719 13 0.6 14 0.9 17 0 27 0 28 0.7 32 0.7 36 0 67 0.5 73 0.4 96 0.4 
1864 67 0.3 
1963 66 0.8 77 0.5 91 0.8 94 0.3 
2057 2 0.4 47 0.3 52 0.8 98 0.5 
2070 31 0.8 50 0.6 52 0.6 57 1 64 1 81 0 
2156 19 0.5 36 0.5 41 0.4 77 0.3 
2288 1 1 8 0.9 54 0.3 74 0 
2528 5 0.6 18 0.8 65 0 78 0.4 
2546 25 0 82 0 93 0.8 
2578 17 0.7 94 1 
2659 27 0.7 37 0.9 43 0 47 1 77 0.3 84 0.3 85 1 88 1 
2671 2 0 14 0 16 0 31 0 36 0.4 59 0.9 82 0 
2731 94 0.8 
2834 89 0.8 
2881 34 0.3 
2966 10 0.6 18 0.4 25 1 33 0.6 49 0.8 50 0 66 0.3 76 0 
2977 22 1 40 0.5 61 0.5 76 0.7 92 0.7 
2992 5 0.6 15 0.6 28 0.9 34 0.4 39 0.7 
3204 11 0 20 0.6 25 0 34 0.6 56 0 65 0 66 0.4 91 0.7 95 0.9 98 0.6 
3222 18 0 39 0.8 60 0.4 
3256 1 0.7 44 0.5 
3296 11 0.5 13 0 37 0.7 41 0 51 0 81 0 82 0.8 94 0.8 
3314 11 0.3 14 0.9 21 0.7 23 0.5 41 0.4 56 0.6 73 0 76 0.9 88 0 97 0 
3371 60 0.4 86 0.6 98 0 
3517 32 0.7 38 0.5 44 0.4 48 0.9 69 0.3 94 0.8 
3847 3 0.8 10 0.7 26 0.8 27 0.3 29 0 36 0.8 49 0.7 51 0.6 77 0.6 83 0 
4221 10 0.8 63 0.7 82 0.6 
4264 7 0 31 0.5 35 0.8 61 0 
4283 1 0.3 2 0 6 0.3 13 1 38 0 
4515 9 0 32 1 77 0.4 78 0 
4636 4 0.6 43 0.5 94 0.8 95 0 
4891 4 0.9 9 0 25 0.3 61 1 99 0.3 
4944 5 0 22 1 24 0 39 0.7 47 0.7 59 0.5 66 1 82 0.4 89 0.4 93 0.4 
5121 12 0.3 31 0.4 44 0 46 0 53 0.4 69 0.6 
5171 35 0 
5817 37 0.9 44 0.6 47 0.9 48 0 49 0.8 62 0.9 69 0.4 73 0.8 78 0 85 0 
5859 18 0.7 37 0.4 49 0 69 0.5 
5893 48 0.7 
6182 3 0.9 5 0.5 24 1 54 0.9 
6192 9 0 23 0.9 39 0.8 58 0.7 59 0.7 66 0.8 68 0.6 73 0.9 88 0.6 
6274 97 0.8 
6436 18 0.7 24 0 25 0 61 0.9 76 0 88 0.4 92 0.6 97 0.8 
6524 8 0.4 49 0.5 51 0 69 0.4 80 0 94 0 
6703 2 0.9 31 0 64 0.9 93 0 
6914 67 0.9 
6947 21 0 73 0 
7071 29 0 37 0 52 0.8 69 0.4 80 0.4 97 0.6 
7098 24 0.3 38 0.4 44 0.3 70 0 98 0 
7176 50 0 87 0 96 1 
7186 8 1 30 0.8 33 0.4 40 0.5 41 0 45 0.5 77 0 86 0.9 87 0.3 96 0.9 
7322 3 0.8 4 0.9 9 0.7 16 1 20 0 30 0.9 40 0.7 70 0.9 86 0.7 92 0 
7447 0 0.8 1 0.4 14 0 28 0 34 0 70 0 73 0 74 0 88 0.5 
7550 31 0 
7637 30 0.3 
7699 29 0.8 78 0.7 82 0.7 
7725 10 0.3 34 1 54 0.9 65 1 83 0 
7760 14 0 25 0.4 40 0.6 43 0.8 64 0.9 81 0 88 0 90 0.9 94 0 
8159 23 0.3 28 0 52 0.5 60 0.5 87 0.8 92 0.9 95 0.9 96 0 
8203 4 0.9 30 0 51 0.7 56 0.5 
8246 2 0.4 21 0.4 23 0 48 0.4 65 0 69 0 
8293 19 1 29 0.7 40 0 61 1 
8345 74 0.8 
8421 8 0.5 40 0.9 41 0.8 60 0.8 87 0.8 95 0.3 
8452 1 0.3 47 0.6 66 0.5 78 1 82 0 86 1 
8521 78 0.5 96 0.9 
8554 52 0.7 
8557 11 0.5 24 0.8 42 0 86 0 87 0.9 
8626 26 0.6 56 0.8 80 0 93 0.5 
8825 39 0.4 57 0.3 70 0.7 73 0.9 89 0 
8968 78 0.6 
9189 2 0 12 0 16 0.9 37 0 49 0.7 57 0.5 
9269 5 0.5 10 0.6 12 0.7 51 0 93 0.8 
9478 6 0 48 0.3 52 0 53 0.7 63 0.7 72 1 81 0.3 
9683 7 0.3 13 0 65 1 90 0 
9735 10 1 24 0.4 33 0.5 62 0 68 1 80 0 87 0.6 
9775 31 0 45 0.4 48 0 52 0 65 1 68 0 85 0 90 0.7 94 0.7 
9810 41 0.4 49 0.4 
9939 23 0 29 0.8 36 0.3 39 0.7 47 0.5 69 0.4 73 0.9 76 0 77 1 95 1 
