100
57 22 0.8 28 0.4 44 0 55 0.8 69 0.9 74 0.4 77 0.4 
124 7 0 53 0.6 66 0.5 67 0.8 80 0.5 81 1 82 0.8 88 0 90 0.4 
296 1 0.9 10 0.3 12 0 17 0.3 29 0.6 40 1 59 1 67 1 71 0.7 
366 8 0.5 26 0.4 31 0 65 0.9 71 0.3 76 0.5 99 0.3 
372 6 0.4 9 1 15 0.5 19 0.6 24 0.8 31 1 36 1 68 0.8 98 0.3 
399 62 0.6 73 0 77 0.6 
401 26 0.8 36 0.6 53 1 68 0.7 76 0.7 83 0.7 87 1 91 0 97 0.7 
479 1 0 13 0 18 0.9 27 0 43 0.3 70 0.3 92 0.9 94 1 
556 22 0.4 38 0.3 39 0.8 54 0.7 60 0.4 63 0.6 76 0.7 
572 0 0.4 4 0.7 18 0.8 38 1 75 0 
637 2 0 13 0 35 0.5 45 0.4 59 0 65 0.4 98 0.6 
732 1 0.5 22 0.8 26 0 38 0.3 40 0.9 72 0.9 84 0.3 92 0 98 1 
773 20 0.8 51 0.4 78 0.8 91 0 
869 23 0.3 60 0.4 93 0.5 
879 36 0 95 0.5 
881 24 0.8 27 0.3 91 0 95 0.3 96 1 
890 10 0.4 38 0.5 40 0.4 42 0.5 46 0.5 52 1 62 0.4 67 0.6 72 1 81 0 
1042 19 0.3 22 0 29 1 39 0 90 0.6 91 0.9 99 0 
1069 15 0.8 34 1 36 0 79 0.6 81 1 83 0 
1157 3 0.8 5 0.6 14 1 18 0 24 0 38 0.6 60 1 85 0 86 0 95 0.4 
1191 25 1 
1224 18 0.5 21 0 48 0 
1385 33 0 93 0.5 
1431 2 0.8 5 0.3 49 0.8 72 0.8 86 0 88 0.6 
1590 19 0.4 23 0 33 0.9 40 0.9 44 0.9 49 0 51 0 83 0 86 0.7 
1637 7 1 23 0 30 0.6 88 0.8 
1686 26 0.4 46 0.6 47 0 87 1 
1700 14 0.5 50 0 52 0 58 0.5 75 0.3 76 0 81 0 92 0.7 97 0.9 
1725 52 0.4 55 0.9 56 0.7 64 0.7 
1829 2 0 20 0 26 0.7 44 0.7 49 0.5 74 0.7 86 0 87 0 88 0 99 0 
1876 6 0.8 27 0.5 44 0 81 0.9 
1915 2 1 40 0.9 41 0.6 54 0.9 55 0 73 0.3 92 0 
2024 2 0 10 0.9 24 0 43 1 
2123 0 0.9 1 0.6 7 0.4 9 0.9 28 0.3 52 0.7 62 0 68 0.5 75 0.7 
2197 40 0.6 60 0.8 
2280 88 0.8 
2282 51 0.8 
2303 0 0 1 0.7 6 1 9 1 28 0.8 68 1 88 1 
2419 14 0.8 24 0.8 38 0.5 59 0 64 0.8 
2583 0 0.6 6 1 16 0.5 64 0.4 65 0.7 
2683 39 0.3 41 0.9 74 0.3 85 0.8 
2687 0 0 27 0 34 0.8 66 0.3 
2751 15 0 16 0.3 20 0.6 28 0.7 43 0 55 0 63 0.8 65 0.3 67 0.7 76 0.4 
2776 24 0.4 46 0.3 74 0.5 81 0.8 83 0 
2816 50 0 77 0.5 
2908 5 0 17 1 41 0.7 54 0.9 77 0.9 
2934 8 0.8 29 0 32 0.8 46 0.4 51 0.3 72 0 
3023 33 0.7 46 0.3 81 0.6 82 1 88 0.6 91 0.6 97 0.5 
3026 23 0.7 26 0.5 33 0 58 0 72 0.8 74 0.3 87 0 89 0.4 
3138 11 0.6 39 0.9 49 0.7 60 0.7 92 0.8 96 0.5 
3204 11 0.9 20 0.6 25 0.4 34 0.9 56 0.8 65 0.8 66 0 91 0.4 95 0.5 98 0.7 
3507 0 0.8 14 0.9 16 1 18 0.7 32 0.6 53 0.4 78 0.8 
3526 17 0.5 21 0.9 31 1 58 0.3 70 0.8 74 0.3 80 0 88 0.4 99 0.7 
3743 8 0.7 26 0 70 0 71 0.9 73 1 81 0 92 1 95 0 98 0.9 
3815 4 0 9 1 19 0 20 0 46 0 64 0.8 86 0.7 
3883 30 0.8 48 0 73 0.9 81 0.7 
4317 19 0.7 26 0 32 0.8 46 0.5 56 0 63 0.6 65 0.3 82 0 90 0 
4374 34 0.3 
4895 41 0.8 46 0.3 59 0.3 78 0.5 79 0.7 83 1 84 0.8 95 0 99 0.8 
4900 0 0.5 5 0.4 14 0.8 29 0.5 31 0.4 33 0 34 0 39 1 97 0 
5090 10 0.3 18 0.5 29 0.4 31 0.8 39 0 65 0 93 0 98 0.9 
5469 21 0.6 23 0.7 26 0.3 31 1 34 0 60 0.8 64 0.8 86 0.8 88 1 
5539 54 0.9 70 0 75 0.8 
5666 11 0 17 0.6 31 0.9 62 0.6 98 0.9 
5714 68 0 87 0 
5748 6 0.7 7 0.4 9 0.5 25 0.7 26 0.9 29 0.6 47 0.3 50 0.5 84 0.9 92 0.6 
6390 17 0.8 20 0.6 35 0.7 44 0.5 46 0.8 52 0 55 0.5 68 0.8 
6520 13 0.4 90 0.7 
6702 4 0.6 23 0.6 
7045 23 0.3 45 0.9 46 0.4 51 0.5 64 0.9 70 0.5 74 0.9 
7339 26 1 43 0.7 
7349 76 0 
7493 0 0 5 0.5 7 0 29 0.7 30 0.6 33 0 86 0.7 92 0 98 0 
7496 7 0 15 0 23 0.8 28 0.5 33 0.8 65 0.8 
7501 1 0.8 3 0.6 19 1 27 1 37 0 62 0.5 65 0 76 0 79 0.5 98 1 
7553 17 1 18 0 27 0 62 0.9 99 0.7 
7561 6 0 37 0.3 71 0 
7620 8 0.6 22 0 36 0.4 45 0 80 0.6 86 0 93 0.4 
7714 8 0.6 15 0.7 22 0 88 0.4 92 0.6 94 0.8 97 0 
7797 0 0 18 0.4 53 0.9 58 0 59 0.9 66 1 92 0 96 0 98 0.5 
7887 5 0.8 9 0.7 33 0.8 50 0 74 0.4 
7940 17 0.3 21 0 29 0 41 0.7 42 0 82 0.5 88 0.7 
8011 48 0.6 70 1 76 0.8 
8290 37 0.3 46 1 66 0 83 0.6 85 0.8 86 0.5 92 0.8 
8425 21 0.3 26 0.8 69 0 76 0.8 85 0.9 
8627 19 0.9 89 0 
8837 2 0 
8998 16 0.4 39 0.3 43 0.3 48 0 55 0 59 0.8 73 0.4 86 0.4 88 0.6 90 0 
9036 0 0.7 6 0.8 21 0 51 0.8 74 0 84 0.3 85 0.7 
9218 8 0.8 9 0 33 0.6 40 0 47 0.7 49 1 86 0.3 96 0.3 98 0.9 
9406 24 0 28 0.6 53 0.9 67 0 80 0.7 81 0 85 0.3 95 0.4 96 0.8 
9525 68 1 
9555 1 0.5 9 0 15 0.5 71 0.5 
9657 42 0.6 74 0.5 81 0.3 93 0.5 
9735 10 0.8 24 0.4 33 0 62 0 68 0.5 80 0.7 87 0 
9742 10 1 19 0.3 32 0.4 50 0.8 68 0.3 72 0.7 89 0 
9801 32 0.7 35 0.7 
9825 0 1 3 0.9 22 0.8 67 0.4 75 0.8 82 0 86 1 
9925 10 0 58 0.3 
9963 26 0.8 76 0 88 0.7 
