100
200 22 0 28 0 62 0.5 76 0.6 86 0.7 
282 0 0.9 10 0 58 0 61 0.6 83 0.8 92 0.8 96 0.6 99 0.6 
359 6 0.5 9 0.3 44 1 59 0 80 1 
465 20 0.4 37 0 39 0 49 0.6 50 0.4 74 0.5 
934 16 0.5 23 0 49 0 59 0 64 0.9 73 1 94 1 98 0 
1030 3 0 12 0.4 27 0.7 48 0.7 71 0 80 0.9 85 0.7 
1243 28 0.4 49 0.5 55 0.6 63 0.9 68 0.3 98 0 
1395 27 0.7 47 1 57 1 60 0.5 87 0 88 0.5 90 0.5 96 0.9 
1416 7 0.4 47 0.7 48 0 64 0.9 98 0.4 
1482 9 0.6 22 0 23 1 46 0 
1541 68 0.7 82 0.5 91 0.9 
1683 17 0.3 88 0.9 
2000 13 0 21 0.6 42 0.4 43 0.4 47 0 53 0.3 59 0.8 85 0.3 94 0.7 
2011 11 0 44 0 87 0.6 93 0 
2249 18 1 
2278 0 0 3 1 21 0.6 27 0.8 57 0.9 78 1 82 0 
2343 30 0.4 33 0.7 35 1 43 0 64 0.7 90 0 93 0.9 
2553 9 1 14 0 25 0 34 0 48 0.6 81 0.8 
2709 33 0.8 43 0.5 45 0.9 93 0 
2748 12 0.8 
2779 6 0 17 1 30 0.8 63 0.5 89 0.8 95 0.5 
2784 19 0.6 30 0.3 37 0 43 0 65 0.8 71 0.7 95 0.4 
2793 19 0 56 0.9 
2884 14 0 48 0.7 49 0 57 0.6 68 0.9 72 0.7 85 1 94 0 95 0.9 
2898 82 0 
2965 12 0.9 16 0.5 31 0 44 0.4 47 0.3 62 0.4 
3237 3 0.3 10 0.6 37 1 61 0.4 62 0.5 85 1 89 0.5 93 0 98 0 
3349 56 0.8 89 0.4 
3409 4 0.6 18 0 38 0.4 49 0.9 72 0.9 89 0.8 94 1 
3491 27 0.8 28 0 34 0.6 42 0 53 0.6 62 0 63 0 89 1 92 0.7 96 0.6 
3533 5 0.7 33 0.4 90 0 95 1 
3580 21 0.4 23 0.6 24 1 27 0.8 37 1 48 0.7 70 0.4 77 0.4 88 0.7 
3597 1 0 
3620 30 0.3 38 0 66 0.4 
3661 13 0 51 0 
3680 92 0.8 
3741 39 0 72 0 83 0 
3769 55 1 63 0 78 0.9 
3804 16 0.7 22 0.4 42 0.4 43 1 50 0 65 0.3 69 0.3 84 0.8 96 0.5 
3958 39 0.9 90 0.4 
4056 8 0.3 15 0 32 0.8 50 0.7 58 0.4 77 0 94 0.4 
4083 19 0.9 58 0.4 63 0.4 78 1 
4316 2 0.8 46 0.3 
4816 34 0.8 35 0.7 37 0.7 38 0.5 45 0.8 58 0 64 0 73 1 80 0.3 90 0 
4899 2 0.4 21 0 22 0 28 0 29 0.6 69 0.9 86 0 89 0 99 0 
5026 2 0.4 44 0.5 70 0.4 77 0.4 92 0.3 
5037 7 0.6 10 0 33 0.7 53 0 58 0.6 62 0.5 63 1 89 0.8 91 0.9 
5049 7 0.3 15 0.3 48 0 71 0.3 73 1 77 1 
5066 75 0.4 
5149 28 0.7 29 0.6 36 0 44 0 53 0.8 68 0.6 69 0.3 76 0.9 79 0 81 0 
5170 4 0.9 27 0 40 0.9 64 0 
5187 29 0.9 86 0.9 93 0 
5190 39 0.3 72 0.7 
5247 90 0.6 91 0.6 97 0.5 
5310 10 0.9 27 0.9 29 0.4 82 0 85 1 
5321 5 0.5 21 0.6 50 0.6 65 0.6 73 0.9 75 0.9 76 0 96 0.7 
5374 2 0.9 
5540 33 0.3 35 0.7 83 0.7 
5612 2 1 5 0.5 22 0.4 24 0.9 25 0 40 0.5 84 0.4 98 0 
5905 19 0.5 45 0.9 71 0.3 86 0.5 87 0.6 97 0.8 
5967 0 1 1 1 17 0.8 21 0.7 24 0.5 50 0.7 90 0.5 93 0 94 0 95 0.4 
6020 7 0 39 0.3 44 0.3 
6259 6 0 20 0.4 21 0 22 0.4 41 0 56 0.3 78 0.5 92 0 
6263 10 0.8 12 0.8 31 0.9 80 1 82 0.7 
6266 6 0.3 24 0.3 33 0.3 53 0.5 66 0.9 72 0.9 80 0 83 0.7 
6285 12 0.7 29 1 54 0 88 0.6 93 0.3 
6299 17 1 43 0 88 0 
6348 38 0 
6398 6 0.5 8 0.7 13 0 15 1 19 0.5 30 0 67 0.8 82 0 88 0.5 94 0.7 
6406 39 0 55 0.3 90 0 
6412 27 0.8 64 0.4 92 0.6 
6429 3 0 
6719 0 0 14 0.8 40 0.6 46 0.5 66 0 72 0.5 81 0.8 90 0.4 
6988 1 0.9 9 0.6 14 0 16 1 47 0.8 57 0.5 90 0.4 
7057 83 0.8 84 0.4 
7168 2 0.5 7 0.8 17 0 39 0 68 0.7 85 0.4 
7192 6 1 7 0 13 0.8 18 0 24 0.3 33 0 46 0.5 54 0.7 65 0.3 72 0.4 
7422 5 0.5 13 0 35 0.5 44 0.9 46 0.3 47 1 55 0.8 73 0 75 0 
7474 92 0.8 
7508 1 0.4 2 0 7 0 10 1 13 0.9 53 0.5 64 0.8 75 0.6 
7637 30 0 
7902 10 0 17 0.3 33 0.4 47 0.4 62 0 77 0 87 0.6 91 1 
7938 16 0 54 0.5 98 0.8 
7969 87 0.3 
8201 26 0.3 32 0.5 41 0.9 47 0.6 67 0 86 0.4 96 0.6 
8378 18 0.4 33 0.6 61 0.7 77 0.6 
8552 5 0.3 6 0 7 0.7 30 0 43 0.4 60 0.5 98 0.9 99 0.7 
8647 56 0.9 
8713 4 0.6 5 0.8 8 0 17 0.3 21 0 54 0 96 0.7 97 0.7 
8788 2 1 20 0 34 0 40 0 48 0.9 58 0.7 72 1 83 0 
8893 47 0.9 85 0 
8955 38 0.4 40 0 57 0.4 59 0.7 91 0.3 
9086 25 1 28 0 40 0 51 0.9 72 0 84 0.9 95 0.4 
9198 33 1 46 0.5 49 0 59 0 91 0.4 
9386 12 0.4 51 0.7 63 0.4 80 0 
9436 4 0.7 15 0 25 0.7 53 0.4 61 0 67 0.9 75 0.5 
9479 59 0.6 
9611 19 0.6 21 0.5 22 0.7 53 0.5 62 0.4 69 0 81 0.3 95 0 
9987 40 0.6 
9993 9 0 15 0.8 18 0.6 27 0.3 34 0.6 37 0 59 0.3 70 0.4 99 0.5 
