100
284 72 0 87 0.9 
378 74 0.3 85 0.5 88 0.8 90 0.5 
443 49 0.7 54 0.4 
507 9 0.9 27 0.4 
548 25 0.5 45 0.4 
583 30 0.6 81 0.3 
624 10 0 36 0.6 42 0 66 0 83 0 86 0.8 94 0.5 
651 47 0.4 94 0.3 
755 28 0.7 33 1 85 0 92 0.5 97 0.6 
994 11 0 15 0.9 22 0 43 0 45 0.7 47 0.8 51 0.4 66 0.6 94 0.7 
1031 80 1 
1058 6 0.7 19 0 27 1 31 0.3 44 0.8 58 0.4 75 0.9 81 0.3 
1090 15 0.4 85 0.3 
1150 35 0.5 78 0.4 
1220 53 0.4 
1378 26 0.9 38 1 47 0 48 1 59 0.8 60 0.6 96 0 
1707 15 0.8 32 0 40 0.4 41 0.3 44 0.3 68 0 74 0 89 0.4 99 0.4 
1774 50 0.3 
1782 1 0.3 2 0.5 43 0.5 53 0.4 54 0 65 0 71 0.6 85 0.4 99 1 
1793 8 0.8 24 0.9 48 0 55 0.7 60 0.8 64 0 71 0 77 0.5 78 0 
1828 1 0.6 10 0.7 27 1 42 0 87 0.7 92 0.5 
1866 5 1 16 0.8 42 0 68 0.4 
1915 2 0 40 0 41 0 54 0 55 0.3 73 0 92 0 
1973 5 0 8 0 9 0 11 0.4 21 0 31 1 35 0.4 49 0.6 59 0.8 65 0.3 
1991 82 0 
2178 6 0.5 22 0.3 47 0.3 66 0.3 73 0.4 78 0.4 
2186 13 0 15 0.9 45 0 58 0 94 0 99 0.7 
2233 8 0 42 0 48 1 58 0 61 0.5 75 1 94 0.4 
2328 9 0.5 10 0.4 20 0 24 0 27 0 55 0.6 66 0.4 
2369 28 0.9 72 0.7 99 0.8 
2371 1 0.5 41 0.4 56 1 92 0.6 94 0 
2494 12 0.4 13 0.3 36 0.4 43 0.5 
2508 21 0.6 23 0.7 76 0 78 0.4 79 0.9 
2521 4 0.8 40 0 48 0.6 61 0.5 66 0.3 76 0.8 86 0.3 91 0 
2546 25 0 82 0.4 93 0.8 
2650 6 1 29 0 46 1 74 0.8 89 0.8 
2669 2 0.3 8 1 28 0.9 30 0.6 49 1 59 0 85 0.7 92 0 96 0.8 
2678 75 0.3 
2813 9 0.7 12 0 15 0 31 0 43 0.3 57 0 61 0.8 77 0 97 0 
2889 34 1 52 0 
2920 2 0.4 51 1 
2964 7 0.4 10 0 74 0.4 92 0 95 1 
3028 73 0.8 85 0 
3265 33 0.4 38 0.7 73 0 77 0.5 83 0.5 90 0.6 
3277 88 0.8 
3294 6 0 7 0.6 37 0.5 53 1 59 0.6 61 0.4 65 0.7 73 1 81 0.4 86 0 
3363 32 0 44 0.5 48 1 56 0.6 64 1 69 0.3 86 0 98 0.5 
3509 1 0.5 19 0.7 29 0 38 0 44 0.6 52 1 59 0.5 62 0.4 83 0.4 
3545 3 0 4 0.5 23 0 26 1 37 1 93 0.8 
3845 33 0.8 34 0.5 42 0.6 50 0.4 82 0.9 84 0.7 
3991 17 0 25 0.7 32 0.3 33 0.6 38 0.9 57 0 80 0 89 0.8 96 0 
4029 45 1 55 1 75 0 92 0.4 
4078 28 0 32 0 57 0 96 0 
4112 15 0 18 0 23 0 40 1 54 0.8 69 0.4 76 0.6 78 0.5 
4145 10 0.7 19 0.5 30 0.3 70 0 81 0.6 83 0.3 97 0.7 
4319 88 0.9 
4471 3 0 47 0 50 0.6 52 0.8 64 0.7 
4495 85 0 86 0.8 
4536 4 0.3 10 0.9 11 0.9 12 0.8 15 0.8 22 0.5 34 0 70 0 
4544 0 0.8 31 0.8 32 0 49 0.5 57 0.9 63 0.9 70 1 85 0.7 86 0.3 95 0.6 
4805 30 0.3 33 1 51 0.3 57 0.8 86 0.5 
5050 36 0.5 67 0.7 70 0.6 
5272 0 0.4 27 0.7 
5317 14 0.7 20 0.9 30 0 35 0.4 58 0.5 84 0 86 1 89 0.9 
5417 5 1 10 0.3 12 0 23 0.8 28 0.8 48 1 60 0.4 
5583 2 0.4 19 0 29 0 41 0.6 75 0.3 77 0.4 
6331 18 0.4 22 0 42 0 45 0 61 0.3 69 0.5 
6387 0 0.5 30 0.5 98 0.6 
6508 31 0 63 1 78 0.4 96 0.7 
6579 12 1 20 0.9 30 0.6 38 0.4 44 0 61 1 63 0.3 87 0 92 0.9 
6630 44 0.4 76 0 
6641 7 0 8 0 18 0.9 33 0.9 65 0.4 66 0.3 94 0.7 95 0.9 
6804 6 0.3 10 0 33 0 36 0.3 40 0 47 0.8 52 0.5 54 0.4 74 0.8 
6815 7 0 9 0 43 0.6 48 0 68 0.4 69 0.5 
6970 0 0.3 9 0.3 13 1 38 0.3 56 0 69 0.7 72 0.7 77 0.3 85 0.5 88 0.7 
6979 18 0 21 0.4 59 0.5 63 0.4 96 0.5 
7294 42 0.4 63 0.9 88 0.7 
7446 30 0 52 0.8 58 0.9 67 0 77 1 80 0.7 
7483 4 0.6 15 0.8 32 1 51 0 56 0.3 63 0.7 81 0.9 95 0.6 
7781 34 0 
7974 14 0 27 0 35 0.7 37 0.5 43 0.8 64 0 68 0.9 71 0 
8009 1 1 16 0.4 34 0 35 0.4 70 0.7 72 0.9 99 1 
8093 3 0.8 9 0 18 0.9 65 0.9 78 0.9 80 0.4 98 0 
8288 12 0.8 
8321 0 0.4 21 0.9 31 1 33 0.7 45 0.4 53 0.7 
8484 12 0 46 0 79 0.6 
8671 4 0.7 55 0 57 0 79 0.5 
8818 29 0 95 0.7 
8916 4 1 12 1 14 1 23 0 54 0.4 70 0 81 0 82 0.6 94 0.8 98 1 
8925 1 0.3 39 0.8 79 0.4 97 0.6 99 0.7 
8971 10 1 13 0 64 0.3 76 0 86 0.4 99 0.4 
9015 4 0 15 0 17 0.9 78 0.9 
9027 84 0 98 0.6 
9161 22 0 26 0 57 0 69 0.7 77 0 79 0 86 0.3 87 0.9 90 0 
9425 10 0 25 0.4 37 0.9 58 0 62 0.3 66 0.9 
9508 27 0.5 49 0.5 96 0 99 0.3 
9566 4 0.6 19 0 53 0 57 0.9 97 1 
9650 28 0.4 61 0 
9859 8 0.3 23 0.6 34 0.7 44 0 
9902 0 0 1 0.7 12 0.9 19 0.9 29 0 71 0.4 79 0.6 
