100
152 98 0.4 
229 18 0.5 20 0.7 23 0.4 29 1 30 0 35 0.9 39 0.7 51 0.8 72 0 
232 34 0.6 
339 33 0.5 43 0 74 0.4 84 0.7 
498 5 1 7 0.8 17 0.3 31 0.4 55 0.8 75 0 79 0.7 
568 9 0.5 18 0.8 40 0.4 
611 6 0.4 52 0.6 58 0.9 68 0.9 76 0.6 
686 2 0.6 15 0.5 27 0.8 31 0 35 0 71 0 78 0 
733 2 0.3 5 0.7 11 0.3 12 0.6 23 0.8 71 0 
741 26 0.9 34 0 39 0.9 69 0 96 0 
910 13 0.6 15 0.6 49 0.6 58 0.9 60 0.7 69 0 74 0.7 
916 19 0 38 0.8 56 0.5 67 0 
972 8 0.9 12 0.3 24 0.8 37 0.4 47 0.5 48 0.8 61 0.5 83 0.7 84 0.7 85 0.9 
999 17 0.3 20 1 32 0.3 39 0.5 44 0 56 0.8 68 0.6 76 1 81 0.5 
1005 1 0.8 22 0.7 29 0.6 31 0.4 44 0 51 0.7 58 0.5 66 0 74 0.7 90 0.7 
1072 19 0.3 26 0.8 42 0.8 51 0.6 68 0.7 71 0 72 1 79 0.7 
1083 9 0.7 11 0.6 50 0.7 53 0 74 1 82 0.4 99 1 
1295 35 0.5 36 0.3 50 0.4 71 0.8 83 0.4 88 0.6 89 0.7 94 0 
1401 8 0.8 
1536 44 0 48 0.5 51 0.8 65 0.5 80 0 87 0.9 90 0.6 95 0.9 99 0.9 
1709 13 0.3 80 0.5 
1777 1 0.3 39 0.4 60 0 82 0.7 94 0.8 
1943 50 0.9 84 0.7 
1959 9 0.5 11 0.8 57 0 81 0.5 
2116 12 0.9 42 1 62 0.3 79 0 
2292 29 0.3 53 0.3 78 1 90 0.4 92 0.6 93 0.3 95 0.3 
2429 1 0.9 10 0 12 0.5 16 1 19 0.3 21 0.8 88 0 92 0 94 0 
2453 1 0 27 0.7 
2595 11 0.6 35 0.8 49 0 
2811 2 0.7 5 0.4 14 0.9 19 0.7 34 0 55 0.9 56 0.9 79 0 85 0 99 0.8 
3013 25 0.5 44 0.9 53 0.5 63 0.4 86 0 97 1 98 0.9 
3435 6 0.3 
3599 11 0 30 0 42 0.5 54 0.9 56 0.7 60 0.7 77 0.7 
3617 68 0 78 0.4 
3636 30 0.8 40 0.6 42 0.6 46 0.7 50 0.7 77 0.6 80 0.4 85 1 90 0.8 
3666 11 0 38 0.5 46 0.5 65 0.5 79 0 84 0.5 89 1 98 0.4 
3670 7 0.4 40 0 44 1 62 0.4 
3673 17 0.5 20 1 28 0 43 0.5 49 0.3 53 0 64 1 74 1 83 0.9 85 0.7 
3844 9 0 23 0.7 24 1 32 1 37 0.5 47 0.3 60 0.9 97 0.6 
3855 40 0.4 69 0.6 
3910 17 0.3 
4168 23 0.9 25 0.5 40 0 45 1 52 0.8 55 0.6 56 0.7 98 0.6 
4284 4 0.3 28 0 33 0 62 0.3 63 0 95 0.9 96 0.5 
4349 17 1 28 0.3 32 0 38 0 60 0.3 75 0.7 84 0 93 0 
4354 18 1 49 1 54 1 58 0.8 73 0 74 0.6 98 0.8 
4410 82 0.7 
4411 0 0 21 0.3 46 0.9 80 0 
4454 32 0.3 95 0 
4787 5 0.7 26 0 43 0.9 71 0 94 0.7 99 0.7 
4826 7 0 10 0 31 0.9 33 0.8 48 0.7 51 0.3 63 0.4 70 0 
4888 11 0.7 52 0 57 0.8 61 0 69 0 71 0.8 72 0.7 90 0.8 
5212 3 0 13 1 29 0 62 0 69 0 74 0.5 79 0.6 82 0 89 0.5 91 0.4 
5308 10 0.4 36 0.4 46 0.4 51 0.7 61 0.7 
5362 12 0.3 23 0.3 25 0.8 35 0.7 40 1 44 0 46 0.4 82 0.7 94 0.6 
5471 23 0 55 0 78 0.5 95 0.7 
5515 9 0 15 0 17 0 25 0.4 49 0 74 0 77 0.7 78 0.7 
5686 28 0.4 37 0 
5782 10 0.6 19 1 24 0.7 51 0.7 57 0 60 0 61 0.5 63 0.4 68 0.4 91 0.7 
5914 2 0 47 0 52 0 58 0.9 61 0.8 
6020 7 0 39 0.8 44 0.6 
6254 2 0.7 37 0.5 39 0.7 51 0.7 53 0 77 0.3 88 0 97 0.9 
6295 8 0 21 0 25 0 40 0.7 61 0 71 0.8 98 0.8 
6355 82 0.6 89 0.8 
6372 23 0.5 44 0.8 
6553 40 0.4 55 0.6 81 0.3 
6598 10 0.8 29 0 30 0 39 0.3 41 1 51 0 56 0.8 61 0.5 
6648 2 0.7 7 0 40 0.9 41 0.9 64 0.9 75 0.4 77 0.6 99 0.4 
6841 13 0.9 15 0 46 0.8 54 0.4 60 0 73 0 86 0.6 90 0.8 
7179 46 0 71 0.3 89 0 
7279 9 0.9 14 0.6 29 1 58 0.4 83 0 88 0.7 
7306 24 1 31 0.3 37 0.3 54 0.7 66 0 68 0 81 0.8 87 0.3 
7416 25 0 54 0 
7430 6 0.8 9 0 19 0 30 0.4 31 0.4 53 0 70 0.6 79 0.9 97 0.3 
7483 4 0.9 15 0 32 0.4 51 0.3 56 0.5 63 0.9 81 0 95 0.9 
7543 79 0.4 
7572 14 0.9 48 0.9 
7639 29 0.4 36 0.3 41 0.4 42 0.8 43 0 59 0.8 86 0.6 
7765 15 0.4 33 0.6 37 0.4 45 0 54 1 77 0.9 91 0 95 0.9 
7779 23 1 67 0.4 71 0 73 0.6 88 0 93 1 
7940 17 1 21 0 29 0.6 41 0.6 42 0.8 82 1 88 0.7 
7980 52 0 53 0.6 66 0 67 0 
8123 7 0.8 9 0.5 21 0.6 22 0.6 53 0 66 0.8 68 0.8 74 1 88 0.9 89 0.9 
8229 0 0 7 0.7 13 0 22 0.6 29 0.3 34 1 90 0.7 
8445 27 0.6 38 0.7 51 0.7 
8540 27 0.7 44 0 86 0.8 
8589 27 0.6 
8763 48 0 54 0.5 68 0.7 80 0.6 87 0.7 96 1 
9100 49 0 50 0.7 51 0.8 97 0 
9110 2 0.6 10 0.6 36 0.7 38 0 39 0.7 79 0.7 
9244 6 0 45 0.5 61 0.7 66 0 84 0.7 94 0.3 
9285 15 0.9 32 0.5 52 0 56 0.7 70 0 85 0 89 0 94 0.3 96 0 98 0.5 
9361 37 0 49 0.7 88 0.6 
9469 16 0 25 0.7 56 0.7 
9566 4 0 19 0 53 0 57 0 97 0 
9654 1 0 23 0.6 32 0.9 35 1 39 0.8 71 0.9 77 1 97 0 
9724 0 0.4 2 0.4 17 0 27 0 38 0.7 63 0.8 80 0.8 86 0.8 97 0.8 
9793 1 0.3 31 0 32 0.5 43 0.3 54 1 67 1 73 0 90 0.5 
9799 12 0.6 33 0.4 37 0.5 49 0 50 0.6 61 0.6 75 0 96 0.3 
9904 24 0.9 73 0.6 
9915 99 0.8 
