100
23 4 0.4 11 0.4 19 0 57 0.7 61 0.8 65 0 74 0.6 86 0.6 
24 86 1 88 0.3 
100 17 0 
173 78 0.8 
253 97 0.3 
288 34 0.3 35 0.4 38 0.7 58 0.7 67 0 71 0 
292 23 0 35 1 49 0.9 60 0.3 70 0 80 0.8 96 0.4 99 0.9 
344 21 0.6 29 0 33 1 58 0 73 0 77 0.4 88 0.4 89 0.5 91 0.5 
383 18 0 40 0.8 55 0 57 1 79 0.4 94 0.8 
543 12 0.4 31 0 42 0.3 56 0 65 0.6 80 0.3 
646 5 0.8 21 0.9 39 0.6 60 0.3 68 0 72 0 79 0 80 0.4 82 0.5 97 0.9 
731 4 0.9 20 0 25 0 26 0.5 30 0.4 31 0.9 33 0 46 0.4 53 0.9 66 0 
762 43 1 75 0.6 99 0.7 
777 20 0 27 0.7 48 1 52 0 58 0 69 0.4 72 0.5 75 0.7 98 0.5 
1099 19 0.4 65 0.4 69 0 83 0 
1156 14 0.6 18 0 23 0 47 0 53 0.6 93 0.9 95 1 
1234 46 0 54 0.4 96 0.4 
1333 27 0.7 
1421 11 0.9 47 0 52 0.8 65 0.5 77 0.3 
1575 20 0 
1667 2 0.7 9 0.5 58 0.8 70 0.5 83 0 98 0.9 
1675 21 0.6 28 0.6 42 0 51 0.7 72 0.4 89 0 97 0 
1739 0 0.7 53 0 55 0 64 1 
1852 3 0.5 6 0.4 7 0.4 42 0 86 0 
1894 51 0.4 63 0.5 65 0.3 70 0.3 93 0 
1910 2 0.6 7 0 28 0 56 0 62 0 76 0.6 86 0.4 92 0.5 
1969 4 0.5 73 1 82 0 
2013 16 0.7 58 0 64 0.4 65 0 68 0.3 72 0 85 0.5 90 0 
2048 43 0.6 52 0.9 
2230 3 0.8 56 0 99 0.7 
2255 7 0.8 45 0.9 50 0 66 0.7 68 0.4 69 0.8 92 0.9 
2260 24 0.3 40 0 75 0.7 
2287 3 0.5 9 0 15 0.7 71 0.5 
2522 22 0.4 48 0.3 
2692 42 0 66 1 
2696 14 0 24 0.8 31 1 40 0.5 94 0.7 
2750 93 0 
2901 44 0.8 52 0.3 
2932 10 0.4 22 0 25 0 33 0.8 53 0.7 71 0.3 87 0.8 
3315 1 0.3 23 0.6 31 0 40 0.9 63 0.7 76 1 84 0.3 85 0.9 87 0.4 88 0.5 
3334 4 0.7 7 0.3 29 0 34 0.3 40 0.6 51 0.8 63 0.5 81 0.6 92 0 97 0 
3342 95 1 
3366 2 0 3 0 21 0.7 32 0 46 0.3 54 0 61 0.5 86 0.3 92 0 95 0 
3466 18 0.3 56 0 79 0.4 96 0.3 
3500 20 0.8 77 0.8 92 0.7 
3771 17 0.9 30 0 33 0 73 0.5 94 0 95 0.6 
3851 16 0 46 0.5 59 0.3 74 0 77 1 92 1 
3982 24 1 61 0 74 0.7 75 0.8 
4118 43 0.5 48 0 
4413 2 0 17 1 37 0.3 42 1 52 0.7 62 0 74 0.8 75 0.4 84 0.3 
4478 9 0.8 23 1 38 0.8 40 0 50 0 53 1 62 0.6 64 0.3 86 0.9 
4621 9 0.7 11 0.9 46 0 55 0 65 0.4 85 0 92 0.7 
4681 23 0.5 30 0.3 75 0 79 0 
4828 3 0.8 14 0 32 0 33 0.6 68 0.4 95 1 99 0.8 
5022 56 0.7 58 0.9 96 0.7 
5044 5 0.9 53 0.9 96 0.9 
5374 2 0 
5429 8 0.9 17 0.4 27 0 33 0 56 0 76 0.3 78 0.4 95 0.3 
5695 11 1 17 0.7 41 1 69 0.4 
5722 1 0.7 11 0.4 13 0 42 1 46 0 50 0.3 64 0.6 
5974 34 0.5 36 0 59 0 91 0.7 
5982 65 0.7 
6042 62 0.4 84 0.6 88 0 
6223 3 0.5 25 0.7 40 1 55 0.4 60 0.7 66 0.4 72 0.3 73 0.8 81 0 82 0 
6349 0 0.9 6 0.7 10 1 24 1 51 0 62 0.5 67 0 77 1 97 0.8 
6526 22 1 76 0.5 77 0 82 0 
6689 5 0 13 0.7 15 0 29 0 63 0 71 0.8 87 0.8 88 0.3 91 0.8 
6726 5 0 27 0.5 87 0.8 94 0.3 
6877 9 0 19 0.4 21 0.5 32 0 65 0.5 71 0.9 95 0 
7114 2 0 40 0 45 0.5 
7189 3 0 16 0.4 21 0.6 30 0 59 0.6 97 0.9 
7229 31 0.6 35 0.8 76 0.5 98 0 
7264 3 0.8 11 0.8 23 0.4 55 0.8 69 0 80 0.3 87 0.4 99 1 
7368 25 1 
7413 43 0 75 0.9 
7582 36 0.3 75 0.8 
7602 24 0 41 0.7 43 0 46 0.5 58 0.5 64 0.8 72 1 73 0.7 96 0.9 
7684 6 0.9 38 0 57 0.4 64 0.8 
7755 10 0.7 13 0 14 0.6 16 0.3 41 0.4 73 0 84 0.9 92 0.9 
7812 4 0 28 0.8 55 0 84 0.8 
7855 47 1 
7932 8 0 18 0.6 48 0.7 58 0.3 67 1 77 0 83 0.8 93 0.9 
7939 1 0.5 3 0 9 1 29 0.6 45 0.7 53 0.7 62 0.7 82 0.5 96 0.9 
8018 0 0.3 4 0.9 15 0 30 0.7 36 0.6 57 0 62 0.4 63 0 73 0.6 75 0.7 
8043 0 0.3 23 0.8 28 0 33 0.6 82 0.8 
8108 57 0.7 
8192 3 1 27 0.6 54 0.9 75 0.4 89 0 91 0.3 
8562 12 1 25 0.4 26 0.3 58 0.6 59 0 75 0 79 0.5 
8638 47 0.8 68 0.3 71 0.7 84 0.6 91 0.8 92 0.7 
8806 99 0 
8851 14 0.9 32 0.8 
8970 31 0.5 63 0 70 0.8 82 0 88 0.7 
8971 10 0 13 1 64 0.6 76 0 86 0.8 99 0.5 
9120 19 0.6 43 0 48 0.6 57 0 58 0.7 75 0 93 0.7 
9138 31 0.8 58 0.3 70 0 
9252 14 0 18 0 31 1 49 0.8 65 0 
9554 83 0.7 
9684 18 0.7 37 0.9 75 0.5 77 0 82 0 95 0.3 
9792 69 0.7 
9819 0 0.7 2 0.5 6 0.8 26 0.7 37 0 55 0 68 0 95 0 
