100
27 9 0.5 20 0.8 38 0.4 41 0.6 46 0 64 0.6 
139 0 1 10 0.5 28 0.8 30 0.5 45 0.9 47 1 58 0.4 69 0.3 92 0.8 
140 56 0.5 61 0 76 0.9 
185 9 0 13 0.7 17 0.6 19 0.4 30 0.5 32 0.6 35 0.8 58 0 83 0.4 88 0.3 
247 9 0 45 1 73 0 88 0.8 93 0 96 0.8 
328 25 0.3 56 1 
337 13 0.5 20 0 39 0.7 83 0.3 
419 29 0.9 35 0.3 51 0 
717 5 0.6 17 0.6 41 0.6 53 0.3 57 0.8 81 0.4 82 0 
765 7 0.7 45 0 47 0.3 51 0.8 64 0.6 70 0.4 95 0.8 
792 99 0.8 
822 7 0.4 16 0 18 0.8 20 0 42 0.4 44 0.4 85 0.9 92 0.4 94 0.4 97 1 
1005 1 0.8 22 0.5 29 1 31 1 44 0.4 51 0 58 0.3 66 0.3 74 0 90 0.9 
1020 0 0.6 2 0.7 6 0 8 0.7 27 0.9 68 1 75 0 97 0.8 
1295 35 0 36 0.4 50 0.9 71 0 83 0.6 88 1 89 0.3 94 0 
1305 80 0.8 87 0.5 
1338 18 0.9 55 1 
1346 8 0.4 15 0.4 46 0 50 0.3 58 0.7 99 0.6 
1366 0 0 3 0.8 10 0.7 25 0.8 31 0.4 49 0.9 73 0.3 98 0 
1368 23 0.5 45 0.9 61 0.8 80 0.5 
1430 24 0 38 0.7 47 0 55 0.5 56 1 59 0.7 72 0 74 0.6 79 1 
1549 44 0.8 75 0.7 81 0.9 91 0 
1652 73 0 87 0.4 
1658 45 0.7 58 0.5 74 0 85 0.4 90 0.8 95 0 99 0 
1677 23 0.7 41 0.6 
1678 35 0.6 42 0.7 58 0 65 0 70 1 88 0 89 0.5 91 0 93 0.8 
1681 11 0 18 0.8 35 0.5 72 0.8 80 0 83 0.9 84 0.3 98 0.5 
1789 5 0 19 1 53 0.4 54 0.8 67 0.8 68 1 84 1 88 1 89 0.6 90 0 
1924 4 0 7 0.8 22 0.5 27 0.5 30 0.5 31 0.6 61 0.6 63 0.8 66 0 73 0 
1947 5 0.8 6 0 7 0.8 22 1 45 0.4 56 0.4 81 0.9 84 0.8 93 0.4 99 0.4 
2158 11 1 
2192 13 0 19 0.5 23 0 29 0 34 0.5 44 0.3 
2212 20 0 37 0.7 39 0.9 50 0.7 53 0.4 54 0 75 0.5 85 0.4 91 0.6 
2221 8 0.6 49 0.9 52 0.4 65 0.8 93 0.5 97 1 98 0.5 
2296 0 0.8 8 0.6 13 0.9 30 0.3 47 0 83 0.5 
2553 9 0 14 0.4 25 0 34 0.9 48 0.6 81 0.8 
2624 81 0.7 
2903 17 0 
2958 4 0.6 26 0.3 
3280 41 0.4 56 0 
3382 76 0 92 0.8 94 1 96 0.9 
3639 0 0 7 0 25 0 30 0.5 37 0 43 0 62 0.4 65 0.4 78 0.4 95 0.3 
3689 20 0.5 64 0.7 71 0.3 75 0 
3735 6 0.4 13 0.9 14 0.5 34 0.3 39 0.6 58 0.3 69 0.3 88 1 
3741 39 0 72 0.6 83 0.5 
3820 11 0.9 27 1 38 0 58 0 81 0.7 90 0.3 93 0.9 
4133 4 0.6 20 1 40 0 51 0.8 60 0.8 78 0.4 94 0.4 
4181 15 0 28 0.7 34 0.8 50 0.9 
4187 40 0.8 
4193 41 0 62 0.9 99 1 
4289 23 0 25 0.7 52 0 53 0.4 
4665 32 0.6 35 0 38 0 70 0 85 0.9 
4742 0 0.9 12 0 16 1 82 0 
4772 17 0.4 37 0 38 0 57 0 
4828 3 0 14 0.4 32 0 33 0 68 0 95 0.7 99 0 
4870 17 1 25 0.4 52 0.5 54 0.3 66 0.9 67 1 72 0.5 81 0 83 0 
5000 27 0.9 
5242 9 0 52 0.6 95 0 
5484 80 0.4 
5592 10 0.7 23 0.9 34 0 40 0.5 47 0 69 0.5 71 1 73 0.9 79 0 84 0 
5729 28 0.7 49 0 
6013 19 0.6 46 0 54 0 74 0.4 96 0 97 0 
6055 21 0 23 0 38 0.8 45 0.3 46 0.9 58 0.7 66 0.9 73 0.8 76 0 88 0 
6241 53 0.5 95 0 
6316 48 0.7 49 0 55 0.4 
6407 8 0 13 0.3 26 0.5 28 0.6 36 0.9 40 0 46 0.4 69 0.6 
6440 22 0.6 36 0.7 70 0 83 1 
6458 33 0 58 0.7 85 0.8 90 0.5 
6534 0 0.9 39 0.4 51 0 52 1 70 0 71 0 80 0 92 0.6 
6598 10 0 29 0 30 0.3 39 0 41 0.7 51 0.5 56 0 61 0.4 
6847 41 0.9 78 0.5 
6903 55 0 70 0 80 1 
7048 58 0 65 0.3 80 0 93 0 
7133 1 0.4 34 0 41 0 51 0.8 82 0.9 
7200 4 0 10 0 22 0.5 29 0.3 35 0 37 0.9 38 0 67 0.5 74 0.3 76 0 
7236 74 0.9 
7255 1 0.5 13 0.5 19 0 23 0 68 0.9 89 0 91 0 92 0.7 
7461 11 0.7 21 1 24 0.4 29 0 74 0.7 93 0 
7572 14 0 48 0.4 
7613 14 0 17 1 19 0 20 0.4 48 0.9 49 0 59 0.5 95 0.5 99 0.6 
7755 10 0.8 13 0.6 14 0.9 16 0.9 41 0.9 73 0 84 0.3 92 0.4 
7822 2 0 33 0.8 42 0.6 64 0 
7832 32 0 58 0.5 84 0 
7950 49 0.4 76 0.5 
8136 9 0.4 14 0.3 40 0.9 71 0 73 0.3 75 0.6 
8335 6 0 51 0.3 60 0.3 69 0.5 
8447 5 0.4 11 0 19 1 42 0 48 0 91 0.4 
8516 2 0.9 4 0.3 13 0 57 0.3 77 0.3 82 0.3 96 0.6 
8540 27 0 44 0.3 86 0.5 
8700 18 0.7 68 1 72 0.5 
8709 5 1 8 0.6 26 0 28 0.5 44 0.5 82 0.8 84 0.7 95 0.8 
8725 13 0.4 63 0 85 0 93 0.8 97 0.9 
9033 3 0 9 0.4 19 0.3 40 0.7 47 0.5 54 0 71 0 81 0.7 84 0.9 
9238 13 0 39 0 41 0.6 44 0 66 0 72 0.6 73 0.8 77 0 99 0.5 
9405 8 0.8 14 0.9 35 0 40 0.5 44 0.6 82 0.6 86 0 
9555 1 0.5 9 0.9 15 0.9 71 0.5 
9557 3 0.8 6 0 33 0.7 43 1 58 0 61 0.7 68 0.6 84 0 
9658 22 0.7 64 0.9 74 0.6 75 0.9 79 0 
9720 42 0 48 0 84 0.5 
9807 63 0.3 98 0.3 
