100
288 34 0.9 35 0 38 0.7 58 0 67 0.9 71 0.4 
289 2 0.6 40 0.3 49 0.5 74 0 85 0.5 90 1 
336 20 0.9 28 0 29 1 33 0 65 0.8 76 0.8 
343 6 0 20 0 44 0.3 74 0.4 88 0.5 89 0.9 
425 27 0.7 38 0 39 0 
679 52 0.4 71 0.6 82 0.4 
1008 4 0.6 79 0 84 0.7 
1155 5 0.9 7 0.5 16 1 18 1 25 0 47 0.5 66 0 98 0.3 
1159 59 0 96 0.7 97 0.4 
1192 2 0.3 26 0.9 46 0.6 72 0.9 94 1 
1212 8 0.5 38 0.8 41 0.4 52 0 
1286 38 1 52 1 75 0.3 83 0.6 87 0.7 98 0 
1312 2 0.9 39 0 71 0 81 0 86 1 89 0 
1423 2 0.6 5 1 22 0 38 0.8 76 0.9 84 0 
1427 8 0 18 0.8 27 0 44 0.8 49 0.6 50 0.9 61 0 62 0 76 0.3 88 0.6 
1457 7 0.5 44 1 45 0.9 54 0 56 0.6 91 0.4 92 0 97 0.8 
1504 58 0.8 60 0.4 81 0.8 94 0.8 
1598 56 0 82 0.4 
1692 10 0.6 15 0.8 75 0 77 0.9 80 0.6 
1810 3 0.3 24 0.7 57 0 
1837 4 0 27 0.3 28 1 48 0 60 0.3 63 1 94 0.8 95 0.3 96 0.7 99 0.3 
1854 24 0.3 31 0.3 40 0.4 43 0.6 44 1 57 0.6 62 1 72 0.3 74 0.5 
1926 13 0.3 38 0.4 40 0 53 0.6 82 0.4 95 0.4 
1930 2 0.9 3 0.5 43 0.5 49 0.7 53 0.8 57 0.7 74 0.3 89 0.9 98 0.3 
1951 16 0.8 19 0.9 22 0.6 24 0.3 29 0 30 0.9 55 0 63 0 82 0.7 
1963 66 0.3 77 0.4 91 0 94 0.5 
2018 35 0.8 43 0.9 
2152 3 0.3 72 0.9 
2170 9 0.8 20 0.3 21 0 23 0 25 0 56 0.8 60 0 69 0 74 0.3 81 0 
2179 23 0.4 28 0 38 0.4 86 0.9 
2218 28 0.9 36 0.8 37 0 41 0.3 42 0.7 43 0 56 0.3 66 0 90 0.5 94 0.6 
2356 65 0.5 70 0.4 
2426 4 0.5 11 0.7 45 0.5 46 0.8 62 0 67 0.4 
2845 42 1 95 1 
2910 22 0.3 
3075 63 0.3 65 0 89 0.5 91 0 98 0.9 
3079 17 0.9 29 1 54 0.8 
3113 7 0 47 0.9 71 1 
3453 10 0.9 11 1 54 0.4 55 0.7 57 0.3 95 0.7 
3498 6 0.5 9 0.5 17 0.5 18 0.7 26 0 51 1 79 0.7 80 0.7 84 0 90 1 
3964 3 0.5 10 0 28 0.9 34 0 41 0 62 0 
4132 0 0.6 5 1 26 0.5 28 0.7 31 0.5 32 0 34 0.8 41 0 60 0.7 62 0.3 
4173 3 0.4 14 0 56 0.5 67 0 80 0.5 
4256 16 1 35 0.8 44 0 
4380 11 1 46 0.5 53 0.5 55 0.5 65 0.6 69 0.5 73 0.8 81 0.5 88 0 
4481 2 0.3 4 0.4 30 0.7 71 0 72 0.5 90 0 
4682 0 0 2 0.7 9 0 13 0.4 16 0.9 43 0 75 1 94 0.9 
4734 30 0.7 40 0 49 0.9 64 0.9 67 0.5 93 1 
4915 61 0 
5009 2 0 4 0.6 19 0.7 45 0.4 64 0 67 0.8 79 0.9 82 0 84 1 
5014 34 0.9 54 0 66 0.3 84 0.6 
5041 13 0 25 0.5 45 0.9 61 0.9 78 0.6 84 0.9 87 0 99 0 
5100 11 0 21 0.6 35 0 48 0.5 75 0.5 
5211 31 0.5 46 0.9 48 0.8 75 0.4 
5256 1 0 48 0.9 50 0.4 52 0.4 62 0.9 79 0.8 86 0.4 
5273 5 0.8 38 0.7 41 0 48 0 65 0.3 72 0 92 0.3 
5369 15 0.4 32 0.9 34 0 41 0.3 71 0 72 0.7 
5558 0 0 25 0.6 30 1 38 0 39 0 56 0 63 0.7 71 0.5 
5675 24 0.4 27 0.3 71 0.8 78 0.5 
5699 39 0.5 
5724 4 0.7 6 0.8 9 0 19 0.9 23 0.4 57 0.3 79 0.3 85 0 
5759 1 0.4 4 0 37 0.4 45 0.9 47 0.5 69 0.8 85 0.6 92 0.5 
5802 23 0.8 94 0 
5835 19 0.9 21 0 27 0 39 0 48 0 79 0.6 96 0.6 
5847 34 0 42 0.4 70 0 
5996 4 0.5 16 0 22 0.3 56 0.9 58 0.3 80 0.4 81 0.8 97 0.9 
6000 6 0.5 7 0.4 10 0 22 0.4 51 0 66 0.5 82 0.8 85 0.5 96 0.7 
6007 5 0.4 8 0.7 27 1 44 1 45 0.4 53 0.8 63 0 72 0.8 97 0.6 
6082 32 0.8 74 0.7 78 0.4 82 0 
6253 5 0.3 33 0.9 38 0.4 49 0.4 62 0.5 66 1 68 0.4 77 0.8 86 0 94 0 
6823 3 0.7 18 0.7 22 0.8 29 0.5 48 0.5 63 0 64 0 95 0 
6883 3 0.5 65 0 
6906 13 0 38 0.7 47 0.5 75 0.5 89 0 
6959 5 0.4 17 0.4 63 1 93 1 
7085 72 0.9 97 0.3 
7113 38 0.6 
7413 43 0 75 0 
7453 9 0 26 0.7 53 0.7 74 0 79 0.4 83 0.3 99 0.5 
7514 14 0 20 0.5 54 0.5 61 0 70 0.9 71 1 73 0.7 74 0 76 0.4 77 0.6 
7551 5 0 29 0.5 56 0.5 86 0.9 
7732 30 0 
7807 6 1 23 0.8 52 0.7 70 0 95 0.8 
8222 15 0 32 1 48 0 66 0.9 69 0.8 81 0 
8232 13 0.4 23 0 97 0.5 
8392 60 0.8 
8507 25 0.5 29 0.7 
8542 0 0.3 4 0.5 20 1 21 0.4 31 0.3 39 0 43 0.8 56 0.7 
8554 52 0 
8866 39 0.3 54 0.9 57 0 58 0.7 82 0.4 87 1 89 1 97 0.4 99 0.5 
8921 2 0.7 21 0.8 32 0.3 38 0.6 55 0.8 63 0.7 67 0.8 69 0.3 77 0.9 96 0.3 
8925 1 0 39 0.7 79 0.4 97 1 99 0 
8948 1 0 28 0 39 0 80 0.6 
9090 1 0 22 0.8 27 0.8 60 0.7 67 0.9 85 0 90 0.4 93 0.4 96 0 
9094 2 0.4 13 0 37 0 54 1 64 0.3 69 0 71 0.9 78 0.5 88 0.4 96 0 
9228 5 0 20 0.8 22 0 33 0.7 96 0 
9230 23 0 57 0.8 88 0.6 
9309 3 0 10 0.9 41 0 57 0.7 58 0 85 0.3 94 0.4 
9461 0 0.7 8 0.8 41 0.6 52 0.6 62 0 72 0.8 84 0 92 0.3 95 0.5 
9537 26 0.6 30 0.8 37 0 45 0.6 50 1 98 0.7 
9736 21 0.6 26 1 46 0.5 47 1 56 0.5 91 0 
