100
22 24 0 41 0.7 55 0 64 0 66 0 
31 10 0.4 19 0.3 42 1 65 0.6 67 0.7 71 0.6 81 0.9 95 0 
159 0 0.5 11 0 15 1 17 0.8 18 0 22 0.4 64 0.4 75 0.7 90 0.7 96 0.3 
168 22 0.9 26 0 38 0 39 0.4 83 0.4 
237 4 0.5 24 0.4 29 0 48 0.9 52 0.7 57 0.7 59 0.5 62 0.4 89 1 
306 1 0 26 0.6 47 0 77 0.5 94 0.5 97 1 
324 56 0.4 84 0.8 
356 61 0.5 
419 29 0.8 35 0.9 51 0.5 
506 0 0 10 0.6 18 0.5 39 0.3 64 0.9 81 0 90 0.7 
758 34 0 48 0.6 60 0.3 
765 7 0.5 45 0.5 47 0.5 51 0.8 64 0.7 70 0.4 95 0 
773 20 0 51 0.3 78 0.3 91 0.8 
835 5 0.5 96 0.6 
938 97 0.7 
1117 18 0.7 
1161 7 0 10 1 
1261 68 0.6 77 0.4 92 0 
1353 32 0 36 0.3 44 1 46 1 51 0 57 0.7 65 0 74 0 
1363 21 0.3 77 1 
1364 1 0 8 0.5 18 0.6 23 0.5 51 0 88 0 91 1 
1380 2 0.4 5 1 14 0.6 15 0.9 26 0.8 63 0.3 64 0.7 79 1 
1451 15 0.5 37 0.8 
1464 31 1 96 0.6 
1513 4 0 35 0.8 43 0 46 0.6 76 0.4 88 0.9 
1519 12 0.6 15 0.7 34 0 54 0.4 71 0.4 
1603 35 0.4 58 0.7 60 0 68 0.6 85 0.8 
1643 12 0 13 0.4 19 0.7 23 0.5 47 1 76 1 95 0 99 0.9 
1655 64 0.5 
1758 0 0.4 21 0 66 0.8 91 0.3 
1762 3 0.9 7 0.3 18 0.9 20 0 47 0.8 54 0 87 0 91 0 98 0.9 
1778 29 0 40 0.9 98 0.4 
2146 5 0.9 31 0.8 83 0.3 
2160 52 1 83 0.9 93 0.5 
2306 10 1 17 1 28 0.4 42 0.5 52 0 58 0.3 70 0.9 81 0 
2372 0 0 13 0.9 16 1 28 0.7 34 0.3 37 0.5 50 0 62 0.8 78 0.9 84 0.6 
2435 8 0.3 13 0.7 14 0.8 22 0.5 37 0.6 61 0.4 79 0.3 82 0 
2522 22 1 48 0.8 
2566 43 0.7 64 0.9 79 0.9 
2572 1 0.5 2 0.4 26 0.9 52 0.5 
2750 93 1 
3142 11 0.8 21 0.9 41 0.5 84 0.4 
3143 2 0 16 0 48 0.7 52 0.7 60 0 67 0.6 68 0.8 69 0.7 
3436 73 0 81 0.8 82 0 
3525 8 1 22 1 44 0.3 46 0.4 61 1 77 0.3 78 0 
3656 1 0 38 0.3 71 0.4 96 0.7 
3725 28 0.7 29 1 30 0.9 34 0.4 38 0 41 0.8 49 0 67 0 94 0 
4160 23 0 
4394 4 0 36 0.7 84 0 85 0.6 92 0.6 94 0.3 
4572 5 0.6 17 0.4 28 0.3 39 0.6 50 0.7 75 0 78 0.5 88 0 91 0.6 
5002 22 1 58 0.5 
5083 5 0 14 0.3 17 0.7 35 0.3 41 0.3 52 0.3 64 0 68 0.5 76 0.8 90 0 
5222 6 0.7 16 0.6 
5400 5 0.8 10 0.3 18 0 25 0 31 0.3 43 0.4 
5485 18 0.6 22 1 23 0.3 62 0 80 1 88 0 95 0.3 
5560 14 1 17 0 30 0 34 0 78 0 80 0.6 
5637 27 1 60 0.5 
5783 34 0.4 42 0.5 49 0.5 57 0 59 1 74 1 81 1 91 0.7 92 0 
5787 9 0.3 
6037 8 0.3 12 0 53 0.3 72 0.7 73 0.3 74 0.4 76 0 
6207 22 0.8 35 0.5 
6379 44 0.5 65 0.5 89 0 
6400 17 0.5 22 0 26 0.7 39 0.7 40 0.6 92 0.6 95 1 
6598 10 0 29 0.6 30 0.9 39 0.9 41 0.8 51 0.4 56 0.8 61 0 
6733 86 0.4 
6734 2 0.3 8 0.5 50 0.9 53 0 54 0.8 92 0.5 
6764 9 0.4 59 0.4 62 0 
6809 19 0.3 72 0.6 91 0 
6815 7 0.7 9 0.8 43 1 48 0 68 0.8 69 0.6 
6882 5 0.8 25 0.3 33 0.5 35 1 41 0 69 0 72 0 80 0.9 93 1 
6897 5 0.8 25 1 27 0.3 35 0 52 0 63 0.3 70 0.3 
7074 4 0.3 27 0.6 33 0.6 36 0.4 44 0.5 69 0.9 75 0 91 0.6 96 0.6 
7194 18 0 20 0.5 24 0 48 1 50 0 55 0.6 58 0 78 0 97 0.7 99 0.4 
7304 6 0.3 26 0 88 0.8 98 0.6 
7530 39 0.4 43 0.6 50 0.3 60 1 69 0.5 77 0.9 78 1 79 0.9 93 0.5 94 0.3 
7792 10 0.6 23 0 38 0.8 46 0.7 49 0.9 64 0.9 65 1 76 0.3 77 0.7 
7866 0 0.3 88 0.6 
7902 10 0 17 0 33 0.3 47 0.3 62 0.9 77 0.9 87 0.9 91 0.7 
7936 11 0.9 16 0 25 0.8 42 0 49 0.5 75 0.3 87 0 
7993 8 1 26 0.5 29 0.8 70 0.6 75 0 78 0.5 92 0 
8289 45 0.5 
8302 15 0.9 
8405 10 0.5 27 0.6 46 1 68 0.6 85 0.5 94 1 
8560 8 0.3 27 0.6 29 0.5 51 0.9 60 0.9 70 0.9 80 0.6 85 0.4 99 0.5 
8745 62 0 95 0.9 
8760 23 1 34 0 91 0 
8881 0 0.9 16 0 77 0.8 98 0.5 
8893 47 0 85 0 
8927 23 0.5 24 0 27 0.3 69 0 79 0.8 86 0.7 
9003 15 0.3 42 0.8 77 0.9 89 0.8 
9048 2 0.8 28 0.6 29 0.6 36 0 40 1 53 0.9 70 0.4 74 0.6 76 1 99 0.8 
9074 56 1 67 0.7 
9268 5 0 54 0 80 0.7 99 0.5 
9348 5 0 16 0.6 17 0.9 22 0.9 26 0.4 45 0 75 0 84 1 
9363 47 0.6 50 0 62 0.6 
9396 6 0.5 12 0.9 61 0 66 0 75 0 82 0 
9399 4 0.4 14 0.3 30 1 57 0 62 0 65 0.6 71 0 79 0.9 
9710 24 0 70 0.4 
9788 27 1 41 0.8 45 0.3 55 1 57 0.3 63 0.7 94 0.5 97 1 
9972 12 0 14 0.9 15 0.9 17 0 36 0 42 0 44 0 56 0.5 80 0.7 85 0.4 
