100
118 3 0.8 68 0 
138 9 0.3 31 0.7 70 0.4 94 0.7 
226 14 0.6 31 1 37 0.3 39 0.3 41 0.5 42 0.8 44 0.6 47 1 94 0 99 0 
277 3 1 17 0.9 20 1 44 0.4 49 0.3 67 0.8 84 0.7 92 0.4 
287 12 0 18 0 25 0.8 37 0.4 45 0.5 52 0.6 53 0.8 66 0.8 73 0.6 98 0.7 
382 4 0.5 17 0 28 0.7 30 0 44 0 55 0.4 87 1 99 0 
434 16 0.8 19 1 26 0.6 53 0.4 70 0.9 71 0.4 74 0 87 0.5 94 0.7 
447 26 0.7 29 0 42 0 68 0 72 0.9 85 0.7 88 0.4 93 0.7 
544 2 0.8 13 1 26 1 44 0.3 53 0 57 0.8 60 0.3 69 1 82 0.9 
610 1 0 5 0.4 20 0.8 22 0.8 52 0.7 
622 2 0 21 1 28 0 43 0.8 60 0.8 92 0.5 96 0 
624 10 0.4 36 0.5 42 0.4 66 0.7 83 0 86 0 94 0.5 
757 4 0.6 28 0.3 48 0 91 0.9 
826 11 0.5 14 0 29 0.4 31 0.9 55 0 75 0 80 0 84 0.6 96 0.6 
925 15 0.9 24 1 25 0 31 0.5 41 0 74 0.7 76 0 77 0.5 96 0.4 99 0.6 
938 97 0 
1001 6 0.9 7 0.7 20 0.6 31 0.8 54 0.5 57 0.6 74 0.4 92 0.9 
1032 8 1 11 0.6 35 0.3 38 0.8 41 0.7 49 0 59 0.5 73 0.6 85 0 86 0.6 
1067 3 0.8 31 0.4 47 0.4 48 0.9 60 0 67 1 71 0.8 73 0.6 91 0.4 
1266 4 0.5 30 0 32 0 34 0.9 46 1 60 0.8 64 0.7 81 0.6 85 0 87 0 
1342 4 0 33 0.9 64 0.9 99 0.9 
1488 3 1 17 0.5 48 1 60 0.6 61 0.4 80 0.3 88 0 92 0.9 
1504 58 0.9 60 0.5 81 0 94 0.4 
1588 0 0.3 6 1 25 0.7 28 0 32 0.7 41 0.7 56 0.9 73 0.4 79 0.6 89 0.6 
1621 8 1 87 0.6 
1731 14 0.8 57 1 88 0.9 
1735 35 0.4 36 0 38 0 56 0.7 60 0.8 83 0.4 97 0.3 
1770 4 0 8 0.3 28 0 74 0.6 75 0.5 83 0.9 
1992 25 0.5 37 0 
2016 7 1 36 0.8 37 0.8 65 0.5 84 0 86 0 94 0.7 96 0.6 97 0.3 
2020 22 0.3 63 0.3 97 0.6 
2046 37 0.4 54 0.3 60 0 69 0.3 
2050 34 0 77 0.9 
2255 7 0.5 45 0.6 50 0.8 66 0.8 68 0.7 69 1 92 0.4 
2519 14 0.3 20 0.6 23 1 39 0.3 73 0.3 
2556 9 0.9 10 0.5 21 0.5 24 0.8 25 0 45 0.6 53 0.8 81 0.4 
2619 14 0.6 26 0.4 30 0.8 62 0.6 76 0 88 0.5 90 0 
3250 13 0.4 27 0.4 47 0.4 49 0.5 57 0.6 67 0.4 76 0 79 0 81 0.5 
3290 5 0.4 9 0.7 33 0.5 51 0 61 0.4 64 0 85 0.7 89 0.9 
3388 3 0.6 30 0.9 43 0.6 46 0.6 58 1 60 0.9 89 0 96 0.4 
3462 15 0.6 22 0.5 32 0 36 0.3 39 0.8 59 0.8 95 0.5 
3521 12 0.8 15 0.4 17 0.8 22 0 27 0 36 0 41 0.5 73 0.5 75 0 95 0.9 
3524 5 0.6 21 0.8 23 0 33 0.7 41 0.7 43 1 74 0.7 78 0.7 95 0 96 1 
3579 0 0.8 10 0.9 13 0.7 18 0.5 22 0 34 0.6 40 0 55 0.3 89 0.7 
3685 31 0.8 
3693 21 0.7 30 0 62 0.9 63 0 73 0 95 0.5 99 1 
3704 20 0 51 0 
3742 48 0.7 61 0.5 
3787 5 1 6 0.6 9 0.4 19 0.9 22 0 35 0.5 36 0 63 0.8 69 0.3 
3839 34 0 50 0 57 1 65 0.9 89 0.6 
3889 8 0.5 24 0.6 33 0 46 0.4 82 0 84 0.9 91 0.4 94 0.7 98 0 
4243 13 0 
4669 39 1 73 0 91 0.4 
4698 23 0.7 25 0.5 34 0.6 45 0 79 0.3 87 0 
5146 18 0 37 1 40 0.4 41 0.5 61 0 
5297 0 0.7 40 0.5 
5311 2 0.8 7 0 11 0.4 16 0.5 18 0.8 23 0.7 41 0.5 67 0.6 
5400 5 0.7 10 0 18 0.5 25 1 31 0.5 43 0.6 
5423 10 0 
5438 52 1 55 0 59 0.5 
5534 0 0.5 20 0.9 24 0.7 31 0 42 0.6 49 0.3 56 0.3 65 0 
5713 2 0.6 9 0.3 55 0.8 59 0 60 0.3 
5766 25 1 58 0.6 72 1 80 1 82 0.5 
5785 11 0.4 33 0 48 1 83 0 84 0 88 1 
5892 18 0 88 0.5 90 0.7 97 0.3 
6076 17 0.4 42 1 76 0.7 
6083 1 0.9 
6099 10 0.5 24 0.3 28 0 39 0.8 40 0.6 41 0.3 67 0 68 0.8 92 0.7 93 0.7 
6114 5 0 7 0.5 11 0.8 36 0.9 41 0.7 85 0.9 88 0.7 
6188 8 0.6 40 0.7 
6263 10 0.7 12 0 31 0.6 80 0.8 82 0.6 
6674 8 0.8 15 1 18 0 22 0.5 26 0.5 31 0 62 0 81 0 92 0 
7086 7 1 20 0 26 0.8 33 0 45 0.4 61 0.6 
7187 14 0.3 53 0.3 
7347 41 0.4 94 0.3 
7446 30 0.9 52 0.5 58 0.4 67 1 77 0.7 80 1 
7558 6 0.6 19 1 72 0 75 0.4 88 0 
7599 11 0.7 41 0.6 50 0 54 0.8 62 0.3 63 1 64 0.7 69 0.9 90 1 98 0.8 
7682 94 0.6 
7684 6 0.8 38 0.6 57 0.6 64 0 
7728 22 0.5 24 0 65 1 67 1 
7795 11 0.6 36 0.7 38 0.8 40 0 69 0.4 82 0.8 92 0.4 96 0.6 98 0.6 
7814 61 0.8 
7820 14 0.9 28 0 30 0 43 0.7 51 0.9 58 0 68 0.8 71 0.7 
7832 32 0.8 58 0 84 0.3 
7838 35 0 54 0.5 
8714 54 1 
8737 24 0.6 25 1 27 0 67 0.8 80 1 99 0.4 
8960 1 0.6 6 0.5 7 0.5 25 0.3 53 0.3 78 0 98 0.3 
9095 19 0.4 36 0.6 38 0.9 40 0.9 51 0.6 67 0.5 69 0.5 85 0 90 0.9 
9174 15 0.9 50 1 65 0.5 69 1 
9210 10 0.5 25 0 47 0 60 0.4 66 0.4 86 0.3 
9215 18 1 26 0.7 36 0 40 1 45 0.8 48 1 56 1 61 0.4 87 0.5 
9248 11 0 20 0.9 22 0.9 32 0 55 0.6 59 0.7 67 0.7 
9251 1 0.3 15 0.6 17 0 50 0.7 55 0.5 62 0.5 64 0 65 0.8 97 1 99 1 
9429 16 1 20 1 31 0 34 0.7 45 1 72 0.4 81 0.8 95 0.6 97 0 99 0.8 
9451 31 0.6 33 0.7 43 0.8 56 0.5 68 0.8 69 0.6 
9523 6 0.3 22 0 37 0.6 42 0.4 48 1 
9524 7 0 12 0.3 16 0.8 30 0 52 0 55 1 72 0.3 84 0 93 0.9 
9533 0 0 12 0 13 0 23 0.7 26 0.4 59 0.8 68 0.8 75 0.8 80 0.4 90 0.6 
