100
6 64 0.8 67 0.5 81 1 
76 14 0.5 42 0 49 0 59 1 60 0 61 0.3 64 0.8 67 0.8 93 0.8 
175 5 0.3 7 0 33 0 38 0 44 0.3 45 0.9 79 0.4 88 0 97 0.4 
302 4 0.3 11 0.6 22 0.5 65 0.8 75 0.4 80 0.5 89 0.6 94 0.6 
388 3 0.9 23 0.3 24 0.3 32 0.3 73 0 78 0.6 81 0.3 89 0 96 0.5 
429 33 0.7 94 0.9 
563 4 0.7 9 0.5 10 0.7 12 0 55 0.3 58 0.9 62 0.9 67 0 
570 22 0.8 25 0.3 53 0.3 63 0 64 0.6 86 0.8 
641 10 0.9 20 0.9 21 0 37 0.6 46 0 64 0.4 72 0 75 0 76 0.3 97 0.8 
702 25 0.7 32 0.8 83 0 99 0.3 
783 44 0.5 47 0 
938 97 0.7 
989 7 0.9 15 0.6 34 0.8 61 0 64 0 76 0.9 82 0.8 91 0.6 
1005 1 0.3 22 0 29 0.3 31 0 44 0 51 0.7 58 0 66 0.3 74 0.3 90 0.4 
1244 7 0 25 0.8 40 0 55 0.7 72 0 81 1 82 0.6 87 0.3 90 1 
1370 1 0 13 0.6 26 0.7 34 1 
1776 3 0.7 47 0 54 0.8 62 1 68 0.4 70 0 89 0.7 
1835 18 0.8 
1850 4 0.9 12 0 34 0 38 0 48 0 59 0.3 61 0 74 0.7 87 0.3 
1868 8 0.6 14 0.8 16 0.9 35 0.9 48 0.8 64 0 94 0.5 
1994 95 0 
2131 61 0 72 0.9 73 0.5 78 0 96 0.4 
2187 15 0.6 
2462 6 0 7 1 17 0.7 19 0.8 46 0 57 0.9 65 0 69 0.8 78 0.5 86 0.3 
2472 86 0 
2610 1 0.9 8 0 40 0.4 44 0 51 0.5 80 0 86 0.4 
2684 18 0.5 
2771 90 0 
2835 11 0.9 28 1 63 0 94 0.5 
2876 9 0 31 0.3 75 0.4 85 0.6 
2930 7 0.3 19 0.9 37 0 65 0.8 77 0.6 81 0.5 
3187 3 0.7 5 0 20 1 44 0.8 76 0.6 88 0.5 
3396 3 0.7 21 1 94 0 
3488 3 0.9 43 0 44 1 
3590 5 0 31 1 66 0.3 77 0 90 0 96 0.3 
3720 11 0.5 20 0 30 0.9 95 0.4 
3773 1 0.4 3 0.6 4 0.4 12 0.7 15 0.8 34 0 58 0.5 81 1 93 0.5 
3967 1 0.4 11 0.4 15 0.8 23 0.4 47 1 54 0.4 60 0.5 65 0.9 99 0.3 
4037 16 0.9 32 0 37 0 43 1 72 0.9 81 0.9 82 0.4 84 0.6 
4056 8 0.5 15 0 32 0.3 50 1 58 1 77 0.9 94 0 
4125 6 0.4 13 0.7 26 0 27 0.5 44 0.6 45 0.3 67 0 83 0.7 87 0 
4319 88 0.9 
4366 11 0 64 0.7 73 0.8 
4412 26 0.5 83 0.9 
4455 34 0.8 40 0.5 56 1 68 0.6 94 0.7 
4464 3 0 20 0.5 50 0 64 0.9 68 0 88 0.5 95 0 
4499 35 0.5 68 0.6 88 0.4 
4546 67 0.9 86 0.5 
4622 44 0 
4818 17 0.6 23 0.8 33 0.5 38 0.5 67 0.8 80 0.9 88 0 
5101 7 0 59 0.4 65 0 66 1 70 0 74 0.4 93 0 
5248 15 0.9 27 0.5 41 0 82 1 
5262 32 0 93 0.4 
5280 31 0.3 36 0.7 69 0 
5563 61 1 70 0.5 
5595 19 0.4 24 0.8 35 0.9 42 1 52 0 58 0.8 66 0.6 77 0 97 0.4 
5650 79 0.7 
5672 35 0.7 72 0 91 1 
5926 32 0.9 34 0.5 84 0.5 
5976 15 0 69 0.6 72 0.9 75 0.3 86 0.6 
6106 5 0.7 6 0.4 8 1 11 1 16 0.8 22 0.6 74 0.7 91 1 
6170 4 0 13 1 27 0.8 29 0.4 30 0 35 0 43 0.8 59 0.5 61 0.7 
6318 13 0.4 27 0.9 44 0.4 56 0 68 0.4 72 1 73 0.3 75 0.8 80 0 
6519 15 0 16 0.4 28 0 73 1 82 0.3 98 0.9 
6548 66 0.8 75 0.4 81 0 96 1 
6701 20 0.7 25 0.5 
6860 17 0 45 0.9 58 0.4 96 0.5 
7042 22 0 45 0 55 0.3 57 0 91 0 
7064 74 0 
7285 0 0.4 13 0 22 0.5 68 0.4 79 0 
7401 4 0.9 42 0 88 0.7 91 0.5 
7415 65 0.7 
7459 15 0 20 1 28 0.5 55 0 60 0.9 82 0 96 0.7 
7610 6 1 12 1 14 0.4 51 0.6 80 0.4 81 0.8 
7676 34 0.6 50 0.8 53 0.4 55 0 63 0.5 64 0.4 81 0.9 83 0.7 89 0.9 90 0.9 
7694 41 0.9 67 0 83 0.5 95 0 
7887 5 0.5 9 0 33 0.6 50 0 74 0.8 
8073 24 1 37 0.3 38 0 44 1 70 0.7 87 0 
8098 22 0.7 50 0.4 57 0.7 74 0.4 88 1 98 0 
8115 4 0.7 12 0.4 15 0.5 19 0.6 20 0 39 0.3 44 0.8 58 0.3 70 1 83 0.6 
8210 15 1 20 0.4 45 0.5 
8276 16 0.6 22 0.4 45 0.5 70 1 79 0.4 80 0.3 95 0.3 
8323 34 0.7 36 0.6 56 0 61 0 62 0.7 66 1 85 0.4 94 0 99 0.6 
8421 8 0.9 40 0.4 41 0.3 60 0.9 87 0.3 95 0.9 
8469 11 0.7 
8597 6 0.5 30 0.9 43 0.5 59 0 60 0.4 
8614 2 0.3 7 0.7 22 0.9 27 0.4 41 0.9 45 0 71 0.8 87 0.4 90 0.4 99 0 
8788 2 0.3 20 0.4 34 0.8 40 0.4 48 0.5 58 0.9 72 0 83 0 
9100 49 0.9 50 0.6 51 0.7 97 0.3 
9195 0 0.9 7 0 9 0.3 10 0 
9247 29 0.8 82 0.7 98 0.9 
9297 14 0 24 0.7 26 0.7 31 0.9 52 0.8 72 0.3 80 0 89 0 99 0.4 
9335 51 0.5 54 0.4 57 0.7 58 0.7 67 0.8 70 0.7 89 0.7 97 0.3 
9514 17 1 20 0.5 61 0.5 65 0 70 0 
9688 4 0.4 17 0.6 71 0.3 
9781 89 0.5 
9858 8 0 33 0 34 0.4 53 0 93 0 
9943 13 0.5 15 0.4 32 0 49 0.8 51 0.3 92 0 
9970 6 0 13 0.5 21 0.7 22 0.6 23 1 33 0.7 66 0 86 0.4 90 0.8 
9987 40 0.8 
