100
35 0 0.3 6 0.4 16 0.8 20 0.5 52 1 53 0 59 0.3 73 0.5 93 0.3 
67 43 0.8 92 0.8 
73 28 0.4 84 0.9 
259 72 0.9 87 0.3 
356 61 0.4 
363 22 0.6 
370 12 0.4 34 0.4 36 0.6 44 0 65 0.3 70 0 92 0.8 95 0 
371 3 0.3 24 0.7 
381 16 0.4 26 0.4 45 0 79 1 83 0.3 86 0 91 0 96 0.7 
525 9 0.4 21 0.6 37 0.6 71 0.4 73 0.9 89 0.5 95 0.4 96 0.5 
966 10 0.5 13 0.7 30 0.6 56 0.7 74 0.9 80 0 81 0 90 0 
986 5 0.4 14 0 27 0 37 0 53 0.8 66 0.8 83 0.8 84 0 
1114 3 0.9 15 0.3 18 0.5 33 0 39 0 41 0.5 80 0.4 96 0.8 
1148 1 0 4 0.3 20 0.6 24 0.7 29 0 33 0 79 0.4 93 0.8 94 0 99 0 
1392 26 0 29 0 46 0.9 53 0.9 66 1 68 0.8 77 1 81 0 93 0.7 
1462 80 0.9 89 0.5 
1609 1 0.9 12 0.6 19 0 29 0.9 51 0 53 0 59 0.8 77 0.6 81 0 99 0.4 
1619 13 0.8 20 0.5 22 0.6 23 0.9 57 0.9 72 0.7 77 0.6 93 0.7 95 0.7 
1660 8 0.3 11 0 23 0.7 25 0 40 0.8 50 0.5 57 0.8 58 0.5 60 0.7 84 1 
1680 15 1 18 0.6 43 0.5 44 0.6 58 0.3 
1682 91 0.6 
1697 17 0.4 43 0.8 58 1 
1705 12 0.4 55 0.6 
1707 15 0.5 32 0.8 40 0.6 41 0 44 0 68 0 74 0 89 0 99 0 
1998 15 0 
2197 40 0.7 60 0 
2557 23 0.3 24 0.8 33 0.9 37 0.4 81 0.7 93 0.6 
2574 14 0.9 17 1 37 0.5 58 0.9 62 0.9 78 0.3 88 0.7 
2619 14 1 26 0 30 0 62 0.7 76 0 88 0.6 90 0.6 
2663 8 0 26 0.7 36 0 60 0.4 
3062 55 0.8 99 0.4 
3174 98 1 
3264 13 0.5 15 0.8 26 0 31 1 42 0.9 66 0.7 77 0.3 83 0.9 
3483 27 1 93 0 
3495 0 0.5 15 0.3 25 0 37 0.3 40 1 44 1 80 1 89 0 91 0 92 0.5 
3534 6 0.4 70 0.4 
3553 15 0.6 25 0.3 29 0 54 1 77 1 
3629 5 1 39 1 45 0.5 65 0.7 66 0.4 71 0.4 83 0.6 
3744 1 1 3 0 14 1 21 1 32 0.8 47 0 93 0.3 94 0 97 1 
3789 36 0.4 72 1 
3817 6 0.6 24 1 29 0.7 43 0.6 75 0 
3850 11 0.8 16 0.7 44 0.4 56 0.4 88 0.4 
3876 78 0 
4205 17 0 26 0.3 44 0.5 54 0.8 62 0.9 63 0.6 64 0 77 1 89 0.4 90 0 
4269 6 1 12 1 29 0.4 51 0 57 0.4 62 0.7 75 0 80 0 
4449 1 0 4 0 52 0.9 59 0.3 63 0.6 86 0.7 90 0.6 92 0.7 
4643 1 0.3 6 0.6 14 1 20 0.8 23 0.3 53 0.7 66 0.6 
4663 26 0.8 
4945 34 1 49 0.9 52 0 57 0 64 0 90 0 93 0.9 99 0 
5080 3 0 10 0.7 14 1 30 0.9 39 0 40 1 46 0 50 0.9 63 0.7 
5123 12 0 36 0 38 0.6 51 0.7 59 1 71 0.5 75 0.4 96 0.6 
5153 74 0.9 75 0.8 76 0.6 94 0 98 0.3 
5306 31 0.8 
5402 26 0.5 47 0.3 66 0.9 78 0.3 
5531 0 0.9 4 0 6 0.7 41 0.4 43 0 57 0.9 94 0.5 95 0.8 
5715 6 0.4 20 0 55 0 62 0.9 75 0.3 
5726 24 0.6 25 0.6 70 0.8 
5762 68 0 90 0.4 
5867 93 0 
5901 34 0 79 1 81 0 82 0.4 85 1 87 0.8 92 0.3 
6117 59 0.9 
6155 1 0 39 0.6 68 0 77 0 94 0.7 
6196 10 0.6 13 0.8 24 0 26 0 32 0.3 54 0.8 63 0 81 0.4 
6212 19 0 62 0.6 91 0 
6317 4 0.7 12 0.3 42 0 57 0 78 0.6 81 0.5 
6447 36 0.9 72 0.4 75 0.3 88 1 
6603 5 0.9 8 0 11 0.6 31 1 42 1 54 1 65 0 74 0.9 
6858 8 0.3 13 0 16 0.6 17 0.9 19 0.9 54 0.4 82 0.8 
6944 3 0.8 19 0.8 89 0.4 94 0.4 98 0 
7075 5 0.5 15 0 20 0.8 34 0.6 40 0.7 41 0 62 1 63 0.3 65 0 85 0.7 
7306 24 0.5 31 0.5 37 0 54 1 66 0.4 68 0.9 81 0.3 87 0.5 
7347 41 0 94 0.3 
7393 36 0.6 64 0.8 65 0.5 96 0 
7440 1 0 
7649 12 0 16 0 26 0.4 35 0 40 0.6 78 0.4 80 0.8 84 0.9 
7720 10 0.7 11 0.7 14 0 20 0 41 0.7 46 0.9 51 0.9 58 0 75 0.4 98 0 
7741 10 0.9 45 0.4 61 0 92 0.8 
7934 1 0.7 25 0.9 40 0.6 53 1 57 0.3 66 0.4 
7959 18 0.4 25 0 34 0.6 70 0.4 75 0.7 77 0.5 78 0.3 81 0.5 89 0.7 98 0.8 
7974 14 0.4 27 0.9 35 1 37 0 43 0.7 64 0 68 0 71 0.5 
8065 79 0.4 
8254 0 1 14 0.7 31 0.8 36 0.9 67 0 78 0.5 85 0 89 0.9 
8299 23 0.5 24 0 35 0 51 0.5 54 0.6 55 0.3 57 0.4 77 0.3 84 0.4 96 0.8 
8354 0 0.7 12 0.9 15 0.3 17 1 40 0.7 54 0.9 65 0 90 0.5 91 0 
8410 4 0 53 0.3 64 1 92 0 
8507 25 0.7 29 0.5 
8632 6 0.9 17 0.3 27 0.7 49 0 69 0.8 79 1 96 0.4 98 0.8 
8828 12 0 16 0 90 0 
8847 3 0.6 8 0 27 0.7 47 0.3 60 0.8 86 0.7 98 0.8 
8869 61 0.8 71 0 77 0.9 
9012 98 0.6 
9030 9 0.7 16 0 18 0.4 27 0.7 29 0.6 39 1 55 0.4 86 0 
9115 32 0.8 
9366 21 0.8 29 0.3 35 1 44 0.6 65 0.8 67 0 78 0 79 0 
9464 8 0.7 58 0 
9644 25 0.5 29 0 56 0 72 1 88 0.3 
9645 6 0.3 24 0 29 0.9 69 1 75 0 96 0.4 
9684 18 0.7 37 0 75 0.4 77 0 82 0.6 95 0.4 
9869 3 0.7 9 0 15 0 42 0.5 74 0.4 85 0.6 96 1 98 1 
9913 22 0.5 24 0.3 39 0 61 0.9 92 0 98 0.5 
