100
125 24 0.6 27 1 48 0 53 0.3 94 0 
146 8 0.8 39 0.5 61 0.9 75 0.4 91 0.6 
161 9 0 21 0.7 36 0.8 66 0.8 94 0.9 
297 79 0 
327 2 0.6 12 1 18 0 33 0 65 0.7 94 0 
451 4 0.6 29 0.6 30 0.3 34 1 35 0.3 39 0.9 43 0.7 92 0.4 
488 0 0 55 0 61 1 73 0.6 
526 0 0.8 11 0.3 18 0 32 0 50 0.7 54 0.8 74 0.5 92 0.7 93 0 96 0 
534 44 0.8 
563 4 1 9 0.4 10 0.5 12 1 55 0.3 58 0.8 62 0 67 0.8 
589 1 0.4 18 0.9 28 1 30 0 35 1 44 0.8 49 0.4 97 0.8 
637 2 0.9 13 0 35 0.3 45 0.5 59 1 65 0.5 98 0.3 
648 32 0.9 33 0 44 0.6 48 0 67 0.9 73 0.8 
1111 55 0.6 
1188 6 0.8 17 0 36 0.5 41 0.5 68 0 
1264 11 0.7 27 0.3 71 0 87 1 
1348 4 0.8 11 0 18 0.4 23 0 59 0.9 76 0.3 85 0.6 95 0.3 
1355 3 0.6 24 0.6 26 0.6 47 0 72 0.8 73 0.3 
1401 8 0.6 
1490 2 0.4 24 0 45 0 49 0 52 0 56 0.4 74 0 88 0.3 94 0 
1573 7 0.8 9 1 13 0 17 0 28 0.5 39 0.8 42 0.3 58 0 76 0 
1779 19 0.9 22 0.4 25 1 30 0.4 39 0.9 48 0.9 53 0 81 0.3 99 0 
1839 12 0 62 0.7 64 0 
1845 20 0.5 42 0.5 72 0.5 89 0.8 
1859 13 0.4 16 0 41 0 59 0.6 79 0.8 85 0.6 
1896 46 0 60 0.8 62 1 71 0.4 87 0.9 96 0 98 0.6 
1906 40 0.8 50 0 54 0.4 56 0.5 69 0.4 85 1 98 0.5 
1932 67 0.4 
2102 19 0 30 0.3 45 0 54 0 67 0.5 
2148 13 0.8 31 0.6 36 0.9 66 0.9 
2156 19 1 36 0.4 41 0 77 0.7 
2370 22 0.8 43 1 
2547 15 0.9 92 0 98 0.3 
2584 25 0 62 1 89 0 
2585 14 0.8 24 0.3 33 0.6 53 0.8 74 0.9 93 0.6 
2635 47 0.8 63 0.3 88 0.3 
2715 8 0 26 0.7 54 0 58 1 98 0 
2783 3 0.3 26 0 68 0.9 76 0.3 93 0 
2789 19 0 25 0 51 0 81 0.6 82 0.3 
2869 28 0 56 0.9 69 0 80 0 93 0.8 
3163 11 0 58 0.7 81 0 
3196 16 0.4 25 0.3 29 0 36 0.8 82 0.7 85 0.3 91 0 
3356 18 0.9 22 0 32 1 37 0.6 47 0.3 67 0.8 73 0 84 0.9 85 1 89 0.5 
3445 18 1 22 0.7 
3574 1 0.5 25 0 27 0.8 35 0.8 71 0 73 0 
3825 93 0.5 
4020 9 1 25 0.3 43 0.4 75 0.8 83 0.7 94 0 
4204 10 0.9 36 0.3 38 0.8 56 0.4 69 0.9 73 1 76 0.5 98 0.6 
4320 27 0 29 0.8 31 0.7 49 0.5 56 0.6 80 0.6 90 0.5 
4421 8 0.3 37 0.5 47 0 53 0 58 0.3 60 0.8 62 0 65 1 92 0.6 98 0 
4578 19 1 29 0.9 50 0.7 66 0 84 0.8 
4622 44 0 
4727 53 0 
4786 7 1 9 0.6 11 0.4 29 0 54 0.8 80 0.7 86 0.3 
4797 12 0.8 64 0.9 93 0.8 
4902 7 0.9 18 0.7 20 0 32 0 59 0.8 64 0.6 72 0.9 76 0.7 85 0.5 
4989 1 0.9 5 0 20 0 23 0 37 0 77 0.8 82 0.9 84 0 86 0.6 92 0.8 
4996 5 1 15 0.9 25 0.6 30 0.5 44 1 52 0 55 0.8 66 0.5 69 1 
5075 4 0 16 0.3 19 0 25 0.4 28 0.6 33 0.4 46 1 59 0 79 0.9 88 0 
5131 2 0.7 11 0.8 25 0.8 30 1 33 0.4 37 0.8 44 0.3 91 0 
5218 16 0.8 28 0 46 0.5 48 1 51 1 64 0.7 70 0 81 1 
5307 21 0.6 69 0 77 0.5 87 0 
5470 6 0.9 14 0.3 17 0.6 22 0.3 32 0 40 0.7 51 0.7 61 0.9 79 0.3 
5507 4 1 9 0.4 37 0.4 41 0.4 53 0.7 69 0.9 78 1 79 0.5 94 0.7 
5964 2 0.6 38 0.6 49 0 59 0 
5968 3 1 
6011 27 0 28 0 39 0.4 40 0.3 47 0.7 49 0.5 63 0 70 0 87 0.3 
6063 9 0 17 0 30 0 45 1 68 0.3 69 0.7 82 0.4 99 0.6 
6167 18 0.9 29 0 47 0.7 51 0 73 1 79 0 
6427 23 0.4 42 0.9 48 0.3 91 0 
6568 9 0 27 0 59 0 
6834 5 0.4 10 0 23 0 
6892 38 0 51 0.5 61 0.8 64 0.6 70 0.8 72 0 80 0.5 90 0 
6902 6 0.7 13 0.7 37 0 44 0.6 66 0 90 0 98 0.9 
7635 55 1 
7680 12 0.4 36 0 54 0 67 0 72 0.7 76 0.6 77 0.6 82 0 91 0.7 99 1 
7937 3 0.5 80 0.6 
7978 32 0.8 50 0 55 0 66 0.5 72 0.7 79 0.6 95 1 
8007 42 0.5 89 0 
8020 14 0.3 41 0 43 0.8 44 0.3 58 0.6 86 0.4 92 0.7 96 0.4 
8056 6 0.7 12 0 29 0 46 0 62 0.4 73 0.9 85 0.8 87 0 89 0.4 
8232 13 0.7 23 0 97 0 
8403 3 0.9 10 1 25 1 38 0.3 48 0.3 61 0.4 72 0.5 73 0.3 92 0 96 1 
8451 3 0 7 0.5 22 0 27 0.8 38 0.4 39 0.8 43 0 69 1 75 0.7 
8452 1 0 47 0.8 66 1 78 0.9 82 0.5 86 0.7 
8587 1 0.3 35 0.4 39 0.5 41 0 50 0.9 67 0.3 84 0.8 86 0 92 0.4 
8758 39 0.3 46 0 50 1 86 1 98 0.9 
8830 14 0 40 0.4 61 0 68 0 69 0.9 71 0.4 77 0.9 83 0.4 88 0 
8897 4 0.9 39 0.3 
8898 27 0 
8989 48 0.5 67 0 69 0.6 88 0 89 0.7 
9012 98 0 
9072 3 0.7 12 0.9 15 0.3 21 0.5 27 0.6 60 0.3 64 0.6 73 0.3 81 0.4 
9158 1 0.7 10 0.7 16 0.9 18 0 39 0.8 56 0 59 0.3 77 1 85 0 
9217 14 1 19 0 40 0.5 64 0 
9259 24 1 
9527 0 0.4 31 0.9 36 0.9 40 1 42 0 96 0.8 
9567 8 0.8 
9729 25 0.7 38 0 58 0.3 59 0 68 0 69 0.6 76 0.8 80 0.9 
9900 2 0.5 3 0.8 26 0 34 0.4 56 1 70 0.6 74 0 83 0.5 94 0.8 95 0 
