100
158 24 0 37 0 50 1 58 0 60 1 66 0.5 72 0.3 75 0.7 78 0 79 0.5 
303 10 0.8 11 0.7 24 0 43 0.7 54 0 66 0.8 89 0.6 95 0.4 99 0.6 
351 11 0 16 1 22 0.3 75 0.9 
593 42 0 45 0.9 53 0.4 55 0.8 72 0.5 
598 57 0.5 60 0.8 62 0.5 64 0 98 0.5 
682 19 0.4 81 0.9 87 0.4 91 0.6 
762 43 0 75 1 99 0.6 
869 23 0.5 60 0.5 93 0.7 
913 16 1 18 0 23 0.9 31 0.4 54 0 
955 29 1 38 0 74 0.3 
962 17 0 20 0.6 50 0.5 53 1 93 0.7 
992 3 0.5 12 0 44 0.5 56 0.5 63 0 73 0.3 75 0 90 0.3 97 0.7 98 0 
1018 11 0.3 15 0.4 31 1 52 0.7 68 1 80 1 81 0 88 0 90 0.3 91 0.5 
1065 32 0 56 0.5 61 0 68 0 82 0.9 85 0.8 91 0.6 
1118 13 0 33 0.9 37 0.7 
1397 15 0 24 1 45 1 63 0.3 73 0.4 85 0.5 94 0.6 97 1 
1439 51 0 58 0.7 65 0.3 73 1 80 0.8 86 0.4 90 0.6 
1447 20 0 25 0.5 45 0.4 49 0.8 76 0.8 83 0.5 94 0.5 95 0.4 96 0.3 
1502 67 0.3 
1580 5 0.9 8 0 22 0.5 28 1 52 0 60 0.3 71 0.8 90 0.5 
1588 0 0.3 6 0 25 0.8 28 0 32 0 41 0.7 56 0.3 73 1 79 0.5 89 0 
1663 2 0.8 15 0 20 0 27 0 62 0 74 0.4 97 0.9 
1664 14 0.5 77 0 88 0.8 
1747 22 1 58 0 85 1 
1781 5 0.7 7 0.5 12 0.9 14 0 57 0.9 71 0 
1909 1 0.5 2 0.7 8 0.9 24 0.5 56 0.8 67 0.8 92 0.9 
2014 8 0.4 10 0 27 0.8 32 0.7 41 0.4 49 0.6 64 0.8 82 0.8 89 1 95 0 
2024 2 0.9 10 0.5 24 1 43 0.5 
2100 1 1 28 0.5 42 0.3 48 0.6 49 0.4 64 0.9 88 0.3 90 0.9 93 1 
2324 13 0 27 0 30 0.3 62 1 81 0 
2409 19 0.5 
2415 4 0.8 6 0.9 14 0.9 19 0.7 20 0.8 79 0.5 80 0 98 0.7 
2479 1 0.9 2 0.5 18 0 21 0.6 44 0.3 48 0.5 95 0.4 
2522 22 0.4 48 0.7 
2709 33 0.4 43 0 45 0.4 93 0.3 
2854 11 0.9 41 0.3 44 0.7 
2921 46 0.8 53 0.5 66 0.3 73 0 93 0.5 
2970 18 0.9 40 0.5 42 0 51 0.8 79 0.6 89 0.8 97 0.6 
3135 33 0.7 91 0 
3223 8 0.7 12 0 19 0.9 
3378 36 0 61 0.4 66 0 74 1 
3672 81 1 82 0.4 91 0.9 92 0.5 
3681 40 0.8 
4224 38 0.8 
4426 20 0.5 
4528 13 0.7 22 0.6 36 0 43 0.5 44 0.4 51 0.6 52 0.7 65 0 97 1 98 0.4 
4537 8 0.7 14 0.6 39 0 48 1 
4567 47 0.9 
4633 21 0.6 28 1 36 0.3 38 0.4 39 0.7 41 0.7 46 0 53 0.7 58 0.4 
4834 1 0.6 9 0.3 20 1 28 0 31 0 48 0.4 50 0.4 74 0.5 78 0.5 88 0.5 
4908 27 0.9 28 0 32 0.4 44 0 45 0.4 54 0 80 0.7 
4953 21 0 35 0.5 49 0.5 53 0.9 90 1 
5266 4 0.3 66 0.3 78 0.7 92 0 96 0.4 
5350 1 0 4 0 10 0 11 0.4 51 0.3 57 0.6 72 0 90 0 
5622 25 0.4 31 1 57 0.3 
5679 0 0.8 34 0.3 68 0.4 71 0 75 1 80 0 
5745 6 0 10 0 11 0.7 14 0.7 19 1 39 0.4 51 0.4 68 0.9 69 0 80 0 
5807 13 0 21 0.3 23 0 33 0.7 45 0.5 82 0 86 0 93 0 
5858 46 0.9 49 0.9 71 0 85 0.3 
5901 34 1 79 0.9 81 0.6 82 0 85 0.7 87 0.3 92 0.3 
5944 6 0.9 16 0.6 64 0.4 68 1 83 1 
5971 4 0 37 0.9 42 0.9 76 0.4 94 0.8 
6110 32 0.3 60 0.4 
6182 3 0.9 5 0 24 0.9 54 0.7 
6268 1 0.6 5 0.5 53 1 68 0.3 81 0 
6387 0 0 30 0.8 98 0 
6543 0 0 1 0 4 0.5 19 0.8 29 0 81 0.6 89 0 
6668 5 0 9 0.7 30 0 72 0.4 76 0.7 89 0.3 
6933 11 0.7 42 0.4 51 0.8 
7083 10 0 20 0 55 1 69 0 75 1 88 0.9 90 0.6 97 0.8 
7102 0 0.4 9 0 48 0 56 0.5 82 0.7 92 0 94 0.8 
7107 21 0 
7299 27 0.3 39 0.5 55 0 78 0.9 
7380 8 0.9 17 0.8 61 0.6 69 0.5 97 0.4 
7480 90 0.4 94 0.4 
8055 76 0 91 1 
8066 6 1 8 0 18 0 25 0.9 61 0 62 0 71 0.3 95 0.3 96 0.3 
8123 7 0.9 9 1 21 0.9 22 0.3 53 0 66 0 68 0.7 74 0.4 88 0.8 89 0.8 
8148 11 0 13 0.3 27 0 33 0 39 0.8 45 0.6 46 0.9 49 1 66 0.3 74 0.6 
8227 24 0 38 0.9 45 0 56 0 73 1 83 0 84 0 97 1 
8281 63 0.9 65 0 
8303 78 0.4 87 0.3 
8366 16 0.9 54 1 63 0 
8379 40 0.8 59 0.3 77 1 80 0 
8570 3 0.7 35 0.5 39 0.3 78 0.8 89 0 91 0 94 0 
8672 37 0.6 69 0 88 0.7 
8679 3 0.4 57 0.8 75 0.8 81 1 86 0 
8997 38 0.7 82 0.7 
9019 6 0.3 41 0.8 43 0.7 77 0 82 0.7 
9109 34 0 39 0.4 62 0.5 77 0 87 0.4 98 0.6 
9113 19 0.6 28 0.6 34 0.4 43 0.6 51 0.6 65 0.6 68 0.6 85 0 91 0 
9156 2 0.3 4 1 10 0.4 13 1 29 0.9 32 0.3 47 0.6 71 0 
9158 1 0 10 0.6 16 0.3 18 0.8 39 0 56 0.4 59 0.4 77 0.9 85 0.3 
9203 0 0.9 3 0 18 0.6 26 1 28 0 33 0.6 37 0.5 41 0.3 48 0.6 
9312 64 0.5 
9333 1 0 5 0.7 
9483 55 0 60 0.6 65 0 69 0 75 0.5 76 0.7 
9489 23 0 42 0 50 0 65 0.5 
9531 10 0.4 33 0.3 50 0.7 51 0.8 74 0 88 0.8 96 1 
9656 9 0.8 
