100
100 17 1 
251 52 0.8 
637 2 0 13 0.5 35 0.9 45 0.9 59 0.9 65 0.7 98 1 
655 0 0 2 0.7 4 0 28 0.9 40 0.7 44 0.9 81 0.4 89 0.3 
673 0 0 40 0 41 0.9 56 0.5 59 0.5 70 0 78 0 79 0 
783 44 0.6 47 0 
786 11 0.5 29 0.6 32 0 38 0 40 0.3 53 0 55 0 75 0 78 0.5 89 1 
895 0 0.9 7 0.9 12 0.5 46 0.7 91 0 
930 11 0.4 14 0.9 16 0 40 0.7 42 0 76 0.9 77 0.3 88 0.9 
1069 15 0.9 34 0.7 36 0.8 79 0.7 81 0.4 83 0.7 
1139 6 0.9 23 0.4 36 0.7 87 0 88 0.7 
1238 48 0 69 0.3 
1426 0 0.8 9 0.6 23 0.4 28 0 38 0.3 46 0.4 47 0.6 51 0.5 55 0.5 61 0 
1471 65 0 72 0 96 0.7 
1502 67 0.8 
1576 18 0.4 28 0.7 32 0.8 48 0.9 58 1 60 1 99 1 
1655 64 0.8 
1676 10 0.7 38 0.5 46 0 47 0 48 0 87 0.9 98 0.5 
1894 51 1 63 0.7 65 0.8 70 0.8 93 1 
2169 51 0.6 
2272 32 0.5 47 0.4 
2287 3 0.5 9 0.4 15 0.6 71 0.8 
2345 8 0 26 0.7 39 0.7 62 0.9 75 0.3 83 0 96 0.3 98 0 99 0 
2377 6 0 12 0 17 0.8 54 1 65 0 77 0.7 85 0 
2488 50 0 55 0.6 87 0 
2501 15 0.3 16 0.8 23 0.5 59 0.5 72 0.6 86 1 
2592 10 1 14 0.7 19 0.5 40 0.5 53 0 57 0.5 64 0 77 0.8 
2714 5 0.4 56 0.6 
2826 8 0.5 12 0.4 29 0.3 31 0.5 74 0.4 99 0 
2869 28 1 56 0 69 0 80 0 93 0.5 
3120 4 0.8 13 0 14 0.8 16 0.3 17 0.3 63 0 93 0.5 95 0 
3148 55 0.8 
3209 31 0 47 0.9 61 0.7 
3276 11 0.7 19 0.8 33 0.8 37 0 42 0 44 0.7 64 0.5 69 0 76 0 85 0.8 
3476 43 0.7 80 0.4 
3527 18 0.3 
3537 14 0.8 15 1 17 0.4 24 0.3 40 0.7 93 0.4 
3644 39 0.3 44 0.3 
3675 77 0.9 85 0.7 97 0.5 
3873 6 0 22 0.6 62 0.5 66 1 86 0 94 0.4 
3982 24 0 61 0 74 0 75 0.7 
3983 6 0.8 13 0.9 27 0 33 0.3 36 0.6 42 0 63 0.3 82 0.3 85 0.6 99 0 
4128 9 0.9 27 0.5 40 0.3 42 0.4 50 0.7 69 0 74 0.8 
4232 2 0 27 1 29 0 39 0.8 49 0 50 0.6 87 0.5 
4311 9 1 14 0 44 0.5 48 0.8 92 0.5 95 0.9 
4350 99 0 
4447 33 0 
4497 8 0.4 9 0.7 16 0 43 1 64 0.5 86 1 87 0.8 89 0.9 97 0.8 
4516 15 0 35 0.5 50 0 68 0.4 83 0.8 87 0.8 
4539 7 0.3 29 0.5 55 0.6 65 0.3 69 0 82 0.7 93 0.9 99 0 
4583 38 0.3 
4635 1 0.3 7 0.3 9 0.8 25 0 54 0 65 0.3 69 0 82 0 91 0.3 
4664 9 0 15 1 70 0.6 95 0 
4747 0 0.9 2 1 40 0.9 42 0.6 48 0 62 1 72 0.5 94 0.9 95 0.8 98 0 
5056 0 0 3 0.3 86 0.7 
5106 16 0.7 61 1 
5159 75 0.4 
5235 4 0 59 0.3 87 0.7 93 0.5 
5238 1 0 2 0 5 0.5 65 0.3 
5267 21 0 41 0.9 90 0.5 
5613 52 0.5 
5652 3 0.8 24 0 50 0.5 59 0 68 0.4 74 0 93 0.8 
5680 20 0.6 25 0.3 26 0.8 31 0 36 0.7 71 0.5 77 0 82 0 
6199 53 0 56 0.4 
6262 18 0 27 0.3 38 0.7 46 0.4 47 0.9 50 0.7 63 0 74 0 
6345 0 0.9 23 0.4 32 0.5 34 0 46 1 58 0.9 66 0.3 
6421 20 0 40 0.5 71 0.4 74 0.5 
6426 81 0 94 0.8 
6661 37 0.7 41 0 78 0.3 81 0.3 87 0.5 96 0.6 
6995 4 0.3 8 0.6 34 1 90 0 91 0.5 97 0 
7072 8 0.5 17 0 25 0.6 47 0.6 54 0.7 55 0.7 71 0.3 89 1 99 0.8 
7165 10 1 15 0 25 0.5 43 0.3 46 0.7 48 0.6 64 0 75 0 
7177 35 0.6 53 0 63 0.8 
7301 27 0.7 54 0.6 57 0.3 65 0.6 74 0.6 84 0.6 92 0.6 95 0 
7346 17 0.8 47 0 52 0.4 59 0.4 86 0.4 
7400 26 0 27 0 59 0.9 73 0 85 0.9 89 0.3 
7466 40 1 
7615 0 0.6 2 0 14 0 19 0.6 23 0.7 81 0.9 90 0.5 92 0.4 
7721 0 0.4 33 0 34 0.9 41 0.4 50 0.6 55 0 73 0.6 89 0 90 0.8 94 0 
7789 5 0.7 26 0 42 0 43 0.5 60 1 89 0.9 
7891 29 1 46 0.7 49 0.3 68 0.8 97 0.5 
7894 1 0.5 38 0.4 46 0 48 0.5 49 0.9 66 0.9 67 0.9 85 0.6 99 0.7 
7913 1 0 45 0.6 75 0.7 
7983 15 0.9 23 0.3 38 0.6 41 0 72 0.8 79 0.3 95 0.8 
8029 14 0.8 16 0 31 0 49 0.4 58 0.8 60 0.8 
8060 62 0.8 74 0.6 
8084 14 0.5 15 0 25 0.8 33 0.4 59 0.8 83 0.9 91 0 92 0.7 94 0 99 0.8 
8496 28 0.6 50 0.8 83 0.6 93 0.7 
8507 25 0.5 29 0.8 
8522 1 0 31 0 33 0.6 72 1 96 1 
8588 0 0 2 1 5 0.3 10 0.6 55 0 86 0.8 88 0 92 0 99 0 
8860 80 1 
9112 37 0 57 1 69 0.3 83 0.7 95 0 
9241 9 0 30 0.8 35 0.3 37 0 63 1 67 1 87 0.6 95 0.6 
9294 5 0.9 
9532 78 0.4 
9587 37 0.8 
9734 9 0.6 73 0 
9874 28 0.8 34 0.8 35 0 40 0.5 62 0.7 63 0.9 68 0.9 80 0.6 87 0 
9947 29 0.3 33 0.4 68 0 87 0.9 
