100
53 58 1 84 0 
230 6 0 19 0.4 49 0 53 0.6 76 0.7 78 0 80 0.6 92 0 93 0 94 0 
296 1 0.8 10 0.8 12 0.3 17 0.4 29 0 40 0.8 59 0.4 67 0.8 71 0.5 
461 2 0 5 0.4 16 0 19 0.9 29 0.7 37 0 49 0 50 0.3 82 0 83 0.5 
544 2 0 13 0.9 26 0 44 0 53 0 57 0 60 0 69 0.6 82 0 
592 1 0.9 5 0.4 19 0 21 0.8 68 0.6 88 0 90 0.4 
623 38 0 61 0.9 65 0 70 0.9 86 0.8 96 0 97 0 
712 16 0.9 19 0.8 45 0 66 0 75 0.7 77 0.3 94 0 
823 94 0 
1088 10 0.7 37 0 45 0 47 0 52 0 54 0.6 61 0 65 0.3 69 0.6 78 0.7 
1153 52 0.7 53 0 59 0.9 83 0.5 88 0.5 
1166 5 0.4 13 1 17 0.6 20 0.7 25 0 45 0 49 0.3 59 0.4 84 0.7 
1170 0 0.9 19 0.3 45 0.8 60 0.4 79 0.4 80 0.4 84 0.7 89 0.8 97 0 
1351 4 0 9 0 34 0 40 0 50 0 65 1 74 0.9 78 0.3 99 0 
1446 31 0.7 90 1 
1627 48 0.4 69 1 70 0.9 76 0 84 0.8 89 0 90 0 
1810 3 0 24 1 57 0.7 
1833 44 0.8 46 0 92 0 
1856 20 0.5 47 1 
1857 10 0.4 18 0 46 0.9 50 1 
1920 12 0.4 50 0.3 85 0.9 86 0.9 
1944 7 1 46 0.7 50 0.9 62 0.3 64 0 67 0 
2087 8 0 44 0.8 56 0 62 0.8 73 0 88 0.9 
2091 4 0.8 18 0.8 45 0 50 0.9 55 0.3 59 0 
2142 24 0.5 60 0 89 0.3 
2433 4 1 14 0 27 0 33 0.7 36 1 57 0 82 0 91 0.6 
2682 3 0.9 18 0 19 1 20 0.8 24 1 27 0.9 69 1 76 0 90 0.8 
2709 33 0.4 43 0.8 45 0.5 93 0.6 
2823 33 0 
2910 22 1 
3105 10 0 29 0.5 36 0.7 94 0.8 
3280 41 0 56 0.9 
3294 6 0.8 7 0.6 37 0 53 0 59 0.8 61 0.9 65 0.8 73 0.6 81 0.4 86 0 
3369 23 0.4 38 0.9 39 0.6 45 0 
3380 12 0.8 18 0.6 34 0 37 1 38 1 41 0.3 69 0.6 85 0.8 86 1 98 0.6 
3467 10 0.3 69 0.6 93 0.3 94 0.5 
3695 17 0.6 21 0.8 22 0.5 30 0 46 0 59 0.4 64 0 96 0.8 
3820 11 0.5 27 0.5 38 0.5 58 0.4 81 0 90 0.6 93 0.9 
3871 9 0.8 42 0.9 58 0.8 73 0 88 0.5 97 0 
3878 3 0.3 68 0.8 81 0.7 
3954 2 0.8 28 0.8 32 0.9 34 0 36 0.3 75 0.5 76 0.3 86 1 
3991 17 0.3 25 0.9 32 0.3 33 0.8 38 0.9 57 0 80 0 89 0.7 96 0.8 
3994 28 0.9 42 0.9 45 1 81 0.6 95 0.7 
4152 21 0.5 60 0 66 0.4 84 0.5 91 0 
4217 23 0.8 46 0.4 74 0.4 
4542 24 0.3 45 0 51 0 71 0 82 0.4 84 1 
4692 11 0.4 30 0 69 0.9 90 0 
4758 4 0.6 21 0 25 0.9 30 0.8 38 0 54 0 56 0.3 58 0 69 0.4 
4837 55 0.6 
4922 20 0.3 79 0.5 90 1 
4963 64 1 
5219 30 0.7 38 0 77 0.8 78 0.8 
5324 14 0 40 0 
5491 39 0 85 0 90 0 
5630 2 0 24 0.8 27 0 56 0.3 76 0.8 84 0.4 95 0.6 
5652 3 0.5 24 0.8 50 0.7 59 0.9 68 0.3 74 0.7 93 0 
5759 1 1 4 1 37 0 45 0.8 47 0.5 69 1 85 0 92 0.7 
5805 24 0 41 0 43 0 62 0.5 66 0.6 
5824 16 0 20 0.5 23 0.3 41 0 47 0 53 0.8 57 1 64 1 
5848 2 0 21 0.7 38 0.5 46 0.4 51 0 62 0 76 0.3 81 0 85 0.8 90 0.4 
5898 9 0 35 0 44 0.9 47 0.3 64 0.8 65 0.8 
6340 45 0.9 63 0.8 71 0.6 
6480 24 0.5 52 0 56 1 71 0.9 
6553 40 0.3 55 0 81 0 
6608 23 1 29 0.9 38 0.9 64 0 68 0.7 74 0.3 
6782 16 0.5 22 0.7 24 0.5 30 1 31 0.7 33 0.5 49 0.9 63 0.7 69 0.6 83 1 
6926 5 0 8 0.6 53 0.6 72 0.5 82 0.8 97 0 
6950 8 0.5 10 0 37 0 53 0 72 0.8 76 0.7 93 0.7 97 0.6 
6975 16 0 35 0.7 52 0.9 67 0.6 98 0.3 
7068 41 0.5 56 1 79 0.7 88 0 
7207 74 0.4 78 0 
7305 15 0.8 50 0.8 59 0.8 
7377 8 0.8 23 0.5 28 0 37 0 
7462 4 0.6 9 1 41 0 58 0 67 0.5 
7508 1 0 2 0.5 7 0.9 10 0.3 13 1 53 0.3 64 0.7 75 0 
7670 35 0.8 41 0.7 42 0 66 1 67 0 70 0 
7675 1 0 52 1 61 0.8 
7699 29 0.7 78 0.4 82 0.7 
7877 90 0.4 92 0.8 
7995 42 0.9 50 0.4 59 0.7 
8134 13 0.4 18 0.6 34 0.3 35 0.4 46 0 51 0.4 69 0.3 70 0.4 94 0.8 99 0.5 
8152 85 0.3 
8259 21 0.6 74 0.6 92 0.9 96 0.6 
8263 29 0.4 66 0.6 74 0.6 
8307 14 0 24 0.3 43 0.5 67 0 
8446 10 0.6 64 0.3 68 0.9 75 1 96 0.6 
8500 9 0.9 11 0.6 58 0.5 59 0 60 0.5 62 0.4 93 0.9 
8736 16 0.7 21 0.7 29 0.3 43 0.7 50 0.7 70 0.7 83 0 87 0 
8958 4 0 10 0.3 33 0.4 38 0.3 41 0.4 52 0.4 61 0.5 77 0.9 
8973 24 1 59 0.6 64 0 73 0 79 0.7 98 0 
8985 4 0.7 16 0.5 22 0.9 43 0.8 86 0 87 0 93 0.3 
9092 1 0.8 5 0.3 33 0 49 0.4 50 0 63 1 71 0.9 
9106 2 0 20 0 30 0 38 0.4 60 1 64 0 78 0.9 
9226 21 0.6 22 0 67 0.4 93 0.6 94 0.9 96 0.3 
9389 0 0 37 0.4 41 0.3 58 0.4 63 0.4 69 0 84 0 
9413 6 0 35 0 53 0.4 96 0.3 
9576 1 0 3 0.5 9 0.5 12 0.5 30 0.8 66 0.8 81 0.5 82 1 
9640 1 0 59 0.6 65 0 97 0.9 
9813 4 0.6 23 0.5 42 0 55 0.3 63 0.6 72 0.4 81 0 85 0 
9849 17 0 32 0 
