100
4 2 0.6 7 0.7 18 1 22 1 30 0.3 36 0.3 57 0 68 0 
115 12 0.8 23 1 58 0.4 64 0.6 94 0.6 98 0.7 
142 23 1 63 0.9 69 0.3 
181 21 0.8 30 0.8 33 0.9 61 0.8 79 0.6 82 0.7 
187 52 0.3 61 0.5 76 0.5 98 0.5 
213 1 0.6 
264 8 0.7 13 0 37 0.8 46 0 60 0.5 74 0.4 82 0 
295 12 0.4 41 0 48 0.4 
297 79 0.4 
339 33 1 43 0.4 74 0.7 84 1 
340 7 0 9 0.5 53 0.4 
346 36 0 
416 8 0 11 1 16 0.7 19 0 53 0.8 58 0 64 0 74 0.6 
658 5 0.4 23 0 35 0.6 48 0.6 75 0.4 
700 80 0.4 
763 16 0 17 0.3 19 0.4 26 0.8 34 0.6 43 0.5 55 0 68 0.9 92 0 
794 12 0.5 
824 17 0 36 0.5 59 0 
940 40 0.8 90 0 94 0.3 
1020 0 0.3 2 0.4 6 0 8 0.4 27 0 68 0.5 75 0.3 97 0 
1099 19 0.3 65 0.4 69 0 83 0 
1225 17 0.9 
1284 89 0.8 
1311 38 0.3 44 0.9 
1341 0 0.8 10 0.8 40 0.9 55 0.7 64 0.8 72 0.6 73 0.9 96 0 
1411 15 0.5 20 0 23 0 29 0 83 0 88 0.3 91 0.6 95 0 97 0.8 
1470 21 0.8 37 0 66 0.6 69 1 77 0.7 
1546 15 0.9 22 1 29 1 98 0.8 
1557 3 0 30 1 61 0.3 75 0.8 83 1 86 0.7 92 0 96 0 
1570 21 0.4 88 1 
1692 10 0.7 15 0.7 75 0.5 77 0 80 0.3 
1721 13 0.7 62 0.9 96 1 
1891 11 0.5 20 0.5 26 1 74 0 
2025 0 0.8 3 0.8 11 1 82 0.9 84 1 92 0.6 96 0.7 
2177 0 1 7 0.8 20 1 28 1 30 0 75 1 
2192 13 0.3 19 0 23 0 29 0.3 34 0.8 44 0.8 
2193 22 0.5 83 0.6 
2271 8 0 19 0 25 0.7 28 0.5 34 1 62 0 71 0.9 72 0.8 73 0.8 99 0 
2286 43 0 74 0 
2320 7 0.7 19 0 22 0.5 42 0.4 50 0.8 64 0.4 84 0.4 90 0.8 92 0.3 
2321 10 0.3 37 0.8 56 0.6 60 0.8 61 0.4 71 0.7 73 0.8 78 0.5 93 0 
2390 5 0.3 39 0.9 45 0.9 61 0.4 83 0.7 
2463 14 0.7 16 0.6 34 1 41 0.8 47 0.4 53 0.9 67 0.9 68 1 
2489 5 0.6 14 0 22 0.6 31 0.3 34 0 63 0 88 0.5 95 0.7 
2572 1 0.3 2 0 26 0.9 52 0.8 
2582 23 0.8 27 0 36 0 53 0.9 57 0.7 64 0.6 67 0 90 0.8 
2607 8 0.6 15 0.5 18 0.8 44 0.7 52 0.3 61 1 89 0.5 97 0.9 
2649 0 0.6 5 0.3 37 0.3 49 0 57 0.7 69 0 
2710 45 0.9 
2722 3 0 8 0 15 0.3 48 0.6 66 0.3 72 0.9 82 0.9 85 0.7 86 0.7 91 0 
2810 0 0.7 12 0 29 0.5 38 0 59 1 66 0.4 76 0.3 85 0.8 88 1 94 0 
3009 14 0.4 
3011 10 0.8 24 0.9 32 0 34 0.7 62 0.8 63 0.7 64 0.8 85 0 86 1 
3107 5 1 6 0.4 10 0.4 11 0.7 31 0.9 46 0.5 69 0.9 78 0.8 91 0.5 92 0.6 
3180 8 1 20 0.9 33 0 48 1 49 0.8 54 0.6 60 0.7 63 0.9 67 0.7 72 1 
3185 37 0.5 
3231 17 0 19 0 54 0 55 0.5 77 0.4 89 0.9 97 0.8 
3414 1 0.4 9 0 25 0.5 28 0.5 36 0.8 56 0.8 69 0 86 0.6 
3416 5 0.7 53 0 55 0.7 63 1 71 0.6 72 0.9 74 0.3 75 0.3 87 0.7 
3873 6 0.4 22 0.8 62 0 66 0.7 86 0 94 1 
3922 20 0 65 0 
4047 4 0.8 9 0.3 15 0.4 25 0.6 33 0.6 68 0 70 0.4 79 0 86 0.6 87 0.8 
4049 52 0.6 85 0 88 0.5 
4093 21 0 30 0.8 31 0 74 0 92 0.5 
4184 10 0.5 
4434 2 1 3 0.4 53 1 60 0 63 0 67 0.9 
4442 11 0 27 1 28 1 36 0.3 37 0 45 0.3 55 0 63 0.9 64 0 89 0.7 
4555 11 0 46 0.6 54 0 64 0.3 66 0 68 1 74 0.6 94 1 
4699 13 0.8 31 0.6 65 0.8 72 0.7 85 1 94 0.9 
4945 34 0 49 0 52 0 57 0.8 64 0.8 90 0.8 93 0.7 99 0.9 
5444 13 0.6 35 0.6 41 0 47 0.4 66 0.8 82 0 
5607 34 0.4 35 0.8 63 0.8 76 0.3 
5624 10 0 12 0 36 0.6 38 0.3 76 0 
5748 6 0.4 7 0.3 9 0.7 25 0 26 0.4 29 0.5 47 0 50 0.6 84 0.3 92 0.9 
5822 11 0.3 46 0.9 69 0 85 0.6 99 0 
6063 9 1 17 0 30 1 45 0.3 68 0.5 69 0.5 82 0.5 99 0.7 
6183 10 0 15 0.3 25 0.8 75 0 98 0.5 
6257 30 0.9 42 0 53 0.4 71 0 72 0.6 85 1 96 0 
6267 36 0.3 49 0.4 54 0.3 56 0 57 0.5 73 0.7 86 0.9 95 0.8 
6281 32 0.7 87 1 
6299 17 0.8 43 0.6 88 0 
6322 29 0.8 31 0.4 34 0 35 0.6 44 0.8 69 0 71 0 94 1 
6938 32 0 45 0.6 46 0.3 70 0.8 79 0.5 81 1 97 0 
7105 0 0.7 41 0 44 0.4 52 0.8 61 0 74 0 83 0.8 
7168 2 1 7 0.3 17 0.3 39 1 68 0.6 85 0.3 
7199 6 0.8 11 0.3 24 0.9 27 0.9 30 0.8 38 0.5 40 0.9 67 0.5 68 0.8 99 0.4 
7520 9 0.8 15 0 25 0 44 0.7 88 0 89 0 
7658 10 1 90 0.7 
8316 10 0 21 0 29 0.9 68 1 78 0 92 1 
8359 19 0 27 0.5 28 0.7 35 0.3 56 0.5 64 0.5 74 0 90 1 
8443 9 0.3 12 0 28 0.6 42 0 54 0 57 0.4 63 0.3 67 0.6 78 0.6 95 0.9 
8495 3 1 
8700 18 0.8 68 0.4 72 0.8 
8735 24 1 36 0.9 46 0 50 0.5 57 0.8 64 0.9 73 0.6 
9006 16 0.9 21 0 24 0.6 
9270 15 0.3 23 0.3 58 0 68 0 71 1 
9303 2 1 7 0.3 10 0.5 15 0 17 0.9 25 0.5 26 0.4 39 0.6 54 0.3 85 0 
9741 6 0 30 0 33 0 36 0.8 40 0.4 
9834 43 0.8 88 0.3 
9921 5 0.3 14 0.3 51 0.9 62 1 63 0.4 85 0 
