100
163 6 1 18 0.3 31 0.4 54 0.6 
410 6 0 12 0.3 18 1 45 0.6 62 0.8 77 0 94 0 95 0 97 0.7 
547 8 0.5 12 0.8 41 0 51 0.4 
555 25 0.7 57 0.7 
572 0 0.9 4 0.7 18 0 38 0.7 75 0.6 
712 16 0.8 19 0.3 45 0 66 0.4 75 0.9 77 0.3 94 0 
797 0 0.8 22 0.9 28 0.8 36 0.9 41 1 46 1 59 0 
832 21 0.6 46 0.5 54 0 
903 3 0.5 20 1 67 0.4 86 0.5 91 0 93 1 
906 0 0.5 6 0 30 0.6 34 0.4 35 0.9 37 1 39 0.3 66 0 67 0.9 81 1 
926 27 0.4 35 0.7 37 0.6 48 0.3 50 0.7 92 0.6 
1003 3 0.9 10 0.3 11 0.5 38 0.4 52 0.7 66 0.8 79 0.7 90 0.5 95 1 
1057 16 0.5 33 0.5 35 0.9 37 0.7 40 0.3 49 0.4 50 0.6 59 0.9 76 0 99 0 
1105 11 0.7 31 0 50 0.8 80 0.7 81 0.5 95 1 97 0.6 
1109 26 0 31 0 49 0.5 73 0.4 75 0.3 96 0.8 
1325 11 0 27 0 84 0 92 0 
1356 4 0 14 0 23 0.8 38 1 40 0 62 0 64 0 71 1 82 0.4 
1402 1 0.8 14 1 28 0 33 0 37 0 42 0.4 55 0.5 57 0.7 80 1 94 1 
1540 0 0.6 6 0.7 13 0.4 15 0 17 0.4 51 0 70 1 75 0.3 80 0 87 0.8 
1670 10 0 65 0 82 0 
1974 0 0.8 2 0 9 0.9 43 0.8 45 0.3 47 0 50 1 71 0 90 0 
2030 2 0.4 12 0.3 16 0 28 0.5 
2159 1 0 3 0.8 11 0.8 13 0.5 36 1 49 0 50 0 63 0.7 76 0.3 82 0.4 
2167 28 0.9 49 0.5 77 0 79 0 
2199 17 0.8 19 0 26 0.8 39 0 47 0 67 0.4 70 0.5 76 0.5 87 0.3 
2211 15 1 94 0.5 
2411 24 0.8 28 0 30 1 49 0.4 68 0 72 0 
2426 4 0.4 11 0.3 45 0.6 46 0.8 62 0.7 67 0 
2533 1 1 7 0.5 13 0.4 28 0.7 45 0 46 0.6 53 0.9 84 0 93 0 
2599 0 0.5 26 0.6 46 1 53 0.8 73 0.6 79 0.3 80 0.4 90 0 
2628 3 0.6 5 0.8 34 0.8 46 0.9 65 0.5 77 0.6 86 0 87 0.6 99 0.3 
2640 16 0.6 29 0.8 41 0.8 72 0.4 75 0.7 85 1 
2695 11 0 15 0 22 1 58 0.4 63 0.5 76 0 89 0.4 97 0 
2916 32 0 74 0.8 77 0 
2948 19 0.4 45 0.4 48 0.5 54 0.6 61 0.4 72 0.3 79 0 
3480 5 0.9 
3575 1 0.9 17 0.4 19 0 28 0.9 49 0.5 51 0.6 56 0 65 0.8 69 0.4 93 0.5 
3649 19 0.3 27 0 35 0.3 41 0.3 54 0.9 60 0 66 0.3 73 0.7 85 0.5 90 0 
3673 17 0.4 20 0.8 28 0 43 0.6 49 0.7 53 0.4 64 0.3 74 1 83 1 85 0.4 
3678 27 0.4 35 0 37 0 69 0.4 
3978 47 0.4 67 1 88 0.3 92 0 
3989 41 0.8 55 0.3 63 0.7 81 0.4 
4311 9 0.5 14 0 44 0 48 0.3 92 0.3 95 0.4 
4368 72 0.9 78 0.3 
4384 0 0.8 26 0.9 40 0 94 0 
4659 19 0.6 48 0.4 55 0 60 0.5 63 0.5 64 0.9 67 0.6 68 1 
4854 7 0.8 27 0.3 48 0.8 55 1 77 0.9 95 0.9 97 0.4 
5016 26 0.9 44 0 72 0.3 85 0.4 94 0.8 
5029 22 0.8 26 0.3 45 0.6 83 0.5 
5051 10 0 30 0 39 0.9 54 0 57 0 72 0.7 
5153 74 0.4 75 0 76 0.9 94 0.9 98 0.8 
5163 4 0.9 12 0.5 14 0.3 25 0.3 30 0 36 0 59 0.9 84 0 85 0 
5406 7 0 12 0.3 64 0 91 0 
5420 63 0.7 65 0.4 80 0.8 
5422 14 0 61 0.5 
5587 1 0 6 0.8 23 0.9 33 0.7 49 0 
5647 35 0.4 
5800 38 0.4 41 0.8 66 1 80 0.4 88 0.9 94 0.9 95 0.7 97 0.9 
5856 13 0 45 1 47 0.5 79 0.3 85 0.5 99 0.9 
6007 5 0.6 8 0 27 0.9 44 0 45 0.9 53 0 63 0 72 0.3 97 0.4 
6144 30 1 36 0.8 41 0.4 90 0.3 99 0.6 
6218 3 0.7 11 0.6 12 0.3 17 0.7 22 0.9 31 0.9 51 0.4 69 0.6 89 0.5 90 0.9 
6245 7 0.5 25 0 30 0.3 41 0.6 51 0.9 58 0.4 75 0 84 0.9 91 0.5 94 0.5 
6317 4 0 12 0.7 42 0.6 57 0.3 78 0.3 81 0.6 
6540 9 0 11 0 20 0 34 0 44 0.3 52 0 57 0.6 68 0 70 0 77 0.7 
6876 5 0.8 20 1 33 0.4 43 0 64 0 75 0.6 81 0.9 
6964 1 0.3 24 1 
6970 0 0 9 0.9 13 0.4 38 0.6 56 0.3 69 0 72 0 77 0.9 85 0.5 88 0.3 
7015 0 0 4 1 34 0.8 53 1 55 0 57 0 62 1 70 0 90 0.6 99 0 
7092 8 0.5 10 0 16 0.5 47 0.6 51 0.5 55 0.4 96 0.8 
7106 3 0.9 33 0.7 65 0.6 68 0 91 0.3 
7282 3 0.8 10 0.4 31 0.9 34 0.8 40 0 48 0.5 74 0.6 81 1 83 0.9 93 0.8 
7330 46 0 
7336 3 0 8 0.5 16 0 20 0.8 27 0.5 63 0.3 85 0 
7345 80 1 
7396 2 0.7 9 0 13 1 25 0.6 77 0.8 80 0 87 0.3 89 0.7 
7410 17 0.6 19 0 22 0.6 25 1 62 0.5 63 0 67 0 91 0 95 0.3 
7445 5 0 38 0.8 45 0 51 0 57 1 60 0.3 65 0.3 79 0 86 0.3 
7591 0 0.5 36 0.5 56 0.3 
7605 14 0.5 28 0.5 92 0 95 0.7 
7678 33 0 53 0.7 69 0.6 
7749 47 0.6 50 0.4 54 0.9 87 0.4 
7782 1 1 4 0.6 32 0.4 51 1 52 0.9 80 0.4 96 1 97 0.8 
7785 24 0.9 37 0.7 40 0.7 83 0.7 
7837 6 0.7 24 0.9 37 0 68 0.3 71 0.3 81 0 
7970 4 0.9 9 0.8 33 0.6 65 0.6 70 0.8 76 0.8 83 0.9 89 0 91 0.9 92 0.9 
8262 42 0.3 69 0 85 0.3 
8317 23 0.5 31 0 41 0.4 44 1 48 0.3 56 0.6 76 1 
8416 9 0.9 14 0.5 80 0 
8768 12 0 54 0.3 55 1 71 1 
8984 51 1 64 0.4 98 0.4 
9012 98 0.6 
9246 6 0.5 7 0 50 0 58 0.9 61 0.8 84 0 85 0.4 95 0 
9390 36 0.7 41 0 70 0.8 74 0.5 77 0.5 81 1 91 0.3 
9509 18 0 20 0.4 43 0.7 54 0.9 66 0.9 79 0.8 
9675 2 0.8 20 0.5 39 0.9 42 0.8 72 0 76 0.3 96 1 
9735 10 0.6 24 0 33 0 62 0 68 0.5 80 0.9 87 0.4 
9799 12 1 33 0.5 37 0 49 0.6 50 0.4 61 0.6 75 0.7 96 0 
9828 15 0 28 0 36 0.6 37 0 69 0.7 
9848 1 0 11 0.7 14 0.5 32 0.7 33 0.3 53 0.3 62 0.6 94 0.4 
