100
385 38 0 
416 8 0 11 0.3 16 0 19 0.3 53 0.3 58 0.6 64 0.6 74 0.8 
459 14 0.5 17 0 21 0.3 37 0.7 61 0.8 65 0 69 0.7 70 0.8 80 0.8 
477 9 0 33 0.9 40 0.6 51 0 64 0.3 
572 0 0.8 4 0.8 18 0.6 38 0.9 75 1 
629 19 0 89 0.3 93 0.3 
673 0 0.7 40 0.6 41 0.3 56 0.9 59 0 70 0 78 0.7 79 0.6 
718 8 0 17 0.7 26 0.5 43 0 74 1 79 0 
746 0 0.4 16 0.8 20 0.3 31 0.9 88 0.7 
805 22 0 29 0.8 33 0.3 35 0.4 68 1 75 0 94 0 
1268 6 0.3 25 0.4 34 1 71 0.6 79 1 86 0.5 
1362 2 0.4 18 0 23 0.3 37 0.5 38 0.7 39 0.9 56 1 67 0.4 88 0.6 98 0.9 
1421 11 0 47 0 52 0 65 0 77 0.4 
1433 8 0 20 0.3 48 0.9 
1436 3 0 
1505 10 0 24 0.6 34 0.4 76 0.6 88 0 91 0.8 
1532 34 0.9 83 0.5 
1560 17 0 19 0.5 43 0.8 89 0.6 
1802 18 0.4 28 0.4 50 0.8 59 0.5 76 0 79 0 87 0.3 
1805 8 0 75 0.9 85 0 
1814 45 0.6 46 0.4 55 0 86 0 98 0.9 
1827 0 0 35 0.5 57 0.3 
2036 8 0 34 0.3 68 0.7 83 0.5 
2091 4 0.8 18 0.4 45 0.3 50 1 55 1 59 0.5 
2186 13 1 15 0.3 45 1 58 0 94 0.6 99 0.3 
2191 11 0.9 37 0.6 45 0.8 
2284 5 0.6 14 0.7 25 1 33 0.5 63 0.9 71 1 72 0.5 83 0 
2426 4 0.4 11 0.8 45 0.4 46 1 62 1 67 0 
2439 57 0 97 0.6 
2577 8 0.5 22 0.5 39 0 43 0.9 66 0.6 76 0 79 0 88 0 97 1 
2646 5 0.6 10 0.6 31 0.5 54 1 55 0 68 0.5 77 0 82 1 
2957 1 0.6 4 1 8 0.4 18 0.5 26 0 56 0.4 78 0.9 
2958 4 0.6 26 0.9 
2968 87 0.9 93 0 
2992 5 0 15 0.8 28 0.3 34 1 39 0.3 
2993 15 0 18 0 24 0.9 49 0.9 56 0 61 1 62 0.5 
3031 10 0.6 45 0.4 51 0.4 54 1 
3040 21 0 
3164 22 0.7 29 0 59 0.4 67 0.6 68 0.8 74 0.7 85 0 
3198 94 0.7 
3279 21 0.7 55 0 70 0 86 0 87 0 
3309 5 0 6 1 37 0.9 43 0.5 53 1 54 1 57 0.3 59 1 
3414 1 0.7 9 0.5 25 0 28 0.6 36 0 56 0.5 69 0 86 0.6 
3434 14 0 
3644 39 0.3 44 0.6 
3697 13 1 25 0.7 30 0.8 35 0 54 0.4 79 0.8 
3753 1 0 17 0.3 25 0.5 28 0.7 34 0.6 61 0.8 78 0.5 95 0.8 96 0.6 
3951 2 0.9 21 1 30 0.7 40 0.8 61 0.7 67 0.8 75 0.3 84 0.9 94 1 98 0.7 
4070 0 0.6 10 0.6 29 0.5 30 0.8 51 1 72 1 81 0.3 84 0 98 0.6 
4158 9 0.3 16 0 32 0.4 35 0.7 39 0.4 60 0.5 79 1 84 0 92 0.4 98 0 
4174 21 0.3 24 0.3 25 0 34 0.5 39 1 40 0.6 65 0.7 74 0 86 0.9 87 0 
4236 42 0.9 44 0 74 0.6 98 0.4 99 0 
4516 15 0.9 35 0.4 50 0.9 68 0.3 83 0.4 87 0.8 
4594 99 0.8 
4601 8 0.7 29 0.4 32 0 43 0 78 1 85 0.9 
4626 62 0.7 
4681 23 0 30 0.4 75 0.3 79 0.4 
4699 13 0 31 0.7 65 0.6 72 0 85 0 94 0 
4992 35 0 
5044 5 1 53 0.3 96 0.5 
5308 10 0.4 36 0 46 0 51 0.7 61 0.3 
5372 75 0 
5385 5 0.6 14 0.9 30 0.4 36 0.8 45 0 47 0 52 0.5 67 0.6 97 0.4 
5405 0 0 18 0.8 61 0.5 66 0.5 73 0.7 77 0.5 82 0 
5411 13 0 14 1 76 0.3 79 0.6 81 0.3 
5469 21 0.7 23 0.4 26 0.3 31 0 34 0.7 60 0.3 64 0.9 86 0.9 88 0.9 
5615 27 0.9 30 1 36 1 44 0.4 56 0.8 69 0.8 70 0 96 0.3 99 0.4 
5631 12 0.5 16 0 34 0.5 35 0 79 0.8 80 0.4 
5736 4 0.5 28 1 39 0.3 57 0 70 1 84 0.7 87 0.9 96 0.8 
5816 23 0.7 99 0.5 
5841 2 0.5 7 0 37 1 
5844 22 0 27 0.7 37 0.4 39 0.4 45 0.9 65 0 73 0.4 87 0.3 97 0.7 
5944 6 0.3 16 0.7 64 0.8 68 0 83 0.6 
6189 6 0.4 21 0.4 28 0.8 37 0 81 0.6 90 0 
6396 27 0.8 39 0 
6838 7 0 11 0.3 12 0.4 13 0 28 0 50 1 64 0 65 0 72 0.9 77 0 
6871 8 0.6 18 0.9 19 0.9 58 0 89 0.8 99 0.7 
7363 7 0.9 8 0.8 14 0.9 48 0.3 63 0.4 69 0 76 0 88 0.6 99 0 
7670 35 0.6 41 0.3 42 0.5 66 0.8 67 0.8 70 0.3 
7690 10 0.8 16 1 27 0.7 56 1 75 0 
7836 13 0 15 0.3 22 0 39 0.8 42 1 65 0 73 0.4 77 0 90 0.3 
7925 68 0 
7978 32 0.4 50 0 55 0.7 66 0 72 1 79 0.3 95 1 
8012 1 0.5 16 0.8 29 0.5 51 0 52 0.4 56 0 65 0.3 68 0.8 74 0 78 0 
8126 8 0.6 17 0.4 45 0.8 48 0.3 58 0.9 70 0.4 73 0.6 79 0 87 0.7 95 0 
8252 10 1 11 0.8 35 0.5 39 0 51 0 81 0.6 82 0.5 94 0.6 
8276 16 0 22 1 45 1 70 1 79 0.7 80 1 95 1 
8356 53 0 94 0 
8587 1 0.7 35 0 39 0 41 0.8 50 0 67 0.3 84 0.5 86 0.3 92 0.6 
8939 16 0.7 18 0.6 19 0.8 21 0.5 22 1 41 0.8 45 0.5 89 0.9 
9199 8 0.4 10 0.8 19 0.4 31 0.6 43 1 61 0 73 0.4 75 0 99 0 
9264 1 1 2 0.5 56 0.5 
9314 2 0.6 3 0 15 1 19 0 26 0 48 1 50 0 56 0 86 0 90 0.9 
9523 6 0.3 22 0 37 0.4 42 0 48 0.9 
9623 15 0.5 42 0.7 
9634 8 0.5 9 0 26 0.4 35 0 44 0 58 0 59 0.8 82 1 94 0.9 
9656 9 0 
9710 24 0 70 0.6 
9852 8 0.5 10 0 15 0.8 17 0.9 34 0.6 37 0.5 45 0.4 71 0.8 80 0.6 96 0 
9871 77 0.6 
