100
255 11 0.7 
389 9 0.8 19 0.4 25 0 27 0 39 0.9 55 0 57 0.4 73 1 94 0.6 
431 43 0.3 
456 44 0.7 51 0.6 59 0 82 0 83 0.6 
481 11 0.6 21 0.6 34 0.9 41 0.7 60 0 
596 14 0.9 16 0.7 17 0.8 41 0.6 54 0.8 77 1 78 0.7 
756 17 0.4 27 0.4 50 0.6 68 0.3 
799 70 0.5 
1145 12 0 39 0 43 0 53 0.3 64 0.6 71 0.9 96 0 
1365 64 0.9 
1582 1 0.6 21 0.6 95 0.5 
1642 28 1 36 0.4 66 0 75 0.9 91 0 93 0.5 
1647 27 0 29 0.7 45 1 
1690 1 0.9 11 0.6 
1725 52 0 55 0.6 56 0.6 64 0.7 
1749 27 0.3 41 0.5 
1765 37 0.4 
2076 5 0.7 6 0.4 25 0.3 30 0.3 38 0.3 43 0.5 77 0.5 90 0 94 0.7 
2171 22 0.7 42 0.9 53 0 68 0.6 
2194 24 0.5 67 0 77 0.5 97 0 
2232 33 0.4 42 1 50 0.7 60 1 78 0.3 95 0.7 
2265 8 0.9 32 0.3 49 0.8 72 1 96 1 
2357 24 0.6 56 0.7 59 0.3 68 0.7 
2491 33 0.9 56 0 61 1 67 0.4 72 0 78 0.6 
2502 54 0 56 0.8 57 0 62 0.3 78 0.3 
2540 32 0 45 0.5 95 0 
2787 1 0.7 24 0 39 0 81 0.7 
3125 39 0.9 51 0.4 56 0.9 59 0 61 0.5 64 0 70 0.3 78 0.7 90 0.4 
3151 12 0.5 20 0.3 25 0.3 30 0.8 31 0 37 0.4 65 0.9 78 0 
3205 15 0.7 31 0.8 81 0 83 0 99 0 
3472 50 0.6 57 1 
3561 3 0.8 9 0.9 72 0.8 94 0.3 
3568 21 0.5 38 0.4 77 0.7 90 0.3 93 0.8 
3589 15 0 16 0 19 0.6 24 0 61 0.4 64 0 76 0 86 0.4 99 0 
3863 25 0.5 45 0 
4180 32 0 37 0.4 44 0 66 0.6 67 0 69 0 77 0 81 0.5 91 0 95 0 
4190 7 0 22 0.7 26 0 51 0.9 55 0 84 0.5 98 0 
4363 29 0.6 34 0.9 51 0.8 87 0 88 0 
4383 20 0 39 0.7 60 0.3 79 0.4 81 0 86 0.3 
4436 8 0.3 17 0.5 28 1 34 0.8 52 0.4 53 0 60 0 62 0 90 0.5 
4452 98 0.5 
4505 84 0.4 
4570 0 0.8 5 0.7 21 0 56 1 60 0.4 69 0.6 72 0.8 84 0 97 0 
4706 7 0 17 0 25 1 29 0.7 33 0.4 35 0 51 0 68 0 69 1 91 0.3 
4777 7 0 11 0 14 0.8 25 0 28 0 60 0.4 71 0.3 80 0.4 95 0 
4789 25 0.7 40 0.6 56 0.7 62 0 91 0.7 
4955 13 0.6 24 0 37 0.3 38 0.7 44 0 52 0 60 0.7 68 0 74 0.9 76 0.3 
4964 8 1 9 1 38 0 41 0 42 0.5 61 1 78 0 
5034 2 0 80 0 
5193 9 0.4 15 0.9 35 0 40 0.3 46 0 51 0.6 56 0.6 70 0.3 76 0 85 0.4 
5533 14 0.9 41 0.7 42 0.4 49 0.9 52 0.8 54 0.3 61 0.5 
5557 8 0.7 17 0.7 26 0.6 29 0.4 38 1 41 0.4 66 0.3 68 0 81 0.6 98 0 
5560 14 0 17 1 30 0.7 34 0.3 78 0.8 80 0.5 
5646 14 0.4 35 1 40 0.4 62 0 82 0.5 84 0.8 89 0.3 92 0.3 94 1 
6053 29 0.8 37 0.7 42 0.8 60 1 87 0.5 90 0 91 0.7 92 0.7 
6067 26 0.5 29 0 75 0 85 0 89 0 
6142 22 0.6 25 0.7 26 0.6 44 0 58 0.7 68 0.6 72 0.9 93 0.8 
6598 10 0 29 0.6 30 0 39 0 41 0.9 51 0.6 56 0.7 61 0.9 
6657 22 0 86 1 
6833 16 0.4 26 0.3 34 0 85 0 
6883 3 0 65 0.3 
6899 25 0.6 37 0.4 53 0 56 0.8 60 0 62 0.9 78 0.4 
6917 11 0.6 73 0.5 85 0 86 0.7 99 0.8 
7078 58 0 
7087 0 0.8 8 0.7 70 0.5 88 0.7 99 0.9 
7257 3 0 23 0 51 0 52 0.9 97 0 
7321 26 0.4 36 0 39 0 65 0.3 70 0.8 82 0.5 94 0.5 97 0.6 
7335 9 1 25 0 56 0.5 85 0 
7344 63 0.8 76 0.6 78 0.9 
7441 20 0 23 0.3 39 0.7 54 1 66 0.5 74 0 76 0.6 87 1 98 0.3 99 0 
7560 16 0.6 36 1 43 0.4 52 0 57 0.4 58 0.5 59 0 64 0 79 0.9 
7681 11 0.3 18 0.5 21 0.9 32 0 34 0.5 44 0.8 66 0 67 0.4 88 0.4 98 1 
7784 36 0 
7864 24 0.5 61 0.8 62 0 68 0.8 89 0 
7911 15 0 25 0.7 48 0.8 49 0.5 59 0.4 65 1 66 0.3 69 0.3 78 0 96 0 
7990 10 1 
8234 17 0.3 59 0.9 69 0.6 74 0.4 94 0.4 
8274 0 0 23 0.6 31 0.5 32 0.5 88 0.5 
8341 2 0 22 0.3 23 0.6 24 0.3 25 0.6 29 0.5 46 0.7 67 1 77 0.6 84 0 
8548 18 0 20 0 22 0.4 38 0 43 0.5 59 0.9 66 0 80 0.3 90 0.8 92 0 
8579 42 0 72 0.8 94 0.3 
8622 0 0.9 11 0.6 14 0.5 21 0.9 51 0 85 1 92 0 95 0.3 
8855 24 1 
8914 2 0.9 22 0.9 30 0.5 40 0.7 50 0.7 52 0.6 53 1 63 0.4 69 0.9 90 0 
8934 2 0 13 0.4 15 0.8 25 1 49 0.6 
9012 98 0.7 
9019 6 0.7 41 0.7 43 0.5 77 0.7 82 0 
9024 24 0 28 0.5 32 0 38 0.6 49 0.5 59 0.5 66 0 69 0.9 76 0.4 88 0.4 
9042 58 0.6 76 0.8 
9056 33 0 93 0.4 
9180 8 1 14 0 20 0.9 21 0 26 0.5 31 0.8 34 0 93 0.5 95 0.4 
9265 7 0.4 36 0 43 0.4 51 0.5 84 0.4 93 0.3 
9269 5 0.4 10 0.4 12 0.6 51 0.6 93 0.3 
9292 11 0 12 1 18 0.4 22 0.5 38 0.8 57 0 80 0.3 86 0.4 90 0 
9540 5 0.5 18 0.7 28 0.7 63 0.9 76 0 90 0 
9673 8 0 20 0.6 49 1 61 0.3 65 0 84 0.7 
9724 0 1 2 0.9 17 0.6 27 0.3 38 0.7 63 0.4 80 0.7 86 0.3 97 0.5 
9858 8 0.5 33 0 34 0.4 53 0.6 93 1 
9947 29 1 33 0.9 68 1 87 0 
9984 5 0.9 14 0 38 0 88 0.9 
