100
159 0 0 11 1 15 0.5 17 0.4 18 0.9 22 0.8 64 1 75 1 90 0 96 0 
223 30 0 
266 26 0 
362 2 1 22 0.3 32 1 93 0.4 
403 74 0.4 
428 27 0 44 0.3 46 0 54 0.5 85 1 
498 5 0.6 7 0.8 17 0.8 31 0 55 0.5 75 0 79 0 
588 84 0.7 
624 10 0.7 36 0.3 42 0.7 66 0 83 0.6 86 0.4 94 0 
640 10 0 64 0.3 71 0.9 
689 59 1 
908 26 0 46 0.8 68 0.3 
1050 4 0.8 9 0 20 0 52 0.4 54 0.5 85 0 
1067 3 0.9 31 1 47 0.8 48 0.3 60 0 67 0 71 0.5 73 0.5 91 0.7 
1080 6 0 10 0.7 15 0 61 0.4 72 0 
1090 15 0 85 0.9 
1319 28 0.3 36 0.8 66 0 77 0.4 78 0.7 
1442 0 0.3 3 0.8 19 0 25 0 27 0.4 28 0.7 39 0.3 52 0.4 74 0.6 
1496 0 0.4 17 0.3 23 0 29 0 
1718 34 0 37 0 38 0 41 0.9 48 0.8 54 0 56 0.7 68 0 71 0 85 0.6 
1850 4 0.5 12 0.7 34 0 38 0.7 48 0.5 59 0 61 0.9 74 0.7 87 0.4 
1859 13 1 16 0.7 41 0 59 0.4 79 0 85 0.5 
2210 3 0.5 43 0.6 88 0 
2222 1 0.9 12 0.9 54 0.7 57 0 66 0 76 0.5 82 0.8 85 0.3 99 1 
2237 55 0.6 82 0 92 0.3 
2271 8 0.5 19 0.8 25 1 28 0 34 0 62 0.9 71 0.9 72 0.9 73 0.8 99 0 
2360 2 0.5 7 1 18 0 52 0.7 71 0.4 74 0.9 85 0.4 94 0.6 
2380 0 0 9 1 21 0.3 34 1 53 0.4 68 0 85 0.5 89 0 90 0.4 
2713 9 0.3 13 0.9 41 0.6 89 0.3 
2721 3 0.7 42 0.8 64 0 77 0.6 87 0.9 91 0 96 0.4 
2796 7 0 24 0 33 0.4 35 0 36 0 42 0.7 44 0.4 63 0 66 0.4 76 0 
2830 0 0.7 13 0 19 0 53 0 71 0.3 83 0.3 86 0.4 
2845 42 0.3 95 0 
2865 13 0 32 0.6 40 0.6 54 0.6 65 0.7 93 1 
3032 2 0.5 6 0 15 0.8 23 0.7 33 0.9 45 0 73 1 
3112 4 0.5 13 0.7 36 1 53 0.6 56 0.8 61 0.6 66 0.3 
3495 0 0.3 15 0 25 0.3 37 0.8 40 0.6 44 0.9 80 0.4 89 0.8 91 1 92 0.5 
3605 12 0.3 17 1 21 0.4 56 0 79 0.5 85 0.6 
3743 8 0.3 26 0.4 70 1 71 0.7 73 0.3 81 0 92 0.3 95 0 98 0.7 
3787 5 1 6 0 9 0.6 19 0.9 22 0.8 35 0 36 0.7 63 0.3 69 0.4 
3800 58 0.4 
3843 4 0 6 0.9 
3937 31 0.9 97 0 
3999 17 0 19 0.7 27 0.9 48 0.3 49 0 96 0.7 
4104 5 0 14 0 30 0.4 31 0 61 0 97 0 
4256 16 0.4 35 0 44 0.5 
4511 5 0 11 0.9 18 0.3 20 0.6 30 0.6 33 0 52 0.7 62 0.5 
4513 2 0.7 24 0.4 38 0 43 0.8 44 0.7 60 0 72 0 78 0.9 
4765 59 0 
4805 30 0.8 33 0.5 51 0.8 57 0.7 86 0.5 
4854 7 0.9 27 0.4 48 0 55 0 77 0.4 95 0 97 0.9 
4889 9 1 36 0 90 0.8 99 0.3 
5016 26 0.8 44 0.7 72 0.9 85 0 94 0.8 
5066 75 0.4 
5281 81 1 84 0 
5303 15 0.6 53 0.9 
5568 20 0.4 51 0.9 71 0 84 0.6 87 0 96 0 
5638 43 0.8 58 0 59 0.5 83 0 
5862 0 0 6 0.6 10 0 25 0 38 0.6 41 0.8 50 0 59 0.3 61 1 87 0 
6050 18 0.6 23 0 52 0.3 60 0.6 81 1 90 0.7 94 0.9 
6061 59 0.9 
6100 2 0.4 9 0 37 1 45 0 50 0 56 0 60 0.4 90 0 
6145 0 0.8 10 0.3 11 0.5 18 0 24 0.3 26 0 29 0.9 39 0.6 76 0.4 
6201 8 0.5 27 0 
6266 6 0.5 24 0.4 33 0.6 53 0.8 66 1 72 0.3 80 0.6 83 0.7 
6269 6 0.9 23 0 32 0 40 1 61 0.3 72 0 88 0.9 93 0.6 97 0 
6499 34 0 
6652 0 0.4 8 0.7 13 0.5 28 0 37 0.3 68 0.6 90 0.6 
6694 46 0.9 49 0 70 1 78 0.9 
6801 3 0.4 7 0 37 0 38 1 39 0.8 44 0.6 93 0.6 95 1 
7182 28 1 36 1 38 0 59 0 
7612 1 0.5 8 0 17 0.4 34 0.3 53 0.5 
7686 31 0.4 
7758 0 0.6 3 0.7 85 0.4 
7844 18 0.4 40 0 57 0 61 0.8 72 0 84 0 95 0 
7927 25 0.7 
7975 9 0 13 0 62 0.8 78 0.6 
7991 22 0.4 74 0.9 
8170 14 0.5 22 0 57 0.8 61 0.7 
8210 15 0.5 20 0.7 45 0.5 
8256 78 0.3 83 0.3 
8308 0 0 3 0.3 16 0.5 27 0 39 1 65 0.7 91 0.7 
8388 16 0 21 0.5 27 0.9 41 0.5 51 0.3 54 0 67 0.3 
8567 5 0.4 12 0.3 28 0.4 37 0.7 66 0.6 68 0 77 0.8 87 0 89 0.3 96 0.5 
8670 10 0.9 19 0.5 36 0.9 44 0.3 53 0.9 62 0.8 97 0.3 
8690 4 1 17 0 20 0.3 23 0 28 0.4 42 0 68 0 70 0.8 93 0 95 0.7 
8702 7 0 10 0.9 25 0.4 49 0.6 69 0.5 
8798 12 1 24 1 
8964 42 0 83 0.3 
9091 0 0.4 23 0.6 54 0.7 64 0 65 0.5 77 0 78 0.3 
9157 19 0.8 22 0 32 1 45 0.9 99 0.5 
9175 47 0.5 52 0.6 65 0.9 74 0 84 0.4 90 0 97 0.6 
9176 19 0 30 0.3 31 0.5 76 0.4 80 0 85 0.9 
9216 4 0 13 0 21 0.5 56 0 
9274 12 0.5 25 0 31 0 64 0.5 87 0.8 
9278 13 0.7 33 0.5 48 0 66 0.8 78 0.3 
9442 12 0 16 0.9 20 0 34 0 65 0.9 66 0.5 73 1 83 0.8 85 0.3 96 0.8 
9465 26 0 32 0.4 34 0.3 44 1 50 0.5 59 0.3 
9499 34 0.3 
9926 63 0 
