100
133 41 0.9 
137 0 0 3 0.6 29 0 50 1 66 0.8 
197 36 0.5 54 0 72 0 73 0.8 91 0 
288 34 1 35 0.6 38 0 58 0.4 67 0.6 71 0 
293 1 0.5 16 0.8 41 0.4 47 0 59 0.8 81 0 91 0 93 0.4 95 0.9 
568 9 0.6 18 0.7 40 0.6 
648 32 0.4 33 0.4 44 0 48 0.6 67 0.6 73 0.4 
702 25 0 32 0.3 83 0.3 99 0.5 
783 44 0.8 47 0.7 
901 39 0 82 0.6 89 1 
987 34 0 44 0.8 46 0 52 0.7 55 0.4 56 0.9 66 1 
1044 89 0.9 
1146 18 0.7 43 0.8 55 0.3 81 0.4 
1434 5 0.9 6 0.3 
1436 3 1 
1457 7 1 44 0.3 45 1 54 0.8 56 1 91 0 92 0 97 0.7 
1492 50 0.9 
1498 0 1 2 1 17 0.4 32 0.6 49 0.7 51 0.8 66 0.8 99 0.8 
1631 19 0.9 75 1 76 0.4 
1818 4 0 58 1 98 0.3 
1836 21 0.6 71 0.9 83 0.7 98 0.9 
1930 2 0.7 3 0.3 43 0.8 49 0 53 0.4 57 0.8 74 0.4 89 0.4 98 0.9 
2068 7 0 29 0 65 0.3 68 0 78 0 81 0 84 0.7 88 0.6 
2114 2 0.3 18 0 53 0 57 0.9 77 0.9 89 0 95 0.3 
2132 9 0.9 16 0 32 0 56 0 61 0 65 0 80 0 81 0.9 87 0 
2329 9 0.3 14 0.7 33 0 46 0 96 1 98 0.6 
2352 6 1 33 0 42 0.3 58 1 60 0.6 62 1 68 0 73 0 96 0.5 97 0 
2362 2 0.9 5 0.6 24 0 74 0 81 0.6 85 0 94 0.5 
2413 8 1 27 0.9 76 0 
2464 7 0 
2681 4 0.4 40 0.8 50 0.6 60 0.6 68 0.6 89 0 97 0.3 
2946 12 0.8 61 1 63 0.5 86 0 
2964 7 0.3 10 0.3 74 0.9 92 0.7 95 1 
3073 2 0 13 0 31 0 52 0.9 69 0.5 74 0.9 89 0.3 94 0.5 98 0.4 
3204 11 0 20 0.7 25 0.3 34 0 56 1 65 1 66 0.3 91 0 95 0.3 98 0.3 
3258 7 0.4 14 0 21 0 41 0.5 60 1 78 0.7 81 0.3 88 0.8 89 0.8 98 0.6 
3279 21 0.4 55 0.8 70 0 86 0.4 87 0.3 
3403 17 0 37 0 43 0 
3906 6 0.3 9 0.3 10 0.6 23 1 28 0.4 32 0.4 33 0.9 43 0.6 66 0 76 0.8 
3926 7 0.7 34 0.6 36 0.7 58 0.9 62 0.6 67 0.6 68 0.9 77 0 
3958 39 0.3 90 0.6 
4128 9 0 27 0.9 40 0.7 42 0 50 0.3 69 0.5 74 0.9 
4327 0 1 14 0 15 0.3 62 0 71 0 77 0.4 87 0.9 97 1 
4571 24 0 28 0.3 37 0.9 43 0.5 44 0.6 55 0 65 0.5 81 0.7 91 0.7 
4585 12 0.3 17 0.9 32 0.7 39 0.9 57 0.5 60 0 68 0.9 86 0.4 92 1 93 0.8 
4617 39 0 
4771 26 0 43 0 47 0.6 50 0 51 0.9 62 0 85 0.6 
4848 79 0.7 
4994 29 0 
5189 19 0.3 30 0 58 0 
5226 4 0.6 14 0.3 22 0 25 0.7 51 0 60 0.5 88 0 90 0.8 92 0.3 98 0 
5232 17 0 20 0.5 27 0.9 36 0.8 53 0.6 62 0.9 85 0 87 0.5 
5246 5 0.7 6 0 7 0.5 43 0.9 53 0.3 63 0.9 70 0 85 0.5 94 0.5 96 0 
5258 0 0.6 16 0 38 0.4 41 1 69 0.7 76 0.6 78 0.9 94 0 
5761 0 0.8 5 1 10 0 16 1 47 1 71 0.8 82 0.6 
5789 4 0.3 28 0.8 31 0.8 32 1 62 0.9 68 0.9 91 0.5 93 0.3 95 0.8 
5832 2 0.6 6 0.4 24 0.8 34 0.9 35 0.7 41 0.3 47 0 54 0.8 
5841 2 0.6 7 0 37 0.4 
6329 9 0.5 17 1 26 0.5 56 0 62 0.9 73 0.3 78 0 89 0.9 91 1 96 0 
6347 50 0.8 
6397 4 1 59 0 90 0 
6450 1 1 28 1 94 0.4 
6464 6 0.5 43 0.7 44 0 87 0.7 
6491 10 0 46 0.5 60 0.4 65 0.4 68 0.7 70 0.6 72 0 90 0.5 
6519 15 0 16 0.3 28 0.6 73 0 82 0 98 0 
6601 7 0 10 1 14 0 42 0 44 0 83 0 97 0 
6677 8 0.7 11 0 45 0.7 52 0.7 66 0.5 70 0.5 77 0.5 84 0 
6708 0 0.8 12 0.6 21 0.8 34 0.8 46 1 54 0.3 57 0.6 
6714 28 0 37 0.6 62 1 69 0.7 73 0.9 82 0.4 
6975 16 0.4 35 0.3 52 0.3 67 0.9 98 0 
7162 24 0.9 
7269 38 0.8 43 0 62 0.5 
7290 30 0 55 0 85 0 
7327 14 0.7 21 0.3 27 0.7 72 0.9 83 0.6 84 0.3 95 0.8 97 0.3 
7416 25 0.7 54 0.4 
7518 24 0.5 45 0.5 52 0.3 60 0 70 0 
7884 57 0 
7981 1 0.7 5 0.9 6 0 7 0.9 16 0 17 0.9 26 0.3 72 0.7 97 0.4 
8020 14 0 41 0.3 43 0 44 0.9 58 0.3 86 0 92 0.4 96 0.3 
8168 7 0 42 0.3 84 0 90 0 96 0 
8224 9 0.5 21 0 31 0 46 1 51 0.5 96 1 
8328 8 0.7 10 0.8 26 0.9 33 0.3 39 0 57 0.9 84 0.5 
8481 39 0 94 0 
8607 51 0.7 66 0.9 92 0.7 
8767 19 0 
8799 2 0.8 4 0.6 11 1 40 0.9 66 0.7 72 1 92 0 
8847 3 0.4 8 0.3 27 0.9 47 0.5 60 0.7 86 0.5 98 0 
8854 5 0.8 45 1 60 0.3 75 0.7 83 1 94 0.4 
8873 58 0.6 79 0 
9191 37 0.9 42 0 59 0.5 74 1 80 0.8 
9209 64 0.5 83 0.9 
9254 23 0 27 0 29 0 30 0.6 34 0.6 54 0.7 79 0.7 
9352 0 0.5 34 0 87 0 
9378 5 0.7 37 0 
9524 7 0 12 0 16 0.9 30 0.3 52 0.3 55 0.8 72 0 84 0 93 0.8 
9538 3 0 19 1 60 0.8 
9594 10 0.3 41 0.4 68 1 87 0.3 90 0.5 
9603 15 0 58 0 
9845 65 0 90 0.8 96 0.9 
9997 12 0.7 17 1 34 0 53 0 54 0 97 0.9 
