100
89 56 0.3 96 0.8 97 0.3 
143 0 0 5 0 12 1 51 0.5 59 0.6 64 0 79 0.4 92 0.7 98 0.6 
303 10 0.6 11 0.6 24 0 43 1 54 0.4 66 0.5 89 0.8 95 0.9 99 0.9 
372 6 0.7 9 0 15 1 19 0.9 24 0.8 31 0 36 0.5 68 0 98 1 
408 4 0 19 0.9 26 0 34 0.3 39 0.8 53 0 
1165 4 0.3 12 0 13 1 30 0 35 0 67 0.9 91 1 92 0.9 98 0 
1212 8 0.4 38 0 41 0.3 52 0 
1434 5 1 6 0.7 
1511 22 0.6 40 0.6 55 0.7 56 0.5 58 0.5 67 0 97 0.8 98 0.6 
1669 9 1 10 1 60 0.7 
1809 10 0.7 40 0 66 0.3 
1854 24 0.6 31 0.9 40 0 43 1 44 0.8 57 0.9 62 0.8 72 0 74 0.6 
1956 4 0 5 0 28 0.3 38 0.6 51 0.5 62 0.5 88 0.8 89 0 96 0 
1963 66 0 77 0 91 0.4 94 0 
2067 35 0.4 36 0.6 55 0.3 67 0 79 0 
2115 4 1 7 0.6 32 0.9 45 1 59 0.4 84 1 85 0.6 89 0.7 94 0.7 99 0.4 
2310 69 0.8 
2376 8 0.8 67 0.7 84 1 
2393 4 0.4 11 0.9 12 0.4 18 0.5 41 0.6 54 0 59 0.3 74 0.6 76 1 91 0.9 
2411 24 0.8 28 0.9 30 0 49 0.9 68 0.9 72 0 
2485 1 0.9 56 0 59 1 63 0 
2604 58 0 66 0.4 97 0.8 
2709 33 0.8 43 0 45 0 93 0 
2735 65 0.6 
2756 13 0.4 14 0 28 0.8 46 0 49 0 51 0.6 67 0.7 68 1 
2762 3 0.4 61 0.3 70 0.6 76 0 98 0.8 
2827 12 0.5 13 0.5 36 0.5 43 1 47 0 48 0.8 70 1 71 0.5 86 0.6 87 0.9 
2852 11 0.3 33 0.4 85 1 91 0.7 
2950 2 0.7 7 1 11 0 19 0 49 0.6 57 0 68 0.6 73 0 83 0.5 85 0.4 
3010 7 0.8 23 0.5 24 0 29 0.3 35 0.8 36 0.7 92 0.9 
3039 12 0.4 15 0.8 31 0 47 0 53 0 67 0.4 88 0 
3109 8 0 9 0.4 31 0.7 52 0.9 80 0 88 0.9 95 0 
3131 37 0.6 43 0.8 
3284 17 0.6 30 1 33 0.9 64 0.8 66 0 86 0 
3298 38 0.8 56 0.9 64 0.4 89 0 90 0 
3429 14 0.9 39 0.9 
3493 1 0.6 15 0.4 33 0.4 37 0.4 42 0 50 0 71 0.7 
3518 4 0.5 26 0 80 0.3 
3589 15 0.4 16 1 19 0 24 0.4 61 0.6 64 0.5 76 0.4 86 0.4 99 0.9 
3612 4 0.5 81 0 
3621 33 0.6 42 0.9 47 0.4 62 0 75 0.8 
3952 6 0.9 11 0.5 26 0.9 27 0 66 0.5 74 0.8 80 0.9 92 0.9 97 0.5 99 0.5 
4027 12 1 21 0.7 23 0.7 30 1 67 0 83 0.6 96 0.7 99 0.5 
4196 4 0.5 23 1 26 0.3 65 0.4 82 0.6 85 0.9 88 0 93 0.8 94 0.5 
4418 67 1 77 0 
4477 0 1 4 0.7 37 0 56 0 65 0.4 66 0.7 87 0.8 89 1 91 0.4 97 0.9 
4752 27 0.3 46 0.5 74 0 
4862 65 0.7 
4898 18 0.6 47 1 50 0 54 0.8 63 0.8 99 0 
5101 7 0.5 59 0.5 65 0.5 66 0.5 70 0.6 74 0 93 0.6 
5196 10 0.3 59 0 
5411 13 0.6 14 0.7 76 0.9 79 0 81 0.9 
5466 9 0.7 16 0.4 23 0.7 38 0.4 40 0.7 43 0.4 46 0 59 0.9 96 0.6 
5503 1 1 26 0.3 27 0.8 57 0.7 66 0.6 73 0.3 87 0.7 
5545 8 0.6 37 0.6 51 0 54 1 60 0 64 0.9 
5717 1 0 17 0.4 21 0.6 80 0.6 98 0.5 99 0.3 
5770 5 0.7 9 0.9 15 0.4 20 0.9 26 0.9 67 0.9 84 0.9 
5778 20 0.5 57 0.5 59 0.9 78 0.7 79 0.3 88 0 90 0.8 
5846 9 1 39 1 52 0 69 0 74 0.9 81 1 89 0.3 
5942 17 0.9 55 0.9 
6145 0 0.8 10 0.9 11 0 18 0.7 24 1 26 0.8 29 0.8 39 0.4 76 0.7 
6206 42 0 43 0.5 46 0 59 0 70 0 
6312 19 0.6 22 0.3 27 0.8 29 0 38 0.4 69 0.4 
6560 9 0.6 62 0 97 1 
6606 17 1 22 0.9 26 0.9 37 0.5 39 1 55 0 56 0 
6620 2 0.4 23 0.7 35 0.8 42 0.4 69 0 88 0 90 0 92 0.7 
6779 35 0 41 0 70 0.5 97 0.7 
6819 12 0 26 0.3 30 0 50 0.9 52 0.7 55 0.9 79 1 94 0.4 
6821 3 0.4 25 0.5 26 0.5 45 0.7 49 0.5 58 0.7 68 0.4 89 1 
7033 23 0.5 24 1 34 0.5 41 0.5 71 0.8 83 0 
7066 6 0.5 52 0.5 62 0.8 82 0.9 96 0.7 
7196 37 0.9 47 0 73 0.6 84 0.3 86 0.8 
7246 41 0.4 48 0.3 55 0.5 61 0 
7266 13 0.9 18 0.5 20 0 34 0.9 72 0.8 75 0.5 88 0.5 
7458 81 0.5 
7722 5 0 8 0.7 9 0.3 16 0.9 51 1 59 0 60 1 95 0 
7764 16 0 17 0.8 41 0.6 45 1 53 0.5 91 0 
7836 13 0 15 0 22 0.5 39 0 42 0.9 65 0 73 0.8 77 0.5 90 0.5 
8000 5 0 50 0 74 0 
8038 9 0 22 0 40 0.4 47 0.7 49 0.5 52 1 67 0 76 0 79 0.9 86 0.5 
8106 4 0.8 26 0.3 45 0.8 77 0.4 
8134 13 0.8 18 0.6 34 1 35 0.9 46 0.5 51 1 69 0.8 70 0.5 94 0.8 99 1 
8177 16 0.8 42 0.3 46 0.7 51 0.9 59 0.3 62 1 
8198 23 0.7 32 0.8 43 1 49 0.7 63 0 75 0 77 0.3 85 0 94 1 99 0.8 
8228 39 0 50 0 69 0.9 83 0 94 0 
8360 14 1 20 0.5 26 0 31 0 33 0.7 36 0.3 64 0 82 1 
8423 38 0.3 81 0 97 0 98 0 
8496 28 0 50 1 83 0.7 93 0.3 
8621 0 0.4 13 0 15 0 74 0.9 85 0.8 94 0.6 97 0.5 
8686 3 0 23 0.8 28 0.9 33 0.5 40 0 53 0.4 57 1 82 0.4 
8908 35 0.7 40 0.5 47 0 66 0.7 82 0.7 97 0 
8920 8 0 41 0.5 65 0 67 0.7 74 0.8 90 0.8 91 1 95 0.3 96 0.9 
9129 14 1 16 0.9 18 1 42 0.5 86 0 87 0.3 
9189 2 0.4 12 0 16 0.8 37 0.7 49 0.7 57 1 
9210 10 0 25 0 47 0.5 60 0.9 66 0.5 86 0.6 
9230 23 0.5 57 0.3 88 0.3 
9247 29 0 82 0.7 98 0.4 
9288 8 0.5 19 0 
9514 17 0.7 20 0.7 61 0.8 65 0.3 70 0.4 
9880 0 1 1 0.8 9 0.6 16 1 20 0.9 71 0.3 86 0.3 91 0 98 0.9 
