100
39 13 0.6 65 0 86 0.6 
92 7 0.4 8 0.7 29 0 92 0.3 
356 61 0.5 
382 4 0.3 17 0 28 0.3 30 0.4 44 0 55 0.4 87 0.4 99 0 
410 6 0.7 12 0.7 18 0.7 45 0 62 0.3 77 0.7 94 0.4 95 0.3 97 0 
493 1 0.8 27 0.4 89 1 
524 0 0.6 
552 22 0.9 28 0.9 55 0.3 
812 25 0.9 30 0.8 31 0.5 48 1 66 0.3 99 0.5 
855 39 0.9 56 0 70 0.3 79 0.8 81 0.5 
908 26 0.3 46 0.7 68 0.8 
1003 3 0.5 10 0.6 11 0.9 38 0.6 52 1 66 0 79 0 90 0.9 95 0 
1064 11 0 30 0.9 59 0 62 0 83 0.7 
1101 9 0.6 27 1 29 0 30 0 55 0.9 56 0 62 0.3 72 0 79 0 
1148 1 0.4 4 0 20 0 24 0.8 29 0 33 0 79 0.4 93 0.4 94 0 99 0 
1260 5 0.6 46 0.4 
1363 21 0.7 77 0.8 
1404 76 0 
1419 12 0.7 
1502 67 0 
1536 44 0.4 48 0.8 51 0.6 65 0 80 0.4 87 0 90 0 95 0.3 99 0.9 
1544 20 0.6 32 1 33 0.3 46 0.9 51 0.5 55 0 69 0.4 79 0.7 94 1 
1845 20 0.9 42 0.4 72 0.5 89 0 
2064 55 0.6 75 0.5 90 0 93 0 94 0.8 
2089 48 0.8 75 0 97 0.3 
2283 0 0.5 2 1 27 0 38 0.3 62 0 
2326 4 0 17 0 25 0 
2481 8 0.9 20 1 43 0.5 93 0.5 98 1 
3052 7 0.5 
3191 9 0 21 0.4 27 0.4 34 0.8 39 0.3 43 0.4 44 1 52 0.4 80 0.5 
3203 11 0.3 23 0 24 0.3 33 0 62 0 83 0 
3407 12 0.5 31 0.4 
3567 1 0.5 27 0.4 35 0.7 69 0.3 
3766 1 0.6 11 0.6 39 1 42 0.9 49 0.4 59 0 83 0 89 0.4 97 0.5 
3795 13 0 41 0.3 67 0 
3813 3 0.8 7 0.4 53 0.7 58 0.4 60 0.5 69 0 72 0.8 
3896 18 0 75 0.5 
3970 46 0.3 53 0 
4120 1 1 12 0.4 15 0.4 41 0.4 69 0 89 0.9 92 0.9 
4218 2 0.9 62 0.7 65 0 70 0.4 
4361 10 0.3 39 1 45 0.7 47 0.3 92 0.5 96 0.9 
4416 13 0 24 0.4 32 0.7 68 0.6 70 0.8 82 0.4 90 0 
4565 0 0.8 22 0.3 40 0.9 
4588 55 0.7 87 0 
4685 2 0.6 12 0.8 41 0.3 44 0.8 54 0.9 80 0 96 0 
4752 27 0.7 46 0.7 74 0.9 
4768 2 0 6 0 54 0 
4933 7 0 44 0 45 0.9 58 0.6 76 0.7 86 1 90 0.3 91 0.3 
4999 18 0.7 19 0 69 0 92 0.7 
5011 8 0.3 9 0.9 12 0.8 15 0.8 49 0.6 52 0 59 0 68 0.5 80 0.4 
5077 8 0 12 0.3 16 1 57 0.9 89 0.4 91 0 99 0 
5130 48 0.4 70 0.3 
5174 8 0 23 0 35 0.3 37 0 44 0 66 0.6 69 0.5 96 1 
5190 39 0.7 72 0 
5399 70 0.5 
5519 1 0 3 1 25 0.8 31 0.8 42 0.7 47 0 55 0 78 0.7 
5587 1 0.8 6 0.3 23 0 33 0 49 0 
5616 9 1 17 0.7 49 0.3 62 0.8 
5860 0 0 1 0.5 11 1 25 1 27 0.8 53 0.5 66 0 81 1 93 0.9 
6164 1 1 4 0.7 7 0 32 0.6 50 0.4 
6172 11 0.6 27 0.6 71 0.6 75 0.5 
6201 8 0.4 27 0.8 
6366 42 1 
6423 62 0.9 68 0.7 
6467 89 0.8 
6511 14 1 34 0.7 36 0 57 0.6 63 0.5 75 0.4 85 0.7 90 0.8 94 0.8 96 0.6 
6541 85 0.7 
6550 2 0.7 10 0.7 31 1 41 0.9 48 0.7 80 0.8 
6591 15 0.7 24 0 54 0.3 74 1 90 0 
6634 8 0.3 11 1 18 0.9 25 0.6 30 0 48 0.9 49 0 68 0.4 74 0.5 80 0 
7122 69 0.7 
7169 23 0 51 0.8 68 0.9 87 1 
7231 19 0.5 30 0 50 0.6 62 0.3 
7343 22 0.8 53 0.9 69 0.4 
7386 2 0.5 60 0 73 0.9 85 0.8 92 0 
7451 6 0.3 16 0.6 41 0 52 0.3 59 0 80 0.9 88 1 
7612 1 0.4 8 0.4 17 0 34 0.9 53 0.8 
7621 23 0.8 41 1 71 0.9 93 0.7 
7666 4 0 12 1 57 0.9 
7731 17 0 46 0.7 62 0 87 0.3 90 0.6 93 0.9 
7826 57 0.9 
7846 29 0.7 43 1 52 0.7 85 0.6 
7855 47 0 
7873 26 0 27 0.7 51 0 57 0 60 0.5 78 0 79 1 80 0.6 85 0 
7938 16 1 54 0.6 98 0 
7967 4 0.6 66 0 70 0.6 
7987 86 0.6 
8070 5 0.3 9 0.9 14 0.3 16 0.6 49 0 51 0.3 60 0.3 62 1 90 0.4 
8226 41 0.5 53 0.3 
8234 17 0.9 59 0.6 69 0.5 74 0 94 0 
8984 51 0 64 0.8 98 0.7 
9035 30 0.4 
9038 49 0.7 74 0.6 89 0.3 
9044 4 0 7 0 13 0.9 22 1 48 0 96 0.6 
9123 2 0.6 67 0.7 
9181 78 0.8 93 0.7 
9310 8 0.7 10 0 15 0.6 29 0.5 58 0.4 59 0.7 75 0.3 90 0 
9345 12 0.6 22 0.4 30 0.5 31 0 35 0.8 50 0.5 58 0.6 85 0 97 0.6 
9413 6 0 35 0.5 53 1 96 0 
9491 1 0 12 0.4 61 0.6 62 0 
