100
13 50 0.6 
73 28 0.9 84 0.8 
279 22 0.6 27 0.8 37 0.4 62 0 67 0.4 73 0.8 
388 3 0.4 23 0.5 24 0.9 32 0.5 73 1 78 0.9 81 1 89 0 96 1 
478 57 0.8 62 0 81 0.3 
529 70 0.6 86 0.3 
609 15 0 23 0.4 41 0 52 0 62 0 67 0 70 0.4 95 0.7 
709 8 0.8 95 0.5 
783 44 0.9 47 0.8 
795 64 0 
847 22 0.6 83 0.3 85 0.3 87 0.3 
901 39 0.9 82 0.8 89 0 
971 43 0.7 94 0.3 97 0.5 
977 0 0 6 0 8 0.8 75 0.9 77 0 
1122 1 0 8 0.8 11 0 13 0.6 15 0.3 
1131 64 0.3 
1136 12 0.4 19 1 37 0.6 67 0 68 0.6 83 1 90 0 
1145 12 0.9 39 0 43 0.9 53 0 64 0 71 0.7 96 0.9 
1169 17 0 20 0 22 1 37 0.8 46 0.3 66 0.8 83 0.7 
1215 1 0.7 2 0.9 6 0.9 61 0.4 64 0.3 66 0 93 0.5 94 0.8 
1370 1 0.6 13 0 26 1 34 0 
1404 76 0.7 
1406 4 0.9 16 0.9 33 0.8 37 0.9 47 0 51 0.6 65 0 90 0.7 97 0 
1408 3 0.8 27 0 31 1 35 0.8 56 0.8 57 0.8 77 0 83 0 89 0.3 91 0.6 
1412 17 1 18 0.4 22 0 34 0 71 0.4 72 1 77 0.4 87 0 92 0.7 
1684 99 0.5 
1717 3 0.9 25 0 68 0 
1877 13 0.6 34 0 52 0.3 
1915 2 0 40 0.4 41 0.5 54 0.5 55 0 73 1 92 0 
1923 37 0.5 75 0.8 78 0.3 
2010 3 0.7 14 0.8 29 0.3 38 0.9 49 0.6 68 0.7 73 0.5 74 0 86 0 
2057 2 0.6 47 0.3 52 0 98 0 
2078 5 0.3 67 0 75 0.5 98 0.7 
2247 54 0.4 
2291 34 0 
2301 2 0 13 0.7 19 0.9 28 0.9 59 0.7 60 0.7 88 0.3 91 0 95 0 96 0.5 
2323 31 0 36 0 45 0.4 69 0 
2404 4 0.3 43 0 98 0.4 
2446 72 0.8 
2494 12 0.7 13 1 36 0.9 43 0.6 
2576 1 0.7 11 1 28 0.8 33 0 72 0.7 89 0.8 97 0.5 
2755 12 0 17 1 24 0.3 45 1 48 0.5 66 1 69 0.7 80 1 90 0 97 0 
2866 2 0.3 19 0.7 42 0.9 53 0.4 61 0.9 64 1 71 0 80 0.5 
2919 3 0 21 0.5 22 0 47 0.4 73 0.6 
2937 24 0.3 28 0 30 0.7 42 0 61 0.6 63 0.6 65 0.8 68 0.9 93 0.9 94 0.7 
2977 22 0.9 40 0.4 61 0.4 76 0.7 92 0.6 
3423 9 0.4 16 0.4 65 0.8 77 0.9 93 0.9 
3443 52 0 60 0.9 70 1 76 0 
3940 13 0.8 17 0 32 0 35 0.7 44 0.6 93 0 
3972 5 1 26 0 48 0.4 74 0 87 0.6 90 0 
3976 2 1 17 0 30 0.3 32 0.8 33 1 50 0.7 80 0.7 
4202 0 0.7 3 1 10 0 22 0 40 0 62 0.3 
4332 4 0.4 24 0.8 25 0.4 45 1 69 0.5 80 0.8 95 1 
4376 52 0.8 
4384 0 0.8 26 0.3 40 0 94 0.3 
4714 7 1 25 0.6 31 1 37 0.5 38 1 42 0.4 46 0.7 50 0 81 0.5 92 0 
5197 75 0.4 97 1 
5234 55 0.8 73 0.8 77 0.3 86 1 
5288 1 0 2 0.7 4 0.6 14 0.7 27 0 28 0.3 29 0 45 0.9 72 0.5 
5474 7 0.7 8 0 23 0.5 42 0.3 45 0.8 54 0.9 87 0 
5478 10 0 20 0.7 43 0.7 57 0.4 69 0.9 77 0.5 93 0.7 
5486 13 0.4 20 0.5 41 0.8 71 1 92 0 
5637 27 0 60 1 
5701 25 0.4 33 0.7 48 0 56 0 
5714 68 0.6 87 0.8 
5821 22 0.3 23 1 31 0.3 33 0.5 39 0.3 71 0.3 95 1 
5988 1 0.7 2 0.5 41 0 55 0.5 64 0 65 0.5 73 0 87 0.9 98 0.4 
6139 11 0.6 12 1 22 0.4 23 0 43 0 60 0.4 
6148 1 0.9 21 0.5 51 0.9 60 0.5 82 0.9 
6319 4 0.4 25 0 30 0 38 0.4 53 0.4 58 0.7 
6397 4 0.7 59 0.8 90 0 
6547 5 0.6 20 0.9 49 0 51 0 61 0.8 96 0 99 0 
6579 12 0.3 20 0.4 30 1 38 0 44 0.3 61 0.6 63 1 87 0.6 92 0.8 
6622 4 1 49 0.7 52 1 73 0.6 
6705 21 0.4 89 0.3 92 0.5 93 0.4 
6724 11 0 20 1 31 0.5 36 0.9 44 0.8 66 0.3 68 0.6 94 0.7 
7451 6 0 16 0.5 41 0.8 52 0.3 59 0 80 0 88 0 
7489 9 0.4 27 0.6 38 0 62 1 65 0.5 73 0.6 78 0 81 0 90 0.3 99 0.4 
7490 19 0.6 22 0.5 24 0.3 28 0.8 58 0 64 0.8 82 0.9 83 0.4 86 0.8 
7562 52 0.8 90 0 98 0.5 
7643 8 0.5 27 0 34 0 49 1 65 0.6 66 0 69 0 70 0.6 76 0 78 0 
7707 0 0.8 21 0.3 31 0 60 1 82 0.7 85 0.3 
8086 3 0.6 5 0.6 14 1 48 0.4 52 1 82 0 83 0.8 95 0.7 99 0.6 
8378 18 0 33 0 61 0.6 77 0 
8594 15 0.6 26 0.9 51 0.5 64 0.3 76 0 79 0.4 91 0.6 
8720 5 0.9 46 0 74 0.9 86 1 89 1 
8761 10 0.8 49 0.9 62 0 
8784 27 0.7 45 0.8 53 1 91 0.9 98 0.8 
8938 18 0.4 
8981 9 0 29 0.5 
9021 58 0 68 0.5 
9026 5 0 6 0.5 10 0.7 12 0 44 0 56 0.4 61 0.5 68 0.5 88 0.3 
9111 43 0.8 73 1 
9330 10 0.8 16 0.4 37 0.5 42 0.3 46 0.8 55 0 72 0 
9345 12 0 22 1 30 1 31 0.5 35 0.4 50 0 58 0 85 1 97 0.3 
9368 7 1 8 0.5 69 0.5 73 0.9 
9540 5 0 18 0.3 28 1 63 0 76 0.3 90 0.4 
9640 1 1 59 0 65 0.4 97 0.3 
9731 14 0 22 0.8 45 0.8 52 1 54 0.5 62 1 77 0.3 79 0.7 84 0.8 
9756 10 1 12 0.8 25 0.7 26 0 39 0.4 49 0 59 0.3 71 0.9 96 1 
