100
229 18 0.6 20 0.3 23 0 29 0 30 0.6 35 0 39 0.8 51 0.3 72 0.5 
310 63 0 96 0 
348 0 0 3 0.7 40 0.6 44 0 49 0.5 90 0.4 
607 8 0.7 15 1 31 0.8 40 0 68 0.5 89 0.9 90 0.6 92 0.4 93 0.8 98 0.7 
678 7 0.5 10 0.4 24 0 26 0.6 43 0.5 44 0.8 49 0 86 0.4 92 0.8 
812 25 0.5 30 0.5 31 0.7 48 0 66 0.8 99 0 
1071 8 0.4 9 0.3 17 1 33 0.6 64 0.7 72 0.4 
1107 3 0.9 
1110 24 0.8 25 0 28 0.7 39 1 43 0.3 70 0.3 73 0.4 80 0 86 0.4 89 0.6 
1116 3 0 16 0.9 22 0 41 0.5 71 0.5 88 0.5 
1155 5 0.8 7 0.4 16 0.9 18 0.9 25 0.4 47 0.6 66 0.3 98 0.4 
1198 12 0.8 37 0.4 53 0 54 0.8 58 0.8 81 0.9 82 0 93 0 
1199 7 0 20 0.6 24 0.5 25 0.7 51 0 76 0.3 
1229 20 0 30 0.7 40 1 43 1 45 0 61 0.9 84 0 90 0.6 
1240 7 0.7 14 0.8 27 1 30 0.7 39 0.7 57 0.6 66 0.5 71 0.8 
1533 5 0 28 0 92 0 95 0.3 
1586 12 0 15 0.3 18 0 24 0.3 50 0.8 87 0.7 88 0.5 
1601 42 1 48 0.9 57 0.7 
1637 7 0.4 23 1 30 0.5 88 0.4 
1679 0 0 10 0.4 27 0.7 45 1 57 0.5 59 0.7 83 0.5 
1763 8 0 28 0 34 0.4 57 1 70 1 71 0.7 90 0 
1877 13 0.8 34 0.6 52 0.3 
1878 21 0 29 0.8 60 0 72 0.4 75 0.8 79 0.9 87 0.5 96 0 97 0.4 
1963 66 0.6 77 0 91 0.7 94 0 
1967 65 0 
1971 5 0 11 0.5 12 0.9 29 0.9 36 0.4 51 0.7 83 0 88 0.4 91 0.6 96 0.6 
2096 0 0.9 2 0 25 0.5 41 0 52 0.6 82 0.5 92 0 98 0.6 
2099 16 0.7 48 0 55 0.8 57 0.9 74 0.7 90 0.4 
2104 9 0 13 0.4 14 0.8 40 0.6 63 0.9 68 0.7 85 0.8 93 0 
2189 5 0.3 21 0.7 37 0.8 57 0 59 0.5 61 0.6 67 0.9 73 0.8 75 0.7 99 1 
2205 37 0 38 0.4 42 0 45 0.6 77 0 81 0 88 0.3 
2326 4 0.7 17 0 25 1 
2327 2 0.3 28 0.8 31 0.7 36 0.6 39 0.7 42 0.9 50 0 62 0 77 0.5 
2370 22 0.9 43 0.9 
2399 16 0.5 
2444 5 0.3 10 0.9 66 0 75 0.6 77 0.6 83 0.4 88 0.9 92 0.3 
2451 9 0.5 11 0 
2490 9 0.3 95 0 96 0.4 
2614 5 1 21 0.9 64 0.6 75 0 76 0.4 82 0.8 
2673 11 0.9 12 0.8 22 0.6 23 0.3 38 0.6 60 1 81 0 86 0.9 
2721 3 0 42 0 64 0.7 77 0 87 0 91 0.4 96 0 
3014 4 1 26 1 28 0.5 33 0.9 73 0 74 0.8 
3055 2 0.7 3 0 7 0.6 11 0.7 39 0.8 
3352 1 0.5 33 0.3 52 0 73 0 82 0 
3490 37 0 71 0.4 
3508 37 0.5 63 1 83 0 
3621 33 0.6 42 0.9 47 0.5 62 0.3 75 0 
3672 81 0 82 0.3 91 0.9 92 0 
4004 38 0 
4076 7 0.4 9 0.3 19 0.3 22 0 29 0.7 37 0 63 0 87 0.5 88 0 
4095 5 0 35 0.8 38 0.6 50 0.8 51 0.6 60 0.8 77 0.9 86 0.6 87 0.6 
4207 0 0.8 1 0 28 0 38 0.3 43 0 63 0.3 71 0.4 77 0 80 0 99 0.9 
4254 95 1 
4370 4 0.5 13 0.9 15 0 25 0.7 47 0.6 89 0.8 
4480 6 0.9 50 0.4 61 0 84 0.9 
4540 8 1 15 1 78 0.6 87 0.8 
4745 25 0 46 0.9 70 0.4 98 1 
4977 18 0.8 24 0.8 54 0 64 0.4 77 0 88 0 96 0.7 
4985 9 0.4 28 0.6 31 0.4 49 0 53 0 62 0 
5003 39 0.3 57 1 65 0.7 93 0 
5111 10 0.4 12 0.4 19 0.6 31 0.7 55 0.4 74 0 85 0.3 87 0.9 96 0.9 
5130 48 0.5 70 0.7 
5218 16 0.7 28 0 46 0.6 48 0 51 0 64 0.7 70 0.3 81 0.7 
5389 1 0.9 26 0.3 93 0.3 
5408 14 0 24 0.9 53 0 74 0.7 92 0.9 
5416 1 0.7 
5488 19 0 48 1 78 0 
5584 4 0.8 11 0.4 13 1 28 0.9 43 0.5 68 0.7 76 0.6 86 0.6 97 0.8 
5794 49 0.9 
5912 50 0.4 53 0 67 1 
5992 0 0 22 0.8 34 0.7 38 0 39 0.4 41 0 47 0.4 62 0.3 68 0.5 95 0.9 
6174 1 0.9 9 0.9 29 0.8 30 0 47 0.4 51 0.8 64 0 
6220 41 0.4 51 0.6 60 0 79 0.7 83 0 85 0.3 
6571 17 0 36 0.6 44 0.9 45 0.6 50 0.6 61 0 76 0.5 94 0 97 0.3 99 0 
6597 8 0.8 12 0 34 1 52 0.7 
6805 15 0.8 39 0 45 1 56 0 
6943 9 0.4 21 0.4 25 0 34 0.4 38 0.6 53 0.4 54 0.7 
7179 46 0.8 71 0.9 89 0.6 
7267 73 0.9 98 0.6 
7329 12 1 19 0 36 0.4 45 0.8 60 0.9 80 0.9 86 0.5 
7361 2 0.9 63 0.4 81 0.6 89 0 95 0 
7508 1 0 2 0.5 7 0 10 0 13 0.6 53 0.8 64 0.5 75 0 
8053 2 0.4 15 0.6 62 0 
8177 16 1 42 0 46 0.9 51 0 59 0 62 0.9 
8263 29 0 66 0.8 74 0 
8667 4 0 49 0 55 0.7 65 0 83 0.5 
8800 3 0.8 23 0 59 0.8 65 0.4 76 0.9 82 0 83 0.9 95 1 
8806 99 0 
8870 3 0.3 30 0 57 0.7 62 1 76 0.7 77 0.5 80 0 85 0 91 0.7 98 0 
8940 19 0 20 0 33 0.8 46 0.5 48 0.3 55 0 60 0 77 0.3 79 0.5 86 0.6 
9027 84 0.4 98 0 
9109 34 0.3 39 0.7 62 0.6 77 0.7 87 0 98 0.9 
9179 3 0.3 4 0.6 37 0.4 61 0 86 0.5 
9303 2 0 7 0.9 10 0 15 0.7 17 1 25 0.7 26 0.5 39 0.5 54 0.9 85 0.3 
9503 5 0 15 0.7 22 0.8 31 0.8 40 0 43 0.7 44 0.7 51 0 98 0.9 99 0.3 
9553 37 0 
9573 91 0.3 99 0 
9682 8 0 9 0 45 0.3 48 0 
9716 3 0.6 20 0.7 65 0 82 0.5 99 0.6 
9724 0 0 2 0.5 17 0.7 27 0.9 38 0 63 0.4 80 0.4 86 1 97 0.4 
