100
147 33 0.9 37 0.9 44 0.7 51 0 53 0.3 58 0 60 0 77 0 80 0 83 1 
167 12 0.3 82 1 
210 15 0.3 37 0.4 38 0.8 70 0.7 81 0 98 0.7 
222 11 0.8 21 0 31 0.3 60 0.6 70 0.6 78 0.3 81 0.4 85 0.4 
327 2 0.9 12 0.4 18 0 33 0.3 65 0.9 94 0.5 
532 4 0 74 0.5 85 0 
854 1 0 8 0.3 25 0.4 26 0.8 37 0.5 51 0 74 0.7 89 0.3 
871 3 0.5 18 0 
1263 34 0.3 40 0 57 0.7 75 0.4 82 0.6 
1277 1 0.3 38 0.3 82 0.3 
1321 5 1 11 0.8 18 0.6 34 0.4 42 0 54 0.7 60 0.4 67 0.5 69 0.9 79 0.4 
1336 3 1 9 1 11 0.5 28 1 57 0 64 0.4 
1356 4 0 14 0.7 23 0.6 38 0.5 40 0.6 62 0 64 0 71 0 82 1 
1363 21 0.8 77 0 
1372 48 0.6 55 0 87 1 89 0 98 0 
1430 24 0.7 38 0.5 47 0.8 55 0.5 56 1 59 0.4 72 0.8 74 0 79 0.4 
1437 27 0.5 28 0.7 41 0.3 48 0.6 67 0.4 98 0.9 
1479 16 0.5 18 0.9 31 1 34 0.3 35 0.7 49 0.7 52 0.7 53 0.5 64 0.3 90 0.9 
1547 78 1 
1678 35 1 42 0 58 0.6 65 0.8 70 0.9 88 0.9 89 0 91 0 93 0.5 
1869 2 0 13 0.3 16 0 17 0 25 0.3 26 0.7 27 1 49 0.9 70 0 91 1 
1895 0 0.8 5 0.3 6 0 46 0 50 0 58 0 62 1 81 0 94 0.7 
2051 3 0.9 11 0.7 23 0.8 
2094 3 0.8 33 0.8 87 0.3 91 1 93 0.7 
2129 6 0 11 0.9 
2218 28 0.3 36 0 37 0 41 0 42 0 43 0.9 56 1 66 0.6 90 0.8 94 0.9 
2252 12 0.3 21 0 26 0.8 31 0 45 0.9 58 0.3 
2314 6 0 9 0 52 0.5 62 0 
2336 1 0.8 4 0.5 6 0 18 0 40 0.4 50 0 71 0.6 78 0.8 88 0.7 92 0 
2378 81 0.9 
2386 9 0.3 13 0.5 14 0 17 0.6 28 0 39 0.3 54 1 63 0.4 
2404 4 0.7 43 0.7 98 0 
2475 26 0.3 43 0 50 0.7 62 0.4 76 0.9 99 0 
2583 0 0 6 0 16 0.4 64 0.3 65 1 
2622 9 0.6 49 0 68 0 
2695 11 1 15 0.9 22 0.8 58 0 63 0.5 76 0 89 0.6 97 0 
2725 12 0 16 0 17 0.9 20 0 34 0.4 43 0 83 1 87 0 94 0 
2736 71 0.5 
2760 59 0.5 
2786 12 0.8 17 0.3 20 0 39 0.4 52 0.5 67 0 70 0.6 75 1 
2978 26 0.8 27 0.8 47 0 56 0.5 74 0.4 83 0.5 89 0.4 97 0 
3062 55 0.9 99 0 
3108 66 1 70 0.3 94 0.8 
3147 6 0.6 40 0.7 51 0.7 53 0.9 86 1 91 0.9 95 0 
3174 98 0.9 
3400 6 0.5 10 0.3 54 0 92 0.5 99 0.9 
3453 10 0.5 11 0.7 54 0.8 55 0 57 0.4 95 0.5 
3638 0 0.9 3 0 60 0.4 
3908 80 0 85 0.8 
4095 5 0.9 35 0.4 38 0.5 50 0.9 51 0.8 60 0.9 77 0.3 86 0 87 0.9 
4129 6 0.5 13 0 29 0.8 47 0.5 54 0.4 55 0.8 64 0.6 73 0 
4303 40 0 
4653 52 0.6 57 0 70 0 
4741 31 0 44 0.9 56 0 
5073 5 0 6 0.7 7 1 13 0.8 15 0.8 47 1 62 0 88 0.3 
5129 3 0.4 68 0 70 0.4 
5196 10 0.4 59 0.7 
5231 22 0.8 38 0.7 39 0.6 47 1 48 1 91 0.7 96 0.8 
5287 5 0 14 0.6 27 0.5 55 0.5 70 0.4 72 1 74 0 80 1 99 0 
5415 10 0 12 0 52 1 61 0.8 67 0 75 0.7 77 0 79 1 92 0.8 98 0.7 
5872 4 0.8 10 0.6 70 0.5 76 0 88 1 96 0 
6131 8 1 14 0.5 23 0.7 36 0 44 0 64 0.8 98 0.4 
6184 1 0.3 54 0.6 99 0.3 
6356 28 0.5 49 0 80 0 
6373 45 0.5 55 0 86 0.8 91 0 
6376 90 0.8 
6495 16 0.7 54 0.3 91 0.5 95 0.4 
6763 22 0.3 47 0.8 79 0.4 
7147 11 0 20 0.6 24 0 25 0.7 30 0.8 41 0 68 0.4 74 0 89 1 
7150 13 0.8 16 0.9 24 0.3 28 0.7 32 0.7 34 0 47 1 62 0.7 70 0.7 
7183 5 0.9 87 0 
7220 18 0.4 19 0.3 27 0.3 30 0.3 47 0.4 51 0.9 68 0.9 84 0 86 0.6 
7486 3 0.3 14 1 53 0.4 78 0.5 90 0.5 92 0.5 98 0.5 
7761 21 0.4 
7850 23 0.5 32 1 44 0.8 45 0 48 0.5 66 0.9 69 0 
7864 24 0.5 61 0.5 62 0 68 0.6 89 0.6 
7911 15 0.4 25 0 48 0 49 0.7 59 0.8 65 0.8 66 0.3 69 0.4 78 0 96 0.3 
8070 5 0.6 9 0.8 14 0.4 16 1 49 0.9 51 0.9 60 0.5 62 0.4 90 0.6 
8171 7 0.7 10 0.9 12 0 19 0.6 37 0.8 54 0.7 57 1 72 0.7 85 0.8 88 1 
8304 13 0.4 
8352 39 0.7 
8424 20 0 43 1 63 1 68 0.6 99 1 
8546 11 0 12 0.3 34 0 46 0.7 48 0.4 64 0 70 0.9 79 0.4 84 1 85 0 
8555 45 0 49 0.9 52 0 84 0.8 93 0.6 
8581 19 0 48 0.3 53 0.4 59 0.9 68 0 74 1 
8599 7 0.5 21 0.3 26 0.3 33 1 48 0 78 0.7 79 0.7 
8653 29 0.9 36 0.7 65 0.9 74 1 81 0 88 0.6 92 0.8 97 0 
8745 62 0 95 0.7 
8770 18 1 
8789 13 0.9 16 0.5 25 0 42 0.6 44 0.8 47 0.7 55 0.4 61 0.6 97 1 
8817 0 0.5 48 0 61 0.8 81 0 95 0 97 0.4 
8942 90 0.5 
9015 4 0.6 15 0 17 0 78 0.6 
9185 15 1 28 0.6 32 0.5 34 0.4 64 0.5 85 0.5 
9198 33 0 46 0 49 0.9 59 0.8 91 0.8 
9252 14 0.9 18 0.6 31 0.3 49 1 65 1 
9362 12 0.5 22 0 37 0.9 43 0 98 0.7 
9410 16 0.8 17 0.4 26 0 43 0.5 75 0.6 95 0.8 96 0.5 
9601 6 0.6 17 0.6 36 0 37 0.6 64 0 65 0.8 67 0 75 0 81 1 
9611 19 1 21 0 22 1 53 0.6 62 0 69 0 81 0.3 95 1 
