100
55 29 0.8 47 0 82 0.8 
325 0 0.7 7 0.8 48 0.6 68 0.9 75 0 
366 8 0 26 0.3 31 1 65 0 71 0.4 76 0.7 99 0.8 
489 18 0 75 0.3 78 0.3 
695 1 0.6 11 0.5 23 0.7 35 0.5 36 0.9 49 0.7 68 0.5 73 0 98 0.6 
701 5 0.6 6 1 12 0.3 21 0 24 0.4 32 0.5 56 1 76 0.9 93 0.4 
818 3 0.3 8 0.3 15 1 25 0.9 36 0.3 65 0 74 0.6 77 0.3 96 0.8 
888 16 0 70 0.7 
956 39 0 58 0.3 79 1 96 0.3 
1017 18 0.8 37 0.7 40 0.7 52 0.9 54 0.3 63 0.5 74 0 
1198 12 0.5 37 0 53 0 54 1 58 0.6 81 0.9 82 1 93 0 
1245 1 0.7 18 0 28 0 30 0 35 0.4 53 0.6 69 0.8 89 0.6 96 0.5 
1395 27 0 47 0 57 0.6 60 0.9 87 0.4 88 0.8 90 0.9 96 0 
1418 8 0.7 19 0 22 0.7 38 1 65 0.9 72 0 80 0.7 88 0.6 98 0.5 
1504 58 0.7 60 1 81 0.9 94 0 
1556 14 0 45 0.9 65 0.7 86 0 
1565 26 0.4 54 0.4 61 0 
1566 29 0.7 31 0.7 32 0 49 1 51 0 67 0.9 70 0.7 71 0.9 79 0.8 
1770 4 0 8 0.9 28 0.6 74 0.7 75 0 83 0.4 
1781 5 0.6 7 0.7 12 0.9 14 0.5 57 0.3 71 0 
1826 7 0.7 41 0.3 95 0.6 
1832 10 0 29 0.6 41 0.4 43 0.4 44 0.8 49 0 
1992 25 0.8 37 0 
2001 5 0 11 0.4 35 0.8 
2061 5 0.8 19 0 27 0 45 0.3 56 0.3 85 1 89 0.6 
2196 77 0.4 
2351 48 1 
2639 14 0.5 49 0.4 83 0.4 
2726 19 0.8 46 0.9 57 1 82 0.5 
2848 1 0 42 0.7 46 1 56 0.9 59 0.6 82 0.3 
2888 18 0.8 28 0.6 37 1 75 0.5 80 0.8 82 1 89 0.3 
2972 27 0 92 0 
3078 5 1 63 0.8 
3099 11 0.3 18 1 23 0.3 44 0.3 
3115 10 0.6 67 0.8 
3227 1 0.6 21 0.3 29 0.6 52 0.8 53 1 76 0.4 
3392 0 0.4 34 0.6 35 0 38 0.3 46 0 51 0 67 0.8 70 0 71 1 97 0.3 
3654 0 0 8 0.4 25 0.6 29 0.3 38 0.5 44 0 
3763 51 0.6 
3814 10 0.6 23 0 40 0.6 41 0.6 70 0 81 0.5 
3841 0 1 5 0.7 10 0.3 19 0.4 35 0.7 38 0.8 54 0.9 55 1 62 0 68 0.5 
4048 24 0.6 26 0.9 38 0.8 42 0 55 0 63 0.7 74 0.6 85 0 87 0.6 95 0 
4144 23 0.7 24 0 85 0 
4237 14 0 18 0.3 27 0.8 54 0 61 0.3 64 0.7 74 0.4 80 1 93 0.7 
4314 28 0 66 0.5 
4322 13 1 19 0.6 23 0.9 28 0.3 36 0 39 0.3 
4421 8 0 37 0 47 0.4 53 0.4 58 0.5 60 0.5 62 0 65 1 92 0.9 98 0 
4482 9 0.8 62 0.6 65 0.6 
4528 13 0.9 22 0 36 0 43 0 44 0.7 51 0.4 52 0.3 65 0.6 97 0.4 98 0.8 
4591 7 0.4 12 1 31 1 62 0.4 71 0.4 75 0.6 82 1 92 0.6 
4680 27 0 29 0.5 50 0.4 63 0.8 
4843 9 0.5 50 0.3 64 0.9 
5059 20 1 23 0.7 27 0 63 0 64 0 71 0 
5118 12 0.6 28 0.6 35 0.3 37 0.7 43 0.3 46 0.3 48 0 93 0.9 95 0 99 0.7 
5300 4 0.7 27 0.8 28 0.5 32 0.7 42 0.6 69 1 85 0.3 90 0.9 95 0 98 0.7 
5305 10 0.6 40 0 51 0.4 52 0.5 77 0.7 91 0 99 0.8 
5474 7 0.6 8 0 23 0 42 0.5 45 0.7 54 0 87 0.6 
5501 8 0.7 31 0 48 0.4 65 0.7 72 0.4 81 1 82 0.8 85 0 92 0.4 98 0.8 
5599 2 0.8 7 0 10 0.5 51 1 64 0.4 78 0.8 81 0.3 
5929 4 0.9 17 0.6 18 0.6 36 0 52 0.5 57 0 62 0.8 79 0.9 87 0.3 90 0.4 
6046 13 0 52 0.9 58 0.9 97 0.7 
6125 31 0 38 0 42 0.5 43 1 50 0.6 51 0.9 74 0.7 79 0 84 0.7 88 0.3 
6267 36 0 49 0.7 54 1 56 0 57 0 73 0 86 0.7 95 0.7 
6386 0 0.4 2 0.8 3 0.4 19 0 45 0.4 56 1 58 0.6 69 0.4 90 0 
6579 12 0.5 20 0 30 0 38 0.9 44 0 61 0.4 63 1 87 0.5 92 1 
6659 2 0 27 0.8 56 0.6 61 0.8 71 0 79 0 81 0 82 0.6 94 0.7 95 0.9 
6741 22 0.6 
6855 17 0.4 37 0.4 
7003 22 0 38 0 43 0.7 57 0.6 71 0.4 75 0.7 78 0 90 1 
7096 10 0 26 1 38 0.9 44 0.4 49 0 54 0 90 0.6 91 0 
7357 58 0.8 
7360 12 0 62 0.5 75 0 83 0 87 0.3 88 0.4 89 0.5 
7617 53 0.5 90 0.8 93 0.4 97 0.8 
7655 18 0.8 29 0 32 0.3 49 1 78 1 
7715 16 0.7 17 0 18 1 35 0 37 0.6 47 0 86 0.8 91 0.4 
7780 6 0.6 16 0.4 20 0.8 51 0.4 52 0.8 75 0.8 80 0.9 87 0 97 0.3 
8070 5 0.4 9 0 14 0.9 16 0.9 49 0.6 51 0.4 60 0.3 62 0.9 90 0 
8080 35 0.7 
8299 23 0 24 0.7 35 0.4 51 0.9 54 0.5 55 0 57 0.9 77 0.4 84 0.5 96 0 
8317 23 0 31 0.3 41 0.9 44 0 48 0.5 56 0 76 0 
8501 4 0 5 0.4 13 0.3 32 0.5 35 0 62 0.7 70 0.3 
8630 4 0.8 28 0.9 30 0 40 0.9 41 0.3 44 0 67 0.3 69 1 74 0.8 89 0.5 
8656 6 0 27 0 35 0 51 0.5 58 0 61 0.7 
8732 39 0.8 50 0 58 0 
8851 14 0.3 32 0 
8926 10 0 12 0.7 52 0.7 55 0.9 58 0 
8927 23 0 24 0.6 27 0.8 69 0.5 79 0.6 86 0.4 
9028 21 0 39 0 92 0.7 
9192 4 0.3 11 0.8 23 0.6 29 0.5 61 0.8 63 0.9 75 0.8 
9237 3 0.4 5 0.3 11 0.6 13 0.6 29 0 34 0.6 63 0.5 83 0.6 92 0.5 97 0 
9344 81 0 85 0 
9442 12 0.9 16 1 20 0 34 0.8 65 0.9 66 0.6 73 0.7 83 0.6 85 0.6 96 0 
9463 8 0 13 1 14 0.8 39 0.7 51 0.4 52 0.4 56 0 62 0.8 78 0 88 0 
9466 1 0 17 0.3 49 0.4 56 0.5 83 0.9 88 0.9 96 0.3 97 0 99 0.8 
9476 3 0 36 0.5 41 1 74 0.4 81 1 88 0 
9698 4 0.4 8 0 17 0.5 20 0.3 40 0.5 55 0 60 0 73 0.5 75 0 
9902 0 0 1 0.6 12 0.9 19 1 29 0.4 71 0 79 0.5 
9905 1 0.5 29 0 67 0.5 77 0 79 0.6 82 0.4 92 0 
9982 23 0.7 39 0.3 69 0.9 88 0.8 91 0.5 93 0.7 94 1 
9987 40 0.4 
