100
92 7 0 8 0.5 29 1 92 1 
367 12 0.6 38 0 40 0.6 57 0.8 84 0.6 94 0.7 
419 29 1 35 0.7 51 0.5 
619 17 1 49 0.9 56 0.9 65 0.9 96 1 
763 16 0.6 17 0.9 19 0 26 0 34 0.7 43 0 55 0 68 0.4 92 0.6 
833 26 0.8 29 0.9 44 0 54 0.4 61 0.5 72 0.7 
991 15 0 30 0.9 34 0 40 0 49 0 61 0 67 0.9 
998 10 0.6 23 0 38 0 62 0 63 0 86 0 
1173 51 0.3 
1177 28 0.8 33 0 42 0.8 84 0.5 85 1 87 0.7 
1213 31 0.9 
1231 27 0.8 30 0.4 46 0.6 49 0.3 53 0.4 58 0 64 0 85 0.7 
1232 62 0 
1259 18 0.6 47 1 48 0.9 51 0 66 0.5 70 0.8 90 0 
1261 68 0.9 77 0.5 92 0.7 
1278 8 0.6 55 0 
1770 4 0.6 8 0.9 28 0.5 74 1 75 0.5 83 0 
1821 11 0 40 0.9 44 0 58 0.7 61 0.8 66 0.7 74 0.8 98 0.5 
1956 4 0.6 5 0.3 28 0.8 38 0.8 51 0.3 62 0.7 88 1 89 0 96 0 
1979 2 0 40 0.9 52 0.7 57 1 62 0.9 86 0.8 88 0 99 0.3 
1983 42 0.8 46 0.8 49 0 52 0 77 0.7 89 0.7 
2054 36 0.6 58 0 78 0.8 
2169 51 0.6 
2189 5 0.3 21 0.4 37 0.5 57 0.8 59 0.3 61 1 67 0.4 73 0.6 75 0.9 99 0.3 
2346 17 0 21 1 26 0.6 31 0 68 0 70 0.4 79 0 99 0.7 
2351 48 0 
2393 4 0.9 11 0.9 12 0 18 0.7 41 0.5 54 1 59 0.4 74 0.4 76 1 91 0.7 
2562 37 0.5 
2563 25 0 39 0 98 0.6 
2582 23 0 27 1 36 0.3 53 0.3 57 0.5 64 0.8 67 0 90 0 
2620 7 0.9 32 0.4 36 0.4 44 0 55 0 62 0 80 0 92 0.8 97 0 98 0.7 
2637 0 0 29 0.5 38 0.7 40 0.4 46 0.6 50 0.5 56 0.6 75 0.4 77 0.5 
2668 23 0 25 0.7 31 0.6 41 0.9 42 0.6 44 0.3 59 0.8 69 0.4 
2682 3 0 18 0 19 0.6 20 0 24 0.7 27 0.7 69 0.5 76 0 90 0 
2753 13 0.6 20 0.5 35 0.3 47 0 52 0.8 56 0.3 59 0.6 61 0.8 78 1 84 0.3 
2877 1 0.8 46 0.7 73 0.3 79 0 90 0.7 
2892 13 1 23 0 30 0.6 43 0.3 77 0.4 88 0 
2901 44 0.7 52 0.3 
3113 7 0.9 47 0 71 0.4 
3171 0 0.7 23 0 34 0 39 0.6 80 0.6 82 0.6 87 0.9 88 0.9 
3313 6 0.7 20 1 22 0.5 28 0.6 40 0.4 69 0 77 0.8 91 0 94 0.6 
3319 5 0 16 0.4 33 0 35 0.6 71 0.7 74 0.9 77 0 79 0.7 
3439 11 0.9 12 0.7 18 0.4 29 0.5 32 0 41 0.6 51 0 95 0.3 
3504 11 0.8 22 0 51 0 54 0.4 88 0.9 90 0.5 98 1 
3563 17 0.6 28 0.3 40 0.8 86 0 87 0 
3620 30 0.3 38 0.4 66 0.4 
3664 25 0.4 37 1 56 0 74 0.3 
3665 61 1 71 0.6 74 0.5 79 0 
3749 36 0.8 57 0 91 0.4 
4224 38 0.9 
4258 1 0 21 0.8 74 0 
4601 8 0.8 29 0.7 32 0 43 0 78 0 85 0 
4627 4 0.6 15 0 43 0.4 48 0 77 1 81 1 82 0 91 0.7 
4642 5 0.6 36 0.7 42 0.6 52 0.5 55 0.7 68 0.8 76 1 89 0.6 94 0 
4885 2 1 9 0.8 15 0.4 39 0 44 1 50 0 58 0.5 70 0.6 93 0.8 94 0.4 
4935 43 0 
4950 1 0 17 0 46 0 51 0.4 53 0 72 0.3 90 0 91 0 
5055 6 0 37 0.5 50 0.6 52 0 58 0.9 67 0 70 0.8 79 1 92 0.4 
5087 24 0.9 29 0 50 0 51 0 
5090 10 0 18 0.8 29 1 31 0.5 39 0.5 65 0.4 93 0.3 98 0.6 
5189 19 0.5 30 0.4 58 1 
5271 29 0.3 41 0.3 82 0.7 
5387 48 0.7 62 0 66 1 92 0 
5410 21 0 46 0.3 60 0 87 0.9 
5616 9 0.5 17 0 49 0.7 62 0.6 
5863 34 0.6 41 0.7 45 0.6 46 0.3 50 0.9 66 0 80 0.6 93 0.8 
5931 27 0.9 37 0.4 55 0 60 0.6 82 0.4 88 0 
5966 10 0.6 24 0.5 33 0 42 0.9 43 0 63 0 73 0.6 80 0.8 82 0 97 0.9 
6513 41 0.9 96 1 
6873 7 0.4 
6920 0 1 2 0.3 20 0.3 39 0 41 0.8 47 0 73 0.4 83 1 89 0.4 98 0 
7141 15 0.3 18 1 21 0.7 25 0.3 28 0.5 47 0 55 0.4 74 0.3 77 1 98 1 
7145 3 0.6 49 1 69 1 92 0.4 
7189 3 0.7 16 1 21 1 30 0.3 59 0.8 97 0.5 
7230 43 0 73 0 90 0 
7530 39 0 43 0.4 50 0.9 60 0.3 69 0.5 77 1 78 0 79 0.4 93 0 94 0.9 
7697 21 1 
7713 21 0.5 35 0.5 75 0.8 86 0.8 
7901 97 0.8 
7927 25 0.7 
8177 16 0.8 42 0 46 0.7 51 0.7 59 0.8 62 0.9 
8180 24 0.6 38 0 75 0.6 
8222 15 0 32 0.5 48 0.8 66 0.3 69 0.3 81 0.5 
8371 41 0 
8380 10 0 
8570 3 0.5 35 0.3 39 0.8 78 0.5 89 0.5 91 0.3 94 0.8 
8911 83 0.6 
8963 17 0.5 21 0.8 52 0 58 0.8 86 0.4 96 0 
8988 2 0.6 5 0 15 0.5 31 0 36 0.3 41 0.6 46 1 66 0.7 72 0.8 
9000 4 0.4 70 0.6 81 0.3 
9105 13 0 16 0.8 37 0.7 43 1 48 0 54 0.6 68 0.7 84 0 96 0.4 
9190 92 1 
9236 33 0.3 65 0.8 90 0.9 96 0 
9361 37 0.5 49 0 88 0 
9474 4 0.4 26 0.8 36 0.4 51 0 89 0.9 94 0.6 
9491 1 0 12 0 61 0.3 62 0 
9492 1 0.4 8 0.9 18 0.4 28 1 34 0 37 0 65 0.6 75 0.6 84 0 
9527 0 0.4 31 0.3 36 0.3 40 0.7 42 0.4 96 0.8 
9578 6 0 12 0 13 1 46 0.9 58 0.3 66 0 80 0 95 0.3 
9941 0 0 3 0.9 10 0.6 16 0 
