100
11 12 0.9 14 0 15 0.5 35 0 58 0.8 78 0.8 94 0.6 
19 12 0.3 23 0.4 33 0.8 44 0 66 0.8 72 0.3 73 0 
43 6 0 20 0 26 0.5 35 0.4 41 0.8 53 0.9 77 0 84 0.3 86 0.4 
91 14 0.4 57 0.5 90 0.7 
257 47 1 69 0 79 0.8 82 0.8 90 0 
434 16 0.3 19 1 26 0.6 53 0 70 0 71 0.8 74 0.6 87 0.4 94 0.9 
577 2 0 6 0.8 18 1 19 0.3 49 0.8 52 0.8 54 0.7 80 0.7 
701 5 0.4 6 0.8 12 0.7 21 0.7 24 1 32 0.9 56 0.3 76 0.7 93 0.7 
794 12 0.6 
848 40 0.6 62 0 68 0.6 70 0.6 74 0.9 76 0.7 79 0 93 0.7 95 0.8 
909 22 0 23 0.9 37 1 60 0.8 
957 3 0.9 49 1 50 0.7 82 0 86 0.5 
960 4 0.3 7 0 
979 48 0.9 64 0.8 71 1 
999 17 1 20 0 32 0 39 0.4 44 0 56 1 68 0.5 76 0.7 81 0 
1063 37 0.7 41 0 51 0.6 73 1 84 0.5 
1086 10 0.9 21 0.6 24 1 31 0.7 34 0 38 0.4 41 0.5 57 0.9 71 1 79 0 
1125 11 0.4 35 0.5 47 0.8 77 0 82 0 
1277 1 0.8 38 1 82 0.8 
1297 8 0.9 11 0.3 86 0 
1380 2 0.9 5 0.9 14 0.8 15 1 26 0 63 0.7 64 0.7 79 0 
1637 7 0.8 23 0.9 30 0.8 88 0 
1655 64 0 
1847 2 0.6 21 0.6 38 0.9 51 0.8 83 0 
1887 22 0.5 35 0.4 44 1 85 0.6 87 0.4 
1895 0 0 5 0.9 6 0.6 46 0 50 0 58 0.4 62 0.5 81 0.3 94 0.7 
1998 15 0.6 
2101 8 0 25 1 32 0.3 36 0.8 58 0.4 60 0 77 0.8 96 0.8 
2111 7 0.7 32 0 55 0 57 0 62 0 73 0.5 
2247 54 1 
2298 23 0.9 24 0.5 25 0 30 0.5 37 0 67 1 70 0.4 74 0.8 78 0.5 99 0.7 
2299 2 1 3 0.5 37 0.3 43 0.5 82 0.6 
2353 4 0 10 0.5 26 0.8 39 0.3 51 0.9 76 0 82 0.8 97 0.8 
2408 5 0.3 11 0.3 13 0.4 26 0.8 31 0.9 45 0.9 53 0.6 61 0.8 82 0.7 90 0.8 
2581 2 0 37 0 53 0.9 83 0.4 91 0.3 
2765 22 0.3 26 0.9 27 0 32 0.9 35 0.3 45 0 69 0.7 85 0.7 91 0.3 
2814 13 0 38 0.5 39 0.9 47 0 69 0.5 75 0 91 0.4 
2841 90 0.3 
2900 9 0 
2975 16 1 17 0.3 39 0 50 0.9 62 1 66 0.5 79 0.6 98 0 
2983 10 0.3 14 0.6 42 0.7 46 0.3 51 0.6 57 0 62 0 65 1 96 0.7 
3084 6 0.5 12 0.5 31 0.5 39 0.6 86 1 88 0 
3121 22 0.3 23 0.3 37 1 45 0.5 67 0 80 0.7 88 0 
3402 20 0.7 23 0.7 37 0.8 40 0.3 42 0.7 59 1 73 0 80 0 91 0 
3502 8 0.8 10 0 16 0.8 17 0.4 47 0.8 58 0 82 1 86 0.3 92 0 
3517 32 1 38 0 44 0.6 48 0.4 69 0.9 94 0.9 
3540 1 0.5 19 0.6 20 0.5 31 0 43 0.8 46 0.5 69 0 79 0 94 0.8 97 0.7 
3652 33 1 48 0.8 99 0 
3732 12 0.3 13 0.5 58 0.4 60 0 75 0 82 0.7 85 0.9 96 1 
3736 19 0.5 57 1 66 0.7 78 0.3 79 0.6 84 0.3 87 0.6 91 0 95 0.6 
3809 17 0.5 19 0 32 0 37 0.6 43 0.6 57 0 62 0 69 0.5 78 1 85 0.6 
3813 3 0.7 7 0.7 53 0.6 58 0.3 60 0.7 69 0.7 72 0.7 
3836 6 0.8 73 0 87 0.6 
3866 88 0 
3916 4 0.5 11 0.8 35 1 66 0.8 72 0.5 
4175 0 0 8 0.4 23 0 25 0.5 49 0.3 71 0.3 73 1 76 0.7 85 0.7 87 0 
4178 20 0.5 47 0.7 70 0.6 
4391 83 0.3 94 0.6 96 0.5 
4463 3 0.6 49 0 53 0.5 75 0.3 86 0.6 96 0.7 
4603 5 0.7 40 0 69 0 
4679 21 0.7 23 0 57 0.3 59 0 62 0.9 75 0 90 0 
5012 7 0.8 29 0.4 65 0 
5189 19 0 30 0 58 1 
5299 20 0.8 61 0.9 
5448 8 0 17 1 36 0.6 39 0.3 58 0 63 0.8 97 0 
5709 7 0.6 9 0.7 70 0.8 
5832 2 0.3 6 0.4 24 0.3 34 0.4 35 0 41 0 47 0.6 54 0 
5893 48 0 
6311 24 0.7 26 0 48 1 95 0 
6322 29 0 31 0.7 34 0.6 35 0.9 44 0.4 69 0.6 71 1 94 0 
6704 22 0.3 33 0 51 0.5 85 0.8 
6717 9 0 18 0.8 22 1 27 0.9 34 0.3 39 0.3 61 0.7 69 0.8 88 0.8 
6888 64 0 
7131 37 0.8 
7185 10 0.4 19 0 22 0 30 0 40 0 46 1 69 0.4 94 0.6 
7335 9 0.3 25 0.9 56 0 85 0.5 
7352 95 0.6 
7404 30 0.6 45 0 57 0 85 0 94 0.7 
7501 1 0 3 0 19 0.8 27 0 37 0 62 0 65 0.4 76 0 79 0.9 98 0 
7853 1 0.8 18 0 34 0.8 46 0.4 52 0 76 0.7 79 0.3 91 0.9 
8219 11 1 
8335 6 0.7 51 0.8 60 0.9 69 0.4 
8390 0 0.7 19 0.9 24 0.5 25 1 32 0 36 0 71 0.7 80 0 91 0.5 
8402 4 0 
8482 26 0.4 45 0 58 0.9 87 1 
8499 9 0.5 10 0.3 22 0.4 48 0 49 0 53 1 72 0.8 97 0.6 
8557 11 0.8 24 0.9 42 0.7 86 0.8 87 0.9 
8578 3 0 8 0 10 0.3 15 0.4 46 0.6 48 0 61 0 63 0.6 75 0.7 76 0.6 
8686 3 0.6 23 0.5 28 0.5 33 0 40 0 53 0 57 0.6 82 0 
8727 7 0.3 15 1 27 0.6 29 0.5 57 0 81 1 97 0 
8909 4 1 23 0.6 36 0.8 50 0 56 0 62 0 66 0.8 69 0 75 0.6 
8953 60 0.4 62 0 64 0 79 0.3 
8966 26 0.8 38 0.6 50 0 55 0.6 59 0.7 63 0 65 0 83 0.4 93 0.6 94 0.6 
9109 34 0 39 0 62 0.5 77 0 87 0 98 0.9 
9150 6 0.3 9 0 43 0.3 44 0.9 46 0.4 82 0.5 88 0.5 97 0 98 0.7 99 0.8 
9202 21 1 32 0.3 62 0.3 76 0.7 78 0.9 86 0.9 96 0.6 
9210 10 1 25 0.7 47 0.7 60 0.3 66 0.6 86 0.5 
9704 5 0.6 10 0.8 20 0.8 32 0 54 0.6 67 0 68 0.5 90 0 
9723 2 0.7 17 1 31 0.8 39 0 61 0 76 0 
9937 7 0 44 0.9 47 0 58 0.8 67 0.5 72 0.9 74 0.9 
