100
10 29 0 85 0 
105 29 0.6 36 0 55 0.8 56 0 78 0 81 0.3 82 0.5 87 0.3 92 0.8 95 0.5 
125 24 0.5 27 0.5 48 1 53 1 94 0.3 
148 39 0 
227 37 1 49 0.6 87 0 92 0 
240 15 0.5 23 0.5 39 0.7 60 0.6 77 0.5 87 1 90 0.8 
268 6 0.6 12 0 29 0.5 59 0.5 73 0.6 80 0.6 
297 79 0.9 
363 22 0.9 
416 8 0.9 11 0.6 16 0.6 19 0.5 53 0.3 58 1 64 1 74 0.5 
427 31 0 32 0.6 47 1 50 0 64 0.5 66 0.9 68 0.4 72 0 74 0.7 96 0 
443 49 0.6 54 0 
444 23 0.4 31 0 43 0.8 73 0 97 0.8 
467 16 0.6 21 0.5 23 0.4 25 0.9 32 0.3 34 1 41 0 59 0.3 63 0.8 72 0.3 
551 5 0.8 7 0 11 0 15 0 24 0.7 26 0.7 29 0.3 55 0.8 64 0.9 76 0.4 
691 3 0.7 4 0.9 7 0.6 40 0.3 69 0.5 84 0 93 0.9 
817 6 0.4 13 0 18 0.9 23 0.9 24 0.9 35 0 36 1 41 0.8 72 0.6 77 0 
824 17 0.6 36 0 59 1 
825 54 0 80 0.4 97 0.7 
897 15 1 17 0.4 20 0.4 61 0.4 68 0.4 86 1 95 0.7 99 0.9 
902 17 0 22 0.9 30 0.8 52 0.5 54 0.9 79 0.7 
1006 34 0.7 36 0.5 54 0.4 90 0.9 
1048 29 0 32 0.9 37 1 39 0.8 
1232 62 0.4 
1381 4 1 5 0.6 56 0.5 69 0 77 0.7 84 0.7 88 1 98 0.7 
1668 0 0 9 0.9 12 1 19 0.7 64 0.8 83 0 
1685 11 0.7 
1761 43 0.7 58 0 83 0.3 93 1 
1777 1 0.9 39 0.3 60 0.8 82 0 94 0.8 
1787 6 0 13 0.8 51 0.3 93 0 
1896 46 0.8 60 1 62 0.6 71 0 87 0.8 96 0.9 98 0 
1978 17 0.5 21 0 33 0.5 38 0.5 40 0 46 0.4 59 0 62 0 88 0 91 0 
2048 43 0.8 52 0.3 
2104 9 1 13 0.8 14 0 40 0 63 0.9 68 0.6 85 0.4 93 0.3 
2184 11 1 28 0.5 80 0 
2375 8 0.7 34 0.7 48 0.8 55 0 60 0.8 96 0.3 98 0.9 
2442 10 0.6 22 0 23 0.4 56 0 68 1 
2457 9 1 44 0.4 87 0.9 
2476 89 0.6 
2524 14 0 21 0.8 24 0.3 30 0.3 33 0.4 34 0.5 49 0.7 60 0.7 97 0.5 
2535 5 0.7 12 0.9 32 0.5 43 0.7 57 0 67 0 69 0.9 76 0.4 89 0.9 98 0.5 
2568 5 0 25 0.5 39 0.5 42 0.3 46 0 51 0 68 0.8 71 0 81 0 84 0 
2688 36 0.5 64 0.7 
2689 15 0 31 0.8 49 1 63 0.4 66 0 78 0.5 80 0.6 89 0 91 0.8 
2715 8 1 26 0.9 54 0.9 58 0.8 98 0 
2857 84 0.3 96 0.4 
2959 11 0.4 48 0.6 58 1 62 0.6 83 0.3 84 0.6 
3062 55 0.8 99 0.8 
3063 31 0 76 1 
3125 39 1 51 0 56 0 59 0.6 61 0.8 64 0.4 70 0.4 78 1 90 0.4 
3657 24 0.3 27 1 37 0.9 42 0.8 44 0 70 0.7 75 0.4 77 1 90 0.5 97 0.5 
3814 10 0.8 23 0.4 40 0.5 41 0.6 70 0.3 81 0.7 
3880 0 0.6 33 0.8 56 0.9 60 0.5 85 0.5 93 0.4 95 1 
3941 1 0.9 
4140 21 1 54 0 
4161 2 0.3 70 0.5 78 0.9 89 0 
4185 7 0.5 24 0 38 0.7 46 0 54 0.8 70 0.4 90 0.4 
4397 33 0.9 47 0.3 56 0.8 
4422 1 0.5 16 0.9 38 0.8 40 0.7 46 0 64 1 69 0 84 0 90 0.3 99 0.8 
4489 14 0.9 19 0.9 41 0.5 90 0 
4551 2 0.5 6 0.7 13 0.4 16 0.8 36 0.4 41 1 56 0.4 63 0.4 72 0.6 
4582 16 0.4 30 0.4 31 0.3 32 0 36 0 39 0 
4649 6 0 10 0.3 30 0.8 46 0 69 0.7 83 0.4 
4863 50 0.7 56 0.4 
5027 1 1 4 0.3 8 0.4 37 0.8 51 0.4 70 0 76 0 
5127 10 0.3 51 0.5 66 0.6 72 0.6 79 0.4 
5226 4 0.7 14 0.3 22 0 25 1 51 0.4 60 1 88 0 90 0.3 92 0 98 0.9 
5267 21 0 41 1 90 0 
5403 3 0.5 9 0.6 26 0 29 0.3 31 0 67 0.5 69 0 87 0.5 
5627 31 0.8 45 0 
5690 7 0.9 47 0.6 
5783 34 0.9 42 0.9 49 0.9 57 0 59 0.3 74 0.5 81 0.5 91 0.8 92 0 
5799 31 0 46 0.3 54 0.7 58 0.5 63 0.8 71 0.7 72 0 77 0.8 98 0 
6376 90 0.5 
6384 4 0.5 15 0.3 46 0.7 99 0.7 
6523 23 0 28 0.9 29 1 56 0.6 65 0.8 
6660 8 0 33 0.7 35 0.6 45 0.8 51 0 60 1 85 0.8 
6721 18 0.5 34 0.4 36 0.5 40 0.3 43 0.4 53 0.8 70 0.3 72 0.6 87 0.7 
6832 9 0.4 78 0.6 90 0 96 0 
7101 4 0.3 11 0 35 0.3 56 1 89 0.5 90 0.6 
7603 4 0 5 0 59 0.5 
7811 1 0 13 0 19 0.8 44 0.6 64 0.5 74 0 88 0 98 0.3 
7869 4 1 25 0.7 26 0.7 51 0.8 55 0.5 66 0.9 95 0 
8205 26 0 36 0.5 69 0.4 
8214 4 0.6 25 0.4 47 0.3 71 0.5 78 0 79 0.8 
8407 3 0.6 17 0.6 21 0.3 27 0 67 0.8 71 0 73 0.8 77 0.8 83 0 94 0.9 
8495 3 0 
8578 3 0.3 8 0.5 10 0 15 0.7 46 0.8 48 0 61 1 63 1 75 0.6 76 0.6 
8722 56 0.9 58 0.8 63 0.9 97 0.9 
8851 14 0.4 32 0 
8976 7 0.5 22 0.9 86 0.7 
9057 82 0.7 
9092 1 0.6 5 0.6 33 0.9 49 0.3 50 0.7 63 0.7 71 0.8 
9421 35 0.6 46 0 
9485 30 0.7 
9549 44 0.3 50 0.6 51 0 63 0.5 91 0 
9560 14 0.3 69 0.3 79 0.6 
9730 26 0.5 75 0.6 99 0.6 
9806 0 0.5 30 0.3 80 0 83 0.3 88 0.3 
9976 2 0.4 9 0.8 30 0 31 0.9 36 0 37 0.7 57 0.8 58 0.8 60 0.3 76 0 
