100
8 11 0 29 0.3 41 0.7 78 0.4 88 0.4 
125 24 0 27 0 48 0 53 0 94 0.3 
147 33 0.9 37 0.8 44 0.5 51 0.8 53 0.8 58 0.4 60 0.6 77 0 80 0 83 0.6 
225 2 1 50 0 82 0.6 
366 8 0 26 0 31 0.3 65 0.3 71 1 76 0.4 99 0.6 
394 6 0.5 18 0 22 0.3 30 0 51 0.8 85 0 88 0.5 90 0.5 91 0 93 0 
513 1 0.3 20 0 27 0.7 65 0.4 72 0.9 77 0.3 94 1 99 0.9 
657 24 1 68 0 76 0.7 
703 58 0.4 
714 11 0.5 35 0 46 0 
730 11 0.3 24 0 32 0 51 0.8 58 0.6 77 0 79 0.7 93 0.9 96 0.3 
781 9 0.8 61 1 63 1 77 1 81 0.6 86 0.7 89 0 96 0.8 99 0.6 
833 26 0.3 29 1 44 0.9 54 0 61 0.8 72 0.5 
999 17 0.6 20 0.6 32 1 39 0.3 44 1 56 0 68 0.6 76 1 81 0 
1200 2 0.8 8 0.9 43 0 46 0 50 0.6 53 1 85 0.7 94 0.3 
1246 27 1 35 0.7 75 0.4 87 0 89 0 93 0 
1498 0 0.7 2 0.6 17 0 32 0.5 49 0.7 51 1 66 0.7 99 0 
1522 20 0.9 27 0 31 0.5 33 0.7 50 0.3 58 0.6 69 0.8 
1547 78 0 
1679 0 0.6 10 0 27 0 45 1 57 0.3 59 0.3 83 0 
1792 10 0.8 
1827 0 0.7 35 0.4 57 0 
1940 6 0.4 17 0.7 40 0.3 63 0.5 90 0.5 98 1 
1954 23 0.4 50 0 72 0.9 74 0.3 
2097 11 0.6 
2137 2 0.3 23 0.3 25 0 26 1 37 0 80 0.3 84 0.5 87 0 
2215 61 0 
2337 1 0.7 5 0.9 33 0.4 44 0 45 0 49 0.8 80 0.5 
2506 18 0.6 26 0 52 0 66 0 77 0 90 0.4 93 0.6 
2613 7 0.4 85 1 
2684 18 0.3 
2765 22 0.6 26 0.6 27 0.6 32 0 35 0 45 0.5 69 0.5 85 1 91 0.9 
2924 28 0.5 63 0 
2938 1 1 17 0.5 20 0.9 21 0.4 59 0.7 73 0.4 80 0.9 94 0 
3309 5 0 6 0.8 37 0 43 1 53 1 54 0 57 0.7 59 0.6 
3327 3 0 16 0 22 1 47 0 53 0.5 77 1 96 0.5 
3379 5 0.4 10 1 11 0.9 24 0 49 0.5 53 0.5 63 0.9 68 0.7 73 0.8 74 0.4 
3380 12 0.6 18 0 34 0 37 0.9 38 0.5 41 1 69 0.3 85 0.3 86 0.7 98 0.5 
3403 17 0 37 0.9 43 0 
3470 13 0 26 0 35 0.9 50 0.4 52 0 70 0.9 78 0.8 95 0 
3577 52 0.4 68 0.9 78 0.9 
3760 23 0 64 0.9 95 0.8 
3829 54 0 62 0.4 80 0.6 90 1 97 0.3 
3919 12 0 14 0.9 15 0 23 0.4 36 0 54 0.5 93 0.3 94 0 97 0.9 
4035 54 0.5 55 0 57 0 66 0 
4083 19 0 58 0 63 0.3 78 0.9 
4113 16 0.5 39 0.8 54 0 76 0.6 83 0 
4130 7 0.7 18 0.6 20 0.6 23 1 27 0.8 29 0.9 38 0 74 0 95 0.9 
4194 16 0.7 
4215 13 0.3 33 1 48 0 74 0 95 0 
4379 14 0.9 43 0.8 75 1 78 1 89 1 
4493 16 0.9 21 0.8 31 0.6 41 0 45 0.5 48 0.8 51 0.3 58 1 63 1 84 0.5 
4502 12 0.4 33 0.6 41 0 83 0.4 95 0 
4510 26 0.3 42 0.9 52 0 
4538 59 0.3 73 1 
4576 22 0 32 0 59 0.3 61 0 92 0.3 
4719 16 0 21 0 37 0.4 38 0.5 45 0.8 55 1 57 0.8 65 1 75 0.3 
4759 5 0.7 19 0 28 0.5 40 0.4 43 0.3 51 0.5 55 0.8 
4934 17 0 22 0 23 0.5 29 0.6 60 0.9 86 0 
5067 10 0 43 0.3 79 0.6 85 0.8 95 0.5 98 0 
5120 46 0 
5358 29 0.9 31 0.3 46 0.6 68 0.5 82 0.3 86 0 94 0 
5367 12 0.3 20 0 46 0.4 49 0.4 62 0.7 89 0 
5426 10 0.7 19 0.5 27 0.6 39 0.3 65 0.8 69 0 86 0 
5877 97 0.8 
6278 29 0.3 33 0.6 37 0.3 43 0.9 46 0.6 57 0.5 75 0.4 91 1 96 0.3 
6327 10 0 14 0 30 0 36 0.5 39 0.3 45 0.7 81 0.4 85 0 
6375 11 0 23 0.4 36 0.6 40 0 44 0.9 74 0.5 78 0.5 83 0.3 
6401 50 0 70 0.5 82 0 
6421 20 0.6 40 0.5 71 0 74 0.3 
6541 85 0.5 
6662 21 0.5 35 0.8 36 1 
6762 27 0.9 
6839 2 0.5 20 0.3 24 0.6 40 0.5 50 0.4 60 0 65 0.7 72 0.3 84 0.5 
6964 1 1 24 0.3 
7067 10 1 
7174 2 0 13 0.9 16 0 28 0.5 38 0 40 0.4 76 1 90 0.9 96 0 97 0 
7214 27 0.8 83 0 
7286 17 0.7 38 0 48 0 82 0.3 
7381 2 0.4 14 0.7 21 0.6 93 0 95 0.7 
7428 19 0.5 56 0.3 92 0 
7545 5 0.6 19 0.6 33 1 37 0.8 39 0.3 46 0.8 87 0 
7546 63 0.5 70 1 
7826 57 0 
7914 4 0.4 26 0.5 29 1 40 0.9 47 0.3 56 0.6 61 0.9 67 0.5 
8195 6 0.6 15 0.3 31 1 38 1 67 0.4 73 0.8 85 1 89 0 90 0.4 95 0.6 
8221 23 0 30 0 53 0.3 99 0 
8273 6 0.7 30 0.5 38 1 40 0.9 59 0.9 67 0.7 96 0 99 0 
8357 24 0.9 70 0.9 74 0.5 75 0.8 95 0.9 
8478 10 0.5 24 0.3 32 0 48 1 50 0.6 59 0.8 60 0.5 61 0.3 82 0 83 0 
8664 25 0.9 28 0 32 0 43 0.8 50 0.3 81 0.3 84 0.4 92 0.6 95 0 96 0 
8671 4 0 55 0.6 57 0.4 79 0 
8704 19 0.4 35 1 87 0.3 
8909 4 0.5 23 1 36 0.8 50 0.6 56 0.7 62 0.3 66 0 69 0 75 0 
8970 31 0 63 0.3 70 0 82 0.8 88 0 
9065 75 0.9 
9116 11 0 22 0.4 29 0.5 35 0.8 36 0.6 65 0 82 0.7 88 0 97 0 
9261 5 0 12 0 14 0.3 23 0 40 0 78 0.7 86 0.4 
9433 43 0 
9841 3 0 43 0 48 0.5 58 0 64 1 76 0 79 0 83 0.4 91 0 
