100
161 9 0.5 21 0.7 36 0.8 66 0 94 0.4 
183 4 1 28 0.8 29 0.7 30 0 45 0.8 61 0 74 0 77 1 80 0.5 91 0.8 
202 21 1 37 0.5 56 0 64 0 67 0.3 72 0.8 75 0.3 83 0.6 
208 89 0 97 0.5 
262 3 0.5 10 1 16 0.9 42 0 70 0.5 71 0.3 79 0.9 87 0 89 0 
417 19 0 23 0.3 33 0.5 35 0.7 41 0.9 42 0 60 0 62 0.3 73 0.7 77 0.3 
454 51 0.5 
552 22 0.4 28 0 55 0.7 
642 2 0 3 0 28 1 37 0.8 41 0.6 54 0 
656 7 0 54 0.4 66 0.3 70 0.5 71 0 91 0 
749 18 0 21 0.5 51 0.6 52 0 64 0.5 
760 44 0 63 0.8 
852 33 0.9 49 0.7 51 0 60 0 75 0.9 77 0 78 0 83 0.4 91 0 99 0 
1009 69 0.6 
1296 16 0.9 39 0.7 84 1 
1363 21 1 77 1 
1431 2 0.3 5 0.3 49 0.9 72 1 86 0.7 88 0.7 
1474 9 0.6 29 0.8 
1579 0 0.5 2 0.4 4 0 46 0.7 
1654 9 0 21 0.8 36 0.6 39 1 42 0.3 49 0.8 74 0.4 85 0 94 0.4 99 0 
1666 18 1 32 0.3 40 0.4 44 0.7 46 0.8 48 0.6 81 0 92 0.3 94 0 
1737 41 0 43 1 62 0.8 64 0 66 0.6 70 0.3 
1741 36 0.6 48 0 49 0.6 53 1 95 0.8 
1800 98 0.7 
1915 2 0 40 0.7 41 0.5 54 0 55 0.6 73 0.9 92 0.5 
1945 17 1 42 0.5 55 0.5 59 0.5 68 0.6 80 0.5 81 1 95 0 
2188 63 0 
2273 1 0.3 22 0.6 26 0 27 0 28 0.8 58 0 67 0.7 72 0 81 0.3 88 0.3 
2399 16 0.8 
2416 9 0.5 21 1 25 1 35 0.4 52 0 99 0.5 
2482 71 1 81 0.9 84 1 
2493 3 0 4 0.6 8 0.7 11 0.7 17 1 38 1 39 0 47 0.4 79 0 84 0 
2606 38 0 56 0 
2697 2 1 7 0.3 21 0.3 48 1 83 0 91 0.7 94 0.4 97 0.6 
2750 93 0.8 
2755 12 0.6 17 0.9 24 0.7 45 0.9 48 0.6 66 0 69 0 80 0.7 90 0.9 97 1 
2964 7 0.6 10 0.9 74 0.3 92 0.5 95 1 
3008 1 0 3 0.9 26 0.4 62 0.5 67 0 69 0.6 88 0.3 89 0.4 
3146 15 0.8 36 0 40 0.6 92 0 
3360 41 0.5 77 0.4 
3472 50 0.5 57 0.8 
3527 18 0.5 
3670 7 0 40 0.3 44 0.8 62 0.6 
3985 25 1 36 0.5 47 0 51 0.6 72 0.8 
4171 10 0.6 22 1 38 0 52 0.6 53 0.4 60 0.6 72 0.3 80 0.3 81 0.5 91 0 
4243 13 0 
4373 10 0.7 28 1 33 0 37 0.7 58 0.9 84 0.6 96 0.8 
4578 19 0.4 29 0.3 50 0 66 0.9 84 1 
4747 0 0.5 2 0.4 40 0 42 0.7 48 0.7 62 0.9 72 1 94 0 95 0.4 98 0.7 
4760 31 0.7 37 0.5 54 0.4 67 0.5 74 0 98 0 
4832 0 0 16 0.5 40 0 48 0.6 89 0.6 
4931 4 0.3 10 0.6 20 0 42 1 45 0.6 56 0.3 71 0.8 72 0.8 74 0 78 0.4 
4948 9 0.3 32 0.4 85 0 90 0.7 91 0.3 96 0.9 99 1 
4958 24 0 39 0.5 45 0.3 66 0.6 87 0.7 
5048 11 0.5 15 1 25 0.8 30 0 31 0.8 48 0.8 77 1 87 1 
5180 2 0.8 8 0.7 18 0.3 
5192 7 0.3 46 0.3 71 0.7 81 0 
5223 0 0.9 1 0.5 14 0 17 0.9 22 0.5 24 0 30 0.5 47 1 65 0.5 88 0 
5352 36 0 55 0.3 68 0.9 73 0.5 75 0.8 93 0 
5368 6 0.3 21 1 38 0.8 50 0 61 0 63 0.4 64 0.4 84 0.9 
5477 33 0.5 71 0.4 80 0.8 82 0 
5497 54 0 74 1 87 0.7 
5582 3 0 16 0.5 37 0 43 0.6 50 0.8 68 0.7 69 0.9 71 1 75 0 
5594 6 0.8 10 0 38 0.7 44 0 46 0 
5626 3 0.9 11 1 26 0 35 0.5 39 0.6 61 0 71 1 87 0.5 92 0.6 
5805 24 0 41 0.3 43 0.7 62 0 66 0.7 
5859 18 0.3 37 0.9 49 0.3 69 0.9 
5868 0 0.6 2 0.4 16 0.9 47 0.8 52 0.5 62 0.9 77 0 99 1 
5929 4 0.6 17 0.3 18 0.5 36 0.4 52 1 57 1 62 0.5 79 0 87 1 90 0.9 
5984 11 0.3 65 0 69 0 88 0.8 
6050 18 0 23 0 52 1 60 0.7 81 0.8 90 0.6 94 0.6 
6120 3 0 5 0.3 46 0 53 0 56 0.8 68 0 74 1 91 0.4 93 0.5 
6163 12 0 33 0 36 0.7 39 0 
6305 23 0.3 30 0.5 32 0.4 48 0 50 0 
6405 34 0.4 50 0.6 55 0.8 56 0 69 0.6 71 0.8 73 0.5 83 0 
6540 9 0.3 11 0.8 20 0 34 0 44 0.9 52 0.3 57 0.5 68 0.5 70 0 77 0.9 
6702 4 0.6 23 0.4 
6816 2 0.4 4 1 34 0.4 39 0.3 45 0 67 0 76 0 96 0.7 
7015 0 0.8 4 0.5 34 0.8 53 0.3 55 0 57 0.9 62 1 70 1 90 0 99 0 
7211 23 0.9 51 0.8 
7239 1 0.4 12 1 13 0.5 40 0.5 41 0 47 0.8 64 1 
7317 22 0.8 58 1 92 0.8 
7787 50 0.9 66 0.5 83 0 
7853 1 0 18 0 34 0 46 0.8 52 0.6 76 0.5 79 0.4 91 0 
8232 13 1 23 0.5 97 0.6 
8353 21 0.8 52 0 74 1 77 0 
8356 53 0.7 94 0.4 
8434 5 0.5 36 0.7 39 0.3 52 0 54 0 64 0.6 
8501 4 1 5 0 13 0.7 32 0.9 35 0.6 62 0.4 70 0.7 
8558 40 0 51 0.4 56 1 68 0.5 73 0.6 75 0.4 76 0.7 81 0.9 92 0.7 99 0.9 
8721 5 0.4 22 0.4 38 0.6 61 0.7 68 0.5 80 0 90 0 91 0.6 96 0.3 
8760 23 0.3 34 0.8 91 0.5 
8800 3 0.5 23 0 59 0.7 65 0.6 76 0.4 82 0.5 83 0 95 0.9 
8822 32 0.9 43 0 90 0.9 
8865 4 0.8 18 0 41 0.8 50 0.7 79 0.3 98 0.7 
8891 46 0 80 0.7 
8978 25 0 32 0 53 0 68 0.3 71 0 93 0.8 97 0 
9448 59 0.8 76 0.3 
9583 7 0.6 13 0 36 0.8 42 0.4 47 1 56 0.3 66 1 95 0 
9757 0 0.4 6 0.8 38 0.5 43 1 58 0.4 
