100
37 15 0 19 0.9 
51 48 0.3 51 0 56 0.6 57 0 63 0.9 85 0.7 92 0.3 
372 6 0.7 9 0.9 15 0 19 0.3 24 0.9 31 0.5 36 0.9 68 0.4 98 0 
374 40 0 59 0.8 71 0 79 0.3 83 0 85 0.6 89 0.9 90 0.9 
599 80 0.4 83 0.5 
648 32 0.6 33 0.7 44 0.3 48 0.5 67 0 73 1 
760 44 1 63 0 
866 22 0 30 0.7 40 0.8 44 0 59 0.7 65 0 70 0.8 73 0.5 
879 36 0 95 0.5 
1017 18 0.3 37 0.9 40 0 52 1 54 0 63 0.8 74 1 
1038 13 0.5 38 1 74 0.7 83 0.4 
1074 12 0.5 20 0.3 46 0.8 62 0 
1152 66 0.9 67 0.9 68 0.8 89 1 91 0.6 
1188 6 0 17 0.4 36 0.5 41 0 68 0.4 
1201 11 0.5 13 0.4 28 0.8 35 0.3 
1204 0 0 8 0.4 15 0.6 49 0.6 58 0.8 60 0.5 67 0.8 74 0 84 0 98 0 
1246 27 0.3 35 0.8 75 0 87 0 89 0.6 93 0.4 
1265 0 0.9 6 0 13 0.6 31 0.6 40 0.7 46 0.7 85 0.6 97 0 
1302 17 0 28 0.8 42 0.5 61 0.8 79 0.5 
1355 3 0.6 24 0 26 0.6 47 1 72 0.7 73 0.3 
1364 1 0 8 0.9 18 0.3 23 1 51 0.3 88 0.3 91 0.8 
1374 3 0.9 8 0.9 99 0.7 
1414 9 0.5 22 0.6 31 0.8 36 0 62 0.9 66 0.3 89 0 93 0.4 99 1 
1514 0 1 22 0.6 46 0.6 68 0.4 82 0.4 86 0.5 87 0 97 0.9 99 0.9 
1624 4 0 45 0.3 62 1 82 0.4 95 1 
1725 52 0 55 0.8 56 0.5 64 0.9 
1727 14 0.6 50 0 52 0.6 62 0.3 65 0.8 73 0 77 0.6 97 0 
1886 71 0.5 83 0.9 
2016 7 0 36 0.3 37 0.7 65 0.6 84 0 86 0 94 0 96 0.9 97 0.6 
2086 12 0.7 16 1 25 0.8 31 0.4 73 0 89 0.6 98 1 
2294 4 0.5 55 1 62 0.6 65 0.3 70 0 74 0.3 85 0.8 97 0 
2353 4 0 10 0 26 0.4 39 0.7 51 0.9 76 1 82 0.8 97 0 
2373 38 0.5 
2718 46 0.8 92 0.5 
2741 86 0.6 
2930 7 1 19 0.7 37 0.5 65 0.4 77 0 81 0.7 
2986 20 0.4 25 0.5 54 0.9 60 0.9 61 0 69 0.8 79 0 88 0.5 91 0.8 96 0.6 
3096 30 0.6 38 0.9 69 0 72 1 83 0.9 84 0 
3168 19 1 21 0.4 24 0.3 27 0.4 30 0.4 36 0.4 58 0.9 72 0.6 85 1 98 0 
3184 5 0.4 13 1 20 0.3 
3190 20 0.7 27 0.7 35 0.6 38 0.3 40 0.9 44 0.4 76 0.4 83 0.8 88 0.9 99 0.6 
3412 41 0 73 0 79 0.3 
3592 6 0.6 59 0 
3621 33 0.4 42 0.9 47 0.8 62 0.5 75 0.9 
3817 6 0.4 24 0.6 29 0 43 0.7 75 1 
3988 12 0.3 24 0 25 0.4 33 0.6 73 0 80 0.4 81 0 
4025 11 0 22 0 49 0.7 95 0 
4104 5 0.4 14 1 30 0.4 31 0.9 61 0 97 0 
4401 33 0 37 0 56 0.6 59 0.4 60 0 93 0.4 96 0.8 
4581 30 0 40 1 65 0.7 
4659 19 0 48 0.3 55 0.6 60 0.5 63 0.6 64 0.4 67 0 68 0.9 
4743 68 0.8 
4840 9 1 22 0 43 0.9 71 0.4 
5042 1 0.4 21 0.9 29 1 80 0.8 97 0.3 
5091 64 0.5 85 0 
5226 4 0.8 14 1 22 0 25 0 51 0.7 60 0 88 0.6 90 0 92 0.3 98 0.5 
5349 78 0.4 
5405 0 1 18 0.5 61 0 66 0.7 73 0.6 77 0.7 82 0.5 
5429 8 1 17 0 27 0.3 33 1 56 0 76 0.6 78 0 95 0.5 
5468 0 0.8 17 0.4 93 0.5 
5483 1 1 18 0 50 0.7 
5579 13 0.4 21 0.7 49 0 51 1 64 1 65 0.3 
5637 27 0.3 60 0.5 
5749 1 0.9 23 0.9 36 0.8 59 0.5 70 0 
5895 5 1 38 0.9 65 0.9 84 0 
5992 0 1 22 0.7 34 0 38 0.5 39 0.7 41 0.3 47 0 62 0.3 68 0.9 95 0.9 
6379 44 0.8 65 0.8 89 0.6 
6384 4 0.4 15 0 46 0.9 99 0 
6590 22 0.7 31 0.5 48 0 60 0.3 62 0.9 73 0.7 
6613 80 0.4 
6922 10 0.7 11 1 29 0.9 39 0 46 0 60 0.9 71 0 75 0 84 0 
6949 33 0.6 80 0.8 82 0.6 94 0.8 
7029 4 0.4 28 0.6 48 0 52 0 55 0.7 62 0.7 68 0.9 70 0.3 86 0.5 88 0.4 
7087 0 0 8 0.7 70 0 88 0.3 99 0 
7418 2 0.3 9 0 37 0.4 50 0.8 56 0.3 61 0.4 62 0 64 0 65 0.7 75 0 
7425 8 0.8 
7524 14 0 
7659 35 0.5 44 0.3 54 0.7 56 1 60 0.7 74 0.7 80 0.3 86 0.8 
7729 7 0.3 8 1 13 0.9 26 0 52 0.5 55 0 74 1 
7889 7 0.3 41 0 48 0.6 65 0.7 68 0 84 0.5 87 0.6 
7934 1 0.5 25 0.6 40 0 53 0 57 0.3 66 0.6 
8406 19 0.5 41 0.4 54 0.6 58 0.4 63 0.4 66 0 79 0.6 95 0.5 
8468 17 0.9 24 0.4 40 0.4 49 0 90 1 
8560 8 0.8 27 0.3 29 0.3 51 0.9 60 0.6 70 0.8 80 0.7 85 0.4 99 0 
8745 62 0.4 95 0.6 
8921 2 0.9 21 0 32 0.7 38 0.8 55 0 63 1 67 0.3 69 0 77 1 96 0 
9007 7 1 24 0 32 0.3 47 1 49 0 84 0 88 0 
9126 3 0.6 11 0.5 21 0.9 49 0.9 55 0 58 0.4 68 0 89 0.5 
9203 0 0.7 3 0 18 0 26 0.9 28 0.6 33 0.9 37 0.8 41 0 48 0 
9222 72 0 
9314 2 0.5 3 0.3 15 0.4 19 0.5 26 0.7 48 1 50 0.5 56 0 86 0.8 90 0.7 
9362 12 0.7 22 0.8 37 1 43 0.8 98 0.4 
9423 54 1 55 0 94 0 
9449 37 1 99 0.5 
9533 0 0 12 0.8 13 0.7 23 0.5 26 0.5 59 0 68 0.5 75 0 80 0.7 90 0 
9562 75 0 
9628 56 0.5 59 0.5 
9817 1 0.3 37 0 43 1 58 0.7 97 0.4 99 0 
9873 1 0.9 15 1 72 0 75 0 
9891 3 0 4 0.6 16 0.3 28 0.8 39 0.3 68 0 85 0 
