100
25 6 0 36 1 47 0.7 56 0.7 61 0.5 68 0 99 0.6 
202 21 0.5 37 0.7 56 0.3 64 0.7 67 0.5 72 0.8 75 0.8 83 0.4 
286 25 0.9 48 0 51 0.3 55 1 56 0 64 0.4 86 0.7 90 0.8 93 0.7 
415 2 0 4 0 5 0.4 29 0.3 59 0.6 
450 15 1 59 0 60 0.9 73 1 
510 35 0.3 49 0 93 0.4 
536 32 0.4 42 0 67 0.7 90 0.6 
653 0 0.7 2 0.7 47 0.3 
792 99 0.6 
865 33 0.3 35 0 53 1 
1019 1 0.8 5 0.5 23 0 26 0.5 36 0.9 41 0.3 74 1 
1215 1 0.8 2 0.4 6 0 61 0.3 64 0.3 66 0.8 93 0.6 94 0.9 
1252 6 0.3 90 0 
1353 32 0.5 36 0 44 0.5 46 0.5 51 0.7 57 0 65 0.9 74 0.4 
1419 12 0 
1436 3 1 
1520 78 0.7 81 0.4 84 0 85 0.8 91 0.7 
1583 4 0.5 19 0.9 35 0 37 0.8 65 0.6 69 0.7 80 0 
1954 23 0.5 50 0.8 72 0.7 74 0 
2039 4 0.7 11 0.4 28 0 29 0.6 59 0.7 62 0 71 0.5 73 0.3 
2075 11 0.5 14 0.4 16 0 24 0.7 58 0 72 0.6 82 0.6 90 0.6 
2293 34 0.9 37 0.5 44 0 64 0 70 0.8 98 0.4 
2333 1 0.5 35 0 78 1 84 0 
2389 19 0.7 40 0.6 43 0.6 63 0.4 71 0.9 83 0.9 
2546 25 0.9 82 0.3 93 0 
2624 81 0 
2634 1 0.9 39 0.7 42 1 58 0.6 59 0.9 64 0 67 0 68 0.5 87 0 91 0.4 
2642 53 0 92 0.8 
2652 8 0.4 11 0.4 30 0.7 37 1 49 0.7 80 0.4 
2816 50 0.3 77 0.4 
2845 42 0.8 95 0 
2994 31 0.6 36 0.3 55 0 
3092 14 0.4 18 0.5 28 0.8 38 1 43 0.9 62 0.8 73 1 
3157 11 0.6 13 1 65 0 71 0.3 93 0 
3275 1 0 31 0.7 
3315 1 0.3 23 0.5 31 0 40 0.4 63 0 76 0.7 84 0.4 85 1 87 0.6 88 0.7 
3318 12 0.3 55 0.5 56 0 57 0.9 66 0.7 82 0.4 90 0.7 
3319 5 0.9 16 0 33 0.8 35 0.8 71 0 74 0.9 77 0.9 79 0.9 
3790 5 0.8 12 0 20 0.5 35 0 53 0 86 0.4 97 0 
3902 1 0.9 13 0.6 37 0 
4182 28 0 67 0 
4228 96 0.7 
4541 7 0.7 10 0.3 56 0 75 0.9 92 0.9 
4612 0 0.7 17 0.9 35 0.3 38 0.9 44 0.4 48 0 91 0.5 92 0.3 96 0.3 
4668 2 0.6 68 0.7 98 0.3 
4760 31 0.9 37 0 54 0.3 67 0.7 74 0 98 0.3 
4785 0 0 14 0.4 40 0.4 45 0 96 0 
4920 0 0.9 5 0 16 0.4 26 0 30 0 36 0.5 66 0.9 68 0.9 86 0.5 98 0 
5383 9 0.8 13 0 14 0.8 32 0.7 
5385 5 0 14 0 30 0 36 0.5 45 0.5 47 0 52 0.8 67 0 97 0.4 
5825 12 1 89 0.3 96 0 
5863 34 0 41 0 45 0 46 1 50 0.4 66 1 80 0.5 93 0.7 
5922 60 0.9 
5959 12 0.6 43 1 73 0.9 75 0.4 
5975 4 0 17 0.6 28 0.8 61 0.6 84 0.8 
6015 0 0 7 0 14 1 49 0 61 0 66 1 72 0 77 0.9 98 0.8 
6445 70 0 
6517 24 0.9 29 0.9 42 0.7 46 0.7 88 1 
6605 9 0.5 49 0.7 57 0 64 0.4 80 0.3 82 0.4 83 1 92 0.4 
6755 28 0 
6968 1 0.4 2 0.7 5 0 11 0 20 0.4 69 0.3 76 0.8 84 0.9 
7185 10 0.8 19 0.9 22 0.8 30 0 40 0 46 0.6 69 0 94 0 
7221 14 0.7 21 0.3 26 0.3 43 0.3 44 0.5 46 0.8 49 1 55 0.6 82 0.7 
7224 11 0.7 46 0.7 
7312 26 0.3 68 0 69 0 
7529 11 0.7 29 0.7 
7719 44 0.4 66 0.5 85 0.8 
7764 16 0.5 17 0 41 0.5 45 0.3 53 0 91 1 
7811 1 0.9 13 1 19 0 44 1 64 0 74 0.5 88 0.8 98 0.8 
7961 41 0.9 52 0.4 81 0.8 84 0.3 96 0.9 
8034 0 0 4 0.5 5 0 12 0 17 0.3 20 0.8 31 0 37 1 40 1 57 0.9 
8130 93 0 97 0.6 
8223 68 0 
8282 23 0.8 38 0.3 62 0.4 70 0.6 78 1 89 0 
8286 59 0 79 0.7 
8298 16 0 49 0.3 50 0.9 94 0.5 
8365 6 0.9 14 0 16 0.3 22 0.7 37 1 38 0.5 62 0.6 85 0.6 94 0.3 99 0 
8377 17 0.5 29 0.7 46 0.3 84 0.5 99 1 
8431 60 0.3 
8486 11 1 14 0.8 21 0.3 32 0.6 64 0.6 71 1 73 0.5 
8508 11 0 50 0.3 71 0.5 92 0.4 94 0.6 97 0 98 0 
8705 19 0.9 26 0.5 32 0.7 96 0.5 98 1 
8769 9 0 12 0.9 21 0 32 0 52 0.4 66 0.6 75 0.9 
8789 13 0.6 16 0.6 25 0 42 0 44 0.6 47 0 55 0 61 0.4 97 0.9 
8793 28 0.4 44 0.8 70 0.5 71 1 80 0 94 0.7 
8813 3 0.3 20 1 57 1 94 0.3 95 0 
8847 3 0.4 8 0.4 27 0.3 47 0.8 60 0.9 86 1 98 0.5 
8885 22 0 
8941 43 0.6 46 0 50 0.6 55 0.4 60 0.7 62 0.3 70 0 82 0.9 
8991 14 0.3 25 0.4 34 0 51 0 56 0.6 75 0.4 84 0 
9023 3 0.6 10 0 12 0.5 18 1 44 1 48 0.4 87 1 88 0.9 93 0.6 
9169 15 0.9 71 0.4 72 0.8 73 0.5 84 0.4 
9339 62 0.8 
9412 14 0.6 25 0.4 30 0.8 68 0.9 88 0.6 
9429 16 0.8 20 0 31 0.8 34 1 45 0.4 72 0.8 81 1 95 0.6 97 0.5 99 0.7 
9498 1 0.9 24 0 30 0 38 0.8 39 1 45 0.9 66 0.7 67 0.6 76 0.6 
9592 33 0.9 44 0.6 91 0 
9636 15 0.6 45 0.7 67 0 
9824 5 0.9 12 0.9 17 0.4 28 0.8 30 0.4 62 0.4 74 0 80 0 83 0.4 94 0.6 
9903 6 0 64 0.3 65 0 68 0.9 70 0.4 79 0.4 
