100
14 1 0 20 0 26 0 35 0.6 39 0.9 47 0.3 49 0 
20 1 0.8 15 0 22 0.7 30 0.8 36 0.5 43 0 77 0.7 82 0 85 0 91 0.9 
69 1 0.7 6 0.3 11 0.4 39 0 45 0.5 60 0.6 82 0.6 88 0 
345 2 0.4 16 0.7 33 0.6 42 0.3 43 0.7 62 0.9 83 0.6 94 0.7 
515 15 0 30 0 34 0.5 40 1 44 0 57 0.5 94 0.6 
826 11 0.7 14 0.9 29 0.3 31 0.8 55 0 75 0 80 0.7 84 0.8 96 0 
831 22 0 23 0.6 28 0.6 44 0 62 0.9 70 0 78 0.6 80 0.9 97 0.4 
926 27 0 35 0.4 37 0.7 48 0.3 50 0 92 0.8 
1030 3 0.6 12 0.8 27 0.5 48 0.4 71 0.3 80 0.3 85 0.9 
1052 0 0.9 2 0.3 5 0.8 16 0.5 32 0 38 0.4 50 0 66 0.3 67 0 81 0 
1147 37 0.8 74 0 
1279 25 0.5 51 0.8 74 0 84 0.5 87 0.4 94 0 97 1 
1315 73 0 91 0.9 
1337 25 0.9 
1393 36 0 85 0.9 
1425 29 0.7 34 0.4 39 0.3 49 0.9 51 0.4 55 0.5 68 0.5 70 0.4 77 0.7 
1661 14 0.9 39 0.3 58 0.8 
1671 70 0 
1672 21 0.4 45 0.8 48 0.6 52 0 55 0.8 60 0.3 64 0 74 0.4 88 0.4 99 0.9 
1714 15 0.8 20 0.5 23 0 41 0.4 44 0.4 45 0 53 0 
1792 10 1 
1884 51 0.3 57 0.5 63 0.9 65 0 69 0.3 74 0 77 0.7 78 1 89 0.9 93 0.9 
2039 4 0.7 11 0.8 28 0 29 0.3 59 1 62 0.9 71 0.3 73 0.5 
2086 12 0.4 16 0 25 0 31 1 73 0.8 89 0 98 0 
2127 28 0 31 0 33 0.9 36 0.6 40 0.3 53 0 54 0 72 0 86 0 
2262 2 0.8 18 0.3 22 0 34 0.6 42 0.6 77 1 78 0 82 1 84 0 85 0.6 
2326 4 0.6 17 0.5 25 0.8 
2436 30 0.4 36 0.9 41 0.6 42 0.9 63 0.3 76 0.8 79 0.4 
2488 50 1 55 0.9 87 0.5 
2548 15 0.9 55 0.6 60 0 72 0.9 82 0 93 0.7 99 0.5 
2568 5 0.4 25 0.4 39 0.6 42 0.8 46 0.8 51 0.9 68 0.8 71 0.5 81 0.8 84 0 
2624 81 0.6 
2730 29 0.7 53 0.6 
2741 86 0 
2791 56 0 66 0.9 82 1 90 1 
2851 12 0.7 67 0 70 0 87 0.7 92 1 94 0.5 99 0 
2885 43 0.3 82 0.3 
3014 4 0 26 0.5 28 0 33 0.5 73 0.5 74 0.6 
3129 19 0 57 0.6 59 0 88 0 
3155 13 0 28 0.6 42 0.5 44 1 55 0.8 71 0 76 0.3 80 1 83 0.7 96 0 
3364 8 1 21 0 26 0.3 27 0 74 0.6 97 0.4 
3585 6 0 20 0 
3679 6 0.5 13 1 23 0 50 0 61 0.6 62 0.3 63 0.4 69 1 97 0 98 0.8 
3705 6 0 25 0.4 30 0 44 0.5 46 0.7 66 0 90 0.8 91 0 98 0 
3728 15 0 19 0 52 0.7 56 0.8 
3979 6 0.7 15 0.9 24 0.7 29 0.3 59 0 63 0.3 73 0.7 78 0.8 
4020 9 0 25 0.8 43 0.8 75 1 83 0.5 94 1 
4169 42 0.7 
4181 15 0 28 0.5 34 0.7 50 0.3 
4200 6 0.7 42 0.9 
4289 23 0.3 25 1 52 0.7 53 1 
4518 9 1 11 0.4 13 0.3 42 0 46 0.8 
4523 6 1 14 0 21 0 30 0.7 32 0 35 1 50 0.4 56 1 63 0.3 73 0.5 
4811 29 0 32 0.7 
4920 0 0 5 0.9 16 0.5 26 0.5 30 0 36 0 66 0.7 68 0 86 0.3 98 0.7 
4992 35 0 
5078 5 1 12 0.7 20 0.8 29 0.5 31 0.3 78 0 83 0.4 
5229 39 0 49 0.8 51 0.6 
5547 9 0.8 30 1 71 0.6 79 0.3 
5556 5 1 15 0.5 31 0 39 1 65 0 81 0.8 89 0.7 90 0 95 0.8 99 0.8 
5822 11 0 46 1 69 1 85 0.3 99 0.8 
6012 17 0 26 0.5 89 0.4 90 0.9 
6303 9 0.8 10 0.5 17 1 52 0 
6317 4 0 12 0.6 42 0.9 57 0.6 78 0.6 81 0.5 
6355 82 0 89 0.4 
6554 2 0 19 0.6 22 0.4 25 0.8 55 0 65 1 70 0.5 76 0.9 83 0.3 
6603 5 0.8 8 0.3 11 0.7 31 1 42 0.9 54 0.6 65 0 74 0.7 
6745 4 0.5 5 0 62 0.5 80 0 90 0.3 
7027 75 0.3 77 0.9 87 0.8 
7153 30 0.4 44 0 56 0 65 1 86 0.3 
7332 14 0.9 28 1 60 0.3 67 0.8 72 0 95 0.4 
7474 92 0.6 
7582 36 0 75 0.7 
7718 1 0.5 4 0.3 11 0.7 20 0 33 0 49 0 64 0.8 76 0.8 80 0.9 84 0.3 
7850 23 0 32 0.3 44 0 45 0 48 0.9 66 0 69 0 
7887 5 0 9 0 33 1 50 1 74 0.3 
7905 0 0.4 52 0 56 0.5 82 0.9 
8004 1 1 8 0 26 0.9 29 0.6 42 0.6 45 0 56 0 57 0 94 0.4 
8009 1 0.3 16 0.9 34 0 35 0.9 70 0.3 72 0.4 99 0.7 
8060 62 0.7 74 0.6 
8089 90 0 
8106 4 0 26 0 45 0.4 77 0.8 
8129 5 0 9 0.4 14 1 16 0.4 32 0.8 47 1 48 0.6 
8536 9 0.7 10 0.4 28 0 39 0.8 52 0 58 0.7 71 0 77 0.6 98 0.8 
8649 62 0 
8901 8 0.6 45 0.5 49 1 63 1 68 0.4 84 1 
9026 5 0.4 6 0.4 10 0 12 0 44 0.6 56 0.6 61 0 68 0.7 88 0.6 
9061 4 0 12 0.9 13 0.6 20 0.6 88 0.9 
9104 5 0 14 0.4 32 0.7 48 1 90 0 
9132 25 0 33 0.9 39 0 46 0.8 61 0.5 70 1 80 0.7 86 0 
9301 0 0.3 2 0 28 0.3 35 0.8 58 0.6 76 0.4 93 0 
9314 2 0.8 3 0.7 15 0 19 0 26 0.9 48 0.3 50 0.9 56 0.8 86 0 90 0.7 
9338 17 0.9 
9397 8 0.8 15 0.6 25 0 44 0.5 53 0 57 0 
9494 7 0.8 20 0.5 41 0.7 51 0.5 68 0.9 
9578 6 1 12 1 13 0.3 46 0.7 58 0.4 66 0 80 0.4 95 0.6 
9600 33 0 37 0.8 46 0.8 50 0.4 55 0.3 60 1 62 0 
9779 30 1 39 0 73 0 
9883 4 0 7 0 24 0.7 33 0.9 37 0.6 39 0.7 48 0 66 0.6 84 1 
9950 28 0 50 0.4 97 0.4 
