100
2 12 0 20 0 41 0.8 54 0 78 0.5 
305 62 0.9 
310 63 1 96 0.7 
500 0 0 16 0 28 0.6 35 0 51 0.6 74 0.9 90 0.9 95 0.6 98 0.8 
501 28 0.6 
528 4 1 41 0.5 
533 75 0.5 96 0.6 
618 1 0.9 10 0.8 47 0.7 
661 3 0.3 42 0.4 43 0.6 
894 2 0 6 0.8 14 0.7 59 0.7 66 0.9 73 0 97 0.8 99 0.8 
896 3 0 8 0.7 16 0.6 54 0.7 62 1 73 0.5 82 0.3 86 0.9 87 0.4 89 0.5 
927 13 1 17 0 41 0.9 46 0.3 47 0 48 0 53 0.7 65 0 77 0 96 0.4 
950 6 0.4 21 0.7 56 0 62 0.7 76 1 85 0.4 87 0.4 
1038 13 0 38 0 74 1 83 0.5 
1069 15 0.5 34 0 36 0.7 79 0.3 81 0 83 0.8 
1100 7 0.3 42 0.9 50 0.6 54 0 79 0.4 84 0 99 0.4 
1261 68 0 77 0 92 0.7 
1398 3 0.9 71 0.9 
1422 40 0.4 
1435 11 1 16 0.8 44 1 69 0 70 0.9 94 0 
1582 1 0.3 21 0.5 95 0 
1590 19 0.9 23 0.6 33 0 40 0.6 44 1 49 0.5 51 0.8 83 0.4 86 0.5 
1707 15 0.3 32 0.4 40 0.6 41 0 44 1 68 0 74 0.8 89 0.9 99 0.8 
1761 43 0.9 58 0.3 83 0.5 93 1 
1766 34 0.5 81 0.4 98 1 
1871 7 0.9 11 0.4 13 0 18 0.8 23 0 64 0.9 86 0.7 87 0 
1888 62 0.5 67 0.5 
1959 9 0.6 11 0 57 0 81 0 
2072 22 0 37 0.3 42 1 87 0.4 
2190 0 0.7 11 0.9 28 0.8 37 0 69 1 79 0.9 80 1 
2234 8 0 19 0.5 30 0.8 32 0.9 33 0 41 0.5 75 0.7 84 0.3 
2385 9 0.6 20 0 79 0.5 80 0.5 
2388 88 0.6 
2415 4 0.6 6 1 14 0 19 0 20 0.3 79 0.9 80 1 98 0 
2502 54 0.3 56 1 57 0.8 62 0.3 78 0.5 
2563 25 0.5 39 0.7 98 0 
2608 36 0.7 50 0.6 59 1 66 0.7 77 0.3 79 0.8 84 0.6 87 0.4 
2732 4 0.9 57 0.7 
2784 19 1 30 0.9 37 0.7 43 0.9 65 0.4 71 0.8 95 1 
2795 13 0.7 38 1 48 0.9 49 0.9 55 0.4 71 0.8 75 0.5 84 0.4 
2833 18 0.4 
2840 28 0.9 40 0.9 47 0 56 0.3 
2874 1 0.8 15 0.9 36 0.4 42 0.8 54 0.7 78 0.9 87 0.9 
2936 32 0.7 45 0.9 57 0.4 
3032 2 1 6 0.7 15 1 23 0.5 33 0.3 45 0.6 73 0 
3044 42 0.9 44 0 52 1 56 0.4 60 0.3 71 0.4 78 0.3 
3248 55 0.6 69 1 
3481 9 0.6 65 0.8 83 0.4 
3712 4 0 
3988 12 1 24 0.4 25 0.9 33 1 73 0.6 80 0.4 81 0.3 
4053 17 0.3 18 0.6 40 0 47 0.7 50 0.5 63 1 69 0.9 93 0.8 
4084 85 0.5 89 0.5 94 0.7 
4139 7 0 53 0 91 0 
4248 10 0.7 20 0.7 26 0.6 65 0.5 92 0.9 97 0 
4269 6 0.9 12 0 29 0.8 51 0.4 57 0 62 0.6 75 0 80 1 
4313 9 0.4 36 0 57 0 75 0.9 88 0.4 
4462 8 1 9 0.3 16 0.8 25 0.8 34 0.5 63 0.6 73 0.5 81 0.8 91 0 
4509 4 0.7 61 1 68 0.9 84 1 98 0.4 
4588 55 0 87 0.3 
4633 21 0.7 28 1 36 0.3 38 0.7 39 0.4 41 0 46 0.7 53 0.4 58 0.3 
4689 19 0.7 24 0 35 0 56 1 71 0.3 
4863 50 0.4 56 0 
4911 49 1 75 0 84 1 
5136 2 0.8 11 0.4 14 1 18 0.6 19 0.3 47 0.8 51 0.4 55 1 68 0.8 97 0.5 
5600 1 0.4 19 0.8 41 0.8 46 0 52 0.4 58 0.8 85 0.8 87 0.9 
5635 38 0 58 0.6 86 0.9 87 0.7 
5656 0 0.4 8 0 15 0.6 50 0.4 51 0.5 67 0.7 69 0 73 0.3 
5812 40 0.6 80 1 
5824 16 1 20 0.8 23 0.8 41 0 47 0 53 0 57 0.9 64 0.4 
5900 9 0.6 17 0.4 18 0 22 0 25 1 28 0.8 31 0.7 55 0.3 79 0.7 86 0.9 
6298 5 0.5 36 0.8 57 0 84 0.4 96 0.6 
6409 39 0.7 57 0.6 58 0.7 69 0.8 70 0 89 0.5 
6528 13 0.6 57 0.6 61 0.6 67 0.8 86 0.6 90 1 97 0 
6574 16 0.7 22 0.5 30 0.6 42 0.7 62 1 77 0.5 78 0.4 94 0 
6647 24 0 
6817 16 0 96 0.3 
6831 5 0.7 8 0 78 0 
7339 26 0 43 0.3 
7395 11 0.6 28 0.7 40 0.7 
7450 11 0.9 21 0.5 
7824 0 0.7 26 0 51 0 72 0 
8067 0 0 3 0.4 13 0.4 17 0 48 0.6 53 1 63 0 65 0.8 97 0.4 98 0.4 
8231 91 0 
8478 10 0.5 24 0.9 32 0.5 48 1 50 0.6 59 0.6 60 0.4 61 0.5 82 0.5 83 0 
8554 52 0 
8672 37 0.9 69 0 88 0.8 
8748 4 0.8 10 0 39 0.7 71 0 73 0.5 87 0.7 91 0 94 0.6 
8792 5 1 13 0 14 0.6 21 0.4 25 0.4 37 0 47 0.3 81 0.7 
8829 23 0.4 37 0 45 0.6 78 0.7 85 0 96 0 
8882 0 0.7 21 0 43 0.3 45 0.3 46 0 56 0.3 65 0.7 66 0.7 73 0.8 97 0 
9043 4 0 7 0.8 19 0.7 23 0 24 0.6 34 0.8 37 0.8 74 1 88 0 91 0.4 
9055 9 0 11 0.9 21 0.4 29 0.9 32 0.4 41 0.7 55 0 69 0.8 78 0.8 
9205 16 0.4 20 0.8 22 1 37 1 41 0.6 45 0.8 62 1 
9255 9 0.4 24 0.6 65 0 84 0 
9430 11 0.9 43 0 46 0.6 49 0 59 0 65 0 74 0.9 81 0.3 
9475 70 0.4 
9821 66 0.3 
9838 7 0 28 0.7 30 0.8 63 1 75 0.3 86 1 91 0.8 
9843 0 0.4 4 0.5 6 0 28 0.4 40 0.7 45 0 50 0 72 0 73 0 76 0.9 
9919 9 0.9 32 0.8 40 0.8 46 0 76 0.6 87 0 
