100
55 29 0.6 47 0.6 82 0.7 
96 0 0 2 0.7 37 0.7 53 1 68 0.5 
435 84 0.9 90 0.5 
608 1 0.3 4 0.7 15 0.5 19 0.4 32 0.5 64 1 66 0 69 0 70 0.5 96 0 
617 10 0 18 0.9 32 0.6 33 1 46 1 95 0 
625 10 0.9 14 0.3 23 0.7 24 0.5 25 0.3 26 0.6 33 0 48 0.8 68 0.4 
643 21 1 79 0.5 
669 8 0.5 27 0.6 41 0.9 45 0.7 56 0.5 80 0.4 96 0.9 
672 24 0.6 57 0.4 64 0 
714 11 0.9 35 0.8 46 0.9 
880 4 0.6 5 0.7 49 0.4 54 0 59 0 68 0.6 77 0.9 88 1 
906 0 0.4 6 0.5 30 0.5 34 0.3 35 0 37 0 39 0.9 66 0.9 67 0.8 81 0.6 
1051 70 0 84 0.7 91 0 94 0.4 
1119 34 0 35 0.4 87 0.9 
1151 53 0.9 
1378 26 0 38 0.3 47 0.5 48 0 59 0.9 60 0.6 96 0.3 
1536 44 1 48 0.8 51 0.3 65 0.4 80 0.8 87 0.8 90 0 95 0 99 0.6 
1537 13 0.8 21 0.8 26 0.4 34 1 38 0 75 1 82 0.8 83 0.7 87 0.8 94 0.5 
1620 97 0.5 
1903 6 0.4 14 0.5 38 0.7 54 1 58 0 93 0.3 
1980 35 1 39 0 56 0 62 0 65 0 71 0.8 90 0 95 0.8 
2169 51 0.9 
2280 88 0.9 
2446 72 1 
2555 12 0.4 24 0 41 0 43 0 46 0.8 50 0 65 0.9 68 0.7 96 0.6 
2620 7 0.9 32 0.4 36 0.8 44 0 55 0.9 62 0.9 80 0.9 92 0.8 97 0.6 98 0.4 
2625 32 0.4 
2691 2 0.6 14 0.5 24 0.4 34 0.7 69 0.5 70 0.9 78 0 80 0.5 82 0.8 93 0 
2723 17 0.4 25 0.4 31 0.9 51 0.5 53 0.9 54 0.6 64 1 83 0.6 88 0.6 93 0 
2724 1 0 14 0 23 0.9 39 0.4 62 0 75 0.5 94 1 
2858 17 0 88 0.3 
2866 2 0 19 0.6 42 0.8 53 0.3 61 1 64 1 71 0 80 0 
2920 2 1 51 0.9 
2952 32 1 50 0.3 51 0 55 0.5 67 0.8 68 0 94 0.4 
3183 8 0 14 0.4 21 0.7 40 0.7 43 0.3 51 0.9 71 0.4 92 0 
3275 1 0 31 0 
3399 21 0 29 0.7 38 0.3 
3514 27 0.4 56 0.3 
3924 11 0.8 44 0.8 77 0.9 78 1 
4446 4 0.9 33 0 47 0.5 53 0 58 0.3 74 1 77 0.4 84 0 85 0.3 
4461 0 0.9 5 0 25 0.4 85 0.4 87 0.9 91 0.8 
4528 13 0.6 22 0.6 36 0.8 43 0.4 44 0.5 51 0.8 52 0 65 0.4 97 0.4 98 0.6 
4551 2 0.5 6 0.8 13 0.5 16 0 36 0.8 41 1 56 0 63 0.9 72 0.4 
4596 1 0.6 8 0.6 18 0.4 29 0.7 57 0 64 1 
4673 12 0.6 
4760 31 0.7 37 0 54 0.8 67 0 74 0.8 98 0.4 
4799 42 0 51 0.8 73 0.4 78 0.4 
4839 7 0.3 43 0.6 54 0.5 63 0.9 70 1 78 0 91 0.7 99 0 
4857 10 0 36 0.3 41 0.6 78 0.4 
4858 14 0.8 41 0.7 51 0 53 0 61 1 69 0.6 82 0.6 85 0.8 
4951 30 0.7 34 0.8 55 0.4 68 0.9 
4961 1 1 16 0.7 18 0.6 35 0.3 39 0.5 40 0.9 57 0.4 59 0.5 89 1 91 0 
5015 2 0.8 22 0.9 49 0.4 62 0.4 75 0 79 0.6 80 0 87 0 
5047 7 0.9 53 0.4 
5056 0 0.6 3 0.8 86 0.9 
5224 10 0 
5249 97 0.6 
5285 6 0 34 0.6 44 0.5 46 0 50 0 53 1 59 0.9 61 1 86 0 
5558 0 0.4 25 1 30 0 38 0 39 0 56 1 63 0.7 71 0.6 
5597 20 0 27 0.9 34 0 39 0 86 1 88 0 
5740 13 0.9 15 0 16 0.4 36 0.6 41 0 57 1 60 0 79 0 80 0 87 0 
5782 10 1 19 0 24 0.6 51 0.8 57 0.3 60 0.9 61 0.7 63 0.3 68 0.8 91 0.6 
5850 4 0 47 0.3 65 0.5 
5852 40 0.7 41 0.9 
6049 8 0.8 34 1 93 0 
6126 6 0.8 12 0 26 0.7 48 1 52 0.6 56 0.7 73 0.4 79 0.9 89 1 
6232 6 0 15 0.8 52 0 57 0.9 74 0.8 84 0.4 92 0.4 
6354 12 0 14 0.4 15 0 27 0.6 52 0.3 60 0.4 65 0.6 70 0.5 84 0.7 
6492 8 0 
6654 8 0.3 23 0.6 32 0.8 33 0 37 0 44 0 46 0 57 1 59 0 
6660 8 0.6 33 0.9 35 0.6 45 0 51 0.7 60 0.8 85 0.9 
6837 8 0.7 35 0.3 58 0.9 74 0.8 
7042 22 0.9 45 0.4 55 0.8 57 1 91 0.4 
7095 14 0.9 19 1 32 0.4 49 0.9 51 0.8 64 0.7 81 0 
7362 4 0 33 0.5 66 1 70 0 78 0 83 0 87 0.8 88 0 
7596 0 0 8 0.4 12 0.9 13 0.8 20 1 28 0 36 0.8 75 0 85 1 
7765 15 0.8 33 0.5 37 0.3 45 0.6 54 0.9 77 0 91 0 95 0 
7770 29 0 63 0 83 0.3 94 0 97 0.6 
7849 50 0.4 63 1 74 1 85 0.6 
7968 14 0.9 28 0.5 32 0.8 41 0.6 46 0.7 49 1 84 0.6 
8174 23 1 34 0.6 56 0.4 66 0.5 69 0 
8217 0 0.3 1 0 4 0.8 8 0 31 0 32 0.7 83 0.3 86 0.6 91 0 
8238 23 0.7 30 0.9 90 0 
8473 3 0 14 0.6 26 0.5 43 0 65 0 66 0.8 
8494 24 0.9 27 0.5 57 0.6 62 0.3 
8724 16 0 62 0.5 94 1 
8746 7 1 16 0 17 0 26 0.4 36 1 37 0.7 43 0.3 69 0.9 82 0.5 99 0.8 
8849 25 0.5 77 0 
8954 7 0.5 9 0 10 0 14 0 59 0.5 
9143 4 0.6 40 0.4 44 0.5 50 0.7 51 1 72 0.7 76 0.6 79 0.9 82 1 94 0 
9248 11 0.3 20 0.7 22 0.9 32 0 55 0.5 59 0.9 67 0.4 
9363 47 0.9 50 0.5 62 0 
9463 8 0 13 0.4 14 0.8 39 0.3 51 0.6 52 0 56 0 62 0.6 78 0 88 0.4 
9626 8 0.9 9 0.6 14 0.3 29 0.6 32 0.7 38 0.3 40 0 51 0 66 1 71 0.7 
9730 26 0.5 75 0 99 0.3 
9731 14 0 22 0.9 45 0 52 0.5 54 1 62 0.7 77 1 79 0.3 84 0.5 
9751 13 0.3 23 0.7 29 0.6 41 1 44 0.9 49 1 93 0 96 1 
9943 13 0 15 0 32 0.6 49 0.8 51 1 92 0 
9989 30 0.6 52 0.3 85 0.9 89 0.4 
9990 54 1 57 1 61 0.3 87 0.6 91 0.4 92 0 
