100
86 45 0.8 50 0.4 56 0.8 57 0.7 58 0.6 78 0.6 
141 53 0 64 0 83 0.8 
386 5 1 17 0.7 55 0 68 0.6 76 0.6 78 0 88 0 
419 29 0.7 35 0.6 51 0.4 
652 23 0 49 0 51 0.3 59 0.5 70 1 77 0.8 89 0.3 90 0.4 91 0.9 
737 36 0 43 0.8 46 0.8 59 0.7 69 0.5 90 0.6 
879 36 0.4 95 0.3 
1136 12 0.4 19 0.9 37 0.8 67 0.9 68 0.9 83 0.5 90 0 
1149 23 0 44 0.9 
1177 28 0 33 0 42 0 84 0.8 85 0.7 87 0.8 
1231 27 1 30 0.7 46 1 49 0.4 53 0.7 58 0 64 0.5 85 0.3 
1241 14 0.3 49 0.4 
1361 32 1 53 1 59 0.7 65 0 69 1 
1537 13 0.5 21 0 26 0.6 34 0.9 38 0.7 75 0.8 82 1 83 0.4 87 0.6 94 1 
1745 42 0 54 0.6 59 0 68 0.9 70 1 76 0 84 0.4 90 0.8 
1764 4 0.8 
2028 8 0 27 0 28 0.7 41 0 66 0.5 69 0 87 0.9 
2055 11 0.3 23 0 34 0.6 39 0.5 52 0.3 58 0 68 0 90 0 
2188 63 0 
2203 10 0.5 23 0.4 32 0 36 0.9 67 0.5 76 0 77 0.3 86 0 94 0 99 0.7 
2250 7 0.5 27 0.4 60 0 70 0 
2496 26 0.4 38 0 69 0.6 94 0.5 
2612 55 0.3 
2622 9 0 49 0.9 68 0 
2660 16 0.3 17 0 26 0.4 34 0.3 
2844 63 0.4 96 0.9 
2854 11 0.3 41 0.8 44 0.5 
3231 17 0.5 19 0 54 0.5 55 0.3 77 0.3 89 1 97 0 
3264 13 0 15 0 26 0.7 31 1 42 0 66 0.6 77 0 83 0 
3314 11 1 14 1 21 0.3 23 0 41 0 56 1 73 0 76 0.6 88 0.4 97 0 
3637 9 0.4 23 0.9 44 0.7 46 0.3 60 0.5 61 0 65 0.4 69 0.5 78 0.5 91 0.9 
3709 5 0.8 16 0.3 40 0 54 0 55 0.8 71 0.6 90 0.4 
3836 6 0.6 73 0.8 87 0.4 
3892 18 0.7 65 0 68 1 88 0.9 92 0 93 0 94 0.8 99 0.7 
3925 12 0.4 26 0 31 0.5 91 0 
4023 81 0.3 
4098 31 0 42 0.3 95 0.7 
4113 16 0.9 39 0.6 54 0 76 0.6 83 0.3 
4182 28 0.9 67 0.5 
4222 20 0.5 28 0.4 54 0.4 55 0.9 70 0.5 
4226 11 0.9 13 0.8 19 0 47 0 82 1 
4238 2 0.3 14 0.9 23 0 37 0.3 40 0.8 55 0.3 62 0.5 71 0 
4253 6 0 11 0 26 0.4 32 0 54 0.5 57 0.3 75 0.3 
4264 7 0.6 31 0.8 35 0.5 61 0.7 
4265 25 0.6 
4509 4 0.7 61 0.4 68 0.9 84 0 98 0.6 
4775 14 0.8 32 1 38 0 43 0.7 61 0 63 0 65 0 94 0.7 99 0.3 
4825 9 0 22 0.9 34 0.8 50 0.7 83 0.9 
5037 7 0.8 10 1 33 0.3 53 0 58 0.3 62 0 63 0.5 89 0 91 0.3 
5146 18 0.5 37 0.5 40 0 41 0.3 61 0.9 
5162 35 0 
5387 48 1 62 0.6 66 0.9 92 0.5 
5401 28 0 
5458 10 0 28 0.9 53 0.6 57 0 82 1 99 0.7 
5602 1 0.3 12 1 19 0 30 0.4 38 0 48 0.7 68 0 84 0.4 95 0.3 
5861 9 0.7 18 0.8 21 0.8 31 0.6 35 0.4 52 0 76 0 80 0.7 83 0.8 89 0.5 
5893 48 0.4 
5976 15 0.4 69 0.7 72 0.7 75 0 86 0 
6041 0 0.9 12 0 37 1 78 0.3 96 0.7 
6165 20 0.6 27 0.5 32 0 39 0.3 78 0.5 81 1 86 0 90 0.6 96 0.3 
6233 22 0.9 25 1 28 0.4 61 0 63 0.3 78 0.9 92 0 95 0 
6390 17 0.7 20 0.4 35 0.9 44 0 46 0 52 0.7 55 0.5 68 0 
6464 6 0 43 0.3 44 0.4 87 1 
6471 43 0 81 0 87 0.4 89 0.8 
6503 7 0 25 0.3 47 0 48 0.5 61 0 78 0.4 86 0.4 89 0.6 96 0 98 1 
6600 30 0.7 84 0.9 89 0.7 
6798 1 0.9 5 0 
6810 14 0.3 75 1 
6873 7 0 
7217 14 0 
7220 18 0.7 19 0.5 27 0 30 0 47 0.5 51 0 68 0.9 84 0.7 86 0 
7358 28 0.5 44 0.7 45 0.6 54 0 99 0 
7411 21 1 28 0 
7428 19 0.3 56 0.7 92 0.4 
7551 5 0.4 29 0.4 56 0 86 1 
7659 35 0.5 44 0.6 54 0.3 56 0.6 60 0.8 74 0.8 80 0.6 86 0 
7666 4 0.6 12 0.5 57 0.8 
7687 21 0.9 28 0.3 30 0.9 32 0.4 49 0 63 0.6 71 1 83 0 
7693 6 1 9 1 11 0.6 33 0.8 54 0.5 61 0 
7747 74 0 
7925 68 0.9 
8023 6 0.6 8 0.8 62 0 63 1 66 0.4 99 0 
8157 1 0.7 7 0.6 
8174 23 0 34 1 56 0.4 66 0.7 69 0.3 
8249 12 0.4 31 1 54 0.6 57 0.9 58 0.5 67 0 
8487 21 0.5 32 0.9 85 0 
8516 2 0 4 0 13 0 57 0.7 77 0.9 82 0.6 96 0.5 
8523 14 0 16 0 56 0.8 58 0.8 63 0.4 69 0 71 0 81 0.6 
8549 0 0.8 2 0.3 14 0 16 0 27 0.3 51 0 67 0 72 0.5 83 0 
8666 1 0.5 3 0 19 0 57 0.4 60 0.3 73 0 74 0.9 95 0 98 0.6 
8712 41 0 50 0.7 84 0.7 
8805 19 0 79 0 96 0 
8904 2 0.5 19 0.8 23 0 50 0 58 0.3 76 0.5 84 0.5 87 0.6 
9128 52 0.6 
9183 3 1 7 0 32 0.8 34 0 37 0.6 54 0 72 0.6 73 0 89 1 99 0 
9321 14 0 18 0.4 50 0.8 53 0.3 55 0.4 72 0.6 73 0.7 85 0 86 0 90 0.8 
9475 70 0 
9636 15 0.9 45 0.7 67 0.5 
9664 5 0.3 20 0.4 21 0.6 42 0.8 56 0.5 89 0.4 93 0.3 
9793 1 0.6 31 0.9 32 0.7 43 0 54 0 67 0.3 73 0.4 90 0.9 
