100
72 2 0.3 8 0.3 23 0.4 33 0.5 38 0.6 86 0.5 94 0 
89 56 0.9 96 0.6 97 0.7 
259 72 0 87 0 
296 1 0.7 10 0 12 0.4 17 0.7 29 0 40 0.7 59 0.7 67 0.4 71 0.6 
390 6 0.5 18 0.4 54 0.3 58 0 59 0.7 98 0 
437 2 1 6 0 19 1 
520 15 0 35 0.5 50 0 
595 39 0 60 0.8 83 0.9 
746 0 0.6 16 0.7 20 0.3 31 0 88 0.7 
798 3 0.3 40 0.3 46 0 48 0.6 57 0.9 64 0 72 0.6 90 0.9 
867 9 0 17 0 33 0.8 40 0.5 51 0.5 68 1 78 0.7 79 1 86 0.7 
984 1 0.3 4 0.8 32 0.8 33 1 37 1 85 0.5 95 0.4 
1011 1 0.7 4 0.3 28 0 31 0.4 78 0 93 0 
1052 0 0.8 2 0.3 5 0.9 16 0.5 32 1 38 1 50 1 66 0 67 0.5 81 0.5 
1102 8 0.5 90 0.8 
1135 41 0 70 0 
1201 11 0.9 13 0.4 28 0.7 35 0 
1208 4 0.9 6 0 14 0.8 16 0 26 0.4 41 0.5 52 0.8 53 0.7 56 0.7 68 0.3 
1248 6 0.5 45 0.7 56 0.6 62 0 69 0.7 73 0 80 0.9 83 0.6 87 0 88 0.8 
1445 30 0.9 48 0.8 
1616 23 0.4 45 0.6 48 0 
1694 9 0 17 0 24 0 26 0.8 56 0.8 63 0.3 67 0 75 1 90 0.6 
1762 3 0 7 0.6 18 0 20 0.6 47 0 54 0 87 0.7 91 0.5 98 0 
1966 9 0.4 85 0.4 
1972 3 0.6 10 0 34 0 46 0.6 47 0.7 69 0.4 87 0.6 
2049 25 0.4 34 1 
2117 49 0 53 0.6 
2126 2 0.4 7 0 36 0.4 44 0 54 0 56 0 82 0.5 88 0.8 
2274 13 0.4 31 0.5 53 0.8 
2291 34 0 
2447 6 0.6 13 0 26 1 27 0 38 0.4 47 0.3 64 0 
2464 7 0.9 
2581 2 0.9 37 0.8 53 0 83 1 91 0 
2597 1 0.3 16 0.3 22 0.6 25 0.7 81 0.7 83 0.8 
2614 5 0.8 21 0 64 0.4 75 0.8 76 0.7 82 1 
2828 2 0.9 5 0 15 0.8 22 0.9 23 0.5 27 0 64 0 91 0 97 1 
3285 11 0.5 30 0.3 44 0 59 0 66 1 72 0.4 73 0.7 74 0 
3319 5 0.3 16 0.7 33 0 35 0.6 71 0.4 74 0.8 77 0.6 79 0.4 
3325 3 0 10 0 32 1 48 0.3 67 0 74 0.8 94 0.7 
3439 11 0.7 12 0.8 18 0 29 0.3 32 0.7 41 0.4 51 0 95 0.3 
3574 1 0.9 25 0.3 27 0 35 0.9 71 0.7 73 1 
3752 66 0.6 81 0 87 0.9 91 0 
3900 3 0 7 0.7 9 0 36 0 40 0.9 54 0.7 71 0.6 73 0 77 1 95 0 
4076 7 1 9 0.7 19 1 22 0.9 29 0.8 37 0 63 0.6 87 0 88 0.8 
4152 21 0 60 0.4 66 0.9 84 0.4 91 0.7 
4324 20 0 38 0.9 48 0 65 0.9 88 0.6 
4371 3 0 11 0.4 12 0.7 35 0.3 42 0 92 1 
4426 20 0.6 
4646 21 0.3 31 0.5 68 0.6 76 0.5 92 0 93 1 95 0 99 0 
4685 2 0.9 12 0.8 41 1 44 1 54 0 80 0.7 96 0.4 
4714 7 0.5 25 0 31 0.9 37 0.7 38 0.4 42 1 46 0 50 0.8 81 0 92 0 
4729 4 0.5 26 0.7 35 0 42 0.3 66 0.9 94 0.5 98 0.6 
4815 26 0 38 0.4 48 0 52 0.8 68 0 
4876 22 0.5 26 1 29 0 42 0.7 64 0.8 73 0.4 93 0 95 0.9 
5512 49 0 
5557 8 0.4 17 0.3 26 0.3 29 0 38 1 41 0.9 66 0.3 68 0.8 81 0 98 0.8 
5622 25 0.7 31 0.6 57 1 
5661 6 0.9 20 0.4 31 0.3 36 0.7 55 0.8 59 0 82 0.6 99 0.4 
5726 24 0.4 25 0.3 70 0.3 
5738 3 1 5 0.6 24 0 46 0.7 48 0.8 52 0.9 56 0.5 66 0 86 0.5 89 0 
5739 33 0.8 49 0 58 0 62 0.3 72 0.9 
5858 46 0 49 0.4 71 0.3 85 0.6 
5874 7 0.3 16 0.4 19 0.8 22 0 57 0.6 89 0 90 0.7 
6047 35 0 37 0 84 1 
6048 3 0 
6178 12 0.7 18 0.6 34 0 37 0 53 0 62 0.6 93 0 96 0 
6442 51 0.6 79 0 82 0 87 1 95 1 96 0.4 
6460 0 0.8 8 0 37 0.3 78 1 
6464 6 0.9 43 0.9 44 1 87 0.3 
6577 52 0 59 0.8 60 0.6 82 0 
6578 10 0.4 18 0.3 25 0.4 31 0.8 37 0 39 0.3 41 0.9 80 0.6 
6603 5 0 8 0.9 11 0.9 31 0 42 0 54 0 65 1 74 0 
6645 57 0.3 69 0.5 81 0.9 90 0.3 
6718 41 0.5 
6959 5 0.9 17 0.9 63 0 93 0.8 
7028 7 0.3 14 0.3 27 0.4 30 0.3 67 0.9 72 0.5 74 0.6 87 0 90 0.4 
7648 31 0.8 40 0.4 43 0 61 0 78 0.5 
7777 39 1 52 0.7 54 0.9 64 0.4 98 0.8 
7863 3 1 5 0 18 0 22 0.4 39 0 40 0.6 50 0.5 57 0.9 61 0.8 72 1 
7929 43 0.9 
7936 11 0 16 0.5 25 0.9 42 0 49 0 75 1 87 0 
8037 6 0 24 0 30 1 42 0 45 1 52 0.6 71 0.3 
8038 9 1 22 0.5 40 0.8 47 0.5 49 0.3 52 0.5 67 1 76 0.9 79 0.7 86 0.8 
8051 3 0.9 7 0.6 20 0.6 29 0.4 50 0 62 0.3 64 1 80 0.6 90 0.3 
8136 9 1 14 0.7 40 0.7 71 0.5 73 1 75 0.9 
8361 89 0 
8423 38 0 81 0.4 97 0.7 98 0.5 
8610 6 0.6 15 0 45 0 95 1 
8713 4 0.3 5 0 8 0.3 17 0.7 21 1 54 0 96 0 97 0 
8738 40 0.6 
8773 7 0 16 0.3 35 0 46 0 48 0.4 51 0 57 0 79 0 97 0.5 
8930 69 1 86 0.8 
9098 9 0.9 12 0.4 22 1 33 0.9 40 0 43 0 50 1 68 0.5 79 0.7 95 0.5 
9260 21 0.7 
9262 2 0 4 0.4 29 0.7 30 0.5 39 0 64 0.9 66 0 76 0 
9274 12 0.4 25 0 31 0 64 0.3 87 0 
9276 11 0 50 0.7 52 0.5 
9292 11 0 12 0.7 18 0 22 0.3 38 0.8 57 0.4 80 0 86 0 90 0.5 
9790 14 0.4 15 0.3 20 0.4 28 1 42 0 45 0.9 56 0.7 87 1 98 1 
9822 31 0 34 0.9 46 0.9 83 0.8 88 0.9 
