100
159 0 0.4 11 0 15 0 17 0.3 18 0.4 22 0.9 64 0.4 75 0.6 90 0.5 96 0.9 
171 6 0.3 22 0.7 33 0.8 37 0.3 62 0 75 0.6 96 0.3 
223 30 0 
349 14 0.8 37 0.5 45 0.6 47 0 51 0 66 0.7 69 0 72 0.3 81 0 99 0 
481 11 0.7 21 0.6 34 0.5 41 0.3 60 0 
510 35 0 49 0.4 93 0.7 
526 0 0.8 11 0.9 18 0.7 32 0.5 50 0 54 0.5 74 0.4 92 0.8 93 0.6 96 0.8 
788 38 0.3 52 0.8 75 1 
958 14 0.5 49 1 68 0.4 
1000 24 0.6 
1055 21 0 45 0 
1275 3 0 19 0 21 0.7 30 0.5 33 0.9 49 0.9 60 0.5 83 0 95 0.6 
1330 24 0 48 0.7 52 0.5 60 0.6 62 0.7 
1466 66 1 
1489 28 0.7 67 0.6 
1724 12 1 37 0 41 0.7 68 0.6 71 0 
1831 50 0.7 
1925 21 0.8 40 0 42 0.3 67 0 73 1 
2178 6 0.5 22 0 47 0 66 0 73 0.6 78 0.8 
2303 0 0.8 1 0.4 6 0 9 0.6 28 1 68 0.4 88 0.3 
2361 15 0 32 0.4 33 0.6 52 1 56 0.8 62 0.5 69 0 71 0 95 0.4 
2508 21 0.3 23 0.6 76 0.7 78 0.4 79 0.7 
2539 12 0 13 0 19 0.5 22 0.9 93 0.9 97 0.4 
2731 94 0.8 
2825 88 1 
2833 18 1 
2889 34 0.3 52 0 
2967 47 0.6 
3024 10 0 24 0.4 41 0.9 50 0.8 74 0 93 0.3 95 0.5 97 0.5 
3027 11 0.5 36 0.3 97 1 
3074 6 0.3 12 0.8 20 0.7 23 0.6 45 0.5 53 0.7 60 0.8 79 0.3 
3178 64 0.6 84 0 
3203 11 0.6 23 0.9 24 0.8 33 0 62 0.6 83 0.9 
3287 12 0.7 24 0.8 96 0.5 
3344 38 0 46 0.7 51 0.9 
3719 49 0.8 78 0.8 
3792 18 0 24 0.8 79 0.8 
3831 21 1 97 0 
3960 4 0 15 0 41 0.3 51 0 53 0.3 60 0.3 65 1 86 1 97 0 
4031 68 0.5 
4094 5 0.5 8 0.5 12 0 19 0.4 25 0.7 36 0.3 62 0.3 92 0.8 
4096 13 0 14 0 16 0.7 91 1 
4319 88 0 
4510 26 0 42 0.6 52 0.6 
4518 9 0.5 11 0.5 13 0.5 42 0.4 46 0 
4660 12 0.5 59 0 78 0 94 0 
4740 3 0.8 9 0 16 0.4 22 0.8 40 0.5 41 0 50 0.9 61 0.8 73 0.6 81 0 
4835 2 0.5 8 0.6 29 0 53 0.5 60 0.5 61 0 74 0 
4876 22 0.5 26 1 29 0.3 42 0 64 1 73 0.9 93 0.5 95 0.5 
4895 41 0.7 46 0.7 59 0.8 78 0.6 79 0 83 0.7 84 0 95 0 99 0.4 
5040 92 0 
5066 75 0.8 
5292 7 0.6 17 0.3 19 0 38 0.8 42 0 52 0.3 67 0 74 1 79 0.5 94 0 
5678 29 0 71 0.7 74 0 
5794 49 0.9 
5839 12 0 25 0 86 0.5 92 0.6 
5912 50 0.7 53 1 67 0.8 
5989 1 0 3 0 4 0.7 20 0 31 0 49 0.4 55 0 82 1 
6018 22 0.3 73 1 84 0.6 
6026 25 0.9 
6048 3 0 
6094 1 0 12 0.7 14 0.3 38 0.9 76 0.6 95 0.7 98 0.9 
6201 8 0 27 0 
6303 9 0.3 10 0.6 17 0.3 52 0.6 
6447 36 0.6 72 0 75 1 88 0 
6592 8 0.4 13 0.7 25 0.9 32 0 46 1 63 0.3 
6683 30 0.7 38 0.7 60 0 84 1 94 0.8 
6711 19 0.5 32 1 
6716 13 0 19 0.5 29 0.3 46 0.3 53 0.5 54 0 58 0 71 0.3 81 0.4 85 0.6 
6726 5 0 27 0.4 87 0 94 0 
6954 9 0 59 0.8 
7033 23 1 24 0.5 34 0.6 41 0.6 71 0 83 0.6 
7219 2 0 10 0.6 58 0.4 66 0.6 75 0.9 83 0.8 
7281 4 0.6 32 0.6 40 0.5 82 0.6 94 0 
7327 14 0.4 21 0.3 27 1 72 0 83 0.3 84 0.5 95 1 97 0.5 
7361 2 0.8 63 0.6 81 0.6 89 0.8 95 0.8 
7456 2 0 45 0.9 48 0 54 0 83 0.6 91 1 96 1 
7499 28 0.6 
7512 16 0.4 17 0.7 56 1 88 0.8 93 0.4 
7660 1 0.7 5 0.7 30 0 35 0.5 41 0.6 
7841 16 0.4 27 1 29 0.5 32 0.6 46 0.6 61 0.4 75 0 83 0.3 
8024 20 0.9 35 0.5 37 0.6 42 0.3 52 0.6 57 0 80 0.5 
8153 17 0 35 0.5 46 0 73 0.4 92 0.4 
8557 11 0.6 24 0.7 42 0.4 86 0.6 87 0.8 
8785 7 0.9 34 0.7 61 0.3 
8904 2 0 19 0.3 23 0 50 0.8 58 0 76 0.5 84 0.5 87 0.9 
8927 23 0.3 24 1 27 0 69 0.6 79 0 86 1 
8935 42 0.6 43 0.4 44 0 62 1 91 1 93 0.6 
8962 39 0.4 45 0 74 1 97 0.8 
9022 4 0 15 0.8 32 0 54 0.7 96 0.7 
9128 52 0.6 
9203 0 0 3 0.6 18 0.4 26 0.3 28 0 33 0.3 37 0 41 0.7 48 0.7 
9314 2 1 3 1 15 1 19 0 26 0.8 48 0.8 50 0.6 56 0.9 86 0.7 90 0.8 
9352 0 0 34 0.7 87 1 
9386 12 0.9 51 0 63 0 80 0 
9448 59 0.5 76 1 
9628 56 0.3 59 0 
9782 5 0 13 0 22 0.8 45 0.3 51 0.7 53 0 56 0.4 73 0.6 81 0.5 92 0.9 
9834 43 0.5 88 0.3 
9990 54 0.9 57 0.4 61 0.6 87 0.3 91 0.7 92 0 
