100
24 86 0 88 0.3 
58 45 0 
71 7 0.4 17 0.9 42 0 59 0.5 76 0.4 79 0 85 0.6 95 0 
328 25 0.5 56 0.9 
433 15 0 59 0.7 
538 8 0.3 18 0.4 52 1 94 1 
634 16 0.8 25 0 29 0 31 0.9 37 0.3 44 0 51 0 
839 0 0.4 4 0.9 21 0.6 23 0.6 27 0.7 77 0.8 87 1 
924 59 1 65 0.7 83 0 99 0.6 
984 1 0.8 4 0.4 32 0 33 0.3 37 0.4 85 0.9 95 0.6 
989 7 0.6 15 0.9 34 0.8 61 0 64 0.8 76 0.7 82 0 91 0.5 
1007 34 0.8 72 0.8 
1104 6 0 17 0.9 54 0 95 0.6 
1158 4 0 43 0 59 0 62 0 68 0 69 0 85 0.5 95 0.5 
1276 22 0.3 53 0.5 56 0.3 93 0.4 
1322 36 0.9 37 0.6 41 0.3 49 0.3 56 0.7 58 0.7 60 0.3 
1339 17 0.9 52 1 
1530 13 0.6 21 0.5 38 0.9 40 0.6 49 1 55 0 82 0.5 84 0.4 89 0 95 0.6 
1753 2 0.3 5 0 33 0.4 38 0.6 40 1 45 0.7 48 0.8 68 0.8 83 0.5 98 0.3 
1986 18 0.8 29 0.7 31 0.7 34 1 60 0 70 0 73 0.9 95 0.8 
2009 7 0 24 0 46 0 60 0.3 61 0 74 0.7 83 0.9 86 0.6 96 0.4 99 1 
2021 1 0 2 1 4 0.5 13 0.3 23 0.6 45 1 47 0 57 0.9 71 0.7 93 0 
2098 5 0.9 28 0 46 0 66 0.3 85 0.6 
2101 8 0.3 25 0 32 0.3 36 0.4 58 0.4 60 0.5 77 0 96 0.9 
2163 5 0.3 55 0.4 74 0.5 75 0.8 
2169 51 0.7 
2532 11 0.5 13 0.5 61 0.5 62 0.4 78 0 96 0 97 0 
2859 5 0.4 10 0 44 1 50 0 85 0.3 
3169 25 0 34 0.4 47 0.7 56 0.8 
3236 4 0 41 0.6 
3242 28 0.4 91 0 
3355 1 0.6 32 0 35 0 42 0.6 76 0 89 0.7 95 0 
3370 20 0.5 25 0 29 0.7 36 0.8 54 0 55 0.9 64 0.9 82 0.7 91 0.6 
3492 4 0.3 26 0.6 61 0.3 67 0 77 0 
3656 1 0.8 38 0.8 71 0 96 0.8 
3722 20 0.7 45 0.9 56 0.6 94 0.9 99 0.6 
3813 3 0.8 7 0.4 53 0.6 58 0 60 0.8 69 0.4 72 0.8 
3826 50 0.6 63 0 
3959 4 1 13 0 33 0.4 55 0 58 0.7 68 0.4 75 0.9 
3983 6 0.7 13 0 27 0.6 33 1 36 0.9 42 0.6 63 0 82 0.8 85 0.4 99 0.8 
4091 11 0.9 20 0.9 34 0.7 38 0.3 48 0.7 67 0.6 82 0.4 
4097 4 0.4 61 0.6 77 0 90 0 97 1 
4125 6 0 13 0.8 26 0 27 0 44 1 45 0.6 67 0.3 83 0 87 0.9 
4144 23 0 24 0 85 0.8 
4202 0 0 3 0.8 10 0 22 0.8 40 0.6 62 0.7 
4258 1 0.3 21 0 74 0.6 
4306 9 0 22 0 27 0 35 1 39 0 57 0 66 0.7 70 0.7 
4339 9 0.7 25 0.5 41 0.5 59 0.5 62 0 91 0.8 
4463 3 0.7 49 0 53 0 75 0.7 86 0 96 0.6 
4554 4 0.6 41 0 47 0.6 55 0.3 
4579 10 0.5 21 0 30 0.6 40 0.8 53 0.6 65 0 77 0 
4628 8 0.8 18 0.5 31 0.7 33 0.4 36 0.8 40 0 53 1 89 0 90 0 
4809 2 1 9 0.5 16 0.7 
4859 79 0.7 
4947 11 0.6 21 0.7 30 0.4 40 0.5 46 0.5 59 1 62 0.9 63 0.9 87 0.8 93 0.5 
5155 51 0 57 1 81 0.7 
5205 52 0.6 59 1 61 0 
5276 1 0 6 0 18 0 25 0.5 27 1 57 0.3 82 0.5 
5856 13 1 45 0 47 0.6 79 0.6 85 0.6 99 0.3 
5897 6 0.4 28 0 36 0.7 60 1 68 1 69 0.6 72 0.9 73 0.6 75 0.4 92 0.9 
5958 2 0.7 11 0.9 39 0 67 0.7 95 0.8 97 0.7 
5968 3 0.3 
6026 25 0 
6030 45 0.3 
6061 59 0.3 
6326 39 0.4 60 0.7 82 0.3 84 0 
6387 0 0.7 30 0 98 0 
6509 15 0 31 0.4 47 0.7 53 0 66 0.6 83 0.3 98 0.7 
6936 11 0 14 0 38 0 50 0 58 0.7 63 0 66 0 96 0 
6984 29 0 71 1 74 0.5 
7071 29 0 37 0.8 52 0 69 0 80 0.9 97 0.7 
7212 9 0.9 16 0.5 26 0.9 50 0.9 55 0.4 67 0 69 0.5 76 0 83 0.4 95 0.5 
7244 7 0.5 8 0 18 0.4 19 0.6 39 0.6 43 0.6 45 0.9 57 0.3 64 0 99 0.5 
7300 16 0.6 54 0.6 59 0.7 79 0.8 87 0.4 
7309 41 0.4 83 0.9 
7355 8 0.4 15 1 21 0 40 0.8 49 0.7 61 0.9 79 0.4 
7505 2 0.3 3 0.4 11 0.3 28 0.7 54 0.7 61 0.4 83 0 88 0 
7508 1 0.9 2 0.5 7 0.5 10 0.6 13 0 53 0.6 64 0 75 1 
7644 15 0.7 61 0.6 
7659 35 0.8 44 0 54 0.7 56 0.5 60 0 74 0.5 80 0.3 86 1 
7661 44 0 74 0.9 81 1 
7895 4 0 14 0.6 16 0 32 0.5 47 0 64 1 65 0.3 67 0.9 70 0 89 0.6 
8741 0 0.5 25 0.6 30 0.9 51 0 66 0.8 72 1 84 0 97 0 
8791 3 0.6 4 0 21 0 60 0 66 0 73 1 78 0.4 85 0.6 87 0 96 0 
8843 1 0.5 6 0.6 25 0.4 32 0.5 63 0 72 0.3 75 0.4 89 0 
8864 3 0 8 0.9 13 0.5 
8886 9 0 23 0.6 62 0.8 64 0.4 72 0 
8991 14 1 25 0.5 34 0.7 51 0.9 56 0.8 75 0.4 84 1 
9022 4 0.6 15 0 32 0 54 0.3 96 1 
9079 34 0 36 0.5 43 0.7 44 0.8 58 0.5 59 0.7 70 1 88 0.8 95 0 
9131 18 0 94 0.8 97 0.5 
9279 32 0.5 58 0 
9510 2 0.8 22 0.8 35 0.7 43 0.6 54 0 65 0 68 0 82 0.5 85 0 93 0.9 
9518 12 1 16 1 53 0.4 
9549 44 0.5 50 0 51 0.6 63 0.4 91 0.8 
9559 5 0.8 12 0 30 0.8 59 0.9 67 0.6 80 0.7 
9593 6 0 23 0.6 25 0 27 0.6 29 0.3 30 0.5 50 0.8 74 0.3 84 0 
9909 8 0 
9916 13 1 29 0 42 0.4 52 0 70 0 83 0.9 84 0.6 86 0 99 0.8 
9941 0 0.8 3 0 10 0 16 0 
