100
0 67 0.3 97 1 
44 5 0.3 14 1 29 0.3 76 0 85 0.8 91 0.6 98 0.6 
56 73 0 
297 79 0 
306 1 0 26 0.3 47 0 77 0.3 94 0.8 97 1 
383 18 0.5 40 0.6 55 0.3 57 0 79 0.5 94 0.8 
499 29 0.4 48 0.6 79 0.8 
580 6 1 16 0.3 35 0 37 0.4 55 1 67 0 89 0 93 0.4 
622 2 1 21 0.9 28 0 43 0.8 60 0 92 0.7 96 0.9 
633 29 0.5 86 0 
651 47 0.6 94 0.3 
679 52 0.6 71 0.7 82 0.7 
757 4 0.4 28 0.9 48 0 91 0 
932 4 0.5 81 0 
1096 7 0.9 22 0.7 42 0.8 92 1 
1132 22 0.9 31 0.5 88 0 96 0.7 
1242 17 1 25 0 28 0.7 33 0.6 34 0.9 36 0.3 48 0.8 71 0.4 74 0.8 82 0.5 
1278 8 0.6 55 0.4 
1304 12 0.9 61 0.4 65 0.8 66 0.4 
1332 5 0.8 15 0.4 25 0 39 0 66 0.5 76 0.9 94 0 95 0.3 
1368 23 0.5 45 0.9 61 0.8 80 0.4 
1403 8 0 16 0.4 22 0.9 23 0 36 0.6 54 0 57 0.4 67 0.9 77 0.8 
1445 30 0.5 48 1 
1465 28 0 50 0.4 54 0.5 99 0.4 
1511 22 0.5 40 0 55 0.9 56 0.9 58 0 67 0.7 97 0.9 98 0.5 
1549 44 1 75 0.8 81 0 91 0.3 
1722 1 0.9 13 0.5 15 0 29 0.7 39 0 50 0.7 65 0.7 73 0.3 75 0.6 88 0.3 
1766 34 0 81 1 98 0.6 
1826 7 0.9 41 0 95 0 
1910 2 0.9 7 0 28 0.4 56 0 62 1 76 0 86 0.8 92 0 
1918 28 0.3 53 0.3 54 0.4 79 0.7 97 0 
1955 3 0.6 15 1 17 0.6 23 0.7 47 0 52 0.6 60 0 61 1 65 0.9 
2035 47 0.3 58 0.4 79 0.3 
2112 23 0.3 37 0 44 0 63 0.7 94 0.4 95 0.5 97 0.6 
2136 0 0 20 0.3 21 0.8 30 0.6 35 1 42 0.8 43 0 61 0 62 0 79 0.4 
2161 85 0.8 
2167 28 0 49 0 77 0.6 79 0.9 
2452 17 1 22 0.5 41 0.9 48 0.4 59 0 63 0 66 0.3 86 0.6 96 0.5 
2500 30 1 67 0.7 
2552 16 0 19 0.6 48 0 58 0.3 66 0 97 1 99 0 
2647 14 0.7 23 0 59 1 68 0.4 
2703 4 0.5 9 0 45 0.3 60 0.3 98 0 
2729 24 0 32 0.8 38 1 42 0 61 0.5 
2742 0 0.7 5 0.9 24 0.7 75 0.6 
2830 0 0.4 13 0 19 0 53 0.6 71 0.7 83 0 86 0 
3094 0 0 4 0.6 6 1 20 0.5 30 0.4 34 0.5 42 1 66 0.3 83 0.5 98 0 
3135 33 0.6 91 0 
3166 2 0 11 0.6 13 0.5 18 0 34 0 35 0.8 60 0.4 81 0.8 90 0.6 91 0 
3236 4 0.3 41 0.8 
3309 5 0 6 0.7 37 0.7 43 0.5 53 0.7 54 0.6 57 0.9 59 0.4 
3456 2 0.9 45 1 96 1 
3553 15 0.9 25 0.8 29 0 54 0.3 77 0.6 
3574 1 0.9 25 0 27 1 35 0 71 0.4 73 1 
3634 4 0 7 0.9 11 0.7 54 0 63 0 87 0.4 
3637 9 0.5 23 0.4 44 0.3 46 0.7 60 0.3 61 0.6 65 0 69 0.3 78 0.6 91 0.3 
3988 12 0 24 1 25 0.5 33 0.8 73 0.5 80 0.6 81 0.4 
4144 23 0 24 0 85 0 
4217 23 0.9 46 0.7 74 0.4 
4628 8 0 18 0.8 31 0.9 33 0.9 36 0.7 40 0.9 53 0.9 89 0 90 0 
4702 21 0.3 
4888 11 0.5 52 0 57 0.4 61 0.8 69 0 71 0 72 0.6 90 0.9 
4944 5 0.8 22 0.5 24 0.5 39 0.6 47 0.3 59 0.6 66 0.3 82 0.9 89 0.8 93 0.3 
4972 20 0.4 58 0 59 0.9 80 0.5 81 0 88 0.8 89 0.4 
5029 22 0.7 26 0 45 0.5 83 0.3 
5149 28 0.8 29 0.5 36 0 44 0.7 53 0.6 68 0 69 0.7 76 0.8 79 0.6 81 0.8 
5156 3 1 27 0 34 0.4 36 0.8 38 0 40 0.9 61 0 75 0.3 
5281 81 0 84 0.6 
5355 84 0.5 
5609 4 0.5 5 1 11 0 21 0.7 28 0.4 35 0.5 36 0.4 43 0 69 0.7 
5623 20 0 47 0.9 91 0.5 
5688 3 0.5 8 0.6 26 0.9 31 0.4 38 0.6 47 0.9 59 1 74 0 87 0.4 
5727 9 0.5 38 0.8 42 0.8 63 0 64 0.8 
5843 12 0.9 20 0.6 52 0.4 53 0.8 69 0 80 0.6 83 0 88 0.7 96 0.9 99 0 
5972 44 0.4 87 0.4 91 1 
6134 17 1 46 0.5 90 0.8 96 1 99 0.7 
6256 7 0.4 14 0 18 0.9 53 1 55 0.6 61 0 71 0.5 72 0.5 80 1 89 1 
6344 5 0.9 6 0.6 18 0.6 19 0.3 21 0.7 36 0.5 45 0.9 60 0.7 66 0.8 93 0.9 
6537 9 1 19 0.8 55 0 84 0.7 
6745 4 0.5 5 0.5 62 1 80 0.6 90 0.9 
6929 17 0 22 0 29 0.6 34 0.8 67 0.4 68 0 82 0 98 0.5 
6935 40 0.4 60 0.8 
7009 77 0.7 
7278 7 0.5 24 0.6 37 0.8 38 0 54 0.8 56 0.5 59 0 87 0.5 88 0 92 0.4 
7764 16 0 17 0.7 41 0.9 45 0.8 53 0.3 91 0.8 
7846 29 0.8 43 0 52 1 85 0 
7865 7 0.5 14 0.7 28 0.9 38 0 
7954 63 0.8 
7957 5 0.5 12 0.4 21 1 22 0 46 0.7 49 1 73 0.6 81 0 82 1 95 0 
7960 0 0.8 8 0 11 0 27 0.6 34 0.6 51 0 
7966 1 0.7 27 0.6 47 0.9 53 1 57 0.5 63 0.4 67 0.8 72 0 83 0.3 87 1 
7995 42 0.5 50 0.3 59 0.3 
8061 18 0 47 0.7 64 0 96 0 
8241 27 0 37 0.6 76 0 77 0.5 91 0.4 
8704 19 0.9 35 0.6 87 0.5 
8744 7 0.5 8 0.3 37 0.4 41 0.6 49 0 56 0 62 0 77 0 81 0.4 86 0 
8943 10 0 13 0.6 14 0 28 0.5 42 0.5 57 0.3 71 0.7 78 0 85 0.9 90 0.8 
9633 3 0.6 5 0.7 6 0 11 0.4 30 0.9 46 0.7 51 1 55 0.8 75 0.6 91 1 
9760 15 0.7 19 0.5 30 0.8 45 0.7 53 0.6 55 0.9 70 0.4 84 0 94 0.6 97 0 
9873 1 0.9 15 0.5 72 0.4 75 0.3 
9969 89 0.9 
