100
203 8 0.3 18 0 25 0.7 
312 95 0.9 
539 1 0.5 32 0.3 36 0 42 0.7 45 1 48 0.3 59 0.5 60 0.8 77 0.9 78 0.3 
653 0 0.4 2 0.6 47 0.6 
768 14 0.8 16 0 33 0.7 34 0 38 0.7 74 0.6 79 1 
772 0 0 24 1 60 0.8 70 0 
819 38 0.9 
858 10 0.9 21 0 37 1 40 0.5 54 0.9 57 0.5 71 0 
973 5 0.3 22 0 23 0.9 35 0.6 50 1 67 0.4 77 0.3 82 0.5 88 0.4 
976 35 0.5 49 0 57 1 78 0.4 
1009 69 0 
1017 18 0.8 37 0.7 40 0.5 52 0.8 54 0.4 63 0.4 74 0.4 
1070 32 0 39 0.8 48 0 49 0.3 58 0.3 65 0 84 0.6 91 0.9 
1126 17 0 20 0 
1282 3 0 
1289 15 0 18 0.9 31 0.7 32 0.4 34 0.7 38 0.3 43 0.4 84 0 93 0.4 
1379 10 0 20 0 46 0.5 67 0.4 93 0.8 98 0 99 0.3 
1415 26 0 55 0.8 96 0 
1497 12 0 46 0.4 72 1 90 0.6 
1503 49 0 66 0.3 98 0 
1649 1 0.7 45 0 99 0.7 
1723 30 0.5 31 0.6 53 0 81 0.8 85 0 
1801 30 0 34 0.7 42 1 44 0.9 52 1 53 0.6 73 0.4 80 0.9 
1984 8 0 27 0.7 29 0.7 40 1 50 0 59 0.8 62 0.8 76 0 95 0.6 99 0.5 
2021 1 0.9 2 0.4 4 0.3 13 0.9 23 0.3 45 0.4 47 0 57 0 71 0.5 93 0 
2118 4 0.5 
2136 0 0.6 20 0.3 21 0.6 30 0 35 0.7 42 0.6 43 1 61 0 62 0 79 0.6 
2198 5 0.6 45 0.6 
2252 12 0.5 21 0.4 26 0.8 31 0 45 0.4 58 0.5 
2299 2 0.4 3 0 37 0.9 43 1 82 0 
2310 69 0 
2331 12 0.7 17 0.4 23 0.3 52 0.5 54 0 59 0 85 1 86 0 95 0.3 
2341 12 0 62 0.4 70 0.8 91 0.4 
2393 4 0.8 11 0.5 12 0.3 18 0 41 0.9 54 0 59 0.3 74 0.8 76 0.9 91 0 
2602 80 0 
2605 18 0.6 70 0.5 95 0.9 
2830 0 0.9 13 0.3 19 1 53 0.8 71 0.4 83 1 86 0.3 
2994 31 0.3 36 0.7 55 0 
3176 17 0.6 59 0.3 
3189 74 0.4 
3279 21 0.3 55 0 70 0.9 86 0.9 87 0 
3317 9 0 11 0.3 21 0.5 50 0.9 60 1 90 0.4 
3513 10 0.7 18 0.5 31 0.6 33 0.8 44 1 46 0.9 61 0.3 68 0.7 75 0.8 97 0.8 
3537 14 0.4 15 0.9 17 0 24 0 40 0.7 93 0.7 
3712 4 0.6 
3771 17 0.3 30 1 33 0.5 73 0.9 94 0.9 95 0.7 
4406 38 0 
4468 9 1 92 0 99 0.9 
4545 52 0 60 0.6 93 0.8 96 0 
4872 24 0 30 0.6 56 0.7 86 0.6 92 0 98 0 
4947 11 0.9 21 0.5 30 0.8 40 0.9 46 0.4 59 0 62 0.8 63 0 87 0.5 93 0.5 
5131 2 0.5 11 0.8 25 0 30 0.8 33 0 37 0.7 44 0.9 91 0 
5300 4 1 27 0 28 0.8 32 0.3 42 0 69 0.9 85 0.5 90 0.4 95 0.8 98 0 
5458 10 0.4 28 0.6 53 0.8 57 0.7 82 0 99 1 
5493 1 0 40 0.4 98 0 
5836 7 0.7 31 0.5 51 0.7 55 1 56 0.9 67 0.6 74 0.3 75 0 88 0.5 
5940 37 0 73 1 
5958 2 0.6 11 0.4 39 0 67 0 95 0.5 97 0 
6023 2 0 17 0.4 59 0.7 68 0.8 77 0.6 81 0.3 85 0 96 0 
6071 6 1 33 0.9 62 0.8 65 1 80 0 85 0 89 0.9 91 0.6 
6101 62 0 77 0.9 
6203 38 1 48 0.5 61 0.8 70 0.6 
6263 10 0.5 12 0 31 0.5 80 0.9 82 0.6 
6303 9 0.4 10 0.3 17 0.5 52 1 
6322 29 0.9 31 0.8 34 0 35 0.9 44 0.8 69 0.9 71 0 94 0 
6536 26 0.4 55 0 
6555 11 0.6 18 0.5 23 0.5 50 0.6 60 0 79 0 88 0.3 90 0.4 
6582 3 0.5 18 0.5 45 0.7 
6720 11 0.6 13 0.7 35 0.3 57 0.6 89 1 
6795 5 0.5 8 0 20 0.5 24 0.9 34 1 45 0.7 71 0.9 83 0.5 97 0.9 
6927 20 0 23 0.4 31 0.5 58 0.3 72 0.8 90 0 
6936 11 0.6 14 0 38 0.3 50 0.6 58 0.6 63 0.4 66 0 96 0 
6960 11 0 17 0.7 31 0 60 0.4 75 0.6 
7388 8 1 21 0 26 0 42 0 47 0.9 83 0.8 
7411 21 0.8 28 0 
7441 20 0.3 23 0.7 39 0.9 54 0.8 66 0.7 74 0.3 76 1 87 0.4 98 0 99 0.6 
7482 8 0.5 48 0.7 66 0.4 98 0.3 
7545 5 0.6 19 0.7 33 0.7 37 1 39 0 46 0.9 87 0.3 
7745 28 0.4 44 0.8 50 0 57 0 69 0.7 77 0.6 99 0.6 
7792 10 0 23 0 38 0 46 0 49 0 64 0.6 65 0.9 76 0.7 77 0.6 
7860 5 0.4 42 0.8 47 0.4 55 0 74 0.3 
8008 36 0 71 0.9 
8071 42 0.8 44 0.6 65 0.8 
8272 8 0.5 40 0.9 56 0.4 58 0 60 0.9 78 0.3 88 0.8 
8294 13 0 21 1 23 1 27 1 44 0.5 57 0.8 65 0 66 1 74 0 85 1 
8389 0 1 3 0.5 10 1 20 0.4 48 0.4 52 0.5 65 0.5 72 0.9 87 0 93 0.6 
8440 4 0.9 7 0.8 17 0.7 43 0.5 45 0 48 0 49 0.8 62 0 78 0.7 90 0.3 
8488 14 0.3 
8584 32 0.8 37 0.9 55 0.4 71 0.9 78 0 79 0.7 80 0.6 83 0 93 0 
8831 6 0 8 0.3 10 0.4 11 0 31 0.5 48 0.7 58 0.9 88 0.9 91 0 
9101 32 0.3 62 0.3 65 0.4 66 1 72 0.6 75 0.7 85 0.3 97 0 
9251 1 0.6 15 0.3 17 0.4 50 0 55 0.4 62 0.5 64 0.5 65 0.9 97 0 99 0.3 
9302 1 0 6 0.4 44 0.3 45 0.8 56 0.3 71 0.3 79 0.9 86 1 94 0 
9426 38 0 71 0.3 82 0.8 98 1 
9448 59 0.8 76 1 
9499 34 0.3 
9544 5 0.3 10 0 23 0.7 51 0 59 0.6 85 0.5 94 0.9 98 0.3 
9681 56 0.5 90 0 
9807 63 0.9 98 0.4 
9924 7 0.4 11 0.7 41 1 45 0 72 0.4 97 1 
