100
18 77 0.4 
22 24 0 41 0.7 55 0 64 0.3 66 0.4 
52 22 0 45 1 56 0.8 
127 1 0 9 0.7 11 0.8 57 0.5 76 0.3 88 0.4 
189 4 0.8 89 0.3 
283 1 0.6 28 0 54 0.7 84 0.4 87 0 
308 3 0.6 13 0 18 0.7 61 0.3 76 0 97 0 
331 18 0 21 0 28 1 52 0.9 57 0.8 61 0.9 84 0.5 95 0.5 
459 14 1 17 0.3 21 0.3 37 0 61 0.8 65 0.8 69 0.4 70 0.3 80 1 
479 1 1 13 0.8 18 0 27 0.3 43 0 70 0 92 0.7 94 0.6 
591 4 0 24 0 66 0.8 78 0.5 
683 8 0 19 0.6 21 0.8 26 0.3 33 0.9 41 0 54 0.4 67 0.8 83 0.8 
745 2 0.5 15 0 17 0 64 0 67 0.8 70 0 72 0.3 97 0.6 99 0.3 
765 7 0.4 45 0.8 47 0.6 51 0.3 64 0.5 70 0 95 0.3 
782 76 0 86 0 
783 44 1 47 0.6 
841 5 0.9 61 0.9 99 0 
894 2 0.7 6 0 14 0 59 0.5 66 1 73 0.6 97 0 99 0.4 
1020 0 0 2 0 6 0.9 8 1 27 0.5 68 0.7 75 0.7 97 0 
1034 7 0 33 1 34 0.9 46 1 73 0.7 
1066 2 0.7 6 0.3 62 0 72 0.8 74 0.8 
1215 1 0.9 2 0.5 6 0 61 1 64 0.5 66 0 93 0 94 0 
1290 0 0 86 0.6 
1304 12 0.7 61 0.8 65 0.8 66 0 
1336 3 0.8 9 0 11 0.8 28 0.5 57 0 64 0.9 
1346 8 0 15 0 46 0.3 50 0.3 58 0 99 0.9 
1616 23 1 45 0 48 0.7 
1620 97 0.4 
1666 18 1 32 0 40 0.6 44 0.7 46 0.9 48 0 81 0 92 0.5 94 0.5 
1669 9 0.4 10 0 60 0.3 
1678 35 0.9 42 0 58 0.3 65 0.4 70 0.6 88 0 89 0.6 91 0 93 0 
1826 7 0 41 0.5 95 0 
1871 7 0 11 0 13 0.3 18 0 23 0.7 64 0.6 86 0 87 0 
1951 16 0.9 19 0.5 22 0 24 0.7 29 1 30 0 55 0.6 63 0.4 82 0.3 
2048 43 0 52 0.5 
2121 27 0.9 29 0 30 0.4 88 0.5 
2175 31 0 41 0 51 0.6 58 0.8 60 0.3 61 0 74 0.4 82 0 
2240 6 0.6 9 1 24 0.3 36 1 40 0 45 1 51 0 59 0.8 73 0.4 
2242 17 1 23 0.3 26 0.6 59 0.4 94 0 
2301 2 0.8 13 0.5 19 0.5 28 0.7 59 0.4 60 0 88 0.7 91 0.7 95 0.4 96 0 
2304 0 0.3 14 0 22 0.8 30 0.4 48 0 55 0 92 0.4 97 0.8 
2332 66 0 85 0.8 
2381 8 0.4 21 0.4 23 0.4 38 0.9 55 0 56 0.5 74 0.8 80 0.5 84 0.8 
2435 8 0.9 13 0.7 14 0 22 0 37 0 61 0 79 0.7 82 0 
2628 3 0.8 5 0.4 34 0.7 46 0.3 65 0.9 77 0 86 0.7 87 0.6 99 0.9 
2631 53 0.3 82 0.5 
2657 1 0.9 5 0.4 74 0.9 77 0.7 88 0.4 
2668 23 0.7 25 1 31 0.4 41 1 42 0.9 44 0.3 59 0 69 0 
2687 0 0.9 27 0.8 34 0.7 66 0.5 
2725 12 0.4 16 0.7 17 1 20 0.3 34 0.3 43 0.8 83 0.4 87 0.7 94 0.4 
2763 13 0.7 19 0 25 0 38 0.4 67 0.3 72 0.8 89 0.6 
2794 23 1 43 0 49 0.3 68 0.6 85 0.9 91 0 93 0 
2829 7 0 
2854 11 0.5 41 0.5 44 0.7 
3018 9 0.4 30 0 53 0 55 0 70 0.9 
3582 21 0.4 67 0.8 
3590 5 0.6 31 0.8 66 0.9 77 1 90 0.6 96 0.5 
3600 43 0 44 0 45 0.4 52 0 58 0.8 62 0.6 84 0.9 87 0 97 1 
3769 55 0 63 0.5 78 0 
3801 1 0.3 32 0.5 44 0.7 81 0.9 91 0 
4038 20 0.6 44 0 48 0.8 65 0.9 
4779 0 0.8 5 0.8 7 0.9 17 0.3 18 1 32 0.5 34 0.4 76 0.3 
5482 5 0 27 0 37 0.6 41 0.6 45 0 68 0.3 92 0.7 96 0.4 
5494 14 0.7 31 0.9 43 0.3 84 0 
5567 0 0.9 8 0.4 13 0 58 0.4 69 0 74 0.3 85 0.5 88 0 92 0.6 99 0.3 
5684 4 0.7 5 0.5 25 0 29 0.9 39 0 53 0.8 61 0.6 64 0.8 92 0 97 0 
5711 9 0.5 17 0 21 0.6 33 0 44 0 54 0.8 58 0.4 84 0 85 0.7 91 0.6 
5722 1 0.6 11 0.5 13 0 42 0.6 46 0.6 50 0.6 64 1 
5738 3 0.7 5 0 24 0 46 0 48 0.9 52 0.8 56 0.3 66 0.8 86 0 89 0 
5981 1 0.6 15 0.9 30 0 56 0.8 57 0 58 0 82 0.6 92 0.3 94 0.3 
6013 19 0.7 46 0 54 0 74 0.7 96 0.7 97 0.3 
6032 9 0.7 17 0 28 0.9 31 0.9 33 0.9 48 0.5 73 0.5 87 0.4 99 0 
6228 0 0.5 
6264 8 0.9 33 0.3 40 0.3 54 0 73 0 77 0.4 78 0.8 80 1 95 0 
6395 6 1 17 0 28 0 31 0.9 36 0.4 38 0.4 49 0.8 68 1 80 1 81 0.9 
6709 9 1 30 0.8 35 1 59 0 66 0.6 91 0.7 
6811 24 0.6 27 0.5 30 0.7 51 1 63 0.8 64 0.6 80 0 91 0.8 
6885 1 0.9 7 0.3 41 0.7 51 0.8 53 0.5 63 0.3 90 1 91 0 95 0.8 97 0.9 
7374 17 0 20 0.7 29 0 40 0.5 43 0 57 0.4 60 0.4 68 0 80 0.9 
7413 43 0.8 75 0.6 
7453 9 0.4 26 0.5 53 1 74 0.4 79 0 83 1 99 0.3 
7482 8 0.3 48 0.7 66 0.5 98 0.6 
7591 0 1 36 0.8 56 0.7 
7838 35 0 54 0.8 
8085 6 0.3 30 0.6 57 1 63 0.9 75 1 91 0.3 
8090 2 0 3 0 6 0.4 11 0.7 15 0 25 0.8 60 0.9 77 0.6 80 0.3 97 0.6 
8184 6 0 10 0.9 11 0.7 21 0 36 0 66 0 76 0.5 84 1 97 0.5 
8244 21 1 
8341 2 0 22 0 23 0.6 24 0.8 25 0.3 29 0.6 46 0.3 67 0.3 77 0.5 84 0.3 
8509 16 0.7 29 0.8 30 0.5 57 0.6 88 0.5 95 0.9 97 0.3 
8661 6 0.6 16 0.6 61 0 86 0.6 94 0.7 
9044 4 0.6 7 0 13 0.4 22 0 48 0.7 96 0.3 
9161 22 0.5 26 0.8 57 0 69 0 77 0.5 79 0.7 86 0.8 87 0 90 0 
9170 12 0.3 61 0.8 67 0.6 86 0 
9231 14 1 23 0 30 0.4 35 0.9 39 0 56 0.5 63 1 64 0.3 68 1 90 0 
9254 23 0 27 0.7 29 1 30 0.5 34 0.7 54 0.8 79 0.9 
9643 4 0.7 24 0.3 65 1 74 0.5 84 0.7 
9811 4 0.3 23 0.9 88 0 
9892 0 0 59 0.8 71 0.3 90 0.6 
9958 10 0 47 0.6 
