100
11 12 0.7 14 0 15 0.5 35 0.7 58 0 78 0 94 0.9 
164 7 0.7 52 0 59 1 
226 14 0.5 31 0.8 37 0 39 0.9 41 0.6 42 1 44 0.6 47 0.5 94 0.8 99 0.4 
248 4 0.8 5 0.5 28 0 46 0.3 55 0.5 70 0.9 82 0.9 93 0 95 0.9 
273 94 0.5 
379 0 0.7 9 0 21 0.6 34 0.6 53 1 66 0.4 83 0 
380 40 0.4 82 0.6 
400 15 0.5 22 0.3 40 0 72 0 84 0.4 99 0.7 
417 19 0 23 0 33 0.7 35 0 41 0.5 42 0.4 60 0 62 0.4 73 0.5 77 0.8 
418 7 1 19 0 25 0.8 38 0.6 42 0 48 0.3 52 0.7 67 0 79 0.5 85 0.7 
434 16 0.4 19 0.4 26 0.3 53 0.4 70 0.5 71 0.3 74 0 87 0.8 94 1 
476 12 0.4 19 0.7 23 1 30 0.3 37 0.9 49 0 75 0.4 79 0 
490 3 0.8 22 0.5 40 1 66 0.4 86 0.8 
538 8 0.8 18 0.7 52 0.3 94 0.7 
568 9 0 18 0.5 40 0.6 
603 1 0.3 96 0 
616 0 0 3 0.3 15 0.8 21 0.6 22 0.9 32 0.7 38 0.4 41 0 56 0.9 59 0.8 
671 0 1 7 0.4 22 1 23 0.9 25 0 78 0.9 86 0.4 
707 0 0.7 4 1 5 0.7 25 0 30 0.8 34 0 45 0.7 49 0.8 85 0.7 91 0.8 
940 40 0.7 90 0 94 0.5 
1075 10 0.5 12 0 24 1 36 0.8 46 0 51 0.9 52 0.9 59 0.6 92 0.3 96 0 
1275 3 0.3 19 0.5 21 0 30 0.3 33 0.4 49 0.9 60 0.7 83 0 95 0.8 
1595 69 0 80 0 
1664 14 0.4 77 0.6 88 0.9 
1688 4 0.4 22 0.8 25 0.4 45 1 46 1 76 0.3 99 0.6 
1703 1 0.6 36 0 37 0.9 57 0.4 67 0 
1714 15 1 20 0.4 23 0.4 41 0 44 1 45 0.6 53 0.6 
1718 34 0.5 37 0.9 38 0 41 0 48 0 54 0 56 0.4 68 0.9 71 0.5 85 0 
1752 4 0.5 26 0 52 0.4 58 0 83 0.8 96 0.7 
1806 0 0.7 16 0.4 24 0.8 39 0.6 55 0.4 83 0 
1832 10 0.3 29 0.6 41 1 43 0 44 0.4 49 0 
1858 32 0 
2024 2 0.5 10 0.9 24 0.7 43 0.4 
2039 4 1 11 0.5 28 0.5 29 0.4 59 0 62 0.3 71 0.4 73 0 
2123 0 0.8 1 0.8 7 0.7 9 0 28 0.6 52 0.8 62 0.6 68 0.5 75 1 
2309 1 0.8 24 1 29 0.4 42 1 46 1 75 0 91 0 
2364 4 0.6 8 0 42 0 44 0.7 55 0.5 71 0.8 74 0.6 79 1 87 0.8 89 0 
2408 5 0.6 11 0.8 13 0 26 0.8 31 0.8 45 0.4 53 0.4 61 0 82 0 90 0.4 
2471 13 0.3 22 0.3 24 0.3 62 0.4 77 0.7 88 1 94 0.6 
2490 9 0.8 95 0.7 96 0.3 
2572 1 0 2 0 26 0 52 0 
2580 3 0.3 48 0.6 59 0.8 61 0.6 67 0 75 0 78 0 92 0.5 
2599 0 0.3 26 0.3 46 0.9 53 0.5 73 0 79 0 80 0.7 90 1 
2782 0 0.5 3 0.3 25 0.9 30 0.7 34 0.3 42 0.4 50 0.7 70 0.8 93 0.3 96 0.3 
2857 84 0.6 96 1 
2863 47 0.7 70 0.5 88 0.4 
2988 84 0 
3299 9 0.8 25 0.4 46 0.8 56 0.4 91 0.4 92 0.5 95 1 
3579 0 0.3 10 0.5 13 0.8 18 0 22 0.4 34 1 40 0.9 55 0.8 89 0 
3614 32 0.3 42 0.5 
3673 17 0.6 20 0 28 0.8 43 0.9 49 0 53 0 64 0.4 74 0.6 83 0.5 85 0.5 
3791 23 0 24 0.3 75 0.6 
3951 2 0.8 21 0.8 30 1 40 0.8 61 1 67 0.8 75 1 84 0.9 94 0 98 0.4 
4094 5 0.7 8 0 12 0.3 19 0.5 25 0 36 1 62 0.4 92 0 
4108 15 0.6 21 0.9 
4216 2 0.8 49 0.3 50 0.5 59 0.7 61 0 78 0.8 80 0 86 0.5 93 0.4 
4217 23 0 46 0 74 0.3 
4250 2 1 8 0.6 15 0.4 25 1 53 0.4 60 0 
4455 34 0.6 40 0.4 56 0.4 68 0 94 1 
4648 7 0.3 13 0.9 16 0.6 23 0 45 0.9 53 0.3 73 0 
4701 2 0.7 48 0.8 
4849 0 0 2 0.4 32 1 36 1 48 0.5 70 0.8 72 0.6 78 0 
4863 50 0 56 0.7 
5001 0 0 20 0.5 31 0.9 32 0.6 39 0 43 0.3 51 0.8 69 0.4 97 0 
5022 56 0.7 58 0.6 96 0 
5126 12 0.8 38 0.6 40 0.8 44 0.7 65 0.5 78 0.5 90 0.6 93 0.8 97 0.9 
5137 28 0 35 0.3 48 0.9 58 0 88 0.8 
5355 84 0.7 
5399 70 0.8 
5414 13 0 
5604 10 1 20 0 33 0.8 43 0 64 0 71 0.6 91 0 94 0.6 
5605 6 0.8 8 1 44 0.6 87 0.7 88 0 89 0 
5671 12 0.5 40 0.6 50 0 57 0.8 93 0.6 
5705 32 0.9 37 0.5 44 0.7 63 0.6 66 0.9 68 1 92 0.4 95 0 
6340 45 0.4 63 0 71 0 
6422 12 0 
6585 5 0.9 
6733 86 0.3 
6749 0 0.8 8 0.3 16 0.7 25 0 28 0 45 0 52 0.6 56 1 
6955 25 0.8 40 0.5 58 0.6 71 0.8 81 0.8 
7184 30 1 53 0.7 
7251 17 0.5 27 0 35 0 53 0.3 78 0.4 89 0 
7744 8 0.4 22 0.7 29 0.6 41 0.4 48 0.7 71 0 78 0.4 86 0.4 90 0.3 98 0 
7761 21 0.4 
7804 1 0.5 11 0.5 28 0.4 38 0 54 0.7 75 1 82 1 92 0.5 
7884 57 0 
8068 13 0.6 18 0.4 21 0.4 39 0.5 45 1 57 0 58 0.3 65 0 78 0 
8242 12 0 16 0.4 17 0.3 28 0.5 49 0.8 58 0.6 85 0.8 98 0.8 
8420 4 0 69 0.6 
8436 13 0.6 
8642 4 0 16 0.7 18 0 23 0.6 27 0.5 50 0 62 0.5 63 0 90 0.6 97 0 
8877 4 0.7 44 1 46 0.9 50 0.9 52 0.7 
9049 11 0.8 40 0 50 0.8 63 0 67 0.9 70 0.8 93 0.7 
9137 22 0.9 
9226 21 0 22 0 67 0.9 93 0.3 94 0 96 0.9 
9361 37 1 49 0.6 88 0 
9380 50 0 59 0.5 75 0.9 92 0.3 
9430 11 0.7 43 0 46 0.7 49 0 59 0.6 65 0.4 74 0.9 81 1 
9818 18 0.9 94 1 
9978 3 0 8 0 10 0.6 18 1 34 0.6 46 0 75 0 82 0.8 
