100
1 69 0 
39 13 0.7 65 0.5 86 0.9 
75 5 0 10 0.4 11 0.3 17 0.9 26 0.3 42 0.4 72 0.4 
104 6 0.5 10 0.3 47 0.4 51 0 92 1 
490 3 0 22 1 40 0 66 0.5 86 0.8 
615 18 1 34 0.6 51 0.5 63 0.7 79 1 85 0 
650 14 0 20 0.9 21 0 58 0.3 60 0 70 0 
962 17 0.8 20 0.3 50 0.5 53 1 93 0 
971 43 0.6 94 0.3 97 0.9 
1060 0 0.7 16 1 17 0.5 21 0.9 24 0.5 49 0.5 54 0.6 98 0 
1085 42 0.6 48 0.7 54 0.6 57 0.6 65 0 67 1 73 0.6 93 0 
1095 14 0.4 16 0 26 0.6 83 0.9 
1186 30 0.4 41 0.5 96 0 
1206 6 1 47 0 51 1 60 0 79 0 83 0.6 
1342 4 0 33 1 64 0.7 99 0.3 
1346 8 0.8 15 0 46 0 50 0.3 58 0 99 0.5 
1444 11 0.3 42 0.9 60 0.7 
1548 16 1 34 1 64 1 89 0.7 90 0.4 
1617 30 0 31 0.7 59 0.7 61 0.8 67 0 68 0.3 85 1 
1868 8 0.8 14 0 16 0.6 35 0.7 48 0.7 64 0.3 94 1 
2010 3 0.6 14 0.9 29 0.8 38 0 49 0.6 68 0 73 1 74 0 86 0 
2152 3 0.3 72 0 
2187 15 0.8 
2202 47 0 
2210 3 0.8 43 0.9 88 1 
2347 18 0.7 43 0.6 45 0.5 48 0.8 57 0 63 0.9 90 0 93 0.9 98 1 
2383 6 0.7 23 0 33 0.4 38 0.5 43 0 77 1 81 0.4 89 0.7 90 0.4 
2400 9 0 44 0 61 0.9 87 1 88 0.6 
2415 4 0.8 6 0 14 0.6 19 0 20 0 79 0.4 80 0.4 98 0 
2574 14 0 17 0.6 37 1 58 0.9 62 0.4 78 0.3 88 0 
2585 14 0.9 24 0.5 33 0.4 53 0.5 74 0.5 93 1 
2723 17 0.5 25 0.9 31 0.6 51 0.6 53 0.7 54 0.8 64 0 83 0 88 1 93 0 
2803 2 0 4 0.9 17 0.8 28 0.9 64 0.7 71 0 90 0 93 0 
2873 27 0.8 29 0.4 65 0 
3197 29 0 
3348 65 0 71 0 78 0 99 0 
3386 15 0.3 51 1 73 0.3 
3461 13 0.7 25 0.7 
3580 21 0.6 23 0.6 24 0.5 27 0.3 37 0 48 0 70 1 77 0 88 0.3 
3596 0 0 11 0 20 0.9 22 0 25 0.8 39 0.7 49 0 62 0.6 84 0.3 93 0.3 
3622 34 0.8 
3628 11 0.4 34 0.8 40 1 43 0.7 53 0 63 0 77 0.8 81 0.8 82 0.9 97 0 
3799 6 0.8 11 0.7 13 0.4 14 0 28 0 99 0.6 
3831 21 1 97 0.9 
3852 17 0 26 0.5 29 0.8 69 0 81 0.3 92 0 95 0.7 
3941 1 0 
4169 42 0.6 
4285 0 0 5 0.6 15 0.4 17 1 43 0.3 72 0.6 78 0.6 
4389 41 0.9 49 1 52 0.6 60 0.6 65 0.3 80 0 
4571 24 0 28 0.4 37 0.3 43 0 44 1 55 0 65 0.8 81 0.7 91 0.4 
4795 4 0 7 0.5 12 0.4 51 0.5 53 0.9 55 0 60 0.6 67 0 81 0.5 94 0.9 
4911 49 0.9 75 0 84 0 
5096 2 0.3 6 0.4 8 0.7 11 1 19 0 23 0.8 38 0.9 44 0.7 
5236 1 0 9 0.7 26 0 33 0.4 45 0.6 47 0 81 0 84 0.5 95 0 99 0.4 
5244 29 0.7 86 0.3 
5319 95 0 
5339 33 0.8 84 0.7 
5422 14 0.3 61 0.4 
5454 9 0.7 28 0 36 0.4 65 0 79 0.4 81 0.7 86 0 92 0.6 
5639 20 0.9 29 0.8 30 0.9 66 1 72 0 
5769 84 0.5 
6374 0 0 1 1 7 0.8 11 0 23 0.6 55 0 58 0.6 72 0.5 78 0.8 
6402 11 0.3 33 0 39 0.7 46 0.5 61 0.7 65 0 66 0 74 0.8 94 0.8 
6409 39 0.9 57 0 58 0 69 0.5 70 0.3 89 0.9 
6461 9 0.3 51 0.8 75 0.7 83 0 90 0 94 0 
6503 7 0.4 25 0.4 47 0 48 0 61 0 78 0.8 86 0.8 89 0.3 96 0.8 98 0.3 
6712 1 0.8 8 0 9 0.7 11 0 17 1 46 0.6 58 0 77 1 79 0.7 81 0.3 
6779 35 0 41 1 70 0 97 0.8 
6905 5 0.3 16 0.9 
7044 3 0 4 0 12 0.5 14 1 15 0 22 0.8 26 1 39 0.6 75 0 78 0.9 
7162 24 0.8 
7245 25 0 66 1 94 0.4 
7324 10 0.5 12 0 16 0.5 29 0 40 0.9 46 0.8 48 0 80 0.7 
7344 63 0 76 0.6 78 0.4 
7452 27 0.8 34 0 46 0.5 48 1 49 0.9 50 0 59 0.9 68 0.6 72 0 
7498 6 0 35 0 36 0 60 0.9 78 0 79 0.5 89 0 
7633 26 0 36 0.9 50 0.3 63 0.7 65 0.7 69 0.8 85 0.5 
7736 2 0.8 83 0.5 91 0.7 97 0 
7808 8 0.3 17 0.7 21 0.5 70 0.9 87 0.8 99 0.7 
7933 12 1 27 0 43 0 78 0 80 0.7 88 0 99 0 
8203 4 0.8 30 0.9 51 0.6 56 0.5 
8206 10 0 13 0 14 0.4 54 0.5 97 0.6 
8245 25 0.9 29 0.4 35 1 36 0.6 44 0 49 0 63 0 71 0.6 74 1 85 0.8 
8252 10 0.5 11 0.9 35 0.5 39 0.4 51 0.9 81 0 82 0.6 94 1 
8284 31 1 46 0 61 0.9 67 0.7 69 0.8 72 0 78 0.9 84 0 
8347 3 0 8 0.6 16 0 20 0 46 0.7 49 0.7 90 0.7 93 0 94 0.6 
8491 7 0 17 0.9 27 1 48 0.8 72 0.3 87 0.9 88 0.3 99 0 
8549 0 0.9 2 0 14 0.6 16 0.5 27 0.6 51 0 67 1 72 0 83 0 
8916 4 0.7 12 1 14 0.3 23 0.8 54 0.9 70 0.4 81 1 82 0 94 0.5 98 0.8 
8979 11 0.6 21 0 31 0 36 0 76 0.4 
9119 52 0 96 1 
9122 26 0.5 29 0 39 0.6 41 0.5 46 0.6 49 0.6 74 0.5 78 0 86 0.3 98 0 
9278 13 1 33 0.8 48 0.7 66 0 78 0.9 
9366 21 0.3 29 0.5 35 0.3 44 0 65 0.9 67 0.7 78 0.8 79 0.5 
9373 7 1 11 0.3 21 0.7 34 0.8 43 0.4 50 0.3 
9670 16 0 31 1 44 0.5 55 0.8 78 0.6 90 0.5 
9723 2 0.6 17 1 31 0 39 0.7 61 0 76 0.6 
9809 12 0.3 15 0.6 55 0 69 0.5 87 0.5 
9950 28 0.8 50 1 97 0.3 
9998 48 0.5 49 0.6 
