100
6 64 0 67 0.7 81 0.9 
7 3 0.8 9 0.4 51 0 60 0.7 69 0.4 
75 5 0 10 0 11 0.5 17 0 26 0.4 42 0 72 0.8 
359 6 0.9 9 0 44 0.7 59 0.6 80 0.4 
461 2 0.8 5 0.6 16 0 19 0 29 0.7 37 0.9 49 0 50 0.6 82 0 83 0.4 
465 20 1 37 0.6 39 0.9 49 0.9 50 0 74 0 
500 0 0.9 16 0 28 0.3 35 0.3 51 0 74 0.3 90 0.4 95 0.9 98 0.7 
618 1 0.9 10 0.4 47 0.4 
627 45 1 
667 27 0 85 0.8 
724 63 0.3 69 0.3 87 0.5 
766 3 0.8 22 0 45 1 60 1 69 0.7 70 0 78 0.3 84 0.9 94 0 
801 4 0 5 0.7 18 0 37 0 63 0 66 0.3 72 0.9 
894 2 0.5 6 0.3 14 0.4 59 0.9 66 0 73 0.4 97 0.5 99 0.6 
1013 25 0.3 37 1 56 0.4 60 0 93 0 96 0 
1032 8 0 11 0 35 0.9 38 0.4 41 1 49 0.5 59 1 73 0 85 0.7 86 0.4 
1208 4 0 6 0 14 0.9 16 0.9 26 0.6 41 0 52 0.7 53 0.9 56 0 68 0 
1256 9 0.6 11 0.6 20 1 22 0.5 25 0.6 51 0.4 66 0 
1373 5 0.4 45 0.4 63 0.7 70 0.3 71 1 79 0 95 0.9 98 0.5 
1407 7 0.7 12 0 29 0.4 52 0.7 61 0 75 0.7 86 0 
1503 49 0.8 66 0.7 98 0.7 
1515 10 0.9 17 0.6 26 1 28 0.3 38 0.9 58 0.8 62 0.8 67 0 72 0.8 88 0.4 
1520 78 0.7 81 0.8 84 0.8 85 0 91 0.5 
1548 16 0.7 34 1 64 0.6 89 0.6 90 0.3 
1665 30 0.8 45 1 50 0 87 0.4 89 0.8 
1667 2 0.6 9 0.6 58 0 70 0 83 1 98 0.7 
1714 15 0.3 20 0 23 0.7 41 0.6 44 0 45 0.3 53 0.7 
1764 4 0.8 
1873 14 1 24 0.3 27 0 34 0.4 59 0.9 
1968 2 0 20 1 26 0.8 56 0.7 57 0.9 72 0.3 78 0 83 0.4 
1985 5 0.9 16 0.9 43 0.6 49 0 67 0.8 98 0.8 
2026 1 0 11 0.4 20 0.7 33 0.4 56 0.8 71 0.8 89 0.4 95 0.5 
2035 47 0.5 58 1 79 0.3 
2053 9 0.5 14 0.7 15 0.3 42 0.4 48 0.9 83 0.9 
2063 27 0.7 36 1 44 0 45 0.9 55 0.3 73 0 83 0.5 99 0.9 
2158 11 0.9 
2295 2 0 15 0 56 0.6 89 0.7 
2413 8 0.7 27 0.4 76 0.6 
2427 90 1 
2457 9 0 44 1 87 0.8 
2464 7 0.4 
2554 0 0.8 41 0.7 57 0.4 85 0.7 
2660 16 0.4 17 0 26 0.7 34 0.6 
2774 16 0.5 34 0 84 0 
2807 10 0.8 22 1 51 0.4 70 0.9 74 1 88 0 89 0.3 92 0.3 94 0.7 
2850 0 0.9 79 0.4 
3348 65 0.8 71 0.8 78 0.8 99 0 
3506 1 0.4 8 0 72 0.9 
3658 26 0.9 42 1 56 0 61 0.9 82 0.6 89 0.3 98 0.8 
3745 63 0.8 82 0.6 
3759 20 0 86 0.4 
3765 39 0.8 40 0.9 51 0.4 89 0.9 
3848 16 1 43 0.3 48 0 62 0.3 71 0.3 85 0.3 94 0.6 
3850 11 0 16 0.3 44 0.3 56 0.4 88 0.6 
4002 8 0.5 9 0.4 78 0.9 
4377 6 0.7 28 0.6 33 0.4 70 0.8 72 0 99 0 
4494 1 0 7 1 9 0.5 12 0.3 17 0.4 26 0 29 0 36 0.9 46 0.9 67 0 
4625 8 0.4 17 0.6 66 0 72 0.4 74 1 
4812 28 0 52 0.9 62 0.3 
4942 33 0.5 37 0.6 85 1 92 0.9 
5083 5 0.7 14 0.4 17 0.6 35 0 41 0.5 52 0.7 64 0.3 68 0.3 76 0 90 0.3 
5477 33 1 71 0.8 80 0 82 0.4 
5505 48 1 52 0.3 61 0.3 70 0 73 1 94 0 
6120 3 0.5 5 1 46 0.7 53 0.8 56 0 68 0.8 74 0 91 0.7 93 0.7 
6194 18 0.5 19 0 32 0.9 36 0.4 37 0 42 0.4 47 0.7 66 0 74 0 94 0.4 
6247 3 0.7 14 0.6 87 0.3 
6270 44 0.9 61 0.3 64 0 80 1 
6431 16 0 44 0.5 46 0 49 0.6 61 1 67 0.6 96 0 
6733 86 1 
7038 16 0.8 21 0.6 23 0.7 58 0.5 63 0.8 68 0.3 71 0.7 74 0 91 0.8 
7190 34 0.6 42 0 
7374 17 0 20 0.6 29 1 40 0 43 0.5 57 0.7 60 0.5 68 0 80 0.9 
7602 24 0.7 41 0.7 43 0.8 46 0.7 58 0.9 64 0 72 0.9 73 0.8 96 0.3 
7611 74 0.3 75 0.4 88 0.8 
7740 29 0.9 97 0.8 99 0.9 
7747 74 0.8 
8075 5 0.6 95 0.3 
8116 53 0.9 59 0.8 72 1 85 0.5 
8227 24 0 38 0.5 45 0.3 56 1 73 0.6 83 0.9 84 0.5 97 0.8 
8234 17 0.9 59 0.8 69 0.4 74 0.9 94 0.4 
8276 16 0.7 22 0 45 1 70 0 79 0.5 80 0.3 95 0 
8299 23 0.3 24 0.6 35 1 51 0.4 54 0 55 0 57 0.5 77 0.4 84 0.9 96 0.5 
8355 27 0.8 42 0.6 81 0.8 83 0 
8669 24 0.8 
8672 37 1 69 0.5 88 0 
8795 64 0.3 
8907 50 0.9 81 0.5 
8951 27 0.3 39 0.8 41 0 49 0 50 0.8 65 0.9 88 1 93 0.6 
9050 16 0.7 25 0.8 33 0 64 0.8 67 0.7 98 0 
9075 17 0.8 
9151 7 0.8 9 1 16 0.8 21 0.8 22 1 36 0.6 45 0 62 0.8 66 0 
9191 37 0.9 42 0.8 59 0.8 74 0.5 80 0.6 
9223 11 0.7 41 0 44 0 63 0.5 75 1 93 0.8 99 0.3 
9256 85 0.3 
9333 1 0.3 5 0 
9352 0 0 34 0.5 87 0.3 
9406 24 0.3 28 0.8 53 0.5 67 0.6 80 0.9 81 0.3 85 0 95 1 96 0.9 
9484 48 0.9 89 0.7 
9600 33 0.4 37 0.8 46 0.7 50 0.9 55 0.6 60 0.3 62 0.5 
9998 48 0 49 0.7 
