100
59 18 0 20 0.7 47 0.5 53 0.3 56 0 64 0.4 81 0.3 86 0.6 96 0.3 99 0.3 
113 9 0 37 0 54 0.4 73 0 74 0.6 75 0 
246 4 0 13 0.8 24 0 29 0.5 31 0 55 0.3 59 0.3 66 0.4 
370 12 1 34 0.8 36 0.4 44 0 65 0.7 70 0 92 0.8 95 0.4 
436 37 0.5 55 0.3 72 0.9 
508 18 1 68 0 71 0.6 75 1 
569 20 0.7 
611 6 0 52 0 58 0.5 68 1 76 0.9 
641 10 0.6 20 0 21 0 37 0.5 46 0.7 64 0.3 72 0.7 75 0.3 76 1 97 0.4 
724 63 0.6 69 0 87 0.5 
739 0 0.5 40 0.9 42 0 48 0.8 53 0.4 66 0 70 0 73 0 99 0 
760 44 1 63 0.4 
881 24 0.7 27 0 91 0.4 95 0.6 96 0.7 
952 7 0.5 20 0 23 0.8 35 0.6 39 0 41 1 58 0.5 67 1 81 0.7 84 0.3 
1057 16 0 33 0 35 1 37 0 40 0.4 49 0 50 0 59 0 76 0.9 99 0.6 
1081 2 0.5 10 0 23 0.3 24 0.6 34 0.9 50 0.7 73 0.4 
1172 25 0.9 
1272 15 0 22 0 31 0.8 36 0.8 56 0.4 57 1 58 1 65 0.7 86 0.6 88 0.3 
1297 8 0 11 0.4 86 0.7 
1352 0 0.6 16 0 37 0.8 41 0 53 0.5 63 0.7 70 0.5 77 0 
1382 31 0.6 64 0.8 67 1 79 0.4 
1491 2 0 11 0.7 14 1 19 1 54 0.8 58 0.6 
1516 19 0.4 36 0.8 92 0.5 
1519 12 0 15 0.6 34 0.3 54 0.8 71 0.9 
1646 17 0 18 1 33 0.9 57 0.6 97 0 
1666 18 0 32 0.5 40 0 44 0 46 0.3 48 0.8 81 0.5 92 0.4 94 0 
1850 4 0.4 12 0 34 0.8 38 0.8 48 0.3 59 0 61 0.7 74 0 87 0.8 
1890 29 0.5 42 0 47 0.6 98 0.9 
1897 47 0.7 54 0.8 73 0.4 82 0 90 0.6 94 0 95 0.8 
1902 39 0.5 40 0.3 62 0.9 91 0.8 99 0 
1958 9 0.5 60 0 94 0.8 
1987 34 0.3 52 0.6 66 0.9 
2010 3 0.6 14 0 29 0 38 0.5 49 0 68 1 73 0.6 74 0 86 0 
2012 2 0.4 7 1 8 0 25 1 28 0 58 1 63 0 89 0.6 
2044 19 0.8 26 0 63 0 71 1 90 0 
2349 27 0.8 57 0.3 61 0.4 78 0.8 91 1 93 0.5 
2437 6 0 12 0.9 57 0 84 0.8 93 0.9 
2574 14 0.5 17 0.4 37 0.3 58 0.9 62 0 78 0 88 0.6 
2593 21 0.4 53 0.5 67 0.3 
2623 4 0.8 29 0.5 
2625 32 0.6 
2662 3 0.5 25 0 42 0.8 43 0 63 0.4 73 0.3 88 0 
2818 13 1 14 1 93 0.6 
2861 2 0 12 0.8 26 0.5 31 0.8 49 0.8 68 0.7 71 0 73 1 
2917 5 1 24 0 91 0.6 
3075 63 0.5 65 0.6 89 0.3 91 0.5 98 0.3 
3164 22 0.8 29 1 59 0.7 67 0.9 68 0.6 74 0.8 85 0.4 
3384 40 0 43 0 48 0.3 78 0.5 
3479 4 0 15 0 49 0.9 87 0.9 
3502 8 0.4 10 0.3 16 0.7 17 0.5 47 0.4 58 0.9 82 0.7 86 0.5 92 0.6 
3525 8 0.7 22 0 44 0.9 46 0 61 0.8 77 0 78 0 
3776 25 1 
3961 10 0.7 23 0.6 66 0.8 
3992 2 0.5 29 0.8 38 0 42 0.6 67 0 73 0.8 80 0.9 82 0.6 86 0 90 0 
4043 31 0.4 74 0.9 94 0.6 
4293 7 0.8 36 0.8 39 0 48 0.7 53 0.9 60 0.6 85 0.7 91 0 92 0 
4330 0 0 18 0.4 39 1 66 0.6 77 0.4 79 0 81 0.8 97 0.9 
4427 15 0.6 16 0 20 0 22 0 27 0 34 0.6 77 0.3 86 0.3 
4527 1 0 3 0.5 50 0.3 58 0.7 
4552 2 0.7 15 0.4 33 0.3 78 0.7 91 0.9 
4953 21 0.9 35 0.7 49 0.3 53 1 90 0.6 
5164 1 1 27 0.3 64 0.5 
5183 26 0.5 39 0.9 51 0.6 65 0.7 
5325 11 0.5 47 0 49 0.6 63 0 
5366 63 0 65 0.3 82 0.7 
5378 7 0.8 12 0.5 17 0.4 22 0.6 71 0.7 72 0.9 95 0 
5684 4 0.5 5 0 25 0 29 0.4 39 0 53 0.7 61 0.9 64 0.5 92 0 97 0 
5986 36 0.5 
5996 4 0 16 0.8 22 0 56 1 58 0 80 0 81 0 97 0.5 
6012 17 0.5 26 0.6 89 0.7 90 0.6 
6535 49 0.6 67 0 
6596 3 0 4 0.7 34 0.3 43 0.9 66 0 70 0.9 71 0.4 
6749 0 0.7 8 0.4 16 0 25 0.5 28 0.9 45 1 52 0 56 0.8 
6870 4 0 10 1 20 0.7 30 0 37 0.7 40 0 59 0.6 78 0.3 
6951 10 0.4 16 0.6 37 0.9 46 0.3 64 0 69 0.3 
7009 77 0 
7059 10 0 32 1 34 0.7 39 0.6 41 0.5 68 0.6 98 0.6 
7099 4 0.5 73 1 89 0.5 
7160 19 0 
7252 7 0.6 35 0.9 44 1 46 0.5 53 1 78 0.3 87 1 94 0.7 
7292 9 0.9 17 0 20 0.7 43 0.9 55 0.3 58 0.8 73 0.7 75 0 80 0 93 0.9 
7396 2 1 9 0.6 13 0 25 0 77 0.6 80 1 87 0 89 0.4 
7538 38 0.8 53 0.4 54 0.4 67 0.5 68 0.8 70 0.7 83 0.8 85 0.4 90 0.3 
7595 94 0.6 95 0.8 
7783 7 0.6 22 0 56 0.3 59 0.7 
7821 11 0 13 0.6 27 0.8 34 0.8 35 0.4 45 0.5 50 0.7 54 0.6 86 0 
7932 8 0 18 0 48 1 58 0.3 67 0 77 0 83 0.7 93 0 
8015 6 0 17 0 37 0 45 0.6 60 0.7 67 0.3 77 0 93 0.8 
8348 0 1 8 0 15 0 22 0.9 33 0.9 63 0.5 77 0.3 83 0.3 97 0 
8645 64 0.4 
8654 0 0 2 0 18 0.7 34 0 39 0 75 0.9 86 0 97 0 
8719 22 0 45 0.4 46 0.7 47 0.4 58 0.9 70 0 
8816 14 0.4 36 1 45 0.5 
8972 27 0.4 58 0.9 63 0.6 
9154 17 0.9 28 0.5 39 0.6 47 0.4 69 0.4 71 0.3 80 0 91 0.4 
9446 3 1 4 0.4 18 0 25 0.3 29 0.6 77 0.9 79 0.9 85 0.3 90 0.5 91 0.8 
9606 14 0.3 59 1 61 0.5 63 0.4 
9640 1 0.8 59 1 65 0.9 97 0.8 
9690 31 0.3 
9853 16 0.8 18 0.7 56 0 
