100
3 6 1 19 0 63 0.9 67 0 81 1 96 0.3 
5 18 0.6 43 0 57 0.9 83 0.3 95 0 96 0.3 98 0 
13 50 0.9 
94 5 0.6 14 0.6 22 0.9 59 0 85 0.5 90 0.8 
134 11 0 18 0.5 57 0.9 66 0.5 70 0.6 96 0 
235 3 0 14 0.7 22 0 26 0.7 51 0.8 53 0.5 62 0 63 0.8 73 0.7 78 0.8 
320 24 0 30 0.5 40 0 94 0 
467 16 0.4 21 1 23 0.9 25 0 32 1 34 0.9 41 0.7 59 0 63 0.8 72 0.9 
550 36 0 64 0 86 0 
588 84 0.3 
702 25 0 32 0.7 83 0.7 99 0 
899 42 0.5 95 0.3 
952 7 0.8 20 0 23 0 35 0 39 0.9 41 0.4 58 0.6 67 0 81 0.6 84 0.8 
1008 4 0.5 79 0.3 84 0 
1072 19 0.3 26 0 42 1 51 0.3 68 0.9 71 0.7 72 0.5 79 0.9 
1134 13 0.8 62 0 63 0.5 
1480 2 0.6 31 0 56 0.3 71 0.7 73 0 79 0.9 
1590 19 0 23 0.9 33 0.9 40 0 44 0 49 0.3 51 0.3 83 1 86 0.7 
1631 19 0 75 0.8 76 0.9 
1687 36 0 
1688 4 0.4 22 0 25 0 45 0.6 46 1 76 0.7 99 0.5 
1697 17 0 43 0.3 58 1 
1792 10 0.7 
1852 3 0 6 0.7 7 0.6 42 0 86 0 
2239 18 0.8 83 0 84 0.7 88 0 89 0.3 
2304 0 0 14 0 22 0.7 30 0 48 0.7 55 0.9 92 0.9 97 0.9 
2331 12 0 17 0.9 23 0.5 52 0 54 0.6 59 0.6 85 0.3 86 0 95 0 
2361 15 0.8 32 0.9 33 1 52 0 56 0 62 0.4 69 0 71 0 95 0 
2371 1 0.5 41 0 56 0.6 92 0.3 94 0.7 
2375 8 0 34 0.7 48 0 55 0.3 60 0.6 96 0.9 98 0.9 
2415 4 0 6 0.3 14 0.4 19 0.4 20 0.6 79 0.7 80 0.7 98 0.4 
2469 0 0.9 3 0.3 60 0.8 
2490 9 0.6 95 0 96 0.7 
2658 35 0 40 0.8 46 0 52 0 92 0.4 94 0.3 
2659 27 0 37 0 43 0.9 47 0 77 0.9 84 0.8 85 0.6 88 0.6 
3067 27 0.9 36 0 66 0.9 69 0.4 79 0.9 91 0.7 
3098 13 0.6 56 0 62 0.9 89 0.6 90 0 91 0.8 
3249 16 0.5 23 0 48 0 70 0.8 90 0.4 96 1 
3267 50 0 
3404 4 0.5 8 0.4 20 0.5 46 0.3 54 0.3 63 0.7 81 0.8 83 0 84 0.9 
3457 4 0.9 5 0.6 14 0.8 45 0 61 0.7 66 0.3 67 0 71 0.6 72 0.5 
3486 2 0.4 16 0.8 49 0.3 53 0.6 67 0 70 0.8 90 0.7 96 0.7 99 0.6 
3717 42 0.7 43 0 58 0.4 66 0 68 0.8 71 1 77 0.3 
3984 50 0.4 
3998 47 0.3 51 0.7 52 0 64 0 65 0.3 69 0.9 71 0.5 75 0 86 0.7 87 0.9 
4008 20 0.7 28 0.6 39 0.8 49 0.5 97 0.5 
4058 8 0.5 12 0.6 45 0.5 50 0.9 52 0.3 59 0.5 70 1 79 0.4 86 0 
4092 6 0.4 37 0.6 83 0 
4213 4 0.6 27 0.8 36 0.6 53 1 58 0.8 93 0.8 
4243 13 0 
4653 52 0.8 57 0 70 0 
4806 2 0.9 65 0 70 0.5 
5194 4 0.3 8 0.4 65 1 82 0.5 86 1 
5323 3 0 31 0.7 40 0.8 43 0.5 51 0.7 65 0.9 73 0.6 76 0.6 99 0.5 
5477 33 0.4 71 0 80 0.3 82 0 
5567 0 0 8 0 13 0.5 58 0.9 69 0 74 0 85 0.7 88 0.4 92 0.7 99 0.6 
5590 10 0.8 12 0.4 14 0.4 27 0.9 36 0.9 39 1 70 0.7 79 0.7 86 0 98 0 
5594 6 0.9 10 0.4 38 0.3 44 0.7 46 0.8 
5647 35 0 
5687 4 0.8 21 0.9 28 0.4 33 0.5 45 0.6 65 0.4 89 0.9 90 0.8 
5744 9 0.8 30 0.8 35 1 44 0.5 48 0.6 54 0 60 0 68 0.3 81 0.4 86 0 
5806 9 0.6 15 0.5 
5838 14 0.6 22 0 25 0.6 30 1 47 0.7 49 1 66 0.7 69 0.5 73 0.3 75 0.4 
5919 83 0.6 
6040 21 0.6 31 0.3 36 0.4 47 1 54 0.6 57 1 67 0.9 68 0.6 83 0 
6144 30 0.7 36 0.4 41 0 90 0.7 99 0 
6227 15 0 22 1 34 0.4 45 0 50 0.4 55 0.3 56 0 73 0.4 94 0 
6398 6 0.8 8 0.4 13 1 15 0.4 19 0.8 30 0.4 67 0.6 82 0.6 88 0.6 94 0.3 
6405 34 0.5 50 0.5 55 0 56 0 69 1 71 0 73 0 83 0.9 
6519 15 0.3 16 0.7 28 0 73 0.9 82 0.4 98 0 
6547 5 0.6 20 0.8 49 0.9 51 0.3 61 0.8 96 0 99 0.9 
6599 0 0.8 21 0 46 0.8 73 0.6 
6835 2 0.5 7 0.9 27 0 39 0.7 41 0.5 47 0.6 80 1 84 0 85 0 88 0.9 
6850 10 0.3 34 0.4 87 0.8 95 0.4 
7023 22 0.3 34 0 
7178 9 0.3 40 0 57 0 88 0 
7198 14 0.8 26 0.6 30 0.7 53 0.3 75 0 80 0.6 89 0.4 99 0 
7211 23 0 51 0.7 
7260 9 0 34 0 39 0.5 51 0.4 62 0.7 73 0.4 84 0.6 85 0.8 97 0 
7488 8 1 17 0.4 35 0.4 83 0.9 96 0.7 
7533 8 0.5 12 0.3 19 0.5 27 0.7 35 0.9 45 0.4 47 0.6 
7586 9 0 11 0.8 16 0.4 19 0.3 32 0.3 79 0.4 98 0.9 
7820 14 0.3 28 0.4 30 0.8 43 0 51 0.9 58 0.9 68 0.5 71 0 
7876 18 0.9 19 0.6 21 0 39 1 69 0 71 0 76 0 85 1 94 0.7 
7939 1 0 3 0.9 9 0.8 29 0.7 45 0 53 0.6 62 0.6 82 0.5 96 0.4 
8177 16 0 42 0.6 46 0 51 0.5 59 0 62 1 
8430 5 1 10 0 25 0 68 0.3 82 1 92 0.8 97 1 98 0.6 
8639 1 0.8 2 0.4 8 1 16 0 44 0 59 0.8 68 1 90 0.4 91 0 92 0.3 
8723 65 0.7 
8737 24 0.5 25 0 27 0 67 0.9 80 0.7 99 0.6 
8774 9 0 18 0.5 74 0.5 89 0.7 
8909 4 0 23 1 36 0 50 0 56 0 62 0 66 0 69 0.9 75 0.6 
9073 2 0.9 15 0.3 43 0 45 0.4 62 0.9 66 0.4 68 0.7 76 0.5 93 0 99 0.8 
9206 3 0.3 30 1 
9209 64 0.3 83 0 
9432 67 0.3 68 0.6 
9464 8 0.8 58 0 
9727 1 0 42 0 55 0.5 65 0.6 74 0.3 80 0.7 82 0 99 0.9 
9787 10 0 30 0 37 0.3 39 0 47 0 69 0.6 77 0.5 79 0.6 91 0.4 
9813 4 1 23 1 42 0.4 55 0.8 63 0.9 72 0.4 81 1 85 0.9 
