100
51 48 0.6 51 0.4 56 0.6 57 0.7 63 0 85 0 92 0 
95 33 0.9 45 0.8 52 0 66 0 83 0 90 1 
242 39 0.9 56 0.7 74 0.7 80 0 99 0.9 
303 10 0.7 11 0 24 0.8 43 0 54 0 66 0.3 89 0.4 95 0 99 0 
340 7 0.4 9 0.9 53 0.8 
353 39 0.9 66 0 68 0 
605 2 0.3 16 0.5 27 1 61 0.7 95 0 97 0 
761 39 0.8 72 0 84 0 85 0.3 86 0.7 90 0.4 98 0.8 
1160 51 0.6 62 0.6 69 0.6 96 0.4 
1248 6 1 45 1 56 0.5 62 0.9 69 0 73 0 80 0.3 83 0.7 87 0.4 88 0.3 
1388 6 0.8 9 0 15 1 33 0.9 81 0 82 0 83 0.6 90 0.5 
1443 19 0.8 31 0 37 0 47 1 68 0 
1555 72 1 
1616 23 0.5 45 0 48 0.5 
1654 9 1 21 0.7 36 0 39 0.3 42 1 49 0.5 74 0.4 85 0 94 0.4 99 0.6 
1674 26 0.3 60 0 
1756 11 1 42 0.6 52 0.8 60 0 80 0.4 89 0.4 93 0 98 0 
1774 50 0.4 
1872 23 0.3 53 0.3 
2074 3 0.5 8 0.7 21 0 28 0.4 29 0.5 36 0 59 0 74 0 83 0.7 
2080 20 1 78 0.3 
2225 19 0 28 1 41 0.8 45 0.3 61 0.5 80 0.4 96 0.5 
2405 47 0 
2439 57 1 97 1 
2502 54 0.6 56 0 57 0 62 0.4 78 0 
2764 4 0 14 0.5 26 1 63 0.5 70 0.7 90 0 
2771 90 0 
2849 8 0 10 0 35 0 38 0 41 0.5 50 0.8 74 0.5 
2863 47 0.7 70 0 88 0.4 
2866 2 0.7 19 0.8 42 0.8 53 0 61 1 64 0.9 71 0.8 80 0.5 
2935 16 0.8 37 0.9 47 0 66 0.9 71 0.9 92 0.6 97 0.8 
2972 27 0.5 92 0.3 
3002 36 0.3 
3219 1 1 14 0.7 15 0.5 36 0.8 37 0.6 48 1 56 0.8 77 0.5 79 0.4 
3236 4 0.8 41 0 
3317 9 0.8 11 0.6 21 1 50 0.3 60 0.5 90 0.4 
3510 25 0.6 29 0.7 41 0 98 0 
3516 12 0 13 0.5 21 0.6 42 0.4 59 0 60 0.6 68 0.6 69 0 79 0.8 98 0.6 
3706 7 0.3 89 1 
4045 37 0 62 1 66 0.7 71 0.4 80 0.7 82 0 95 0.7 
4065 61 0.4 71 0.4 
4547 10 0.4 14 0.8 21 0.4 54 0.4 60 0 85 0.4 94 0.9 
4607 21 0.7 61 0.4 83 0.9 84 0.3 91 0.9 
4614 9 0.7 13 0.4 25 0.4 33 0.5 36 0 43 0.5 46 0.9 53 0.6 57 1 58 0 
4676 2 0.5 5 0.9 17 0.8 26 0.8 34 0 44 0.6 50 0.4 89 0 97 0 
4683 8 0 13 0.4 17 0.7 24 0.9 56 0 58 0.3 85 0 
4741 31 0.8 44 0.5 56 0.6 
4866 7 0.7 19 0.3 43 0.7 60 0.7 71 1 93 1 
4876 22 0.3 26 0.5 29 0 42 0 64 0.9 73 0.7 93 0 95 0 
5041 13 0.3 25 0 45 0.3 61 0.3 78 0.8 84 0.9 87 0.6 99 0.5 
5113 2 0.6 4 0.7 6 0.7 44 0.8 50 1 67 0.7 94 1 99 0.5 
5195 54 0.6 93 0.3 98 0 
5230 19 0.4 22 0 24 0.6 25 0.4 43 0 82 0.5 92 0.9 99 0.6 
5264 12 0.5 23 0.6 33 0 49 0.9 55 0.9 92 1 
5692 1 1 7 0 59 0.5 60 0.3 76 0.9 87 0.7 90 0 
5905 19 0.7 45 0.3 71 0.3 86 0 87 0.4 97 0.9 
6032 9 0 17 0.8 28 0.3 31 0 33 0.9 48 0.4 73 0.4 87 0.6 99 0.3 
6087 10 0 20 0 22 0.9 49 0.5 52 0.3 53 0 66 0.8 67 0 92 0.5 
6213 0 0.7 33 0 
6423 62 0.6 68 0.5 
6434 0 0.7 11 0 26 0 29 0 58 0.7 
6534 0 0.5 39 0.8 51 0 52 0.3 70 0.4 71 0.4 80 0 92 1 
6578 10 0.6 18 0 25 0 31 0.4 37 0.5 39 0.9 41 0 80 0 
6679 9 0.5 20 0 58 0.8 70 0 
6768 2 0 28 0.5 66 0 69 0 78 0.3 83 0 86 1 
6774 8 0 9 0.7 18 0 40 0.6 49 0 54 1 61 0.7 83 0.9 91 0.4 
6912 77 0.7 
6991 16 0.7 22 0.9 34 1 39 1 44 0.6 57 0 68 0.9 83 0 93 0.6 95 0.5 
7035 30 0.6 41 1 42 1 50 0 61 0 67 0 70 0.4 76 0.7 79 0.6 96 0.9 
7036 14 0.3 97 0.9 
7237 1 0.8 7 1 18 0.8 
7258 2 0.6 9 0 33 0.6 42 0 65 0.9 77 0.8 84 0 
7317 22 0.4 58 0.3 92 0 
7442 11 0.5 17 0.5 50 0.7 52 0 53 0.9 55 0.4 76 0.7 
7505 2 0.7 3 0 11 0 28 0.5 54 0.9 61 0.4 83 0.6 88 0.6 
7570 4 0.5 23 0.5 26 0.7 27 0.3 39 0.3 
7575 15 0.6 37 0 42 0 56 0.9 58 0.7 90 0.5 
7692 30 0 
7706 12 0.8 16 0.6 27 0.9 69 0.9 71 0.5 
7756 18 0 29 0.5 34 0.9 76 0.4 99 0 
7762 16 1 21 0 57 0.5 76 0.8 94 0.9 
7887 5 0.5 9 1 33 0.7 50 0 74 0 
8052 35 0.5 
8069 0 0 21 0 48 0 50 0 68 1 89 1 
8318 4 0 23 0 99 0 
8402 4 0.8 
8403 3 0.6 10 0.8 25 0 38 0 48 0.3 61 0.3 72 0 73 0.7 92 0.4 96 0.4 
8418 16 0.6 19 0 24 0.8 26 0.3 69 0.3 
8442 7 0.4 13 0.7 19 0.5 53 1 69 1 
8544 22 0.6 43 0 47 1 58 0.5 64 0 88 0.7 
8576 51 0 
8577 4 0.3 12 0 28 0.6 42 0.5 47 0.7 67 0.6 75 0.8 84 0.5 90 0.7 93 0 
8726 29 0.9 51 0.5 87 0.6 
8779 10 0 14 0.7 24 1 25 0.3 35 0.9 37 0.3 55 0.5 84 0 87 0.7 
9262 2 0 4 0.8 29 0 30 0.3 39 1 64 0.6 66 0.9 76 0.8 
9443 5 0.7 21 0 49 0 50 0.7 63 0.3 75 0.7 80 1 84 0.8 90 0.4 96 0.3 
9568 26 0 28 0.4 
9622 3 1 5 0.5 20 0.5 27 0.8 30 0.7 32 0 50 0.5 56 0.6 81 0 85 0 
9751 13 0 23 0 29 0.8 41 0 44 0.3 49 0 93 0.8 96 0 
9967 26 0.7 31 0.9 48 0.8 50 0 56 0.4 71 0.5 
