100
50 16 0.8 79 0.3 
223 30 0.7 
241 8 0.5 13 0.3 37 0 71 0.4 90 0 
359 6 0.8 9 0.7 44 0.6 59 0.4 80 0.4 
528 4 0 41 0.4 
754 7 0.6 10 1 29 1 54 0 63 0.9 93 0.8 97 0.5 
917 9 0.4 15 0.3 37 0.9 42 0.4 84 0.7 97 0.8 
959 13 0.8 49 1 86 0.3 
1002 29 0.4 48 0 54 0.3 63 0.6 93 0.8 
1008 4 0.6 79 0.9 84 1 
1212 8 0 38 0 41 0.8 52 0 
1218 2 1 13 0.3 37 0.9 55 0.8 64 0.3 69 0.7 78 0 
1249 50 0.8 52 0.6 
1270 32 0.5 37 0.8 55 1 86 0.4 96 0.9 
1377 0 0.8 69 0.9 72 0.9 
1400 17 0 47 0 71 0.7 
1426 0 0.8 9 0 23 0 28 0 38 0 46 0 47 1 51 0.8 55 0.8 61 0.8 
1573 7 1 9 0 13 0.6 17 0.6 28 0 39 0.4 42 0 58 1 76 0 
1639 0 0.3 5 0.9 15 0 16 0 26 1 57 0.4 58 0.7 90 0.4 
1808 18 0.5 27 0.6 50 1 64 0 77 0.7 82 0.4 
1890 29 0.5 42 0.7 47 0.6 98 0.8 
1900 6 0.9 15 0.3 29 0.8 37 1 47 0.7 62 0.5 72 0.7 76 0 79 0.6 89 1 
1922 20 0.4 40 0.6 49 0.6 55 0 56 0 82 1 
2009 7 0 24 0 46 0 60 0.6 61 0.9 74 1 83 0.7 86 0.9 96 1 99 0.9 
2058 3 0.8 9 0.8 14 0.4 15 0 18 0.3 24 0.5 26 0.4 34 1 48 0 58 0 
2235 7 0.3 31 0.3 76 0.3 
2238 5 0.7 15 0 28 0 38 0.7 42 0.8 43 0.8 62 1 68 0 79 0.9 94 0.7 
2313 14 0.8 44 0.9 50 0.6 56 0.5 57 0.3 61 0.5 63 0.7 84 0.7 92 0 97 0.6 
2402 0 0.8 14 0.4 20 0.3 30 0.7 39 0 75 0 92 0.5 99 0 
2415 4 0.8 6 1 14 0.4 19 0.3 20 0.3 79 0.9 80 1 98 0.4 
2460 22 1 28 1 38 0.9 41 0.7 45 0 48 0.6 81 1 97 0 98 0 99 0.7 
2463 14 1 16 0 34 0.5 41 0.7 47 0.6 53 0.8 67 0.5 68 0.7 
2687 0 0 27 0 34 0.5 66 0.8 
2690 11 0 24 0.8 35 0.3 39 0.6 51 0.6 62 0.3 78 0.6 82 0.6 
2812 20 0.6 46 0.5 
2840 28 0.7 40 0 47 0.7 56 0.7 
3000 13 0.4 42 0.3 45 0.4 73 0.5 97 0 
3001 6 0.5 19 0.8 30 0.9 32 1 43 1 51 0.8 53 1 57 0.3 61 0 95 0.6 
3023 33 0.3 46 0 81 0 82 0.3 88 0.7 91 0.7 97 0 
3213 10 1 14 0.7 25 0 63 0.7 76 0.4 
3484 25 0.6 30 0.4 37 0.3 63 0 
3490 37 1 71 0.5 
3698 20 0 26 0.8 61 0 86 0 87 0.7 94 1 
3899 78 0 
3981 20 0.8 23 1 86 0.4 95 0 
4060 70 0.8 84 0.8 
4108 15 0.5 21 0.8 
4133 4 0.3 20 0 40 1 51 0.3 60 0 78 0 94 1 
4378 20 0.5 37 0 68 0.3 94 0 
4381 87 0.8 
4441 7 0.3 10 0 16 0.8 30 0.6 41 0.5 42 0.8 49 0.3 78 0.9 86 0.3 90 0.9 
4487 7 0.6 19 0.6 28 1 35 0.3 36 0 40 0 47 0.8 50 0.4 56 0.6 71 0.5 
4497 8 0.8 9 0.6 16 0.8 43 0 64 0.6 86 0.3 87 0.8 89 0 97 0 
4520 9 0.9 15 0.4 20 0.8 25 0 26 0.7 47 0 48 0.6 80 0.8 97 0.6 
4540 8 1 15 0.9 78 0.5 87 0.5 
4744 57 0.9 65 0.6 66 0.8 
4885 2 0 9 0.7 15 0.8 39 0.9 44 0.4 50 0.7 58 0 70 0.4 93 1 94 0.5 
4989 1 0.7 5 0 20 0 23 1 37 0.8 77 1 82 1 84 0.8 86 0.7 92 0.8 
5160 5 0.8 13 0.6 42 0 44 0.8 52 0 57 0 61 0.3 67 0.6 77 1 83 0.5 
5222 6 1 16 0.6 
5250 29 1 32 0.4 64 0.3 
5472 12 0.7 45 0.3 91 0.6 98 0.8 
5682 36 0.5 43 0.6 60 0.8 62 1 68 0 81 0.7 99 0.5 
5909 29 0 30 0 38 0.8 40 0.7 46 0.8 57 0 73 0.5 97 0.9 
6110 32 0.5 60 0 
6219 17 1 18 1 43 0.6 93 0.5 
6243 5 0.3 7 0.9 14 0.4 26 0 62 0.3 64 0.7 70 1 71 0.3 82 0.3 91 0 
6283 15 0.3 
6321 21 0 26 0 33 0 43 0.7 46 0.6 74 0 
6351 39 0.8 44 0.7 46 0.3 54 0.8 75 0.7 78 0 80 0.7 83 0.5 96 0.4 
6429 3 0 
6517 24 0 29 0.8 42 0.4 46 0 88 0.8 
6665 1 0.9 51 0.6 54 0.8 60 0.5 
6812 56 0.4 
7276 89 0.3 
7472 25 0 26 0.8 32 0.5 50 0.9 51 0 55 0 57 0.8 62 0.4 81 0.9 87 0.8 
7544 4 0.3 
7550 31 1 
7650 7 0.3 21 0.4 24 0.6 37 0.4 43 0.3 44 0.8 83 0 96 0.5 99 1 
7680 12 0.6 36 0.9 54 0.8 67 0 72 0.9 76 0 77 0.9 82 0 91 0.3 99 0.5 
7714 8 0.6 15 0.9 22 0.5 88 1 92 0.6 94 0 97 0 
7748 23 0.9 44 0.9 45 0.4 
7823 4 0.3 23 0 28 0.3 31 0 35 0.8 
7831 38 0.3 62 1 71 0.5 98 1 
7921 29 0.8 40 0.8 42 0 56 0 57 0.8 69 1 70 0.6 
7942 2 0.6 61 0.9 85 0.3 93 0.3 
8161 2 0.3 9 0.7 16 0 19 0.9 70 0.9 76 0 77 0.7 85 0 
8208 10 0 11 1 12 0.3 55 0.5 59 0 60 0 65 0.7 80 1 95 0.9 
8689 0 0.6 9 0 43 0.3 44 0.6 52 0.7 62 0.3 73 1 78 0.3 93 0.4 97 0 
8775 0 0.9 6 0.8 11 0.9 16 0 18 0.9 47 0 62 0.8 91 1 92 0.7 
9141 21 1 34 0 37 0 
9169 15 0 71 0.5 72 0 73 0 84 0.5 
9175 47 0 52 1 65 0.6 74 0.9 84 0 90 1 97 0.9 
9295 3 0.5 
9378 5 0.4 37 1 
9400 18 0.8 71 0.3 84 1 
9403 8 0 14 0 25 0.9 35 0.9 67 0.3 68 0.7 76 0.7 
9585 6 0.9 32 0.3 95 0.8 
9850 0 0 10 0.5 33 0 35 0 69 0.9 84 0.5 
9976 2 0 9 0.9 30 0.5 31 0.4 36 0.7 37 0.6 57 0.5 58 0.8 60 0.8 76 0.9 
