100
105 29 1 36 0.9 55 0.9 56 0.6 78 0.9 81 1 82 0.9 87 0 92 1 95 0 
259 72 0.3 87 0 
463 15 0 27 0.9 38 0 53 1 61 0.7 65 0 67 0 93 0.8 
485 1 0.9 22 0.3 44 1 56 0.8 
513 1 0.3 20 0.3 27 0 65 0.9 72 0 77 0.7 94 1 99 1 
543 12 0.4 31 0 42 0.8 56 0.3 65 0.3 80 0.6 
550 36 0 64 1 86 0.9 
881 24 0 27 0.8 91 0 95 0 96 0.5 
1025 44 0 72 0.3 86 0.4 92 0.7 
1114 3 0 15 0.7 18 0.9 33 0.9 39 0 41 0 80 0.3 96 0.3 
1116 3 0 16 0 22 0 41 0.7 71 0.8 88 0 
1340 7 0.3 8 0 9 1 75 0.4 81 0.4 86 0 
1347 6 0 13 0.9 19 0.5 65 0.7 69 0 77 0 82 0.9 84 0 86 0.4 90 1 
1373 5 0.9 45 0.6 63 0.9 70 0 71 0.9 79 0.3 95 0.8 98 0.8 
1393 36 0.4 85 0.9 
1471 65 0.3 72 0 96 0.5 
1567 1 0.3 23 0 30 0.6 64 0.4 70 0.3 81 0.4 90 0 97 0.6 
1678 35 0 42 0 58 0 65 0.5 70 0.5 88 0 89 0.3 91 0 93 0 
1977 17 0.8 88 0 
1998 15 0 
2071 56 0.7 58 0.3 65 0.7 70 0.7 
2162 71 0 76 0 
2273 1 0 22 0 26 0.8 27 0.4 28 0.7 58 1 67 0.3 72 0.8 81 0.7 88 1 
2281 11 0.6 19 0.5 
2336 1 0.6 4 0 6 0.3 18 0.9 40 0 50 0 71 0.5 78 0.6 88 0.7 92 0.8 
2368 29 0 36 0 45 0 77 0.3 
2391 7 0 
2436 30 0.6 36 0 41 0 42 0 63 0 76 0.7 79 0.9 
2492 2 0 3 0.6 16 0.3 49 1 53 0.8 58 0.8 70 0 88 0.5 95 0.6 99 0.3 
2558 8 0.3 13 0.6 26 0.9 56 0.9 57 0.5 60 0.6 71 0 72 0 94 0 
2559 11 0.6 14 1 24 0.3 49 0.3 50 0.7 74 0.5 99 0.7 
2573 3 1 33 0.9 69 0.8 72 0 76 0.8 95 0 
2586 13 0.4 14 0.9 41 0 62 1 70 0.4 97 0 
2688 36 0.4 64 0.9 
2699 4 0.9 20 0.7 55 0 58 0 88 0.7 90 0.9 
2711 1 0.9 3 0.7 15 0 37 0 49 0.8 59 0.9 70 0.8 78 0.7 79 0 88 0 
2787 1 0.8 24 0 39 0 81 0.5 
2798 4 0.4 12 0 13 0.4 19 0.5 53 1 60 0.6 66 0.6 94 0 
2828 2 0.3 5 0 15 1 22 0 23 1 27 0.6 64 1 91 0.5 97 0.8 
2834 89 0.7 
2840 28 0.7 40 0.3 47 0.8 56 0.4 
2899 33 0 34 0.4 36 0 63 0.4 69 0.9 75 0.9 78 0.7 86 0.6 91 0.4 
3286 0 0 3 0.6 9 0.8 27 0 46 0 59 0 60 1 62 0.9 70 0.6 97 0 
3464 57 0.9 
3612 4 0.6 81 0.3 
3647 7 0.3 45 0 55 0.9 91 1 
3711 3 0 19 0 20 0.9 22 1 23 1 79 0 87 0.5 
3715 3 1 11 0.3 12 0.7 31 0 69 0 76 0 90 0 91 0.5 
3784 31 0.4 39 0.8 60 0.3 89 0.5 95 0.8 
3935 18 0 83 0.7 86 1 
4087 6 0 30 0.9 32 0.9 35 0 42 0.8 44 0.9 48 0.7 77 0.4 89 0 97 0.8 
4113 16 0.5 39 0 54 0.3 76 1 83 0 
4206 9 0.9 10 0 28 0.6 38 0 40 0.7 64 0.3 82 0.8 85 0 88 0 93 0.8 
4269 6 0 12 0.3 29 0.5 51 0 57 0 62 0 75 0.6 80 0.4 
4274 2 0 18 0.5 19 0.8 43 0.3 47 0.6 59 0.3 71 1 83 0.9 
4314 28 0.3 66 0.6 
4652 0 0 1 0.7 12 0.6 17 0.5 33 0.4 39 0.4 91 1 
4675 27 1 
4716 2 0.7 44 0 52 0.4 55 1 78 0 95 0.6 
4931 4 0.4 10 0.6 20 1 42 1 45 0.4 56 0.9 71 1 72 0.3 74 0.6 78 0 
5083 5 0.9 14 1 17 0.3 35 0.6 41 0.4 52 0.6 64 0.8 68 0.6 76 0.9 90 0 
5147 17 0.7 47 0 57 0 62 0.7 85 0 98 0.9 
5182 12 0 18 0 24 0.5 32 0.4 88 0.4 95 0 
5201 63 0.9 89 0.6 95 0.5 
5280 31 0.7 36 0 69 0.6 
5381 6 0.4 8 0 17 0 40 0.9 44 0 71 0 88 0 
5731 8 1 18 0.9 23 1 25 0 65 1 90 0.3 
5791 2 1 13 0 25 0.5 44 0.6 57 0.7 63 0.8 67 0.5 71 0.8 91 0 96 0 
5840 4 0.4 41 0.7 87 0.6 
5862 0 0.5 6 0.3 10 0.4 25 0 38 0.6 41 0.3 50 0.6 59 0 61 0.3 87 1 
6250 11 0 23 0.8 42 0.9 61 0 75 0.6 83 0.8 89 0.9 91 0.9 97 0 
6470 5 0.8 13 0.3 30 0.4 35 0.4 36 0.8 37 0.5 39 0.8 77 1 91 0.7 
6584 31 0.4 
6662 21 0.5 35 1 36 0.7 
6768 2 0.8 28 0.8 66 0.6 69 0.3 78 0.8 83 0.7 86 0 
6785 4 0.3 6 0.8 12 0.3 18 0.5 39 0.9 71 0.4 73 0.3 
6826 27 1 30 0.6 37 0.9 39 0 70 0.7 83 0.4 99 0.4 
7137 5 0.6 9 0.6 13 1 19 1 47 0.4 54 1 80 0 
7195 22 0.4 39 0 66 0 75 0 95 0 96 0.8 99 0.7 
7373 12 0.6 
7395 11 0.6 28 1 40 0.3 
7461 11 0.9 21 0 24 0 29 0.8 74 1 93 0.4 
7703 6 0.9 13 0.8 20 1 23 1 68 0.9 74 0.9 77 0.4 83 0.7 84 0.7 94 0 
8052 35 1 
8178 31 0.8 39 0.4 62 0.6 65 0 69 0 
8310 13 0.8 37 0.8 94 0.8 96 0.5 
8551 5 0.6 16 0 32 0.7 35 0.5 80 1 94 0 98 0.4 
8843 1 0 6 0 25 1 32 0.8 63 0.9 72 0 75 0.8 89 1 
8906 1 0.8 10 0 14 0.6 32 0 38 0.6 53 0.8 54 0.7 70 0 87 0.5 
8943 10 1 13 0.4 14 0.4 28 0.8 42 0 57 0 71 0.7 78 0 85 0.4 90 0.4 
8955 38 0.7 40 0 57 0 59 0 91 0.6 
9100 49 0 50 0.3 51 0.3 97 0.7 
9163 8 0.4 38 0.7 58 0.3 59 1 
9193 2 0 95 0 
9352 0 0.4 34 0.9 87 0.3 
9439 27 0.5 31 0.4 42 0.8 49 0.7 77 1 78 0.7 
9595 37 0 
9674 15 0.4 18 0 27 0 44 0.6 53 0 87 0.3 98 1 
9906 28 0 32 0.8 51 0.4 90 0.9 91 0 
9946 0 0.8 11 0 18 0 22 1 26 1 39 1 45 0.7 80 0.5 
