100
40 8 0.8 30 0.3 39 0.9 42 0.5 44 0 56 0 62 0 70 0.5 84 0.5 87 0.6 
48 3 0.5 29 0.7 42 0.9 71 0 76 0 78 0.8 85 0.8 91 0.7 
90 34 0 84 0.6 88 0.4 
117 1 0 19 0.6 47 0.8 70 0.3 77 0.7 83 0.4 88 0.3 96 0.9 97 0.9 
133 41 0.5 
148 39 0.6 
190 5 0 22 0.7 44 0.6 46 1 61 0.8 79 1 
230 6 0 19 1 49 1 53 0 76 0 78 0 80 0.4 92 0.5 93 0.5 94 0 
335 4 0.7 35 0.7 53 0.4 97 0.9 
359 6 0 9 1 44 1 59 0.9 80 0.4 
364 11 0.7 
698 2 1 5 0.6 29 1 38 0.5 90 0.4 
722 0 0.8 5 0.9 6 0.6 7 0.6 28 0.4 31 0 34 0 53 0 54 0.3 
751 24 0.3 25 0 27 0.6 54 0 83 0.6 86 0.8 93 0 97 0.4 
760 44 0 63 0.6 
780 15 0.7 70 0.9 
812 25 0 30 1 31 0.6 48 0.7 66 0 99 0.7 
903 3 0 20 0 67 1 86 0.8 91 0 93 0.5 
950 6 0.9 21 0.7 56 0.4 62 0.7 76 0.8 85 0.6 87 0 
952 7 0 20 0.6 23 0.7 35 0.8 39 0 41 0 58 0.7 67 0.4 81 0.6 84 0.6 
1025 44 0 72 0.7 86 0.9 92 0.5 
1140 16 0.7 23 0 26 0 32 1 44 0.9 66 0 73 0 75 0.7 85 0.8 
1306 23 0 33 0.5 48 1 55 0.5 57 0.5 74 0.6 81 0.5 94 1 
1369 10 0.9 41 0.7 45 0.4 49 0.9 78 0 79 0.8 87 0 88 0.3 
1419 12 0.6 
1493 9 1 11 0.4 16 0 28 0 40 1 81 0.4 86 0.5 
1495 65 1 75 0.6 
1724 12 0.6 37 0.3 41 0.7 68 0.9 71 0 
1726 9 0 21 0.6 27 0.7 45 0.7 54 0 57 0 69 0.9 90 0.8 95 0 99 0.4 
1766 34 0.4 81 0.9 98 0.9 
1844 10 0.3 40 0.7 48 0.4 91 0 
2016 7 0.5 36 0 37 0 65 1 84 0 86 0.5 94 0 96 0.8 97 0.6 
2036 8 0.9 34 0.6 68 0.6 83 0.9 
2176 17 0.4 31 0.4 45 0 69 0.4 72 0.7 88 0.4 92 0.4 
2194 24 0.4 67 0 77 0.3 97 0.4 
2271 8 0 19 0 25 0.6 28 0.4 34 0.6 62 0.4 71 0.3 72 0.6 73 0 99 0.6 
2292 29 0 53 0 78 0.4 90 0.6 92 0.7 93 0 95 0 
2397 13 0 31 0.8 32 0.4 41 0.3 45 0 61 0.8 62 0 69 0 71 0.3 84 0.8 
2419 14 0.9 24 0 38 0.9 59 0 64 0.4 
2561 1 0 13 0.6 40 0 43 0 48 0 49 0.4 58 1 87 0.6 89 0 98 1 
2569 0 0.5 5 0.7 11 0.8 40 0.3 62 0.7 68 0.4 69 0.4 95 0.8 
2614 5 1 21 0.5 64 0.3 75 0 76 0.5 82 0 
2632 2 0.6 40 0 47 0.3 67 0 87 0.5 
2728 22 0.9 24 0 32 0.9 36 0.4 50 0.7 67 0 73 0.3 76 1 81 0 
2839 41 0.9 91 0.9 
3081 3 0.9 8 0.4 9 0.7 37 1 40 0.5 59 0.9 64 0.5 73 0.8 93 0.6 
3128 6 0.5 33 0 38 0 49 0 50 0 58 0.9 82 0.3 93 0.9 
3182 16 0 62 0 76 0 93 0.8 
3329 78 0.7 
3356 18 0 22 0.3 32 0.8 37 0.8 47 0 67 0.9 73 1 84 0 85 0.3 89 0.9 
3614 32 1 42 0.5 
3981 20 0.5 23 0 86 0 95 0 
4019 55 0.8 68 0 71 0 95 0.7 
4047 4 0.5 9 0.6 15 0.7 25 0 33 0.5 68 0.4 70 0.8 79 0.5 86 0.3 87 0.3 
4108 15 0.7 21 0.8 
4263 11 0.3 21 0.3 56 0.6 62 0.6 
4293 7 0.6 36 0.3 39 0.7 48 0.8 53 0.8 60 0.9 85 0.4 91 0.4 92 0 
4331 7 0 8 0.3 32 0 43 0 52 0.5 59 0.8 71 0.5 72 0 81 0.3 
4468 9 0 92 0 99 1 
4680 27 0.3 29 1 50 0.3 63 0.6 
4748 9 0.5 10 0 17 0.8 21 0 29 1 53 0.5 67 0.8 69 0.8 77 0.3 84 0.9 
4832 0 0.3 16 0 40 0.7 48 0.4 89 1 
5202 4 0.9 50 0.3 56 0.6 61 0 78 0.5 90 0.9 
5343 18 0.7 22 0.4 25 0 34 0 57 0.8 
5604 10 1 20 0.8 33 0.8 43 0.8 64 0.7 71 0.3 91 0.8 94 1 
5942 17 1 55 0.7 
6043 26 1 31 0.8 43 1 51 0 64 0.9 67 0.6 77 0 78 0.8 91 0.9 
6145 0 0.8 10 0.9 11 1 18 0 24 0.6 26 0.9 29 0.6 39 0.9 76 0 
6339 2 0.7 31 0 55 0 65 0.3 70 0.4 77 0.8 81 0.3 86 0.7 95 0.6 
6435 0 0 8 1 24 0.6 47 0 48 0.5 63 0.9 73 0.7 75 0.4 89 0.6 98 0.8 
6492 8 0.5 
6592 8 0.7 13 0.7 25 0 32 0 46 0.8 63 0.8 
6836 13 0.7 16 0 24 0.3 39 0.3 59 0 63 0.5 64 0.7 66 1 73 0.3 89 0.3 
6883 3 0 65 0.9 
6990 13 0 17 0.7 24 0 32 0.9 41 0.9 42 0 49 0 62 1 65 0 91 0 
7147 11 0 20 0.7 24 0.6 25 0.4 30 0 41 0.7 68 1 74 0.4 89 0.8 
7362 4 0.9 33 0.5 66 0.3 70 0.5 78 0.8 83 0.4 87 0.3 88 0.5 
7517 4 1 39 0 61 0.9 74 0 77 1 79 1 98 1 
7533 8 0.3 12 0 19 0.6 27 0.4 35 1 45 0.8 47 0 
7540 5 0 30 1 42 0.4 44 0.9 65 0 71 0.8 79 0.9 94 0.5 
7709 36 0.8 
7896 16 0.3 19 0.8 35 0.3 45 0 51 0 74 0 75 1 87 0.6 96 0.6 
7946 28 0 90 0.5 
8213 9 0 20 0 23 0 33 0.6 35 0 39 0 57 0 60 0.5 95 0.9 
8215 7 0.6 10 0.5 19 0.4 27 0.8 31 0.9 36 0.4 67 0 91 0.9 
8246 2 1 21 0 23 0 48 0.4 65 0.3 69 0.4 
8379 40 1 59 0.3 77 0.9 80 0.6 
8404 7 0.8 10 0.9 13 0.7 22 0.6 53 0.9 71 1 81 0.8 82 0.3 
8692 12 0.5 17 0 33 0 75 0.3 76 0 
8745 62 0.7 95 0.5 
8992 19 0 25 0.7 30 0.3 38 1 66 0 73 0.5 77 0.8 83 0.6 92 0.9 94 0.3 
9031 70 0.8 73 0 97 0 
9051 0 0.8 30 0 45 1 65 0.5 70 0.8 75 0.5 95 0.4 
9478 6 0.8 48 0.6 52 0 53 0.4 63 0.9 72 0.4 81 0.5 
9479 59 0.8 
9500 9 0.3 15 0 62 0.5 
9651 3 1 8 0.3 48 0.5 49 0.8 51 0.8 57 1 59 0 65 0.4 77 1 
9710 24 0.3 70 0.6 
9895 13 0.5 18 0.7 61 0.4 89 0.9 98 0.6 
9910 7 1 
