100
101 5 0 12 0.5 37 0.3 
332 74 0.9 
350 0 0.3 11 0.8 14 0.5 23 0.4 57 0 88 0.9 
407 5 0.3 22 0 34 0.7 38 0.8 42 0.4 51 0.3 55 0.5 59 0 97 0.7 
408 4 0.4 19 0 26 0.3 34 0.9 39 0 53 1 
560 9 0.9 20 0 38 0 53 0.8 54 0.6 
668 8 0.6 33 0 47 0 55 0.9 79 0.9 89 0.4 
733 2 0 5 0 11 0 12 1 23 0 71 0.7 
778 4 0.4 28 0 34 0.8 37 0 47 0.9 58 0 60 0 75 0.5 88 0.3 
797 0 0.9 22 0.4 28 0.9 36 0.5 41 0.6 46 0 59 0 
1055 21 0 45 0.8 
1150 35 1 78 0.3 
1502 67 0.8 
1592 67 0.7 
1680 15 0.8 18 0.8 43 0.9 44 1 58 0.9 
1824 47 0 65 0.6 92 0.5 94 0 96 0 
1903 6 0.8 14 0 38 0.6 54 0.7 58 0.4 93 0.6 
1939 20 0.4 56 0.5 98 0.8 
1943 50 0.9 84 0 
1951 16 0 19 0.6 22 0.9 24 0.5 29 0 30 0.5 55 0.4 63 0.3 82 0 
1982 0 0.9 6 0.6 10 0.8 24 0.9 38 0 47 1 63 0.3 67 0.8 83 0.9 
1997 42 0 60 1 
2051 3 0 11 1 23 0 
2153 1 0 12 0.6 24 0.9 35 0.4 38 0 54 0.5 75 0 91 0.8 
2179 23 0.9 28 0.7 38 0.4 86 0.7 
2343 30 0.8 33 0 35 0.4 43 0.5 64 0.7 90 0 93 0 
2422 42 0.7 58 0.9 85 0.5 92 0 95 0 96 0 97 0 
2498 3 0.9 24 0.9 44 0.7 
2512 40 0.6 60 0.4 70 0.8 
2545 22 0.6 39 0.3 57 0.7 64 0.8 89 0.9 
2611 36 0.8 44 0.6 80 0 
2709 33 0.8 43 0 45 0.9 93 0.4 
2710 45 0 
2758 4 0.6 16 0.5 20 0.5 73 1 74 0 90 0.8 
2789 19 0 25 0.9 51 0.6 81 0.3 82 0.4 
2855 26 0 33 0.8 43 0 56 0 66 0 68 0 70 0.3 74 0.6 92 0 
2867 7 0.8 18 0.3 31 0.3 81 0.7 97 0.3 
2936 32 1 45 0.4 57 0.3 
3026 23 0 26 0.9 33 0.8 58 0.7 72 0.3 74 0.8 87 0.6 89 0.3 
3105 10 0.3 29 0 36 0.8 94 0.9 
3277 88 0.3 
3302 13 0 
3396 3 0.3 21 0.9 94 0.8 
3490 37 1 71 0.6 
3564 12 0.5 21 0.4 73 0 
3706 7 0 89 0.5 
3731 6 0.7 35 0.8 51 0 59 0.8 64 0.6 70 0 87 0.9 94 0.4 
3942 1 0 40 0.9 43 0 71 0.4 73 0.5 95 0.4 
4018 37 0.4 63 0.8 71 0.9 79 0.4 
4063 3 0.5 6 0 12 0 20 0.5 75 0.3 77 0.4 79 0 
4224 38 0 
4421 8 0.5 37 0.9 47 0 53 0 58 0.3 60 0.7 62 0.3 65 0 92 0.3 98 1 
4559 25 0.3 36 0 59 0.9 63 0.5 69 0.3 71 0.6 78 0.3 
4707 1 0.6 18 0.9 25 0 35 0 40 0.9 42 0.8 53 0.8 57 0 
4879 2 0 22 0 23 0.5 34 0 57 1 70 0.7 72 0.3 81 0.7 93 0.9 
4949 97 0.5 
5030 29 0 
5176 8 0.3 61 0.3 
5462 13 0 17 0.5 33 0.3 37 0.7 48 0.3 53 0.9 56 0.7 70 0.7 71 0 77 0 
5493 1 0.5 40 0.8 98 0.3 
5572 2 0.8 7 1 21 0.5 30 0.7 35 0.7 57 0.5 71 1 94 0 99 0 
5616 9 0 17 0.3 49 0.5 62 0 
5720 37 0.3 
5951 6 0.6 9 0.7 20 0.9 21 0 48 0 54 0.4 68 0.5 73 0 86 0 93 0.7 
6280 25 0.4 
6366 42 0.6 
6479 9 0.6 36 0.8 41 0 56 0 61 0 66 0.3 73 1 83 0.3 
6564 7 0.5 23 0 87 0.7 
6751 22 0.5 32 0.5 44 0.3 49 0.7 56 0 69 0.9 
6764 9 0 59 0.7 62 0 
6785 4 0.8 6 0.3 12 0 18 0.7 39 0 71 0 73 0.5 
6803 4 0.5 21 0.6 31 0.8 37 0.8 64 0 68 0.5 70 0.7 78 0 86 0.8 98 0.5 
6810 14 0.6 75 0 
6881 10 0.5 11 0 24 0.4 73 0.8 74 0.9 95 0.3 
6911 6 0.8 70 1 96 0 
7292 9 0.8 17 0 20 0 43 0.9 55 0.8 58 1 73 0.6 75 1 80 0.4 93 0.5 
7367 5 0 7 0 17 0.8 26 0.9 76 0 96 1 
7566 4 0 7 0.4 26 0.3 52 0.6 72 0.4 
7662 11 0.3 15 0 61 0.6 66 0 68 0.3 74 0 77 0 90 0.9 92 0.8 
7665 3 0 15 0.3 18 0.7 36 0.3 39 0 
7991 22 0.6 74 0.5 
7994 42 0.7 52 0 80 0 85 0.6 
8003 3 0.6 17 0.7 41 0 49 0 51 0 52 0.9 61 0.7 91 0 95 0.3 
8228 39 0 50 0 69 0.6 83 1 94 0.8 
8333 5 0.9 9 0 24 0 29 0.7 34 0.5 39 1 51 1 71 0.5 84 0.5 91 0.8 
8384 9 0.6 49 0 81 0 84 0.5 95 0.6 
8439 31 0.8 33 0.9 70 0.3 94 0.9 
8523 14 0 16 0.7 56 0.6 58 0 63 0.8 69 0.4 71 0.4 81 1 
8586 39 0.5 86 0.6 
8593 49 0.8 52 0.8 
8627 19 0.6 89 0 
9335 51 0 54 0.8 57 0.4 58 0 67 0 70 0 89 0 97 0 
9418 11 1 
9535 25 0.4 
9594 10 0.7 41 0.3 68 0 87 0 90 0.4 
9598 60 0 76 1 79 0 98 0.4 99 0.7 
9720 42 0.7 48 0.4 84 0.4 
9842 2 0 28 0.7 56 0 72 0.5 86 0 
9943 13 0 15 0.8 32 0.3 49 0 51 1 92 0.8 
9981 10 0.6 11 1 28 0 37 0.5 56 0.6 60 0.9 77 0.6 78 0 88 0.8 99 0.7 
