100
49 66 0.5 67 0.9 71 0.7 83 1 84 0.6 86 1 99 0.4 
67 43 0.7 92 0 
162 45 0.4 82 0.6 
170 3 0.3 18 0.3 19 0.6 75 0 
198 0 0.8 5 0 23 1 37 0 52 0.6 56 0.9 80 1 82 0.9 89 1 93 0.5 
496 4 0 43 0.3 45 0.5 48 0.3 
531 7 0.7 21 0.3 43 0.4 67 0.5 72 1 73 0.4 92 0.8 93 0 
535 9 0.3 25 0.5 33 0.9 35 0.3 40 0.6 42 0.8 83 0.5 88 0 93 0.7 
798 3 0.4 40 0 46 0.6 48 0.4 57 0.4 64 0 72 0 90 0.9 
807 26 0.9 36 0 49 0 53 0.8 73 0.6 77 0.9 86 0.3 95 0.8 
846 54 0.9 67 0.8 
1178 23 0 96 0.7 
1191 25 0 
1221 7 0 15 1 54 0.4 59 0 69 0.7 72 0 77 0 98 0 
1441 6 0.6 28 0.3 45 0.5 65 0 66 0.3 73 0 87 0.8 
1599 28 0.3 29 0.3 49 0.5 52 0 63 0 67 0 74 0.3 
1659 26 1 
1670 10 1 65 0.9 82 1 
1770 4 0.7 8 0.6 28 0.5 74 0.6 75 0.8 83 0.8 
1803 31 1 40 0.9 42 0.8 59 0 82 0 86 0.9 87 1 
1832 10 0.7 29 0 41 0.6 43 0.6 44 0.8 49 0.9 
1836 21 0.6 71 0.7 83 0 98 0.3 
1902 39 1 40 0 62 0 91 0 99 0 
1926 13 0.3 38 0 40 0.5 53 1 82 1 95 0.5 
2105 21 0.5 35 1 43 0.4 58 1 72 0.7 73 0 90 0.3 91 0.5 93 0 
2149 4 0 
2164 2 0.9 30 0 59 0 69 0.3 70 0.8 73 0.6 91 0 98 1 
2210 3 0.8 43 0.9 88 0.3 
2223 28 0 29 0 34 0.7 50 0 53 0.8 68 0.3 95 0.8 98 0 
2283 0 0.4 2 1 27 1 38 0.3 62 0.4 
2292 29 0 53 0.6 78 0.3 90 0.9 92 0.4 93 0.5 95 0 
2438 10 0.4 29 0.6 42 0.4 52 0.5 57 0.6 61 0.3 67 0 
2456 18 0.8 50 0 89 0.5 
2733 3 1 54 0.5 79 0.5 81 0.8 82 0 88 0.7 
2991 1 0.6 25 0.5 34 0.9 38 0.3 86 0.7 91 0 98 0.8 
3015 7 0.3 36 0 53 0.9 63 0.9 64 0 70 0.8 71 0.6 96 0.4 
3077 6 0.5 
3209 31 0.8 47 1 61 1 
3221 17 1 62 0.3 66 0.3 90 0.6 
3536 3 0.5 54 0.7 83 0 84 0.3 99 0.4 
3538 11 0 31 0 38 0.4 62 0.3 78 0 79 0 81 0 
3677 4 0.5 
3851 16 0.9 46 0.3 59 0 74 1 77 0.5 92 0.8 
3951 2 0.9 21 1 30 0.4 40 0.8 61 0.5 67 0.3 75 0.5 84 0 94 0 98 0.7 
4018 37 0 63 0 71 0.4 79 0 
4086 9 0.4 10 0.7 17 0 36 0.3 79 0.5 
4657 57 0.7 97 0.6 
4705 9 0.6 43 0 45 0 90 0 
4707 1 0 18 1 25 0.8 35 0.3 40 0.9 42 0.6 53 0.5 57 0.9 
5084 70 0.9 73 1 
5101 7 0.4 59 0 65 0.5 66 0 70 0.4 74 0.8 93 0.9 
5125 11 0 21 0 54 0.8 57 0.4 63 0.8 74 0.5 79 0.5 80 0.8 96 0 
5256 1 0 48 1 50 0 52 0.6 62 0.4 79 0.7 86 0 
5285 6 0.7 34 0.3 44 0 46 0.8 50 0 53 0.8 59 0.7 61 0.5 86 0.4 
5294 33 0 77 0.6 
5350 1 0.8 4 1 10 0.8 11 0.4 51 0.7 57 0.4 72 0.4 90 0 
5526 18 0.7 42 0 46 1 64 0.4 72 0.7 77 0.5 99 0.6 
5566 7 0 81 0.7 82 0.9 
5654 0 0 17 0.4 41 0 42 0.3 48 0.5 56 0.6 70 0 77 0 94 0.9 98 0.4 
5852 40 0.7 41 0.5 
5927 11 1 29 0 85 0.3 
6050 18 0 23 0.6 52 0 60 0.5 81 0.7 90 0.6 94 0.4 
6062 15 0.5 24 0.8 55 1 73 0.9 92 0.6 
6073 12 0.5 18 0.3 19 0.4 30 0 34 0.4 40 0.5 50 0.9 68 0.3 87 1 
6216 4 0.9 11 0.7 17 0.4 27 0.4 29 0.6 48 0 56 0 
6755 28 0.5 
6834 5 0 10 0.9 23 0 
6863 19 0.4 46 0.3 76 0.7 84 0.9 
6915 21 0.4 61 0 84 0 86 0.5 96 0 
6939 63 0.9 
7008 63 0.8 85 0 
7085 72 0.9 97 0.4 
7588 2 0.4 19 0.4 36 0.9 57 0.3 68 0.9 
7677 17 0 25 0.4 50 0.9 62 0.3 68 0 71 0 75 0.5 90 0.7 96 1 
8024 20 0.6 35 0.7 37 0 42 0.9 52 0.4 57 0.8 80 0.5 
8103 97 0 
8122 26 0.8 
8168 7 0 42 0 84 0.7 90 0.7 96 0.3 
8189 9 0.3 14 0.8 21 0 38 0.6 73 0.4 88 0.4 
8208 10 0 11 0.6 12 0.8 55 0 59 0 60 0.5 65 0.4 80 0.4 95 0.5 
8413 19 0 64 0 70 0.9 78 0.5 
8470 56 0 59 0.8 70 0.3 83 0.4 
8491 7 0.3 17 0.6 27 1 48 0.5 72 0.9 87 0.9 88 0.5 99 0.6 
8624 32 0 33 0 35 0 38 0.4 61 0.7 72 0 87 0.5 98 0 
8661 6 0.8 16 0 61 0.5 86 0.5 94 0 
8668 22 0.8 26 0.4 29 0 30 0 56 0 57 1 81 0.9 82 0 88 0.3 96 0.3 
8690 4 0.3 17 0.3 20 1 23 0 28 0.4 42 0 68 0 70 0 93 0 95 1 
8722 56 0 58 0.4 63 0.8 97 0 
8747 8 0 17 0.9 19 0.5 32 0.6 67 0.4 76 0 83 0.3 88 0 
8777 29 0.4 35 0.5 40 0.8 45 0.5 55 0.7 63 0.4 67 0.9 69 0.7 90 0.4 
8838 12 0 
9056 33 0.9 93 1 
9065 75 0.4 
9090 1 0.6 22 0.7 27 0 60 0 67 0.8 85 0.3 90 1 93 0 96 0.8 
9629 14 0.4 26 0.5 35 0.6 42 0.5 45 0.7 61 0 
9811 4 0 23 0.8 88 0.3 
9870 16 0.9 27 0.8 29 0.8 45 0.6 56 0.3 58 0.6 68 0.7 90 0.6 
9896 3 0 13 0.5 34 0.3 51 0.4 71 0.4 78 0 84 1 88 0.3 93 0.9 95 0 
9964 10 0.4 14 0 26 0.3 40 0.3 47 0.6 52 0.3 63 0.9 75 0 
9988 15 0 17 0.4 22 0.9 42 0.6 77 0.7 
