100
31 10 0 19 0.7 42 1 65 0 67 0.6 71 0.6 81 0 95 1 
42 2 0 20 0.5 36 0.7 61 0 73 0.9 76 0 78 0.4 83 0 87 0.9 89 0.4 
177 47 0.4 
318 4 0.3 28 0.5 69 0 77 0.7 96 1 
488 0 0.4 55 0.5 61 0.7 73 0 
557 50 0.4 86 0 
701 5 0.6 6 0.9 12 0 21 0.6 24 0 32 0 56 0.5 76 0.3 93 0.3 
707 0 0.9 4 0.4 5 0 25 0.5 30 0 34 0.9 45 0 49 0 85 0.6 91 0 
847 22 0.7 83 0 85 0.5 87 0.3 
864 13 0.6 20 0.7 67 0.6 71 0.5 77 0 90 0.5 94 0 
908 26 0 46 0.7 68 0.5 
928 40 0 76 0.4 
1161 7 1 10 0.4 
1198 12 0 37 0.4 53 0.5 54 0 58 0 81 0.7 82 0 93 0 
1273 20 0.9 
1281 4 0.7 17 0.7 23 0.7 48 1 65 0 69 0 72 0.3 83 0.5 90 0 
1284 89 0 
1507 1 0 8 0.9 12 0.4 17 0.3 25 0 49 0.8 
1544 20 0.8 32 0.3 33 0 46 0 51 0.5 55 0.3 69 0 79 1 94 0.7 
1622 28 0.5 57 1 61 0 
1684 99 0 
1742 5 1 52 0.9 58 0 69 0 71 0.5 74 1 75 0 82 0.3 86 0.8 94 1 
1786 10 0.6 15 0.9 21 0.9 
1795 35 0.3 43 0 63 0.5 91 0.3 
1835 18 0.8 
1864 67 0 
2113 3 1 4 0.6 6 0.9 22 0.6 28 0.8 35 0.9 57 0.8 65 0 72 0.7 92 0.9 
2151 6 0.5 25 0.9 45 0.5 51 0.8 63 0 82 0.8 
2427 90 0.6 
2433 4 1 14 1 27 0.7 33 0.6 36 1 57 0 82 0 91 0 
2541 0 0.7 38 0 39 0 45 0 53 0 94 0.6 
2562 37 0 
2932 10 1 22 0 25 0.6 33 1 53 1 71 0.5 87 0.9 
2997 0 0.7 5 0 35 0 37 0 84 0.5 
3000 13 1 42 0.3 45 0.9 73 0.5 97 0.4 
3021 29 0.5 34 0.5 47 0.6 59 1 89 0 
3330 2 0.9 15 0.3 18 0.6 46 0.5 66 0 68 0.5 72 0 93 0 
3991 17 0.9 25 0.4 32 0.7 33 0.9 38 0 57 0 80 0.7 89 0.9 96 0.6 
4007 5 0.6 13 0.6 53 0.8 57 0.6 59 0 69 0.4 90 0.8 
4192 7 0 22 0 23 0 38 0.8 40 0 51 0 55 0.8 71 0.4 
4384 0 0.8 26 0.5 40 0.7 94 0.3 
4402 25 0.7 54 0.7 64 0.7 71 0.8 83 1 84 0.4 93 0.8 98 0 
4670 36 0.8 63 0.8 90 0.8 
4721 1 0.3 36 0.3 41 0.6 76 0.9 91 0.4 
4878 2 0.3 3 0.4 7 0.3 23 0.7 33 0.3 34 0.7 50 0 58 0.5 78 0 97 0.3 
5040 92 0.4 
5197 75 0.3 97 0.4 
5302 15 1 30 1 42 0 
5526 18 0.7 42 1 46 0.9 64 0.9 72 1 77 0 99 0.3 
5566 7 0.7 81 0.6 82 0.5 
5571 12 0 29 0 40 0.8 47 1 48 0 54 0.7 57 0.9 80 0.9 89 0.5 90 0.6 
5664 16 0.4 84 0.5 
5909 29 0.3 30 0.9 38 0 40 0.4 46 0.3 57 0.3 73 0.3 97 0.8 
5981 1 0 15 1 30 0.3 56 0 57 0.5 58 0.5 82 1 92 0.7 94 0.9 
6156 28 0.9 32 0.4 33 0.9 58 0.7 78 0.8 89 0.3 93 0.4 
6160 3 0.8 9 0 72 0 79 0 81 1 92 0.3 
6195 6 0.7 10 0 15 0 34 0 44 0 51 0.3 59 0.9 75 0.5 
6367 32 0.7 56 0 68 0 78 0 87 0.3 
6458 33 0.3 58 0.3 85 0.8 90 0.9 
6587 33 1 78 0.9 86 0.6 95 0.3 
6625 6 0 8 0.6 14 1 24 1 30 0 42 0.3 70 0.6 83 0.5 96 0 
6629 17 0.6 32 0.9 79 0.4 
6675 2 0.8 72 0.9 
6813 2 0.6 55 0 57 0.3 81 1 84 1 90 0.8 
6871 8 0.3 18 0.4 19 0.7 58 0.7 89 0.4 99 0.5 
6930 11 0 16 0.5 82 0.7 83 0 99 1 
6972 5 0.7 48 0.5 72 1 79 0.8 
7152 37 1 61 0.5 
7230 43 0.7 73 0 90 0.3 
7243 46 0.7 50 0.5 58 0.9 
7381 2 1 14 0.4 21 0.8 93 0.3 95 0.9 
7507 17 0 22 1 27 0 64 0.4 67 0 74 0 78 0.9 89 0.5 97 0 
7704 0 0 10 0 37 0 95 0.9 
7708 3 1 5 0.5 14 0 19 0.9 26 0 41 0.3 51 1 63 0.8 68 0.3 94 1 
7740 29 0.9 97 0.9 99 0.9 
7823 4 0.5 23 1 28 0 31 0.4 35 0 
7837 6 0 24 1 37 1 68 0.3 71 0.5 81 0.9 
8123 7 0.5 9 0.9 21 0.6 22 0.6 53 0.5 66 0 68 0 74 0 88 0.7 89 0.6 
8293 19 0 29 0.9 40 0.3 61 0 
8375 14 0 18 0.5 29 0.3 31 0.6 52 0.3 56 0.4 66 0.8 68 0.6 99 0.3 
8411 0 0 58 0.7 60 0 91 0.4 
8422 17 0.7 31 0.9 99 0.7 
8471 11 0.5 
8479 15 0.4 16 0.5 43 0.4 73 0.8 80 0.4 
8498 2 0.9 3 0.5 51 0 70 0.7 91 0.9 93 0 
8746 7 0.8 16 0 17 0 26 0 36 0.5 37 0.8 43 0.4 69 0.8 82 0.3 99 0 
8790 23 0.8 39 1 45 0.9 46 0 53 0.9 54 0.6 57 1 63 0 68 0.5 
8809 20 0.9 25 0 31 0 33 0.3 56 0 70 0.6 74 0.3 75 0.5 90 0 94 1 
8821 25 0.7 54 0.7 75 0.9 
8849 25 0 77 0.8 
8899 10 1 14 0.5 16 0.8 52 1 54 0.8 62 0.3 68 0.8 82 0.9 90 0.3 98 0 
9084 13 1 17 0.5 25 0 27 0.4 47 0 58 0.4 67 0 
9095 19 0.3 36 0.9 38 0.3 40 0.3 51 0.4 67 0.5 69 0 85 0 90 1 
9226 21 0.5 22 0 67 0 93 0.3 94 0.9 96 0.3 
9233 4 0.6 33 0.8 67 0 86 0 
9251 1 0.4 15 0.5 17 0 50 0 55 0.9 62 1 64 1 65 0.8 97 0 99 0 
9324 10 1 12 0 19 0.8 37 0 49 0.6 60 0.7 90 0.9 
9508 27 0 49 0.5 96 0.8 99 0 
9606 14 0.4 59 0.6 61 0.8 63 0.4 
9852 8 0.8 10 1 15 0 17 0.7 34 0 37 1 45 0.5 71 0.6 80 0.5 96 0 
