100
3 6 0 19 0 63 0.3 67 0.3 81 0.9 96 0.3 
63 0 0 8 0 17 0.3 20 0 49 0.3 73 0 95 0 97 0.5 
120 3 0 5 0 35 0 37 0 
164 7 0 52 0 59 0 
240 15 0.4 23 0.5 39 0 60 0.5 77 1 87 0.3 90 0.5 
272 1 0.7 20 0.6 24 0.7 45 0.6 48 0 70 0 79 0.6 93 1 94 0.8 
634 16 0.5 25 0.9 29 0.8 31 0.3 37 0.3 44 0.8 51 1 
768 14 0.7 16 0 33 0 34 0.6 38 0 74 0.4 79 1 
936 4 0.6 7 0.8 9 0.5 23 0.7 50 0.5 66 0.5 86 0 95 0.5 
978 68 0.6 
1034 7 0.3 33 0.9 34 0.5 46 0.5 73 0 
1251 30 0 
1553 10 0.6 23 0.6 63 0.7 66 0.9 78 0 
1614 32 0 37 0 43 0 65 0.9 84 0.4 86 0 92 0.9 
1619 13 0.9 20 0 22 0.9 23 0.4 57 0.7 72 0.3 77 0 93 0.7 95 0.7 
1824 47 0 65 0 92 0.7 94 0.9 96 0.8 
1931 6 0.3 24 0 52 0 61 0 71 0.7 
2070 31 1 50 0.6 52 0 57 1 64 0 81 0 
2085 3 0.8 17 0 28 0.8 32 0 40 0.7 54 0.6 67 0 94 0.5 99 1 
2091 4 0.8 18 0.6 45 0.9 50 0.4 55 0.8 59 0.3 
2159 1 0.5 3 1 11 1 13 0 36 0.5 49 0.4 50 0.3 63 0.3 76 0.6 82 0.9 
2233 8 0 42 1 48 0 58 0.7 61 0 75 0 94 0.9 
2316 9 0.8 51 1 72 0 81 0.8 86 0 88 0.4 99 0.5 
2350 8 0.8 42 0.8 68 0.7 93 0.7 
2414 53 0.5 
2522 22 0.6 48 0 
2659 27 1 37 0 43 1 47 0.9 77 0 84 0 85 0.8 88 0.6 
2708 0 1 18 0 37 0.8 39 0 48 0 58 0.9 88 0.8 99 0.5 
2715 8 0 26 0 54 0 58 0.7 98 0 
2792 8 0.4 
2800 93 0 
2939 7 0 28 0 35 0 39 0.7 53 0.5 71 0 74 0.9 
2958 4 0.3 26 0.4 
2975 16 0.7 17 0.4 39 0.9 50 0.4 62 0.4 66 0.7 79 0.4 98 0.5 
3012 1 0.9 9 1 10 0.4 46 0.5 74 0.3 87 0 96 0 
3028 73 0 85 0.3 
3128 6 0 33 0.9 38 0 49 0.9 50 0 58 0.6 82 0.6 93 0.8 
3202 47 1 65 0.6 
3227 1 0.8 21 0.5 29 0.9 52 0.9 53 0.5 76 0.3 
3243 58 0.7 73 0.6 95 0.8 
3255 26 0.3 67 0 
3378 36 1 61 0 66 0.4 74 0.8 
3558 4 0.6 13 0 73 0.7 76 1 95 0.3 
3805 9 0 10 0 16 0.7 33 1 66 0.4 68 1 71 0.3 91 0.4 97 0.4 
3844 9 0.3 23 0 24 1 32 0 37 0.4 47 0 60 0.3 97 0.6 
3848 16 0.8 43 0 48 0.6 62 0.3 71 0.5 85 0 94 0.9 
3907 1 0.9 33 0.4 36 0.9 39 0 55 0.6 81 0.4 
3908 80 0.9 85 0.6 
4053 17 0 18 0.7 40 0.5 47 0.8 50 0.4 63 0.5 69 0.8 93 0.6 
4077 26 1 27 0.5 31 0.8 55 0.3 99 0.8 
4339 9 0 25 0.6 41 0 59 0 62 0.7 91 0 
4357 4 0 17 0 25 0.8 39 0.5 40 0.9 75 0.9 86 0 92 1 
4363 29 0 34 0.7 51 0 87 0.9 88 0 
4391 83 1 94 0 96 0.3 
4495 85 1 86 1 
4650 21 0 25 0 82 1 
4712 1 0.3 12 0 36 0.4 38 0.3 40 0 60 0 62 1 75 1 95 0.9 
4735 41 0 97 0 
4902 7 0 18 1 20 1 32 0.6 59 0.7 64 0 72 0.6 76 0.6 85 0 
5194 4 0 8 1 65 0 82 0.8 86 0 
5213 2 0.6 6 0.8 9 0.3 27 0.6 57 0.5 60 0.5 70 0 76 0.9 80 0 91 0 
5370 11 0 16 0.9 71 0 
5400 5 0.8 10 0.6 18 0 25 0.3 31 0.7 43 0.6 
5519 1 0.7 3 0.8 25 1 31 1 42 0.4 47 0.7 55 0.9 78 0.9 
5534 0 0 20 0.7 24 0.4 31 0.7 42 0.7 49 0.8 56 0.8 65 0.9 
5615 27 0.6 30 0.8 36 0.6 44 0 56 0 69 0.9 70 0 96 0.8 99 0 
5732 84 1 98 0.6 
5771 18 0 28 0 38 0.6 57 0.4 58 0 70 0.7 72 0 84 0 87 0.6 92 0.7 
5921 7 0 13 0.4 22 0.9 35 0.6 44 0 51 0.3 56 0 58 1 
5922 60 0.9 
6120 3 0 5 1 46 0.3 53 0.3 56 1 68 0.3 74 0.4 91 0 93 0.6 
6451 14 0.8 49 0.7 
6593 10 0 12 0 21 0 53 0 58 0 62 0.8 
6601 7 0.8 10 0.8 14 0.4 42 0.9 44 0.5 83 0 97 0.5 
6756 14 0.4 22 0 24 0.5 43 0.3 89 0.8 93 0 
6807 6 0 7 0.7 22 0.9 32 0.8 75 0 
6973 15 1 23 0 24 0 60 1 
7064 74 0 
7102 0 0.7 9 0.9 48 1 56 0.4 82 0.4 92 0.4 94 0 
7201 27 0.8 
7539 10 0.9 20 0.5 52 0.8 78 0.6 99 0.7 
7557 3 0.3 7 0 23 1 27 0.7 31 0 46 0.6 53 0.9 61 0 70 0.5 83 1 
7605 14 0 28 0 92 0 95 0.4 
7618 3 0.4 8 0 19 0 24 0 28 0.5 37 0.9 54 0.8 65 0.3 68 0.6 94 0 
7619 14 0.5 15 0.6 42 0 55 0.5 65 0.5 70 0 84 0 96 0.6 97 0 
7692 30 0 
7922 3 0.8 28 0.7 48 0.3 59 0.3 65 0.5 76 0 78 0 
8024 20 0 35 0.9 37 0 42 0 52 0.3 57 0 80 0.7 
8384 9 0.6 49 0.6 81 0.7 84 0.5 95 0.6 
8433 7 0 10 1 16 0.4 24 0.9 43 0.4 52 1 78 0.6 
8708 13 0.7 19 0.8 22 0.8 23 0.3 37 0 48 0 81 0.6 91 0.5 
8718 21 0 33 0.5 37 0 39 0.4 60 0.3 86 0.4 
8742 6 0 45 0 51 1 56 0.5 79 0.9 83 0.7 88 0 
8839 30 0 37 0.8 
8970 31 0.4 63 0.8 70 0.5 82 0.9 88 0.3 
9135 26 1 59 0 
9277 23 0.5 92 0.4 
9281 0 0 1 0.4 13 0 36 1 40 0 50 0.8 53 0.5 64 0.7 89 1 
9692 11 0.8 18 0 19 0 23 0.9 42 0.9 73 0 78 0.4 87 0.5 93 0.4 
9864 7 0 34 0.3 37 0.5 47 0 50 0.5 72 1 77 0.7 85 0.3 89 0.4 93 0 
