100
40 8 0 30 1 39 0 42 0.4 44 0.6 56 0.9 62 0 70 0 84 0.8 87 0.3 
115 12 0.6 23 0.7 58 0.3 64 0.5 94 0 98 0 
118 3 1 68 1 
285 21 0.5 32 0.4 36 0 43 1 75 0.3 83 0.4 84 0 
319 30 0.7 33 0 
331 18 0 21 0.3 28 0.4 52 0.6 57 0.8 61 0 84 0.9 95 0.9 
382 4 0.4 17 0.3 28 0.9 30 0.4 44 0.9 55 0.4 87 0 99 0.7 
466 0 0 23 0.9 31 0.8 32 0.3 34 0.7 44 0.4 58 0.8 68 0.8 73 0.3 94 0 
478 57 0.5 62 1 81 0.4 
572 0 0 4 0.5 18 0 38 0 75 0.5 
583 30 0 81 0.8 
625 10 0.8 14 0.9 23 1 24 0.8 25 0.7 26 0.7 33 0.3 48 0.3 68 0.7 
780 15 0.5 70 0.5 
844 41 0 99 0.6 
864 13 0.7 20 0 67 1 71 0.7 77 0 90 0.4 94 0.7 
1009 69 0.5 
1102 8 0 90 0.7 
1122 1 0 8 0.4 11 0.5 13 0.6 15 0 
1129 12 0.5 48 0.4 58 0.5 88 0.9 92 0 97 0.3 
1137 5 0.7 30 0.4 80 0.6 
1168 4 0.3 10 0.7 24 0 39 0.9 66 0.3 74 1 83 0.7 87 0.3 88 0 95 0.3 
1239 20 0.9 26 1 40 0.5 74 0 95 0 
1285 5 0 20 0.3 37 0 41 0 63 0.3 71 0 
1297 8 0.3 11 0.7 86 0.7 
1322 36 0 37 0.7 41 0.3 49 0.3 56 0 58 0.9 60 1 
1461 35 0.5 37 0.9 41 0 45 0 58 0.9 75 0.9 77 0.7 
1506 1 0.4 
1693 17 0.6 66 0.3 70 0.5 77 0.8 89 0 
1784 53 0 93 0.7 95 0.8 
1801 30 0 34 0 42 1 44 0 52 0.9 53 1 73 0.6 80 0 
1869 2 0.3 13 0 16 0.5 17 0 25 0 26 0 27 0 49 0.3 70 0.6 91 1 
1912 7 0.5 14 1 38 0.8 39 0.3 67 0.5 70 0.8 71 0.6 72 0.5 88 0.7 98 0 
1926 13 0.9 38 0.9 40 0.5 53 0 82 0.3 95 0.9 
1972 3 0 10 0.8 34 0.4 46 0.8 47 0.3 69 0.7 87 0.4 
2135 31 0.4 42 0.3 64 1 65 0 69 0.4 86 0.4 96 1 
2173 28 0.6 36 0 71 0.8 98 0.3 
2179 23 0.6 28 0.6 38 1 86 0 
2421 4 0 26 1 69 0 74 0.4 88 0.3 
2442 10 1 22 0 23 0.7 56 0 68 0.5 
2843 9 0.8 10 0.6 27 0.6 43 0 66 0.3 75 0.3 86 0 87 0.3 
2899 33 0 34 0.4 36 0 63 0.6 69 0.8 75 0.4 78 0.6 86 0.7 91 0 
3241 50 0.6 
3254 34 0 66 0.8 79 0 93 0 96 0 
3318 12 0.7 55 0 56 0 57 0.7 66 0.9 82 0.8 90 0 
3487 8 0.6 60 0 63 1 66 0.6 70 0.8 73 0.9 89 0.8 91 0.5 
3712 4 0.7 
3809 17 0.8 19 0.5 32 0.7 37 0.8 43 0 57 0.3 62 0.4 69 0 78 0.5 85 0 
3824 15 0.7 27 0 35 0.6 66 0 77 0 84 0 85 1 91 0 
3829 54 0.8 62 0 80 0 90 0.9 97 0 
3868 54 0.5 
3923 7 0.8 14 1 65 0.8 70 0.8 72 0.7 
3971 4 0.8 35 0.8 37 0.7 47 0 53 0.7 
3973 16 0.8 71 0.6 86 0 
3984 50 0 
4012 0 1 9 0.9 11 1 18 0.6 22 0.5 23 0.9 47 0.5 77 0.7 78 1 87 0.5 
4081 57 0.8 68 0.6 
4086 9 0.9 10 0.3 17 0 36 0.6 79 0.8 
4175 0 0.3 8 0.4 23 0.4 25 0.8 49 0.6 71 0.5 73 0.5 76 0.8 85 0.6 87 0 
4335 52 0.5 62 0 77 0.3 
4389 41 1 49 0.4 52 0.3 60 0.9 65 0 80 0 
4483 0 0.3 4 0 40 0.8 47 0.3 60 0 62 0.8 78 0 79 1 84 0.4 
4553 1 0 4 0.6 22 0.9 31 0.7 33 1 48 0.7 65 0.6 75 0.9 99 0 
4608 2 0.5 8 0.5 17 0.7 37 0.3 38 0.4 53 0 65 0.5 74 0.9 83 0.4 95 0.4 
4733 37 1 39 0.7 87 0 
5068 6 0.6 18 0.4 46 0.8 48 0.8 55 0.5 67 0 82 0 92 0 97 0 98 0 
5491 39 0.7 85 0.3 90 0 
5622 25 0 31 0.4 57 0.9 
5771 18 0 28 0 38 1 57 0.7 58 0.9 70 0.7 72 0.8 84 0 87 0 92 0.8 
6219 17 0.5 18 1 43 0 93 0.4 
6275 12 1 17 0.8 31 0 46 0.6 92 0.9 94 0 
6474 5 0 6 1 31 0 39 0.9 40 0.6 46 0.3 
6597 8 1 12 0 34 0 52 0 
6669 30 0 31 0.6 36 0.5 68 0 81 0.6 83 0.4 99 0.4 
6872 5 0 40 0.5 53 0 79 0 
6946 74 0.6 95 0.6 
7195 22 0 39 0.4 66 0.7 75 0 95 0.5 96 0.8 99 0.6 
7240 1 0.5 21 0.7 39 0.8 57 0.6 61 0 63 0 68 0.5 84 0.3 85 0.8 99 1 
7259 2 0.7 3 0.6 10 0 22 0.8 25 0.7 35 0.4 48 0 68 0.3 76 0.6 98 0.8 
7344 63 0 76 0.5 78 1 
7347 41 0.8 94 0 
7519 2 0.8 3 0.3 25 0.7 29 0 54 0.6 
7814 61 0 
7816 4 0.8 16 0.4 20 0 30 0.7 38 0.3 59 0.6 64 0 
7834 63 0.6 98 0 
8229 0 0.4 7 0.3 13 0 22 0.5 29 0.4 34 0 90 0.5 
8387 14 0.4 
8547 21 0 43 0.8 46 0 51 0.6 59 1 65 0 74 0 79 0.5 85 0.6 
8704 19 0 35 0.4 87 0.9 
9019 6 0.3 41 0.6 43 0 77 0 82 1 
9071 6 0.4 15 0.6 25 0.6 36 0 
9157 19 0.3 22 1 32 1 45 0.7 99 0.3 
9614 18 0.8 19 0.5 22 0.3 52 0.6 73 1 77 0.8 
9629 14 0.3 26 0.6 35 1 42 0.4 45 0 61 0.8 
9660 5 0 12 0.6 18 0.4 38 0.8 99 0.8 
9697 61 0.9 72 0.7 91 0.5 
9765 5 1 13 0.3 43 0.8 45 0 61 0.8 65 0 84 1 85 1 92 0.9 93 0.5 
9797 8 0.5 9 0.4 21 0.3 24 1 40 0.9 70 0.6 79 0.9 
9803 22 0.3 27 0.7 51 0.9 67 0.8 74 0.8 85 0.8 
9917 74 0.4 85 0.8 92 0.8 
9927 47 0.3 
