100
1 69 0.7 
324 56 0.5 84 0.8 
413 2 0.9 7 0.7 34 0.7 
449 14 0.4 19 0 27 0 33 0.6 40 0.3 48 0.5 53 0 84 0.8 86 0.5 
474 6 0 40 0.6 
536 32 0.6 42 0.7 67 0 90 0.4 
715 16 0.5 20 0 30 0 41 0 58 1 61 0.4 70 0.9 77 0 81 0.5 
846 54 0.8 67 0 
879 36 0.6 95 0 
984 1 0.3 4 0 32 1 33 1 37 1 85 0.9 95 0.5 
1052 0 0.9 2 0.3 5 0 16 0.7 32 0.9 38 0.7 50 0.8 66 0.5 67 0 81 0.8 
1195 3 0.9 5 0.8 25 0.3 26 0.5 29 0 39 0.7 74 1 78 0.8 86 0.5 90 0 
1336 3 0 9 0.4 11 0.3 28 0.3 57 0.6 64 1 
1355 3 0 24 0.6 26 0 47 0.9 72 1 73 0.7 
1471 65 0.7 72 1 96 0.4 
1591 23 0.9 27 0 34 0.9 44 0 52 0.4 58 0.8 63 0 65 0.9 70 0.7 94 0.9 
1635 23 0.8 33 0.8 62 0 63 0.6 67 0.4 
1751 3 0 17 0.7 25 0 51 0 57 0 67 0 75 0.9 
1916 22 0.6 94 0.8 
2063 27 0 36 0 44 0 45 0.8 55 0.8 73 0.4 83 0.4 99 1 
2459 6 0 16 0.4 29 0.8 72 0.8 73 0 75 0.8 85 0.4 94 1 
2535 5 0.8 12 0 32 0.7 43 0.4 57 0.4 67 0 69 0 76 0 89 0.4 98 0.5 
2617 3 0.6 5 0 7 0.5 22 0.4 23 0.4 46 0.7 54 0 66 0 76 0.9 79 0 
3003 2 1 
3076 18 0.7 23 0.8 51 0.7 88 0.9 97 0.9 
3171 0 0.8 23 0.9 34 0 39 1 80 0 82 0 87 0.6 88 0 
3178 64 0 84 0.6 
3359 6 0.4 23 0.7 63 0.9 77 0.5 
3400 6 0 10 0.6 54 0 92 0 99 0.7 
3497 11 0.4 14 0.6 49 1 63 0.3 
3515 6 0.8 21 0.4 59 0.7 68 0 
3605 12 0 17 0.7 21 0.7 56 0 79 0.7 85 0 
3756 2 0 4 0 12 0.8 13 0.8 14 0.9 34 0.6 57 1 64 0.8 83 0.8 85 0.5 
4154 45 0.9 52 0.8 96 0.9 
4185 7 0.3 24 0 38 0.4 46 1 54 0.8 70 0.5 90 0.9 
4307 1 0.6 3 0 5 0.5 6 0 52 0.9 63 0.3 74 0.4 75 0.9 84 0.5 
4422 1 0.9 16 0.3 38 0.5 40 0 46 0 64 0 69 1 84 0.8 90 0.3 99 0.7 
4521 11 0.3 
4723 7 0.3 10 0.9 11 0.3 36 0 38 1 44 0.7 58 0 
4736 1 0.6 15 0.7 18 0 29 0 35 0.9 61 0 71 0 
4817 45 0.5 
4826 7 0 10 0.3 31 0.4 33 0.6 48 0.3 51 0 63 0.3 70 1 
4974 2 0.6 7 0.8 12 0.3 19 0.8 22 0.4 29 0 47 0.4 84 0.8 
5136 2 0.9 11 0 14 0.9 18 0.4 19 0.4 47 0.6 51 0 55 0.3 68 0.7 97 0.6 
5262 32 0.9 93 0 
5294 33 0.8 77 1 
5305 10 0.6 40 1 51 0 52 0.7 77 0.6 91 0.5 99 0 
5360 4 0.5 15 0.8 23 0 28 0.6 31 0 40 0.3 48 0.9 60 0.5 71 0 99 0 
5375 86 0.5 
5378 7 0 12 0.3 17 0.4 22 0 71 0.6 72 0.4 95 0.6 
5455 21 1 73 0.3 80 0 
5468 0 0.3 17 0 93 0.7 
5483 1 0.5 18 0 50 0.6 
5490 13 0.5 34 0 35 0.5 49 0 50 0.7 56 0.5 57 0 
5521 20 0.5 54 0.7 72 0 73 0 76 0 
5567 0 0.4 8 1 13 0 58 0.4 69 0 74 0.6 85 1 88 0 92 0.6 99 0.8 
5668 1 0 4 0 15 0.9 42 1 48 0.3 49 0 50 0 68 0 79 0.3 90 0.8 
5742 34 0.5 46 0 65 0 80 0.7 97 0.7 
5822 11 0.9 46 0.3 69 0.6 85 0.5 99 0.6 
5899 6 0.9 24 0.3 34 0.7 38 0.3 39 0.4 49 1 64 0.4 72 0.8 77 0.3 81 0.8 
6206 42 0.7 43 0 46 0 59 0.7 70 0.3 
6212 19 0.7 62 0.3 91 0.8 
6225 13 0.4 49 0.7 80 0 
6395 6 0 17 1 28 0.8 31 0.3 36 0.3 38 1 49 0.9 68 0.5 80 0.4 81 0.4 
6749 0 0.7 8 1 16 1 25 0 28 0.8 45 0.8 52 1 56 0 
6773 10 1 35 0.9 62 0.4 63 0 68 0.8 72 0 79 0.5 80 0.7 88 0.7 
6790 4 0 12 0.5 25 0.9 59 0 74 0.3 87 0 91 0.6 99 0.7 
6966 37 1 
7133 1 0.5 34 0.5 41 0 51 0.5 82 0.5 
7318 1 0.8 12 0.5 
7354 42 0.5 44 1 60 0.6 64 0 65 0 67 0 71 0 74 0.7 87 0 91 0.7 
7357 58 0.9 
7452 27 0.5 34 0 46 0.7 48 0.3 49 0.8 50 1 59 0 68 0.3 72 0 
7498 6 0.8 35 0 36 0.7 60 0.7 78 0.6 79 0.3 89 0.7 
7505 2 0.5 3 0.3 11 0 28 0.5 54 0.4 61 0 83 0.3 88 0.4 
7565 8 0.8 36 0 57 0 76 0.8 80 0 84 0.9 86 0.4 
7616 12 0.5 30 0.3 31 0 32 0.7 37 0.6 57 0.3 62 0.6 96 0 
7620 8 0 22 0.5 36 0 45 0.4 80 0.3 86 0.5 93 0 
7814 61 0.7 
7842 1 0.7 
7983 15 0.4 23 1 38 0 41 1 72 0 79 0.7 95 1 
7992 0 0 39 1 
8052 35 0 
8071 42 0 44 0.5 65 0.5 
8445 27 0.5 38 0 51 0.3 
8545 1 0.8 7 0.5 
9012 98 0 
9015 4 0.4 15 0 17 0 78 0.5 
9043 4 1 7 0 19 0.5 23 0.4 24 0 34 0.3 37 0.4 74 0.8 88 0.7 91 0.4 
9192 4 0 11 0.7 23 0.6 29 0.5 61 0.7 63 0 75 0 
9468 40 0.5 50 0.9 70 0 75 0 91 0 
9528 7 0 38 0 53 0.6 64 0.7 66 0 95 1 
9754 9 0.6 19 0.5 23 0.7 28 0 33 0.4 37 0 53 0 65 1 85 1 98 0.7 
9837 27 1 
9857 0 0.7 2 0.3 8 0.6 19 0.7 24 0 50 0.5 51 1 52 0 78 0 98 0 
9862 9 0.7 45 0 73 0.3 
9875 19 0.3 29 0 31 0.8 35 0 46 1 48 0 84 0.7 89 0.7 
9888 11 0.3 14 0.4 28 1 37 1 41 0.4 51 0.6 58 0.3 91 0.5 
9931 11 0.6 16 0.5 18 0.3 33 0.9 48 0.8 82 1 88 0.6 
9998 48 0.6 49 0.5 
