100
65 5 0.8 26 0.6 43 1 47 1 96 0 99 0.7 
233 97 0.6 
240 15 0.8 23 0 39 0.5 60 0.9 77 0 87 0 90 1 
254 38 0 49 1 54 0.7 63 0.7 65 0.3 99 0 
263 17 0.4 39 0.6 52 0.9 53 0.6 78 0.5 81 0 83 0.4 
426 30 0 34 0.6 35 0 46 0.9 71 0.7 72 0 79 0.4 80 0.5 90 0.4 
528 4 0 41 0 
771 7 0 17 0.6 50 0.5 68 0.3 70 0 71 0 72 0.8 
780 15 1 70 0.3 
875 5 1 25 0.5 50 0.6 55 0 
984 1 0.9 4 1 32 0.4 33 0 37 0 85 0.4 95 0.5 
1044 89 0.7 
1060 0 0.4 16 0 17 0.4 21 0.7 24 0.5 49 0.7 54 0.3 98 0 
1069 15 0.4 34 0.5 36 0.3 79 0.5 81 0.5 83 0.5 
1272 15 0.7 22 0.6 31 1 36 0.9 56 0.9 57 0.6 58 0.3 65 0 86 0 88 0.7 
1319 28 0.6 36 0.4 66 0.3 77 1 78 0 
1335 28 0.4 46 0 47 0.8 76 0 
1380 2 0.7 5 0.5 14 0.5 15 0.6 26 0.3 63 0 64 0.9 79 0.5 
1510 71 0 
1514 0 0.5 22 0.9 46 0 68 0 82 0.8 86 1 87 1 97 1 99 0 
1518 24 0.4 36 0 54 0.9 62 0.7 67 0 85 0.6 87 0 90 0.8 99 1 
1656 2 0 4 0.8 11 0.8 39 0.6 67 0.4 
1690 1 0.3 11 0.3 
2153 1 0 12 0.5 24 0.4 35 0 38 0 54 0.4 75 1 91 0.8 
2199 17 0 19 0.8 26 0 39 0.7 47 0.7 67 0.8 70 0.7 76 0.6 87 0.5 
2252 12 0 21 0.5 26 1 31 0 45 0.7 58 0.8 
2366 2 1 8 0.3 10 0.4 14 0.8 15 0.9 18 0.6 20 0.4 21 0 52 0.5 61 0.9 
2470 48 0.7 86 0 
2473 7 0.6 16 0.9 23 1 41 0.3 61 0.7 
2497 7 0 8 0.8 20 0 21 0 25 1 28 0.5 49 1 71 0 94 0.5 98 0.5 
2572 1 0.4 2 0.8 26 0.7 52 0 
2628 3 0 5 1 34 0.8 46 0.5 65 0 77 0.7 86 0.7 87 0.3 99 1 
2698 2 0.5 9 0.8 15 0.8 34 0.3 85 0.7 93 0.5 
2810 0 1 12 0 29 0.3 38 0 59 0.5 66 0 76 0.9 85 0.4 88 0.3 94 1 
2823 33 0.4 
2964 7 0.9 10 0.4 74 0.9 92 0.5 95 0.7 
3021 29 0.6 34 0 47 0.5 59 0.3 89 0.6 
3080 11 0.6 22 0.3 31 0 32 0.9 42 0.3 48 0.7 63 0.8 67 0.6 70 0.7 85 0.4 
3333 6 0.8 38 0.3 45 1 
3389 0 0.8 4 0.7 41 1 44 0 54 0.6 60 0.3 93 0.5 
3907 1 1 33 1 36 0 39 0 55 0.9 81 0.8 
3993 12 0 22 0.9 26 0.4 27 0.6 53 0.8 67 0 89 0 90 1 
4069 1 1 18 0 24 0 32 0 52 0.8 82 0.9 92 0.3 94 0.6 95 1 98 0 
4077 26 0.8 27 1 31 0.7 55 0.4 99 0.9 
4146 69 0.6 
4150 65 0.9 67 0 72 0.5 
4341 18 1 32 0.5 61 1 65 0 78 0.4 92 0.5 
4464 3 0.9 20 0 50 0 64 0 68 0.9 88 0.7 95 0 
4552 2 0 15 0.3 33 0.7 78 0 91 0.9 
4717 50 0.5 63 0.4 84 0.8 
5025 21 0 35 0.4 39 0.3 69 0.6 78 1 79 0 
5169 23 0 32 1 43 0.4 52 0.8 67 0.4 97 0.8 99 0.7 
5191 42 0.4 94 0.9 
5211 31 0 46 1 48 0.4 75 1 
5336 96 0.4 98 1 99 0.5 
5599 2 0.3 7 0.7 10 0.9 51 0.6 64 0.3 78 0 81 0.9 
5634 16 0.5 41 0.8 45 0.4 58 0 75 0.4 82 0.4 83 0 97 0.3 
5983 28 0.5 53 0.8 54 0 59 0.3 60 1 
6090 1 0.6 5 0.4 28 0 46 0 49 0.3 50 0 80 0.8 
6112 64 0.7 
6160 3 1 9 0 72 0 79 0.6 81 0 92 0 
6467 89 0 
6585 5 0 
6606 17 0.5 22 0 26 0.8 37 0 39 0.7 55 0 56 0 
6628 12 0.8 41 1 49 0 90 0.5 92 0 
6630 44 1 76 0.6 
6698 2 0.6 16 0.3 20 0.4 36 0.7 38 0 61 0.5 64 0 80 0.7 81 0 98 0.7 
6744 5 0.3 6 0.3 13 0.4 21 0.3 40 0 49 0.6 58 0.6 
6831 5 0.4 8 0 78 0.7 
6967 0 0.4 17 0 22 0.5 28 0.9 52 1 57 0.4 74 0.3 76 0.7 80 0.3 97 0.3 
6970 0 0.5 9 0.5 13 0.6 38 0.3 56 0 69 0.3 72 0.8 77 0.5 85 0.4 88 0 
7305 15 0.3 50 0.7 59 0 
7403 2 0 25 0.4 29 0.7 39 0.8 51 0.4 71 0.4 73 1 77 0.3 83 0 93 0.5 
7537 2 0 3 0.9 
7568 15 0.7 27 0.5 61 0.3 96 0 
7834 63 0 98 0.3 
7963 1 0 23 0.3 27 0.3 74 0.3 99 0 
8058 0 0.3 
8081 59 0.9 96 0.7 
8089 90 0.8 
8269 90 0.8 
8305 24 0 89 0 
8328 8 0.9 10 0.4 26 0.3 33 1 39 0 57 0 84 0.8 
8434 5 0.4 36 0.4 39 0 52 0.6 54 0.9 64 0.6 
8535 4 0.9 26 0.5 27 0.8 30 0.8 40 0.6 70 0 81 0 94 1 
8541 1 0.9 2 0.4 11 0 40 0 43 0 56 0.8 75 0 97 0.4 
8713 4 0.6 5 0.7 8 0.3 17 0.8 21 0.5 54 0.3 96 0.5 97 0.5 
8850 15 0.5 33 0.4 35 0.5 46 0 54 0.4 64 0.3 68 0.3 86 0.8 95 0.4 
8885 22 0 
8938 18 0.5 
9095 19 0.6 36 0 38 0 40 0.7 51 1 67 0 69 0 85 0.8 90 0.7 
9138 31 0.4 58 0.3 70 0 
9250 29 0.3 34 0.3 77 0.4 91 0.3 
9338 17 0.8 
9448 59 0.7 76 0.9 
9484 48 0.8 89 0.8 
9768 12 0 93 0 
9976 2 0.4 9 0.3 30 0.5 31 0 36 0.6 37 0.3 57 0.8 58 0.8 60 0.6 76 0.5 
9984 5 0.6 14 0.7 38 0 88 1 
9988 15 1 17 0.8 22 0.7 42 0.6 77 0.5 
