100
123 20 0.9 
144 3 0 13 0.4 15 0.9 37 0 65 0.5 82 0.6 
286 25 0.9 48 0.8 51 0 55 0.9 56 0.8 64 0 86 1 90 0 93 0.6 
297 79 0 
352 4 1 16 0.7 24 0.6 35 0 38 0 40 0.5 41 0.8 58 0.7 92 0 
397 17 0 30 0.6 61 0.3 85 0.8 94 0.3 95 0.4 96 0 
553 0 0.8 9 0.4 59 0.7 60 1 61 0.9 67 0.5 77 0.4 
592 1 0.3 5 0 19 0.9 21 0.6 68 0.6 88 0.3 90 1 
599 80 0 83 0.6 
696 16 0.5 33 0.9 58 0 75 0.8 96 1 
717 5 0.3 17 0.3 41 0 53 0 57 0 81 0.5 82 0.3 
720 0 0.3 2 0.4 6 0 38 0.4 50 0.8 71 0.7 93 0.5 99 1 
740 15 0 
783 44 0.8 47 0 
807 26 0.9 36 0.5 49 0.9 53 0.4 73 0.5 77 0 86 0 95 1 
1039 4 0 15 0 61 0.4 
1043 1 0.9 15 0 39 0.5 58 1 
1216 44 0 82 0 89 0.4 90 0 
1299 60 0 
1376 17 0.8 
1435 11 0.7 16 0.7 44 1 69 0 70 0 94 0 
1552 88 0.7 
1660 8 0.3 11 0.6 23 0.6 25 0.5 40 0.7 50 0 57 0 58 1 60 0.7 84 0.4 
1757 54 0 71 0.7 
1781 5 0 7 0.4 12 0.4 14 0.3 57 0.4 71 0.8 
1917 20 0.5 71 0 92 0.7 
1954 23 0.3 50 0 72 0.3 74 0.5 
1956 4 0.8 5 0.3 28 0 38 0 51 0.3 62 0 88 0.7 89 0.8 96 0.9 
2041 3 0.9 23 0.3 32 0.4 63 0 70 0.7 
2434 23 0.9 77 0.5 84 0.7 
2453 1 0.8 27 0 
2457 9 0.3 44 0 87 0.7 
2480 43 0.3 
2541 0 0.6 38 1 39 0.8 45 0.8 53 0.3 94 0.4 
2716 9 0 13 0 20 0.4 28 0.6 42 0 48 0.9 61 0 70 0 75 1 80 0.3 
2879 18 0.8 71 0.7 
3042 5 0.7 30 0.3 31 0.6 37 0.6 52 0.4 62 0 69 0.3 78 0 92 0.7 96 0 
3142 11 0.5 21 0.9 41 0.4 84 1 
3208 21 0 24 0.6 56 0 67 0.7 97 0.5 
3265 33 0.4 38 0.7 73 0.8 77 0 83 0.9 90 0.8 
3268 7 0.8 17 0.8 22 0 35 0.9 36 0.9 89 0.8 
3353 16 0.4 21 0.9 45 0.4 50 0.5 55 0.6 61 0 96 0.4 
3409 4 1 18 0.6 38 0.4 49 0.9 72 0.6 89 0 94 0 
3645 8 1 9 0.6 77 0.7 89 0 
3844 9 0 23 0.3 24 0.6 32 1 37 0.6 47 0.5 60 0.5 97 1 
3998 47 0 51 0 52 0.5 64 0.7 65 0.5 69 0.5 71 0.7 75 0.6 86 0.4 87 0 
4108 15 0 21 1 
4194 16 0 
4219 22 0 28 1 29 0.6 63 0 
4250 2 0 8 0.6 15 0.4 25 0.4 53 0.9 60 0.4 
4567 47 1 
4674 25 0.7 30 0.6 33 0 37 0.9 51 0.5 59 0.8 70 0.6 85 0.8 
4711 4 0 8 0.9 13 0 
5078 5 0 12 0.8 20 0.9 29 0.4 31 0.5 78 0 83 0.3 
5109 14 0.6 15 0.7 23 0 41 0 45 0.8 46 0.7 50 0.3 63 0 90 0.8 
5218 16 0.4 28 0.5 46 1 48 0.5 51 0.3 64 0.8 70 0.9 81 0.7 
5253 0 0.9 28 0.3 35 0.6 36 0.9 75 0.3 79 0.8 80 0.9 81 0.3 96 0.6 99 0.9 
5566 7 0 81 0.9 82 0.7 
5681 82 0 
5776 8 0 14 0.9 50 0 57 0.7 66 0 73 0.7 87 0 91 0.7 92 1 96 0.3 
5805 24 0.3 41 0.6 43 0 62 0.8 66 0.3 
5895 5 0.3 38 0.3 65 0.8 84 0.5 
5955 45 0.4 75 1 
6036 41 0 87 0.4 
6187 3 0.3 37 0.4 40 0.7 53 0.7 69 0.5 75 0.6 90 0.7 91 0.9 
6264 8 0.5 33 0.9 40 0.3 54 1 73 0 77 0.8 78 0.9 80 0.5 95 0.5 
6341 4 1 14 0 67 0.9 79 0.8 
6400 17 0 22 0.8 26 0.6 39 0.6 40 0 92 0.3 95 0.3 
6734 2 0.3 8 0 50 0.7 53 0 54 0.5 92 0.3 
6736 10 1 39 0 42 0 65 0.8 76 1 90 1 92 0.3 96 0.3 
7021 33 1 35 0.3 45 1 49 0.8 72 0.8 90 0 94 0 
7190 34 0.6 42 0.8 
7204 33 0.9 36 0.7 49 0 76 1 
7335 9 1 25 0 56 0.7 85 1 
7436 55 0 
7518 24 1 45 0.4 52 0 60 0.4 70 0.4 
7584 5 0.5 67 0.5 89 0.3 91 0.9 
7628 29 0.5 
7740 29 0.9 97 0.7 99 0 
7752 34 0 81 0 95 0.6 
7775 10 0.6 40 0 69 0 
7843 6 0.5 9 0.3 25 0 43 0.4 75 1 88 0.8 90 0.4 93 0.3 
8176 8 0 20 0 24 0.8 60 0 74 1 78 0 89 0.4 92 0.5 95 0 
8352 39 0 
8382 1 0.3 75 0.8 85 0.8 95 0 
8504 5 0.9 
8631 7 0 17 0.9 30 0.4 62 0.4 72 0.5 76 0.8 
8638 47 0.6 68 0 71 0 84 0 91 0.5 92 0 
8688 11 0.7 29 0 44 0.8 71 1 72 0 93 0 96 0.4 
8707 51 0 
8708 13 0.6 19 0.6 22 0.3 23 0.9 37 0 48 1 81 0.7 91 0 
8780 11 1 13 0.6 18 1 20 0 25 0.7 34 0 67 0.8 73 0.3 75 0 99 0 
9218 8 0.6 9 0.3 33 0 40 1 47 0.8 49 0 86 0.4 96 0.7 98 0 
9429 16 0 20 0.4 31 0.5 34 0.4 45 1 72 0 81 0 95 1 97 1 99 0.3 
9438 2 1 14 0.6 28 0.8 29 0 34 0.9 38 0.4 69 0.6 99 1 
9498 1 0 24 1 30 0.5 38 0.3 39 0 45 0.8 66 0 67 0 76 0.5 
9695 16 0.5 22 0.7 27 0.7 49 0.6 70 1 80 0.8 85 0.9 90 0.8 92 0.9 
9727 1 0.7 42 0.8 55 0.6 65 1 74 0.9 80 0.5 82 0.8 99 0 
9827 3 0.8 28 0 33 0.4 36 0.7 60 0 67 0.7 71 0.7 87 0.6 88 0.3 89 0.7 
9946 0 0.4 11 0.5 18 0 22 0 26 0 39 0.9 45 0.5 80 0 
