100
71 7 0.7 17 0.5 42 0.3 59 0 76 1 79 0.3 85 0.5 95 0.3 
106 4 0 6 0 10 0.6 19 0 32 0 35 0.3 56 0 65 0 69 0.8 71 0.7 
185 9 1 13 0.8 17 0.4 19 0.6 30 0.9 32 0.7 35 0 58 0.5 83 0.5 88 0.4 
189 4 0 89 0.9 
290 11 0 17 0.3 22 0.4 34 0 60 0.5 89 0.5 97 0.9 
389 9 0.4 19 0.6 25 0.8 27 0.9 39 0.4 55 0.9 57 0.5 73 1 94 0 
496 4 0.7 43 0 45 0 48 0.4 
605 2 0.8 16 0.9 27 0.5 61 0 95 0.3 97 0 
636 10 0.4 35 0 42 0.9 52 0.9 66 0.3 71 0.5 90 0 94 0 
672 24 0.6 57 1 64 0.3 
683 8 0.3 19 0 21 0 26 0.7 33 1 41 0.3 54 0 67 0 83 0 
737 36 0.4 43 1 46 0 59 0 69 0.4 90 0 
862 0 0 8 0.9 21 0.6 22 0.6 27 0.6 29 0.3 42 0.5 46 0 72 1 89 0.8 
983 6 0.4 13 0 18 0.3 31 0.6 55 1 
1051 70 0.3 84 0 91 0.8 94 0.6 
1089 2 0.7 6 0.7 23 0.3 26 0.8 42 0.8 78 0.7 85 0.4 87 0.8 95 0 
1156 14 1 18 0 23 1 47 0.8 53 1 93 0 95 1 
1202 2 1 9 0.6 15 0.5 18 0.8 34 0.5 75 0.9 76 0.5 77 0.5 93 0.9 
1234 46 0.6 54 0.5 96 0.8 
1257 7 0.8 8 1 11 0.7 15 0 28 0.7 73 0.5 75 0.8 88 0.4 99 0.7 
1285 5 0.9 20 0.7 37 0.7 41 0 63 0.4 71 0 
1325 11 0 27 0 84 1 92 0.7 
1335 28 1 46 0.4 47 0 76 0.9 
1363 21 0.9 77 0 
1386 4 0.5 9 0.7 18 0.7 26 0.5 40 1 43 0.7 
1423 2 0 5 0 22 0 38 0.3 76 1 84 0 
1500 0 0.8 23 0.8 26 0 42 0 58 0.9 66 0.3 68 0.8 77 0.9 79 0.3 
1552 88 0 
1593 22 0.5 33 0.7 35 0 47 0.4 54 0.4 63 0.8 78 1 
1710 3 0.9 41 0.7 88 0.6 
1737 41 1 43 1 62 0.3 64 1 66 0 70 0.3 
1842 9 0.7 10 0.9 37 0.9 51 0.8 55 0 58 0.4 67 0.4 72 0.6 94 0.3 98 0.3 
1907 5 0 8 0.7 40 0 64 0.5 70 0.9 85 0.8 89 0 94 1 98 0.8 
2121 27 0.5 29 0 30 1 88 0.9 
2390 5 0.9 39 0.7 45 0.4 61 0.3 83 0.3 
2469 0 0 3 0 60 0.3 
2574 14 0.4 17 1 37 0.3 58 0 62 0.4 78 0.3 88 0 
2576 1 0 11 1 28 0 33 1 72 0.6 89 0.8 97 0 
2591 0 0 4 0.4 12 0.6 21 0 22 0 46 1 57 0.8 79 0.3 80 0.3 
2625 32 0.7 
2727 15 0.3 23 0.8 44 1 49 0.3 51 0.3 55 0.9 71 0.4 72 0 79 0 
2895 90 0 
3362 6 0.6 15 0.9 31 0.7 
3379 5 0 10 0.3 11 0.8 24 0 49 0 53 1 63 0.8 68 0.7 73 1 74 0 
3390 22 0 27 0.4 33 0.4 44 0.3 81 0.3 90 0.7 
3452 25 0.4 
3532 13 0.5 14 0 23 0 33 0 40 0.3 43 0 57 0.3 61 0.5 78 0.3 
3664 25 0.5 37 0.7 56 0 74 0.8 
3691 4 0.9 22 0 23 1 64 0.4 69 0.9 70 0 72 0.5 87 1 98 0.4 
3786 4 0.8 13 0.3 14 0.5 49 0.9 74 0 91 0.7 
3821 6 0.5 12 0.5 23 0.5 26 0.9 49 0.5 82 0.6 88 0.7 
3841 0 1 5 0.8 10 0.3 19 0 35 0.3 38 0.9 54 0 55 0.6 62 0.6 68 0.7 
4057 49 0.3 93 0.4 
4085 1 0.3 4 0.9 22 0 40 0.3 43 0.8 53 0.3 64 0 66 0.5 86 0 95 0 
4160 23 0.4 
4245 15 0.7 17 1 27 0.5 30 1 31 0.6 41 0.6 43 0.8 65 1 68 1 80 0.8 
4799 42 0 51 0 73 0 78 0.9 
4860 27 0.4 34 1 53 0 71 0.8 76 0 79 0.8 
4866 7 0 19 0 43 1 60 0 71 1 93 0 
4978 3 0.3 14 0.6 26 0 43 0.3 47 0.8 48 0 60 1 68 0.8 75 0.9 81 0.6 
5286 7 0.4 10 0.4 15 1 25 0.8 47 1 80 0.5 
5290 62 0.8 79 0 98 0.4 
5317 14 0.7 20 0.5 30 0.5 35 0 58 0.9 84 0.6 86 0.3 89 0 
5370 11 0.9 16 1 71 0.5 
5437 20 0.8 
5599 2 0.6 7 0.3 10 0 51 0.5 64 0.4 78 0 81 0 
5633 17 0 64 0.6 72 0 81 0.5 86 0.6 
5699 39 0.7 
5994 17 0.3 18 0.7 24 0.6 25 0 27 0.7 33 0 99 0.6 
6349 0 0.9 6 0.3 10 0.6 24 0 51 0.6 62 0.6 67 0.5 77 0 97 0.5 
6355 82 0.5 89 0.9 
6385 51 0 57 0.6 71 0 82 0.5 91 1 
6666 76 0.8 
6713 16 0 18 1 61 0.3 70 0.6 72 0.6 86 0.6 97 0.9 
6845 14 0.9 57 1 62 0 64 0.9 89 0.6 
6949 33 0 80 0 82 0.7 94 0.4 
6986 0 0 1 0.8 29 0.8 45 0.5 48 0 61 0 92 0 99 0.7 
7021 33 1 35 0.7 45 0.6 49 0.3 72 0.6 90 1 94 0.6 
7171 25 0 38 1 96 0.4 
7227 7 1 49 0.7 
7324 10 0.5 12 0 16 0 29 0.6 40 0.7 46 0.9 48 0 80 0.5 
7340 22 0.4 42 0.6 69 0.8 71 0.7 75 0.9 78 0.9 89 0 
7659 35 0.6 44 0.6 54 0 56 0.5 60 0 74 0.5 80 0.5 86 1 
7785 24 0 37 0.3 40 0.4 83 0 
8130 93 0.5 97 0 
8481 39 0.7 94 0.3 
8627 19 0.3 89 0.8 
8661 6 0.9 16 0.7 61 0.7 86 0.8 94 0 
8700 18 0.7 68 0.5 72 0.5 
8703 43 0 
8737 24 0 25 0.4 27 0 67 0 80 0.7 99 0 
8778 20 0.9 22 1 25 0 31 0 34 1 54 0.9 59 0.4 72 0.4 
8834 38 0 46 0.8 79 0.3 
8865 4 0 18 0.7 41 1 50 1 79 0.9 98 0.3 
9046 11 0.9 14 0 32 0.4 
9188 14 0.4 22 0.3 32 0.9 49 0.3 60 0.4 61 0.9 65 0.6 98 0 
9482 43 0.8 99 0.7 
9503 5 0 15 0.5 22 0.5 31 0.3 40 0.6 43 0.6 44 0.4 51 0 98 0 99 0.9 
9744 13 0 54 1 95 0.3 
9853 16 0.3 18 0.4 56 0 
