100
28 96 0.8 
44 5 0.8 14 0.8 29 0.6 76 0.3 85 0 91 0.8 98 0.8 
288 34 0 35 0 38 0.7 58 0.4 67 0 71 0.3 
294 21 0.8 43 0.9 49 0.8 
366 8 0 26 0 31 1 65 0.6 71 0.4 76 0.9 99 0.6 
467 16 0 21 0 23 0.5 25 0.9 32 1 34 0.5 41 0.3 59 0 63 0.7 72 0 
532 4 0 74 0.5 85 0.4 
594 17 0 31 0 47 0 58 0.8 74 0 75 0.3 88 0.3 
598 57 0 60 0.3 62 0.8 64 1 98 0.3 
690 2 0.8 17 0 23 0.7 24 0.5 83 0.8 96 0.9 
749 18 0 21 0.7 51 0 52 0.7 64 0 
764 7 0 20 0.8 32 0.6 57 0 72 0.7 81 1 
1154 1 0 2 0.8 5 0.6 22 0 24 0.5 26 0 79 1 
1175 0 0.3 9 0.9 14 0.4 18 0.8 30 0.4 51 1 80 0.8 82 0.6 
1186 30 1 41 0.3 96 0 
1271 31 0.9 32 0.5 80 0.8 98 0 
1411 15 0.3 20 0.3 23 0.7 29 0.4 83 0 88 0.9 91 0.9 95 0 97 0 
1446 31 0.6 90 0.4 
1533 5 0.5 28 0.9 92 0.6 95 0 
1549 44 0 75 0.7 81 0.6 91 0 
1554 6 1 19 0.4 27 0.5 34 0 
1584 12 0.4 19 0 25 0.8 30 0.7 44 0 49 0.3 58 0.5 74 0.5 78 0.5 
1687 36 0.4 
1689 11 0.9 13 0 23 0.8 33 0 37 1 40 0.7 51 0 61 1 68 0.8 75 0.3 
1852 3 0.8 6 0.5 7 0 42 0.3 86 1 
1919 3 0.7 19 0 26 1 40 0.9 45 0.5 60 0.7 61 0.4 
2033 85 0.8 
2070 31 0.7 50 0.9 52 1 57 0 64 0.3 81 0.6 
2191 11 0 37 0.8 45 0 
2224 6 0 23 0.7 32 0 34 0.5 53 0 60 0 81 0 97 0.7 
2286 43 0 74 0 
2364 4 0.4 8 0.7 42 0.4 44 0 55 0 71 0.9 74 0.3 79 0.8 87 0 89 0 
2708 0 0.5 18 0.7 37 0.9 39 0.9 48 0.6 58 0.9 88 0.5 99 0.5 
2793 19 0.7 56 0.3 
2833 18 0.4 
2837 27 0 35 1 42 0.8 47 0.5 68 0 72 0.3 73 0 
2891 66 0.8 78 0.3 87 0.7 90 0.6 96 0.4 
2929 54 0 83 0.8 95 0.7 
3006 74 0 87 0 
3087 20 0.5 24 0.9 41 0.7 61 0.9 77 0.5 
3133 12 0.7 46 0.7 89 0.8 96 0.9 
3258 7 0.8 14 0.3 21 0.5 41 0 60 1 78 0 81 0.6 88 0 89 0.6 98 0 
3259 32 0.3 37 0.8 42 0.7 49 0.3 
3373 48 0.6 61 0.7 
3487 8 0.8 60 0.9 63 0 66 0 70 0.8 73 1 89 0.8 91 0.5 
3489 24 0.4 32 0.5 72 0.3 85 0.5 93 0.8 
3625 4 0 16 0 21 0.8 38 0 52 0.5 56 0.5 71 0.4 77 0 79 0 80 0.5 
3631 80 0.8 
4426 20 0.5 
4446 4 0.8 33 0.5 47 0.6 53 0.7 58 0.6 74 0.5 77 0.5 84 0.3 85 0.3 
4532 22 0.6 29 1 34 1 35 0.8 36 0.8 44 0.5 
4541 7 0.6 10 0 56 0 75 0.5 92 0.5 
4555 11 0 46 0.4 54 0.9 64 0.6 66 0.5 68 0 74 0 94 0.7 
4711 4 0.6 8 0.4 13 0.4 
4785 0 0 14 0 40 1 45 1 96 0 
4993 29 0.4 30 0.4 32 0.7 35 0.8 
5082 7 0.8 59 0.9 
5085 13 0 18 0.9 28 0 29 0.4 49 0.3 52 0 54 0 58 0.9 
5212 3 0.9 13 1 29 0.7 62 0.5 69 0 74 0.6 79 0 82 0.5 89 0.7 91 0.4 
5309 2 0.3 6 0 13 0 22 0.7 27 0.7 55 0.3 89 0 94 0.9 
5490 13 0.7 34 0.4 35 0.5 49 0.7 50 0 56 0 57 0.4 
5574 3 0.6 18 0.5 20 0 38 0.8 48 0.9 61 0 63 0.6 90 0 
5629 39 0.3 63 0.4 
5670 38 0.5 80 0.9 
5879 37 0.9 45 0.5 70 0.6 82 0.9 95 0.4 
5995 4 0.3 16 0.7 24 0.5 33 0.5 34 0 37 0 49 1 63 0.8 67 0.3 70 0.8 
6088 28 0.6 83 1 86 0 97 1 
6239 19 0.5 21 0.6 64 0.3 
6357 36 0 46 0.3 76 0.4 80 0 96 0 
6390 17 0.6 20 0 35 0 44 0 46 0.5 52 1 55 0.7 68 0.9 
6444 14 0 15 0.5 19 0.4 46 1 74 0.7 93 0 
6463 13 0.6 24 0.5 35 0 37 0 45 0.9 86 1 87 0.5 90 1 91 0 
6707 48 0.8 78 0.5 83 0.9 84 1 87 0.4 89 0.8 90 0 
6788 2 0 3 0.7 55 0.6 67 0.8 88 0.6 
6954 9 0.6 59 0.6 
6964 1 0.5 24 0.7 
7076 36 0.4 41 0.9 44 0.6 50 0.6 56 0 79 0.6 85 1 95 0 
7335 9 0.8 25 0.3 56 1 85 0 
7447 0 0.5 1 0.6 14 0.6 28 0.5 34 0 70 0.5 73 0 74 1 88 0 
7510 0 0.3 16 0.3 71 0 81 0 
7654 94 0 
7661 44 0 74 0.6 81 0.5 
7876 18 0 19 0.7 21 0.3 39 0.8 69 0 71 1 76 0.7 85 0 94 0 
7942 2 0 61 0.5 85 0 93 0.3 
8284 31 0.9 46 0 61 0.8 67 0.7 69 0.6 72 0.5 78 1 84 0 
8393 3 0 5 0.4 12 0.5 16 0 17 1 19 0.5 39 0.9 65 0.6 
8645 64 0.3 
8963 17 0.9 21 0.4 52 0 58 0.8 86 0.7 96 0 
9110 2 0 10 0 36 0.4 38 0.5 39 0.3 79 1 
9134 2 0.7 9 0.6 28 0.3 90 0.5 99 0.3 
9136 43 0.6 84 0.8 
9202 21 0.4 32 1 62 0.8 76 0.7 78 0.8 86 0.8 96 1 
9295 3 1 
9360 11 0 29 0 35 1 63 0.6 64 1 65 0 66 0 78 0 93 1 94 0.5 
9403 8 0.7 14 0.9 25 0.4 35 0.8 67 0.7 68 0.8 76 1 
9429 16 0.7 20 0 31 1 34 0 45 0 72 0.8 81 0 95 0.8 97 0.4 99 0.4 
9632 1 0.3 22 1 69 0 
9673 8 0.6 20 0.4 49 0.7 61 0.8 65 0 84 0.9 
9706 19 0.7 36 0.8 53 0.6 55 0.6 67 1 75 0.8 78 0.4 92 0.8 
9786 3 0.9 11 0.3 20 0.9 24 1 39 0.9 42 0 74 1 94 0 95 0.3 
