100
74 19 0.3 45 0 52 0.7 56 0 85 0.3 
155 85 0.3 95 0.6 
168 22 0 26 0.6 38 1 39 0.9 83 0 
320 24 0.3 30 0.9 40 0 94 0.3 
387 27 0 33 0.7 38 0 49 0.5 65 0.6 87 0.3 
388 3 0 23 0 24 0.3 32 0 73 0.3 78 0.5 81 0.9 89 0 96 0 
449 14 0 19 0.9 27 0.8 33 0.5 40 0.7 48 0.4 53 0.4 84 0.5 86 0 
455 0 0.5 6 0 41 0 53 0.8 73 0 79 0.4 80 0.4 
457 8 0.9 22 1 32 0.8 49 0.5 58 0.4 73 0 79 1 84 0 98 0.6 
818 3 0 8 0.3 15 0.4 25 0 36 0 65 0.7 74 0.3 77 0 96 0.9 
852 33 0.9 49 0 51 0.6 60 0 75 0.5 77 0.9 78 0.9 83 0.4 91 0.7 99 1 
893 11 0.9 14 0 76 0.3 
901 39 0.4 82 0 89 0.5 
953 27 0.6 52 1 53 1 55 0.4 57 1 59 1 87 0.8 
1002 29 0.8 48 0.6 54 0.8 63 0 93 0.8 
1019 1 0.6 5 0 23 0 26 0 36 0.3 41 0.3 74 0 
1093 25 0.8 35 0.7 
1150 35 0.6 78 0 
1171 51 0.9 52 0.6 69 0.5 
1338 18 0.3 55 0 
1429 24 1 27 0.5 42 0 51 0.6 91 0.6 
1430 24 1 38 0.7 47 0 55 0.8 56 0.5 59 0.5 72 1 74 1 79 0.8 
1501 15 0.6 26 0.3 53 0.4 67 0.3 77 1 
1583 4 0.3 19 0.8 35 0 37 0.4 65 0 69 0 80 1 
1711 57 0.4 
1732 4 0.7 23 0.5 31 0.3 52 0.6 97 0 
1754 15 0.9 25 0 31 0.7 32 0 82 0.6 
1892 8 0 13 0.7 32 0.6 61 0 64 0.5 71 0 79 0.7 85 0.7 91 0.8 96 0.5 
1898 26 0 60 0.7 62 0.3 67 0 69 1 76 0.3 78 0.6 79 0 84 0.9 
1907 5 0 8 0 40 0.3 64 0 70 0.8 85 0 89 0.6 94 0.9 98 0.8 
1914 2 0.9 24 0.3 56 1 67 0 69 0.3 
1932 67 1 
2089 48 0.7 75 1 97 0.6 
2097 11 0 
2306 10 0.7 17 0.9 28 0.7 42 0 52 0.6 58 0 70 0.9 81 0.5 
2376 8 0.5 67 1 84 0.4 
2392 11 0 20 0 
2452 17 0.7 22 0.8 41 0 48 0 59 0.8 63 0.3 66 0 86 0.5 96 0 
2483 28 0.6 40 0 62 1 80 0 97 0.4 
2754 6 0.4 29 0.5 31 0.9 53 0.7 56 1 60 0.9 62 0 74 0.6 89 0.8 92 0 
2781 2 0.5 57 0.3 62 1 66 0.7 87 0.9 91 0 92 0.8 96 0.4 
3028 73 0.4 85 0.6 
3071 15 0 43 0.9 57 0.5 60 0.6 62 0 68 0.4 75 0 84 0.4 91 0.7 
3109 8 0.7 9 0.5 31 0.9 52 0.7 80 1 88 1 95 0.7 
3452 25 0.3 
3504 11 0.8 22 0.5 51 0.6 54 0 88 0.8 90 0.5 98 1 
3680 92 0.9 
3684 38 0.9 
3697 13 1 25 0.6 30 0 35 0.4 54 1 79 0.6 
3781 3 0 7 0 10 0.3 11 0.9 27 0 35 0.8 46 0.3 92 0.6 99 0.8 
3838 4 0 29 0 31 0 67 0 72 0.7 85 0 
3839 34 0.5 50 0.4 57 0.4 65 0.9 89 1 
3864 9 0.8 14 0 34 0.3 48 0.7 65 0.4 
3958 39 0.8 90 1 
4160 23 1 
4161 2 0 70 0 78 0.6 89 0 
4265 25 0.9 
4268 68 0.4 98 0.4 
4418 67 0.9 77 0 
4510 26 0 42 1 52 0.9 
4677 17 0.9 24 0 25 0.4 41 0 61 0.5 
4717 50 1 63 0.8 84 0 
4794 8 0.8 10 0.3 22 0.6 38 0.5 62 0.6 67 0 71 0.7 83 0 92 0 
4934 17 0.5 22 1 23 0.5 29 0 60 0 86 0 
5235 4 0.5 59 0 87 0 93 0 
5262 32 0 93 0 
5287 5 0 14 0.9 27 0.5 55 1 70 0 72 0 74 0 80 0.6 99 0.3 
5465 4 1 27 0.8 61 0 98 0.3 
5602 1 0.6 12 1 19 0.8 30 0 38 1 48 0.5 68 0.8 84 0.8 95 0.6 
6081 5 0.7 8 0.6 16 0.9 18 0.6 19 0.4 21 0.8 25 0.3 39 0.4 49 1 59 0.6 
6148 1 0.7 21 0.4 51 0 60 0.4 82 0.6 
6248 22 0.8 30 0 37 1 49 0.7 56 0 64 0 71 0 73 0.9 82 0.4 94 0.6 
6367 32 1 56 0 68 0.4 78 0 87 0 
6436 18 0.9 24 0 25 0.5 61 0.8 76 0.4 88 0.4 92 0.8 97 0.8 
6785 4 0.9 6 0.4 12 0 18 0.8 39 0.4 71 0.8 73 0 
6796 4 0 33 0.5 70 0.8 
6823 3 0.9 18 1 22 0.8 29 0.3 48 0.8 63 0.6 64 0.8 95 0.3 
6832 9 0.5 78 0.8 90 0.7 96 0 
6924 4 0.5 17 0 35 0 36 0.9 64 0.7 70 0.5 99 0 
7138 63 1 
7641 13 0.6 16 0.5 26 0.8 30 0.9 36 0.5 74 0.4 84 0.6 92 0.4 
7648 31 0.8 40 0.9 43 0.3 61 0.5 78 0 
7774 3 0.9 6 0.4 13 0.5 18 0.9 20 1 35 0.4 42 1 44 0.3 57 0.6 79 0.6 
7872 44 0.7 47 0.5 49 0.5 53 1 57 0 65 0.6 70 0 76 0 99 0 
7945 27 0.3 41 1 54 0.7 68 0.8 69 0.3 73 0 75 0.5 85 0.6 93 1 
7978 32 0.3 50 0.7 55 0.5 66 0.8 72 0.8 79 0.3 95 0 
8015 6 0.4 17 0 37 0.6 45 0.7 60 0.7 67 1 77 1 93 0.6 
8174 23 0 34 0 56 0.6 66 0.7 69 0.6 
8225 10 0 36 0.8 63 0.9 
8396 48 0.3 88 0 
8701 10 0.5 21 0.9 37 0.5 82 0.3 89 1 
9176 19 0 30 1 31 0.9 76 1 80 0.7 85 0.7 
9240 68 0.7 
9290 28 0 36 0.9 39 0.9 42 0 59 0.6 66 0.5 83 0.6 99 0.7 
9405 8 0.8 14 0.5 35 0 40 0.6 44 0 82 0.7 86 0 
9409 8 0 61 0 71 0.8 77 0.4 82 0.7 87 0.9 
9432 67 0.3 68 0 
9488 11 0.6 14 0 31 0.5 32 0.4 34 1 46 0.8 47 0.5 81 0 83 0.3 
9872 28 0.3 39 0.5 60 0.8 61 0.6 
9984 5 0 14 0.9 38 0 88 0 
