100
44 5 0.4 14 0.7 29 0.9 76 0.3 85 1 91 0.3 98 0.9 
129 14 0.4 25 0.3 42 0 48 1 56 1 61 0 68 0 
168 22 0 26 0.4 38 0 39 1 83 0.6 
184 24 0.6 36 0 38 0.5 66 0.4 
214 17 0.4 77 1 94 0.5 
219 18 0.9 38 0.3 
244 23 0.7 25 0.3 27 0.5 58 0.8 
327 2 0.8 12 0 18 0.3 33 0 65 0 94 0.5 
332 74 0.6 
435 84 0.8 90 0 
535 9 0 25 0.4 33 0 35 0.9 40 1 42 0 83 0.9 88 0.3 93 0.8 
602 13 0.4 19 0.8 27 0.4 43 0 66 0.8 97 0.7 
749 18 0.7 21 0.5 51 0.9 52 0.8 64 0.4 
765 7 0.7 45 0 47 0.9 51 0.7 64 0.7 70 1 95 0 
965 13 0 23 0 30 0.6 35 0.7 53 0.3 62 0 65 1 69 0.8 75 0.3 85 1 
1108 3 0.5 5 1 8 0 13 0 41 0 44 0.5 45 0.6 94 0 98 0.4 
1282 3 0.4 
1463 21 0.9 38 1 52 0 92 0.4 94 0.9 
1640 2 0.9 6 0.9 8 0.9 25 0.9 27 0.8 81 0.7 84 0.8 93 0 
1745 42 0 54 0.5 59 0.7 68 0.5 70 0.3 76 0.6 84 1 90 0.8 
1910 2 0.9 7 0 28 0.9 56 0 62 1 76 0.5 86 1 92 0 
1940 6 0.3 17 0.5 40 0 63 0.4 90 1 98 0.7 
1951 16 0 19 0 22 0.9 24 0.4 29 0.4 30 0 55 0 63 0.4 82 1 
2098 5 0.7 28 0.7 46 0.8 66 0 85 0.4 
2099 16 0.8 48 0 55 0.8 57 0 74 0.8 90 1 
2198 5 0.6 45 0.6 
2237 55 1 82 1 92 1 
2253 19 0.5 25 0.7 26 0.7 44 0 48 0 51 0 
2288 1 0.6 8 0.3 54 1 74 0.5 
2331 12 0.5 17 1 23 0.9 52 0.3 54 0.5 59 0.7 85 0 86 0.8 95 0.5 
2393 4 0.5 11 0.8 12 0.8 18 1 41 0 54 0 59 0 74 0 76 1 91 0.5 
2398 0 0.6 3 0.6 11 0.6 27 0.7 33 0 40 0.7 69 0.6 73 0 98 0.9 
2570 1 0.5 23 0.8 24 0.5 37 0.7 38 0 46 1 71 0 
2860 7 0.4 46 0.5 50 1 94 0 
3044 42 0 44 0.7 52 0.8 56 0 60 0.9 71 0 78 0.9 
3124 13 0 40 0.5 43 0.3 55 0.7 63 0.4 83 0.6 91 0.4 97 0.3 
3159 1 0.8 51 0 57 0.8 95 0.7 
3399 21 0 29 0 38 0.4 
3677 4 0.8 
3764 9 0.7 13 0.7 25 1 34 0 64 1 74 0 75 1 76 0.5 77 0.4 
3930 11 0.5 15 0.8 17 0.9 24 0.3 31 0 67 1 89 0 
4155 1 0.5 13 0.6 30 0.9 59 0.3 65 0.4 85 0.6 
4222 20 0.8 28 0.8 54 0.4 55 0.9 70 0.6 
4247 1 0 15 0 16 0 29 0.7 35 0.5 36 0 42 0.4 59 0 63 0.9 
4334 6 0.5 14 0.6 18 0 27 0 31 1 35 0.9 38 0 75 0.8 92 0.5 94 0.4 
4694 34 0.6 55 0.7 61 0.4 68 0.9 
4718 11 0.9 15 0.4 55 0 64 0.4 74 0 86 0 93 0 98 0.5 
4763 0 0 14 0.9 19 0.5 39 0.3 57 0.7 80 0 
4793 31 1 55 0 
4861 16 0.5 47 0.8 65 1 67 0.9 95 0.9 
5298 4 0.3 9 0.8 12 0.8 17 1 19 0 22 0.6 60 0 
5365 7 0.7 28 0.4 30 0.6 31 0.5 59 0 77 0.9 92 0.5 93 0.9 96 0.5 
5382 23 0.7 32 0.3 43 0.7 50 0.7 61 0.3 63 0.7 64 0 88 0 90 0.4 
5427 2 0.8 33 0.5 46 1 62 0.6 
5469 21 0 23 0 26 0.7 31 0.4 34 0.7 60 0.5 64 0.7 86 0 88 0.9 
5770 5 0.3 9 0 15 0.7 20 0.7 26 0.9 67 0.4 84 0 
5872 4 0 10 0.3 70 0.6 76 0.4 88 0.3 96 0.9 
5897 6 0 28 0 36 0.8 60 0 68 0 69 0 72 0.3 73 0.8 75 0.8 92 0.8 
5995 4 0 16 0.9 24 0 33 0.6 34 0.7 37 0 49 0 63 0.4 67 1 70 0.5 
6030 45 0.9 
6065 18 0 25 0.6 26 0.6 62 0.8 72 0.9 80 0.9 86 0.4 97 0.8 
6316 48 0.3 49 0.6 55 0.7 
6356 28 0.7 49 0 80 1 
6486 54 0.9 82 0.6 
6593 10 0 12 0.5 21 0.3 53 0 58 0.6 62 0.6 
6705 21 0.3 89 0 92 0 93 0.6 
6745 4 0.7 5 0 62 0 80 0 90 0.8 
6796 4 0 33 1 70 0 
7087 0 0 8 0 70 0 88 0.4 99 0.7 
7125 60 0.4 61 1 79 0.4 
7315 39 0.9 51 0.7 64 0.7 67 0.6 76 1 
7426 7 0.9 34 0.4 
7509 2 0.8 12 0 39 0 43 0.5 78 0.9 
7589 16 0.9 34 0.8 38 0.3 45 0 68 0.6 98 0.9 
7632 25 0 47 1 89 0 
7769 19 0.7 24 0.3 25 0.9 70 0 76 0.6 91 0 99 0.3 
7799 3 0 39 0 46 0 54 0 67 0.4 70 0.4 94 0.8 98 0.5 
7881 8 0.4 11 0.8 20 0.4 42 0 75 0.6 76 0.8 89 0 93 0.7 
7886 11 0.5 42 0 44 0.6 91 0.4 
7891 29 0 46 0.9 49 0.7 68 0.7 97 0.5 
7971 14 0.7 25 0.9 42 0.4 47 0.7 61 0.3 70 0.6 94 0 
8058 0 0.4 
8233 7 1 58 0.8 63 0.9 70 1 74 0.9 95 0 98 0.3 
8312 26 1 44 1 48 0.4 72 1 91 0.7 
8335 6 0.9 51 1 60 0.9 69 0.3 
8433 7 0.6 10 0 16 0.9 24 0.9 43 0.6 52 0 78 0.9 
8565 9 0 18 0.4 24 0.8 35 0.5 39 0.3 42 0.3 59 0.9 65 0.8 76 0.7 85 0.8 
8668 22 0.8 26 0 29 0.8 30 0.7 56 0.5 57 0.5 81 0.8 82 0.3 88 0 96 1 
8743 8 0.3 29 0 32 0 81 0 94 0.7 
8909 4 0 23 0.5 36 0 50 0.3 56 0.9 62 0 66 0.7 69 0.6 75 0.9 
8924 27 0.5 39 0.6 43 0 
9015 4 0.7 15 1 17 0.4 78 0.9 
9233 4 0 33 0.8 67 0 86 0.8 
9270 15 0.4 23 0.4 58 0.6 68 0.8 71 0 
9373 7 0.7 11 0.7 21 0.5 34 0.6 43 0.4 50 0.6 
9523 6 0.9 22 0.5 37 0.9 42 0.3 48 0 
9662 9 0.6 24 1 36 0.4 43 1 60 0.4 74 0.4 75 0.5 84 1 97 1 
9688 4 1 17 0.9 71 0.4 
9818 18 0 94 1 
9850 0 0.8 10 0.3 33 0 35 0.9 69 0.4 84 0 
