100
57 22 0.7 28 0 44 1 55 0.5 69 0.7 74 0.7 77 0 
65 5 1 26 0.8 43 0.9 47 0.7 96 1 99 1 
123 20 0.4 
163 6 0.7 18 0.9 31 0.9 54 0.4 
215 28 0.8 64 0.6 94 0 
351 11 0.7 16 0.9 22 0.7 75 0 
475 7 1 21 0 37 0.5 45 0.9 62 0 74 1 86 0 88 0.3 
575 53 0.3 62 0 92 0 
607 8 0.3 15 0.6 31 1 40 0.4 68 0 89 0.3 90 0.3 92 0.3 93 0.5 98 0.6 
630 11 0.4 21 0.7 29 0.6 40 0.4 52 0.8 82 0.9 86 0 95 0.8 
642 2 0.8 3 0 28 0 37 0.6 41 0 54 1 
875 5 0.3 25 0.8 50 0 55 0.5 
1184 8 0 
1224 18 0.7 21 0.8 48 0 
1259 18 0.3 47 0 48 0 51 0.8 66 0 70 0.8 90 0.6 
1340 7 0 8 0 9 1 75 0.6 81 0.3 86 0.5 
1352 0 0.4 16 0.8 37 0.8 41 0 53 0 63 0 70 0.6 77 0.3 
1358 1 0.5 45 0 95 0.7 
1384 5 0.7 40 0.6 41 0.5 44 0.8 53 0 55 0.5 
1448 0 0.4 23 0 45 0.7 46 0.6 51 0.6 79 0 95 1 
1480 2 0.3 31 0 56 0.7 71 1 73 0.9 79 0 
1490 2 0 24 0.8 45 0.9 49 0.6 52 0.3 56 0.8 74 0 88 0.8 94 0.8 
1562 26 0.4 86 0.5 
2039 4 1 11 0 28 0.6 29 0.7 59 0 62 0.4 71 0 73 0.9 
2069 25 0 34 0.7 55 0 60 0.7 72 0.8 73 0 
2168 6 0.8 15 0.8 32 0.5 52 0.5 65 0 
2223 28 0 29 0.7 34 0 50 0.3 53 0 68 0.5 95 0.8 98 0.3 
2299 2 0.3 3 1 37 0.3 43 0.3 82 0 
2363 4 0 13 0.6 18 0.3 47 0 50 0.3 59 1 74 0 78 1 84 0.3 96 0.5 
2373 38 0.7 
2444 5 0.8 10 1 66 0.3 75 0.4 77 0 83 0.8 88 0.5 92 0.3 
2528 5 0.6 18 0.4 65 0.8 78 0.5 
2642 53 0.9 92 1 
2725 12 0.8 16 0.3 17 0 20 0.9 34 0.7 43 0.6 83 0.4 87 0 94 0.6 
3044 42 0.6 44 0.7 52 0.5 56 0.6 60 0.9 71 0 78 0.3 
3082 21 0 29 0 34 0 55 0 64 0.6 68 0 
3154 38 0.7 47 0 73 1 84 0.7 
3164 22 0 29 0.4 59 0 67 0 68 0.5 74 0.5 85 0.3 
3165 9 0.9 11 0.3 57 0 
3769 55 0.9 63 0.3 78 0 
3812 15 0 16 0.4 49 0.7 52 0.5 59 0 99 0.5 
4145 10 1 19 0 30 0.8 70 0 81 0 83 0.9 97 0 
4284 4 0.7 28 1 33 0.5 62 0.7 63 0.4 95 0 96 1 
4382 11 0.5 27 0.3 34 0.3 51 0 69 0.9 70 0.6 
4442 11 0.5 27 0.7 28 0.5 36 0.3 37 0 45 0.4 55 0.6 63 1 64 0.9 89 0 
4490 9 0 37 0 
4788 24 0.3 45 1 58 0.9 
4864 94 0.6 
4999 18 0.5 19 0.7 69 0 92 0 
5009 2 0.8 4 0.8 19 0.4 45 1 64 0.4 67 0.9 79 1 82 0 84 1 
5064 0 0 46 0 
5208 6 0.4 19 0 22 0.9 50 0.4 54 0.6 61 0.9 69 0 73 1 
5589 2 0 10 0.9 13 0.4 18 0.7 49 0 79 0.6 97 0.7 
5666 11 0.4 17 0.7 31 0 62 0 98 0.5 
5838 14 0 22 0.5 25 0 30 0.9 47 0.9 49 0.5 66 0 69 0 73 0 75 0 
5849 0 0.7 12 0.5 19 0.9 41 0 43 0.6 74 0.4 91 0.7 
5867 93 0.9 
6002 1 0.8 33 0.6 36 0.6 46 0.7 65 0.8 70 0 83 0 87 0 99 0.8 
6011 27 0 28 0 39 0.8 40 0.6 47 1 49 1 63 0.3 70 0.8 87 0 
6107 70 0.7 99 0 
6200 49 1 66 1 
6449 32 0 83 0.4 
6457 5 0.7 22 0.6 23 0 58 0.8 60 0.3 70 0.6 77 0 82 0.3 90 0.3 
6532 6 0 38 0 62 0.9 69 0.3 70 0.8 71 0.5 76 0.4 80 0 84 0 
6656 13 0 32 0.8 44 0 72 1 83 0.8 84 0.7 
6946 74 0.7 95 0.5 
6990 13 0.5 17 0.4 24 1 32 1 41 0.3 42 0 49 0.4 62 0.8 65 0.9 91 0.4 
7010 15 0 22 0.3 25 0.4 63 0.3 65 0.4 94 0.6 
7143 12 0.8 19 0.5 41 0.9 
7160 19 0.5 
7299 27 0.8 39 0 55 0.6 78 0.7 
7365 19 0.9 26 0 44 0 45 0 78 0 
7372 5 0.8 12 0 20 0.5 45 0.5 55 0.7 57 0.4 62 0.5 68 0.7 86 0.9 89 1 
7452 27 0 34 0 46 0.6 48 0.7 49 0.5 50 0.9 59 0.8 68 0 72 0.9 
7464 33 0 
7591 0 0.9 36 0.4 56 0 
7592 5 0.6 27 0.7 31 0 56 0.5 57 0 58 0 66 1 82 0 89 0.3 95 0.3 
7806 14 0 25 0.8 33 0.5 34 0.9 47 0.8 48 0.7 52 0.9 74 0.6 
7832 32 0.6 58 0 84 0.6 
7875 19 1 20 0 48 0.3 79 0.7 81 0 94 0.7 
8179 7 0.3 57 0 82 0 85 0 90 0 
8249 12 0.5 31 1 54 0 57 0.9 58 0.9 67 0.6 
8269 90 0.4 
8372 3 0.8 6 0.3 29 0 42 0.4 80 0 82 0.6 97 0.6 
8401 27 0 
8448 64 0 
8543 2 0 16 1 76 0.6 79 0.5 84 0.7 96 0 
8747 8 0 17 0 19 0.7 32 0 67 0 76 0.5 83 0.9 88 1 
8837 2 0 
8844 6 0.5 39 0.9 
8926 10 0.8 12 0.3 52 0.3 55 0.6 58 1 
9078 3 0.5 6 0.7 19 0.9 21 1 35 0 43 0.9 53 0.9 71 0.7 76 0.7 77 0.7 
9174 15 0.8 50 0.8 65 0.9 69 0 
9195 0 0.6 7 0.7 9 0 10 0.4 
9212 33 0.8 40 0.8 49 0.6 
9239 4 0 23 0.8 24 0.9 38 0.7 54 0 75 0.7 83 0.6 98 0.3 
9689 7 0.5 18 0 27 0.8 36 0.5 42 0.9 54 0 61 0.7 67 1 85 0 86 0 
9698 4 0.6 8 0.7 17 0.3 20 1 40 0.8 55 0.4 60 0.9 73 0.8 75 0 
9842 2 0.4 28 0 56 0.7 72 0 86 0.7 
9944 1 0 5 0.9 14 0 60 0.3 90 0.8 
