100
81 0 0.5 9 0.5 13 0.5 21 0.4 22 0.7 44 0 69 0.8 84 0.6 87 1 91 0 
147 33 0 37 0.8 44 0 51 0.6 53 0.3 58 0.3 60 0.9 77 0 80 0.4 83 0 
179 54 0.4 63 0.3 
185 9 0.8 13 0.7 17 0.6 19 1 30 0 32 1 35 0.4 58 1 83 0.9 88 0.7 
277 3 0.5 17 0.4 20 0.5 44 0.9 49 0.3 67 0.3 84 0.3 92 0.3 
279 22 0.4 27 0.6 37 0 62 0.9 67 0 73 0 
477 9 0 33 0.5 40 0 51 0.8 64 1 
553 0 0.6 9 0 59 0 60 0 61 0.4 67 0.3 77 1 
556 22 0.7 38 1 39 0.3 54 0.3 60 0 63 0 76 0 
869 23 0 60 0 93 0 
1022 72 0 
1115 54 0.6 
1252 6 0.3 90 0.9 
1260 5 0.8 46 0 
1289 15 0.7 18 0.3 31 0 32 1 34 1 38 0.8 43 0.7 84 0.6 93 0 
1312 2 0.5 39 0.8 71 0.4 81 0.8 86 0.8 89 0.8 
1333 27 0 
1350 14 0.7 38 0.3 68 0.9 91 0.7 
1359 20 0 21 0.8 39 0.5 48 0.4 49 0.3 59 0.7 64 0.7 74 0 
1370 1 0.6 13 0 26 0.5 34 0 
1373 5 0.8 45 0.5 63 0.9 70 0 71 0.7 79 0 95 0.6 98 0.8 
1419 12 0 
1423 2 0.3 5 0.9 22 0.6 38 0.8 76 0.6 84 0.7 
1473 24 1 66 0.9 75 0.3 96 0.8 
1503 49 0.4 66 0.9 98 0 
1546 15 0 22 0.3 29 1 98 0.4 
1588 0 0.8 6 0 25 0.5 28 0.9 32 0 41 0 56 0 73 0.6 79 0 89 0.8 
1649 1 0.4 45 1 99 0.6 
1781 5 0.9 7 1 12 0 14 0 57 0 71 0.7 
1786 10 0 15 0 21 0 
1837 4 0 27 0 28 0 48 0.9 60 0.8 63 0 94 0.7 95 0.6 96 0.3 99 1 
1842 9 0 10 0.7 37 0.3 51 0.9 55 0.6 58 0.3 67 0.7 72 0.6 94 0.3 98 0.3 
1856 20 0.6 47 0.9 
1911 28 0 39 0.5 88 1 
1948 27 0.8 32 0.6 40 0 54 0.7 67 0 68 0.7 82 0 
1980 35 0.7 39 0 56 0.9 62 0.8 65 0 71 0.3 90 0 95 0.9 
2174 26 0 31 0.8 46 0.5 63 0.9 86 0.8 
2198 5 1 45 0.5 
2258 22 0 35 0.5 57 0.7 60 0 62 0.7 88 0.9 89 1 
2532 11 0.4 13 0.5 61 0.4 62 0.7 78 0 96 0.8 97 1 
2870 63 0.6 69 0.3 90 0.3 95 0.9 
2934 8 0.8 29 0.9 32 0.4 46 0.8 51 0 72 0.6 
2979 4 1 9 0.6 91 0.7 92 0.3 
3156 8 0.4 11 0.8 31 0 33 0 
3296 11 0.6 13 0.4 37 0.6 41 0.5 51 0.6 81 0.8 82 0.5 94 0.6 
3362 6 0.6 15 0.6 31 1 
3589 15 0.4 16 0 19 1 24 0.8 61 0.8 64 0 76 0.3 86 0.9 99 0.8 
3748 32 0.7 47 0.6 80 0.9 
3875 0 0.3 5 0.8 13 0 34 0.9 49 0.3 
3907 1 0.5 33 0 36 0 39 0.5 55 0.7 81 0.3 
3925 12 1 26 0.8 31 0.3 91 0.5 
3928 80 0 
4131 39 0.4 54 0.6 
4227 9 0.5 10 0 25 0.4 26 0.5 35 0.3 49 0.3 96 0.7 
4319 88 0 
4413 2 0.9 17 0 37 0.9 42 0.3 52 0.6 62 0.9 74 0.5 75 0 84 0.3 
4481 2 0.3 4 0.9 30 1 71 0.7 72 0.4 90 0 
4587 9 0.5 19 0.5 20 0.3 34 0.5 52 0.7 
5152 0 0 28 0.4 31 0.6 89 0.8 
5166 1 0 3 0 25 1 29 0 67 0 77 0.4 
5244 29 0.7 86 0.9 
5480 5 0.4 7 0.8 21 0.4 22 0.3 42 0 55 0.6 56 0 98 0.4 
5516 85 1 
5633 17 0 64 0.7 72 0 81 0.5 86 0.5 
5680 20 0 25 0.4 26 0 31 0.8 36 0 71 0 77 0.4 82 0 
5999 10 0.4 47 0 60 0.5 80 0 
6057 6 0.8 9 0.8 57 0.4 65 0 74 0.7 95 0.4 97 0.3 
6079 37 0 40 0.5 41 0.4 82 1 94 0.5 97 0 98 0.4 
6150 55 0.3 
6236 45 0 68 0 96 0 
6259 6 0.4 20 0.8 21 0.3 22 0.6 41 0.3 56 0.6 78 0.3 92 0.5 
6306 0 0.7 49 0 97 0.7 
6350 1 0.7 8 0 22 0.4 35 0.7 38 0.7 57 0.5 67 0.5 77 0 80 0.3 84 1 
6565 5 0.4 12 0.7 40 1 47 0.7 74 0.8 
6674 8 0.4 15 0.5 18 0.4 22 0 26 1 31 0.5 62 0.4 81 0 92 0 
6781 1 0.4 17 0 23 1 33 0.6 65 0.7 85 1 99 0.9 
6786 37 0.7 40 1 41 0.6 75 0 
6874 24 0 28 0.6 37 0 48 0.4 
6934 6 0.9 17 0.7 71 0 
7108 22 0.3 42 0.9 51 0.9 72 0.3 
7170 37 0 39 0.3 
7336 3 1 8 0.9 16 0.3 20 0 27 0.5 63 0.7 85 0.9 
7566 4 0.7 7 0.3 26 0.5 52 0.6 72 0 
7629 18 0.9 44 0.5 
7995 42 0.4 50 0 59 0 
8170 14 0.8 22 0 57 0 61 0.4 
8232 13 0.8 23 0 97 0 
8279 4 0.6 37 0.7 57 0.9 67 0.3 85 0.7 
8311 29 1 49 1 52 0.4 71 0.3 82 0.3 87 0.4 
8501 4 0.6 5 0.7 13 0.6 32 0.5 35 0 62 1 70 1 
8522 1 0 31 0.5 33 0.7 72 0.4 96 0.8 
8537 35 0 98 0.9 
8574 34 0.9 56 0.3 
8731 11 1 18 0.6 22 0.7 34 0.7 36 0.7 42 0.9 
8739 19 0.9 
8902 0 0.5 1 0 16 0.4 34 0.3 40 0.3 43 1 61 0 71 0.9 
9180 8 0.4 14 0 20 0.8 21 0.9 26 0.9 31 1 34 0 93 0.4 95 0 
9403 8 0.9 14 0.7 25 0.3 35 0.8 67 0 68 0.6 76 1 
9575 0 0 9 0.6 49 0.4 60 1 62 0.9 66 0.9 69 1 74 0.8 75 0.8 84 0.7 
9826 12 1 21 0.8 27 0.3 44 0.4 45 0.9 58 0.4 69 0.5 82 0.7 85 0.5 96 0 
