100
151 15 0.4 95 0.6 
168 22 0.4 26 0.8 38 0.4 39 0.5 83 0.9 
484 35 0.8 49 0.9 52 1 81 0 95 0.6 
528 4 0.7 41 0.5 
660 16 0 20 0 38 0.4 43 0 52 0.4 63 0 64 1 93 0.7 99 0 
710 1 1 38 1 58 0 89 0.8 91 0.4 
1060 0 0 16 0 17 0 21 0 24 1 49 0.4 54 0.4 98 0 
1171 51 0 52 0.8 69 0.8 
1258 30 0.5 36 0.5 54 0 59 0.5 75 0.7 79 0 82 0.5 87 0 
1307 29 0 97 0.8 
1407 7 0.9 12 0.9 29 0.9 52 0.5 61 0.7 75 0 86 0 
1530 13 0.4 21 0.4 38 1 40 0.4 49 0.9 55 0.3 82 1 84 0 89 0 95 1 
1697 17 1 43 0 58 0.5 
1790 26 1 40 0 53 0.9 64 0.8 
1833 44 1 46 0 92 0 
1868 8 0 14 0 16 0.8 35 0 48 0.9 64 0 94 0.4 
2016 7 0.9 36 1 37 0.4 65 0.8 84 0.5 86 1 94 0.6 96 0.4 97 0 
2017 4 0.6 15 0.6 26 1 27 0 32 0.3 35 0.9 48 0.9 
2097 11 0.6 
2208 15 1 41 0.9 92 0.5 
2219 25 0 
2290 14 0.5 24 0.3 64 0.5 
2392 11 0.8 20 0 
2434 23 0 77 0.5 84 0.4 
2466 21 0.4 28 1 38 0.8 46 0.6 56 0.8 69 0.3 78 0.4 84 0 
2517 11 0.9 25 0.9 32 0 37 0.3 63 1 84 0 
2518 15 0.9 24 0.9 31 0.5 81 0.9 86 1 98 0.6 
2530 5 0 23 0.4 32 0.7 33 0.8 36 0 44 1 56 1 59 0.9 63 0.4 82 0.4 
2632 2 0 40 0.9 47 0.3 67 0.6 87 0.9 
2640 16 0 29 0 41 0 72 0.5 75 0.7 85 0.7 
2726 19 0.5 46 0.9 57 0.9 82 0.8 
2919 3 0.3 21 1 22 0.5 47 0.7 73 0.5 
2922 97 0 
2998 9 0 11 0.6 13 0.4 62 0.5 86 0.3 91 0.5 
3043 1 0.5 2 0 8 0.5 60 0.8 70 1 94 0.4 
3170 24 0.8 53 0 61 0.9 84 0.7 
3183 8 0 14 0.5 21 0 40 0.5 43 1 51 0 71 0.9 92 0 
3243 58 0 73 0.3 95 0.9 
3368 13 0.8 81 0.3 
3401 81 0.8 88 0.3 
3467 10 0.4 69 0.3 93 0.3 94 0.6 
3579 0 0.7 10 0 13 0.4 18 0.9 22 0.9 34 0.4 40 0.5 55 0.3 89 0.5 
3883 30 0 48 0.7 73 0 81 0 
3990 1 0.5 9 0.5 41 0.3 50 0.3 73 0 80 0.4 95 0.9 
4001 14 0.8 
4119 6 0 12 0 34 0.9 66 0 96 0.8 
4181 15 0 28 0 34 0.9 50 0 
4273 1 0.5 77 0.8 86 0.3 89 0.7 92 0.3 
4358 4 0.5 7 0.8 22 0 63 0.9 71 0.5 87 0.9 
4369 15 0 18 0.9 38 0.3 84 0.7 
4491 53 0.4 
4860 27 0 34 0.9 53 0.6 71 0 76 0 79 0.9 
5190 39 0 72 0 
5202 4 0 50 0.3 56 0.7 61 0.4 78 0.7 90 1 
5281 81 0.7 84 0 
5314 1 0.3 4 0.9 19 0 29 1 32 0.9 39 0 47 0.6 52 1 74 0.9 
5337 2 1 11 1 22 0.9 35 0 46 0.6 59 0 75 1 95 0 
5367 12 0.3 20 0 46 0.7 49 0 62 1 89 1 
5489 3 0 5 0.4 28 0 34 0.3 35 0 39 0.4 62 0.8 71 0 89 0.7 
5596 25 0 29 0 64 0.8 89 0 
5875 7 0 
5992 0 0.4 22 0.4 34 0.8 38 0.6 39 0.6 41 0.8 47 0.7 62 0 68 0.6 95 0 
6070 0 0.8 24 0.9 32 0 33 0.9 43 0 48 0.6 82 0 99 0.4 
6180 3 0.8 39 0 75 0.6 76 0.3 84 0 96 0.8 
6277 2 0.8 20 0.7 21 0.8 50 0.6 52 0.8 54 0 57 0 75 0.6 
6709 9 0.8 30 0 35 0 59 0.9 66 0.9 91 0.8 
6750 6 0.8 16 0 26 0.5 28 0 35 0.4 37 0.8 47 0.7 58 0.9 72 0.9 
7180 52 0 60 0.4 64 0 74 0 81 0.6 
7190 34 0 42 0 
7491 22 0.8 26 0.4 31 0.4 71 0.8 76 0.8 97 0.5 
7553 17 1 18 0.7 27 0.9 62 0.8 99 1 
7574 39 0 72 0.7 
7612 1 0 8 0.7 17 0 34 0.6 53 0.7 
7731 17 0 46 0.6 62 0 87 0 90 0.3 93 0.4 
7757 2 0.5 5 0.6 10 1 25 0.8 73 0.7 
7816 4 0.6 16 0.9 20 0.6 30 0.4 38 0.6 59 0 64 0.9 
7819 15 0.5 31 0.7 38 0.7 43 0.7 72 0.6 93 1 
7837 6 0.3 24 0 37 0 68 1 71 0.3 81 0.3 
7937 3 0.6 80 0 
8092 16 0.4 17 1 39 0.4 84 0.9 86 0.5 95 0.4 
8229 0 0.9 7 0.3 13 0.8 22 0 29 0 34 0.3 90 0.4 
8460 6 0.3 19 0 20 0.7 51 0.3 64 0.8 72 0.8 73 0.6 74 0 86 1 90 0.9 
8537 35 0.5 98 0.3 
8666 1 0 3 0.6 19 0.6 57 0.8 60 0.8 73 1 74 0 95 0 98 0 
8686 3 0.3 23 1 28 0 33 0.4 40 0 53 0.9 57 0.8 82 0 
8817 0 0.6 48 0 61 0.9 81 0 95 0.4 97 0.6 
8837 2 0 
8928 14 0 
8993 33 0 50 0.4 78 0.3 79 0.6 
9011 3 0 6 0 31 0.5 45 1 52 0.4 60 0 61 0 87 0.4 99 0.5 
9106 2 0.9 20 0 30 0.9 38 0 60 0 64 0.3 78 0.8 
9240 68 0 
9329 5 0 15 0.9 25 0.5 50 0.8 55 0 77 0.9 83 0 85 0.8 86 0.5 95 0 
9342 11 1 80 0.9 
9347 0 0.3 24 0.3 33 1 42 0.6 60 1 71 0.3 82 0.3 92 0 96 0.9 99 0 
9484 48 0.8 89 0.8 
9592 33 0 44 0 91 0 
9639 14 0.7 20 1 57 0.6 89 1 
9684 18 0.9 37 0.5 75 1 77 0.5 82 0.5 95 0.3 
9720 42 0 48 0 84 0.8 
