100
45 12 0.3 49 0.6 
119 0 0 1 0 28 0.8 36 0.5 41 0.9 42 0.6 61 0.9 73 0.8 
203 8 0 18 0 25 0.8 
358 28 0.8 29 0.3 40 0.3 70 0 82 0.8 
444 23 0.9 31 0 43 0.8 73 0.7 97 0.9 
474 6 0.9 40 0 
542 9 0 18 0.7 33 0.6 36 0.4 39 0 47 0.3 65 0.5 71 0.4 75 0 91 0.5 
636 10 1 35 0 42 0.7 52 1 66 0 71 0.8 90 0 94 1 
645 2 0 9 0 14 1 28 1 93 1 
696 16 0.3 33 0 58 0.9 75 0 96 0.7 
707 0 0.6 4 0.3 5 0.6 25 0.3 30 0.8 34 0 45 0.8 49 0 85 0.3 91 0 
888 16 0.8 70 0.6 
900 30 0.5 43 0.7 81 0.5 
1130 3 0.3 21 0 24 0 37 0.3 42 0 45 0 47 0.3 74 0 92 1 
1150 35 0.4 78 0 
1168 4 1 10 0.6 24 0.5 39 0.8 66 1 74 0.5 83 0.8 87 0.6 88 0 95 0 
1194 2 0 15 1 41 0.5 98 0.5 
1483 28 0.6 37 0.8 47 0.5 48 0.6 86 0.9 
1647 27 0.5 29 0.4 45 0 
1738 33 0.4 44 0.6 45 0 74 0.7 93 0 
1756 11 0.9 42 0.6 52 0.6 60 0.9 80 0.6 89 1 93 0.4 98 0.7 
1772 6 0.9 47 0 55 0.7 70 0.3 72 1 
1849 1 0.4 7 0 21 1 34 0 35 0.8 57 0 71 0.5 72 1 74 0.7 82 0 
1913 18 0.3 
1946 11 0.3 22 0.6 27 0 41 0.6 56 0.9 78 0 87 0.6 
1999 61 0.9 
2034 16 0.5 18 0.8 46 0 66 0.7 76 0.5 
2223 28 1 29 0.5 34 0.4 50 0.9 53 0.4 68 0.4 95 0 98 0 
2268 17 0.3 41 0.6 68 0.5 76 1 
2383 6 0.9 23 0.9 33 0 38 1 43 0 77 0.3 81 0 89 0 90 0.3 
2532 11 0.7 13 0.4 61 0.7 62 0.9 78 0 96 1 97 0 
2541 0 0.8 38 0.5 39 1 45 0.4 53 0 94 1 
2688 36 0 64 1 
2853 8 0 20 0 38 0.8 44 0.7 51 0.3 67 1 
2907 5 0.6 25 0 32 0.5 45 0.9 53 0.4 64 0.4 76 0.3 96 0 
2930 7 0.7 19 0 37 1 65 0.8 77 0 81 0.6 
3147 6 0.7 40 0 51 0 53 0.6 86 0.5 91 0.4 95 0 
3165 9 0.5 11 1 57 0.8 
3196 16 0 25 0.6 29 0.3 36 0.3 82 0.4 85 0.7 91 0.3 
3218 4 0.3 37 0 38 1 50 1 74 0 93 0.6 
3463 2 0.7 28 0 53 0.6 98 0 
3585 6 0 20 0.7 
3699 24 0.8 
3852 17 0.6 26 0 29 1 69 0.3 81 1 92 0 95 0.5 
3890 30 0.7 41 0.5 72 0.9 
3895 49 0.5 50 0.9 77 0 88 0.6 96 0.3 
4002 8 0 9 0.4 78 0.5 
4026 64 0.5 
4154 45 0.3 52 0.6 96 0.9 
4199 0 0.3 3 0.6 78 0.8 90 1 
4221 10 0.5 63 0.3 82 0.3 
4267 4 0 13 0.5 26 0 31 0.4 44 0 45 0.5 60 0.3 85 0.7 
4496 6 0.6 13 0.6 15 0 26 0.6 36 0 43 0 64 0 98 0 
4539 7 0.4 29 1 55 0.5 65 0.5 69 0 82 0 93 1 99 0 
4730 28 0.6 63 0.7 
4762 2 0.3 3 0.4 4 0 29 0 59 0.6 77 0.4 87 0.7 88 0 94 0.3 
4786 7 0.5 9 0.6 11 0.7 29 0 54 0 80 0 86 1 
4791 31 0 33 1 52 0 66 0 67 0.4 
4887 54 0.6 60 0.6 64 1 75 0 88 0 
4907 34 0.7 
4956 6 0.4 11 0.6 46 0.9 65 0.9 96 0.8 
5233 2 0.3 24 0.5 42 0.5 60 0.7 64 1 91 0.5 95 0.6 96 0.5 
5385 5 1 14 0.7 30 1 36 0.8 45 0.5 47 0 52 0.9 67 0 97 1 
5497 54 0.5 74 0.5 87 1 
5606 1 0.7 18 0.3 58 0 67 0 77 0.8 
5676 3 0 23 0.7 62 0 91 0.5 95 0.7 96 0 98 0.5 
5827 23 0.4 25 0 28 0.7 32 0.3 37 0.5 50 0 51 0 71 1 
5974 34 0 36 0 59 0 91 0.8 
6066 0 0 70 0 80 0 
6126 6 0 12 0.7 26 0.7 48 0.6 52 0.7 56 0.6 73 0.8 79 0.6 89 0.4 
6469 5 0 18 0 20 0.3 21 0 32 0.7 36 0 
6686 2 0 7 0 13 0.6 21 0.3 54 0.5 67 0.4 70 0.8 79 0 80 0.6 91 0.9 
6762 27 0.5 
6952 8 0.6 23 0.7 42 0.7 50 0 56 0.6 59 0 60 0.7 75 0.4 76 0.7 83 0.7 
7148 15 0.8 23 0.9 27 0.6 64 0.8 74 0.8 76 0.5 89 0.5 
7577 4 1 16 0 17 0.3 34 0.3 67 0 73 0.3 76 0.6 94 0 
7733 9 0.9 10 1 18 0.8 25 0.7 32 0.8 33 0.5 39 0.3 79 0.7 86 0.6 87 0.3 
7762 16 0 21 0.6 57 0 76 0.9 94 0.3 
7802 5 0.3 8 0.3 44 0.6 58 0.5 
7874 0 0 24 0.7 39 0.9 
7963 1 0.7 23 0.5 27 1 74 0.4 99 0.7 
8098 22 0.7 50 0 57 0 74 0.4 88 1 98 1 
8173 6 0 16 1 24 0.7 26 0 33 1 43 0 48 0.5 53 0.7 58 0.4 96 0.6 
8275 92 0.6 
8297 2 0.7 73 0.3 92 0 
8319 20 0.7 23 0.5 36 0.3 39 1 48 0.8 49 0 
8459 1 0.9 28 0.4 38 1 41 0 56 0.4 59 0.7 67 0.9 79 0.9 85 0.6 89 0.7 
8556 55 0 60 0 80 0.3 99 0.3 
8660 15 0.5 47 0 57 0 
8743 8 0.6 29 0.4 32 0.8 81 0 94 0 
9089 6 0 46 0.9 
9111 43 0.5 73 0.5 
9120 19 0.8 43 0 48 0.5 57 0 58 0.6 75 0 93 0.5 
9359 8 0.9 16 0.4 18 0.5 19 0 31 0.4 40 0 42 0.9 48 0.8 63 0 91 0.3 
9370 65 0 78 0.4 
9451 31 0 33 0 43 0.8 56 0.5 68 0.6 69 0.9 
9498 1 1 24 0 30 0.5 38 0 39 0.5 45 0.6 66 0.9 67 0 76 0 
9550 18 0.3 32 0.5 47 0 49 0.9 56 0.6 81 0.9 96 0.6 
9712 6 0 39 0.8 52 1 63 0.7 70 1 84 0 97 0.8 
9835 27 0.6 51 0.8 52 0.7 55 0.5 80 0 87 0.6 
