100
110 21 0.3 22 0 35 1 91 0.8 
155 85 0.8 95 0.3 
352 4 0.7 16 0.6 24 0.5 35 1 38 0.7 40 0 41 0 58 0.5 92 0.9 
372 6 0.9 9 0 15 0 19 0.7 24 0 31 0.6 36 0 68 0.7 98 0.3 
430 26 0.6 44 0.5 81 0.7 85 0.5 91 0.6 
436 37 0.8 55 0.5 72 0 
558 1 0 19 0.8 28 0.7 30 0.4 32 0.5 36 0.6 40 0 95 0.7 
725 6 0.5 32 0.6 38 1 70 0 97 0 
857 39 0.7 
1099 19 0.5 65 0.7 69 0 83 0 
1218 2 0.5 13 1 37 0 55 1 64 0 69 0.6 78 0.5 
1390 71 0.4 
1561 32 0.6 82 0.7 96 1 97 0 
1590 19 0.8 23 0.7 33 0 40 0 44 0.8 49 0.8 51 0 83 0.5 86 0.8 
1606 28 0.3 
1680 15 0.5 18 0.3 43 0.3 44 0.8 58 0.6 
1690 1 0.6 11 0.8 
1915 2 0.3 40 0.9 41 1 54 0 55 0.7 73 0.3 92 0.9 
1928 8 0 25 0.9 36 0 54 1 55 0.9 70 0.5 96 0.5 
1931 6 0 24 0.3 52 0.6 61 0.9 71 0 
1998 15 0.8 
2042 20 0 27 0.3 30 0.5 47 0.7 77 0.5 78 1 94 0.5 
2060 3 0.4 13 0 19 0.6 29 0.3 34 0.9 67 0 70 0 89 0.8 
2070 31 0.7 50 0.4 52 0 57 0.6 64 0 81 0.7 
2203 10 0.5 23 1 32 0 36 1 67 0.8 76 0.9 77 0 86 0.6 94 0.8 99 0 
2237 55 0 82 0.8 92 0.6 
2268 17 0.8 41 0.5 68 0 76 0.3 
2346 17 0 21 0 26 0.6 31 0.3 68 0 70 0.9 79 0.4 99 1 
2388 88 0.6 
2522 22 0.9 48 0.4 
2797 14 0 79 0 
3188 4 1 8 0.7 29 0.7 31 0.8 76 0 79 0 89 0.7 
3375 3 1 10 0.8 34 0 
3464 57 0.4 
3683 77 0.6 
3742 48 1 61 0.3 
3905 1 0.5 24 0 33 0.3 77 0.6 83 0.4 94 0.7 
3967 1 0.7 11 0.6 15 0.9 23 0.5 47 0.5 54 0.7 60 0 65 0.5 99 0.3 
4196 4 0.5 23 0.8 26 0.8 65 0.4 82 0.3 85 0 88 0.5 93 0 94 0.4 
4318 6 0 9 0.8 14 0.9 18 0 54 0 60 0 72 0.3 87 0 
4333 7 0.6 
4365 53 0 62 0 80 0.6 
4373 10 1 28 0 33 0.9 37 0.5 58 0.3 84 0.4 96 0.7 
4556 1 0.4 4 0.3 67 0.3 69 0.7 
4709 36 0 
4766 0 0.4 2 1 4 0 25 0 52 0.6 53 1 54 0.6 60 0.4 80 0.3 84 0.4 
4794 8 0.8 10 0.5 22 0 38 0.4 62 0 67 0 71 1 83 0.8 92 0.5 
4957 28 0 32 0.8 35 0 45 0.6 58 0.6 62 0 95 0.6 
5001 0 1 20 0.8 31 0 32 0.5 39 0 43 0 51 0.7 69 0 97 1 
5083 5 0.3 14 1 17 0.7 35 0.7 41 0.7 52 0 64 0.9 68 0.8 76 0 90 0.7 
5171 35 0.9 
5324 14 0 40 1 
5591 18 0.5 30 0.6 39 0.5 46 0.4 53 0.9 74 0.7 83 0 94 0 
5596 25 1 29 0.4 64 0.4 89 0 
5597 20 0.8 27 0 34 0.7 39 0.5 86 0.4 88 0.6 
5624 10 0.8 12 0.7 36 0.7 38 0.9 76 0.5 
5696 56 0.8 61 0 65 0.4 82 0.7 
5708 20 0.9 
5744 9 0 30 0.4 35 0.9 44 0.8 48 1 54 0 60 0.6 68 1 81 0.3 86 0.7 
5887 12 0.4 14 0.4 28 0 55 0.3 63 0.7 65 0.7 73 1 83 0.4 
6248 22 0.5 30 0 37 0.3 49 0 56 0 64 0.3 71 0 73 0.4 82 0.7 94 0 
6306 0 0.3 49 0.8 97 0.9 
6422 12 0.3 
6536 26 1 55 1 
6737 3 0.9 5 0.9 39 0.8 47 0.9 48 0 72 1 81 0 86 0.3 90 0 
7025 49 0.7 50 1 61 0.8 64 0.6 70 0.8 71 0.7 
7112 0 0.7 3 0.5 67 0.5 79 0 90 0 
7135 80 0.8 94 0.8 
7267 73 0 98 0 
7306 24 0 31 0 37 0.3 54 0.5 66 0.6 68 0 81 0.8 87 1 
7314 2 0.4 9 0 35 0.7 57 0.7 92 1 95 1 
7439 3 0.7 19 0.4 55 0.8 89 1 
7571 45 0.7 47 0.9 69 0 
7735 23 0.6 27 0 59 0.5 88 0 
7949 9 0.9 15 0 48 0 53 1 98 0 
8038 9 0.6 22 0.5 40 0 47 0 49 0.5 52 0.6 67 0.9 76 0 79 0.5 86 0.6 
8069 0 0.3 21 0 48 0.6 50 0 68 0.9 89 1 
8157 1 0 7 0 
8176 8 1 20 0.6 24 0.8 60 0.3 74 0 78 0 89 0.4 92 0.8 95 0.3 
8225 10 0.5 36 0.5 63 0.8 
8237 11 0 13 0 52 0 69 0.6 77 0 
8270 36 0.9 37 0.6 45 0.3 54 0.9 64 1 69 0.4 94 0.7 97 1 
8401 27 0.7 
8407 3 0 17 0 21 0 27 0.8 67 0 71 0.5 73 1 77 0.3 83 0.4 94 0.9 
8511 12 0.4 34 0.9 44 0 65 0.3 75 0 78 0 95 1 
8548 18 0 20 0 22 0.4 38 1 43 0 59 0.4 66 0 80 0 90 1 92 0 
8576 51 0.4 
8641 38 0.9 51 0 77 0.9 86 0 
8666 1 0.7 3 0.3 19 0.8 57 0.9 60 0 73 0 74 1 95 0.7 98 0 
8710 0 0.7 36 0 53 0.6 84 0.4 
8818 29 0.7 95 0.9 
8874 10 0.6 
9156 2 0 4 0.7 10 0 13 0.6 29 0 32 0.9 47 1 71 1 
9277 23 0 92 0 
9406 24 0.5 28 0.6 53 0.5 67 0 80 0.8 81 0 85 1 95 0.8 96 0.4 
9441 14 0.3 
9623 15 0.6 42 0.8 
9680 28 0.7 37 0.6 45 0.8 
9796 32 0.6 34 0.6 81 0.6 91 0.9 
9945 6 0 22 0.7 26 0.5 43 0 75 0.4 
