100
199 8 1 12 0.7 21 0.9 30 0.5 41 0.8 60 0 61 1 87 0.3 95 0.8 
241 8 0.9 13 0.3 37 0.9 71 0.8 90 0.5 
261 27 0.8 29 0.3 60 0.3 68 0 86 0 88 0.9 89 0.7 
302 4 0.8 11 0.8 22 0 65 0.3 75 0.4 80 0 89 0.8 94 0 
314 15 0.4 36 0.6 
379 0 0.7 9 0.7 21 0 34 0 53 1 66 0.8 83 0.3 
505 25 0.6 33 0.9 45 0 54 0.5 80 0.3 
637 2 0.6 13 0.9 35 0.4 45 0.8 59 1 65 1 98 0 
877 88 0.7 
895 0 0 7 0.4 12 0.4 46 0.6 91 0.3 
971 43 0.9 94 0 97 0 
1128 44 0.3 49 0.5 73 0.5 
1311 38 0.5 44 0.7 
1332 5 0.3 15 0.5 25 0.4 39 0.9 66 0 76 0.7 94 0.7 95 0 
1415 26 0.8 55 0.9 96 0 
1514 0 0 22 0 46 0.9 68 0.7 82 0.7 86 0.7 87 0.8 97 1 99 0.4 
1550 49 0.5 
1609 1 0.5 12 0.5 19 0.9 29 0 51 0 53 0.9 59 0.8 77 0.3 81 0.6 99 0 
1656 2 0.9 4 0.8 11 0 39 0 67 0.4 
1662 4 0.8 20 0.7 30 1 51 0.3 68 0.7 
1663 2 0 15 0.5 20 0.5 27 0.6 62 0.4 74 0.8 97 1 
1737 41 1 43 0.5 62 0.7 64 0.5 66 0.4 70 0.6 
1892 8 0.8 13 0.3 32 1 61 0.3 64 0.6 71 0.6 79 0.9 85 0.7 91 0.8 96 0.4 
1989 31 0 46 0.4 50 0.7 
2127 28 0.5 31 0.9 33 0.9 36 0.4 40 1 53 0 54 0.9 72 0.5 86 0.3 
2147 2 0 11 0.7 13 0 25 0 44 0 55 0.8 63 0.4 68 0 94 0.5 
2169 51 0.4 
2181 14 0 24 0.5 36 0 45 0.3 72 0.6 92 0.4 97 0.3 
2188 63 0.4 
2410 10 0 14 0 51 1 
2414 53 0.8 
2458 22 0 40 0.3 
2467 48 0.4 
2600 41 1 55 0.4 58 0.9 80 0.6 
2668 23 0.9 25 0 31 0 41 1 42 0.7 44 0.9 59 0.9 69 0.9 
2812 20 0.8 46 0.6 
2828 2 0 5 0 15 0.8 22 0.3 23 0.4 27 1 64 0.4 91 0.6 97 0.5 
2950 2 0.9 7 0 11 0.3 19 0.8 49 0.7 57 0.7 68 0.6 73 0.8 83 0 85 0 
3074 6 0.4 12 0.9 20 0.7 23 0.4 45 0.3 53 0.3 60 0.8 79 0.8 
3330 2 0 15 0 18 0.8 46 0 66 0.6 68 0.3 72 0.5 93 0.9 
3459 28 1 
3688 31 0.5 41 0.9 66 1 97 0.8 
3730 90 0.6 
3736 19 0 57 1 66 0.4 78 0.3 79 0.4 84 0.3 87 0 91 0.8 95 0 
3921 54 0.6 85 0.5 95 0.6 
3971 4 0.8 35 0 37 0 47 0.8 53 0 
3976 2 0.3 17 0.9 30 0.7 32 0.5 33 0.8 50 0.4 80 0 
4003 3 0.7 21 0 28 0.6 33 0.7 34 0.6 
4111 92 0.8 
4163 93 0.5 
4204 10 0.8 36 0.3 38 0.7 56 1 69 0.8 73 0.4 76 0.8 98 1 
4382 11 0 27 0 34 0.9 51 0 69 0.9 70 0.6 
4471 3 0.4 47 0.6 50 0.7 52 1 64 0.8 
4740 3 0.6 9 0.5 16 0.9 22 0.6 40 1 41 0 50 0.9 61 1 73 0 81 0.4 
4997 1 0.9 4 0.4 7 0.8 9 0.9 23 0.3 46 0.6 61 0 67 0.6 98 0 
5103 1 0.6 6 0.9 43 0 46 0.4 71 0.4 73 0 
5266 4 0 66 0 78 0 92 0.7 96 0.4 
5279 33 0 
5310 10 0.3 27 1 29 0.9 82 0 85 0.8 
5415 10 0 12 0 52 0.6 61 0.4 67 0.3 75 0.5 77 0.4 79 0 92 0.4 98 0.8 
5540 33 0.6 35 0 83 0 
5698 0 0.8 30 0.9 37 0 38 0.5 41 0 47 1 76 0.3 
5765 2 0 11 0 49 0.9 
5806 9 0.6 15 0.6 
6084 2 0.7 27 0.4 28 0.9 41 0.7 64 0.3 73 0.7 75 0.9 80 0.5 87 1 91 0.3 
6128 3 0 60 0.7 
6276 3 0.6 64 0.3 
6403 24 0.9 26 0 29 0 32 0 76 0 
6521 14 1 35 1 87 0.3 88 0.3 90 0.5 
6858 8 0 13 0.4 16 0.7 17 0.9 19 0.8 54 0 82 0.7 
6862 19 0.3 46 1 75 0 90 0.6 94 0.7 
6899 25 0.8 37 0 53 0.4 56 0.5 60 0.7 62 0.7 78 0.7 
7132 14 0 15 0 26 0.5 48 0.5 52 0.4 57 1 62 0.3 67 0.5 76 0 
7171 25 0.9 38 0 96 0 
7537 2 0 3 0 
7659 35 1 44 0.9 54 1 56 0 60 0.7 74 1 80 1 86 0.9 
7717 21 0.4 71 0.3 
7828 80 0.9 87 0.5 
7909 23 0.6 33 0.5 36 0.6 62 0 72 0.3 
7956 53 0.4 
7969 87 0 
7970 4 0.8 9 0.9 33 0.4 65 0.9 70 0.9 76 0.7 83 0 89 0.5 91 0 92 0 
7975 9 0.8 13 0 62 0.6 78 0 
8171 7 0.3 10 0.4 12 0.9 19 0.9 37 0.8 54 0.4 57 0.8 72 0.3 85 0.5 88 0 
8174 23 0.8 34 0 56 0 66 1 69 0.7 
8179 7 0 57 1 82 0.3 85 1 90 1 
8323 34 0.8 36 0.7 56 0.8 61 0.9 62 0.9 66 0.3 85 0.4 94 1 99 0.8 
8520 17 1 34 0 48 0.5 99 1 
8683 7 0.7 60 0.7 85 0.9 92 0 
9116 11 0 22 0.4 29 0.4 35 0.3 36 0 65 0.6 82 0.6 88 0.7 97 0.5 
9426 38 0.9 71 0.6 82 0 98 0 
9507 24 0 
9508 27 0.9 49 0.3 96 0.9 99 0 
9543 36 0.3 41 0.7 77 1 
9577 24 0.3 28 0.7 39 0 45 0.9 57 0 66 0.7 68 0.7 83 0.6 91 0.9 93 0 
9631 62 0.8 
9666 60 0.9 88 0.9 
9722 0 0 18 0.8 58 1 61 0 63 0 73 0.4 91 0 
9852 8 0 10 0 15 0 17 0.7 34 0 37 1 45 1 71 0.6 80 0 96 1 
9865 51 0.7 59 0.7 63 0.6 
