100
420 0 0.7 12 0.4 20 0.3 23 0.9 35 0.4 48 0.3 58 0.8 63 0 81 0.6 
477 9 0.8 33 0 40 0.3 51 0.5 64 0.8 
515 15 0.4 30 0 34 0 40 0 44 0.6 57 0.6 94 0.8 
528 4 0.7 41 0.4 
615 18 0.3 34 0.4 51 0.3 63 0.4 79 0.8 85 0.3 
643 21 0.4 79 0.6 
664 3 0.8 39 0.5 70 0.6 76 0 83 0 97 0 
750 6 0.7 28 0.4 40 0.5 64 0.4 90 0.6 94 0 
804 9 0.5 14 0.4 17 0.8 25 0.5 74 0 98 1 
806 0 0.9 1 0.7 7 0.3 36 0.7 53 0.3 70 0 75 0.6 82 0 86 0.6 
829 10 0.5 17 0.3 25 0.3 36 0.4 53 0.9 70 0 80 0.7 
830 9 0.4 45 0 46 0 51 0.5 62 0.6 67 0 90 0 91 0 94 0.7 95 0 
888 16 0 70 0.3 
1012 6 0.4 14 0.4 23 1 31 0 62 0 65 0.7 77 0.8 82 0.9 93 0.9 
1508 1 0.6 9 0.6 38 0 65 0.3 
1607 1 0.4 24 0.8 25 0.4 27 0.4 41 0.7 44 0.8 47 1 52 1 92 0 
1636 0 0.8 32 0.7 94 0.6 
1650 0 0 2 0 58 0.9 
1665 30 1 45 0 50 0.7 87 0 89 0.7 
1817 16 0 17 0.3 25 0.7 45 0.6 52 1 77 0.4 90 0 
1836 21 0.9 71 1 83 0 98 0.8 
1893 14 0.7 19 0 42 1 57 0.7 59 0.9 61 0 77 1 79 0.3 85 0.4 
1964 32 0.5 33 0 39 0.8 70 1 75 1 81 0.8 84 0.6 
2092 11 1 15 0.4 39 0.4 51 0 67 0.6 70 0.3 
2323 31 0.8 36 0 45 1 69 0.6 
2489 5 0.6 14 0.5 22 0.3 31 0.9 34 0.5 63 1 88 0 95 0.5 
2504 34 0.6 70 0.6 
2518 15 1 24 0.9 31 0.9 81 0.7 86 1 98 0 
2707 82 0.8 
2731 94 0.8 
2820 41 0.5 84 0.9 
3059 40 0.7 48 0 62 0.8 
3187 3 1 5 0.6 20 0.5 44 0.5 76 0.4 88 0 
3252 12 0.7 25 0.9 34 0.6 53 0.7 59 0.7 81 1 93 0 
3433 87 0.8 
3444 36 0 40 0 55 0.6 73 0.3 77 0 80 0 96 0.5 
3452 25 0 
3634 4 0.6 7 0 11 0.5 54 0.8 63 0.7 87 0.8 
3702 73 0.3 86 0.4 93 0.6 
3706 7 0.4 89 0.4 
3860 19 0 
3924 11 0.9 44 0.3 77 0 78 0.9 
3930 11 0.9 15 0.5 17 0 24 0.7 31 0 67 0 89 0.3 
4243 13 1 
4364 38 0 79 0.3 
4669 39 0.8 73 0.3 91 0 
4856 11 1 13 1 26 0.8 53 1 54 1 57 0.3 62 0.3 67 0.6 87 0.9 88 0.8 
4889 9 1 36 0.7 90 0.9 99 0.3 
5165 11 0 18 0.3 27 0.7 29 0.5 37 0.5 72 0.5 82 0.5 
5261 19 1 39 0.6 60 0.9 80 0.3 98 0 
5269 71 0 
5272 0 0.8 27 0 
5514 87 0.8 
5519 1 0 3 0.3 25 0 31 0.3 42 0 47 0.6 55 0.4 78 0.6 
5759 1 1 4 0.3 37 0.3 45 0 47 0.6 69 0.4 85 0.4 92 0.9 
5816 23 0.7 99 0 
5999 10 0.6 47 1 60 0.3 80 0.3 
6053 29 0.4 37 0.8 42 0 60 0.5 87 0.3 90 1 91 0.9 92 0.7 
6070 0 0 24 0 32 0.9 33 1 43 0.3 48 1 82 0.9 99 0 
6131 8 1 14 0 23 0.8 36 0.9 44 0.4 64 0.4 98 0.9 
6193 22 0.4 27 0 29 1 39 1 50 0.6 91 0 94 0.8 97 0.3 
6373 45 0 55 0.8 86 0.3 91 0.8 
6476 25 0.8 32 0 73 0 
6648 2 0.9 7 0 40 0.7 41 0 64 0.3 75 0 77 0 99 0.4 
6678 21 0 52 0 
6679 9 0.3 20 0.6 58 0.9 70 0 
6684 7 1 19 0.9 29 0.8 31 0.6 74 0.9 77 0 
6685 12 0.9 80 0 88 0.4 91 0.8 
6817 16 0.5 96 0 
6826 27 0.6 30 0 37 0 39 0 70 0 83 0.8 99 0 
6850 10 0.3 34 0.3 87 0.9 95 0.4 
6899 25 0.3 37 0.9 53 0.7 56 1 60 0.4 62 0.3 78 0 
6902 6 0 13 0.8 37 0.4 44 0 66 0.8 90 0.9 98 0.6 
7112 0 1 3 0 67 0 79 0.3 90 0.8 
7189 3 0.8 16 0.5 21 0.6 30 0 59 0.7 97 0.4 
7206 9 0.8 13 1 22 0.5 32 0.7 38 0 48 0.8 55 0.6 77 0 78 0 89 0.6 
7513 37 0.4 43 0.6 71 1 
7763 1 0 3 0 4 0.9 33 0.8 52 0.6 63 0.5 76 0.7 79 0 83 0.3 
7764 16 0 17 0 41 0.7 45 1 53 0.5 91 0.6 
7767 2 0.8 4 0.5 14 0.3 25 0.9 64 0.8 94 0.9 98 0.7 99 0 
7769 19 0 24 0.6 25 0.6 70 0 76 0 91 0.4 99 0.4 
7833 21 0 29 0 
7841 16 0.8 27 0.5 29 0 32 0.7 46 0 61 0.9 75 0.8 83 0 
7914 4 0 26 0 29 0 40 0.4 47 0.6 56 0.4 61 0 67 0 
7944 24 0.6 
8362 32 1 66 0 70 0.7 74 0 76 0.7 95 0.4 
8459 1 0.9 28 0 38 0.6 41 0.7 56 0.4 59 0.6 67 0.4 79 0.5 85 0.9 89 0.9 
8574 34 0.9 56 0.3 
8646 46 0.3 53 0.4 59 0.4 68 0 
8841 5 1 56 0.7 82 0 94 0.4 
8923 10 0 26 0.3 47 0.7 53 0.3 58 0 63 0.8 
8964 42 0.6 83 1 
9157 19 0.3 22 0 32 0.3 45 0 99 0.4 
9212 33 0.6 40 0.7 49 0 
9335 51 0.6 54 0.8 57 0 58 0.5 67 0.5 70 0.4 89 0 97 0 
9381 10 0.4 23 0.3 32 0.7 54 1 61 0 74 0.3 79 0.4 85 0.5 99 0.6 
9449 37 0.9 99 0.6 
9618 7 1 8 0.4 15 0 40 0 49 0.5 58 0.4 63 0.5 71 0.3 83 0.3 89 0 
9729 25 0.3 38 0 58 0.7 59 0.6 68 0 69 0.4 76 0.4 80 0.3 
9759 30 0.5 43 0.8 45 0.4 52 0.5 70 0.5 74 0.7 
