100
108 28 0.3 
153 2 1 19 0.4 80 0 88 0 
205 25 0 
237 4 1 24 0.6 29 0.8 48 0 52 0.7 57 0.9 59 0.9 62 0 89 0 
258 1 0 31 0.4 82 0.8 
332 74 0.4 
431 43 0.6 
449 14 1 19 0.7 27 0.5 33 0.9 40 1 48 0.9 53 0.6 84 0.9 86 0.7 
623 38 1 61 0 65 0.8 70 0.8 86 0.6 96 0.8 97 0 
737 36 0.5 43 0 46 0.7 59 0 69 0.4 90 0.5 
1107 3 0.5 
1186 30 0 41 0.7 96 0.8 
1286 38 0.7 52 0 75 0.6 83 0.3 87 1 98 0 
1332 5 0.3 15 0 25 0.5 39 0 66 0.3 76 0.4 94 0.6 95 0.7 
1431 2 0.4 5 0 49 0 72 0.7 86 0.4 88 0.7 
1434 5 0 6 0 
1610 21 0.9 51 0.6 63 1 77 0.6 84 0.4 
1754 15 0.6 25 0.5 31 0.5 32 0 82 0 
1789 5 0.4 19 0.7 53 0 54 0 67 0.4 68 0.9 84 0 88 0 89 0.9 90 0 
1807 14 0 31 0.9 36 0 
1952 12 1 16 0 19 1 74 0 84 0 88 0.6 
1981 28 0.6 29 0.7 53 0.7 60 0 85 0.4 88 0.6 99 1 
2067 35 0.3 36 0 55 0 67 0.6 79 0.4 
2114 2 0 18 0 53 0.5 57 0.7 77 1 89 0.3 95 0.6 
2321 10 0 37 1 56 0.6 60 0.5 61 0 71 0.5 73 0 78 0.7 93 0.3 
2357 24 0 56 0.4 59 0.7 68 0 
2430 19 0.8 42 0.9 48 0.3 56 0 67 0.5 84 0 96 0.7 
2562 37 0.7 
2596 0 0.7 6 0 9 0.6 14 1 18 0.8 34 0.8 40 0.7 65 0 70 0.4 72 0.9 
2834 89 0.8 
2935 16 0.4 37 0 47 0.6 66 0.6 71 0.6 92 0 97 0.4 
2990 36 1 99 0.7 
2993 15 0.5 18 0 24 0 49 1 56 0.3 61 0.8 62 0 
2995 36 0.4 49 0.3 51 0.7 58 0.5 63 0 70 0.7 72 0.4 
3056 1 0.6 
3072 7 0 33 0.6 
3239 9 0 41 1 96 0 
3495 0 0.7 15 0.5 25 0.3 37 0 40 0 44 0.8 80 0.7 89 0.8 91 0 92 0.7 
3566 16 1 21 0.3 23 0.4 24 0.8 25 0.9 37 0 41 0.5 46 0 47 0.5 
3574 1 0.5 25 0.3 27 0 35 0 71 0 73 0.7 
3613 52 0.7 58 0.7 63 0.9 
3647 7 0.3 45 0.7 55 0.7 91 0.6 
3744 1 0 3 0.4 14 0 21 0.5 32 0.6 47 0 93 0.7 94 1 97 1 
3775 12 0.3 21 1 32 0.3 65 1 87 1 89 0.3 90 0 96 1 
3777 4 0.5 6 0.8 
3800 58 0.9 
3945 1 0.8 11 0 26 0.7 43 0.9 58 0.3 71 0 74 0.4 82 0 90 0 
4281 0 0.5 3 0.7 7 0 22 1 36 1 44 0 88 0.3 
4292 2 0.3 13 0.5 17 1 53 0.4 57 0 74 0.3 99 0.3 
4445 13 0 25 0.7 28 0 37 0.9 39 0.6 47 0.7 49 1 57 0.6 72 0.8 93 0.9 
4528 13 0 22 0.8 36 0.8 43 0 44 0 51 0 52 0.5 65 0.4 97 0 98 0.6 
4677 17 0 24 1 25 0.3 41 0.4 61 0 
4785 0 0.6 14 0.5 40 0.6 45 0.7 96 0.5 
4858 14 0.9 41 0.4 51 0.3 53 0.5 61 0 69 0 82 0 85 0 
4910 15 0 18 0.4 19 0 24 0.6 55 0.7 82 1 83 0.6 98 0.3 
5021 26 0.4 32 0 40 1 60 0 67 0.6 95 0.5 
5122 9 0 14 0.8 15 0.8 63 0 68 0 71 0.4 77 0 82 0.3 
5166 1 0.8 3 0.3 25 0 29 0 67 0.8 77 0.7 
5301 1 0 34 1 96 0.8 98 0 
5431 19 0.7 26 0 28 0.5 43 0.8 49 0.6 50 0 77 0 88 1 95 0 
5522 15 0.4 41 0.7 53 0 59 0.4 60 0 64 0.8 90 0.4 
5613 52 0.4 
5640 7 0.5 17 0.7 20 0.3 39 0 51 0 85 0.7 
5735 9 0 23 0.9 32 0.7 36 0.4 52 0.7 93 0 
5753 14 0.8 15 0.8 25 0 32 0 
6043 26 0.3 31 0.4 43 0 51 0.9 64 0.6 67 1 77 0.3 78 0.6 91 0.4 
6237 22 0 67 0.4 72 0.8 
6366 42 0.6 
6397 4 0.6 59 0.8 90 0 
6431 16 0.8 44 0 46 1 49 0.3 61 0 67 0.6 96 0 
6476 25 0 32 0.9 73 0.8 
6553 40 0.6 55 0 81 0.6 
6790 4 0.9 12 0 25 0.3 59 0 74 1 87 0 91 0.4 99 0.7 
6831 5 0 8 0 78 0.4 
6885 1 0.9 7 0 41 0.3 51 0.8 53 0 63 1 90 0.7 91 0.6 95 0.6 97 0 
6958 0 0.9 17 1 25 0.7 33 0 59 1 61 0.3 64 0.9 85 0 
7048 58 0.4 65 0.8 80 0.4 93 0.4 
7162 24 0.5 
7292 9 0.6 17 0 20 0.7 43 1 55 0 58 0 73 0 75 0.8 80 0.7 93 0.8 
7304 6 0 26 0.4 88 0.8 98 1 
7305 15 1 50 0.9 59 0.5 
7409 16 0.4 61 0.5 62 0 65 0 97 0.6 
7489 9 1 27 0.8 38 0.9 62 0.4 65 0.3 73 0 78 0.3 81 0 90 0.3 99 0.4 
7544 4 0.9 
7546 63 0.8 70 0.3 
7585 26 0 47 0 72 1 83 0.3 92 0 
7637 30 0.3 
7710 27 0 28 0.4 50 1 61 0.7 66 0 77 0 82 0.7 84 0.8 99 0.8 
7857 3 0.6 7 0 45 0 61 0.6 80 0 97 0.4 
7861 13 1 33 0.3 42 0 76 0.4 
8277 7 0.5 9 0.9 61 1 76 0 83 0 
8419 4 0 19 1 28 0.5 34 0 45 0.5 60 0.3 
8552 5 0.5 6 0.3 7 1 30 0.3 43 0 60 0.9 98 0.7 99 0.4 
8608 1 0.6 38 0.8 
9289 53 0.5 64 0.7 84 0.7 89 0 
9485 30 1 
9587 37 0.5 
9651 3 0 8 0.3 48 0 49 0.8 51 0.9 57 0 59 0 65 0.3 77 0.8 
9726 22 0.5 94 0.5 
9738 27 0.7 46 1 94 0 
