100
39 13 0.3 65 0.3 86 0.6 
183 4 0 28 0.8 29 0.5 30 0.3 45 0.8 61 0 74 0 77 0.4 80 0 91 0.8 
356 61 0.9 
359 6 0.9 9 0.7 44 0 59 0 80 0.8 
365 51 0.7 68 0.7 91 1 
414 1 0.5 16 0.8 25 0.3 68 0.5 89 0 
458 1 0.5 6 1 11 0.7 27 0 49 0.5 51 0.4 56 0 71 0.8 97 0 
490 3 0.9 22 0 40 0 66 0.4 86 0.7 
513 1 0.4 20 0.5 27 0.8 65 0.7 72 0.3 77 1 94 1 99 0.6 
521 25 0.6 38 0 55 0.9 66 0 81 0.9 92 0.7 97 0.8 
532 4 0.6 74 0.9 85 0 
555 25 1 57 0 
675 8 1 15 0 33 0 41 0.7 45 1 82 0.6 88 0.8 91 0.8 
710 1 0 38 1 58 0.8 89 0.5 91 0.4 
803 17 0 24 0.5 30 0.3 31 0.9 37 0.3 96 0.5 
806 0 0.6 1 0.5 7 0 36 0.6 53 0.6 70 0.7 75 0.9 82 0.5 86 0 
811 13 0.9 14 0 42 0 72 0.4 92 0.8 94 0.8 99 0.5 
889 11 0 17 0 23 0.3 46 0.3 52 0 80 0 82 0 98 0.5 99 0.7 
940 40 0 90 0.5 94 0.4 
1014 27 0 64 0.9 
1146 18 0.5 43 0.8 55 0 81 0.5 
1155 5 0.5 7 0.4 16 0.3 18 0.6 25 1 47 0 66 0.4 98 0 
1163 23 1 71 0.5 79 1 
1241 14 0.5 49 0.3 
1323 0 0 20 0 52 0.9 83 1 94 0.6 
1374 3 0 8 0.7 99 0.3 
1412 17 0.8 18 0 22 0.6 34 0.7 71 0.8 72 1 77 0.5 87 0.5 92 0.9 
1454 2 0.7 3 0.5 11 0 42 0.4 47 0.4 59 0.4 77 1 85 1 97 0 
1541 68 0.8 82 0 91 1 
1635 23 0.3 33 0.4 62 0.4 63 0.9 67 0.7 
1813 19 0 26 0 51 1 
2068 7 0 29 0 65 0 68 0.6 78 1 81 0.9 84 0 88 0 
2101 8 0.9 25 0 32 0.3 36 0.3 58 0.8 60 0 77 0.8 96 0.6 
2116 12 0.5 42 1 62 1 79 0.5 
2125 13 1 33 0 55 0.9 76 0.5 83 0.3 
2198 5 0.9 45 0 
2278 0 0 3 0.6 21 0 27 0.7 57 0.6 78 0.9 82 0.5 
2405 47 0.9 
2413 8 0.6 27 0.6 76 0.6 
2471 13 0 22 0.3 24 0.6 62 1 77 0 88 1 94 0.5 
2562 37 0 
2782 0 0.9 3 1 25 0.8 30 0 34 0.3 42 0.7 50 0.6 70 0 93 0.3 96 0.8 
2821 10 0 28 1 41 0 45 0.7 63 0.5 65 0.7 72 0.7 99 0 
3053 8 0.8 10 0.5 13 0.7 29 0.3 68 0.7 81 0 86 0 92 0 
3538 11 0.7 31 0 38 0 62 0.8 78 0 79 1 81 0 
3649 19 0.3 27 0 35 0.6 41 0.4 54 0.4 60 0.5 66 0.3 73 0 85 0 90 0.3 
3653 0 0.8 17 1 21 0 24 0 38 0.5 92 0.4 93 0 96 0 
3756 2 0.3 4 0.3 12 0.8 13 0.6 14 0.9 34 0 57 1 64 0.6 83 0.7 85 0 
3768 10 0.7 17 0.5 19 0.5 26 0.8 44 0.3 48 0.8 59 0.3 99 0.4 
3949 57 0 
4370 4 1 13 0.3 15 0 25 0.5 47 0.6 89 0.6 
4459 4 0 19 0.5 44 0.6 61 0.4 
4529 38 0.7 42 0.8 61 0.8 92 0 
4609 45 0.8 
4649 6 0.9 10 0.5 30 1 46 0.5 69 1 83 0.7 
4670 36 0 63 0 90 0.5 
4764 4 0.6 64 0 66 0.5 
4939 3 0.5 9 0 53 1 76 0 85 1 
5231 22 0 38 0.6 39 0.6 47 0.8 48 0.4 91 0.5 96 0 
5358 29 0 31 0.4 46 0.6 68 0 82 0 86 1 94 0.3 
5362 12 0 23 0 25 0.4 35 0 40 0 44 0 46 0 82 0 94 0.3 
5437 20 0.3 
5744 9 0.9 30 0.8 35 0.5 44 0.4 48 1 54 0.3 60 0 68 1 81 1 86 1 
5838 14 0.3 22 0.3 25 0 30 0.5 47 0.7 49 0.7 66 0.4 69 0.5 73 0.7 75 0.7 
5854 36 0 73 0 91 0.5 
6054 6 0.9 26 0.4 31 0.3 40 0.9 81 0.8 85 0.8 
6115 50 0 57 0 62 0.6 85 0.9 
6777 22 0.4 57 0.7 63 0.4 67 0.8 71 0.9 91 0.8 98 0.8 
6869 55 0 58 0.7 71 0.5 97 0.3 
6882 5 0.8 25 0.8 33 1 35 0.7 41 0.6 69 0 72 0.3 80 1 93 0 
6922 10 0.3 11 0 29 1 39 0 46 0 60 0.8 71 0.4 75 0.3 84 0.8 
6941 48 0.5 87 0.8 
7003 22 0 38 0 43 0.6 57 0.6 71 0.7 75 0.4 78 0.3 90 0.5 
7038 16 0.8 21 0.5 23 0.7 58 1 63 0.4 68 0 71 0.9 74 1 91 0.8 
7126 7 1 49 0 67 0.9 70 0 72 0.4 89 0.5 
7283 28 0.3 42 0 80 0.3 
7428 19 0.7 56 0 92 0.9 
7449 61 0.3 63 0.9 
7463 32 0.7 38 0.4 
7618 3 1 8 0.5 19 0.5 24 1 28 0.7 37 0.3 54 0.5 65 1 68 0.5 94 0.9 
7789 5 0.4 26 0.8 42 0 43 0.3 60 0.8 89 0.4 
8035 13 1 21 1 29 0.6 37 0 71 0.3 73 0.9 78 0 82 0.9 95 0.5 
8063 91 0 
8176 8 0.4 20 0.5 24 0.6 60 0 74 0.3 78 0 89 0.5 92 0.9 95 0.7 
8305 24 0.4 89 1 
8782 39 1 47 0.5 76 0 82 0.7 90 0.8 94 0.5 99 0.9 
8799 2 0.9 4 1 11 0.3 40 0 66 0.5 72 0.5 92 0 
8845 18 0 74 0.3 75 0.8 84 0.9 96 0.8 
8885 22 0.5 
8985 4 0 16 0 22 0.8 43 0.8 86 0.5 87 0.8 93 0.8 
9077 1 0 2 0 5 0 7 0 10 0 19 0 49 1 86 0.7 94 0.9 97 1 
9121 34 1 63 0.8 
9241 9 0.8 30 0.9 35 0.4 37 1 63 0.6 67 0.7 87 0.4 95 0 
9271 7 0 19 1 32 0 41 0.7 45 0.8 51 0 61 1 64 0.9 82 0.6 91 0.8 
9469 16 0.8 25 0.4 56 0.4 
9496 26 1 32 0.7 36 0.4 55 0.4 63 0.3 64 0 66 0.4 
9779 30 0.8 39 0.9 73 0.9 
9861 18 0.3 19 0.7 
9874 28 0 34 0.7 35 0.3 40 0.6 62 0 63 0.9 68 0.5 80 0 87 0 
9929 10 0.8 24 0.8 39 0 45 0.4 47 0 48 0.9 91 0.9 93 1 98 0.6 
