100
37 15 0.9 19 0 
46 18 0 
70 96 0.3 
71 7 0.6 17 0.3 42 0 59 0.9 76 0 79 0.5 85 0.6 95 0.5 
264 8 0.5 13 0.4 37 0.7 46 0.3 60 0.6 74 0.5 82 0.7 
341 12 0 16 0 39 0.9 46 0.9 49 1 51 0.7 72 1 80 0 
358 28 0.8 29 0 40 0.6 70 0.9 82 0 
391 54 1 91 0 
401 26 0 36 0.8 53 0.6 68 0.6 76 0.6 83 0.7 87 0.5 91 0.9 97 0.4 
448 18 0.4 20 0.9 23 0.8 33 0 40 0 67 0.7 82 0.7 
467 16 0.4 21 0.5 23 0.3 25 0.6 32 0.3 34 0 41 0.3 59 0.5 63 0.5 72 0.5 
677 26 0 32 0 38 0.6 42 0.8 74 1 77 0 
772 0 0.5 24 0.4 60 0.5 70 0 
796 27 0 75 0.8 76 0 80 0.7 84 0 94 0 
857 39 0.9 
902 17 0.8 22 0 30 0.3 52 0 54 0 79 0.6 
986 5 0 14 0.8 27 1 37 0.6 53 1 66 0.6 83 0.5 84 0 
1057 16 0.4 33 0.5 35 0 37 0.8 40 0.4 49 0 50 0.9 59 0 76 1 99 0 
1102 8 0.5 90 1 
1152 66 0.4 67 0.8 68 1 89 0.9 91 0.6 
1154 1 0.3 2 0 5 0.7 22 0.6 24 0.7 26 0.3 79 0.6 
1182 34 0 
1192 2 0 26 0.7 46 0 72 0.6 94 0.3 
1237 0 0 2 0.4 15 0.7 18 1 24 0.4 44 0 48 0.9 93 0 
1376 17 0 
1430 24 0 38 0.6 47 0 55 0.7 56 1 59 0.9 72 0.5 74 0.7 79 0 
1671 70 0 
1864 67 0.7 
1871 7 1 11 0 13 0 18 0 23 0.7 64 0.8 86 0.9 87 0.7 
2020 22 0.6 63 0.8 97 0 
2051 3 0.3 11 0.3 23 0.3 
2052 17 0.8 34 0 35 0 38 1 55 0.9 81 0.8 89 0 
2063 27 0 36 0.8 44 0 45 0 55 0.6 73 1 83 0.5 99 0 
2091 4 0.3 18 0 45 0.5 50 0.7 55 0.8 59 0.6 
2135 31 0.8 42 0.6 64 0.9 65 0.8 69 0.5 86 0.4 96 1 
2193 22 0 83 0 
2216 13 0.5 35 0.5 42 0.3 53 0.9 
2483 28 0.5 40 0.5 62 0.4 80 0 97 0 
2497 7 0.8 8 1 20 0.9 21 0.7 25 0.8 28 0 49 1 71 0.4 94 0 98 0.8 
2582 23 0.8 27 0.5 36 0 53 0.8 57 0.3 64 0.6 67 0 90 0.3 
2697 2 0.4 7 0.7 21 0.7 48 0 83 0.4 91 0.8 94 0.8 97 0 
2817 22 0 24 0 32 0.5 35 0.7 54 0.9 56 0.3 58 0 69 1 77 0.9 88 0.9 
2923 46 1 70 0.8 
3250 13 0.7 27 0 47 1 49 0.4 57 0.8 67 0.9 76 0 79 0 81 0.5 
3361 4 0.9 11 0.8 15 0.6 35 0.3 64 0 
3418 8 0.5 13 0 15 0.3 17 0 19 0.3 37 0.3 49 0.9 77 0.8 94 0 
3760 23 0.3 64 0.7 95 0.7 
3965 7 0 37 0.9 43 1 46 0.4 50 0.4 55 0.9 78 0.3 83 0.6 97 0 
4072 24 0.9 63 0 66 0.6 84 1 
4169 42 0.5 
4192 7 1 22 0.8 23 1 38 0.8 40 0.9 51 0 55 0.7 71 0.4 
4252 17 1 26 0.6 28 1 38 0 39 0.6 42 1 79 0 
4256 16 0.8 35 0 44 0.3 
4329 1 0.6 15 0.8 19 0 31 0.8 36 1 51 0 52 0.5 88 0 92 0.7 
4359 23 1 66 0 
4434 2 0.4 3 0.9 53 0.8 60 1 63 0.7 67 0 
4435 14 1 20 0.6 43 0.6 52 0 53 0 65 0.4 83 0.3 84 0 
4531 17 0.3 25 0.5 39 1 49 0 69 0 76 0.5 90 0 92 0 
4623 26 0.3 27 0.7 38 0.7 48 0.7 54 0 70 0.7 71 0.8 89 0.3 
4647 0 0.9 11 0 59 0 87 0.9 
4698 23 0.4 25 1 34 0.8 45 0.9 79 1 87 0.6 
4708 33 0.8 45 0 71 0.8 83 0.4 93 0.3 
4842 10 0.8 47 0.4 71 0 91 0.8 
5133 7 0.3 13 0 36 1 39 0.3 62 1 87 0 88 0.5 90 0.4 92 0.9 93 0 
5135 11 0 12 0 18 0.7 27 0.9 32 0.3 70 0 90 0.6 
5166 1 0.8 3 1 25 0.3 29 0.4 67 0.4 77 0 
5215 0 0.3 20 0.8 22 0 30 0.7 35 0.3 92 0.5 
5249 97 0.3 
5301 1 0.4 34 0.5 96 1 98 0.9 
5458 10 0.4 28 0.6 53 0.4 57 0.9 82 0.6 99 0.8 
5479 29 0.9 30 0.5 39 0.8 47 0 51 0 90 0.7 94 0.3 
5632 15 0 18 0 23 0.7 25 0.7 33 0.4 39 1 43 0.3 45 0.3 53 0.8 75 0.4 
5647 35 0.5 
5665 32 0.9 60 0.7 97 0.5 
5700 9 0.4 56 0.6 66 0 67 0.7 73 0 78 0.9 
5739 33 0 49 0.6 58 0.8 62 0.4 72 0.9 
5743 7 0.9 38 0.3 44 0.7 54 0.9 56 0.8 70 1 78 0 
5930 1 0.6 25 0.3 97 0.9 
6066 0 0.3 70 0.3 80 0.9 
6132 21 0 43 0 44 0.3 67 0.6 
6780 4 0.7 11 0 12 0.9 31 0.7 59 1 71 0 72 0 81 0.9 98 0 99 1 
6828 0 0.6 44 0.6 55 0.3 61 0.7 81 0.3 86 0.5 
6919 4 0.7 8 0.7 14 0.9 28 0 40 0.7 45 0.8 54 0.3 80 0.5 92 0.5 
7463 32 0 38 0 
7796 14 0 36 0.9 54 0.9 71 0.6 80 0.6 89 0.3 90 0.9 99 0 
7908 4 0 29 0.7 50 0 62 1 64 0.4 65 0.3 69 0 76 0 80 0.8 92 1 
8088 14 0.7 28 0.5 77 0.3 
8261 23 0.9 56 0.3 68 0.8 74 0 83 0 
8345 74 0 
8415 14 0.5 19 0.8 23 1 30 0.8 53 0 61 0.6 67 0.4 68 0.4 
8567 5 0.9 12 0.4 28 0 37 1 66 1 68 0 77 0 87 0.7 89 0 96 0.9 
8669 24 0.6 
8670 10 0 19 0 36 1 44 0 53 0.6 62 0.8 97 0.9 
9024 24 0 28 0 32 0 38 0 49 1 59 0.8 66 1 69 0.5 76 0.9 88 0.4 
9241 9 1 30 0.6 35 0.7 37 1 63 0.5 67 0.3 87 0.7 95 0.3 
9538 3 0.5 19 0 60 0.7 
9582 9 0.5 24 0 27 0 38 0.8 50 0.8 59 0.9 87 0.9 92 0.5 
9617 7 0.6 16 0.4 22 0 42 0.7 53 0.4 55 0.5 73 0.8 87 0.5 
9875 19 0.5 29 0.9 31 0 35 0.8 46 0.4 48 1 84 0.8 89 0.7 
9975 3 0.8 15 0.7 28 0.5 31 0.5 47 0.9 65 0 75 0 89 0.6 96 0.3 
