100
26 10 0.4 23 0.8 44 1 70 0.8 86 0.7 98 0.9 
33 10 0.7 16 0.7 21 0 28 0 42 1 49 0.3 56 0.4 64 0.5 85 0.4 96 0 
85 7 0.7 35 0.7 56 0.6 82 0.4 94 0.3 
94 5 0.8 14 0.9 22 0.4 59 0.5 85 0.9 90 0 
200 22 0.8 28 0.5 62 0 76 0.3 86 0 
209 2 0.3 23 0.8 27 0.6 57 0.7 
290 11 0.5 17 0.3 22 0 34 0 60 0 89 0.9 97 1 
307 29 1 57 0.9 
392 0 0 9 0.5 36 0.3 44 0.4 85 0.5 
488 0 0.9 55 0.8 61 0.7 73 0.7 
672 24 0 57 0.9 64 0 
863 8 0.9 29 0.4 35 0.6 51 1 65 0.4 66 0 86 0.5 87 0 89 0.7 
881 24 0.4 27 0 91 0.6 95 0.9 96 0 
967 9 0.9 17 0 23 0 32 0.7 41 1 46 0 
1007 34 0.3 72 0.7 
1235 15 0 22 0 24 0 26 0.9 35 0.5 55 0.8 71 1 81 0.4 98 0 
1264 11 0.4 27 0.8 71 0.8 87 1 
1407 7 0 12 0 29 0.7 52 0.8 61 0 75 0.8 86 0.8 
1461 35 0.8 37 0 41 0 45 0 58 0 75 1 77 0.6 
1492 50 0.8 
1987 34 0.6 52 0 66 1 
1988 26 0.4 31 0.9 
2147 2 0.3 11 0 13 0 25 0 44 0.3 55 0.9 63 0.3 68 0.7 94 0.3 
2215 61 0.7 
2216 13 0 35 0.3 42 0 53 0.5 
2232 33 0 42 0.7 50 0.6 60 1 78 0 95 0.8 
2316 9 1 51 0.6 72 1 81 0.4 86 0.7 88 0.5 99 0.5 
2410 10 0.6 14 0.9 51 0.9 
2411 24 0 28 0.8 30 0.9 49 0 68 0.6 72 0.6 
2895 90 0.9 
2910 22 0.5 
3059 40 0.9 48 0 62 0 
3207 10 0 39 0 43 0.8 60 1 66 0.3 77 0.6 83 0.3 88 0.5 93 0 
3281 1 1 10 0.7 11 1 29 0.4 36 0 55 0.6 58 0 82 1 93 0 99 0 
3397 13 0.6 19 0.4 21 0 26 0.7 33 0.6 36 0 52 0.8 62 0.8 68 0 
3461 13 1 25 0.9 
3508 37 1 63 0.9 83 0 
3531 5 0 10 0.7 13 0.5 41 0.5 69 0.8 75 0.7 79 0.8 93 0 99 0.6 
3541 72 0 86 0.3 
3642 74 0 
3694 30 0 59 0.8 63 0.7 73 0 81 0.6 86 0 90 0 96 0 
3736 19 0 57 0.8 66 0 78 0.6 79 1 84 0.3 87 0 91 1 95 0.6 
3883 30 0 48 0 73 0.4 81 1 
4034 27 0.5 98 0 
4137 89 0 
4170 14 0.5 15 0.8 27 0.5 58 0.7 
4269 6 0.3 12 0 29 0 51 0 57 0.5 62 0.3 75 0.9 80 0.9 
4306 9 0.5 22 0 27 0.8 35 0.9 39 0 57 0 66 0.8 70 0.3 
4468 9 0.3 92 0.4 99 0.5 
4504 26 0 52 0.8 81 0.3 97 1 
4522 51 0 54 0 86 0.9 91 0.6 
4544 0 0 31 0.7 32 1 49 1 57 0.7 63 0.6 70 0 85 0 86 1 95 0.6 
4611 2 0.5 18 0.8 35 1 87 0.7 95 0.3 
4780 36 0 40 0 61 0.9 68 0.9 91 0.3 94 0 
5029 22 1 26 0 45 0 83 0.3 
5108 8 0.6 49 0.3 65 0.7 69 0 70 0.3 71 0 89 0 94 0.3 96 0 
5228 0 0.4 17 0 25 0.6 40 0.5 45 0 77 0.3 92 0.7 
5248 15 0 27 0 41 0.6 82 0.9 
5471 23 0 55 0 78 0.8 95 0.4 
5643 39 0 45 0.6 53 0.7 67 0.6 86 0.6 
5783 34 0.8 42 0.4 49 0.6 57 0.8 59 0.3 74 0.9 81 0 91 0.9 92 0.6 
5852 40 0 41 0 
5907 24 0.8 46 0.6 47 0 52 0.6 63 0.5 70 0 78 0.3 
5996 4 0 16 0 22 0 56 0.4 58 0 80 0 81 0 97 0.7 
6034 1 0.7 9 0.8 93 0.7 
6137 9 0 22 0.3 26 0.5 28 0.5 50 1 68 0 80 0 82 0.3 91 0 93 0.3 
6307 52 0.3 
6390 17 0.5 20 0 35 0 44 0 46 0.9 52 0.5 55 0.4 68 0.6 
6413 0 0.4 20 0.5 41 0.9 51 0 58 0.6 62 0 81 0.9 99 1 
6470 5 0 13 0.9 30 0.5 35 0.5 36 0.6 37 1 39 0.7 77 0.3 91 0.8 
6538 14 0.5 16 0 20 1 34 0.6 50 0.6 63 0.4 75 0 93 0 98 0.7 99 0 
6776 24 0 28 0 48 0.4 53 0 87 0 89 0 
7037 36 0 62 0.9 75 0.4 77 0 81 0.4 
7063 24 0.3 37 0.9 65 0.3 69 1 88 0.5 90 1 
7460 1 0 68 0.8 
7596 0 0.8 8 0.5 12 0 13 0.3 20 0.4 28 0.6 36 0 75 0 85 0.5 
7611 74 0.7 75 0 88 0.7 
7624 15 1 16 0.3 32 0.8 48 0 64 0 65 0 70 0 71 0 84 0 
7779 23 0.4 67 0.7 71 0.3 73 0.3 88 0.7 93 0 
7784 36 0 
7853 1 0.5 18 0.8 34 0.7 46 0.3 52 0.8 76 0.3 79 0 91 0.3 
7862 1 0.8 2 0 6 0.8 13 0.4 58 0.5 61 0 91 1 93 0.8 
7906 32 0.9 
8015 6 0.3 17 0.7 37 0.6 45 0.9 60 0 67 0.5 77 1 93 0.8 
8392 60 0.3 
8584 32 1 37 0.9 55 0.8 71 1 78 0.9 79 0.7 80 0 83 0.7 93 0.4 
8615 62 0.9 88 0.4 
8870 3 0 30 0 57 0.3 62 0.7 76 0 77 0.6 80 0.8 85 0 91 0.4 98 0.6 
8969 8 0.8 28 0 42 0.9 49 0.8 65 0.7 77 0.6 81 0.5 86 0 95 0 
9027 84 0.3 98 0.5 
9157 19 0 22 0.9 32 0.3 45 0.4 99 0 
9222 72 0 
9252 14 0.9 18 0.3 31 1 49 0.4 65 0.6 
9293 34 0.4 46 0.6 60 0.7 74 0.7 
9301 0 0.4 2 0.4 28 0.3 35 1 58 0.3 76 0.6 93 1 
9507 24 0 
9646 5 0.6 12 0.8 17 0 28 0.7 30 1 69 0.9 81 0.7 92 0.7 
9732 7 1 8 0 20 0.6 43 0.4 63 0.3 68 0.3 88 0 90 0.8 96 0.3 
9852 8 0.6 10 0.7 15 0.7 17 0 34 0.8 37 0.6 45 0.9 71 0.7 80 0.8 96 0.7 
9970 6 0.3 13 0.3 21 0.9 22 0.5 23 0.7 33 1 66 0 86 0.8 90 0 
