100
374 40 1 59 0 71 0.9 79 0.4 83 0.3 85 0.5 89 0.4 90 0.3 
418 7 0 19 0.8 25 0.4 38 1 42 1 48 0.5 52 0.4 67 0.6 79 0.8 85 0 
491 10 0.9 11 0 16 0.4 26 0.4 47 1 96 0.6 
584 0 1 5 0.9 15 0.5 49 0 93 0 
616 0 0.9 3 0.7 15 0.3 21 0.9 22 0.9 32 0 38 0.8 41 0.3 56 0 59 0.8 
668 8 1 33 0.3 47 0.4 55 0 79 0 89 0 
722 0 0 5 0 6 0.7 7 0.9 28 0.6 31 0.5 34 0 53 0.7 54 0.5 
832 21 0.5 46 0.5 54 0.8 
868 27 0.9 
917 9 0.3 15 0.3 37 0.9 42 0.6 84 0.7 97 0 
938 97 0 
967 9 0.3 17 0.4 23 0.4 32 0.6 41 0 46 1 
1172 25 0.6 
1212 8 0.4 38 0.7 41 0.8 52 0.9 
1269 9 0 10 0.9 14 0 47 0 50 0.3 59 0 90 0 
1321 5 1 11 0.3 18 0 34 0 42 0 54 0.9 60 0.9 67 0 69 0 79 0 
1411 15 0.8 20 0 23 0.3 29 1 83 0.3 88 0.7 91 0.6 95 0 97 0.7 
1550 49 0.3 
1579 0 1 2 0.9 4 0.4 46 0 
1623 6 0.8 12 0.7 22 0 23 0.7 29 0.9 49 0.4 55 0.8 59 1 74 0 99 0.4 
1827 0 1 35 0.3 57 0.8 
1841 19 0.5 33 0.9 82 0.3 
1871 7 0.4 11 0 13 0 18 0.8 23 0.9 64 0 86 0.4 87 0.7 
1995 35 0.3 37 0.4 39 0.4 45 0 64 0.5 77 0 
2055 11 0.3 23 0.8 34 0.8 39 0.4 52 0.5 58 0 68 0.9 90 0.3 
2079 3 0.9 16 0.5 62 0 67 0 82 0.4 84 0.8 91 0.7 92 0.5 93 0 
2086 12 0.6 16 0.6 25 1 31 0.4 73 0 89 0 98 0 
2098 5 0 28 0.5 46 0 66 0 85 0 
2298 23 0.6 24 0.3 25 0 30 0 37 0 67 0.8 70 0.8 74 0 78 0.4 99 0.6 
2302 0 0.8 25 0 34 0 43 0 64 0.6 80 0 88 0.9 
2328 9 0.3 10 0.3 20 0.9 24 0.5 27 0.7 55 0.4 66 0 
2358 4 0.5 10 0 50 0.7 56 0 65 0 
2375 8 0.8 34 0.9 48 0.9 55 0 60 0.4 96 0.4 98 0.4 
2444 5 0.3 10 0.3 66 0.8 75 0 77 0.5 83 0.6 88 0 92 0.8 
2598 2 0.7 40 0.8 47 0.6 59 0.6 76 0.6 
2625 32 0.3 
2881 34 0 
2947 1 0 10 0 15 0.6 
2980 23 0.9 27 0.3 86 0 88 0 98 1 
3270 4 0.9 5 0.9 8 0 37 0.7 93 0 95 0.8 
3289 2 0 30 0.7 33 0.9 48 1 54 0.3 60 0.7 63 0.9 69 0.8 78 0.6 
3422 5 0.4 18 0.6 21 0.7 35 0.5 44 0.9 46 0.3 53 0.6 63 0.8 64 0 82 0 
3602 18 0.9 
3615 14 0.9 17 0.3 26 1 27 0.8 36 0.9 68 1 
3690 21 0.7 30 0 95 0.3 
3701 7 0.7 10 0.5 22 0.5 72 0.3 75 0.9 
3843 4 0 6 1 
4108 15 1 21 0.5 
4199 0 0.5 3 0 78 0.6 90 0.7 
4230 3 0 5 0.5 16 0.8 26 0.7 45 0.5 54 1 55 1 65 0.3 77 0 78 0.4 
4286 66 0.9 92 0.6 
4324 20 0 38 0.3 48 0 65 1 88 0.3 
4577 11 0.9 32 0.8 36 0.8 
4692 11 0.9 30 0.7 69 0.4 90 0.6 
4784 13 0.7 51 0.3 75 1 85 0.9 
4866 7 0 19 0.7 43 0.9 60 0.9 71 0.5 93 0 
4889 9 0 36 0.7 90 1 99 0.7 
4999 18 0 19 0.4 69 0.9 92 0 
5087 24 0.6 29 0.4 50 0.6 51 0.8 
5427 2 0.5 33 1 46 0 62 0 
5549 2 0.9 8 0.9 55 0.6 
5551 1 0.5 17 0.6 27 0.3 43 0 69 0 70 0.4 89 0.4 
5598 16 0 18 0 19 0.8 22 0.5 26 0.3 80 0.7 81 0 86 0.9 
5619 3 0.8 5 0.9 37 1 52 0 76 0.6 91 0.7 
5682 36 0.8 43 0.4 60 0 62 0.5 68 0.5 81 1 99 0 
5806 9 1 15 0.7 
6026 25 0.7 
6205 24 0.8 50 0.4 62 0 68 0.3 71 0 72 0 85 0.7 90 0.7 
6382 6 0.3 10 0.8 16 1 22 0.3 39 1 56 0.4 76 0 82 0.4 87 0.3 88 0.8 
6763 22 0 47 1 79 0 
6926 5 1 8 1 53 1 72 0.8 82 0.5 97 0.8 
7110 6 0.5 13 0.3 38 0.4 45 0 46 0.4 58 0.5 96 0 
7360 12 0 62 0.8 75 0.8 83 0.9 87 0.6 88 1 89 0.8 
7425 8 0 
7456 2 0.5 45 0.4 48 0.8 54 1 83 0 91 0.3 96 1 
7486 3 0.7 14 1 53 0.3 78 0.6 90 0.8 92 0 98 0 
7487 4 0.3 12 0.3 14 0.4 25 0.3 40 0.6 49 0 67 0 
7519 2 0.6 3 0.7 25 0 29 0.6 54 0.8 
7568 15 1 27 0 61 0.4 96 0 
7889 7 0.9 41 0.9 48 0 65 0.5 68 0 84 0.4 87 0 
7995 42 0 50 0 59 0 
8130 93 0.4 97 0 
8228 39 0.8 50 0 69 0 83 0 94 0.3 
8476 6 0.3 10 0.6 20 0.4 21 0.3 22 0.8 33 0.5 60 0 71 0.5 81 1 86 0.4 
8609 11 0.3 34 0.9 35 0.6 61 0.6 96 0.9 
8619 10 0 14 0.5 62 0.6 64 0 98 0 
8714 54 0.5 
8741 0 0.5 25 0.5 30 0.6 51 0.4 66 0 72 0 84 0.7 97 0.9 
8775 0 1 6 0.7 11 0.8 16 1 18 0.8 47 0.6 62 0.8 91 0.6 92 0.9 
8858 15 0.5 18 0.7 32 0.7 33 0.5 66 0.8 76 0.8 84 0.4 
8904 2 0 19 0.4 23 1 50 0.4 58 1 76 0.6 84 0 87 0.3 
9017 86 0.8 
9048 2 0.8 28 0 29 0 36 1 40 0 53 0 70 0.4 74 0.6 76 0.9 99 0 
9249 46 0.9 74 0.6 
9258 14 0.6 39 0.3 59 0.4 
9463 8 0.9 13 0 14 0.5 39 0 51 0 52 1 56 0 62 0.7 78 0.5 88 0.6 
9705 0 1 29 0.8 42 0.3 45 0.4 61 0.5 65 0.8 78 0.7 
9819 0 0.4 2 0.5 6 0.3 26 0.7 37 0.8 55 1 68 0.9 95 0.3 
9911 23 1 43 0.4 65 0.9 
9922 58 0.8 71 0.5 
