100
152 98 0.3 
168 22 1 26 0.8 38 1 39 0.5 83 0.8 
245 2 0.9 16 0.8 27 0.8 36 0 60 1 84 0 96 0 
410 6 0.9 12 0.6 18 0 45 0.8 62 0 77 0.6 94 0.9 95 0.3 97 0 
420 0 0.6 12 0.6 20 0 23 1 35 1 48 0.3 58 1 63 0 81 0 
455 0 1 6 0.6 41 0.3 53 0.5 73 0.3 79 0.6 80 0 
521 25 0.4 38 0.6 55 0 66 0.9 81 0.3 92 0 97 0.4 
667 27 0.4 85 0.7 
698 2 0.4 5 0.9 29 0.8 38 0 90 0 
876 0 0 2 0 10 0.3 31 0.3 40 0 51 1 65 0.9 71 0.4 83 1 
924 59 0.5 65 0.5 83 0.6 99 0 
951 16 0.6 30 0.6 31 0 50 0 57 0.5 
1012 6 0.7 14 0.8 23 0 31 0.8 62 0.9 65 0 77 0.8 82 0.7 93 0.6 
1064 11 0.4 30 0 59 0.9 62 0 83 0 
1069 15 1 34 0.8 36 0.6 79 1 81 0 83 0.5 
1300 36 0 93 1 
1586 12 0.9 15 0 18 0.4 24 0.9 50 0.7 87 0.3 88 1 
1589 6 1 11 0.3 20 0 35 0 39 0 88 0.7 89 0.9 99 0 
1642 28 0.9 36 0.6 66 0.6 75 0.9 91 0.6 93 0.9 
1711 57 0 
1752 4 0 26 0 52 0.7 58 0 83 0.5 96 0 
1771 0 0.4 4 0 11 0.4 12 0.6 21 0.8 54 0.5 94 0.9 
1994 95 0 
2081 6 0 9 0.9 39 0.7 64 0.5 69 0.5 92 0.9 
2084 25 0 57 0 60 0.6 74 0.7 
2221 8 0.8 49 0.3 52 0.6 65 0.5 93 0.5 97 1 98 0.5 
2249 18 0 
2272 32 0.6 47 0.9 
2392 11 0.8 20 0.5 
2473 7 1 16 0.6 23 0.9 41 0.5 61 0.3 
2482 71 0.9 81 0 84 0.6 
2514 28 0.8 67 0.6 
2729 24 0.5 32 0 38 0.5 42 0.4 61 0.3 
2732 4 0 57 0.7 
3140 21 0.6 78 0.4 90 0.7 
3256 1 0.8 44 0.6 
3271 2 0 31 0.9 32 0.9 35 0.3 56 0.3 61 0 62 0.5 77 0 81 0 
3317 9 0 11 0.9 21 0.9 50 0.4 60 0.4 90 1 
3347 27 0.7 96 0.5 
3379 5 0.4 10 0 11 0.7 24 0.6 49 0 53 0 63 0.3 68 0.9 73 0 74 0.7 
3478 3 0 5 0 16 0.8 39 0 47 0 48 0.5 57 0.3 60 0.6 66 0 78 1 
3646 11 0.7 33 0.3 63 0.9 78 0 79 0.6 
3748 32 0.9 47 0.6 80 0 
3773 1 0 3 0.6 4 0.3 12 0.5 15 0.3 34 0 58 0.4 81 0.6 93 0.9 
3864 9 1 14 0.5 34 0 48 0 65 0 
3931 30 0.3 32 0.7 35 0.6 44 0 96 0 
3949 57 1 
4214 52 0.8 91 0.8 
4244 62 0.4 65 0 69 0 71 0.4 
4372 7 0.6 25 0 35 0 41 0.4 43 0.4 50 0.9 52 0.9 67 0 81 0.6 
4487 7 0.5 19 0.8 28 0.5 35 0 36 0.8 40 0.7 47 0.4 50 1 56 0.4 71 0.5 
4660 12 0.6 59 0.7 78 0.4 94 0.8 
4750 6 0 10 1 48 1 
4800 20 0.4 21 0.7 26 0.6 44 0.7 49 0 58 0 62 0.5 65 0.9 71 0 
4845 8 0.7 33 0.7 35 0.9 59 0 87 0.4 
5108 8 0.5 49 0.5 65 0.5 69 0.3 70 0.9 71 0.4 89 0.4 94 0.6 96 0.7 
5130 48 0.8 70 1 
5210 18 0.6 47 0.7 49 0.3 89 0.3 
5284 11 0.7 46 0.6 70 0 73 0.7 97 1 
5399 70 0.4 
5680 20 0.3 25 0.7 26 0.3 31 0.8 36 0.5 71 0.5 77 0 82 0 
5957 6 0.4 9 0 16 0 27 0 60 0 97 0.6 
6047 35 0.9 37 0.7 84 0.8 
6244 2 0.5 3 0.6 5 0.4 16 1 46 0 65 0.3 73 1 90 0.8 
6360 7 0 15 0.7 29 0.6 47 0 61 0.9 72 0.9 76 0.6 90 0.9 91 0 
6410 7 0 51 0.6 66 0 76 0 
6799 6 0.3 33 0 70 0.7 
6938 32 0 45 1 46 0.4 70 0.8 79 0 81 0 97 1 
7227 7 0.4 49 0.5 
7296 71 0 
7434 2 0.5 84 0 90 0.7 96 0 
7662 11 0.8 15 0 61 0.9 66 0 68 0.9 74 0.8 77 1 90 0.6 92 0.4 
7664 4 0.7 12 0.8 16 0.4 42 0.4 46 1 50 0.4 63 0.6 64 1 74 0 76 0.9 
7854 6 0 7 0 
7918 4 0.8 23 0.4 31 0.9 32 0.5 48 0 59 0.3 67 0 71 0.4 93 0.9 
7930 4 0.5 19 0 38 0.7 67 0.8 83 0.9 84 0.8 87 0.8 91 0.6 96 1 
7937 3 0 80 0.7 
8075 5 0.6 95 0 
8143 7 0.7 18 1 33 0.5 34 0.7 56 0 58 0.3 80 0.6 
8284 31 0.6 46 0.7 61 0 67 0 69 0 72 0.9 78 0.3 84 0 
8583 0 0.6 21 0.7 30 0.4 45 1 59 0 72 0.9 83 1 85 0.5 91 0 
8618 0 0 51 0 62 0.9 63 0 65 0 74 0.7 
8632 6 0.9 17 0 27 0.3 49 0.6 69 0 79 0.7 96 0 98 0.3 
8640 26 0.3 
8721 5 0 22 1 38 0.4 61 0 68 0 80 0.3 90 0.5 91 0.6 96 1 
8738 40 0.7 
8765 11 1 13 0 22 0.7 30 0 47 0 48 0.9 53 0.5 71 0 92 0.3 
8897 4 0.3 39 0.7 
8909 4 0.3 23 0 36 0.9 50 0 56 0.8 62 0 66 0 69 0 75 0.4 
8967 13 0.5 15 0 47 0 53 0.7 65 0.9 70 0.8 77 0.6 79 0.9 
8997 38 0 82 0 
9128 52 0.4 
9402 13 0 15 0 48 0 52 0.8 57 0.9 58 0.4 72 0.4 79 0 80 0.6 87 0 
9468 40 0.3 50 0.5 70 0.5 75 0.3 91 0 
9554 83 1 
9691 10 0 13 1 14 0.8 16 0 36 0.5 43 1 52 0.9 85 0.9 87 0.7 
9741 6 1 30 0 33 0.7 36 0.5 40 0.8 
9907 1 0.9 3 0.9 39 0 72 0.6 
9934 3 0.9 4 0.7 16 1 30 0 44 0.3 71 0.8 78 0.8 96 0.8 
9963 26 0.8 76 0.3 88 0.7 
