100
52 22 0 45 0.6 56 0 
121 56 0.8 88 0.7 
185 9 1 13 0.9 17 0 19 0.6 30 0 32 0 35 0 58 0 83 0.7 88 0.4 
186 44 0 85 0.7 
295 12 0.8 41 1 48 0 
371 3 0.7 24 0.7 
404 56 0.8 
407 5 0 22 0.7 34 0.8 38 0.6 42 0.9 51 0.8 55 0 59 0.8 97 1 
428 27 0.5 44 0.7 46 0.9 54 0 85 0.5 
653 0 0 2 0.8 47 0.8 
676 3 0.3 37 0.6 93 0.8 
717 5 0.9 17 0.5 41 0.8 53 0.5 57 0 81 0.3 82 0.5 
759 26 0.7 45 0.8 69 0 70 0 
783 44 0.8 47 0.6 
833 26 0.3 29 0.9 44 0.4 54 0.9 61 0.6 72 0 
954 1 0 9 0.7 24 0.7 25 0.6 31 0 37 0 39 0 47 0 86 0 94 0.8 
974 1 1 29 0.3 44 0.4 45 0.5 60 0.9 75 0.8 80 0.9 
1163 23 0.6 71 0 79 0.3 
1237 0 0.4 2 0.4 15 0 18 0.9 24 0.6 44 0.9 48 0.3 93 0.5 
1249 50 0.9 52 1 
1257 7 0 8 0.5 11 0 15 0.8 28 0.6 73 1 75 0.4 88 0 99 0 
1335 28 0.8 46 0.5 47 1 76 0 
1479 16 0.6 18 0 31 0.6 34 0 35 0.3 49 0.9 52 0 53 0.5 64 0.7 90 0.8 
1640 2 0.3 6 0.5 8 0 25 0.8 27 0 81 0.8 84 0 93 0.3 
1675 21 0.7 28 0.9 42 0.8 51 0.7 72 0.6 89 0 97 0.9 
1792 10 0 
1807 14 0 31 0 36 0 
1816 31 0 35 0 49 1 64 0.9 98 1 
1827 0 0.7 35 0.6 57 0.5 
1895 0 0.4 5 0.7 6 0 46 1 50 0 58 0.6 62 0 81 0.9 94 0.6 
1968 2 0.5 20 1 26 0 56 0.9 57 0.6 72 0.4 78 0.5 83 0.8 
2050 34 0.7 77 0 
2137 2 0.3 23 0 25 0.5 26 0.7 37 0.8 80 0.5 84 1 87 0 
2160 52 0.6 83 0.9 93 0.3 
2215 61 0 
2413 8 0 27 0 76 0.3 
2602 80 0 
2637 0 1 29 0 38 0.5 40 0 46 0.3 50 0 56 1 75 0.9 77 0.8 
2716 9 0.4 13 0 20 0 28 0.7 42 0.9 48 0.8 61 0.9 70 0.7 75 0.8 80 1 
2806 41 1 42 0.8 51 0.5 69 0 82 1 
2834 89 0.5 
2853 8 0 20 0 38 0 44 0.4 51 0 67 0.6 
2981 2 0 10 0.6 33 0.6 63 0 
2987 16 1 36 0.8 48 0.8 85 0 89 0.3 93 0.4 
2998 9 1 11 0 13 0.4 62 0.4 86 1 91 0.4 
3012 1 0.3 9 0.4 10 0.5 46 0 74 0.6 87 0 96 0.3 
3130 27 0.6 
3272 3 0.4 20 0.6 21 0.7 32 0.3 37 1 44 0 52 0.5 53 1 
3492 4 1 26 1 61 0.5 67 0.5 77 0.8 
3601 18 0.8 19 1 23 0.4 31 0.5 73 0 
3683 77 1 
3684 38 0.5 
3851 16 0.4 46 0 59 0 74 0.7 77 0.6 92 0.5 
3859 8 0 35 0.8 49 0.9 76 0 78 0.4 82 0.6 99 1 
4002 8 0 9 0.5 78 0.7 
4294 1 1 14 0.9 29 0.9 34 1 79 0.8 90 0.8 
4627 4 0.7 15 0.7 43 0.8 48 0 77 0.6 81 0.4 82 0 91 0.9 
4972 20 0.3 58 0 59 0.9 80 0 81 0 88 0.8 89 0.3 
5063 34 0.9 
5187 29 0 86 0 93 0.7 
5247 90 0.9 91 0.7 97 0 
5263 1 0.6 70 0.8 91 0 98 0.3 
5359 8 0.7 14 0.4 21 0.3 25 0.8 29 0.6 38 0.3 98 0.9 
5508 23 0.8 26 0.8 30 0.8 60 0 65 0 70 0.4 85 0.5 94 1 98 0 
5523 18 0 21 0.7 25 0.4 35 0.7 49 0.8 60 0.6 72 0.7 96 0 
5625 22 0.4 51 0.9 55 0.4 69 0.8 73 0 99 0.9 
5851 3 0 53 0.8 55 0.8 74 0 75 0 78 0.9 96 0.8 
5921 7 0.5 13 0.5 22 0.8 35 0.7 44 0 51 0 56 0 58 0.7 
6169 35 0.8 68 0.4 
6238 18 0.9 63 1 
6558 28 0.4 82 0.7 
6683 30 0.7 38 0.5 60 0.3 84 0 94 0.7 
6685 12 0.3 80 0 88 0 91 1 
6886 22 0 30 0.4 49 0 85 0.4 90 1 
7079 60 0 93 0.8 
7117 2 0.4 42 0.6 60 0.5 63 1 65 0.5 68 0 72 0 79 0.4 84 0.7 85 0.4 
7203 29 0.6 31 0.6 32 0.9 66 0 79 0.8 92 0 99 0.5 
7218 28 0 40 0.6 88 0.5 
7485 17 0.7 19 0.9 23 0 51 0.6 77 0 
7494 30 0 33 0.3 35 0 88 0.4 92 1 
7581 5 0.3 40 0.3 57 1 
7647 10 0.4 97 0.4 
7765 15 0.3 33 0 37 0 45 0.7 54 0.4 77 0 91 0.8 95 0 
8021 20 0.4 37 0.3 60 0.6 61 0.9 72 0 73 0.5 96 0.3 
8430 5 0.4 10 0.6 25 0.3 68 0.5 82 0.3 92 0 97 0 98 0.6 
8530 6 0 47 0 61 0 62 0.8 65 0.3 88 0.3 
8659 18 0.4 27 0.8 44 0.9 65 1 69 0.3 
8779 10 0.8 14 0.8 24 0 25 0.4 35 0.5 37 0.8 55 0.7 84 0.5 87 1 
8801 14 0.9 40 0.3 43 0.3 46 0.8 56 0.8 58 0 64 0 69 0.8 71 0.3 96 0.6 
8817 0 0 48 0.8 61 0 81 0 95 0.9 97 0 
9029 28 0 49 0 61 0 67 0 70 0.5 74 0 90 0 99 0.3 
9117 42 0.4 49 0 54 0 70 0 72 0.3 74 1 79 0.7 83 0.6 96 0 
9134 2 0.8 9 0.3 28 0.6 90 1 99 0.6 
9161 22 0.3 26 0.4 57 0 69 0.5 77 0.7 79 0 86 0.5 87 0 90 0.8 
9166 30 0.6 83 0 92 0 
9232 8 0.5 19 0.5 61 0 
9433 43 0.3 
9583 7 0 13 0.7 36 0.8 42 0.9 47 0.3 56 0.3 66 0.6 95 0.6 
9765 5 0.9 13 0.6 43 0 45 0 61 0 65 0.7 84 0.7 85 0.4 92 0.3 93 0.3 
9974 22 1 40 0.5 52 0 72 0 73 0.8 98 0.4 99 0 
