100
59 18 0.6 20 1 47 0 53 0.5 56 0 64 0.5 81 0.6 86 0.3 96 1 99 0.6 
64 27 0.8 50 1 69 0.9 81 0 
90 34 0.3 84 1 88 1 
101 5 1 12 0 37 1 
354 8 0.5 78 0.8 82 0.3 83 0.8 85 0 99 0.3 
409 8 0.8 10 0.7 45 1 62 0.4 72 0 81 0.6 
469 46 0 49 0.5 71 0.6 83 0.3 
573 4 0 13 0.9 37 0.3 
662 16 0.5 54 0.3 
732 1 0.5 22 0.8 26 0 38 0.4 40 0 72 0.8 84 0.4 92 0.9 98 0.5 
913 16 0 18 0 23 0 31 0.7 54 1 
944 18 0.7 42 0 57 0.6 60 0.9 68 0 80 0 91 0.6 
1014 27 0.5 64 0 
1064 11 0 30 0.3 59 1 62 0 83 0.5 
1116 3 0.7 16 0 22 0.9 41 0.5 71 0.4 88 0 
1220 53 0.9 
1446 31 0.6 90 0.6 
1447 20 1 25 1 45 0.8 49 0.7 76 1 83 0.3 94 0 95 1 96 0 
1464 31 0.6 96 0 
1537 13 0.6 21 0.7 26 0 34 0.6 38 0.3 75 0.4 82 0.8 83 0.3 87 0.8 94 0 
1546 15 0.7 22 0.9 29 0.6 98 0.5 
1588 0 0.9 6 0 25 1 28 0.5 32 0 41 1 56 1 73 0.4 79 0.6 89 0.4 
1672 21 1 45 0 48 0 52 0.5 55 0.9 60 0.8 64 0 74 0.5 88 1 99 0.6 
1722 1 0.3 13 0.5 15 0.7 29 0.6 39 0.4 50 0.8 65 0 73 0.8 75 0 88 0.7 
2000 13 0.6 21 0.6 42 0.7 43 0.9 47 0 53 0.9 59 0.8 85 0.3 94 0.6 
2008 5 1 6 0.5 15 0.9 46 0 47 0.4 52 0.3 
2063 27 0.5 36 0.9 44 0.4 45 0.3 55 0 73 1 83 0.4 99 0.3 
2075 11 0.6 14 0 16 0 24 0 58 0.3 72 0 82 0.9 90 0.9 
2168 6 0.9 15 0.7 32 0 52 0.3 65 0.4 
2204 25 0.3 40 0 53 0 81 0.6 90 1 
2226 31 0.4 36 0 77 0.3 96 0.3 
2258 22 0.4 35 0.4 57 0.4 60 0.4 62 0.8 88 0.9 89 0.3 
2281 11 0.5 19 0.7 
2439 57 0.6 97 0.3 
2532 11 0.7 13 0.4 61 0 62 0.4 78 0.5 96 0 97 0 
2641 31 0.8 38 0.9 44 0.5 61 0 71 0.5 
2819 22 0.7 26 0 32 0.7 44 0.6 48 1 59 0.7 60 0 86 1 99 0.3 
2839 41 0.8 91 0.9 
2930 7 0.6 19 1 37 0.3 65 0.9 77 0.7 81 0.8 
2985 4 0.5 5 0.4 18 1 23 0 27 0.7 57 0 69 0.5 86 0.6 96 0 97 0.7 
3011 10 0 24 0.9 32 0.5 34 0.6 62 0.6 63 0.8 64 0.4 85 0.9 86 1 
3098 13 1 56 1 62 0.5 89 0.5 90 0.4 91 0.6 
3134 8 0.7 23 1 27 0.8 35 0.8 92 0 
3187 3 0 5 0.3 20 0.4 44 0.9 76 0 88 0 
3312 83 0 99 0.6 
3362 6 0.9 15 0.6 31 0.7 
3372 5 0.7 20 0.7 21 0.6 28 0.6 44 0.9 76 0.8 88 0.3 99 0.8 
3822 31 0.6 60 1 65 0.3 81 0 
3845 33 0.3 34 0.6 42 0 50 0.8 82 0.8 84 0.7 
3880 0 0 33 0.8 56 0 60 0.9 85 0.5 93 0.9 95 0.8 
3959 4 0.7 13 0 33 0.8 55 0.8 58 0.7 68 0.8 75 0.4 
4028 20 1 24 1 38 0.8 63 0.9 78 0.6 89 0 
4191 1 0.7 95 0.8 97 1 99 0 
4600 20 0 30 0.7 34 0.8 
4759 5 0.9 19 0.9 28 0.5 40 0.5 43 0 51 0.4 55 0.3 
5252 6 0.8 19 0.5 60 0.9 
5263 1 0.5 70 0 91 0.7 98 0 
5287 5 0 14 0.6 27 0.9 55 0 70 0 72 0 74 0.4 80 0.3 99 1 
5304 2 0 13 0 14 0 52 0.6 65 0 66 0 78 0.5 82 0.8 86 0.5 94 0.7 
5605 6 1 8 0.8 44 0 87 0.3 88 1 89 0.4 
5694 44 0 
5769 84 0 
5823 95 0.4 96 1 
5943 4 0.8 20 0.9 23 0.5 29 0 34 0.8 62 0 82 1 
5959 12 0 43 0.6 73 0 75 1 
6070 0 0 24 0 32 1 33 0.4 43 1 48 1 82 0.5 99 0.5 
6071 6 0.8 33 0 62 0 65 0.6 80 0 85 0.7 89 0 91 0.9 
6231 0 1 7 0.4 15 0 34 0.9 59 0 87 0 
6288 30 0.8 39 0.3 42 0.6 53 0.6 62 0.3 83 0.9 91 0 94 0 
6305 23 0.7 30 0 32 0.5 48 0.9 50 0.5 
6592 8 0.7 13 0 25 1 32 0.7 46 0 63 0.4 
6608 23 0.9 29 0.6 38 0.4 64 0.4 68 0.7 74 0.3 
6632 5 0 18 0.3 31 0.3 58 0.9 61 0 67 0.9 83 0.8 
6724 11 0 20 0.4 31 0 36 0 44 0.7 66 0.4 68 0.3 94 1 
6885 1 0.3 7 1 41 0 51 0.5 53 0.5 63 0 90 0.3 91 0 95 0.4 97 0.9 
7247 3 0 14 0.7 29 0.7 48 0 84 0.7 94 0.7 
7352 95 0.7 
7428 19 0.5 56 0.5 92 0.6 
7755 10 0.5 13 0.9 14 0 16 0 41 0 73 0 84 0 92 0 
7968 14 0.7 28 0 32 0 41 0 46 0.4 49 0.8 84 0.3 
7974 14 0 27 0.7 35 0.7 37 0.9 43 0.4 64 0 68 0.3 71 0.6 
7997 29 0 54 0 
8093 3 0.6 9 0 18 0.6 65 0.4 78 0.6 80 0 98 1 
8242 12 0.6 16 1 17 0.9 28 0 49 0.7 58 0 85 0 98 0 
8634 2 0.5 5 0.5 8 0 10 0.3 29 0 68 0 
8967 13 0.8 15 0 47 0.6 53 0.3 65 0.9 70 0.5 77 0.3 79 0.5 
9025 67 0.7 
9108 88 0.9 
9145 33 0.9 38 0.5 86 0.6 
9152 30 0.4 42 0 
9260 21 0.8 
9429 16 0.3 20 0 31 0.4 34 0.9 45 0.6 72 0.7 81 0 95 0.6 97 0.7 99 0.7 
9430 11 0 43 1 46 0 49 0 59 0.5 65 0 74 0.4 81 0.9 
9521 27 0.8 59 0.8 72 1 75 0.9 79 1 89 0.6 91 0 92 0.7 97 0 98 0.4 
9537 26 0.7 30 0.5 37 0.4 45 1 50 1 98 0.9 
9548 11 0 75 0.5 
9558 1 0 39 0 51 0 55 0.4 59 0 65 0.5 72 0.5 74 0.9 89 0 
9584 11 0 52 0.3 69 0.7 79 0.3 92 0 
9610 18 0 25 0 62 0.8 91 0.3 
9878 4 0.3 8 0.3 15 0 16 0.6 25 0 37 0 54 0 95 0 
