100
13 50 1 
45 12 0.5 49 0.6 
249 17 0 26 0.5 47 0.6 54 0 55 0.5 70 0.9 76 0.6 79 0.7 
406 0 0.6 8 0.4 22 0.4 43 0.4 82 0 90 1 
414 1 1 16 0.6 25 0.9 68 0 89 0.4 
617 10 0.7 18 1 32 0.7 33 1 46 1 95 0 
768 14 0.5 16 1 33 0.3 34 0.5 38 0.6 74 0.9 79 0 
774 29 0 38 0 54 0.9 92 0.5 
781 9 0.8 61 0.5 63 0.4 77 0.4 81 0.6 86 0 89 1 96 0 99 0.8 
823 94 0.4 
879 36 0.4 95 0.9 
916 19 1 38 0.4 56 0 67 0.5 
976 35 0.7 49 0 57 0.3 78 1 
1000 24 0 
1002 29 0.8 48 1 54 0 63 0.9 93 1 
1114 3 0.9 15 0.6 18 0.6 33 0 39 0 41 0.8 80 0 96 0.3 
1146 18 0.8 43 0.9 55 0.7 81 0 
1236 7 0 38 0.7 79 0.3 
1364 1 0.7 8 0 18 0.6 23 0.5 51 0.9 88 0 91 0 
1536 44 0.6 48 0.4 51 0 65 0 80 0.9 87 0.4 90 0 95 0.6 99 0.6 
1559 3 0.7 18 0.8 55 0 64 0.3 65 0.5 69 0.7 75 0.5 92 0 93 1 94 0.8 
1908 15 0 20 0.6 27 0.3 43 0.6 44 0.5 45 1 53 1 76 0 79 0.9 
2044 19 0.6 26 0 63 1 71 0 90 0 
2154 17 0.3 19 1 35 0.9 67 0.5 68 0 85 0 
2195 24 0.8 25 1 35 0.9 67 0 87 1 
2288 1 0 8 0.5 54 0 74 0 
2394 13 0 19 0.7 77 0.5 
2477 98 0 
2605 18 0.7 70 0 95 1 
2624 81 0 
2669 2 0.9 8 0.3 28 0 30 0.7 49 0.9 59 0.4 85 0 92 0 96 0.4 
2793 19 0.6 56 0.3 
2819 22 0.7 26 0.5 32 0.4 44 0 48 0.5 59 0 60 0.4 86 0.6 99 0.5 
2897 40 0.8 75 0.7 88 0.6 
2906 11 0.7 14 0.6 15 0.3 66 1 80 0.6 91 0.8 94 0.9 
2915 3 0 62 0 91 0.5 
2983 10 0.5 14 0 42 1 46 0.3 51 0.9 57 0.3 62 0.3 65 0 96 0.4 
3110 22 1 
3191 9 1 21 0.3 27 0.9 34 0.6 39 0 43 0.5 44 0.8 52 0.5 80 0.6 
3494 1 1 6 1 27 0.5 47 0.4 48 0.7 63 0.6 65 0 66 0.4 68 0.6 76 0.5 
3635 0 0.9 5 0.5 14 0 20 0.9 21 0 37 0.5 63 0.9 77 0.9 90 0.8 97 0.8 
3934 12 0.7 70 0.8 
4215 13 0.5 33 0 48 0.4 74 0.6 95 0 
4234 15 0.8 16 0.6 19 0.5 31 0.6 37 0.7 42 0.3 58 0 67 0.6 93 0 94 0.6 
4244 62 0.9 65 0 69 0.6 71 0 
4332 4 0.5 24 0.9 25 0 45 0.3 69 0.7 80 1 95 0.3 
4387 4 0.9 23 0.9 36 0.5 38 0.6 45 0.9 
4436 8 0.6 17 0.6 28 0.5 34 0.4 52 0 53 0 60 0 62 0 90 0.6 
4480 6 0.3 50 0.6 61 0 84 0.8 
4558 13 0.8 16 1 24 0.4 39 0 47 0.8 61 0.5 71 1 97 0.6 98 0.9 
4562 26 0.4 36 0.8 42 0.9 43 0.9 45 0 62 0 79 0.9 86 0.7 88 0.8 94 0.6 
4582 16 0 30 0.5 31 0.5 32 0.3 36 0.3 39 0.9 
4609 45 0.8 
4680 27 0 29 0.7 50 0 63 0.7 
4769 7 0.9 16 0 29 0.8 35 0.7 51 0.6 76 0.5 77 0.3 83 0 85 0.5 98 0.6 
4793 31 1 55 0.4 
4826 7 0 10 0 31 0.5 33 0 48 0.7 51 0.9 63 0 70 0 
4918 16 0.5 17 0.5 26 0.6 35 0.3 51 0.6 68 0 84 1 96 0.6 
4919 47 0 64 0.3 66 0.8 87 0.7 
4933 7 0 44 0.7 45 0 58 0.7 76 0.5 86 0 90 1 91 0 
4936 20 0.6 24 0.7 29 0.6 41 0.5 45 0.3 59 0.5 60 0.8 75 0.4 
5098 27 0 35 0 43 0.5 54 1 65 0.5 95 0.8 
5218 16 0.9 28 0.3 46 0.5 48 0.6 51 1 64 0 70 0.8 81 0.7 
5244 29 1 86 1 
5275 16 1 19 0.5 26 0.9 27 0.3 50 0.5 58 0.6 59 0.7 93 0 
5344 16 0.9 21 0 29 0.8 71 0 99 1 
5725 1 0.3 18 0.4 32 0.4 45 0.6 54 0 73 0 81 0.8 88 0.8 91 0.5 99 0 
5784 3 0.7 17 0.8 21 0.4 78 0 
5830 18 0.6 25 0.8 43 0.8 83 0.8 95 0 97 0.7 
5870 6 0.8 9 0.7 37 0 41 0.4 51 0.6 
5931 27 0 37 0.8 55 0 60 0.3 82 0.5 88 0.3 
6165 20 0.3 27 0.3 32 0.6 39 0.3 78 0.3 81 0.6 86 1 90 0.5 96 0.4 
6169 35 0 68 0.4 
6214 12 0.8 34 1 56 1 69 0.3 71 0 
6230 51 0.3 56 1 71 0 98 0.7 
6415 71 0.6 72 0.6 
6420 64 0.3 
6702 4 0 23 0.8 
6937 16 1 25 0 26 0 29 0.3 33 0 47 0.3 56 0.5 88 0.4 
6971 15 0.9 23 0.7 
7069 32 0 34 0 42 0.4 59 0.6 83 0 99 0.9 
7688 64 0.4 
7724 39 0 83 0.4 
7739 14 0.8 28 0 41 0.8 68 0.3 70 0.5 90 1 
7752 34 0.8 81 0.9 95 0.4 
8076 6 0.6 28 0.9 35 0 52 0.4 59 1 73 0.5 92 1 96 0.6 97 0.6 
8093 3 0 9 0.8 18 0.3 65 0.3 78 0.8 80 0.4 98 0.8 
8159 23 0.9 28 0.4 52 0.4 60 0 87 0.4 92 0.8 95 0 96 0.9 
8310 13 0 37 1 94 0.9 96 0.6 
8451 3 0.6 7 0 22 0 27 0.4 38 0.6 39 0.9 43 1 69 0 75 0 
8455 89 0 
8528 91 0 
8601 19 0.7 
8772 22 0.9 63 1 80 0 81 0.4 83 0.5 94 1 
8891 46 0.9 80 0 
9285 15 0 32 0 52 0 56 0.6 70 0.3 85 0.6 89 0.9 94 0.4 96 0 98 0.8 
9397 8 0 15 0.9 25 0.8 44 0.8 53 1 57 0.6 
9449 37 0.4 99 0 
9625 33 0 41 0 49 0.7 79 0.6 
9819 0 0.7 2 0 6 0.3 26 0.5 37 0 55 0 68 0 95 0.8 
