100
7 3 0.6 9 0.9 51 1 60 0.6 69 0 
102 40 1 55 0 
114 1 0 21 0.3 28 0.7 35 0 48 0 
268 6 0.6 12 0.3 29 0.8 59 0 73 1 80 0.4 
372 6 0 9 0.8 15 0.5 19 0.7 24 0 31 0.5 36 0 68 0.6 98 0 
521 25 0.3 38 0.7 55 0.5 66 0.5 81 0 92 0.4 97 0 
585 9 0.6 13 0 14 0 29 0.9 37 0.9 59 0.4 70 0.4 
611 6 1 52 0.3 58 1 68 0.4 76 0.3 
692 70 0.7 72 0.5 73 0.5 80 0 85 0 89 0 96 0.3 99 0 
717 5 0 17 0.8 41 0 53 0 57 0.3 81 0.3 82 1 
807 26 0.7 36 0 49 0 53 0.7 73 0.3 77 1 86 0.8 95 0.7 
911 10 0.5 22 0.8 31 0.5 46 0.3 70 0.8 91 0.6 
1046 2 0 37 0.5 69 0 90 1 99 0.7 
1106 17 0.7 27 0 51 0 80 0.8 92 0.6 
1245 1 0 18 0 28 0.5 30 0 35 0 53 0 69 0.4 89 0 96 0.6 
1254 2 0 47 0.7 48 0.8 49 0 61 0.5 92 0.5 
1292 27 0 42 0.6 57 0 62 0.3 82 0.8 
1494 23 0 28 0.4 43 0 53 0 
1583 4 0.9 19 0.5 35 0 37 0.4 65 0.9 69 0 80 0.6 
1611 27 0.4 85 0.4 
1615 4 0.6 96 0 97 1 
1624 4 0 45 1 62 0 82 0.5 95 0.8 
1628 18 0.6 29 1 47 0.8 48 0.7 61 0 70 0 80 0.9 
1917 20 0 71 0.8 92 0.6 
2064 55 1 75 0 90 0 93 0 94 0.5 
2154 17 0.4 19 0.9 35 1 67 0.6 68 0 85 0.4 
2184 11 0.8 28 0.6 80 0.9 
2243 2 0.9 21 0.9 28 0.6 39 0.3 55 0 79 0 96 0.9 
2336 1 0 4 0.6 6 1 18 1 40 0.5 50 0.6 71 0 78 0 88 0.9 92 0.3 
2425 68 0 93 0.3 
2448 32 0.9 77 0.3 90 0.6 92 0.4 
2590 0 0 6 0 23 0 26 0 37 0 61 0.3 69 0 
2758 4 0 16 0.7 20 0 73 0 74 0 90 0 
2853 8 0.5 20 0.7 38 0.4 44 0.9 51 0.6 67 0.9 
3082 21 0.3 29 0.6 34 0 55 0.5 64 0 68 0.3 
3106 86 0.3 88 0.8 
3256 1 0 44 0.6 
3258 7 0.7 14 0 21 0.8 41 1 60 0.4 78 1 81 0.7 88 0 89 0 98 0.5 
3421 3 0.9 4 0 16 0.7 46 0.5 57 0.8 67 0 80 0.9 87 0.8 88 1 94 0 
3800 58 0.9 
3831 21 0.4 97 1 
3929 28 0.9 55 0 85 0.4 
3986 9 1 23 0.4 26 0.9 78 0.4 84 1 
4153 14 0.3 36 0.6 38 0 43 0.9 51 0.6 78 0.3 
4203 11 0.8 15 0.3 18 0.4 19 0 40 0 46 0.6 57 0 64 0.6 69 0 77 0.4 
4457 10 0.8 23 0.4 42 0.8 62 0.7 
4458 36 0 40 0.5 52 0 64 0.7 
4562 26 0.7 36 1 42 1 43 0 45 0.6 62 0.8 79 0.5 86 0.8 88 0.9 94 1 
4632 21 0.8 24 0.3 33 0 34 0 89 0 
4767 14 0.7 38 0.6 64 0.3 98 0 
4961 1 0 16 0.3 18 0.6 35 0.4 39 0 40 0.8 57 0.5 59 0 89 0 91 0 
5065 10 0.3 25 0.6 37 1 53 0 68 0.8 
5106 16 0.4 61 0.9 
5155 51 0 57 0.5 81 0.3 
5337 2 0 11 0.5 22 0.7 35 0.9 46 0 59 0.7 75 0 95 0.6 
5384 2 0.5 
5429 8 0.8 17 0.4 27 0.8 33 0.4 56 0 76 0 78 0 95 0.9 
5727 9 0 38 1 42 0.9 63 0.6 64 0.9 
5766 25 0.6 58 0.3 72 0.3 80 0.8 82 0.4 
5906 36 0.5 46 0.3 65 0.9 73 0.4 86 0.5 
6164 1 0.9 4 1 7 0 32 0.6 50 0 
6224 70 0.5 78 0 89 0.5 
6377 26 0.6 73 0 
6412 27 0.4 64 0.9 92 0.8 
6766 15 1 60 0 89 0.4 
6918 2 0.4 20 0.6 26 0.3 36 0 47 0.6 56 0 60 0.7 
7119 29 0 35 0 38 0.7 61 0 
7258 2 0.3 9 0 33 0.9 42 0.6 65 1 77 0.6 84 0.8 
7261 4 0.3 19 0.5 33 0.7 60 0.3 70 0.7 72 0.9 82 0.4 98 0.8 
7327 14 0 21 0.9 27 0.3 72 0.5 83 0.5 84 0.4 95 0 97 0.3 
7350 64 0.9 
7410 17 1 19 0 22 0.5 25 0.4 62 0.5 63 0.7 67 0.7 91 0.5 95 0 
7439 3 0.8 19 0 55 0.7 89 0.3 
7443 8 0 27 0.9 65 0.3 
7464 33 0 
7472 25 0.7 26 0 32 1 50 0.5 51 0.9 55 0 57 0.6 62 0 81 0.5 87 0.5 
7533 8 0 12 0.4 19 0.6 27 0 35 0.6 45 0 47 0 
7702 4 0 13 0.5 15 1 43 0.6 52 0 55 0 65 0.5 77 0 
7725 10 0.5 34 1 54 0 65 0.7 83 0 
7735 23 0.9 27 0 59 0.7 88 0.5 
7831 38 0 62 0.5 71 0.3 98 0.7 
7970 4 1 9 0.6 33 0 65 0.9 70 0.8 76 0 83 0.7 89 0.4 91 0 92 0.9 
8014 0 1 4 0.6 38 0 56 0.3 77 0 81 0.9 90 0.7 91 0.6 
8039 78 0.9 79 0.6 81 0.7 91 0 98 0.3 
8314 17 0.3 24 1 69 0.5 70 0.9 77 0.9 88 0.5 98 0 
8529 8 0.6 23 0.7 46 0 48 0 85 0.6 88 0 
8577 4 1 12 0.4 28 0.3 42 0.3 47 0 67 1 75 0.7 84 0.4 90 0.7 93 0 
9046 11 0.5 14 0.5 32 0.8 
9124 39 0.9 40 0.3 50 0.5 62 0.9 68 0.3 69 0.3 77 0.7 81 1 94 0 99 0.4 
9141 21 0 34 0.9 37 0 
9211 25 0 54 1 70 0 72 1 
9284 21 0.5 23 1 27 0 33 0.7 45 0 58 0.3 59 0.6 84 0.3 
9616 3 1 9 0 12 0.6 14 0.8 19 0 41 0.3 85 0.3 96 1 
9641 22 0 44 0.3 58 0.9 72 0 73 0.5 83 0.4 92 0.4 
9656 9 0.7 
9668 2 0.5 5 0.5 29 0 35 1 64 0.3 65 0.9 74 1 89 0.4 91 0.6 
9736 21 1 26 0.7 46 0.3 47 0 56 0.7 91 0.6 
9784 3 0.4 10 0.3 12 0.8 23 0.5 49 0.6 50 0.3 62 0.8 83 0 86 1 98 0 
9886 15 0 41 0 47 0.6 54 0.9 62 0.6 65 1 78 0 
9920 23 0.3 43 0 77 0.5 80 0.6 99 0.9 
