100
45 12 0 49 0 
131 6 0 11 0.7 16 1 25 0.3 28 0.3 41 0 91 1 
232 34 0.5 
260 4 0 13 1 16 0.6 21 1 28 0.9 47 0.5 51 1 89 0.5 91 0.8 92 0.9 
416 8 0.6 11 0 16 1 19 1 53 0.3 58 0 64 0.8 74 0.5 
484 35 0.5 49 0 52 0 81 0.7 95 1 
551 5 0.4 7 1 11 0.6 15 0.9 24 0 26 0 29 0.5 55 0.6 64 0.8 76 1 
703 58 0.8 
736 23 0 71 0.3 99 0.8 
747 8 0.5 30 0 48 0.3 65 0.9 83 0 84 0 87 0.9 
900 30 0.4 43 0 81 0 
910 13 0 15 0.7 49 0 58 0.8 60 0.4 69 0 74 0 
928 40 1 76 0.3 
969 10 0.4 22 0.6 60 0 78 0 
1133 65 1 90 0 
1192 2 0.7 26 0.9 46 0.3 72 0 94 0.8 
1215 1 0.3 2 0.6 6 0.9 61 1 64 0.6 66 0.8 93 1 94 0.5 
1409 16 0.5 20 0.3 46 1 73 0.7 76 0 79 0.3 
1444 11 0.9 42 0.8 60 0.5 
1542 9 0 20 1 24 0.8 76 0.6 81 0 
1548 16 0.8 34 1 64 0.9 89 0.7 90 0.6 
1947 5 0.6 6 0.8 7 0.9 22 0 45 0 56 0.4 81 0.9 84 0.9 93 1 99 0.9 
1981 28 1 29 0 53 0.6 60 0 85 0.9 88 0.7 99 0 
2023 8 0 19 0 37 1 42 0.8 44 1 48 0.4 60 0.7 64 0.9 65 0 79 0.8 
2029 0 0.9 8 0.7 21 0.4 26 0 38 0.4 45 0.3 65 1 94 0.4 
2168 6 0.7 15 0.7 32 0.5 52 0.5 65 0 
2238 5 0.4 15 0 28 0.4 38 0.5 42 0.7 43 0 62 0 68 0.4 79 0.8 94 0.3 
2239 18 0.5 83 0.7 84 0.5 88 0.9 89 0.8 
2305 45 0.8 
2323 31 1 36 0 45 1 69 0 
2382 10 0.6 32 0.9 35 0 46 0.5 49 0.8 56 0.7 73 0 82 0.4 99 1 
2499 5 0 23 0.3 28 0.4 61 0.5 62 0.8 66 0.7 74 0 80 0.5 88 0.9 95 0 
2547 15 0.6 92 0.9 98 0 
2585 14 0.9 24 0.5 33 0.6 53 1 74 0.7 93 0 
2615 73 0 76 0.9 87 0.7 
2626 8 1 13 0 19 0.3 22 0.6 25 0.9 32 0.7 85 0 94 0.5 
2634 1 0 39 0.5 42 0.7 58 0.6 59 0.8 64 0 67 0.5 68 1 87 0.9 91 0.9 
2635 47 0.9 63 0 88 0 
2662 3 0 25 0.3 42 0.8 43 0.7 63 0.9 73 0 88 0.3 
3085 29 0.3 59 0.6 87 0.3 97 0.9 
3245 31 0 89 0.8 
3255 26 0.9 67 0.5 
3262 7 1 24 0.9 31 0.7 88 0 92 0 95 1 
3333 6 0.9 38 0 45 0.3 
3396 3 0 21 0.9 94 1 
3537 14 0.8 15 0.3 17 0 24 0.6 40 0.6 93 0.4 
4027 12 0.5 21 0.9 23 0.7 30 0.5 67 0 83 1 96 0 99 0.3 
4050 66 0.5 87 0.6 
4077 26 0 27 0 31 0.5 55 0.3 99 0 
4188 19 0.3 22 0.4 26 0 86 0.7 99 0.6 
4259 23 0.3 61 1 81 0.7 94 1 95 0.3 
4319 88 1 
4411 0 0 21 0.3 46 0 80 1 
4553 1 0.4 4 0.3 22 0.6 31 0.9 33 0.3 48 0.8 65 0.6 75 0 99 0.5 
4805 30 0 33 0.7 51 0 57 0.3 86 0 
4973 17 0 32 1 55 0 97 0.7 
5119 0 0.5 35 0.8 48 0.6 
5294 33 0.6 77 0 
5332 4 0.8 24 0.4 27 0.5 28 0.6 
5399 70 0 
5459 10 0 43 1 56 0.9 58 0.9 76 0.8 
5537 57 0.3 
5550 22 1 50 0.7 52 0.5 
5635 38 0.8 58 0.3 86 0.6 87 1 
6050 18 0.7 23 0.3 52 0.3 60 0.8 81 0.3 90 1 94 0 
6121 31 0 44 1 69 1 90 0.3 
6227 15 0.4 22 0 34 0.4 45 0.8 50 0.4 55 0.6 56 0 73 0.8 94 0.5 
6233 22 0.5 25 0.9 28 0.8 61 0.4 63 0.6 78 0.4 92 0 95 0.3 
6508 31 0.6 63 0.3 78 0.9 96 0.6 
6532 6 0.5 38 0 62 1 69 0 70 0.4 71 0.8 76 0.9 80 0 84 0 
6546 3 0 5 0.4 88 0.5 
6885 1 0.6 7 1 41 0.3 51 0.9 53 0 63 0 90 0 91 0 95 0.9 97 0 
6892 38 0.6 51 1 61 0.6 64 0.4 70 0.4 72 0.5 80 0.8 90 0.8 
7084 1 0.6 7 0.7 13 0.9 67 0.6 74 0 84 0 87 0.8 
7154 50 0.4 
7195 22 1 39 0.5 66 0 75 0.7 95 0.5 96 0.9 99 0 
7264 3 0.6 11 0 23 1 55 0 69 0.3 80 0 87 0 99 0.8 
7389 7 0.8 81 0 98 0.4 
7527 0 0.9 2 0.5 27 0.6 58 0.3 78 0 85 0.6 87 0.9 88 0.6 
7572 14 0 48 0.8 
7655 18 0.8 29 0.6 32 0.6 49 1 78 0 
7677 17 1 25 0.4 50 0 62 0.3 68 0 71 0 75 0.4 90 0.7 96 0.3 
8069 0 0.6 21 1 48 0.8 50 0.6 68 1 89 0.8 
8326 46 0 58 0 
8425 21 0.7 26 0 69 0.9 76 0.9 85 1 
8478 10 0.3 24 0.4 32 1 48 0 50 0 59 0 60 0.8 61 0.8 82 1 83 0.8 
8545 1 0.3 7 0.6 
8606 13 0.9 15 0.6 17 0 36 0 58 0.9 59 0.9 74 0.8 80 0.4 94 0.4 96 1 
8613 2 0.4 20 0.9 27 0.6 31 0.8 58 0.4 64 0.3 69 0 74 0.6 75 0 94 0.8 
8697 1 0.5 2 0.6 11 0.7 16 1 21 0.4 27 0.8 50 0.9 63 0.4 69 0.5 89 0.9 
8738 40 0.5 
8881 0 1 16 0.4 77 0.3 98 0.5 
9073 2 0 15 0 43 0.4 45 0 62 0.4 66 0 68 0.4 76 0.9 93 0.7 99 0.9 
9232 8 0 19 1 61 0.6 
9234 7 0.5 28 1 46 0 50 0.5 52 0.6 66 0 69 0.9 75 0 85 0.5 
9366 21 0 29 0.5 35 0 44 0 65 0.4 67 0.9 78 0.8 79 0.3 
9458 11 0 19 0.4 22 0 42 0.9 43 0.4 54 0.8 66 1 
9707 14 0 36 0 
9720 42 0 48 0.8 84 1 
9763 56 0.4 89 0.7 
