100
47 0 0.5 11 0.7 39 0.4 48 0.4 
129 14 1 25 0.3 42 0.5 48 0.5 56 1 61 0 68 0.9 
145 61 0.3 
153 2 0.4 19 0.7 80 0.6 88 0 
349 14 0 37 0.5 45 0.6 47 0.3 51 0 66 0.5 69 0.6 72 0.4 81 0 99 0.8 
405 45 0 80 0 
425 27 0.8 38 0 39 1 
589 1 0 18 0 28 0.3 30 0.4 35 0.7 44 0.7 49 0 97 0.3 
655 0 0.5 2 0 4 0.6 28 0.3 40 0.9 44 0.3 81 1 89 0.8 
672 24 1 57 0.6 64 0 
675 8 0.9 15 0.7 33 0.8 41 0 45 0.5 82 0.8 88 0.8 91 0.3 
729 28 0.3 40 0 45 0.6 
811 13 0 14 0 42 0.7 72 0.6 92 0.4 94 0 99 0.9 
882 5 0.4 29 0 65 0.7 
1059 1 0.8 11 1 15 0 24 0.8 64 0.4 80 1 
1154 1 0 2 0.9 5 0 22 0.9 24 0.4 26 0 79 0 
1171 51 0.6 52 0.3 69 0 
1233 28 0.4 90 0.9 
1273 20 0 
1336 3 0.7 9 1 11 0.9 28 0 57 0 64 1 
1521 2 1 98 0 
1574 16 0.9 17 0.3 22 0.9 35 1 43 0.7 66 0.7 74 0.4 75 0.9 89 1 
1642 28 0.9 36 0.5 66 0 75 0 91 0.9 93 0.5 
1677 23 0 41 0 
1742 5 0.5 52 1 58 0 69 0.3 71 0.8 74 1 75 0.5 82 0 86 0 94 0.7 
1796 20 0.8 45 0.9 54 1 72 0 91 1 98 1 
1882 12 0.7 38 0.9 64 0.6 93 0.6 
1948 27 0 32 0 40 0 54 0.9 67 0.3 68 0.8 82 0 
1954 23 0.7 50 0.8 72 0.9 74 0 
1996 0 0.6 16 0.3 35 0 58 0 60 0.8 69 0.4 82 0.9 90 0 
2013 16 0 58 0 64 0.4 65 0.6 68 0.8 72 0.3 85 0.8 90 0 
2030 2 0 12 0.8 16 0.5 28 1 
2105 21 0.8 35 0.9 43 1 58 0.3 72 0.6 73 1 90 0.5 91 1 93 0.9 
2130 24 0.3 34 0 39 0 
2205 37 0.6 38 0.9 42 0 45 0.7 77 0.5 81 0.4 88 0 
2352 6 0.9 33 0.9 42 0 58 0 60 0.7 62 0.8 68 0.4 73 0.7 96 0.4 97 0.9 
2423 5 0.8 29 0.4 38 0.4 47 0.6 51 0.3 60 0 66 0.3 76 0 
2436 30 0.3 36 1 41 1 42 0.6 63 0.9 76 0.4 79 0 
2447 6 0.7 13 0.9 26 0 27 0.6 38 0.5 47 0.5 64 0 
2689 15 0.9 31 1 49 0.9 63 0.5 66 0 78 0.6 80 0.4 89 0 91 0.5 
2740 1 0.9 38 0.9 56 0.4 94 1 
2749 10 0.7 60 0.7 68 0.9 
2779 6 0.4 17 0 30 0 63 0.7 89 0.8 95 0.9 
3019 14 0 16 0.3 27 0.4 35 0 37 0 39 1 60 0.4 62 0.7 74 0 81 0.9 
3334 4 0 7 0.8 29 0 34 0 40 0.9 51 0.4 63 0 81 0.6 92 0 97 0 
3478 3 0.5 5 0.9 16 0.7 39 0.6 47 0.8 48 0.5 57 0.9 60 0.7 66 0.4 78 0.8 
3539 20 0.3 
3793 3 0.8 19 0 39 0.8 66 0.3 73 0 88 1 96 1 
3823 14 0.6 17 0.3 19 0.8 29 0.6 68 0.3 90 0 
3851 16 0.9 46 0 59 0.6 74 0 77 0.9 92 1 
4074 13 0.8 30 0.7 33 0.6 39 0 
4162 6 0.5 49 1 57 0.3 58 0.8 68 0.5 69 0 
4367 17 0 37 0.5 47 0.6 51 0 68 0.3 72 0 85 1 89 0.8 
4424 16 0.6 18 1 32 0.6 52 0.6 78 0 80 0 91 0.4 
4485 3 0.7 12 0.4 15 1 25 0.4 26 1 29 0 36 0.4 70 0 79 0 97 1 
4523 6 0.5 14 0.4 21 0.9 30 0.5 32 0.8 35 0.8 50 0.3 56 0.7 63 0.4 73 0.3 
4676 2 0.6 5 0.4 17 0 26 0 34 0.3 44 0.5 50 0 89 1 97 0 
4747 0 0.9 2 0 40 0 42 0.5 48 0.3 62 0.4 72 1 94 0 95 0.9 98 0.6 
4835 2 0.8 8 0 29 0.7 53 0.9 60 0.5 61 1 74 0.4 
4870 17 0.9 25 0 52 0.6 54 0.9 66 0.6 67 0.5 72 0 81 0.5 83 0.6 
5031 52 0.6 53 0.4 57 0.5 73 0.7 
5097 16 0 43 0 44 0.6 54 0 96 0 99 0 
5517 28 0 38 1 58 0 60 0 71 0.8 89 0.3 97 0 
5697 46 0.3 54 0.3 61 1 66 0.5 76 0.4 95 0.8 
5713 2 0.7 9 0.3 55 1 59 0 60 0 
5749 1 0.6 23 0.3 36 0 59 1 70 1 
5811 5 0.4 19 0.7 36 0.7 59 0.5 60 1 64 0 89 1 95 0 
5922 60 1 
6423 62 1 68 0.5 
6481 37 0.6 45 0.4 56 0 64 1 90 0.6 93 0.3 
6484 23 0.3 31 0.9 39 0.4 50 0 81 1 88 0.5 
6518 34 0.7 86 1 
6539 26 1 36 0 52 0.8 56 0.5 87 0.5 
6823 3 0.9 18 0 22 0.9 29 0 48 0 63 0.4 64 0.7 95 0.8 
6825 10 0.3 34 0.3 39 0.7 81 0.9 84 0.4 
7075 5 0 15 0.4 20 0.4 34 0 40 0.9 41 0.6 62 0.7 63 0.8 65 0.9 85 0.5 
7106 3 0.3 33 0.7 65 0.7 68 0.8 91 0.3 
7458 81 0 
7466 40 0.4 
7468 1 0.3 7 0.7 15 0.3 17 0.8 33 0.5 42 0.4 82 0.3 89 0 
7582 36 0.8 75 0.6 
7614 90 0.7 
7932 8 0.8 18 1 48 0 58 0.5 67 0.7 77 0.6 83 0 93 0.6 
7941 6 0 10 0.4 13 0 18 0 23 0 54 0.8 62 0.8 66 0 88 0.8 97 0 
7988 20 0.7 
8083 34 0.7 
8307 14 0.3 24 0.6 43 0.3 67 0.9 
8335 6 0.5 51 0 60 0.9 69 0.4 
8516 2 0 4 0 13 0 57 0.9 77 0.6 82 0.9 96 0.3 
8571 6 0.6 14 0.6 15 0 16 0.9 32 0.7 79 1 99 0.5 
8906 1 0.3 10 0.4 14 0.5 32 0 38 0.8 53 0.6 54 0 70 0.5 87 0.8 
9139 6 0.5 14 0 22 0.9 49 0.9 52 0.9 60 0 62 0.7 67 0.7 90 0.4 92 0.7 
9174 15 0.8 50 0 65 0.8 69 0 
9337 11 1 76 0.3 
9571 8 0 12 0.7 17 0.3 32 0 34 0 51 0.4 53 0.3 71 0.4 
9719 48 0.5 83 0 
9870 16 0.3 27 0.9 29 0 45 0.5 56 0.7 58 0.6 68 0.7 90 0.7 
9878 4 0 8 0.6 15 0.7 16 0.9 25 0 37 0.9 54 0.7 95 0.9 
9881 26 0.6 39 0.5 62 0.9 80 1 85 0.5 90 0 
9903 6 0 64 0.5 65 0.3 68 0.7 70 0 79 0 
