100
126 1 0.6 53 0 55 0 92 0.7 94 0.4 
251 52 0 
292 23 0 35 0.9 49 0.9 60 0 70 0.4 80 1 96 0 99 0.4 
319 30 0.4 33 0.3 
322 34 0.5 41 0 42 0.6 70 0.5 84 0.7 97 0.6 
420 0 0.4 12 0.8 20 0.7 23 0 35 0.7 48 0.9 58 0 63 0 81 0.8 
440 1 0.6 7 0.5 8 0.8 17 0 35 0.9 39 0 55 0.8 72 0.6 73 0.7 77 0.6 
617 10 0.6 18 0.7 32 1 33 0.8 46 0 95 0.5 
662 16 0.4 54 0 
673 0 0.3 40 0 41 0 56 0.8 59 0.3 70 0 78 0.4 79 0 
782 76 0 86 0.4 
805 22 0.8 29 0 33 0 35 0.6 68 1 75 0 94 1 
811 13 0.4 14 0.3 42 0.3 72 0.8 92 0 94 0.5 99 0 
863 8 0.7 29 0.8 35 0.9 51 0.7 65 0 66 0.6 86 0.8 87 0.6 89 0 
1077 24 0.6 44 0.7 49 1 52 0.9 65 0.8 68 1 76 0.6 83 0.9 90 0 95 0.6 
1276 22 0.6 53 0.6 56 0.8 93 0.9 
1345 0 0.5 2 0 7 0.4 11 0.8 15 0.3 21 0.6 23 0 50 0.6 62 0.9 95 1 
1440 6 0.6 58 0.7 84 1 
1557 3 0 30 0.6 61 0.8 75 0 83 0 86 0.9 92 0 96 0.4 
1622 28 0.6 57 0 61 0.6 
1758 0 0.3 21 0.9 66 0.4 91 0.9 
1768 7 0 12 0 14 0.7 33 0.8 46 0.6 52 0 74 0.3 88 0.4 96 0.3 
1966 9 0.3 85 0.9 
1969 4 1 73 0 82 0 
2038 34 0.5 
2091 4 1 18 0.6 45 0 50 0 55 0.6 59 0.4 
2137 2 0.4 23 0.6 25 0 26 1 37 0.9 80 0.7 84 0.6 87 0.4 
2192 13 0.8 19 0.5 23 0 29 0.6 34 0.4 44 0.8 
2236 15 1 18 0.6 68 1 75 0.9 92 0.3 94 0.6 95 1 
2306 10 0.3 17 1 28 0.8 42 0.6 52 0.3 58 0.8 70 0 81 0 
2398 0 0 3 0.9 11 0.9 27 0.7 33 0.4 40 0.8 69 1 73 0.6 98 0.3 
2441 26 0 66 0.6 
2484 0 0.8 6 0.9 15 0 22 0.8 30 0 45 0 48 0 54 0.5 67 0 85 1 
2642 53 0.8 92 0.3 
2758 4 0 16 0.6 20 0.9 73 0.5 74 0.7 90 0.5 
2801 7 0.8 12 0.9 58 0.4 64 0.4 74 0.8 81 0.8 
2845 42 0.8 95 0.9 
2864 17 0.8 
2979 4 0.9 9 1 91 0.3 92 0.9 
3153 34 0.5 39 0.3 61 0.7 66 0.6 76 0 82 0.9 
3167 7 0.9 50 0.4 67 1 71 0.8 72 0.3 89 0.8 92 0 
3202 47 0.6 65 0.9 
3255 26 0.3 67 0.7 
3793 3 0.4 19 0.9 39 0.4 66 1 73 0.3 88 0.4 96 0.3 
3870 3 1 4 0.8 8 0.6 9 0.6 36 0.5 44 0.6 50 0.8 72 0 77 0 82 0.3 
3919 12 0.4 14 0.5 15 0.6 23 0.7 36 0.5 54 0 93 1 94 0.7 97 1 
4252 17 0 26 0 28 0.9 38 0 39 0.7 42 0 79 0 
4475 23 0.7 30 0.6 
4590 21 0 31 0.4 65 0 92 0.9 
4732 15 0 33 0.7 37 0.9 38 0 43 0.9 53 0 57 0.6 67 0.7 76 0.7 
4736 1 0.9 15 0 18 0.6 29 0.3 35 0.6 61 0.9 71 0 
4749 3 0.9 9 0.4 33 0.4 34 0.9 40 0 55 0 66 0.7 78 0.7 90 0 96 0 
4789 25 0.6 40 0.8 56 0.8 62 0.8 91 1 
4917 17 0.4 33 0.8 
4935 43 0.9 
5072 34 0.4 74 0.6 82 1 92 0.4 
5405 0 0 18 0 61 0.8 66 0.5 73 0.4 77 0 82 1 
5531 0 1 4 0.4 6 0 41 1 43 0.8 57 0.6 94 0.9 95 0.6 
5632 15 0.8 18 0 23 0 25 1 33 0.6 39 1 43 1 45 0.3 53 1 75 0.7 
5667 56 0.8 63 0.8 73 0 90 0.7 
5742 34 0.5 46 0.3 65 0.4 80 0.8 97 0 
5758 26 0.7 89 1 
5857 90 0 
5863 34 0 41 0.5 45 0 46 0 50 0.5 66 0 80 0 93 0 
5912 50 0.7 53 0.8 67 0.6 
5947 28 0.9 57 0.9 66 1 74 0.7 84 0.3 
6086 14 0 35 0.5 40 0.4 60 0.9 
6116 20 0 22 1 
6154 9 0.5 12 0 27 0.5 28 0.4 35 0.3 73 0 78 0.6 
6164 1 0.6 4 0.7 7 0.6 32 1 50 0 
6236 45 0 68 1 96 0.7 
6243 5 0 7 0.8 14 0.5 26 0 62 0.6 64 0.5 70 0.5 71 0.6 82 0.9 91 0 
6395 6 1 17 0 28 0 31 0.4 36 1 38 0 49 1 68 0.4 80 0.8 81 0.8 
6419 53 0 78 0.4 79 0.6 84 0.8 
6567 12 0.3 37 0.9 39 0.8 42 0.7 98 0.8 
6627 8 1 11 0 28 0.3 32 0 42 1 61 0.5 62 0 67 0.9 75 0 90 0 
6881 10 0.5 11 0.5 24 0.8 73 0.4 74 0.3 95 0.3 
6897 5 0 25 0.7 27 0.3 35 1 52 1 63 0.6 70 0.3 
7075 5 0.7 15 0.3 20 0.4 34 0.4 40 0.3 41 0.8 62 0 63 0 65 0.7 85 0.5 
7098 24 0.5 38 0 44 0.5 70 0.3 98 0.9 
7296 71 0.4 
7515 11 0.9 12 0 41 0.4 47 0.9 50 0.3 56 1 63 0.9 85 0.9 97 0.4 
7706 12 0.9 16 0.3 27 0.8 69 0.8 71 0.8 
7888 21 0.4 32 0.6 33 1 51 0.9 
7906 32 0 
8042 17 0.9 20 1 47 0 52 0.3 62 0.3 69 0 72 0.6 89 0 
8208 10 0.9 11 0.9 12 1 55 0.9 59 0 60 0.9 65 0 80 0.4 95 0.5 
8484 12 0 46 0 79 0.8 
8532 8 0.9 53 1 86 1 91 0.5 
8597 6 1 30 0 43 1 59 0.9 60 0.7 
8682 5 0.8 8 0.5 30 0 45 0 73 0 99 0 
8773 7 0.8 16 0.4 35 0 46 0.3 48 0.9 51 0.7 57 1 79 0.4 97 0.4 
8955 38 0.7 40 0.4 57 0.7 59 0.8 91 0 
8980 0 0.4 7 0.8 34 0 78 0 93 0.8 
9073 2 0.3 15 0.5 43 0 45 0.7 62 0.7 66 0 68 0.3 76 0.7 93 0.9 99 0.7 
9084 13 0 17 0.5 25 0 27 0 47 0.6 58 0 67 0.5 
9132 25 0.8 33 0.3 39 0.6 46 0 61 0.5 70 0.9 80 0.4 86 0.6 
9139 6 0.5 14 0.9 22 0 49 0.8 52 0.7 60 0.7 62 0.8 67 0.6 90 0.9 92 0.3 
9414 7 0.3 9 0.6 12 0 
9652 37 0.7 41 0.7 50 1 92 0.8 98 0.7 
