100
14 1 0.3 20 0.6 26 0.4 35 0.3 39 0.9 47 0.4 49 0.6 
97 5 0.4 9 0 13 0.5 16 0 54 0.4 62 0 
129 14 0.3 25 0 42 1 48 0.7 56 0.8 61 0.8 68 0.3 
370 12 0.5 34 0 36 0 44 1 65 0.7 70 1 92 0.3 95 0 
378 74 0 85 0.5 88 0 90 0.6 
391 54 0.3 91 0 
469 46 0.4 49 0.3 71 0.9 83 1 
535 9 0 25 0 33 1 35 0 40 0 42 0.9 83 0.8 88 0.8 93 0 
540 4 0.4 5 0 27 0.4 34 0 45 1 87 1 92 0.7 93 0.8 94 0.7 99 0.5 
620 36 0.8 
716 2 0.8 19 0 24 0.4 44 0.4 51 0.5 72 0.6 84 0.8 
776 1 0.5 7 0.5 33 0.5 39 0.8 69 0 76 0.3 
932 4 0.8 81 0.5 
1162 9 0.3 20 0.5 28 0.7 39 0 53 0.4 62 1 95 0 
1275 3 0 19 0 21 1 30 0.9 33 0.9 49 0.8 60 0.9 83 0.9 95 0 
1488 3 0 17 0.3 48 0 60 1 61 0.7 80 0.5 88 0.3 92 0.3 
1565 26 0 54 0 61 0.8 
1847 2 0.7 21 0.7 38 0.8 51 0.8 83 0.5 
1883 5 0 7 0 13 0 14 1 45 0.8 46 0 61 0.4 69 0 72 0.9 
2013 16 1 58 0.7 64 0 65 0.3 68 0.4 72 0.4 85 1 90 0.8 
2103 21 0 23 0.4 34 0.9 36 0.6 40 0.5 99 0.7 
2115 4 0 7 0.5 32 0.5 45 0 59 0.8 84 0 85 0.4 89 0.7 94 0 99 0 
2166 0 0.8 23 1 42 1 45 0.5 90 0.7 92 0.7 
2178 6 0.6 22 1 47 1 66 0.3 73 0 78 0.9 
2265 8 0.6 32 0.3 49 0 72 0.7 96 0 
2547 15 0 92 0 98 0 
2627 13 0 20 0.4 33 0.3 34 1 54 0 62 0.5 86 0 
2678 75 0.8 
2713 9 1 13 0.9 41 0.6 89 0.4 
2714 5 0.9 56 0.3 
2767 6 0.8 10 0.4 17 0.6 37 0.9 41 0 44 0.8 52 0.3 56 0.9 70 0.6 76 0 
2822 33 0.9 34 0 51 0 
2839 41 0 91 0.8 
2874 1 0 15 0 36 0 42 0.8 54 0 78 0 87 0 
2969 5 0.8 21 0.6 
3064 90 0.5 
3360 41 0.5 77 0 
3455 22 0.3 37 0.6 38 0.8 45 0.8 59 0.5 62 1 
3466 18 0.4 56 0 79 0 96 0 
3662 18 0.3 40 0.3 54 0 63 0.6 
4129 6 0.6 13 0.9 29 0.9 47 0.9 54 0.9 55 0.4 64 0 73 0.9 
4164 17 0.3 28 0.3 32 0 50 0 67 0.6 72 0.7 79 0.7 83 0 
4357 4 0.4 17 0 25 0 39 1 40 1 75 0 86 0 92 0 
4376 52 0.6 
4441 7 0.3 10 0.3 16 0.3 30 0.5 41 0.5 42 0.8 49 0 78 0.4 86 0.3 90 0.6 
4479 4 0.8 44 0.6 76 0 
4498 24 0 40 0.3 
4593 19 0.9 22 0 57 0.9 72 0.9 78 0.3 
4597 17 0.5 21 0.4 22 0.8 49 0 63 0.9 
4708 33 0.5 45 1 71 0 83 0 93 0.5 
4731 10 1 37 0.9 56 0.3 63 0.3 
4738 2 0.6 5 0.5 6 0.9 7 0 12 1 33 0.6 56 0.4 85 0.9 
4809 2 0.8 9 0 16 0.7 
4889 9 0 36 0.6 90 0 99 0.9 
5004 3 0.4 10 1 
5008 42 0.9 43 0.4 58 0.7 59 0.6 66 0.9 68 1 71 0.8 72 0 74 0.4 
5016 26 0.5 44 0.9 72 0.9 85 0.5 94 0.4 
5165 11 0 18 0.7 27 0 29 0.3 37 0 72 0 82 0 
5201 63 0.6 89 0.5 95 0 
5250 29 0.4 32 0.7 64 0.9 
5381 6 0.8 8 0.7 17 0.4 40 0.8 44 0.3 71 0.5 88 0.3 
5614 1 0.8 4 0 23 0.6 88 0.9 
6070 0 0.5 24 0.5 32 0 33 0.8 43 0.9 48 0.3 82 0.8 99 0.8 
6143 32 1 35 0.6 58 0 60 0 61 0.6 76 0.6 82 0 98 0 
6173 51 0.7 77 0.8 
6176 13 0.5 34 1 68 0.4 81 0.7 84 0.6 
6235 21 1 51 0.7 65 0 95 1 98 0.8 99 0.5 
6298 5 0.4 36 0.5 57 0.9 84 0 96 0.8 
6316 48 0.3 49 0.4 55 0.9 
6373 45 0.9 55 1 86 0.9 91 0.3 
6540 9 0 11 0.6 20 0.9 34 0.5 44 0 52 0 57 0.7 68 0.3 70 1 77 0.5 
6612 12 0.8 31 0.8 51 0.4 
6927 20 0.8 23 0.6 31 0.8 58 0 72 0.6 90 0.3 
6959 5 0.6 17 0 63 0 93 0.6 
7082 6 0 
7153 30 0.9 44 0.7 56 0.3 65 0 86 0.8 
7230 43 0.5 73 0 90 0.7 
7450 11 0.9 21 0.9 
7512 16 0 17 0.9 56 0 88 0 93 0.3 
7616 12 0.9 30 0.4 31 0.8 32 0.5 37 0.6 57 0.8 62 0 96 1 
7681 11 0.7 18 1 21 0.5 32 0.7 34 0.4 44 0 66 0.7 67 0.6 88 0 98 0.3 
8079 8 0.5 11 0.4 27 0.4 55 0.8 62 0 83 0.9 94 0.7 
8121 16 0.8 40 0.5 73 1 83 0.5 91 0 
8400 41 0.5 
8464 6 0.4 24 1 32 0.5 42 0 58 0.8 
8478 10 1 24 0.8 32 0.6 48 0.6 50 0.6 59 0.9 60 0 61 1 82 0.7 83 0.4 
8707 51 0.6 
8816 14 0 36 0.6 45 0 
8857 38 0.6 49 0.9 
8892 25 1 37 0.9 41 0 97 0.6 
9039 21 0.4 55 0.5 64 0.4 74 0.4 79 0.9 94 0 
9071 6 0 15 1 25 0.8 36 0.8 
9184 6 0.5 21 0.4 24 0 68 0 85 0.5 91 0.7 
9525 68 0.9 
9610 18 0 25 0.9 62 0.4 91 0.6 
9639 14 0.5 20 0.7 57 0.4 89 1 
9654 1 0.7 23 0.3 32 0 35 0 39 0.5 71 0.7 77 0 97 0 
9732 7 0.7 8 0.9 20 0.9 43 0.6 63 0 68 0.5 88 0.9 90 0.8 96 0.3 
9745 5 0 19 0.3 36 0.7 37 1 62 0.3 66 0 96 0.3 
9867 91 0.6 
