100
72 2 1 8 0.4 23 0.5 33 0 38 0.3 86 0.3 94 0.4 
139 0 0.3 10 0 28 0.5 30 0.8 45 0 47 0.9 58 0.9 69 0 92 0 
196 31 0.3 61 1 64 0.3 82 0.6 90 0.4 97 0.9 
207 7 0.9 13 0.7 19 0 38 0 39 0 68 0.3 81 0.6 89 0 
298 4 0.3 5 0.6 13 0 35 0.5 37 0.8 41 0.6 48 0 63 0.8 71 0 98 0.8 
378 74 0.6 85 0.6 88 0 90 1 
558 1 0.3 19 0 28 0 30 0.3 32 0.9 36 0.9 40 0 95 0.5 
929 5 0.5 8 0.3 30 0 43 0 57 0.3 76 1 81 0 
967 9 0 17 0 23 1 32 0 41 0.5 46 0.8 
1215 1 0.9 2 0 6 1 61 0.8 64 0.3 66 0.4 93 1 94 0 
1235 15 0 22 0 24 0.6 26 0.9 35 0.8 55 0.5 71 0 81 0.5 98 0 
1297 8 0.6 11 0.3 86 0.6 
1298 23 0.4 48 0 68 0.6 77 0 90 0 94 0.7 
1319 28 0 36 0.9 66 0 77 0.8 78 0.7 
1417 47 0.3 
1603 35 0 58 0.5 60 1 68 0.5 85 0.5 
1634 63 0.8 87 1 
1644 50 1 83 0.5 
1871 7 0 11 0.9 13 0.9 18 0 23 1 64 0.9 86 0.8 87 0.3 
1919 3 0 19 0.3 26 0 40 0.3 45 0.7 60 0.4 61 0.8 
1921 11 0.7 70 1 84 0 99 0.3 
1948 27 0.9 32 0 40 0 54 0.8 67 0 68 0.9 82 1 
1988 26 0.9 31 0.3 
2077 0 0 6 0 14 0.9 18 0 32 0 64 0.7 83 0.3 
2171 22 0.3 42 0.9 53 1 68 0 
2283 0 1 2 0 27 0 38 0.8 62 0.8 
2442 10 0.5 22 1 23 0.7 56 1 68 0.7 
2454 8 0.6 10 0.9 17 0.9 42 0.3 51 0.9 56 0.9 65 0.3 73 0.6 81 1 91 0.7 
2455 3 0 24 0.4 59 0.7 60 0.5 62 0.8 71 0.9 75 0.3 80 0.9 83 0.3 
2572 1 0.6 2 0 26 0.6 52 0.7 
2912 24 0.6 28 0 75 0.6 
2967 47 0.7 
3257 10 0.4 26 0.6 54 0 65 0.9 
3574 1 0.3 25 0.7 27 0 35 1 71 1 73 0.9 
3585 6 0 20 1 
3607 12 0.3 21 0.7 23 0 48 0.6 56 0 64 0.4 68 0 
3864 9 0.6 14 0 34 0.4 48 0 65 0 
3877 9 0.6 16 0 23 0 34 0.6 50 0.9 51 0 59 0.7 63 0.4 98 0 
3922 20 1 65 0.6 
3924 11 0.4 44 0.4 77 1 78 0.6 
3968 7 0.5 8 1 46 0.3 75 0.5 
4013 27 0 47 0 62 0 
4025 11 0 22 0.7 49 0 95 0.6 
4175 0 0.7 8 0.3 23 0.3 25 0.6 49 0 71 0.4 73 0.3 76 0.3 85 0 87 0.9 
4453 13 0 36 0.4 68 0.3 71 0.8 
4471 3 0 47 0.5 50 0.8 52 1 64 0 
4547 10 0.8 14 0.6 21 0 54 0 60 0.6 85 0 94 0 
4588 55 1 87 0.9 
4653 52 0.7 57 0.8 70 0 
4677 17 0 24 0.9 25 0.5 41 0.5 61 0.8 
4798 24 0.7 40 0.9 54 0.8 80 0.7 96 1 99 0.4 
4815 26 0.5 38 0 48 0 52 0.6 68 0.6 
4848 79 0 
5079 1 0.3 4 0.6 12 0 42 0.9 79 0.3 90 0.9 
5150 38 0.5 
5174 8 1 23 0.7 35 0.8 37 0.8 44 0.7 66 1 69 0.6 96 0.9 
5177 21 0.6 22 0 23 0.7 26 0.9 37 0.7 58 0.8 69 0.5 94 0.3 
5194 4 0.3 8 0.6 65 0 82 0 86 0 
5244 29 0 86 0.3 
5328 1 0.7 42 0.6 49 0.4 52 0 86 0.5 
5448 8 0.7 17 0.3 36 0 39 0.6 58 1 63 0.5 97 0.7 
5592 10 0 23 0 34 0 40 0 47 0.8 69 0 71 0.9 73 0 79 0.4 84 0.4 
5881 3 0.4 4 0 9 0.4 20 1 28 0.8 31 0.3 57 1 77 0.6 92 0.8 
5888 71 0.8 
5914 2 0.3 47 0.9 52 0 58 1 61 0.9 
5958 2 0 11 0 39 0 67 0 95 0 97 0.5 
5963 16 0.4 47 0 53 0 55 0 57 0.7 66 0.5 
6496 10 0.3 85 0.6 
6507 63 0 78 0.4 
6880 39 0.9 57 0.8 66 0 76 0 94 0 
7092 8 0.8 10 0.9 16 0.3 47 0 51 0.8 55 0.9 96 0.9 
7109 12 0.9 27 0 43 0 63 0 77 0 81 0.8 84 0.5 98 0 
7136 7 0.3 11 0.5 37 0.4 52 0 56 0.6 68 0.5 97 0 
7478 2 0.7 
7503 8 0.6 10 0 52 0 90 0.6 99 0.5 
7776 1 0.5 10 0 30 0.5 35 0.4 41 1 62 1 63 0.9 66 0.4 67 0.4 93 1 
7899 17 0 
8087 27 0.7 53 0.9 
8135 19 0 39 0 61 0.4 90 0.3 
8163 1 0.3 17 0.8 33 1 96 1 
8164 5 0.9 11 0.6 12 0 50 0.7 64 0.4 69 0.8 72 0.9 
8248 23 0.5 25 0.8 33 0 38 0 39 0 52 0.7 61 0.9 62 0.6 68 1 69 0.8 
8278 9 0 33 0.3 37 0.4 48 1 55 0.3 59 0.6 98 0.6 
8350 1 0.7 19 0.4 26 0 33 0 51 0 58 1 77 0 86 0.3 94 0 
8382 1 0.6 75 0.4 85 0.4 95 0 
8396 48 0.3 88 0.6 
8539 4 1 11 0 16 0 20 0.6 24 0 64 0.4 66 0.4 74 0.9 
8551 5 0.6 16 0 32 0.3 35 0.6 80 0.5 94 0.9 98 0 
8742 6 0.9 45 0 51 0 56 0.9 79 0.7 83 0.9 88 0.3 
8772 22 0.3 63 0.5 80 0 81 0.7 83 0.3 94 0 
8818 29 0.9 95 1 
8892 25 0.9 37 0.9 41 0 97 1 
8995 11 0 17 0 25 0 30 0.7 59 0 62 0.9 68 0.9 90 0 
9040 19 0 44 0.4 51 0 70 0 78 1 82 0.9 
9292 11 0 12 0.8 18 0 22 0.9 38 0 57 0 80 0.4 86 0.4 90 0.5 
9362 12 0.6 22 0 37 0.8 43 0 98 1 
9526 17 0.6 29 0 31 0.9 83 0.6 87 0.5 95 0 98 0.9 
9729 25 1 38 0.9 58 1 59 0 68 0.6 69 0.8 76 0.5 80 0 
9831 4 0.5 6 0 10 0 47 0.7 56 0.9 71 0.6 83 0.4 89 0 
9985 8 0 18 0.6 27 0.8 45 0.6 56 0.5 64 0.7 65 0.5 66 0.7 72 0.5 
