100
111 71 0.6 
141 53 0.4 64 0.7 83 0.4 
194 22 0.5 
298 4 0.7 5 0 13 0.4 35 0 37 0.6 41 0.8 48 0.7 63 0.8 71 0.7 98 0.9 
451 4 0.4 29 0.8 30 0.7 34 0.4 35 0 39 0.8 43 0.6 92 0.7 
488 0 0.7 55 0.4 61 0.7 73 0.9 
578 5 0.5 6 1 10 0.5 57 0 63 0.8 66 0.6 85 0.6 90 0.5 94 0.8 
588 84 0.4 
717 5 0.5 17 0 41 0 53 0.6 57 1 81 0.5 82 0.8 
729 28 0.9 40 0 45 0.3 
733 2 0 5 0 11 1 12 0 23 0 71 0.4 
807 26 0.8 36 0 49 0 53 0 73 1 77 0.9 86 0 95 0.4 
937 15 0.3 37 0.5 76 0.4 81 0.7 83 0.5 
1035 7 0 80 0.3 85 0.7 96 0 
1164 5 0.7 18 0 20 0.9 24 0.9 27 0 29 0.6 35 0 41 0 72 1 
1183 29 0 42 0.8 
1255 15 0.4 21 0.5 22 1 34 0 75 0 84 0.7 
1441 6 1 28 1 45 0 65 1 66 0 73 0.4 87 0.6 
1455 33 0.6 39 0.4 50 0.6 53 0.3 78 0 97 0.3 
1474 9 0.6 29 0.8 
1477 30 1 41 0.5 43 0 52 0.9 57 0.6 
1722 1 0 13 0.6 15 0.8 29 0.4 39 0 50 0.7 65 1 73 0.9 75 0.6 88 0.9 
1887 22 0.8 35 0.7 44 1 85 0.7 87 0.7 
1965 20 0.6 32 0.4 61 0 81 0.8 93 0.7 
2023 8 0 19 0.4 37 0.4 42 0.6 44 1 48 0 60 0 64 0.8 65 0.9 79 0 
2037 6 0.8 40 1 42 0.9 80 0 85 0.6 
2153 1 0 12 0.3 24 0.4 35 0.6 38 0.9 54 0.8 75 0 91 0 
2294 4 0.7 55 0.5 62 0.5 65 0.8 70 0.7 74 0 85 0.6 97 0.4 
2351 48 0.4 
2379 12 0.9 49 0.7 69 0.4 70 0.7 75 0.4 79 0.5 96 0 
2381 8 0 21 0 23 0 38 0.6 55 0 56 0.5 74 0.9 80 0.8 84 0.8 
2404 4 0.7 43 0.4 98 0.5 
2481 8 0.5 20 1 43 0.6 93 0.9 98 0.6 
2611 36 0 44 1 80 0.6 
2630 4 0.7 49 0.9 67 0 78 0.6 80 1 87 1 
2638 22 0.9 72 0 80 0.3 
2798 4 0.7 12 0 13 0.4 19 0 53 0.8 60 0.6 66 0.6 94 0.5 
2860 7 1 46 0.3 50 0.6 94 0.3 
2899 33 0 34 0 36 0 63 0 69 1 75 0.3 78 0.9 86 0.7 91 0.3 
3207 10 1 39 0.6 43 0.9 60 0 66 1 77 0.5 83 0.5 88 0 93 0.8 
3366 2 0.8 3 0 21 1 32 0.5 46 0.4 54 0.8 61 0.5 86 0 92 0.4 95 0.8 
3717 42 0.5 43 0.3 58 0.4 66 0.7 68 0.7 71 0.8 77 0.3 
4121 19 0.8 34 0 38 0 45 1 66 0.6 67 0.6 80 0.4 87 0 
4145 10 0.4 19 0.7 30 0.5 70 0 81 0.7 83 0.3 97 1 
4249 54 0.5 66 0.4 
4316 2 0.3 46 1 
4347 4 0 19 1 21 0.3 27 0.9 40 0.5 44 0.4 53 1 77 0.8 85 0 
4422 1 0.8 16 0.3 38 1 40 0.9 46 0 64 0.3 69 0.4 84 0.7 90 0.3 99 0 
4457 10 0.6 23 0.3 42 0.3 62 0.4 
4510 26 0 42 0.6 52 0.7 
4553 1 1 4 0.4 22 0.9 31 0.9 33 0.9 48 0.4 65 1 75 0 99 0.4 
4693 5 0.3 9 0 18 0.3 22 0 36 1 38 0.4 41 0.3 82 0.7 96 0.4 98 0.7 
4960 1 0.6 8 0.8 19 0 24 0.3 34 1 69 0.4 76 0.4 96 0 
5097 16 0.6 43 0.3 44 0.5 54 0 96 0.8 99 0.5 
5108 8 0.9 49 0.6 65 0 69 0.6 70 0.3 71 1 89 0.8 94 0.8 96 0.6 
5325 11 0.3 47 0.8 49 0.9 63 0.7 
5518 2 0.7 3 1 15 0.8 46 0.8 68 0.5 76 0 88 0 95 0.3 
5577 5 0.6 28 0.3 30 0.7 79 0 86 0.4 97 0.8 
5628 18 0 34 0 37 0.3 40 0.9 42 1 44 0.6 45 0.5 56 0.6 80 0.3 95 0.7 
5676 3 0.7 23 0 62 0.8 91 0.7 95 0.3 96 0.5 98 0 
5682 36 0.3 43 0 60 0 62 0.4 68 0.9 81 0.6 99 0.8 
5778 20 0.9 57 0.8 59 0.4 78 0.3 79 0.5 88 0.4 90 0 
5824 16 0.5 20 0.8 23 0 41 0.9 47 0.8 53 0.4 57 0.5 64 1 
5846 9 0 39 0 52 0.3 69 0 74 0.7 81 1 89 0.9 
5872 4 0.9 10 0.5 70 1 76 0 88 0.5 96 0.8 
5897 6 0.3 28 0.6 36 0.7 60 1 68 0.4 69 0.7 72 0 73 0.4 75 0.8 92 0.4 
5909 29 0 30 0.3 38 0 40 1 46 0.5 57 0 73 0.8 97 1 
6074 19 0 
6570 71 0 
6659 2 0 27 0 56 1 61 0.9 71 0.8 79 0 81 0.6 82 0.9 94 0.7 95 0.5 
6685 12 0.3 80 0.3 88 0 91 0 
6796 4 0 33 0.6 70 0 
6938 32 0.6 45 0.9 46 0 70 0 79 0.6 81 0.7 97 0 
6997 76 0.6 83 0.8 85 0.7 
7099 4 0.5 73 0 89 0 
7127 7 0.9 23 0 26 0.8 28 0.5 30 0.8 42 0 61 0.9 80 1 85 0.8 95 0.5 
7174 2 0.4 13 0.9 16 1 28 0.4 38 0.9 40 0.3 76 0.6 90 0.5 96 0.3 97 0.3 
7412 0 0.4 32 0.3 46 0.4 52 0.7 65 0.5 80 0.5 88 0.3 89 0.5 97 0.6 98 0.3 
7586 9 0.4 11 0.5 16 0.9 19 0 32 0 79 0.3 98 0.6 
7615 0 0.8 2 0.5 14 0.6 19 0.5 23 0.4 81 0.7 90 1 92 0.4 
7937 3 0 80 1 
8208 10 0.5 11 0 12 0.3 55 0.4 59 0.5 60 0 65 0.6 80 0 95 0.4 
8219 11 0.6 
8388 16 0.8 21 0.9 27 0.5 41 0 51 0.4 54 0.6 67 0.3 
8604 67 0 70 0.7 73 0 85 0 86 0.6 91 0.6 99 0.3 
8614 2 0.9 7 0.3 22 0.8 27 0 41 0.4 45 0.4 71 0.8 87 0 90 0.9 99 0.7 
8646 46 1 53 0.8 59 0.9 68 0.8 
8663 2 0.8 7 0 9 0.7 12 0.8 22 0 24 0.9 40 0.7 43 0.7 82 0 85 0.4 
8675 0 0.5 3 0.8 14 0.9 20 0.4 40 1 67 0 77 0.6 96 0.5 
8912 9 0 42 0.8 49 0.4 60 0.7 93 1 94 0 95 0.9 
8962 39 0 45 0.9 74 0.7 97 0.5 
9094 2 0.6 13 0.4 37 0.9 54 0.6 64 0.8 69 0 71 0.6 78 0 88 0 96 0.7 
9184 6 0.7 21 0.5 24 0.9 68 0.5 85 0.6 91 0 
9278 13 0.8 33 0.6 48 0.8 66 0.4 78 0.5 
9375 15 0 31 1 49 0.4 61 0.7 74 0.4 84 0 
9386 12 1 51 0.3 63 0.9 80 1 
9393 27 0.3 78 0 81 0 98 0 
9565 69 0.6 
9632 1 1 22 1 69 0.4 
9833 93 0.3 
