100
3 6 0.6 19 0.5 63 0 67 0.6 81 0.7 96 0.8 
137 0 0 3 0 29 0.7 50 0.6 66 0.5 
148 39 0.6 
150 10 0.7 16 0.4 31 0.4 38 0.8 55 0.6 78 0.8 
159 0 0 11 0.3 15 0.4 17 0.9 18 0.5 22 0.8 64 0.7 75 0 90 0.7 96 0.4 
207 7 0 13 0.5 19 0.5 38 0 39 0 68 0.6 81 1 89 0.5 
470 14 0.7 18 0.6 19 0.7 33 0 41 0 50 0 61 0.6 70 0.8 85 0.8 95 0.9 
508 18 0.5 68 0.7 71 0 75 0 
551 5 0.5 7 0.3 11 0.5 15 0.4 24 0.6 26 0.5 29 0 55 0 64 0.5 76 0.8 
852 33 0.4 49 1 51 0.3 60 0 75 0.6 77 0 78 0 83 0.7 91 1 99 0.5 
888 16 0 70 0 
955 29 0 38 0.7 74 0.6 
1039 4 0 15 0.9 61 0.4 
1046 2 0.3 37 0.9 69 0 90 0 99 0.4 
1069 15 1 34 0 36 0.8 79 0 81 0.6 83 0 
1206 6 0.6 47 0 51 0.5 60 0 79 0 83 0 
1236 7 0.8 38 0.9 79 0 
1245 1 0.6 18 0.6 28 0 30 0.4 35 0.7 53 1 69 0.3 89 0.8 96 0.4 
1304 12 0 61 0 65 0 66 0.6 
1359 20 0 21 0.6 39 0 48 0.7 49 0 59 0.8 64 1 74 0.4 
1512 0 0.4 13 0 42 0 74 1 75 0 83 0 85 0 
1563 3 0 23 0.5 34 0 38 0.9 47 0.3 53 0.3 89 0.8 97 0 
1637 7 0.4 23 0 30 0 88 0 
1643 12 0.5 13 0.4 19 0.4 23 0 47 0.8 76 0.8 95 0.7 99 0.8 
1673 15 0.7 38 0.7 42 0 45 0.9 84 0.8 92 0.8 98 0.3 
1734 32 0.7 72 0 
1887 22 0.3 35 0 44 0.4 85 0 87 0.9 
2015 14 0.5 35 0.6 97 0.8 
2056 70 0.6 79 0.5 
2178 6 0.9 22 0.6 47 0 66 0 73 0 78 0.3 
2470 48 0.4 86 0 
2494 12 0.7 13 0.9 36 0.3 43 0 
2513 2 0.7 19 0.6 21 0 42 0.8 59 0.7 76 0.8 89 0 
2749 10 0.3 60 0 68 0.4 
3132 5 1 16 0.6 40 0 74 0.7 91 1 
3207 10 0.3 39 0 43 0.5 60 0.7 66 0.9 77 0.7 83 0.9 88 0.7 93 1 
3325 3 0.8 10 0.7 32 0.7 48 0.7 67 1 74 0.7 94 0.8 
3365 12 0.3 19 0.9 26 0 71 0 79 0 80 0.6 
3373 48 0.7 61 0.3 
3435 6 0.9 
3628 11 0.6 34 0.4 40 0.5 43 0 53 0.4 63 0.7 77 1 81 1 82 0.8 97 0.3 
3764 9 0.8 13 0.3 25 0.9 34 0 64 0.5 74 0 75 0.7 76 0.3 77 0.9 
3831 21 0.9 97 0.5 
3853 5 1 66 0.4 68 0.7 74 0.9 83 0.7 96 1 
3857 28 0.5 30 1 71 0.4 
3932 34 0.9 35 0.7 83 0.3 
4032 9 0.8 16 0 17 0.5 19 0 26 0.3 38 0.8 55 0.4 63 0.5 86 1 88 0.8 
4097 4 0.4 61 0.8 77 0.9 90 1 97 0.7 
4188 19 0 22 0.8 26 0.4 86 0.9 99 0.7 
4200 6 1 42 0.7 
4239 13 0.9 15 0.8 22 0.6 29 0.8 32 0.8 49 1 63 0 76 0.6 98 0.4 
4395 34 0.4 44 0 50 0 56 0 
4414 33 0 53 0.3 67 0 84 0 
4448 16 0.6 80 1 85 0.8 90 0.4 94 0.7 
4678 1 0.8 33 0.4 43 0.5 44 0.6 55 0 71 0.8 81 0.7 90 0 
4749 3 0.7 9 0.6 33 0 34 0.7 40 0.8 55 0.6 66 0 78 0.3 90 0.9 96 0 
5096 2 0.5 6 0 8 0.4 11 0 19 0.8 23 0.8 38 0.8 44 0.9 
5399 70 0.8 
5645 54 0.4 94 0.7 
5977 0 0 28 0.9 31 0 36 0 83 0 
6007 5 0.6 8 0.8 27 0 44 0.9 45 0.5 53 0.3 63 0.9 72 0.6 97 0.6 
6252 7 0.9 23 0.5 29 0.3 37 0.9 51 0.4 73 0 85 0.6 90 0 
6259 6 0 20 0 21 0.3 22 0.8 41 0 56 0 78 0 92 0.9 
6263 10 0.5 12 0.6 31 0.9 80 0 82 0 
6461 9 0.7 51 0.3 75 0.5 83 0.6 90 0.7 94 1 
6731 14 0 40 0 43 1 56 0 63 1 64 0 72 0.5 79 0.7 
6782 16 0.6 22 0 24 1 30 0.9 31 0 33 0.6 49 0.5 63 0 69 0.7 83 0.8 
6818 12 0.9 19 0.4 20 0 22 0 27 0.8 54 0.8 60 0.6 76 1 78 1 90 0.8 
6858 8 0.5 13 0.4 16 0.6 17 0.6 19 0.8 54 0.8 82 0 
6887 1 0.3 14 0.4 50 0.5 58 0.9 80 0.3 92 0.4 
6927 20 0.9 23 0.7 31 0.6 58 0.7 72 0.5 90 0 
6998 2 0.4 48 1 77 0.8 
7016 54 0.7 74 0.8 84 0 
7226 22 0.4 46 0 60 0.7 69 0.5 
7489 9 0.5 27 0.6 38 0 62 1 65 0.7 73 0.3 78 0.8 81 1 90 0.7 99 0 
7644 15 0.3 61 0 
7696 0 0.9 9 0.8 52 0 76 0.8 81 0.8 
7728 22 0.4 24 0.8 65 0.9 67 0.3 
8008 36 0 71 0 
8095 2 0.9 10 0.8 19 0.8 39 0.4 45 0 51 0.5 73 0.4 79 0 87 0 
8326 46 0.8 58 0.4 
8330 0 0 17 0.9 30 1 65 0.4 76 0.9 77 0 97 0 
8668 22 1 26 0 29 0.6 30 1 56 0.8 57 0 81 0.9 82 0.8 88 0.3 96 0.6 
8698 2 0.4 16 1 35 0.6 44 1 51 1 56 0.3 60 0.3 77 0 98 0.9 
8782 39 0.8 47 0.5 76 0.3 82 0.9 90 0.8 94 0 99 0.9 
8803 25 0.7 
8842 3 0.7 24 0.4 25 0.3 28 0.6 38 0.4 82 0.6 94 0 
8898 27 0.9 
9104 5 0 14 0 32 1 48 1 90 0.7 
9122 26 0.8 29 0.7 39 0.6 41 0.3 46 0.5 49 0.5 74 0.5 78 0 86 0.7 98 0.3 
9189 2 0.8 12 0.7 16 0.6 37 1 49 0.8 57 0.4 
9206 3 0.6 30 0 
9222 72 0.5 
9429 16 0.8 20 0.3 31 0 34 0.5 45 0.5 72 0.3 81 0.4 95 1 97 0.7 99 0 
9496 26 0.7 32 0 36 1 55 0.3 63 1 64 0 66 0.3 
9590 31 0.7 
9783 23 0.9 42 0.9 71 0 82 0.5 94 0.8 
9789 13 0 48 0.7 96 0.5 97 0.7 
9829 59 0 61 1 84 0.6 86 0.6 
9977 1 0.5 8 0.7 16 0.3 22 0.8 35 0.7 46 0.8 55 0.6 67 0 75 0.3 96 0.9 
