100
106 4 0 6 0.7 10 0.6 19 0 32 0.5 35 0.9 56 1 65 0.9 69 0 71 0.3 
150 10 0 16 0.4 31 0.3 38 1 55 0 78 0.4 
259 72 0.6 87 1 
294 21 0.6 43 0.9 49 0.3 
431 43 0.9 
559 19 0.3 51 0 57 0.7 70 0.3 74 0.9 83 0.5 84 0 
862 0 0.9 8 1 21 0.6 22 0 27 0 29 0 42 0.3 46 0.3 72 0.5 89 0.4 
872 0 0.6 3 0 22 0 48 0.6 60 0 72 0.3 86 1 88 0.8 93 0 
1205 14 0.9 15 0.7 20 0 27 0.8 33 0.7 36 0.3 78 0.3 80 0 99 0.6 
1305 80 0.9 87 0 
1538 25 0.4 59 0.5 
1559 3 1 18 0.7 55 0.3 64 0.9 65 0.8 69 0 75 0 92 0.8 93 0.7 94 0 
1637 7 0.8 23 0 30 0.8 88 0.6 
1678 35 0.7 42 0.6 58 0.8 65 0.9 70 0.8 88 0.9 89 0.7 91 0.4 93 1 
1704 10 0.6 87 0 
1722 1 0 13 0.4 15 0 29 0.6 39 0 50 0 65 0.9 73 0.9 75 0.7 88 0.3 
1779 19 1 22 0.6 25 0.8 30 1 39 0.8 48 0.5 53 0.3 81 0.4 99 0.6 
1931 6 0.6 24 0 52 0.3 61 0.3 71 0.9 
2025 0 0.7 3 0 11 0.4 82 0 84 0 92 0 96 0.5 
2092 11 0 15 0.8 39 0.6 51 0.3 67 0.9 70 0 
2231 16 0.3 27 0.7 35 0.4 
2270 93 0 
2309 1 0.5 24 0.4 29 0.5 42 0 46 0.9 75 0.5 91 0.8 
2383 6 0.8 23 0 33 0.8 38 0.5 43 0.3 77 0 81 0.4 89 0.5 90 0 
2385 9 0.4 20 0.3 79 0.8 80 0.6 
2540 32 1 45 0.7 95 0.7 
2613 7 0.6 85 0.6 
2657 1 0.3 5 0.7 74 1 77 0.3 88 0 
2678 75 0 
2794 23 0.8 43 0.8 49 0 68 0.8 85 0 91 0.8 93 0 
2836 10 0.6 69 0.6 75 0 93 0.4 
2997 0 0 5 0.9 35 0.6 37 0 84 0.3 
3190 20 0.7 27 0.4 35 0.6 38 0 40 0 44 0.9 76 0.6 83 1 88 0 99 0 
3259 32 0.7 37 0.6 42 0.3 49 0.5 
3338 1 0.6 37 0.4 45 0.6 55 0 63 0.9 72 0.8 75 1 81 0.6 82 0.4 
3457 4 1 5 0.7 14 0 45 0.8 61 0.8 66 0.8 67 0.7 71 0.3 72 0.9 
3524 5 0.9 21 1 23 0.9 33 0 41 0.3 43 0.8 74 0.3 78 0.7 95 0.6 96 0 
3525 8 0.7 22 1 44 0.6 46 0.6 61 0.4 77 0.5 78 0 
3692 65 0.8 81 0.5 
3720 11 0.7 20 0 30 0.9 95 0.6 
3784 31 0 39 0.6 60 0 89 0.6 95 1 
3796 10 0.6 11 0.8 16 0 20 0 81 0.6 
3919 12 0.4 14 0 15 0.8 23 0.9 36 0 54 0.3 93 0 94 0.4 97 0.9 
4182 28 0 67 0.4 
4352 9 0.9 31 0 38 0.8 49 0.9 60 0 65 0 67 0.8 77 1 81 0.4 93 0 
4425 28 0.8 81 0.4 
4463 3 1 49 0 53 0.8 75 0 86 1 96 0 
4516 15 0.6 35 0.7 50 0.9 68 0.6 83 1 87 0 
4616 52 1 
4634 5 0.6 18 0.5 24 1 25 1 30 0.8 55 0.9 67 0.6 85 0 95 0 
4637 19 0.7 26 0.4 31 1 46 0 97 0.4 
4679 21 0 23 0.6 57 0.9 59 0.6 62 0 75 0.4 90 0.3 
4711 4 0 8 0 13 1 
4756 4 0 18 0.6 20 0.6 31 1 32 0.3 34 0 38 0.7 61 0.8 89 0 97 0.5 
4898 18 0.8 47 0.6 50 0.3 54 0.7 63 0 99 0.8 
4933 7 0.8 44 0.6 45 0.5 58 1 76 0.9 86 0 90 1 91 0.7 
4946 9 0 44 0 51 0 61 0 88 0 94 0.8 
5289 4 0.8 9 0.6 13 0.7 31 0.9 35 0.8 47 0 56 0 59 0 73 0.5 79 0.9 
5338 0 0 20 0 33 0.4 57 0 74 0 89 0.6 
5564 4 0.9 5 0 9 0 18 0.6 34 0 38 0.6 45 0.7 56 0.5 64 0 85 0 
5679 0 1 34 0.4 68 0.5 71 0 75 1 80 0 
5768 7 0.9 30 0.4 42 0.6 44 0.6 50 0.4 
5808 12 0.4 19 0.3 22 0 35 0 49 0.6 68 0.3 72 0.7 86 0.8 
5815 0 0.5 30 0.7 50 0 59 1 
6050 18 0 23 1 52 0.9 60 0.3 81 0.6 90 0.9 94 0.3 
6255 4 0.5 26 0.3 65 0.3 96 0 
6402 11 0 33 0.4 39 0.9 46 1 61 0 65 1 66 0.8 74 0.3 94 0.5 
6594 33 0.5 
6641 7 0.5 8 0.4 18 0 33 0 65 0.9 66 0 94 0.9 95 0.4 
6724 11 0 20 0.3 31 1 36 0.6 44 0.8 66 0 68 0.9 94 0 
6753 0 0 34 0 35 0.8 39 0.3 42 0.9 54 0 75 0.8 
6771 19 0 30 0.5 34 0 39 0.3 65 1 80 0.6 96 0 
6878 29 0.7 45 0.4 49 0.6 68 0.5 89 0.3 
6957 27 0.7 36 0.9 47 0.5 72 0.7 75 0.5 80 0.6 82 0.4 
6960 11 0.5 17 0.8 31 0 60 1 75 1 
6970 0 0.5 9 0.7 13 0.6 38 0 56 0.7 69 0 72 0 77 0 85 0.6 88 1 
7057 83 0.6 84 0.7 
7488 8 0.4 17 0.5 35 0.7 83 1 96 0.7 
7571 45 0.6 47 0 69 0.9 
7708 3 0.5 5 0.4 14 0.9 19 0.5 26 0 41 0 51 0.6 63 0.4 68 1 94 0.5 
7746 10 0 65 0.9 71 1 
8258 4 0.8 17 0 44 0.7 45 1 65 0.8 72 0.9 76 0.7 78 0.6 87 0.7 
8318 4 0.6 23 0.3 99 0.8 
8423 38 0.7 81 0.8 97 0 98 0.9 
8512 7 0.5 37 0.8 38 0.4 74 1 94 0.3 
8635 12 0.5 14 0.3 19 0.3 25 0 86 0 87 0 94 1 
8682 5 0.8 8 0.4 30 0.5 45 0 73 0 99 0 
8741 0 0.6 25 0.3 30 0.7 51 0.4 66 0.9 72 0.7 84 0 97 0.9 
8805 19 0.8 79 0.3 96 0.4 
8832 36 0 65 0.6 
8912 9 0.6 42 0.7 49 1 60 0 93 0 94 0 95 0.9 
8952 5 0.9 43 0.6 51 0.8 
9007 7 1 24 0 32 0.3 47 0 49 0 84 0.7 88 0 
9168 5 0.9 58 0.7 63 0 67 0.8 
9326 2 0 55 0 60 0 65 0.4 73 0.8 
9470 1 0 17 0 20 0.9 24 0.6 67 0.3 
9509 18 0 20 0.9 43 1 54 0 66 0 79 0.6 
9550 18 0.6 32 0.3 47 0 49 0.4 56 0 81 0.4 96 0.6 
9773 26 0.3 63 0.5 84 1 93 0.5 
9952 6 0 19 0.5 28 0.6 30 0.6 43 0.6 61 0 79 1 
