100
13 50 0.7 
106 4 0.9 6 0.6 10 0.3 19 0.3 32 0.5 35 0 56 0 65 0.7 69 0.6 71 0 
221 63 0.9 86 1 
227 37 1 49 0.9 87 0 92 0.6 
263 17 0.9 39 0.8 52 0.4 53 0.4 78 0 81 0.7 83 0 
622 2 0 21 0.3 28 0 43 0 60 0.4 92 0.9 96 0.9 
730 11 0.9 24 0.4 32 0 51 0.9 58 0.3 77 0 79 0 93 0.4 96 0.6 
907 5 0.4 6 0 29 0 46 0.4 54 0.8 65 0 68 0.7 88 0 95 0 
976 35 0.8 49 0.4 57 0 78 0.3 
1290 0 0 86 0 
1427 8 0.7 18 1 27 0 44 0.3 49 0.8 50 0.6 61 0.3 62 0 76 0.8 88 0.4 
1432 10 0 17 0.9 23 0.7 53 0.6 59 0 60 0 70 0.8 82 0.4 
1472 10 0 29 0.7 46 0 54 0 61 0 84 0.6 
1476 16 0.3 32 0.4 40 0.6 61 0.8 
1687 36 0.9 
1824 47 0 65 0 92 0.5 94 0.9 96 0.7 
1832 10 0.6 29 0.9 41 0.3 43 0 44 0.9 49 0 
1923 37 1 75 0.6 78 0.7 
1933 4 0 31 0.9 43 0.5 55 0.8 65 0.9 90 0.8 
1976 66 0 91 1 
1978 17 0.3 21 0.3 33 0.7 38 0.3 40 0.3 46 0 59 0.8 62 0.8 88 0.5 91 0.7 
1980 35 0 39 0.4 56 0.6 62 0.9 65 0.4 71 0 90 0 95 0.4 
2243 2 0.7 21 0 28 0.6 39 1 55 0 79 0.8 96 0 
2360 2 0.4 7 0 18 0 52 0.9 71 0 74 0 85 0.6 94 0.3 
2474 12 0.3 35 0.6 42 0.4 46 0.5 48 0.8 74 0.3 88 0.8 94 0.6 98 0.5 
2551 29 0 32 0.3 47 0.7 85 0.4 87 1 96 0 
2580 3 0.7 48 0 59 0.4 61 0.5 67 1 75 0.6 78 0.6 92 0.7 
2894 23 0.3 95 0.5 
3043 1 0 2 0.8 8 0.7 60 1 70 0.3 94 0.3 
3174 98 0.8 
3277 88 0 
3305 36 0.4 40 0 70 0.4 71 1 
3355 1 0.6 32 0.5 35 0 42 0 76 0.7 89 0 95 0.9 
3539 20 1 
3540 1 0 19 0.5 20 0.5 31 0.8 43 0 46 0.8 69 0 79 0 94 0.9 97 0.9 
3581 10 0 41 0.6 93 0.6 97 0.6 
3636 30 0.3 40 0.3 42 0.9 46 0.4 50 0.5 77 0 80 0.9 85 0.9 90 0 
3671 5 0 11 1 18 0.9 47 0.3 57 0.3 66 0.7 86 0.6 96 0 
3717 42 0.8 43 0 58 0 66 0 68 0.4 71 0.4 77 0.8 
3730 90 1 
4027 12 0 21 0.6 23 0.7 30 0 67 1 83 0 96 0.8 99 0.6 
4088 10 0.5 23 0 41 0.5 45 0.4 48 0 67 0.8 88 0.9 93 1 94 0.5 98 0 
4146 69 0.3 
4160 23 0.7 
4176 8 1 24 0.8 84 0.4 86 0.5 89 0.4 91 0 93 0 
4261 0 0 11 0.6 22 0 38 0.8 74 0.5 77 0.3 
4361 10 0.7 39 0.3 45 0.9 47 1 92 0.3 96 0 
4365 53 0.5 62 0.5 80 0.4 
4407 14 0 15 1 19 0 25 0.8 30 0.4 69 0.6 70 0.5 72 0.8 84 0 91 0.6 
4465 35 0.8 44 0 60 0 66 0.6 75 0 86 0.8 
4569 94 0.8 
4583 38 0.5 
4636 4 0.8 43 1 94 0 95 0.3 
4792 13 0.9 22 0 24 0.8 33 0.6 34 0.7 42 0.7 59 0.5 64 0.5 78 0.4 
4829 0 0.3 63 0.7 91 0.9 92 0 
5159 75 0.9 
5284 11 0.6 46 0.8 70 0.6 73 0.5 97 0.3 
5291 41 0.8 48 0.5 51 0.7 62 0 73 1 78 0.3 84 1 86 0 
5628 18 0.8 34 0.9 37 0 40 0.6 42 0.5 44 1 45 1 56 0 80 0 95 0.4 
5654 0 0 17 0.5 41 0 42 0.5 48 0.4 56 0 70 0 77 0.3 94 0 98 0 
5849 0 0 12 1 19 0.3 41 0.3 43 0.3 74 0.9 91 1 
5859 18 0 37 0 49 0 69 0.8 
5868 0 0.6 2 0.4 16 0 47 0.4 52 0.9 62 0 77 0.4 99 0.6 
5905 19 0.3 45 0.7 71 0 86 0.8 87 1 97 1 
6062 15 0.4 24 0.3 55 0 73 0.3 92 0.9 
6206 42 0.5 43 0.4 46 0.8 59 0.9 70 0 
6243 5 0.8 7 0.4 14 0.5 26 0.5 62 1 64 0 70 0 71 0.8 82 0.7 91 0.9 
6292 13 0.3 24 0 33 0 64 0.8 92 0.4 
6334 64 0.8 88 0.7 
6347 50 1 
6384 4 0.5 15 0 46 0.9 99 0.7 
6409 39 0.4 57 1 58 1 69 0.9 70 0.3 89 0 
6595 6 0.7 11 0.5 56 0.5 
6664 9 1 12 0.6 14 0 32 1 56 0.3 59 0 70 0.3 76 0 97 0.5 
6684 7 0 19 0.3 29 0.9 31 0.6 74 0.4 77 0.4 
7358 28 0.7 44 0 45 0.5 54 0.7 99 0 
7416 25 0.3 54 0.8 
7475 0 0.7 2 0.4 20 1 28 0.9 42 0 50 0 54 0.6 
7848 35 0.8 41 0 
7871 64 0 73 0 
7883 9 0.6 16 1 27 1 43 0.3 73 0.5 
7887 5 0.4 9 0.5 33 0.8 50 1 74 0.5 
7963 1 0 23 1 27 0.5 74 0.4 99 0.5 
8073 24 0.3 37 0.7 38 0 44 0.6 70 1 87 0 
8302 15 0.8 
8402 4 0.3 
8441 3 0.6 74 1 97 0.4 
8487 21 0 32 0 85 0.3 
8548 18 0.3 20 0.9 22 0.5 38 0.4 43 0.8 59 0 66 0.7 80 0.7 90 0.3 92 0.5 
8576 51 0 
8589 27 0.3 
8698 2 0.6 16 0.7 35 0.8 44 0.9 51 0 56 0.6 60 0.6 77 0.8 98 0.7 
8724 16 0.4 62 0.6 94 0.6 
8796 3 0.4 34 1 72 0.7 77 0.4 81 0.6 
9029 28 0.3 49 0 61 0.6 67 0.3 70 0 74 0.8 90 0 99 1 
9296 2 0.8 18 0.3 25 0 42 0.6 44 0 95 0.6 99 0.8 
9438 2 0 14 1 28 0.5 29 0.7 34 0.9 38 0.9 69 0.6 99 0.3 
9674 15 0.5 18 0.9 27 0 44 0 53 0.5 87 0.4 98 0.6 
9728 6 0.8 8 0.6 11 0 59 0.4 85 0.7 86 0.5 
9925 10 0.4 58 0 
