100
86 45 0.4 50 0 56 0.9 57 0.8 58 1 78 0.4 
161 9 0.9 21 0.8 36 0 66 0 94 0.5 
191 2 0.8 26 0 60 0.5 63 1 66 0.5 
224 25 0 28 0.9 46 0 61 0 67 0.9 70 0 75 0 85 0.7 89 0.7 
269 6 0.3 10 0.4 21 0.9 31 0.6 33 0 44 0.8 57 0 84 0.8 91 0.7 96 0.3 
383 18 0.8 40 0.5 55 0.6 57 1 79 0.3 94 0.5 
593 42 0 45 0 53 0 55 0 72 0.8 
616 0 0.3 3 0.9 15 0 21 0.9 22 0.9 32 1 38 0 41 0.5 56 0.9 59 0.9 
627 45 0.5 
914 3 0.9 29 0.4 34 0.4 62 0.4 64 0.8 92 0.7 
921 16 0.8 95 0.8 
964 20 0.3 21 0.7 24 0 53 0 66 0.3 72 0.5 77 0.9 89 0 90 0 91 0.6 
1023 6 0.7 7 0.8 43 0.7 51 0.3 60 0.3 64 1 73 1 79 0.7 93 0.6 
1118 13 0 33 0.7 37 0.3 
1153 52 0.6 53 0.5 59 0 83 0.7 88 0.9 
1157 3 0 5 0.8 14 0 18 0 24 0 38 0 60 1 85 1 86 0.5 95 0.5 
1247 7 1 12 0 26 0.7 43 0.6 54 0 70 0.8 72 0 88 0.8 
1291 14 0.4 
1490 2 0.6 24 1 45 0.5 49 0 52 0 56 0.7 74 0.9 88 0 94 0.5 
1494 23 0 28 0.8 43 0 53 0.5 
1534 16 0 34 0.5 64 0 68 0.3 91 0.5 
1653 13 0.4 17 0.3 33 0.5 45 0 48 0.7 67 0.9 72 0 79 0.6 85 0.4 91 0.8 
1822 8 0.7 9 0.3 15 0 33 0 35 0.4 59 0.4 63 0.3 76 0.8 94 0.3 
1838 34 0.8 
1870 14 0.7 44 0.3 96 0.3 
1949 4 0.3 31 0.7 49 0.3 64 0 77 0.8 89 0.7 96 0 98 1 
2050 34 0.7 77 0.7 
2065 11 0.8 29 0.8 48 0 
2087 8 0 44 0.4 56 0.9 62 0.7 73 0 88 0.7 
2129 6 0 11 0 
2148 13 0 31 0 36 1 66 0.7 
2150 47 0 
2166 0 0.9 23 0 42 0.5 45 0.7 90 1 92 0.8 
2316 9 0.7 51 0.3 72 0.8 81 0.4 86 0.4 88 0 99 0.9 
2325 19 0 26 0.6 38 0.9 60 0 72 0 80 0.4 83 0 88 0.9 96 0.5 
2838 24 0.7 48 0 51 0.9 58 0 63 0 69 0 92 0.4 97 0.6 
2854 11 0 41 0 44 0 
2876 9 0 31 0.9 75 0.9 85 0.5 
2897 40 0.4 75 1 88 0.9 
2979 4 0.8 9 0 91 0 92 0.9 
3025 25 0.9 38 0 80 0.4 
3503 31 0.6 56 0.8 96 0 
3530 15 0.8 18 0.4 33 1 41 0.6 50 0.7 64 0 67 0.7 72 0.3 73 0 
3571 9 0.9 46 0 61 0 64 0.4 70 0.5 79 0.9 89 0.7 
3683 77 0.5 
3826 50 0.3 63 1 
3928 80 0.8 
4024 26 0.3 
4060 70 0 84 0.4 
4064 29 0 49 0 54 0.4 59 0 67 0.3 91 1 97 0 
4216 2 0.5 49 0.7 50 0.4 59 0.3 61 0.8 78 0.6 80 0.6 86 0 93 0 
4481 2 0.8 4 0 30 0 71 0.5 72 0.4 90 0 
4687 23 0.9 26 0.7 27 0 45 0.6 57 0.3 79 0.5 82 0.6 
4737 5 0.8 28 0.5 43 0.8 78 0.8 
4988 13 0.8 19 1 22 0.8 39 0.8 47 0.7 80 0 81 0.5 82 0 87 0.5 98 1 
5066 75 0.8 
5071 10 0 29 0.4 86 0.4 
5097 16 0.4 43 1 44 0.8 54 0.3 96 0.9 99 0 
5156 3 0 27 0.9 34 0.7 36 0.3 38 0.8 40 0.5 61 0.9 75 0 
5259 7 0.5 22 0.5 41 0.6 44 1 52 0.9 66 0.4 69 0.3 76 0.6 80 0.9 95 1 
5352 36 0 55 0.6 68 0 73 0.4 75 0.5 93 0.7 
5620 10 0.6 46 0.3 55 0.8 91 0.8 
6034 1 0.4 9 0.4 93 0.9 
6162 5 0.6 7 0.3 16 0.8 24 0 39 0.9 55 0.4 85 0.8 89 0.6 
6219 17 0.4 18 0.6 43 0 93 0.6 
6296 18 0.7 29 1 30 0.8 42 0.6 52 0.9 89 0.8 98 0.4 
6342 96 1 
6389 6 0 80 1 
6411 19 0.4 51 0 
6452 17 0.8 18 0 49 0.5 77 0.4 87 0.8 95 0 96 0.3 98 0.6 
6520 13 0.9 90 0.5 
6567 12 0.4 37 1 39 0.9 42 0.4 98 0.9 
6985 16 0.4 21 0.4 23 0.5 44 0 66 0.3 79 0.9 
7026 26 0.4 27 0 42 1 47 0.9 54 0.9 58 0.7 82 0 
7273 0 0.6 2 0.3 15 1 22 0 26 0.9 30 0.5 40 0.8 51 0 66 0.9 
7397 90 0.8 
7399 2 0.7 6 0.4 22 0 29 0.7 54 0.4 63 0.8 89 0.5 97 0 
7763 1 0 3 0.5 4 0.6 33 0.7 52 0 63 0 76 0.3 79 1 83 1 
7852 38 0.9 76 0.5 
7957 5 0.9 12 0.9 21 0.7 22 0 46 0.8 49 0.6 73 0.4 81 0.3 82 0.3 95 0.4 
8131 35 0.8 39 0.5 97 0 
8185 44 0.4 47 0 56 0 98 1 
8235 29 0.3 34 0.3 38 0.8 53 0 60 1 
8392 60 0 
8466 9 0.7 10 0.6 43 1 61 0 77 0 89 0 96 0.9 
8820 30 0 43 0.8 
8895 62 0.4 77 0.8 81 0.5 
9126 3 0 11 1 21 0.8 49 0.9 55 0.5 58 0 68 0 89 1 
9202 21 0.4 32 0.7 62 1 76 0.9 78 0 86 0.7 96 0 
9225 36 0 77 0 
9239 4 0.7 23 0 24 0.3 38 0.8 54 0.8 75 0.8 83 0.4 98 0.8 
9255 9 0.4 24 0.7 65 0.3 84 0.8 
9317 60 0 62 0.6 68 0.4 97 0.8 99 0.7 
9324 10 0 12 0 19 1 37 0.3 49 0.3 60 0.3 90 1 
9614 18 0.7 19 0.6 22 0.8 52 0 73 0 77 0.5 
9747 1 0 23 0 99 0 
9801 32 0 35 1 
9871 77 0.4 
9938 2 0 51 1 52 1 58 0.5 85 1 
9970 6 0.3 13 0.7 21 0.5 22 0 23 0.8 33 0.6 66 0.9 86 0.7 90 0.7 
