100
30 8 0 16 0.5 18 0.7 20 0.4 30 0.7 53 0.4 64 1 79 0.9 84 0 
47 0 0.7 11 0.5 39 1 48 0.8 
72 2 0.6 8 0 23 0.7 33 0.5 38 0 86 0 94 0.3 
158 24 0 37 0.3 50 0.7 58 0 60 0.8 66 0.8 72 0 75 0.5 78 0.3 79 0 
258 1 0 31 0.7 82 0 
332 74 0.3 
340 7 0.9 9 0.7 53 0 
353 39 0.7 66 0 68 0.5 
414 1 0.6 16 0.8 25 0 68 0 89 0.8 
437 2 1 6 0 19 0.5 
457 8 0.8 22 1 32 0.7 49 0.6 58 0.4 73 0 79 0.5 84 0.4 98 0.7 
471 25 0 28 0 68 0 75 0.4 82 0 85 0 88 1 92 0.7 98 0.3 
504 68 0.6 
584 0 0 5 0.5 15 0 49 0 93 0.3 
587 10 0 29 0 31 0.5 37 0 50 0.3 58 0 80 0.5 
653 0 0 2 0.4 47 0.3 
697 37 0.8 57 0.4 
773 20 0 51 0.7 78 0.4 91 0.4 
953 27 0.3 52 0.8 53 0.7 55 0.9 57 0.4 59 0.9 87 0.7 
954 1 0.3 9 0.3 24 0.7 25 0.7 31 0.4 37 0.9 39 0.4 47 0.5 86 1 94 0.8 
989 7 0.8 15 0.5 34 0 61 1 64 0.6 76 0.3 82 0.6 91 0.7 
1040 12 0.3 44 0 52 0.4 56 0 65 0.6 96 0.8 
1052 0 0.5 2 1 5 0.3 16 0 32 0.6 38 0 50 1 66 0.8 67 0.4 81 0.9 
1123 9 0 46 0.3 50 0.3 54 0 89 0.4 97 0.8 
1388 6 0 9 0.7 15 0.8 33 0 81 0.7 82 0.3 83 0 90 0.7 
1496 0 0.5 17 0.5 23 0.6 29 0 
1544 20 0.9 32 0 33 0.3 46 0.4 51 0.4 55 0 69 1 79 0 94 0.8 
1720 20 0 37 0.3 63 0.8 96 0.3 
1950 16 0.7 58 0 82 0.4 86 0.3 
2136 0 0 20 0.4 21 0.7 30 0 35 0.5 42 0.7 43 0.4 61 0 62 0 79 0.4 
2213 24 0 49 0.9 70 0.6 95 0.8 
2504 34 0 70 0.6 
2596 0 0.9 6 0.7 9 0.5 14 0 18 0.7 34 1 40 0.3 65 0.5 70 0.5 72 0.5 
2625 32 0.3 
2649 0 0.7 5 0.8 37 0.6 49 1 57 0.7 69 0.4 
2698 2 0.8 9 0.4 15 0 34 0.7 85 0.3 93 0.9 
2735 65 0.6 
2884 14 0.6 48 0.4 49 0 57 0.3 68 0.5 72 0.3 85 0 94 1 95 0.5 
2890 14 0 28 0.9 30 0 40 0.7 72 0.3 88 1 
2933 19 0.4 84 0 96 0 
2946 12 0 61 0.7 63 0 86 0.6 
2973 23 0.9 31 0.9 38 0.8 49 0.7 
3038 33 0.8 63 1 81 0 84 1 
3094 0 0.6 4 0 6 0.9 20 0.3 30 0.3 34 0 42 0.3 66 0.4 83 0 98 1 
3122 0 0.9 4 1 5 0.5 33 0.4 36 0 39 0.9 44 0.3 47 0.9 66 0.8 95 0.4 
3179 45 0.6 
3319 5 0 16 1 33 0.3 35 0 71 0.4 74 0.9 77 0.3 79 0.8 
3353 16 0.4 21 0.8 45 0.9 50 0.6 55 0 61 0.6 96 0 
3479 4 0.4 15 0.3 49 0.9 87 0.3 
3538 11 1 31 0.3 38 0.9 62 0.3 78 0.4 79 0 81 0.7 
3615 14 0.3 17 0 26 0.8 27 0.7 36 0.6 68 0.5 
3690 21 0.3 30 0.7 95 0 
3824 15 0.3 27 0 35 0.8 66 0.4 77 0 84 0.7 85 0 91 0.4 
3836 6 0 73 0.4 87 0.5 
3976 2 0.9 17 0.7 30 0.4 32 0.9 33 1 50 0 80 0 
4009 8 0.6 33 0.5 54 0.3 81 0 94 0.8 
4148 24 0.4 40 0.3 41 0.5 48 0 56 0.5 58 0 65 0.7 71 0 72 0.6 95 0.6 
4172 45 0.6 84 0.9 
4334 6 0.7 14 0 18 1 27 0.4 31 0.3 35 0 38 0.9 75 0.3 92 0 94 0.8 
4367 17 0 37 0.6 47 1 51 0.9 68 0.3 72 0.5 85 0 89 0 
4390 17 0 27 0.4 35 0 47 0.6 51 0 64 0.9 89 0 95 1 
4566 1 0.4 8 0.3 11 0.5 12 0.6 54 0.9 56 0.3 57 0.7 84 0 
5222 6 0.3 16 0.8 
5293 39 0.5 
5404 5 1 15 0.6 25 0.4 32 0 33 1 41 0.5 48 0.9 57 0 82 0 
5460 21 0 
5626 3 0 11 0 26 0.7 35 0 39 0.6 61 0 71 0.9 87 0.5 92 0.4 
5689 11 0 23 0.4 38 1 47 0 
5741 7 0.5 26 0 29 0.6 45 0 49 1 58 0 59 0.4 68 0.7 
5873 7 0.7 30 0.3 51 1 60 0 85 0.7 
6694 46 1 49 0.5 70 0.8 78 0 
6934 6 0 17 0.6 71 0.4 
6941 48 0.9 87 0.6 
6960 11 0.3 17 0.8 31 0.4 60 0.7 75 0.8 
6995 4 0.7 8 1 34 0 90 0.9 91 0 97 0 
7205 1 1 38 0 45 0 57 0.4 63 0.9 82 0.4 92 0.8 
7221 14 0 21 0 26 0 43 1 44 0.6 46 0.8 49 0 55 0.5 82 0 
7604 2 0.5 7 0 13 0.3 27 0 28 0.9 30 0.6 46 0 62 0.8 76 0 94 0.7 
7658 10 0 90 0 
7842 1 0 
7901 97 0.8 
7903 38 0 
8012 1 0 16 0.9 29 1 51 0.5 52 0.4 56 0 65 0 68 1 74 0.6 78 0.6 
8179 7 0.4 57 1 82 0 85 0 90 0.7 
8186 32 0.5 59 0 
8234 17 0.5 59 0.3 69 0 74 0.6 94 0 
8376 4 0 7 0 17 1 27 0.3 28 0.7 30 0 61 0.8 82 0.8 
8787 24 0.6 78 0 
8930 69 0.3 86 0.3 
9027 84 0 98 0.5 
9047 3 0.9 6 0.6 9 0.9 23 0 25 1 28 0.7 31 0.4 78 0.9 83 0 
9203 0 0 3 0.4 18 0.5 26 0.5 28 0.9 33 0.5 37 1 41 0.9 48 0 
9217 14 0 19 0.9 40 0.7 64 0.5 
9289 53 1 64 0 84 0.9 89 0.7 
9572 0 1 21 0.9 49 0 55 0 65 0.3 86 0.9 
9596 21 0.6 24 0 72 0.5 92 0 
9744 13 0 54 0.9 95 0.9 
9768 12 0 93 0.6 
9820 5 0 
9827 3 0.6 28 0 33 1 36 0.7 60 0 67 0 71 0.7 87 0.3 88 0.9 89 0 
