100
23 4 0 11 0.3 19 0.5 57 0.9 61 0 65 0.9 74 0 86 0.6 
46 18 1 
51 48 0.6 51 0.8 56 0.3 57 0 63 0 85 0 92 0.5 
68 60 1 86 0 95 0.9 
126 1 0.5 53 0 55 0.9 92 0 94 0.5 
200 22 0.7 28 0.7 62 0.4 76 0.4 86 0 
205 25 0.5 
224 25 0.4 28 0 46 0.5 61 0.9 67 0.4 70 0.9 75 0.6 85 0 89 0 
237 4 0.6 24 0.7 29 0.9 48 0.9 52 0.5 57 0 59 0.7 62 0.4 89 0.8 
240 15 0.4 23 0 39 0.7 60 0.5 77 0 87 0.4 90 0.4 
302 4 0.4 11 0 22 0.8 65 0 75 0 80 0 89 0 94 0 
370 12 0.7 34 1 36 0.8 44 0.8 65 0.9 70 0.5 92 0.5 95 0.3 
470 14 0 18 1 19 0.4 33 1 41 0.5 50 0.5 61 0.6 70 0 85 0 95 0.8 
538 8 0.3 18 0.8 52 0.8 94 0.3 
545 7 0.9 37 0 45 0.7 62 0.6 63 0.8 75 0 86 0.5 
701 5 0.3 6 0.3 12 0.4 21 0 24 0.4 32 0.9 56 0 76 0.5 93 0.4 
817 6 0.3 13 1 18 0.9 23 0 24 1 35 1 36 0.9 41 0.6 72 0.9 77 0.5 
899 42 0.7 95 0.5 
1060 0 0 16 0.6 17 0 21 0.9 24 0.6 49 0.4 54 0.3 98 0.5 
1117 18 1 
1323 0 0.8 20 0 52 1 83 0 94 0 
1333 27 0 
1363 21 0.8 77 0 
1625 22 1 26 0 42 0.8 67 0.5 80 0 
1717 3 0 25 0.4 68 0.6 
1833 44 0 46 0 92 0.8 
1996 0 0 16 0.9 35 0.3 58 0.3 60 0.3 69 0.8 82 0.8 90 0.5 
2135 31 0.5 42 0.3 64 0.5 65 0 69 0.9 86 1 96 0.3 
2161 85 0.5 
2179 23 0 28 0 38 0.9 86 0.3 
2285 79 0.9 
2313 14 0.6 44 1 50 0 56 0.8 57 0.5 61 0 63 1 84 0.9 92 0.3 97 0.6 
2345 8 0.3 26 0 39 0.4 62 0 75 0 83 0.8 96 0.7 98 0.6 99 0.3 
2452 17 0 22 0 41 0.5 48 0 59 0.9 63 0 66 0.9 86 1 96 0 
2509 11 0 15 0.8 31 0.7 52 0 96 0.8 98 1 
2669 2 0.4 8 0.5 28 0.3 30 0.5 49 0.5 59 1 85 0 92 0 96 0 
2688 36 0.9 64 1 
2734 15 0.9 17 0 19 0 51 0 52 0.4 70 0.6 84 0.3 
2802 57 0 72 0.3 78 1 84 0 
2883 4 0 33 0 51 0.3 83 0 
2966 10 0 18 0.4 25 1 33 0.5 49 0 50 0.3 66 1 76 0 
3130 27 0.3 
3266 42 0.7 52 0.9 67 0.5 72 0.9 74 0 75 0 97 0.9 
3742 48 1 61 0 
3773 1 0 3 1 4 0.7 12 0.7 15 1 34 0.4 58 0.8 81 0.5 93 0 
3830 2 0.8 28 0 37 0.8 40 0.4 75 1 87 0.9 
3893 18 0.5 31 0.5 45 0.6 47 0.7 55 0.7 85 0.4 88 0.7 96 0 
3907 1 0 33 0.7 36 0 39 0.9 55 0 81 0.9 
3909 9 0.6 23 0 32 0.5 33 0.5 79 1 
4050 66 0.6 87 0.5 
4118 43 0.8 48 0.3 
4509 4 0.3 61 0.3 68 1 84 0.4 98 1 
4664 9 0.9 15 0.8 70 0 95 0.4 
4770 42 0 
4773 2 0 33 0 39 0 71 1 76 0.6 
5014 34 0 54 0.6 66 0.3 84 0.3 
5049 7 0.8 15 1 48 0 71 0 73 0 77 0.3 
5305 10 0.5 40 0 51 0.9 52 0.5 77 0.7 91 0 99 0.4 
5354 6 0.4 8 1 29 0 31 0 35 0.9 44 0.8 58 1 64 0.8 92 0.6 
5551 1 0.7 17 0.6 27 0.5 43 0.6 69 0.9 70 1 89 0 
5584 4 0.3 11 0.5 13 1 28 0 43 0.5 68 0 76 0.4 86 0 97 0.4 
5631 12 0.3 16 0 34 1 35 0.7 79 0.9 80 0.9 
5637 27 0.3 60 0.8 
5695 11 0 17 0.3 41 0.9 69 1 
5747 21 0.3 25 0 
5962 33 1 45 0 82 0.3 98 0.8 
6029 20 0.4 81 0 96 0.9 
6041 0 0 12 0.3 37 0.7 78 0.6 96 0.8 
6047 35 0.7 37 0.4 84 0.3 
6123 43 0.7 51 0.3 85 0 
6143 32 0.5 35 0.3 58 0 60 0 61 0.5 76 1 82 0.3 98 0 
6165 20 0 27 0.6 32 0 39 0.4 78 0.7 81 1 86 0.8 90 0.6 96 0.9 
6257 30 1 42 0 53 0 71 1 72 0 85 0.7 96 0.3 
6323 14 0 33 0.9 61 0 
6350 1 0.4 8 1 22 0.3 35 0.5 38 0.9 57 0.9 67 0 77 0.4 80 0 84 0.3 
6619 2 0 50 0.3 89 0.3 
6741 22 0.4 
6825 10 0 34 1 39 0.8 81 0.4 84 1 
6991 16 0 22 1 34 0 39 0.5 44 0.6 57 0.6 68 0 83 0.5 93 0.7 95 0.8 
6997 76 0.4 83 0.8 85 0.3 
7438 24 0.6 41 0 47 1 89 0.4 
7456 2 0.7 45 0.4 48 0.5 54 0.7 83 0.9 91 0.3 96 0.9 
7481 40 0 42 0.3 55 0.9 
7585 26 0.8 47 0.3 72 0.6 83 0.8 92 0 
7651 75 0.9 
7875 19 0 20 0.3 48 0.7 79 1 81 0 94 0.3 
7962 59 0.6 
7987 86 0 
8074 1 1 32 0.5 38 0.3 52 0.5 67 0.9 72 0.7 77 0.5 
8333 5 0.7 9 1 24 0.3 29 0.4 34 0 39 0 51 0.8 71 0.4 84 0.9 91 0 
8756 5 0 25 0.5 47 0 76 0 84 0.7 92 0 
8808 15 0.9 
8916 4 0.5 12 0.6 14 0.4 23 0.5 54 0.9 70 0.3 81 0.5 82 0.8 94 0.3 98 0 
8917 6 1 10 0 51 0.4 82 0.5 83 0.7 87 0.9 
9074 56 0.7 67 1 
9220 28 0 61 0.4 64 0 67 1 71 0 86 0.3 93 0.8 
9278 13 0.4 33 0 48 1 66 0.6 78 0.9 
9298 37 0.5 59 0 75 0.9 89 0.7 
9613 13 0.7 52 1 62 0.8 66 0.5 69 0.9 86 0 94 0 96 0.9 
9688 4 1 17 0.3 71 0.5 
