100
12 9 0 23 0.4 48 0 79 0 89 0.3 
60 4 0.6 25 0 44 0 
131 6 0 11 0 16 0 25 1 28 0.7 41 0 91 0.5 
404 56 0 
450 15 0.3 59 0.9 60 0.3 73 0 
548 25 0.8 45 0.5 
652 23 0 49 0 51 0 59 0 70 0.9 77 0 89 0 90 1 91 0.6 
706 14 0 20 0.6 67 0.8 70 0.3 73 1 74 0 79 0 92 0 
766 3 0 22 0 45 0 60 0.3 69 0 70 0 78 0 84 0.8 94 0.6 
874 53 0.8 62 0.9 95 0.5 
1161 7 0 10 0.4 
1179 6 0.4 29 0.9 38 0.7 42 0.8 48 0 58 0.3 87 0 99 0 
1187 5 0.7 18 0.6 28 1 90 0.5 
1342 4 0.6 33 0.9 64 0.7 99 0 
1540 0 0 6 0.9 13 0.9 15 0.8 17 0.5 51 0.7 70 0.5 75 0 80 0.8 87 1 
1555 72 0 
1566 29 0.3 31 0 32 0 49 1 51 0.9 67 0 70 0.9 71 0.7 79 0 
1594 9 0.3 13 0.4 25 0.5 58 0 
1706 11 0.7 12 0.6 27 0.7 35 0.5 51 0.7 61 0.8 75 0.8 88 0.6 96 0.4 
1786 10 0 15 0.5 21 0.7 
1799 81 0.7 
1833 44 1 46 0.5 92 0.7 
1942 15 0.4 20 0.9 39 0.4 61 0.9 62 0 65 0.3 79 0 
2088 6 0.9 12 0.7 21 0 28 1 31 0 44 0.8 61 0.8 73 0 
2094 3 0.3 33 0.6 87 1 91 0.6 93 0.6 
2237 55 0.5 82 0.9 92 0.8 
2463 14 0 16 0.3 34 0.5 41 0 47 0.3 53 0 67 0.9 68 0 
2496 26 0.3 38 0.4 69 0.7 94 0.4 
2528 5 0.4 18 0.6 65 0.7 78 0 
2551 29 1 32 0.5 47 0.6 85 0.8 87 0.7 96 0.4 
2553 9 0.3 14 0.6 25 0 34 0.9 48 0.9 81 0 
2588 26 0 32 0.8 39 1 42 0.6 69 0 
2788 39 1 60 0 72 0.5 
3031 10 0 45 0.4 51 1 54 0.3 
3045 4 0.9 37 0.6 48 0 57 1 64 0.7 68 0.9 71 0.5 93 0.7 98 0.6 
3354 0 0.9 8 0.9 20 0.7 21 0.8 33 0.3 46 0.7 52 0 55 0.6 
3437 5 0 14 1 32 1 35 1 38 0 49 1 72 0 79 0.8 
3464 57 0.4 
3654 0 0.7 8 0.7 25 0.3 29 0 38 0.3 44 0.7 
3655 7 0.7 13 0.6 27 1 34 0.5 72 0.5 76 1 86 0.3 92 0.6 
3731 6 0 35 0.9 51 0.7 59 0.4 64 0 70 0.3 87 0.9 94 0.7 
3778 9 0.4 66 0 86 0.6 
4005 7 1 43 1 46 0 97 0 
4061 7 0 30 0.7 31 0.4 82 0.5 89 0.7 95 0.8 
4522 51 0.4 54 1 86 0.7 91 0 
4569 94 0 
4706 7 0 17 0.7 25 0 29 1 33 0.8 35 0.9 51 0.6 68 0.6 69 0.7 91 1 
4933 7 0.8 44 0 45 1 58 1 76 0.5 86 0 90 0.6 91 0.4 
5010 1 0.6 21 0 22 0.4 25 0 30 0.5 83 0.9 91 0.5 95 0.7 96 0.3 
5100 11 1 21 0.8 35 0 48 0 75 0.6 
5233 2 0.4 24 1 42 0 60 0.8 64 0.7 91 0 95 1 96 0.9 
5287 5 0 14 0.3 27 0.9 55 0 70 0.9 72 0.4 74 0 80 0 99 0.4 
5366 63 0.4 65 0.7 82 0.8 
5428 4 0.3 46 1 59 0.4 
5516 85 0.6 
5522 15 0 41 0.9 53 1 59 0.7 60 0 64 0 90 1 
5523 18 0.9 21 1 25 0.4 35 0.4 49 0.4 60 0.7 72 0.7 96 0 
5553 22 0.4 27 0 44 0 75 0 
5555 16 0.7 20 0 30 0 39 1 58 0 63 0 64 0.7 67 0.3 96 0.5 
5614 1 1 4 0.8 23 0 88 0.5 
5670 38 0.5 80 0.7 
5846 9 0.9 39 0.5 52 0 69 0.6 74 0.3 81 0 89 0.7 
5931 27 0 37 0.3 55 0.9 60 0.7 82 0.6 88 0.6 
6056 6 0.6 37 0.6 40 0.5 47 0.5 61 1 97 0.8 99 0.7 
6086 14 0 35 0.7 40 0.5 60 0.8 
6139 11 0.9 12 0.7 22 0 23 1 43 0.8 60 0.3 
6153 3 0 21 0.9 37 0.9 94 0 
6163 12 0 33 0.5 36 0.7 39 0.4 
6197 18 0 20 0.6 32 0 39 0 56 1 71 0.6 82 1 
6218 3 0 11 0.7 12 0.6 17 0.3 22 0.4 31 0 51 1 69 0.8 89 0 90 0.7 
6253 5 1 33 0 38 1 49 1 62 0.8 66 0.4 68 0.7 77 0.8 86 0.4 94 0.8 
6441 0 0.3 1 0.5 20 0.9 44 0.8 
6600 30 0.6 84 0 89 0.3 
6827 0 0.4 26 0.9 60 0 
6860 17 0 45 0.6 58 0 96 0.9 
6957 27 0.5 36 0 47 0 72 0 75 0 80 0.7 82 0.4 
7040 18 0.6 37 0.3 41 0.3 52 0.4 58 0 
7057 83 0 84 0.9 
7309 41 0.5 83 1 
7319 7 0 10 0 19 0.9 21 0 41 0 64 0.8 76 0.6 99 0.4 
7418 2 0 9 0 37 0 50 0 56 0 61 0.6 62 0 64 0.5 65 0 75 0.3 
7443 8 0.6 27 1 65 0 
7478 2 0.8 
7490 19 1 22 0.6 24 0 28 0.9 58 0.4 64 0.9 82 0 83 0.5 86 0 
7515 11 0 12 0.9 41 0.3 47 0.4 50 0 56 0 63 0 85 0.6 97 0.3 
7537 2 0 3 0.7 
7557 3 0.8 7 0.3 23 0 27 0 31 1 46 0 53 0.4 61 0.9 70 0.6 83 0.5 
7952 42 1 61 0.5 85 0.8 
7969 87 0.7 
8227 24 0.4 38 0.5 45 0.5 56 0.6 73 0.7 83 0 84 0.6 97 0.3 
8406 19 0.8 41 0.7 54 0.8 58 0.7 63 0 66 0.6 79 0 95 0.7 
8573 4 0.6 40 0.5 
8599 7 0.4 21 0.7 26 0 33 0.9 48 0.6 78 0.4 79 0.8 
8937 21 0.6 46 0.6 55 0.3 80 0.7 85 0.6 96 0 
9006 16 0.6 21 0.7 24 0.5 
9290 28 0.7 36 0.3 39 0.4 42 0.5 59 0 66 0.3 83 1 99 0.3 
9374 14 0.5 67 0.4 
9618 7 0.8 8 0 15 0.3 40 0.8 49 0.8 58 0.6 63 0.8 71 0.5 83 1 89 0.7 
9712 6 0.4 39 0 52 1 63 0.6 70 0.6 84 0.5 97 0.6 
9752 40 0 58 0.9 78 0.5 
