100
196 31 0.4 61 0 64 0 82 0 90 0.8 97 0.9 
199 8 0.9 12 0.5 21 0 30 0.3 41 0.4 60 0.6 61 0.3 87 0 95 0.8 
333 9 0.5 12 0.3 91 1 
409 8 0.9 10 0.4 45 0.4 62 0 72 0.6 81 0.7 
425 27 0 38 1 39 0.4 
439 24 0.5 61 0 65 0.9 
452 47 0.8 50 0.7 64 0.5 
532 4 0.6 74 0.9 85 0.7 
622 2 0 21 1 28 0.7 43 0.4 60 0.5 92 0.8 96 0.7 
707 0 0.4 4 0.3 5 0 25 0.7 30 0 34 0 45 0.8 49 0.3 85 0.8 91 0 
730 11 0.4 24 0.4 32 0 51 1 58 0.3 77 0 79 0 93 1 96 0.9 
766 3 0.8 22 0 45 0.3 60 0.8 69 0.5 70 0.7 78 0 84 0.8 94 0.3 
962 17 0 20 0 50 0.4 53 0 93 0 
1070 32 0.3 39 0 48 0.9 49 0.5 58 0 65 0 84 0.9 91 0 
1137 5 0 30 0.4 80 0.4 
1191 25 1 
1216 44 0.3 82 0 89 0.4 90 0.3 
1696 5 0.8 16 0 25 0.4 33 0.4 41 0 55 0 64 0.3 83 0.4 
1807 14 1 31 0.6 36 0.8 
1892 8 0.9 13 0 32 0.5 61 0 64 0 71 0.7 79 0.3 85 0 91 0.6 96 0.9 
1916 22 0.6 94 0.7 
1966 9 0.5 85 0.9 
2006 85 0 86 0.5 
2105 21 0.8 35 0.7 43 0.6 58 0 72 0.3 73 0.4 90 0.5 91 0.6 93 0 
2106 1 1 7 0 15 0 25 0.6 48 0.3 51 0.5 64 0.5 72 0 95 1 
2137 2 0.4 23 0 25 0.5 26 0.9 37 0.5 80 0 84 0 87 0.5 
2170 9 0.7 20 0.9 21 1 23 0.4 25 0.8 56 0.9 60 0.6 69 0 74 0.5 81 0.8 
2237 55 1 82 0.8 92 1 
2283 0 0.5 2 0 27 0.6 38 0.5 62 0.4 
2301 2 0.6 13 0.4 19 0.4 28 0.7 59 0.3 60 0.3 88 0 91 0.7 95 0 96 1 
2333 1 0.4 35 0.6 78 0 84 0.9 
2351 48 1 
2356 65 0.3 70 0.3 
2445 3 0.6 33 0.9 43 0 49 0.7 62 0 65 1 78 0.3 83 0 
2460 22 1 28 0 38 0.9 41 1 45 0.3 48 0.9 81 0.7 97 0 98 0.7 99 1 
2474 12 0.7 35 0.9 42 1 46 1 48 0.5 74 0.9 88 0.4 94 0.9 98 0.4 
2599 0 0.5 26 0 46 0 53 0 73 0 79 1 80 0.4 90 1 
2740 1 0 38 1 56 0 94 0 
3006 74 0.3 87 0 
3037 1 0.5 8 0.9 18 0.7 72 0.4 89 0.4 
3195 76 0.3 98 0 
3415 13 0.7 14 0.9 37 0.5 68 0.6 78 0 82 0 
3618 3 0.3 4 0.8 6 0.9 20 1 37 0 48 0.7 
3748 32 0 47 0.8 80 0 
3779 39 0.5 79 0.8 
3944 41 0.6 50 0.6 51 1 82 0.3 94 0 
4162 6 1 49 1 57 0 58 0.5 68 0 69 1 
4306 9 0.4 22 0.4 27 0 35 0.5 39 0.6 57 0.7 66 0.5 70 0 
4443 27 0.9 28 0.9 42 0.5 52 0.4 53 0.3 55 0 64 0.5 68 0.8 81 0.3 89 0 
4546 67 0.7 86 0.3 
4646 21 1 31 0.3 68 0.3 76 1 92 1 93 0.5 95 0 99 0 
4700 9 0.4 13 0.3 18 0 22 0 37 0.3 64 0.9 72 0.9 73 0 76 1 
4886 4 0.4 40 0.7 94 0.4 
4976 10 0.9 33 0 94 0.9 
5060 11 0.6 13 0.9 18 0.5 59 0 60 0 
5126 12 0.7 38 0.5 40 0 44 0.4 65 0 78 0 90 0.7 93 0.5 97 0 
5179 41 1 48 0.5 51 0.5 
5269 71 0.3 
5643 39 0.9 45 0 53 0.3 67 0 86 0.6 
5702 10 0.8 11 0.9 34 0.7 72 0.3 95 0 
5712 30 0 70 0.8 97 1 
5939 14 0.4 31 1 49 0.9 52 0 54 0.6 57 0.5 58 0.5 62 0.9 95 0.9 97 0 
5955 45 0.7 75 0.4 
5958 2 0 11 0.7 39 0.3 67 0 95 0 97 0.9 
5990 2 0.6 13 0 35 0.3 58 0.8 67 1 72 0.4 75 0.5 
5998 20 0 
6052 13 0.6 15 0.4 18 0 33 0.7 45 0.5 71 0.6 79 0.4 86 0 89 0.8 95 0.6 
6070 0 0.5 24 0 32 1 33 0 43 0.4 48 0.4 82 1 99 0 
6088 28 0.7 83 0.7 86 0.9 97 0.5 
6363 83 0 92 0.3 
6446 89 0 
6564 7 0.9 23 0.3 87 0.7 
6649 4 0.5 8 0.8 31 0.9 39 0 67 1 92 0.5 95 0.7 
6754 61 0.9 87 0.3 88 0.9 91 0.5 
6861 2 0.3 10 0.6 45 0.8 59 0.4 
6863 19 0.4 46 0.8 76 0 84 0.7 
6888 64 0.9 
7059 10 0.6 32 0.9 34 0.8 39 0.3 41 0.6 68 1 98 0.3 
7061 12 0.6 21 0.3 96 0.7 
7195 22 0 39 0.8 66 0.3 75 0 95 0.8 96 0.4 99 0.5 
7421 36 0 57 0.6 70 1 
7501 1 0.5 3 0 19 0.7 27 0.5 37 1 62 0 65 0.7 76 0.7 79 0.7 98 0 
7777 39 0.4 52 0.7 54 0 64 0 98 0.8 
7924 21 0.7 30 0.4 33 0.5 
8023 6 0.4 8 0.9 62 1 63 1 66 0 99 0 
8322 30 0.4 74 0.8 
8348 0 0.9 8 0 15 0.5 22 0 33 0 63 0 77 0.7 83 0.4 97 0.9 
8417 17 0.5 59 0.6 63 0.9 68 0 80 0 82 0.8 83 0.7 89 0.5 93 0.4 
8735 24 0.9 36 0.8 46 0.7 50 0.6 57 0.6 64 0.4 73 0.5 
8862 4 1 27 0 33 0.9 34 0.3 43 0.7 44 0.9 59 0.7 64 0 77 0.9 85 0 
8942 90 0.5 
8957 18 0.9 64 0 82 0.7 
9032 6 1 29 0 35 0.7 
9063 2 0.4 3 0 40 0.6 51 0.4 63 0 67 0 81 0.4 
9146 29 0.7 32 0.8 54 0.5 69 1 80 0.6 83 0.8 91 0.9 
9196 91 0 
9362 12 0.6 22 0.6 37 0.5 43 0 98 0 
9412 14 0 25 0.9 30 0.8 68 0.3 88 0.3 
9701 22 0.6 32 0 39 0.3 73 0.5 
9860 19 0.5 90 0.7 
