100
58 45 0 
302 4 0.3 11 0.6 22 0 65 0 75 0.8 80 0.4 89 0 94 0.6 
314 15 0 36 0.5 
316 22 0 37 0.5 39 0.5 48 0 77 1 
341 12 1 16 0.3 39 0.5 46 0.3 49 0 51 0.5 72 0.5 80 0.7 
751 24 0 25 0.7 27 0.5 54 0 83 1 86 0.4 93 0.7 97 0 
835 5 0.7 96 0.3 
903 3 0.6 20 0 67 0 86 0.5 91 0.3 93 0 
980 0 1 20 0 57 0.4 58 0.3 69 0 78 0.5 94 0 98 0 
1189 1 0 5 0.4 10 0.5 37 0 41 0 78 0.4 
1247 7 0.5 12 0 26 0.5 43 0.6 54 0 70 0.9 72 0 88 1 
1264 11 0.3 27 0.7 71 0.5 87 0.9 
1275 3 0.9 19 0.4 21 0.7 30 0.5 33 0 49 0.7 60 0 83 0 95 0 
1383 10 1 67 1 94 0.7 99 1 
1592 67 0.6 
1892 8 0.7 13 0.9 32 1 61 0 64 0.9 71 0 79 0.5 85 0.3 91 0.7 96 0.7 
1952 12 0 16 0.4 19 0.8 74 0.6 84 0 88 0 
1970 42 0 58 0.8 66 0 75 0.5 
2068 7 0.8 29 0.8 65 0.8 68 1 78 0 81 0 84 0 88 0.4 
2189 5 0 21 0 37 0.8 57 0 59 0 61 0.6 67 0.7 73 0.3 75 0.3 99 0.4 
2437 6 1 12 0.5 57 0.6 84 0.5 93 0.8 
2443 5 0 19 0.5 22 0.9 23 0 55 1 66 0 76 1 78 0.7 86 0.7 
2495 18 0 33 0 66 0 
2509 11 0.3 15 0.4 31 0.5 52 0.4 96 0.7 98 0.7 
2519 14 0 20 0.4 23 0.3 39 0.5 73 0.3 
2581 2 0.3 37 1 53 1 83 0.3 91 0.3 
2605 18 0 70 0.8 95 0 
2622 9 0.9 49 0.5 68 0.4 
2641 31 0 38 0.3 44 1 61 0 71 0.3 
2650 6 0 29 0.9 46 0.5 74 0.9 89 0.5 
2842 6 0 14 0.4 31 0.8 55 0 69 0.4 70 0.5 81 0.5 
3229 10 0.3 21 0.7 54 0 63 0.8 71 0.7 74 0.3 79 0.9 88 0.3 
3235 37 0 
3242 28 0.8 91 0 
3247 6 0 30 0.4 44 0 56 0.3 
3312 83 0.4 99 0.8 
3365 12 0.6 19 0.4 26 0 71 0.3 79 0.5 80 0 
3477 12 0.4 21 0 29 0 55 0 69 0.4 71 0.3 75 0.7 
3550 1 1 10 0 59 0 62 0.6 95 0.7 96 0.3 
3625 4 0 16 0 21 0 38 0.3 52 0.4 56 1 71 0.9 77 0.7 79 1 80 1 
3678 27 0.9 35 0.8 37 0.6 69 0.8 
3878 3 0.9 68 0.8 81 0 
3917 36 0.3 40 1 45 0 53 0.6 
3936 3 0 4 0 6 0 21 0.3 24 0.4 76 0 77 0.8 92 1 
3952 6 0.5 11 0.4 26 0.4 27 0.5 66 0.5 74 1 80 0.3 92 0.9 97 0.5 99 0.4 
4187 40 0 
4188 19 0.6 22 0.4 26 0 86 0 99 0.6 
4540 8 0 15 0 78 0.7 87 0.5 
4583 38 0 
4713 35 0.8 43 0.9 76 0 
4902 7 0.4 18 0.3 20 0 32 0.8 59 0.9 64 0 72 1 76 0.7 85 0.8 
4924 3 0.8 31 0 51 1 52 0.6 54 0 66 0.9 74 0.6 82 0 86 0 92 0.7 
5063 34 0.8 
5100 11 0.9 21 0.6 35 1 48 0.9 75 0 
5402 26 0.7 47 0.9 66 0 78 0 
5415 10 0 12 0.8 52 0 61 0 67 0.6 75 0.8 77 0 79 1 92 0.8 98 0.9 
5501 8 0.5 31 0.8 48 1 65 0 72 0.4 81 0.7 82 0.6 85 0.8 92 0 98 0.6 
5510 24 0 81 0.6 96 0.7 
5616 9 0.9 17 0.5 49 0.9 62 0 
5846 9 0.3 39 0.4 52 0 69 0.8 74 1 81 1 89 0.3 
5881 3 0.7 4 0.4 9 0.9 20 0.9 28 0 31 0.3 57 0.9 77 0.9 92 0.9 
5983 28 0.3 53 1 54 0.9 59 1 60 1 
6046 13 1 52 0 58 0.4 97 0 
6097 35 0 58 0.5 59 0.7 72 0.9 
6177 32 0.7 46 0.5 60 0.5 67 0 74 0.6 80 0.4 83 1 85 1 
6205 24 0 50 0.3 62 0 68 0.9 71 0.8 72 0 85 0.7 90 0 
6259 6 0.9 20 0.8 21 0 22 0.9 41 0.4 56 0.7 78 0 92 0.9 
6476 25 1 32 0.6 73 0.9 
6481 37 0.8 45 0.8 56 0.6 64 0.6 90 0.9 93 0 
6529 16 0.7 63 0.5 66 0.5 72 0 85 0 
6567 12 0.7 37 0 39 0.7 42 1 98 0.7 
6590 22 1 31 0.8 48 0.7 60 0.7 62 1 73 0.3 
6713 16 0.9 18 0.5 61 0.3 70 0.7 72 0 86 0.7 97 1 
6820 31 0.5 
6868 31 1 34 0.6 37 0.7 55 0 67 0 73 0 76 0.3 85 0.7 99 0.9 
7009 77 0 
7062 1 1 30 0 54 1 71 0 78 0.4 
7136 7 0.5 11 0.8 37 0.5 52 0.8 56 1 68 0.7 97 0 
7187 14 0 53 0 
7339 26 0.6 43 0.3 
7535 1 0.6 3 0 28 0.6 59 0.8 62 1 74 0.9 
7651 75 0.3 
7654 94 0.8 
7826 57 0 
7863 3 0 5 0.8 18 0.8 22 0.3 39 0 40 0.6 50 0 57 1 61 0.7 72 0 
7976 25 0.6 50 0.4 57 0.9 89 0.7 93 0.7 
8012 1 0.7 16 1 29 0.7 51 0 52 0.9 56 1 65 0.8 68 1 74 0.5 78 0.3 
8335 6 0.3 51 0.5 60 0 69 0.4 
8580 28 0.3 69 0.5 96 0.3 
8743 8 0 29 0.6 32 0 81 0.6 94 0.6 
8957 18 1 64 0.3 82 1 
9216 4 0.3 13 0.5 21 1 56 0 
9327 4 0.4 12 0.9 15 0.4 17 0 32 0.3 45 0.8 60 0 88 0.5 
9498 1 0.3 24 0.4 30 0.6 38 0 39 1 45 0.3 66 0.6 67 1 76 0.8 
9558 1 0.9 39 0 51 0 55 0 59 0 65 0 72 0.6 74 0.3 89 0 
9692 11 0.4 18 0.6 19 0.7 23 0.4 42 0.3 73 0.9 78 0.7 87 0.8 93 0.8 
9715 38 0.5 65 0.5 82 0 
9784 3 0.9 10 0 12 0.3 23 0 49 0.4 50 0.9 62 0.3 83 0.6 86 0 98 0.8 
9845 65 0.8 90 0 96 0.3 
9916 13 0.6 29 0.9 42 0.9 52 0.7 70 0 83 0 84 0 86 0.9 99 0.4 
