100
27 9 0.8 20 0 38 0 41 1 46 0.3 64 1 
83 5 0.9 8 0.4 13 0.9 21 0 37 0 42 0.8 55 0.9 60 0.5 85 0.5 
116 5 0 13 0.8 23 0.7 48 0 89 0.9 96 0.5 
199 8 0 12 0.9 21 0.6 30 0.9 41 0 60 0.5 61 0 87 0.9 95 0.8 
263 17 0.9 39 0.3 52 0 53 0 78 0.3 81 0 83 0 
465 20 0 37 1 39 0 49 0.9 50 0.4 74 0.8 
497 24 0.4 32 0.7 55 0.7 59 1 69 0 76 0.5 77 0.3 84 0.8 99 0.7 
552 22 0.5 28 0 55 0 
578 5 0.9 6 0.8 10 1 57 0.3 63 0.9 66 0.9 85 0.3 90 0.7 94 0 
585 9 0 13 0.3 14 0.8 29 0.4 37 0 59 0.8 70 0 
736 23 0 71 0 99 1 
811 13 0.4 14 0 42 0 72 0.8 92 0.9 94 0.7 99 0.7 
891 7 0.6 11 0.9 14 0.6 98 0 
941 3 0.8 20 0.6 70 0.8 
1115 54 0.7 
1582 1 1 21 0.4 95 0 
1686 26 0.3 46 0.7 47 0.3 87 0 
1700 14 0.3 50 0.4 52 0.8 58 0.7 75 0.3 76 0 81 0 92 0.7 97 0 
1843 6 1 10 0 12 0.6 19 0 31 0 44 0.5 46 0.5 48 1 74 0 93 0.4 
2411 24 0 28 0.5 30 0.5 49 0 68 0 72 0.7 
2423 5 0.6 29 0.5 38 0.5 47 0.9 51 0.7 60 0.3 66 0 76 0 
2447 6 0.5 13 0 26 0 27 0.6 38 0.8 47 0.3 64 0.3 
2547 15 0 92 0.4 98 1 
2573 3 0 33 0.9 69 0 72 0 76 0 95 0.7 
2826 8 1 12 0.9 29 0.9 31 0.7 74 0 99 1 
2869 28 0 56 0.7 69 0 80 0.4 93 0.3 
2883 4 0.9 33 0 51 0.8 83 1 
2911 10 1 56 0.9 74 0.3 83 1 
2924 28 0.8 63 0 
2991 1 0 25 0.4 34 0.7 38 0.5 86 0.9 91 0.8 98 0.5 
3071 15 0.5 43 0 57 1 60 1 62 0.3 68 0 75 0 84 0.3 91 0.3 
3131 37 0.9 43 0.7 
3159 1 0.3 51 0 57 0.9 95 0.3 
3337 15 0.8 22 0 50 0 54 0.5 62 0.4 63 0.4 71 0.7 94 0.5 97 0.9 
3736 19 0 57 0.8 66 0.6 78 0 79 0 84 1 87 0 91 0.9 95 0.5 
3743 8 0.8 26 0.4 70 0.5 71 0 73 1 81 0.6 92 0 95 0.5 98 0.6 
3955 8 0.7 30 0.9 32 0.5 34 0.5 38 1 45 0 58 0 82 0.6 87 0.9 
4055 33 0.4 51 0 60 0.7 90 0 
4391 83 0.3 94 0 96 0.9 
4522 51 0.5 54 0 86 0.7 91 1 
4571 24 0 28 0.3 37 0.7 43 0 44 0 55 0.9 65 0 81 0 91 1 
4631 0 0.9 20 0.6 30 0 33 0.7 35 0.4 42 1 47 0 66 1 70 0.9 83 0.6 
4791 31 0.3 33 0 52 0 66 0.4 67 1 
4813 16 0 28 0.6 49 0.3 
4857 10 0.5 36 1 41 0.9 78 1 
5010 1 1 21 0 22 0 25 0.8 30 0.5 83 0.8 91 0 95 0.8 96 1 
5270 31 0.8 
5419 2 1 11 0 16 0 23 1 32 0.6 39 1 49 0.3 53 0 54 1 85 0.6 
5450 0 0.5 2 0.8 26 0.9 29 0 39 0.5 49 0 53 0.5 
5502 41 0.8 52 0 76 0.8 77 0.8 83 0 
5556 5 0.8 15 0.6 31 0 39 0 65 0 81 1 89 0.4 90 1 95 0.6 99 0 
5664 16 0.5 84 0 
5795 16 0.4 31 0.8 68 0 69 0.6 85 0.9 
5820 12 0.5 62 0.9 83 0.3 92 0.3 
5839 12 0.7 25 0 86 0.5 92 0 
5922 60 0 
5926 32 1 34 0.5 84 1 
6059 12 0 20 0.5 23 0.7 37 0.3 57 0.3 73 0 
6485 13 0 54 1 60 1 62 0.3 87 0.4 
6771 19 0 30 1 34 0 39 0.6 65 0.9 80 0.9 96 0 
6841 13 0 15 1 46 0.9 54 1 60 1 73 0.8 86 0.6 90 0.7 
6976 22 0.9 
7081 29 0.8 37 0.7 47 0 54 0.7 60 0 64 0.9 78 0.8 
7168 2 0.4 7 0 17 0 39 0.7 68 0.7 85 0 
7307 2 0 6 0 27 0.9 67 0.4 69 0.5 94 0.9 
7446 30 0 52 0 58 0.7 67 0.4 77 0.7 80 0.6 
7597 15 0.5 19 0 25 1 57 0 73 1 
7615 0 0.6 2 1 14 0 19 0.8 23 0.7 81 0.9 90 0 92 0 
7622 45 0.6 
7832 32 0.3 58 0.7 84 0.9 
7870 3 0.4 28 0 91 0.9 96 0 
7909 23 0.9 33 0.6 36 0.7 62 0.6 72 0.5 
7919 75 0.6 
8016 25 0.7 85 1 
8023 6 0.8 8 0.9 62 1 63 0.5 66 1 99 0.3 
8123 7 0 9 0 21 0.8 22 0 53 1 66 0 68 0.9 74 0.8 88 0.7 89 0.5 
8137 7 0 9 0 14 1 18 0.8 20 0.5 27 0 72 0 85 0.8 87 0.4 
8177 16 0.3 42 0.9 46 0.7 51 0.3 59 0 62 0.4 
8197 6 0.5 9 0.4 20 0.4 
8210 15 0.8 20 0 45 0 
8260 1 0 16 0 35 0 65 1 74 1 75 1 88 1 99 0.7 
8283 6 0.8 20 0.3 37 0.9 55 0.3 56 0.5 77 0 
8376 4 0.3 7 0 17 0 27 0.7 28 0.5 30 0.4 61 1 82 1 
8444 5 1 6 0.9 14 0 44 0.9 61 0 66 0.5 78 0.8 89 0.3 
8459 1 0.7 28 0.6 38 0.3 41 0 56 0.7 59 0.6 67 0 79 0 85 0 89 0.3 
8729 5 0.3 
8817 0 0.9 48 1 61 0 81 1 95 0.8 97 0.4 
8930 69 1 86 1 
9121 34 0.9 63 0 
9325 10 1 27 0.6 77 0.9 
9359 8 0 16 0.7 18 0 19 0.8 31 0 40 0.9 42 0.5 48 0 63 0.9 91 0 
9486 41 0.4 45 0.8 90 0.5 92 0.7 93 0.7 
9492 1 0.6 8 0.4 18 1 28 0.3 34 0.6 37 0 65 0 75 0.5 84 0.5 
9571 8 0.7 12 0.6 17 1 32 0.3 34 1 51 0 53 0 71 0.7 
9577 24 0.5 28 0.9 39 0 45 0.4 57 0 66 0 68 0.6 83 0.6 91 1 93 0.6 
9605 14 1 26 0 28 0.8 91 0 
9621 3 0.4 32 0.5 41 0.7 61 0 
9639 14 0 20 0.4 57 0 89 0 
9644 25 0.5 29 1 56 0.9 72 0 88 1 
9861 18 0 19 0.8 
