100
4 2 0 7 1 18 0.7 22 0.7 30 1 36 0.4 57 1 68 0.6 
43 6 0.8 20 1 26 0 35 1 41 0.4 53 0.4 77 0 84 0.8 86 0 
133 41 0.3 
204 82 0.3 96 0.5 
309 7 0 20 0 23 0.8 37 1 48 0.8 61 0.3 64 0.7 69 0.5 91 0.3 
390 6 0.8 18 0.8 54 0 58 0 59 0.8 98 0.5 
451 4 0.7 29 0.4 30 0.4 34 0 35 0 39 0.3 43 0 92 1 
704 0 0.7 24 0 83 1 85 0 87 0.6 
778 4 0.6 28 0.4 34 0.4 37 0.3 47 1 58 0 60 0 75 0.7 88 1 
946 23 0 32 0.7 35 0.7 40 0.6 61 0.6 65 0.4 75 0.6 88 0.4 89 0.9 
1026 11 0.6 17 0.5 21 0.5 42 0.8 51 0.6 66 0.5 88 0.4 90 0.6 
1079 4 0 15 0.8 22 0.3 33 0.7 59 0.7 94 0.6 
1190 9 0.7 40 0.3 69 0 
1301 12 0.3 16 0 18 0 51 0.6 53 0 57 0.5 91 0 
1390 71 0.9 
1396 14 0.3 53 0.5 64 0.7 77 0.6 84 0 
1444 11 0.5 42 0 60 0 
1568 44 0.8 48 1 
1579 0 0.5 2 0 4 0.7 46 0 
1588 0 0.8 6 0.8 25 0.5 28 0 32 0 41 0.4 56 0 73 0.5 79 0.8 89 0.7 
1621 8 0.5 87 0.3 
1685 11 0.9 
1847 2 1 21 0.4 38 0 51 0.5 83 0 
1859 13 0.9 16 0.7 41 0.6 59 1 79 1 85 0.6 
1861 15 0 
1992 25 0.8 37 0.9 
2010 3 0.3 14 0.9 29 0 38 0.9 49 0.7 68 0 73 0 74 0 86 0.8 
2042 20 0 27 0 30 1 47 0.9 77 0.8 78 0 94 0.8 
2114 2 0.9 18 0.6 53 0 57 0 77 0 89 0 95 1 
2132 9 0.7 16 0 32 1 56 0 61 0 65 0.7 80 0 81 0.8 87 0.3 
2290 14 0.5 24 0 64 0.5 
2322 10 0 15 1 25 0.5 64 0.4 90 0.8 96 0 
2444 5 0.4 10 0.4 66 0.7 75 0.6 77 0.4 83 1 88 0.8 92 0 
2535 5 0 12 0 32 0.9 43 0 57 0 67 0.5 69 0.7 76 0.8 89 0 98 0 
2696 14 0.9 24 0.4 31 0 40 0 94 0.9 
2816 50 0.7 77 0 
2930 7 0.3 19 0 37 0 65 0.5 77 0.9 81 0.6 
2939 7 0.8 28 0 35 0.8 39 0.9 53 0.6 71 0.8 74 0.8 
3043 1 0 2 0.6 8 0 60 0 70 0.5 94 0.9 
3059 40 0.9 48 0.8 62 0.7 
3065 5 0.5 8 0.3 18 0.7 30 0.8 51 0.9 54 0.4 94 0.5 
3108 66 0.8 70 0.9 94 0.6 
3215 8 1 17 0.8 27 1 52 0.8 65 0.9 71 0 75 0 90 1 97 0.3 
3309 5 0 6 0.9 37 1 43 0.7 53 0 54 0.4 57 0.5 59 0 
3372 5 1 20 0.6 21 0.8 28 0.4 44 0.6 76 0.9 88 0 99 0.8 
3531 5 0.9 10 0.7 13 0 41 0.5 69 0.9 75 0.3 79 1 93 0.3 99 0.4 
3581 10 0.5 41 0.3 93 0.5 97 0 
3586 89 1 
3980 4 0.5 21 0.9 28 0 36 0 40 0.4 49 0.4 52 0 67 1 87 0.9 
4102 6 0.5 15 0.7 18 0.6 64 0 
4110 16 0.8 18 0.8 30 0.8 37 0 60 0 63 0.8 76 0.8 79 0.5 
4204 10 0.5 36 0.6 38 0.8 56 0.3 69 0 73 0.6 76 0.8 98 0.3 
4391 83 0.6 94 0.3 96 0.5 
4479 4 0.7 44 0 76 0.7 
4575 10 0 21 0.4 29 0.6 41 0 65 0.5 85 0.6 
4744 57 0.5 65 0.5 66 0.6 
5180 2 0.8 8 0 18 0.9 
5199 24 1 33 0 74 0 88 0.6 
5347 44 0.9 67 0 89 0.9 
5411 13 0.6 14 0.4 76 0.9 79 0.7 81 0 
5568 20 0.6 51 0.7 71 0.4 84 0.8 87 0.6 96 0 
5799 31 0 46 0 54 0.6 58 0.6 63 0.3 71 0 72 0 77 0.4 98 0 
6021 14 0.7 31 0.7 43 0 68 0 90 0 
6126 6 0 12 0.5 26 0 48 0.4 52 0.8 56 0.5 73 0.9 79 0 89 0 
6238 18 0.3 63 0.8 
6429 3 0.7 
6509 15 0.7 31 0.7 47 0.3 53 0.8 66 0.3 83 0.7 98 1 
6533 4 0.6 5 0.3 60 0.4 80 0.8 
6614 9 0.8 27 0 36 1 38 0.9 61 0.4 70 0.3 75 0.8 
6685 12 0.3 80 0.4 88 0 91 1 
6697 0 0.4 8 0 25 0 38 0 58 0.4 92 0.7 98 0.8 
6725 9 0.7 18 0.7 20 0.6 39 0 42 0.4 66 0 73 0 77 0.3 81 0.5 92 0.4 
6804 6 0.3 10 0 33 0.6 36 0.7 40 0.8 47 0.5 52 0 54 0.5 74 0.7 
6916 54 0.9 55 0.9 86 0 89 0.9 
6918 2 0.4 20 0.5 26 0.8 36 1 47 0.7 56 0 60 0.8 
6930 11 0 16 0 82 1 83 0.5 99 0.9 
7458 81 0.3 
7619 14 0.5 15 0.4 42 0 55 0.8 65 0.8 70 1 84 0 96 0.3 97 1 
7717 21 0.5 71 0.6 
7924 21 0.7 30 0.4 33 0.7 
8126 8 0.6 17 0.5 45 0 48 0.4 58 0 70 0.6 73 0.8 79 0.5 87 1 95 1 
8436 13 1 
8603 33 0.6 69 0 
8640 26 0.7 
8655 9 0.5 39 0.7 46 0.9 62 0.4 86 0.3 
8673 14 0.7 54 0 69 0.4 88 0.5 
8784 27 0.5 45 1 53 0.8 91 0 98 0 
8806 99 0.6 
8817 0 0.5 48 0.3 61 0.7 81 0.8 95 0.6 97 0.6 
8825 39 1 57 0 70 0.3 73 0 89 0.3 
8903 13 1 24 0.7 30 0.6 36 0.7 65 0.5 74 0.5 78 0.5 
8930 69 0 86 0.3 
9080 46 0 
9192 4 0.3 11 0.9 23 1 29 0 61 0 63 0.3 75 0.3 
9207 45 0 55 0.6 57 0.7 73 0.9 85 0 
9215 18 0.6 26 0.7 36 0.9 40 0 45 0.4 48 0 56 0 61 0 87 0 
9332 2 0.5 7 0.9 11 0.3 14 0 18 0.9 42 1 54 0.7 67 0.3 89 0.4 99 0 
9730 26 0.8 75 0.4 99 0.9 
9864 7 0.8 34 0.4 37 0.9 47 0.5 50 0.9 72 0.9 77 0.9 85 0.6 89 0.3 93 0.4 
9916 13 0.4 29 0 42 0 52 0.5 70 0.8 83 0 84 0.4 86 0.6 99 0.4 
