100
202 21 0.4 37 0 56 0.3 64 0.3 67 0 72 0.5 75 0 83 0.4 
300 2 0.5 46 0 63 0.8 65 0.6 72 0.3 
532 4 0 74 0.3 85 0 
533 75 0.8 96 0.4 
572 0 0.7 4 1 18 0.4 38 0.9 75 0.6 
590 4 0.5 
707 0 1 4 0 5 0.6 25 0 30 0.7 34 0.9 45 0 49 0 85 0.4 91 1 
770 2 0 15 0.5 23 1 71 0.3 86 1 
1002 29 0 48 0.9 54 0.9 63 0.7 93 0.6 
1035 7 0 80 0.6 85 1 96 0 
1095 14 0.9 16 0.7 26 0 83 0.9 
1309 41 0 57 0.3 71 0 78 0.9 82 0.9 94 0.6 
1347 6 0.8 13 0 19 0.6 65 1 69 0.9 77 0.6 82 0 84 0 86 0.9 90 0.6 
1358 1 1 45 0.8 95 0.9 
1527 3 0.8 6 0.4 13 0.6 23 0 30 0 36 0.3 56 0 85 0.5 91 0.5 
1540 0 0.6 6 0.3 13 0.9 15 0.7 17 0 51 0.9 70 0.8 75 0.7 80 0.8 87 0.4 
1741 36 1 48 0.3 49 0 53 0.6 95 0.9 
1826 7 0.5 41 0.5 95 0.8 
2033 85 0.3 
2055 11 0 23 0.9 34 1 39 0 52 0.6 58 0 68 0.7 90 0.5 
2142 24 1 60 0 89 0.5 
2326 4 0.9 17 0.8 25 0.4 
2368 29 0.7 36 0 45 0.6 77 0 
2408 5 0.5 11 0 13 1 26 0.3 31 0.6 45 0 53 0.7 61 0.9 82 0.8 90 1 
2463 14 0.9 16 0.8 34 0.9 41 0.7 47 0.5 53 0.5 67 0.6 68 0.3 
2503 51 0 56 0 
2521 4 0.5 40 0 48 0.5 61 0.5 66 0.9 76 0 86 1 91 0.4 
2567 6 0.8 15 0.9 39 0 64 0 84 0.5 94 0.9 
2704 19 0.9 23 0 31 1 39 1 43 0 69 0 71 0.9 78 0.7 79 0.8 
2810 0 0 12 1 29 0 38 0.8 59 0.4 66 1 76 1 85 0.3 88 0 94 0 
2912 24 0.6 28 0.8 75 0.3 
2974 17 1 92 0 
2993 15 0 18 0.5 24 1 49 0.7 56 0 61 0 62 0.9 
3029 35 0 52 0.8 66 0.4 97 0 
3098 13 0.6 56 0 62 0.5 89 0.8 90 0.3 91 0.7 
3408 46 1 47 0.9 64 0 83 0.7 88 1 97 0.4 99 0.8 
3505 0 0.9 6 0.5 8 0.5 10 0.4 21 0.8 37 0 57 0.8 71 0.7 83 0.8 86 0.5 
3563 17 0.3 28 0.9 40 0 86 0.7 87 1 
3702 73 0.7 86 0 93 0.6 
3748 32 0 47 0.7 80 0.8 
3771 17 0.9 30 0.8 33 0.5 73 0.9 94 0 95 0.8 
3849 5 0 16 0.8 21 0 28 0 50 0.6 65 0 
3857 28 0.5 30 0 71 0.4 
3943 30 1 35 0.9 91 1 
3969 10 0.3 22 0.5 27 0 64 0.8 76 0.7 79 0.7 80 0.8 87 0.6 93 0.7 97 0.8 
4085 1 0.9 4 0.3 22 0.7 40 0 43 0 53 0.7 64 0.7 66 0 86 0 95 1 
4201 20 0.4 27 0 71 0.4 90 0.6 93 0 99 0.4 
4471 3 0.9 47 0.4 50 0.8 52 0.6 64 0.4 
4653 52 0.5 57 1 70 0 
4691 2 0.5 33 0.5 47 1 54 0.8 73 0.7 76 1 77 0 83 1 96 0.8 
4709 36 0.7 
4939 3 0.4 9 0.7 53 0.5 76 0.8 85 0.7 
4966 22 0.6 27 0.3 31 0 37 0.8 72 0 77 0.4 80 0 81 0.4 88 0.5 99 0.3 
5191 42 0.7 94 0.7 
5401 28 0.7 
5699 39 0.7 
5968 3 1 
6043 26 0.8 31 1 43 0.5 51 0.7 64 0 67 0 77 0.9 78 0.8 91 0.6 
6044 39 0.7 
6169 35 0.7 68 0.6 
6263 10 0.7 12 1 31 0.3 80 0.9 82 0 
6318 13 0 27 0.5 44 0.7 56 0.8 68 0 72 0 73 0.7 75 0.6 80 0 
6349 0 0 6 0.9 10 0.6 24 0 51 0 62 0.3 67 0.6 77 0.9 97 0.8 
6352 1 0 31 1 47 0.5 
6450 1 0.3 28 0.5 94 0 
6501 7 0.4 13 0.7 16 1 38 0.3 45 0.8 60 0.3 64 0 67 1 68 0.5 93 0.3 
6644 14 0.3 22 0 33 0.4 79 0.9 84 0.8 85 0.5 
6670 9 0 12 1 
6871 8 0 18 0.9 19 0 58 0 89 0.9 99 0.9 
6876 5 0.7 20 0.8 33 0.9 43 0.3 64 0 75 0.3 81 0.5 
6969 35 0 44 1 85 0.6 86 0 92 0.4 
7244 7 0.3 8 0.7 18 0 19 0 39 1 43 0.9 45 0 57 0 64 0.3 99 0.3 
7278 7 0.5 24 0.8 37 0.3 38 0.4 54 0.8 56 0 59 1 87 0 88 0.7 92 0.5 
7569 6 0.8 9 1 13 0.8 18 0 38 0.5 48 0.6 
7623 8 0 28 0.5 33 0 42 0.5 57 0.9 80 1 
7657 6 0.8 42 0.7 43 0 45 0.7 53 0.4 57 0 60 0 67 0 84 0.5 
7725 10 0.6 34 0.7 54 0.6 65 1 83 0.9 
7778 8 0.5 30 0.8 54 0.5 69 0 70 0 90 0 92 0.5 
7787 50 0.3 66 0.9 83 0.5 
7807 6 0.8 23 0.8 52 0.9 70 0.6 95 0 
7809 5 0.8 15 0.5 50 0 70 0.5 
7815 2 0 28 0.7 
8063 91 0.9 
8077 11 0 40 0 49 1 57 0.9 69 0.5 71 0.9 74 0.9 
8199 0 0.3 8 0.6 40 1 77 0.5 83 0.7 
8206 10 0 13 0.3 14 1 54 0 97 0.7 
8416 9 0 14 0 80 0.5 
8467 2 0 13 0.5 38 0 40 0 46 1 51 0 61 0.7 68 0 79 0.5 87 0.5 
8524 13 1 23 0.9 35 1 41 0.7 47 0.5 55 0 64 0.7 80 0 89 0.9 
8626 26 0.3 56 0.3 80 0.5 93 0.8 
8724 16 0.8 62 0.6 94 0 
8827 20 0.6 21 0 24 0.8 36 0 49 0 59 0.3 65 1 
8870 3 0 30 1 57 0 62 0.7 76 0.9 77 0.8 80 0.5 85 0.3 91 1 98 0.5 
8878 4 0.9 5 0.7 25 0.9 36 1 42 0 43 1 80 0.4 82 1 89 0.7 90 0 
8997 38 0.9 82 0 
9172 23 0.8 25 0.6 31 0.4 46 0.8 56 0.4 59 0.5 71 0 77 0.7 
9295 3 0 
9691 10 0.9 13 0 14 0.8 16 0 36 0.6 43 0 52 0.3 85 0.5 87 0.5 
9738 27 0.3 46 0 94 0.6 
9945 6 0 22 0.6 26 0.7 43 0 75 0 
