100
8 11 0 29 0.7 41 0.8 78 0 88 0.4 
45 12 0.5 49 0.4 
113 9 0.6 37 0.4 54 0.6 73 0 74 0 75 0 
139 0 0.4 10 0.4 28 0.7 30 0.5 45 0 47 0.3 58 0.3 69 0.6 92 0.8 
169 10 0.8 54 0.8 69 0.9 
172 6 0.6 13 0.5 25 0.8 54 0 58 0.3 87 0 90 0.9 96 0.7 
176 40 0 
185 9 0 13 0 17 0.6 19 0.7 30 0 32 0.5 35 0.9 58 0.4 83 0 88 0 
229 18 0.6 20 0 23 0 29 0.8 30 0.7 35 0 39 0 51 0.3 72 0.8 
522 11 0 34 0.6 53 0.5 67 0.8 
647 21 0.6 33 0.7 75 0 91 0.4 
930 11 0.4 14 0.4 16 0 40 0.6 42 0.6 76 0 77 0 88 0.7 
1168 4 0.4 10 0 24 0.3 39 1 66 1 74 0.8 83 0.3 87 0.7 88 0 95 0 
1214 10 0 17 0 32 0.9 58 0.6 68 0 79 0 
1283 0 0.7 6 0 52 0.4 55 0.9 63 0.8 96 1 
1330 24 0.5 48 0.3 52 0.8 60 1 62 0.9 
1374 3 0.7 8 0 99 0 
1451 15 1 37 1 
1579 0 0 2 0.4 4 0.3 46 0.7 
1715 13 0.9 45 0.7 98 0.9 
1720 20 0 37 0.5 63 0 96 0.6 
1756 11 0 42 0 52 0.5 60 0.3 80 0.3 89 0.5 93 0.3 98 0.7 
1778 29 1 40 0 98 0 
1914 2 0 24 0.7 56 1 67 0.4 69 0.6 
1997 42 0.6 60 0.8 
2054 36 0 58 0 78 0 
2086 12 0.4 16 0 25 0.3 31 0.6 73 0.7 89 0.5 98 0.9 
2091 4 0.8 18 0.8 45 0.4 50 0.5 55 0.4 59 1 
2176 17 0 31 1 45 0.5 69 0.7 72 0.4 88 0.9 92 0 
2248 8 0.4 22 0.6 23 0 25 0 31 0.5 69 1 75 0.9 79 0 
2525 0 0.4 39 0.4 
2795 13 0 38 0 48 1 49 0.5 55 0.3 71 0.6 75 0 84 0.7 
2816 50 0.8 77 0 
2851 12 0.4 67 0 70 0.3 87 1 92 0.8 94 0.6 99 0 
2859 5 0.5 10 0.4 44 0.7 50 0 85 0.4 
3019 14 0.5 16 0 27 0 35 0.3 37 0.9 39 0.6 60 0.8 62 0 74 0.4 81 0 
3132 5 1 16 0.6 40 0.3 74 0.6 91 0.5 
3154 38 0 47 0.6 73 0.4 84 0 
3270 4 0.3 5 0 8 0.3 37 0 93 0.7 95 0 
3306 1 0.9 20 0.9 27 1 31 1 45 0 54 0.3 60 0.5 81 0 86 0.5 
3434 14 0.8 
3470 13 0 26 0.9 35 0 50 0.8 52 0 70 1 78 0.5 95 0.9 
3621 33 0.8 42 0.4 47 1 62 0.9 75 0 
3964 3 0 10 0.3 28 0 34 0.6 41 0.9 62 0.5 
4170 14 0 15 0.5 27 0.5 58 0.9 
4173 3 0.8 14 0.7 56 0.7 67 0 80 0.5 
4257 17 0.5 19 0 54 0.3 69 0.4 85 0 
4303 40 0 
4436 8 0.7 17 0 28 0.6 34 0.5 52 1 53 0.7 60 1 62 0 90 0.5 
4443 27 0 28 0.9 42 0.8 52 0 53 0.8 55 0.8 64 0 68 0.8 81 0 89 0.4 
4455 34 0.6 40 0.4 56 0.3 68 0.6 94 0 
4522 51 0.4 54 0.4 86 1 91 0.8 
4580 5 0.4 11 0.3 27 1 48 0.5 49 0.7 69 0.6 71 0.3 80 0.4 82 0.7 
4870 17 0 25 0.4 52 0.7 54 1 66 1 67 0 72 0 81 0 83 0 
4967 5 0.4 17 0.9 31 0.4 35 0.8 39 1 42 0.4 51 0 
5101 7 0 59 0.3 65 0.8 66 0.8 70 0.4 74 0 93 0 
5161 41 1 78 0.7 
5306 31 0 
5346 7 0 11 0 31 0 60 0.8 
5358 29 0.4 31 1 46 0 68 0 82 1 86 0.6 94 0.9 
5382 23 0.6 32 0.7 43 0 50 0 61 0 63 0 64 0.9 88 0.7 90 0 
5663 17 0.3 20 0 38 0 46 0.7 88 0.3 98 1 
5790 22 0 66 0.5 74 0 92 0.3 
6067 26 0.5 29 0.4 75 0 85 0 89 0.4 
6124 11 0.5 13 0 38 0.3 70 0.4 92 0.6 93 0 
6268 1 0.8 5 0 53 0.6 68 0.4 81 1 
6412 27 0.3 64 0.6 92 0 
6644 14 0.9 22 0.3 33 0.7 79 0.9 84 0 85 0 
6684 7 0 19 0.4 29 0.6 31 0.5 74 0.9 77 0.4 
6708 0 1 12 0.7 21 0 34 0.3 46 0.5 54 0.7 57 1 
6784 8 0 11 0.6 13 1 23 0.9 58 0.8 74 0 77 0.9 80 0.6 86 0.4 
6796 4 0 33 0 70 0 
7083 10 0 20 0.3 55 0.9 69 0.3 75 0.5 88 0.5 90 0.4 97 0.4 
7092 8 0 10 0.9 16 1 47 1 51 0.5 55 0.8 96 0.7 
7111 10 0.9 11 0 22 0 26 0.4 43 0.8 80 0.4 85 0.6 
7256 1 0.5 5 1 6 1 61 0.7 64 0.3 96 0 
7420 19 0.5 76 0.4 88 1 97 0.3 
7539 10 1 20 0.3 52 0.5 78 0.8 99 1 
7570 4 0 23 0 26 0 27 0 39 0.7 
7636 26 0.4 58 0.5 71 0 
7661 44 0.7 74 0 81 0 
7730 4 0.9 8 0.4 41 0 
8157 1 0 7 1 
8280 1 0.6 9 0 26 0 29 0.4 33 0 38 0 66 0.7 82 0.8 
8336 19 0 28 0 70 0.6 92 0.5 
8398 47 0.3 58 0 72 0.7 
8448 64 1 
8549 0 0.7 2 0.6 14 1 16 0.5 27 0.7 51 0.3 67 0 72 1 83 1 
8674 3 0.5 4 0.3 55 0 65 0 90 0.4 
8766 7 0.8 9 0.7 15 0.9 37 0.8 44 0 52 0.5 55 0.9 58 0 77 0.7 94 0 
8779 10 0.4 14 0.3 24 0.3 25 0.9 35 0.8 37 0.4 55 0.5 84 0 87 0 
9081 8 0.8 16 0.3 23 0.6 27 0.4 33 0.7 47 0.5 61 0 88 1 96 0.8 
9346 12 0.9 37 0 47 0.5 61 0 72 0.8 78 0.9 85 0 86 1 
9435 46 0.3 
9437 44 0 68 0.6 
9474 4 0.7 26 0 36 0.7 51 0.9 89 0.9 94 1 
9734 9 0 73 0.5 
9780 8 0 50 0 69 0.9 95 0.6 
9797 8 0.4 9 0.7 21 0.5 24 0.8 40 0.7 70 0 79 0 
9985 8 0.5 18 0 27 0 45 0.7 56 0.3 64 0.6 65 0.6 66 0.5 72 0.3 
