100
51 48 0.3 51 0.3 56 0.9 57 1 63 0 85 0.7 92 0.4 
53 58 0.8 84 0 
63 0 0.4 8 0.7 17 0.6 20 0.5 49 0 73 0 95 0.4 97 1 
107 0 0 15 0.4 33 0.8 42 0.3 70 0.5 79 0.5 80 0.5 91 0 
117 1 0 19 1 47 0 70 0 77 0.8 83 0.8 88 0.9 96 0.6 97 0.5 
130 13 0 23 1 26 0.4 53 0 69 0 76 0 
224 25 0.3 28 0.3 46 0.9 61 0.7 67 0 70 0 75 0 85 0.7 89 0.8 
339 33 0.8 43 1 74 0.9 84 0.6 
385 38 0.6 
425 27 0.3 38 0.8 39 0 
434 16 0.9 19 0.9 26 0 53 0 70 1 71 1 74 1 87 0.4 94 0 
514 10 0 17 0.9 19 0.4 28 0.7 30 0.8 43 0.7 48 0.4 75 1 78 0.6 96 0 
667 27 0 85 0 
697 37 0.3 57 0.9 
828 0 1 7 0.9 24 0.6 31 0.8 34 1 51 0.7 68 0 78 0 86 0 92 0.7 
957 3 0.3 49 0.5 50 0 82 0.9 86 0.9 
1198 12 0.4 37 0.9 53 0.8 54 0.5 58 1 81 0.6 82 1 93 0 
1264 11 0 27 0 71 1 87 0.7 
1274 11 0.9 37 1 49 0.7 59 0.9 69 0 84 0.3 93 0.8 
1293 8 0.8 26 0.3 45 0.3 49 0 51 0.7 80 0 95 0.7 
1363 21 0 77 0.5 
1535 4 0.6 41 0.6 47 1 63 0 65 0 70 0.3 75 0.8 
1546 15 0.8 22 0 29 0.8 98 0.3 
1617 30 0.6 31 0.5 59 0.6 61 0.4 67 0.5 68 0.7 85 0 
2040 59 1 63 0 65 0.9 91 0.5 98 0.4 
2182 7 0.8 13 0 19 0.7 27 0.5 34 0.5 78 0.5 83 0.4 90 0.7 
2202 47 1 
2287 3 0.9 9 0.3 15 0.7 71 0 
2365 84 0 87 0.8 89 0.4 97 1 
2372 0 0.8 13 0.3 16 0.5 28 0.5 34 0 37 0.7 50 0 62 0 78 0.5 84 0.6 
2393 4 0 11 0.3 12 0.7 18 0.9 41 0 54 0.3 59 0 74 0.6 76 0.3 91 0.8 
2601 14 0.4 30 0.7 38 0 39 1 47 0.3 52 0.5 72 0.4 90 1 99 0.3 
2718 46 0 92 0 
3001 6 0.5 19 0 30 0.8 32 0.5 43 0.8 51 0 53 0.5 57 0.8 61 0 95 0 
3074 6 0.8 12 0 20 0.7 23 1 45 0.8 53 0.5 60 0.7 79 0 
3227 1 0.7 21 0 29 1 52 0 53 0.5 76 0.7 
3282 27 0.4 38 0 66 0.6 90 0.3 97 0 98 0.6 
3363 32 0.3 44 0 48 0.6 56 0.6 64 1 69 0.5 86 0.4 98 0.4 
3629 5 0.9 39 0 45 0.6 65 0.6 66 0.9 71 0.8 83 0.3 
3633 26 0.9 47 0.5 56 0 
3780 12 0 32 0.4 36 0 65 0 72 0.4 87 0 
4159 13 1 18 0 26 0 34 0.3 61 0.3 
4257 17 0.8 19 0.5 54 0 69 0.7 85 0.4 
4291 24 0 
4314 28 0.5 66 0.3 
4430 15 0 25 0.5 33 0.7 50 1 57 1 68 0.5 72 0.6 77 0.6 79 0.5 93 0 
4504 26 0.5 52 0 81 0.5 97 0.8 
4570 0 0.6 5 0 21 0.7 56 1 60 0 69 0.7 72 1 84 0.6 97 0.8 
4579 10 1 21 0 30 0 40 0 53 0.7 65 0.7 77 0 
4650 21 0.6 25 0.6 82 0.4 
4689 19 0 24 0 35 0.5 56 1 71 0 
4775 14 0.6 32 0.7 38 0.3 43 1 61 0.4 63 1 65 1 94 1 99 0 
4793 31 0.9 55 0.3 
4844 6 0 31 1 53 0.7 57 0.6 84 0.9 85 0 
4858 14 0 41 0.3 51 0 53 0.5 61 0.7 69 0.7 82 0.9 85 0.9 
4877 33 0.4 65 0 67 0.7 81 0 92 0 
4997 1 0 4 0 7 0.7 9 0.3 23 0.9 46 0.3 61 1 67 0.3 98 0 
5058 59 0.6 85 0.7 86 0.3 
5062 0 0.3 21 0.7 30 0 48 0 90 0 
5122 9 0 14 0 15 0.3 63 0.8 68 0.9 71 0.7 77 0.8 82 0 
5155 51 0.7 57 0.4 81 0.4 
5194 4 0 8 0 65 0 82 0 86 0.5 
5214 40 0.7 56 0.6 
5338 0 1 20 1 33 0 57 0 74 0.5 89 1 
5639 20 0.9 29 0.9 30 1 66 1 72 0.6 
5679 0 0.5 34 0.9 68 0.5 71 0.4 75 0 80 0 
5946 2 0.7 4 0.3 55 0.8 77 0.8 79 0.3 90 0.8 
6054 6 0.6 26 0 31 0 40 0.3 81 0.6 85 1 
6122 4 0 34 0.4 58 1 63 0.5 72 0.8 74 0.9 79 1 82 0.7 94 0.3 
6198 32 0.6 36 0.8 51 0.8 84 0.6 
6232 6 0.8 15 0 52 0.8 57 0.5 74 0.8 84 0.7 92 0.9 
6298 5 1 36 1 57 0 84 0.8 96 0 
6650 0 1 17 1 19 0.4 
6704 22 0.8 33 0.4 51 0.9 85 0.7 
6849 69 0.5 90 0.3 
6892 38 0 51 0 61 0.7 64 1 70 0.6 72 0.5 80 0 90 0.4 
6987 95 0.5 
7015 0 0.6 4 0 34 0.3 53 0.6 55 0.9 57 1 62 0.5 70 0 90 0.4 99 0.9 
7047 28 0.3 34 0 58 0 67 0 81 0.4 85 0.4 89 0.8 91 0 
7172 47 0 48 0.8 80 0.3 
7210 16 0.3 29 0.7 65 0.7 
7258 2 0.6 9 0.5 33 0.8 42 0.5 65 0.7 77 0 84 0.5 
7289 40 0.4 87 0 
7306 24 0 31 0.4 37 0 54 0 66 0.8 68 0 81 0.5 87 0 
7589 16 0.4 34 0.8 38 0 45 0.5 68 0.6 98 0 
7775 10 0.9 40 0.9 69 0.4 
7794 0 0.4 2 0 28 0.6 67 0.8 93 0.4 
8000 5 0.8 50 0.5 74 0.4 
8029 14 1 16 0.6 31 0.3 49 0.3 58 0.5 60 0.3 
8316 10 0.4 21 0.7 29 0 68 0.7 78 0.6 92 0.3 
8392 60 0 
8439 31 0.8 33 0.6 70 0.7 94 0 
8685 3 1 7 0 26 0.4 42 0.4 68 0.6 76 0.8 90 0.7 97 0.8 
8803 25 0 
9095 19 0.4 36 0.7 38 0 40 0.6 51 0.3 67 0.3 69 0 85 0.5 90 0 
9164 26 0.9 53 0.6 55 0.9 61 0.5 
9302 1 0.8 6 0 44 0.9 45 0.4 56 0.9 71 0 79 0 86 0.5 94 0.7 
9307 21 0 22 0.7 28 0.3 39 0.7 53 0.7 62 0 74 0.9 79 0.3 80 0 
9616 3 0.9 9 0 12 0 14 0.8 19 0.5 41 0.6 85 0.4 96 0.4 
9709 11 0.7 29 0.7 41 0 43 0.9 47 0.3 
