100
53 58 0.9 84 0.7 
96 0 0 2 0 37 0.9 53 0 68 0.6 
145 61 0.5 
332 74 1 
396 7 0.5 26 0.3 46 0.5 51 0.3 56 0.6 58 0.7 63 0 64 0.7 92 0.7 
502 3 0.8 5 0 11 0.7 18 0 33 0 55 0.7 89 0 
504 68 0.9 
683 8 0.3 19 0.9 21 0.3 26 0.6 33 0.5 41 0.4 54 0.4 67 0.9 83 0.9 
820 15 0.4 50 1 55 0.4 95 0 
859 4 0.3 22 0.5 75 0.5 76 0.4 
904 19 0.6 28 0.6 50 0.4 52 0 58 0 97 0 
947 2 0 17 0 40 0 44 0 66 0.4 69 0.7 70 0 74 0.3 79 0.4 
1119 34 0 35 0.6 87 0.3 
1239 20 0 26 0.5 40 0.8 74 0 95 0 
1250 9 0.5 13 0.4 24 0.7 25 0 60 0 61 0.9 72 0.6 87 0.5 90 1 
1342 4 0.5 33 0.3 64 0.3 99 0 
1420 12 0.4 
1445 30 0.8 48 0 
1450 8 0.4 11 1 46 1 48 0.8 56 0 60 1 62 0.7 68 0.6 71 0.8 
1461 35 0.5 37 0 41 0 45 0.8 58 0.9 75 0.4 77 0.8 
1741 36 0.9 48 0.6 49 0 53 0.6 95 0.9 
1845 20 0.5 42 0 72 0.6 89 0.7 
1892 8 0.5 13 0.6 32 0.9 61 0.6 64 0.9 71 0.6 79 0.6 85 1 91 0.3 96 0 
1985 5 0 16 0.3 43 0 49 0 67 0 98 0.4 
1998 15 0.5 
2103 21 0.8 23 0 34 0.9 36 0.8 40 0 99 0 
2120 7 0 42 0 60 0 79 0.3 
2227 36 0.9 66 0.9 68 0.3 93 0.4 
2269 72 0.8 78 1 
2339 55 1 
2440 57 0.6 
2452 17 0.9 22 0.6 41 0.7 48 0 59 0.5 63 0 66 0.6 86 0.3 96 1 
2485 1 1 56 0.5 59 0 63 0 
2526 1 0 6 0.8 28 0.5 34 0 38 0.9 43 0.8 58 1 90 0 
2648 10 0 30 0.3 39 0.6 46 0.7 51 1 66 0 76 0.8 80 0.7 
2662 3 0 25 0 42 0.5 43 0.5 63 0 73 0.9 88 0.7 
2812 20 0.5 46 0.7 
2949 90 1 94 0.4 96 0 
3221 17 0.4 62 0.6 66 0.3 90 0.8 
3242 28 0.8 91 0.5 
3303 13 0.9 30 1 36 0.9 47 0.8 67 0.6 83 0 86 0.9 
3653 0 0.8 17 0.8 21 0.7 24 0.4 38 0.6 92 0.5 93 0 96 0.4 
3662 18 0.6 40 0.7 54 0.6 63 0.9 
3698 20 0.8 26 0.6 61 0.3 86 0 87 0.4 94 0 
3811 17 0.7 61 0.7 67 0.3 87 1 
3891 22 0 27 0.6 46 0.5 49 0.4 63 0.4 
3927 4 0 12 0.6 34 0.6 58 0.8 64 0.3 70 1 85 0.9 86 0 91 0.5 
4109 23 0 26 0.9 28 0.6 32 0.8 44 1 54 0.4 90 0.3 
4151 9 1 45 0.3 
4164 17 0.6 28 0.9 32 0.4 50 0.5 67 0.8 72 0 79 0.6 83 0.9 
4319 88 0.8 
4638 13 0.8 38 0.5 83 0.3 94 0 97 0.6 98 0.7 
4770 42 0.8 
4833 20 0.6 24 0.4 38 0.7 90 0.4 93 0.7 99 0 
5141 7 0.6 18 1 70 0.3 73 0.5 86 0.7 97 0.5 
5153 74 0 75 0.4 76 0.8 94 0 98 0.6 
5374 2 0.4 
5478 10 0.9 20 0.8 43 0.4 57 0 69 0.6 77 0 93 1 
5530 3 0 38 0 49 0.7 63 0.4 72 0 93 0.7 
5603 19 0 36 0.7 44 1 91 0.9 
5787 9 0.7 
5827 23 0.4 25 0.6 28 0.7 32 0.8 37 0.4 50 0.5 51 0 71 0.4 
6015 0 0.9 7 0.8 14 0.5 49 0.5 61 0.5 66 0.5 72 0 77 0.8 98 0.9 
6194 18 1 19 0.3 32 0.9 36 0.7 37 0.7 42 0 47 0.4 66 0.9 74 1 94 0.8 
6326 39 0 60 0 82 0.8 84 1 
6355 82 0.5 89 0.6 
6375 11 0 23 0.4 36 0.9 40 1 44 0.9 74 0.3 78 0.3 83 0 
6708 0 0.9 12 0.5 21 0 34 0.6 46 0 54 0.7 57 0.4 
6880 39 0.7 57 0.7 66 1 76 0.9 94 0.6 
7153 30 0.3 44 0.3 56 0.4 65 0.6 86 0.4 
7257 3 0 23 0 51 1 52 0.5 97 0 
7294 42 0.6 63 0.7 88 0.4 
7322 3 0.5 4 0 9 0 16 0.3 20 0.3 30 0.3 40 0.8 70 0.3 86 1 92 0.6 
7419 10 0.4 13 0.4 62 0 77 0.5 80 0 81 0.5 
7434 2 0 84 0 90 0 96 0 
7617 53 0 90 0.7 93 0.3 97 0.9 
7623 8 0.8 28 0.7 33 1 42 0.9 57 1 80 0 
7659 35 0.7 44 1 54 0.6 56 0 60 0.3 74 0.5 80 0 86 0 
7660 1 0.5 5 0 30 0.9 35 0.8 41 0.7 
7685 65 0 
7690 10 0.5 16 0.8 27 0 56 0 75 0.4 
7820 14 0.5 28 0 30 0.8 43 1 51 0 58 0.5 68 0.5 71 0.4 
7869 4 0 25 0 26 0.3 51 0.7 55 0.5 66 0.5 95 1 
7890 8 0.5 38 0.6 56 0.8 86 1 
8167 3 0 29 0.3 32 0.4 51 0.7 89 0.6 
8176 8 0.3 20 0.4 24 0.9 60 0.7 74 0.3 78 0.3 89 0.4 92 1 95 0 
8334 14 1 19 1 28 0.7 29 0.3 44 0.4 47 0.5 63 1 88 0 91 0.3 94 0 
8362 32 1 66 0.4 70 0.8 74 0.6 76 0.4 95 0.6 
8398 47 0.4 58 1 72 0.9 
8458 9 0.5 12 0 20 0.8 21 0.9 33 0.5 48 0.7 54 0.3 87 0.7 
8682 5 0.4 8 0 30 0.8 45 1 73 0.7 99 0.9 
8993 33 0.4 50 0.5 78 0 79 0.9 
9139 6 0.5 14 0 22 0.6 49 0.7 52 1 60 0.9 62 0.7 67 0.6 90 0.9 92 0.5 
9193 2 0.3 95 0 
9535 25 0.6 
9662 9 0.7 24 0.7 36 0.9 43 0.3 60 0.3 74 0 75 0.9 84 1 97 0.3 
9785 31 0 51 0.7 53 0.6 58 0 64 1 66 0.4 71 0 92 1 94 1 
9924 7 0.9 11 0.5 41 0 45 0.4 72 1 97 0.5 
9965 77 0 88 0.5 
9988 15 1 17 0.4 22 0.8 42 0.6 77 0.9 
