100
13 50 1 
287 12 0.6 18 0 25 0.4 37 0 45 0.6 52 1 53 0 66 0.3 73 0.4 98 0.7 
355 4 0 5 0.4 14 0.5 29 0.9 42 0 56 0.6 60 0.9 73 1 77 0.8 
397 17 0 30 0 61 0.6 85 1 94 0 95 0 96 0.6 
424 13 0.4 26 0.9 38 0.4 54 0.8 68 0 76 0.8 98 0.7 
463 15 0 27 0.3 38 0.3 53 0 61 0 65 0 67 1 93 0.5 
507 9 1 27 1 
550 36 0.8 64 0.9 86 0.5 
696 16 0.3 33 1 58 0.3 75 0.8 96 0 
792 99 1 
895 0 0.8 7 0.4 12 0 46 0.8 91 0 
1061 8 0.3 19 0 21 0.6 34 0 35 0.8 52 0.6 60 0 65 0.5 72 0.4 74 0.4 
1111 55 0.5 
1148 1 0 4 0 20 1 24 0.7 29 0.3 33 1 79 1 93 0 94 1 99 0.3 
1151 53 0.6 
1189 1 0.9 5 0.3 10 0.5 37 0.9 41 0.6 78 0.9 
1193 4 0 6 0.5 18 0.6 75 0.4 88 0 89 0.8 97 0.7 99 0 
1247 7 0.8 12 0 26 0.4 43 0.6 54 0 70 0.7 72 0.9 88 0.7 
1277 1 0.8 38 0.8 82 0.6 
1328 2 0.9 7 0 13 0.4 36 0.5 38 0.8 40 0.5 55 1 63 0.5 71 0 91 0.7 
1344 25 0 33 0.6 40 0.4 64 0 86 0.3 96 0.5 
1362 2 0.6 18 0.7 23 0.6 37 0.7 38 0.4 39 0.4 56 0 67 0.7 88 0 98 0.9 
1502 67 0 
1555 72 0 
1581 0 0.6 4 0 13 0.8 41 1 56 0.3 60 0 90 0 
1583 4 0.4 19 0.9 35 0.9 37 0 65 0 69 0.9 80 0.5 
1754 15 0 25 0 31 0.8 32 0.7 82 0.7 
1779 19 0 22 0.3 25 0.4 30 0 39 0.3 48 0.9 53 0.5 81 0.6 99 1 
1876 6 1 27 0.8 44 0.4 81 0.8 
1894 51 0.4 63 0 65 1 70 0 93 0 
2012 2 0.9 7 0.8 8 0.5 25 0.6 28 0 58 0.8 63 0.8 89 0 
2173 28 0 36 0.9 71 0.9 98 0.5 
2265 8 0.7 32 0.8 49 0.5 72 1 96 0.5 
2401 2 0.4 41 0 57 0.8 81 0 83 0 
2419 14 0 24 0.4 38 0.8 59 0.4 64 1 
2447 6 0.8 13 0 26 0.5 27 0.9 38 0.9 47 1 64 0.8 
2558 8 0 13 1 26 0 56 0.7 57 0.6 60 0.4 71 0.7 72 0.3 94 0 
2584 25 0.4 62 0.8 89 0.7 
2721 3 0.4 42 1 64 0.9 77 0 87 0.5 91 0.4 96 1 
2923 46 0.8 70 0.7 
2996 35 0 76 0.9 87 0 93 0.3 
3020 2 0.6 4 0.8 13 0.5 19 0 29 0.3 37 1 48 0.7 55 0 92 0.9 
3193 11 0 21 0.7 34 0.5 71 0.8 75 0.8 82 0.9 88 0 
3234 7 0 12 0.9 29 0.5 52 0.3 82 0 86 0.5 
3365 12 0 19 0.7 26 0.5 71 0.9 79 0.8 80 0.5 
3571 9 0.8 46 0.9 61 0.9 64 0 70 0.9 79 0.5 89 0 
3789 36 0 72 0.6 
3901 8 0 9 0 10 0.8 22 0.6 31 0.5 46 0 50 0 61 1 75 0 78 0 
4016 39 0 72 0 94 0.3 97 1 
4369 15 1 18 0 38 0.4 84 1 
4414 33 0.4 53 0.8 67 0.9 84 0 
4428 6 0 21 0.3 49 0.3 62 0.9 69 0.9 75 0.8 
4673 12 0 
4684 39 1 57 0.4 75 0 77 0.8 85 0 
4712 1 0.6 12 0.7 36 0 38 1 40 0.5 60 1 62 0.3 75 0 95 0.3 
4751 25 0.9 
4812 28 0.4 52 0.4 62 0 
5349 78 0.3 
5435 34 0.9 48 0.6 49 0.3 54 0.4 
5438 52 0.6 55 0.9 59 0.9 
5826 42 0 50 0.7 64 0.3 75 0.3 82 0 
5873 7 0 30 0.4 51 0.7 60 1 85 0.8 
6294 23 0.8 43 0 47 0.6 64 0.3 87 0.4 91 0.6 98 0.5 
6305 23 0.7 30 0.8 32 0.3 48 0.7 50 0.4 
6377 26 0.6 73 0.9 
6381 41 1 74 0.4 91 0.5 
6396 27 1 39 0.8 
6426 81 0 94 0.3 
6597 8 0 12 0 34 0 52 0.3 
6825 10 0.4 34 0 39 1 81 0 84 1 
6913 20 0 47 0 54 1 88 0.5 
6953 0 0.4 6 0.7 17 0.3 18 0.4 22 0 29 0.4 47 0 74 0.6 94 0.5 98 0.3 
7007 8 0.5 10 1 20 0.7 80 0.3 
7053 2 0.5 15 0.4 32 0 35 0.4 50 0.3 61 0 75 0.6 80 1 81 0 95 0.7 
7070 4 0 13 0.5 15 0.3 17 0.4 27 0.7 41 0 84 0.4 
7188 1 0.7 9 0 25 0.9 41 0 65 0 73 0.3 74 0.6 84 0 85 0 
7414 4 0.3 5 1 16 0 35 0.4 44 0 69 0.8 73 0.9 74 0.3 99 0.4 
7584 5 0 67 0 89 1 91 0.9 
7694 41 1 67 0.8 83 0.4 95 0 
7700 24 0 33 0.5 37 1 84 0.6 
7757 2 1 5 0 10 0 25 0 73 0.5 
7893 2 0 7 0 14 0.7 27 1 40 0.3 
7929 43 0 
7965 10 0.4 25 0 29 0 34 0.6 36 0.6 46 0.9 71 0.7 81 0 96 0.4 
8006 67 0 71 0.3 84 0.7 88 0.3 
8037 6 0 24 0.4 30 0.3 42 0.7 45 0.6 52 0.8 71 0.9 
8579 42 0 72 0.8 94 0.9 
8743 8 0 29 0 32 0.7 81 0 94 0.8 
8754 18 0 27 0.4 32 0.6 33 0.8 57 0.4 72 0.3 
8859 43 0.3 47 0.7 52 0 53 0 68 1 74 0.4 
9010 10 0.4 13 0 42 0 53 0 73 1 87 0.9 91 0.9 
9080 46 0.8 
9178 45 0 67 0.9 
9317 60 0.9 62 0.4 68 0 97 0.6 99 0.3 
9379 19 0 
9513 3 0.5 16 1 30 0.6 34 0.4 37 0.8 38 0.5 58 0.9 61 0.9 63 1 
9686 3 0 62 0.7 
9798 5 1 7 0 15 0.4 29 0.7 31 0.9 34 0.8 64 1 66 0.6 75 0.6 
9824 5 0.6 12 0.9 17 0.3 28 1 30 0.4 62 1 74 0.5 80 0 83 0 94 0.8 
9950 28 0.3 50 0.3 97 0.6 
