100
20 1 0.8 15 1 22 0.4 30 0.8 36 0 43 1 77 0.3 82 0.8 85 0.5 91 1 
30 8 0.3 16 0.4 18 0.5 20 1 30 0.6 53 0.9 64 1 79 0 84 0 
73 28 0 84 0.6 
265 2 0.8 35 0.8 88 0.6 91 0 
342 6 0.8 19 0.3 26 0 33 0 52 0.8 81 0 
400 15 0 22 0.9 40 0 72 1 84 0.3 99 0 
403 74 0 
555 25 0 57 0 
739 0 0.3 40 0.7 42 0.8 48 0 53 0 66 0.9 70 0 73 0 99 0.6 
885 53 0 75 0.9 82 0.9 
961 4 0.6 59 0 76 0.6 82 0.9 84 0 
1062 2 0.6 29 1 
1083 9 0.6 11 0.5 50 0.9 53 0 74 0 82 0.6 99 0.9 
1198 12 0.3 37 0 53 0.5 54 0.6 58 0.6 81 0 82 0 93 0.9 
1424 27 0.4 75 0.4 76 0.4 
1553 10 0.6 23 0 63 0.8 66 0.6 78 0.3 
1570 21 0.6 88 0.5 
1598 56 0.8 82 0 
1698 5 0.7 8 0.3 14 0.6 52 0 67 0.9 86 0.6 
1786 10 0.5 15 0.9 21 1 
1922 20 0.8 40 0.3 49 0.6 55 0.3 56 0.5 82 0.8 
2028 8 1 27 0.5 28 0.6 41 0 66 0.7 69 0.8 87 0.3 
2081 6 0.8 9 0.4 39 0.8 64 0.3 69 0.7 92 0 
2125 13 0.8 33 0.5 55 1 76 0.9 83 0.6 
2263 18 0.6 24 0.5 31 0.5 44 0.7 87 0.9 
2450 84 0.4 88 0.8 
2452 17 0 22 0.3 41 0.3 48 0.5 59 0.6 63 0.4 66 0 86 0.8 96 0 
2460 22 0 28 0.7 38 0.9 41 0.8 45 0 48 0.3 81 0 97 0.5 98 0 99 0.6 
2734 15 0.4 17 1 19 0.8 51 0.7 52 0.7 70 0.8 84 0 
2802 57 0.8 72 0.8 78 0.8 84 0 
2893 6 0.6 60 0.7 97 0.9 
3184 5 0 13 0.5 20 0 
3784 31 0 39 0 60 0 89 0 95 0 
3792 18 0 24 0.3 79 0 
3793 3 0 19 0.7 39 0 66 0.4 73 1 88 0.6 96 0.7 
3883 30 0 48 1 73 0.3 81 0.6 
3957 3 0.4 18 0 19 0 51 0.3 56 0 59 0 61 0.5 89 0 
4142 17 0.7 47 0 54 0 62 1 76 0.4 
4212 15 0.5 22 0.4 23 0.6 24 0 25 0.5 40 0.4 46 0 56 0 74 0 96 0 
4231 25 0.7 36 0.6 39 0.7 76 0 92 0.3 
4327 0 0.4 14 0.3 15 0 62 0.7 71 0.8 77 0.4 87 0.4 97 0.9 
4479 4 0.3 44 0.3 76 0.9 
4834 1 0 9 0.7 20 0.4 28 0.3 31 0 48 1 50 0 74 0 78 1 88 0.3 
4978 3 0 14 0.9 26 0.3 43 0 47 0.3 48 0.8 60 0.9 68 0 75 0.5 81 0.6 
4994 29 0.8 
5025 21 0.3 35 0 39 0 69 0 78 0.3 79 0.4 
5075 4 0.3 16 0.8 19 0.4 25 0.3 28 0.7 33 0 46 0.9 59 0.7 79 0.6 88 0 
5268 29 0.6 81 0 
5472 12 0.6 45 0.3 91 0.3 98 0.3 
5484 80 0.9 
5524 16 0.5 21 0 22 0.3 23 0 29 0 38 0.6 47 0.3 57 0.9 83 0 90 0.5 
5695 11 0.9 17 0.7 41 0 69 0.7 
5783 34 0 42 0.7 49 0.5 57 0.3 59 1 74 0.6 81 0 91 0 92 0.5 
5804 28 0.3 31 0 41 0.9 68 0.9 84 0.6 
5896 25 0 38 0.3 86 0.9 96 0.5 
5979 9 0 56 0 76 0 
6085 6 0.8 27 0 31 0.3 57 1 65 0 92 1 
6124 11 0 13 0 38 0.7 70 0.3 92 0 93 0.8 
6143 32 0.9 35 0.3 58 0 60 0.5 61 0.5 76 0.5 82 0 98 0 
6290 2 0 7 0 37 0.5 42 0.3 64 1 90 0 94 0.6 99 0.4 
6324 36 0.7 42 0 72 0.8 81 0.4 94 0.7 
6536 26 0.6 55 0 
6586 54 0.3 62 0 
6596 3 0 4 0.7 34 0.8 43 0.4 66 0.3 70 0.8 71 0.4 
6888 64 0 
6920 0 0 2 0 20 0.9 39 0.3 41 0.7 47 1 73 0.5 83 0.8 89 0.7 98 1 
7047 28 0 34 0 58 0 67 0.8 81 0.6 85 1 89 0.5 91 0.5 
7054 26 0.3 39 1 43 0 44 0.7 51 0.9 53 0 55 0.4 61 0.6 78 1 91 0 
7207 74 0.9 78 0.7 
7266 13 0.3 18 0.7 20 0.8 34 0.9 72 0.5 75 0.4 88 0.9 
7273 0 0.6 2 1 15 0.5 22 0.7 26 0 30 0.8 40 0.6 51 1 66 0 
7376 28 0 
7387 2 0.8 6 0 22 0 48 0.6 59 0 67 0.9 77 0 85 0.5 88 0 90 0.9 
7540 5 0 30 0 42 0 44 1 65 0.3 71 0.9 79 1 94 0 
7772 1 0.8 7 0.6 11 0 17 0 30 0.7 55 0.4 56 0 70 0.8 82 0 
7846 29 0.9 43 0 52 0.9 85 0.6 
7928 53 0 86 0 
8113 69 0.4 
8174 23 0 34 0.7 56 0.8 66 0 69 1 
8248 23 0.7 25 0.3 33 0.9 38 0.6 39 0.8 52 0.5 61 0 62 0.3 68 0.5 69 0.3 
8442 7 0.8 13 0.7 19 0.8 53 0.3 69 0.3 
8448 64 0 
8603 33 0.6 69 0.4 
8734 10 0.9 18 0 26 0 40 1 71 0.7 73 0 83 0 85 0.7 87 0 
8833 9 0.7 25 0.5 26 0.6 51 0 59 0 64 0.7 76 1 88 0.6 
8835 13 0 14 0 
8903 13 0 24 0 30 1 36 0.8 65 1 74 0 78 0.3 
8990 77 0 
9189 2 0.8 12 0.3 16 0.7 37 0.8 49 0.9 57 0 
9202 21 0.8 32 0.3 62 1 76 0 78 0 86 0 96 1 
9203 0 0.7 3 0.8 18 0.7 26 0.6 28 0.7 33 0.6 37 0 41 0.4 48 0.8 
9256 85 1 
9261 5 0 12 0.3 14 0 23 0.6 40 0.3 78 0.8 86 0.3 
9297 14 0.4 24 0.9 26 0.8 31 0.4 52 0 72 0.4 80 0.5 89 0.3 99 0 
9377 1 0 4 0.9 5 0.8 48 0 51 0.4 56 0 61 0 91 0.4 
9543 36 0.3 41 0 77 0.7 
9595 37 0.8 
9650 28 0.6 61 0.8 
9798 5 0.3 7 0.5 15 0.9 29 0.3 31 0.3 34 0.6 64 0.9 66 0 75 0.5 
9995 5 0.6 7 0.3 21 0.5 60 0.4 66 0 72 0.3 74 0 85 0 90 0.3 
