100
117 1 0.3 19 0.9 47 0 70 0 77 0.8 83 0 88 0.5 96 0 97 1 
168 22 0.9 26 0.9 38 0.4 39 0.4 83 1 
235 3 1 14 0 22 0.3 26 0.7 51 0.9 53 0 62 0.6 63 0.9 73 1 78 0.3 
259 72 0.5 87 0.7 
280 13 0.7 50 0 52 0 
631 18 0.5 55 0.8 
745 2 0.8 15 1 17 0.9 64 0.4 67 0 70 0.5 72 0.5 97 0.5 99 0.8 
840 44 0.3 49 0 
857 39 0.9 
881 24 0.3 27 0.9 91 0.8 95 1 96 0.4 
1145 12 0 39 0.5 43 0.8 53 0.3 64 0.3 71 0.7 96 0.9 
1186 30 0.4 41 0 96 0.5 
1227 68 0.7 98 1 
1251 30 0.8 
1386 4 1 9 0.8 18 1 26 0.6 40 0 43 0.5 
1482 9 0.3 22 0.7 23 0 46 0.3 
1499 2 0 15 0.8 23 0.5 29 0.4 58 0.3 65 0 68 0.9 98 1 
1766 34 0 81 0.8 98 1 
1812 6 0.8 12 0.5 58 0.5 59 1 65 0.5 69 0.9 77 0.4 84 0.9 85 0.9 97 0 
1954 23 0 50 0.8 72 0.3 74 0.7 
2096 0 0.9 2 0 25 0.8 41 0 52 0 82 0 92 0.4 98 0.8 
2151 6 0 25 0.4 45 0.5 51 0.9 63 1 82 0 
2154 17 1 19 0 35 0.6 67 0.5 68 0.5 85 0.9 
2191 11 0 37 0.6 45 0 
2214 1 0.4 13 0 42 0.7 67 0 68 0.9 72 0 88 0 
2334 0 0.5 10 0.3 19 1 40 0.4 44 0 54 0.4 72 0.3 74 0.9 79 0 85 0 
2509 11 0.5 15 0.3 31 0.3 52 0 96 0.8 98 0 
2524 14 1 21 1 24 0.4 30 0.5 33 0.4 34 0.4 49 0.5 60 0 97 0 
2580 3 0.8 48 0.9 59 0 61 0 67 0.3 75 0.6 78 0.3 92 0.6 
2593 21 0.8 53 0.4 67 0 
2621 12 0.7 40 0 
2720 55 0 86 0 
2721 3 0 42 0.6 64 0 77 0.8 87 0.3 91 0.6 96 0.8 
2822 33 0.3 34 0 51 0 
2857 84 0.3 96 0.3 
2972 27 0 92 0.8 
2984 14 0.4 61 0 63 0.6 90 0 
3171 0 0.8 23 0 34 0.5 39 0.8 80 0 82 0.8 87 1 88 0 
3175 11 0.8 21 0.7 26 0.6 30 0.7 52 0.3 61 0 70 0.8 83 1 
3206 0 0 15 0.3 44 0.9 48 0 53 0.3 75 0.4 76 0 77 0 
3315 1 0.9 23 0.3 31 0 40 0 63 0.4 76 0.6 84 0 85 0.6 87 0 88 0.5 
3437 5 0.6 14 0 32 1 35 0.8 38 1 49 0 72 0.4 79 0.4 
3518 4 0.7 26 0 80 0.4 
3582 21 0 67 0 
4186 7 0.8 18 0.5 41 0 51 0.3 71 0 72 0 78 0.8 80 0.8 82 0 94 0.9 
4327 0 0.7 14 0.5 15 0.8 62 0.3 71 0.7 77 0 87 0.7 97 0.9 
4396 13 0 
4438 4 0 22 1 29 0.6 43 0.5 55 0.3 69 0.6 
4527 1 0.8 3 0.5 50 0.8 58 0.8 
4590 21 0.3 31 0.4 65 0.8 92 0.5 
4791 31 0.3 33 0.8 52 0.5 66 0 67 0.5 
5061 0 0.9 
5084 70 1 73 0.7 
5172 9 0.4 15 0.7 74 0.6 77 0 87 0.6 88 0.8 
5828 12 1 24 0 35 0 39 0 53 0.3 65 0.6 74 0 
5889 30 0 41 0.3 50 0 54 0.8 61 0.3 64 0 67 0.9 
6052 13 1 15 0.4 18 0.6 33 0 45 0.9 71 0.5 79 1 86 0.9 89 0.5 95 0.3 
6081 5 0.4 8 0.4 16 0 18 0.5 19 0.5 21 0 25 0.3 39 0 49 0.9 59 0 
6136 24 0 34 0 60 0.5 66 0 
6144 30 0.9 36 0 41 0 90 0.5 99 0.4 
6439 14 0.9 55 0.5 80 1 93 1 
6482 6 0 10 0.6 12 0.6 37 0 45 0.9 57 0.5 60 1 62 0 66 0.4 
6561 13 0.3 48 0.4 54 0.7 81 0.5 87 0.3 94 0.6 
6592 8 0.7 13 0.8 25 0 32 0.4 46 0 63 0 
6625 6 1 8 0.3 14 0.4 24 0 30 1 42 0.8 70 0.3 83 0.6 96 0.3 
6656 13 1 32 0.8 44 0 72 1 83 0 84 0.4 
6747 5 0.8 14 0 29 0.7 41 0.7 58 0.4 64 0.7 76 1 82 0.4 89 0.7 99 0.3 
6767 20 0.8 24 0.7 27 0.9 36 0.9 49 0.6 
6938 32 1 45 0.6 46 0 70 0.5 79 0 81 0.6 97 0.3 
7002 3 0.3 13 0.4 29 0.4 58 0 68 0.9 91 1 97 0.4 
7056 17 0.7 21 0.3 24 0.9 27 0.8 33 0.5 45 0.4 46 0 48 0.9 58 0.8 64 0 
7093 81 0.9 
7129 12 0.3 30 0 35 1 42 0 43 0.5 52 0.9 59 0 83 0 
7231 19 0.5 30 0.5 50 0 62 0 
7286 17 0.6 38 0.9 48 0.6 82 0.8 
7461 11 0.5 21 0.9 24 1 29 0.6 74 1 93 0 
7498 6 0.9 35 0.3 36 0 60 1 78 0 79 1 89 0 
7566 4 0.8 7 0.9 26 1 52 0.3 72 0.8 
7701 20 0.8 33 0.6 69 0.7 77 0.5 96 0.9 99 0.8 
7784 36 0.5 
7810 7 0.6 45 1 53 0.3 67 0 70 0.9 77 0.3 99 0 
7994 42 0 52 0.4 80 0.5 85 0.9 
8180 24 0.4 38 0.8 75 0.3 
8339 36 0.5 38 0.9 48 0.6 49 0.9 63 0.7 74 0 83 0 90 1 
8425 21 0.9 26 0.8 69 0 76 0.3 85 0.7 
8496 28 0.6 50 0.7 83 0.9 93 0.5 
8505 7 0.3 32 0.3 35 0.7 39 0.7 40 0 78 0 79 0.4 
8571 6 0 14 0.9 15 0 16 0.7 32 0.6 79 0.6 99 0.9 
8625 5 0.4 21 0 39 0 59 0.6 
8647 56 0.6 
8688 11 0 29 0.5 44 0.4 71 0.3 72 0 93 0.9 96 0.7 
8850 15 0.3 33 0.6 35 0 46 0.9 54 0.3 64 0.6 68 0.5 86 0.3 95 0.7 
8856 1 0.6 4 0.8 21 0.5 23 0 25 0.4 56 0 62 0 67 0.9 68 0.6 84 0 
9278 13 0 33 0.9 48 0.8 66 0 78 0.3 
9354 24 0.3 42 0 58 0.3 
9645 6 0 24 0.3 29 0.6 69 0.5 75 0.3 96 0.3 
9771 10 0.6 69 0 77 0 85 0.7 89 0 98 0.8 
9826 12 0.5 21 0.9 27 0.8 44 0 45 0.9 58 0.9 69 0 82 1 85 0.8 96 0.8 
9881 26 0.4 39 0.9 62 0 80 0.9 85 0.6 90 0 
9979 14 0 16 0 35 0.9 39 0.9 53 0.9 70 0.4 74 0.7 77 0.7 
