100
154 5 1 9 0 11 0 13 0 28 0.8 30 0 74 0.4 76 0.7 83 1 91 0.6 
254 38 0 49 0.7 54 1 63 0.9 65 0 99 0.9 
314 15 0 36 0.4 
609 15 0.7 23 0 41 0.4 52 0.5 62 0 67 0.5 70 0.7 95 0.8 
752 6 0 11 0 33 0.6 34 0.4 37 0.3 52 0.8 61 0 67 0 74 1 82 0 
791 3 0 8 0.7 66 0.9 86 0.3 88 0.7 
915 13 0.3 38 0.8 40 0.8 64 0.5 91 0.4 96 0.9 
1057 16 0 33 0.8 35 0.5 37 0 40 0.3 49 0.6 50 0.9 59 0.5 76 0.5 99 0.5 
1060 0 0.6 16 0 17 0.8 21 0 24 0.7 49 0.4 54 0 98 0.4 
1153 52 0.5 53 0.4 59 1 83 0.3 88 0.4 
1454 2 0 3 0.3 11 0.7 42 0.8 47 0.4 59 1 77 0.7 85 0 97 0 
1573 7 0.7 9 0.6 13 0.9 17 0.3 28 0.5 39 0.3 42 1 58 0 76 0.5 
1656 2 0 4 0.3 11 0.3 39 0.5 67 0 
1708 45 0.4 52 0.9 73 0.9 
1808 18 1 27 0.6 50 0.3 64 1 77 0 82 0 
1901 22 1 39 0 57 1 
1946 11 0 22 1 27 0 41 0 56 0 78 0.7 87 0 
1979 2 0.3 40 0.5 52 0 57 0.7 62 1 86 0.9 88 0.3 99 0 
2024 2 0 10 0.9 24 0 43 0.4 
2052 17 0.4 34 0 35 0.7 38 0 55 0.5 81 0.8 89 0 
2098 5 0.3 28 0 46 0 66 0.9 85 0.7 
2113 3 0.7 4 0.5 6 0.5 22 0 28 1 35 0 57 0.5 65 0.9 72 0 92 0.9 
2130 24 0.5 34 0.4 39 0 
2241 2 0.3 8 0 21 0.6 50 1 53 0.8 63 0.5 64 0.3 73 0 83 0 
2345 8 0.5 26 0 39 0 62 0.5 75 0.9 83 0.6 96 1 98 0.9 99 0 
2574 14 0.4 17 0.4 37 1 58 0 62 0 78 0 88 0.4 
2789 19 0.5 25 1 51 0.3 81 0.6 82 0.7 
2951 4 0 22 0.9 48 0 60 0.9 76 0.4 
2976 21 0.7 34 0 85 0 96 1 99 0.6 
2985 4 0 5 0.6 18 0.8 23 1 27 0.8 57 0.3 69 0.3 86 0 96 0.3 97 0.7 
3005 5 1 14 0.9 32 0.4 43 0.9 60 0.7 86 0 
3059 40 0.8 48 0.5 62 1 
3096 30 0.5 38 1 69 0.9 72 0.9 83 0.4 84 0 
3132 5 0 16 0.3 40 0.5 74 0.6 91 0.6 
3171 0 0 23 0.9 34 0.3 39 0.6 80 0 82 0.6 87 0 88 0.8 
3188 4 0.7 8 0.8 29 0 31 0.3 76 0.5 79 0.8 89 0.8 
3277 88 0 
3430 11 0 26 0.5 92 1 
3471 27 0.7 
3473 14 0.5 17 0 36 0.7 68 0.4 74 0.3 80 0.4 97 0 
3764 9 0 13 0.7 25 0 34 1 64 0.4 74 0.3 75 0.8 76 0 77 0 
3915 21 0.4 59 0.5 62 0.7 77 0 81 0.5 96 0 
3976 2 0 17 0.4 30 0.3 32 0.3 33 0 50 0.6 80 0.3 
4008 20 0 28 0 39 0 49 0.7 97 0.3 
4335 52 0 62 0.6 77 1 
4367 17 0 37 0.8 47 0.7 51 0 68 0.8 72 0.6 85 0 89 0.7 
4374 34 0.9 
4473 2 0.9 28 1 
4840 9 1 22 0.6 43 0.5 71 0.7 
5010 1 0.4 21 0.8 22 0 25 0.9 30 0 83 0.6 91 0.6 95 0.4 96 0.3 
5247 90 0.6 91 0.6 97 0.5 
5369 15 0.5 32 0 34 0.5 41 0 71 0.3 72 0.4 
5569 16 0.7 31 0.3 69 1 
5574 3 0.8 18 0.7 20 0.7 38 0 48 0 61 0.9 63 0.8 90 0.5 
5580 11 0.8 16 0.8 35 0.7 44 0.8 46 1 48 0.6 98 0 99 0.9 
5637 27 0.8 60 0.6 
5728 7 0.4 23 0.5 
5741 7 0 26 0.7 29 0.8 45 0.5 49 0 58 0.4 59 0.5 68 0.8 
5832 2 0.5 6 0.7 24 1 34 0 35 0.5 41 0.3 47 0.9 54 0 
6005 5 0.5 
6013 19 0.4 46 0.6 54 0.3 74 1 96 0.8 97 0.7 
6181 14 0.5 22 0.9 45 0 55 0 72 0.4 78 0.8 
6310 6 0.4 23 0.9 24 0 32 0.9 33 0.9 50 0.6 65 0 79 0.6 80 0 
6356 28 0.6 49 0.5 80 1 
6580 1 0.3 11 0.3 14 1 49 0.4 85 0.5 86 0.8 88 0 
6586 54 0.6 62 0.7 
6655 12 0.5 20 1 95 0.8 
6661 37 0.3 41 1 78 0.6 81 0 87 0.7 96 0.7 
6765 14 1 36 0 76 0.6 85 0 
6934 6 0.3 17 0.5 71 0.9 
6980 49 0.3 
7298 20 0 52 0.7 83 0 
7302 36 0.9 40 0.7 49 0.6 60 0 
7364 12 0.4 83 0 
7430 6 0.6 9 0.4 19 0.3 30 0.4 31 0.3 53 0 70 0.5 79 1 97 0.6 
7473 2 0.8 31 0 37 0 54 0 80 0.6 88 1 90 0 
7495 16 0.8 50 0 58 0.3 
7520 9 0.5 15 0.3 25 0.5 44 0.9 88 0.9 89 1 
7529 11 0.5 29 0.4 
7684 6 0.3 38 1 57 0.6 64 0.4 
7786 3 0.6 6 0 12 0 19 0.9 42 0.4 49 0.7 70 0.6 71 0.9 85 0.3 
8284 31 0.9 46 0.7 61 0 67 0 69 0 72 0.4 78 0.9 84 0.6 
8312 26 0.7 44 0.5 48 0 72 1 91 0.3 
8334 14 0.5 19 0.9 28 0 29 0.6 44 0.6 47 0 63 0.3 88 0 91 0.5 94 0 
8371 41 0.4 
8406 19 0.6 41 0.4 54 0.4 58 0.9 63 0.3 66 0.4 79 0.8 95 0 
8668 22 0.7 26 0.7 29 0.7 30 0.4 56 0.9 57 0.6 81 0.8 82 0.3 88 0.3 96 0.9 
8718 21 0 33 0 37 0.3 39 0.3 60 0 86 0.9 
8793 28 0.7 44 0.7 70 0.3 71 0 80 0.4 94 0.3 
9009 0 0.3 15 0.5 31 1 99 0.3 
9037 11 0.6 27 0.7 39 0 89 0.7 93 0.7 
9195 0 0.7 7 0 9 0 10 0.3 
9281 0 0.5 1 0.3 13 0.9 36 1 40 0 50 0.9 53 0.5 64 0.7 89 0.5 
9417 2 0.5 13 0.6 19 0.8 37 0.6 48 0 65 0.7 75 0.9 82 0 
9456 2 0.6 12 0.3 44 1 63 0.9 
9461 0 0.6 8 1 41 0.5 52 0 62 0 72 0.4 84 0 92 0.4 95 1 
9467 35 0.5 78 0.3 94 0 
9710 24 0 70 0.4 
9797 8 0.7 9 0.9 21 0 24 0.4 40 1 70 0.9 79 0 
9895 13 1 18 0.6 61 0 89 1 98 0 
