100
74 19 0.8 45 0.8 52 1 56 0.4 85 0 
203 8 0.9 18 0.4 25 0 
257 47 0.4 69 0.4 79 0.9 82 1 90 0.9 
259 72 0.6 87 0.8 
262 3 0.7 10 0.5 16 0.9 42 0.4 70 0.9 71 0.3 79 0.6 87 0.8 89 0 
297 79 0.4 
338 15 0.5 22 0 34 0.6 47 0 48 0.6 68 0.7 78 0 
565 12 0.8 23 0.8 25 1 38 0.6 55 1 56 0 58 0 65 1 76 0.4 92 0 
617 10 0.4 18 0 32 0 33 0.9 46 0.6 95 1 
710 1 0 38 0.9 58 0.3 89 0 91 0.8 
990 18 0 28 0.3 39 1 45 0 77 0.5 88 0.3 
1035 7 0.4 80 0.6 85 0 96 0.9 
1113 1 0.5 16 0.6 29 0.6 49 0.9 64 0.4 68 0.7 71 0.3 82 0.8 
1160 51 0 62 0 69 0.9 96 1 
1242 17 0.5 25 0 28 0 33 0.5 34 0 36 0.9 48 0.9 71 0 74 0.9 82 0.4 
1323 0 0.4 20 0.3 52 0.8 83 0.3 94 0.7 
1397 15 0.8 24 0.3 45 0 63 0.6 73 1 85 0.4 94 0 97 0.5 
1508 1 1 9 0.7 38 0.7 65 0.4 
1539 39 0.7 50 0.7 59 0.8 
1553 10 0 23 0.9 63 0.6 66 0.9 78 0 
1599 28 0.4 29 0.6 49 0.3 52 0 63 1 67 0.4 74 0.5 
1653 13 1 17 0 33 0 45 0.5 48 0.8 67 0 72 0.8 79 0.4 85 0.3 91 0.9 
1656 2 0.7 4 0.3 11 0 39 0.7 67 0.9 
1768 7 0.6 12 0.7 14 0.8 33 0.6 46 0 52 0.4 74 0 88 0.8 96 0 
1777 1 0.3 39 1 60 0.9 82 0.5 94 1 
1959 9 0.6 11 0.5 57 1 81 0.7 
2000 13 0 21 0 42 0.6 43 0.6 47 0.6 53 0.6 59 0.6 85 0 94 1 
2017 4 0.6 15 0.4 26 0 27 0.6 32 0.9 35 0.8 48 0.6 
2153 1 0.3 12 0 24 0.8 35 0.4 38 0.8 54 0 75 0 91 0.9 
2241 2 0.3 8 0.8 21 0 50 0.7 53 0.3 63 1 64 0.6 73 0.5 83 0 
2405 47 0.8 
2475 26 0.3 43 0 50 0 62 0 76 0.9 99 0 
2527 1 0.3 31 0 34 0.4 38 0 43 0.7 54 0.7 55 0.6 59 0.7 83 0.7 86 0.4 
2656 3 0 5 0.7 41 0 48 1 55 0.9 65 0.4 85 0.8 99 0 
2744 16 0.9 
2800 93 0 
2894 23 0.8 95 0 
2979 4 0 9 0.6 91 0.8 92 0 
3129 19 0.6 57 0.3 59 0.4 88 0.5 
3166 2 0.6 11 0.9 13 0 18 0.6 34 0 35 1 60 1 81 0.9 90 0.6 91 0.6 
3237 3 0.9 10 0 37 0.6 61 0 62 0.9 85 0 89 0.9 93 0 98 0 
3496 1 0 12 0.5 28 0.4 74 0.6 89 0.5 93 0 
3509 1 0 19 0.3 29 0 38 0.8 44 0.6 52 0.7 59 0.7 62 0 83 0.7 
3519 5 0.8 14 0.5 36 1 
3618 3 0.6 4 0.8 6 0 20 1 37 1 48 0.6 
3827 58 0.9 
4122 0 0.9 2 0.8 25 0.5 31 0 43 0.3 44 0.8 88 0.5 
4228 96 0 
4249 54 0.9 66 0.6 
4296 10 0.6 19 0 22 0.7 44 1 75 0.8 
4369 15 1 18 0.9 38 0.7 84 0 
4610 99 0 
4779 0 0.3 5 0.6 7 0.7 17 0.9 18 0.3 32 0.8 34 0.7 76 0.6 
4839 7 0 43 0.4 54 0 63 0.3 70 0 78 0.6 91 0 99 0 
5098 27 0.4 35 0.9 43 0.5 54 0 65 0 95 0 
5375 86 0 
5475 30 0.5 94 1 
5524 16 0.8 21 0 22 0.4 23 0.4 29 0 38 0.9 47 0 57 0.8 83 0.8 90 1 
5534 0 0 20 0.4 24 0.9 31 0.4 42 0.9 49 0 56 0 65 0.7 
5540 33 0.9 35 1 83 0.6 
5592 10 1 23 0.9 34 0 40 0.8 47 0.9 69 0.4 71 0.7 73 0.3 79 0.5 84 1 
5710 25 0.6 55 0 86 0.5 
5887 12 0.7 14 0 28 0.6 55 1 63 0.6 65 0.4 73 0.7 83 0.4 
6293 15 0.4 41 0.8 43 0.9 52 0 68 0.6 96 0.7 
6296 18 0.8 29 0 30 0.7 42 0.3 52 0 89 0 98 0.3 
6775 12 1 50 0.4 65 0.3 92 0.3 
6854 16 0.4 53 0.8 
6872 5 0 40 0.7 53 0.5 79 1 
7039 17 0.4 37 0.9 44 0 45 0 48 0 71 0.6 75 0.3 99 0.7 
7377 8 0.5 23 0 28 0.7 37 0 
7437 6 0.6 23 0 85 0.7 
7448 3 0.5 9 1 12 0.9 14 1 22 0.4 38 0.8 58 1 79 0.7 97 0.5 
7467 2 0 5 0.9 46 0.3 50 0.8 74 0 79 1 96 0 97 0.5 99 0.6 
7503 8 0 10 0.8 52 0.6 90 0.8 99 0.9 
7520 9 0.7 15 0 25 0.4 44 0.6 88 0.5 89 1 
7545 5 0.6 19 1 33 0.4 37 0.7 39 0.5 46 0.3 87 1 
7721 0 0.7 33 0.3 34 0.4 41 0.4 50 0.7 55 0.5 73 0.4 89 0.6 90 0.4 94 0 
7783 7 0.6 22 0.5 56 0 59 0.8 
7784 36 1 
7862 1 0.9 2 0.7 6 0 13 0.3 58 0.4 61 1 91 0 93 0.4 
7910 35 0 56 1 
7964 19 0.6 48 0.9 62 0 70 0 92 0.8 98 0.6 
8037 6 0.7 24 0.7 30 1 42 1 45 0.3 52 0.5 71 0 
8137 7 0 9 0 14 1 18 0.7 20 0.4 27 0 72 0.7 85 0.3 87 0 
8191 7 0 17 0.9 29 0.4 48 0 68 0.7 72 0.6 86 0.5 93 0.4 97 0.6 
8410 4 0.4 53 0.6 64 0 92 0.8 
8601 19 0.9 
8651 22 0.4 78 0.5 98 0 
8667 4 0.9 49 1 55 0.7 65 0 83 0.7 
8779 10 0.7 14 0.6 24 1 25 0.5 35 1 37 1 55 0.5 84 0 87 0.3 
8835 13 0.4 14 0 
8837 2 0.4 
8977 16 0.9 46 0.9 47 0.4 55 0.9 59 0.7 64 0 76 0 78 0.3 94 0.5 
8988 2 0 5 0.6 15 0.6 31 1 36 0.5 41 0.9 46 0.8 66 0.7 72 0.8 
9046 11 0.3 14 0 32 0.4 
9058 6 0.4 16 0.9 19 0 36 1 50 1 57 0.3 59 0.3 67 0.5 99 0 
9112 37 0.4 57 0 69 0 83 0.4 95 0.5 
9175 47 0.7 52 0.8 65 0 74 0.8 84 1 90 0.6 97 0 
9443 5 0.6 21 0.3 49 0.6 50 0.7 63 0.6 75 0.5 80 0 84 0.8 90 0.3 96 0.7 
9725 2 1 67 0.8 79 0 84 0.5 97 0.4 
