100
40 8 0.4 30 0 39 0.7 42 0.5 44 0.9 56 0.8 62 0 70 0 84 0 87 0.6 
286 25 0.9 48 0 51 0.9 55 0.4 56 0.9 64 0.6 86 1 90 0.4 93 0.5 
461 2 0 5 0.4 16 0 19 0.4 29 0.8 37 0.3 49 0.6 50 0.9 82 0.8 83 0 
491 10 0.6 11 0.9 16 0.5 26 0 47 0.3 96 0.7 
558 1 0.3 19 1 28 0.8 30 0.3 32 1 36 0.5 40 1 95 0.3 
565 12 0 23 0.6 25 0.5 38 0 55 0 56 0.6 58 0.5 65 0.3 76 0.5 92 0.6 
635 1 0.4 3 0.7 5 0.8 16 0 20 0 57 0.3 64 0 82 0.5 87 0 
673 0 0.8 40 0.8 41 0.3 56 0.6 59 1 70 1 78 0 79 0 
682 19 0 81 0 87 0.7 91 0.7 
779 36 1 
835 5 0 96 0.3 
890 10 0.4 38 0 40 0 42 0.7 46 0 52 0.5 62 0.6 67 0.5 72 0.5 81 0.6 
898 0 0.4 45 0.4 82 0.4 
910 13 0 15 0.8 49 0.5 58 0 60 0.3 69 0 74 0.4 
936 4 0.3 7 0.7 9 0.8 23 0.4 50 1 66 0.4 86 0 95 0 
1001 6 1 7 0.7 20 0.4 31 0 54 0.7 57 0 74 0 92 0.7 
1133 65 0 90 0 
1148 1 0.9 4 0.6 20 0.6 24 0.3 29 0.4 33 0.3 79 0.5 93 0.4 94 0 99 0 
1196 34 0.6 36 0.5 38 0.7 39 0.6 85 0.4 90 0 98 1 
1220 53 0 
1306 23 0.3 33 0.3 48 0.5 55 0.5 57 0 74 0.3 81 1 94 0.3 
1345 0 0 2 1 7 1 11 0 15 0 21 0.3 23 0.9 50 1 62 0.4 95 0.9 
1407 7 0 12 0.7 29 0.4 52 0.4 61 0.8 75 0 86 0 
1420 12 0.8 
1442 0 0 3 0 19 0.8 25 0 27 0.4 28 0 39 0.3 52 0 74 0.4 
1444 11 0.9 42 0.4 60 1 
1480 2 0 31 0.5 56 0.3 71 0.5 73 0.6 79 0.5 
1629 31 0.9 76 1 79 0 
1833 44 0 46 0.4 92 0.5 
1884 51 0.3 57 0 63 0 65 0.8 69 1 74 0.5 77 0.9 78 0.5 89 0.5 93 0 
1960 49 0.6 
1999 61 0.5 
2168 6 0.9 15 0.5 32 0.7 52 0 65 0.8 
2261 18 0.3 35 0 43 0.9 45 0.6 81 0.9 
2399 16 0.8 
2415 4 0.9 6 1 14 0 19 0 20 0 79 0 80 0.8 98 0 
2619 14 0.7 26 0 30 0 62 0.7 76 0.5 88 0.6 90 0 
2802 57 0 72 0 78 0.5 84 0.4 
2968 87 0.6 93 0.6 
3039 12 0.6 15 0.6 31 0.8 47 0.5 53 0 67 0.8 88 0 
3331 18 1 53 1 76 0.8 
3431 8 0 68 0.8 91 0.9 
3487 8 1 60 0.4 63 0 66 0.8 70 0 73 0.8 89 0.7 91 0.6 
3569 41 0 94 0.6 
3587 23 0.6 38 0.3 41 0.8 49 0.7 
3615 14 0.3 17 0.5 26 0.5 27 0.7 36 1 68 0.8 
3653 0 0 17 0 21 1 24 1 38 0 92 0 93 1 96 0.3 
3850 11 0.9 16 0 44 0.6 56 0.5 88 0 
3885 0 0.7 3 0.6 26 0.4 67 0.4 77 0 99 0 
4223 7 0 25 0 33 0.3 36 0 40 0.6 66 0.3 93 1 
4225 12 0.7 21 0 44 0 63 1 64 0 70 1 
4265 25 0.6 
4305 3 1 11 0 32 0 49 1 84 0.4 95 0 
4407 14 1 15 0.4 19 0 25 0.5 30 0 69 0.7 70 0 72 0.7 84 1 91 0.7 
4621 9 0 11 0.5 46 0.7 55 0.6 65 0 85 0.4 92 0 
4716 2 1 44 0.5 52 1 55 1 78 0.7 95 1 
5060 11 0 13 0 18 0 59 0.9 60 0.3 
5142 17 0.4 19 0.7 28 0.9 30 1 78 0.3 
5231 22 0.7 38 0.4 39 0.7 47 0.4 48 0.5 91 0.7 96 0.9 
5236 1 0 9 1 26 0.6 33 0.6 45 0.7 47 0 81 0.3 84 0.9 95 0.3 99 0.3 
5265 19 0.5 76 1 91 0 
5401 28 0.3 
5693 37 0.7 49 0.4 
5931 27 0.8 37 0.4 55 0.9 60 0.6 82 0.3 88 0.7 
5975 4 1 17 0 28 0.9 61 0.4 84 0.8 
6182 3 0.7 5 0 24 0.7 54 0.6 
6316 48 0 49 0 55 0.6 
6404 15 0.5 16 0.3 17 0.6 67 0.5 69 0.3 86 0.7 
6545 9 0 13 0.4 17 1 54 0.9 63 0.3 70 0 87 0.8 
6674 8 0.3 15 0.7 18 1 22 0.5 26 0.7 31 0 62 0 81 0 92 0 
6796 4 0.7 33 0.9 70 0.3 
6846 90 0.9 96 0 
7098 24 0.6 38 0.7 44 1 70 1 98 0.5 
7285 0 0.3 13 0.4 22 0.5 68 0.4 79 0 
7348 47 0.4 66 0 69 0.4 
7391 54 0.7 71 0.5 81 0.3 90 0 96 0 
7516 11 0.5 40 0.9 62 1 
7523 5 1 13 0.7 14 0.6 58 1 92 1 
7574 39 0 72 0.8 
7699 29 0.5 78 0.6 82 0 
7725 10 0.7 34 0.9 54 1 65 0 83 0.5 
8096 15 1 50 0 71 1 74 0 
8103 97 0 
8194 21 0 25 0.7 34 0 38 1 40 0.4 53 1 
8430 5 0.5 10 0.9 25 0 68 0.4 82 0 92 0.4 97 0.6 98 0.4 
8453 0 0.5 1 0 9 0.8 21 0.7 45 0.5 47 0.9 59 1 82 0.6 
8592 7 0.5 41 0 43 0.4 46 0.8 66 0.3 70 0.3 72 0 75 0 87 1 99 1 
8669 24 0.5 
8682 5 0.3 8 0 30 0 45 0 73 0.7 99 0.8 
8685 3 0 7 1 26 0 42 0.4 68 0.4 76 0.3 90 0 97 0 
8977 16 0.3 46 0 47 1 55 0.3 59 0.4 64 0.7 76 0.6 78 1 94 0 
9101 32 0.9 62 0.8 65 0.4 66 0.5 72 0.9 75 0.7 85 0 97 0 
9121 34 0.3 63 0.9 
9266 0 0 12 0 28 0.8 35 1 38 0 48 0 60 0.8 61 0.9 80 0.6 98 0.6 
9269 5 0.7 10 1 12 0.5 51 1 93 0.4 
9417 2 0 13 0 19 0.4 37 0 48 0.7 65 1 75 0.9 82 0.3 
9643 4 0 24 0 65 0.7 74 0 84 0.4 
9784 3 0.7 10 0.3 12 0.8 23 0.3 49 0 50 0.7 62 1 83 0 86 0.8 98 0.7 
9802 85 0.6 
9820 5 1 
