100
79 11 0 33 1 36 0 41 0.6 50 0.9 81 0.4 86 0.9 
122 32 0 35 0.3 44 0 55 0.4 56 0 60 0 78 0.6 86 0 92 0.9 
490 3 0 22 0 40 0 66 0 86 0.4 
540 4 0.7 5 0 27 0.4 34 0.8 45 0.5 87 0.3 92 0 93 0.3 94 1 99 0.7 
546 6 0.6 55 0 
555 25 0 57 0 
807 26 0 36 0.6 49 1 53 0.9 73 0 77 0.3 86 1 95 0 
825 54 0 80 0.3 97 0.5 
1004 30 0 39 0.7 51 0.4 53 0 60 1 79 0.6 80 0.8 84 0 95 0 
1251 30 0.6 
1340 7 0 8 0 9 1 75 0 81 0.6 86 0 
1488 3 0.8 17 0.7 48 0.5 60 0 61 0.5 80 0 88 0.3 92 0.4 
1490 2 0 24 0.6 45 0 49 0 52 0.4 56 0.4 74 0.5 88 0.6 94 0.5 
1574 16 0 17 1 22 0.3 35 0 43 0.7 66 0.5 74 0.9 75 0.5 89 0.5 
1615 4 0 96 0.5 97 0.5 
1624 4 0.5 45 0.9 62 0.4 82 1 95 0.9 
1852 3 0 6 0.6 7 0.9 42 0.3 86 0.9 
2051 3 0.8 11 0 23 0.8 
2133 3 0 20 0.7 46 0 50 0.9 53 0 66 0.4 76 0.6 78 0.6 90 1 
2257 15 0 20 0 25 1 31 0 68 0.5 80 0.9 94 0.5 
2260 24 0 40 1 75 1 
2319 23 1 85 0.4 87 0.8 
2365 84 0.5 87 0.7 89 0.4 97 0.6 
2437 6 0.5 12 0.5 57 0.4 84 0.8 93 0.3 
2667 20 0.4 
2686 2 0 9 0.7 32 0.7 75 0 
2699 4 0 20 0 55 0.8 58 0 88 1 90 0.9 
2738 3 1 39 0.6 46 1 71 0.5 81 0.9 
2744 16 0.6 
2791 56 0 66 0.4 82 0.9 90 0 
3028 73 0.6 85 0.7 
3042 5 0 30 0.3 31 0.8 37 0.9 52 0.4 62 0.5 69 0 78 0.5 92 0.6 96 0.5 
3137 73 0.7 
3257 10 0.4 26 0 54 0.6 65 0.7 
3863 25 0.3 45 0.5 
4054 72 1 95 0 
4079 1 0.3 8 0.7 18 0.6 48 0 60 0.7 79 1 94 1 
4123 45 0 48 0.4 
4158 9 1 16 0.4 32 0.9 35 0 39 0.5 60 0.3 79 0.4 84 0 92 0.5 98 0.5 
4306 9 0.4 22 0.7 27 0.4 35 0.7 39 1 57 0 66 0 70 0.7 
4327 0 0.9 14 0.3 15 1 62 0.8 71 0 77 0 87 0 97 0 
4668 2 0.4 68 0.8 98 0.7 
4908 27 0.3 28 0.8 32 0.9 44 0 45 1 54 0.5 80 0.5 
5067 10 0.6 43 0.4 79 0.8 85 1 95 0 98 1 
5104 10 0.7 22 0.8 23 0.5 43 0.5 65 0.6 74 0.4 90 0.4 94 0.4 
5162 35 0.7 
5645 54 1 94 0 
5760 14 0.3 30 0 56 0.3 63 0 
5949 27 0.4 35 0.8 43 0.9 75 1 85 0.5 
5973 52 0.3 54 0.9 
6088 28 0.6 83 0.9 86 0.8 97 0 
6090 1 0.6 5 0.9 28 0 46 0.3 49 0.5 50 0 80 0.4 
6107 70 0.6 99 0.6 
6128 3 0 60 1 
6226 33 0.6 48 0 
6342 96 1 
6400 17 0 22 0.9 26 0 39 0 40 0.3 92 0.6 95 0 
6447 36 0.5 72 0.4 75 0.8 88 0.5 
6462 8 0.8 21 0.5 47 0.3 67 0.8 85 0 
6499 34 0.9 
6810 14 0.8 75 0 
6831 5 0 8 0.9 78 0 
6968 1 0.6 2 0.8 5 0.3 11 0.9 20 0 69 0 76 0.6 84 0.4 
6992 12 0.3 85 0 99 0.4 
7065 16 1 30 0.8 38 0.9 40 0 47 1 61 0.7 66 0.6 72 0.7 73 0.7 83 0.9 
7106 3 1 33 0.4 65 0.3 68 1 91 0.3 
7123 19 0 22 0.9 65 0.4 
7241 4 0.8 23 1 48 0.7 63 1 84 0.9 98 0.5 99 0.7 
7314 2 0 9 0 35 0.7 57 0.3 92 0.5 95 0.5 
7440 1 0 
7555 17 1 26 0.7 31 0.6 59 0.5 80 0.5 92 0.4 95 0 
7653 36 0.6 46 0.7 
7668 19 1 34 0.7 46 0.6 47 0 74 0 83 0 94 0.3 
7681 11 0 18 0.6 21 0.3 32 0.9 34 0.8 44 1 66 0 67 0.9 88 0.7 98 0 
7916 3 0.3 29 0.7 31 0.3 35 0.3 47 0.6 57 0.5 79 0.3 84 0.9 85 0.4 98 1 
7975 9 0.4 13 0.5 62 1 78 0.7 
8005 7 0.3 21 0 29 0.6 35 0 55 0.3 58 0.3 79 0 80 0 89 0.6 98 0.7 
8344 16 0 22 0.6 27 0.7 31 0.8 58 0.3 80 0.4 
8397 5 0 24 0 26 0.3 32 0.6 42 0 47 0.7 61 0.9 88 0 
8443 9 0.5 12 0.3 28 0.3 42 0.4 54 0 57 0 63 0 67 0.7 78 0.7 95 0.4 
8549 0 0 2 0.5 14 1 16 0.8 27 0.6 51 0.3 67 1 72 1 83 0 
8576 51 0.4 
8930 69 0.8 86 0 
8951 27 0.3 39 0.7 41 0 49 1 50 0.9 65 0 88 0.9 93 0.7 
8961 2 0.5 43 0 61 0 69 0.6 77 0 83 0 91 0.6 99 0.3 
9030 9 0.8 16 0.9 18 0.4 27 0.7 29 0.5 39 0.8 55 0.8 86 0.9 
9041 23 0.6 53 0.3 59 0 86 0 
9053 23 0.7 28 0.4 44 0.5 58 0.4 67 0.8 68 0.9 77 0.4 89 0.8 90 0 
9143 4 0 40 0.5 44 0.7 50 0.6 51 1 72 0.5 76 0.3 79 0.5 82 0 94 0.7 
9157 19 0 22 0 32 0 45 1 99 0.7 
9182 31 0.9 42 0.4 53 0.3 59 0.4 67 0 68 0.8 85 0.4 99 0.6 
9192 4 1 11 0.5 23 0.3 29 1 61 0.6 63 0.5 75 0.6 
9271 7 1 19 0.6 32 0.9 41 0 45 1 51 0 61 0.9 64 1 82 0.4 91 0.6 
9391 28 0.5 44 0.8 
9482 43 0 99 1 
9521 27 0.9 59 0 72 0 75 0.9 79 0 89 0.3 91 0 92 1 97 0 98 0.9 
9590 31 0.4 
9706 19 0 36 1 53 1 55 0.8 67 0.7 75 0.6 78 0.7 92 0 
9930 6 0 12 0.7 16 0 40 0.6 43 0.5 50 0 52 0.8 65 0.9 80 0 85 0.3 
9981 10 0.6 11 0.4 28 0.3 37 0.7 56 0.6 60 1 77 0.8 78 0.9 88 0.6 99 0 
