100
110 21 0.9 22 0.9 35 0.7 91 0.3 
175 5 0.9 7 0.8 33 0.4 38 0.5 44 0.7 45 0 79 1 88 0.6 97 0 
280 13 0.7 50 0.6 52 0.8 
420 0 0 12 0.6 20 0 23 0.9 35 0.5 48 1 58 0 63 0 81 0.5 
648 32 0.9 33 0.4 44 0.3 48 0 67 0.6 73 0.8 
685 2 0.3 42 0 50 0 53 0.4 79 0 83 0 88 0.8 
974 1 0.7 29 0.5 44 0.8 45 0.8 60 0.6 75 0.4 80 1 
1006 34 1 36 0 54 0 90 0.5 
1063 37 0.4 41 0 51 0 73 0.7 84 0 
1072 19 0.4 26 0.5 42 0 51 0.5 68 0.4 71 1 72 0.3 79 0.8 
1138 6 1 18 0 29 0 
1292 27 0.6 42 0 57 0.3 62 0.3 82 0.8 
1342 4 1 33 0.7 64 0.3 99 1 
1422 40 0.3 
1435 11 0.3 16 0.5 44 0.6 69 0.7 70 1 94 0.5 
1446 31 0.6 90 1 
1521 2 0 98 0 
1653 13 0 17 1 33 0.8 45 0 48 0.5 67 0.3 72 0 79 0.5 85 0.8 91 0 
1743 9 0.5 46 0.4 57 0.9 62 1 71 0 77 0 92 0.8 95 0.3 
1768 7 0 12 0.8 14 0.8 33 0.7 46 0.5 52 0 74 0.3 88 0.5 96 1 
1808 18 0 27 0.9 50 0.8 64 0.6 77 0.3 82 0.7 
1921 11 0.7 70 0 84 0.4 99 0.7 
1960 49 0 
2030 2 0.8 12 0 16 0.3 28 0.6 
2192 13 0.4 19 0.4 23 0.3 29 0.8 34 0.3 44 0 
2214 1 0 13 0.4 42 0.9 67 0 68 0 72 0 88 0.5 
2262 2 0.4 18 0.4 22 0.7 34 0 42 0.3 77 0.6 78 0 82 0 84 0 85 1 
2286 43 0.5 74 0.7 
2367 8 0 13 0.9 25 0.4 39 0.9 43 0 49 0 62 0.6 68 0.9 74 0.6 94 0.5 
2431 33 0.5 76 0.8 79 1 91 0.9 92 0.4 
2489 5 0.3 14 0.7 22 0.6 31 0.3 34 0.5 63 1 88 0.3 95 0.7 
2520 8 0.5 13 0.6 40 0 69 0.7 75 0.4 82 0 83 0.3 86 0 91 0.6 
2597 1 0.3 16 0.6 22 0 25 0.7 81 0.8 83 0.4 
2616 23 0 66 0 75 0 81 0.4 94 0 
2633 1 0 67 0.5 76 1 81 0.8 
2845 42 0.4 95 0 
2886 6 0.8 32 0.4 66 0 
2902 1 0 17 0.8 18 0.6 24 0 27 0 50 0.6 57 0 79 0 
2920 2 0.8 51 0.8 
3036 12 0.5 16 0 48 0.6 49 0.4 62 0.5 72 0.8 96 0.6 
3054 36 0.6 50 0.7 52 0 63 0.4 98 0.4 
3287 12 0.8 24 0 96 0.7 
3323 2 0.9 22 0.7 35 0.8 45 0.8 56 0 60 0.9 71 1 84 0.4 94 0.3 
3422 5 0.6 18 0.8 21 0.6 35 0.7 44 0.3 46 0.3 53 0.4 63 0 64 0.4 82 0 
3661 13 0.7 51 0.5 
3896 18 0.4 75 0 
3903 8 0.7 19 0.7 20 0 24 0.4 34 0 77 0.8 90 0.9 92 0 
3965 7 0 37 0.5 43 0.6 46 0.6 50 0 55 0.7 78 0 83 0.6 97 0.9 
4004 38 0 
4308 7 0.8 
4348 10 0.3 51 1 65 0.6 87 0.5 
4460 11 0.8 36 0.4 39 0.5 64 0.5 65 0.5 67 0.6 82 0 93 0.5 
4965 27 0.7 29 0.6 31 0.8 41 0.9 50 0.3 52 0.6 60 0 72 0.5 92 0 99 0.3 
5123 12 0 36 0.5 38 1 51 1 59 0.6 71 0.3 75 0 96 0.9 
5194 4 0 8 0 65 0.4 82 0.6 86 0.8 
5223 0 0.4 1 0.8 14 0.9 17 0 22 0.6 24 0 30 0.4 47 0 65 0 88 0.6 
5247 90 0 91 0.7 97 0.8 
5381 6 0.5 8 0 17 0 40 0.4 44 1 71 0.4 88 0 
5394 0 0.7 18 0.9 42 0.5 67 0.7 68 0.8 
5579 13 0 21 0 49 1 51 0 64 0.6 65 0.3 
5625 22 0.7 51 0.4 55 0.3 69 0.5 73 0.5 99 0.3 
5630 2 1 24 0.7 27 0.5 56 0.8 76 1 84 0 95 0.9 
5636 6 1 20 0.4 28 1 44 0.8 68 0.3 87 0.5 88 0 94 0.3 
6017 23 0.3 29 0.7 63 0.7 70 0.9 86 0 87 0.7 96 1 
6027 3 0.8 6 0.3 47 0.4 52 0 99 0.7 
6079 37 0.4 40 0.8 41 0.8 82 0.9 94 0 97 0.4 98 0.8 
6200 49 0.7 66 0.3 
6248 22 0 30 0.9 37 1 49 0.3 56 0.8 64 0.4 71 1 73 0 82 0 94 0.6 
6641 7 1 8 0.5 18 0.7 33 0.4 65 0.7 66 0.9 94 1 95 0.4 
6963 6 0.5 16 1 33 0.8 34 0.6 35 1 37 0.3 60 0.3 77 1 90 0.6 
7010 15 0 22 0.6 25 0.9 63 0.5 65 0.9 94 0.5 
7090 1 0.6 9 0.4 81 1 
7273 0 0.3 2 1 15 0 22 0.3 26 0.3 30 0.6 40 0.7 51 0.5 66 0.4 
7327 14 0.9 21 0.5 27 1 72 1 83 0 84 0.5 95 1 97 0.5 
7593 44 0.9 
7623 8 0.6 28 0 33 0.6 42 0.9 57 0.3 80 0.4 
7697 21 0.5 
7710 27 0.6 28 1 50 1 61 0.5 66 0 77 0 82 0.9 84 0 99 0.7 
7758 0 0.9 3 0.6 85 1 
7957 5 0.3 12 0.3 21 0 22 0 46 0.3 49 0.6 73 1 81 0 82 0.9 95 0.4 
8078 0 0 14 0.4 21 1 22 0.4 28 0.7 31 0.9 38 0.4 49 0 53 0.8 90 0 
8082 42 0.6 51 0.5 69 0.9 73 0.6 
8179 7 1 57 0.3 82 0.9 85 1 90 0.5 
8397 5 0.5 24 0.8 26 1 32 0.4 42 0 47 0.7 61 0.9 88 0.7 
8461 70 0 76 0.5 
8477 1 0.7 5 0.4 6 0.3 53 0.9 84 0.5 98 0.4 
8500 9 0 11 0.9 58 0 59 0.7 60 0.7 62 0.8 93 0.5 
8570 3 0 35 0 39 0 78 0.5 89 0.4 91 0.7 94 1 
8645 64 0 
8670 10 1 19 0.9 36 0 44 0 53 0.6 62 0.6 97 1 
8891 46 1 80 0.6 
8958 4 0 10 0 33 0 38 1 41 0 52 0.5 61 0 77 0.8 
9117 42 0 49 0.6 54 0.7 70 1 72 0.3 74 0.8 79 0 83 1 96 0.7 
9164 26 0 53 0 55 0.8 61 0 
9283 39 0.9 68 0.4 90 0 92 0 97 0.8 
9580 4 0.5 27 0.9 54 0.8 
9699 42 0 58 0.5 
9811 4 0 23 0 88 0.6 
9856 15 0.9 35 0.9 53 0.8 
9950 28 0 50 0 97 0 
