100
38 11 0 22 0 65 0.4 86 0.9 87 0.7 93 0 97 0 
156 33 0.4 97 0.6 
244 23 0.8 25 0.3 27 0 58 0 
440 1 0 7 0.9 8 0 17 0 35 0.8 39 0.7 55 0 72 0 73 0.4 77 0.3 
525 9 0.4 21 0.7 37 0.9 71 0.7 73 0.5 89 0.9 95 0.8 96 0.5 
566 50 1 61 1 76 0.4 80 0.4 83 0.3 
633 29 0.7 86 0.9 
637 2 0.8 13 0.5 35 1 45 0.4 59 0.4 65 0.6 98 0.4 
671 0 1 7 0 22 0.6 23 0.8 25 0.3 78 0.6 86 0 
704 0 0.9 24 0.5 83 1 85 0.8 87 0.8 
718 8 0.7 17 0.4 26 0.5 43 0.3 74 0.9 79 0 
720 0 0 2 0.4 6 0.9 38 0.4 50 0.9 71 1 93 0 99 0.5 
913 16 0.8 18 0.6 23 0.8 31 0.5 54 0.9 
1017 18 0.7 37 0.5 40 0 52 0.5 54 0 63 0.5 74 0 
1087 19 0.4 68 0.8 83 0.5 
1102 8 0 90 0.5 
1177 28 0.4 33 0.6 42 0.3 84 0.6 85 0 87 0 
1181 3 0.9 77 0.8 
1183 29 0.5 42 0 
1208 4 0 6 0.5 14 0 16 0 26 0.7 41 0.8 52 0.9 53 0.7 56 0 68 0.4 
1238 48 0.4 69 0.8 
1251 30 0.9 
1287 16 0 
1304 12 0.7 61 0.4 65 0.7 66 0.4 
1468 52 0 69 0.8 
1711 57 0 
1757 54 0.6 71 0.7 
1792 10 0 
1898 26 1 60 0 62 0.5 67 0.3 69 0 76 0.5 78 0 79 0.3 84 0.6 
2120 7 0.9 42 0.7 60 0.4 79 0.9 
2158 11 0.8 
2185 20 0.4 21 0.7 24 0.3 30 0.7 34 0.4 43 0.3 75 0 78 1 80 0.6 83 0.4 
2213 24 0.7 49 0.7 70 0 95 1 
2226 31 0.9 36 0 77 0 96 0 
2423 5 0.9 29 0.4 38 0.8 47 1 51 0 60 0.7 66 0 76 0.5 
2497 7 0 8 0 20 0.9 21 0.7 25 0 28 0.4 49 0 71 0 94 0.6 98 0 
2562 37 0.5 
2779 6 0.5 17 0.5 30 0 63 0 89 0 95 0.6 
2824 1 0 23 0.6 37 1 50 0 62 1 63 0.4 70 0.3 76 0.5 85 0.6 89 0 
2886 6 0.7 32 0 66 0.7 
2967 47 0 
3002 36 0.5 
3052 7 0.9 
3146 15 0 36 0.9 40 0.9 92 0.3 
3201 16 0.4 19 0 26 0.6 27 0.9 29 0.6 38 0.9 71 0.4 81 1 95 0.5 
3378 36 0.6 61 1 66 0 74 0.8 
3385 14 0.3 16 0 41 0.5 42 0.4 44 0.6 50 0.5 65 0 91 0 
3650 6 0.6 56 0.4 67 0 91 0 
3820 11 0.8 27 0 38 0 58 0.4 81 0 90 0.5 93 0.6 
3840 23 0 27 0 50 0.7 68 0.4 72 0.3 80 0.8 82 0.7 95 0 
3846 2 0.3 33 0.5 46 0 54 0.3 55 0.4 57 0 92 1 95 0 
4026 64 0.8 
4118 43 0.6 48 0.3 
4174 21 0.5 24 0.5 25 0.9 34 0.7 39 1 40 0.8 65 0.4 74 0 86 1 87 0 
4219 22 0 28 0.7 29 0 63 1 
4294 1 0.7 14 0.8 29 0.4 34 0.7 79 1 90 0.5 
4334 6 0.8 14 0.7 18 0.7 27 0.6 31 0.9 35 0 38 0.7 75 0.6 92 1 94 0.3 
4512 5 0 48 0.9 
4573 10 0.8 19 0.4 20 0.7 30 1 44 0 57 0 58 0.5 68 0 92 0.8 93 0.6 
4578 19 0.9 29 0.3 50 0 66 0.5 84 0 
4658 38 0.4 90 0 
4861 16 0 47 0 65 0 67 0.5 95 0 
5019 15 0.4 39 0 54 1 96 0.4 
5141 7 0 18 0.3 70 0.4 73 0.8 86 0.6 97 0.7 
5332 4 0.3 24 0.6 27 0.8 28 0.5 
5444 13 0 35 0.5 41 0.3 47 0 66 0 82 0.3 
5607 34 0.4 35 0.9 63 0.3 76 0.7 
5779 15 0.5 21 0.5 53 0 56 0.9 62 0 94 0.4 96 0.8 98 0.8 
5811 5 0.5 19 0.7 36 1 59 0 60 0 64 0.8 89 0.3 95 0.5 
5834 2 0.9 27 0.4 28 0.5 29 0.6 50 0.3 66 0.6 99 0.9 
5917 12 0.6 27 0.6 77 0 78 0.4 81 1 
6003 68 0 
6155 1 0.3 39 0.3 68 0.9 77 0.8 94 0 
6269 6 0 23 0.9 32 0.7 40 0.3 61 0 72 0.5 88 0.9 93 0.7 97 0 
6349 0 0.8 6 0.7 10 0 24 0.4 51 0 62 0.9 67 0.6 77 0.6 97 0.5 
6357 36 0.7 46 0.8 76 0.7 80 0.3 96 0 
6401 50 0.4 70 0.7 82 0.9 
6708 0 0.3 12 0.9 21 0.7 34 0 46 0.3 54 1 57 0.9 
6821 3 0.6 25 0.6 26 0 45 0.4 49 0.5 58 1 68 0.6 89 0 
6835 2 0.9 7 0 27 0.5 39 0.4 41 0.5 47 1 80 0 84 0.8 85 0 88 0.4 
6925 17 0.5 20 0 29 0 49 0.8 51 0.8 82 1 89 0 91 0.9 92 0.9 
6953 0 0.4 6 0.5 17 1 18 1 22 0 29 0 47 0 74 0.7 94 0 98 1 
6989 24 0.8 28 0.6 32 0.5 47 0 55 0.5 86 0.8 89 0.8 
7376 28 0.3 
7724 39 0.5 83 0.4 
8285 28 0.5 64 1 70 0 73 0.9 90 0.7 
8290 37 0 46 0 66 0.9 83 1 85 0.6 86 0.8 92 0.3 
8384 9 0.8 49 0.9 81 0 84 0.4 95 0 
8468 17 0.7 24 0.8 40 0 49 0.3 90 0 
8532 8 0.5 53 0.9 86 1 91 0.7 
8929 58 0.4 
9032 6 1 29 0.4 35 0.8 
9095 19 0.3 36 0.3 38 0.7 40 0.7 51 0.3 67 0.9 69 1 85 0.5 90 0.5 
9184 6 0 21 1 24 0 68 0 85 0.6 91 0.7 
9294 5 0.4 
9387 14 0.3 48 0.8 62 1 
9405 8 0.8 14 0.7 35 1 40 0.9 44 0.3 82 0.4 86 0.4 
9449 37 0.4 99 0.7 
9795 4 0.8 11 0.3 19 0.5 26 0.7 28 0 38 0.6 72 0.7 92 0.8 
9804 6 0.7 18 0.4 54 0 55 1 75 0.5 95 1 96 0.5 97 0.5 
