100
34 3 0 34 0 35 0.4 45 0.9 87 1 93 0.6 
64 27 0.8 50 0.9 69 0 81 0.9 
154 5 0 9 0.5 11 0.9 13 1 28 0 30 0 74 0 76 0 83 0 91 0 
157 49 0.9 73 0.9 92 0.6 95 0.8 
335 4 0 35 0.6 53 0.5 97 0.4 
356 61 0.5 
476 12 0.3 19 0 23 0.6 30 0.5 37 0.9 49 0.9 75 0.9 79 0 
619 17 0.7 49 0.4 56 0.7 65 0 96 1 
648 32 0.5 33 0.7 44 0 48 0.9 67 0.8 73 0.4 
707 0 0.5 4 0 5 0 25 0.4 30 0.5 34 0.6 45 1 49 1 85 0.6 91 0.8 
812 25 0.5 30 0.5 31 0 48 0.3 66 0 99 0 
865 33 0.4 35 0 53 0.9 
1131 64 0.4 
1185 48 0 
1209 1 0.6 4 0 6 1 23 0.7 32 0.3 54 0.5 88 0 90 0.7 97 0 
1255 15 0.5 21 0.8 22 0 34 0 75 0.6 84 0.6 
1586 12 0.3 15 0.5 18 0 24 0.8 50 0.4 87 0.7 88 0 
1619 13 0.7 20 1 22 0.7 23 0.3 57 0.4 72 0.7 77 0 93 0 95 0 
1778 29 0.4 40 0.9 98 1 
1804 4 0.4 7 0.6 8 0.7 17 0.9 42 0.9 50 0.3 53 0 72 0.5 82 0 
1838 34 0.8 
2064 55 0 75 0.5 90 0.8 93 0.8 94 0 
2128 86 0.8 
2254 15 0 39 0.5 95 0.6 
2310 69 0 
2368 29 0.7 36 0.8 45 0.8 77 0 
2471 13 0.9 22 0.5 24 0 62 0.9 77 0.9 88 0.6 94 0.8 
2526 1 0 6 0 28 0.8 34 0.3 38 0 43 0 58 0.6 90 0.4 
2567 6 0.4 15 0 39 0.4 64 0 84 0 94 0 
2645 64 0.7 
2697 2 0.6 7 0.8 21 0.3 48 0.4 83 0 91 0.8 94 0.6 97 1 
2730 29 0.5 53 0.7 
2763 13 0 19 0.5 25 0.3 38 0.8 67 0.5 72 0.4 89 1 
2844 63 0 96 0 
2852 11 0.6 33 0.7 85 0 91 0.7 
2868 10 0.6 20 1 71 0 81 0.3 94 0 96 0.5 
2881 34 0.9 
2947 1 0.9 10 0.7 15 0.8 
3220 19 0.3 21 0 26 0.6 62 0 97 0.7 
3378 36 0 61 0 66 1 74 0.7 
3406 11 1 13 0 14 0 33 1 39 0 79 0.8 80 0 86 0 92 0.8 99 0.4 
3519 5 0.7 14 0.7 36 0.3 
3948 11 0.3 32 1 37 0.8 62 0.3 74 1 80 0.8 89 0.8 98 0.3 
4034 27 0 98 0.3 
4274 2 0.9 18 0 19 0 43 0 47 0.9 59 0.7 71 0.8 83 0.6 
4433 51 0 
4438 4 0.5 22 0.5 29 0.7 43 0 55 0.8 69 0.9 
4452 98 0.5 
4611 2 0 18 0 35 0 87 0.3 95 0 
4621 9 1 11 0 46 0.3 55 0.8 65 0.6 85 0 92 0 
4672 40 0.7 56 0.8 77 0.9 
4777 7 1 11 0.3 14 0.3 25 0.7 28 0.5 60 0 71 0 80 0 95 0.3 
4920 0 0.6 5 0.4 16 0.5 26 0.4 30 0.4 36 0.8 66 0 68 0.5 86 0 98 0.7 
4950 1 0.3 17 0.4 46 0.3 51 0.6 53 0.7 72 0.8 90 0.9 91 0.7 
5026 2 0 44 0.9 70 1 77 0.9 92 0.7 
5386 0 0 10 0.9 19 0.4 22 0.9 31 0.4 37 0.5 60 1 69 0.4 76 0 
5396 53 0 82 0.8 
5420 63 0.6 65 0.4 80 0.4 
5476 14 0 37 0 49 0.3 60 0.5 65 0.9 73 0.4 97 0.7 
5486 13 0.5 20 0 41 0.9 71 1 92 1 
5650 79 0 
5729 28 0.5 49 0.9 
5740 13 0.5 15 0 16 0.3 36 0 41 0.7 57 0.6 60 0.9 79 0 80 0.4 87 0 
5784 3 1 17 1 21 0.7 78 1 
6001 10 0 28 0.4 29 1 35 0.7 45 0.7 48 1 52 0 57 0 92 0.5 
6142 22 0.6 25 0.4 26 1 44 0.5 58 0.3 68 0.6 72 0.8 93 0 
6362 47 1 50 0.6 56 0 57 0.7 60 0 65 0.6 82 0.7 84 0.7 
6401 50 0 70 1 82 0.9 
6446 89 0.3 
6484 23 0.3 31 0.9 39 0 50 0.9 81 0.3 88 0.7 
6596 3 0.4 4 0.9 34 0 43 0.3 66 0.3 70 0.3 71 0.4 
7168 2 0.7 7 0.3 17 0.9 39 1 68 0.5 85 0 
7321 26 0 36 0.9 39 0.9 65 0.8 70 0 82 0 94 0.9 97 0.3 
7348 47 1 66 0.5 69 0.7 
7439 3 1 19 0.4 55 0.4 89 0.5 
7499 28 0.6 
7586 9 0.9 11 0.8 16 0.6 19 0 32 0 79 0.5 98 0.8 
7604 2 0 7 0.4 13 0.4 27 0.4 28 0.3 30 0.5 46 0.3 62 0.3 76 0.3 94 0 
7666 4 0 12 0.5 57 1 
7753 92 0.5 
7822 2 0.9 33 0 42 0.4 64 0 
7867 5 0.9 13 0.4 26 0.5 42 0.3 60 0.9 93 0.8 98 0.9 
7964 19 0.5 48 1 62 0 70 0.6 92 0.8 98 0.6 
8058 0 0.5 
8108 57 0 
8254 0 0 14 0.5 31 0.3 36 0.6 67 0 78 0 85 0.5 89 0.3 
8621 0 0.3 13 1 15 0.4 74 0.6 85 0 94 0 97 0.9 
8678 28 0.6 
8735 24 0 36 0.5 46 0.7 50 0 57 0.3 64 0.7 73 0.9 
8742 6 0.4 45 0.8 51 0.3 56 0 79 0.6 83 0.6 88 0.9 
8896 25 0.6 60 0.5 
9050 16 0.3 25 0.7 33 0.7 64 0.6 67 0.4 98 0 
9109 34 0.8 39 0 62 0.5 77 0.7 87 0.6 98 0.8 
9147 1 0 14 0.4 43 0.7 53 0 55 0 57 0.9 72 0.3 75 0.5 
9386 12 0.9 51 1 63 0.8 80 0.7 
9512 25 0.7 28 1 57 0 58 0.6 63 0.5 66 0.3 70 0.9 80 0.3 89 0.7 
9584 11 0.5 52 0 69 1 79 0.6 92 0 
9717 25 0.5 38 0.9 44 0.8 53 0.3 61 0.6 67 0.6 72 0 85 0 91 0.5 96 0.8 
9816 20 0 21 0.9 33 0.6 53 0.6 57 0.7 60 0.3 78 0.4 84 0.7 
9948 13 0.9 52 1 53 0.7 65 1 67 0.7 98 0 
