100
220 0 0.8 19 0 42 0.3 48 0.6 65 0 80 0.7 94 0 97 0.3 
245 2 1 16 0 27 0.4 36 0.5 60 0 84 0 96 0.5 
266 26 0 
297 79 0.3 
334 39 0.3 
457 8 0.8 22 0.6 32 0.9 49 0.9 58 1 73 0.4 79 0.7 84 0.4 98 0.3 
762 43 0 75 0.4 99 0.8 
804 9 0 14 0 17 0 25 0.3 74 0 98 0.9 
832 21 0.9 46 0 54 0.6 
965 13 0.6 23 0.5 30 0.8 35 0.6 53 0.7 62 0.4 65 0.9 69 1 75 0.4 85 0.4 
984 1 0 4 0.6 32 0.3 33 1 37 0.9 85 0 95 0.6 
1195 3 0.7 5 0 25 0.4 26 0.6 29 0.4 39 0.4 74 0.5 78 0.9 86 0.4 90 0 
1262 31 0.9 38 0 41 0 
1320 11 0 16 0.8 61 0.8 
1345 0 0.5 2 0.6 7 0 11 0.9 15 0.8 21 0 23 1 50 0 62 1 95 0.7 
1442 0 0.3 3 0.4 19 0.3 25 0.6 27 0.7 28 0.9 39 0.8 52 0.7 74 0.3 
1504 58 0.4 60 1 81 0.7 94 0 
1522 20 0.8 27 0.4 31 0.9 33 0 50 0.9 58 0.8 69 1 
1615 4 0.9 96 0.4 97 0.4 
1689 11 0 13 0.6 23 0.6 33 0.5 37 0.6 40 0.4 51 0.9 61 0.3 68 0.7 75 0.5 
1757 54 0.9 71 0.3 
1872 23 0.4 53 0.9 
1894 51 0 63 0 65 0.4 70 0 93 0.5 
2087 8 0.4 44 0.4 56 0.9 62 0.8 73 0.8 88 0 
2099 16 0.7 48 0.7 55 0.9 57 1 74 0.7 90 0.7 
2175 31 0.3 41 0.8 51 0 58 1 60 0.6 61 0.5 74 0 82 0.9 
2197 40 0.9 60 1 
2493 3 0 4 0.3 8 0 11 0.8 17 0.6 38 0 39 0.8 47 0.3 79 0.5 84 0 
2728 22 0.4 24 0.8 32 0 36 0.8 50 0.7 67 0.7 73 0.4 76 0.3 81 0.5 
2755 12 0.6 17 0.9 24 0 45 0.4 48 0.8 66 0.3 69 0.3 80 0.9 90 0.9 97 0.9 
2951 4 0.4 22 1 48 0.7 60 0.9 76 0.9 
3020 2 0.5 4 0 13 0.9 19 0.6 29 0.4 37 0 48 0.3 55 0 92 0.8 
3441 11 0 49 0.5 73 0.8 84 0.8 
3498 6 0.5 9 0.5 17 0 18 0.8 26 0.9 51 1 79 0.7 80 0 84 0 90 0 
3765 39 0 40 0.6 51 0.3 89 0.3 
3836 6 0.3 73 0 87 0 
3979 6 0.8 15 0.8 24 0.6 29 0.9 59 0.6 63 0.5 73 0.4 78 0 
4064 29 0.9 49 0.7 54 0.3 59 0.4 67 1 91 0.6 97 0.5 
4126 4 0.9 11 0.7 38 0.5 40 0.4 45 0.5 59 0.6 76 0 
4179 8 0 42 0 90 0.4 93 0 99 0.4 
4223 7 0.6 25 0.5 33 0.7 36 0.4 40 0 66 0.3 93 0 
4328 6 0.3 26 0.9 80 0 86 0.4 
4361 10 0 39 0.7 45 0.7 47 0.5 92 0.7 96 1 
4371 3 0.8 11 0 12 0.8 35 0 42 0.9 92 1 
4379 14 0.4 43 0 75 0.8 78 0 89 0.9 
4677 17 0.4 24 0 25 0 41 0 61 0.6 
4743 68 1 
4941 27 0.9 36 0 
5466 9 0.3 16 0.7 23 0.4 38 0 40 0.4 43 0.9 46 0 59 0 96 0.5 
5484 80 0.8 
5624 10 0.6 12 0 36 1 38 0.6 76 0 
5665 32 0 60 0 97 0 
5694 44 0 
5848 2 0.6 21 1 38 0.9 46 0.3 51 1 62 1 76 0.6 81 0.5 85 0 90 0.3 
5902 2 0.4 4 0 16 1 23 0.7 48 0.8 75 0.3 78 0 
6007 5 0 8 0 27 0.3 44 0.6 45 1 53 0.3 63 0.9 72 0.8 97 0.8 
6277 2 0.4 20 0.5 21 0.5 50 0.7 52 0.5 54 0.9 57 0.3 75 0.6 
6328 2 0.6 22 0.3 65 0.3 84 0 88 0.5 99 0 
6362 47 0.9 50 0.3 56 0 57 0 60 0.3 65 0.5 82 0.3 84 0.6 
6389 6 0.8 80 1 
6426 81 0.3 94 0.6 
6515 33 1 58 0.7 84 0 
6531 45 0.3 57 0.6 63 0.8 64 0.5 76 1 77 0.9 82 0.7 87 0.5 
6562 27 0 36 0.4 56 0 83 1 87 0 90 0.8 91 0 95 1 
6638 17 0.6 99 1 
6685 12 0 80 0.6 88 0.6 91 0.9 
6774 8 0 9 1 18 0.7 40 0.6 49 0.7 54 1 61 0.6 83 0 91 0.5 
6836 13 0 16 0.5 24 0.8 39 0.8 59 0.6 63 0 64 0.6 66 0.6 73 0.8 89 0.8 
6851 11 0.6 28 0.9 66 0 67 0.8 70 0 94 0.9 
6958 0 0.3 17 0.3 25 0.5 33 0.6 59 0.6 61 1 64 0.9 85 0.5 
6996 11 0.3 15 0 35 0 40 0.7 43 0 78 0.9 88 0.3 
7164 15 0 22 0.5 23 0.5 59 0 61 0.6 71 0.7 72 0.9 82 0 91 0 
7186 8 0.7 30 0.4 33 1 40 0.7 41 0.3 45 0.3 77 0.7 86 0.8 87 0.4 96 0 
7375 10 0.8 93 0.5 
7427 18 0.4 21 0.4 
7434 2 0.5 84 0.3 90 0.5 96 0.5 
7593 44 0 
7623 8 0.4 28 0.5 33 1 42 0.6 57 0 80 0.9 
7640 48 0.9 72 0.5 90 0.4 
7648 31 0 40 0.8 43 0.7 61 0.5 78 0.6 
7728 22 0 24 0 65 0.4 67 0 
7731 17 0 46 0.4 62 0 87 0 90 1 93 0.9 
7735 23 0.6 27 0.6 59 0 88 1 
7961 41 0.6 52 0.8 81 0 84 0.5 96 0.4 
8182 25 0.5 53 0.5 
8279 4 1 37 0.7 57 0.5 67 0.4 85 0.9 
8309 7 0.4 19 0.6 43 0.4 48 0.7 49 0.3 65 0.4 75 0 83 0.6 95 0.8 
8351 22 0.4 51 0.5 80 0.6 87 0 89 0.3 
8465 20 1 34 0 40 0.6 71 0.8 97 0 98 0.8 
8555 45 1 49 0 52 0.9 84 0.9 93 0.7 
8601 19 0 
8710 0 0.8 36 1 53 0.4 84 0.5 
8930 69 0.8 86 0.7 
8996 19 0.4 21 0.3 22 0.4 25 0 26 0.3 50 0 56 0.6 68 0 93 0.9 
9012 98 0.6 
9294 5 0 
9454 7 0.7 8 0.6 12 0.3 20 1 29 0.3 49 1 50 0.4 59 0.8 95 0.4 
9648 39 0.5 47 0.7 64 0.8 
9763 56 0.3 89 0.4 
9819 0 0.4 2 0.4 6 0.7 26 0 37 0.9 55 0.8 68 0.9 95 1 
