100
48 3 0 29 0.6 42 0.8 71 1 76 0.4 78 0 85 1 91 0 
50 16 0.8 79 0.9 
71 7 0.3 17 0 42 1 59 0.3 76 0 79 0.9 85 1 95 1 
136 9 0 33 1 35 1 
156 33 0.5 97 0 
201 0 0.3 20 0.8 48 0.7 52 0.8 59 0.9 61 0 81 0 
355 4 0.7 5 0.9 14 0 29 0.6 42 1 56 0.5 60 0 73 1 77 1 
395 33 0.3 40 0.6 47 0 58 0.4 66 1 67 0.9 99 0.9 
470 14 0.5 18 0 19 0.7 33 0 41 0.7 50 0.3 61 0.3 70 0.3 85 0.3 95 0.7 
632 7 0.4 18 0 35 0.5 52 0 
682 19 0.7 81 0 87 0 91 0.3 
736 23 0.4 71 0.5 99 0.3 
844 41 0.9 99 0.8 
947 2 1 17 0.5 40 0.6 44 0 66 1 69 0 70 0 74 0.5 79 0.3 
1007 34 1 72 0.8 
1211 18 0 27 1 28 0 36 0.8 68 0.6 71 0 88 0 
1270 32 0.9 37 0.6 55 0.9 86 0.3 96 0.5 
1345 0 0 2 0.9 7 0.7 11 0.3 15 0.9 21 0.8 23 0 50 1 62 0.6 95 0.4 
1355 3 0.5 24 0.4 26 0 47 0.3 72 0 73 0.5 
1499 2 1 15 0.5 23 0.7 29 0.6 58 1 65 0.5 68 0 98 0 
1537 13 0 21 0.3 26 0.4 34 1 38 0 75 0 82 0.9 83 0.6 87 0.9 94 1 
1712 1 0.9 7 0.3 13 0.7 15 0 16 0.3 29 0.4 55 0 83 0 89 0.5 
1722 1 0.8 13 0.8 15 0 29 0.9 39 0 50 0.8 65 0.3 73 0.7 75 0.3 88 0.6 
1970 42 0.9 58 0.9 66 0 75 0.7 
2007 24 1 25 0.7 29 0.5 78 0 
2008 5 0.4 6 0 15 0.5 46 0.3 47 0.8 52 0 
2048 43 0 52 0.8 
2097 11 0 
2150 47 0.8 
2158 11 0.8 
2322 10 0.4 15 0.5 25 1 64 0.5 90 0.7 96 0.6 
2345 8 0 26 0 39 0.5 62 0.8 75 0.9 83 0.9 96 0.4 98 0 99 0.6 
2382 10 0 32 0.7 35 0.8 46 0.7 49 0 56 0 73 0.6 82 0 99 0.4 
2572 1 1 2 0.3 26 0.8 52 0.3 
2692 42 0 66 0.4 
2833 18 0.9 
2835 11 0.3 28 0 63 0.4 94 0.5 
3161 15 0 37 1 46 0.6 56 0 63 0 81 0.8 97 0.6 
3599 11 0.9 30 0.8 42 0 54 1 56 0 60 0 77 1 
3653 0 0 17 0 21 0 24 0.6 38 0 92 0.4 93 0 96 0.8 
3671 5 0 11 0.3 18 0 47 0.8 57 0 66 0.7 86 0.6 96 0.4 
3709 5 0.7 16 0.3 40 0.5 54 0 55 0.9 71 0.8 90 1 
3713 78 0 
3773 1 0.3 3 0.4 4 0.8 12 1 15 0.4 34 0.8 58 1 81 1 93 1 
3798 7 0.4 16 0.8 67 0.6 83 0 
3881 0 0.4 5 0.3 30 0.4 43 0.5 64 0 76 0.9 97 0.5 98 0 
3884 71 0 86 0.4 
4116 8 0.7 16 0.4 70 0.5 77 0.9 
4149 24 0.7 29 0 30 0.7 41 0 58 1 65 0.7 71 0 94 1 
4229 14 0.5 20 0 21 0 27 0 28 0 51 0.4 62 0.6 69 0 92 0.5 98 0 
4250 2 0 8 0.7 15 0.8 25 0.9 53 0 60 0.6 
4330 0 0.5 18 0.4 39 0 66 0.7 77 1 79 0 81 0.6 97 0.5 
4381 87 0.4 
4389 41 0.5 49 0.4 52 0 60 0 65 0.3 80 0.6 
4408 81 0.8 
4462 8 0 9 0.7 16 1 25 0.7 34 0.9 63 0 73 0 81 0 91 0.6 
4525 18 0.5 21 0 23 0.7 49 0.4 62 1 63 0.5 72 0.8 73 0.4 
4720 18 1 85 0.6 
4885 2 0.3 9 0.7 15 0.6 39 0 44 0.4 50 1 58 0 70 0.9 93 0.4 94 0.6 
4928 10 0.4 32 0.7 39 0 60 0 61 0.8 79 1 96 0 
4933 7 0.9 44 0 45 1 58 0.5 76 0 86 0.9 90 0.4 91 0.3 
5038 28 0 56 0.4 72 0.5 
5073 5 0.8 6 0 7 0.3 13 0.9 15 0.9 47 0.8 62 0.5 88 0.8 
5130 48 0.6 70 0 
5302 15 0.7 30 0.3 42 0.9 
5502 41 0 52 0.7 76 0 77 1 83 0.9 
5615 27 0 30 0.6 36 0 44 0.3 56 0 69 0 70 1 96 0 99 0.9 
5779 15 0.8 21 0 53 0.6 56 1 62 0 94 0.5 96 0.5 98 0.6 
5780 11 0.5 14 0.8 39 0.8 48 0.6 70 0.9 85 1 86 0.6 97 0.8 
5907 24 0.9 46 0 47 0.9 52 0.6 63 0.4 70 0.9 78 0.7 
5992 0 0.8 22 1 34 1 38 0.7 39 0.8 41 0.4 47 0.7 62 1 68 0.5 95 0 
6262 18 0.7 27 0.4 38 0.5 46 0.7 47 0.9 50 0.3 63 0.3 74 0 
6411 19 0.3 51 0 
6517 24 0.9 29 0.7 42 1 46 0 88 0.5 
6522 0 0.3 30 0.4 77 0.4 83 0.8 88 1 
6632 5 0.8 18 0.7 31 0.6 58 1 61 1 67 0.3 83 0.6 
6701 20 0.6 25 0.3 
6774 8 0.5 9 0 18 0.4 40 0.9 49 0 54 0 61 0.9 83 0.8 91 0 
6855 17 1 37 0.9 
7009 77 0.6 
7062 1 0.9 30 0 54 0.7 71 1 78 1 
7142 35 0.6 
7187 14 0 53 0.9 
7254 1 0.9 11 0 24 0.6 28 0.7 36 0 64 0.6 75 1 78 0 94 0.6 95 0.7 
7573 2 0 11 0.7 24 0 50 0.4 61 0.8 65 0.5 91 0 
8030 43 0.8 83 0.5 96 0.7 
8125 42 1 59 0 66 0.7 75 0.7 
8195 6 0 15 0.7 31 0.7 38 0.5 67 0 73 0 85 0.4 89 0.8 90 0.8 95 0 
8617 3 1 13 0 52 0.5 97 1 
8840 19 0.5 31 0.5 84 0.7 
8920 8 0.6 41 1 65 0 67 0.8 74 0.8 90 0.4 91 0 95 0.4 96 0.6 
9037 11 0.5 27 0 39 0.3 89 0.6 93 0 
9207 45 0.4 55 0.6 57 0.5 73 0.4 85 0.5 
9222 72 0.8 
9275 6 0 49 0.3 53 1 68 0 
9400 18 0.3 71 0.6 84 0.3 
9557 3 0.5 6 1 33 0.4 43 0.6 58 1 61 0.6 68 0 84 1 
9707 14 0.5 36 0.8 
9869 3 0 9 0.7 15 0 42 1 74 0 85 0.4 96 0.8 98 0 
9947 29 0.7 33 0.3 68 0.8 87 0 
