100
201 0 0.3 20 0.6 48 0 52 0 59 0 61 0.5 81 0 
207 7 0.6 13 0.5 19 0 38 0.4 39 0.3 68 0.9 81 0.4 89 0.3 
216 4 0.3 8 0.8 35 0 37 0 
351 11 0 16 0 22 0 75 0.6 
433 15 0 59 0 
463 15 0.3 27 0 38 1 53 0 61 0 65 0.8 67 0.5 93 0 
597 12 0.7 33 0.7 
691 3 1 4 0.3 7 0 40 0.4 69 0.7 84 0.7 93 0.3 
711 3 0.5 19 0.8 31 0 51 0.8 56 1 71 0 72 1 76 0 85 0.4 93 0.6 
725 6 0.5 32 0 38 0.8 70 0.8 97 0 
740 15 0.4 
794 12 0 
815 3 0.9 65 0.6 81 1 
824 17 0 36 0.7 59 0.5 
905 61 0.9 66 0.5 74 0.6 77 1 85 0.4 97 0.6 
915 13 0.4 38 0 40 1 64 0.6 91 0.3 96 0 
925 15 0.5 24 0.7 25 0.7 31 0.8 41 0.4 74 0.6 76 0 77 1 96 0.6 99 0.7 
945 9 0.3 32 0.3 33 0 
947 2 0.9 17 0.9 40 0 44 0.7 66 0.8 69 0.4 70 0.4 74 0.5 79 0.7 
1103 79 0.6 
1296 16 1 39 0.9 84 0.7 
1482 9 0.9 22 0.9 23 0.6 46 0.5 
1650 0 0.7 2 0.4 58 0.5 
1714 15 0.9 20 0 23 0.9 41 0.4 44 0.3 45 0 53 0 
1949 4 0.8 31 0.6 49 0 64 0.9 77 0.9 89 0 96 0 98 0.8 
1998 15 0.7 
2022 93 0.9 
2042 20 0 27 0.4 30 0.7 47 0 77 0.3 78 0.4 94 0.4 
2069 25 0.8 34 0.9 55 0.6 60 0.7 72 0 73 1 
2083 0 0.5 8 0 31 0.3 38 0.7 50 0.4 51 0.5 57 0.4 71 0.5 81 0.8 
2105 21 0.3 35 0 43 0.7 58 0.7 72 0.9 73 0.7 90 0.7 91 0.5 93 0.7 
2114 2 0.3 18 0.9 53 1 57 1 77 1 89 1 95 0 
2120 7 0 42 0.6 60 0 79 0.7 
2156 19 0.9 36 0.4 41 0.4 77 0.9 
2218 28 0 36 0.3 37 0.5 41 0 42 0.6 43 0.9 56 0.3 66 0 90 0.7 94 0 
2280 88 0 
2631 53 0 82 0.9 
2684 18 0.6 
2771 90 0.3 
3036 12 0.3 16 0.4 48 0.8 49 0.6 62 1 72 0.5 96 0 
3075 63 0.7 65 0.8 89 0.3 91 0.5 98 0 
3105 10 0.4 29 0.9 36 0.9 94 0.9 
3136 7 0 8 0 17 0.5 19 0 52 0.9 57 0 60 0 72 0.9 77 0.8 79 0.7 
3236 4 0.5 41 0 
3251 2 0 14 0.9 17 0 33 0.8 37 0 45 0.7 46 0.4 63 0 89 0.7 
3343 40 0 
3373 48 0.9 61 0 
3407 12 0.5 31 1 
3562 3 0.5 16 0 20 0 36 0.5 42 1 67 0.6 73 0.6 86 0 92 0.9 
3653 0 0.9 17 0.3 21 0.3 24 0 38 0.4 92 0.8 93 0.7 96 0.5 
3829 54 0.9 62 1 80 1 90 0.7 97 0.4 
4028 20 0 24 0.3 38 0.3 63 0.3 78 1 89 0.3 
4062 1 1 4 0.3 16 0 33 0.3 58 0.7 59 0.9 92 0.9 99 0.7 
4157 4 0.6 25 0.7 35 1 52 0.9 65 0.7 74 0.9 76 0.6 83 0.7 
4249 54 0.3 66 0.5 
4278 17 0.8 
4317 19 0 26 0.7 32 0.8 46 0.3 56 0.5 63 0 65 0.9 82 0.9 90 0.4 
4384 0 0 26 0.3 40 0 94 1 
4399 6 0.3 11 0.6 22 0 33 0 40 0.3 45 0 52 0.4 64 0.5 76 0.7 82 0 
4623 26 0.3 27 0.9 38 0 48 0.7 54 1 70 0.7 71 0 89 0 
5214 40 0.7 56 0.4 
5277 2 0.5 3 0.4 33 0.4 37 0.6 39 0.6 81 0 90 0.5 91 1 
5454 9 0.8 28 0.7 36 0.6 65 0.6 79 0.8 81 0.5 86 0.6 92 0.3 
5528 8 0.9 16 0.6 22 0.4 33 0.9 39 0.3 70 0 93 0 99 0.6 
5865 22 0.8 30 0.4 32 0.6 41 0 46 0.8 86 0.6 87 0 91 0 92 0 
5943 4 0 20 1 23 0.9 29 0.5 34 0 62 0.9 82 0.3 
6067 26 1 29 0.6 75 0.9 85 0.4 89 0.6 
6072 8 0 26 1 44 1 45 0.3 68 0.4 71 0.5 73 0 86 1 97 1 
6236 45 1 68 1 96 0.4 
6272 25 0.4 31 0.8 46 0.4 
6393 11 0.8 23 0.8 46 0.9 50 0.8 54 0.3 73 0 78 0.3 
6485 13 0.5 54 0 60 0 62 0.6 87 0.6 
6654 8 0.7 23 1 32 0.6 33 0 37 0 44 0.9 46 0 57 0.6 59 0.3 
6720 11 0 13 0.5 35 0.4 57 0.4 89 0.6 
6838 7 0.9 11 0.9 12 0.3 13 0.5 28 0.4 50 0.7 64 0.4 65 0.5 72 0.5 77 0 
7458 81 0.8 
7472 25 0.7 26 0.9 32 0.4 50 0.3 51 0.5 55 0.7 57 0 62 0.7 81 0.8 87 0.7 
7498 6 0.4 35 0.6 36 0.3 60 0.8 78 1 79 0 89 0 
7558 6 0.8 19 0.4 72 0.4 75 0 88 0 
7668 19 1 34 0.4 46 0.6 47 0 74 0.5 83 0.8 94 0.3 
7688 64 0.7 
7985 6 1 13 0.7 16 0.3 19 0.9 41 0 42 0 48 0 69 1 99 0.7 
8054 1 0.3 6 0.8 23 0 34 0.9 40 0 44 0.7 45 0.3 65 0 82 0.4 94 0.5 
8095 2 0 10 0 19 0 39 0 45 0 51 0.5 73 0.3 79 0 87 0.3 
8189 9 0 14 0.8 21 0.9 38 0 73 0.3 88 0 
8345 74 0.9 
8419 4 0.9 19 0.3 28 0.8 34 0 45 0.9 60 0.5 
8563 3 0.6 64 0.3 
8564 3 0.4 17 0 22 0.6 26 0 41 0.5 
8618 0 0.6 51 0.6 62 0.8 63 0 65 0.6 74 0.7 
9016 0 0 33 1 54 0.4 
9022 4 0.5 15 0.8 32 0.6 54 0.6 96 0.5 
9033 3 0 9 0.3 19 0 40 0.7 47 0.9 54 0.9 71 0.8 81 0.5 84 1 
9223 11 0 41 0.4 44 0 63 0 75 0.6 93 0 99 0.8 
9245 3 0.7 23 0.9 24 0.8 98 0.3 
9405 8 0.8 14 0 35 0 40 0.7 44 0.8 82 0 86 1 
9477 77 0 
9574 9 0.8 11 0.7 40 0 81 0.6 86 0.5 90 0.9 94 0.6 
9729 25 0.9 38 0.9 58 0.5 59 0.9 68 0 69 0.9 76 0.9 80 0 
9930 6 0.8 12 0 16 0.4 40 0 43 0.4 50 1 52 1 65 0.7 80 0.9 85 0.3 
