100
113 9 0.3 37 1 54 0 73 0 74 0.3 75 0.6 
114 1 0.6 21 0.3 28 0.7 35 0.8 48 0.4 
432 1 0.5 14 1 29 0 32 0.6 78 0.9 80 0 85 0.4 87 0.8 92 0.6 
506 0 0.4 10 0.8 18 0.3 39 0 64 0.3 81 0.9 90 0.9 
548 25 0.3 45 0.9 
589 1 0.6 18 0.9 28 0.6 30 0 35 0.7 44 1 49 0.5 97 0.8 
685 2 0 42 0 50 0.8 53 1 79 0.9 83 0.7 88 0.4 
730 11 0 24 0.4 32 0.6 51 0.9 58 0.4 77 1 79 0.4 93 0.7 96 0.4 
780 15 0.6 70 1 
793 70 0 
813 15 0 
859 4 0 22 0.4 75 0.5 76 0.7 
955 29 0.9 38 1 74 0.5 
974 1 0.3 29 0.8 44 0.7 45 0.9 60 0.8 75 0.8 80 0.6 
1044 89 0.6 
1429 24 0.3 27 0.9 42 0.7 51 0.8 91 0.7 
1449 22 0.7 77 0.3 
1501 15 0.6 26 0.4 53 0 67 0 77 0.3 
1731 14 0 57 0 88 0.4 
1875 0 0.3 7 0 19 0.3 35 0.9 36 0.4 50 0.9 51 0.5 69 0.6 81 0 85 0.8 
1996 0 0.7 16 0.4 35 1 58 1 60 0.5 69 0.9 82 0.5 90 0.8 
1998 15 0 
2028 8 0 27 1 28 0.8 41 0.3 66 0.9 69 1 87 0 
2100 1 0.8 28 0 42 0.5 48 0.3 49 0.4 64 0.6 88 0.6 90 0.9 93 0.7 
2141 9 0 21 0.9 76 0.8 96 1 99 0.9 
2189 5 0 21 0 37 0 57 1 59 0.3 61 0 67 0.6 73 0.3 75 0 99 1 
2361 15 0.9 32 0.3 33 0.3 52 0 56 0 62 0 69 0 71 0.4 95 0.4 
2387 1 0.6 31 0.6 45 0.8 49 0 73 0.3 81 0 98 0.9 
2513 2 0.6 19 0.9 21 0.5 42 0 59 0.6 76 0.3 89 0.7 
2543 1 0.9 3 0 21 0.3 29 0.6 34 0 72 0 75 0.3 79 0 89 0 
2698 2 1 9 0.7 15 1 34 0.8 85 0 93 0.4 
2729 24 0 32 0.3 38 0 42 0.3 61 0.3 
2742 0 0.4 5 0 24 0.3 75 0.6 
2799 46 0 54 0.8 
2944 7 0.4 44 0 48 0 75 0.5 79 0.7 
2968 87 0.9 93 0.9 
3116 20 0.6 28 0.9 32 0.5 54 0.9 65 1 80 1 82 1 88 1 94 0.7 98 1 
3167 7 0 50 0.9 67 0.4 71 0.4 72 0 89 0.7 92 0.4 
3221 17 0 62 0 66 0 90 0.4 
3225 27 0 28 0.8 
3266 42 0 52 0 67 1 72 0.3 74 0.8 75 0.4 97 0.3 
3289 2 0.4 30 0 33 0 48 0.4 54 0.4 60 0.5 63 0.9 69 0 78 0 
3310 13 0 20 0.7 21 0.6 47 0 72 0.4 80 0.4 88 0.4 97 0.8 
3345 25 0 37 0 43 1 66 1 75 0 89 0 
3483 27 0.5 93 0.4 
3508 37 0.5 63 0.7 83 0.8 
3547 25 0.9 40 0.6 69 0.8 87 0.3 
3557 1 0 17 0.4 28 0.9 90 0 96 0 
3575 1 0 17 0 19 0.9 28 0.3 49 0 51 0.7 56 0.9 65 0 69 0 93 0.7 
3610 94 0.6 
3654 0 0.8 8 0.4 25 0.6 29 0 38 0.9 44 0.8 
3659 94 0.6 
3796 10 0.3 11 0 16 0.6 20 0 81 0.6 
4054 72 0.4 95 0.6 
4189 1 0 17 1 68 0.8 69 0 74 0 
4285 0 0 5 0.8 15 1 17 0.6 43 0.7 72 1 78 0 
4361 10 0.6 39 0.9 45 1 47 1 92 0 96 0 
4482 9 0.5 62 0.4 65 0.4 
4571 24 0.7 28 0.6 37 0 43 0.5 44 1 55 0.9 65 0 81 0.6 91 0.5 
4665 32 0.5 35 0.7 38 1 70 0 85 1 
4870 17 0.9 25 0.4 52 0 54 0 66 0.4 67 0 72 0 81 0 83 0 
4925 4 0.6 26 0.6 32 0.9 33 0.7 37 0.7 51 0.4 54 0 66 0 77 0.6 86 0 
4944 5 0.5 22 0.5 24 0.8 39 0 47 0 59 0.7 66 0 82 0.9 89 0.7 93 0.7 
4987 23 0 25 0.6 83 0 
5059 20 0.6 23 0 27 0.7 63 0.6 64 0.9 71 1 
5224 10 0.6 
5405 0 0.9 18 0.7 61 1 66 0.8 73 0 77 0.8 82 0.7 
5680 20 0.5 25 0.4 26 0.5 31 0.5 36 0.5 71 0 77 0.5 82 0.4 
5743 7 0.5 38 0.8 44 0 54 0.8 56 0.4 70 0.7 78 1 
5757 6 0 11 0.9 13 0.5 31 0 35 1 36 0.9 37 0.5 83 0.7 91 0.7 97 0.4 
6110 32 1 60 0.5 
6704 22 0.5 33 0.3 51 0.4 85 0.8 
6878 29 0.8 45 0 49 0.3 68 0.9 89 0.8 
6924 4 0.7 17 0.8 35 0.9 36 0.7 64 0 70 0 99 0.8 
6940 72 0.5 
7028 7 0.3 14 0.7 27 0.6 30 1 67 0.6 72 0 74 0 87 0.3 90 0.6 
7146 41 0 64 0.9 
7217 14 1 
7244 7 0.4 8 0 18 0.4 19 0 39 0.4 43 1 45 0.8 57 0.3 64 0 99 0.7 
7281 4 0.3 32 0 40 0 82 0.9 94 0.9 
7372 5 0 12 0 20 0.9 45 0 55 0 57 0.9 62 0.5 68 0 86 0.3 89 0 
7404 30 1 45 0 57 1 85 1 94 0 
7913 1 0.7 45 0.4 75 0.6 
7945 27 0.3 41 0.9 54 0.5 68 0.6 69 0.7 73 0.3 75 0.6 85 0 93 0.3 
8016 25 0.4 85 0.5 
8047 56 0.7 61 0.6 70 0.6 73 0.4 84 1 93 0.6 
8086 3 0.7 5 1 14 0.8 48 0.4 52 0.6 82 1 83 0.3 95 0 99 0.8 
8573 4 0 40 0.5 
8645 64 0.6 
8659 18 0.3 27 0.4 44 0.8 65 0 69 0 
8887 1 0.3 31 1 55 0.5 59 0.5 63 0.3 95 0.3 
9196 91 0.9 
9369 61 0 79 0.3 83 0.5 
9555 1 0.3 9 0.8 15 0.8 71 0.8 
9558 1 0.8 39 0.3 51 1 55 0.3 59 0.8 65 0.7 72 1 74 0.4 89 0.6 
9658 22 0.8 64 0.3 74 0 75 0.9 79 0.3 
9768 12 0 93 0.3 
9859 8 0.9 23 0 34 0.7 44 0.7 
9868 27 0 33 0.3 49 0.4 51 0 73 0.3 82 0.6 87 0.6 98 0 
9885 29 0.4 36 0.4 
