100
87 10 0 54 0.6 59 0.7 62 0 69 0.4 71 0.4 72 0.3 92 0.5 
157 49 0.4 73 0 92 0.5 95 0.4 
207 7 0.4 13 0.9 19 0 38 1 39 0.7 68 1 81 0.7 89 0.4 
249 17 0.9 26 0 47 0.3 54 0.5 55 0.7 70 0.5 76 0.4 79 0 
252 3 0 28 0 32 0.5 51 1 59 0.4 62 0.4 82 0.7 
293 1 0 16 0 41 0.4 47 0.6 59 0 81 0 91 0 93 0.4 95 0.3 
294 21 0 43 0.9 49 0.7 
305 62 0 
314 15 0.4 36 0.7 
578 5 0.6 6 0.5 10 0.6 57 0.3 63 0.8 66 0.5 85 0 90 0.9 94 0.5 
1050 4 0.6 9 0.5 20 1 52 0.7 54 1 85 0 
1062 2 0 29 0.9 
1113 1 1 16 0 29 0.6 49 0.6 64 0 68 0.5 71 0.3 82 0.4 
1306 23 0.7 33 0.4 48 0.5 55 0.6 57 0 74 0.8 81 0.7 94 1 
1318 41 0.9 
1351 4 0.4 9 0.7 34 0.6 40 1 50 0 65 0.3 74 0.9 78 0.7 99 0.6 
1394 7 0.7 13 0.4 15 0.9 41 0.4 54 0 64 0.3 84 0 
1565 26 0 54 1 61 0.8 
1684 99 0 
1692 10 0.3 15 0.4 75 0 77 0.8 80 0.4 
1698 5 1 8 0.5 14 0.3 52 1 67 0.4 86 0 
1764 4 0.8 
1788 6 0 21 0.3 23 0.4 34 0.8 52 0.6 73 0 76 0.4 77 0 83 0 
1793 8 0 24 0.5 48 0.3 55 0.8 60 0.9 64 1 71 0.8 77 1 78 0 
2182 7 0.3 13 0 19 0 27 0.7 34 0.7 78 0 83 0 90 0 
2274 13 1 31 0 53 0.5 
2437 6 0.5 12 0.8 57 0.3 84 0.3 93 0.8 
2551 29 0.4 32 0 47 1 85 0.5 87 0.7 96 0.9 
2647 14 0 23 0.5 59 0 68 0.7 
2709 33 0.4 43 0.8 45 0 93 0 
2742 0 0.4 5 0.7 24 1 75 1 
2813 9 1 12 0.5 15 0 31 0.4 43 0.7 57 0 61 0.6 77 0 97 1 
2844 63 0.3 96 0.4 
3029 35 0.5 52 0.7 66 0.6 97 0.6 
3124 13 0.4 40 0 43 0 55 0.7 63 0 83 0.3 91 0 97 1 
3163 11 0.5 58 0.4 81 0.9 
3262 7 0.4 24 0.8 31 0.4 88 0.5 92 0.5 95 0.7 
3273 13 0.8 22 0.6 96 0.4 
3354 0 0 8 0 20 0.7 21 0.7 33 0 46 0.3 52 0.7 55 0.8 
3488 3 0.3 43 0.4 44 0.6 
3546 4 0.8 11 0.8 25 0.4 36 0.8 44 0.6 67 0.9 68 0.5 
4338 54 0.9 55 0.4 62 0.4 78 1 79 0.3 80 0.6 
4399 6 0.7 11 0.5 22 0 33 1 40 0 45 0.6 52 0.3 64 0.6 76 0.9 82 0.5 
4481 2 0.8 4 0.3 30 1 71 0 72 0.4 90 0 
4484 26 0 
4600 20 0.3 30 0 34 0 
4603 5 0 40 0.4 69 0.8 
4716 2 0 44 0.8 52 0 55 0.8 78 0.4 95 0.8 
4922 20 0.3 79 0.7 90 0.4 
5129 3 0.4 68 0.8 70 0.8 
5234 55 0.7 73 0.8 77 0.4 86 0.7 
5320 1 0 10 0.4 22 0.7 37 0 45 1 57 0 71 0.9 79 0.4 80 1 82 0.6 
5343 18 0.5 22 0.8 25 0 34 0.7 57 0.4 
5650 79 0 
5952 0 0.4 16 0.4 44 0.4 56 1 87 1 
6080 17 0 20 0.5 47 0 51 0.4 81 0.4 
6133 63 0.5 
6148 1 0.4 21 0 51 0 60 0 82 0.5 
6185 1 0.3 20 1 30 0.6 31 0.7 45 0.4 48 0 75 0.3 82 0.7 
6186 48 0.6 
6231 0 0 7 0.9 15 1 34 0.4 59 0.7 87 0 
6590 22 0.9 31 0.6 48 0 60 0.5 62 0.8 73 0.4 
6644 14 0.3 22 0.6 33 0.5 79 0.6 84 0.8 85 0.8 
6764 9 0.8 59 0 62 0 
7000 1 0 5 0.6 30 0 38 0.4 46 0 78 0.6 91 0.3 
7166 13 0.4 48 0.9 52 0 67 0.8 82 0.9 
7177 35 0.3 53 1 63 0.6 
7186 8 0.9 30 0.8 33 0.6 40 0.7 41 0.5 45 0.4 77 0 86 0 87 0.7 96 0.7 
7489 9 0 27 0 38 1 62 0.8 65 0.5 73 0.3 78 0 81 0.7 90 0.9 99 1 
7530 39 0.6 43 0.3 50 0.7 60 1 69 0 77 0 78 0.3 79 0.6 93 0.9 94 0.6 
7701 20 0.8 33 0.9 69 0.5 77 0 96 0.7 99 0 
7720 10 0.6 11 0.5 14 0 20 0 41 0.6 46 0.6 51 1 58 0 75 0.6 98 0.3 
7802 5 0.8 8 0 44 0.8 58 0 
7858 21 0.7 28 0.5 38 0.7 42 0.9 46 0.5 64 0.8 90 1 
7898 35 0.7 53 0 59 0 66 1 72 0.7 79 0.8 87 0.4 89 0.9 96 0.9 98 0 
8033 39 0 44 0 47 0.6 49 0.7 50 0 81 0 85 0.6 92 0.6 
8182 25 0.4 53 0.7 
8238 23 1 30 0.5 90 1 
8260 1 0.7 16 0 35 0 65 0.8 74 0.4 75 0.5 88 0 99 0 
8352 39 0 
8416 9 0.8 14 1 80 0 
8452 1 0 47 0.3 66 0 78 0.8 82 0 86 0 
8473 3 0.3 14 0.8 26 0 43 0.9 65 0.9 66 0.4 
8476 6 0.8 10 0.4 20 0 21 0.8 22 0.8 33 0.4 60 0.9 71 0 81 0.7 86 0.5 
8510 41 0.7 51 0.7 54 1 59 0.3 89 0 91 0.9 95 0 
8570 3 0 35 0.5 39 0.8 78 0.6 89 0.4 91 0.7 94 0.7 
8654 0 0.9 2 0.4 18 0.5 34 0.7 39 0 75 0 86 1 97 0 
8697 1 0.7 2 1 11 0.5 16 0.9 21 0.6 27 0.9 50 0 63 0.8 69 0.3 89 0 
8705 19 0.6 26 0.8 32 0 96 0.7 98 1 
8782 39 0.9 47 0.6 76 0.9 82 1 90 0 94 0.9 99 0.5 
8860 80 0.5 
8989 48 0 67 0 69 0.7 88 0 89 0 
8998 16 0.7 39 1 43 0 48 0 55 0 59 0.3 73 0.8 86 0.3 88 0 90 0 
9176 19 0.5 30 0.7 31 1 76 0.6 80 0.3 85 0 
9342 11 0.3 80 0.6 
9463 8 0.3 13 0.5 14 0.8 39 0.5 51 0.3 52 0.5 56 0.4 62 0.5 78 0.5 88 0.9 
9473 46 0.3 49 0.7 52 0.9 72 0.7 90 0.3 
9480 6 0.6 33 0 36 0 50 0 58 0 59 0 86 0 93 1 
9737 80 0 
9937 7 0.5 44 0 47 0.9 58 0.8 67 0.5 72 0 74 1 
