100
18 77 1 
23 4 0.4 11 0.5 19 1 57 0.5 61 0 65 0.8 74 0 86 0.3 
307 29 0.3 57 1 
372 6 0.7 9 0.8 15 0.4 19 0.9 24 1 31 0.4 36 0 68 0.8 98 0.3 
395 33 0 40 0.9 47 0.6 58 1 66 0 67 0 99 0.3 
456 44 0.4 51 1 59 1 82 0 83 0.4 
461 2 0.3 5 1 16 0 19 1 29 0 37 1 49 0.4 50 0 82 0.8 83 0.5 
564 10 0.4 11 0.4 22 0.8 49 0.9 53 0.9 65 0 87 0.4 89 0 94 0.5 
877 88 0.8 
1024 9 1 18 0.7 29 0.8 33 0.9 81 0.8 99 0 
1029 14 1 18 0 
1052 0 0.5 2 0 5 0.8 16 0 32 0 38 0 50 0.8 66 0.4 67 0.4 81 0 
1053 10 0 
1078 0 0.7 99 1 
1104 6 0.7 17 1 54 0.6 95 0.4 
1160 51 0.6 62 0.8 69 0 96 0.7 
1181 3 0.6 77 0.4 
1383 10 0.8 67 0.9 94 0 99 0 
1484 8 0 18 1 24 0.5 28 0.9 31 0.5 55 0 68 0 
1758 0 0.9 21 0.5 66 0.7 91 0 
1787 6 0.3 13 0.3 51 0.4 93 0 
1871 7 0.7 11 0.7 13 0 18 0.4 23 0.3 64 0.3 86 0.3 87 0.3 
1883 5 0 7 0.4 13 0.4 14 0.4 45 0.5 46 0.4 61 0.8 69 1 72 0.5 
2117 49 0 53 0 
2277 3 0 17 0 18 0.8 20 0 21 0.5 30 0.3 80 0 90 0.3 95 0.4 99 0 
2377 6 0 12 0 17 0.8 54 0.8 65 1 77 0.4 85 0.7 
2451 9 0 11 0.5 
2507 3 0.3 24 0 61 0.9 
2541 0 0.7 38 0 39 0 45 0 53 0.6 94 0.3 
2545 22 0.9 39 0.8 57 0.7 64 0.5 89 0.3 
2555 12 1 24 0 41 0.5 43 0.5 46 1 50 0.6 65 0 68 0.9 96 1 
2567 6 0.7 15 0.9 39 0.9 64 1 84 0.9 94 0 
2701 10 0 18 0 24 0.3 27 0.8 67 0 85 0 
2722 3 0.8 8 0.6 15 0.3 48 0.6 66 0.3 72 0.9 82 0 85 0.5 86 0.8 91 0.4 
2778 2 0.3 5 0.3 8 0.6 22 0.8 29 0 52 0.3 73 0.5 92 0.3 
2923 46 0 70 0.9 
2951 4 0.5 22 0.9 48 0.9 60 0.5 76 0.9 
3008 1 1 3 0.5 26 0.3 62 0.4 67 0 69 0.6 88 0.6 89 0.9 
3119 64 0.9 65 0.7 80 0 
3289 2 0 30 1 33 0 48 0.5 54 0 60 0.4 63 0.4 69 0.9 78 0.5 
3292 5 1 14 0.6 35 0 66 0.3 71 0.8 80 0.6 89 0 
3356 18 0.5 22 0.4 32 0 37 0.8 47 0.3 67 0 73 0.5 84 0 85 0.8 89 0.9 
3428 94 0 
3491 27 0 28 0.9 34 1 42 0 53 0 62 0.6 63 0 89 0 92 0.8 96 0.8 
3552 1 1 39 0.8 44 0.4 70 0.8 84 0.8 
3559 6 0.7 8 0.6 14 0.5 28 1 31 0.3 64 0.5 77 1 
4037 16 1 32 0 37 0.5 43 0.7 72 0.3 81 0.4 82 0.7 84 0 
4163 93 0 
4184 10 1 
4196 4 1 23 0.9 26 0.4 65 0.9 82 0.7 85 1 88 0.4 93 0 94 1 
4364 38 0.6 79 0.9 
4565 0 0 22 0 40 0.9 
4750 6 0 10 0 48 0.8 
4806 2 0.8 65 1 70 0 
4948 9 0 32 0.8 85 0.9 90 0 91 1 96 0 99 0.3 
5136 2 0.9 11 0.8 14 0.5 18 0 19 0.8 47 0.6 51 0.7 55 0.3 68 0.4 97 0.4 
5145 3 0 15 0.4 58 1 73 0.6 
5598 16 0.5 18 0.8 19 0 22 0.7 26 0 80 0.7 81 0.3 86 0.8 
5675 24 0.4 27 0 71 0.6 78 0.3 
5943 4 0 20 0 23 0.9 29 0.5 34 0.3 62 1 82 0.9 
5972 44 0 87 0.4 91 0.5 
6053 29 0.9 37 0 42 0.5 60 0.5 87 0.4 90 0 91 0 92 0 
6200 49 0.9 66 0 
6337 9 0 26 0.6 32 0.6 36 0 43 0.4 66 1 70 0.5 81 0.6 99 0.8 
6363 83 0.4 92 1 
6426 81 0.9 94 0.8 
6428 7 0 30 0.7 38 0 43 0 50 1 64 0.7 89 0.3 
6444 14 1 15 0.7 19 0.9 46 1 74 1 93 1 
6591 15 0.6 24 0 54 0.6 74 0.7 90 0 
6784 8 0.8 11 0.4 13 0 23 0.9 58 0.3 74 0 77 0.8 80 0.6 86 0.6 
6805 15 0.4 39 0.8 45 0 56 0.8 
6836 13 0 16 0 24 0 39 0.8 59 0 63 0.6 64 0 66 0.9 73 0.4 89 0 
6915 21 0.4 61 0.3 84 0 86 0 96 0.3 
7138 63 0.7 
7159 1 1 6 0 11 1 16 0.6 18 0.9 22 0.8 80 0 82 0.3 90 0.5 99 0.3 
7360 12 0.9 62 0.8 75 0.6 83 0.5 87 0.8 88 0.7 89 0.6 
7724 39 0.6 83 0 
7758 0 0 3 0.4 85 0.7 
7839 4 0.7 45 1 51 0.8 52 0.6 55 0.4 64 0.4 93 0.7 94 0.8 97 0.5 
7998 35 0.8 40 0 68 0.4 69 0.5 83 0.7 
8020 14 0.6 41 0 43 0 44 0.7 58 0 86 0 92 1 96 0 
8046 1 0.6 15 1 18 0.4 32 0 53 0.5 68 0.9 81 0.6 83 0.9 
8122 26 0 
8184 6 0.5 10 0.5 11 0.8 21 0.6 36 0.8 66 1 76 0.7 84 0.5 97 0.5 
8212 43 0.9 66 0.7 
8260 1 0.8 16 0.3 35 0.3 65 0.5 74 0.7 75 0 88 0.9 99 0.9 
8375 14 0 18 0.6 29 0.4 31 0 52 0.9 56 0 66 0 68 0.3 99 0.6 
8414 21 0.8 25 0.6 65 0.3 83 0.4 88 0.3 89 0.6 
8425 21 0 26 0.6 69 0.9 76 0.6 85 0.6 
8519 74 0.4 89 0.8 95 0 
8550 7 0.7 17 0.6 23 0.9 36 0.5 55 0 60 0.3 73 0.4 74 1 92 0.5 
8563 3 0.6 64 0.7 
8896 25 0.6 60 0.7 
8910 42 0.4 56 0 75 0.9 99 0.7 
8950 29 0.7 30 0.8 43 0.6 71 1 82 0.6 91 0.6 99 0.4 
8983 6 0 9 0 10 0.4 18 0.7 26 0 42 0 53 1 63 0.4 66 1 98 0.9 
9272 19 0.9 20 0.5 32 0.4 
9305 14 0.7 
9550 18 0.7 32 0 47 0.7 49 0 56 1 81 0 96 1 
9759 30 0.7 43 0.9 45 1 52 0 70 0.6 74 0.9 
