100
170 3 0 18 0 19 0.3 75 0.7 
190 5 0 22 0.4 44 0 46 0 61 0.5 79 0.9 
403 74 0.5 
517 2 0 6 0 18 0.8 19 0.8 34 0.6 46 0 77 0.7 86 0.7 98 0.9 99 1 
728 7 0.4 42 0.5 
768 14 0.5 16 0.7 33 0.3 34 0.7 38 0.6 74 0 79 0.6 
876 0 0.4 2 0.9 10 0.7 31 0.5 40 0 51 0.5 65 0.7 71 1 83 0.7 
925 15 0.8 24 1 25 0.3 31 0.6 41 0 74 0.7 76 0 77 0 96 0.3 99 0 
1046 2 0.3 37 0.3 69 0.3 90 0.7 99 0 
1111 55 0.9 
1202 2 0.8 9 0.8 15 0.3 18 0.7 34 0 75 0.6 76 0.7 77 0.9 93 0.6 
1258 30 0.3 36 0 54 0.3 59 0 75 0.4 79 0.6 82 0.6 87 1 
1399 11 0.7 28 0.7 39 1 49 0.8 50 0.7 65 0.7 67 0.9 
1404 76 0 
1489 28 0.9 67 0.7 
1578 7 1 28 0.3 44 0 57 0.7 70 0.6 78 1 86 0 
1585 13 0.9 21 0.7 22 0 53 0.9 66 0.6 73 0.5 75 1 81 0.9 89 0.7 91 0.3 
1608 11 1 26 0 79 0.5 
1734 32 0.9 72 0.5 
1861 15 0 
1898 26 1 60 1 62 0.6 67 0.3 69 0 76 0.7 78 0.8 79 0 84 0.6 
1915 2 0.7 40 0.7 41 0.7 54 0.3 55 0.3 73 1 92 0.7 
1931 6 0.3 24 0.4 52 0.7 61 0 71 0.8 
2037 6 0.8 40 0 42 0.7 80 0 85 0.3 
2470 48 0.9 86 0 
2620 7 0.6 32 0 36 0.3 44 0 55 0.4 62 0 80 0 92 0.6 97 0.7 98 0.3 
2714 5 0 56 0.6 
2772 77 0 
2893 6 0.9 60 0.5 97 0.3 
2936 32 0.3 45 0.7 57 0.6 
2945 5 0 20 0.5 30 1 33 0.8 46 0.4 68 0.3 79 0.4 85 0.8 94 0.8 
2966 10 0.6 18 0.5 25 0.6 33 0.6 49 1 50 0.5 66 0.5 76 0 
2972 27 0 92 0.6 
3252 12 1 25 0.4 34 1 53 0 59 0 81 0 93 0 
3398 26 0 39 0.4 
3431 8 0 68 0.5 91 0.5 
3465 6 0.5 8 0 12 1 36 0 43 0 50 0.6 51 0.5 53 0 66 0 88 0 
3560 27 0 47 0.4 66 0.7 
3868 54 0.5 
4069 1 0 18 0.9 24 0.5 32 0 52 0.9 82 0 92 1 94 0.4 95 0.5 98 0.6 
4209 39 0.5 44 0 72 0.9 81 0.4 
4263 11 0.7 21 0.7 56 0.5 62 0.3 
4525 18 0.8 21 0 23 0 49 0.4 62 0.9 63 1 72 0.3 73 1 
4537 8 1 14 0 39 0 48 0.7 
4654 52 0.4 
4788 24 1 45 0.6 58 0.6 
4819 22 1 48 0.7 52 0 64 0.7 
4835 2 0.8 8 0 29 0 53 0.4 60 0.3 61 0 74 0.7 
4853 25 0.9 51 0.3 90 0.8 
4922 20 1 79 0.4 90 0.8 
4943 3 0.4 4 0.6 5 0.9 7 0.4 30 0 39 0 85 0.5 
5031 52 0.6 53 0.9 57 0 73 0.7 
5086 1 0.5 12 0.4 18 0.7 37 0.6 42 0.8 43 0.7 85 0.6 
5089 1 0.6 5 1 53 0 64 0.9 69 0.3 75 0.6 84 0.4 85 1 
5203 33 0.8 42 0 44 0.9 46 0.3 60 0.6 93 0.6 
5442 48 0.3 
5748 6 0.9 7 0.6 9 0.4 25 0.7 26 0.5 29 0 47 0.9 50 0 84 0.5 92 0.3 
6262 18 0.6 27 0.3 38 0.4 46 0.5 47 0.9 50 0.9 63 0 74 1 
6303 9 0.8 10 0.4 17 0.6 52 0 
6530 14 0.4 19 0.8 20 0 27 0 34 0.5 43 0 76 0.3 90 0 
6630 44 0.3 76 0.7 
6656 13 0 32 0 44 0.5 72 0.4 83 0 84 0.8 
6713 16 0 18 0.4 61 0.4 70 0 72 0 86 0.7 97 0.3 
6819 12 0.4 26 0.6 30 0 50 0 52 0.6 55 0.9 79 0 94 0.7 
6877 9 0 19 0.8 21 0.4 32 0.4 65 0.5 71 0.7 95 0 
6969 35 0.3 44 0 85 0.5 86 0.6 92 0.3 
7126 7 0 49 0.8 67 0.5 70 0.3 72 0.9 89 0.6 
7176 50 0.7 87 0 96 0.5 
7226 22 0 46 0 60 0.6 69 0 
7366 30 0.3 50 0.7 55 0 64 0.6 
7399 2 0 6 0.3 22 0 29 0.7 54 0 63 0.7 89 0 97 0 
7514 14 0.5 20 0.3 54 1 61 0.7 70 0.3 71 0.6 73 0.4 74 0 76 0 77 0.8 
7520 9 0.6 15 0.4 25 0.7 44 0 88 0 89 1 
7681 11 0 18 0.8 21 0.5 32 0 34 1 44 0 66 0.9 67 0 88 0.7 98 0.6 
7762 16 0.8 21 0.5 57 0 76 0.6 94 0.3 
7890 8 0.9 38 0.9 56 0.9 86 0.5 
7971 14 0.5 25 0 42 0.3 47 0.9 61 0.8 70 0.6 94 0.9 
8073 24 0.7 37 0 38 0 44 0 70 0.3 87 0.8 
8119 0 0 31 0 32 1 54 0 57 0 68 0.7 94 0.5 
8269 90 0.5 
8494 24 0.6 27 0.7 57 0 62 0.4 
8501 4 0.8 5 0 13 0.5 32 0.9 35 1 62 0.5 70 0.5 
8539 4 0 11 0.6 16 1 20 1 24 0.7 64 0.3 66 0 74 0.6 
8614 2 0.5 7 0 22 0.5 27 0 41 0 45 0.9 71 0.3 87 0.7 90 0.6 99 0.5 
8705 19 0.4 26 0.8 32 1 96 0.7 98 0.9 
8809 20 0.8 25 0 31 1 33 0 56 0.5 70 0.4 74 0.7 75 0.6 90 0 94 0.7 
8811 11 0 14 0 22 0 25 1 37 0.5 48 0.3 65 1 74 0 90 0.7 
8895 62 0.5 77 0.7 81 0.4 
8971 10 0.4 13 0.3 64 0 76 0.9 86 0.8 99 0 
9053 23 0.4 28 0.8 44 0.5 58 0.6 67 0.5 68 0.5 77 0 89 0 90 0.9 
9099 86 0.9 
9124 39 0 40 0.7 50 0 62 0.4 68 0 69 0.4 77 0.5 81 0.4 94 0 99 0.6 
9391 28 1 44 0.4 
9454 7 0 8 0.9 12 1 20 0.7 29 0.6 49 0.9 50 1 59 0.6 95 0 
9519 52 0.7 56 0 63 0.8 77 0 85 1 91 0.8 
9607 15 0.5 
9671 13 0.5 25 0.5 60 0.4 97 0.5 
9828 15 0.5 28 0.8 36 0.5 37 0.6 69 0.4 
9875 19 0 29 0.3 31 0.3 35 0.4 46 0.7 48 0 84 0.5 89 0.3 
9934 3 0.3 4 0.3 16 0.7 30 0.5 44 0.4 71 0.9 78 0 96 0.9 
