100
14 1 0.6 20 0 26 0 35 0.3 39 0 47 0.6 49 0 
59 18 0.3 20 0 47 0.8 53 1 56 0 64 0.8 81 1 86 0.7 96 0.9 99 0.7 
93 2 0.6 4 0 22 1 25 0.3 48 0 49 0.6 62 0.6 89 0.6 
374 40 0 59 0.9 71 0 79 0 83 0.6 85 1 89 0.9 90 0 
479 1 0.8 13 0.3 18 0.7 27 0 43 0 70 0.6 92 0.9 94 0.7 
490 3 0.4 22 0 40 0 66 0.5 86 0.5 
545 7 0.8 37 0.3 45 0.7 62 0 63 0.8 75 0 86 0 
564 10 0.9 11 0.7 22 0.9 49 0.9 53 0 65 0.8 87 1 89 0.8 94 0.3 
608 1 0 4 0.9 15 0.5 19 0.3 32 0.5 64 0.3 66 0.7 69 0.6 70 0.3 96 0 
950 6 0 21 0 56 0.9 62 0 76 0.4 85 0 87 0.7 
1092 28 0 30 0.3 33 0.4 46 0.5 
1168 4 0.8 10 0.6 24 0.7 39 0.3 66 0.6 74 0.7 83 0.6 87 1 88 0.5 95 1 
1203 2 1 4 0.7 8 0 27 0.4 44 0.5 46 0 50 0.8 62 0.9 95 0 97 0.4 
1243 28 0.7 49 0 55 0 63 0.8 68 0 98 0 
1298 23 0 48 0.7 68 0 77 0 90 0.9 94 1 
1317 26 0 
1496 0 0.6 17 0.6 23 0.9 29 0 
1500 0 0.7 23 1 26 0 42 0.8 58 0.5 66 1 68 0.5 77 0 79 0.7 
1526 80 0.7 90 0.4 97 0.4 
1539 39 0.9 50 0 59 1 
1637 7 0.3 23 0.6 30 0.7 88 0.5 
1675 21 1 28 0.7 42 0.5 51 0.3 72 0.6 89 1 97 0 
1738 33 0.8 44 1 45 0.4 74 0.7 93 0.7 
1771 0 0 4 0 11 0.7 12 0.6 21 0 54 0.7 94 0.7 
1774 50 1 
1788 6 0.3 21 1 23 0.5 34 0 52 0.8 73 0.6 76 0.6 77 1 83 0.5 
1921 11 0.6 70 0.5 84 0.4 99 0.5 
1945 17 0.7 42 0 55 0.6 59 0 68 0.9 80 0 81 0.4 95 1 
1980 35 0.3 39 0 56 0.7 62 0 65 0.5 71 1 90 0.7 95 0.9 
2217 4 0.7 18 1 27 0.7 42 1 43 0.5 56 0.4 79 0.6 81 0 91 0 
2370 22 0 43 0.3 
2412 47 0.7 77 0 87 0 
2450 84 0.6 88 1 
2602 80 0.6 
2640 16 0 29 0.7 41 0 72 0.6 75 0.7 85 0.3 
2650 6 0 29 0.4 46 0.5 74 0 89 0 
2974 17 0.5 92 0.8 
2987 16 0.6 36 0.9 48 0 85 0.7 89 0.4 93 0.9 
3006 74 0.9 87 0.5 
3306 1 0 20 0 27 0.3 31 0.9 45 0.6 54 0.6 60 0.4 81 0.8 86 0 
3318 12 0.9 55 0.3 56 1 57 0.3 66 0 82 0.4 90 0.3 
3328 12 0 23 0.4 24 0.5 42 0.6 54 0.8 61 0.9 78 0.8 89 0.6 
3339 0 0 1 0.3 38 0 45 1 59 0.8 70 1 89 0.5 
3549 8 0 16 0.4 42 1 47 0.7 69 0 
3623 19 0.5 39 0.6 54 0.6 66 0.4 82 1 92 0.4 
3754 3 0.3 5 0.3 11 0.4 63 0 68 0.3 77 0.4 86 0.4 97 0.8 
3817 6 0.6 24 0 29 0 43 0.5 75 0.3 
3847 3 0.8 10 0 26 0.4 27 0.3 29 0 36 0 49 0 51 0.6 77 1 83 0.8 
4204 10 0.9 36 0.3 38 0.8 56 0 69 0 73 0 76 0.7 98 0.9 
4578 19 0 29 0.6 50 0.4 66 0 84 0.9 
4868 3 0.6 6 1 7 0.7 9 0.9 17 0.9 19 0.6 26 1 48 1 65 0.9 80 0.3 
4881 0 0.5 11 0.9 15 0.4 17 0 20 0.3 50 0 60 0.3 76 0.4 98 0.6 
4925 4 0 26 1 32 0 33 0.7 37 0.7 51 0.5 54 1 66 0 77 0.9 86 1 
4988 13 0 19 0.4 22 0 39 0.7 47 0.4 80 0.6 81 1 82 0.5 87 0 98 0.5 
5007 3 0 29 0.5 69 0 71 0.4 83 0 89 0 90 0 94 1 
5031 52 0.5 53 0 57 0.8 73 0.9 
5108 8 0 49 0.8 65 0.5 69 0 70 0.7 71 0 89 0.5 94 0.7 96 0 
5137 28 0.6 35 0.3 48 0 58 0.9 88 0 
5186 40 0.5 
5276 1 0.8 6 0.5 18 0.7 25 0.4 27 0.9 57 0.9 82 0 
5316 30 0.3 64 0.4 68 0.7 76 0 
5359 8 0.7 14 0.8 21 0.4 25 0.7 29 0.3 38 0.5 98 0.8 
5901 34 0.7 79 1 81 0.9 82 0.5 85 1 87 1 92 0 
6069 21 0 24 0.3 28 0 33 0.4 34 0.7 41 0 47 0 
6081 5 0.4 8 0.3 16 0 18 0.3 19 0.4 21 0 25 0.3 39 0.5 49 0.6 59 1 
6171 16 0.7 21 0.9 27 0.4 30 0.4 44 0.3 54 0 72 0.3 84 0.7 88 1 
6295 8 0 21 0.9 25 0.4 40 0.3 61 0 71 0 98 0 
6358 7 0.9 15 0.8 25 0 44 0.4 47 0.6 48 0 57 0.8 94 0.4 
6491 10 0.9 46 0.7 60 0.6 65 0.7 68 0 70 0 72 1 90 0.5 
6904 6 0.4 35 0 40 0.7 71 0 
7080 13 0.8 27 0.9 
7244 7 0.9 8 0.7 18 0.8 19 0 39 0.3 43 0.8 45 0 57 0.8 64 0.6 99 0 
7276 89 0 
7446 30 0 52 0.4 58 0.4 67 0 77 0.5 80 0 
7457 12 0.5 36 1 39 0.9 55 0.5 57 0 58 0.8 69 0.4 76 0.4 90 0.4 99 0.8 
7705 30 0 51 0.9 54 0.3 66 1 95 0.9 98 0.7 
7868 13 0 20 0.8 61 0.4 70 0 71 1 77 0.6 80 0.4 85 1 
7902 10 0.3 17 0.5 33 0.7 47 0.5 62 0.7 77 0.6 87 1 91 0.8 
7915 64 0.6 79 0.6 
8126 8 0.4 17 0.5 45 0.7 48 1 58 0 70 0.8 73 0.4 79 0.7 87 0.9 95 0 
8165 8 0.5 16 0.6 59 0.4 75 0 
8270 36 0.9 37 0 45 0.9 54 1 64 1 69 0.5 94 0.5 97 0 
8294 13 0.6 21 0.7 23 0.6 27 0 44 0.6 57 0.9 65 0.9 66 1 74 0.4 85 0 
8556 55 0 60 0 80 0.7 99 0 
8656 6 0.8 27 0.4 35 0.5 51 0.6 58 0.4 61 0 
8670 10 0.4 19 0.6 36 0 44 0 53 0 62 0.5 97 0.6 
8740 13 0.7 14 0 16 1 22 0.6 24 0.6 26 0.3 37 0 46 0 72 0 90 0.9 
8835 13 1 14 0.7 
8859 43 0 47 0.9 52 0.8 53 0.5 68 0.6 74 0 
9052 11 0.9 78 0.9 97 0.9 
9277 23 0 92 0.7 
9374 14 1 67 0 
9381 10 0.5 23 0 32 0 54 0.8 61 0 74 0.6 79 0.4 85 0 99 0.8 
9396 6 0 12 0.6 61 0.5 66 0.3 75 0.7 82 0.6 
9413 6 0.4 35 0 53 0 96 0 
9530 1 0.7 14 0.5 34 0 36 0 41 0 62 0 66 0 71 0.9 97 0.5 
9730 26 0.5 75 0.8 99 0.4 
9851 3 0.6 18 0.4 23 0.4 32 0 39 0 63 0.4 73 0 93 0.8 
9947 29 0.5 33 0.9 68 0.5 87 0.5 
9975 3 0 15 0.7 28 0 31 0.9 47 0 65 0.5 75 0.4 89 0 96 0.9 
