100
156 33 0 97 0 
262 3 0.3 10 1 16 0 42 0.3 70 0.3 71 0.8 79 0 87 0.4 89 0.8 
371 3 0.4 24 0 
585 9 0.5 13 0.3 14 0 29 0 37 0.9 59 0.5 70 0.4 
600 1 0.4 22 0.6 43 0 56 0.3 
632 7 0 18 0 35 0.5 52 0 
952 7 0 20 0 23 0 35 0.5 39 0.5 41 1 58 0 67 0 81 0.7 84 0.9 
978 68 0 
1016 2 0.3 10 0 28 0.6 43 0.5 51 0 56 0.3 62 1 71 0 94 0 98 0.8 
1121 0 0 21 0 70 0.5 74 0.5 
1281 4 0.3 17 0.9 23 0.5 48 0.9 65 0 69 0 72 0.9 83 0.4 90 0 
1422 40 1 
1509 9 0.7 13 0.9 57 0.3 60 0.5 77 0.6 
1995 35 0.6 37 0.6 39 0.9 45 0 64 0.9 77 0.7 
2012 2 0.8 7 0.8 8 0.4 25 0.4 28 0.7 58 0 63 0.7 89 0.7 
2053 9 0 14 0 15 0.8 42 0 48 0 83 0.7 
2069 25 0 34 0.6 55 0.9 60 0.9 72 0.9 73 0.8 
2087 8 0.4 44 0 56 0.4 62 1 73 0.4 88 1 
2218 28 0.6 36 0.7 37 0.8 41 0.9 42 0.9 43 0.9 56 0.6 66 0 90 0.9 94 0.7 
2256 3 0.4 12 0.6 15 0.3 19 0.7 24 0.3 26 0.8 32 0.8 46 0.8 60 0.9 81 0 
2289 5 0.4 83 0 
2339 55 0.5 
2415 4 0.8 6 0 14 0 19 0 20 0.6 79 0.9 80 0.4 98 0.7 
2495 18 0.7 33 0 66 1 
2599 0 0 26 0.4 46 0.8 53 0.5 73 0.9 79 0 80 0.4 90 0.9 
2645 64 0 
2744 16 1 
2796 7 0.9 24 1 33 0 35 0.8 36 0.7 42 0 44 0.9 63 0.8 66 0.3 76 0.4 
3118 35 0 93 0.9 
3143 2 0 16 0.5 48 1 52 0.6 60 0.3 67 0.4 68 0.7 69 0.3 
3194 78 0 96 0.7 
3337 15 0.9 22 0.7 50 0.8 54 0 62 0 63 0.7 71 0.3 94 0.9 97 0 
3413 11 0.4 27 0.8 53 0.5 
3490 37 0 71 0.3 
3638 0 0.9 3 0 60 0.5 
3654 0 0.3 8 0.8 25 0.6 29 0.5 38 1 44 0.4 
3706 7 0 89 0.3 
3716 5 0.5 9 0 20 0.9 70 0.7 72 0.8 98 0.4 
3966 10 0 14 0.8 32 1 41 0.4 49 0 63 0.4 65 0.5 92 0.4 
4140 21 0.3 54 0.5 
4521 11 0.9 
4524 6 0.4 45 0 53 0 78 0.6 84 0.4 
4577 11 0.3 32 0.3 36 1 
4673 12 1 
4703 5 0.8 16 0.4 17 0 38 0 45 0.3 59 0.5 62 0.6 
4815 26 0.5 38 0.8 48 0.7 52 0 68 0 
4824 9 0.4 43 0.9 47 0.5 62 0 73 1 83 1 
4834 1 0.9 9 0.9 20 0 28 0.9 31 0.4 48 0.8 50 0.6 74 1 78 0.3 88 0.8 
4993 29 0.5 30 1 32 0.3 35 0.5 
5029 22 0.9 26 0 45 0.3 83 0.6 
5032 0 0.9 6 0 75 1 89 0.9 
5145 3 0 15 0 58 0.3 73 0 
5375 86 0.9 
5749 1 0.4 23 0 36 0 59 0.5 70 0.3 
6023 2 0 17 0.4 59 0 68 0 77 0.9 81 0.3 85 0 96 0 
6113 6 0.7 14 0.9 31 0.4 48 0.4 64 0.6 98 0.3 
6242 10 0.3 52 0.6 96 1 
6350 1 0.9 8 0 22 0 35 0.7 38 0.3 57 0 67 0.6 77 0 80 0.5 84 0.3 
6382 6 0 10 0 16 0.7 22 0.5 39 1 56 0 76 0 82 0 87 0.9 88 0.8 
6466 33 0 44 0 51 0 63 0.8 85 0 99 0.5 
6569 10 0.9 17 1 42 0.3 54 0.4 70 0.6 
6581 29 0.4 53 0 58 0 70 0.4 94 0 
6749 0 0.9 8 0.7 16 1 25 0.7 28 0 45 0 52 0.5 56 0.9 
6750 6 0.5 16 0.8 26 1 28 0 35 1 37 0.8 47 0.6 58 0.4 72 0.5 
6768 2 0.9 28 0.4 66 0.6 69 0.6 78 0 83 0.5 86 0 
6808 7 0 15 0.4 37 0.9 52 0 73 0.5 75 0.6 77 0.5 80 0.4 
6852 13 0.9 16 0.5 22 0 56 0.7 72 0.6 83 0.9 
6920 0 0.9 2 0 20 0.3 39 0.3 41 0 47 0 73 0.5 83 1 89 0.7 98 0.4 
6952 8 0.3 23 0 42 0 50 1 56 0.3 59 0.7 60 0 75 1 76 0.5 83 0 
7293 27 0.3 32 0 34 0 37 1 40 0.8 60 0.7 69 0.4 70 0.9 96 0.5 
7330 46 0 
7518 24 0 45 0.4 52 0 60 0 70 0.7 
7638 12 0 15 0.3 24 0.4 31 0.7 33 0.8 39 0.6 
7686 31 0.5 
7704 0 0.9 10 0 37 0 95 0.3 
7708 3 0.3 5 0.7 14 0 19 0.9 26 0 41 0.9 51 0 63 0.4 68 0.9 94 0.8 
7779 23 0.9 67 0.3 71 0.6 73 0 88 0.3 93 0.5 
7786 3 0 6 0.9 12 0.9 19 0.6 42 0.8 49 0.6 70 0.4 71 0.8 85 0.5 
7875 19 0.9 20 0 48 0 79 0 81 0 94 0.9 
8142 15 0.5 20 0.7 36 0 48 0 54 0.7 59 0.9 65 0.5 66 0.7 81 0.9 89 0 
8177 16 0.8 42 1 46 0.4 51 0.3 59 0.3 62 0.7 
8198 23 0.4 32 0.8 43 0.6 49 0.6 63 0 75 0.6 77 0.8 85 0.5 94 0 99 0.3 
8230 31 0.6 36 0.9 57 0.6 58 0 60 0.5 70 0 74 0.6 79 0.3 94 0.4 
8351 22 0 51 0 80 0 87 0.9 89 0.4 
8391 25 0 
8487 21 0.3 32 0.5 85 0 
8814 7 0 43 0.7 75 0.7 96 0 
8994 13 0.6 14 0.3 25 0.4 28 0 51 0.9 53 0.5 
9046 11 0 14 0.5 32 1 
9058 6 0 16 0.7 19 0.5 36 1 50 1 57 0 59 0 67 0.9 99 0.4 
9120 19 0.6 43 0.3 48 0 57 0.9 58 0.7 75 0.4 93 0.9 
9175 47 0 52 0 65 0.7 74 0 84 0.8 90 0 97 0 
9271 7 0.8 19 0.9 32 0.8 41 0.8 45 0.7 51 0.3 61 0.8 64 0.7 82 0.6 91 0.7 
9342 11 0.7 80 0.7 
9399 4 0.5 14 0.6 30 0 57 0.4 62 0.3 65 0.6 71 0.4 79 0.5 
9425 10 0.8 25 0.4 37 1 58 0.6 62 0 66 0.7 
9443 5 0.4 21 0.3 49 0 50 0.5 63 0.7 75 0.6 80 0.3 84 0.8 90 0.4 96 0.6 
9565 69 0 
9615 21 0.4 38 0.6 86 0 
9656 9 0.5 
