100
139 0 0.6 10 0.7 28 0.5 30 0.7 45 0.5 47 0.3 58 0.7 69 0.9 92 0.6 
222 11 0.9 21 0.8 31 0.3 60 0.9 70 0.7 78 0.6 81 0.8 85 0 
283 1 0.5 28 1 54 0.4 84 0.9 87 0 
468 0 0.6 18 0 60 1 
553 0 0.3 9 1 59 0.9 60 0.6 61 0.5 67 0.7 77 0.5 
670 20 0 62 0.3 86 0 88 0.6 89 0.7 98 0.8 99 0.9 
714 11 0 35 0.3 46 0 
741 26 0 34 1 39 0.4 69 0.3 96 0.7 
765 7 0 45 0 47 0.5 51 1 64 0.9 70 0 95 0.7 
912 1 0.6 9 0.9 22 0.4 50 0.9 73 0.7 79 1 80 0 
975 1 0 
984 1 0.3 4 0.3 32 0.8 33 0.9 37 0 85 0.9 95 0 
1002 29 0 48 0 54 0.3 63 0.3 93 0 
1219 50 0.6 86 0.5 
1232 62 0.5 
1317 26 1 
1415 26 0 55 0.7 96 0.9 
1442 0 0.6 3 0.7 19 0 25 0 27 0 28 0 39 0 52 0 74 1 
1511 22 0 40 0.7 55 0.7 56 0.8 58 0.7 67 0.7 97 0.9 98 0.8 
1601 42 0 48 0.5 57 0 
1670 10 0.6 65 0 82 0.9 
1728 2 0 12 0 22 0.9 40 0 80 0.8 91 0.5 
1732 4 0 23 0.8 31 1 52 0.7 97 1 
1737 41 0.7 43 0 62 0 64 0.7 66 0.9 70 0.6 
1773 68 0 76 1 80 0.4 
1903 6 0.7 14 0.6 38 0 54 0.8 58 0.6 93 0.5 
1912 7 0 14 0.5 38 0.7 39 0.4 67 0.7 70 0.5 71 0 72 1 88 0 98 1 
1991 82 0 
2051 3 0 11 1 23 0.9 
2205 37 0.8 38 0 42 0.8 45 0 77 0.8 81 0.6 88 0.3 
2383 6 0 23 0.8 33 0.8 38 0.3 43 0.3 77 0 81 0.4 89 1 90 0.9 
2433 4 0 14 0 27 0.9 33 0 36 0.5 57 0.3 82 0.4 91 0.3 
2660 16 0.7 17 0.3 26 0.5 34 0.6 
2726 19 0.8 46 0.4 57 0.6 82 0.6 
2766 6 0.4 12 0.6 14 1 20 0 31 0 38 0.6 87 0.8 92 0.4 96 0.5 97 0.4 
2821 10 0 28 0.7 41 0.8 45 1 63 0.7 65 0 72 0.3 99 0.9 
3032 2 0 6 0.7 15 0 23 0 33 0.4 45 0 73 0.9 
3072 7 0.6 33 0.7 
3371 60 1 86 0.7 98 0 
3489 24 0.8 32 0.4 72 0.7 85 0.8 93 0.3 
3912 1 0.7 8 0 18 0.5 21 1 38 0 62 0.4 73 0.3 93 0.3 98 0 
4190 7 0.8 22 1 26 0 51 0 55 0.4 84 0 98 0 
4352 9 0.4 31 0.7 38 1 49 0.7 60 0.7 65 0.9 67 0.4 77 0.7 81 0 93 0.6 
4395 34 1 44 1 50 0.3 56 0.5 
4426 20 0.3 
4575 10 0.6 21 0 29 0 41 0.3 65 0.4 85 0.7 
4621 9 0.5 11 0 46 0.6 55 0 65 0.4 85 0.6 92 0 
4668 2 0.5 68 0.6 98 0.6 
4832 0 0 16 0.8 40 0.3 48 0.8 89 0.4 
5054 10 0.7 52 0.3 56 0.5 69 0.4 
5290 62 0 79 0 98 1 
5775 9 0.9 26 0.7 46 0.7 79 0.8 
5792 10 0.7 13 0.3 25 0.4 35 0 54 0 81 0.8 
6064 8 1 9 0 34 0 77 0 79 0.4 
6065 18 0.3 25 0 26 0.8 62 0.9 72 1 80 0 86 0.3 97 0 
6087 10 0 20 0 22 1 49 0 52 0.3 53 0.7 66 0 67 0.3 92 0.4 
6097 35 0.5 58 1 59 0.5 72 0 
6107 70 0 99 0.6 
6192 9 0 23 0.5 39 0.4 58 1 59 0 66 1 68 0.7 73 0 88 0.3 
6224 70 0 78 0 89 0.5 
6306 0 0.6 49 0 97 0.8 
6318 13 0.7 27 0.3 44 0.4 56 0.3 68 0.8 72 0.5 73 0.6 75 0.4 80 0.3 
6395 6 0 17 0.3 28 0.8 31 0.7 36 0.4 38 0.9 49 0.7 68 0.6 80 0 81 0.3 
6614 9 0 27 0 36 0 38 0 61 0 70 1 75 0.4 
6639 9 1 14 0.8 17 0.8 48 0.4 57 0 61 0.7 63 0.6 68 0 93 0.3 
6667 10 0.4 17 1 31 0.3 34 0 40 0 43 0.4 48 0 59 0.6 61 0.7 96 0.4 
6694 46 0 49 0.4 70 0 78 0 
6842 5 0.3 51 0.8 58 0 76 0 81 0 
6855 17 0.8 37 0.9 
7005 17 0.3 21 0.8 25 0.7 46 0.3 95 0 96 0 
7086 7 0.5 20 0.7 26 1 33 0.8 45 1 61 0.5 
7202 86 0.8 
7247 3 0.3 14 0.6 29 0 48 0.6 84 0.8 94 1 
7279 9 0.8 14 1 29 0.7 58 0 83 0.8 88 0 
7299 27 0.3 39 0.3 55 0.7 78 1 
7303 29 0.8 
7575 15 0.7 37 0 42 0.4 56 0 58 0.9 90 0.8 
7733 9 0 10 0.8 18 0.6 25 0 32 0.6 33 0.7 39 1 79 0 86 0.4 87 0 
7841 16 0 27 0.5 29 0.3 32 0 46 1 61 0 75 0.9 83 1 
7874 0 0 24 0.6 39 0.7 
7922 3 0.9 28 1 48 0.4 59 0.5 65 0 76 0.4 78 0.3 
7934 1 0.3 25 0.7 40 0 53 0.3 57 0 66 0.5 
8079 8 0.8 11 0.9 27 0.5 55 0 62 0.9 83 0.6 94 0.4 
8269 90 0.6 
8404 7 0.3 10 0.4 13 0.6 22 0.9 53 0 71 0.4 81 0.3 82 0.5 
8456 1 0 10 0.9 19 0.7 22 0.5 32 0.8 77 0.9 78 0.3 
8674 3 0.6 4 0.4 55 0.3 65 0 90 0.8 
8796 3 0.6 34 0.9 72 0.9 77 0.8 81 0 
8859 43 0.3 47 0.8 52 0.8 53 0 68 0 74 1 
8999 13 0.9 48 0 63 0.3 79 1 
9161 22 0.6 26 0.4 57 0.5 69 1 77 0.8 79 0.5 86 0.3 87 0 90 0.6 
9194 17 0.7 24 0.6 32 0 36 0 47 0 49 0.5 52 0 63 0 90 0.6 94 0.5 
9206 3 0.5 30 0 
9398 46 0.9 47 1 80 0.7 
9496 26 0.8 32 0 36 1 55 0.9 63 0.3 64 0.3 66 0.8 
9516 5 0.3 6 0.3 10 0 22 1 47 0.3 52 0.6 70 0.4 74 0.4 86 0.6 88 0 
9587 37 0.3 
9607 15 0 
9653 14 1 20 0.5 24 0 52 1 55 0 72 0.4 84 0 
9719 48 0 83 0.3 
