100
23 4 0.4 11 0.4 19 0.3 57 0.9 61 0.3 65 0.4 74 0.6 86 0.6 
37 15 0 19 0.6 
180 14 0.6 18 0.4 20 0.6 35 0.5 72 1 94 0 98 0.4 
302 4 0.4 11 0.7 22 0 65 0 75 0.9 80 1 89 0.6 94 1 
389 9 0 19 1 25 0.5 27 0.9 39 0 55 0.5 57 0.5 73 0.5 94 0.4 
753 0 0.5 20 0.5 25 1 63 0 70 0.3 77 0.9 91 0.8 
852 33 0.6 49 0 51 0.5 60 0.4 75 0.6 77 1 78 0.9 83 0.8 91 0.9 99 1 
915 13 0.4 38 0.8 40 0.5 64 0.3 91 1 96 0.8 
955 29 0.5 38 0.5 74 0 
965 13 0.6 23 0.4 30 0.8 35 0.4 53 0.6 62 0.4 65 0.6 69 0 75 0.5 85 0 
1103 79 0.7 
1202 2 0.7 9 0.8 15 0.6 18 0 34 0.8 75 0.3 76 0.7 77 0.9 93 0.4 
1215 1 0.3 2 0.4 6 0.5 61 0.8 64 0 66 0.8 93 0.6 94 0 
1297 8 1 11 0.3 86 0 
1306 23 0.3 33 0.7 48 0.4 55 0.9 57 0.7 74 0.4 81 0 94 0 
1340 7 0 8 1 9 0.6 75 0 81 0.8 86 0.8 
1400 17 0 47 0.3 71 0 
1413 2 0.3 11 0.4 28 0.5 44 0.8 72 0 83 0 88 0.4 97 0.8 
1421 11 0.8 47 0.3 52 0.9 65 0.9 77 0.5 
1439 51 0 58 0.7 65 0.4 73 0.9 80 0.7 86 0 90 0.7 
1456 2 0.3 31 0.4 37 0.8 
1571 32 0.3 
1584 12 0.4 19 0.9 25 0 30 0.8 44 0 49 0.4 58 0.4 74 0.5 78 0.8 
1591 23 0.7 27 0.9 34 0.9 44 0.9 52 0.3 58 0 63 0.5 65 0.4 70 0.3 94 0.6 
1608 11 0.9 26 0 79 1 
1768 7 0.3 12 0.3 14 0.9 33 0.5 46 0 52 1 74 0.8 88 0 96 0 
2087 8 0.4 44 0 56 0.8 62 0.5 73 0.9 88 1 
2111 7 0.8 32 0.4 55 0.9 57 0 62 0.8 73 0.8 
2273 1 0.9 22 0.4 26 0.7 27 0.9 28 0.9 58 0.8 67 0 72 1 81 0 88 0 
2331 12 0.9 17 0.7 23 0.8 52 0.9 54 0.4 59 1 85 0 86 0.7 95 0.8 
2347 18 0.3 43 0.3 45 0.5 48 0.5 57 0.9 63 0.8 90 0.9 93 0.6 98 0.9 
2511 16 0 17 0 29 0.4 39 0 51 0.8 82 0 88 0 98 0.9 
2565 4 0.3 34 0.3 49 1 50 0.3 66 0.8 73 0.6 78 0.7 94 0 96 0.8 97 0 
2582 23 0 27 0.4 36 1 53 0.8 57 0.5 64 0 67 0.7 90 0.4 
2638 22 0.7 72 0.4 80 0.8 
2678 75 0.5 
2851 12 0 67 0.5 70 0.8 87 0.9 92 0.5 94 1 99 0.9 
2919 3 1 21 0 22 0 47 0.6 73 1 
3049 23 0.7 24 0.7 32 1 59 0.6 81 0 83 0 
3160 32 0 48 0.4 58 0.6 65 0.4 
3325 3 0 10 0.3 32 1 48 0.7 67 0.9 74 1 94 1 
3542 55 0.3 68 1 71 1 
3940 13 0.7 17 0.9 32 0 35 0 44 0 93 0.8 
4195 5 0.4 6 0.6 84 0 
4353 32 1 58 0.4 75 0.8 78 1 89 0.3 
4378 20 0.9 37 0.6 68 0.8 94 0 
4400 25 0 72 0 77 0.6 94 0.5 96 0.4 97 0.5 
4649 6 0.4 10 0.7 30 0.6 46 0 69 0.7 83 0.6 
4703 5 0.7 16 0 17 0 38 0.8 45 0 59 0.6 62 0.5 
4831 2 0.4 29 0 33 0.6 48 0.4 66 0.4 74 0.8 83 0 
4863 50 0.6 56 0.4 
5012 7 0.8 29 0.8 65 1 
5127 10 0.5 51 0.7 66 0.7 72 0.9 79 0.9 
5130 48 0.9 70 0 
5257 89 0.3 
5484 80 0 
5536 17 0.4 23 0 30 0.4 43 0.5 88 0 
5540 33 0 35 0 83 0.6 
5552 11 0.7 30 0.6 55 0 61 0.8 70 1 76 0 78 0.3 90 0.7 
5635 38 0.6 58 0.4 86 0.9 87 0 
6122 4 0 34 0.5 58 0.8 63 0.3 72 0.4 74 0.9 79 0.5 82 0.7 94 0.5 
6436 18 0 24 0.5 25 0.8 61 0.4 76 0 88 0.9 92 0 97 0 
6486 54 0.6 82 0.4 
6506 2 0 7 0 12 0 16 0.4 26 0.4 45 0 53 0.3 80 0.7 
6568 9 0.6 27 0 59 0.5 
6636 45 0 
6783 4 0.3 41 0.4 65 0 80 0.5 91 0 
6855 17 0 37 0 
6876 5 0 20 0.3 33 0.8 43 0 64 0 75 0.4 81 0 
6967 0 0.7 17 0.4 22 0.6 28 0.7 52 0 57 0.5 74 0.9 76 0 80 0 97 0.3 
7203 29 0 31 1 32 0.6 66 0.4 79 0.4 92 0.3 99 0 
7206 9 0.7 13 0 22 0 32 0 38 0 48 0 55 0 77 0.4 78 0.5 89 0.6 
7241 4 0.5 23 0.7 48 0.7 63 0.7 84 0.7 98 0.7 99 0.7 
7337 14 0.9 80 0.9 83 0 
7346 17 0.8 47 0 52 0.6 59 0.8 86 0.6 
7630 8 0.6 15 0.3 36 0.3 67 0 
7697 21 1 
7909 23 0.6 33 0.8 36 0.4 62 0.8 72 0 
7959 18 0.8 25 1 34 0.8 70 0 75 0.3 77 0.9 78 0 81 0 89 0.3 98 0.9 
8037 6 0.7 24 0 30 0.6 42 0.4 45 0.9 52 0.3 71 0.6 
8048 34 0.4 36 0.4 40 0 47 0.5 83 0.9 
8392 60 0.3 
8397 5 0 24 0.7 26 0 32 0.3 42 0.4 47 0.6 61 0 88 0 
8399 4 0.3 7 0 57 0 67 0.8 68 0 73 0.8 85 0.9 95 0.6 
8683 7 0.5 60 0.4 85 0 92 0.5 
8792 5 0.8 13 1 14 1 21 0.6 25 0.8 37 0.5 47 0.4 81 0.5 
9051 0 0 30 0 45 0.6 65 1 70 0.4 75 0.3 95 0 
9060 3 0.3 22 0 41 0 45 0.4 46 1 61 0.3 74 0.4 76 0.7 88 0.8 
9106 2 0 20 0.4 30 0 38 0 60 0.7 64 0 78 0.7 
9107 5 0.4 6 0.7 7 0.4 24 1 39 0 41 0.3 42 0.9 45 0.5 54 0 64 0 
9118 12 0.7 22 1 42 1 46 0 76 0.9 
9169 15 0 71 1 72 0 73 0.4 84 0 
9224 44 0.4 
9289 53 0 64 0.3 84 0 89 0.6 
9491 1 0.5 12 0.6 61 0.3 62 0 
9612 9 0.4 26 0.4 47 0.8 51 0.6 53 0.3 55 0.9 65 0 69 0.3 77 1 
9692 11 0.3 18 0.6 19 0.4 23 0.5 42 0 73 0.4 78 0 87 0.7 93 0.7 
9761 4 0.3 22 1 28 0.3 40 0.4 63 0 66 0 
9837 27 0 
9872 28 0.5 39 0.4 60 0.6 61 0.3 
