100
157 49 0.8 73 0.6 92 0 95 1 
222 11 0.3 21 0.8 31 0.9 60 0 70 0.7 78 0.3 81 0.3 85 0.5 
383 18 0.5 40 0 55 1 57 0.4 79 0.6 94 0 
423 24 0.9 25 0.5 
429 33 0.6 94 1 
488 0 0 55 0 61 1 73 1 
561 6 0.9 7 0 60 0.9 65 0.5 77 0.5 95 0.4 
649 0 0.8 4 0.7 13 0.3 25 0 38 0.3 46 0.6 69 0 70 0.3 74 0 
693 59 0 
864 13 0.7 20 0 67 0 71 0.6 77 0 90 0 94 0.9 
872 0 0.9 3 1 22 0.7 48 0.9 60 0.8 72 0 86 0.8 88 0.8 93 0.7 
1215 1 0.3 2 0 6 0.4 61 1 64 0.5 66 0 93 1 94 0 
1262 31 1 38 0.7 41 0.4 
1318 41 1 
1543 21 0.8 30 0 42 0.9 55 1 57 0.8 93 0.6 95 0.6 
1625 22 0.8 26 0.9 42 0.6 67 0.3 80 0 
1643 12 0.8 13 0.8 19 0 23 0.9 47 0.8 76 0 95 0 99 0.4 
1681 11 0 18 0 35 0.4 72 0 80 0.8 83 0.3 84 0.6 98 0.8 
1732 4 0 23 0 31 0.7 52 0.8 97 0 
1754 15 0.9 25 0.7 31 0 32 0.9 82 0.6 
1782 1 0.3 2 0 43 0.3 53 0.6 54 0 65 0.3 71 1 85 0.5 99 0.9 
1914 2 0.8 24 0.5 56 0.3 67 0.5 69 0 
1945 17 0 42 0 55 0.8 59 0.9 68 0.3 80 0.6 81 0.4 95 0 
2047 8 0 31 0.6 44 0.3 55 0.8 77 0.7 
2139 16 0.3 33 0.7 34 0 62 0.9 70 0.7 84 0.9 89 0 
2166 0 0 23 0.4 42 0.4 45 0.6 90 0.3 92 0.5 
2169 51 0.6 
2374 3 0.3 23 0.8 32 0.4 90 0.7 
2446 72 0.8 
2738 3 0.4 39 0 46 0 71 0 81 0.9 
2781 2 0.3 57 0 62 0.7 66 0 87 0.3 91 1 92 0.7 96 0 
2940 6 0.9 15 0 35 0 65 0.9 74 0.6 79 0.9 80 0.8 89 1 92 0.3 
2973 23 0.8 31 0 38 0 49 0.9 
3044 42 0 44 1 52 0 56 0.9 60 0 71 0 78 0 
3078 5 0.4 63 0 
3205 15 0 31 1 81 0.5 83 1 99 0.8 
3285 11 0.8 30 0.9 44 0 59 0.7 66 0.4 72 0 73 0.6 74 0 
3307 34 0.8 43 0 
3410 8 0.5 51 0 70 0 89 0 90 0.7 
3421 3 1 4 0.5 16 0.6 46 0.9 57 0 67 0.9 80 0.4 87 0.5 88 0 94 1 
3699 24 0.8 
3783 5 0.6 7 0.9 29 0.3 39 0.4 42 0 55 0 78 0.7 87 0.8 95 0.7 
3821 6 0 12 1 23 0 26 0.7 49 1 82 0.4 88 0.5 
4017 3 0.9 29 0 34 0.7 37 0.7 47 0 50 0.9 56 0.5 65 0.7 78 0.8 
4035 54 0 55 0.4 57 0 66 0.6 
4150 65 0.9 67 0 72 0 
4311 9 0.4 14 0 44 0.9 48 0 92 0 95 0.5 
4385 42 0.7 68 0.5 
4426 20 1 
4464 3 0.4 20 0.4 50 0.5 64 0.4 68 0.3 88 1 95 0.3 
4693 5 0.5 9 0.5 18 0.5 22 0.4 36 0.4 38 0.3 41 0 82 0 96 0 98 1 
4721 1 0.3 36 0 41 0.4 76 0 91 0 
4885 2 0.3 9 0.3 15 0.5 39 0.7 44 0.8 50 0.7 58 1 70 0.8 93 0 94 0 
5016 26 0 44 0.6 72 0.3 85 0.8 94 0.6 
5055 6 0 37 1 50 0.9 52 0.8 58 0.7 67 0.5 70 0.7 79 0 92 0.3 
5129 3 0.6 68 0 70 0 
5146 18 0.6 37 0.8 40 0.4 41 0 61 0.3 
5288 1 0.9 2 0 4 0.6 14 0.9 27 0 28 0.8 29 0.8 45 0.9 72 1 
5311 2 0.9 7 0.3 11 0.6 16 0.5 18 0.3 23 0.6 41 0.7 67 0.6 
5320 1 0 10 0 22 0.7 37 0 45 0.4 57 0.4 71 1 79 0 80 0.3 82 1 
5451 3 0.8 17 0.3 47 0.8 67 0.5 73 0 85 0.9 
5466 9 0.4 16 0.3 23 0.5 38 1 40 0.5 43 0 46 0 59 0.3 96 1 
5530 3 0.6 38 0.6 49 0.3 63 0.6 72 1 93 0.7 
5579 13 0.4 21 0.9 49 0 51 0.6 64 0.7 65 0.6 
5708 20 0.6 
5795 16 0 31 0 68 0 69 0.7 85 0 
5951 6 0 9 0.4 20 0.5 21 0.7 48 0.8 54 0.5 68 0.5 73 0.5 86 0 93 0.3 
5965 45 0.3 75 0 88 1 94 0 
6260 61 0.3 
6296 18 0.6 29 0.7 30 0.5 42 0 52 0.6 89 0 98 1 
6427 23 0.9 42 0.9 48 0.8 91 1 
6559 5 0.5 22 0.8 32 0.6 40 0.6 47 0.8 49 0.9 58 1 67 0 68 0.9 71 0.4 
6608 23 1 29 0.7 38 0.3 64 0 68 0.7 74 0.8 
6686 2 0.7 7 0 13 0 21 0 54 1 67 0.3 70 0.5 79 0.8 80 0 91 0.4 
6733 86 0.8 
6827 0 0.6 26 0.9 60 0.4 
6960 11 0 17 0 31 0 60 0.8 75 0.7 
7113 38 0.5 
7183 5 0.3 87 1 
7586 9 0.3 11 0 16 1 19 0.3 32 1 79 0.4 98 0.5 
7649 12 1 16 0.9 26 0.7 35 0.4 40 1 78 1 80 1 84 0.8 
7965 10 0 25 0.6 29 0.9 34 0.5 36 0.9 46 0 71 0.7 81 0.3 96 0.9 
7981 1 1 5 1 6 1 7 0.6 16 0.3 17 0.7 26 0.8 72 0 97 0.7 
8225 10 0.9 36 0.6 63 1 
8270 36 0.4 37 0.4 45 0.9 54 0 64 0.3 69 0 94 0 97 0 
8334 14 0.7 19 0.4 28 0.7 29 0.5 44 0.9 47 0.3 63 0.8 88 0.5 91 0 94 1 
8448 64 0.7 
8475 11 1 29 0.6 32 0.5 45 0.9 57 0.7 67 0.3 86 1 91 0.9 96 0.8 
8604 67 0.3 70 0.8 73 0.6 85 0 86 1 91 0 99 0.8 
8882 0 0.4 21 0.7 43 0 45 1 46 0.7 56 0.8 65 0.3 66 0.5 73 0.6 97 0.8 
9254 23 0.6 27 0.7 29 1 30 0 34 1 54 0.4 79 0 
9389 0 0.6 37 0.4 41 0 58 0 63 0.7 69 0.8 84 0.5 
9572 0 0.8 21 0.7 49 0.6 55 0.4 65 0 86 0.6 
9665 2 0 5 1 19 0.9 24 0.4 49 0.7 62 1 66 0 78 0.6 82 0.9 83 0 
9744 13 0 54 1 95 0.8 
9844 21 0 25 0 27 0.4 34 0.6 46 0.7 51 0 76 0 
9857 0 1 2 1 8 0.3 19 0 24 0.5 50 0 51 0.7 52 0 78 0.5 98 0.7 
9866 80 0 
9925 10 0 58 0 
9950 28 0 50 0 97 0.4 
