100
97 5 0.3 9 0.3 13 0 16 0 54 0 62 0 
183 4 0.3 28 0.5 29 0 30 0 45 0.7 61 0 74 0 77 0 80 0.6 91 1 
378 74 0 85 0 88 0.4 90 0 
404 56 0.4 
490 3 0.9 22 0.4 40 0.9 66 0.3 86 1 
601 6 1 11 0.4 26 0.6 28 1 67 0.5 77 0.9 88 0.6 90 0.9 97 0.3 
680 30 0.9 44 1 51 0 53 0 57 0 72 0.5 
739 0 0.8 40 0.3 42 0.7 48 0 53 0.3 66 1 70 1 73 1 99 0.6 
795 64 0.6 
838 2 0.8 21 0.8 45 0 46 0.7 50 0 66 0 
959 13 0 49 0.4 86 1 
1045 9 0.6 11 0.5 13 0.6 19 0.5 44 0.8 55 0.8 60 0.4 66 0 82 0.8 99 0.7 
1092 28 1 30 0 33 0.4 46 0.5 
1174 98 0.8 
1187 5 0.9 18 0 28 0.3 90 0 
1191 25 0 
1218 2 0.9 13 0.5 37 0 55 0.3 64 0 69 0.3 78 0.3 
1272 15 0.3 22 0 31 0.5 36 0.3 56 0.8 57 0.6 58 0.4 65 0.6 86 0.5 88 0.5 
1298 23 0 48 0.7 68 0 77 0 90 0 94 0 
1469 20 0.6 22 0.8 96 0.4 97 0.3 
1476 16 0.7 32 0.8 40 1 61 0.4 
1700 14 0.4 50 0 52 0.4 58 0.5 75 0.8 76 0 81 0.6 92 0.5 97 0 
1725 52 0.8 55 0 56 0 64 0 
1807 14 0.7 31 0.4 36 1 
1853 65 0.3 87 0.5 
1897 47 0 54 0 73 0 82 0 90 0.6 94 0 95 0.7 
1934 6 0 99 0 
1995 35 0 37 0.6 39 0 45 0.3 64 0.5 77 0.6 
2003 5 0.8 11 0.9 14 0 19 0 73 0.9 96 0.4 
2062 1 0 5 0.5 36 0 45 0.5 61 0 65 0 77 0.3 88 1 98 0 
2111 7 0.3 32 0 55 0 57 0.4 62 0.4 73 0.5 
2142 24 0 60 1 89 0 
2177 0 0.3 7 0.4 20 0 28 0.5 30 0.4 75 1 
2270 93 0.6 
2330 17 0.5 23 0.4 44 0.7 50 0.3 58 0.4 
2342 10 0.5 19 0.8 24 0.3 35 0.7 58 0.7 63 0.3 89 0.5 
2409 19 0.6 
2552 16 0.9 19 0.3 48 0.4 58 0.3 66 0 97 0 99 1 
2767 6 0 10 0.4 17 0.4 37 0.8 41 0.5 44 0 52 0.6 56 0.8 70 0.3 76 0.5 
2837 27 0.6 35 0 42 0.7 47 0 68 0 72 0.5 73 0.9 
2865 13 0 32 1 40 0 54 0.6 65 0 93 0.8 
2876 9 1 31 0 75 0 85 0 
2931 40 0.3 86 0.8 88 0.7 97 0.4 99 0.3 
3009 14 0.4 
3071 15 0.6 43 0 57 0 60 1 62 0 68 0 75 0.8 84 0 91 0 
3298 38 0.3 56 0.6 64 0.8 89 0.9 90 0 
3339 0 0.8 1 0 38 0.5 45 0.4 59 0.3 70 0 89 0.7 
3407 12 0.3 31 0.7 
3492 4 0.7 26 0.3 61 0.8 67 1 77 0.4 
3516 12 1 13 0.3 21 0 42 0 59 0.6 60 0 68 0.4 69 0 79 0.3 98 0 
3674 7 0.5 
3717 42 0 43 0.6 58 0.6 66 0 68 0.9 71 0.6 77 0.4 
3784 31 0.7 39 0 60 0 89 0 95 0 
3852 17 0 26 0 29 1 69 0.9 81 0 92 0.3 95 0.7 
3855 40 0.7 69 0 
4053 17 0.3 18 0 40 0 47 0.7 50 0 63 0.6 69 0 93 0 
4424 16 0.7 18 0.4 32 0.6 52 0.8 78 0.9 80 0.4 91 0 
4528 13 0.5 22 0.4 36 0.5 43 0 44 0.7 51 0.4 52 0.6 65 0 97 0.7 98 1 
4692 11 0.5 30 0.8 69 0.9 90 0.7 
5265 19 0.4 76 1 91 0 
5386 0 0.7 10 0.8 19 0.3 22 0.3 31 0.4 37 0.5 60 0.6 69 0.7 76 0 
5389 1 0 26 0.4 93 0.8 
5396 53 0.9 82 0.8 
5615 27 0.7 30 0.9 36 0 44 1 56 0.9 69 0 70 0 96 0.3 99 0.5 
5622 25 0.9 31 0.6 57 1 
5626 3 0.8 11 0 26 0 35 0.7 39 0.8 61 0 71 0.5 87 0 92 0.3 
5675 24 0.3 27 0.8 71 0 78 0 
5766 25 0.7 58 0.5 72 0.5 80 0.6 82 0 
5776 8 0 14 0 50 0 57 1 66 0 73 0.9 87 0.6 91 0.8 92 0 96 0 
6125 31 0.8 38 0 42 0 43 0.7 50 0.8 51 0.3 74 0.4 79 0.6 84 0.4 88 0 
6145 0 0.3 10 0.8 11 0.9 18 0.4 24 0.8 26 0.3 29 0 39 0.7 76 0 
6184 1 0.6 54 0.3 99 0.9 
6326 39 0.4 60 0.7 82 0.8 84 0 
6531 45 1 57 0.4 63 0.8 64 0.6 76 0.6 77 0.5 82 0 87 0.5 
6542 11 0.3 19 0 26 0 
6600 30 0.6 84 0.6 89 0.9 
7133 1 0 34 0.9 41 0 51 0 82 1 
7170 37 1 39 0 
7191 15 0.7 16 0 53 0.7 69 0.3 73 0.5 82 0 84 0 89 0.3 98 0 
7330 46 0.5 
7335 9 0.3 25 0.4 56 0.6 85 0.3 
7356 8 1 10 1 34 1 35 0.9 46 0.7 66 0.6 79 0.9 93 0.8 
7627 26 0.3 49 0 53 0 59 0 61 0 77 0.8 97 0 
7651 75 0 
7685 65 0.7 
8102 18 0.9 22 0 90 0.9 
8186 32 0.7 59 0.7 
8300 18 0.5 33 0.3 41 0 43 1 70 0.5 73 0.7 84 0.3 92 0.9 
8375 14 0 18 0.4 29 0.6 31 0.7 52 0.6 56 0 66 1 68 0 99 0.8 
8633 7 1 33 0 45 0 52 1 53 0.3 76 0.8 83 0.6 85 0.4 
8735 24 0.8 36 0.3 46 0 50 0.8 57 0 64 0.6 73 0.9 
8756 5 0.7 25 0 47 1 76 0 84 0.4 92 0 
8974 7 0 8 0 19 0.9 29 0 49 0.9 53 0.5 54 0.9 68 0.5 82 0 94 0 
8999 13 0.9 48 0.7 63 0.6 79 0.8 
9044 4 0.5 7 1 13 0 22 0 48 0.4 96 0 
9180 8 0 14 0 20 1 21 0.6 26 0.7 31 0 34 0.9 93 1 95 0 
9216 4 0.6 13 0 21 0.3 56 0.9 
9461 0 0.8 8 0 41 0.4 52 0.7 62 0.7 72 0 84 0.6 92 0.8 95 0.9 
9622 3 0 5 1 20 0 27 0.9 30 0 32 0.9 50 0.8 56 1 81 0.8 85 0 
9709 11 0 29 0.9 41 0.8 43 0.8 47 0 
