100
72 2 1 8 0 23 0 33 0.8 38 0.3 86 0 94 0.4 
396 7 0.7 26 0.8 46 0.9 51 1 56 0 58 0.7 63 0.4 64 0 92 0 
492 57 0.7 58 0 74 0.4 91 0 98 0 
543 12 0.7 31 0.4 42 0.7 56 0 65 0 80 0.6 
678 7 0 10 0.4 24 0 26 0.6 43 0.6 44 1 49 0.9 86 0.5 92 0.4 
700 80 0.5 
914 3 0.4 29 0 34 0.5 62 0.7 64 0.8 92 0 
1123 9 0.9 46 0.6 50 0.5 54 0.6 89 0.6 97 0 
1124 3 0.9 4 0 35 0.7 43 1 54 1 65 0.5 72 0 81 0.9 84 0 85 0.7 
1141 11 0 12 0.8 20 0.4 33 0.8 47 0.9 56 0.6 86 0 89 0.9 90 0 95 0.8 
1207 4 1 10 0.4 24 0.9 31 0.7 39 0 40 0.4 46 0.9 73 0.9 98 0.9 99 0 
1321 5 0.5 11 0.9 18 0 34 0.4 42 0 54 0 60 1 67 0.4 69 0.7 79 0.5 
1335 28 0.6 46 0.3 47 0.4 76 0 
1340 7 0 8 0.7 9 0.8 75 1 81 0.8 86 0.6 
1370 1 0.3 13 0 26 0.5 34 0.6 
1460 15 0 23 0 63 0 64 0.5 65 0.7 77 0 79 0.6 86 0.7 90 0.4 
1565 26 0.9 54 0 61 0 
1669 9 0.9 10 0.6 60 1 
1828 1 0.3 10 0 27 0 42 1 87 0.4 92 0.7 
1831 50 0.6 
2015 14 0.7 35 0.8 97 0.7 
2073 49 0.9 85 0 95 0.5 
2105 21 0.5 35 0.4 43 0.4 58 0.8 72 0.6 73 0.7 90 1 91 0.4 93 0.7 
2151 6 0.7 25 0.5 45 0 51 0.4 63 1 82 0.5 
2160 52 0.7 83 0 93 0.4 
2196 77 0 
2237 55 0 82 0 92 0 
2272 32 0.6 47 0.8 
2279 20 0.7 24 0 56 0.8 65 0 91 0.7 
2300 0 0.3 34 0 
2348 12 0.7 53 0.9 62 0.3 93 0.9 
2402 0 0 14 0.7 20 0 30 0 39 0.7 75 0.6 92 0.9 99 0 
2528 5 0.3 18 0.8 65 0.4 78 0.7 
2612 55 0.3 
2684 18 0.9 
2804 7 0.6 19 0.9 72 0.5 76 0.7 
2858 17 0.4 88 0.6 
2965 12 0 16 0 31 0.8 44 0.3 47 0.4 62 0 
2970 18 0.6 40 0.9 42 0.8 51 0 79 1 89 0.4 97 0.8 
2971 0 0.9 22 0 37 1 76 0 77 0.5 84 1 87 0.4 
3030 6 1 16 0.7 19 0 30 0 32 1 66 0.6 68 0.7 82 0.6 88 1 97 0.7 
3073 2 0.6 13 0.9 31 0.6 52 0.5 69 0 74 0 89 0.6 94 1 98 0.8 
3096 30 0 38 0 69 0.7 72 0.4 83 0.8 84 1 
3258 7 0 14 0.4 21 0.9 41 0.7 60 0 78 0 81 0.8 88 0 89 0.4 98 0.9 
3266 42 0.6 52 0.8 67 0 72 0.8 74 0.7 75 1 97 0.9 
3492 4 0.9 26 0.6 61 0.8 67 0.6 77 0.5 
3504 11 0.8 22 0.4 51 0.5 54 0 88 0.6 90 0.4 98 0.8 
3758 4 0.7 18 0 24 0.8 31 0 54 0.3 58 0.4 63 1 73 0.4 77 0.3 96 0.3 
3883 30 0.8 48 1 73 0.6 81 0.8 
3926 7 0.5 34 1 36 0.7 58 0.8 62 0.7 67 0.9 68 1 77 0 
4029 45 0.7 55 0.8 75 0.5 92 0.6 
4260 28 0 66 0.9 91 0.3 97 0.9 
4321 19 0.7 33 0.6 67 0.3 73 0.3 
4340 18 0 46 0.7 80 0.7 81 0.4 85 0.9 
4406 38 0 
4459 4 0 19 0.9 44 0.3 61 0.4 
4569 94 0.9 
4679 21 1 23 0.9 57 0.7 59 0.7 62 0.4 75 0.5 90 0.5 
4942 33 0 37 0.6 85 0.3 92 1 
5079 1 0.5 4 0.4 12 0 42 0 79 0.7 90 0 
5111 10 1 12 0.9 19 0.5 31 0 55 0.8 74 0.3 85 0.7 87 0.9 96 0.3 
5189 19 0 30 0.8 58 0.3 
5285 6 0 34 1 44 0 46 0.4 50 0 53 0.6 59 0.7 61 0.9 86 0.9 
5310 10 0.4 27 0.5 29 0.3 82 0.6 85 0 
5332 4 0 24 0 27 0.6 28 0 
5733 4 0.9 20 0.4 24 0 54 0.3 93 0.7 97 0.8 
5791 2 0.3 13 0 25 0.6 44 1 57 1 63 0.8 67 0.7 71 0.5 91 0.9 96 0.5 
6068 5 0.3 12 0.8 81 1 85 0.6 
6683 30 0 38 0 60 0 84 0 94 0.7 
6714 28 0.8 37 1 62 0.4 69 0.6 73 1 82 0.4 
6741 22 0.3 
6754 61 0.4 87 0 88 0.3 91 0.7 
6872 5 0.5 40 0.4 53 0.3 79 1 
6885 1 0.8 7 0.4 41 0.6 51 0.5 53 0.7 63 0.9 90 0.4 91 0 95 1 97 0.7 
7392 9 0 12 0.8 20 0 29 0 39 0.3 52 0.6 78 0.6 80 0 91 0 
7495 16 0.9 50 0.4 58 0 
7501 1 0.4 3 0 19 0.4 27 0 37 0.7 62 0.7 65 0.7 76 0 79 1 98 0 
7541 3 0.6 61 0.6 
7651 75 0.5 
7686 31 0.5 
7730 4 0 8 0.8 41 0 
7768 5 0.8 12 1 14 0 30 0 33 0.9 35 0.6 48 1 63 0.5 79 0 91 0 
7807 6 0 23 0.4 52 1 70 0.5 95 0.6 
7885 5 0.6 9 0 10 0.4 39 0.3 52 0.9 
7893 2 1 7 0.6 14 0 27 0.3 40 1 
8296 5 0.6 10 0.7 15 1 33 0.8 43 0 87 0 94 0 96 0.4 98 0 
8852 75 0.4 
8884 5 0.4 18 0 36 0.6 56 0.9 57 0.5 64 0.3 79 0.3 82 0 88 1 94 0 
9028 21 0 39 0.9 92 1 
9116 11 0.8 22 0.7 29 0.3 35 0 36 0 65 0.5 82 0.8 88 0.6 97 0 
9131 18 0.5 94 0.7 97 0 
9151 7 0.5 9 0 16 0.7 21 0 22 1 36 0.7 45 0 62 1 66 1 
9368 7 1 8 0.9 69 0.8 73 0.8 
9419 25 0.6 28 0.5 43 0.9 46 0.8 57 0.4 58 0 86 0.4 88 0 92 0 
9450 16 0.7 30 0.6 67 1 
9470 1 0 17 0 20 0.5 24 0.8 67 1 
9645 6 1 24 0 29 0.7 69 0.3 75 0.7 96 0.9 
9658 22 0 64 0.7 74 0.5 75 0 79 0.5 
9854 3 0 13 0.3 15 0 27 1 34 1 51 0.3 85 1 93 0 97 0.5 98 0.6 
9897 71 0.8 88 0 91 0.9 99 1 
