100
49 66 0 67 0.4 71 0.5 83 0 84 0 86 0 99 0.4 
264 8 0.9 13 0 37 1 46 0.5 60 0.3 74 0.7 82 0.3 
334 39 0.3 
531 7 0.7 21 0.5 43 0.8 67 0 72 1 73 0.5 92 0.8 93 0.4 
560 9 0.3 20 0.5 38 0.6 53 0.8 54 0.8 
645 2 0 9 0 14 0.3 28 0.7 93 0.5 
899 42 0.3 95 0 
1059 1 0.4 11 0 15 1 24 0.6 64 0 80 0.8 
1061 8 0.7 19 0 21 0.8 34 0.9 35 0.5 52 0.7 60 1 65 0.6 72 0.6 74 0.8 
1095 14 0.5 16 0.3 26 0.5 83 0 
1246 27 0 35 0.6 75 0.7 87 0.7 89 0.6 93 0.7 
1273 20 0.8 
1326 34 0.7 36 0.5 61 0.3 67 0.8 74 1 77 0.6 78 0.7 82 1 84 0 
1350 14 0 38 0 68 0 91 0 
1358 1 0 45 0.8 95 0.3 
1408 3 0 27 0 31 0 35 0.5 56 0.4 57 0.3 77 0 83 0.8 89 0.7 91 0.7 
1422 40 0.6 
1463 21 0 38 0 52 0.7 92 1 94 0 
1470 21 0 37 1 66 0.4 69 0.6 77 0 
1489 28 0.5 67 0.5 
1580 5 0.5 8 1 22 0 28 0.3 52 0 60 0.7 71 0.7 90 0.4 
1679 0 0 10 0 27 0.6 45 1 57 0 59 0 83 0 
1706 11 0 12 0 27 0.6 35 0.8 51 1 61 0.9 75 1 88 0 96 0.5 
1794 1 0.7 19 0.4 22 0.7 58 0.5 
1862 0 0 16 0.3 44 1 84 1 
1881 0 1 3 1 11 0.9 41 0.9 60 0.4 74 0.6 95 0.4 
1904 1 0.6 6 0.6 13 0.6 26 0 45 0.7 68 1 87 0 88 0.8 99 0.6 
1956 4 0 5 0 28 0 38 1 51 0.4 62 0 88 0.6 89 0 96 0.3 
2000 13 0.9 21 0.9 42 0 43 0 47 0.4 53 0 59 0.4 85 1 94 0.6 
2191 11 0 37 0.7 45 1 
2315 7 0.5 11 0 17 0.3 34 0 59 0.7 89 0.9 93 0 94 0.8 96 0.4 
2506 18 0.6 26 0.6 52 0.9 66 0.7 77 1 90 0.9 93 0 
2691 2 0.9 14 0 24 0 34 0.7 69 0.3 70 0.9 78 0 80 0.8 82 0.4 93 0.9 
2754 6 0 29 0 31 0 53 0.6 56 0.5 60 0.5 62 0.7 74 0.6 89 0 92 0.6 
2766 6 0 12 0.6 14 0.9 20 0.6 31 0.9 38 0.8 87 0 92 0.4 96 0 97 0.7 
3376 25 0.9 36 0.4 43 0.7 62 0.5 69 0.5 70 0 79 0.9 87 0 
3453 10 0 11 0.4 54 0.4 55 1 57 0.9 95 0.6 
3536 3 0.5 54 0.6 83 0 84 0.5 99 0.4 
3624 9 0.4 56 0.4 90 0.5 98 0 
3704 20 0.8 51 0.3 
3879 7 0.3 22 0.3 63 0.7 75 0.5 83 0.6 84 0.3 97 0 
3997 20 0 21 1 22 0 51 1 55 0.5 57 0.4 71 0.7 
4051 17 0 26 0.7 
4156 8 0.5 18 0.3 24 1 37 0.4 45 0.6 73 0.4 76 0.3 88 0 
4299 19 0.5 23 0 39 0.9 61 0.5 71 0 89 0.9 
4451 1 0 6 0 19 1 28 0.4 
4570 0 0 5 0.4 21 0.7 56 0.3 60 0.4 69 0 72 0.6 84 0.4 97 1 
4655 24 0.9 55 0 60 0 
4910 15 1 18 0.3 19 0.9 24 0 55 0 82 0.3 83 0.7 98 0 
4923 14 0 51 0.3 
5016 26 0.5 44 0.9 72 0.4 85 0.3 94 0 
5086 1 1 12 0.7 18 0 37 0.8 42 0.4 43 0 85 0 
5131 2 0.9 11 0.8 25 0.3 30 0.8 33 0.8 37 0.3 44 0.6 91 0.9 
5143 10 0 22 0 30 0.5 34 0.3 72 1 87 0.6 
5148 6 0 18 0.6 37 0.5 85 0.8 
5319 95 0.6 
5337 2 0 11 0 22 0.3 35 1 46 0.4 59 0.7 75 0.3 95 0 
5649 6 0.3 13 1 19 0.4 33 0 38 0.4 40 0.7 52 0.5 53 0.5 78 0 94 1 
5745 6 0.3 10 0.9 11 0 14 0 19 0 39 0.8 51 0.6 68 0.7 69 0.3 80 0.5 
5841 2 0.7 7 0.4 37 0 
5861 9 0.9 18 0.5 21 0.5 31 0.8 35 0.5 52 0.9 76 0 80 0.8 83 0.6 89 0.6 
5889 30 0.7 41 0 50 1 54 0.5 61 0 64 0.8 67 0.3 
5924 16 0.6 23 0.5 34 0.8 36 0.7 40 0 52 0 61 0.7 68 0 93 0 
5952 0 1 16 0.8 44 0.6 56 0.6 87 0.4 
6087 10 1 20 0.4 22 0.7 49 0.4 52 0.7 53 0.8 66 0.9 67 0.4 92 0.7 
6142 22 0.9 25 0 26 0.6 44 0 58 0.6 68 0.8 72 0.5 93 1 
6247 3 0 14 0.9 87 0 
6257 30 0.8 42 0.8 53 0 71 0 72 0.9 85 0.6 96 0.9 
6413 0 0.7 20 0.4 41 0 51 0.6 58 0 62 0 81 0.8 99 0.4 
6444 14 0 15 0.4 19 0.6 46 0.4 74 0 93 0.4 
6475 1 0 16 0.5 24 0 73 0 75 0.5 88 0.7 91 0.7 94 0.6 95 0 97 0 
6962 4 0 18 1 24 0.6 41 0.3 76 0.6 
7016 54 0 74 0 84 0.8 
7032 22 1 48 0.3 58 0.6 64 0.7 
7614 90 0.9 
7940 17 0 21 0 29 0 41 0 42 0 82 0 88 0.8 
7981 1 0.7 5 0.6 6 0 7 1 16 0.9 17 0.8 26 0.7 72 0.8 97 0.8 
8121 16 0.7 40 0.5 73 0.4 83 0.8 91 0.9 
8161 2 0.6 9 0.3 16 0.4 19 0.7 70 0 76 0.4 77 0 85 0 
8194 21 0.5 25 1 34 0 38 0 40 0 53 0 
8231 91 0 
8240 9 1 18 1 34 0.9 36 0.4 81 0 
8396 48 1 88 0.9 
8533 5 0.5 16 0 17 0 21 1 40 0.5 45 0 70 0.7 88 0.7 91 0.6 
8624 32 0.7 33 0 35 0.4 38 0 61 0 72 0.5 87 0 98 0.9 
8721 5 0.4 22 0 38 0.4 61 0.6 68 1 80 0 90 0.4 91 0 96 0.8 
8744 7 0 8 0 37 0.4 41 0 49 0 56 0.6 62 0 77 0.7 81 0.3 86 0.8 
9021 58 0.9 68 0.3 
9036 0 0.7 6 0.8 21 0.7 51 0 74 0.8 84 0.8 85 0.3 
9072 3 0.8 12 0.4 15 0 21 0 27 0.3 60 1 64 0 73 0.9 81 0.3 
9328 45 0.4 47 0.8 57 0 67 0.3 89 0.4 96 0.9 
9330 10 0.9 16 0.9 37 0.6 42 0.4 46 0 55 0.5 72 0 
9402 13 0.4 15 0.5 48 0.6 52 0.9 57 0.6 58 0 72 1 79 0 80 0.7 87 0 
9555 1 1 9 0.3 15 0.6 71 0 
9631 62 0.9 
9660 5 0.7 12 0 18 0.8 38 0.5 99 0.6 
9765 5 0.9 13 0 43 0.4 45 0 61 0.7 65 0 84 0.9 85 0.4 92 0.6 93 0 
9857 0 0.5 2 0.8 8 0 19 0 24 0.8 50 0.7 51 0 52 0.9 78 0.5 98 0.5 
9899 47 0.4 72 0.3 
9966 42 0.5 46 0 48 0 65 0.7 72 0.6 88 0 89 0.6 94 0 
