100
86 45 0.7 50 0 56 0.8 57 0 58 0.4 78 0.3 
109 10 0.9 17 0.8 54 0.7 65 1 68 0 75 0 76 0.6 84 0.4 
157 49 0.4 73 0 92 0.6 95 0.9 
273 94 0 
348 0 0.5 3 1 40 1 44 0.9 49 0.5 90 1 
429 33 1 94 0 
468 0 0.5 18 0.5 60 0 
523 25 0.4 60 0.4 
565 12 0.7 23 0.5 25 1 38 0.6 55 0.4 56 0.9 58 1 65 1 76 0.7 92 0.3 
649 0 0.7 4 0 13 1 25 0 38 1 46 0 69 0 70 0.7 74 1 
718 8 0.5 17 1 26 0.5 43 0.6 74 0.8 79 0.5 
752 6 0.3 11 0 33 0 34 0.4 37 0.9 52 1 61 0.8 67 0.6 74 0 82 0 
794 12 0.9 
799 70 0.6 
954 1 0.4 9 1 24 0 25 0.5 31 0 37 0.4 39 0.8 47 0.4 86 0 94 0.4 
1023 6 0.9 7 0.7 43 0.3 51 0.9 60 0.4 64 0.7 73 0.4 79 0 93 1 
1039 4 0.3 15 0.7 61 0.5 
1131 64 0.3 
1363 21 0.6 77 0 
1456 2 0 31 0 37 0 
1602 10 0.9 63 0.8 
1686 26 0.8 46 0.8 47 0.3 87 0.7 
1695 12 0.4 
1847 2 0.6 21 0.9 38 0 51 1 83 0.6 
1915 2 0 40 0.5 41 0.3 54 0.4 55 1 73 1 92 0.4 
2233 8 0.5 42 0 48 0.5 58 0.4 61 0.7 75 0 94 0.8 
2502 54 0.9 56 0.5 57 1 62 0 78 0.7 
2639 14 0.7 49 0.4 83 0.8 
2640 16 0.9 29 0.4 41 1 72 1 75 0.7 85 0.4 
2830 0 0.8 13 0 19 0.9 53 0.6 71 0 83 0.4 86 0.6 
2870 63 0 69 0 90 0.4 95 0.9 
2900 9 0 
3115 10 0.7 67 0.9 
3117 16 0.3 21 0 23 0.9 31 0.8 36 0.3 42 0 45 1 54 1 98 0.3 
3165 9 0.4 11 0 57 0.8 
3200 40 0 
3360 41 0.8 77 0.5 
3404 4 0.4 8 0 20 0.9 46 0 54 0 63 0.9 81 0.7 83 0.5 84 0 
3674 7 0 
3820 11 0.8 27 1 38 0.4 58 0 81 0 90 0 93 0.8 
3848 16 0.3 43 1 48 0.5 62 0.7 71 0.8 85 0.9 94 0 
3969 10 0.3 22 0.4 27 1 64 0.5 76 0.3 79 0.4 80 0.7 87 0.7 93 1 97 0.9 
3973 16 0.8 71 0.8 86 0.4 
4329 1 0 15 0.4 19 0.4 31 0.4 36 0.6 51 0.6 52 0.4 88 0 92 0.9 
4437 17 1 79 0 86 0.5 88 0.3 
4478 9 0 23 0.7 38 0 40 0.6 50 0.8 53 0 62 1 64 1 86 1 
4508 46 0.5 
4749 3 0 9 0.8 33 1 34 0.3 40 1 55 0 66 0.5 78 0.9 90 0.6 96 0 
4779 0 0 5 0.3 7 0.3 17 0 18 1 32 0 34 0 76 0.3 
5008 42 0.5 43 1 58 0.7 59 0.5 66 0.6 68 0.3 71 0.3 72 0.3 74 0.3 
5389 1 0 26 0.4 93 0.4 
5461 20 0.6 26 0 27 0.4 42 0.4 63 0.9 
5582 3 0 16 0.3 37 0.3 43 0.4 50 0.7 68 0.9 69 0.6 71 0.6 75 0.5 
5675 24 0.7 27 0.7 71 0.5 78 0.9 
5696 56 0 61 0.4 65 0.5 82 0.6 
5840 4 0.5 41 0 87 0.3 
6013 19 0.3 46 0.9 54 0.5 74 0.6 96 0.8 97 0.4 
6455 49 0 75 0 99 0 
6507 63 1 78 0.5 
6517 24 0.4 29 0.6 42 0.3 46 0.9 88 0 
6608 23 0.3 29 0.8 38 0.9 64 0 68 0.9 74 0.3 
6819 12 0.9 26 0 30 0 50 0.7 52 0.8 55 0.5 79 0.7 94 0.6 
6865 58 0 70 0.9 
6867 43 0 83 1 
7102 0 0.8 9 0.3 48 0.3 56 0 82 0.7 92 0.8 94 0.4 
7119 29 0 35 0.3 38 0.6 61 1 
7334 43 0.9 48 0 51 0.7 80 0.6 
7447 0 0.6 1 0.8 14 0.6 28 0.3 34 0 70 0 73 0.6 74 0 88 1 
7451 6 0.4 16 0.6 41 0.3 52 0.9 59 0 80 0.3 88 0.8 
7663 38 0 58 0 69 0 72 1 
7685 65 0.7 
7808 8 0.6 17 0.3 21 0.4 70 0.4 87 0 99 1 
7816 4 0.3 16 0.3 20 0 30 0 38 0 59 0.7 64 0 
8013 7 0 11 0.7 21 0.8 41 0 44 0.4 87 0.4 99 0.8 
8116 53 0 59 0.7 72 0.7 85 0.8 
8118 19 0 26 1 37 0 38 0.6 66 0 73 1 
8254 0 0 14 0 31 0.8 36 0.7 67 0 78 0.3 85 0.9 89 0.5 
8347 3 0.8 8 0 16 0.3 20 0.5 46 0.5 49 0.3 90 0.7 93 0 94 0.5 
8463 20 0 37 0.4 46 0 57 0.7 73 0 77 0 98 0.5 
8568 27 0.7 50 0.5 75 0.4 
8602 22 1 36 1 74 0.5 79 0.7 81 1 
8603 33 0.9 69 0.4 
8760 23 0.9 34 1 91 0.5 
8780 11 0 13 0.6 18 0.5 20 0 25 0.9 34 0.7 67 0.6 73 0.3 75 0.8 99 0.7 
8851 14 0 32 0.3 
8946 67 0.8 72 0 80 0.3 97 1 
9042 58 0.7 76 0.3 
9054 1 0 16 0 49 0.4 51 0.9 64 0 82 1 84 0 86 0 96 0.6 
9092 1 0.9 5 0.5 33 0.9 49 0.3 50 1 63 0 71 0.5 
9228 5 0.4 20 1 22 0 33 0.9 96 0 
9241 9 0.8 30 0 35 0 37 0.6 63 0 67 0.6 87 0.4 95 0.9 
9284 21 0.9 23 0.5 27 0 33 0.8 45 0.4 58 0.5 59 0.6 84 0 
9596 21 0 24 0.9 72 0 92 0.3 
9613 13 0.7 52 0 62 0.6 66 0.4 69 0.7 86 0.7 94 1 96 0.8 
9661 40 1 62 1 83 0 90 1 94 1 
9678 16 0.8 23 1 50 0.9 61 0.3 
9718 15 0.9 26 0.7 45 0 54 0 66 0.3 
9807 63 0.9 98 0 
9930 6 0 12 0 16 0.3 40 0.5 43 0.4 50 0.7 52 0.5 65 0 80 0 85 0.5 
9967 26 0 31 0 48 0 50 0 56 0 71 0.7 
