100
0 67 0 97 0.9 
127 1 0.8 9 0.7 11 0 57 0.6 76 0.7 88 0 
314 15 0.5 36 1 
347 10 0.7 29 0.9 41 0.5 47 0.7 67 0 79 0.3 85 0.9 93 1 95 0.5 
353 39 0.7 66 0.7 68 0.3 
393 14 0.9 53 0.4 57 1 60 0.6 72 0.4 84 0.5 97 0 
453 15 0.5 64 0.4 87 0.4 99 0.8 
455 0 0.8 6 0 41 0 53 0.7 73 0.9 79 0.7 80 0.4 
699 1 0 31 0.9 50 0.3 76 0.3 
750 6 0.9 28 0.8 40 1 64 0.9 90 0.9 94 0 
758 34 0.7 48 0.6 60 0 
820 15 1 50 0 55 0 95 0 
875 5 0.6 25 0.3 50 0.7 55 0.4 
887 39 0.9 62 1 65 0.6 96 0.6 
1315 73 0 91 0.5 
1449 22 0.4 77 0.4 
1564 31 1 57 0.3 69 0.9 86 0 87 0.9 93 0 94 0.6 
1612 22 0.5 24 0.4 28 0.7 30 0.7 56 0.7 87 0.5 89 0.8 97 0.9 
1623 6 0.5 12 0.3 22 0.3 23 0.4 29 0.5 49 0.7 55 0.6 59 0.5 74 1 99 0.3 
1667 2 0.7 9 0.9 58 0.8 70 0.3 83 0.8 98 0.9 
1841 19 0 33 0.7 82 1 
2013 16 0.9 58 1 64 1 65 0.7 68 0 72 0.4 85 0.4 90 0.6 
2095 26 1 54 0.7 68 0.5 92 0.6 
2186 13 0 15 0.3 45 0.7 58 0.8 94 0.6 99 0 
2275 0 1 20 0.3 43 0.6 55 0.4 67 0.8 98 0.8 
2420 23 0.9 47 1 48 0 61 1 67 0.6 77 0 78 0 79 0 99 1 
2484 0 0.3 6 0.4 15 0.5 22 0.5 30 1 45 0.7 48 0.4 54 0.7 67 0.9 85 0.6 
2559 11 0.4 14 0.5 24 0.3 49 0 50 1 74 0.4 99 0 
2594 9 0.6 24 0 37 0.9 49 0.7 52 0.3 54 0 59 0.4 65 0.4 97 1 
2615 73 0.8 76 0.7 87 0.3 
2819 22 0.8 26 0.8 32 0.9 44 0 48 0.9 59 0 60 0 86 0.4 99 1 
2854 11 0.4 41 0.4 44 0 
2862 6 0 55 0 64 0.6 
2928 21 0 45 0.5 53 0 57 0.5 60 0.9 72 0.4 86 0.9 92 0.8 93 0.6 97 0.6 
3191 9 0.7 21 0 27 0.6 34 0.8 39 0 43 0.7 44 0.5 52 0.4 80 0.7 
3214 6 0.3 50 0 64 0.8 68 0.3 69 0.5 91 0.5 
3299 9 0.8 25 0 46 0.5 56 1 91 0.3 92 0 95 0.4 
3395 79 0 
3542 55 0.4 68 0.9 71 0.6 
3609 0 1 5 0 8 0 15 0.7 18 0.6 30 0.7 69 0.5 86 0.5 
3658 26 0 42 1 56 0.6 61 0.9 82 0 89 0 98 0.9 
3776 25 0 
4121 19 0 34 0 38 0.3 45 0.6 66 0 67 0.3 80 0 87 0.4 
4198 33 0.6 63 1 84 1 
4233 2 0 5 0.5 12 0.8 26 0 38 0.8 88 0 
4453 13 0.3 36 0.3 68 0 71 0 
4511 5 0.8 11 0.4 18 0 20 1 30 0.3 33 0 52 1 62 0.4 
4734 30 0.6 40 0.8 49 0.4 64 0 67 0.9 93 0.9 
4861 16 1 47 0.4 65 0 67 0.4 95 0.7 
4936 20 0 24 0 29 1 41 0 45 0.8 59 0.5 60 0 75 0.9 
5062 0 0.4 21 0.6 30 0.5 48 0.7 90 1 
5122 9 0.6 14 0 15 1 63 0 68 0.7 71 0 77 0 82 0 
5294 33 0.5 77 0.5 
5357 13 0 16 0.8 24 1 42 0 52 0.7 58 0.5 66 0.6 72 0.7 93 0 
5582 3 0 16 0.5 37 0.7 43 0.8 50 0.6 68 0.3 69 0.4 71 0 75 0 
5618 9 0.9 17 0.6 36 0 40 0.9 45 1 48 0.8 74 0.9 75 0.7 94 0.4 
5637 27 1 60 0.7 
5749 1 0.9 23 0 36 0.3 59 0 70 0.5 
5935 15 0 17 0.9 38 0.5 44 0 66 0.3 68 0 69 0.4 74 0.8 86 0.5 92 0.5 
6012 17 0.6 26 0 89 0 90 1 
6016 0 0.6 48 0.8 74 0.6 91 0 98 1 
6071 6 0 33 0 62 0 65 0.6 80 0.7 85 0 89 0.4 91 0 
6207 22 0 35 0.8 
6246 59 0.5 
6504 12 0 42 0.4 94 0 96 0 97 0.8 
6508 31 1 63 0.6 78 0 96 0.5 
6561 13 0.7 48 0.5 54 0 81 0.3 87 0.3 94 0.9 
6804 6 0 10 0.6 33 1 36 0.7 40 0 47 0.4 52 0 54 0 74 0.6 
6821 3 1 25 0 26 0.3 45 0.7 49 0 58 0.8 68 0.6 89 1 
6824 2 0 21 0 29 0.8 49 0.7 56 0.4 57 1 71 0.4 73 0.8 98 0.3 
7011 58 0.4 
7028 7 0.7 14 0 27 0.3 30 0.6 67 0.3 72 0.6 74 0.4 87 0.4 90 0.8 
7190 34 0.8 42 0 
7297 7 0.3 68 0.6 71 0.3 92 0 95 0.8 
7459 15 0.8 20 0 28 0 55 0.7 60 0.6 82 1 96 0.6 
7559 29 0.3 34 0.6 52 0.3 67 1 82 0.4 96 0.8 
7648 31 0.5 40 0.8 43 0.6 61 0 78 0.8 
7835 4 0.7 16 1 72 0 
7987 86 1 
7990 10 0.8 
8404 7 0.6 10 0.5 13 0.8 22 0.6 53 0.6 71 1 81 0.9 82 0 
8407 3 0 17 0.7 21 0 27 0 67 0.3 71 0.5 73 0.7 77 0 83 0 94 0.8 
8431 60 0.8 
8458 9 0.5 12 0.6 20 0 21 0.3 33 0.3 48 0.4 54 0 87 0.6 
8610 6 0 15 0.8 45 0.9 95 1 
8778 20 0.8 22 0.6 25 0.6 31 0.6 34 0.6 54 1 59 0 72 1 
8833 9 0.4 25 0 26 0.8 51 0.7 59 1 64 0.8 76 0 88 0.9 
8865 4 0 18 0.4 41 0 50 0 79 0.9 98 0.3 
9176 19 0.6 30 0.6 31 0 76 1 80 0.8 85 0.3 
9181 78 1 93 0.4 
9220 28 0.8 61 0.8 64 0.6 67 0 71 0 86 0.8 93 0.6 
9338 17 0.6 
9446 3 0.7 4 0 18 0.8 25 0.8 29 0.8 77 1 79 0.4 85 0 90 0.7 91 0.9 
9667 8 0.4 30 0 35 0.4 39 0.7 52 0 53 0 78 0 79 0 
9697 61 0.3 72 1 91 0 
9736 21 0.9 26 0.9 46 1 47 1 56 0.4 91 0.6 
9849 17 0.8 32 0.5 
9867 91 0.7 
9937 7 0.7 44 0 47 0.3 58 0 67 0 72 0.4 74 0.3 
9940 48 0.4 67 0.4 71 0.9 77 0.8 82 0.5 89 0.9 
