100
42 2 0.7 20 0 36 0.7 61 0.7 73 0 76 0 78 0.7 83 0.4 87 0.9 89 0.6 
69 1 0.5 6 0 11 1 39 0.3 45 0.7 60 0.6 82 0 88 0.9 
81 0 0 9 0.8 13 0.5 21 0.7 22 0.4 44 0 69 0.3 84 0.9 87 0.9 91 0.6 
95 33 0.6 45 0.5 52 1 66 0.5 83 0.8 90 0 
110 21 0.6 22 0.5 35 0.8 91 1 
121 56 0.3 88 0.3 
136 9 0.6 33 0.4 35 0 
141 53 0.8 64 0.6 83 0.5 
197 36 0 54 0.4 72 1 73 0 91 0.9 
267 5 0.6 23 0.5 37 0 48 0.3 50 0.6 64 0.6 69 0.6 76 0.6 99 0.7 
356 61 0 
386 5 0 17 0 55 0.9 68 0.3 76 1 78 0.4 88 0.5 
403 74 0.3 
407 5 0.4 22 1 34 0.9 38 0 42 0.4 51 0.3 55 0.9 59 0.9 97 0 
554 0 0.6 9 0.5 32 0.4 42 0 43 0 51 0.6 56 0.7 93 0.7 
675 8 0.6 15 0.5 33 0.8 41 0 45 0.6 82 0.8 88 0.7 91 1 
892 31 0.4 42 1 51 0.3 82 0.9 95 0.7 99 0.6 
917 9 0.4 15 0.3 37 0 42 0 84 0.9 97 0.3 
1021 8 0 20 0 21 0.9 28 0.9 75 0.3 
1040 12 0.6 44 0.6 52 0.9 56 0.7 65 0.9 96 0.6 
1325 11 0 27 0.3 84 0.9 92 0.4 
1449 22 1 77 0.6 
1498 0 0.3 2 1 17 0 32 0.5 49 0.4 51 0 66 0 99 0.5 
1638 72 0 
1758 0 0.3 21 0 66 0.7 91 0.7 
1772 6 0 47 1 55 1 70 0.8 72 0.3 
2018 35 0 43 0.6 
2186 13 1 15 0.9 45 0.9 58 0 94 0.3 99 0 
2260 24 0.3 40 0.8 75 0.6 
2275 0 0.5 20 0 43 0.3 55 0.5 67 0.8 98 0 
2376 8 0.7 67 0 84 0.8 
2468 9 1 46 0.5 75 0.5 
2517 11 0.7 25 0.4 32 0.6 37 0 63 1 84 0.4 
2523 14 0.5 17 0 24 0 29 0.7 31 0.5 44 0 50 0 73 0 78 0.3 89 0.8 
2555 12 0.4 24 0 41 0.6 43 0.5 46 0.8 50 0.5 65 0.8 68 0.5 96 0.4 
2572 1 0.8 2 0.6 26 0.3 52 0.5 
2718 46 0.9 92 0 
2767 6 1 10 0.5 17 0.9 37 1 41 0 44 0.9 52 0.8 56 0.3 70 0 76 0 
2991 1 0.4 25 0.9 34 1 38 0.5 86 0 91 0.6 98 0.8 
3024 10 0.4 24 1 41 0.7 50 0 74 0.7 93 0.4 95 0 97 0.3 
3157 11 0.6 13 0 65 1 71 0.4 93 0 
3373 48 0 61 1 
3427 19 0.6 55 0.3 62 0.8 64 0 69 0.9 90 1 93 0 
3494 1 0.7 6 0.8 27 1 47 0.9 48 0.5 63 0.7 65 0 66 0.9 68 0.9 76 0 
3521 12 0.3 15 0.7 17 0.9 22 0.9 27 0 36 0.8 41 0.6 73 0.8 75 0.8 95 0 
3542 55 0.8 68 0.4 71 0 
3784 31 0.9 39 0.6 60 0.3 89 0.3 95 0.6 
3900 3 0 7 0 9 0.3 36 0.7 40 0.5 54 1 71 0.6 73 0.4 77 0.5 95 0.9 
3957 3 0 18 0.7 19 0 51 0.9 56 0 59 0.6 61 0.5 89 0 
3979 6 0.8 15 0 24 0.9 29 0.6 59 0.5 63 0.6 73 0 78 0.6 
4098 31 0 42 0.3 95 1 
4326 8 1 11 0.7 22 0.8 26 0 59 0.3 68 0 73 0.9 85 0.8 97 1 
4354 18 0.7 49 1 54 0 58 0.5 73 0.3 74 0 98 0.9 
4513 2 0 24 0.8 38 0 43 0 44 1 60 0 72 0.8 78 1 
4602 0 0.3 39 0 60 0.3 61 0.3 
4613 4 0.5 16 0.4 76 0.3 83 0 89 0 95 0.6 99 0 
4636 4 0.9 43 0.9 94 0.6 95 0 
4690 53 0.7 90 0.3 92 0.9 
4771 26 0.8 43 0.8 47 0.7 50 0.9 51 0.5 62 0.3 85 0.4 
4961 1 0 16 0.6 18 0 35 0 39 0 40 0 57 0.6 59 0 89 0.3 91 0 
5065 10 0 25 0 37 0.8 53 0.9 68 0.7 
5408 14 1 24 0.3 53 0 74 0 92 0.7 
5584 4 0.7 11 0.7 13 0.5 28 0.5 43 0.9 68 0.8 76 0 86 0 97 0.6 
5615 27 0.4 30 0.5 36 1 44 0 56 0.6 69 0.8 70 1 96 0.7 99 1 
5865 22 0.3 30 0.4 32 0 41 0.5 46 0.3 86 0.5 87 1 91 1 92 1 
6020 7 1 39 1 44 0 
6144 30 0.8 36 0 41 0.5 90 0.6 99 0 
6359 22 0.4 35 0 40 0.9 44 0.5 52 0.9 53 0.3 65 0.9 93 1 95 0.8 
6403 24 0.6 26 0.9 29 0.9 32 0.7 76 0.8 
6621 16 0.8 25 0.4 40 0 47 0.3 51 0 58 1 84 0.5 96 0 
6626 19 0.5 20 0.7 37 0.3 42 0.7 68 0.5 71 0.4 93 0.5 94 0.9 
6722 3 0.5 5 0 25 0 38 0.7 41 0 46 0.7 76 0 77 0 
6865 58 0 70 0 
7009 77 0.5 
7222 8 0.6 9 0.9 18 1 29 1 44 1 45 0.3 46 0.9 47 0 87 0.8 
7337 14 0.6 80 0 83 0 
7509 2 0.3 12 0.8 39 0 43 0 78 0.3 
7814 61 0.5 
7874 0 0.9 24 0 39 0 
8004 1 1 8 0.6 26 0.4 29 0.6 42 0 45 1 56 0.3 57 0.6 94 0.3 
8016 25 0 85 0.4 
8017 9 0.7 36 0.7 70 0.4 79 1 91 0.3 
8322 30 0.6 74 0 
8342 18 0 24 0 37 1 39 0.7 59 0.5 76 0.9 81 0 
8456 1 0.3 10 0.7 19 0.3 22 0 32 0.4 77 0.9 78 0.7 
8536 9 0 10 1 28 1 39 0.9 52 0.5 58 0 71 0.8 77 0.8 98 0.9 
8576 51 0.9 
8740 13 0.7 14 0.8 16 0 22 0 24 0 26 0.7 37 0.4 46 1 72 0.8 90 0.7 
8755 0 0.9 4 0 28 0.3 29 0.9 66 0.7 
8861 11 0.8 14 0 16 0.3 35 0.9 68 0.3 74 0.5 78 1 94 0.9 
8949 9 0.8 22 0 23 0.6 41 0 42 0 51 0.6 58 0.3 68 1 
9089 6 0.9 46 0.5 
9259 24 0.5 
9390 36 0 41 0 70 0.5 74 0 77 0 81 0 91 0.6 
9622 3 0.5 5 0.7 20 0 27 0.6 30 0 32 0 50 0 56 1 81 0.5 85 0.7 
9628 56 0.4 59 0 
9770 6 0.7 17 0.3 32 0.4 78 0.6 93 0.6 
9867 91 0.7 
9896 3 0.8 13 0.5 34 0 51 0.3 71 0.4 78 0.8 84 0.8 88 0.9 93 0.5 95 0.8 
9914 19 0.3 42 0 43 0.7 46 0.7 52 0.7 54 0.3 62 0 67 0.7 70 0 78 0.7 
