100
63 0 0 8 0.3 17 0.6 20 0.4 49 0.7 73 0.4 95 1 97 0.5 
153 2 0.9 19 0 80 0.6 88 0.9 
158 24 0.5 37 0 50 0.5 58 0.7 60 0.5 66 1 72 0.3 75 1 78 0.9 79 0.7 
223 30 1 
428 27 0.7 44 0 46 0 54 1 85 0 
444 23 0.6 31 0 43 0 73 0 97 0.4 
490 3 0.8 22 0.5 40 0 66 0.7 86 0.7 
556 22 0.8 38 0.5 39 1 54 0.3 60 0.7 63 0 76 0 
643 21 0.8 79 0.8 
880 4 0 5 0.3 49 0.7 54 0 59 1 68 0.6 77 0.4 88 0.3 
959 13 0.3 49 0.8 86 0.4 
963 5 1 17 0.4 20 0.9 40 0 46 0.3 60 0.3 73 0.8 
994 11 0.8 15 0.8 22 0 43 0.6 45 0 47 1 51 1 66 0.4 94 1 
1000 24 0.8 
1019 1 0.6 5 0.3 23 0 26 0 36 0.7 41 0 74 0.9 
1032 8 0 11 0.9 35 0 38 1 41 0.5 49 0 59 0.3 73 1 85 0.9 86 0.3 
1061 8 0.7 19 0 21 0.5 34 0 35 0 52 0 60 0 65 1 72 0 74 0.9 
1119 34 0.5 35 0.9 87 0.7 
1148 1 1 4 0.7 20 0.5 24 0.4 29 0 33 0.7 79 1 93 1 94 0 99 0.3 
1163 23 0 71 0.6 79 0 
1261 68 0.4 77 0.9 92 0 
1299 60 0.3 
1310 91 0.7 
1329 2 0.5 14 1 15 1 36 0.8 48 0.8 77 0.9 
1351 4 0.5 9 0.4 34 0.3 40 0.9 50 0.6 65 0.3 74 0.9 78 0.6 99 0.7 
1477 30 0.4 41 0.9 43 0.8 52 0 57 0 
1501 15 0 26 0 53 0.7 67 0.3 77 0 
1613 31 0 
1682 91 1 
1869 2 0.6 13 0 16 0.5 17 0.6 25 0.9 26 0.5 27 0 49 0 70 0.5 91 0.5 
2223 28 0 29 0 34 0 50 0.7 53 0 68 0.3 95 0.3 98 0.3 
2266 15 0.3 
2272 32 0.7 47 0.7 
2282 51 0 
2457 9 0 44 0.3 87 0.6 
2488 50 0 55 1 87 0.6 
2588 26 1 32 0.7 39 0.8 42 0.9 69 0.9 
2595 11 0.8 35 0.3 49 0.9 
2678 75 0.9 
2791 56 0 66 0.6 82 0.3 90 0.8 
3073 2 0 13 0.6 31 0.5 52 0.3 69 0 74 0 89 0 94 0.5 98 1 
3201 16 0.9 19 1 26 0 27 0.4 29 0.3 38 0.4 71 0.9 81 0 95 0.3 
3263 61 0.6 82 0.7 96 0.6 99 0.4 
3274 78 0 
3286 0 0.7 3 0.5 9 0 27 0 46 0.9 59 0.8 60 0 62 0.5 70 0.9 97 0.9 
3470 13 1 26 0.7 35 0 50 1 52 0.5 70 0 78 0.6 95 0 
3700 36 1 45 1 51 1 53 0.5 85 0.6 96 0 
3726 66 0.7 
3785 4 0 31 1 39 1 69 0.3 73 0.7 82 0.5 93 0.6 95 0.7 96 0.6 
3808 45 0.5 72 0 85 0 
3810 27 0.9 40 0.6 54 0 97 0.6 
3818 1 0.5 4 0.4 33 0.5 36 0.7 71 0.3 78 0 94 0.7 95 0.5 
3939 24 0 35 0.3 47 0 51 0.4 67 0.8 
3987 4 1 10 0 12 0 40 0.5 46 1 83 0.8 96 0.3 
4146 69 0 
4333 7 0.9 
4435 14 0.9 20 0.4 43 0.8 52 0 53 0.3 65 0.7 83 0.9 84 0.3 
4473 2 0 28 0 
4596 1 0 8 0 18 0.9 29 0 57 0.3 64 0.7 
4598 8 0.5 11 1 40 0 58 0.7 66 0.8 68 0.5 81 1 
4615 5 0 17 0.7 29 0.7 41 0.6 64 0.9 69 1 74 0.3 91 0.5 94 0 98 0 
4680 27 0.4 29 0.5 50 0 63 0 
4874 36 0.9 41 0.8 65 0.5 66 0 71 0.5 
5228 0 0 17 0.4 25 0.5 40 0.4 45 1 77 0.7 92 0 
5309 2 0.8 6 0.9 13 0 22 0 27 0.8 55 0.8 89 0.8 94 0 
6058 32 0.3 
6214 12 0 34 0 56 0.5 69 0.8 71 0.5 
6248 22 0.4 30 0.3 37 0 49 0.8 56 1 64 1 71 0.9 73 1 82 0 94 1 
6383 9 0.7 14 0 18 1 24 0.8 30 0.7 38 0.5 53 0 54 0.5 72 0.7 91 0.7 
6391 27 0 40 0.7 62 0.9 63 0 
6423 62 0 68 0.5 
6440 22 0.7 36 0.3 70 0.4 83 1 
6846 90 0.3 96 1 
6917 11 1 73 1 85 0.3 86 0 99 0.5 
7094 3 1 5 0.8 15 0.8 40 0.4 41 0.3 43 0.7 54 0.4 67 0.8 80 1 86 0.7 
7165 10 0 15 0 25 0 43 0.4 46 0 48 0.3 64 0.9 75 0.4 
7279 9 0.8 14 1 29 0.8 58 0.6 83 0 88 0.9 
7322 3 0.9 4 0.4 9 0.3 16 0.3 20 0.7 30 1 40 1 70 0 86 0 92 0.7 
7481 40 0.9 42 1 55 1 
7542 25 0.4 37 0.9 40 0 82 0.5 86 0.8 
7641 13 0 16 0 26 0.5 30 0.6 36 0.5 74 0.4 84 0.7 92 1 
7891 29 0.9 46 0 49 0.7 68 0.4 97 0 
8174 23 0.7 34 0.5 56 0.3 66 0 69 0 
8220 0 0.8 45 0.9 66 0.8 
8308 0 0.9 3 0 16 0.6 27 0.7 39 0.7 65 0.9 91 0.7 
8366 16 0.3 54 0.9 63 0 
8375 14 0.3 18 0.3 29 0.8 31 0.8 52 0.7 56 1 66 0 68 0 99 0 
8380 10 0.6 
8581 19 0.8 48 1 53 0 59 0.3 68 0 74 0 
8706 21 0.7 28 0.9 88 0.5 
8772 22 0.5 63 0 80 0 81 0.8 83 0.7 94 0.5 
8834 38 1 46 0.5 79 0.3 
9154 17 0.5 28 0 39 0.9 47 0 69 0.7 71 0 80 0.5 91 0.4 
9169 15 0.7 71 0.7 72 0.3 73 0.3 84 0 
9323 14 0 68 0 
9334 19 0.9 23 0 36 0.5 41 0 78 0.9 83 0.8 86 0 88 0.3 99 0.8 
9444 77 0 
9526 17 1 29 0.3 31 0 83 0.6 87 0.3 95 0.5 98 1 
9556 0 0.6 13 0.3 14 0.9 15 0.6 46 0.5 51 0 65 0.6 72 0 81 0.9 
9725 2 0.7 67 1 79 0.6 84 0.9 97 0.7 
