100
14 1 0.6 20 1 26 0.8 35 0 39 0.4 47 0.6 49 0.6 
80 38 0.3 40 0.6 82 0 88 0.4 93 0 
214 17 0.7 77 0.7 94 0 
223 30 0 
470 14 0.7 18 0.9 19 0.6 33 0 41 0 50 0.6 61 0 70 0 85 0 95 0.7 
537 18 1 31 0.7 51 0.6 84 0.6 
590 4 0 
729 28 0.7 40 0.3 45 0.4 
760 44 0.8 63 0.8 
763 16 0 17 0.7 19 0.8 26 0 34 0.3 43 0.9 55 0 68 0.8 92 0 
894 2 0.9 6 0.4 14 0 59 0.9 66 0.7 73 1 97 0 99 0.3 
933 22 0.3 90 0.8 
986 5 0 14 0.3 27 0.3 37 0.8 53 0.7 66 0.6 83 0.4 84 0.6 
1070 32 0.3 39 0.7 48 0 49 1 58 0.3 65 0.9 84 0 91 0 
1251 30 0.4 
1423 2 0.5 5 0.3 22 0.3 38 0.5 76 0 84 0.5 
1448 0 1 23 0.5 45 0.5 46 0.6 51 0.3 79 0.3 95 0.7 
1485 7 0.7 49 0.6 74 0.3 81 0 
1591 23 0.6 27 0.6 34 0.8 44 0.8 52 0.4 58 1 63 0 65 0.5 70 0.4 94 0 
1612 22 0.3 24 0.6 28 0.8 30 0 56 0.3 87 1 89 0.6 97 0 
1776 3 0.6 47 0.6 54 1 62 0.6 68 0 70 0.9 89 0.7 
1830 9 0 18 0.4 30 0.3 44 0.6 73 0 93 0 
1902 39 0.7 40 1 62 0.9 91 0.4 99 0.4 
2153 1 0.8 12 0.9 24 0 35 0 38 0.6 54 0.7 75 0.5 91 0.4 
2311 13 0.4 16 0.5 17 0.5 19 0.5 22 0 73 0.5 77 0.8 81 0 86 1 95 0.5 
2349 27 1 57 0 61 0.3 78 0 91 0.9 93 0 
2431 33 1 76 0.9 79 0 91 0.7 92 0 
2594 9 0 24 0 37 0.6 49 1 52 0.5 54 0 59 0.7 65 0.8 97 0.6 
2716 9 0 13 0 20 0 28 0 42 0.8 48 0 61 0.6 70 0.5 75 0.9 80 0 
2824 1 0.9 23 0.5 37 0.9 50 0 62 0.5 63 0.5 70 0.7 76 0.9 85 0 89 0.8 
2848 1 0.5 42 0.9 46 0.3 56 0.7 59 0.4 82 0.3 
2870 63 0 69 0.5 90 0.5 95 0.3 
3029 35 0 52 0 66 0 97 0.8 
3200 40 0 
3235 37 0 
3386 15 0.3 51 0.9 73 0.3 
3852 17 0 26 0.8 29 0.9 69 0 81 0.3 92 1 95 0.8 
3862 1 0.6 36 0.7 76 0 91 0.5 
3890 30 1 41 0 72 0.3 
3899 78 0.7 
3907 1 0.5 33 0.6 36 0.3 39 0 55 0.7 81 0 
3923 7 0 14 0 65 1 70 0.6 72 0.5 
4037 16 0.7 32 0.7 37 0.5 43 0.3 72 0 81 0 82 0.9 84 0 
4125 6 0.7 13 0.5 26 1 27 0.9 44 0.5 45 0 67 0 83 0 87 0 
4483 0 0.3 4 0.6 40 1 47 0.6 60 0.8 62 0.5 78 0 79 0.8 84 0.7 
4513 2 0.5 24 0 38 0.8 43 0 44 0.4 60 0.3 72 0.3 78 1 
4567 47 0.6 
4728 15 0 19 0.7 43 0 86 0.6 96 0.9 
4809 2 0.6 9 0.3 16 0 
4830 14 0 15 0 27 0 33 0 41 0.6 45 0.4 54 0 60 0.4 66 1 99 0.5 
4912 1 0 12 0 32 0.8 
4963 64 0.8 
5040 92 0.4 
5162 35 0.9 
5193 9 0.6 15 0 35 0.9 40 0 46 1 51 0 56 0 70 0.3 76 0.9 85 0.7 
5389 1 0 26 0.4 93 0 
5460 21 0.4 
5501 8 0.7 31 0 48 1 65 0.5 72 1 81 0.5 82 0 85 0.5 92 0.6 98 0 
5544 16 0 18 0.7 47 0 61 0.9 98 0 
5579 13 0 21 0.7 49 0.4 51 0 64 0.3 65 0 
5624 10 0.6 12 0 36 1 38 0.5 76 0.3 
5807 13 0 21 0.3 23 0 33 0 45 0.8 82 0.9 86 0.4 93 0.6 
5836 7 0 31 0 51 0 55 0.5 56 0.8 67 0.3 74 0 75 0.3 88 0.9 
5933 36 0.9 50 1 87 0.4 89 0 
5936 70 0.3 96 0 
6076 17 0.7 42 0.8 76 0 
6144 30 1 36 0 41 0.7 90 0 99 0.9 
6255 4 0.8 26 0 65 0.8 96 1 
6298 5 0 36 1 57 0.6 84 0.5 96 0.4 
6305 23 1 30 0.9 32 0 48 0.5 50 0.7 
6355 82 1 89 0 
6391 27 0.8 40 1 62 0.8 63 0.6 
6569 10 0 17 0.5 42 0 54 0.3 70 0 
6679 9 0 20 0 58 0.3 70 1 
6801 3 0.7 7 0 37 0.6 38 0.7 39 0.3 44 0.7 93 0.5 95 0.4 
6923 1 0.9 5 0.8 20 0.5 25 0.3 28 0 69 0.7 74 0 92 0.8 
6945 0 0.5 2 1 8 0.7 21 0.6 79 0 95 0 
7124 3 0.6 22 0 26 0.4 43 0.4 54 0.8 63 0.6 67 0 91 0.8 95 0 
7179 46 0.7 71 0.3 89 0.8 
7393 36 0.4 64 0 65 0 96 0 
7518 24 0.5 45 0.3 52 0.4 60 0.8 70 0.4 
7525 40 0 54 0.6 
7575 15 0 37 0 42 0.8 56 0.4 58 0.9 90 0 
7624 15 0.3 16 1 32 0 48 0.9 64 0.8 65 0.6 70 0.9 71 0 84 0.4 
7771 2 0.9 3 0.9 17 0.5 18 0.4 19 0 25 0.6 30 0.7 36 0.3 56 0.7 87 0.5 
8001 18 0.9 23 0 88 0 
8038 9 0.7 22 0.9 40 0 47 0 49 0.8 52 0 67 1 76 0.8 79 0.3 86 0.9 
8134 13 0.3 18 0.6 34 0 35 0 46 0.6 51 0.6 69 0.8 70 0.4 94 0.7 99 0.3 
8479 15 0 16 0 43 0 73 1 80 0.8 
8546 11 0 12 0.7 34 0.7 46 0 48 0 64 0.7 70 0 79 0.5 84 0.8 85 1 
8589 27 0.8 
8916 4 1 12 0.5 14 0 23 0 54 0.4 70 0.9 81 0.5 82 1 94 0 98 0.4 
9122 26 0 29 0.3 39 0.9 41 0.7 46 0 49 0.5 74 1 78 0.9 86 0 98 0.7 
9126 3 0.7 11 0.7 21 0.5 49 0.6 55 0.4 58 0.4 68 0 89 0.5 
9307 21 0.8 22 0.6 28 0.3 39 0.3 53 0 62 0.8 74 0 79 0.5 80 0.4 
9434 3 0.7 7 0 9 0.4 24 0 49 0 57 0 60 0.6 
9471 46 0 56 1 69 1 86 0.4 
9749 52 0.9 
9864 7 0.6 34 0.9 37 0.3 47 0 50 0.3 72 0.4 77 0.7 85 0.3 89 0 93 0.7 
9999 43 0 53 0.4 58 0 79 0 93 0 
