100
33 10 0 16 0.4 21 1 28 0.6 42 0.6 49 0 56 0.9 64 0 85 0.9 96 0 
138 9 0 31 0.4 70 0.6 94 0.9 
262 3 0.8 10 0 16 0.8 42 0.5 70 0.5 71 0.7 79 0.7 87 0.3 89 0.9 
303 10 0 11 0 24 0 43 0.6 54 0 66 0.5 89 1 95 0 99 0.3 
396 7 0.7 26 0.6 46 0.5 51 0.5 56 0.8 58 0.6 63 0.8 64 1 92 0.4 
648 32 0 33 0 44 0.3 48 0.7 67 0.9 73 1 
717 5 0 17 0 41 0.7 53 0.3 57 0.4 81 0.4 82 1 
863 8 0.9 29 0.9 35 0 51 0 65 0.3 66 0.5 86 0 87 0.6 89 0.6 
931 3 0.9 6 0.3 9 0.5 13 0 15 0.7 26 0.3 52 0.7 55 0.3 56 1 80 0.5 
943 11 0.5 16 0.7 24 0.3 49 0.3 51 1 88 0.3 
950 6 0.9 21 0.6 56 1 62 0 76 0.9 85 0.8 87 0.8 
1097 16 0.6 43 0.6 70 0.8 73 0.5 95 0.7 
1160 51 0 62 0.8 69 0.3 96 0.6 
1206 6 0.9 47 0.7 51 0 60 0 79 0.5 83 1 
1218 2 1 13 0.9 37 0.6 55 0.7 64 0 69 0 78 0.9 
1379 10 0 20 0.5 46 0.7 67 0.9 93 1 98 0 99 0 
1422 40 0 
1498 0 0 2 0.6 17 0.4 32 0 49 0.5 51 1 66 0.9 99 0.4 
1618 6 0 10 0.6 11 0.6 24 0 41 0.4 51 0.3 60 0.6 64 1 73 0.5 96 0.8 
1653 13 0 17 0 33 1 45 0.9 48 0.5 67 0.9 72 0 79 0 85 1 91 0.8 
1701 87 1 
1730 16 0 52 0.4 94 0.9 
1775 18 0 22 0.8 43 0.5 47 0 78 0.9 
1791 46 0.4 61 0.6 99 0.6 
1863 28 0.6 
2084 25 0 57 0 60 0.5 74 0 
2092 11 0 15 0.9 39 0 51 0.8 67 0 70 0.4 
2112 23 0 37 0 44 0 63 0.4 94 0.6 95 0 97 0.5 
2119 42 0.6 53 0.3 98 0.4 
2207 10 0.7 12 0.8 21 0 36 0.5 44 0.8 49 0 57 0.6 73 0 91 1 
2293 34 0.6 37 0.4 44 0 64 0 70 0.3 98 0.3 
2315 7 0 11 0 17 0 34 0.4 59 0.8 89 0.3 93 0 94 0 96 0.4 
2366 2 0 8 0.6 10 1 14 0 15 0.8 18 0 20 0 21 0 52 0 61 0 
2438 10 0.6 29 1 42 0.3 52 0 57 0 61 0.8 67 0.8 
2447 6 0.5 13 0.7 26 0 27 0 38 0.4 47 0.3 64 0.9 
2476 89 0.9 
2591 0 0.5 4 0.7 12 0.5 21 0.3 22 0.3 46 0 57 0.7 79 0.7 80 0.5 
2617 3 0 5 0 7 0 22 0.9 23 0.8 46 0 54 0 66 0.9 76 0 79 0 
2626 8 0 13 0 19 0.4 22 0.8 25 0.6 32 0.8 85 0 94 0 
2763 13 0.9 19 0.3 25 0 38 0.7 67 0 72 0 89 1 
2866 2 0.4 19 0.8 42 0.9 53 0 61 0 64 0.7 71 0.4 80 0 
2873 27 0.5 29 1 65 0 
2994 31 0.8 36 0.9 55 0 
3066 27 0.5 60 0.5 
3136 7 0.4 8 0.7 17 1 19 0 52 0.6 57 1 60 0.6 72 0.8 77 0 79 0.8 
3188 4 0 8 1 29 0.6 31 0 76 0.6 79 0 89 0.3 
3290 5 0.3 9 0.5 33 0.9 51 0.4 61 0 64 0.5 85 0 89 0 
3381 27 1 30 0.5 31 0.6 53 0 98 0.5 
3458 1 0 4 0.6 42 0.4 51 0 54 0 61 0.9 84 0 89 0 
3539 20 0.9 
3619 0 1 19 0 22 0.8 27 0 66 0.7 75 1 77 0.9 78 0.9 95 0.3 97 0.9 
3682 14 0 28 0 36 0.8 37 0.6 38 0.7 69 0.9 76 0.6 80 1 
3781 3 0 7 0.3 10 0.8 11 0 27 0.8 35 0 46 0.8 92 0.7 99 0.9 
3799 6 0.5 11 0 13 0.6 14 0.8 28 0.8 99 0.8 
3967 1 0.9 11 0.7 15 0 23 0.7 47 0 54 0 60 0.3 65 0.6 99 0.4 
4087 6 0.3 30 0.8 32 0.9 35 0 42 0.4 44 0.4 48 0 77 0 89 0.4 97 0.8 
4363 29 1 34 0.7 51 0.8 87 0.3 88 1 
4441 7 0 10 1 16 0.6 30 1 41 0.7 42 1 49 0 78 0.4 86 0.7 90 0.8 
4501 12 0 65 0 
4654 52 0.3 
4676 2 0.4 5 0.3 17 0.5 26 0.5 34 0 44 0 50 0.4 89 0.9 97 0.4 
4692 11 0.7 30 0.9 69 0 90 0.3 
4879 2 0.9 22 0 23 1 34 0.8 57 0.5 70 0.7 72 0.4 81 0.3 93 0.3 
5199 24 0.4 33 0.6 74 0.7 88 0.3 
5232 17 1 20 0.8 27 0.6 36 0.6 53 0.9 62 0 85 0.9 87 0 
5502 41 0 52 0.8 76 0.3 77 0 83 0 
5696 56 0 61 0.7 65 0.3 82 0 
5772 3 0.5 15 0 38 0.4 87 0 89 0.6 
5868 0 0.7 2 0 16 0.7 47 0.6 52 0 62 0.5 77 0 99 0.7 
5976 15 0.3 69 1 72 0.8 75 1 86 0.5 
6153 3 0.5 21 0 37 0.5 94 0.4 
6421 20 0.9 40 0.5 71 0 74 0.7 
6493 1 0 58 0 61 0 72 0 75 0.6 77 0.8 89 0.4 95 0.9 99 0 
6536 26 0 55 0 
6791 0 0.5 2 0.8 7 0.3 17 0.5 19 0.8 22 0.7 77 0.8 82 0 92 0.6 
6861 2 0.3 10 0.4 45 0.4 59 0.8 
7220 18 0.9 19 0 27 0.9 30 0.7 47 0 51 0 68 0.8 84 0 86 0.4 
7236 74 0.3 
7365 19 0 26 0.5 44 1 45 0.6 78 0.4 
7389 7 0.4 81 0.9 98 0.4 
7494 30 0.6 33 0.5 35 0.9 88 0.4 92 0.5 
7536 21 0 49 0.7 54 0.5 85 0.4 
7567 9 1 28 0.6 30 0.6 34 1 44 0 55 0 78 1 85 0.9 98 0.8 
7770 29 1 63 0.7 83 0 94 0.4 97 0 
7790 9 0.9 35 0.8 36 0.4 40 0.3 51 0 85 0.6 
8122 26 0.9 
8154 22 0.6 41 0.3 
8187 38 0.8 66 1 92 0.4 
8215 7 0 10 0.6 19 0.9 27 0.5 31 1 36 0.9 67 0.7 91 0.9 
8365 6 0.7 14 0 16 0 22 0.3 37 0.5 38 0.8 62 0 85 0.9 94 0.3 99 0.3 
8482 26 0.4 45 0.5 58 0.3 87 0.5 
8487 21 0.4 32 0.5 85 0.4 
8581 19 0.7 48 0.9 53 0.9 59 0 68 0.3 74 0.9 
8732 39 0.5 50 0.4 58 0 
8819 7 0 9 0.7 34 0.4 56 0.3 61 0.9 74 0.8 
8921 2 0 21 0 32 0 38 0.3 55 0.6 63 0 67 0.3 69 0.3 77 0.5 96 0 
9106 2 0 20 0 30 1 38 0.8 60 0.9 64 0.5 78 1 
9340 14 0.3 
9591 17 0.9 18 0.6 31 0 39 0.6 50 0.8 62 1 83 0.3 87 0.6 98 0.4 
9746 85 1 97 0 
