100
2 12 0.8 20 0.5 41 0 54 1 78 1 
53 58 0.4 84 0.9 
70 96 0.4 
106 4 0.4 6 0 10 0.9 19 0.9 32 0.6 35 0.8 56 0 65 0.9 69 0.3 71 0.6 
169 10 0.7 54 0.4 69 0.8 
467 16 0.3 21 0.6 23 0.3 25 0.5 32 0.4 34 0.4 41 0 59 0.7 63 0.4 72 0 
602 13 0.5 19 0 27 0 43 0.6 66 0.6 97 0.6 
716 2 0.9 19 0 24 0.8 44 0.5 51 0.7 72 0.3 84 0.5 
723 10 0.6 72 0.5 79 0.3 98 0.7 
739 0 0 40 0.5 42 0.5 48 0.3 53 0.5 66 0.8 70 0.8 73 0.6 99 0 
880 4 0.7 5 0.9 49 0.8 54 0.5 59 0 68 1 77 0.7 88 0.3 
955 29 0 38 0 74 0 
996 9 1 12 0.7 47 0.5 56 1 57 1 58 0.7 81 0.3 89 0.5 
1043 1 0 15 0.6 39 0.6 58 0.8 
1237 0 1 2 0.6 15 0 18 0.8 24 0.4 44 0.4 48 0 93 0 
1282 3 0 
1316 4 0 9 0 34 0.3 37 0 47 0 56 0.7 63 0.6 68 0.7 71 0.8 85 1 
1450 8 0 11 0 46 0.3 48 0.4 56 0 60 0.9 62 0.8 68 1 71 0.7 
1510 71 0.3 
1511 22 0.6 40 0.9 55 0.3 56 0.7 58 0.9 67 0.7 97 1 98 0 
1599 28 0.4 29 0.7 49 1 52 0.4 63 0.5 67 0 74 0.8 
1632 4 0 10 0.4 33 0.6 64 0.3 65 0.5 75 0.3 80 0 
1928 8 0 25 0.4 36 0.4 54 0.6 55 0.8 70 0.5 96 0.5 
2218 28 0.7 36 0.8 37 0.7 41 0.3 42 0.5 43 0.4 56 0.8 66 0.6 90 0.5 94 0.7 
2241 2 0.3 8 0.6 21 0.4 50 0.7 53 0 63 0.9 64 0.6 73 0.8 83 0.7 
2304 0 0.7 14 0.7 22 0 30 0.4 48 0.3 55 0 92 0.8 97 0.9 
2479 1 0.8 2 0.9 18 0.7 21 1 44 0.8 48 0 95 0.5 
2621 12 0.5 40 0.8 
2624 81 0 
2829 7 0 
2877 1 0 46 1 73 0 79 1 90 0.9 
3033 20 0.7 27 1 56 0 78 0 80 0 89 0 
3213 10 0.3 14 0.8 25 0.4 63 0.5 76 0.6 
3268 7 0.8 17 0.4 22 1 35 0 36 0.8 89 0.9 
3270 4 0.7 5 0.3 8 0.4 37 0.5 93 0 95 0 
3552 1 1 39 0.6 44 0 70 1 84 0 
3633 26 0.6 47 0.4 56 0 
3838 4 0 29 0.5 31 0.5 67 0 72 0 85 0.9 
3975 16 0.9 27 0.8 67 0.3 74 0 
4012 0 0.5 9 0.7 11 0.9 18 0.5 22 0 23 0.4 47 0 77 0.9 78 0 87 1 
4043 31 0.8 74 0.6 94 1 
4306 9 0.9 22 0.5 27 1 35 0.8 39 0.9 57 0.9 66 0.7 70 0.4 
4578 19 0.9 29 1 50 0.9 66 1 84 0.3 
4594 99 1 
4735 41 0.9 97 0.7 
4793 31 0.8 55 0.8 
4933 7 0.5 44 0.7 45 0.9 58 1 76 1 86 1 90 0.6 91 0.5 
5040 92 0.5 
5227 91 0.3 
5241 13 0.7 34 0.3 41 0 
5245 13 0.8 15 0.9 38 0 48 1 50 0 51 0 57 0 60 0 
5337 2 0 11 0.3 22 0.9 35 0.9 46 0.3 59 0.6 75 0.6 95 0.8 
5524 16 0.5 21 0.4 22 0 23 0 29 0.8 38 0.4 47 0.6 57 1 83 0.7 90 0.6 
5639 20 0 29 0 30 0.5 66 0.6 72 1 
5696 56 0.3 61 0 65 0 82 1 
5844 22 0.7 27 0.6 37 0.3 39 0 45 0.3 65 0.3 73 0.9 87 0.3 97 0.6 
5929 4 0.8 17 0 18 0.5 36 0.9 52 0.4 57 1 62 0.9 79 0.4 87 0 90 0.9 
6002 1 0.7 33 0.4 36 1 46 0.6 65 0.9 70 0.3 83 0 87 0.5 99 0.8 
6032 9 0.3 17 0.5 28 0.5 31 0.5 33 0.7 48 0.9 73 0.4 87 0.8 99 0.4 
6093 13 0.5 28 0 48 1 50 0.3 61 0.6 80 0.3 89 0.9 
6232 6 0.9 15 0.8 52 0 57 0.7 74 0.8 84 0.4 92 0 
6256 7 0.8 14 0.5 18 0.6 53 0.9 55 0 61 1 71 0 72 1 80 0.7 89 0.5 
6370 49 0 64 0.4 
6471 43 0.6 81 0 87 0.6 89 0.3 
6487 5 0 9 0.8 30 0.6 34 0.3 35 0 61 0 91 0.7 
6577 52 0 59 0.9 60 0 82 0 
6658 1 0 27 0 39 0.7 92 0 
6874 24 0 28 0.7 37 0 48 0.4 
6892 38 0 51 0 61 1 64 0.4 70 0.7 72 0.7 80 0.4 90 0.3 
7255 1 0.4 13 0.4 19 0.3 23 0.9 68 0 89 0.9 91 0.8 92 0.6 
7257 3 1 23 0.4 51 0.6 52 0.6 97 0.6 
7341 0 0.6 4 0 15 0.4 20 1 39 0.8 45 0.4 56 0.3 70 0.6 88 1 97 0.9 
7346 17 0.8 47 0.8 52 0.9 59 1 86 0.4 
7348 47 0.9 66 0.5 69 0.5 
7487 4 0 12 0.9 14 0.9 25 0.4 40 0 49 0.4 67 0 
7624 15 0.3 16 1 32 0.6 48 0 64 0 65 0.7 70 0.5 71 0.4 84 0.7 
7710 27 0.4 28 0.9 50 0.3 61 0 66 0 77 0.3 82 0.5 84 0.9 99 0 
7735 23 1 27 0 59 0.5 88 0 
7741 10 0.8 45 0 61 0.3 92 0.5 
7986 12 0.9 22 0 28 0.5 31 0.7 35 0.7 39 0.9 41 0.7 46 0 52 0.5 59 1 
8249 12 0.3 31 1 54 0.3 57 0 58 0.4 67 0.5 
8316 10 0.5 21 0 29 0.8 68 0.4 78 0.7 92 0.6 
8336 19 0.7 28 1 70 0.5 92 0.8 
8401 27 0 
8529 8 0.8 23 0.6 46 0.6 48 0.8 85 0 88 0.5 
8642 4 0.3 16 0.8 18 0 23 0.5 27 0.6 50 0.9 62 1 63 0 90 0.8 97 0.8 
8683 7 0 60 0.7 85 0 92 0 
8884 5 0 18 0.5 36 0.6 56 0.9 57 0.4 64 0 79 0 82 0.7 88 0 94 0.6 
9004 16 1 
9047 3 0.4 6 0.7 9 1 23 0.5 25 0.5 28 0.8 31 0.4 78 0 83 0.7 
9103 13 0.8 19 0.9 29 0.3 61 0.5 96 0.4 
9112 37 0 57 0.4 69 0 83 1 95 1 
9160 1 0 3 0.9 6 0.7 19 0.7 36 0.4 37 1 66 0.5 69 0.4 88 0 96 0.9 
9424 7 0 27 0.7 30 1 44 0.4 50 0.3 64 0.9 73 0.5 92 0.6 
9585 6 0 32 0.6 95 0.9 
9629 14 0.6 26 0.4 35 0 42 0.9 45 0.8 61 0.7 
9680 28 0.9 37 0.7 45 0.7 
9733 19 0.3 26 0 30 0.4 49 1 50 0.3 58 0 78 0.8 93 0 
9763 56 1 89 0.9 
9790 14 0.8 15 0.4 20 1 28 0.8 42 0 45 0.9 56 0.7 87 0.7 98 0.6 
