100
60 4 0.3 25 0.7 44 0.9 
97 5 0 9 0 13 0.8 16 0.4 54 0.5 62 0 
106 4 0.9 6 0.3 10 0.5 19 0 32 0.4 35 1 56 0.8 65 0 69 0.5 71 0.5 
138 9 0.4 31 0.9 70 0.8 94 0.6 
377 7 0 9 0.7 85 0 
604 5 1 17 0 41 0.5 42 0.4 48 0.8 49 0.6 50 1 58 0.8 66 0.5 88 0.5 
662 16 1 54 0.8 
765 7 1 45 0 47 0 51 0.8 64 0.6 70 0 95 0.4 
946 23 1 32 0.9 35 0 40 0.7 61 0.8 65 0.4 75 0.8 88 1 89 0.4 
1156 14 0.8 18 0.3 23 0.7 47 0 53 0.3 93 0.3 95 1 
1180 9 0.4 37 0 75 0.8 80 0.3 
1313 3 0.6 6 0.8 57 0.9 60 0.5 71 0.7 72 0 80 0.5 90 0 99 0.4 
1315 73 0 91 0 
1522 20 0.9 27 0.9 31 0.9 33 1 50 0.9 58 1 69 0.8 
1540 0 0.7 6 0.6 13 0 15 0 17 0 51 0.8 70 0.4 75 0.7 80 0.8 87 0.6 
1567 1 0.8 23 0.3 30 0.9 64 0.8 70 0.5 81 0.6 90 1 97 0 
1591 23 0 27 0.4 34 0.8 44 0.6 52 0.6 58 0.8 63 0.9 65 0 70 0.3 94 0 
1605 10 0 19 1 42 0.7 43 0.8 45 0.9 46 0.9 49 0.6 53 0 84 1 
1758 0 0 21 0.4 66 0 91 0 
1969 4 0.5 73 0.6 82 0.3 
2093 6 0.3 61 0.9 82 0.3 96 0.4 
2129 6 0.9 11 0 
2319 23 0 85 0 87 0 
2340 7 0 43 1 75 0.6 99 0.4 
2409 19 0 
2477 98 0.9 
2601 14 1 30 0.6 38 0.3 39 0.9 47 0 52 0.7 72 1 90 0.8 99 0.5 
2612 55 0 
2683 39 0.7 41 0.7 74 0.5 85 0 
2771 90 0.9 
2791 56 0.5 66 0.4 82 0.5 90 0.8 
2800 93 0 
2881 34 0.7 
2910 22 1 
2922 97 0 
3173 31 0 86 0 93 0 98 0.7 
3178 64 0.3 84 0 
3219 1 0 14 0.9 15 0.8 36 0.6 37 0.9 48 0 56 1 77 0.7 79 0.3 
3416 5 0.7 53 0 55 0.5 63 0 71 1 72 0.3 74 0.9 75 0 87 0.4 
3444 36 0.6 40 0.9 55 0 73 0.3 77 0.6 80 0 96 0.5 
3525 8 0 22 0.8 44 1 46 0.9 61 0.8 77 0.3 78 0 
3546 4 0.8 11 0.7 25 0.4 36 0 44 0.4 67 0.3 68 0.9 
3689 20 0 64 0.6 71 1 75 0.8 
3699 24 0.3 
3760 23 0.8 64 0.5 95 0 
3772 10 1 28 0 43 0 
3869 22 0.5 40 0 51 1 73 0.6 
3958 39 0.9 90 0.8 
4077 26 0.3 27 1 31 1 55 0.4 99 0 
4122 0 0.9 2 0.5 25 0.3 31 0 43 1 44 0 88 0 
4237 14 1 18 0.7 27 1 54 0.5 61 1 64 0 74 0.9 80 0.5 93 0.4 
4357 4 0.9 17 0 25 0.4 39 0.5 40 0.3 75 1 86 0.4 92 0.3 
4389 41 0 49 0.5 52 1 60 0 65 0.6 80 0 
4408 81 0 
4466 9 0.9 13 0.3 23 0.6 26 1 34 0.4 37 1 47 1 88 1 96 0.4 
4683 8 0.8 13 1 17 0.8 24 0.8 56 0 58 0 85 0.9 
4727 53 0.9 
4840 9 1 22 1 43 0 71 0 
4861 16 0.6 47 0.8 65 0.5 67 0 95 0.7 
4881 0 0.6 11 1 15 0.4 17 0 20 0 50 0.5 60 0 76 0 98 1 
4957 28 1 32 0.8 35 0.9 45 0 58 0.5 62 1 95 0 
4978 3 0.3 14 0.7 26 0 43 0.9 47 0.4 48 0.7 60 0 68 0.3 75 0.4 81 0.9 
5448 8 0.9 17 0 36 0.6 39 1 58 0.4 63 0.6 97 0.7 
5519 1 0 3 0 25 0.9 31 0 42 0.4 47 0.3 55 0.6 78 0 
5791 2 0.7 13 0.8 25 0.6 44 0 57 0 63 1 67 0 71 0.8 91 1 96 0.3 
5822 11 0.7 46 1 69 0.9 85 0 99 0 
5979 9 0.4 56 0.6 76 0.9 
6024 0 0 16 0 40 0.6 54 0.4 56 0 60 0.9 61 0 76 0 77 0.5 
6277 2 0 20 0.9 21 0.9 50 0 52 0.9 54 0 57 0 75 0.8 
6581 29 0.8 53 0 58 0 70 0.8 94 0.6 
7175 0 0.5 7 0 24 0.5 28 0.3 42 0.7 66 0.8 78 0 
7403 2 0.7 25 0 29 0.5 39 0 51 0 71 0 73 0.6 77 0 83 0.4 93 1 
7455 19 0 24 0.5 30 0.3 45 0 48 0.8 59 0.9 74 0.4 
7541 3 0.7 61 1 
7589 16 0.3 34 0.3 38 0.8 45 0 68 0.3 98 0.3 
7805 51 0.8 81 0.5 
7884 57 0 
7951 4 0 11 0.4 13 0.3 16 1 23 0.7 28 0 52 0 84 0.8 
8021 20 0.8 37 0.9 60 0.7 61 0.8 72 0.5 73 0 96 0.8 
8053 2 0.7 15 0 62 0.7 
8067 0 0.8 3 0 13 0 17 0.9 48 0 53 0.4 63 0.9 65 0.6 97 0.4 98 0.5 
8079 8 0.3 11 0 27 0.6 55 0.4 62 0.8 83 0.5 94 0.7 
8140 3 0.8 9 0.4 78 0.6 
8220 0 0.9 45 0.9 66 0 
8318 4 0.4 23 0.4 99 0.9 
8359 19 0.4 27 0.7 28 0.7 35 0 56 0 64 1 74 0.4 90 0 
8414 21 0.8 25 0 65 0.4 83 0.6 88 0.4 89 0 
9054 1 0.7 16 0.9 49 0 51 0.6 64 0.6 82 0.7 84 0.7 86 0 96 0 
9084 13 0 17 0 25 0.8 27 0.6 47 0.5 58 0.5 67 0 
9117 42 0 49 0.9 54 0 70 0.9 72 0 74 0 79 0.9 83 0.3 96 0.6 
9315 0 0 13 0.4 25 0 61 0 69 0.8 77 1 
9350 1 0 23 0.8 25 0 60 1 65 0 69 0 70 0.4 74 0 96 0.4 
9421 35 0.5 46 0 
9510 2 0 22 1 35 0.3 43 0.5 54 0.4 65 1 68 0 82 0.4 85 0.7 93 0.5 
9634 8 0 9 0.8 26 0.4 35 0.4 44 0.6 58 0 59 0.5 82 0.9 94 0 
9642 10 0.4 93 0.7 
9738 27 0.4 46 0.3 94 0.8 
9753 17 0 38 0 41 0.9 42 0.8 72 0.9 79 0.6 84 0.9 97 1 
9763 56 0 89 0 
9793 1 0.8 31 0.4 32 0.3 43 0.6 54 0 67 0.7 73 0 90 0.8 
