100
97 5 0.3 9 0.9 13 0.6 16 0.8 54 0 62 0.5 
104 6 1 10 0.3 47 0.3 51 0 92 1 
199 8 0 12 0.5 21 0.3 30 0.3 41 0.3 60 0.8 61 1 87 1 95 0.8 
289 2 0 40 0.4 49 0.6 74 0.5 85 0.7 90 0.9 
815 3 0 65 0.7 81 0.3 
816 2 0 22 0.5 46 0 
895 0 0.6 7 0.8 12 0.4 46 1 91 0 
952 7 0 20 0.4 23 0.8 35 0 39 0.9 41 0.6 58 0.5 67 0.8 81 0.5 84 0.3 
954 1 0.7 9 0.8 24 0.8 25 0.7 31 0.7 37 0 39 0.9 47 0.5 86 1 94 0.4 
1049 14 0.7 90 0 
1249 50 0.4 52 0.9 
1488 3 0 17 0.9 48 0.6 60 0.8 61 0 80 1 88 0 92 0.9 
1527 3 0 6 0.6 13 0.5 23 0 30 0.6 36 0 56 0 85 0.7 91 1 
1641 52 0 57 0.4 89 0.7 
1674 26 1 60 0.3 
1720 20 0 37 0.7 63 1 96 0.4 
1932 67 0.8 
1953 1 0.7 5 0.4 14 0.9 24 0 62 0.6 64 0.5 87 0.6 
2113 3 0.7 4 0.9 6 0.5 22 0.7 28 0.3 35 0.7 57 0.4 65 0 72 0.6 92 0.9 
2169 51 0.3 
2223 28 0.5 29 0 34 0.7 50 0.6 53 0 68 0 95 0 98 0.7 
2407 4 0 29 0.8 55 0 
2426 4 0.5 11 1 45 0 46 0 62 0 67 0 
2482 71 0.6 81 1 84 0.7 
2518 15 1 24 0.8 31 0 81 0.6 86 0.5 98 0 
2735 65 0 
2817 22 0 24 0 32 0 35 0 54 0.4 56 0 58 0.6 69 1 77 0 88 0.4 
2820 41 0.3 84 0.9 
2881 34 0.6 
3055 2 0.6 3 0.3 7 0.6 11 0.8 39 0.9 
3237 3 0 10 0.8 37 0.5 61 0.5 62 1 85 0 89 0.8 93 0.9 98 0 
3358 5 1 13 0 14 0.5 48 0.4 61 0.4 63 0.3 89 0.8 96 1 
3368 13 0 81 0 
3502 8 0.4 10 0 16 0.8 17 0.8 47 0.8 58 0.7 82 0.4 86 0 92 0.3 
3557 1 0 17 1 28 0.9 90 0.4 96 0 
3565 11 1 
3589 15 0 16 0.6 19 0.6 24 0 61 0.7 64 0.9 76 0.3 86 0 99 0 
3676 15 0 21 0.9 97 0 
3875 0 0 5 0.7 13 0.8 34 0.3 49 0.9 
3980 4 0 21 0 28 0.4 36 0.4 40 0.4 49 0 52 0.9 67 0.3 87 0.5 
4104 5 0.3 14 1 30 0.9 31 0.6 61 0.3 97 0.8 
4239 13 0.8 15 0 22 1 29 0.7 32 0.7 49 0.4 63 0 76 0.9 98 0.3 
4414 33 0.7 53 0.7 67 0.3 84 0.7 
4479 4 0 44 1 76 0 
4518 9 0 11 0.5 13 0.4 42 1 46 0.3 
4729 4 1 26 0 35 0.5 42 0.7 66 0.9 94 0 98 0.5 
4758 4 0 21 0.4 25 0.7 30 0.4 38 0 54 0.5 56 0.3 58 0.5 69 1 
4845 8 0.7 33 0 35 0.5 59 0 87 0 
4881 0 0 11 0.4 15 0.8 17 0 20 0 50 0 60 0.8 76 0.4 98 0 
5282 85 0.8 
5524 16 0.9 21 0 22 0.5 23 0.3 29 0 38 0 47 0 57 0.4 83 0 90 0 
5545 8 0.6 37 1 51 0.3 54 0.7 60 0.8 64 1 
5743 7 0.8 38 0 44 0.5 54 0.5 56 0.5 70 0.4 78 0.4 
5746 93 0.8 
5766 25 0.3 58 1 72 0 80 0.5 82 1 
5777 5 0.3 10 0 14 0.7 47 0 50 0.4 52 0 62 0.6 86 0.6 88 0.8 
5870 6 0.5 9 0.3 37 0.5 41 0.9 51 0 
6238 18 0.5 63 0 
6243 5 0.3 7 0.4 14 0 26 0.6 62 0.6 64 0.8 70 0 71 1 82 0.6 91 0.3 
6303 9 0.5 10 0.3 17 1 52 0.5 
6321 21 0.7 26 0 33 0 43 1 46 0 74 0.9 
6403 24 0.5 26 0.3 29 1 32 0 76 0.5 
6463 13 0.5 24 1 35 0.8 37 0.8 45 0.8 86 0 87 0.7 90 0 91 0.9 
6559 5 0.9 22 0.9 32 0 40 0.8 47 0.9 49 0.5 58 0.3 67 0.6 68 0.8 71 0 
6570 71 0.3 
6643 32 0.8 73 0.7 78 0.6 
6662 21 0 35 1 36 0.8 
6677 8 0.5 11 0.3 45 0.9 52 1 66 0 70 0.5 77 0.7 84 1 
6680 3 0.5 57 0.4 
7017 23 0.7 29 0.8 30 0 57 0 60 1 79 0.6 80 0.3 81 0.7 
7057 83 0.6 84 0.6 
7119 29 0.9 35 1 38 1 61 0.9 
7276 89 0.9 
7536 21 0 49 0.9 54 0 85 0.8 
7585 26 0.8 47 0.8 72 1 83 0.8 92 0.7 
7606 10 0 13 0.3 19 0.6 24 0.9 26 0.4 32 0 55 0.6 69 0 84 0.9 99 0.4 
7675 1 0 52 0.5 61 0.9 
7905 0 0 52 0.5 56 1 82 0.9 
7991 22 0 74 0.4 
8039 78 0.4 79 0.8 81 0.8 91 1 98 0 
8041 0 0.3 43 0.9 59 0.4 81 0.3 84 0 
8116 53 0.6 59 0 72 0 85 0 
8159 23 0 28 1 52 0 60 0.8 87 1 92 1 95 1 96 0.7 
8238 23 0 30 0.4 90 0.4 
8388 16 0.4 21 0.4 27 0.4 41 0.4 51 0 54 0.9 67 1 
8641 38 1 51 0.4 77 0.8 86 0.7 
8656 6 0.6 27 0.6 35 0.6 51 1 58 0 61 0.6 
8695 9 0.7 19 0.9 21 0.8 26 1 38 1 53 0.8 56 1 68 0.6 81 0 85 0.7 
8811 11 0.9 14 0.8 22 0.9 25 1 37 0.7 48 0.3 65 0.6 74 0.6 90 1 
8906 1 1 10 0.7 14 0 32 0.7 38 0.9 53 0.8 54 0.8 70 1 87 0.9 
8929 58 0.9 
8996 19 0.4 21 0 22 0.4 25 0 26 0.6 50 0.9 56 0.4 68 0 93 0.3 
9050 16 0 25 0.9 33 0 64 0.6 67 0 98 1 
9052 11 0.5 78 0 97 0 
9250 29 1 34 0.4 77 0.4 91 0.7 
9296 2 0.7 18 0.4 25 0.9 42 0 44 0.5 95 1 99 0.8 
9378 5 0.9 37 0.5 
9511 2 0.3 20 0.4 89 0 97 0.8 
9666 60 0.8 88 0.3 
9961 92 0.9 
