100
6 64 0.8 67 0.5 81 0 
96 0 0.3 2 0.3 37 0.5 53 0.4 68 0.7 
187 52 0.4 61 0.6 76 1 98 1 
192 16 0.5 29 0.5 35 0 46 0.9 73 0.8 93 0.3 
206 3 0.5 46 0.7 75 0 86 0 93 0.6 
285 21 0.8 32 0 36 0.7 43 0.4 75 0.7 83 0 84 0.4 
296 1 0.7 10 0.9 12 0.5 17 0 29 0.7 40 0 59 0.7 67 0.7 71 0.7 
297 79 0.5 
310 63 0 96 0.3 
358 28 0 29 1 40 0 70 1 82 0.3 
364 11 0 
467 16 0.8 21 1 23 1 25 0 32 0.4 34 0.5 41 0.7 59 0 63 0 72 0.4 
479 1 0.7 13 0.6 18 0 27 1 43 0.8 70 0 92 0.5 94 0 
549 5 0.9 9 0.7 12 0.5 16 0 61 0 62 0.7 63 0.8 80 0 87 0.5 94 0.3 
568 9 0.6 18 0 40 0.8 
660 16 0.7 20 0.3 38 0.8 43 0.7 52 1 63 0.4 64 1 93 0 99 0.7 
681 13 0.7 21 0.3 29 0.9 47 0.8 83 0.8 87 0.6 95 0.5 99 0.7 
689 59 0 
820 15 0.7 50 0.5 55 0.7 95 0.5 
855 39 0.8 56 0.6 70 0.5 79 1 81 0.6 
871 3 0 18 0.7 
882 5 0 29 0.3 65 0.3 
970 5 0.6 9 0.4 63 0.7 93 0 
994 11 0 15 0 22 0 43 0.8 45 0.4 47 1 51 0.7 66 0.7 94 0.8 
1049 14 0 90 0.3 
1194 2 0.6 15 0.5 41 0 98 1 
1425 29 0 34 0.4 39 0.6 49 0.9 51 0 55 0 68 1 70 0.7 77 0 
1653 13 0.7 17 0.5 33 0 45 0.9 48 0.9 67 1 72 0.8 79 0 85 0 91 0.6 
1775 18 0 22 0.6 43 0.6 47 0.3 78 0 
1899 1 0.5 
2116 12 0.5 42 0.3 62 0 79 0 
2135 31 0.5 42 0.7 64 0.9 65 1 69 0.5 86 0.9 96 0.5 
2166 0 0.5 23 0.6 42 0.9 45 0.7 90 0 92 0 
2180 22 0.6 28 0.4 33 0.4 68 0 78 0.6 
2182 7 0.8 13 0 19 0.6 27 0.3 34 0 78 1 83 0.6 90 0.7 
2245 38 0.8 62 0.3 64 0 80 0 
2351 48 0.9 
2441 26 0 66 0 
2676 0 1 24 0.8 44 0.5 51 0.6 63 0 81 0.5 84 0.4 87 0 94 0.8 
2801 7 0.5 12 0 58 0.6 64 0.6 74 0 81 0 
2848 1 1 42 0.9 46 0.5 56 0.5 59 0.4 82 0.9 
3063 31 0.4 76 0 
3230 25 0.4 59 0 82 0 
3299 9 0.3 25 0.6 46 0.3 56 0.3 91 0.9 92 0.7 95 0.7 
3701 7 0.7 10 0 22 0.8 72 0 75 0 
3709 5 0.7 16 0.6 40 0 54 0.5 55 0.4 71 0 90 0 
3818 1 0.4 4 0.4 33 0.4 36 0 71 0.7 78 0.7 94 0 95 0.3 
3876 78 0 
3988 12 0 24 0.7 25 1 33 0.4 73 1 80 0.6 81 0.4 
4313 9 0.4 36 0.4 57 0 75 1 88 0.6 
4456 6 0.5 
4469 5 0 40 1 42 0.9 44 0.4 
4677 17 0.6 24 0 25 0 41 0.9 61 0 
4891 4 0.5 9 0.9 25 0 61 0 99 1 
5138 4 0.6 6 0 27 0.9 45 0 50 0 53 0.9 61 0.7 62 0 94 0.9 
5331 16 0.7 19 0.8 24 1 42 0 68 0 74 0 77 0.4 86 0.6 91 0.3 
5715 6 1 20 0.6 55 0 62 0.3 75 0 
5779 15 0.9 21 0 53 0.7 56 0.8 62 0.7 94 0 96 0 98 0.9 
5960 3 1 11 0.3 13 0 25 0.3 29 0.3 41 0.7 53 0.6 62 0.6 84 0 90 0.9 
6018 22 0.9 73 0 84 1 
6119 32 0.9 
6222 15 0.8 20 0 
6291 15 0.4 30 0.7 50 0.5 63 0.9 68 0.9 91 0.5 96 0.7 
6489 41 0.3 65 0.9 87 0 91 0.4 94 1 98 0.4 
6579 12 0 20 0.8 30 0.9 38 0.4 44 0.9 61 0.5 63 0.8 87 0.8 92 0 
6588 18 0 42 0.3 47 1 55 0.5 
6797 2 0 20 0.9 36 0.8 37 0.5 42 0.5 56 0.4 80 0.4 85 0.7 88 0.8 94 0.8 
6838 7 1 11 1 12 0.5 13 0.7 28 0 50 0 64 0 65 0.9 72 0.8 77 0.6 
6936 11 0.5 14 1 38 0.8 50 0 58 0.8 63 0.7 66 0 96 0.6 
6959 5 0 17 0.4 63 0.9 93 0 
7272 19 0.4 20 0 30 0 36 1 38 0 75 0.6 91 0.6 94 0.6 
7333 0 0.3 11 0.7 23 0.7 44 0 58 0.3 74 1 
7416 25 0.9 54 0.8 
7421 36 0.9 57 0 70 1 
7521 35 0 44 0 
7537 2 0 3 0 
7570 4 0.4 23 0.8 26 0.7 27 1 39 0.7 
7754 8 0 13 1 17 0.7 52 0.6 53 0.5 60 0.4 68 0.8 76 0.6 91 0.4 98 0.3 
7799 3 0.9 39 0.3 46 1 54 0.9 67 0.9 70 0 94 0 98 0 
7827 16 0.9 18 0.4 22 0.7 62 0 70 1 
7873 26 0.4 27 0 51 0.6 57 0.4 60 0.5 78 0.4 79 0.7 80 0.6 85 0.6 
7963 1 0.8 23 0 27 0.3 74 0 99 1 
7986 12 0.8 22 0.4 28 0.3 31 0 35 1 39 0.4 41 0.8 46 0 52 0.7 59 0.9 
7994 42 0.7 52 1 80 0.9 85 0.9 
8016 25 0.5 85 0.8 
8096 15 0 50 0.5 71 0 74 1 
8491 7 0.7 17 0 27 0 48 0.9 72 0.6 87 0.6 88 0.5 99 0.3 
8640 26 0.6 
8772 22 0.4 63 1 80 0 81 0 83 0.7 94 0.5 
8983 6 0 9 0.4 10 0.7 18 0.6 26 0.9 42 1 53 0.5 63 0 66 1 98 0.8 
9072 3 0.5 12 0 15 0.4 21 0 27 0 60 0.8 64 0 73 0 81 0.6 
9081 8 0.3 16 0.7 23 1 27 0.7 33 0.8 47 0.3 61 0.7 88 0.4 96 0 
9295 3 0.9 
9360 11 0.8 29 0.5 35 0.8 63 0.5 64 0.5 65 0.3 66 0.8 78 0.8 93 0.5 94 0.7 
9545 35 0.7 
9608 43 0.8 89 0.5 
9635 21 0 28 0.8 61 0 77 0.3 85 0.7 87 1 
9806 0 0.7 30 0.5 80 0.6 83 0.4 88 0.5 
9884 2 0 13 0 22 0.4 33 0.9 52 0.7 80 0.6 88 0.4 
9957 49 0.7 53 1 72 0.4 74 0.9 78 0 
