100
6 64 0.8 67 0.3 81 1 
203 8 0 18 0.6 25 0.9 
353 39 0 66 0.7 68 0.5 
395 33 0.9 40 0.9 47 0 58 1 66 0.8 67 0.3 99 0.9 
430 26 0 44 0.3 81 0.8 85 0 91 0.5 
515 15 0 30 0.7 34 0.5 40 0.6 44 0 57 1 94 0.3 
596 14 0.8 16 0.6 17 0 41 0.9 54 0.8 77 0.4 78 0 
649 0 0.3 4 0.4 13 0 25 0.4 38 0.5 46 0.4 69 0.8 70 0.5 74 1 
679 52 0.6 71 0 82 0 
737 36 0 43 0.3 46 0 59 0.9 69 0.5 90 0.9 
804 9 0 14 0 17 0.9 25 0.9 74 1 98 0.7 
862 0 0 8 0 21 0.6 22 0.9 27 0.7 29 0.8 42 0.5 46 0.6 72 0 89 0.8 
867 9 0.9 17 0.7 33 0.7 40 0.6 51 0.3 68 0.4 78 0.8 79 0.7 86 0.6 
902 17 0.4 22 0 30 0 52 0.3 54 0 79 0.9 
965 13 0.6 23 0 30 0.8 35 0.8 53 0.5 62 0 65 0 69 0 75 0.6 85 0.4 
994 11 0 15 0 22 0.6 43 0.5 45 0 47 0 51 0 66 0 94 1 
1057 16 0 33 0.3 35 0.8 37 0.9 40 0.6 49 0.6 50 0.6 59 0.8 76 0.9 99 0 
1466 66 0.6 
1555 72 0.9 
1558 29 0 30 0.7 38 0.9 47 0 48 1 52 0.3 56 0.9 60 0 63 0.3 87 0 
1735 35 0.9 36 0.5 38 0.5 56 0.8 60 0 83 0.4 97 0.3 
2019 6 1 11 0.4 22 0.8 37 0.5 39 0.3 49 0.8 58 0 87 0 91 1 96 0 
2124 32 0 65 0.8 74 0.5 86 0 
2146 5 1 31 0.3 83 0.6 
2185 20 0.7 21 0 24 0.3 30 1 34 0 43 0.9 75 1 78 0 80 0.5 83 0.8 
2239 18 0 83 0 84 0.6 88 0.5 89 0.6 
2314 6 0.4 9 0 52 0 62 0.3 
2319 23 0.8 85 0 87 0.7 
2380 0 0.9 9 0.3 21 0.6 34 0.6 53 0.7 68 1 85 0.9 89 1 90 0.8 
2384 49 0 52 1 80 0 
2571 23 0.5 25 0.6 33 0.7 45 0.9 54 0.3 65 0 66 0.7 75 0.9 88 0 
2639 14 0.4 49 0 83 0.3 
2704 19 0 23 0 31 0.5 39 0.3 43 0.9 69 0.7 71 0.9 78 0.8 79 0.7 
2738 3 0.4 39 0 46 0.9 71 0.7 81 0 
2757 2 0.6 3 1 22 0.4 49 0.4 75 0.6 
2866 2 0.9 19 0.7 42 0.8 53 0.8 61 0 64 0.6 71 1 80 0.3 
2945 5 0.6 20 1 30 0 33 0.8 46 0.6 68 0 79 0.9 85 0 94 0.8 
2989 21 0.9 52 0.5 63 0 84 0.8 93 0 
3006 74 1 87 0.3 
3078 5 0.7 63 0.8 
3079 17 0.7 29 0.6 54 1 
3083 48 0 85 0.5 89 0 
3278 41 0 
3536 3 0 54 0.9 83 0.6 84 0.6 99 0.9 
4019 55 0.7 68 0 71 0.6 95 0.7 
4042 5 0.5 15 0.6 25 0.3 43 0.3 78 0.3 80 0.7 
4160 23 0.6 
4222 20 0.7 28 0.5 54 0.6 55 1 70 0 
4237 14 1 18 0 27 0.7 54 0.9 61 0.8 64 0 74 0.7 80 0 93 0 
4259 23 0.3 61 0.8 81 0.8 94 0.9 95 0.9 
4331 7 0.9 8 0.3 32 0.9 43 0.7 52 0 59 0.7 71 0.5 72 0 81 0.7 
4336 6 0.9 28 0.4 31 0.4 54 0.8 64 1 67 0 89 0.8 92 0 
4461 0 1 5 0.4 25 0.7 85 0 87 0.8 91 0 
4528 13 0 22 0 36 0 43 0 44 1 51 0 52 0 65 0 97 0 98 0 
4545 52 1 60 0.9 93 1 96 0.8 
4606 26 1 89 0.9 93 0 
4614 9 0.3 13 0.6 25 0.8 33 0 36 0.4 43 0.7 46 0.9 53 0.5 57 0 58 0 
4755 1 0 20 0 42 0 45 0.8 47 0 67 0.9 90 0.4 98 0.4 
4932 24 0 27 0.9 46 0 52 1 55 0.8 72 0.8 
5073 5 0 6 0.7 7 0.4 13 1 15 0 47 0.8 62 0 88 0.8 
5173 16 0 63 0.6 
5193 9 0.7 15 0.7 35 0.9 40 0.7 46 0.4 51 0 56 0.5 70 0.3 76 0.8 85 0.9 
5527 60 0.7 72 0 
5772 3 0.3 15 0.9 38 0 87 0.6 89 1 
5812 40 0.6 80 0 
5832 2 0.9 6 0.4 24 0.5 34 0.9 35 0.8 41 0 47 0.3 54 0.9 
5926 32 0 34 0.9 84 0.9 
6172 11 0 27 0.5 71 0 75 0.4 
6180 3 0.9 39 1 75 0.4 76 0.6 84 0 96 0 
6280 25 0 
6319 4 0.9 25 1 30 0.5 38 0.6 53 0 58 0.7 
6560 9 0.5 62 0 97 0.6 
6599 0 0.3 21 0.5 46 0.5 73 0.3 
6611 11 0 13 0 25 0 33 0 47 0 58 0 67 0.5 73 0.9 96 0.6 97 0.3 
7158 22 0.6 41 0.3 45 0.9 52 0 60 0.9 61 0.9 66 0.9 85 0.7 86 0.9 93 0.8 
7201 27 0.4 
7326 19 1 20 0.9 30 0.3 32 0.8 33 0 51 0.3 55 0.6 78 0 97 0.3 99 0.8 
7352 95 0.4 
7660 1 0 5 0.5 30 1 35 0.7 41 0 
7710 27 0.8 28 0.6 50 0.4 61 0 66 0.8 77 0 82 0.4 84 1 99 0 
7919 75 0.3 
8413 19 0.5 64 0.3 70 0.8 78 0 
8419 4 0.9 19 0.9 28 0.6 34 0.8 45 0 60 0.4 
8568 27 0.3 50 0.6 75 0.4 
8623 0 0.7 20 0.9 21 0.6 40 0 50 0.5 56 0 65 0.8 66 0.5 89 1 
8639 1 0 2 0 8 0 16 1 44 0.7 59 0 68 0 90 0.4 91 0.6 92 0 
8847 3 0.5 8 0 27 0.6 47 0.9 60 0.3 86 0.5 98 1 
9021 58 0.7 68 0 
9029 28 0.4 49 0.6 61 0.6 67 0.5 70 0 74 0.4 90 0 99 0 
9073 2 0.3 15 0.6 43 0.7 45 0 62 0 66 0 68 0.5 76 0.5 93 0.8 99 0.8 
9104 5 0 14 0.9 32 1 48 0.3 90 0 
9184 6 0 21 0.8 24 0.6 68 0.4 85 0 91 0.8 
9243 21 0 23 0.5 30 1 38 0.3 52 0.9 60 0.7 65 1 66 0.9 
9328 45 0.8 47 0 57 0 67 0.7 89 1 96 0.9 
9421 35 1 46 0.7 
9475 70 0.9 
9646 5 0 12 0.4 17 0.9 28 1 30 0.8 69 0.6 81 0.5 92 1 
9693 4 1 13 0.8 75 0 
9872 28 0 39 0.6 60 0.7 61 0.7 
9963 26 0.4 76 0.6 88 0.6 
