100
92 7 0.9 8 0.4 29 0.9 92 0.9 
124 7 0 53 0.4 66 0 67 0.3 80 0 81 0.4 82 0.8 88 0.7 90 0.9 
216 4 0.5 8 0.5 35 0.7 37 0 
305 62 0.3 
453 15 0 64 0.6 87 0.5 99 1 
536 32 0.4 42 0.6 67 0.7 90 0.4 
639 21 0.7 83 0.9 97 0 
677 26 1 32 0 38 0.7 42 1 74 0.5 77 0.7 
684 39 0.3 72 0 
944 18 0 42 0 57 0.7 60 0.9 68 1 80 0.6 91 0.4 
954 1 0.7 9 0.8 24 0.4 25 0.4 31 0.4 37 0.6 39 0.3 47 0 86 0.7 94 0.5 
1057 16 0.3 33 0.3 35 0 37 1 40 0.3 49 0.7 50 0.9 59 0 76 0 99 0 
1063 37 0.9 41 0 51 0 73 1 84 0 
1069 15 0.3 34 0.8 36 0.3 79 0.9 81 0 83 0.9 
1140 16 0 23 0.5 26 0.9 32 0 44 0.8 66 0.5 73 0 75 1 85 0 
1229 20 0.7 30 0.4 40 0.3 43 0.5 45 0.3 61 0.9 84 0.7 90 0.6 
1272 15 0 22 0 31 0 36 0.7 56 0 57 0.3 58 0.5 65 0.6 86 0.9 88 1 
1568 44 0 48 0.9 
1678 35 0.8 42 0 58 0 65 0.5 70 1 88 0.8 89 0.6 91 0.7 93 0.5 
1869 2 0.6 13 1 16 0 17 0.6 25 1 26 0 27 0.6 49 0.8 70 0.9 91 0 
1981 28 0 29 0 53 0.5 60 0 85 0.8 88 0.8 99 0.3 
2070 31 0.8 50 0.3 52 1 57 0.5 64 0.9 81 0.7 
2077 0 0.4 6 0 14 0.7 18 0 32 0.9 64 0.3 83 0.7 
2113 3 0 4 0.6 6 0.8 22 0.3 28 0.4 35 0.5 57 0.4 65 0.8 72 1 92 0.4 
2380 0 0 9 0.4 21 0.4 34 0.4 53 0.5 68 1 85 0.9 89 0.9 90 0.6 
2834 89 0.5 
2902 1 0.4 17 0 18 0.3 24 0.9 27 0.9 50 0.5 57 0.3 79 0 
2976 21 0 34 0.7 85 0.7 96 0.4 99 0.8 
3601 18 0.7 19 0.7 23 1 31 0.5 73 0.8 
3630 80 0 91 0 
3757 14 0.4 21 0.4 27 0.8 30 0.4 58 0 67 0.6 69 0.7 88 0.6 89 0.7 
3769 55 0 63 0.7 78 0.6 
3943 30 0.6 35 0.9 91 0.5 
4110 16 0 18 0 30 0 37 0 60 1 63 0.6 76 1 79 0.5 
4506 20 1 21 0.9 44 0.5 56 0.7 90 0 
4608 2 0 8 0.4 17 0.3 37 0 38 0.6 53 0.6 65 0.6 74 0 83 0 95 0.6 
4612 0 0 17 0.7 35 0 38 0.4 44 0 48 0.8 91 0.4 92 0.3 96 0.4 
4626 62 0.9 
4693 5 1 9 1 18 0.7 22 1 36 0.3 38 0.6 41 0.7 82 0.5 96 0.7 98 0.7 
4697 15 0.8 24 0.7 28 0 67 0.5 75 0 79 0.9 86 1 98 0.6 
4777 7 0.4 11 0 14 0.5 25 0.6 28 0.5 60 1 71 0.7 80 0 95 0.3 
4805 30 0.4 33 0.9 51 0.5 57 0 86 0 
4942 33 0.6 37 1 85 0 92 0.7 
4991 16 0.3 29 0 31 1 61 0.5 76 0.6 95 0.6 
5074 64 0.3 66 0.5 71 0 72 0.6 77 0.7 90 0.7 99 0.3 
5160 5 0 13 0.3 42 1 44 0 52 1 57 0.9 61 0 67 0 77 0.8 83 0.5 
5187 29 0 86 0 93 0.4 
5201 63 0 89 0 95 0.9 
5206 13 1 39 0.5 46 0.4 48 0 56 0.9 96 0.3 
5244 29 0 86 0.4 
5446 1 0.7 7 0 13 0.5 34 0 35 0.5 56 0.3 62 1 74 0.8 83 0 91 1 
5516 85 0.5 
5517 28 0 38 0.5 58 0.6 60 0.6 71 0.6 89 0.4 97 0 
5830 18 0.7 25 0.8 43 1 83 0 95 0.5 97 0.7 
5851 3 0.9 53 0 55 0.7 74 0.3 75 0 78 0 96 0.3 
5897 6 0 28 1 36 0.6 60 0.6 68 0 69 0.5 72 1 73 1 75 0.7 92 0.3 
5999 10 0.5 47 0 60 0.4 80 0.6 
6119 32 0.8 
6128 3 0 60 0.4 
6168 14 0 16 0.5 23 1 25 0 61 0.8 73 0 81 0.5 92 0 
6323 14 0.3 33 0.6 61 1 
6392 8 0.6 63 0 88 0.6 
6525 4 0.3 12 0.9 13 0.4 40 0.5 52 0.9 72 1 
6629 17 0 32 0.9 79 0.3 
6641 7 0.3 8 0.5 18 0.3 33 0.3 65 0.6 66 0.5 94 0.8 95 0.9 
6673 39 0 40 0.9 86 0.8 
6734 2 0.5 8 0.4 50 1 53 0.8 54 0.7 92 0.4 
6900 11 0.9 47 0.5 95 0 
6908 9 1 30 0.4 57 1 
7199 6 1 11 0 24 1 27 0 30 0.5 38 0.8 40 0 67 1 68 0.6 99 0.6 
7414 4 0.7 5 0.5 16 0.4 35 0.3 44 0 69 0.6 73 0 74 0.7 99 0.4 
7454 22 0.5 31 0.7 36 0.3 62 0.4 86 0.7 
7469 5 0.8 7 0.3 17 0.7 18 0.4 57 0.6 61 0.8 75 0 80 0 93 0 
7474 92 0 
7552 9 0 14 0.3 18 0 26 0.5 29 0.3 47 0 67 0.5 70 0 82 0.6 89 0.6 
7655 18 0.8 29 0.3 32 0.9 49 0.5 78 0 
7753 92 0.6 
7934 1 0.3 25 0.7 40 0 53 0.3 57 0.9 66 0.9 
7967 4 0.4 66 0.4 70 0 
8021 20 0.7 37 0.4 60 0.4 61 1 72 0.7 73 0.3 96 0.5 
8036 1 0.7 3 0 5 0.3 7 0.7 17 0.6 41 0.6 
8143 7 0.8 18 0.4 33 0.9 34 0.4 56 0.5 58 0.8 80 0 
8220 0 0.6 45 0.6 66 0.5 
8406 19 1 41 0.7 54 0.6 58 0.8 63 0.7 66 0.4 79 0.6 95 1 
8593 49 0 52 0.9 
8597 6 0.6 30 0.6 43 0 59 0 60 1 
8626 26 0.4 56 0.7 80 0.3 93 0 
8778 20 0.8 22 0 25 0.4 31 0 34 0.5 54 1 59 0.5 72 0.9 
8779 10 1 14 0.7 24 0.9 25 0.8 35 0.5 37 0.9 55 0.3 84 0.8 87 0.7 
8884 5 0.3 18 0.3 36 0 56 0.9 57 0.6 64 0 79 0 82 0 88 0 94 0 
9076 4 0 27 0.7 28 0.6 37 0 92 0 
9108 88 0.8 
9271 7 0.4 19 0 32 0 41 0 45 0 51 0.7 61 0 64 0 82 0 91 0.4 
9355 8 0.5 15 0.4 19 0.8 32 0 67 0.4 68 0.6 72 0.8 74 0 79 0 91 0.7 
9410 16 0 17 0 26 1 43 0 75 0 95 1 96 0.5 
9543 36 0.5 41 0 77 0.9 
9565 69 1 
9859 8 0.7 23 0.9 34 0.9 44 0 
9889 6 0 16 0 27 0 57 0.8 59 0.5 93 0.6 
9890 45 0 
