100
241 8 0.3 13 0.6 37 0.7 71 0.6 90 0 
257 47 0.6 69 0.6 79 0.8 82 0.9 90 0.4 
261 27 0 29 0.8 60 0.4 68 0 86 0.8 88 0.6 89 0.6 
297 79 0.4 
348 0 0 3 0.7 40 0 44 0.7 49 0 90 0 
387 27 0.5 33 0 38 0.6 49 0.9 65 1 87 1 
430 26 0.8 44 0 81 1 85 0.6 91 0 
505 25 0.9 33 0.3 45 0.5 54 0.4 80 0.3 
506 0 0.3 10 0.9 18 0.3 39 0.3 64 0 81 0.9 90 0.6 
518 90 1 
525 9 0.8 21 0.6 37 0.5 71 0 73 0.4 89 0.9 95 0 96 0.9 
617 10 0.4 18 0.9 32 0.8 33 0.6 46 0.4 95 0 
654 7 0.4 10 0.7 46 0.5 47 0.6 55 1 77 0.7 84 0 88 0.8 94 0.4 
812 25 0.7 30 0.4 31 0.3 48 0.9 66 0.3 99 1 
942 57 1 66 0.8 73 0.9 83 0.5 86 0.4 
989 7 0.8 15 0.9 34 0.9 61 0.4 64 0.7 76 0 82 0.6 91 0 
1032 8 0.4 11 0 35 0.5 38 0.3 41 0.5 49 0.7 59 0 73 0.4 85 0.3 86 0.6 
1150 35 0.9 78 0 
1180 9 0.8 37 0 75 0.5 80 0.7 
1372 48 0.8 55 0.4 87 0 89 0 98 0.6 
1515 10 0.7 17 0.8 26 1 28 0.3 38 0.5 58 0 62 0 67 0.9 72 0.8 88 0 
1610 21 0.9 51 0.8 63 1 77 0.3 84 0.3 
1641 52 0 57 0.5 89 0.6 
1669 9 0 10 0.7 60 0.3 
1683 17 0.5 88 0.7 
1717 3 0.3 25 0.5 68 0.3 
2192 13 0.9 19 0 23 0.6 29 0.4 34 0.9 44 0.8 
2210 3 0 43 0 88 0 
2279 20 0 24 0.6 56 0 65 0.7 91 0.8 
2347 18 0.3 43 0 45 0 48 0.6 57 1 63 1 90 0.7 93 0.5 98 1 
2390 5 0.5 39 0 45 0.8 61 0.3 83 0.4 
2634 1 0.4 39 0.3 42 0.7 58 0.6 59 0.9 64 0.9 67 0 68 0.5 87 0 91 0.3 
2678 75 1 
2803 2 0 4 0.3 17 0.4 28 0.5 64 0.6 71 0 90 0.6 93 0.5 
2893 6 0.5 60 0.7 97 0.4 
3062 55 0 99 0 
3085 29 0.8 59 0 87 0 97 0.4 
3158 13 0 64 0.5 96 0 
3192 4 0 5 0.8 9 0.3 23 0 34 0.6 40 0.7 62 0 81 0.8 84 0 98 0.4 
3413 11 0.3 27 0.8 53 0.6 
3582 21 0.3 67 0 
3703 3 0.6 10 0.4 22 0 27 0 28 0 36 0.5 37 0.9 52 0.7 64 0.5 68 0.4 
3782 10 0.7 28 0 32 1 41 0.3 87 0.8 88 0.7 
3789 36 0.5 72 0.3 
3807 15 0.8 
3885 0 0.9 3 0.9 26 0 67 0.7 77 0 99 0.6 
3895 49 0 50 0 77 0 88 0.3 96 0 
4072 24 0 63 1 66 0.8 84 0 
4153 14 0 36 1 38 1 43 0.9 51 1 78 0.4 
4218 2 0.6 62 0 65 1 70 0 
4431 43 0.9 72 0 73 0.3 78 0 85 0.8 90 0 
4471 3 1 47 1 50 0.5 52 0.5 64 0 
4493 16 0 21 0.7 31 0 41 0.7 45 0 48 0.5 51 0.4 58 0.6 63 0.4 84 0 
4671 13 0.7 32 0 42 0.3 48 0.5 58 0.9 66 0.3 
4695 3 0 18 1 22 1 47 0.8 49 0 63 0 64 0.5 66 0 99 1 
4807 5 0.9 76 0.3 90 0.5 
5012 7 0.5 29 0.8 65 0 
5207 14 0 20 0 22 1 30 0.9 39 0 47 0.4 51 0.7 54 1 65 0.9 70 0.3 
5214 40 0.5 56 0.4 
5336 96 0.5 98 0 99 0 
5372 75 0 
5459 10 0 43 0.8 56 1 58 1 76 0 
5469 21 0.9 23 0.6 26 0 31 0 34 0 60 0 64 0 86 0.3 88 1 
5473 9 0.5 39 0.7 80 0.5 90 0.9 
5585 2 0.4 
5631 12 1 16 1 34 0.9 35 0.8 79 0.3 80 0.9 
5669 3 0 5 0 25 0.3 33 0.3 41 1 50 1 53 0 75 0 76 0 99 0.8 
5716 1 0.7 30 0 42 0.8 43 1 44 0.9 51 0.9 53 0.6 57 0.4 67 0.7 
5955 45 0.9 75 1 
6010 5 0.7 18 0.3 31 0.7 34 0 39 0.3 42 1 70 0.6 90 0.6 
6131 8 0.8 14 1 23 0.9 36 1 44 0 64 0.6 98 0.3 
6146 29 0.5 36 0 44 0.9 51 1 55 0 84 0.7 
6277 2 0.6 20 0.8 21 0.8 50 0.4 52 0 54 0.9 57 0.7 75 1 
6347 50 0.7 
6535 49 1 67 0 
6573 10 0.7 22 0.5 35 0.3 52 0 67 0.4 68 0.5 87 0.6 99 0 
6721 18 0 34 0.4 36 0 40 0.4 43 0 53 0 70 0.9 72 0.6 87 0.4 
6762 27 0 
7001 2 0.3 23 0.4 27 0 34 0.7 62 0.8 70 0.9 74 0.8 77 0.5 84 0 92 0.6 
7058 19 0 26 0 27 0.4 41 0.4 50 0.5 73 0.6 88 0.3 
7134 0 0.9 30 0 61 0 62 0.4 71 0 80 0.4 
7234 35 0 44 0.3 79 0 
7578 30 0.9 42 0.4 
7638 12 0.7 15 0.3 24 0.5 31 0.8 33 0.8 39 0.4 
7866 0 0.3 88 0.5 
7927 25 0 
7960 0 0.3 8 0.8 11 0 27 0.9 34 0 51 0.8 
7964 19 0.8 48 0 62 0 70 0 92 0.7 98 0.3 
8025 2 0.8 11 0 21 0.3 27 1 29 0.7 61 0 
8066 6 0.4 8 0.7 18 0.5 25 1 61 0.9 62 0.4 71 1 95 0 96 0.4 
8239 13 0.6 30 0 42 0.6 51 0 62 0.8 69 0.8 72 0.9 81 0.8 
8269 90 0.8 
8650 8 0 12 1 17 0.3 45 0 77 0.7 82 0.3 84 0.3 85 0 87 0.5 
8684 3 1 85 0.7 
9126 3 0.8 11 0.5 21 0.3 49 0.9 55 1 58 0.5 68 0.4 89 0.9 
9180 8 0 14 0 20 0.7 21 0.3 26 0.5 31 0.3 34 0.5 93 0 95 1 
9291 4 0.7 50 0.5 55 0.5 77 0 82 0.6 
9363 47 0.5 50 0.3 62 0.8 
9499 34 0.7 
9821 66 0.6 
