100
94 5 0.8 14 0.9 22 0 59 0.7 85 0 90 1 
119 0 0 1 0.3 28 0.9 36 0 41 0.5 42 0.5 61 0.6 73 0 
124 7 0 53 0 66 0.4 67 0 80 0.9 81 1 82 0.9 88 0.9 90 0 
146 8 0.7 39 1 61 0 75 0 91 1 
177 47 0.5 
265 2 0.5 35 0.8 88 0.9 91 0 
296 1 0 10 0.5 12 0.8 17 0.9 29 0.5 40 0 59 0 67 0.7 71 0.6 
341 12 0.8 16 0.7 39 1 46 0.4 49 0 51 0.3 72 0.5 80 1 
346 36 1 
454 51 0.4 
524 0 0.3 
684 39 0 72 0 
784 0 0 4 0.4 6 0.8 7 0.5 23 0 24 0.5 46 0.8 87 0.8 
859 4 0 22 0 75 0.6 76 0.5 
912 1 0 9 0 22 0 50 0.6 73 0.6 79 0.4 80 0 
1059 1 0 11 0.4 15 0 24 1 64 0.6 80 0 
1068 20 0.4 
1176 8 0.7 11 0.8 13 0 14 0.3 30 0.8 38 1 40 0.5 57 0 60 0.8 79 0 
1353 32 0.8 36 0.6 44 0.7 46 0.6 51 0.4 57 1 65 0.4 74 0.5 
1357 4 0.8 41 0.7 50 0.9 56 0.4 58 0 61 0 68 0.4 85 0.8 98 0 
1384 5 0.8 40 0.3 41 0.4 44 0.6 53 0.7 55 0.9 
1432 10 0.8 17 0.9 23 1 53 0.9 59 0.5 60 0.7 70 0.4 82 0.3 
1467 26 0 46 0.3 51 0.5 
1630 26 0.3 41 0.9 58 0 66 0 
1657 8 0.5 9 0.5 20 0.9 34 0.8 50 0.6 79 0.3 85 0.4 87 0.8 
1703 1 0.6 36 0.4 37 0 57 0 67 0 
1774 50 0.6 
1820 3 0 6 0 8 0.6 27 0.4 33 0.3 34 0.3 92 0 93 0.4 97 0.5 99 0.7 
1917 20 0 71 0 92 0 
1959 9 0.7 11 0.7 57 0 81 0 
2269 72 0.5 78 0.4 
2608 36 0 50 0.7 59 0.5 66 0 77 0.4 79 0.3 84 0.8 87 0.4 
2623 4 0.9 29 0.3 
2659 27 0.5 37 0 43 0.3 47 0 77 0 84 0.6 85 0.7 88 0.6 
2740 1 0.3 38 0.8 56 0 94 0.5 
2758 4 1 16 0 20 0.4 73 0 74 0.5 90 0.9 
2771 90 0 
2857 84 1 96 0 
2869 28 0.9 56 0.6 69 0 80 0 93 0.5 
3036 12 0.9 16 0 48 1 49 1 62 0.5 72 1 96 0.7 
3248 55 0.5 69 0 
3308 12 0 
3411 12 0.6 26 0.9 38 1 47 0.8 55 0.6 69 0.5 84 0.6 88 0.9 
3476 43 0.3 80 0.5 
3625 4 0.4 16 0 21 0 38 0.6 52 0.7 56 1 71 1 77 0 79 0.8 80 1 
3698 20 0.3 26 0.5 61 1 86 0.3 87 0.6 94 0.7 
3823 14 0.3 17 0.7 19 0.8 29 0.9 68 0 90 0.4 
4059 8 0 12 0 22 0.3 34 0.6 35 0.6 67 0 93 0 
4244 62 0.8 65 0.6 69 0.9 71 0 
4252 17 0.4 26 0.7 28 0 38 0.7 39 0 42 0.5 79 0 
4360 1 1 22 0.3 23 0.9 46 1 55 0.9 69 0 73 0.9 96 0.7 
4416 13 0.3 24 0 32 0 68 0.6 70 0.6 82 0.9 90 0 
4458 36 0 40 0.6 52 0.6 64 1 
4465 35 0.3 44 1 60 0.9 66 0.3 75 1 86 0.6 
4523 6 0 14 0.8 21 0.3 30 0 32 0.3 35 0.3 50 0 56 0 63 0 73 0.3 
4566 1 0.6 8 1 11 0.7 12 0 54 0.4 56 0.4 57 0.7 84 0.8 
4579 10 0 21 0.4 30 0.9 40 0.3 53 0.5 65 0.9 77 0.9 
5071 10 0.8 29 0 86 0.8 
5131 2 0.3 11 0 25 1 30 0 33 0 37 0 44 1 91 0 
5333 44 0.8 57 0.8 59 0.8 69 0.8 72 0.8 76 0.3 
5417 5 0.3 10 1 12 1 23 0.9 28 1 48 0.5 60 0 
5499 28 0.5 48 0.8 64 0 94 0 
5762 68 0.9 90 0 
5765 2 0 11 0.3 49 0 
5836 7 0 31 1 51 0.5 55 0 56 0.6 67 0.6 74 1 75 0.7 88 0.8 
5849 0 0.8 12 1 19 0 41 0.3 43 0 74 0 91 0.7 
5943 4 0.7 20 0 23 0.9 29 0 34 0.7 62 0 82 0 
5996 4 0 16 0 22 0.6 56 0 58 0.9 80 0.8 81 0.7 97 0.4 
6393 11 0 23 0 46 0 50 0.3 54 0 73 0 78 0.9 
6631 3 1 37 0.5 45 0.9 83 0.5 97 0.7 98 0 
6669 30 0.4 31 0 36 0.7 68 0 81 0.4 83 0.3 99 0.3 
6852 13 0.8 16 0.4 22 0.3 56 0 72 1 83 0 
6976 22 0.3 
6994 10 0.3 30 0 48 0.9 59 0.9 62 0.8 89 0 
7099 4 0.6 73 0 89 0 
7124 3 0.4 22 0 26 0.9 43 0 54 0.8 63 0.9 67 0.6 91 0.4 95 0.8 
7160 19 0 
7181 25 1 27 0 29 0.9 35 0 51 0 57 0.8 73 0.7 77 0.7 
7363 7 0.7 8 0 14 0.7 48 0 63 0.5 69 0.6 76 0.9 88 0 99 0 
7369 44 0 50 0 78 0.3 82 0.7 85 0.3 92 0.3 95 0.6 99 0 
7742 11 0 34 0.9 
8010 9 0.7 32 0.6 54 0.7 72 0.9 
8095 2 0 10 0.6 19 0.7 39 0.3 45 0.6 51 1 73 0 79 0.6 87 0 
8255 4 0.4 11 0 42 0.6 47 0.5 69 1 
8265 8 0.7 69 0 
8306 1 0 8 0.8 10 0.4 21 0.8 60 1 62 0.7 67 1 77 0.4 99 0 
8368 14 0.6 31 0.4 32 0.3 54 0.8 56 0 68 0.5 69 1 88 0.3 95 0.5 
8370 9 0 14 0.7 16 0.3 58 0 67 0.5 79 0.6 83 0.3 92 0.3 94 0.7 
8408 13 0.4 29 0.3 33 0 37 0 40 1 55 0.3 91 0.6 96 0 
8474 1 0.8 5 1 16 0 22 0.8 25 0 26 0 35 0.9 45 0 92 0 
8622 0 0 11 0.5 14 0.6 21 0.4 51 0.4 85 1 92 0.9 95 0.8 
8729 5 0.9 
8830 14 0 40 0.3 61 0.5 68 0.9 69 0.9 71 0 77 0.6 83 1 88 0.7 
8945 2 0.6 38 0 57 0.5 79 0 
9347 0 0.4 24 0.9 33 0 42 0.4 60 0 71 0 82 0.7 92 0 96 0.3 99 1 
9527 0 0 31 0.9 36 0.6 40 0.5 42 0.4 96 0.6 
9559 5 0.5 12 0.7 30 0.8 59 0.8 67 1 80 0.3 
9658 22 1 64 1 74 1 75 0.5 79 0.5 
9798 5 0.4 7 0.5 15 0.5 29 0.8 31 0 34 0 64 0.5 66 0.5 75 0.3 
9801 32 0 35 0.7 
