100
141 53 0 64 1 83 0 
324 56 0.8 84 0 
414 1 0.7 16 0.9 25 0 68 0.9 89 0.8 
439 24 1 61 0.4 65 0.5 
504 68 1 
532 4 0.5 74 0 85 0 
712 16 0.4 19 0 45 0.6 66 0.5 75 0.6 77 0.7 94 0 
720 0 0.6 2 0 6 0.6 38 0.5 50 0.6 71 0 93 0.5 99 0 
812 25 0.3 30 0 31 0.5 48 0.5 66 0.6 99 0.4 
861 6 0 17 0.7 21 0 65 0 76 0.9 84 0 87 0.8 93 0.5 97 0.9 
974 1 0.6 29 0.4 44 0.4 45 1 60 0.6 75 1 80 0.3 
1094 56 0.7 61 0.3 76 0.6 
1383 10 0.8 67 0.3 94 0 99 0.4 
1422 40 0.8 
1428 31 0.3 39 0 54 0.9 57 0.4 74 0.5 75 0.5 77 0 81 0 
1536 44 0.6 48 0.3 51 0 65 0.6 80 0.4 87 0.4 90 0.6 95 0.7 99 0 
1596 41 0.9 
1648 24 0 30 1 34 0.8 40 0 42 0.7 55 0.5 75 0.3 83 0 92 0.5 
1677 23 0.8 41 0.8 
1717 3 0 25 1 68 0.5 
1882 12 0 38 0 64 0.3 93 0.9 
1892 8 0.4 13 1 32 0.8 61 0.4 64 0 71 0 79 0.6 85 0.5 91 0.6 96 0.9 
2023 8 1 19 0.9 37 0 42 0.9 44 0 48 0 60 0.3 64 1 65 0.3 79 1 
2084 25 0.7 57 0 60 0 74 0 
2159 1 0.5 3 0 11 0.6 13 0 36 1 49 0.4 50 0.4 63 0.3 76 0 82 0.7 
2162 71 0.9 76 0.9 
2263 18 0.4 24 0 31 0 44 0 87 0 
2325 19 0 26 0.8 38 0.4 60 0.4 72 0.9 80 0 83 0.6 88 0.6 96 0 
2411 24 1 28 0.9 30 0.5 49 0.4 68 0.4 72 0.4 
2479 1 0.3 2 0.3 18 0.3 21 0 44 0 48 1 95 0.6 
2691 2 0.9 14 0 24 0.4 34 0.7 69 0.3 70 1 78 0.5 80 0.7 82 0 93 0.6 
2799 46 0 54 0.9 
2823 33 0 
2910 22 1 
3118 35 0.5 93 0.7 
3154 38 1 47 0.8 73 0.5 84 0.5 
3260 2 1 5 0.3 16 0.8 23 0.3 27 1 42 0.3 54 0.4 60 0.6 94 0.6 
3263 61 0.6 82 0.4 96 0.5 99 0.4 
3281 1 1 10 1 11 0 29 0.8 36 0 55 0.4 58 0 82 1 93 1 99 0.8 
3315 1 0 23 0 31 0.7 40 0.6 63 0.9 76 0.8 84 0.7 85 0.3 87 0.8 88 0.7 
3384 40 0.8 43 0.5 48 0.9 78 0.6 
3449 43 0.8 53 0 59 0 73 0 
3672 81 0.9 82 0.8 91 0.5 92 0.5 
3781 3 0.8 7 0.6 10 0.6 11 0.9 27 0.4 35 0.7 46 0.6 92 0 99 0 
3803 2 0.6 7 0.6 67 0.7 71 0 73 0.3 80 0.8 84 0.9 85 0.6 94 0 97 0.5 
3840 23 1 27 0.3 50 0.9 68 0.7 72 0.7 80 0.3 82 0.9 95 0.4 
3899 78 0 
4357 4 0 17 0.5 25 0.3 39 0 40 0 75 0.8 86 0.7 92 0.9 
4361 10 1 39 0.6 45 0.6 47 0 92 1 96 0.5 
4536 4 1 10 0 11 0.6 12 0.5 15 0.3 22 0 34 0.8 70 0.3 
4641 3 0.9 25 0.6 38 0 45 0.7 59 1 61 0 69 0.5 70 1 80 0 84 0.3 
4864 94 0.3 
4876 22 0.3 26 0 29 0 42 0.9 64 0.5 73 0 93 0.8 95 0.6 
5061 0 0.6 
5733 4 0 20 0 24 0.7 54 0.6 93 1 97 1 
5978 43 0 48 0.9 61 0.4 62 0.6 79 0 89 0.6 
6040 21 0 31 0.5 36 0.7 47 0.3 54 1 57 0.8 67 0.4 68 0.5 83 0.5 
6112 64 0.3 
6150 55 0 
6353 10 0.4 26 0.6 69 0.6 85 0 
6458 33 1 58 0 85 0 90 0.9 
6667 10 0.5 17 0 31 1 34 0 40 0 43 0 48 0.7 59 0.6 61 0.9 96 0 
6670 9 0 12 0 
6797 2 0 20 0.3 36 0.6 37 1 42 0 56 0 80 0.5 85 0 88 0.7 94 0.3 
6821 3 1 25 0.9 26 0 45 1 49 0 58 0.7 68 0.8 89 0 
6898 27 0.7 35 0 41 0.4 47 0 50 0.5 62 0.4 99 0.6 
6998 2 0.7 48 0.6 77 0.4 
7085 72 0.9 97 0 
7089 3 0.9 8 0.4 44 0.6 49 0 75 0.3 98 0.7 
7330 46 0.9 
7403 2 0.5 25 0.5 29 0 39 0 51 0.9 71 0 73 0.5 77 0.5 83 0.7 93 0.8 
7406 39 0.5 41 0.9 45 0 56 0.4 58 0 64 1 71 0.8 78 1 96 1 
7446 30 0.3 52 0 58 0.6 67 0.4 77 0 80 0 
7460 1 0 68 0.7 
7507 17 0.7 22 0 27 0.5 64 0.9 67 0.9 74 0.4 78 0.8 89 0.9 97 0.7 
7546 63 0.8 70 0.9 
7584 5 0.8 67 0.4 89 0.9 91 1 
7688 64 0.8 
7696 0 0.6 9 1 52 0.5 76 0 81 0.8 
7884 57 0 
7921 29 0.4 40 0.7 42 0.4 56 0.8 57 0.6 69 0 70 0.9 
7985 6 0.4 13 0.3 16 0.9 19 0.7 41 0 42 0.7 48 0.5 69 0.5 99 1 
7999 3 0.5 8 0.3 14 1 20 0 31 0.3 69 0.5 82 0.4 
8001 18 0 23 0.7 88 0.9 
8330 0 0.3 17 0.3 30 0.8 65 0.7 76 0.3 77 0 97 0 
8353 21 0.9 52 0.9 74 0.7 77 0.3 
8389 0 0.4 3 0.8 10 0.4 20 0.7 48 0.4 52 0 65 0.9 72 0 87 0.7 93 0.8 
8432 52 0.3 
8562 12 0 25 0.4 26 0 58 0.4 59 0.4 75 0.5 79 0.3 
8681 36 0.3 47 1 
8697 1 0.4 2 0.4 11 0 16 0.7 21 0.8 27 0.9 50 0.3 63 0.6 69 1 89 0.4 
8744 7 0 8 0.6 37 0 41 0.7 49 1 56 1 62 0.7 77 0.9 81 0.4 86 0.6 
8823 0 0.3 20 0.8 40 0.6 64 0 75 0.5 79 0.5 
9081 8 1 16 0.7 23 0 27 0.4 33 0 47 0.8 61 0 88 0.8 96 0.6 
9165 10 0 37 1 56 0.6 
9321 14 0.6 18 0 50 0.4 53 0.8 55 1 72 0.9 73 0 85 0 86 0.7 90 0.5 
9338 17 0.3 
9369 61 0 79 0.8 83 0.3 
9674 15 1 18 0 27 1 44 0.7 53 0.9 87 0 98 0 
9961 92 0 
