100
212 20 0 22 0.3 90 0.7 93 0 
375 74 0 
485 1 0 22 0 44 0.6 56 0 
504 68 0 
707 0 0.3 4 0 5 1 25 1 30 1 34 0 45 0.8 49 0.4 85 0 91 0.9 
778 4 0.8 28 1 34 0 37 0.4 47 0 58 0.3 60 0.5 75 0.3 88 0.9 
816 2 1 22 0.8 46 0.6 
821 8 0.3 12 0.8 51 0.7 87 1 
831 22 0.9 23 0.9 28 0 44 0 62 0.9 70 0.5 78 0.9 80 0 97 0 
881 24 0.9 27 1 91 0.3 95 0.6 96 0.8 
889 11 0.7 17 0 23 0 46 1 52 0 80 0 82 0.5 98 0.6 99 0 
932 4 0 81 0 
1043 1 0.8 15 0.5 39 0 58 0.3 
1050 4 1 9 0 20 0.6 52 0.8 54 0.6 85 0.9 
1090 15 0.8 85 0.5 
1092 28 0 30 0.3 33 0 46 0 
1223 40 0.5 47 0.7 51 0.8 57 0.7 74 0 77 0 89 0 
1374 3 0 8 0.7 99 0.6 
1455 33 0.9 39 0.4 50 0 53 0.8 78 0.9 97 0.4 
1492 50 0.4 
1599 28 0.5 29 1 49 0 52 1 63 0 67 0.8 74 0.7 
1648 24 0 30 0.7 34 1 40 0 42 0 55 0 75 0.4 83 1 92 0.5 
1655 64 0 
1710 3 0.8 41 0 88 0.3 
1739 0 0.9 53 0.9 55 0 64 0.6 
1785 1 1 25 0.7 27 0.5 35 0.9 42 0 70 0.9 72 0.6 97 1 
1821 11 0.6 40 0.5 44 1 58 0.3 61 0 66 0 74 0 98 1 
1858 32 0 
2137 2 0.7 23 0 25 0.6 26 0 37 0.9 80 0 84 0 87 0 
2443 5 0.3 19 0 22 0 23 0.8 55 1 66 0.8 76 0.6 78 0.6 86 0.8 
2508 21 0.6 23 0.4 76 0.4 78 0.5 79 0 
2615 73 0.6 76 1 87 0 
2703 4 0 9 0.9 45 0.7 60 0.3 98 0 
2826 8 0 12 1 29 0.7 31 0 74 0.8 99 0 
2912 24 0 28 0.8 75 0.7 
2977 22 0.4 40 0.9 61 0 76 0 92 0 
3090 2 0.8 23 0.9 32 0.4 67 0.3 83 0.5 86 0.9 
3156 8 1 11 0.9 31 0 33 0.7 
3230 25 0.6 59 0 82 0.4 
3247 6 0 30 0 44 0.9 56 0.9 
3256 1 0.7 44 0.3 
3261 2 0 14 0.6 26 0 36 0.9 57 0.7 94 0.7 96 0.8 
3283 46 0.5 78 0 
3293 0 0 20 0 22 0 23 0 36 0.6 41 1 60 0.5 62 0.4 97 0 99 0 
3323 2 1 22 0.6 35 0 45 0 56 0.8 60 0 71 0 84 0.4 94 0.9 
3396 3 0 21 0.5 94 0.9 
3516 12 0.4 13 0.8 21 0.3 42 0.3 59 0.9 60 0.5 68 0.3 69 0.3 79 0.4 98 0.7 
3585 6 0.5 20 0 
3628 11 0.3 34 0.8 40 0.8 43 0 53 0 63 0.3 77 1 81 0.9 82 0.7 97 0.6 
3750 59 0.6 
3760 23 0.4 64 0.7 95 0.8 
3904 1 0.7 7 0.3 23 0.7 33 0 35 0.5 43 0.7 61 0.3 68 0.9 71 0.3 97 0 
4155 1 0 13 0.5 30 0 59 0.4 65 0.4 85 0.3 
4159 13 0.8 18 0.8 26 0.6 34 0 61 0.3 
4351 8 0 22 1 30 0.9 59 0.9 72 1 75 0 
4676 2 0.4 5 0 17 0.3 26 0.8 34 0 44 0.5 50 0.5 89 0.6 97 0 
4739 22 0.7 26 0.7 27 0.3 43 0 44 0.5 46 0 65 0.7 75 0.4 99 0 
4898 18 0.6 47 0.6 50 0 54 0 63 0.3 99 0.6 
4899 2 0.7 21 1 22 0 28 0.8 29 0 69 0 86 0 89 0.9 99 0.7 
4973 17 0.6 32 0 55 0 97 0.9 
5082 7 0.6 59 1 
5383 9 0 13 0.4 14 0 32 0.8 
5402 26 0.9 47 0.4 66 0.3 78 0.8 
5429 8 1 17 0.6 27 0.3 33 1 56 0.3 76 0.7 78 0.7 95 0.8 
5630 2 0.9 24 0 27 0.3 56 0 76 0.8 84 0 95 1 
5634 16 0.3 41 0.7 45 1 58 0.5 75 0.8 82 0 83 0 97 0.8 
5645 54 0.3 94 0.5 
5663 17 0.8 20 0.8 38 1 46 0.5 88 0 98 0.4 
5805 24 0.6 41 0 43 0.5 62 0.5 66 0 
6009 91 0.4 96 1 
6117 59 0 
6225 13 0 49 0 80 0 
6499 34 0 
6588 18 0.6 42 0 47 0.3 55 0.3 
6939 63 0.5 
6991 16 0.4 22 0.5 34 0.7 39 0.6 44 0.6 57 1 68 0 83 0.6 93 0.8 95 0 
7287 12 0.5 18 0 26 0.5 34 0 37 0.3 72 0.9 88 0.3 
7451 6 0.4 16 0.7 41 0.7 52 0.4 59 0 80 0.6 88 0 
7906 32 0.8 
7938 16 0.9 54 0 98 0.7 
7962 59 0.3 
7967 4 0 66 0 70 0 
7996 0 0 48 0 56 0.6 59 0 79 0.5 82 0.9 
8015 6 0.3 17 0.7 37 0.6 45 0.5 60 1 67 0.6 77 0.5 93 0 
8028 2 0.6 15 0.6 59 0 66 0 83 0.6 84 0 87 0.5 
8067 0 1 3 0.8 13 0 17 0.9 48 0.4 53 0.4 63 0 65 0 97 0.9 98 0.8 
8103 97 0.9 
8160 24 0.3 39 0.4 83 0 84 0.7 86 0.9 
8211 11 0.3 12 0.5 26 1 27 0 41 0 70 0.4 75 0.5 92 0 
8243 20 0.9 44 0.7 51 0 80 0.4 97 1 98 0 
8333 5 0.3 9 1 24 0 29 0.7 34 0.9 39 0.9 51 0.8 71 0.3 84 0.9 91 0.6 
8439 31 0.8 33 0.9 70 0.6 94 0.3 
8649 62 0.7 
8723 65 0.5 
8978 25 0.9 32 0.3 53 0.9 68 0.3 71 0.4 93 0.8 97 0.5 
9607 15 0.3 
9654 1 1 23 0 32 0.3 35 0 39 1 71 0.8 77 0 97 0.3 
9710 24 0 70 0 
9813 4 0.4 23 0 42 1 55 0.7 63 0.7 72 0.9 81 0 85 0.7 
9865 51 0 59 0.6 63 0.3 
