100
96 0 0.9 2 0.9 37 0.9 53 0.4 68 0.3 
114 1 0 21 0.6 28 0.4 35 1 48 0.3 
453 15 0 64 0.7 87 0.8 99 0.6 
791 3 0 8 0.3 66 0.6 86 0.3 88 0 
806 0 0.8 1 0 7 0.9 36 0 53 0.3 70 0.5 75 0.4 82 0 86 0.7 
821 8 0.3 12 0 51 0 87 0.4 
929 5 0 8 0.9 30 1 43 1 57 0.6 76 0.3 81 0.8 
1091 17 0.9 66 0.6 
1105 11 0.5 31 0 50 0 80 0 81 0 95 0.7 97 1 
1261 68 0.8 77 0.5 92 0.7 
1272 15 1 22 0.5 31 0 36 0.5 56 0 57 0.6 58 0.7 65 0 86 0 88 1 
1402 1 0.8 14 0.6 28 0 33 0 37 0 42 0.9 55 0 57 0 80 0.4 94 0 
1445 30 0.5 48 1 
1549 44 0.7 75 0.7 81 0.9 91 0 
1569 2 0.8 5 0 8 0 20 0 26 0.7 42 0.7 49 0.5 99 0.8 
1603 35 0 58 0 60 0.4 68 0.4 85 0.6 
1615 4 0.4 96 0.8 97 0.7 
1756 11 0 42 1 52 0.3 60 0.6 80 0.5 89 1 93 0.6 98 0.6 
1819 34 0.5 72 0.7 97 0.8 
1828 1 0.5 10 0 27 0 42 0.9 87 0.7 92 0.8 
1902 39 0.5 40 0.6 62 0.3 91 0.6 99 0 
1975 16 0.6 
2391 7 0 
2423 5 0.7 29 0.5 38 0 47 0.9 51 0.9 60 0.9 66 0 76 0.7 
2453 1 0 27 0.7 
2518 15 0.4 24 0 31 0 81 0.3 86 0 98 0.8 
2557 23 0.6 24 0 33 0.9 37 0.3 81 0.9 93 0 
2571 23 0.7 25 0 33 0.9 45 0.7 54 0 65 0.8 66 0.4 75 0.5 88 1 
2679 38 0.9 39 0.4 70 0.4 93 0.7 
2810 0 1 12 0.9 29 0.4 38 1 59 0.6 66 0.6 76 0.8 85 0.7 88 0.3 94 0.9 
3239 9 0 41 0.5 96 0 
3331 18 0.5 53 0.5 76 0.9 
3453 10 0.6 11 1 54 0.9 55 0.7 57 0 95 0.3 
3578 6 0.7 10 0 15 0.7 34 0.9 40 0 61 0.4 67 0.7 80 0 85 0.7 86 0 
3712 4 0 
3728 15 0.4 19 0 52 0.9 56 0.3 
3847 3 0.3 10 0.8 26 0 27 0.4 29 0 36 0 49 0 51 0.3 77 0 83 0.8 
4054 72 0 95 0.8 
4058 8 0.6 12 0 45 0.8 50 0.4 52 0.7 59 0.4 70 0.6 79 1 86 0 
4089 48 0 77 0 78 0.5 91 0 
4253 6 0.8 11 0.5 26 1 32 1 54 1 57 0.3 75 0.7 
4290 14 0.3 28 0.7 40 0.3 54 0.9 56 0.8 59 0.9 70 0.3 74 0 86 0.4 
4337 22 0 33 0.3 44 0.9 48 0.7 62 0.3 76 0.8 84 0.6 89 0 90 0 
4376 52 0 
4483 0 0.5 4 1 40 0.7 47 0.3 60 1 62 0.6 78 1 79 0.9 84 0.6 
4535 30 1 73 0.4 88 0.5 
4595 13 0.9 18 0 21 0 22 0.8 75 0.3 88 0.8 95 0.6 
4631 0 0.9 20 0.7 30 0 33 0.7 35 0.3 42 0 47 0.3 66 0.4 70 0 83 0 
4650 21 0 25 0 82 0.7 
4718 11 1 15 0.3 55 0 64 0.5 74 0.3 86 0.5 93 0 98 0.7 
4752 27 0.5 46 1 74 0.6 
4791 31 0 33 0.3 52 0 66 0.6 67 0.6 
4829 0 0 63 0.3 91 0.3 92 0.4 
4897 0 0 26 0.4 53 0.9 63 0 70 0 82 0.4 89 0.3 90 0.9 
4958 24 1 39 0.7 45 0.6 66 0 87 0 
5340 13 0.9 23 0 25 0.3 51 0 56 0.9 82 0.3 
5395 16 0.8 20 0.5 39 0.4 50 0.9 51 0.6 62 0 67 0 
5529 9 0.8 20 0.7 25 0.5 31 0.7 53 0.8 79 0.3 
5573 11 0 
5789 4 0.5 28 0 31 1 32 0.6 62 0.9 68 0.9 91 0 93 0.3 95 0.5 
5830 18 1 25 0.6 43 0 83 0.7 95 0.6 97 1 
5869 4 0.6 14 0.9 15 1 27 0.8 57 0.6 68 0.7 81 0 96 0.4 
6009 91 0.5 96 0.4 
6081 5 0.3 8 0.5 16 0.4 18 0 19 0.8 21 0.6 25 0 39 0.7 49 0.9 59 0 
6105 20 0 25 0.6 47 0 48 0.3 69 0 87 0.6 93 1 
6261 7 0.6 27 0.4 75 0 
6313 0 0.7 2 0 25 0.5 52 0 66 0 83 1 88 0 95 0 
6565 5 0.3 12 0.4 40 0 47 0.5 74 0 
6689 5 0.4 13 0 15 0.9 29 0.4 63 0 71 0.4 87 0 88 0.6 91 0.9 
6751 22 0.3 32 0.5 44 0.3 49 0.8 56 0.4 69 0.3 
6770 33 0 61 0.7 65 0.9 73 0.3 80 0 
7068 41 0.8 56 0.9 79 0.3 88 0 
7261 4 0.6 19 0.3 33 0.3 60 0.7 70 0 72 0.5 82 0 98 0 
7267 73 0 98 1 
7316 23 0 32 0.7 33 0.3 52 0.7 63 0 94 0.3 
7326 19 0.8 20 0.9 30 0.5 32 0.6 33 0.7 51 0.4 55 0.5 78 0 97 0.8 99 0.7 
7335 9 0.6 25 0.4 56 0 85 0.3 
7432 62 0.5 
7624 15 1 16 0.3 32 1 48 0.3 64 0.8 65 0.4 70 0.4 71 0 84 0.5 
7671 50 1 61 0.9 
7768 5 0.3 12 1 14 0.3 30 0.8 33 0.8 35 0.4 48 0.9 63 0.5 79 0 91 0.3 
7895 4 0.7 14 0.7 16 0.8 32 0.6 47 1 64 0.3 65 0 67 0.5 70 0 89 0.3 
7904 13 0 15 0.6 60 0.7 
7994 42 0.6 52 0.6 80 0.5 85 1 
8072 10 0 49 0.6 68 0.9 73 0.7 98 0 
8307 14 0.4 24 0 43 0 67 0.6 
8353 21 0 52 0 74 0.8 77 0.4 
8528 91 0.5 
8678 28 0.9 
8889 14 0.3 15 0.5 24 0.8 29 0.8 42 0.4 56 0.7 68 0 71 0.8 86 0.9 89 0.4 
8891 46 0.8 80 0 
9053 23 0.8 28 0 44 0 58 0.8 67 0.9 68 1 77 0.3 89 0.9 90 0.9 
9364 11 0 32 0.5 37 0 79 0.5 80 0 81 0.3 82 0 83 0 90 0 96 0 
9419 25 0.8 28 0.8 43 0 46 0 57 0.4 58 0.8 86 0 88 0.5 92 0.7 
9457 6 0.5 58 0.7 92 0.5 
9669 19 0 38 0.8 68 0.7 76 0.6 94 0.8 
9809 12 0.5 15 0.9 55 1 69 0.6 87 0 
9831 4 0.7 6 0.8 10 1 47 0.7 56 0 71 0.5 83 0.9 89 0 
9877 7 0.4 34 0.9 36 0.6 38 0 53 0.4 54 0.4 56 0.8 57 0.8 70 1 82 0.4 
9978 3 0.6 8 0.5 10 0.3 18 0.9 34 0.5 46 0 75 0.7 82 1 
