100
25 6 0 36 0.4 47 0 56 0.9 61 0.9 68 0.7 99 0.3 
174 15 0 20 0.6 52 0.7 54 0.3 55 0.8 64 0 72 0 81 0.5 91 0 94 0 
245 2 0.6 16 0.4 27 0.5 36 0.7 60 0.4 84 0.5 96 0.6 
558 1 0.4 19 1 28 0.5 30 0.6 32 1 36 0 40 0 95 0.4 
722 0 0.8 5 0.5 6 0.9 7 0 28 0 31 0.6 34 0.3 53 0 54 0.3 
775 0 0.9 53 0.7 66 1 80 0.3 90 0.5 96 0 
822 7 0 16 0.8 18 0.9 20 0 42 0 44 0.5 85 0.7 92 0 94 0 97 0.8 
949 0 0.8 6 1 7 0.5 17 0 35 0 50 0.5 52 0.9 77 0.6 79 0.8 81 0.8 
1143 5 0.6 52 0.7 54 0.4 58 1 80 0.6 86 0.3 90 0 99 0.5 
1187 5 0.9 18 1 28 0.7 90 0.8 
1242 17 1 25 0.7 28 0.6 33 0 34 0.8 36 0.5 48 0.9 71 0 74 0 82 0.4 
1389 1 0 8 0.5 53 0.9 82 0 
1494 23 0.8 28 0 43 0.6 53 0 
1577 68 1 
1679 0 0 10 1 27 0.8 45 1 57 0.8 59 0 83 0 
1683 17 1 88 0.3 
1756 11 0 42 0 52 0.3 60 0 80 0 89 0.4 93 0.9 98 0 
1857 10 0 18 0.6 46 0.6 50 0.4 
1861 15 0.8 
1909 1 0.3 2 0 8 0.9 24 0.3 56 0.9 67 0 92 0.6 
1932 67 0.8 
1981 28 0.7 29 0 53 0.4 60 0.9 85 0 88 0 99 0 
2054 36 0 58 0.3 78 0 
2104 9 0.9 13 0.3 14 0.8 40 0 63 0.9 68 0.5 85 0.3 93 0 
2132 9 1 16 0 32 0.4 56 0.6 61 0.4 65 0.3 80 0.9 81 0.9 87 0.8 
2138 7 1 40 0.3 78 0.8 
2253 19 0.7 25 0.9 26 0.3 44 0.6 48 0 51 0.7 
2313 14 0.8 44 0.5 50 0.3 56 1 57 0 61 0.5 63 0 84 0.5 92 0.4 97 0.8 
2462 6 0.4 7 0 17 0.7 19 0.4 46 0.7 57 0 65 0.7 69 0.5 78 0.7 86 0.6 
2547 15 0.8 92 0.7 98 0 
2660 16 0 17 0 26 0 34 0 
2708 0 0.6 18 0.9 37 0.4 39 0.6 48 0.5 58 0.9 88 0.5 99 0.5 
2925 19 0.3 
2976 21 0.5 34 0.4 85 0 96 0.5 99 0.3 
3343 40 0.7 
3430 11 0 26 0.3 92 0.5 
3452 25 0 
3592 6 0.4 59 0 
3860 19 0 
4256 16 0.6 35 0.8 44 0.9 
4266 22 0 31 0.3 87 0 
4394 4 0.3 36 0.7 84 0 85 0.9 92 0.9 94 0 
4786 7 0 9 0.9 11 0 29 1 54 0.4 80 0.9 86 0.7 
5040 92 0.7 
5209 88 0.5 
5307 21 0.5 69 0 77 0.4 87 0.5 
5460 21 1 
5493 1 0.6 40 1 98 0.5 
5525 2 0.3 23 0.7 41 0.6 51 0.8 69 0.4 79 0.4 
5526 18 0.5 42 0 46 0.7 64 0 72 0.6 77 0.7 99 0.8 
5715 6 0.9 20 0.7 55 0.6 62 0.4 75 0 
5771 18 0.3 28 0 38 0 57 0.8 58 0.5 70 0 72 1 84 0.3 87 0.4 92 0.4 
5831 23 0.6 98 0.7 
5902 2 0.6 4 0.5 16 0.8 23 1 48 0.6 75 0 78 0.5 
5998 20 0 
6086 14 0.3 35 0 40 1 60 0.4 
6126 6 0 12 0.3 26 0.8 48 0.9 52 0 56 0.3 73 0 79 0.5 89 0 
6141 30 0.4 38 1 40 0 50 0.4 58 0 82 0.4 87 0.4 
6261 7 0 27 0.5 75 0.8 
6370 49 0.5 64 0 
6474 5 0.3 6 0 31 0.5 39 0 40 0.5 46 0.6 
6508 31 0.8 63 0.7 78 0 96 0.3 
6635 25 0.5 81 0.4 
6682 0 0.6 7 0.3 80 0.5 86 0.5 
6818 12 0.8 19 1 20 0.4 22 1 27 1 54 0.8 60 1 76 0 78 0.8 90 0 
6847 41 0 78 1 
6904 6 0.5 35 0.5 40 0.4 71 0 
6998 2 0 48 0.7 77 0.6 
7001 2 0.9 23 0 27 0 34 0.5 62 0.3 70 0.9 74 0.3 77 0.5 84 0.3 92 0.6 
7125 60 0.4 61 0.5 79 0 
7297 7 0.8 68 1 71 0.3 92 0 95 0.4 
7438 24 0.4 41 0.3 47 0.9 89 0.6 
7467 2 1 5 0.6 46 0.4 50 0.3 74 0.7 79 0.6 96 0.7 97 0.8 99 0.3 
7603 4 0.3 5 0.6 59 0.3 
7710 27 0.4 28 0.6 50 0.8 61 1 66 0 77 0 82 0.6 84 0.7 99 0.5 
7712 63 0.9 
7801 44 0 70 0.8 71 0 99 0.8 
7877 90 0.8 92 0.5 
7995 42 0.9 50 0.7 59 1 
8068 13 0.8 18 1 21 0.4 39 0.6 45 0 57 0.8 58 0.8 65 0 78 0.4 
8071 42 0.7 44 0 65 0 
8080 35 0.5 
8386 80 0.3 
8487 21 0.7 32 0 85 0.6 
8527 38 0.6 50 0.4 
8557 11 0 24 0.6 42 0.9 86 0.9 87 0 
8560 8 0.3 27 1 29 0.7 51 0.8 60 0.4 70 0.9 80 0.7 85 0 99 1 
8639 1 1 2 0 8 0.5 16 0.3 44 0.6 59 0.8 68 0.4 90 0 91 0.3 92 0 
8757 26 0.3 67 0 96 0.9 
8802 1 0.4 6 0 51 0 
9040 19 0 44 0.9 51 0.9 70 0.7 78 0 82 0.9 
9132 25 0.8 33 0.7 39 0.5 46 0 61 0 70 0.4 80 0.7 86 0 
9409 8 0.7 61 0.3 71 0.7 77 0.7 82 0 87 0 
9434 3 0.9 7 0.6 9 0.3 24 0.8 49 0 57 0.7 60 0.9 
9597 12 0.5 27 0.3 33 0.9 45 0.3 50 1 55 0.8 74 0 
9771 10 0.6 69 0.8 77 0.8 85 0.6 89 0.8 98 0.5 
9855 7 0.3 12 0 60 0 
9870 16 0.3 27 0 29 0.4 45 0 56 0.3 58 0.9 68 0.3 90 0.3 
9904 24 0.9 73 0.6 
9977 1 0.5 8 0.7 16 0.3 22 0.3 35 0 46 0.7 55 0.8 67 0 75 0.3 96 0.9 
