100
9 45 0.8 55 0.5 62 0.8 83 0.7 87 0.4 
23 4 0.8 11 0.8 19 1 57 0.9 61 0.9 65 0 74 0.4 86 0.8 
95 33 0.3 45 0.5 52 0.5 66 1 83 0.9 90 0 
106 4 1 6 0.8 10 0.5 19 0.8 32 0.9 35 0.9 56 0 65 0.5 69 0.4 71 0.7 
130 13 1 23 0.4 26 0.3 53 0.9 69 0 76 0 
275 5 0 10 0 19 1 28 0.6 31 0.6 43 0.3 90 0 
292 23 0 35 0.5 49 0.3 60 1 70 0.7 80 0.6 96 0.3 99 0.4 
311 1 0.7 21 0.7 68 0.3 75 0.4 
467 16 0.5 21 1 23 0.6 25 0 32 1 34 0.4 41 0 59 0.9 63 0.9 72 0 
521 25 0.6 38 0.5 55 0 66 0 81 0 92 0 97 0.9 
562 11 0.6 17 0.9 33 1 46 0.4 49 0 51 1 81 0 86 0.9 
643 21 0 79 0.8 
738 71 1 
745 2 0.8 15 0 17 0.6 64 0.5 67 0 70 0.9 72 0.7 97 0 99 0 
806 0 0.4 1 1 7 1 36 0.5 53 0.8 70 0 75 0.5 82 0.9 86 0.8 
1261 68 0.6 77 0.3 92 0.8 
1349 11 0.8 57 0.5 68 0.8 77 0.8 94 0.9 98 0.6 
1393 36 0.9 85 0.5 
1438 17 0 24 0 49 0 57 0.9 61 0.7 63 0 68 0.4 77 0.7 84 0.3 
1479 16 0.4 18 0 31 0.6 34 0 35 0 49 0 52 0 53 0 64 0.4 90 0.5 
1597 56 0.4 85 0.5 93 0.8 
1613 31 0.9 
1721 13 0 62 0.6 96 0 
1759 0 0.5 3 0 6 0.7 9 0 10 0.5 17 0.9 56 1 72 1 79 0.8 82 0.3 
1884 51 0.9 57 0.6 63 0.5 65 0.7 69 0.3 74 0.5 77 0.3 78 0.4 89 0.3 93 0.3 
1898 26 0 60 1 62 0.5 67 0 69 0 76 0.7 78 0.6 79 0.3 84 0.4 
2057 2 0.3 47 0 52 0.6 98 0.6 
2216 13 0.4 35 0 42 1 53 0 
2270 93 0 
2348 12 0 53 0 62 0.5 93 0.8 
2684 18 0 
2691 2 1 14 0.6 24 1 34 1 69 1 70 0 78 0 80 1 82 0 93 0.5 
2773 11 1 12 0 44 0.5 47 0 52 0.4 56 0 61 0.6 73 0.3 74 1 93 0.7 
2883 4 0.6 33 0.6 51 0 83 0.7 
2907 5 0.5 25 0.9 32 0.6 45 0.5 53 0.3 64 0.4 76 0.3 96 1 
3354 0 1 8 0.7 20 0.3 21 0 33 0.8 46 0 52 0.9 55 0 
3511 24 0 27 0.3 42 1 56 0.6 59 0.5 64 0.8 65 0.4 98 0 
3590 5 0 31 0.8 66 0 77 0.7 90 0.7 96 0.7 
3817 6 0 24 1 29 0.7 43 0.3 75 0.5 
3848 16 0.6 43 0.4 48 0 62 0.4 71 0.3 85 0 94 0 
3913 2 0 30 0.4 49 0.6 58 0 66 0.9 
4018 37 0.9 63 0 71 0 79 1 
4077 26 0 27 0.3 31 0 55 0.7 99 0 
4107 48 0.3 77 0.8 
4235 12 0.9 20 0.7 37 0.3 42 0 48 1 56 0.6 66 0.4 74 0 84 0.7 99 0 
4405 14 0.4 54 0 82 0.4 96 0 
4433 51 1 
4466 9 0.5 13 0.6 23 0.8 26 0.6 34 0.9 37 0 47 0.7 88 0.8 96 0.6 
4577 11 0.8 32 0.3 36 1 
5036 39 0.7 57 1 67 0.4 97 0 
5105 0 0 6 0.9 10 0 33 1 66 0.5 86 0.5 
5324 14 0.3 40 0.9 
5416 1 0.7 
5539 54 0.8 70 0 75 0 
5554 66 1 
5581 60 0.5 74 1 84 0.3 
5616 9 0.8 17 0.9 49 0.8 62 1 
5757 6 1 11 0 13 0.4 31 0.8 35 0.9 36 0.5 37 1 83 0 91 0 97 0 
5819 7 0.4 98 1 
5844 22 0.7 27 0 37 0 39 0.6 45 0.9 65 0 73 0 87 0.3 97 0.3 
5914 2 0.3 47 0.7 52 0.3 58 1 61 0 
5977 0 0 28 0.9 31 0.7 36 0.7 83 0.9 
6152 22 0.4 23 0 26 0.5 36 1 60 0 65 0.5 89 0.6 90 1 
6173 51 0.3 77 0.9 
6177 32 0.5 46 0.6 60 0.7 67 0.9 74 0.3 80 0 83 0.6 85 0.9 
6200 49 0.7 66 0.8 
6485 13 0.6 54 0.3 60 0.7 62 0.4 87 0.8 
6537 9 1 19 0 55 0.6 84 0 
6684 7 0.7 19 0.5 29 0.8 31 0 74 0 77 0.9 
6884 6 0.3 28 0.6 31 0 32 0 40 0.8 62 0.6 73 0 98 0 
6910 6 0.8 13 0 21 0 26 0 32 0 82 0.9 97 1 
6928 10 0.6 
7029 4 0.5 28 0.3 48 0.5 52 0.9 55 0.8 62 0.6 68 0 70 0.9 86 0.7 88 1 
7084 1 1 7 0 13 0.9 67 0 74 0.5 84 0.7 87 0.8 
7109 12 0.5 27 0.3 43 0.8 63 0.9 77 1 81 0 84 0.9 98 0.6 
7197 8 0.9 22 0.9 24 0.9 43 0 57 0.3 68 0.3 70 0.4 79 0.4 80 0.8 
7219 2 0.7 10 0 58 1 66 1 75 0 83 0.6 
7230 43 0.7 73 0.7 90 1 
7256 1 0.6 5 0.3 6 0.4 61 0 64 0.7 96 0.3 
7364 12 0 83 0 
7423 6 0.3 8 1 28 0.9 36 0.8 42 0.9 81 0 
7504 29 0 62 0 80 0.5 
7785 24 0 37 0.6 40 0.3 83 0.7 
7915 64 0.8 79 0 
7942 2 0.7 61 0.8 85 0.5 93 0.4 
7997 29 0.6 54 0.4 
8304 13 0.8 
8425 21 0.4 26 0.3 69 0.8 76 0.6 85 0 
8533 5 0 16 0 17 0 21 0 40 0.8 45 0.3 70 0 88 0.8 91 0.9 
8690 4 1 17 0.8 20 0.6 23 0.6 28 0.3 42 0 68 0.7 70 0.9 93 0.8 95 0.8 
8804 18 0.7 25 1 38 0.3 94 0.4 
8820 30 0.3 43 1 
9239 4 0.4 23 0.6 24 0.8 38 0 54 1 75 0 83 0.4 98 0.8 
9477 77 0.6 
9491 1 0 12 0.4 61 0 62 0.7 
9551 13 0.9 22 0.6 23 1 34 0.8 64 0 65 0.3 81 0 96 0.7 
9829 59 0.6 61 0.9 84 0.9 86 0 
9842 2 0 28 0.3 56 0.9 72 0.4 86 0.8 
9860 19 0 90 0.7 
9902 0 0.4 1 0.9 12 0.7 19 0 29 0.5 71 0.4 79 0.6 
