100
4 2 0 7 0.6 18 0.7 22 0.9 30 1 36 1 57 0 68 0.5 
17 6 0 15 0 62 0.6 85 0.6 
107 0 0.3 15 1 33 0.4 42 0 70 0 79 0.8 80 0.5 91 0.8 
110 21 0 22 0 35 0.9 91 0 
147 33 0.9 37 0.4 44 0.7 51 0.9 53 0.3 58 0.9 60 0.3 77 0.5 80 0.7 83 0 
288 34 0 35 0.5 38 0.8 58 0 67 0 71 0.8 
297 79 0.3 
340 7 0 9 0.5 53 0.8 
359 6 0.7 9 0 44 0.7 59 0.7 80 0.3 
584 0 0 5 0.7 15 0.5 49 0.6 93 0 
621 37 1 44 0.3 47 1 56 0 75 0 93 0.9 
638 6 0.3 27 1 52 0.3 54 0.3 81 0.8 84 1 
645 2 0.7 9 0.5 14 0 28 0.3 93 0.8 
720 0 0.3 2 0.8 6 0.8 38 0.8 50 0.4 71 0.9 93 0.8 99 0.8 
850 1 0.4 
855 39 0.4 56 0.4 70 0.6 79 0.4 81 0.6 
887 39 0.6 62 1 65 0.7 96 0.6 
965 13 0.6 23 0.7 30 0.6 35 0.3 53 0.5 62 0 65 0.9 69 0.6 75 0.4 85 0 
969 10 0.3 22 0.7 60 0 78 0 
1094 56 0.6 61 0.9 76 1 
1173 51 1 
1184 8 0.5 
1301 12 0.8 16 0 18 0 51 0.4 53 0.7 57 0.6 91 0.3 
1466 66 0.5 
1543 21 0.4 30 0 42 0.7 55 0 57 0 93 0.8 95 1 
1759 0 1 3 0.7 6 0 9 0.4 10 0 17 0.6 56 0 72 0.8 79 0.8 82 0 
1821 11 0.8 40 0.6 44 0.7 58 0.9 61 0 66 0 74 0.3 98 0.4 
1895 0 0.6 5 0 6 0.9 46 0.5 50 1 58 1 62 0 81 0 94 0.9 
1921 11 0.7 70 0.3 84 0.8 99 0 
1924 4 0.5 7 0.6 22 0 27 0.9 30 0.5 31 0.9 61 0 63 0.3 66 0.3 73 0 
2016 7 0.9 36 0.6 37 0 65 0.7 84 0.6 86 0.4 94 0.3 96 0.5 97 1 
2260 24 1 40 0.8 75 0.3 
2417 7 1 18 0.7 30 0.9 43 0.3 62 1 88 0 
2455 3 0.8 24 0.5 59 0 60 0.4 62 0.3 71 0.7 75 0.7 80 0 83 0.6 
2531 22 0.8 24 0.8 36 0.7 43 0.7 64 0 
2539 12 1 13 0.7 19 0.4 22 0 93 0 97 0.3 
2572 1 0.7 2 0.5 26 0.3 52 0.9 
2619 14 0.6 26 0 30 0 62 0.9 76 0.4 88 0.6 90 0.8 
2640 16 0.3 29 0 41 0.5 72 0.5 75 0 85 0 
2903 17 0.4 
3005 5 0.6 14 0.8 32 0 43 0 60 0.8 86 0 
3036 12 0.5 16 0.9 48 0.7 49 0.8 62 0.8 72 0.5 96 0 
3185 37 0.5 
3194 78 0 96 0.3 
3239 9 0.4 41 1 96 0.5 
3498 6 0.7 9 0.6 17 0.5 18 0 26 0 51 0 79 0.4 80 0.4 84 0 90 0 
3766 1 0 11 0 39 0.5 42 0.7 49 0 59 1 83 0 89 0.9 97 0.4 
3805 9 0.4 10 0.6 16 0.9 33 0.5 66 0.8 68 0.7 71 1 91 0.8 97 0.4 
4176 8 0 24 0.5 84 0.9 86 0.6 89 0.7 91 0 93 1 
4261 0 0.5 11 0 22 0 38 0 74 0 77 0.7 
4290 14 0.5 28 0.7 40 0.4 54 0 56 1 59 0 70 0.4 74 0 86 0.5 
4347 4 0.5 19 0.4 21 0.4 27 0.3 40 0.7 44 0 53 0.4 77 0.3 85 0.9 
4363 29 0.3 34 0 51 0.6 87 0 88 0.7 
4506 20 0.8 21 0 44 0.8 56 0 90 0.3 
4521 11 0.6 
4579 10 0 21 0 30 0.6 40 0 53 0.6 65 0 77 0 
4947 11 1 21 0.9 30 0.5 40 1 46 0 59 0.9 62 0.5 63 0.4 87 0.5 93 0.9 
5110 49 0.4 
5273 5 0.3 38 0.3 41 0.6 48 1 65 1 72 0.7 92 0 
5395 16 0 20 0 39 0.3 50 0.5 51 0.9 62 0 67 0.3 
5562 9 0.6 15 0.8 46 0.4 47 0 
5576 9 1 20 0 48 1 49 0 55 0 60 0 65 0.5 
5615 27 1 30 0.6 36 0.5 44 1 56 0.3 69 0.8 70 0.7 96 0.6 99 0 
5799 31 0.7 46 0.3 54 0.4 58 0 63 0.8 71 0 72 0 77 0 98 0.7 
5858 46 0.5 49 1 71 0 85 0 
5905 19 0.5 45 1 71 0.5 86 0.7 87 0.5 97 0.4 
5907 24 0.9 46 0.5 47 0 52 0.8 63 0 70 0 78 0.9 
5954 17 0.5 23 0.4 45 1 
6282 4 0.8 6 0 12 0.5 55 0.8 64 0.7 
6351 39 0.6 44 0.5 46 0 54 0 75 0 78 0.5 80 0.5 83 0 96 0.6 
6579 12 0 20 0 30 1 38 0.3 44 1 61 0.8 63 0 87 0.8 92 0.5 
6634 8 0 11 0.4 18 0 25 0.6 30 0 48 0.5 49 1 68 0.5 74 0 80 0.6 
6675 2 0.7 72 0.4 
6806 0 0.7 
7082 6 0.3 
7168 2 0.5 7 0 17 0.7 39 0 68 0.8 85 0.5 
7224 11 0.7 46 0.6 
7329 12 0.7 19 0.9 36 0.4 45 0.5 60 0.7 80 0.5 86 0 
7405 6 1 53 0 55 0.7 
7412 0 1 32 0.5 46 0.3 52 0 65 0.5 80 0 88 0.3 89 0 97 0.5 98 0.6 
7538 38 0.7 53 0.4 54 1 67 0 68 0.6 70 0.6 83 0 85 0 90 0 
7776 1 0.3 10 0.3 30 0 35 0.7 41 0.4 62 0.4 63 1 66 0.8 67 0.4 93 0.5 
7926 23 0.4 31 0.3 38 0.7 39 0.9 53 0 74 0 
7982 39 0.5 74 0.6 96 0.8 
8039 78 0.7 79 0.5 81 0.9 91 0.8 98 1 
8066 6 1 8 1 18 0.4 25 0.7 61 0.3 62 0.5 71 0.5 95 0.4 96 0 
8107 60 0.9 
8390 0 0.9 19 0.5 24 1 25 0.3 32 1 36 0.9 71 0 80 0.8 91 0.3 
8436 13 0.9 
8457 1 1 18 0.4 29 0 36 0.4 41 0.9 45 0 74 0.3 78 0.7 82 1 
8522 1 0.8 31 0.4 33 0.5 72 0.3 96 0.7 
8541 1 1 2 0.5 11 0.8 40 0.3 43 0 56 0.8 75 0.8 97 0.7 
8568 27 0.3 50 0 75 0 
8811 11 0 14 0.4 22 0 25 0 37 0.9 48 0.5 65 0.9 74 0 90 1 
9052 11 0.8 78 0.4 97 0.8 
9054 1 0.6 16 0 49 0.9 51 0 64 0.4 82 0.9 84 0.9 86 0.8 96 0.4 
9057 82 0.8 
9239 4 0 23 0 24 1 38 0.6 54 0.9 75 0 83 0 98 0.6 
9665 2 0.9 5 0.9 19 0.9 24 0 49 0.9 62 0 66 0.3 78 0 82 0.4 83 0.6 
9848 1 0.8 11 0.3 14 0.6 32 0.3 33 0.4 53 0.9 62 0 94 0.6 
