100
35 0 0.6 6 0 16 1 20 0.5 52 0.4 53 0.9 59 0 73 0.8 93 0.8 
132 27 0 53 0.9 55 0.5 
281 0 0.3 4 0.7 5 1 27 0.5 30 0.9 38 0 46 0.8 63 0.9 
323 3 0.8 14 0 20 0.6 48 0.5 72 0.9 
490 3 0.7 22 0 40 0 66 0 86 0 
543 12 0.5 31 0.9 42 1 56 0 65 0.8 80 0.7 
616 0 0 3 0 15 0.3 21 0 22 0 32 0.5 38 0.5 41 0 56 0.8 59 0.3 
636 10 0.6 35 0.5 42 0.8 52 0.7 66 0.7 71 0.8 90 0.8 94 0 
766 3 0 22 1 45 0 60 1 69 0 70 0.3 78 0 84 0.6 94 1 
815 3 0.5 65 1 81 0.9 
842 0 0 4 0.7 28 0.5 46 0.3 83 0.4 87 1 98 0.9 
1066 2 0.8 6 1 62 0.4 72 1 74 0 
1207 4 0.8 10 0.6 24 0.3 31 0 39 0.4 40 0.4 46 0.9 73 0.5 98 0.8 99 0.7 
1337 25 0.6 
1371 3 0 4 0.4 16 0.4 27 0 30 0.6 37 0 52 0 65 0.4 84 0 
1835 18 0.9 
1914 2 0.5 24 0.6 56 0.4 67 0.4 69 0 
1916 22 0.4 94 0.3 
1984 8 0.3 27 0 29 0.6 40 0 50 0.5 59 0.3 62 0.5 76 0 95 0.6 99 0.6 
1986 18 0.9 29 0.3 31 0 34 0.7 60 0 70 0.8 73 0.9 95 0 
2010 3 0 14 0.7 29 0.4 38 0 49 0.5 68 0.6 73 0.6 74 1 86 0 
2037 6 0.7 40 0.7 42 0.8 80 1 85 0 
2216 13 0.8 35 0.3 42 1 53 0.3 
2294 4 0 55 0.3 62 0.7 65 0.7 70 0.9 74 0.4 85 0.7 97 0 
2355 69 0.5 77 0.7 80 0.8 
2391 7 0 
2458 22 0 40 0.9 
2487 25 0.3 44 0.3 56 0 65 0.8 67 0.5 68 0.9 75 0.7 95 0 99 0.9 
2656 3 1 5 1 41 0 48 1 55 0 65 0.6 85 0.5 99 0.4 
2679 38 0.3 39 0 70 0 93 0 
2688 36 0.4 64 0.7 
2780 1 0 3 0.7 52 0 70 0 74 0.9 92 0.5 93 0.4 
2793 19 0.7 56 0.6 
2850 0 0.9 79 0.6 
2949 90 0.4 94 0.8 96 0 
3018 9 0 30 0.8 53 0.4 55 1 70 0.3 
3196 16 0.4 25 0 29 0 36 0 82 1 85 0.8 91 0.7 
3387 17 0.4 25 0.9 66 0.8 94 0.4 95 1 
3427 19 0.8 55 0.5 62 0 64 0.7 69 0 90 1 93 0.6 
3436 73 0 81 0.4 82 0 
3440 17 0 64 0.8 
3466 18 0.7 56 0.4 79 1 96 0.5 
3634 4 0.3 7 0.9 11 0.6 54 0.3 63 0.9 87 0.4 
3827 58 0.7 
3957 3 0.7 18 1 19 0.4 51 0.4 56 0.3 59 0 61 0.8 89 0.8 
4202 0 0.3 3 0.3 10 0 22 0.6 40 1 62 0.7 
4219 22 0.4 28 0.9 29 0.9 63 0.7 
4262 56 0.5 70 0.9 
4346 14 0.8 15 0.8 26 0.7 39 0 48 0 74 0.9 76 0.7 89 0.4 98 0.4 
4364 38 0.5 79 0.4 
4730 28 0.5 63 0.3 
4739 22 0.7 26 0 27 0.8 43 1 44 0 46 0.3 65 0 75 0 99 0 
4785 0 0.5 14 0 40 0.8 45 0 96 0.3 
4819 22 0.8 48 0.5 52 0.3 64 0.6 
5249 97 1 
5330 3 0 9 0 15 1 26 0.6 56 0.8 62 0.9 99 0.5 
5454 9 0.9 28 0 36 1 65 0.5 79 0 81 0.5 86 0 92 0.4 
5695 11 1 17 0 41 0.6 69 0.4 
5718 0 0.7 6 1 8 0 47 0.9 66 0.7 71 0 80 0.5 88 0 89 0.6 
5761 0 0 5 0.7 10 0.6 16 0.7 47 1 71 0.8 82 0.5 
5793 7 0 38 0 42 0.6 48 0.9 56 0 
5862 0 0.4 6 0.4 10 0.4 25 0 38 0 41 0.3 50 0.9 59 0.6 61 0.5 87 0.5 
5866 2 0.4 65 0 66 0 
6087 10 0.3 20 0.9 22 0.4 49 0.5 52 0.8 53 0.8 66 0.4 67 0.4 92 0.3 
6106 5 0.6 6 0 8 0 11 0 16 1 22 0.4 74 0.9 91 0.6 
6320 6 0.3 8 0.3 11 0.7 18 0.4 47 0 53 0.5 71 0.6 75 0.3 81 0.5 
6422 12 0 
6425 2 0 40 0.3 69 0 87 0 96 0.9 
6577 52 0.6 59 0 60 0 82 0.3 
7030 8 0.4 9 0.5 11 0.7 21 0 34 0.8 45 0 56 0 67 0.5 97 0.7 
7065 16 0.5 30 1 38 0 40 0 47 0.5 61 0.7 66 0.5 72 1 73 0.8 83 0 
7082 6 0 
7277 20 0 45 0.8 48 0.8 60 0.6 97 0 
7316 23 0.3 32 1 33 0 52 0.5 63 0.4 94 0.5 
7611 74 0 75 0 88 0.5 
7641 13 0 16 0 26 0.5 30 0.4 36 0 74 0.9 84 0.9 92 0 
7659 35 0 44 0.5 54 0.5 56 0 60 0.9 74 0.9 80 0.6 86 0.9 
7752 34 0 81 0 95 0.6 
7771 2 1 3 0.4 17 0.8 18 0.9 19 0 25 0.5 30 0 36 0 56 0.7 87 0.4 
7908 4 0.7 29 0 50 0.6 62 0.6 64 0 65 0.8 69 1 76 0.7 80 0.3 92 0.6 
7969 87 0.4 
7986 12 0 22 0.8 28 0 31 0.5 35 0.7 39 0 41 0.3 46 0 52 0 59 0.4 
8151 29 0.7 61 0 81 0.7 92 0.6 
8193 7 0 10 0.4 22 0 27 0 45 0 54 0.9 74 0.7 84 0.3 97 0 
8296 5 0.5 10 0 15 0.9 33 0 43 0.6 87 0.3 94 0.7 96 1 98 0.3 
8366 16 0.6 54 1 63 1 
8432 52 0 
8510 41 0 51 1 54 0.8 59 0 89 0 91 1 95 0 
9004 16 0 
9186 24 0.9 41 0.9 48 0.3 57 0.4 72 0.8 78 0 86 0.5 90 0.8 91 0.3 
9242 15 0.8 18 0.4 32 0.3 
9324 10 0 12 0.9 19 0.7 37 0.7 49 0 60 0.8 90 0.6 
9372 6 0.4 37 0 73 0.7 86 0.5 96 0.6 
9422 15 0.6 36 0.4 37 0.6 55 0.3 73 0.6 
9523 6 0.6 22 0.9 37 0.4 42 1 48 0 
9699 42 0.5 58 0 
9858 8 0 33 0.4 34 0.3 53 0.9 93 0.4 
9931 11 0.9 16 0.5 18 0.7 33 1 48 0.7 82 0 88 0 
9942 41 0 81 1 
9959 11 0.8 51 0 67 0.8 
