100
49 66 0 67 0 71 0.8 83 0 84 0 86 0.6 99 1 
62 49 0.8 62 1 70 0.8 73 0.5 
172 6 0 13 1 25 0 54 0.9 58 0 87 0.4 90 0.6 96 1 
204 82 0 96 1 
266 26 0.3 
443 49 0.5 54 0.3 
567 0 0.4 12 1 21 0.9 32 0.9 41 1 44 1 51 0.6 71 0 89 0 
589 1 0.3 18 0.9 28 0.8 30 0.4 35 0.3 44 0 49 0.3 97 0.4 
649 0 0.5 4 0.4 13 0 25 1 38 0 46 0 69 0.3 70 0 74 0.9 
718 8 0.5 17 0 26 0.9 43 0.7 74 0.6 79 0.5 
720 0 0 2 0 6 0.4 38 0.9 50 1 71 0 93 0.7 99 0.3 
730 11 0.4 24 0.9 32 0.7 51 0.6 58 0.8 77 0 79 0.6 93 0 96 0.9 
768 14 0.3 16 1 33 1 34 0 38 0.4 74 0.7 79 0.5 
834 2 0 10 0 40 0 53 0.6 54 1 78 0.6 
865 33 0.8 35 0.7 53 0.8 
868 27 0.4 
870 65 0.3 87 1 
905 61 0.3 66 0.7 74 0.4 77 0.9 85 1 97 1 
961 4 0.6 59 0 76 0.8 82 0.7 84 0.6 
1025 44 0 72 0 86 0 92 0.3 
1030 3 0 12 0.6 27 0 48 0.5 71 1 80 0.9 85 0.4 
1044 89 0.6 
1330 24 0.8 48 0 52 1 60 0 62 1 
1347 6 0.9 13 0 19 0.7 65 0.6 69 0.8 77 1 82 1 84 0.4 86 0.4 90 0.3 
1360 26 0.9 65 0.5 
1368 23 1 45 1 61 0 80 0.9 
1886 71 0 83 1 
2010 3 0.5 14 1 29 0 38 0.4 49 0.5 68 0.5 73 0.5 74 0.7 86 0 
2083 0 0 8 0 31 0.5 38 0 50 0 51 0.6 57 0.3 71 0 81 0.7 
2096 0 0 2 0.3 25 0.8 41 0.3 52 0.5 82 0.7 92 0 98 0.8 
2120 7 1 42 0.8 60 1 79 0.7 
2298 23 0.9 24 0 25 0.7 30 0 37 0.9 67 0 70 0.5 74 0 78 0 99 0.3 
2730 29 0.9 53 0.5 
2807 10 0.4 22 1 51 0.8 70 0 74 0.9 88 0.6 89 0 92 0 94 0.9 
2878 21 0.3 
3097 68 0.6 
3155 13 0.8 28 0.5 42 0.8 44 0.5 55 0.7 71 0.8 76 0.8 80 0 83 0 96 0.3 
3198 94 0 
3221 17 0 62 0.6 66 0.4 90 0 
3461 13 0.8 25 0 
3515 6 0.4 21 0.8 59 0.3 68 0 
3774 20 0.5 26 0 33 0 41 0.6 45 1 47 0.9 86 0 93 1 98 0.3 
3781 3 0 7 0.9 10 0.6 11 0.9 27 0.5 35 0 46 0.4 92 0.5 99 0.9 
3898 1 0.5 53 0 57 0 
3949 57 0 
4331 7 0.4 8 0.9 32 0 43 0 52 0.4 59 0.9 71 0.3 72 0.4 81 0.7 
4666 15 1 19 0.6 31 0 48 0 58 1 65 0.3 75 0.6 80 0.8 81 0 
4742 0 0.9 12 0.3 16 0.5 82 0 
5151 32 0.4 75 0.3 86 0 
5161 41 0.3 78 0 
5258 0 0.6 16 0.5 38 0.9 41 0.4 69 0.5 76 0.9 78 0.6 94 0.9 
5280 31 0 36 0.7 69 0 
5423 10 1 
5579 13 0.8 21 0.7 49 0.6 51 0.9 64 0 65 1 
5609 4 0.9 5 0.8 11 0.8 21 0 28 0.6 35 0.4 36 0 43 0 69 0.9 
5648 12 0.3 17 0 23 1 44 0 48 0.6 65 0.8 82 0.9 88 0.6 90 0 
5797 20 0.4 34 0 45 0 55 0.3 61 0.8 81 0 
5825 12 0.4 89 0 96 0 
5845 15 0.7 17 0.8 69 0 78 0.7 
5855 3 0 15 0.7 18 0.7 34 0.6 45 0.9 56 0.8 57 0.9 83 0.8 85 0.8 91 0.8 
5885 26 0.4 55 1 
5913 69 1 
6194 18 0.3 19 0.3 32 0.9 36 0.5 37 0.8 42 0.3 47 0 66 1 74 1 94 1 
6353 10 1 26 0.9 69 0 85 0.8 
6399 14 0 43 0.7 50 0.3 91 0.3 99 1 
6430 26 0.8 45 0.5 64 0.4 
6499 34 0 
6534 0 0 39 0.6 51 0 52 0.6 70 0.5 71 0.4 80 0 92 0 
6582 3 0.6 18 0 45 0.9 
6698 2 0.7 16 0 20 0.5 36 0.7 38 0.4 61 0 64 0.8 80 0.4 81 0.3 98 0.9 
6855 17 0.7 37 0 
6937 16 0.6 25 0 26 0.4 29 0 33 0 47 0.6 56 0.4 88 1 
7107 21 0.3 
7389 7 0.7 81 0 98 0.8 
7599 11 0.6 41 0.5 50 0.4 54 0 62 0.8 63 0.5 64 0.6 69 0.3 90 0.7 98 0 
7699 29 0 78 0.7 82 0 
7730 4 0 8 0.4 41 0.7 
7813 11 0.7 13 0.5 70 0.5 
7851 13 0 57 0 99 0 
7881 8 0.4 11 0.8 20 0 42 0.8 75 0.8 76 0.5 89 0.3 93 0 
8045 8 0 24 0.9 30 0 45 0.7 54 0.8 58 0.8 63 0.5 70 0 85 0.4 98 0 
8057 3 0.3 6 0.4 26 0.6 35 0.8 37 0.7 44 0.3 53 0 71 0.3 81 0.7 98 0.7 
8068 13 0 18 0 21 0 39 0.7 45 0.8 57 0.8 58 0 65 0.3 78 0 
8071 42 0.8 44 0 65 0 
8099 4 0.4 9 0.3 33 0.3 42 0.5 51 0.4 60 0 69 0.8 76 0.9 92 0 94 0 
8175 69 0.4 86 0 
8210 15 0.8 20 0 45 0.3 
8246 2 0.5 21 0 23 0.8 48 0.8 65 0 69 0.9 
8252 10 0 11 0.6 35 0.8 39 0.3 51 0 81 1 82 0.7 94 0 
8291 80 0.4 85 0.7 
8346 0 0.8 1 0.8 23 0.8 29 0.4 33 0.4 53 0.8 67 0 78 0.3 80 1 81 0.6 
8432 52 0 
8591 14 0 24 0.5 32 0.6 45 0 48 0.4 52 0 55 0 57 0 60 0.7 87 1 
8594 15 0.6 26 0.4 51 0.5 64 0.6 76 0 79 0 91 0.7 
8745 62 1 95 0.9 
8937 21 0 46 0 55 0.9 80 0.3 85 0.4 96 0.3 
9000 4 0.9 70 0.4 81 0.6 
9053 23 0 28 0.6 44 1 58 0.9 67 0 68 1 77 0.6 89 0.4 90 0.8 
9206 3 0 30 0.8 
9457 6 0 58 0 92 1 
