100
6 64 0.4 67 0.6 81 0.8 
30 8 0.6 16 0.9 18 0.4 20 1 30 0.3 53 1 64 0.9 79 0.4 84 0.3 
154 5 0.3 9 0 11 1 13 1 28 0.5 30 1 74 0.9 76 0.7 83 0.8 91 0.8 
159 0 1 11 0.3 15 0 17 0.3 18 0.9 22 0 64 0 75 0.8 90 0 96 1 
212 20 0.8 22 0.8 90 0.6 93 0.6 
240 15 0.7 23 0.6 39 0 60 0.9 77 0.7 87 0.8 90 0.6 
291 32 1 38 0.5 40 0.4 90 0.4 
308 3 0.5 13 0 18 0.9 61 0 76 0.6 97 0 
344 21 0.3 29 0 33 0.9 58 0.5 73 0 77 0.6 88 1 89 0.9 91 0.9 
374 40 0.7 59 0.9 71 0.5 79 0.3 83 1 85 0.9 89 0 90 0.6 
404 56 0.5 
406 0 1 8 0 22 0.3 43 1 82 0.4 90 0 
628 11 0.9 45 0 61 0.9 65 0.8 
648 32 0.5 33 0.9 44 1 48 0.8 67 0 73 0 
851 4 0.7 7 0 9 0.7 25 1 52 0.9 57 1 58 0.7 67 0.3 78 0.8 86 0.9 
859 4 0 22 0 75 0 76 0.5 
1011 1 1 4 0 28 0.4 31 0.4 78 0.7 93 0 
1022 72 0.5 
1265 0 0.6 6 0 13 0 31 0 40 0.7 46 1 85 0.9 97 1 
1434 5 0.4 6 0.9 
1459 0 0.6 2 0.4 7 0 14 0.7 19 0.3 38 0.6 83 0 86 0 87 0.5 91 0 
1571 32 0 
1586 12 0.8 15 0 18 0.4 24 0.9 50 0.4 87 0.7 88 0 
1645 32 0.9 
1673 15 0.7 38 0.9 42 0.6 45 0 84 0 92 0.6 98 0 
1785 1 0.3 25 1 27 0.6 35 0.8 42 0.4 70 0.3 72 1 97 0.4 
1814 45 0 46 0.7 55 0 86 0 98 0 
1861 15 0 
2107 5 0.4 16 0 29 0.4 37 0.4 53 0.4 55 1 70 0.8 75 0.3 
2228 49 0.5 
2425 68 0 93 0.6 
2506 18 0.4 26 0 52 0.4 66 0.3 77 0 90 0.6 93 0.7 
2663 8 0.9 26 0.5 36 0 60 0 
2764 4 0.9 14 0.5 26 1 63 0.5 70 0 90 0 
2823 33 0.7 
2922 97 0.7 
2960 2 1 17 0.3 19 0.7 43 0.4 47 0.3 77 0.7 93 0 94 0.3 
2961 4 0 11 0.3 12 0 20 1 24 0 31 0.6 
2989 21 0 52 0 63 0.6 84 0.6 93 0 
3058 4 0 24 0.6 35 0 50 0 87 1 89 0 96 0 99 0.8 
3121 22 0.5 23 0.3 37 0 45 0.5 67 0.4 80 0.4 88 0.5 
3320 26 0.7 
3485 29 0 33 1 39 0.4 62 0.9 71 0 72 0.4 81 0.8 99 0 
3635 0 0 5 0.8 14 0 20 0.6 21 0.7 37 0.3 63 0 77 0.9 90 0.3 97 0 
3645 8 0.7 9 1 77 0 89 0.8 
3699 24 0.7 
4063 3 0 6 0.9 12 0 20 0.4 75 0 77 0 79 0 
4098 31 0.3 42 0 95 0.5 
4284 4 0.7 28 0.3 33 1 62 0 63 0.9 95 0.3 96 0.6 
4365 53 0.6 62 0 80 0 
4477 0 0.9 4 0.8 37 0.7 56 0 65 0.9 66 0.6 87 0.5 89 1 91 0 97 0.8 
4496 6 0.9 13 1 15 0.8 26 1 36 0 43 0 64 0.8 98 0.5 
4902 7 0 18 0.4 20 0.8 32 0.6 59 0 64 0 72 0 76 0.3 85 0.7 
5073 5 0 6 0.5 7 0 13 0.7 15 0.3 47 0.4 62 0 88 0.7 
5113 2 0.9 4 0 6 0.4 44 0 50 0.5 67 0.6 94 0.7 99 0.9 
5215 0 0.9 20 0.4 22 0.3 30 0.7 35 0.6 92 0.9 
5338 0 0.7 20 0.4 33 0.7 57 0.4 74 0 89 0.4 
5373 8 0.5 9 0.4 13 0.4 86 0 94 1 
5542 4 0.9 36 0.3 49 1 78 0 83 0.3 90 0 
5582 3 0 16 1 37 0.6 43 0.3 50 0.6 68 0 69 0.8 71 0 75 0 
5880 6 0.7 35 0.8 48 0.9 50 0.5 97 0 
6014 52 0.3 76 0.6 
6068 5 0.8 12 0.4 81 0.8 85 0 
6476 25 0.7 32 0 73 0 
6588 18 0.7 42 0.8 47 0.8 55 1 
6619 2 0.4 50 0 89 1 
6917 11 0 73 0.5 85 1 86 0.7 99 0.5 
6927 20 0.3 23 0 31 0.4 58 0.7 72 0.3 90 0.4 
7149 18 0 22 0 37 0.8 65 0.9 74 1 75 0.3 89 0 95 0.7 
7179 46 0.5 71 0 89 0 
7355 8 0.9 15 0.5 21 0.6 40 1 49 0.5 61 0 79 0.8 
7389 7 0 81 0.3 98 0 
7405 6 0.6 53 1 55 0.6 
7567 9 0 28 0.4 30 0.5 34 0.8 44 1 55 0.3 78 0 85 0.4 98 0.9 
7720 10 0.3 11 0 14 0.5 20 0.3 41 0.9 46 0.5 51 0.9 58 0 75 0 98 0.7 
7798 3 1 7 0.3 14 0.5 29 0 45 0.9 47 0.3 
8227 24 0 38 0.5 45 0 56 0 73 0 83 0.6 84 0.4 97 0 
8274 0 0.5 23 0.3 31 0.5 32 0 88 0.7 
8404 7 0.4 10 0.3 13 0.3 22 0.7 53 0.7 71 0.8 81 0.3 82 0 
8607 51 0 66 0.5 92 0.3 
8622 0 0.6 11 0 14 0 21 0 51 0 85 0.5 92 0 95 0.5 
8637 36 0 47 0.6 56 0 
8649 62 0 
8780 11 0.7 13 0.8 18 0.6 20 0 25 0 34 0 67 0.4 73 0.9 75 0 99 0 
8784 27 0.9 45 0.9 53 0.3 91 0 98 0 
8816 14 0 36 0.7 45 0.4 
8839 30 0.8 37 0 
8935 42 0 43 0 44 0.6 62 0.3 91 0.8 93 0.4 
9038 49 1 74 1 89 0.6 
9172 23 0.6 25 0 31 0.6 46 1 56 0.7 59 0.5 71 0.3 77 0 
9177 23 1 62 0.9 81 0.4 90 0.5 92 0 
9186 24 0.8 41 0 48 0.6 57 0.3 72 0.4 78 0 86 0.6 90 0.3 91 0.7 
9207 45 0 55 0.7 57 0.7 73 0 85 0.5 
9242 15 0.4 18 0.7 32 1 
9478 6 1 48 0.8 52 0.3 53 1 63 1 72 0.9 81 0.3 
9603 15 0.8 58 0 
9727 1 0 42 0.7 55 0.6 65 0 74 0.4 80 0.7 82 0.6 99 0.7 
9775 31 0 45 0.5 48 1 52 1 65 0.3 68 0 85 0 90 0.8 94 0.3 
9870 16 0.9 27 0 29 0 45 0.8 56 1 58 0.4 68 0.5 90 0.8 
9872 28 0.4 39 0 60 0.9 61 0.7 
