100
141 53 0.9 64 0.4 83 0.3 
183 4 0 28 0 29 0.8 30 0.3 45 0 61 1 74 0.5 77 0.8 80 0.9 91 0.7 
219 18 0.3 38 0.4 
228 12 0 
244 23 0.6 25 0.9 27 0.4 58 0.9 
414 1 0.3 16 0 25 0 68 0.7 89 0.5 
458 1 0.8 6 0 11 0.6 27 1 49 0 51 0.7 56 0.5 71 0.8 97 0.7 
479 1 1 13 0 18 0.7 27 0.9 43 0.7 70 0.6 92 0.6 94 0.7 
484 35 0.3 49 0 52 0 81 0.7 95 0 
522 11 0 34 0 53 0.5 67 0.3 
525 9 0.8 21 0.6 37 0.3 71 0.9 73 0.9 89 0 95 0.3 96 0 
533 75 0.6 96 0.8 
573 4 0 13 0.7 37 0.3 
724 63 0.4 69 0 87 0.9 
725 6 0.3 32 0.8 38 1 70 0.7 97 1 
731 4 0.8 20 0.7 25 0.9 26 0 30 0.8 31 0.4 33 0 46 0.3 53 0.6 66 0.6 
744 8 1 9 1 13 0.5 31 0 66 0.9 73 0 78 0.6 79 0.9 82 0.7 
875 5 0.9 25 0.8 50 0.3 55 0 
1011 1 0.4 4 0.8 28 0 31 0.6 78 0 93 0.3 
1096 7 0.6 22 0.7 42 1 92 0 
1305 80 0.4 87 0.9 
1356 4 0 14 0.6 23 0.7 38 0.9 40 0.7 62 0.5 64 0.3 71 0.4 82 1 
1399 11 0.6 28 0.7 39 0.7 49 0.7 50 0.8 65 0.8 67 0.3 
1548 16 0 34 0.7 64 0 89 0.9 90 0.3 
1592 67 0.6 
1624 4 1 45 0.7 62 0.7 82 0 95 1 
1701 87 0.3 
1727 14 0 50 0.4 52 0.8 62 0.8 65 0.4 73 0.3 77 0 97 0 
2017 4 1 15 0 26 0.3 27 0.7 32 0.9 35 0 48 0.4 
2616 23 0.7 66 0.9 75 0.7 81 0.9 94 0.3 
2800 93 0 
2815 13 0 17 0.9 69 0 98 0.6 
2879 18 0 71 0.3 
2939 7 0.4 28 0.6 35 0.5 39 0.4 53 0 71 0 74 1 
2989 21 0.5 52 0.8 63 0.3 84 0 93 0.7 
3221 17 0.9 62 0 66 0.4 90 0.6 
3272 3 0.6 20 0.5 21 0.6 32 0 37 0 44 0 52 0.4 53 0.5 
3284 17 1 30 0.9 33 0 64 0.7 66 0 86 0 
3362 6 0.9 15 0.4 31 0.3 
3420 1 0 14 0 53 0.8 
3579 0 0.9 10 0.3 13 1 18 0 22 0 34 0.9 40 0 55 0.9 89 0.8 
3643 9 0.8 47 0.3 50 0.4 64 0 91 0.9 95 0 
3873 6 0.9 22 0 62 0.9 66 0.5 86 0.9 94 0.5 
3917 36 1 40 0.5 45 0.7 53 0 
3946 1 0.3 13 0.4 14 0.6 33 0.9 37 0 39 0.8 58 1 60 0.5 
4030 25 0 95 0.9 
4059 8 0.4 12 0 22 0 34 0.3 35 0 67 0.5 93 0.7 
4513 2 0 24 0 38 0 43 0 44 0.5 60 0.4 72 1 78 0.7 
4528 13 0.6 22 0 36 0 43 0.8 44 0 51 0.5 52 0.9 65 0.5 97 0 98 0.8 
4752 27 0 46 0 74 0 
4807 5 0.6 76 1 90 0.9 
4882 0 0.5 38 0 48 0 54 0 57 0.9 76 0.7 89 0.9 93 0.5 96 0 
4920 0 0.3 5 0.6 16 0.6 26 0 30 0.4 36 0.8 66 0.6 68 0.4 86 0 98 0 
5106 16 0 61 0 
5289 4 0 9 0 13 0.4 31 0.8 35 0 47 0.8 56 0 59 0.5 73 0.3 79 0.3 
5299 20 0 61 1 
5413 14 0.7 22 0 29 0 53 0 
5623 20 0.7 47 0 91 0.9 
5700 9 0 56 0.7 66 0 67 0.6 73 0.9 78 0 
5730 0 0.9 13 0 15 0 24 0.6 35 0.9 54 0.6 72 0.9 78 0.9 88 0.3 95 0.4 
5735 9 0.9 23 0.9 32 1 36 0.6 52 0 93 0.4 
5799 31 0 46 0.5 54 0 58 0.9 63 0.5 71 0.3 72 1 77 0 98 0.6 
5839 12 0.9 25 0.6 86 0 92 0.4 
6072 8 0.5 26 0 44 0 45 0 68 0.4 71 0 73 0.3 86 0 97 0 
6078 0 1 5 0 32 0.7 95 0 
6483 29 0.6 51 0 57 0.9 58 0.8 87 0.9 94 0 
6588 18 0.7 42 0.6 47 0.6 55 0.6 
6834 5 0 10 0 23 0 
6839 2 0.7 20 0.3 24 0 40 0 50 0.8 60 0.5 65 0.8 72 0.8 84 0.5 
6984 29 0.9 71 0 74 0.6 
7079 60 0.6 93 0 
7107 21 0.5 
7219 2 0.8 10 0 58 0.4 66 0.5 75 1 83 0.9 
7439 3 0.7 19 0.7 55 0 89 0.6 
7447 0 0.4 1 0.3 14 0 28 0.3 34 0 70 0.9 73 0.9 74 0 88 0 
7456 2 0.3 45 0.9 48 0.9 54 0.9 83 0 91 0 96 1 
7464 33 1 
7543 79 0.7 
7652 0 0.6 7 1 14 0 18 1 26 0.9 30 0 38 0 55 0.4 58 0.5 82 0.8 
7869 4 0.9 25 0.4 26 0.5 51 0.5 55 0.3 66 0.5 95 0 
8035 13 0.8 21 0.8 29 0 37 0.4 71 1 73 0.3 78 1 82 0.3 95 1 
8110 17 0 18 0 
8117 17 0.6 39 0.7 47 0.4 
8118 19 1 26 0.9 37 0 38 1 66 0 73 1 
8165 8 0 16 0.8 59 0.5 75 0.9 
8191 7 0.8 17 0 29 0.4 48 0.6 68 0.8 72 0 86 0 93 0 97 0 
8208 10 1 11 0.8 12 0.5 55 0.4 59 0.6 60 0.7 65 1 80 0 95 0.3 
8299 23 0.9 24 0.7 35 0 51 0.3 54 0.7 55 0.9 57 0.8 77 0.9 84 0.9 96 0.7 
8317 23 0.3 31 0.8 41 0 44 0.7 48 0.8 56 0 76 0.7 
8328 8 0.5 10 1 26 0.5 33 0.3 39 0 57 0.5 84 0.8 
8594 15 0.3 26 0.6 51 0.8 64 0 76 0.7 79 0 91 1 
8619 10 0.8 14 1 62 0.5 64 0.7 98 0.8 
8637 36 0.7 47 0.7 56 0 
8662 0 0.6 16 0.8 35 0.5 65 0.7 72 0.4 78 0.4 98 0.3 
8672 37 0.5 69 0.9 88 0 
8818 29 0.4 95 0.5 
8863 20 0 52 0 54 0.7 64 0 67 0 87 0.7 94 1 
8903 13 0 24 0 30 0.5 36 0.8 65 0 74 0 78 0.3 
9719 48 0.8 83 0 
9896 3 0.3 13 0.8 34 0 51 0 71 0 78 0.9 84 0.5 88 0.8 93 0.7 95 0.6 
