100
118 3 0.8 68 0.8 
305 62 1 
311 1 0.5 21 0 68 0.5 75 1 
329 1 0 
542 9 0 18 0.9 33 0 36 0 39 0.3 47 1 65 0 71 0 75 0 91 0.5 
573 4 0.9 13 0.5 37 0.6 
608 1 0.6 4 0.9 15 0.4 19 0 32 0.8 64 0.9 66 0.7 69 0.3 70 0.6 96 0.5 
740 15 0 
927 13 0 17 0.7 41 0.3 46 1 47 0 48 0 53 1 65 0 77 0.3 96 0 
948 5 0 8 0 22 0 23 0.3 27 0.3 87 0.5 89 1 96 0.4 
969 10 0.6 22 0 60 0.7 78 0.4 
1118 13 0 33 0.8 37 0 
1361 32 0 53 0.7 59 0.6 65 0.5 69 0.8 
1436 3 0.3 
1484 8 0.4 18 0.8 24 0.9 28 1 31 0.5 55 0.5 68 0 
1516 19 0.9 36 0.6 92 0 
1527 3 0.7 6 1 13 0.5 23 0.9 30 0 36 0 56 0 85 0.6 91 0 
1711 57 0.7 
1853 65 0 87 0 
1905 20 0.5 21 0.4 25 0 32 0 56 0.8 60 0.3 65 1 66 0.7 72 0 75 0.9 
2010 3 0.5 14 0 29 1 38 1 49 1 68 0 73 1 74 1 86 0.8 
2143 1 1 20 0.4 22 0 62 0.4 67 0.5 73 0.7 81 0 94 0.9 
2147 2 0.7 11 0 13 0.4 25 0 44 0 55 0.9 63 0 68 0.7 94 0.4 
2281 11 0 19 0 
2285 79 0.8 
2359 5 0 46 0.7 85 0.9 88 0.8 96 0.3 
2519 14 0.8 20 0.5 23 0.7 39 0.3 73 0.4 
2678 75 0.8 
2897 40 0 75 0.9 88 0.7 
3067 27 0.4 36 0 66 0 69 0 79 0 91 0.8 
3295 4 0.3 26 0 29 0.9 37 0.8 45 0.3 48 0.6 54 0.6 72 0.8 83 0.4 
3505 0 0.4 6 0.9 8 0 10 0.8 21 0 37 0.4 57 0.6 71 0 83 0.4 86 0.6 
3644 39 0.5 44 0.3 
3764 9 0.9 13 1 25 0.6 34 0.7 64 0.4 74 0.4 75 1 76 0.3 77 1 
3791 23 0.7 24 0.8 75 0.4 
3849 5 0.9 16 1 21 0 28 0.8 50 0 65 0.3 
3892 18 0.7 65 0 68 0.3 88 1 92 1 93 0.3 94 0.4 99 1 
4037 16 0.5 32 1 37 0.9 43 0 72 0.4 81 0 82 0.9 84 0.7 
4069 1 0.9 18 0.4 24 0.4 32 0.6 52 0 82 0.6 92 1 94 0 95 0.6 98 0 
4412 26 0.3 83 0.4 
4440 6 0.7 71 0.9 99 0.3 
4629 3 0 18 0.8 40 0.7 53 0.9 63 0 70 0 71 0.7 98 0 
4680 27 0.3 29 0.6 50 0.5 63 0.8 
4715 3 0.9 21 0 28 0.6 50 0 76 0.7 
4851 8 0.9 9 0 58 0.3 66 0 84 0.6 
4889 9 0.9 36 0 90 0.5 99 0 
4890 5 0.9 29 0.9 46 1 55 0 
4911 49 0.3 75 0.8 84 0 
4915 61 0 
4994 29 0 
4997 1 0 4 0 7 0.9 9 0.8 23 0.6 46 0.6 61 0.4 67 0.7 98 0.6 
5151 32 0 75 0 86 0.8 
5266 4 0.6 66 0.6 78 0.9 92 0 96 0 
5567 0 0.4 8 0.9 13 0.6 58 0.3 69 0 74 0 85 0.8 88 0 92 1 99 0 
5720 37 0.9 
5755 4 0.6 8 0 51 1 55 1 63 0 82 0.3 85 0.8 
5788 11 0.8 24 0.7 34 0.4 40 0 43 0 58 0.4 76 0.4 84 0.8 86 0.8 97 0.5 
5832 2 0.7 6 0 24 0.4 34 0.8 35 0 41 0.8 47 1 54 0 
6005 5 0.8 
6009 91 0.8 96 0.3 
6070 0 0.6 24 0.7 32 0.6 33 0.7 43 0 48 0.6 82 0.3 99 0 
6087 10 0 20 0 22 0.7 49 0.7 52 0.4 53 0.4 66 0 67 0 92 0 
6299 17 1 43 0 88 1 
6363 83 0 92 0.5 
6421 20 0.5 40 0.6 71 0 74 0 
6427 23 0.7 42 0.7 48 0 91 0.4 
6429 3 0.3 
6562 27 0 36 0.5 56 0 83 0.6 87 0.4 90 0 91 1 95 0.4 
6619 2 0 50 0 89 0 
6725 9 0.8 18 0 20 1 39 1 42 0.4 66 0.6 73 0.4 77 0.8 81 0 92 0.3 
6753 0 0.4 34 1 35 0.4 39 1 42 0.4 54 0 75 0.3 
6930 11 0 16 1 82 0 83 0.5 99 0.5 
7020 8 0.9 13 0.9 23 0 47 0.6 53 0.9 58 0.9 64 0.3 
7095 14 0.6 19 0.4 32 0.9 49 0.4 51 0 64 0.6 81 0.3 
7108 22 0.4 42 0.7 51 0.3 72 0.7 
7194 18 0.3 20 0.4 24 0.9 48 0 50 0.7 55 0 58 0.7 78 0.5 97 1 99 0 
7197 8 0.9 22 1 24 0 43 0.4 57 0 68 0 70 0.3 79 0.9 80 0.5 
7253 22 1 70 0 91 0 
7279 9 0 14 0.5 29 0.7 58 0 83 0 88 0.6 
7299 27 0 39 0.6 55 0.9 78 0.6 
7387 2 0.5 6 0.7 22 0.7 48 0.9 59 0.4 67 1 77 0.7 85 0.7 88 0.5 90 0 
7635 55 0.9 
7648 31 0.8 40 0 43 0.7 61 0.8 78 0.6 
7878 24 1 87 1 
8057 3 0.3 6 0.7 26 0.7 35 0 37 0.8 44 0.9 53 0 71 0 81 0 98 0.9 
8248 23 0.9 25 0.6 33 1 38 0 39 0.6 52 0.7 61 0 62 0.9 68 0.7 69 0.9 
8264 14 0 40 1 42 0 47 0.3 
8307 14 0.7 24 0 43 0.8 67 0 
8344 16 0.9 22 0 27 0.3 31 1 58 0.6 80 0.6 
8585 5 0 18 0.9 38 0.9 45 0.5 47 0.4 76 0 82 0 
8653 29 0.7 36 0.5 65 0.4 74 0.9 81 0.5 88 1 92 0 97 0.6 
8831 6 0.4 8 0.5 10 0.8 11 0 31 0 48 0 58 0.5 88 0.7 91 0.3 
8865 4 0.7 18 0.6 41 0 50 0.9 79 0 98 0.6 
9112 37 0.9 57 0.5 69 0.4 83 0.9 95 0.4 
9558 1 0.8 39 0.4 51 0.4 55 0.9 59 0 65 0.3 72 0 74 0.8 89 0 
9593 6 0.6 23 0.9 25 0 27 0 29 0.5 30 0.7 50 0.9 74 0 84 0.4 
9600 33 0.8 37 0 46 0.8 50 0.4 55 0.3 60 0.3 62 1 
9658 22 0.3 64 0 74 0 75 0.9 79 0.4 
9722 0 0.3 18 0.3 58 1 61 0.7 63 0.6 73 0 91 0 
9842 2 0.3 28 1 56 0.7 72 0 86 0.9 
