100
84 11 0.9 
114 1 0 21 0.8 28 0 35 0 48 0.3 
121 56 0 88 1 
159 0 0 11 0 15 1 17 0.9 18 0.7 22 0 64 0.4 75 0 90 0.8 96 0.7 
195 11 0.5 22 0.9 32 0.7 47 0.5 79 0 
222 11 0.4 21 0.3 31 0 60 0.8 70 0.7 78 0.8 81 0.6 85 0.3 
303 10 0.3 11 0 24 0.9 43 0.7 54 0 66 0.6 89 0.3 95 0.6 99 0.9 
372 6 0.8 9 0.9 15 0.5 19 0 24 0 31 0.7 36 0.4 68 0.3 98 0.3 
612 7 0.7 22 0.3 37 0 38 0.9 41 0.8 45 0 66 1 
680 30 0 44 0 51 0.3 53 0.8 57 0.3 72 0.7 
801 4 0.9 5 0.5 18 1 37 0.8 63 0 66 0 72 0.9 
861 6 0.5 17 0.7 21 0.6 65 0.3 76 0.8 84 0 87 1 93 1 97 0.5 
1032 8 0.5 11 0.4 35 0.4 38 1 41 0 49 0.6 59 0.5 73 0 85 0.7 86 0.7 
1034 7 0 33 0.7 34 0 46 0 73 0.6 
1043 1 0.8 15 0 39 0 58 0.3 
1239 20 0 26 0 40 1 74 0.5 95 0.7 
1242 17 0.6 25 0 28 0 33 1 34 0 36 1 48 0.9 71 0.9 74 0.4 82 0 
1298 23 0.7 48 0 68 0.8 77 0.7 90 0 94 0.9 
1329 2 0 14 0.5 15 0 36 0.7 48 0.4 77 0.9 
1357 4 0 41 0.3 50 0 56 0.3 58 0.5 61 0.8 68 0.3 85 0.6 98 0 
1371 3 0.4 4 0.9 16 0 27 0 30 0.6 37 0.6 52 0.4 65 0.6 84 0 
1501 15 0.4 26 0 53 0.8 67 0.8 77 1 
1505 10 0.8 24 0.5 34 0.7 76 0.9 88 0.4 91 0.7 
1687 36 0.3 
1768 7 0.8 12 0.8 14 0.6 33 0 46 0 52 0.5 74 0.6 88 0.3 96 0 
1782 1 0.5 2 0.9 43 0.7 53 1 54 0.8 65 0.9 71 0.9 85 0 99 0.7 
1901 22 0 39 1 57 0.8 
1920 12 0.8 50 0.5 85 0 86 0.8 
1967 65 1 
1987 34 0.4 52 0.7 66 0.9 
2025 0 0.8 3 0 11 0.8 82 0.7 84 0.4 92 0.3 96 0 
2109 51 0 86 0.7 88 0.7 
2233 8 0 42 0 48 0.4 58 0.6 61 1 75 1 94 0.7 
2275 0 0.5 20 1 43 0 55 0.8 67 0.9 98 0.9 
2408 5 0 11 0.4 13 0 26 0.7 31 1 45 1 53 0.7 61 0 82 0 90 0.4 
2415 4 1 6 0.4 14 0.7 19 0.5 20 0.7 79 0.4 80 0.8 98 1 
2496 26 1 38 0.5 69 0 94 0.3 
2677 9 0.6 12 0.5 15 0.9 31 0 32 0.7 51 0.3 57 0.7 59 0.8 61 0.7 66 0.9 
2818 13 0 14 0.3 93 0.6 
2847 2 0.8 6 0.4 19 0.8 21 0.7 46 0.3 66 0.9 69 0.4 74 0.6 
2948 19 0.7 45 0 48 0 54 0.4 61 0.6 72 1 79 1 
2982 8 0.5 30 0 35 0.6 38 0 50 0 86 0 92 0 
3357 11 0.9 38 0.8 47 0.5 73 0.4 90 0 
3602 18 0.9 
3798 7 0.4 16 1 67 0.3 83 0 
3843 4 0.4 6 0.5 
4010 4 1 26 0.3 37 0 43 0.4 49 0 51 0.5 
4236 42 0 44 0.6 74 1 98 0.4 99 0 
4629 3 0.4 18 0.6 40 0 53 0.7 63 0.5 70 0.9 71 0.8 98 0.5 
4824 9 1 43 0 47 0 62 1 73 0 83 1 
4860 27 0.6 34 0.7 53 0.8 71 0.3 76 0.5 79 0.9 
4877 33 0 65 1 67 1 81 0.9 92 0.5 
4939 3 0.6 9 0 53 0.4 76 0.7 85 0.7 
5070 49 0.3 50 0 56 0 77 0 
5118 12 0 28 1 35 0.3 37 0.4 43 0.7 46 0.3 48 0.5 93 0 95 0 99 0.4 
5238 1 1 2 0.3 5 1 65 0.7 
5252 6 1 19 0.8 60 0 
5334 13 0.4 25 0.4 27 0 37 0.4 42 0.3 51 1 94 0.8 
5551 1 0.6 17 0 27 0 43 0 69 0.4 70 0.9 89 0 
5707 32 0 41 0 56 0.8 67 0 76 0.8 82 0.3 90 0 92 0.6 
5715 6 0.8 20 0 55 0.7 62 0 75 0.9 
5866 2 0.9 65 0.5 66 0 
5962 33 0.6 45 0.3 82 0.6 98 0.7 
5998 20 0.6 
6090 1 0 5 0.6 28 1 46 0 49 0.4 50 0 80 0 
6126 6 0.4 12 0 26 0.7 48 0.5 52 0.5 56 0.5 73 0 79 1 89 0 
6433 7 0.9 24 0.5 28 0.3 37 0.3 88 0.8 97 0.5 
6742 71 0.8 
6763 22 0.4 47 0.5 79 0 
7124 3 0.3 22 0.9 26 0.6 43 0.7 54 0 63 0 67 0.4 91 1 95 0.7 
7198 14 0.6 26 0.8 30 0.3 53 0.8 75 0.8 80 0 89 0.5 99 0.9 
7246 41 0.8 48 0.7 55 1 61 0 
7268 0 0 6 0.5 9 0.8 12 0.3 35 0 38 0.7 60 0.8 73 1 80 0 92 0.6 
7456 2 0.3 45 0.6 48 1 54 0.4 83 0.4 91 1 96 0 
7599 11 1 41 0.9 50 0.9 54 0 62 0 63 0.6 64 1 69 0.8 90 0.3 98 0.4 
7660 1 1 5 0 30 0.9 35 0.5 41 0.4 
7685 65 1 
7825 45 0.7 68 0.5 81 0 89 0 95 0.5 99 0.7 
7838 35 0.3 54 0 
7898 35 0.3 53 0 59 0 66 0.6 72 1 79 0.3 87 0.5 89 0.7 96 0 98 0.6 
7999 3 0 8 0.5 14 0.3 20 0 31 0 69 0.6 82 0.5 
8086 3 0.4 5 0.5 14 1 48 0.8 52 1 82 0.5 83 1 95 0 99 0.7 
8134 13 0.5 18 0.7 34 0.4 35 0.4 46 0 51 0.6 69 0.5 70 0 94 0.8 99 0 
8281 63 0.8 65 0.4 
8541 1 0.5 2 0.7 11 0.5 40 0.6 43 0 56 0.4 75 0.9 97 0.3 
8596 8 0.3 43 0.6 
8600 74 1 82 0 93 1 94 0.3 
8725 13 0 63 0.6 85 0 93 0.6 97 0.7 
8765 11 0.9 13 0.6 22 1 30 0.4 47 1 48 0.5 53 0.5 71 0 92 0.7 
9025 67 1 
9074 56 0.9 67 0.9 
9189 2 0.5 12 1 16 0.4 37 0.3 49 0.7 57 0.7 
9266 0 0 12 0.8 28 0 35 0.7 38 0.5 48 0.8 60 0.5 61 0.5 80 0 98 0.9 
9332 2 0 7 0 11 0 14 0.8 18 0 42 0.8 54 0.9 67 0.8 89 0.8 99 0 
9416 4 1 14 1 39 1 48 0.8 54 0.8 58 0.7 68 0.4 91 0.8 96 0 
9456 2 0.9 12 0.3 44 0.8 63 1 
9550 18 0 32 1 47 0.9 49 0 56 0 81 0.4 96 0.7 
9729 25 1 38 0.7 58 0.6 59 0.4 68 1 69 0.9 76 0 80 0.5 
9744 13 0.9 54 0.7 95 0.3 
9989 30 0.7 52 0.3 85 0.9 89 0 
