100
108 28 0.3 
112 12 0.4 22 0.3 30 0 32 0 40 0 53 0.7 62 0.5 81 0.6 86 0.9 98 0.7 
174 15 0.7 20 0.8 52 0.4 54 0.4 55 0.3 64 0 72 0.4 81 0.3 91 0 94 0 
211 4 0 11 0 14 0.6 23 0 27 0.6 30 0.6 37 0.8 88 0.4 97 0.7 
286 25 0.3 48 0.8 51 0.6 55 0 56 0.3 64 0 86 0.9 90 1 93 0 
329 1 0.3 
429 33 0.6 94 0.5 
449 14 0 19 0 27 0.6 33 0.9 40 0.3 48 0.8 53 0.7 84 0.7 86 0.9 
462 4 0.7 11 0.7 28 0.5 35 0.8 47 0.7 63 0.9 87 0 
576 37 0.8 
606 2 0.3 22 1 67 0.3 82 0.4 
638 6 0.4 27 0.3 52 1 54 0.3 81 0.9 84 0 
801 4 1 5 0.4 18 0.7 37 0.6 63 0.7 66 0.8 72 0.9 
820 15 0.3 50 0.6 55 0.8 95 0.8 
863 8 0 29 0.4 35 0.6 51 0.3 65 1 66 0 86 0 87 0.6 89 0.5 
865 33 0.9 35 0.4 53 0 
973 5 0.6 22 0.8 23 0.7 35 0 50 0.3 67 0 77 0.5 82 0 88 0 
1004 30 0.4 39 0 51 0.5 53 0.5 60 0.5 79 0.9 80 0.9 84 0 95 0 
1042 19 0.8 22 0.9 29 0.7 39 1 90 0 91 0.6 99 0.4 
1220 53 0 
1222 10 0.9 13 0 15 0.4 
1353 32 0 36 0.3 44 0.8 46 0.6 51 1 57 0 65 0.4 74 0.6 
1393 36 0.3 85 0 
1585 13 0.3 21 0 22 0 53 0 66 0.9 73 0.8 75 0 81 1 89 0.6 91 0.6 
1684 99 0.7 
1743 9 1 46 0.5 57 0.7 62 0.3 71 0 77 0 92 0.4 95 1 
1993 17 0.9 39 0.9 53 0 65 0 94 0.3 
2069 25 0.5 34 0.5 55 0.8 60 0.7 72 0.5 73 0.8 
2264 42 0.3 
2383 6 0.6 23 0.8 33 0.3 38 0.9 43 0 77 1 81 0.7 89 0.3 90 0.6 
2611 36 0.7 44 0 80 0 
2692 42 0.6 66 0.5 
2741 86 0.4 
2762 3 0.7 61 0.9 70 0.5 76 0.3 98 0.7 
3048 34 0.8 82 0 
3080 11 0.8 22 0.3 31 0.4 32 0.5 42 0.4 48 0.4 63 0 67 0.3 70 0.7 85 0.8 
3147 6 0.3 40 0.5 51 0.4 53 0 86 1 91 0 95 0.3 
3200 40 0.5 
3265 33 0.6 38 0 73 0.3 77 0.6 83 0 90 0.9 
3360 41 0.9 77 0.8 
3405 8 0.3 15 0.7 42 1 48 0.9 71 0.6 91 0 93 0.6 95 0.7 
3441 11 0.3 49 0.3 73 0.6 84 0.5 
3537 14 0.5 15 0 17 0.3 24 0.6 40 0.9 93 0 
3551 35 0 54 0.5 58 0.4 75 0 
3554 6 0.8 30 0.3 70 0.6 71 1 
3677 4 0 
3723 3 0.6 7 0 14 0.8 36 0.8 49 0.9 59 0.3 63 0 66 0.7 69 0.6 
3873 6 0.3 22 0.7 62 0 66 0.8 86 0.5 94 0.8 
3945 1 0.5 11 1 26 0.9 43 0.7 58 0.4 71 0.4 74 0.6 82 0.9 90 0 
4068 97 1 
4126 4 0.6 11 1 38 0.9 40 0.9 45 0.8 59 0.4 76 0.8 
4145 10 0.3 19 0.4 30 0.8 70 0.8 81 0.7 83 0.7 97 0 
4161 2 0.8 70 0.3 78 0.9 89 0 
4311 9 0.8 14 0.4 44 0.9 48 0.5 92 0 95 0.7 
4327 0 0.7 14 0.9 15 0.6 62 0 71 0.5 77 0 87 0.9 97 0.7 
4402 25 0.6 54 0.6 64 0.3 71 0 83 0.8 84 0 93 0 98 0.3 
4514 59 0.7 61 0.3 62 0.6 64 0 74 0.5 88 0.9 96 0 
4918 16 0.9 17 0.6 26 0.5 35 0.6 51 0 68 1 84 1 96 0 
4941 27 0.5 36 0 
4961 1 0.4 16 0.3 18 0.8 35 0.3 39 0.5 40 0.7 57 0.8 59 0.9 89 0 91 0.7 
4986 16 0.8 30 1 46 0.9 55 0.6 95 0.7 
5144 4 0.9 89 0.6 
5182 12 0.4 18 0.3 24 0.8 32 0 88 0 95 0.6 
5233 2 0.7 24 0 42 0.4 60 0.7 64 0.9 91 0.3 95 0.7 96 0 
5645 54 0.9 94 0.9 
5690 7 1 47 0.8 
5781 8 1 19 0.6 36 0.4 40 0.5 47 0.6 62 0.7 64 0.3 66 0.9 82 0.3 
5840 4 0.6 41 0.3 87 0.8 
5990 2 0.9 13 0 35 0.6 58 1 67 0.9 72 1 75 0 
6143 32 0.8 35 0.5 58 0.3 60 0 61 0.5 76 0.3 82 0 98 1 
6175 21 0.3 84 0 
6359 22 0.3 35 0.5 40 0 44 0.4 52 0.8 53 0.4 65 0 93 0 95 0.5 
6444 14 0.4 15 0 19 0.3 46 0.4 74 0 93 0.9 
6521 14 0.8 35 0 87 0 88 0.8 90 1 
6577 52 0 59 0 60 0 82 0.6 
6784 8 0.7 11 0.3 13 0.4 23 0.6 58 0.5 74 0.4 77 0.9 80 0.5 86 0.8 
7163 41 0 94 0.7 
7178 9 0.9 40 0.8 57 0 88 0.3 
7286 17 0.9 38 0.7 48 1 82 0.5 
7390 3 0 9 0.8 36 1 42 0 43 0.8 55 0 60 0.9 65 0.8 66 0.4 97 0.6 
7412 0 0 32 0 46 0.5 52 0 65 0.7 80 0.6 88 0.7 89 0 97 0.8 98 0.3 
7454 22 1 31 1 36 0.3 62 0.8 86 0 
7555 17 0.6 26 0.4 31 0.6 59 0.8 80 0.5 92 0 95 0.7 
7581 5 0 40 0.4 57 0.4 
7598 13 0.6 23 0 37 0.8 50 0.6 75 0.4 84 0.7 87 0 
7619 14 0.9 15 0.7 42 0.7 55 0.8 65 0.3 70 0.9 84 0 96 0 97 0.9 
7746 10 0.4 65 0 71 0 
8007 42 0 89 0 
8433 7 1 10 0.4 16 0.8 24 0.6 43 0 52 0.4 78 0.4 
8665 6 0 36 0 59 0 60 0.6 
8817 0 0.5 48 1 61 0.3 81 1 95 0.9 97 0.6 
8858 15 0.3 18 0.3 32 0.7 33 0 66 0.7 76 0.6 84 0.4 
8885 22 1 
9377 1 0.4 4 0 5 0.8 48 0.8 51 0.3 56 0.8 61 0.9 91 0.3 
9400 18 0.6 71 0.5 84 0.6 
9635 21 0 28 0.9 61 0.7 77 1 85 0.8 87 0.9 
9731 14 0 22 1 45 0 52 0.5 54 0.5 62 0 77 0.5 79 0.4 84 0.7 
9734 9 0 73 0.7 
9833 93 0.4 
9908 61 0.3 
