100
168 22 0 26 0 38 0 39 1 83 0.6 
329 1 1 
383 18 0.6 40 0 55 0 57 0.4 79 1 94 0.6 
387 27 0.6 33 0 38 0 49 0.5 65 0 87 1 
531 7 0.9 21 0 43 0.5 67 0.7 72 0 73 0 92 0.3 93 0.9 
552 22 0 28 0 55 0.8 
587 10 0.3 29 0.9 31 0 37 0.4 50 0 58 0 80 0.6 
611 6 0 52 0.9 58 0 68 0.6 76 1 
626 44 0.5 52 0.6 84 0 95 0.9 
703 58 0.6 
741 26 0.9 34 0.8 39 0.8 69 0 96 1 
753 0 0 20 0.4 25 0 63 0 70 0.9 77 0 91 0 
818 3 0.8 8 0.6 15 0.4 25 0.3 36 1 65 0.3 74 0.7 77 0.3 96 0.8 
936 4 0 7 0 9 0.4 23 0.5 50 0.8 66 1 86 0 95 0.3 
1030 3 0 12 1 27 0.7 48 0 71 0 80 0 85 0.6 
1054 69 0.4 78 0.5 
1106 17 0.4 27 0.8 51 0 80 0 92 0.4 
1177 28 0.8 33 0.6 42 0.7 84 0 85 0.6 87 0.7 
1411 15 0 20 0.9 23 0.6 29 0.3 83 0.9 88 0.7 91 0.8 95 0.5 97 0 
1550 49 0.5 
1796 20 0.5 45 0.9 54 0.4 72 0.6 91 0 98 0.5 
1829 2 0.9 20 0 26 0.7 44 0.7 49 0 74 0.5 86 0 87 0.4 88 0.5 99 0 
1846 22 0.8 24 0.7 63 1 
1904 1 1 6 0 13 0 26 0.5 45 0.8 68 0.4 87 0.3 88 1 99 0.5 
2122 97 0.8 
2196 77 0.9 
2251 17 0.4 
2377 6 0.7 12 0.9 17 0.8 54 0 65 0.5 77 0 85 1 
2387 1 0 31 0 45 0.8 49 0 73 0.9 81 0 98 0.5 
2409 19 1 
2460 22 0 28 0 38 0.8 41 0 45 0.8 48 0 81 0.3 97 0.7 98 0.3 99 0 
2522 22 0.6 48 0 
2560 4 0 17 0.8 23 0 43 0 46 0.5 59 0.3 63 0 70 0.6 99 0.5 
2565 4 0 34 0 49 0 50 1 66 0.3 73 0 78 0.5 94 0.4 96 0.5 97 0.3 
2846 35 0.7 59 0 76 0.3 
2869 28 0.8 56 1 69 0 80 0.4 93 0 
2927 30 0.9 34 0 
3045 4 0 37 0 48 0 57 0.9 64 0.6 68 1 71 1 93 0.5 98 0.6 
3046 9 0 12 0.9 22 0.4 95 0.7 
3213 10 0.8 14 0 25 0 63 0.6 76 0.5 
3473 14 0.9 17 0.6 36 0 68 0.4 74 0 80 0.8 97 0 
3531 5 0.8 10 0 13 0.5 41 0 69 0.4 75 0 79 0.7 93 0.7 99 0.6 
3598 10 0.9 18 0.7 62 0.6 83 0 84 0.8 
4143 20 0 30 0 41 0.4 60 1 80 0.7 87 0.7 88 1 95 0 
4234 15 0.3 16 0.8 19 0.3 31 0.5 37 0.9 42 0 58 1 67 0.4 93 1 94 0.3 
4734 30 0.6 40 0.9 49 1 64 0.5 67 1 93 0 
4832 0 0.7 16 0.9 40 0.8 48 0.4 89 0.4 
4994 29 0.3 
5131 2 0.4 11 0.5 25 0.8 30 0.4 33 0.8 37 0.5 44 0 91 1 
5187 29 0 86 0.3 93 1 
5297 0 1 40 0.8 
5421 43 1 
5568 20 0 51 0.7 71 0.4 84 0 87 0.8 96 0 
6180 3 0 39 0.9 75 0.3 76 0.4 84 0.4 96 0 
6224 70 0.3 78 0.7 89 0.9 
6271 15 0.3 41 0 43 0 54 0.6 55 0 58 0.3 74 0.4 75 0.3 92 0.7 93 0.7 
6420 64 0.4 
6531 45 0.4 57 0.4 63 0.7 64 0.5 76 0.8 77 0.4 82 0.4 87 0.7 
6712 1 0.5 8 0 9 0 11 0.3 17 0.6 46 0 58 0.8 77 0.5 79 1 81 0.6 
6913 20 0.4 47 0.8 54 0 88 0.7 
7059 10 0.4 32 0.7 34 1 39 0.7 41 0.5 68 0 98 0.5 
7154 50 0 
7528 3 0.9 24 0.4 
7577 4 0 16 0.7 17 0.6 34 0.7 67 0.5 73 0 76 0.5 94 0 
7580 18 0.5 
7652 0 1 7 0 14 0.4 18 0.8 26 0 30 0.3 38 0 55 0 58 0 82 0.4 
7713 21 0.6 35 0.8 75 0.9 86 0.6 
7773 19 0.8 28 0 34 0 38 0.3 45 0 84 0 85 0.8 95 0 
8026 29 0.4 
8062 9 0.6 46 0.8 56 0.3 77 0.6 83 0.6 91 0.3 
8068 13 0.6 18 0.3 21 1 39 0.6 45 0.9 57 0.4 58 0.3 65 0.3 78 0.3 
8186 32 0 59 1 
8191 7 0.5 17 1 29 1 48 0.7 68 0 72 0.7 86 0.7 93 1 97 0.4 
8216 2 0.4 5 0.7 7 0 16 0.5 52 0.6 54 0.9 70 0 80 0.8 89 0 94 0 
8277 7 0.7 9 0 61 0.8 76 0.5 83 0.8 
8315 5 0.4 22 0.9 36 0 59 1 63 0 
8378 18 0.9 33 0.4 61 0.4 77 0.3 
8388 16 0.9 21 0 27 0.5 41 0 51 0.9 54 0.5 67 0 
8398 47 0.3 58 0.3 72 0.5 
8435 37 0.4 75 0 
8611 84 1 
8745 62 0.8 95 0.8 
8762 9 0.5 16 0.7 34 0 35 0 66 0.9 96 0.4 
9061 4 0.7 12 0.9 13 0 20 0 88 0.5 
9062 60 0 61 0.5 
9193 2 0.8 95 0.6 
9294 5 0 
9405 8 0.5 14 0.3 35 0.3 40 0 44 0.7 82 0.6 86 0 
9469 16 0.6 25 0.7 56 0.9 
9482 43 1 99 0.6 
9498 1 0.4 24 0 30 0.3 38 0 39 0.9 45 0.9 66 0.3 67 0.3 76 0.5 
9502 22 0.9 50 0.5 56 0 62 0.5 65 0.6 71 0.8 77 0.7 82 0 97 0 99 0.7 
9587 37 0.9 
9592 33 0 44 0.9 91 0 
9613 13 0.8 52 0.6 62 0 66 0.8 69 0.9 86 0.6 94 0.6 96 0.8 
9707 14 0.7 36 0 
9772 8 0 10 0.7 11 0 22 0.6 29 0.4 38 0.3 50 0 58 0 72 0.5 95 0.3 
9856 15 0.4 35 1 53 0.5 
9880 0 0.7 1 0.3 9 0.6 16 0.9 20 0.9 71 1 86 0 91 0 98 0 
9994 6 1 46 1 54 0 84 0 89 0 
