100
55 29 0.5 47 0.7 82 0 
87 10 0.4 54 0.3 59 0.7 62 1 69 0 71 0.8 72 0.5 92 0.4 
106 4 0.8 6 0 10 0 19 0.4 32 0.9 35 0.8 56 0 65 0.9 69 1 71 0.4 
133 41 0.7 
176 40 0.4 
178 8 0 55 0 83 0 
236 82 0 
304 6 0.6 8 1 13 0.5 20 0.9 28 0.9 45 0 58 0.3 68 0.6 91 0 95 0.8 
410 6 0.5 12 0.9 18 0.4 45 0.7 62 0 77 0.7 94 0 95 0.3 97 0.8 
439 24 0 61 0.8 65 0.9 
480 13 0.9 26 0 33 0.4 62 0 88 0.6 94 0.5 
562 11 0.9 17 0.6 33 0 46 0 49 0 51 0.7 81 0.4 86 0 
575 53 0.7 62 0.7 92 0.6 
593 42 0 45 0 53 1 55 1 72 0.8 
602 13 0.4 19 0 27 0.8 43 0 66 0.4 97 0 
637 2 0.9 13 0.7 35 0 45 0.5 59 0.7 65 0.3 98 0.7 
695 1 0 11 0 23 0.4 35 0.7 36 0.8 49 0.3 68 0.5 73 0.9 98 0.6 
709 8 0.5 95 0 
790 13 0.7 30 0.4 34 1 42 0.6 63 1 66 1 70 0.5 74 0.5 98 0 
921 16 0.4 95 0.4 
976 35 1 49 1 57 0.9 78 0.9 
1094 56 0.4 61 0.5 76 0.3 
1150 35 0.5 78 0.6 
1388 6 0.9 9 0.4 15 0 33 0.7 81 0.6 82 0.9 83 0.7 90 1 
1470 21 0.5 37 0 66 0.9 69 0.3 77 0.9 
1640 2 0.9 6 0.6 8 0.5 25 0.4 27 1 81 0.6 84 0.4 93 0 
1754 15 0.3 25 0 31 0.4 32 0.6 82 0.5 
1936 77 0.3 83 0 
2273 1 0.5 22 0.8 26 0.7 27 0.9 28 0.6 58 1 67 0.6 72 0.6 81 1 88 0.4 
2408 5 1 11 0 13 0.7 26 0 31 0.5 45 0.9 53 0 61 0 82 0 90 0.5 
2466 21 1 28 0 38 0.8 46 0.6 56 0 69 0 78 0 84 0 
2505 29 0.9 43 0.7 63 0 70 0.8 
2533 1 0 7 0 13 0 28 0.8 45 0.9 46 1 53 0.3 84 0 93 0.6 
2669 2 0.4 8 0 28 0.4 30 0.5 49 0 59 0.9 85 0.8 92 0 96 0.5 
2680 1 0.7 8 0.9 12 0 32 0 55 0.6 65 0.8 86 0.3 90 0.5 97 0.5 
2793 19 0.6 56 0.7 
2974 17 0 92 1 
3027 11 0.3 36 0 97 0.6 
3146 15 0.4 36 1 40 0.9 92 0.5 
3575 1 0 17 0.6 19 0.3 28 0.3 49 0 51 0.8 56 0.9 65 0 69 0 93 0.9 
3698 20 0.6 26 0 61 0 86 0.8 87 0.7 94 0 
3746 22 1 41 0.6 46 0.8 92 0.8 
3757 14 0.8 21 0 27 0.5 30 0 58 0.6 67 0 69 0.8 88 0 89 0.5 
4028 20 0.4 24 0 38 0.3 63 0.6 78 0.8 89 0.6 
4073 1 0 2 0.4 13 0.4 15 0.4 47 0 50 0.9 74 0.6 83 1 
4143 20 0.3 30 0.9 41 0.9 60 1 80 0.5 87 0.6 88 0 95 0.7 
4230 3 0.7 5 0.3 16 0.5 26 0 45 0.9 54 0 55 0.9 65 0.7 77 0 78 0 
4558 13 1 16 0.6 24 0.6 39 0.7 47 0.7 61 0 71 0.3 97 0 98 0.6 
4601 8 0 29 0.5 32 0.5 43 1 78 0.3 85 0.3 
4606 26 0 89 0.7 93 0.5 
4783 12 0.6 23 0.5 31 0.3 44 0.7 47 0 72 0.6 77 0.6 92 0.5 
4836 4 0.4 30 0.9 34 1 39 0.8 49 1 54 1 68 0.3 95 0.6 
4903 14 0 28 0.5 34 0 41 0.8 43 0.6 47 0 54 0.6 99 0 
4918 16 0 17 0.7 26 1 35 0 51 0 68 0 84 0 96 0.4 
4926 7 0.6 17 0.7 18 0 64 0.7 75 1 78 0.3 88 0.3 93 0 
5039 15 0.4 16 0.6 17 0.8 26 0.3 38 0.3 47 0.4 56 0.6 67 0.8 85 0 96 1 
5097 16 0.6 43 0 44 0.6 54 0.6 96 0.4 99 0 
5168 18 0.7 
5486 13 0 20 0 41 1 71 0.9 92 0.3 
6065 18 0.5 25 0.8 26 0.5 62 0 72 0.7 80 0 86 0 97 0 
6093 13 0.3 28 0.9 48 0.4 50 0.9 61 0 80 0 89 0 
6151 8 0.3 22 1 83 0.9 
6165 20 0.9 27 0 32 0.4 39 0.7 78 0.8 81 0.4 86 0.8 90 0 96 0.7 
6214 12 0.8 34 1 56 0.9 69 0.6 71 0.3 
6328 2 0 22 0.4 65 1 84 0.4 88 0 99 0.7 
6439 14 0.4 55 0 80 1 93 0.5 
6479 9 0.9 36 0.8 41 0 56 1 61 0 66 0.6 73 0 83 0.5 
6506 2 0.7 7 0.6 12 0.5 16 0.8 26 0.9 45 0.6 53 1 80 0.9 
6789 23 0.8 51 0.3 92 0 
6872 5 0.5 40 0.4 53 0.7 79 0.7 
6916 54 0 55 0.8 86 0.5 89 0.6 
6936 11 0 14 0.6 38 0.8 50 0 58 0.7 63 0 66 0 96 0.7 
6944 3 0.3 19 0.3 89 0.9 94 0.5 98 0 
7315 39 0 51 0.5 64 0.5 67 0.7 76 0 
7392 9 0.7 12 0.3 20 0.6 29 1 39 1 52 0.9 78 0.3 80 0.3 91 0.4 
7400 26 0.8 27 0.5 59 0.9 73 0.9 85 0 89 0 
7420 19 0.3 76 0.4 88 0.7 97 0 
7475 0 0.9 2 0 20 1 28 0.7 42 0 50 0.6 54 0 
7492 40 0.9 43 0 53 0.3 55 1 73 0 
7855 47 0.3 
7918 4 0.5 23 0.4 31 1 32 0 48 0.6 59 0 67 0.7 71 0 93 1 
8009 1 0.6 16 0.9 34 0.8 35 1 70 0.6 72 1 99 0.5 
8374 66 0 85 0.9 93 0 
8391 25 0 
8505 7 0.5 32 1 35 0.3 39 0.3 40 0.6 78 0 79 0.9 
8558 40 0 51 0.5 56 1 68 0.3 73 0.7 75 0.9 76 0 81 0.3 92 0 99 0.6 
8654 0 0.5 2 0.7 18 0 34 0.6 39 0.3 75 0.6 86 0.5 97 0.4 
8722 56 0.5 58 0.8 63 0.7 97 0.8 
8807 11 0 26 0.7 34 0 
9029 28 0 49 0 61 0.3 67 0.5 70 0.4 74 0 90 1 99 0 
9125 61 0.8 67 0.3 88 0.5 
9150 6 0.8 9 1 43 0.5 44 0 46 0.7 82 0 88 0.7 97 0.5 98 0.8 99 0 
9164 26 0.4 53 0.7 55 0.6 61 0 
9238 13 0.9 39 0 41 0.5 44 1 66 0 72 0 73 0.8 77 0.7 99 0.9 
9271 7 0.7 19 0.8 32 0.8 41 0 45 0 51 0.7 61 0.9 64 0.8 82 0.8 91 1 
9300 6 0.6 14 0.7 29 0.8 33 0.8 43 0.5 49 0.4 63 0.9 67 0 
9328 45 0.6 47 0.7 57 0 67 0.7 89 0.4 96 0.9 
9618 7 0.5 8 0.6 15 1 40 0.8 49 0.5 58 0.9 63 0 71 1 83 0 89 0 
9914 19 0.7 42 0.5 43 0.8 46 0.6 52 0.6 54 0.3 62 0.9 67 0.5 70 0.3 78 0.3 
9971 83 0 
