100
10 29 0.9 85 0.9 
153 2 0.8 19 0 80 1 88 0 
168 22 0.7 26 0 38 0 39 0.7 83 0.7 
260 4 0.9 13 0.8 16 0.4 21 1 28 0.4 47 0.4 51 1 89 0 91 0.3 92 1 
310 63 0.5 96 0.4 
326 3 1 6 0.3 20 0 55 0.4 79 0 
383 18 0.5 40 0.4 55 0.6 57 0.5 79 0.3 94 0.8 
426 30 1 34 0 35 0.4 46 0.4 71 0.8 72 0.4 79 0.8 80 0.6 90 0 
619 17 0.6 49 0.9 56 0 65 0.8 96 0 
627 45 0 
720 0 0.5 2 0.7 6 0 38 0.4 50 0 71 0 93 0 99 1 
736 23 0.9 71 0.6 99 0.6 
1055 21 0.5 45 0.5 
1163 23 0.6 71 0 79 0.8 
1272 15 0.5 22 0 31 0.4 36 0 56 0.5 57 0.8 58 0.8 65 0.4 86 1 88 0.7 
1406 4 0.3 16 0.9 33 0.9 37 0.5 47 0.4 51 0 65 0.6 90 1 97 0 
1443 19 0.9 31 0.8 37 0.5 47 0.5 68 0.9 
1539 39 0 50 0 59 0.7 
1599 28 0 29 0.4 49 0.9 52 0.9 63 0.4 67 0.7 74 0.7 
1766 34 0.8 81 0 98 0 
1895 0 0 5 0.3 6 0.9 46 0 50 1 58 1 62 0.8 81 0 94 0.3 
1936 77 0 83 0.5 
1942 15 0.8 20 0.3 39 0.3 61 0.3 62 0 65 0 79 0.5 
2054 36 0 58 0.6 78 1 
2103 21 0.7 23 0.4 34 0.5 36 0 40 0.8 99 0 
2120 7 0.6 42 1 60 0.4 79 0.3 
2374 3 0.6 23 0.3 32 0.8 90 0.5 
2384 49 0.6 52 0.3 80 0.4 
2509 11 0 15 0.6 31 0 52 0.4 96 0 98 0.8 
2609 26 0.6 41 0.6 43 0.9 57 0.6 78 0.6 
2635 47 0.7 63 0.3 88 0.8 
2687 0 0.9 27 0.4 34 0 66 0.9 
2796 7 0.6 24 0 33 0.7 35 0.3 36 0 42 0.3 44 0 63 0 66 0.6 76 0.7 
2812 20 0.5 46 0 
2927 30 0.3 34 1 
2975 16 0.3 17 0.8 39 0 50 0 62 0.8 66 0.3 79 0.8 98 0.5 
3163 11 0.4 58 0 81 0.7 
3239 9 0 41 0.9 96 0.6 
3242 28 0 91 0.9 
3259 32 0.3 37 0.3 42 0.7 49 0 
3787 5 0.9 6 0.5 9 0 19 0.6 22 0.8 35 0.8 36 0 63 0.6 69 0.3 
3825 93 0.4 
3826 50 0 63 0 
4335 52 0.9 62 0.4 77 0.9 
4337 22 0.8 33 0.8 44 0.6 48 0.3 62 0.6 76 0 84 0.4 89 0.8 90 0.9 
4371 3 0.8 11 1 12 0.4 35 0.8 42 1 92 0.4 
4424 16 0.5 18 0 32 0.4 52 1 78 0.6 80 0 91 0.3 
4429 92 0.8 
4543 28 1 45 0.3 50 0 65 1 87 0.8 91 0 
4828 3 0 14 0 32 0.7 33 0.8 68 0.6 95 0 99 0 
4920 0 0 5 0.3 16 0 26 0.5 30 0.5 36 0.5 66 0 68 0.7 86 0.4 98 0.3 
5223 0 0.4 1 0 14 0.5 17 0.7 22 0.4 24 0.7 30 0.3 47 0.6 65 0.7 88 0.8 
5301 1 0.3 34 0.9 96 0.9 98 1 
5459 10 0.4 43 0.3 56 0.7 58 0 76 0.4 
5573 11 0 
5681 82 0 
5712 30 0.8 70 1 97 0.4 
5714 68 0.9 87 0.9 
5718 0 0.8 6 0.9 8 0.8 47 0 66 0 71 0.4 80 0 88 0 89 0 
5927 11 0.4 29 0 85 0.4 
6063 9 0.7 17 0.4 30 0.6 45 0.3 68 0 69 0.9 82 0.9 99 0.6 
6087 10 0 20 0.7 22 0.3 49 0.6 52 0.8 53 1 66 0.8 67 0 92 0 
6157 13 0.7 22 0 47 0 52 0.6 68 1 71 0.4 75 0.5 76 0 79 1 83 0.7 
6594 33 0.4 
6745 4 0 5 0 62 0.5 80 0.5 90 0 
6956 29 0.8 45 0 47 0.9 85 0 90 0 
7051 12 0.7 27 0 75 1 91 0.7 
7083 10 0 20 0.9 55 0.5 69 0.6 75 0.6 88 0 90 0.4 97 1 
7359 24 0 47 0 57 0.6 62 0.8 69 0 79 0.8 83 0.8 86 0 
7485 17 0 19 0.4 23 0 51 1 77 0 
7534 48 0.9 54 1 73 0.8 80 0.6 
7609 24 0 26 0 45 0 55 0.4 74 0.4 77 0.7 
7719 44 0.7 66 1 85 0 
7726 0 0.5 24 0.7 
7976 25 0 50 0.4 57 0.9 89 0.6 93 0.6 
7996 0 0.6 48 0.7 56 0 59 0.8 79 0.3 82 0 
8161 2 0.5 9 0.7 16 0.3 19 1 70 0.3 76 0.8 77 0.9 85 0.6 
8176 8 0.6 20 0.5 24 1 60 0 74 0 78 0.3 89 1 92 1 95 0.5 
8235 29 0.4 34 0 38 0 53 0.9 60 0.8 
8263 29 0.8 66 1 74 0.5 
8413 19 0 64 0 70 0 78 0.9 
8456 1 1 10 0.8 19 0.9 22 0.9 32 0 77 0.6 78 0.6 
8466 9 0.7 10 0.4 43 0 61 0 77 0.6 89 0.5 96 0.6 
8545 1 0 7 0.7 
8695 9 0.8 19 0.6 21 0.4 26 0.6 38 0 53 0 56 0.4 68 1 81 1 85 1 
8731 11 1 18 0.5 22 0 34 0.4 36 0.3 42 0.8 
8785 7 0 34 0 61 0.4 
8845 18 0.8 74 0 75 0 84 0.6 96 0.9 
8862 4 0.5 27 0.6 33 0 34 0 43 0.5 44 0.8 59 1 64 0.4 77 0.5 85 0.7 
8871 24 1 28 0.9 37 0.9 38 0 61 0.5 79 0.8 85 0.8 88 0 
9122 26 0 29 0.3 39 0 41 0 46 0 49 0.4 74 0 78 0.8 86 0.7 98 0 
9204 32 0 73 0.8 82 0 
9240 68 0 
9248 11 0.4 20 0.6 22 0.4 32 0.4 55 0.5 59 0.3 67 0.3 
9438 2 0 14 0.4 28 0.4 29 0.9 34 0 38 0.6 69 0 99 0.5 
9510 2 0.3 22 0.3 35 0.7 43 1 54 0 65 0 68 0.4 82 0.5 85 0.3 93 0 
9661 40 0.5 62 0 83 0.8 90 0.9 94 0.3 
9790 14 1 15 0.6 20 0.9 28 0.9 42 0.9 45 0.3 56 0.9 87 0.7 98 0 
9837 27 0.6 
9885 29 0.7 36 0 
