100
77 2 0.8 29 0.4 41 0.7 44 0 47 0.5 50 0.9 86 0.6 99 0 
406 0 0.6 8 0.9 22 0.4 43 0 82 0 90 0 
536 32 0 42 0.4 67 0.8 90 0.7 
547 8 0 12 0.3 41 0.4 51 0 
566 50 0.9 61 0 76 0.7 80 0.4 83 0.8 
594 17 0.9 31 0 47 0.9 58 0.9 74 0.7 75 0.9 88 0.7 
635 1 0.7 3 0.6 5 0.4 16 0.3 20 0 57 0 64 0 82 0.8 87 0 
996 9 0.5 12 0.4 47 0 56 0.8 57 0.6 58 0 81 0 89 0.4 
1201 11 0 13 0 28 0.4 35 0 
1249 50 0.6 52 0.6 
1255 15 0.5 21 0 22 0.8 34 0 75 0 84 0.6 
1260 5 0.4 46 0 
1315 73 0.9 91 0.3 
1316 4 0.6 9 0.4 34 0 37 0 47 0.8 56 1 63 0.7 68 0.7 71 0 85 0.7 
1448 0 0 23 0 45 0.7 46 0.7 51 0 79 0.5 95 0.3 
1484 8 0.9 18 0.4 24 0.7 28 0 31 0.5 55 0.8 68 0 
1495 65 0.8 75 0.9 
1524 3 0.8 51 0.5 63 0.6 64 0 91 0.6 
1531 34 0.5 40 0 53 0.6 62 1 64 0.5 72 0 92 0.4 94 0.3 
1548 16 0.6 34 0.7 64 0 89 0.7 90 0.5 
1641 52 0.5 57 0 89 0.4 
1770 4 0.5 8 0 28 0 74 1 75 0 83 0.3 
1819 34 0 72 0.5 97 0 
1867 8 0 10 0 27 0.7 50 0.8 
2193 22 0.9 83 0.6 
2224 6 0.6 23 0.3 32 0.6 34 0 53 0.4 60 0 81 0.6 97 0.7 
2243 2 1 21 0.9 28 0.6 39 0.9 55 0.4 79 0.3 96 0.5 
2255 7 0 45 0 50 0.9 66 0.3 68 0.5 69 0.7 92 1 
2299 2 0 3 0.4 37 0.8 43 0 82 1 
2375 8 0.4 34 0.8 48 0.8 55 0.9 60 0.4 96 1 98 0 
2376 8 0 67 0.7 84 0.4 
2445 3 0 33 0 43 0.9 49 0.5 62 0 65 0 78 1 83 0.8 
2493 3 0 4 0 8 0.4 11 0.8 17 0.8 38 0.3 39 0.6 47 0.4 79 0.4 84 0.6 
2518 15 0.4 24 0.5 31 0 81 0 86 0.4 98 0.9 
2598 2 0.9 40 0.7 47 0.4 59 0.4 76 0.8 
2696 14 0 24 0.4 31 0.6 40 0.7 94 0 
2837 27 0.4 35 0.6 42 0.4 47 0.6 68 0.4 72 0.3 73 0.9 
2911 10 0.9 56 0.8 74 1 83 0 
2936 32 0.8 45 0.3 57 0 
2938 1 0.6 17 0.7 20 0 21 0.9 59 0 73 0.7 80 0.5 94 0 
3046 9 1 12 0.8 22 0.9 95 0 
3068 26 0.8 29 0.9 35 0.3 38 0 39 0.7 72 0.8 
3255 26 0 67 0 
3288 30 0.6 39 0.8 40 0.5 41 0.6 45 0.8 49 0.6 53 0.7 64 0.7 
3326 1 1 45 0.5 
3331 18 0.9 53 0.7 76 0 
3514 27 1 56 0 
3962 74 0.8 
4006 81 0.9 
4346 14 0 15 0.5 26 1 39 0 48 1 74 0 76 0.4 89 0.3 98 0.8 
4376 52 0 
4433 51 0 
4587 9 0.6 19 0.3 20 0.6 34 0.7 52 0.6 
4635 1 0.6 7 1 9 0.3 25 0 54 0.4 65 0.9 69 1 82 0 91 0.9 
4736 1 0.8 15 0.4 18 0.3 29 0 35 0.5 61 0.6 71 0.9 
4951 30 0 34 0.7 55 0.3 68 0.3 
5016 26 0.3 44 0.6 72 0 85 0.8 94 0.7 
5048 11 0.8 15 0.8 25 0.8 30 0.5 31 0.3 48 0.8 77 0.4 87 0.8 
5315 46 1 
5415 10 0.5 12 0.6 52 0 61 0.8 67 0.6 75 0.3 77 0.6 79 0 92 0.4 98 0.4 
5618 9 0.6 17 1 36 0.4 40 0.8 45 0.7 48 0.5 74 0.7 75 0 94 0.5 
5651 76 0.6 85 0 98 0.4 
5728 7 0 23 0 
6130 35 0 93 0 
6527 13 0.3 24 0.7 57 0 58 0 67 0.6 72 0.4 78 0.7 87 1 
6569 10 0 17 1 42 1 54 1 70 0.5 
6809 19 0.6 72 0 91 0 
6970 0 0.5 9 0.4 13 0 38 0.3 56 0.3 69 0.5 72 0.5 77 0.3 85 0 88 0 
6983 2 0.3 10 0 71 0.7 73 0.9 93 0.7 
7373 12 0 
7428 19 0.6 56 0.6 92 0.3 
7448 3 0 9 0.8 12 0 14 0 22 0.9 38 0.4 58 1 79 0 97 1 
7548 68 0 
7696 0 0 9 0.7 52 0 76 0.9 81 0.4 
7735 23 0.6 27 0.5 59 0.8 88 0 
7763 1 0 3 0.4 4 0.5 33 0 52 0.5 63 0.6 76 0.4 79 0.9 83 0.8 
7860 5 0.8 42 0.5 47 0 55 0.3 74 0 
7902 10 0 17 0 33 1 47 0 62 0.9 77 0.4 87 0.6 91 0 
8017 9 0.8 36 0.4 70 0.8 79 0.8 91 0.8 
8061 18 0.9 47 1 64 0.3 96 0.3 
8182 25 0.6 53 0.6 
8253 12 0.7 17 1 40 0.9 41 0.4 42 0 44 0.5 59 0.9 80 0 92 0.7 94 0.6 
8286 59 0 79 0.7 
8315 5 1 22 0 36 0 59 0 63 0.7 
8406 19 0.9 41 0.3 54 0.4 58 1 63 0.8 66 0 79 1 95 0.9 
8658 35 0.8 62 0 
8701 10 0.4 21 0.4 37 0 82 0 89 0.3 
8893 47 0.6 85 0.7 
8933 0 0.3 34 0.4 44 0 54 0.7 72 0.4 80 0 82 0.9 
8979 11 1 21 0.8 31 0.8 36 0.3 76 0.4 
9134 2 0 9 0 28 0.5 90 0.5 99 0.7 
9251 1 0.7 15 0.9 17 0.3 50 0.9 55 0.9 62 0 64 0.9 65 0.5 97 0.4 99 0.4 
9464 8 0.5 58 0.5 
9471 46 0.3 56 0.3 69 0.5 86 0 
9487 22 0.6 30 0 37 0 43 0.4 53 0.8 58 1 79 0.7 
9598 60 0.6 76 0.4 79 0.9 98 0.9 99 1 
9849 17 0.4 32 0 
9896 3 0.6 13 0.4 34 0.5 51 0.3 71 0.3 78 0.5 84 0.3 88 0 93 0 95 0.9 
9909 8 0 
9997 12 0 17 0 34 0.7 53 0.4 54 0.9 97 0.3 
