100
16 16 0.5 23 0 34 0 66 0.9 76 1 91 0.9 92 0.8 
276 2 0 5 0.4 19 0.9 20 0 36 0.4 43 1 46 0 55 0.4 78 0.5 97 0.9 
303 10 1 11 0.8 24 0.4 43 0.6 54 0.3 66 0.9 89 0 95 0 99 0 
377 7 0.8 9 0 85 0.8 
428 27 0.3 44 0.6 46 0.5 54 0.7 85 0.3 
441 40 0.4 52 0.6 69 0.6 83 0.4 88 0 95 0 
573 4 0 13 0.4 37 1 
589 1 0.3 18 0.4 28 0.6 30 0 35 0 44 0 49 0.3 97 0.4 
639 21 0.7 83 0 97 0.9 
656 7 0.6 54 0.7 66 0.3 70 0.7 71 0 91 0.5 
663 16 0 41 0.5 61 0.4 
797 0 0.8 22 0.7 28 1 36 1 41 0.6 46 0.3 59 0.4 
1008 4 0 79 0.3 84 0 
1032 8 1 11 0.8 35 0.4 38 0 41 0.9 49 0.8 59 0.5 73 0.9 85 0.4 86 0.9 
1055 21 0.5 45 0.8 
1127 21 0.4 27 0.8 43 0 45 0.5 47 0 67 0.3 
1263 34 0 40 0 57 0.9 75 0.4 82 0 
1266 4 0.7 30 0.8 32 0.6 34 0.3 46 0.8 60 0.8 64 0.8 81 0 85 0.4 87 0.4 
1283 0 0.9 6 0 52 0 55 0.9 63 0.8 96 1 
1289 15 0.7 18 1 31 0 32 0.3 34 0.7 38 0.5 43 0.4 84 0.8 93 0 
1332 5 0.8 15 0 25 0.3 39 0 66 1 76 1 94 1 95 0.9 
1408 3 0 27 0.8 31 0.4 35 0.4 56 0.6 57 0.3 77 0.9 83 0 89 0.7 91 0.9 
1648 24 0.3 30 1 34 0.5 40 0.3 42 0.6 55 0.4 75 0.3 83 0 92 0.4 
1696 5 0.5 16 0 25 0 33 0.3 41 0.9 55 0.4 64 0.6 83 1 
1954 23 0 50 0.3 72 0.4 74 1 
2135 31 0.5 42 0.9 64 0.7 65 0 69 1 86 0 96 0 
2203 10 0.8 23 0 32 0 36 0.3 67 0 76 1 77 0.7 86 0.4 94 0.9 99 0.7 
2298 23 0.4 24 0 25 0 30 0 37 0 67 0 70 1 74 0 78 0 99 0.5 
2321 10 1 37 0 56 1 60 0.5 61 0.5 71 0.8 73 0.6 78 0 93 0.8 
2475 26 0.6 43 0.5 50 0.8 62 0.5 76 1 99 0.5 
2538 41 0.3 47 0.8 72 0 94 0.5 
2577 8 0.4 22 0.4 39 0 43 0 66 0.7 76 0.7 79 1 88 0.9 97 0.5 
2630 4 0 49 0.5 67 0.5 78 0 80 0 87 1 
2689 15 0.4 31 0.3 49 0.4 63 0.7 66 0.6 78 0.7 80 0 89 1 91 0.3 
2772 77 0 
2875 8 0.5 19 0.9 22 0.5 25 0.9 46 0.6 63 0.7 64 0 
2884 14 0.8 48 0.3 49 0 57 0.4 68 0.5 72 0.9 85 0 94 0 95 0 
2929 54 0.4 83 0.3 95 0.5 
2997 0 0 5 0.7 35 0.8 37 1 84 0.9 
3145 19 1 32 0.5 34 0.3 36 0.7 72 0.3 88 0.4 98 0.8 
3301 33 0.8 42 0.8 43 0.4 52 0 89 0.3 
3309 5 0.4 6 0.9 37 0.5 43 0.5 53 1 54 0.5 57 0 59 0 
3369 23 0.4 38 0.9 39 0.6 45 0 
3410 8 0 51 0 70 0.8 89 0 90 0 
3450 28 0 52 0.3 54 0.8 66 0.7 83 1 89 0.4 
3600 43 0 44 1 45 0.7 52 0.7 58 0.5 62 0.4 84 0 87 0.4 97 0 
3682 14 0 28 1 36 0.3 37 0.5 38 1 69 0.8 76 0.4 80 0.3 
3826 50 0 63 0 
4188 19 0 22 1 26 0.4 86 0.5 99 0.8 
4234 15 1 16 0.8 19 0.5 31 0.8 37 0.4 42 0.4 58 0.4 67 0.4 93 0.7 94 0.3 
4316 2 0.5 46 0.5 
4389 41 0 49 0.3 52 0 60 0.4 65 0.5 80 0 
4837 55 0.9 
4848 79 0.9 
4932 24 1 27 0.7 46 0.5 52 0.6 55 0.9 72 0 
4963 64 0.4 
5045 4 0.6 14 0.5 23 0.4 25 0.5 45 0 63 0.8 70 0.8 87 0 
5049 7 0.5 15 0.8 48 0.6 71 0.7 73 0.3 77 1 
5298 4 0 9 0.8 12 0 17 0 19 0 22 1 60 0 
5313 14 1 74 0 
5460 21 0.7 
5604 10 0.8 20 0.3 33 0 43 0.9 64 0 71 0.7 91 0.3 94 0.3 
5677 75 0.4 
5678 29 0.3 71 0 74 0.7 
5695 11 0.5 17 0.3 41 0.6 69 0 
5703 9 0 99 0.9 
6081 5 0.6 8 0.8 16 0.8 18 1 19 0.5 21 0.6 25 0 39 0.9 49 0.6 59 0 
6206 42 1 43 0 46 0.3 59 0.5 70 0.4 
6379 44 0 65 0.5 89 0.8 
6535 49 0 67 0.3 
6547 5 0 20 0.3 49 0 51 0.8 61 0.9 96 0.3 99 0.8 
6643 32 0.6 73 0.3 78 0 
6926 5 0.4 8 1 53 0.5 72 0.7 82 0.7 97 0.7 
7099 4 0.5 73 0 89 0.9 
7157 45 0.3 95 0.8 
7239 1 0.6 12 0 13 1 40 0.8 41 0.5 47 0.8 64 0.7 
7394 16 0.7 57 0 
7678 33 0 53 0.9 69 0 
7707 0 1 21 0.6 31 0.9 60 0.7 82 0.7 85 0.8 
7738 23 0.9 52 0.6 53 0 71 0.4 
7836 13 0.6 15 0.7 22 0.3 39 0.4 42 0.8 65 0 73 0.8 77 0 90 0.9 
7912 14 0 22 0.9 26 0 37 0.7 40 0.8 59 0.3 69 0.4 86 0.7 
7970 4 0 9 0.9 33 0 65 0.5 70 0 76 0.6 83 0.6 89 0.5 91 0.6 92 1 
8200 7 0.5 13 0 14 0.5 27 0.3 35 0.5 64 0.4 76 0.5 83 0.3 
8289 45 0.9 
8520 17 0.4 34 1 48 0.7 99 1 
8557 11 0.3 24 0.9 42 0 86 0.7 87 0.8 
8653 29 0.9 36 0 65 0.3 74 0.6 81 0.8 88 0.9 92 0 97 0.8 
8825 39 0.5 57 1 70 1 73 0 89 0.3 
8971 10 0.4 13 0 64 0 76 0.6 86 0 99 0.4 
9002 30 0 42 0 67 0.8 71 0 97 0.8 
9120 19 0.7 43 0 48 0.6 57 0.5 58 0.8 75 0.4 93 0.3 
9343 21 0.6 26 0 30 1 49 0.5 60 1 70 0.6 85 0.8 90 0.5 98 0 
9442 12 0.9 16 0 20 0.8 34 0.8 65 0.4 66 0.3 73 0.8 83 1 85 1 96 0.5 
9530 1 1 14 0.4 34 0.9 36 0.4 41 1 62 0.5 66 0.9 71 0 97 0.6 
9553 37 0.3 
9583 7 0.6 13 0 36 0.5 42 0 47 0.6 56 0.4 66 0 95 0.3 
9668 2 0 5 0.6 29 0.9 35 0.8 64 0.7 65 0.7 74 0 89 0.7 91 0.3 
9739 26 0.8 32 0.7 50 0 51 0.4 56 0.6 57 0.9 61 0 86 0.3 87 1 93 0.4 
9909 8 0 
