100
41 8 1 35 1 40 0.7 41 0 42 0 77 0.9 92 0.6 
104 6 0.8 10 1 47 0.5 51 0.3 92 0.8 
106 4 0.9 6 0.9 10 0.8 19 0 32 0.7 35 0 56 1 65 1 69 0.8 71 0.8 
108 28 0.8 
118 3 0.8 68 0 
266 26 0.8 
416 8 0 11 0.6 16 0.4 19 0 53 0.9 58 0.8 64 0.6 74 0 
432 1 1 14 0 29 0 32 0 78 0.5 80 0.7 85 0.3 87 0.5 92 0.6 
450 15 0.7 59 0 60 0 73 0 
746 0 0.7 16 0 20 0.8 31 0 88 0.5 
924 59 0.4 65 0.5 83 0.4 99 0.6 
1154 1 0.7 2 0 5 0 22 0.6 24 0.5 26 0.3 79 0.8 
1203 2 0.4 4 0.7 8 1 27 0.6 44 0.8 46 0.7 50 0.5 62 0.3 95 0.5 97 0 
1222 10 0.5 13 0.6 15 0.4 
1227 68 0.6 98 1 
1342 4 0.9 33 0.7 64 0.3 99 0.6 
1674 26 0 60 0 
1825 88 0.3 
1993 17 0 39 0.4 53 0 65 0.4 94 0.7 
2058 3 0.3 9 0.6 14 1 15 1 18 0.3 24 0 26 0 34 0 48 0 58 0.3 
2115 4 0.7 7 0.7 32 1 45 0 59 0.9 84 0.3 85 0.4 89 0.4 94 0.8 99 0.6 
2129 6 0 11 0.4 
2236 15 1 18 0.9 68 0.5 75 0.4 92 0.6 94 0.8 95 0 
2249 18 0.3 
2348 12 0.7 53 1 62 0.7 93 0 
2357 24 0 56 0.7 59 0.6 68 0.8 
2365 84 0.9 87 0.8 89 0.3 97 0 
2402 0 0.4 14 0 20 0 30 0 39 0.9 75 0.3 92 0.9 99 0.7 
2419 14 0.9 24 1 38 0.7 59 0.4 64 0.6 
2433 4 0.3 14 0 27 0.7 33 1 36 0 57 0.4 82 0.3 91 0.3 
2484 0 0.9 6 0 15 0.4 22 0.3 30 0.9 45 0.8 48 0.8 54 0 67 0 85 0.4 
2513 2 0.9 19 0 21 0.4 42 0.5 59 0.4 76 0.8 89 0 
2552 16 1 19 0 48 1 58 0 66 0.6 97 0 99 1 
2589 94 0 
2636 11 0.3 62 0.8 63 1 69 0 76 0 84 0 
2681 4 0.9 40 0.8 50 0.5 60 0 68 0 89 0.9 97 0.8 
2787 1 0 24 0.8 39 0 81 0.4 
2943 7 0 14 0.6 16 0 52 0.5 57 0.5 63 0.6 68 0.6 91 0.8 94 0.9 
3010 7 0.8 23 0.7 24 0.4 29 0 35 0.4 36 0.4 92 0.7 
3258 7 0 14 0.9 21 1 41 1 60 0.7 78 0.5 81 0 88 0.8 89 0.6 98 0 
3477 12 0.9 21 0 29 1 55 0 69 0.6 71 0 75 0.5 
3480 5 0.5 
3536 3 0.7 54 1 83 0.7 84 0.5 99 0 
3619 0 1 19 0.9 22 0.5 27 0 66 0.4 75 0 77 0 78 0 95 0.8 97 0.7 
3643 9 0.6 47 0.6 50 0 64 0.4 91 0.5 95 0 
3908 80 0.9 85 0.9 
3936 3 0.8 4 0.7 6 0.5 21 1 24 0.5 76 0 77 0 92 1 
3940 13 0 17 0.6 32 0 35 0.8 44 0.8 93 0 
4070 0 0.4 10 0.3 29 0.5 30 0.9 51 0 72 0 81 0.8 84 0.4 98 0.9 
4426 20 0 
4591 7 0.9 12 0.5 31 0.9 62 0.6 71 0.4 75 0 82 0.5 92 0 
4641 3 0.9 25 0.3 38 0 45 0.3 59 0.8 61 0.5 69 0.8 70 0.3 80 0.4 84 0.7 
4774 37 0 47 0 59 0 68 0.8 88 1 
4777 7 0.8 11 0.4 14 0 25 0.4 28 1 60 0 71 0.7 80 0.6 95 0.5 
4901 3 1 16 0.6 31 0.6 82 0.9 
4958 24 0.7 39 0 45 0.5 66 0.8 87 0 
5013 7 0 11 0 39 0.4 77 0.4 91 1 99 0 
5026 2 0.7 44 0 70 0.4 77 0 92 0.6 
5243 45 0.3 69 0.4 
5518 2 0.4 3 0.3 15 0.9 46 0 68 1 76 0.8 88 1 95 0.6 
5590 10 0.3 12 0.8 14 0 27 0 36 0.5 39 0.4 70 0.5 79 1 86 0.7 98 0 
5592 10 0.9 23 0 34 0.4 40 0.3 47 1 69 0.5 71 0.3 73 0 79 1 84 0 
5593 14 0.4 41 0.9 59 0.3 67 0.7 72 0.5 77 0.7 
5769 84 0 
5955 45 0.8 75 0.7 
6007 5 0 8 0.7 27 0.3 44 0.3 45 0.4 53 0 63 0.3 72 0.7 97 0 
6065 18 0.9 25 0.5 26 0.8 62 0 72 0.4 80 0 86 0.6 97 0.6 
6074 19 0.3 
6082 32 0.4 74 1 78 0.6 82 0.8 
6149 9 0.8 11 0.6 17 0 31 0.5 54 0.5 
6164 1 1 4 0.3 7 0 32 0.7 50 1 
6175 21 0 84 0.8 
6244 2 0.5 3 1 5 0 16 0.4 46 0 65 0.6 73 0.4 90 0 
6269 6 0.6 23 0.4 32 1 40 0.5 61 0.7 72 0 88 0.6 93 0.4 97 0.5 
6654 8 0.9 23 0.8 32 0.8 33 0.7 37 0.3 44 0 46 0 57 0.4 59 0.5 
6705 21 0.9 89 0.8 92 0.7 93 0.7 
7062 1 0 30 0.6 54 0.7 71 0.7 78 0.8 
7275 21 0.5 30 1 52 0 74 0.6 82 0 91 0 94 0.4 
7323 16 0.6 31 0.8 62 0.7 85 0.6 86 0 91 0.7 
7341 0 0.5 4 0.9 15 0.8 20 0.5 39 0.8 45 0.4 56 0.3 70 0 88 0.8 97 0.9 
7599 11 0.3 41 0.3 50 0 54 0.4 62 1 63 0.3 64 0 69 0.6 90 0 98 0 
7669 38 0.3 88 0.5 89 1 
7686 31 0 
7825 45 0.6 68 0 81 0.8 89 0.5 95 1 99 0 
7969 87 0.5 
8030 43 0.4 83 1 96 0.8 
8240 9 0 18 0 34 0.5 36 0.9 81 0.5 
8346 0 0.3 1 0 23 0.5 29 0.3 33 1 53 0 67 0.8 78 0.9 80 1 81 0.6 
8695 9 1 19 0.6 21 0 26 0.8 38 0.7 53 0 56 0.7 68 0.6 81 0.6 85 0.4 
8712 41 0.6 50 0.4 84 0 
8896 25 1 60 0.5 
8900 27 0.4 32 0.3 54 0 76 1 80 0.7 82 0.5 88 0 97 0.8 99 0.3 
9041 23 0 53 0.9 59 0.6 86 0 
9212 33 0 40 0.9 49 0.6 
9267 14 0.5 27 0 36 0.9 40 1 44 0.9 84 1 90 0.5 
9487 22 0.7 30 0.4 37 0 43 0.6 53 1 58 0.5 79 0.6 
9645 6 0.9 24 0.6 29 1 69 0 75 1 96 0.6 
9906 28 0.5 32 1 51 0.6 90 0.9 91 0.3 
9918 14 0 33 0 37 0.8 96 0.9 
9966 42 0.4 46 0 48 0 65 0.3 72 0 88 0.4 89 0.7 94 1 
