100
21 31 0.8 71 0 74 0.3 93 0.9 94 0 96 0.9 
128 70 0.3 75 0.3 93 0.4 
218 9 0.4 13 1 34 0.7 43 1 54 0.8 59 0.7 60 0.4 94 0 95 0 
266 26 0.5 
478 57 1 62 0.8 81 0.8 
537 18 1 31 0.5 51 0.6 84 0.8 
610 1 0.3 5 1 20 1 22 0 52 0.3 
832 21 0 46 0 54 0.7 
879 36 0.5 95 1 
932 4 0.5 81 0.4 
1008 4 0 79 0.3 84 0.6 
1070 32 0.5 39 0 48 0.5 49 0 58 0.8 65 0 84 0.8 91 0.8 
1221 7 1 15 0 54 0.6 59 0 69 0.6 72 0.6 77 0 98 0.9 
1228 16 0.5 78 1 
1318 41 0.4 
1364 1 0 8 0.8 18 0.8 23 0.3 51 0.9 88 0 91 0.5 
1376 17 0.9 
1413 2 0.9 11 0.6 28 1 44 1 72 0.8 83 0 88 0.3 97 0.6 
1468 52 0 69 0.6 
1499 2 0.4 15 0.3 23 0.8 29 0.5 58 0 65 0.6 68 0 98 0.5 
1542 9 0 20 0.9 24 0.7 76 0 81 0 
1654 9 0 21 0 36 1 39 0.6 42 0.5 49 0 74 0.5 85 0.5 94 0.5 99 0.6 
1804 4 0.5 7 0.8 8 0 17 0.4 42 0.5 50 0.4 53 0.8 72 0.7 82 0 
1840 53 0.6 69 1 
1875 0 0.3 7 0.7 19 0.3 35 0 36 0.5 50 0.3 51 0.6 69 0.5 81 0.6 85 0.9 
1930 2 0.7 3 1 43 0 49 0.9 53 0 57 0 74 0.7 89 0.7 98 1 
2220 2 0.7 5 0.7 7 0.8 13 0.8 24 0 36 0.3 83 1 
2243 2 0 21 0.7 28 0.8 39 0.6 55 0.5 79 0 96 0.9 
2425 68 0.9 93 0.5 
2445 3 0.9 33 0.7 43 0.8 49 0.5 62 0 65 0.7 78 0 83 0 
2515 19 0.5 45 0.5 57 1 80 0 
2546 25 0 82 0.5 93 0.4 
2577 8 0.8 22 0.6 39 0.8 43 0 66 0.9 76 0.4 79 0.4 88 0 97 0.9 
2598 2 0.3 40 0.4 47 0.4 59 0.8 76 0.4 
2667 20 0 
2668 23 0.8 25 0.3 31 0 41 0.6 42 0.5 44 1 59 0.4 69 0 
2800 93 1 
2917 5 0 24 0 91 0 
3069 0 0 7 0 13 0.8 39 0.9 47 0.4 51 0.6 56 0 80 0 90 0 
3082 21 0.4 29 0 34 0 55 1 64 0.3 68 0.8 
3140 21 0.5 78 0.3 90 0.6 
3499 32 0 44 0 69 0.4 70 0.6 
3713 78 0.9 
4088 10 0 23 0.9 41 0.5 45 0.5 48 1 67 0.6 88 0 93 0.4 94 0.3 98 0.9 
4217 23 0.5 46 0 74 0.4 
4381 87 0.8 
4475 23 0.3 30 0.7 
4494 1 0.4 7 0.9 9 0 12 1 17 0.7 26 0 29 0.9 36 0 46 0.4 67 0.7 
4576 22 0 32 0.9 59 0.6 61 0 92 0.9 
4614 9 0.7 13 0.7 25 0 33 0.3 36 1 43 0 46 0 53 0.9 57 1 58 0.7 
4771 26 0.5 43 1 47 0.5 50 1 51 0 62 0 85 0.5 
4923 14 0 51 0.7 
5037 7 0.3 10 0.6 33 1 53 0 58 0.3 62 0.4 63 0 89 0.7 91 0.9 
5123 12 1 36 0 38 0.6 51 0.9 59 0.3 71 0.6 75 0 96 0.6 
5134 5 0.3 10 1 14 0 31 0.6 49 0.8 63 0 74 0 83 1 88 0 94 0 
5163 4 0.6 12 0 14 0.9 25 0.8 30 0.7 36 0.6 59 0.8 84 0.8 85 0 
5211 31 1 46 1 48 0 75 0.5 
5557 8 0.9 17 0.4 26 0.5 29 1 38 0 41 0.9 66 0.8 68 0 81 0.5 98 0 
5730 0 0.9 13 0.5 15 0 24 0 35 0.3 54 0.8 72 0.8 78 0.6 88 0.5 95 1 
5776 8 0.6 14 0.3 50 0.8 57 0.5 66 0 73 0.8 87 0 91 0.8 92 0 96 0.4 
5855 3 0 15 0 18 0 34 0 45 0 56 0.4 57 0.3 83 0.3 85 0.8 91 1 
5987 22 0.3 33 0.4 71 0.9 85 0 99 0.5 
6110 32 0.7 60 1 
6280 25 0 
6325 20 0 35 0.5 51 0 
6499 34 0 
6612 12 0.5 31 0.5 51 0 
6741 22 0 
6790 4 0.8 12 0.3 25 0.3 59 0.5 74 0.7 87 0.9 91 0 99 0 
6798 1 0 5 0 
6906 13 0 38 0.9 47 0.9 75 0.8 89 0 
7290 30 0.9 55 1 85 1 
7346 17 0.5 47 0.4 52 0.3 59 0.8 86 1 
7469 5 0.4 7 0.9 17 0 18 0.9 57 0.7 61 0.7 75 0 80 0.7 93 0.7 
7617 53 0.4 90 0.8 93 0 97 0.7 
7623 8 0.7 28 0 33 0 42 0.4 57 0.8 80 0.4 
7661 44 0 74 0.3 81 0.3 
7752 34 0.4 81 0.7 95 0.7 
7796 14 0.8 36 0.5 54 0 71 0.3 80 0 89 0 90 0.3 99 0.6 
8042 17 0.8 20 0.6 47 0.3 52 0 62 0.3 69 0.7 72 0.8 89 0 
8060 62 0.7 74 0 
8082 42 0 51 0.6 69 0.4 73 1 
8101 14 0.5 21 0.3 49 0.3 67 0.6 73 1 78 0 86 0 90 0.6 
8423 38 0.5 81 0.6 97 0.7 98 0.3 
8569 82 0 
8714 54 0.9 
8810 6 0.9 45 0 68 0.8 99 0.6 
8836 5 0 16 0.5 56 0.9 86 0 
8953 60 0.3 62 0.4 64 0.5 79 1 
8989 48 0.8 67 0 69 0.5 88 0 89 0.5 
9069 12 0.9 31 1 64 0 
9175 47 0.4 52 0 65 0.6 74 0.4 84 0.8 90 0.9 97 0 
9270 15 0.6 23 0.8 58 0.3 68 0 71 0.6 
9294 5 0 
9382 59 0 
9413 6 0.4 35 0 53 1 96 0.8 
9488 11 0.5 14 0.4 31 0.7 32 0 34 0.9 46 1 47 1 81 1 83 0 
9658 22 0.6 64 0 74 0.9 75 0.7 79 0 
9763 56 0.5 89 1 
9908 61 0.9 
