100
71 7 0.4 17 0.8 42 0 59 0.6 76 0 79 0.7 85 0 95 0.8 
214 17 0 77 1 94 0 
286 25 0.6 48 0 51 0.8 55 0.6 56 1 64 0.7 86 0.9 90 0.9 93 0 
320 24 0.4 30 0.3 40 1 94 0 
322 34 0 41 0 42 0.9 70 0.8 84 0.5 97 0.9 
337 13 0.5 20 0.8 39 0.7 83 0.4 
414 1 1 16 0 25 0.6 68 0 89 0 
418 7 0 19 1 25 0.4 38 0.5 42 0.9 48 0.6 52 1 67 0.3 79 0.9 85 0.6 
542 9 0 18 0.9 33 0.3 36 0.6 39 0 47 0.7 65 0.9 71 0.3 75 0.4 91 0.9 
627 45 1 
628 11 0.4 45 0 61 0 65 0.3 
650 14 0.5 20 0.3 21 0.3 58 0 60 0.9 70 0.8 
676 3 0 37 0.5 93 0 
775 0 0 53 0.7 66 0 80 0 90 0 96 0.8 
844 41 0.7 99 0.3 
885 53 0 75 0.4 82 0.8 
964 20 0.6 21 0 24 0.8 53 0 66 0.9 72 0 77 0.9 89 0.9 90 0.3 91 0 
981 8 0 20 0.4 22 1 31 0 57 0.7 69 0 73 0 99 0.4 
994 11 0.8 15 0.9 22 0.7 43 0 45 1 47 0.8 51 0.3 66 0 94 0 
1042 19 0 22 0 29 0.6 39 0.4 90 0.6 91 0.5 99 0.6 
1053 10 0 
1101 9 0.3 27 0.4 29 0.3 30 0.7 55 0 56 0 62 0.3 72 0.3 79 0 
1119 34 0 35 0.4 87 0 
1155 5 0.8 7 0.6 16 1 18 0 25 0 47 0.4 66 0 98 0 
1358 1 0 45 0.3 95 0.7 
1380 2 0 5 1 14 0.7 15 0.8 26 0 63 0.6 64 0.7 79 1 
1530 13 1 21 0.3 38 0 40 0 49 0 55 1 82 1 84 0 89 0.7 95 0 
1552 88 0.8 
1788 6 0.4 21 0.3 23 0 34 0.8 52 0.8 73 0.9 76 0 77 0.6 83 0.7 
1799 81 0.7 
1848 10 0.4 13 0 31 0 42 0.8 45 0 54 0.9 55 0.4 76 0 96 0.3 
1893 14 0.8 19 0.3 42 0.6 57 0.5 59 0.5 61 1 77 0 79 0.8 85 0.3 
2049 25 0.4 34 0.3 
2143 1 0.6 20 0 22 0.7 62 0 67 1 73 0.4 81 0.4 94 0.9 
2346 17 0.8 21 0.8 26 0.7 31 0 68 0.7 70 0 79 0.4 99 0 
2544 69 0.5 
2559 11 0.3 14 0 24 0 49 0.6 50 0.7 74 0 99 1 
2628 3 0.3 5 0.4 34 0.9 46 0.3 65 0.8 77 0 86 0.7 87 1 99 0 
2954 9 0.5 51 0.8 59 0 
2985 4 0.5 5 0.3 18 0.9 23 0.9 27 0.7 57 0.4 69 0 86 0.9 96 0 97 0 
2993 15 1 18 0 24 0.3 49 0.6 56 0 61 0.4 62 0 
3441 11 0 49 0.6 73 1 84 0 
3637 9 0.9 23 0.6 44 0.3 46 0 60 0.6 61 0 65 0.8 69 0.3 78 0.5 91 0 
3906 6 0 9 0.5 10 0.6 23 0.4 28 0.7 32 0.3 33 0.6 43 0 66 0.6 76 0.4 
3923 7 0.6 14 0.4 65 0.4 70 0.9 72 0 
4114 33 0.6 39 0.4 46 0.9 56 0.8 
4224 38 0.3 
4246 7 0 12 0.8 63 0 80 0 87 1 88 0.9 96 0 
4371 3 0.4 11 0 12 0 35 0.7 42 0.4 92 0.8 
4398 18 0.5 21 0.9 33 1 75 1 85 0.4 96 0.3 
4833 20 0.9 24 0.3 38 0.8 90 0.9 93 0 99 1 
4927 47 0 64 0.3 70 0.7 
4983 83 0.8 
5134 5 0.8 10 0.9 14 0 31 0 49 0.8 63 0.7 74 0.9 83 0.9 88 0.4 94 0.7 
5173 16 0 63 0 
5180 2 0 8 0.4 18 1 
5661 6 0.9 20 0.8 31 0.4 36 0.3 55 0.4 59 0.5 82 0 99 0.5 
5888 71 0.8 
5916 37 0.9 95 1 
6023 2 0.4 17 0.5 59 0.7 68 0 77 0 81 0.5 85 0 96 0.9 
6080 17 0 20 1 47 0.8 51 0 81 0.6 
6225 13 0.7 49 0 80 0.8 
6244 2 0.5 3 0.6 5 0.4 16 0.7 46 0.4 65 0.8 73 0.6 90 0 
6254 2 0 37 0.6 39 0.6 51 0 53 0.9 77 0.3 88 0.3 97 0.5 
6280 25 0.4 
6291 15 0.7 30 0 50 0.8 63 0.8 68 0.4 91 0 96 0 
6332 9 0 26 0.8 45 0.9 50 0.5 
6390 17 0.4 20 1 35 0.5 44 0.6 46 0 52 0.3 55 1 68 0 
6407 8 0.4 13 0.4 26 0.6 28 0 36 0.7 40 0 46 0.4 69 0.3 
6681 27 0.6 
6754 61 0 87 0 88 0.3 91 0.8 
6768 2 0.5 28 0.5 66 0.5 69 0 78 0.4 83 0.8 86 0.5 
6804 6 0.8 10 0.6 33 1 36 0.8 40 0.4 47 0 52 0 54 0.4 74 0.7 
6836 13 0.6 16 0.8 24 0.4 39 0.4 59 0.9 63 0.3 64 0.4 66 0.3 73 0.8 89 0 
7043 18 0.8 23 0.4 55 0.4 77 1 79 0 98 0.6 
7068 41 0.4 56 0 79 1 88 0.5 
7333 0 1 11 0.7 23 0.3 44 0.5 58 0.7 74 1 
7363 7 0.5 8 0.7 14 1 48 0.3 63 0.8 69 0.4 76 0.6 88 0 99 0 
7424 13 0.9 28 0 82 0 
7672 17 0.7 23 0.4 31 0.9 43 1 56 0.7 75 0.6 77 0.7 
7780 6 0.9 16 0.9 20 0.3 51 0 52 0 75 0.7 80 0.3 87 0.3 97 0.3 
7876 18 0 19 0.4 21 0.7 39 0.3 69 1 71 0 76 0.9 85 0.3 94 0.5 
7896 16 1 19 0.6 35 0.5 45 0.9 51 0.9 74 0.5 75 0.5 87 0.5 96 0.7 
8047 56 0 61 0.9 70 0 73 0.6 84 1 93 0.8 
8108 57 0 
8152 85 0.5 
8173 6 0.4 16 0 24 0.8 26 0.6 33 0.7 43 0 48 0.9 53 0 58 0 96 1 
8341 2 0 22 0 23 0 24 0.7 25 0.4 29 0 46 0.6 67 1 77 0.7 84 0.4 
8748 4 0.3 10 0.7 39 0.8 71 0 73 0.8 87 0 91 0 94 0 
8786 10 0.7 13 0.9 35 0.6 47 0 55 0.8 71 0 89 0.3 93 0 95 0.3 
8857 38 1 49 0.5 
8912 9 0 42 0.5 49 0.3 60 0.8 93 0.5 94 0.5 95 0.5 
8934 2 0.9 13 0 15 0.8 25 0 49 1 
9004 16 0.3 
9150 6 0 9 1 43 0.5 44 0.4 46 0.4 82 0.3 88 0.5 97 0.8 98 0.8 99 0.4 
9220 28 0.9 61 0.9 64 0.8 67 0.9 71 1 86 0.9 93 0.3 
9238 13 0.4 39 0 41 0.8 44 0 66 1 72 0.4 73 0.5 77 0.3 99 0.7 
9508 27 0 49 0.4 96 0 99 0.7 
9758 3 0.8 6 0.4 7 0.5 30 0 37 0 44 0 49 0.5 51 0.9 76 0 
9952 6 0.7 19 0.6 28 0.8 30 1 43 0 61 1 79 0 
