100
24 86 0.9 88 0.5 
95 33 0.7 45 0.5 52 0.9 66 0 83 0.4 90 0.5 
187 52 0.8 61 0.6 76 0.3 98 0 
319 30 0.7 33 0 
393 14 0 53 0 57 0.9 60 0.8 72 0 84 0.5 97 0 
428 27 0 44 0.4 46 0 54 0.3 85 0.7 
523 25 0.4 60 0.8 
713 2 0 8 0.6 36 0.6 54 0.8 88 0.4 
724 63 0.8 69 0.4 87 0.9 
1025 44 0.5 72 0 86 0.6 92 0.8 
1033 21 0.5 44 0.9 50 0 86 0.5 
1072 19 0.7 26 0 42 1 51 0.8 68 0.4 71 0.3 72 0 79 0 
1191 25 0.5 
1312 2 0.4 39 0.8 71 0.8 81 0 86 0.5 89 0.4 
1452 2 0.9 5 0.9 19 1 25 0 32 0.5 61 0.3 64 0 82 0 
1487 2 0.8 5 0 14 0 36 0.6 50 0.7 55 0.5 57 0.5 74 0.6 82 0.7 97 0.6 
1845 20 0.3 42 0.6 72 0 89 0.8 
1856 20 0.9 47 0.5 
2097 11 0.7 
2101 8 0.3 25 0.7 32 0 36 0.9 58 0.8 60 0.4 77 0 96 0.5 
2127 28 0.5 31 0.6 33 0.9 36 0.8 40 0.6 53 0.7 54 0 72 0 86 0.9 
2133 3 0 20 0.9 46 0.8 50 0.8 53 0.3 66 0.5 76 0 78 0.6 90 0.7 
2174 26 0.6 31 0 46 0.6 63 0.7 86 0.7 
2210 3 0.4 43 0.5 88 0.9 
2251 17 0.8 
2488 50 0 55 0 87 0 
2506 18 0.3 26 0.3 52 0.4 66 0.3 77 0.7 90 0.6 93 0.9 
2521 4 0.3 40 0 48 0.6 61 1 66 0.6 76 0 86 0.7 91 0.7 
2537 2 0 3 0.5 4 0.9 15 0.8 21 0.6 24 0.3 57 0.7 67 0.6 71 0.4 
2707 82 0 
2757 2 0.3 3 0.4 22 0.5 49 0.3 75 0.4 
2902 1 1 17 0.9 18 0.8 24 0.6 27 0.4 50 0.3 57 0.6 79 0.8 
3061 32 0 48 1 56 0 60 1 87 0.8 91 0.4 94 0.4 
3098 13 0.7 56 0.8 62 0.5 89 0 90 0.9 91 0 
3179 45 0 
3264 13 0.5 15 0.8 26 0.7 31 0 42 0.6 66 0.3 77 0 83 0.6 
3324 15 0.4 35 1 40 0.9 41 0.9 42 1 49 0.7 53 0.6 60 0 98 1 99 0 
3404 4 0.9 8 0.3 20 0.3 46 0 54 0.4 63 0.8 81 0.5 83 0.9 84 0 
3516 12 0.3 13 0.8 21 0 42 0 59 0.8 60 0.5 68 0 69 0.6 79 0.5 98 0.7 
4130 7 1 18 0 20 0.6 23 0.7 27 1 29 0.3 38 0 74 0.5 95 0.4 
4194 16 0 
4336 6 0.5 28 0.3 31 0.7 54 0.5 64 0.4 67 0.3 89 0 92 0 
4347 4 0 19 0 21 0.9 27 0 40 0 44 0.4 53 0.3 77 1 85 0 
4461 0 0.7 5 0 25 1 85 0.6 87 0 91 0.5 
4528 13 0 22 0.4 36 0 43 0 44 0.5 51 0 52 0 65 0 97 0.3 98 0.4 
4714 7 0.4 25 0.6 31 0 37 0.9 38 0 42 0.4 46 0.6 50 1 81 0 92 0 
4805 30 0.4 33 0 51 0.5 57 0 86 0.5 
4826 7 1 10 0.4 31 1 33 0 48 0.7 51 0.4 63 0.9 70 0.9 
4967 5 0 17 0.4 31 0.4 35 0.8 39 0.5 42 0.5 51 0.3 
5060 11 0.9 13 0.3 18 0.6 59 0.5 60 0.9 
5108 8 0.5 49 0.4 65 0.6 69 0.7 70 0.5 71 1 89 0.6 94 0 96 0 
5343 18 0 22 0 25 0.4 34 0.9 57 0.9 
5532 1 0.4 2 0.3 11 0 62 0.9 91 0.9 93 0 99 0 
5677 75 0.7 
5760 14 0.4 30 0.8 56 0 63 0.8 
5811 5 1 19 0.4 36 0.7 59 1 60 0.9 64 0.7 89 0 95 0.7 
5833 16 0.5 25 0.8 67 1 72 0 96 0.5 
5865 22 0.4 30 0.3 32 0 41 0 46 0.7 86 0.3 87 0 91 1 92 0.7 
5898 9 0 35 0.9 44 0.9 47 0.3 64 0 65 1 
5976 15 0.6 69 0.5 72 0 75 1 86 0.8 
5982 65 0.6 
6030 45 0.6 
6056 6 0 37 0.9 40 0.4 47 0.3 61 0.6 97 0 99 0.5 
6135 20 1 50 0 69 0 80 0.3 81 1 91 0.7 92 0.8 94 0.3 96 1 
6176 13 0 34 0 68 0.3 81 0.7 84 0.7 
6312 19 0 22 0.8 27 0.3 29 0.5 38 0.5 69 0.5 
6369 54 0.7 
6560 9 1 62 0 97 1 
6665 1 0.5 51 0 54 0.5 60 0.5 
7020 8 0.7 13 1 23 0.9 47 0.9 53 0.4 58 0.8 64 0 
7078 58 0.6 
7102 0 0.8 9 0.9 48 1 56 0 82 0 92 0.6 94 0.3 
7443 8 0.7 27 0 65 0.5 
7645 2 0 4 0.6 9 0.8 17 0.5 19 0.7 44 0.4 88 0.8 
7706 12 0 16 0.3 27 0.7 69 0.6 71 0 
8071 42 0 44 0.6 65 0 
8180 24 0.5 38 1 75 0 
8185 44 0.7 47 0.9 56 0.3 98 0.9 
8220 0 0 45 1 66 0.4 
8348 0 0 8 0.3 15 0.5 22 0.9 33 0.6 63 0.7 77 0.9 83 0.9 97 0 
8374 66 0 85 0.5 93 1 
8397 5 0.4 24 0 26 0.6 32 0 42 0.8 47 0 61 0 88 0 
8429 8 0.8 20 1 62 0.3 96 0.3 
8600 74 0 82 0 93 0.8 94 0.5 
8964 42 1 83 0.7 
9071 6 0 15 0 25 0 36 0 
9247 29 0 82 0.9 98 0.3 
9266 0 0 12 0 28 0.5 35 0.7 38 0.7 48 0.6 60 0.6 61 0.8 80 0 98 0 
9292 11 0.3 12 0.3 18 1 22 0.4 38 0.8 57 0.4 80 1 86 0 90 0.5 
9410 16 0.6 17 0.6 26 0.8 43 0.9 75 0.8 95 0.7 96 1 
9411 0 0 1 0 19 0.8 27 0.7 44 0.7 89 0.6 96 0.9 97 0.9 
9427 11 0 29 0.4 47 0 51 0.8 57 0.8 79 0.5 94 0.3 
9542 3 0.7 5 1 20 0.9 27 0.7 45 0.4 58 0.6 87 0.3 95 0.6 
9559 5 0.5 12 0 30 0.4 59 0.3 67 1 80 0 
9585 6 0.9 32 0.6 95 0 
9678 16 0 23 0.3 50 0.7 61 0 
9751 13 1 23 0 29 0.6 41 0.9 44 0 49 0.6 93 0.4 96 0.3 
9764 67 0 
9908 61 0.4 
9927 47 0.9 
