100
6 64 0.3 67 0.7 81 0.9 
83 5 0.9 8 0 13 0 21 0.7 37 0 42 0 55 0 60 0.3 85 0.7 
117 1 0 19 0 47 0.6 70 0.9 77 0 83 0 88 0.7 96 0.4 97 0.6 
120 3 0 5 1 35 0.8 37 0.3 
138 9 0.5 31 0.5 70 0 94 0.7 
151 15 1 95 0 
164 7 0 52 0.3 59 0.5 
467 16 0.7 21 0 23 0.4 25 0 32 0.8 34 0.6 41 0.6 59 1 63 0 72 0.8 
517 2 0 6 0.4 18 0.3 19 0 34 0.5 46 0.4 77 0.6 86 0 98 0.5 99 0.4 
532 4 0.7 74 0.4 85 0.7 
591 4 0.7 24 0 66 0.8 78 0.3 
610 1 1 5 0 20 0.6 22 0.4 52 0.7 
625 10 0.7 14 0.7 23 0.4 24 0.9 25 0 26 1 33 0 48 0 68 0.8 
674 91 0.5 
677 26 0.5 32 0 38 0.4 42 0.7 74 0 77 0.7 
698 2 0.9 5 1 29 0.6 38 0.4 90 0 
792 99 0.9 
858 10 0.9 21 0.7 37 0.7 40 0 54 0.9 57 0 71 0 
867 9 0.5 17 0.5 33 0.5 40 0 51 1 68 0.7 78 0.9 79 0.6 86 0.3 
873 26 0.9 49 0 50 0.3 51 0.7 67 0 74 0.6 86 0.4 
908 26 1 46 1 68 0.4 
947 2 0 17 0.6 40 0.5 44 0.7 66 0.3 69 1 70 0.7 74 0 79 0.9 
1027 0 0.7 6 0.3 
1043 1 0.7 15 1 39 0.6 58 0.8 
1537 13 0 21 0 26 0.4 34 0.5 38 0 75 0.8 82 0.9 83 0.9 87 0 94 0.7 
1595 69 0 80 0 
1638 72 0 
1694 9 0.3 17 0.6 24 0.8 26 0.4 56 0.3 63 0 67 0.9 75 0 90 0 
1707 15 0.3 32 0.8 40 0 41 0.3 44 0 68 0.9 74 0.5 89 0.8 99 0.5 
1843 6 0.8 10 0.5 12 0.9 19 0.4 31 0.8 44 0.5 46 0.6 48 0.9 74 0.7 93 0 
1902 39 0 40 0.8 62 0 91 0.8 99 0.7 
2122 97 0.4 
2152 3 0.5 72 0 
2183 2 0.5 10 1 15 0.3 25 0.6 32 1 47 0 55 0.6 58 0.9 63 0.7 74 0.4 
2195 24 0 25 0.8 35 0.4 67 0 87 0.4 
2206 17 0.8 37 0.5 87 1 
2318 3 0.5 25 0.6 26 0.9 38 0 44 0 51 0.4 73 1 79 0.9 90 0.4 
2404 4 0 43 0.9 98 0.4 
2484 0 0 6 0 15 1 22 0.8 30 0 45 0.4 48 0 54 0.4 67 0.3 85 0.3 
2550 43 0.9 
2566 43 0.5 64 0.7 79 0.4 
2670 10 0.6 76 1 77 0 
2701 10 0.9 18 0.7 24 0.7 27 0.5 67 0 85 1 
2801 7 0.5 12 0.4 58 0 64 0.3 74 1 81 0 
2995 36 0.3 49 0.7 51 1 58 0.4 63 0.7 70 0.7 72 1 
3096 30 0.7 38 0.4 69 0.4 72 0.8 83 0 84 0 
3394 9 0.5 27 0.8 35 0.3 47 0.3 63 0.4 66 0 69 0 72 1 
3405 8 0.3 15 1 42 0.4 48 0.9 71 0.7 91 0.9 93 0 95 0.5 
3716 5 1 9 0.6 20 0 70 0.4 72 0.4 98 0.4 
3725 28 0.6 29 0.6 30 0.4 34 1 38 0.6 41 0.4 49 0.9 67 0.9 94 1 
3831 21 0.5 97 0.9 
3863 25 1 45 0.3 
3980 4 0.4 21 0.5 28 0 36 0.6 40 0.8 49 0.3 52 0.8 67 0.5 87 0.4 
4034 27 0.6 98 0.8 
4039 2 0 5 0.4 6 0 11 1 22 0.3 50 0.6 66 0 77 0.8 91 0 
4397 33 0 47 1 56 0.7 
4403 20 1 68 0.6 72 0.7 75 0.6 77 0.8 90 0.5 
4521 11 0.9 
4614 9 0.5 13 0.8 25 0.9 33 0 36 0.9 43 0.7 46 0.4 53 0.6 57 0 58 0 
4646 21 0.6 31 0.7 68 0.5 76 0.6 92 0 93 0.5 95 0.8 99 1 
4835 2 0 8 0.6 29 0.7 53 0.4 60 0.9 61 0.5 74 0.9 
4866 7 0.4 19 0.5 43 0.9 60 0 71 1 93 0.3 
5377 20 0.6 
5383 9 0.6 13 1 14 0 32 0.4 
5445 23 0.5 26 0 47 0.6 61 0.3 64 0.3 75 0.4 
5613 52 0.8 
5752 4 0.6 18 0.9 19 0 36 0.3 46 0.9 48 0.8 71 1 72 1 75 0.9 81 0.4 
5819 7 0 98 0.8 
5943 4 0 20 0.7 23 0.6 29 0 34 0.6 62 0.7 82 0.3 
6250 11 0.6 23 0.7 42 0.4 61 0.4 75 0.3 83 0.7 89 0.3 91 0.9 97 0.3 
6369 54 0.5 
6596 3 0.9 4 0.4 34 0.8 43 0.9 66 0.8 70 1 71 0 
6611 11 0 13 0.3 25 0 33 0.4 47 0.7 58 0.4 67 0.5 73 0.8 96 0 97 0.4 
6785 4 1 6 0.4 12 0 18 0.9 39 1 71 0.7 73 0 
6796 4 0.4 33 0 70 0 
7075 5 0 15 0.6 20 0 34 0.3 40 0.5 41 0.7 62 0.9 63 0.9 65 1 85 0.6 
7975 9 0.9 13 0.8 62 1 78 0 
8008 36 0.4 71 0 
8036 1 0.6 3 0 5 0 7 0.7 17 0.5 41 1 
8245 25 0.5 29 1 35 0 36 0.4 44 0 49 0 63 0.4 71 0 74 0.6 85 0.5 
8261 23 0 56 0 68 0.8 74 0.5 83 0.7 
8380 10 0.3 
8382 1 0.4 75 0.9 85 0.8 95 0.3 
8454 13 0.8 30 0.9 42 0.5 66 0.4 
8667 4 0.8 49 0.6 55 0.3 65 0.3 83 0.4 
8707 51 0 
8839 30 0 37 0.7 
8896 25 0.5 60 0.5 
8912 9 1 42 0.4 49 0 60 0.3 93 0 94 0.5 95 0 
9179 3 0.9 4 0.3 37 0 61 0.6 86 0.6 
9218 8 0.4 9 0.3 33 0.7 40 0 47 0 49 0.8 86 0.5 96 0 98 0.9 
9325 10 0.3 27 0 77 0.3 
9355 8 0.8 15 0.3 19 0 32 0 67 1 68 0 72 0.8 74 1 79 0 91 1 
9479 59 0.3 
9490 42 0.6 46 0 78 0.5 85 0.3 
9540 5 0.3 18 0.5 28 0 63 1 76 0.3 90 0.3 
9560 14 0.9 69 0.9 79 0 
9617 7 0.4 16 0.8 22 0.4 42 0.9 53 0 55 0 73 0 87 0.5 
9661 40 0.8 62 0 83 0 90 0 94 1 
9868 27 1 33 0.3 49 0.7 51 0.3 73 0.5 82 0.8 87 0 98 1 
