100
16 16 0 23 0.5 34 0.4 66 0.6 76 0 91 0.6 92 0.9 
29 33 0.3 48 0.5 
256 6 0 8 0.8 43 1 45 1 69 0.9 71 0 78 0.5 85 0 
294 21 0.6 43 1 49 0.8 
316 22 0.9 37 0.4 39 0.9 48 0 77 0 
350 0 1 11 0.7 14 0.9 23 0 57 0.7 88 0.7 
571 16 0 32 0.8 33 0.9 69 0.6 
737 36 0.4 43 0.6 46 0.7 59 0 69 1 90 0 
803 17 0.5 24 0.4 30 0.9 31 0.3 37 1 96 0.9 
809 21 0 22 0.5 28 1 39 0.8 56 0 61 0.5 67 0.5 85 0.4 96 0.7 
813 15 0.3 
1121 0 0 21 0 70 0.8 74 0.8 
1217 12 0.4 24 0 63 0.9 
1229 20 0.4 30 0 40 0.8 43 0.7 45 0.6 61 1 84 0.7 90 0 
1313 3 0 6 0.5 57 0.5 60 0.5 71 0.7 72 0.6 80 0.7 90 1 99 0 
1322 36 0 37 0.6 41 0.3 49 0.5 56 0.5 58 0.9 60 0 
1323 0 0.6 20 0.6 52 0 83 0 94 0 
1419 12 0 
1441 6 0.6 28 0.8 45 0 65 0 66 0.4 73 0.4 87 0.9 
1593 22 0.3 33 0 35 0.5 47 0.8 54 0.4 63 0.6 78 0 
1619 13 1 20 0.3 22 1 23 0.9 57 0.8 72 0.6 77 1 93 0 95 0 
1669 9 0.7 10 0.8 60 0 
1676 10 0.9 38 0 46 0 47 0.7 48 0.9 87 1 98 0.8 
2023 8 1 19 0.8 37 0.3 42 0.3 44 0 48 0.7 60 0.6 64 0 65 0 79 1 
2091 4 0.3 18 0 45 0 50 0.3 55 0 59 0.9 
2196 77 0.7 
2292 29 0 53 1 78 0.5 90 0 92 0.8 93 0.8 95 0 
2359 5 0.8 46 0.4 85 1 88 0.7 96 0.5 
2402 0 0.8 14 0.8 20 0 30 0.9 39 0.4 75 0 92 0.6 99 0 
2732 4 0.8 57 0 
2740 1 0.8 38 0.5 56 0 94 0 
2742 0 0 5 0.3 24 0.7 75 0.3 
2857 84 0.7 96 1 
2872 20 0 26 0.3 75 0.5 95 1 
3007 13 0.8 35 0.5 45 0 50 0.8 72 0 
3078 5 0.5 63 0.9 
3092 14 0.6 18 0 28 0.8 38 0.7 43 0.3 62 0.8 73 0.4 
3357 11 1 38 0 47 0.7 73 0.4 90 0.6 
3419 17 0 50 0 68 0 
3451 75 0 
3468 1 0.4 70 0.5 73 1 
3480 5 0 
3485 29 0.7 33 0.8 39 0.4 62 0 71 0 72 0.5 81 0.9 99 0.8 
3518 4 0 26 0.9 80 0.7 
3606 3 0.7 6 0.9 12 0 15 0.5 20 0.8 39 0 52 0.6 64 0 66 1 
3667 32 0.7 97 0.3 
3720 11 0.9 20 0.4 30 0 95 0.7 
4096 13 0 14 0.9 16 1 91 0.7 
4133 4 0.7 20 0 40 0 51 0 60 1 78 0.5 94 0.6 
4144 23 0.9 24 0 85 0.7 
4261 0 0.6 11 0.4 22 1 38 1 74 0 77 0.9 
4328 6 0.7 26 0 80 0.8 86 0.6 
4478 9 0.5 23 0 38 0.9 40 0.4 50 0.5 53 0.4 62 0.7 64 0.8 86 0.6 
4558 13 0 16 0.8 24 0 39 0.5 47 0 61 0.5 71 1 97 0 98 0.3 
4575 10 0.3 21 0 29 0 41 0.4 65 0.9 85 0.5 
4660 12 0.9 59 0.6 78 0 94 0.7 
4753 6 0 8 0.7 57 0 
4770 42 0.5 
4911 49 0.7 75 0.8 84 0.6 
5218 16 0 28 0.5 46 0 48 0.3 51 0.3 64 0.3 70 0.5 81 0 
5435 34 1 48 0 49 0.9 54 1 
5477 33 0 71 0.3 80 0.6 82 1 
5499 28 0.4 48 1 64 0.5 94 0.7 
5523 18 0.7 21 0.3 25 1 35 0 49 0.5 60 0.9 72 0 96 0.4 
5675 24 0.6 27 0.7 71 0 78 0 
5877 97 0.3 
5975 4 0.9 17 0 28 0 61 0.6 84 1 
6014 52 0.6 76 1 
6065 18 0 25 0 26 0.3 62 0 72 0.8 80 0.6 86 0.7 97 0.5 
6379 44 0 65 0.9 89 1 
6440 22 0.8 36 0.6 70 0 83 0.5 
6601 7 0.4 10 0.3 14 0.5 42 0.9 44 0.4 83 0.6 97 0.9 
7035 30 0.9 41 0.4 42 0.5 50 0.4 61 0.9 67 0 70 0.7 76 0.4 79 0.6 96 0.6 
7285 0 0.9 13 0.5 22 0.9 68 0.7 79 1 
7301 27 1 54 0 57 0.4 65 1 74 0 84 0 92 0.8 95 1 
7466 40 0.8 
7475 0 0.6 2 0 20 0.8 28 0.3 42 0 50 0.8 54 1 
7518 24 0.9 45 0 52 0.5 60 0.5 70 0.7 
7519 2 0.9 3 0.7 25 0.9 29 0.7 54 0.7 
7891 29 0.4 46 0 49 0.4 68 0.4 97 0 
7979 29 0.8 33 0 52 1 80 1 
7996 0 0 48 0.6 56 0 59 0 79 0.7 82 0.6 
8042 17 0 20 0.4 47 0.4 52 0.4 62 0 69 0.8 72 0.7 89 0.4 
8160 24 0.6 39 0 83 0 84 0.8 86 0 
8211 11 1 12 0.5 26 0.3 27 1 41 0 70 1 75 0.4 92 1 
8289 45 0 
8296 5 0.5 10 0.4 15 0.5 33 0 43 0.5 87 0.3 94 0.3 96 1 98 0.6 
8392 60 0.5 
8438 14 0 53 0.7 81 1 82 0.5 97 1 
8507 25 0 29 0 
8677 6 0 37 0.6 61 0.6 65 0 70 0.9 71 0.4 
8806 99 0.9 
8908 35 0.3 40 0.6 47 0.3 66 0.7 82 0.3 97 0.7 
9153 7 0.9 28 0.6 44 0.7 45 0 47 0.7 73 0.3 81 0.8 82 0.8 95 0.5 
9300 6 0.5 14 0.8 29 1 33 0.5 43 0 49 1 63 0.9 67 0.6 
9657 42 0 74 1 81 1 93 0.5 
9675 2 0.5 20 0.8 39 0 42 0.7 72 0.5 76 0.6 96 0.6 
9841 3 0.3 43 0 48 1 58 0.7 64 1 76 0.5 79 0.7 83 0.8 91 0 
9853 16 0.6 18 0.7 56 0 
9954 27 0.4 
