100
196 31 0 61 1 64 0 82 0 90 0 97 0 
235 3 0 14 0 22 0.8 26 0 51 0.4 53 0.7 62 0.6 63 0.4 73 0.8 78 0 
243 13 1 30 0 31 0.7 46 0.4 51 0.9 82 0.7 84 0 87 0.3 
305 62 0 
433 15 0.3 59 0.8 
455 0 0.3 6 0.9 41 1 53 0.8 73 0.6 79 0.7 80 0.5 
584 0 0 5 0 15 0.4 49 0 93 0.4 
592 1 0 5 0.8 19 0 21 0.7 68 0.5 88 0.6 90 0.4 
634 16 0.4 25 0 29 0.5 31 0.6 37 0.4 44 0 51 0.4 
674 91 0 
972 8 0.8 12 0 24 0.4 37 0 47 0.4 48 0 61 0.5 83 0.4 84 0.9 85 0.4 
1046 2 0 37 1 69 0.9 90 0.4 99 0.3 
1086 10 0.9 21 0.9 24 0.4 31 0.5 34 0.3 38 0.9 41 0.6 57 0.3 71 0.4 79 0.4 
1097 16 0.7 43 0.3 70 0 73 0.5 95 0.8 
1447 20 0 25 0 45 0.3 49 0.3 76 1 83 0.3 94 0.5 95 1 96 0.3 
1456 2 0.6 31 0.6 37 0.9 
1460 15 0.6 23 0 63 0 64 0.9 65 0 77 0.7 79 0.5 86 1 90 0 
1486 57 0.3 
1509 9 0.6 13 0.4 57 0 60 0.7 77 0.9 
1510 71 0.4 
1533 5 0.4 28 1 92 0 95 0.4 
1559 3 0.6 18 0.4 55 0 64 0.9 65 0.4 69 0.4 75 0.5 92 1 93 0.6 94 0.9 
1586 12 0.6 15 0 18 0.6 24 0.9 50 0.6 87 0.7 88 1 
1660 8 0.6 11 0.6 23 0.8 25 0.4 40 0 50 0.9 57 0 58 0.9 60 0.7 84 0.8 
1698 5 0.3 8 1 14 0 52 0.4 67 1 86 0.3 
1727 14 0.7 50 0.7 52 0 62 0.3 65 0.4 73 0.6 77 0.5 97 0.9 
1900 6 0 15 0 29 0.7 37 0 47 0.8 62 0 72 0.8 76 0.7 79 0.4 89 0 
2001 5 0.9 11 0.8 35 0 
2016 7 0.7 36 0 37 0.3 65 0.7 84 0.6 86 1 94 0.4 96 1 97 0.8 
2120 7 0 42 0 60 0 79 0.6 
2251 17 0.7 
2312 6 0.7 11 0.8 19 0.5 31 0.7 95 0 
2323 31 0.4 36 0.6 45 0.8 69 0 
2428 0 0 1 0.6 14 0.5 19 0.8 36 0 49 0.3 61 0.4 68 0.7 94 0.5 97 0.9 
2444 5 0.8 10 0.7 66 0 75 0 77 0 83 0.8 88 0 92 0.9 
2566 43 0.4 64 1 79 0.8 
2569 0 1 5 0.3 11 0.8 40 0.6 62 0.7 68 0.6 69 0.4 95 0.9 
2649 0 0.8 5 0.3 37 0.5 49 0 57 0 69 0 
2650 6 0 29 0.4 46 0.7 74 0.8 89 0.6 
2801 7 0.6 12 0.8 58 0.8 64 0.9 74 1 81 0.3 
2826 8 0.3 12 0 29 0 31 1 74 0.6 99 1 
3028 73 0.9 85 0.9 
3136 7 0 8 0.3 17 0 19 1 52 0.8 57 0.5 60 0.7 72 0.4 77 0 79 0.8 
3240 9 0.4 52 0.8 60 0.8 92 0.7 
3412 41 0 73 0.7 79 0.6 
3464 57 0 
3477 12 0.4 21 0.7 29 0.3 55 0.7 69 0.9 71 0 75 0.8 
3587 23 0.3 38 0.9 41 0 49 0.7 
3610 94 0.8 
3715 3 0 11 0.9 12 0.3 31 0.5 69 0.5 76 0 90 0.6 91 0 
3997 20 0.6 21 0.9 22 0.5 51 0.5 55 0.5 57 0.7 71 0.9 
4045 37 0.5 62 0.8 66 0.7 71 0.8 80 1 82 0 95 0.8 
4101 15 0 23 0.6 33 0.9 40 0.7 61 0.8 67 0 69 0.3 74 0.5 84 0 93 0.3 
4387 4 0.7 23 1 36 0 38 0.5 45 1 
4461 0 1 5 0 25 0.8 85 0.8 87 0.5 91 0.7 
4473 2 0 28 0 
4587 9 0 19 0.9 20 0.8 34 0 52 0.6 
4606 26 0.3 89 0 93 0.8 
4863 50 0.6 56 0.5 
4963 64 0 
5053 21 0 54 0 87 1 92 0.6 
5169 23 0.4 32 0.3 43 0.3 52 0.8 67 0.4 97 0.9 99 0.7 
5171 35 0 
5365 7 0 28 0.4 30 0.3 31 0.8 59 1 77 1 92 0.4 93 0.4 96 0 
5562 9 0.5 15 1 46 0 47 0 
5626 3 0.9 11 0.5 26 1 35 0.5 39 0.7 61 0.7 71 0.5 87 0 92 0.8 
5677 75 0.8 
5770 5 0.6 9 0 15 0.5 20 0 26 1 67 0.3 84 1 
5877 97 0.6 
5928 5 0.4 23 0.9 32 0.9 35 0.4 41 0.4 55 0 70 0.4 71 0.4 
5995 4 0 16 0.9 24 0 33 0.9 34 0.9 37 0.3 49 0.6 63 1 67 0.5 70 0.4 
6095 16 0.7 40 0.7 44 0.9 81 0.5 83 0.8 99 0 
6332 9 0.9 26 0.5 45 0 50 0 
6640 7 0.6 
6652 0 0 8 0.9 13 0 28 0.8 37 0.3 68 0 90 1 
6999 52 0.6 54 0 70 0 
7008 63 0.7 85 0.4 
7063 24 0.9 37 0 65 0 69 0 88 1 90 0.6 
7075 5 0 15 0 20 0.5 34 0 40 0.9 41 0 62 0.5 63 0.7 65 0.6 85 1 
7347 41 0 94 1 
7386 2 0.8 60 0 73 0.7 85 0.4 92 0.3 
7427 18 0 21 0 
7562 52 0.7 90 0.5 98 0.3 
7563 2 0 4 0 22 0.7 34 0.3 35 1 76 0.3 84 0 93 0.8 97 0 
7606 10 0.9 13 0.4 19 0 24 0.6 26 0 32 0.7 55 0.3 69 0.5 84 0.3 99 0 
7812 4 0 28 0 55 0.4 84 0.4 
7913 1 0 45 0.8 75 0.4 
8183 89 1 95 0 
8259 21 1 74 0.8 92 0 96 0.3 
8329 11 0 19 0.7 27 0.7 42 0.3 
8603 33 0 69 0.3 
8623 0 0.7 20 0.7 21 0.9 40 0.5 50 0.6 56 0.8 65 0.9 66 0.4 89 0 
8635 12 0.9 14 0 19 0.8 25 0.5 86 0.9 87 0 94 0 
8670 10 0.4 19 0.8 36 0.6 44 0.6 53 0.8 62 0.7 97 1 
8679 3 0 57 1 75 0 81 0.7 86 0.6 
8685 3 0.7 7 1 26 0 42 0.3 68 0.6 76 0.6 90 0 97 0.9 
9022 4 0 15 0.3 32 0 54 1 96 1 
9148 8 0.4 10 0.9 19 0 25 0.4 29 0 31 0.9 42 0.9 43 0.8 75 0 93 0.3 
9273 25 0 83 0.8 
9772 8 0.4 10 0.6 11 0.8 22 0 29 0 38 0 50 0 58 0 72 0.3 95 1 
