100
20 1 0 15 1 22 0.3 30 0 36 0 43 0.3 77 0.3 82 0.6 85 0.8 91 0.3 
138 9 0 31 1 70 0.3 94 0.3 
246 4 0.7 13 0 24 0.4 29 0.5 31 0.8 55 0 59 0 66 1 
269 6 0.5 10 0.8 21 0.6 31 0.5 33 0.9 44 0.8 57 0.3 84 0.4 91 0.4 96 0.5 
291 32 0 38 0.9 40 0.5 90 0.3 
362 2 0.4 22 0 32 0 93 0.5 
551 5 0.6 7 0 11 0 15 1 24 0.3 26 0 29 0.3 55 0.9 64 1 76 1 
605 2 0.3 16 0 27 0 61 0 95 0 97 0.7 
737 36 0 43 0 46 0.7 59 0.4 69 0.5 90 0 
751 24 0.4 25 0 27 1 54 0.3 83 0.7 86 0 93 0.8 97 0.6 
835 5 0.8 96 0.9 
1181 3 0.6 77 1 
1327 18 0.9 22 0.7 33 0 49 0 53 0.7 76 0.6 78 0.5 93 0.5 
1546 15 0.8 22 0.4 29 0 98 0.5 
1554 6 0 19 0.7 27 1 34 0.3 
1598 56 0.5 82 0.3 
1653 13 0.3 17 0.6 33 0.3 45 0 48 1 67 0.9 72 0.8 79 0.8 85 0.7 91 0.6 
1749 27 0.3 41 0 
1753 2 0.7 5 1 33 0.4 38 0 40 0.5 45 0 48 0.8 68 0.3 83 0.7 98 0.6 
1764 4 0.7 
1822 8 0.8 9 0.5 15 0.9 33 0.3 35 0 59 0.7 63 0.7 76 0 94 0.5 
2207 10 0.9 12 0 21 0 36 0.4 44 0.9 49 0.9 57 0 73 0.6 91 0.6 
2291 34 0.7 
2554 0 1 41 0 57 0.3 85 0 
2670 10 1 76 0.4 77 0.6 
2742 0 0.6 5 0.8 24 0.6 75 0.5 
2757 2 0 3 0.8 22 0.4 49 0.6 75 0.6 
2857 84 0.3 96 0.9 
2886 6 0.8 32 0 66 0 
3022 41 0.4 49 0 85 0.8 
3316 0 0 19 0.8 67 1 68 0 82 0.9 
3359 6 0.5 23 1 63 0 77 0 
3517 32 1 38 0.7 44 0 48 0.9 69 1 94 0.8 
3588 37 1 50 0.5 77 0.4 
3605 12 0.6 17 0.4 21 0.6 56 0 79 0 85 0.6 
3668 5 0.6 19 0 27 0 49 0.3 
3746 22 0 41 1 46 0.7 92 0 
3753 1 0.8 17 0.6 25 0.3 28 0.5 34 0 61 0.6 78 0 95 0.7 96 0.5 
3837 25 0.3 46 0.5 60 0.3 74 0 88 0.9 89 0.9 
3872 10 0 
3929 28 1 55 0.5 85 0 
4050 66 0.9 87 0.5 
4141 17 0.3 
4185 7 0.5 24 0.9 38 0.5 46 0.4 54 0.3 70 0.8 90 1 
4188 19 0.6 22 0 26 0 86 1 99 0.7 
4336 6 0 28 0 31 0.4 54 0.8 64 0.3 67 0 89 0.8 92 0.7 
4340 18 0 46 0.8 80 0.8 81 0.3 85 0.5 
4422 1 0 16 0.3 38 0.6 40 0.9 46 0.8 64 0.4 69 0.8 84 0.8 90 1 99 0 
4694 34 0.3 55 0 61 0.9 68 0 
4722 27 0 43 0.7 47 0.7 97 0 99 1 
4778 11 0 42 0.7 53 0 59 0 64 0 82 0.9 88 0.8 97 0 
4890 5 0 29 0.3 46 0.6 55 0.3 
5257 89 0 
5275 16 0.9 19 0.3 26 0 27 0.3 50 0.5 58 0.7 59 0.4 93 0.6 
5332 4 1 24 1 27 0.4 28 0.7 
5448 8 0.4 17 0.5 36 0 39 0 58 0.8 63 0.6 97 0.4 
5515 9 0.3 15 0.5 17 0.9 25 0.8 49 0 74 1 77 0.8 78 0.9 
5681 82 0.4 
5781 8 0.5 19 0.3 36 0 40 0.3 47 0.9 62 0 64 0 66 0.6 82 0.9 
5870 6 0.9 9 0.3 37 0.9 41 1 51 0 
5947 28 0.8 57 0 66 0 74 0 84 0.9 
6035 92 0.6 
6109 3 0.3 
6430 26 0.8 45 0 64 0.4 
6679 9 0.4 20 0.3 58 0.4 70 0.5 
6681 27 0 
6922 10 0 11 0 29 0.9 39 0.8 46 0 60 0.5 71 0.5 75 1 84 0 
6963 6 0 16 0 33 0.8 34 0.9 35 0.4 37 0.9 60 0.5 77 0.9 90 0 
6977 1 0 5 0 52 0 60 0 68 0.3 98 0.6 99 0.3 
6986 0 0.5 1 0.3 29 0.6 45 1 48 0.9 61 0.5 92 0.3 99 0.8 
7005 17 0.9 21 0 25 0.6 46 0.9 95 0.6 96 0.4 
7107 21 0.6 
7272 19 0.8 20 0.8 30 0 36 0 38 1 75 0.4 91 0.3 94 0 
7555 17 0.4 26 0.4 31 0 59 0 80 0.3 92 0.5 95 0.3 
7607 46 0.3 59 0.5 65 0.9 96 0.4 
7757 2 0 5 0.9 10 0 25 0.9 73 0.3 
7768 5 1 12 0 14 0.6 30 0 33 0 35 0.4 48 0 63 0 79 0 91 0.4 
7785 24 0.7 37 0.9 40 0.9 83 0.3 
7821 11 0.8 13 0.9 27 0.5 34 0.3 35 0.8 45 0 50 0 54 0 86 0 
7823 4 0.4 23 0.8 28 0.8 31 0.9 35 0.7 
7898 35 0 53 0 59 0.3 66 0.3 72 0.4 79 0.3 87 1 89 0.8 96 0.5 98 0.9 
7966 1 0 27 0.8 47 0 53 0.8 57 0.8 63 0 67 0.6 72 1 83 0.3 87 0.6 
8059 6 0 16 0.9 26 0 29 0 39 0.6 41 0.7 46 0.4 59 0 85 1 
8137 7 0 9 0.3 14 1 18 0.7 20 0.6 27 1 72 0 85 0.8 87 0 
8179 7 0.9 57 0.4 82 0.3 85 1 90 0.9 
8326 46 0 58 1 
8368 14 0 31 0.7 32 0.8 54 0.4 56 1 68 0.5 69 0.9 88 0.3 95 0.6 
8413 19 0.6 64 0 70 0.9 78 0.6 
8420 4 0.3 69 0.5 
8495 3 0.3 
8888 3 0.3 10 1 35 0.7 40 0 45 0 56 0.3 58 0.7 64 0.5 83 0.5 
8904 2 0.3 19 1 23 0.7 50 0.5 58 0 76 0.7 84 0 87 0.4 
9049 11 0.7 40 1 50 0.9 63 0 67 0.6 70 1 93 0 
9197 4 0.3 13 0 36 0.4 46 0.8 53 0 66 0.9 67 0.5 83 0 84 0.6 93 0.8 
9209 64 0 83 0 
9268 5 0.8 54 0.9 80 0.7 99 0 
9361 37 0.4 49 0.8 88 0 
9713 18 0.9 49 0.3 79 0 
9735 10 0.6 24 0.4 33 0.6 62 0 68 0.9 80 0 87 0.3 
9963 26 0.5 76 0.8 88 0.5 
