100
74 19 1 45 0.9 52 0.5 56 0.8 85 0.9 
79 11 0 33 0.6 36 0.7 41 0.6 50 0 81 0.8 86 0.8 
174 15 0.8 20 0.9 52 0 54 0.5 55 1 64 0 72 0.5 81 0.6 91 0 94 0.6 
288 34 0.4 35 1 38 0.5 58 0.6 67 0 71 0.6 
462 4 0 11 0.3 28 0.9 35 0.9 47 0.9 63 0 87 0.6 
466 0 0.9 23 0.7 31 1 32 0.6 34 0.4 44 1 58 0 68 0.5 73 0 94 0 
480 13 1 26 0 33 0 62 0.3 88 0 94 0 
528 4 0.6 41 0 
558 1 0.5 19 0.4 28 0.5 30 0.3 32 0.3 36 1 40 0 95 0.5 
618 1 0.7 10 0.4 47 0.7 
630 11 0.4 21 0.5 29 0 40 0 52 0.8 82 1 86 0.3 95 0.3 
656 7 0.9 54 0.5 66 0 70 0 71 0.6 91 0.7 
760 44 0.9 63 0.4 
781 9 0.8 61 0.7 63 0.6 77 0.4 81 0.7 86 0 89 0.9 96 0 99 0.6 
919 7 0 14 0.3 22 0.3 25 0.5 26 0.9 35 0.5 46 0.6 48 0.6 67 0 94 0 
953 27 0.3 52 0 53 0 55 0 57 0.3 59 0 87 0.4 
955 29 0 38 0.9 74 0.6 
1274 11 0 37 0 49 0.9 59 0.7 69 0.5 84 0.4 93 0 
1283 0 0.6 6 0 52 0 55 0.5 63 0 96 0.9 
1426 0 0.4 9 0.7 23 0.9 28 0.4 38 0.6 46 0.3 47 0.5 51 0.7 55 0.8 61 0.3 
1443 19 0.6 31 1 37 0.9 47 0 68 0.5 
1500 0 0.8 23 0.7 26 0 42 0 58 1 66 0.7 68 0.7 77 0.9 79 0.3 
1510 71 0.5 
1621 8 0.6 87 0.7 
1852 3 0.9 6 0 7 0.5 42 0 86 0.6 
1926 13 0 38 0.8 40 0.5 53 0.4 82 0.9 95 0.5 
1994 95 1 
2014 8 0 10 1 27 0.6 32 0 41 0.3 49 0 64 0.3 82 0 89 0 95 0 
2017 4 0.7 15 1 26 0 27 0.4 32 0 35 0 48 0.6 
2047 8 0.6 31 0.3 44 0.5 55 0.3 77 0.5 
2066 39 0 
2182 7 0.8 13 0.3 19 1 27 1 34 0.7 78 0.5 83 1 90 0.5 
2184 11 0.7 28 0.5 80 0.8 
2384 49 0 52 0.3 80 0.7 
2391 7 0 
2401 2 0.8 41 0.6 57 0.9 81 1 83 0.8 
2415 4 0 6 0 14 0.5 19 0.7 20 1 79 0 80 1 98 0.5 
2565 4 0.7 34 0 49 0.3 50 0.6 66 0.3 73 0.5 78 0.9 94 0 96 0.3 97 0.3 
2626 8 0.3 13 0.5 19 0 22 0.3 25 1 32 1 85 0.3 94 0.7 
2665 3 0.6 6 0.7 39 1 53 0.6 97 0.8 
2815 13 0.5 17 0.9 69 0.9 98 0.8 
3163 11 1 58 0 81 0 
3225 27 0.5 28 0 
3233 11 0 14 0.6 15 0.4 28 0.5 66 0.5 69 0 71 0.5 78 0.7 81 0 
3385 14 0.8 16 0.6 41 0 42 0 44 0.5 50 0.4 65 0.6 91 1 
3444 36 0.9 40 0.6 55 0.4 73 0 77 0 80 1 96 0.5 
3753 1 1 17 0.8 25 0.8 28 0.9 34 0.8 61 0.4 78 0.5 95 0 96 0.6 
4019 55 0.5 68 1 71 0.4 95 0.9 
4036 9 1 23 0 25 0 41 0.9 50 0 68 0.6 83 0 84 0.4 94 0.9 95 1 
4074 13 0.5 30 0 33 0.8 39 0 
4126 4 0.4 11 0 38 0.9 40 0.8 45 0.6 59 0.6 76 1 
4246 7 0.5 12 0.3 63 0 80 0 87 1 88 0.7 96 0.5 
4344 21 0 57 0 
4409 5 0.4 14 0.4 25 0.9 29 0.3 78 0 
4733 37 0.8 39 0.6 87 0 
4940 3 0.5 17 0 19 0.9 43 1 92 0.3 
5100 11 0.3 21 0 35 0.7 48 0.5 75 0.5 
5143 10 0 22 0.7 30 0.6 34 0.8 72 0.5 87 0.6 
5227 91 1 
5444 13 0 35 0.3 41 0.7 47 1 66 0 82 0.3 
5550 22 0.5 50 0.5 52 0.5 
5620 10 0 46 0.7 55 0.7 91 0 
5805 24 0.4 41 0 43 0 62 0.6 66 0.7 
5817 37 0 44 0.3 47 0.4 48 1 49 0.6 62 0.6 69 0.8 73 0.4 78 0.8 85 0.7 
5849 0 0.7 12 0.4 19 0.4 41 0 43 0.7 74 0.9 91 0.8 
6101 62 1 77 0.8 
6351 39 0 44 0 46 0 54 0.9 75 1 78 0 80 0.8 83 0.6 96 0 
6468 19 0.7 29 0.8 51 0.3 54 0.5 59 0.3 71 0.4 79 0.4 
6598 10 0 29 0 30 0 39 0.4 41 0 51 1 56 0.3 61 0.9 
6775 12 1 50 0.5 65 0.8 92 0.4 
6807 6 0.6 7 0 22 1 32 0.3 75 0.4 
6809 19 0.4 72 0.6 91 0.4 
6867 43 0.7 83 0 
6930 11 0.4 16 0.4 82 0.5 83 0.9 99 0.9 
7096 10 1 26 0.3 38 0.4 44 0.4 49 0.9 54 0.8 90 0.8 91 0 
7156 18 0.4 38 0.7 55 0.6 91 0 
7194 18 0 20 1 24 0.7 48 0.6 50 0 55 0.5 58 1 78 0.6 97 0.9 99 0 
7413 43 0 75 0 
7509 2 0.8 12 1 39 0 43 0.8 78 1 
7543 79 0.8 
7589 16 1 34 0.4 38 1 45 0.5 68 0 98 0.6 
7649 12 0.4 16 0.3 26 0 35 0.8 40 1 78 0.4 80 0.7 84 0.9 
7675 1 0 52 0.5 61 0.5 
8336 19 0 28 0.9 70 0 92 0.3 
8371 41 0.7 
8636 4 0.8 12 0 73 1 
8736 16 0 21 0.4 29 0 43 0.8 50 0.4 70 0.6 83 0.7 87 0 
8823 0 0 20 0.7 40 0.7 64 0.8 75 0 79 0.3 
8975 1 0 23 0.4 24 0.5 30 0 38 0.5 77 0.7 84 0.7 94 1 99 0.6 
9167 20 1 64 0.5 70 0 96 0.6 
9216 4 0 13 0 21 0 56 0 
9237 3 0.7 5 0.7 11 0.5 13 0.5 29 0.3 34 0 63 1 83 0.5 92 0.9 97 0.9 
9283 39 0 68 0.3 90 0.3 92 0.8 97 1 
9333 1 0.7 5 0.8 
9411 0 0.7 1 0 19 0.6 27 0.9 44 0.8 89 0.9 96 0 97 1 
9419 25 0.6 28 0.8 43 0.4 46 1 57 0 58 0.7 86 0.9 88 1 92 0.4 
9669 19 0.5 38 0.7 68 0.9 76 0.3 94 0.3 
9825 0 0.7 3 0.8 22 0.7 67 0.7 75 0 82 0 86 0 
9915 99 0 
9993 9 0 15 0.5 18 0.3 27 0 34 0.5 37 0.9 59 0.6 70 1 99 1 
