100
12 9 0 23 0.3 48 0.4 79 0.5 89 0 
13 50 0.8 
222 11 0.3 21 0.5 31 1 60 0.9 70 0 78 0.7 81 0.7 85 0.5 
320 24 0 30 0.3 40 0.8 94 0.4 
402 7 1 39 0.7 40 0.5 73 1 74 1 87 0.7 88 0.9 89 0 
509 39 0 42 0.9 91 1 92 0 
785 3 1 14 0.5 41 0 69 0 
802 0 0 8 0.8 45 0.8 54 0.7 74 0.9 90 0 
866 22 0.6 30 0.4 40 0.4 44 0 59 0.7 65 0.6 70 0.6 73 0.4 
1010 6 0 7 0 18 0.4 24 0 26 0.6 29 0.5 45 0 50 0.9 62 0.5 
1054 69 0.9 78 0.4 
1105 11 0.3 31 0 50 0.4 80 0.8 81 1 95 0.9 97 0.4 
1106 17 0.7 27 0.8 51 0.5 80 0 92 1 
1193 4 0.8 6 0.5 18 0.3 75 0.4 88 0.9 89 0 97 0.8 99 0.7 
1223 40 0.4 47 0.6 51 0.5 57 0 74 0.5 77 0 89 0.5 
1321 5 0.4 11 0.7 18 0.3 34 0.8 42 0 54 0.9 60 1 67 0.3 69 0.3 79 0.7 
1367 3 0 21 0.8 34 0.6 48 1 52 0.8 64 0.5 67 0.7 85 0.5 86 0.5 
1411 15 0.5 20 0.4 23 0.7 29 0.3 83 0.9 88 0 91 0 95 0.8 97 0.5 
1574 16 0 17 0 22 0 35 0.8 43 0.5 66 0 74 0 75 0.9 89 0.4 
1620 97 0.4 
1705 12 0.6 55 1 
1756 11 0 42 0.5 52 0.4 60 1 80 0.6 89 0.3 93 0.9 98 0.7 
1799 81 0.5 
1930 2 1 3 0.4 43 0 49 0.6 53 1 57 0.9 74 0.9 89 0.7 98 0 
2062 1 0.3 5 0 36 0.4 45 0.6 61 0.8 65 0 77 0.3 88 0 98 0.7 
2079 3 0 16 0 62 0 67 1 82 0 84 0 91 0 92 0.5 93 0.3 
2151 6 0.3 25 0.6 45 1 51 0.8 63 0.5 82 0 
2156 19 0.6 36 0.6 41 0 77 0.4 
2305 45 0.6 
2320 7 0 19 0.9 22 0 42 0.6 50 0.5 64 0.8 84 0.4 90 0.6 92 0 
2380 0 0.6 9 0.6 21 0 34 1 53 0.9 68 0 85 0.8 89 0 90 0.6 
2411 24 0.6 28 0.5 30 0 49 0 68 1 72 0 
2626 8 0.3 13 0 19 1 22 0.6 25 0.9 32 0.9 85 0 94 0.6 
2714 5 0.4 56 0.5 
2832 15 0.5 26 0.5 34 0 35 0.8 51 0.8 56 0.3 59 0.3 75 0 97 0.3 99 0.8 
2861 2 0 12 1 26 0 31 0 49 0.9 68 0.4 71 0.6 73 0 
3043 1 0.7 2 1 8 0 60 0.3 70 0 94 0.6 
3465 6 0.5 8 0.9 12 0.3 36 0 43 1 50 0 51 0.8 53 1 66 0.8 88 0.8 
3568 21 0.9 38 0.6 77 0 90 0.7 93 0.7 
3604 11 0 82 0 
3696 35 0 
3858 28 0 70 0.5 76 1 87 0.6 
3865 11 0.4 43 0 59 0.4 66 0 67 0.8 68 0 73 0.8 
3958 39 0.4 90 0.5 
4265 25 0 
4530 85 0 
4594 99 0.4 
4679 21 0.4 23 0.6 57 0.4 59 0 62 0.6 75 0.9 90 0 
4813 16 0 28 0.8 49 0.8 
4819 22 0.7 48 1 52 0.7 64 0 
5060 11 0 13 0 18 0.3 59 1 60 0.3 
5082 7 0.6 59 0.7 
5145 3 0 15 0 58 0.7 73 0.4 
5419 2 0 11 0.6 16 0 23 0.8 32 0.5 39 0 49 0.3 53 0 54 0.6 85 0.4 
5464 4 1 25 0.6 44 0.8 56 1 
5550 22 0 50 0.3 52 0 
5594 6 0 10 0.6 38 0.9 44 0 46 0 
5802 23 0.4 94 0.5 
5888 71 0.7 
6022 3 0.8 14 0 19 0 78 0.9 84 0.9 
6067 26 0.9 29 0 75 0.4 85 0.3 89 0.3 
6102 1 0 3 0 15 0.9 
6129 12 0 13 0.4 26 0.9 30 0.8 48 0 63 0.8 74 0 
6417 3 0.4 49 0.4 
6419 53 0.5 78 0.4 79 0 84 1 
6498 9 0.4 31 0.8 32 0 37 0.4 41 0.6 53 0.4 59 0 60 0.6 84 0.7 99 1 
6708 0 0 12 0.4 21 0.7 34 0.5 46 0 54 0 57 0.4 
6837 8 0 35 0.6 58 1 74 0.4 
6889 5 0.5 6 0.6 77 0.9 90 0.9 92 0.5 
6976 22 0.9 
7073 13 0 57 0.3 78 0.3 96 0.7 
7092 8 1 10 0.8 16 0.9 47 1 51 0.5 55 0.7 96 0.7 
7114 2 0.9 40 0.9 45 0 
7186 8 0.9 30 0.3 33 0.9 40 0 41 0.8 45 0.9 77 0 86 0.4 87 0.4 96 0.3 
7263 2 1 21 0.6 25 0.3 29 0.6 47 0.5 66 0 76 0 98 1 
7266 13 0.6 18 0.7 20 0 34 0 72 0.4 75 0.5 88 0.9 
7392 9 0 12 0 20 0 29 0.5 39 0 52 0 78 0 80 0.9 91 0.9 
7494 30 0 33 0.9 35 0.6 88 0.9 92 0.6 
7687 21 1 28 0 30 0 32 0.9 49 0.7 63 0 71 0.3 83 0.6 
7705 30 0.4 51 0.5 54 1 66 0.9 95 1 98 1 
7725 10 0.7 34 0.8 54 0.8 65 0 83 0 
7818 96 0.4 
7823 4 0.4 23 0 28 0.6 31 0.9 35 0.6 
8030 43 0.5 83 0.4 96 0.5 
8413 19 0.9 64 0 70 0 78 0.7 
8441 3 0.3 74 0.4 97 0.5 
8458 9 0 12 0.9 20 1 21 0.7 33 0.7 48 0.6 54 1 87 0.8 
8473 3 0.9 14 0.7 26 0.9 43 0 65 0.4 66 0 
8476 6 0.4 10 0.3 20 0.3 21 0.8 22 0 33 0.5 60 0 71 0.3 81 0 86 0.8 
8690 4 0.3 17 0 20 0 23 0 28 0.3 42 0 68 0.9 70 0.7 93 0.8 95 0.5 
8868 0 0.4 26 0 43 1 64 0.6 71 1 79 0 99 1 
9001 0 0.4 6 0 28 0 40 0 53 1 67 1 68 0 69 0 83 0.7 
9118 12 0 22 0.9 42 0 46 1 76 0.8 
9326 2 0.6 55 1 60 0 65 0.5 73 1 
9333 1 0.9 5 0.4 
9336 8 0.6 25 0 48 0 59 0.6 71 0.3 72 0 89 0.7 99 0.7 
9470 1 0.6 17 0.9 20 0.3 24 0 67 0.3 
9628 56 0 59 0.3 
9880 0 0.8 1 0 9 0.8 16 0 20 1 71 0 86 0 91 0.9 98 0.4 
9940 48 0.9 67 1 71 0.6 77 0 82 0.5 89 0.7 
