100
66 27 0.6 32 0 55 0.4 81 0.3 
76 14 0.5 42 0 49 0.3 59 0.6 60 0.7 61 0 64 0.4 67 0.3 93 0 
78 3 0.5 4 0 8 0.3 27 0.4 32 0 61 1 87 0.7 97 0.5 
158 24 0.5 37 0 50 0 58 1 60 0 66 0.4 72 0.9 75 0.6 78 0.5 79 0.6 
213 1 0.4 
230 6 0.6 19 1 49 0.7 53 0.7 76 0 78 0.6 80 0.8 92 0.3 93 0.4 94 0.6 
329 1 0 
351 11 0 16 0.7 22 0.5 75 0.5 
526 0 0 11 0.8 18 0.5 32 0.4 50 0 54 0.7 74 0.5 92 0.9 93 0.3 96 0.9 
530 3 0.5 24 0.3 41 0.9 44 0.9 46 0.5 56 0.4 65 0.6 76 0.3 86 0 91 0.3 
655 0 0.4 2 0 4 1 28 0 40 0.6 44 0.4 81 0.6 89 0.4 
752 6 0.9 11 0.8 33 0 34 0 37 0.5 52 0.8 61 0.5 67 0 74 0.7 82 0 
766 3 0.8 22 0 45 0 60 0.8 69 1 70 0 78 0.7 84 0 94 0 
874 53 0.5 62 0.8 95 0.4 
977 0 0.4 6 0.4 8 0.4 75 0.7 77 0 
1000 24 0 
1049 14 0.8 90 0.7 
1056 4 0.7 25 1 30 0.8 48 0 55 0.4 58 0.7 62 0.3 71 0 83 0.7 
1115 54 0.3 
1129 12 0 48 0.5 58 0 88 0.4 92 0.9 97 0.3 
1234 46 0.8 54 1 96 1 
1301 12 0 16 0.5 18 0.8 51 0.4 53 0 57 0 91 0.4 
1411 15 0.8 20 0.5 23 0 29 0.8 83 0 88 0.3 91 0.9 95 0.5 97 0.9 
1441 6 0.4 28 0 45 0.8 65 0.3 66 0.7 73 0 87 0.8 
1455 33 0.5 39 0.5 50 0.4 53 0.4 78 0.8 97 0.7 
1463 21 0.6 38 0.5 52 0.4 92 0 94 0 
1496 0 0.4 17 0.5 23 0.7 29 0.5 
1595 69 0.6 80 0.7 
1610 21 0.6 51 0 63 0 77 0.9 84 0 
1616 23 0.5 45 0.5 48 0.7 
1927 1 0.4 19 0.5 32 0 33 0 75 0.8 
2132 9 0 16 0 32 0.3 56 0.7 61 0 65 0.4 80 0.7 81 0 87 0.5 
2245 38 0.8 62 0 64 1 80 0 
2350 8 0.8 42 0 68 0 93 0 
2614 5 0.7 21 0.5 64 0.4 75 0 76 0.5 82 0.5 
2771 90 0 
2872 20 0.7 26 0.9 75 1 95 0.3 
3003 2 0.7 
3223 8 0.7 12 0 19 0.3 
3411 12 0.8 26 0.5 38 1 47 0 55 0 69 0.5 84 0 88 0 
3665 61 0 71 0.7 74 0.4 79 0.5 
3698 20 0.3 26 0 61 1 86 0 87 0.5 94 0 
3709 5 0 16 0.5 40 0 54 0.9 55 0.5 71 0.7 90 0.7 
4132 0 0.3 5 0.4 26 0 28 0 31 0 32 0 34 0 41 0 60 0.3 62 0.5 
4138 0 0 
4166 6 0.9 37 0.3 39 0.6 46 0.7 66 1 76 0.9 86 0.6 88 0 95 0 98 0 
4318 6 0 9 0.9 14 0.9 18 0.8 54 0.3 60 0 72 0 87 0 
4378 20 0 37 0.5 68 0 94 0 
4440 6 0 71 0.5 99 0.9 
4690 53 0.8 90 1 92 0.7 
4708 33 0.4 45 1 71 0.7 83 0.3 93 0 
4809 2 0.8 9 0.9 16 0 
4861 16 0 47 0 65 0.5 67 0.5 95 0.6 
4868 3 0 6 0.9 7 0.5 9 0.4 17 0 19 0 26 0.4 48 1 65 0 80 0 
4946 9 1 44 0.9 51 0 61 0.4 88 0 94 0.3 
4992 35 0.5 
5121 12 0.9 31 0.7 44 0.6 46 0 53 0 69 0.9 
5311 2 0.5 7 0.9 11 0.7 16 0 18 0.9 23 0 41 1 67 0.6 
5363 12 0 22 1 57 0 61 0.5 64 0.8 66 0.5 96 0 99 0 
5395 16 0.3 20 0.9 39 0 50 0.9 51 0 62 0.5 67 0.9 
5567 0 0.3 8 0.7 13 0.6 58 0 69 0.3 74 0.5 85 0.5 88 0.7 92 0 99 0.4 
5579 13 0.8 21 0.7 49 0.7 51 0.6 64 0 65 0 
5631 12 0.9 16 0.8 34 0.3 35 0.9 79 0 80 0.8 
5979 9 0.4 56 0.9 76 0.5 
6046 13 0.7 52 0.7 58 0 97 0 
6380 18 0.5 28 0.5 76 0 88 0.6 93 0 98 0.4 
6725 9 0.8 18 1 20 0.6 39 1 42 0.5 66 1 73 0.3 77 0.6 81 0.8 92 0 
6805 15 0.5 39 0.8 45 0.3 56 0.9 
6849 69 0.9 90 1 
7119 29 0.9 35 0.6 38 0 61 0.4 
7144 13 0.9 72 0.9 
7187 14 0.6 53 0.8 
7308 10 0.9 27 0.6 34 0.5 39 0.7 43 0.3 65 0.8 74 0.3 76 0 99 0 
7325 0 0.3 34 0.4 35 0 41 0 45 0.4 46 0 59 0.7 84 0 98 0.9 
7390 3 0.9 9 0.6 36 0 42 0.7 43 0 55 0.9 60 0.7 65 0.9 66 0.4 97 0 
7397 90 0 
7422 5 1 13 0.4 35 0.3 44 0.5 46 0.6 47 0.4 55 0 73 0.3 75 0 
7481 40 1 42 0.5 55 0.5 
7506 80 0.5 
7551 5 0 29 0 56 0 86 0.8 
7582 36 0.7 75 0.5 
7647 10 0 97 0.7 
7691 3 0.6 6 0.7 14 0.4 36 1 75 0 
7718 1 0 4 0 11 0.4 20 0.4 33 0 49 0 64 1 76 0.5 80 0.9 84 0.6 
7796 14 0.6 36 0.9 54 0.6 71 0.9 80 0 89 0.9 90 1 99 0 
7885 5 0 9 0.3 10 0 39 0.4 52 0 
8028 2 0.9 15 0 59 0 66 0 83 0 84 0.4 87 0 
8115 4 0 12 0.5 15 0.8 19 0.7 20 0 39 0.8 44 0.9 58 0 70 0 83 0.6 
8232 13 1 23 0.5 97 0.7 
8297 2 0 73 0.6 92 0.3 
8621 0 0.8 13 1 15 0 74 0.3 85 0.6 94 0 97 1 
8977 16 0.7 46 0 47 0.8 55 0.9 59 0 64 0 76 0.3 78 0 94 0.4 
9186 24 0.3 41 0.4 48 0 57 0.3 72 0.4 78 1 86 0.7 90 0 91 0.5 
9209 64 0.8 83 0 
9267 14 1 27 0 36 0.4 40 0 44 0.7 84 0 90 0.3 
9435 46 1 
9592 33 1 44 0.5 91 0.5 
9620 10 0 57 0.7 63 0.5 67 0 
9632 1 0.8 22 1 69 0 
9766 6 0.6 17 0.3 
