100
107 0 0.7 15 1 33 0.6 42 0.4 70 0.4 79 0.9 80 0.8 91 0.4 
200 22 0.6 28 0.5 62 0.8 76 0 86 0.4 
239 19 0.5 51 0 
400 15 0.9 22 0.4 40 0.7 72 0.5 84 0.6 99 0.9 
421 18 0.4 23 0.5 42 0.7 43 0.3 46 0.6 57 0.3 61 0.9 77 0 
448 18 0.5 20 0.9 23 0 33 0 40 1 67 0 82 0.6 
473 3 0 40 0 43 0.6 55 0.5 57 0.6 66 0.6 73 0.4 80 1 86 0 87 0.5 
551 5 0.6 7 0.3 11 0 15 0 24 0.5 26 0 29 0 55 0.5 64 0.8 76 0.3 
670 20 0 62 0.4 86 0.3 88 0 89 0.4 98 0.4 99 0.3 
704 0 0.7 24 0.7 83 0 85 0 87 1 
781 9 0 61 0.8 63 0.3 77 0.7 81 0.8 86 0.4 89 0 96 0.7 99 0 
955 29 0.8 38 0.6 74 0.6 
961 4 0.3 59 0.9 76 0.8 82 0.8 84 0.9 
1008 4 0.3 79 0.5 84 0.4 
1076 45 0.6 
1078 0 0.8 99 0 
1252 6 0 90 0 
1507 1 0 8 0 12 0.9 17 1 25 0.3 49 0.6 
1844 10 0.8 40 0.3 48 0.5 91 0 
1867 8 0.5 10 1 27 0 50 0.3 
1909 1 0.4 2 0 8 0.6 24 1 56 0 67 0.9 92 0.4 
1999 61 0.9 
2009 7 0.8 24 0 46 0.7 60 0.9 61 1 74 0.9 83 0.8 86 0 96 1 99 0 
2081 6 1 9 0.5 39 0 64 0 69 0 92 0.9 
2176 17 0.3 31 0.3 45 0 69 0.5 72 0.5 88 0.3 92 0.9 
2194 24 0 67 0.7 77 0 97 0 
2280 88 0.8 
2415 4 0.4 6 0.9 14 0 19 0.8 20 0.5 79 0.7 80 0 98 0.5 
2522 22 0.8 48 0.7 
2807 10 1 22 0.9 51 0 70 0.3 74 0 88 0.9 89 0.9 92 0.6 94 0 
2887 1 1 6 0.7 13 0.4 41 0 55 0 60 0 65 0.8 82 0.6 
2896 3 0.5 11 0 24 0 32 0 73 0.4 
2912 24 0.4 28 0.5 75 0.6 
3020 2 0.5 4 0.4 13 0.6 19 0.8 29 0.4 37 0.7 48 0.7 55 0.4 92 0.5 
3023 33 0.8 46 0.7 81 0.6 82 0.9 88 1 91 0.7 97 0.9 
3084 6 0 12 0.8 31 0.9 39 0 86 0.3 88 0 
3137 73 0.6 
3344 38 0.4 46 1 51 0 
3398 26 0 39 0.8 
3534 6 0 70 0 
3546 4 0.8 11 0.7 25 0.3 36 0.4 44 0 67 0.3 68 1 
3579 0 0.4 10 0.9 13 0.8 18 0.5 22 0 34 0.3 40 0.3 55 0.4 89 0.3 
3657 24 0.3 27 0.9 37 0.9 42 0 44 0 70 0.7 75 0.8 77 1 90 0.5 97 0.9 
3735 6 1 13 0.8 14 0.7 34 0.6 39 1 58 0.4 69 0.6 88 0 
3749 36 0.9 57 0.5 91 0.6 
3918 0 0.7 7 0.9 9 0 31 0.6 
3952 6 0.7 11 0.4 26 0.7 27 0.9 66 0.5 74 0.6 80 0.9 92 0 97 0.5 99 0.8 
4052 23 0.8 45 0 49 0.6 53 0 74 0 
4223 7 0.7 25 0 33 0.6 36 0 40 0 66 0.6 93 0.5 
4518 9 1 11 0.9 13 1 42 0.9 46 0 
4580 5 0 11 0 27 0.4 48 0 49 1 69 0.9 71 0 80 0.5 82 0 
4626 62 0 
4662 8 0.5 53 0 69 0.9 90 0.8 
4698 23 0.6 25 0.6 34 0.4 45 0.8 79 0.9 87 0.7 
4776 37 0.8 54 1 60 0.6 62 0 
4864 94 1 
5027 1 0.3 4 0.3 8 0.4 37 0.6 51 0 70 0 76 0.7 
5151 32 0 75 0.5 86 0 
5412 42 0.8 
5425 3 0 9 0.9 32 0 62 1 76 0 84 0 98 0.9 
5503 1 0.3 26 0 27 0 57 0.4 66 0 73 1 87 0.8 
5614 1 0 4 0.9 23 0 88 0.7 
5849 0 0.5 12 0.4 19 0 41 0.7 43 0.3 74 0 91 0.5 
5985 21 0.7 26 0 31 0.7 51 0.7 56 0.5 66 0.7 67 0.8 82 0.4 86 1 97 0.7 
6181 14 0.6 22 0.6 45 0 55 0.4 72 0 78 0.6 
6387 0 0 30 0.8 98 0.7 
6587 33 1 78 0.6 86 0.4 95 0 
6678 21 0 52 0 
7347 41 0.4 94 0.9 
7445 5 0 38 0.8 45 0.6 51 1 57 0.7 60 0 65 1 79 0 86 0.8 
7454 22 0 31 0.9 36 1 62 0.7 86 0.9 
7526 7 0 24 0.6 25 0 52 0 70 0 
7603 4 0.4 5 0.7 59 0.9 
7676 34 0.9 50 1 53 0.5 55 0.9 63 0.4 64 0.9 81 0.8 83 0.9 89 0.4 90 0.5 
7919 75 0.3 
7998 35 0.5 40 0.6 68 0.4 69 0.7 83 0 
8055 76 0.3 91 0.6 
8193 7 0.5 10 0 22 0 27 0 45 0 54 0.7 74 0.4 84 0 97 0.6 
8227 24 0.7 38 1 45 0 56 0 73 0.3 83 0.8 84 0.8 97 0.6 
8231 91 0 
8416 9 0 14 0.9 80 0.7 
8597 6 0 30 0 43 0.9 59 0.5 60 0 
8614 2 0.5 7 0 22 0.7 27 0.7 41 0.3 45 0.4 71 0 87 0 90 0.3 99 0.7 
8625 5 0.6 21 0.4 39 0.6 59 0.9 
8749 0 0.5 6 0.4 11 0.5 53 0.5 
8844 6 0.4 39 1 
8879 7 0 12 1 22 0.5 38 0.8 44 0 46 0.3 47 0 66 0.3 75 1 85 0.9 
8899 10 0 14 0.7 16 0.4 52 0 54 1 62 0 68 0.7 82 0 90 0.5 98 0.3 
9043 4 0.4 7 0.9 19 0 23 0.6 24 1 34 1 37 0.7 74 0 88 0 91 0.8 
9133 38 0 50 0.5 53 0 92 0.8 
9294 5 1 
9367 7 0.6 9 0.3 14 0.7 21 0.3 23 0 38 1 47 0.8 57 0.3 66 0.9 87 0 
9620 10 0.9 57 0.7 63 0.7 67 0.9 
9743 3 1 22 0.7 57 0.8 73 0.8 84 0 
9744 13 0 54 0.4 95 0.7 
9775 31 0.8 45 0.7 48 0.8 52 0 65 0.8 68 0.4 85 0 90 0.3 94 0.7 
9784 3 0 10 0.4 12 0.6 23 0.9 49 0.3 50 0 62 0.9 83 1 86 0 98 1 
9889 6 0.8 16 0.6 27 0 57 0.4 59 0.3 93 0.8 
9890 45 0.8 
9905 1 0.3 29 1 67 0 77 0.9 79 0.4 82 0.9 92 0 
