100
69 1 0.7 6 0.6 11 1 39 0.9 45 0.6 60 0.8 82 0.9 88 1 
209 2 0.8 23 0 27 0 57 0 
241 8 1 13 0 37 0.4 71 0.9 90 0 
314 15 0 36 0.6 
383 18 0 40 0.5 55 0.9 57 0 79 0 94 0 
444 23 1 31 0 43 0.4 73 0.4 97 0 
464 30 0.8 
503 57 0.4 69 0 78 0 84 0 85 0.9 
561 6 0 7 0 60 0.4 65 0.9 77 0 95 0 
648 32 0.8 33 0 44 1 48 1 67 0.4 73 0 
661 3 0.7 42 0.9 43 0.7 
753 0 0.3 20 0.3 25 0.4 63 0.5 70 0.8 77 0.3 91 0 
967 9 0.4 17 0 23 0.3 32 0.7 41 0.8 46 0.6 
1051 70 0.9 84 0 91 0 94 0.7 
1272 15 0 22 0 31 0 36 0.9 56 0.6 57 0.8 58 0.9 65 1 86 0.9 88 0.3 
1313 3 0.6 6 0.9 57 0 60 0.9 71 1 72 0 80 0 90 0.8 99 1 
1329 2 0.4 14 0.7 15 0 36 0.3 48 0.4 77 0 
1463 21 0.6 38 0 52 0.9 92 0.6 94 0.9 
1578 7 0.7 28 0.5 44 0 57 0.3 70 0.9 78 0 86 0 
1658 45 0 58 0.5 74 0.7 85 0.6 90 0 95 0.5 99 0 
1699 4 0 8 0 18 0.9 61 0.8 
1740 17 0.5 22 0 27 0 32 0 54 0.5 60 0 73 0.9 
1892 8 0.8 13 0.5 32 0 61 0 64 0.9 71 0.5 79 0.5 85 0.5 91 0.7 96 0 
1940 6 1 17 0.4 40 0.7 63 0 90 0.6 98 0.4 
1975 16 0.3 
1980 35 0 39 1 56 0.7 62 0.6 65 0.6 71 0 90 0.8 95 0.4 
2014 8 0.6 10 0 27 0 32 1 41 0 49 1 64 0.4 82 0 89 0 95 0.8 
2070 31 0.4 50 0 52 1 57 1 64 0 81 0.6 
2134 26 0.5 44 0 55 0.8 79 0.5 89 0 
2174 26 0 31 0.5 46 0 63 0 86 0.5 
2246 12 0.6 19 1 28 0.8 79 0.4 86 1 
2333 1 0.4 35 0.8 78 0.5 84 0.9 
2399 16 0 
2542 3 0.6 16 0.9 26 0.7 27 0 66 0 69 0.5 77 0.3 89 1 
2588 26 0.5 32 0 39 0 42 0 69 0.4 
2872 20 0.3 26 0.9 75 0.9 95 0.4 
2881 34 0.8 
2946 12 0.6 61 0.6 63 0.6 86 0.9 
2962 3 0.8 16 0.8 33 0 55 0.9 
3030 6 0.9 16 0.9 19 0.4 30 1 32 0.8 66 0.8 68 0 82 0.9 88 0 97 0.9 
3034 9 0.3 14 0.6 16 0.7 57 1 87 0 95 0.4 
3051 32 0.3 45 0.3 47 0.4 50 0.9 67 0.3 88 1 96 0.8 
3157 11 1 13 0.6 65 0 71 0.7 93 0.4 
3209 31 0.6 47 0.5 61 0 
3425 3 1 
3553 15 0.6 25 0.6 29 0 54 1 77 1 
3636 30 0.3 40 0.3 42 0.9 46 0 50 0.4 77 0.3 80 0.7 85 0.3 90 1 
3687 17 0.3 
3786 4 0.7 13 0.7 14 0.5 49 0.6 74 0.8 91 1 
4012 0 0.3 9 0.6 11 0.8 18 1 22 0.7 23 0.4 47 0 77 0.3 78 0.8 87 0 
4084 85 0 89 0.5 94 0.7 
4126 4 1 11 0.4 38 0 40 0 45 0.7 59 0 76 0.6 
4210 1 0.5 83 0.8 98 0.7 
4419 36 0 
4498 24 0.3 40 0.8 
4532 22 0 29 0 34 1 35 0.5 36 0.9 44 0.7 
4542 24 0.3 45 0 51 0 71 0.7 82 0.6 84 0.8 
4735 41 0.9 97 0.7 
4810 3 0 11 0.6 17 0.7 20 0.6 30 1 58 0 77 0.8 78 0 88 1 
4894 24 0 58 1 
4904 36 0.7 55 0 62 0.3 66 0.9 72 0 76 0 86 0.7 
5025 21 0.7 35 0.9 39 0 69 0.9 78 0 79 0 
5191 42 0.8 94 0.8 
5210 18 0.6 47 0 49 1 89 0.3 
5519 1 0 3 0.7 25 0.3 31 0 42 0.8 47 0.4 55 0 78 0.9 
5674 8 0.7 29 0.4 34 0 48 0.9 61 0.8 67 0.7 77 0 
5791 2 0 13 1 25 0 44 0.7 57 1 63 0.7 67 0.6 71 0.6 91 1 96 1 
5922 60 0.9 
5943 4 0 20 0.9 23 0 29 0.4 34 0 62 0.7 82 0 
6174 1 0.8 9 0 29 0.4 30 0.3 47 0.7 51 0 64 0.7 
6189 6 0 21 0.9 28 0.7 37 0 81 0.3 90 0.3 
6382 6 0.4 10 0.4 16 1 22 0.8 39 0.3 56 0 76 1 82 0 87 0.8 88 0.3 
6539 26 0 36 0.7 52 0.3 56 0.9 87 0 
6577 52 0.8 59 0.4 60 0.8 82 0.4 
6585 5 0 
6786 37 0.6 40 0.9 41 0 75 1 
6803 4 0.5 21 0.5 31 0.5 37 0 64 0 68 0.5 70 0.8 78 0.6 86 0.7 98 0.6 
6813 2 0 55 0.9 57 0.6 81 0.8 84 0 90 0.5 
6871 8 0.7 18 0 19 0.3 58 0 89 1 99 1 
7122 69 0.6 
7397 90 1 
7542 25 0.3 37 0.6 40 1 82 0 86 0.5 
7597 15 0.5 19 0.7 25 0.9 57 0.7 73 0.3 
7611 74 0.5 75 0.6 88 0.7 
7868 13 0.9 20 0.8 61 0 70 0.6 71 0.3 77 1 80 0 85 0 
8220 0 0.6 45 0.9 66 0.5 
8407 3 0.7 17 0.3 21 0 27 0 67 0.3 71 0 73 0.8 77 0.5 83 0.4 94 0.5 
8750 3 0.4 4 1 11 0.3 13 0.6 30 0.6 36 0.9 71 0.4 86 0 91 0 98 0 
8830 14 0 40 0.8 61 0.8 68 0 69 0 71 0.8 77 0.8 83 0.3 88 0 
8883 3 0.7 31 0.5 43 0.8 69 0 71 0.3 86 0.4 92 0.6 
8911 83 0 
8942 90 0.8 
9119 52 1 96 1 
9154 17 0 28 1 39 0 47 0.7 69 0 71 0.5 80 0 91 0.8 
9229 7 0 12 1 47 0 55 0 68 0.8 77 0.9 80 0.3 96 0.8 
9351 5 0 6 0.8 16 0.8 26 1 28 0 33 0.3 61 0 70 0 71 0.5 91 0.6 
9616 3 0 9 0.7 12 0 14 0.4 19 0.7 41 0.8 85 0.8 96 0.7 
9648 39 0.3 47 0.6 64 0.9 
9676 13 0.9 17 0.8 
9983 33 0.6 61 1 
