100
34 3 0.6 34 0.3 35 1 45 0 87 1 93 0.5 
194 22 0.5 
416 8 0 11 0 16 0.7 19 1 53 0 58 0.8 64 0.8 74 0.5 
443 49 0 54 0 
502 3 0 5 0.5 11 0.5 18 0.6 33 0.4 55 0 89 0 
507 9 0.7 27 0.3 
573 4 0.7 13 0.5 37 0 
581 36 1 40 0 56 0.9 62 0 65 0.9 
643 21 0.6 79 0.9 
786 11 0.7 29 0.8 32 0.7 38 0.6 40 0.7 53 0 55 0.5 75 0.3 78 0.4 89 0 
866 22 0 30 0.3 40 0 44 0.9 59 0 65 0.5 70 0.7 73 0.5 
867 9 1 17 0.3 33 0.3 40 0.7 51 0 68 0 78 0.8 79 0.4 86 0.9 
927 13 0.8 17 0.5 41 0.4 46 0 47 0.6 48 0 53 0.3 65 0 77 0.8 96 0.9 
971 43 0.7 94 1 97 0 
981 8 1 20 0 22 0.5 31 0.8 57 1 69 0.3 73 0.9 99 0.5 
1061 8 0.9 19 0.4 21 0.8 34 0.9 35 0 52 0 60 0 65 0.7 72 0.5 74 0.4 
1173 51 0.9 
1206 6 0.7 47 1 51 0 60 0 79 0.3 83 0 
1289 15 0.4 18 0 31 0.4 32 0.5 34 0.4 38 0.5 43 0 84 0.3 93 0 
1323 0 0.6 20 0.4 52 1 83 0.7 94 0.4 
1437 27 1 28 0.6 41 0.8 48 0.7 67 0 98 0 
1617 30 0.5 31 1 59 1 61 0.5 67 0.9 68 0.4 85 0 
1649 1 0.7 45 1 99 1 
1695 12 0.7 
1742 5 0 52 0.6 58 0.5 69 0.7 71 0 74 0.5 75 0.8 82 0 86 0.4 94 0 
1886 71 0.5 83 0.3 
1934 6 0.7 99 0.5 
1981 28 0 29 0.6 53 0.4 60 0.7 85 0.7 88 0.3 99 0 
2096 0 0.6 2 0.4 25 1 41 0.7 52 0.6 82 0.7 92 0.6 98 1 
2126 2 0.5 7 0.7 36 0.6 44 0 54 0.3 56 0.7 82 0 88 0.6 
2131 61 0 72 0.3 73 1 78 0.4 96 0.9 
2142 24 0 60 0.3 89 0.5 
2211 15 0 94 0 
2292 29 0.4 53 0 78 0 90 0 92 0.9 93 0 95 1 
2513 2 0 19 0.8 21 1 42 0.7 59 0.6 76 0 89 0.7 
2534 25 0.7 26 1 37 0 38 0 43 0.4 67 0.5 79 0.5 86 0.3 89 0.9 
2539 12 0 13 0.3 19 1 22 0.7 93 0.4 97 0 
2936 32 0.9 45 0.6 57 0.4 
3000 13 0.9 42 1 45 0.7 73 0 97 0.7 
3177 8 0 14 0 42 0.5 45 0 65 0 94 0 99 0.6 
3178 64 0.4 84 0.3 
3447 58 0 
3466 18 0.5 56 0 79 0 96 0.4 
3504 11 0.6 22 0 51 0 54 0.9 88 0 90 0.8 98 0 
3544 4 0.5 14 0.4 23 0.6 25 1 38 0 47 0.4 55 0.6 62 0.6 89 0 93 0 
3589 15 0.7 16 0.7 19 1 24 0.5 61 0 64 0 76 1 86 0.8 99 0.9 
3593 26 0.5 92 0.3 
3632 15 0 30 0.4 37 0 41 0 64 0 69 0.7 72 0.4 79 1 
3684 38 0 
3991 17 0.8 25 0.7 32 0.6 33 0.6 38 0.8 57 0.3 80 1 89 0.6 96 0.9 
4005 7 0.5 43 0 46 0.4 97 0.4 
4037 16 0.8 32 0 37 0.6 43 0.7 72 1 81 0.6 82 0.4 84 0.5 
4084 85 0.7 89 1 94 0 
4340 18 0 46 0 80 0.4 81 0.4 85 0.8 
4412 26 0.8 83 0.4 
4790 3 0.4 26 0.3 34 0.4 38 0 60 0.4 64 1 84 1 94 0.7 
5070 49 0.9 50 0 56 0 77 0 
5071 10 0.3 29 0.9 86 0 
5130 48 0.9 70 0.6 
5247 90 0.8 91 0 97 0.3 
5590 10 0 12 0 14 0.7 27 0.6 36 0.9 39 0 70 0.9 79 0.5 86 1 98 0 
5632 15 0.8 18 0.5 23 1 25 0.8 33 0 39 0.8 43 0.7 45 0 53 0.3 75 0.5 
5663 17 1 20 1 38 0.6 46 0.3 88 0 98 0 
5729 28 0.5 49 1 
5810 4 0.3 30 0.4 45 0.7 58 0.7 66 0 86 0.9 89 0.6 
5876 7 0 12 1 14 1 51 0.4 62 0 84 0.3 95 0.7 
5926 32 0.8 34 0.5 84 0.6 
6501 7 0.9 13 0.6 16 0.8 38 0.7 45 0.6 60 0.5 64 0.4 67 0.3 68 0.7 93 0.7 
6530 14 0.6 19 0.6 20 0.6 27 0.7 34 0.5 43 0 76 0.7 90 0 
6533 4 0 5 0.7 60 0.5 80 0 
6565 5 0.6 12 0 40 0.3 47 0.6 74 1 
6619 2 0.7 50 1 89 0.3 
6965 64 0.7 
7127 7 0.7 23 0.5 26 0.6 28 0.8 30 0 42 0.8 61 0.8 80 0.8 85 0.3 95 0.7 
7221 14 0.5 21 0.8 26 0.3 43 0 44 0 46 1 49 0 55 0.5 82 0.3 
7283 28 0.3 42 0.8 80 0 
7353 40 0.5 68 0.8 
7366 30 0 50 0.8 55 0 64 0.9 
7367 5 0.9 7 0.9 17 0.7 26 1 76 0.8 96 0 
7413 43 0.7 75 0.6 
7475 0 0 2 0.4 20 0 28 0.6 42 0.5 50 0.7 54 0.3 
7549 0 0.6 6 0.5 22 0 56 0.9 74 0 97 1 
7780 6 0.8 16 0.8 20 0.9 51 0.8 52 0.4 75 0.4 80 0.7 87 1 97 0 
8131 35 0.9 39 0.3 97 0.7 
8165 8 0.3 16 0.4 59 0.3 75 0.4 
8211 11 0 12 0.6 26 0.9 27 0.9 41 1 70 0 75 0.5 92 0.9 
8351 22 0 51 0.5 80 1 87 0 89 0 
8664 25 1 28 0 32 0.5 43 1 50 0.3 81 0.8 84 0 92 0.7 95 0.9 96 0.8 
8674 3 0.6 4 1 55 0.7 65 0.9 90 0 
8879 7 1 12 0.9 22 0 38 0.6 44 0 46 0.9 47 0.4 66 0.6 75 0.7 85 0.3 
8883 3 0.9 31 0.5 43 0 69 0.3 71 1 86 0 92 0.8 
8977 16 0.5 46 0.9 47 0.6 55 0.6 59 0.4 64 0.9 76 0.7 78 0.5 94 0.5 
9192 4 0 11 0.8 23 0.7 29 0 61 0 63 0.9 75 0.4 
9298 37 0 59 0.6 75 0.4 89 0.9 
9353 2 0.3 49 0.3 53 0 71 0.7 76 0 91 0.3 
9507 24 0.5 
9636 15 1 45 0.9 67 0.6 
9864 7 0.6 34 0.5 37 0.9 47 0.3 50 0.7 72 1 77 0.8 85 0 89 0.3 93 0.4 
9915 99 0.3 
9962 18 0 48 0.3 87 0.5 95 1 
