100
67 43 0 92 0 
135 52 1 57 0 66 0 88 0.6 93 0 
187 52 0.8 61 0.8 76 0.7 98 0.7 
231 21 0 37 0.6 93 0 
393 14 0 53 0.4 57 0.8 60 0.3 72 0.5 84 0 97 0.8 
443 49 1 54 0 
462 4 0.9 11 0.6 28 0 35 0.9 47 0.6 63 0.3 87 0.4 
515 15 0 30 0.9 34 0.6 40 0.3 44 0 57 0.4 94 0.9 
855 39 0.3 56 0 70 1 79 0.3 81 0.4 
886 1 0.4 4 1 44 1 45 0.5 49 0.3 67 0.4 83 0 96 0.3 
887 39 0 62 1 65 0.5 96 0 
1105 11 0.6 31 0.6 50 0.5 80 1 81 0.3 95 0 97 1 
1112 6 0.6 65 0.4 66 0 
1129 12 0 48 0.9 58 0.8 88 0.9 92 0.9 97 0 
1186 30 0.6 41 0 96 0 
1416 7 0.7 47 0.9 48 0.6 64 0.7 98 0 
1420 12 0 
1423 2 0 5 0.7 22 0.9 38 0 76 0.8 84 0.6 
1430 24 1 38 0 47 0.4 55 0.7 56 0.3 59 0.6 72 0.9 74 0 79 0 
1715 13 0.3 45 0.3 98 0 
1837 4 0 27 0 28 0.9 48 0.8 60 0.7 63 0.3 94 0.8 95 0 96 0.5 99 0.6 
2007 24 0.6 25 0.7 29 0.7 78 0.9 
2016 7 0 36 0.4 37 0 65 0.5 84 0.3 86 0.4 94 0.5 96 0 97 0 
2113 3 0.5 4 0.4 6 0.8 22 0.5 28 0.4 35 0.6 57 0.8 65 0.3 72 0 92 0.3 
2130 24 0 34 0.5 39 0.3 
2202 47 0.3 
2228 49 0 
2299 2 0.3 3 0.9 37 0 43 0 82 0.8 
2304 0 0.4 14 0.3 22 0.5 30 0.8 48 0.9 55 0.8 92 0.6 97 0 
2451 9 0.9 11 1 
2480 43 1 
2582 23 0.5 27 1 36 1 53 0.3 57 0.8 64 0 67 0.4 90 0.4 
2796 7 0 24 0.7 33 0.6 35 0.9 36 0.7 42 0.4 44 1 63 0.9 66 0.6 76 0.9 
2885 43 0.8 82 0 
2892 13 0 23 0.7 30 0.6 43 0.4 77 0.6 88 0.8 
2920 2 0 51 0.8 
3143 2 0 16 0 48 0.3 52 0 60 0.6 67 1 68 0 69 0.7 
3145 19 0 32 0.5 34 1 36 0.3 72 0.6 88 0 98 0 
3251 2 0.5 14 1 17 0.5 33 0 37 0.7 45 0 46 0 63 0.7 89 0.5 
3265 33 1 38 0.6 73 0 77 0 83 0.5 90 0.4 
3434 14 0.7 
3464 57 0.9 
3466 18 0.9 56 0 79 0.6 96 0 
3473 14 0.6 17 0 36 0.9 68 0.5 74 0.4 80 0.4 97 0.8 
3909 9 0 23 0.8 32 0 33 0 79 0.6 
3949 57 0.4 
4004 38 0.4 
4249 54 0 66 0.7 
4437 17 0.5 79 0.3 86 0.9 88 0 
4639 9 0.4 24 0.4 41 0 46 0.9 84 1 
4645 7 0.9 15 0.7 36 0.3 37 0.6 65 0.4 76 1 90 0.5 97 0 
4653 52 1 57 0.9 70 0 
4691 2 0.5 33 0 47 0.3 54 0.3 73 0.8 76 0.5 77 0.8 83 0.4 96 0 
4811 29 0 32 1 
4831 2 0 29 0.7 33 0.8 48 0.5 66 0.5 74 0.3 83 0 
4859 79 0 
4950 1 0.7 17 0.7 46 0 51 0.9 53 0.8 72 0.7 90 0 91 0.3 
5007 3 0.3 29 0.8 69 0.9 71 1 83 0.7 89 0 90 0.8 94 0.7 
5195 54 0.7 93 0 98 0.4 
5605 6 1 8 0.6 44 1 87 0 88 0.6 89 0.3 
5702 10 0.7 11 0.9 34 0.5 72 0 95 0.6 
5728 7 0.9 23 0.4 
6038 1 0 21 0.4 42 0.6 82 1 91 0 
6046 13 0.5 52 0.3 58 0.8 97 0 
6066 0 0.6 70 0 80 0 
6070 0 0.8 24 0 32 0.3 33 0.4 43 0.9 48 0.9 82 0.3 99 0.7 
6106 5 0.6 6 0 8 0 11 0.7 16 0.6 22 0.6 74 0.7 91 0 
6176 13 0.9 34 0.3 68 1 81 0.3 84 0.8 
6511 14 0.5 34 0.5 36 0.7 57 0.3 63 0.3 75 0.5 85 0 90 0 94 0.5 96 0.9 
6617 22 0.9 32 0.5 39 0.9 63 0 70 0.8 77 0.8 
6760 18 0.8 98 0.4 
6894 19 0.3 21 0.3 22 0.6 34 0 51 0.7 
6916 54 0.4 55 0 86 0.3 89 0.3 
7047 28 0.3 34 0.7 58 0.4 67 1 81 0.9 85 0.9 89 0.6 91 0 
7206 9 0 13 0.5 22 0 32 0 38 0.5 48 0 55 1 77 0 78 0.6 89 0.7 
7216 17 0.3 62 0 
7761 21 0 
8050 6 0.7 15 0.6 18 0.4 26 0.3 30 0.6 36 0.9 78 1 
8094 4 0.6 39 1 52 0.6 57 1 76 0.3 
8196 3 0.3 15 0.3 45 0.9 
8416 9 0 14 0.4 80 0 
8523 14 0.6 16 0 56 0.8 58 0.9 63 1 69 0 71 0.8 81 0 
8602 22 0.5 36 0.6 74 0 79 1 81 0.4 
8655 9 0.5 39 0.5 46 1 62 0.3 86 0.9 
8746 7 0.3 16 0.9 17 0.8 26 0.7 36 0 37 0 43 0 69 0.8 82 1 99 0 
8843 1 0 6 0.9 25 0.7 32 0.9 63 0 72 0 75 0 89 0.6 
8980 0 0 7 0 34 0.5 78 0.9 93 0.9 
9023 3 0.3 10 0.3 12 0 18 0 44 0.5 48 0.5 87 1 88 0.6 93 0.5 
9090 1 0.5 22 0.4 27 0.6 60 0 67 0.5 85 0.4 90 0.6 93 0.8 96 0.7 
9142 12 0.7 14 0.8 26 0 38 0.7 48 0.4 59 0.9 81 0.6 91 0.5 95 0.8 
9173 0 1 39 0.9 49 0 56 1 
9234 7 0.6 28 0.4 46 1 50 0.6 52 0 66 0.7 69 0.6 75 0 85 0.3 
9259 24 0.5 
9418 11 0.8 
9565 69 0 
9579 11 0.6 13 0.6 16 0.7 31 1 33 0 40 0.3 65 0.3 69 0.3 83 0.3 91 0.3 
9872 28 0.5 39 1 60 0 61 0.7 
9880 0 0.5 1 0.8 9 0.7 16 0 20 0 71 0.4 86 0.5 91 1 98 0.7 
9954 27 0.9 
9969 89 0 
