100
65 5 0.5 26 0 43 0.9 47 0 96 0 99 0.3 
86 45 0 50 0.8 56 0.7 57 0 58 0 78 0 
128 70 0.7 75 0 93 1 
271 8 0.8 29 0.3 35 0.6 41 0 69 1 72 0 
340 7 0.3 9 0.6 53 0.5 
360 37 0.5 56 0.5 73 0.3 
433 15 0.6 59 0.4 
435 84 0.4 90 0 
473 3 0 40 0.6 43 0.4 55 0 57 0.4 66 0.6 73 0.8 80 0.4 86 1 87 0.3 
539 1 0.3 32 0 36 0.5 42 0 45 0.5 48 0.8 59 0 60 0 77 0.7 78 1 
603 1 0.9 96 0 
611 6 0.6 52 0.9 58 0.6 68 1 76 0 
863 8 0.8 29 0.5 35 0 51 0.4 65 0.8 66 0.7 86 0.9 87 0.3 89 0 
891 7 0.8 11 0 14 0.8 98 0.9 
911 10 1 22 0.8 31 0.8 46 0 70 0 91 0.6 
963 5 1 17 0.8 20 0.4 40 1 46 0.9 60 0.4 73 0.9 
984 1 0.7 4 1 32 0.5 33 0 37 0 85 0.7 95 0.5 
1102 8 0.9 90 0.5 
1143 5 0.6 52 0.4 54 0 58 0.4 80 1 86 0.6 90 0.8 99 0.7 
1160 51 0 62 0.6 69 0.7 96 0.9 
1240 7 0 14 0 27 0.6 30 0 39 0 57 0.6 66 0.6 71 0.6 
1445 30 0 48 0.5 
1446 31 0 90 0 
1447 20 0.6 25 0.3 45 0.7 49 0.9 76 0 83 0.4 94 0.9 95 0.5 96 0.9 
1544 20 0.4 32 0.5 33 0.4 46 0 51 0.6 55 0.8 69 0 79 0.6 94 0.4 
1609 1 0.9 12 0.5 19 0.4 29 0.7 51 0.9 53 0 59 0.6 77 0.5 81 0.9 99 0.8 
1647 27 0 29 0.3 45 0 
1754 15 0.3 25 0.6 31 0.3 32 0.6 82 0.4 
1926 13 0.7 38 0.4 40 0.6 53 1 82 1 95 0.9 
1945 17 0.9 42 0.6 55 0.3 59 0.8 68 0.9 80 0.8 81 0.4 95 0 
2059 29 0.8 61 0 65 0.8 76 1 81 0.8 90 0.9 92 0.7 97 0.4 
2104 9 0.3 13 0 14 1 40 1 63 0.3 68 0.8 85 0 93 0.6 
2127 28 0.9 31 0 33 0 36 0.4 40 0.7 53 0 54 0.7 72 0 86 0.9 
2143 1 0 20 0.4 22 0 62 0.9 67 0 73 0.7 81 0.9 94 0.5 
2185 20 0.4 21 0 24 0 30 0 34 0 43 0.3 75 0.6 78 0.6 80 1 83 0.7 
2241 2 0.6 8 1 21 0.8 50 0.8 53 0.4 63 1 64 0 73 0 83 0.5 
2336 1 0.7 4 0.9 6 0.9 18 1 40 0.8 50 0 71 0 78 0.8 88 0 92 0.8 
2419 14 0.9 24 0 38 1 59 0.6 64 0.6 
2521 4 1 40 0.8 48 0.9 61 0.8 66 0 76 0.4 86 0.9 91 0.5 
2522 22 0.6 48 0.9 
2534 25 0.3 26 1 37 0.8 38 0.6 43 0.5 67 0 79 0 86 0.7 89 0 
2599 0 0 26 0.6 46 0 53 0.4 73 0.9 79 0 80 0 90 0.3 
2628 3 0 5 0.4 34 0.8 46 0.9 65 1 77 1 86 0.3 87 1 99 0.6 
2679 38 0.4 39 0.8 70 0.7 93 0.5 
2694 6 0 46 0.7 73 0.7 82 0.4 
2870 63 0.5 69 0.8 90 0 95 0.7 
3285 11 0 30 0.6 44 1 59 0.4 66 0.8 72 0 73 1 74 0.5 
3621 33 0.7 42 0.6 47 1 62 0.7 75 0.6 
3767 2 0.8 15 0 
3853 5 0.6 66 0.6 68 0 74 0.5 83 0 96 0.9 
3992 2 0.8 29 0.5 38 0.9 42 1 67 0.6 73 0.6 80 0.3 82 0.7 86 0.4 90 0.3 
4008 20 0 28 0.5 39 0 49 0.4 97 0 
4180 32 0.3 37 0.7 44 0.3 66 0.4 67 1 69 0.3 77 0.4 81 0.8 91 0 95 0.4 
4595 13 0.5 18 0 21 1 22 0.8 75 0 88 0.9 95 0 
4678 1 0.8 33 0 43 0.5 44 0.7 55 0.6 71 0.7 81 0 90 0 
4896 16 0.9 20 0 27 0.9 28 0 31 0.3 50 0.4 51 1 80 0.9 95 0.9 
4934 17 0 22 0 23 0.7 29 0.4 60 0 86 0 
5067 10 0.4 43 1 79 0.3 85 0.8 95 0.7 98 0.4 
5163 4 0 12 0 14 0.8 25 0.4 30 0 36 0.6 59 0.6 84 0.5 85 0.7 
5164 1 0.4 27 0 64 0.9 
5193 9 0.5 15 0.3 35 0 40 0.4 46 0.4 51 0.8 56 0.5 70 0.9 76 0.5 85 0.3 
5380 79 0 94 0 
5439 31 1 41 0.5 90 0.7 
5475 30 0 94 0.5 
5546 11 1 26 0.5 34 1 60 0 61 0 68 0.6 
5615 27 0.7 30 0 36 0 44 0.9 56 0.8 69 0.8 70 0.3 96 0.8 99 0.9 
5755 4 0 8 0.9 51 0.6 55 0 63 0.9 82 0.7 85 0 
5769 84 0 
5971 4 0.8 37 0.4 42 0.8 76 0.6 94 0.9 
5986 36 0.4 
5992 0 0.5 22 0.9 34 0 38 0 39 0 41 0 47 0.8 62 0.5 68 0 95 0.5 
6057 6 0.5 9 1 57 0 65 0.5 74 0.4 95 0 97 0.8 
6192 9 0 23 0.3 39 1 58 0.7 59 0 66 0 68 0.8 73 0 88 0.4 
6248 22 0.8 30 0.8 37 0 49 0.9 56 0 64 0 71 0.7 73 0 82 0.5 94 0.4 
6410 7 0 51 0 66 0 76 0.4 
6516 4 0.8 
6541 85 0 
6573 10 0.3 22 1 35 0.4 52 0.7 67 0.4 68 0 87 0 99 0.7 
7233 3 0.7 22 0.6 
7278 7 0 24 0 37 0.5 38 0 54 0.4 56 0.4 59 0.7 87 0.9 88 0 92 0.4 
7323 16 0.9 31 0.6 62 0.9 85 0.4 86 0.8 91 0 
7482 8 0.8 48 1 66 1 98 0.9 
7487 4 0 12 0 14 0.8 25 0.3 40 0.7 49 0.9 67 1 
7681 11 0.5 18 0.8 21 1 32 0.7 34 0.3 44 0.9 66 0.5 67 0.9 88 0.4 98 0.4 
7922 3 0.3 28 0.8 48 0 59 0 65 0 76 0.6 78 0.9 
7942 2 0.9 61 0 85 0.9 93 0.7 
8079 8 0.8 11 0.6 27 0.7 55 0.3 62 0.4 83 0 94 0.4 
8164 5 0.7 11 0 12 0.4 50 0.6 64 0.7 69 0 72 0.6 
8437 26 1 27 0.3 52 1 60 0.8 86 0 91 1 
8640 26 0.4 
8645 64 0.4 
8706 21 0 28 0.9 88 0 
8755 0 0.8 4 0.4 28 0.8 29 0.5 66 0.9 
8973 24 0.3 59 0 64 0 73 0.3 79 0.8 98 1 
9109 34 0.9 39 0 62 0.3 77 0.9 87 0 98 0.3 
9310 8 0 10 0.6 15 0.8 29 0.6 58 0.7 59 0.7 75 0.4 90 0 
9422 15 0.8 36 0.4 37 0 55 0.3 73 0.6 
9591 17 0.4 18 0.3 31 0.8 39 0.5 50 0 62 0 83 0.9 87 0 98 0.9 
9635 21 0.4 28 0.4 61 0 77 0.9 85 0.7 87 0 
9989 30 0.8 52 0.9 85 0.9 89 0.5 
