100
223 30 0.7 
354 8 0.3 78 0.9 82 0 83 0.8 85 0 99 0.9 
432 1 1 14 0.7 29 0.3 32 0 78 0.6 80 0.4 85 0 87 0.3 92 0.5 
469 46 0.3 49 0 71 0.9 83 0 
510 35 0.7 49 0.8 93 0.9 
613 44 0.6 46 1 99 0 
690 2 0.3 17 0.3 23 1 24 0 83 0.5 96 0.6 
704 0 0 24 0 83 0.6 85 0 87 0.8 
711 3 0 19 0.8 31 0.5 51 0.7 56 0 71 0.3 72 0.3 76 0 85 0 93 0 
793 70 0.9 
919 7 0.4 14 0.8 22 0.8 25 0.9 26 0.3 35 1 46 0.7 48 0.9 67 0.4 94 0 
944 18 0 42 0.9 57 0.8 60 0.7 68 0.8 80 0.6 91 0 
1033 21 0.7 44 0 50 0.9 86 0.8 
1054 69 0.8 78 0 
1203 2 0 4 0.9 8 0.8 27 0.4 44 0.7 46 0 50 0.9 62 0.9 95 0.4 97 0.7 
1216 44 0 82 0.5 89 1 90 0.5 
1266 4 0 30 0 32 0 34 0 46 0 60 0.8 64 0.8 81 0.5 85 0.8 87 0 
1378 26 0.7 38 0.7 47 0.3 48 0.3 59 0.8 60 1 96 0.6 
1413 2 0 11 0.4 28 0.8 44 0.5 72 0.8 83 1 88 0.6 97 0.5 
1506 1 0.4 
1725 52 0.4 55 1 56 0.6 64 0.5 
1777 1 0.9 39 0 60 0.6 82 0 94 0.3 
1965 20 0.5 32 0.5 61 0 81 0.6 93 0 
2094 3 0.3 33 0 87 0 91 0.5 93 0.4 
2264 42 0.8 
2386 9 0.7 13 0.7 14 0.9 17 1 28 0.5 39 0.8 54 0.3 63 1 
2446 72 0.6 
2633 1 0.8 67 0.6 76 0 81 0.6 
2994 31 0 36 0.9 55 0.3 
3053 8 0.8 10 1 13 1 29 0.3 68 1 81 0 86 0.6 92 0.6 
3231 17 0.6 19 0.7 54 0.4 55 0 77 0.5 89 0.3 97 0 
3299 9 0 25 0.6 46 0.9 56 1 91 0 92 0 95 0.3 
3324 15 0 35 0.5 40 0 41 0.4 42 0.7 49 0.4 53 0.3 60 0.8 98 0.4 99 0.7 
3344 38 0.5 46 1 51 0.4 
3357 11 0.3 38 0.4 47 1 73 0.8 90 0.6 
3369 23 0 38 0.9 39 1 45 0.3 
3410 8 0.5 51 0 70 0.9 89 0.8 90 0.6 
3518 4 0.6 26 0 80 0.5 
3774 20 0.8 26 0.5 33 0.5 41 0 45 0.6 47 0.7 86 0 93 0.9 98 0 
3777 4 0.7 6 0.8 
3801 1 0.3 32 0.4 44 0.7 81 0 91 0 
3824 15 0.7 27 0.5 35 0 66 0.9 77 0.5 84 0.9 85 0.8 91 0.4 
4037 16 0.6 32 0.6 37 0.7 43 0.3 72 0 81 0.4 82 0.8 84 1 
4418 67 0.8 77 0.3 
4450 92 0.8 
4873 40 0.8 42 0 73 0 74 0.4 75 0 96 0.7 
4931 4 0.7 10 0 20 1 42 0 45 0.3 56 0.7 71 0.6 72 0.6 74 1 78 0.9 
5118 12 0.6 28 0.4 35 0.6 37 0.9 43 0 46 0 48 0.7 93 0 95 0 99 0 
5161 41 0 78 1 
5337 2 0.7 11 0 22 0.8 35 0 46 0.3 59 0.8 75 0 95 0.7 
5698 0 0.8 30 1 37 0.5 38 0.6 41 0.5 47 0.4 76 0.4 
5753 14 0 15 1 25 0.7 32 1 
5754 7 0.3 20 0.7 47 0.9 88 0.8 
5917 12 0.9 27 0 77 0.5 78 0 81 1 
5920 1 0.4 19 1 23 1 42 1 45 0.7 49 0.4 82 0.4 88 0.7 
5935 15 0.4 17 0.4 38 0.5 44 0.5 66 0.4 68 0 69 0.5 74 1 86 0 92 0 
5994 17 0.9 18 0.3 24 0.5 25 0 27 0.3 33 0.6 99 1 
6000 6 0 7 0.8 10 0.8 22 0.3 51 0 66 0 82 0.8 85 0.3 96 1 
6015 0 0.3 7 1 14 0 49 0 61 0.7 66 0 72 0.5 77 0.6 98 0.3 
6024 0 1 16 0.3 40 0.6 54 0 56 0.9 60 0.9 61 0.4 76 0.9 77 1 
6126 6 0.3 12 0.8 26 0.3 48 0.6 52 0.3 56 0 73 0.3 79 0 89 0.3 
6139 11 0.6 12 1 22 0 23 0.3 43 0.5 60 0 
6243 5 0 7 0.6 14 0.4 26 0 62 0 64 0.6 70 0 71 0.5 82 0.4 91 0 
6253 5 1 33 0 38 0.5 49 0.9 62 0.8 66 0.7 68 0.8 77 0.8 86 0.4 94 0.5 
6348 38 0.9 
6355 82 0.5 89 0 
6418 1 0.4 15 0 18 0.6 25 0 48 0 53 0.8 54 1 64 1 66 0.8 87 0.6 
6428 7 0.4 30 0.8 38 0 43 0 50 0 64 0.6 89 0 
6478 22 0 25 0 40 0.9 57 0.8 
6771 19 0.5 30 0.3 34 0.8 39 0.6 65 0 80 0.4 96 0 
6949 33 0.5 80 0 82 1 94 0 
6954 9 0.3 59 0 
6966 37 0.9 
6983 2 0.5 10 0 71 0 73 0.7 93 0 
7029 4 0.5 28 0.3 48 0.9 52 0.3 55 0.3 62 0 68 0 70 0 86 0.7 88 0 
7071 29 0.4 37 0.5 52 0.3 69 0.9 80 0.9 97 0.4 
7340 22 0.7 42 0.9 69 0.8 71 0.6 75 0 78 0.4 89 0.4 
7357 58 0.9 
7489 9 0.8 27 0.7 38 0.7 62 0.5 65 0 73 0.8 78 0.4 81 0.9 90 0.5 99 0.4 
7499 28 0.7 
7639 29 0 36 0.9 41 0.6 42 0.5 43 0.6 59 0 86 1 
7865 7 1 14 0 28 0.5 38 0.9 
8040 11 0.8 51 0.5 
8060 62 0.3 74 0 
8066 6 0.4 8 1 18 0 25 0.8 61 0.5 62 0.3 71 0.7 95 0.7 96 0.9 
8119 0 0.5 31 0.8 32 0.3 54 0.8 57 0.4 68 0.9 94 1 
8291 80 0.8 85 0.7 
8647 56 0.5 
8672 37 0.8 69 0.4 88 0.7 
8706 21 1 28 0.3 88 0.6 
8807 11 0 26 0.9 34 0.9 
8838 12 0.8 
8879 7 0.5 12 0.8 22 1 38 0 44 0 46 0.3 47 0.4 66 0 75 0.8 85 0.7 
8992 19 0.8 25 0.3 30 0.6 38 0.5 66 0.9 73 0.7 77 0.3 83 0 92 0.9 94 0.6 
9110 2 0.5 10 0.9 36 0.7 38 0.8 39 0.3 79 0 
9187 26 0.5 29 0.3 93 0 96 0 
9230 23 0 57 0.3 88 0.9 
9460 7 0 31 0.3 37 0.9 52 0.3 60 0.3 67 0.8 
9657 42 0.3 74 0 81 0.3 93 0.4 
9920 23 0 43 0.5 77 0.6 80 0 99 0.9 
