100
5 18 0.8 43 0.9 57 0.6 83 0.4 95 0 96 0 98 0 
46 18 1 
108 28 0.3 
185 9 0 13 0.3 17 0.9 19 0.4 30 0 32 0 35 0.3 58 0.8 83 0.8 88 0.4 
317 39 0 
450 15 1 59 0.7 60 0.4 73 0.8 
462 4 0.4 11 0 28 0 35 0.4 47 0.3 63 0.5 87 0.6 
687 36 0.8 61 0.7 62 0.9 94 0 
799 70 0.8 
822 7 0 16 0.6 18 0.8 20 0 42 0 44 0 85 0.4 92 0 94 0 97 0.9 
880 4 0.9 5 0.8 49 0.8 54 0 59 0 68 0.7 77 1 88 0.6 
942 57 1 66 0.6 73 0.5 83 0.8 86 0 
1088 10 0.3 37 0.4 45 0.5 47 1 52 0.6 54 1 61 0.7 65 0.9 69 0.6 78 0 
1467 26 0.6 46 0.5 51 0.4 
1529 39 0.4 88 1 
1545 13 0.7 69 0 93 0.6 
1578 7 0 28 0.8 44 0 57 0.8 70 1 78 0.6 86 0.7 
1651 10 0.4 13 0.9 25 0.8 46 0.9 83 0.4 
1780 6 0 
2059 29 0 61 0.4 65 0 76 0.9 81 0 90 0.6 92 0 97 0.3 
2134 26 0.7 44 0.9 55 0 79 0.4 89 0 
2191 11 0.6 37 0 45 0.4 
2214 1 0.8 13 0 42 0.3 67 0.7 68 0.6 72 0.4 88 0.4 
2217 4 0.6 18 1 27 0.5 42 0 43 0 56 1 79 1 81 0.5 91 0.3 
2366 2 0.9 8 0 10 0.4 14 0.4 15 1 18 0.7 20 0.9 21 0.6 52 0.7 61 0.5 
2442 10 0.8 22 0 23 0.5 56 0 68 0.9 
2482 71 0.8 81 0.6 84 0 
2525 0 0 39 0.9 
2648 10 0.6 30 0.9 39 0 46 0.5 51 0 66 0.4 76 0 80 0.4 
2714 5 0.3 56 0.7 
2941 14 0 19 0 41 0.7 48 0.6 61 0.3 
2956 3 0.6 7 0 8 0.9 13 0.8 25 0 29 0 30 0.7 53 1 59 0 69 0 
2962 3 0 16 0.5 33 0 55 0.5 
3000 13 0.8 42 0.9 45 1 73 0.4 97 0 
3027 11 0 36 0 97 0.3 
3054 36 0.3 50 0.7 52 0.6 63 0.7 98 0.4 
3111 2 0.7 16 0.7 28 0.3 30 0 50 0 69 0.9 72 0 82 0 92 0.9 
3238 5 1 32 0 46 0 94 0.5 95 0 96 0.9 
3266 42 0.5 52 0 67 0.6 72 0.9 74 0 75 0.3 97 0.5 
3355 1 0.9 32 0.6 35 0.9 42 0.6 76 0.3 89 0.9 95 0 
3877 9 1 16 0 23 0.3 34 0.7 50 0.5 51 0.9 59 0.7 63 0 98 0.8 
3936 3 0 4 0.6 6 1 21 0.3 24 0.5 76 1 77 0.6 92 0.3 
4389 41 0.6 49 0.4 52 0.8 60 0 65 0 80 0.3 
4536 4 0 10 0.5 11 0.4 12 0.8 15 0.6 22 0.9 34 0 70 0.7 
4864 94 0.4 
4990 32 1 40 0 95 0 
4995 13 0.8 23 0.3 57 0.5 59 0.7 61 0.5 71 0.6 92 0.8 95 1 99 0 
5057 41 0.8 
5232 17 0.9 20 0.8 27 0 36 0.4 53 0.7 62 1 85 0.6 87 0.3 
5355 84 0.8 
5397 2 0.9 19 0.7 23 1 57 0.4 77 0.8 81 0.3 88 0 95 0 
5404 5 0.4 15 0.4 25 0.5 32 0 33 0.9 41 0.8 48 0.7 57 0.3 82 1 
5432 56 0.8 78 0 
5913 69 0.8 
5986 36 0 
6092 4 0.5 
6131 8 0.6 14 0.9 23 0.8 36 0.7 44 0.9 64 0 98 0.9 
6208 1 1 11 0 17 0 22 1 28 0.8 37 1 67 0 86 0.3 90 0 
6255 4 1 26 0.3 65 0.6 96 0.3 
6297 4 0.5 10 0.9 23 0.8 26 0.4 36 1 47 1 56 0.9 72 0.7 84 0 91 1 
6313 0 1 2 0 25 0 52 0.9 66 0.4 83 0 88 0.3 95 0.6 
6413 0 0.6 20 0 41 1 51 0 58 0 62 0.6 81 0 99 0.6 
6468 19 0.5 29 0.4 51 0 54 0 59 0.8 71 0.9 79 1 
6569 10 0 17 0.7 42 0.4 54 0 70 0 
6708 0 1 12 0.6 21 0.9 34 0 46 0 54 0.6 57 1 
6769 5 0 15 0.7 26 0.3 29 0.5 38 1 51 0.5 53 0.5 57 0.5 81 0.8 
7056 17 0 21 0.6 24 0 27 0.6 33 0.9 45 0.3 46 0.4 48 0.9 58 0.5 64 0.8 
7181 25 0.4 27 1 29 0.4 35 0 51 0 57 0 73 0.8 77 0.4 
7186 8 0 30 1 33 1 40 1 41 0.9 45 0.6 77 0 86 0.4 87 0.4 96 0.9 
7430 6 0.9 9 0.8 19 0.7 30 0.9 31 1 53 0 70 0 79 0 97 0 
7439 3 0.5 19 0 55 0.4 89 0 
7449 61 0.9 63 0.3 
7517 4 0 39 0 61 0.4 74 0 77 0.9 79 1 98 0.7 
7519 2 0.4 3 1 25 0.5 29 0 54 1 
7680 12 0.4 36 0.9 54 0.3 67 0 72 0.3 76 0.3 77 0.4 82 0.4 91 0.5 99 0 
7717 21 0 71 0.9 
7805 51 0.5 81 0.4 
7845 13 0.3 21 0.8 35 0.4 59 0 65 0.9 85 0.6 
8032 0 0 3 0 5 0.6 14 0.5 16 0 32 0.7 39 0.7 46 0.4 83 1 91 0 
8071 42 0.3 44 0.4 65 0 
8077 11 0 40 0.3 49 0.3 57 0.9 69 0 71 0.3 74 0.3 
8281 63 1 65 0.4 
8357 24 1 70 0.8 74 0.4 75 1 95 0.6 
8406 19 0.8 41 0 54 0 58 0 63 0 66 0.5 79 0.9 95 0.8 
8504 5 0 
8580 28 0.8 69 0.6 96 0 
8783 13 0.8 24 0.6 43 0.9 
8852 75 0.3 
8861 11 0.8 14 0.6 16 1 35 0.7 68 0.4 74 0.5 78 0.4 94 0 
9136 43 0.5 84 0 
9238 13 0.4 39 0.7 41 0.7 44 0.9 66 0.9 72 1 73 1 77 0 99 0.4 
9561 9 0 21 0.5 29 0 35 0.7 60 0.5 72 0.7 77 1 87 0.9 92 0.5 97 0.3 
9626 8 0.3 9 0.7 14 1 29 0.5 32 0 38 0.6 40 0.9 51 0.3 66 0 71 0.6 
9679 15 0 41 0 62 0.6 
9735 10 0.6 24 0 33 0 62 0 68 0.4 80 0 87 0.3 
9858 8 1 33 0 34 0.8 53 1 93 0.4 
9930 6 0.7 12 0 16 0.5 40 0.3 43 0 50 0.6 52 0.8 65 0.3 80 0.4 85 0 
9955 8 0.8 
9971 83 0 
9989 30 0 52 0 85 0 89 0 
