100
63 0 0 8 0 17 0.6 20 0.9 49 0.5 73 0.7 95 0.4 97 0.9 
85 7 0 35 0.4 56 0.3 82 0.7 94 0.5 
114 1 0.9 21 0.3 28 0 35 0.3 48 0 
137 0 0.7 3 0.6 29 0 50 0 66 0.3 
155 85 0.3 95 1 
442 71 0 
469 46 0.3 49 0.4 71 0.5 83 0.6 
573 4 0 13 0 37 0 
623 38 0.7 61 0.4 65 0.5 70 0 86 0 96 0 97 0.5 
701 5 0 6 0.4 12 1 21 0.7 24 0.8 32 0 56 1 76 0.9 93 0.9 
718 8 0 17 0.8 26 0.7 43 0.3 74 0.9 79 0 
942 57 0.4 66 0.8 73 0 83 0.8 86 1 
945 9 0.7 32 0.9 33 0 
961 4 1 59 0.3 76 0.3 82 0.4 84 0.3 
985 28 0.9 44 0.9 55 0.4 
1033 21 0.8 44 1 50 0.4 86 0.3 
1124 3 0 4 0.9 35 0.3 43 1 54 0.9 65 0.8 72 0.4 81 0 84 0.7 85 0 
1284 89 0 
1308 3 0.8 49 0 50 0.3 54 0.8 61 0 65 0 78 0 85 0.4 90 0.5 
1632 4 0 10 0.7 33 0.9 64 0.3 65 0.4 75 1 80 0.8 
1889 80 0 
1897 47 0 54 1 73 0.9 82 0.4 90 0.8 94 0.9 95 0.9 
2079 3 0 16 1 62 0.9 67 1 82 0.5 84 0 91 0 92 0 93 0.6 
2083 0 0.9 8 0 31 0.7 38 0.6 50 0.4 51 0.4 57 0.4 71 0.5 81 0 
2108 0 0.9 29 0 42 1 46 0 85 0.6 
2204 25 0.7 40 0.3 53 0.7 81 0.7 90 0 
2320 7 0.9 19 0.6 22 1 42 0.6 50 1 64 0.4 84 0.6 90 0.8 92 0.4 
2433 4 0.9 14 0.6 27 0.9 33 0.7 36 0.6 57 0.3 82 0.3 91 0.9 
2474 12 0.8 35 0.7 42 0.3 46 0.8 48 0.6 74 0.3 88 0.3 94 0 98 1 
2501 15 0.8 16 0 23 0 59 0.8 72 0.8 86 0.8 
2606 38 0.6 56 0 
2653 7 0.9 98 0.4 
2656 3 0.9 5 0 41 0.4 48 0.7 55 0 65 0.5 85 0 99 0.4 
2708 0 0 18 0.6 37 0.6 39 0.7 48 0 58 1 88 0.7 99 0.9 
2822 33 0.9 34 0 51 0.4 
2840 28 0.7 40 0.6 47 0.5 56 1 
2874 1 0.9 15 0.7 36 0.3 42 0.3 54 0.4 78 0 87 0 
3069 0 0 7 0.9 13 0.5 39 0.6 47 0.3 51 0.3 56 0.3 80 1 90 0 
3200 40 0.8 
3320 26 0 
3386 15 0.3 51 0.7 73 1 
3411 12 0.4 26 0.7 38 0.4 47 1 55 0.3 69 0.7 84 0.7 88 0.4 
3444 36 0.9 40 0.3 55 0.5 73 0.7 77 0 80 0.4 96 0.3 
3476 43 0.3 80 0.3 
3535 10 0.3 22 0 35 0.7 45 0.3 61 1 67 0 91 0.4 98 0 
3637 9 0 23 0 44 0 46 0.9 60 0 61 1 65 0 69 0.5 78 0 91 0.7 
3697 13 0 25 0.4 30 0.8 35 1 54 0.4 79 0.9 
3801 1 0.3 32 0.4 44 0 81 0.3 91 0.9 
3971 4 0.6 35 0 37 0.7 47 0 53 0.9 
4175 0 1 8 0.7 23 0.8 25 0 49 0 71 0.5 73 0 76 0 85 1 87 0 
4221 10 0.9 63 0.3 82 0.4 
4257 17 0.3 19 0 54 0 69 0.3 85 0.7 
4386 2 1 3 0.6 15 0.4 65 0 75 0 83 0.8 84 1 
4550 1 0.7 5 1 20 0.3 42 0.6 45 0 89 0.7 
4640 1 0.7 6 0 21 0 63 0.6 64 0.6 72 0.6 84 0.3 85 0 95 0.6 
4905 85 0 
5009 2 0.3 4 0 19 0.4 45 0.8 64 0.9 67 0 79 0 82 0.5 84 0.5 
5023 7 0.7 24 0.4 35 0 36 0 71 0.7 80 0.5 
5066 75 0 
5106 16 0.8 61 1 
5137 28 0.6 35 0 48 0.8 58 0.8 88 0.4 
5207 14 0.9 20 0.9 22 0.9 30 0.4 39 0 47 0 51 1 54 0 65 0.3 70 0 
5287 5 0.4 14 1 27 0.4 55 0.9 70 0.8 72 0.5 74 0 80 0.3 99 0.8 
5419 2 0.5 11 0 16 0.7 23 0 32 0 39 0.3 49 0 53 0 54 0.3 85 0.9 
5510 24 0.7 81 0.5 96 0.8 
5560 14 0.5 17 0.3 30 0.4 34 0 78 0.6 80 0 
5625 22 0.4 51 0 55 0.7 69 0.6 73 0.9 99 0.9 
6059 12 0.7 20 0 23 0 37 0 57 1 73 0.4 
6062 15 0.8 24 0 55 0.4 73 0.3 92 0.5 
6073 12 0.5 18 1 19 0 30 0.6 34 1 40 0 50 0 68 1 87 1 
6093 13 0.4 28 0.8 48 1 50 0.4 61 0.5 80 1 89 0.7 
6124 11 0.4 13 0.4 38 0.7 70 0 92 0 93 0.6 
6145 0 0.4 10 0 11 0.5 18 0.3 24 1 26 0.7 29 0.3 39 0.3 76 0 
6363 83 0 92 0.4 
6411 19 0.4 51 0 
6423 62 0 68 0.8 
6563 24 1 36 0.8 69 0.6 
6605 9 0.3 49 0.5 57 0.7 64 0.5 80 1 82 0.6 83 0.3 92 0.3 
6640 7 0.9 
7069 32 0.5 34 0 42 0.8 59 0.4 83 0 99 0.5 
7200 4 0.7 10 0.8 22 0.5 29 0.4 35 0.4 37 0.3 38 0 67 0 74 0 76 0.9 
7204 33 0 36 0.5 49 0.4 76 0.9 
7338 11 0 22 0.8 36 0.4 52 0 60 0.9 64 0 71 1 96 0.6 
7378 12 0.3 28 0.8 30 0.8 35 1 51 0.9 78 0.3 82 0.5 84 0.9 94 0.9 
7496 7 1 15 0 23 0.7 28 0.5 33 1 65 1 
7635 55 0.6 
7878 24 0 87 0.5 
7889 7 0.9 41 0 48 0.7 65 0.8 68 0 84 0.8 87 0 
7908 4 0 29 0 50 0.5 62 0 64 0 65 0.5 69 0.9 76 0.9 80 0.4 92 0 
8071 42 0.8 44 0.3 65 0.5 
8249 12 0.7 31 0.9 54 0.6 57 0.8 58 0 67 1 
8331 42 0.4 46 0.8 55 0.6 67 0.5 69 0.4 
8547 21 0.9 43 0 46 0 51 0.4 59 0 65 0.8 74 0.9 79 1 85 0.5 
8788 2 0 20 0 34 0.9 40 0.4 48 0.3 58 1 72 0.4 83 0.5 
8887 1 0.7 31 0.4 55 0 59 0.8 63 0.7 95 0.8 
8988 2 0.7 5 0 15 0.9 31 0.8 36 0.8 41 1 46 0.3 66 0 72 0.5 
9187 26 0.3 29 0 93 0 96 0.8 
9349 0 0 4 0.3 8 0.4 17 0.6 25 0 31 0.9 33 0.3 37 0.5 52 0.8 91 0.5 
9590 31 1 
9705 0 0.9 29 0 42 0.7 45 0 61 0.3 65 0.8 78 0.8 
