100
41 8 0.3 35 0.8 40 0.7 41 0 42 0 77 0.8 92 0 
144 3 0 13 0.6 15 0 37 0.3 65 0 82 1 
170 3 0 18 0 19 0.7 75 1 
248 4 0.5 5 0.3 28 0.5 46 0.5 55 0 70 0.9 82 0 93 0 95 0.4 
253 97 0.7 
379 0 0.5 9 1 21 0.3 34 0.3 53 0.5 66 1 83 0.8 
567 0 0 12 0.8 21 0 32 0 41 0 44 0.4 51 0 71 0.3 89 0 
665 10 0.4 14 0.8 27 0 44 0.6 46 0 51 0 57 0.7 75 0 
671 0 1 7 0.8 22 0.3 23 0 25 0.7 78 0.9 86 0.6 
703 58 0.3 
718 8 0.8 17 1 26 0.7 43 0 74 0.9 79 0 
872 0 0 3 0.5 22 0.7 48 0.7 60 0.4 72 0.5 86 0.8 88 0.5 93 1 
936 4 0 7 0.9 9 0 23 0.7 50 0.3 66 0 86 0 95 0.3 
1073 1 0 12 0.5 13 0.6 45 0.4 72 0.7 80 0.7 83 0.3 
1138 6 0.3 18 0.8 29 0.5 
1140 16 0 23 0 26 0.6 32 0.9 44 1 66 0.4 73 0.8 75 0.5 85 0.7 
1212 8 1 38 0.8 41 0.5 52 0.9 
1342 4 0.5 33 1 64 0.5 99 0.9 
1458 13 0 26 0.6 49 0 61 0 77 1 87 0.6 
1565 26 1 54 0.8 61 0 
1577 68 0.8 
1730 16 0.9 52 1 94 0 
1889 80 0.4 
2198 5 0.5 45 0.7 
2369 28 0 72 0.7 99 0.4 
2370 22 0.7 43 0.3 
2465 11 0 50 0.8 59 0.8 78 0 
2540 32 0 45 1 95 0.8 
2556 9 0.5 10 0.5 21 0.8 24 1 25 0 45 0 53 0.5 81 1 
2621 12 0.3 40 1 
2688 36 0.9 64 0 
2761 15 0.9 64 0 
2794 23 0.4 43 0 49 0.5 68 0 85 0.5 91 0.5 93 0 
2937 24 0.5 28 0.5 30 0.8 42 0.8 61 0 63 0 65 0.4 68 0 93 0.7 94 1 
3048 34 0.5 82 0.5 
3063 31 1 76 0.8 
3135 33 0 91 0.3 
3136 7 0.5 8 1 17 0.8 19 0 52 0.9 57 0.4 60 0.8 72 0.7 77 0.3 79 0.7 
3151 12 0.3 20 0 25 0 30 0.8 31 0 37 0.7 65 0.7 78 0.4 
3202 47 1 65 0 
3239 9 0.9 41 0.8 96 0.3 
3356 18 0.7 22 0.8 32 0.6 37 0.4 47 0.4 67 0.9 73 0.3 84 1 85 0.5 89 0 
3652 33 0.4 48 0.6 99 0.4 
3793 3 0.3 19 0 39 0 66 0 73 0.4 88 0.6 96 0.7 
3815 4 1 9 0.6 19 0.8 20 0.3 46 0 64 0.8 86 0 
3977 6 0.4 17 0.7 20 0.3 27 0.8 30 0.8 34 0.6 37 0.8 38 0.3 45 0.9 81 0.8 
4082 2 0.4 7 0 18 0.5 21 0.9 31 1 34 0.6 54 0 
4230 3 0.9 5 0.4 16 1 26 0 45 0.7 54 0.7 55 0 65 0.6 77 0.6 78 0.7 
4303 40 0.6 
4363 29 0 34 0.6 51 0.8 87 0.6 88 0.8 
4397 33 0 47 0.7 56 0.3 
4469 5 0.7 40 0 42 0.9 44 0 
4506 20 0 21 0.7 44 0.8 56 0.9 90 0.7 
4595 13 0 18 0.7 21 0 22 0.6 75 0.7 88 0.6 95 0.8 
4655 24 0.8 55 0.7 60 0.3 
4727 53 0 
5012 7 0.3 29 0 65 0.4 
5120 46 0 
5362 12 0.4 23 0.5 25 0.6 35 0.4 40 0 44 1 46 0.9 82 0 94 0 
5415 10 0.7 12 0.7 52 1 61 0.4 67 0 75 0.8 77 0.8 79 0.8 92 0.5 98 1 
5444 13 0 35 0.6 41 0 47 0.3 66 0.3 82 0.3 
5765 2 0.6 11 0 49 0 
5787 9 0 
5846 9 0.5 39 0.3 52 0.7 69 0.4 74 0 81 0.6 89 0 
5939 14 0.3 31 1 49 0.5 52 1 54 0.8 57 0.7 58 1 62 0.5 95 0 97 0 
5956 27 0.8 
6117 59 0.3 
6234 38 0.8 
6450 1 0 28 0.8 94 0 
6454 92 0 
6493 1 0 58 0.5 61 0.3 72 0.8 75 0.6 77 0 89 0.5 95 0.3 99 0.8 
6732 3 0.8 16 0.5 21 0.7 32 0 50 0.4 65 0.3 92 0 
6757 95 0.8 99 0 
7086 7 0.3 20 0.8 26 0.6 33 0.6 45 0.5 61 0 
7221 14 0.7 21 0 26 0.6 43 0.3 44 0.4 46 0 49 1 55 0.8 82 0 
7467 2 1 5 0 46 0.4 50 0 74 0 79 0.5 96 0.8 97 0.4 99 1 
7486 3 0 14 0.5 53 0.5 78 0.7 90 0 92 0.3 98 0 
7914 4 1 26 0.6 29 0 40 0 47 0.9 56 0 61 1 67 0.3 
7936 11 0.7 16 0.4 25 1 42 0.6 49 0.4 75 0.6 87 0.6 
8021 20 0.8 37 0 60 0 61 0.4 72 0 73 0.6 96 0 
8044 16 0.8 23 0.6 37 0.6 38 0 96 0.5 
8174 23 0.7 34 0.6 56 0.3 66 0.9 69 0.5 
8238 23 0.7 30 0.9 90 0.3 
8715 35 0.6 91 0 97 0 
8739 19 0.5 
8810 6 0.4 45 0 68 0.8 99 0 
8958 4 0 10 0.3 33 0.9 38 0 41 0.3 52 0.4 61 0.4 77 0.8 
8975 1 0.8 23 0.9 24 0.9 30 0.6 38 0.7 77 0 84 0.9 94 0.5 99 0 
9052 11 0 78 0 97 1 
9187 26 0.6 29 0.8 93 0.4 96 0.3 
9343 21 0.3 26 0.9 30 0 49 0.8 60 0.3 70 0.6 85 0 90 0.8 98 0.8 
9433 43 0.6 
9460 7 0 31 0.3 37 0.4 52 0.6 60 1 67 0.6 
9486 41 0 45 0.8 90 0.9 92 0 93 0.3 
9499 34 0.9 
9540 5 0 18 0 28 0.6 63 0.6 76 0.4 90 0 
9621 3 0.6 32 0.7 41 1 61 0 
9828 15 0.9 28 0 36 0.4 37 0 69 0.6 
9871 77 0.6 
9872 28 0 39 0 60 0 61 0 
