100
2 12 0 20 0 41 1 54 0.6 78 0.6 
126 1 0 53 0 55 0 92 0.8 94 0 
188 3 0.3 12 0 38 0.3 72 0.5 74 0 87 0.6 88 0.9 
274 4 0.3 13 0.5 38 0.6 50 0.9 52 0.3 67 0.6 68 0.9 72 0.8 82 0.6 88 0.6 
286 25 0.5 48 0 51 0.7 55 0.6 56 0.7 64 0.7 86 0 90 1 93 0 
300 2 0.3 46 0 63 0 65 0.4 72 0.4 
588 84 0 
593 42 0 45 0.4 53 0.9 55 0 72 0.6 
731 4 0.8 20 1 25 0.8 26 0.6 30 0 31 0.9 33 0.9 46 0.4 53 0.9 66 0.4 
737 36 0 43 0 46 0.4 59 0.3 69 0.8 90 0 
790 13 0.9 30 0 34 0 42 0 63 0.4 66 0.9 70 0.5 74 0.6 98 0.4 
941 3 0.6 20 0 70 1 
1001 6 0.9 7 0.9 20 0.9 31 0.6 54 0.3 57 0.7 74 0.8 92 0 
1043 1 0 15 0.3 39 0 58 0.4 
1110 24 0.8 25 0.4 28 1 39 0.4 43 0.6 70 0.9 73 0 80 0.5 86 0.9 89 0.6 
1117 18 1 
1210 61 0.8 97 0.4 
1340 7 0 8 1 9 0.5 75 0 81 0.8 86 0.3 
1442 0 0.9 3 0.3 19 0.6 25 0.4 27 0.6 28 0 39 0 52 0.4 74 0 
1616 23 0 45 1 48 0.7 
1628 18 0.8 29 0 47 0.8 48 0.6 61 0.9 70 0 80 0.3 
1759 0 0.5 3 0.3 6 0 9 0.7 10 0.9 17 1 56 0.9 72 0 79 0.4 82 0.7 
1783 16 0.5 18 0 32 0.4 47 0.8 77 1 81 0 93 0 
1929 1 0.4 7 0 22 0 37 0.9 87 0.8 94 0.7 
2005 17 0.4 25 0.8 45 0.3 69 0.6 72 0.8 77 0 
2101 8 0.5 25 0.8 32 0 36 0.9 58 0 60 0 77 0.8 96 0.8 
2146 5 0 31 0.6 83 0.8 
2176 17 0.6 31 0.7 45 0 69 0 72 0.7 88 0 92 0 
2282 51 1 
2297 15 0.8 16 0.9 45 0.4 73 0.4 82 0.3 89 0.9 
2662 3 0.4 25 0.6 42 0.7 43 0.9 63 0.4 73 0.8 88 0.7 
2765 22 0.6 26 0.4 27 0.6 32 1 35 0.3 45 0 69 0 85 0 91 1 
2847 2 0 6 0 19 0.8 21 0.5 46 1 66 0.5 69 0 74 1 
2850 0 0 79 1 
3174 98 0 
3235 37 0 
3359 6 1 23 0.9 63 0 77 0.3 
3426 1 0.6 28 0.8 32 0.6 33 0.5 35 0 64 0.8 67 0.5 70 0 92 0.5 
3435 6 0 
3821 6 0 12 0.9 23 1 26 1 49 0 82 0.3 88 0.8 
3914 2 0.8 6 0.7 13 0.5 35 0 48 0.8 62 0.3 79 0.4 89 0.8 97 0 
3920 81 0.4 93 0.7 95 0.6 97 0.3 
3930 11 0.8 15 0.7 17 0.8 24 1 31 1 67 0.4 89 0.8 
4041 18 0 
4054 72 0 95 1 
4056 8 0.3 15 0.3 32 0.5 50 0.5 58 1 77 0.8 94 0.9 
4134 4 0.3 18 0.7 40 0.9 43 1 54 0.9 59 1 81 0.9 83 0.3 87 1 90 0.7 
4186 7 0 18 0 41 0.9 51 0.3 71 0.4 72 0.7 78 0 80 0.9 82 0.4 94 0.4 
4252 17 0 26 0.3 28 0.8 38 0.6 39 0.6 42 0 79 0 
4274 2 0.4 18 0.6 19 0.7 43 0.5 47 0 59 0 71 0 83 0.9 
4399 6 0.6 11 0 22 0.6 33 0 40 0.9 45 0 52 0.8 64 0.4 76 0.5 82 0.7 
4596 1 0.3 8 1 18 0.4 29 0.6 57 0 64 0.9 
4669 39 0.4 73 0.5 91 0.4 
4706 7 0.8 17 0.6 25 0 29 0 33 0.3 35 0.9 51 0.5 68 0.5 69 0.5 91 0.9 
4713 35 0.6 43 0.9 76 0 
4930 12 0 45 0.6 82 0 
4979 7 0.3 56 0 77 0 96 0.4 
5182 12 0.5 18 0.6 24 0 32 0.6 88 0.6 95 0.8 
5365 7 0.6 28 0 30 0.8 31 0.6 59 0.4 77 1 92 0.3 93 0.7 96 0.9 
5370 11 0 16 0.6 71 0.9 
5533 14 0.8 41 0 42 1 49 0.7 52 0 54 0.6 61 0.7 
5665 32 0.8 60 1 97 0.3 
5715 6 0.7 20 0 55 0.4 62 0 75 0.9 
5719 7 1 12 0.3 28 0.9 38 1 41 0.5 52 0.6 53 0.6 83 0.8 
5731 8 0.8 18 0 23 0 25 0 65 0.7 90 0 
6034 1 0.9 9 0.8 93 0.4 
6050 18 0.4 23 1 52 0.9 60 1 81 1 90 1 94 0.9 
6136 24 0.5 34 0.5 60 0.9 66 0 
6190 0 0.4 15 0.7 47 0.7 54 1 69 0.6 86 0.9 88 0.8 98 0.6 
6618 34 0.6 82 0.8 89 0 95 0 
6642 2 1 6 0.7 11 0.7 12 0.8 14 0.3 19 0 43 0 63 0.5 97 0.6 
6700 22 0.3 46 0.6 78 0.6 89 1 93 0 
6717 9 0.5 18 0 22 0.7 27 0.8 34 0 39 0.7 61 0.9 69 0 88 0.4 
6906 13 0.3 38 0 47 0.3 75 0.8 89 0 
7067 10 1 
7185 10 0.8 19 1 22 0.4 30 1 40 0 46 0.5 69 0.7 94 0.4 
7382 5 0.6 13 0 16 0.4 52 0.9 59 0.9 71 0.7 74 1 79 0 81 0 90 0.3 
7525 40 0 54 0 
7564 39 0.5 
7927 25 0.7 
7989 20 0.3 35 0.4 37 0.9 65 0 81 0 89 0 98 0.7 
8060 62 0 74 0.4 
8082 42 0.6 51 0 69 0.3 73 0.8 
8144 47 0.9 74 0 94 0.7 98 1 
8171 7 0 10 0.9 12 0 19 0.3 37 0 54 0.7 57 0.7 72 0 85 0.4 88 0.5 
8211 11 0.6 12 0.4 26 0.9 27 0.7 41 0.5 70 0.8 75 0 92 0.5 
8243 20 0.6 44 0 51 0.3 80 0 97 0 98 0.6 
8290 37 0.9 46 0 66 0.4 83 1 85 0.8 86 0.5 92 0 
8352 39 0.4 
8614 2 0 7 0.6 22 0.3 27 0.5 41 0.4 45 0 71 1 87 1 90 0 99 0 
8640 26 0.5 
8730 64 0.8 68 0.7 
8926 10 0.4 12 1 52 0 55 0 58 0.3 
8975 1 0 23 0.5 24 1 30 0.7 38 0.7 77 0.3 84 0.8 94 0.6 99 1 
9143 4 0 40 0 44 0.9 50 0.4 51 0 72 0 76 0 79 0.7 82 1 94 0.8 
9238 13 0.6 39 0.7 41 0.7 44 0.5 66 0 72 0.6 73 0.6 77 0.5 99 1 
9371 8 0.5 37 0 61 0.5 
9419 25 0.5 28 0.6 43 0.5 46 0.4 57 0 58 0.7 86 1 88 1 92 0 
9775 31 0.8 45 0.4 48 1 52 0.5 65 0 68 0.7 85 0.9 90 0.3 94 0 
9785 31 0.9 51 0 53 1 58 0 64 0 66 0 71 0.5 92 0.5 94 0.7 
