100
59 18 0.3 20 0.6 47 0 53 0 56 0.3 64 0.8 81 1 86 0 96 0.7 99 0 
63 0 0.5 8 0.6 17 0 20 0 49 0 73 0.5 95 0 97 0.7 
87 10 0.7 54 0 59 0.6 62 0.3 69 0 71 0 72 0.9 92 0 
98 55 0.7 61 1 63 0 74 0 94 0 97 0.3 
202 21 0.6 37 0.5 56 0.5 64 0.3 67 0.6 72 0.5 75 0.3 83 0.7 
216 4 0.9 8 0.9 35 0.8 37 0 
391 54 0.6 91 0.8 
444 23 0.8 31 1 43 0.4 73 0.5 97 0 
471 25 0.4 28 0.5 68 0.9 75 0.5 82 0.5 85 0 88 0.3 92 0.8 98 0.7 
532 4 0.3 74 0.9 85 0 
552 22 0.9 28 0 55 0 
712 16 0.6 19 0 45 0.9 66 0.9 75 0.6 77 0.5 94 0 
723 10 0.5 72 0.3 79 0.4 98 0 
805 22 0 29 0.4 33 0.5 35 0.4 68 0 75 0.3 94 0.5 
1241 14 0.5 49 0 
1375 5 0 46 0.9 82 0 98 0.4 
1394 7 0 13 0 15 0 41 0.9 54 0.6 64 0.7 84 0.3 
1416 7 0 47 0 48 0.6 64 0 98 0.3 
1419 12 0 
1731 14 0.3 57 0 88 0.9 
1781 5 0.5 7 0.9 12 0.4 14 0.3 57 0 71 0 
1836 21 0.5 71 0.8 83 0.8 98 0 
1922 20 0.3 40 0.9 49 0.9 55 0.6 56 0 82 0.4 
2002 20 0 28 0.6 38 0.9 63 0.5 73 0.7 86 0.6 
2071 56 0.4 58 0.4 65 0 70 0.8 
2137 2 0.4 23 0.5 25 0 26 0.9 37 0.8 80 0 84 0.3 87 0.4 
2173 28 0.8 36 0 71 0.6 98 0.8 
2265 8 0 32 0.8 49 0.8 72 0.9 96 0.5 
2346 17 0.3 21 0 26 0 31 0.6 68 0.6 70 0.6 79 0.5 99 0.6 
2393 4 0.4 11 1 12 1 18 0.8 41 0.3 54 0 59 0.6 74 0.9 76 0 91 0.6 
2466 21 0 28 0.3 38 0 46 0.9 56 0 69 0.8 78 1 84 0.8 
2490 9 0.8 95 0.9 96 0 
2706 16 0 
2861 2 0.8 12 0.4 26 0 31 0 49 0.3 68 0 71 0.4 73 0.6 
2944 7 0.9 44 0.8 48 0.3 75 0.8 79 0.7 
2949 90 0 94 0.9 96 0.6 
2977 22 0.3 40 0.3 61 0 76 0.7 92 0.3 
3212 14 0 21 0.3 35 0.9 36 0 76 0 87 0 
3354 0 0.5 8 0 20 0 21 0 33 0 46 0.6 52 0.4 55 0.7 
3489 24 1 32 0.6 72 0 85 1 93 0.9 
3551 35 0 54 0.8 58 0.3 75 0.7 
3570 18 0.8 21 0 42 0.9 43 1 49 0.6 69 0.4 81 0 84 0 
3823 14 0.4 17 0 19 0.4 29 0 68 0 90 0.6 
3913 2 0.7 30 1 49 0.7 58 0.7 66 0 
4012 0 0 9 0.8 11 0 18 1 22 0.7 23 1 47 0.4 77 0.8 78 1 87 0.5 
4045 37 0.5 62 0.8 66 0.7 71 0.4 80 0.4 82 0.9 95 0 
4093 21 0.8 30 0 31 0 74 0.4 92 1 
4262 56 0 70 0.4 
4300 9 0.9 60 0.5 77 0 82 1 
4484 26 0.7 
4508 46 0.6 
4613 4 0.4 16 0.9 76 0 83 0.4 89 0 95 1 99 0 
4645 7 0.6 15 0.9 36 0.4 37 0 65 0.4 76 0 90 0 97 0.9 
4688 77 0.5 81 0.8 
4698 23 0 25 0.6 34 0.5 45 0 79 0 87 0 
4776 37 0.5 54 0 60 1 62 0.9 
4991 16 0.8 29 0.6 31 0.5 61 0.7 76 0.8 95 0 
5046 42 0 
5096 2 0 6 0.9 8 0 11 0 19 0.7 23 0.5 38 0.9 44 0.9 
5314 1 0 4 0.5 19 0.9 29 1 32 0.9 39 0.9 47 0.3 52 0.8 74 0.9 
5359 8 1 14 1 21 0.6 25 0.6 29 0.7 38 0.3 98 0.7 
5422 14 0 61 0 
5560 14 0 17 0.3 30 0.3 34 0 78 0.9 80 0.8 
5651 76 1 85 0 98 0 
5670 38 0.6 80 1 
5867 93 0.9 
6311 24 0 26 0 48 0.7 95 0.3 
6452 17 0.4 18 0.4 49 0.7 77 0.6 87 1 95 0 96 0.9 98 0.7 
6546 3 0 5 0 88 0 
6568 9 1 27 0.7 59 0.9 
6885 1 0.5 7 0 41 0.7 51 0.4 53 0 63 0.7 90 0.6 91 0.6 95 0.3 97 0.3 
6956 29 0.8 45 0.4 47 0.5 85 0.5 90 1 
6977 1 1 5 0.9 52 0.8 60 0.6 68 0.6 98 0.6 99 0.4 
7123 19 0.9 22 0.9 65 0.9 
7128 1 1 3 0.4 5 0.9 11 0 19 0.8 26 0.5 54 0 58 0 73 0 74 0.9 
7144 13 0.8 72 0.9 
7190 34 0 42 0.4 
7232 2 0.6 7 0 23 0.3 25 0.4 27 0.5 32 0 38 0.5 67 0.7 68 0.4 
7397 90 0.5 
7487 4 0 12 0.5 14 0.9 25 0.3 40 0 49 0 67 0.9 
7648 31 0.5 40 0 43 0.7 61 0.3 78 0 
7707 0 0.8 21 0.3 31 0.8 60 0.8 82 0.3 85 0.8 
7897 34 0 47 0 50 0.3 58 0.9 60 0.8 62 0.7 65 0.6 66 1 87 0.9 93 0 
8210 15 0.9 20 1 45 0.6 
8599 7 0.3 21 0 26 0.5 33 0.8 48 0.7 78 0.8 79 0.3 
8614 2 0 7 1 22 0.3 27 0.8 41 0.4 45 0.6 71 0 87 0.4 90 0.8 99 0.9 
8676 12 1 15 0.9 41 0.3 
8724 16 0.6 62 0 94 0 
8728 7 0.9 99 0 
8736 16 1 21 0.7 29 0 43 0.3 50 0.4 70 0.9 83 0.3 87 0.6 
8823 0 1 20 0.5 40 0 64 0 75 1 79 0.5 
9076 4 0.3 27 0 28 1 37 0.9 92 0.9 
9236 33 1 65 0.6 90 0.4 96 0 
9273 25 0.9 83 0.4 
9310 8 0.6 10 0 15 0 29 0 58 0.5 59 0.4 75 0.3 90 0.3 
9332 2 0.8 7 0.6 11 0.3 14 0 18 0.5 42 1 54 0.9 67 0.5 89 0 99 1 
9407 19 0 20 0.5 43 0.3 48 0.5 49 0.3 50 0 
9616 3 0.7 9 0 12 0.5 14 0 19 0 41 0.9 85 1 96 0.8 
9993 9 0.9 15 0.5 18 1 27 0.3 34 0.8 37 0.4 59 0.4 70 0.7 99 0.8 
9999 43 0 53 0.6 58 0.5 79 1 93 0.8 
