100
95 33 0.3 45 0.3 52 0.3 66 0.6 83 1 90 0.6 
97 5 0.3 9 0 13 0.9 16 0.3 54 0 62 1 
227 37 0 49 0.7 87 0.8 92 0.5 
400 15 0.3 22 0.8 40 0.7 72 0 84 0.7 99 1 
431 43 0.8 
442 71 0.6 
570 22 0 25 0.7 53 0.3 63 0 64 0 86 0.9 
579 28 0.3 68 0.9 95 0.6 
580 6 0 16 0.6 35 0 37 0.6 55 0.9 67 0.4 89 0 93 0 
722 0 0.5 5 0.8 6 0.8 7 0.4 28 0 31 0.4 34 0.9 53 0.5 54 0 
817 6 0.4 13 0.5 18 0.4 23 0 24 0.4 35 0.6 36 0.9 41 1 72 0 77 0.8 
930 11 0.4 14 0.7 16 1 40 0.5 42 1 76 0.3 77 0.8 88 0.4 
1342 4 0.3 33 0.9 64 0 99 0.3 
1393 36 0.3 85 0.6 
1497 12 0.8 46 0.8 72 0.5 90 0 
1515 10 0.3 17 0.4 26 0.6 28 0 38 0 58 0.8 62 0.6 67 0.9 72 1 88 0.6 
1840 53 0.4 69 0.9 
1848 10 0.8 13 0 31 0.6 42 0.6 45 0.8 54 0.6 55 0.6 76 0.9 96 0 
1983 42 0.4 46 0.7 49 0.7 52 0.9 77 0.9 89 0 
2025 0 1 3 0 11 0 82 0 84 0 92 0.7 96 0.4 
2467 48 0.8 
2493 3 0.7 4 0.3 8 0.7 11 0.3 17 0 38 0 39 0.8 47 0.5 79 1 84 0.5 
2495 18 0 33 0.6 66 0 
2503 51 0.4 56 0.3 
2520 8 0.6 13 0.8 40 0.9 69 0.3 75 0.8 82 0.4 83 1 86 0 91 0 
2535 5 0 12 0 32 0 43 1 57 0.6 67 0.7 69 0.6 76 0.4 89 0 98 0.6 
2563 25 0.7 39 0.5 98 1 
2615 73 0.8 76 0.5 87 0 
2740 1 0.7 38 0.3 56 0 94 0 
2860 7 0 46 0 50 0.8 94 0.3 
2882 20 0.4 26 0 39 0.3 50 0.5 57 0.3 73 0.9 92 0 96 0 
2977 22 0.8 40 0 61 0 76 0 92 0.9 
3028 73 1 85 0.9 
3257 10 0 26 0.5 54 0 65 0.7 
3267 50 0 
3268 7 0.7 17 0.5 22 0.3 35 0.3 36 0 89 0.6 
3395 79 0.5 
3535 10 0.4 22 0.9 35 0.5 45 0 61 0.8 67 0 91 0.3 98 0.3 
3605 12 0.3 17 0.3 21 0.8 56 0 79 1 85 0.9 
3644 39 0.5 44 0.6 
3707 35 0.5 46 0.5 64 0.3 66 0 70 0.6 72 1 90 0 
3951 2 0.9 21 0.5 30 0.4 40 0.3 61 0.6 67 0 75 0 84 0.9 94 0.5 98 0.3 
3964 3 0.5 10 0.4 28 0.4 34 0.6 41 0.9 62 0.8 
4016 39 0.5 72 0.8 94 1 97 0.5 
4209 39 0 44 0.6 72 0.6 81 0 
4310 1 1 11 0.3 75 1 93 0.5 95 0.6 
4391 83 0.4 94 0.7 96 0.7 
4500 60 0.9 73 0.8 85 0.4 
4692 11 0 30 0.5 69 0 90 0.8 
4740 3 0 9 1 16 0 22 0.3 40 0 41 0.8 50 0.4 61 0 73 0.3 81 0.6 
4835 2 1 8 0.6 29 0.9 53 0 60 0.9 61 0 74 0 
5252 6 0.4 19 0.7 60 0.4 
5254 19 0.5 22 0.4 26 0.6 92 0.3 96 0.7 
5271 29 0 41 0.4 82 0 
5328 1 0 42 0.6 49 0 52 0.9 86 0.6 
5349 78 0.6 
5442 48 0 
5556 5 0.4 15 1 31 0.5 39 0.7 65 0.8 81 0.5 89 0.8 90 0.6 95 0.3 99 0.6 
5609 4 0.3 5 0.3 11 0.3 21 1 28 0.5 35 0 36 0.4 43 0.9 69 0.8 
5644 6 0.8 14 0.6 32 0.5 35 0 41 0.7 44 0.9 
5724 4 0.9 6 0.9 9 0 19 0 23 0 57 0 79 0.5 85 0.6 
5735 9 0 23 0 32 0 36 0.6 52 0.8 93 0.8 
5760 14 0.8 30 0.7 56 0 63 0.7 
5842 2 0.7 3 0.8 27 0.3 29 0 95 0.8 99 0.9 
5857 90 0.6 
5939 14 0.3 31 0 49 0.5 52 1 54 0.3 57 0.3 58 0 62 0 95 0.9 97 0.3 
5988 1 0 2 0.3 41 0.7 55 0.8 64 1 65 0.7 73 0 87 0.5 98 0.5 
6002 1 0 33 0.6 36 0.6 46 0.3 65 0.8 70 0 83 0.8 87 0.7 99 0.6 
6192 9 0 23 0 39 1 58 0.7 59 0.9 66 0.7 68 0.3 73 0.3 88 0.9 
6239 19 1 21 0 64 0 
6280 25 0.4 
6294 23 0.5 43 0.5 47 1 64 0.6 87 0.6 91 0.9 98 0.3 
6353 10 0.9 26 0.8 69 0 85 0.9 
6430 26 0 45 0 64 0.4 
6618 34 0.9 82 0.6 89 0.7 95 0 
7042 22 1 45 0 55 1 57 0.4 91 0.7 
7085 72 1 97 0.8 
7114 2 0.3 40 0.9 45 0 
7309 41 0 83 0 
7506 80 0 
7647 10 0 97 0 
7651 75 0 
7741 10 0.6 45 0.8 61 0.4 92 0 
7757 2 0 5 1 10 0 25 0.6 73 0.6 
7770 29 1 63 0.9 83 0.7 94 0.3 97 1 
7895 4 0 14 0.8 16 0.8 32 0.8 47 0.9 64 0.3 65 0.4 67 0.3 70 0.5 89 0.3 
7908 4 0.6 29 0.7 50 1 62 1 64 0 65 0.8 69 0 76 0.9 80 0 92 1 
8005 7 0 21 0 29 1 35 0.7 55 0 58 0 79 0 80 0 89 0 98 0 
8109 10 1 14 0 40 0.5 47 0 55 0.8 68 0.8 
8209 21 0.7 
8337 39 0.9 67 0.3 83 0.5 92 0.3 
8623 0 0 20 0.4 21 0.6 40 0 50 0.7 56 1 65 0.8 66 0.6 89 0.4 
8663 2 1 7 0.6 9 0.4 12 0.6 22 1 24 0.3 40 0.6 43 0 82 0.3 85 0.3 
8782 39 0 47 0.6 76 0.6 82 0 90 0.7 94 0 99 0.8 
9018 2 0.8 15 0 19 0.3 35 0.6 41 0.3 52 0.8 55 0.8 86 0 96 0 
9119 52 0.7 96 1 
9213 14 0 15 0.9 32 0.3 62 0.8 73 0 78 0.4 
9270 15 0.4 23 0 58 0.7 68 0.4 71 0 
9289 53 0.6 64 0.3 84 0.3 89 0.6 
9415 4 0.6 37 0.8 62 0.8 63 0.3 67 0 
