100
220 0 0.3 19 0.4 42 0.6 48 0.6 65 0.5 80 0.4 94 0.8 97 0.3 
418 7 0.8 19 0.9 25 0.4 38 0 42 0 48 0 52 0.5 67 0.7 79 0.3 85 0 
523 25 0.6 60 0 
625 10 0.5 14 0 23 0.3 24 0.3 25 0.7 26 0 33 0.8 48 0.6 68 0.9 
628 11 0.3 45 0.5 61 0.7 65 0 
644 11 0.4 19 0 35 0.4 59 0.5 65 1 79 0.3 90 0.4 98 0.5 
700 80 0.8 
749 18 0 21 0.7 51 0.8 52 0 64 0.3 
814 21 1 27 0.8 43 0.4 55 0 71 1 81 0.8 
868 27 0 
899 42 0.5 95 0.9 
1008 4 0 79 0.5 84 0 
1052 0 0.3 2 0.8 5 0.4 16 1 32 0 38 0.5 50 0.7 66 0 67 0 81 0.8 
1078 0 0.9 99 0.4 
1208 4 1 6 0.9 14 0.5 16 0 26 0.8 41 0.3 52 0.9 53 0.5 56 0.3 68 0 
1261 68 0.6 77 0 92 0.7 
1269 9 0.4 10 0 14 0.3 47 0.8 50 0.3 59 0.6 90 0.3 
1301 12 0.9 16 0 18 1 51 0.6 53 0.6 57 0.9 91 0.9 
1381 4 0.6 5 0 56 0.6 69 0.6 77 0 84 0 88 0.7 98 0 
1405 94 0.7 
1408 3 0.9 27 0.7 31 0.9 35 0.9 56 0.6 57 0.3 77 0.9 83 0 89 0 91 0.7 
1427 8 0 18 0.7 27 1 44 0.9 49 0.4 50 0.9 61 1 62 0.5 76 0.3 88 0.3 
1438 17 0.5 24 0.7 49 0.9 57 0.7 61 1 63 0.4 68 0 77 0.6 84 0 
1471 65 1 72 0.6 96 0.4 
1477 30 0.3 41 0.9 43 0.6 52 0.8 57 0.6 
1588 0 0.3 6 0.7 25 0.3 28 0 32 0.8 41 0.9 56 0.5 73 0.7 79 0.3 89 0.4 
1601 42 0 48 0.6 57 0.6 
1652 73 0 87 0 
1704 10 0.6 87 0.3 
1763 8 0.9 28 0.6 34 0.4 57 0 70 0.3 71 1 90 0.4 
1777 1 0.3 39 1 60 0 82 0.3 94 0 
1789 5 0.4 19 0.3 53 0.3 54 0.3 67 1 68 0.8 84 0.3 88 0.4 89 0.5 90 0.4 
1902 39 0.8 40 0.8 62 0.5 91 0 99 0.6 
1935 11 0.5 18 0 27 0.7 36 0.5 39 0.3 59 0 
2008 5 0.4 6 0.8 15 0 46 0 47 0.4 52 0.6 
2136 0 0 20 1 21 0.5 30 0.6 35 0.6 42 0.3 43 0.5 61 0.6 62 0 79 0.9 
2137 2 0.6 23 0.5 25 0 26 0.3 37 0.7 80 0.9 84 0.3 87 0.8 
2178 6 0 22 1 47 0.8 66 1 73 0.8 78 0 
2326 4 0 17 0 25 0.3 
2340 7 0.3 43 0 75 0.4 99 0.9 
2345 8 1 26 0.4 39 1 62 0.3 75 0.6 83 0.4 96 0.4 98 0.4 99 0.6 
2426 4 0 11 1 45 0.9 46 0 62 0 67 0.5 
2497 7 0.7 8 0 20 0.5 21 1 25 0.5 28 0 49 0.6 71 0.3 94 0.6 98 1 
2631 53 0.6 82 0.6 
2659 27 0 37 0.8 43 1 47 0 77 0.4 84 0.5 85 0 88 0.8 
2743 0 0.3 10 0 15 0 17 0.5 27 0 33 0.4 40 0.7 56 0 83 0.6 98 1 
3243 58 0.3 73 0.8 95 0.3 
3259 32 1 37 1 42 0.6 49 0 
3462 15 0 22 0 32 0.8 36 0.4 39 0.4 59 0.8 95 0 
3666 11 0.3 38 0.7 46 0.6 65 0 79 0 84 0.6 89 0.3 98 0.4 
3751 4 0 8 0 26 0 38 0.3 44 0.7 46 0.5 52 0.6 61 0.8 74 0.9 89 0.3 
3920 81 0.4 93 1 95 0.4 97 0 
3946 1 0.4 13 1 14 0.7 33 0.3 37 1 39 1 58 0.3 60 0.3 
3990 1 0 9 0.9 41 0.6 50 1 73 0.4 80 0.3 95 0.8 
4191 1 0.4 95 0.6 97 0 99 0 
4400 25 0 72 0.7 77 0 94 0.9 96 0 97 0.4 
4404 5 0 15 0.7 16 0 22 1 54 0.7 65 0.7 72 0 77 1 
4418 67 0.9 77 0.8 
4434 2 0 3 0.6 53 0.5 60 0.7 63 0 67 0.9 
4503 60 1 
4575 10 0 21 0 29 0.9 41 0.8 65 0.4 85 0.6 
4995 13 0.7 23 0.9 57 0.3 59 0.3 61 0 71 0.7 92 0.7 95 0.9 99 0.7 
5094 0 0.7 45 0.9 46 0.7 
5118 12 0.9 28 0.3 35 0.5 37 0.6 43 0 46 0.9 48 0.6 93 0.3 95 0.3 99 0.5 
5145 3 0.4 15 0.6 58 1 73 1 
5391 11 0.4 14 0.5 15 0.7 60 0.4 72 0 90 0.5 
5399 70 0.3 
5409 10 0.4 36 1 45 0.9 78 0.3 87 0.9 90 0 93 1 98 0 
5419 2 0 11 0.5 16 0.3 23 0.9 32 0.3 39 1 49 0.7 53 1 54 0.5 85 0 
5613 52 0.3 
6033 6 0.7 48 0 66 0 89 0.6 
6085 6 0 27 1 31 0.8 57 0.8 65 0.7 92 0.8 
6133 63 0.4 
6222 15 1 20 0.8 
6387 0 0.4 30 0.6 98 0.7 
6558 28 0.4 82 0.8 
6575 11 0.9 19 0.5 24 0 37 0.5 41 0.5 53 0.6 76 0.7 94 0.7 95 0 
6636 45 0 
6988 1 0.5 9 0 14 0.6 16 0.9 47 0.4 57 0.4 90 0 
7052 32 0 46 0.6 61 0 
7321 26 0 36 0 39 0 65 0.6 70 0.4 82 0.5 94 0.3 97 0.5 
7477 27 0.9 97 0.4 
7513 37 0.3 43 0.4 71 1 
7572 14 0.9 48 0.7 
7686 31 0.5 
7744 8 0.5 22 0.4 29 0.5 41 0.3 48 0 71 0.8 78 0.7 86 0.7 90 0.9 98 0.7 
7786 3 0 6 0 12 0.5 19 0.4 42 0.9 49 0 70 0.9 71 0 85 0.4 
7957 5 0 12 0.9 21 0 22 0.4 46 0.7 49 0 73 0 81 0.8 82 0.5 95 0 
7972 50 0 62 0.3 63 0.5 85 0.5 88 0 
8117 17 0.4 39 0 47 0 
8170 14 0 22 0.6 57 0.6 61 0.9 
8264 14 0.9 40 0 42 0.9 47 0.3 
8392 60 0.3 
8896 25 0.3 60 1 
8925 1 0.3 39 0.5 79 0 97 0.8 99 0.5 
8983 6 0.5 9 0 10 0.6 18 0.9 26 0 42 0 53 0.4 63 1 66 0 98 0.8 
9317 60 0 62 0.4 68 0 97 0.9 99 0.9 
9527 0 0 31 1 36 0.7 40 0 42 0.4 96 0 
9788 27 0 41 0 45 0 55 0 57 0 63 0.9 94 0 97 0 
9925 10 0.9 58 0.5 
