100
169 10 0.9 54 0 69 0.8 
240 15 0 23 0.5 39 0.9 60 0 77 0.9 87 0.8 90 0.7 
299 29 1 35 0 36 0.6 83 0.7 
412 8 1 10 0.9 34 0.9 38 1 44 0 45 0.3 50 0.6 66 0.3 90 0.5 98 0.5 
455 0 0 6 0 41 0 53 1 73 0 79 0.7 80 0.9 
493 1 0.6 27 0.3 89 0 
672 24 0 57 0.3 64 0.6 
679 52 0.9 71 0.8 82 0.3 
718 8 0 17 0 26 0.4 43 0.6 74 0.4 79 0.7 
824 17 0.8 36 1 59 0.8 
857 39 0.6 
890 10 0.5 38 0 40 0.9 42 0.4 46 0.6 52 0.8 62 0.3 67 0.8 72 0.8 81 0 
947 2 0.3 17 0.6 40 0.7 44 0.8 66 0 69 1 70 1 74 0.9 79 0 
967 9 1 17 1 23 0.9 32 0 41 0.3 46 0.3 
1004 30 0 39 0.9 51 0 53 0.6 60 1 79 1 80 0.4 84 0.7 95 0 
1027 0 0.3 6 0 
1113 1 0.9 16 1 29 0.9 49 0.6 64 0 68 0.8 71 0.3 82 0.3 
1201 11 0.6 13 0.7 28 0.8 35 0.7 
1265 0 0.8 6 0 13 0 31 0.7 40 0.5 46 0 85 0.9 97 0.4 
1371 3 0.7 4 0.6 16 0.3 27 0.6 30 0.8 37 0.4 52 0 65 0.8 84 1 
1388 6 0.4 9 0.5 15 0.4 33 1 81 0.6 82 0.7 83 0.6 90 0.3 
1421 11 0 47 0 52 0 65 0 77 0 
1424 27 0 75 0 76 0.5 
1450 8 0.6 11 0 46 0.3 48 1 56 0 60 0.3 62 0 68 1 71 0.4 
1636 0 0.9 32 0.6 94 0 
1658 45 0.6 58 0 74 0 85 0 90 0.6 95 0.5 99 0.3 
1909 1 0.9 2 0.4 8 0.3 24 0 56 0.5 67 0 92 1 
1920 12 0 50 0.3 85 0.9 86 1 
1993 17 0 39 1 53 0.5 65 0 94 0.6 
2027 17 0.8 23 0 58 0 82 0.6 92 0.6 96 0 
2097 11 1 
2107 5 1 16 0 29 0.7 37 0 53 0 55 0 70 1 75 0.8 
2176 17 0.3 31 0 45 0 69 0.8 72 0.9 88 0.5 92 0.7 
2306 10 0 17 0.7 28 0.5 42 0.7 52 0.4 58 0.8 70 1 81 0.4 
2307 31 0.6 
2358 4 0.4 10 0.3 50 1 56 0.4 65 0.3 
2391 7 0.9 
2394 13 1 19 0 77 0.9 
2417 7 0.8 18 0.9 30 0.6 43 0 62 0.5 88 0.5 
2544 69 0.8 
2651 13 0.6 41 0 46 0 47 0.9 51 0.3 55 0 72 0 73 0 86 0.7 98 0 
2659 27 0 37 0 43 0.3 47 1 77 0.3 84 0 85 0.9 88 0.7 
2670 10 0 76 0.9 77 1 
2687 0 0 27 0.6 34 1 66 0.5 
2690 11 0 24 0.6 35 0 39 1 51 0.8 62 0.4 78 0 82 0 
2927 30 0.4 34 0.5 
2974 17 0.6 92 0.6 
3009 14 0.8 
3034 9 0 14 0.4 16 1 57 0.7 87 0.4 95 1 
3364 8 0.6 21 0.4 26 0.9 27 1 74 0.4 97 0.7 
3634 4 0.3 7 0.7 11 0 54 0 63 0 87 0.9 
3774 20 0.5 26 0.6 33 0.9 41 0.7 45 0.9 47 0.3 86 0.4 93 0.7 98 0.8 
3809 17 0.9 19 0.3 32 1 37 0.9 43 1 57 0.6 62 0.4 69 0.7 78 0.3 85 0.6 
3859 8 0.4 35 1 49 0.5 76 0 78 0.8 82 0.4 99 0.5 
3885 0 0 3 0.9 26 0 67 0.9 77 0.9 99 1 
3904 1 0.5 7 0.5 23 0.9 33 0.7 35 1 43 0 61 0.9 68 0 71 0.9 97 0.6 
4191 1 0 95 0.3 97 0.5 99 1 
4227 9 0.8 10 0.5 25 0 26 0.5 35 0.8 49 0.6 96 0.5 
4239 13 0.5 15 0.4 22 0.9 29 0.9 32 0.4 49 0.7 63 0.8 76 0 98 1 
4602 0 0.5 39 0.8 60 0.5 61 0.7 
4659 19 0.8 48 0.4 55 0.6 60 0.6 63 0.5 64 1 67 0.3 68 0.5 
4686 7 0.7 19 1 32 0.3 46 0.9 51 0 89 0.8 91 0.9 96 0.6 
5231 22 0 38 0 39 0.5 47 0 48 0.7 91 0 96 0.6 
5301 1 0.3 34 0.8 96 0.8 98 0.7 
5433 11 1 17 0 57 0.5 58 0.8 60 0.4 61 0.5 
5636 6 0.3 20 0 28 0 44 0.4 68 0.6 87 0.4 88 0 94 0.3 
6332 9 0 26 0.9 45 0.5 50 0.4 
6407 8 0 13 0.7 26 0.8 28 0.7 36 0 40 0.5 46 0.4 69 0.4 
6595 6 0.3 11 1 56 0 
6912 77 0.8 
6920 0 0 2 0.4 20 0 39 0.4 41 0 47 0.6 73 0.3 83 0.4 89 0 98 0.6 
6941 48 0.7 87 0.3 
7259 2 0.9 3 0.4 10 0 22 0.4 25 0.5 35 0.5 48 0.9 68 0 76 0.5 98 0.6 
7476 0 0.9 2 0.7 14 1 40 0.6 47 0.8 66 0.5 80 0 85 0 91 0.5 
7483 4 0 15 0.6 32 0.3 51 0.9 56 0.4 63 0.5 81 0.6 95 0 
7651 75 0 
7700 24 0.5 33 0.7 37 0.7 84 0 
7704 0 0 10 0.7 37 0.8 95 0.4 
7707 0 0.4 21 0.3 31 0.5 60 0.3 82 0.9 85 1 
7967 4 1 66 0.8 70 0.6 
8023 6 0 8 0.7 62 0.3 63 0.7 66 0 99 0 
8130 93 0 97 0.6 
8302 15 0.4 
8363 5 1 18 1 31 0 32 0.7 33 0.4 55 0 56 0 66 0.9 68 0.7 93 0.9 
8403 3 0.5 10 0.3 25 0.4 38 0.6 48 0.7 61 1 72 0.7 73 0 92 1 96 0 
8489 21 0.5 34 0 43 0.4 90 0 99 0.6 
8506 5 0.6 32 1 62 0.6 97 1 98 0 
8511 12 1 34 0.4 44 0.6 65 0.9 75 0.4 78 0.8 95 0.6 
8799 2 1 4 0.8 11 0.4 40 0.8 66 0 72 0.3 92 0 
8840 19 0.9 31 0.4 84 0 
9007 7 0 24 0 32 0 47 0 49 0.6 84 0 88 0.8 
9113 19 0.9 28 0.8 34 0.5 43 0.6 51 1 65 0.7 68 0.9 85 0.5 91 0.3 
9132 25 0.5 33 0 39 0.9 46 0.4 61 0 70 0.5 80 0.9 86 0.7 
9160 1 1 3 0 6 0.7 19 1 36 0 37 0.3 66 0 69 0.5 88 0.7 96 0.6 
9209 64 0 83 0.5 
9224 44 0.4 
9355 8 0 15 0.6 19 0.4 32 0.4 67 0.4 68 0 72 0 74 0.6 79 0.3 91 0.6 
9537 26 0.9 30 0.8 37 0.7 45 0.8 50 1 98 0.5 
9578 6 0.4 12 0.4 13 0.6 46 0.4 58 0.5 66 0.4 80 0 95 1 
9758 3 0 6 0.8 7 0.6 30 0.8 37 0.3 44 0 49 0.5 51 0.7 76 0.9 
