100
113 9 0.9 37 0.9 54 0 73 0.6 74 0.7 75 0 
275 5 0 10 0.3 19 0.7 28 0.5 31 0.8 43 0 90 0.8 
532 4 0.8 74 0.7 85 0 
647 21 0.4 33 1 75 0 91 0.4 
679 52 0 71 0.3 82 0.4 
801 4 0.9 5 0.6 18 0.4 37 1 63 0 66 0.8 72 0.9 
878 5 1 10 0.5 36 0.4 47 0 49 0 70 0 75 0.8 79 0.9 96 0.8 99 0 
1076 45 0.8 
1180 9 1 37 0.9 75 0 80 0 
1542 9 0.7 20 0.7 24 0.9 76 0.8 81 0 
1685 11 0.8 
2044 19 0.5 26 0.5 63 0 71 0.3 90 0.3 
2088 6 0.3 12 0 21 0 28 0.5 31 0.5 44 0.3 61 0 73 0.9 
2109 51 1 86 0.6 88 0.5 
2122 97 0.9 
2183 2 0 10 0.7 15 0.9 25 0 32 0 47 0.8 55 0.5 58 0.8 63 0 74 0.7 
2349 27 0 57 0.7 61 0.7 78 0 91 0.6 93 1 
2519 14 0.6 20 0 23 0.7 39 0 73 0 
2554 0 0.3 41 0 57 0.7 85 0.9 
2656 3 0.5 5 0.5 41 0 48 0.3 55 0.4 65 0.3 85 0 99 0.7 
2712 23 1 36 0.8 47 0.9 53 0.4 66 0.9 67 0.9 73 0.3 
2764 4 0.9 14 0.4 26 0.7 63 0.3 70 0 90 0 
2895 90 0.8 
3003 2 0 
3029 35 0.5 52 1 66 0.9 97 0.3 
3184 5 0.4 13 0 20 0 
3301 33 0.4 42 0.5 43 0 52 0.7 89 0.7 
3368 13 0.4 81 1 
3593 26 0.7 92 0.8 
3625 4 0 16 0.8 21 0.4 38 0.3 52 0.4 56 1 71 0 77 0.8 79 0.7 80 0.9 
4078 28 0.8 32 0.5 57 0 96 0 
4097 4 0.4 61 0.8 77 0.9 90 0 97 0.4 
4143 20 1 30 0.6 41 0.9 60 0.5 80 1 87 0.9 88 0.3 95 1 
4251 65 0.7 92 0.7 
4329 1 0.3 15 0.7 19 0.9 31 0.7 36 0.3 51 0.3 52 0.8 88 0.8 92 1 
4358 4 0.6 7 1 22 0 63 0 71 0.3 87 0.3 
4470 8 0.4 10 0.4 32 0.7 37 0.6 43 0 57 0.7 74 0.7 86 0.9 91 0 
4493 16 0.8 21 0.4 31 0.4 41 0.4 45 1 48 0 51 0.4 58 0.7 63 0.6 84 0.7 
4542 24 0 45 0.5 51 0.7 71 0.6 82 0.5 84 0.8 
4784 13 0.6 51 0.7 75 0.3 85 0.3 
4863 50 0.6 56 0 
5063 34 0 
5137 28 0.8 35 0 48 0 58 0.5 88 0.6 
5142 17 0.3 19 0.8 28 0 30 0.9 78 0 
5150 38 0.7 
5468 0 0.7 17 0 93 1 
5536 17 1 23 0 30 0.6 43 0 88 1 
5541 10 0.7 39 0 54 1 56 1 58 0 60 0.8 76 0.5 77 0 93 0 
5595 19 0.6 24 0 35 0.5 42 0 52 0 58 0.4 66 0.8 77 0 97 0.8 
5663 17 0 20 1 38 0.6 46 0.9 88 0.5 98 0.4 
5692 1 0.4 7 0.5 59 0.9 60 0 76 0.4 87 0.7 90 0.8 
5718 0 0 6 0.6 8 0.5 47 0 66 0.9 71 0 80 0.8 88 0.7 89 0 
5723 27 0 53 1 55 0.8 70 0 72 0.5 
6216 4 0.6 11 0 17 0.4 27 0.5 29 0.5 48 0.6 56 0.4 
6459 15 0 22 0.8 48 0.8 51 1 53 0.8 55 0 64 0.8 81 0.3 
6478 22 0.3 25 1 40 0.8 57 0.4 
6486 54 0.9 82 1 
6535 49 0.5 67 0 
6540 9 0 11 0.8 20 0.6 34 0.7 44 0 52 0 57 0.7 68 0.5 70 1 77 0.8 
6621 16 0.9 25 0.6 40 0.8 47 0.8 51 0.8 58 0 84 0 96 0.4 
6627 8 0 11 0 28 0.8 32 0.9 42 0 61 0.9 62 0.6 67 1 75 1 90 1 
6787 9 0.4 36 0.8 59 0.8 60 0 
6843 4 0.9 7 0.7 13 1 60 0.5 71 0.4 84 0.8 
6861 2 0.7 10 0.9 45 0.7 59 0.8 
6881 10 0 11 1 24 0.4 73 0.3 74 0 95 1 
7048 58 0.7 65 0.9 80 0.7 93 0.8 
7099 4 0.3 73 0.3 89 0 
7129 12 0.6 30 0.9 35 0.7 42 0.5 43 1 52 0.9 59 0 83 0 
7281 4 0 32 1 40 0.8 82 0.4 94 0.6 
7322 3 0 4 0.6 9 0.9 16 0.3 20 0 30 0.4 40 1 70 0.4 86 1 92 0.7 
7347 41 0.7 94 0 
7468 1 0.5 7 1 15 0.6 17 0.9 33 0.6 42 0.8 82 1 89 0.9 
7498 6 0.4 35 0.4 36 0.3 60 0.7 78 0.3 79 0.3 89 0 
7504 29 0.7 62 0 80 1 
7678 33 0.4 53 0.8 69 0 
7693 6 0.7 9 0 11 0.7 33 0.7 54 0.4 61 0.6 
7714 8 0.7 15 0.3 22 0.4 88 0.8 92 0.8 94 0 97 0 
7830 36 0 
7873 26 0 27 0.9 51 0.7 57 0.6 60 0.7 78 1 79 0.7 80 0.5 85 0.9 
7907 5 0.8 14 0.9 33 0 42 0.3 45 0 62 0 78 0.8 84 0 85 0.8 88 0.4 
7919 75 0.3 
8084 14 0 15 0.5 25 0 33 0.7 59 0.9 83 0.6 91 0.8 92 0.3 94 0.4 99 0.9 
8187 38 0 66 0.9 92 0.4 
8234 17 1 59 1 69 0.4 74 0.7 94 0.5 
8343 17 0.5 35 0.7 58 0.7 79 1 85 0.6 
8368 14 0.9 31 0.6 32 0.4 54 0.8 56 0.7 68 0 69 0.3 88 0.7 95 0.3 
8619 10 0.9 14 0.4 62 0.4 64 0.3 98 1 
8699 13 0 15 1 22 0.6 25 0.5 69 0.5 73 0 89 0 91 0 
8900 27 0.5 32 0.9 54 0.4 76 0 80 0 82 0 88 0.9 97 1 99 0 
9023 3 0 10 0 12 0 18 1 44 0.6 48 1 87 0.7 88 0.8 93 0.6 
9028 21 0 39 0 92 0.8 
9068 16 1 21 0 36 0 44 0 47 0.7 58 0.6 65 0 84 0 86 0.5 94 1 
9315 0 0 13 1 25 0.9 61 0.8 69 0.8 77 0.3 
9338 17 0 
9353 2 1 49 0 53 0.7 71 0.8 76 0.8 91 0 
9473 46 0.5 49 0.8 52 0.9 72 0 90 0.9 
9486 41 0.6 45 0.3 90 1 92 1 93 0 
9564 6 0 11 0.7 49 0.9 58 0 70 0.5 81 0.6 
9590 31 0.9 
9700 2 0 
