100
44 5 0.7 14 0.4 29 0.5 76 1 85 0 91 0.4 98 0.9 
133 41 0 
257 47 0 69 0.4 79 0 82 0 90 0 
271 8 0 29 0.4 35 0.6 41 0.9 69 0.5 72 0.4 
334 39 0.9 
480 13 0.5 26 0.3 33 0.5 62 0.3 88 0.6 94 0.6 
671 0 0.3 7 0.4 22 0 23 0 25 0.9 78 0.6 86 0.7 
681 13 0 21 0.6 29 0.9 47 0.3 83 0.4 87 1 95 0 99 0.8 
810 16 0 33 0.8 64 0.3 68 0.6 
832 21 0 46 0 54 1 
878 5 1 10 0.6 36 0.6 47 0.4 49 0.7 70 0.9 75 0.9 79 0 96 1 99 0 
927 13 0.3 17 0.9 41 0.8 46 0.5 47 1 48 0.5 53 0 65 0.7 77 1 96 0.7 
931 3 0 6 0.4 9 0.3 13 0.8 15 0 26 1 52 0.5 55 0.9 56 0.9 80 0.9 
1103 79 0 
1423 2 0.4 5 0.6 22 1 38 0.3 76 0 84 0.7 
1489 28 0.6 67 0.5 
1499 2 0.3 15 0 23 0.4 29 0 58 0.9 65 0.4 68 0.5 98 0.7 
1559 3 0.6 18 0.3 55 0 64 0.3 65 0.5 69 0 75 0 92 1 93 0 94 0.7 
1576 18 0.6 28 0.8 32 0.9 48 0.4 58 0.8 60 0 99 1 
1586 12 0.6 15 0.3 18 0.7 24 0.8 50 0.7 87 0.9 88 0.3 
1657 8 0.6 9 0 20 0.9 34 0.9 50 0 79 0.8 85 0 87 1 
1755 3 0.9 23 0 37 1 64 0.5 75 0 80 0 85 0 88 0.3 89 0 98 0 
1798 22 0 93 0.4 
1833 44 0.9 46 0.9 92 0.9 
1840 53 0.3 69 0.4 
1853 65 0 87 0.3 
1882 12 1 38 1 64 0.3 93 0.5 
1932 67 0 
2033 85 0 
2093 6 0.6 61 0.4 82 0.5 96 0 
2132 9 0.9 16 0.4 32 1 56 0 61 0.6 65 0.7 80 0 81 0.4 87 0.8 
2135 31 0 42 0 64 0.8 65 0.6 69 0.8 86 0.6 96 0 
2158 11 1 
2203 10 0.7 23 0 32 0.6 36 0.4 67 0 76 0 77 0.3 86 1 94 0.4 99 0.9 
2253 19 0.7 25 0 26 0.3 44 0.6 48 0.4 51 0.6 
2436 30 1 36 0.6 41 0 42 1 63 0.4 76 0.5 79 1 
2560 4 0.4 17 0 23 0.7 43 0.3 46 0.4 59 1 63 0.9 70 0 99 0.5 
2622 9 0.4 49 0 68 0.5 
2724 1 0.6 14 0.9 23 0.9 39 0.3 62 0.3 75 0.9 94 0.7 
2746 8 0.6 
2797 14 0.7 79 0.4 
2899 33 0 34 0.7 36 0.3 63 0 69 0.5 75 0.7 78 0.5 86 0 91 0.9 
2950 2 1 7 0.9 11 0.6 19 0 49 0 57 0 68 0 73 0.9 83 0.6 85 0.4 
2960 2 1 17 0.9 19 0.8 43 1 47 0 77 1 93 0.5 94 1 
3226 1 0 31 0 53 0.4 64 0 69 0.7 
3238 5 0.6 32 0 46 0 94 0 95 0 96 0.9 
3257 10 0.8 26 1 54 0.5 65 0.8 
3337 15 0.3 22 0.8 50 0 54 0.9 62 0 63 0.5 71 0 94 0.4 97 1 
3367 7 0 8 0.5 11 0 22 0 31 0 61 1 63 0 64 1 86 0.8 
3405 8 0.5 15 0 42 0 48 0.5 71 0 91 0.9 93 0.3 95 0.5 
3457 4 0.3 5 0 14 1 45 0.6 61 1 66 0.4 67 0.5 71 0.8 72 0.4 
3575 1 0.7 17 0 19 0.7 28 0.5 49 0.4 51 0.9 56 0 65 0 69 0.7 93 0.6 
3613 52 0.4 58 0 63 0 
3988 12 0.8 24 0.7 25 0.7 33 0.8 73 0 80 0 81 0.9 
4085 1 0.6 4 0.3 22 0.8 40 0.9 43 0.4 53 1 64 1 66 0.3 86 0.3 95 0 
4159 13 1 18 1 26 0.9 34 0.7 61 0.4 
4231 25 0.6 36 0 39 0.8 76 0.3 92 0.8 
4448 16 0.7 80 0.8 85 0.5 90 0.6 94 0.6 
4458 36 0.9 40 1 52 0.6 64 0 
4697 15 1 24 0.4 28 0 67 0.3 75 1 79 0.4 86 0 98 0 
4788 24 0.4 45 0.6 58 0 
4832 0 0.4 16 0.7 40 0 48 0.7 89 0.9 
4836 4 0.9 30 0.9 34 0 39 0 49 0.5 54 0.3 68 0 95 0 
4902 7 0.8 18 0 20 0.5 32 0 59 1 64 0.8 72 0 76 0.6 85 0.7 
5146 18 1 37 0.6 40 1 41 0 61 0.9 
5188 49 1 
5212 3 0.3 13 1 29 0 62 0.7 69 0 74 0.3 79 1 82 0.8 89 0.8 91 0.7 
5392 44 0 65 0.8 70 0 98 1 
5903 53 0.9 56 0.7 59 0.3 67 0 72 0.6 77 0.8 93 0.6 94 0.5 
5940 37 0.6 73 0.4 
6100 2 0.5 9 1 37 0 45 0 50 0 56 0.4 60 0.3 90 0.3 
6256 7 0.3 14 0.4 18 0.5 53 0.5 55 1 61 0 71 0.6 72 0.8 80 0 89 0.9 
6289 64 0.7 
6321 21 0.3 26 0.6 33 0.3 43 0.9 46 0 74 0 
6393 11 0.9 23 0.8 46 0 50 0.9 54 0.5 73 0 78 0.5 
6641 7 0 8 0.3 18 0.9 33 0 65 0 66 0.9 94 0.9 95 0.5 
6825 10 0.7 34 0.9 39 0.8 81 0.7 84 0.7 
6866 12 0.7 43 0.5 46 0.4 52 0.9 79 0.8 86 0.3 93 0.3 
6903 55 0 70 0.3 80 0.6 
6922 10 0.6 11 0 29 1 39 0.6 46 0.9 60 1 71 0.5 75 0 84 0 
6960 11 0.4 17 0 31 0 60 0.9 75 0 
7166 13 0.9 48 0.6 52 0.3 67 0.3 82 0.4 
7178 9 0.4 40 0 57 0.9 88 0.8 
7260 9 0 34 1 39 0.4 51 0.4 62 0.9 73 1 84 0.7 85 0.4 97 0.6 
7470 5 0.5 12 0.9 28 0.5 39 0 42 0.7 67 0.3 73 0.9 74 0 80 0.9 81 1 
7573 2 0.7 11 0.5 24 1 50 0.6 61 1 65 0.3 91 1 
7656 7 0.3 13 0 18 0.7 33 0.7 50 0.7 54 0 75 0.9 77 1 92 0.7 98 0 
7887 5 0 9 0.4 33 0 50 0.8 74 0.6 
8152 85 0.4 
8497 8 0.8 12 0.8 18 0 19 0.8 21 1 23 0 26 1 46 0 93 0.4 
8629 46 0.4 70 1 99 0 
8732 39 0.5 50 0.7 58 0.7 
8779 10 0.6 14 0.4 24 0 25 0.9 35 0 37 1 55 0.4 84 0 87 0.3 
8984 51 0 64 0.3 98 0 
9104 5 0.9 14 0 32 0.9 48 0 90 0.5 
9143 4 0.3 40 1 44 0.9 50 0 51 0.3 72 0 76 0.6 79 0 82 0.4 94 0.3 
9171 3 0.5 6 0.8 87 0 
9467 35 0.9 78 0.9 94 0 
9708 8 0 15 0 22 0.4 46 0.9 66 0.9 69 1 71 0.9 80 0 91 0.3 
9786 3 0.6 11 0.7 20 1 24 0 39 0 42 0.9 74 0.3 94 0 95 0.4 
