100
12 9 0.6 23 0.6 48 0 79 0.7 89 0.7 
263 17 1 39 0 52 0.6 53 0.8 78 0.6 81 0.9 83 0.3 
268 6 0.6 12 0 29 0 59 0.9 73 0 80 0.8 
366 8 0 26 0.7 31 0 65 0.8 71 0.9 76 0 99 0.9 
426 30 0.3 34 0.8 35 0.5 46 0 71 0.3 72 0.7 79 0.5 80 0.4 90 0.8 
573 4 0.3 13 0.8 37 0.6 
605 2 0.7 16 0.4 27 0.6 61 0.8 95 0 97 0.3 
610 1 0 5 0 20 0.4 22 0 52 0.5 
664 3 0 39 0.4 70 0 76 0.7 83 0.8 97 0.5 
736 23 0.6 71 0.5 99 0.7 
935 1 0 11 0.3 28 1 59 0.3 64 0 77 0.6 
989 7 0.8 15 1 34 1 61 0.3 64 0.6 76 1 82 0 91 0.6 
1092 28 1 30 0.9 33 1 46 0 
1102 8 0.4 90 0.9 
1136 12 0 19 0.7 37 0 67 0.3 68 0 83 0 90 1 
1137 5 0.4 30 0.8 80 0 
1223 40 0 47 0 51 0.4 57 0 74 0 77 0.4 89 0.3 
1272 15 0.3 22 0.7 31 1 36 0.3 56 0.3 57 0.6 58 0.9 65 0 86 0.5 88 0.5 
1389 1 0.7 8 0.9 53 0.7 82 0 
1397 15 0.9 24 0.6 45 0 63 0.9 73 0.6 85 0.5 94 0 97 0 
1432 10 0.5 17 0.5 23 0 53 0 59 0.7 60 0.3 70 0.7 82 0.4 
1484 8 0 18 0.5 24 0 28 0.8 31 1 55 0.6 68 0.8 
1546 15 0.8 22 0 29 0 98 0.5 
1631 19 0 75 1 76 0.9 
1721 13 0.6 62 1 96 0.9 
2002 20 0 28 0.3 38 0 63 0 73 0.7 86 0 
2011 11 0.8 44 0.4 87 0 93 0.4 
2405 47 0.9 
2413 8 0.9 27 1 76 0 
2473 7 0.7 16 0 23 0.9 41 0 61 0.3 
2541 0 0.6 38 0.3 39 0.8 45 0.6 53 0.4 94 0 
2739 3 0.3 18 0 30 1 34 0.8 47 0.7 67 0.4 70 0 79 0 82 0 
2856 5 0.3 16 0.5 23 0.5 29 0.9 63 0 69 0.9 84 0 91 0.5 94 0.3 
2871 49 0.6 60 0.9 63 0 72 0 77 0.6 81 0 
2890 14 0.5 28 0.7 30 0.8 40 0.8 72 0 88 0.9 
2934 8 0.5 29 0 32 1 46 0.6 51 0.7 72 0 
3192 4 0.3 5 0.8 9 0.3 23 0.5 34 0.7 40 0.8 62 0.8 81 0.5 84 0.8 98 0.4 
3280 41 1 56 0 
3296 11 0 13 1 37 0.3 41 0.6 51 1 81 0.3 82 0.9 94 0 
3343 40 0 
3444 36 1 40 0.6 55 0 73 0.8 77 0 80 0.3 96 0.4 
3635 0 0.9 5 1 14 0.7 20 0.4 21 0 37 0 63 0.9 77 1 90 0 97 0.5 
3677 4 0.5 
4293 7 0 36 0.7 39 0.5 48 0 53 1 60 0.3 85 0.6 91 0 92 0.3 
4569 94 1 
4578 19 0.8 29 0 50 1 66 0.6 84 0.7 
4684 39 0.8 57 0.7 75 0.3 77 0.9 85 0 
4714 7 0.3 25 0.6 31 0.9 37 0 38 0.3 42 0 46 0.5 50 0 81 0 92 0 
4730 28 1 63 0.3 
4797 12 0.5 64 0 93 0 
5033 2 0.4 19 0.9 34 0 51 0.6 70 0.8 
5246 5 0.9 6 0.3 7 1 43 0.4 53 1 63 0.9 70 0.8 85 0.6 94 0.3 96 0 
5297 0 0.7 40 0.4 
5346 7 1 11 0.4 31 1 60 0 
5617 4 0.9 7 0.7 22 0.6 52 0 60 0.9 63 1 
5842 2 0 3 0.8 27 0.3 29 0.4 95 0.9 99 0 
5853 25 0 63 1 92 0.7 
5894 0 0.5 10 0.8 13 1 22 0.6 39 0 41 0.7 74 1 75 0.6 92 0 
5942 17 0.9 55 0.8 
6029 20 0.3 81 0.9 96 1 
6063 9 0.6 17 0.7 30 0.3 45 0.3 68 0 69 0.9 82 0.7 99 0.4 
6227 15 0.8 22 0.5 34 0.7 45 0 50 0.9 55 1 56 0.3 73 0 94 0.3 
6265 30 0.4 35 0.5 40 0.3 52 0.7 83 0.9 89 0 91 0.7 
6282 4 0.5 6 0 12 1 55 0.3 64 0 
6331 18 1 22 0.6 42 0.7 45 0.8 61 0.7 69 0.4 
6491 10 1 46 0 60 0.5 65 0 68 1 70 0 72 0.7 90 0.9 
6598 10 0 29 0.6 30 0.6 39 0.9 41 1 51 0.8 56 0 61 0.9 
6698 2 0.8 16 0.3 20 0.6 36 0 38 0 61 0.4 64 0.9 80 0 81 0 98 0.6 
6880 39 0.3 57 0 66 0.3 76 0 94 0.4 
6994 10 0 30 0.6 48 0 59 0.8 62 0 89 0 
7120 8 0 40 0.6 45 0.3 62 0 93 0.6 
7323 16 1 31 0.9 62 0.5 85 0 86 0.4 91 1 
7381 2 0.6 14 0 21 1 93 0 95 1 
7392 9 0.8 12 0.6 20 0.4 29 0.8 39 0.6 52 0.5 78 0.6 80 0.9 91 0.4 
7549 0 0 6 0.5 22 0.9 56 0.5 74 0.7 97 0.5 
7634 30 0 55 0.6 56 0.4 73 0 74 0 
7652 0 0.4 7 0.3 14 0.8 18 1 26 0.5 30 0.7 38 0.3 55 0.4 58 0.9 82 0.7 
7855 47 0 
7882 1 1 4 0.3 42 0.3 48 0 62 0 68 0 95 0.4 
8008 36 0.9 71 0.5 
8012 1 0.9 16 0.7 29 0.6 51 0 52 0 56 0.7 65 0 68 0 74 0.8 78 0.9 
8248 23 0 25 0 33 0 38 0.7 39 0.8 52 0.6 61 0.3 62 0.4 68 0.3 69 0 
8414 21 0.5 25 0.8 65 0.5 83 0 88 0.8 89 0 
8422 17 0 31 0 99 0.6 
8623 0 0.9 20 0.4 21 1 40 1 50 0 56 0 65 0 66 0 89 0.5 
8634 2 0.8 5 0 8 1 10 0.5 29 0.8 68 0.6 
8639 1 0.6 2 0 8 0.6 16 0.3 44 0.3 59 0.9 68 0.7 90 0 91 0 92 0.9 
8644 89 0 91 0 
8659 18 0.5 27 0 44 0 65 0.9 69 0.5 
8832 36 0.5 65 0 
8912 9 0 42 0 49 0.8 60 0.5 93 0 94 0.7 95 0.7 
9099 86 0.5 
9177 23 0 62 0.6 81 0.7 90 0.3 92 0 
9325 10 0.6 27 0.9 77 0.4 
9340 14 0.9 
9633 3 0.6 5 0.5 6 1 11 0.8 30 0.4 46 1 51 0.6 55 0 75 0 91 0.3 
9754 9 1 19 0.9 23 0.9 28 0.5 33 0.6 37 0.5 53 0.8 65 0 85 0.8 98 0 
9822 31 0.6 34 0.8 46 0.6 83 0.9 88 0 
9869 3 1 9 0 15 0 42 1 74 1 85 0 96 0.4 98 0.8 
9994 6 0.6 46 0 54 0.3 84 0.5 89 0.7 
