100
132 27 0.4 53 0.4 55 0.8 
172 6 0.7 13 0 25 0.6 54 0.5 58 0.7 87 0.4 90 0 96 1 
395 33 0 40 0.3 47 0 58 0.7 66 0.9 67 0 99 0.4 
429 33 0.3 94 0.7 
703 58 0.9 
710 1 1 38 0.9 58 0 89 0.4 91 0 
711 3 0 19 0 31 0.8 51 1 56 0 71 0 72 0.8 76 0.3 85 0.4 93 0.3 
746 0 0 16 0.3 20 0 31 0.6 88 0.3 
795 64 0.5 
846 54 0 67 1 
862 0 0.9 8 0.5 21 0.5 22 0.3 27 0.3 29 0.9 42 0 46 1 72 0.7 89 0 
881 24 0.4 27 0.7 91 0 95 0 96 0.7 
916 19 0 38 0.5 56 0.4 67 0 
1065 32 1 56 0.5 61 0 68 0.8 82 0.5 85 0 91 0.3 
1071 8 1 9 0.4 17 0.3 33 0.4 64 0.3 72 0 
1085 42 0 48 0 54 0 57 0.8 65 0.9 67 0 73 0.6 93 0.3 
1147 37 0 74 0.6 
1158 4 0.9 43 0.5 59 0.7 62 0.8 68 0 69 0 85 1 95 0.7 
1258 30 0.7 36 0.4 54 0 59 0.7 75 0.8 79 0.7 82 1 87 0 
1302 17 0 28 0.5 42 0.9 61 0.8 79 0.8 
1327 18 0.4 22 1 33 0.4 49 1 53 0.8 76 0 78 0.7 93 0.7 
1398 3 0.4 71 0 
1432 10 0 17 0.5 23 0.3 53 0.6 59 0.9 60 0.5 70 0 82 0.8 
1463 21 1 38 0 52 0.8 92 0 94 0 
1470 21 0 37 0 66 0.7 69 0.4 77 0.3 
1480 2 0.6 31 0.4 56 0 71 0.5 73 0.5 79 0 
1585 13 0 21 0.9 22 0 53 0.3 66 0 73 1 75 0.3 81 0 89 1 91 0.4 
1603 35 1 58 0.4 60 0.4 68 0 85 0.5 
1777 1 0.6 39 1 60 1 82 0.8 94 0.5 
1832 10 0.6 29 0.8 41 0 43 0 44 0.3 49 0.8 
1984 8 0.9 27 0.4 29 0 40 0 50 1 59 0 62 1 76 0 95 0.8 99 0.9 
1985 5 0 16 0.4 43 0.7 49 1 67 1 98 0.8 
1987 34 0 52 0.8 66 0.9 
2108 0 0.7 29 0 42 0.6 46 1 85 0.3 
2167 28 1 49 0.7 77 0.4 79 0.4 
2319 23 0 85 0 87 0.4 
2328 9 0.9 10 0.5 20 1 24 0.8 27 0.9 55 0.9 66 0 
2342 10 0.9 19 0.9 24 0.7 35 0.6 58 0.8 63 0.6 89 0.6 
2355 69 0.9 77 0.5 80 0.5 
2358 4 0.3 10 0.9 50 0.9 56 0.9 65 1 
2415 4 1 6 0.4 14 0.9 19 0.3 20 0.6 79 0 80 0.7 98 0.9 
2423 5 0 29 0.3 38 0.9 47 0.9 51 0 60 0.4 66 0.9 76 1 
2503 51 1 56 0 
2510 12 0 32 0.8 55 0.8 60 0 65 0.4 79 0 85 0.3 87 0 99 0 
2580 3 0 48 0.8 59 0.5 61 0.3 67 1 75 0.4 78 1 92 0.7 
2699 4 0.4 20 0.8 55 0 58 0.3 88 0.9 90 0 
2741 86 0.4 
2772 77 0 
2825 88 0 
2886 6 0.3 32 1 66 0.4 
3368 13 0.5 81 0 
3393 4 0.6 7 0.8 8 0.3 20 1 25 0 42 0.4 71 0.8 89 0.6 
3468 1 0 70 0.9 73 0 
3497 11 0 14 0 49 0.5 63 0.3 
3662 18 0 40 0 54 0 63 0.6 
3730 90 0.8 
3815 4 0.3 9 0 19 0.8 20 1 46 1 64 0 86 0 
3937 31 0 97 0 
4107 48 0 77 0.4 
4163 93 1 
4331 7 0.4 8 0 32 0.5 43 1 52 0.6 59 0.5 71 0.6 72 0.5 81 0 
4435 14 0.4 20 0 43 0.4 52 0.6 53 0.9 65 0 83 0.7 84 1 
4664 9 0.3 15 0.5 70 0.6 95 0.7 
4729 4 0.5 26 0.7 35 0.5 42 0 66 0.7 94 0 98 0 
4801 0 0.9 9 0.5 34 0 38 0.5 39 1 59 0.9 65 0.9 97 0.7 
4913 16 0 37 0.8 43 0.9 52 0.6 56 0.5 70 0.5 75 0.8 
5047 7 0.6 53 0.9 
5274 9 0 29 0.8 31 0.7 32 0.7 47 0.7 57 0.7 80 0 
5338 0 0 20 0.3 33 0.3 57 0.3 74 0.6 89 0 
5367 12 0 20 0.4 46 0.5 49 1 62 0 89 0.6 
5415 10 0 12 0 52 0.5 61 0.3 67 0.3 75 0.4 77 0 79 0 92 0.4 98 0 
5436 1 0.5 7 0.9 9 0.5 42 0.5 48 0.6 65 0.8 79 0.3 82 0 89 0.9 96 0.8 
5629 39 0 63 0 
5785 11 0.9 33 0 48 0.4 83 0.8 84 0.3 88 0 
6515 33 0.3 58 1 84 0.4 
6580 1 0.6 11 0.7 14 0.6 49 0.3 85 0 86 0.3 88 0.5 
6730 64 0 
6772 33 0 43 0.5 70 0.8 85 1 
6807 6 0.5 7 0 22 0.6 32 1 75 0 
6944 3 0.5 19 1 89 0.9 94 0.8 98 0.5 
7117 2 0 42 0.4 60 0.4 63 0 65 0.5 68 0 72 1 79 0.6 84 1 85 0.9 
7209 5 0.8 6 0.3 25 0.4 62 0.7 67 1 87 0 
7254 1 0 11 0.5 24 0.5 28 0.4 36 1 64 0.6 75 0.9 78 0.9 94 0.6 95 0.6 
7481 40 0.3 42 1 55 0 
7506 80 0.9 
7594 1 0.4 22 0 77 0 99 0 
7785 24 0 37 0 40 0.8 83 0 
7930 4 0.3 19 0.3 38 0 67 1 83 0.9 84 1 87 0 91 0.5 96 0.6 
8026 29 0.3 
8416 9 1 14 1 80 0.5 
8695 9 0.5 19 0 21 0.4 26 0 38 0.4 53 0 56 0 68 0.4 81 0 85 1 
9294 5 0.5 
9303 2 0 7 0.6 10 0.5 15 0 17 0 25 0.8 26 0 39 0.8 54 0 85 0.5 
9330 10 0 16 0.4 37 0.6 42 0.5 46 0.9 55 0.4 72 1 
9349 0 0 4 0.3 8 0 17 0.3 25 0.9 31 0 33 0 37 0.7 52 0 91 0 
9425 10 0 25 0.4 37 0 58 0 62 0 66 0 
9494 7 0.6 20 0.8 41 0.3 51 0 68 0 
9843 0 0 4 0.7 6 0.6 28 0.7 40 0 45 0 50 0.3 72 0.7 73 0 76 0.5 
9867 91 0.4 
9983 33 0.6 61 0.9 
