100
149 65 0.6 88 0.9 92 0.6 
324 56 1 84 0.6 
403 74 0 
433 15 0.4 59 0.8 
542 9 0 18 0.4 33 0 36 0.6 39 0.9 47 0.7 65 0 71 0.7 75 0 91 0.5 
548 25 0 45 0 
561 6 0 7 0.6 60 0.3 65 0.3 77 0.6 95 0.4 
686 2 0.8 15 0.8 27 0 31 0.6 35 0 71 0.9 78 0 
691 3 0.4 4 0.4 7 0.9 40 0.8 69 0 84 0 93 0.3 
712 16 0 19 0.9 45 0.5 66 0.7 75 0.3 77 0.4 94 0.3 
761 39 1 72 0.4 84 1 85 0.6 86 0.3 90 0.5 98 0.3 
828 0 0.8 7 0.4 24 0.5 31 0 34 0 51 0.6 68 1 78 0.6 86 0.3 92 0.6 
969 10 0.6 22 0.9 60 0 78 1 
1164 5 0.4 18 0.7 20 0.5 24 0 27 0.6 29 0 35 0.5 41 0 72 0.4 
1189 1 1 5 0.3 10 0 37 0.9 41 0.5 78 0.6 
1201 11 0.5 13 0 28 0.3 35 0.7 
1206 6 0.4 47 0.4 51 0.5 60 0.4 79 0.9 83 0 
1332 5 0 15 0.7 25 0.5 39 0 66 0.9 76 0.3 94 0.5 95 0.7 
1456 2 0.3 31 0 37 0.7 
1613 31 1 
1846 22 0.6 24 0.5 63 0.4 
1906 40 0.8 50 0.9 54 0.4 56 0.5 69 0 85 1 98 0.5 
1952 12 0.5 16 0.9 19 0 74 0.9 84 0.8 88 0.9 
2192 13 0.4 19 0 23 0.7 29 1 34 0.8 44 0.4 
2242 17 0.4 23 0.4 26 0 59 1 94 0.8 
2257 15 0.4 20 0 25 0 31 0.7 68 0.5 80 1 94 0.6 
2264 42 0.5 
2296 0 0 8 1 13 1 30 0.6 47 0.4 83 0 
2433 4 0 14 0.3 27 0 33 0.5 36 0.4 57 0 82 0.9 91 0.7 
2528 5 0 18 0.5 65 1 78 0.3 
2621 12 0.9 40 0 
2664 2 0.6 4 0 15 1 21 0.4 24 0.5 34 0.6 65 0.6 74 0.4 75 0.3 78 0.7 
2666 4 0.7 29 0 
2826 8 1 12 0.4 29 0.3 31 0 74 0 99 0 
2905 5 0.4 96 0 
2912 24 0.3 28 0 75 0.5 
3030 6 0 16 0.7 19 0 30 0 32 1 66 1 68 0.9 82 0.6 88 0 97 0 
3054 36 0.5 50 0.6 52 0 63 0 98 0.5 
3106 86 0.6 88 0.6 
3183 8 0.5 14 0.6 21 1 40 0.8 43 0.6 51 0.4 71 0 92 0 
3367 7 0 8 0.3 11 0 22 0 31 1 61 0 63 1 64 0 86 0 
3616 35 0.7 39 0 41 1 48 0.3 83 0.6 86 0 91 0 
3791 23 0.6 24 0.6 75 0.7 
3892 18 0 65 0.4 68 0.6 88 1 92 0 93 0.9 94 0.9 99 0.4 
3909 9 0.5 23 0 32 1 33 0.8 79 0.9 
3957 3 0.7 18 1 19 0.9 51 0.3 56 0.9 59 0.6 61 0 89 0.9 
3966 10 0.9 14 0.8 32 0.8 41 0.4 49 0.3 63 0.5 65 1 92 0.3 
4055 33 0 51 0 60 0.9 90 0.4 
4108 15 0 21 0.5 
4204 10 0.6 36 0 38 0 56 0.4 69 0.6 73 0.6 76 0.4 98 0 
4606 26 0 89 0.7 93 0 
4640 1 0 6 0 21 0 63 0 64 0.7 72 0.8 84 0.4 85 0.6 95 0.5 
4691 2 0.5 33 0.7 47 0 54 0.5 73 0.9 76 1 77 0.3 83 0.6 96 0 
4732 15 0.6 33 0.5 37 0.9 38 0.3 43 0.6 53 0.5 57 0 67 0.6 76 0.3 
4909 18 0.3 20 0.6 27 0.8 34 0 
4976 10 0.3 33 0.3 94 0.9 
5030 29 0 
5174 8 0.5 23 0.5 35 0.7 37 0.9 44 0.7 66 0 69 0.3 96 0.4 
5405 0 0 18 0.8 61 1 66 0.4 73 0.8 77 0.3 82 0 
5490 13 0 34 0.5 35 0 49 0 50 0.7 56 0.6 57 0 
5556 5 0 15 0 31 0.9 39 0.7 65 0.8 81 0 89 0.6 90 0.6 95 0.5 99 0 
5565 59 0.7 98 0 
5808 12 1 19 0.7 22 0.5 35 1 49 0.5 68 1 72 0.6 86 0 
5856 13 0.9 45 0.6 47 0.5 79 0.7 85 0.4 99 0.3 
6026 25 0 
6053 29 0 37 0 42 0.6 60 0.7 87 0.3 90 0.6 91 0.3 92 0 
6171 16 0 21 0 27 0.7 30 0.4 44 1 54 0 72 0.9 84 0 88 0.5 
6389 6 0.9 80 0.5 
6508 31 0 63 1 78 0.5 96 0.6 
6587 33 0.7 78 0.4 86 0.7 95 0 
6620 2 0.3 23 0 35 0.6 42 1 69 0.8 88 0 90 0.4 92 0.8 
6653 25 0.7 77 0 80 0.7 
6786 37 0.6 40 0.9 41 0 75 0.9 
6903 55 0.3 70 0.7 80 0.8 
6963 6 0 16 0 33 0 34 0.8 35 0 37 1 60 0.5 77 0 90 0.5 
7155 0 0 6 0.6 10 0.5 30 0.6 65 0.7 83 0.6 85 0.9 97 0 
7160 19 0.5 
7666 4 0 12 0.7 57 0 
7685 65 0 
7691 3 0.5 6 0 14 0 36 0 75 0 
7715 16 0 17 0 18 0 35 0.4 37 0.7 47 0.3 86 0.6 91 1 
7811 1 0.8 13 0.7 19 0.5 44 0.5 64 0.9 74 0.3 88 0.4 98 0 
7843 6 0.4 9 0.7 25 0 43 0.9 75 0.6 88 0.3 90 0.4 93 0.3 
8193 7 0 10 0 22 0 27 0.9 45 0.3 54 1 74 0.6 84 0.8 97 0 
8297 2 0 73 0.4 92 0.5 
8382 1 0 75 0 85 0.6 95 0.7 
8569 82 0.6 
8603 33 0.5 69 0 
8666 1 0.6 3 0.8 19 0.4 57 0.6 60 1 73 0.8 74 0.5 95 0.3 98 0.3 
8726 29 0 51 0.6 87 0.5 
9015 4 0.9 15 0.3 17 0.3 78 0.4 
9036 0 0 6 0 21 0.7 51 0.7 74 0.9 84 1 85 0 
9240 68 0.5 
9275 6 0.6 49 0 53 0.3 68 0.6 
9325 10 0.8 27 0 77 0.5 
9357 98 0.5 
9475 70 0.5 
9602 3 0.3 20 0.8 28 0.7 57 0.6 72 0.5 85 0 86 0.8 95 1 
9774 4 0.9 5 0.3 9 0.8 19 0.5 26 0.3 39 0.6 68 0 81 0 99 0.8 
9776 4 0.8 30 0 31 0.4 44 0.3 72 0.9 73 0 
