100
9 45 0.9 55 0.7 62 0 83 0.5 87 0 
110 21 0.5 22 0 35 0 91 0 
196 31 0.8 61 0.8 64 0.5 82 0 90 0 97 0.9 
222 11 0.5 21 1 31 0.3 60 1 70 0.4 78 0.4 81 0 85 0.3 
287 12 0 18 0.3 25 0.9 37 0.6 45 0.8 52 0.9 53 0 66 0.7 73 0 98 0.6 
288 34 0.8 35 1 38 0.9 58 0.6 67 0.9 71 0.7 
339 33 0 43 1 74 0.7 84 0 
376 17 0.4 28 0.5 45 0.5 82 0 
470 14 1 18 0 19 0.3 33 0 41 0.9 50 0 61 0.7 70 0.5 85 0.5 95 0.3 
617 10 0.7 18 0 32 0.5 33 0 46 0 95 0 
663 16 0.6 41 0 61 0.8 
739 0 0 40 0.7 42 0 48 0 53 1 66 0.9 70 0.3 73 0.8 99 0 
750 6 1 28 0 40 0.3 64 0.4 90 0.3 94 0.3 
756 17 0 27 0.5 50 0.6 68 0.6 
874 53 0 62 0.9 95 0 
945 9 0.6 32 0 33 0.5 
964 20 0.3 21 0 24 0.7 53 0.9 66 0.7 72 0 77 1 89 0 90 0.5 91 0 
1005 1 0.3 22 0 29 0 31 0 44 1 51 0.4 58 0.6 66 0.7 74 0.6 90 0.8 
1044 89 0.5 
1052 0 0.8 2 0.5 5 0.5 16 0.3 32 0.9 38 0 50 0.3 66 0.3 67 0.8 81 0.7 
1273 20 0.6 
1455 33 0.9 39 0.3 50 0 53 0.8 78 0.4 97 1 
1504 58 0.5 60 0.5 81 0.6 94 0.6 
1566 29 0.3 31 0.6 32 1 49 1 51 0.6 67 0.6 70 0.9 71 0 79 0.5 
1586 12 0 15 0 18 0.9 24 0.8 50 0.8 87 0.8 88 0.3 
1657 8 0.8 9 0.5 20 0.5 34 1 50 0.6 79 1 85 1 87 0.7 
1710 3 0 41 0.3 88 0.4 
1815 3 0 8 0.9 32 0.8 64 0.5 65 1 72 0 81 0.3 86 0 92 0.6 
2263 18 0.6 24 0.5 31 0.8 44 0.7 87 0 
2362 2 0 5 0 24 0.7 74 0 81 0 85 0 94 1 
2393 4 0.4 11 0.8 12 0.8 18 1 41 0.7 54 0.7 59 0.6 74 0.7 76 0.9 91 0 
2499 5 0 23 0 28 0.7 61 0 62 0 66 0.4 74 0 80 0 88 0.3 95 0.6 
2572 1 0.5 2 0.5 26 0.6 52 0.6 
2623 4 0.9 29 0.9 
2704 19 0.5 23 0.4 31 0.9 39 1 43 1 69 0 71 0 78 0 79 0.5 
2936 32 0.9 45 0 57 1 
3032 2 0.3 6 0.8 15 0.9 23 0 33 0.9 45 0 73 0.5 
3127 0 0.8 14 0.4 20 0 33 0.4 52 0.3 56 0 61 0.7 75 0.5 
3130 27 0.8 
3132 5 1 16 0.8 40 0.3 74 0 91 1 
3270 4 1 5 0 8 0 37 0 93 0 95 0 
3399 21 0.6 29 1 38 0.3 
3440 17 0.9 64 0.5 
3463 2 1 28 0 53 0 98 0.4 
3683 77 0 
3728 15 0.6 19 0.9 52 1 56 0 
3937 31 1 97 0.4 
4489 14 0.3 19 0 41 0.3 90 0 
4496 6 1 13 0 15 0 26 0.7 36 0.3 43 0.4 64 0.7 98 1 
4639 9 0 24 0.7 41 0.7 46 1 84 0.3 
4683 8 0.5 13 0.3 17 0.5 24 0.6 56 0.9 58 0.7 85 0.6 
4733 37 0.3 39 1 87 0 
4753 6 0.9 8 0.3 57 0 
4897 0 0.3 26 0.6 53 0.5 63 0.4 70 0 82 0 89 1 90 0 
5021 26 0.3 32 0.8 40 0 60 0.9 67 0.4 95 0.4 
5169 23 0 32 0.5 43 0 52 0 67 0.9 97 0 99 0.5 
5232 17 0 20 0.7 27 0 36 0 53 0.7 62 0.4 85 1 87 0 
5483 1 0 18 0.8 50 0.7 
5731 8 0 18 0.5 23 0 25 0.3 65 0.7 90 0.8 
6034 1 0.6 9 0.5 93 1 
6086 14 0.3 35 0 40 0.3 60 0.5 
6380 18 0.5 28 0.7 76 0 88 0.3 93 0 98 0.9 
6512 18 1 22 0.9 30 0 70 0.3 71 0 83 0 
6521 14 0.5 35 0.3 87 0 88 0 90 0.8 
6602 14 0.3 47 0 63 0.4 71 0.7 76 0.8 81 0 
6812 56 0.6 
7110 6 0 13 0.3 38 0.8 45 0.8 46 0.9 58 0.7 96 0 
7206 9 0.5 13 0.9 22 0 32 0 38 0.6 48 1 55 0.3 77 0.5 78 0.9 89 0.4 
7276 89 0.5 
7332 14 0.5 28 0.4 60 0.5 67 1 72 0.9 95 0 
7336 3 0.9 8 0.3 16 0.8 20 0.3 27 0 63 0 85 0 
7360 12 1 62 1 75 0.4 83 0 87 0.3 88 0.6 89 0 
7533 8 0 12 0.8 19 0.4 27 0.9 35 0.9 45 0.6 47 0 
7647 10 0.3 97 0.5 
7697 21 0.4 
7713 21 0.4 35 0 75 0.3 86 0.6 
7725 10 0 34 0.8 54 0.9 65 0.3 83 0.5 
7740 29 0 97 0.4 99 0.7 
7838 35 0.5 54 0 
8008 36 0.3 71 0.6 
8098 22 0 50 0.7 57 0 74 0.3 88 0.4 98 0.9 
8200 7 0.4 13 1 14 1 27 0.4 35 0.3 64 0.5 76 0.4 83 0 
8350 1 0.3 19 0 26 0.8 33 0.5 51 0 58 1 77 0.7 86 1 94 0 
8523 14 0 16 0.9 56 0.8 58 0 63 0.4 69 0.7 71 0 81 0.4 
8701 10 0.7 21 0.9 37 0.9 82 0 89 0 
8798 12 0.3 24 1 
8799 2 0.3 4 0 11 1 40 0.7 66 0.9 72 0 92 0 
8887 1 0.6 31 0 55 0.5 59 0.6 63 0 95 0.5 
8933 0 0.5 34 1 44 0.3 54 0 72 0 80 0.7 82 0.8 
9000 4 0.5 70 0.6 81 0.8 
9109 34 0.7 39 0 62 0.8 77 1 87 0.3 98 0 
9149 2 0.4 4 0.5 7 0 10 1 29 1 44 0 45 0.6 77 1 95 0.6 
9173 0 0 39 0 49 0.3 56 0.3 
9245 3 0.6 23 1 24 0.8 98 0 
9278 13 0.7 33 0.4 48 0.4 66 0 78 1 
9356 3 0.6 35 1 39 0.9 54 0 88 0 89 0 
9452 0 1 
9514 17 0 20 0 61 0 65 0.6 70 0 
9676 13 0.5 17 0 
9983 33 0.5 61 0 
