100
82 52 0.6 60 0.4 70 0.4 75 0.5 
206 3 0 46 0.7 75 0 86 0.6 93 0 
240 15 0.4 23 0.9 39 0.8 60 0 77 0.3 87 0 90 0 
273 94 0.6 
363 22 0.8 
432 1 0.8 14 0 29 0 32 0.6 78 0.7 80 1 85 0.5 87 0 92 0.3 
501 28 1 
614 1 0.3 23 0 26 0.9 32 0.3 40 0.5 81 0 96 0.4 
620 36 1 
658 5 0 23 0.8 35 0.5 48 0 75 0.9 
661 3 0.7 42 0.8 43 1 
732 1 0.5 22 0.9 26 0 38 0 40 0.5 72 0 84 0 92 0.7 98 0.9 
891 7 0.8 11 0.9 14 0.8 98 0.6 
1037 10 0 16 0 17 0.3 41 0.5 43 1 44 0.5 62 0.9 83 0 84 0.3 
1078 0 1 99 0.7 
1263 34 0.6 40 0.9 57 0.4 75 0.8 82 0.7 
1315 73 0.9 91 0.5 
1459 0 0.3 2 0 7 0 14 0.9 19 0.6 38 0 83 0.3 86 0 87 0 91 0.9 
1532 34 0 83 0.7 
1592 67 0 
1601 42 0 48 0.9 57 0.5 
1614 32 0.4 37 0.8 43 0 65 0 84 0.9 86 1 92 0.7 
1686 26 0.5 46 0.8 47 0.5 87 0.9 
1727 14 0 50 0.5 52 0.8 62 0 65 1 73 0.6 77 0 97 0 
1920 12 0.3 50 1 85 0 86 1 
1966 9 0 85 0 
2167 28 0.8 49 0 77 0.7 79 0.3 
2182 7 0.6 13 0.9 19 0.5 27 0.7 34 0.5 78 0.3 83 0.7 90 0 
2277 3 1 17 0 18 0.7 20 0.6 21 0.8 30 0 80 0.8 90 0.9 95 0 99 0 
2495 18 0.9 33 0.6 66 0.5 
2571 23 0.8 25 0 33 0 45 0 54 0.4 65 0.5 66 0 75 1 88 0.3 
2644 2 0 4 0.3 26 0.8 50 0.5 51 0.4 58 0 69 1 73 0 86 0.4 93 0.8 
2670 10 0.5 76 0.6 77 0 
2685 17 0 
2835 11 0 28 1 63 0.3 94 0.9 
2845 42 0 95 0.9 
2850 0 0.5 79 0 
3241 50 0.4 
3377 9 0 39 0.6 40 0.7 42 0.3 86 0.5 
3607 12 0 21 0.7 23 0 48 1 56 0 64 0.6 68 0.8 
3639 0 0 7 0.7 25 0.3 30 0.6 37 1 43 0.6 62 0.4 65 0.8 78 0.4 95 0 
3683 77 0.5 
3883 30 0.3 48 0.8 73 0.6 81 0.6 
3973 16 0.7 71 0.3 86 0 
4078 28 0.5 32 0.9 57 0.6 96 0 
4213 4 0 27 1 36 0.6 53 0.5 58 0.5 93 0.7 
4279 1 0 33 0 42 0.3 76 0.9 91 0.8 
4569 94 0 
4865 6 0.7 8 0.4 23 0 31 1 35 0.8 94 1 96 1 
4892 29 0.9 42 0 47 0 75 0.9 94 0.5 97 0.8 
5075 4 0.8 16 0.9 19 0 25 0 28 0.8 33 0 46 0 59 0.6 79 0.8 88 0.8 
5231 22 0 38 1 39 0 47 0 48 0.8 91 0.5 96 0.8 
5259 7 0.7 22 0 41 0 44 1 52 0 66 0 69 0 76 0 80 0.3 95 0.8 
5428 4 0.7 46 0.4 59 0 
5443 32 0.3 82 0 
5512 49 0.4 
5679 0 0.4 34 0.6 68 0 71 0.3 75 0.3 80 0.4 
5694 44 0.3 
5857 90 0.4 
5955 45 0.8 75 1 
6024 0 0.9 16 0 40 0.4 54 0 56 0.7 60 0.7 61 0.8 76 0.7 77 0.4 
6035 92 0 
6103 26 0.7 33 0.7 42 0 75 0.4 85 0 91 0.4 93 0.8 
6166 5 0.7 11 0.8 12 0.7 14 0 31 0.6 63 0.7 79 0.4 88 0.8 91 0 95 0.4 
6219 17 0 18 0 43 0.4 93 0.8 
6252 7 1 23 0.5 29 1 37 0.4 51 0.9 73 0 85 0.5 90 0 
6324 36 0.4 42 0.9 72 0.6 81 0.4 94 0.4 
6453 2 0.4 15 0.9 28 0.7 56 0.9 65 0.5 90 0.7 96 0 
6489 41 0 65 0 87 0.3 91 0.7 94 0.7 98 0.7 
6616 1 0.5 37 1 60 0.6 
6834 5 0 10 0.4 23 0.6 
6857 25 0.5 
6871 8 1 18 0.9 19 0.5 58 1 89 0.8 99 0 
7177 35 0 53 0.4 63 0.7 
7201 27 0.8 
7255 1 0.4 13 0 19 0.4 23 0.6 68 0.9 89 0 91 0 92 1 
7273 0 0.4 2 0.8 15 0.5 22 0.3 26 0.3 30 1 40 0.6 51 0.8 66 0.7 
7282 3 0.7 10 0.7 31 1 34 0.5 40 0.9 48 0.5 74 0.6 81 0.8 83 0.3 93 0.4 
7378 12 0.4 28 0.8 30 0 35 0 51 0.4 78 0.4 82 0.3 84 0.7 94 0.6 
7379 13 0.3 
7710 27 0.8 28 0.5 50 0.3 61 0 66 0.7 77 0 82 0.7 84 0.9 99 0.8 
7769 19 1 24 0.4 25 0 70 0.8 76 0.5 91 0.4 99 1 
7786 3 0 6 0.8 12 0 19 0.5 42 0 49 0 70 0.3 71 0.5 85 0.6 
7794 0 1 2 0 28 0.5 67 0 93 0 
7982 39 0.8 74 0.8 96 1 
8098 22 0.5 50 0 57 0 74 0 88 0.8 98 0 
8165 8 0.4 16 0 59 0.5 75 0.7 
8249 12 0.4 31 0.5 54 0.7 57 0.4 58 0 67 0.8 
8306 1 0.7 8 0.9 10 0.9 21 1 60 0.8 62 0.7 67 0.8 77 0 99 0.3 
8399 4 0.3 7 0.7 57 0.4 67 0 68 0 73 0 85 1 95 0.8 
8424 20 0 43 0.3 63 1 68 0.4 99 0.7 
8463 20 0.3 37 0 46 0 57 0.7 73 0 77 0.5 98 0.8 
8602 22 0 36 0 74 0 79 0.8 81 0 
8652 26 0.6 
8835 13 0.6 14 0.4 
9203 0 0 3 1 18 0.3 26 0.6 28 0.7 33 0.3 37 0.8 41 0 48 0.7 
9570 76 0.5 
9774 4 0.4 5 0.8 9 0.5 19 0 26 0.7 39 0.3 68 0.8 81 0 99 0.9 
9959 11 0 51 0 67 0.6 
9987 40 0.9 
