100
0 67 0.5 97 1 
54 68 0.4 81 0.8 85 0.5 
215 28 0.5 64 0.7 94 1 
291 32 0 38 0.8 40 0 90 0.5 
359 6 0.6 9 0 44 0 59 0.8 80 1 
427 31 0.9 32 1 47 0 50 0.3 64 0.9 66 0 68 0.3 72 0.8 74 0.4 96 0.5 
472 9 0.9 14 0.5 25 0.7 40 0.3 
531 7 0 21 0 43 0 67 0 72 0.3 73 0.9 92 0.6 93 0.7 
594 17 0.7 31 0 47 0.4 58 0.3 74 0.6 75 0 88 0 
607 8 1 15 0.5 31 0 40 0 68 1 89 0.3 90 0.5 92 0.8 93 0 98 0.9 
721 4 0.7 8 0 20 0.8 37 0.7 48 0 64 0.8 73 0.6 95 0.3 96 0.8 
733 2 0.7 5 0 11 0.6 12 0 23 0.4 71 0.5 
789 55 0.6 
817 6 0 13 1 18 0.4 23 0 24 0.5 35 0.8 36 0.7 41 0 72 1 77 0.7 
959 13 0.4 49 0 86 0.9 
1262 31 0.6 38 0.5 41 0.9 
1272 15 0.7 22 0.3 31 0.3 36 0.7 56 0 57 0 58 0.3 65 0.7 86 0.8 88 0 
1319 28 1 36 0 66 0.4 77 0.3 78 0.8 
1341 0 0 10 0.5 40 0 55 0 64 0 72 0.6 73 0 96 0 
1354 10 0.8 16 0.7 32 0 56 0.8 
1539 39 0 50 0.5 59 0 
1741 36 0.4 48 0.4 49 0 53 0 95 1 
1783 16 0.6 18 0.9 32 0.8 47 0.5 77 0 81 0.8 93 0 
1947 5 1 6 0 7 0.5 22 0.9 45 0.8 56 0.3 81 0.7 84 0.4 93 0.7 99 0.9 
1964 32 0.9 33 0 39 0.7 70 0.4 75 0.5 81 0 84 0 
2025 0 0.9 3 0.5 11 1 82 0.7 84 0.5 92 0 96 0 
2123 0 0.7 1 0.4 7 0.5 9 0.6 28 0 52 0.6 62 0.5 68 0.8 75 1 
2193 22 0.8 83 0.9 
2643 5 0.9 14 0.8 49 1 82 0.5 94 1 98 0 
2675 8 0.8 22 0.9 57 0.5 59 1 73 0.4 95 0.8 
2924 28 0.5 63 0 
2945 5 0.8 20 0.6 30 0.7 33 0.9 46 0.7 68 0.9 79 0.8 85 0.4 94 0 
3068 26 0.3 29 0.3 35 0.5 38 0 39 0.7 72 0.3 
3111 2 0.4 16 1 28 0.4 30 0.4 50 0.8 69 0 72 1 82 0 92 0.7 
3391 19 1 26 0.5 42 0 50 0.3 60 0 67 0 70 0.6 
3410 8 0 51 1 70 0.6 89 0.4 90 0.9 
3505 0 0.3 6 0.8 8 0.6 10 0 21 0.4 37 0.9 57 1 71 0.6 83 0 86 0.5 
3660 3 0.4 13 0.4 25 0.5 
3701 7 0 10 0 22 0 72 0.4 75 0.6 
3776 25 0.5 
3934 12 0.8 70 0.9 
3963 33 0 47 0 56 0 
3966 10 0.6 14 0.8 32 0.9 41 0.9 49 0.6 63 0.7 65 1 92 0.6 
3975 16 0.4 27 0.9 67 0.3 74 1 
4039 2 0.6 5 0 6 0.3 11 0.7 22 0 50 0.4 66 1 77 0.6 91 0 
4063 3 0 6 0.7 12 0.8 20 0.5 75 0.3 77 0.9 79 0.8 
4098 31 0.3 42 0.3 95 0.9 
4169 42 0.3 
4240 9 0.3 34 0 39 0 53 0.9 74 0 76 0.6 
4414 33 0.4 53 1 67 0.6 84 0.3 
4509 4 0.3 61 0 68 0.6 84 0.7 98 0 
4686 7 0.4 19 0 32 0 46 0.6 51 0 89 1 91 0.7 96 0 
4717 50 0.7 63 0 84 0.3 
4727 53 0.9 
4982 8 0 12 0 14 0 22 0.4 26 0.8 31 1 63 0.8 71 0.7 91 0 
4992 35 0 
5114 10 0.3 11 0.6 23 0 
5310 10 0.5 27 0.6 29 0.3 82 0 85 0.3 
5417 5 0.8 10 0 12 0 23 1 28 0 48 0 60 0 
5642 1 1 18 0.8 47 0 90 0.8 96 0.4 
5724 4 0.9 6 0.5 9 0.8 19 0.4 23 1 57 0.5 79 0.9 85 0.5 
5743 7 0 38 0 44 0.4 54 0 56 0 70 0.4 78 0.3 
5803 0 0 6 0 10 0 44 0.9 50 0 57 0.7 58 0 60 0 63 1 92 0.6 
5848 2 0 21 0.9 38 0.7 46 0.7 51 0.7 62 0.7 76 0.7 81 0 85 0 90 0 
6061 59 0.8 
6069 21 0 24 0.7 28 0 33 0.8 34 0 41 0.4 47 0.9 
6100 2 0.4 9 0.6 37 0.5 45 0.8 50 0.8 56 0.5 60 0 90 0.6 
6295 8 0.6 21 0.7 25 0.8 40 0.8 61 0.6 71 0.6 98 0.5 
6307 52 0.4 
6404 15 0.9 16 0.5 17 0.4 67 0.3 69 0.4 86 0 
6691 33 0.7 81 1 92 0.5 95 0.4 
6790 4 0.7 12 0.6 25 0.4 59 0 74 0.6 87 0.4 91 0.3 99 0.8 
6843 4 1 7 1 13 0.7 60 0.9 71 0.8 84 0.4 
7014 20 0 29 0.5 52 0.8 63 0.3 69 0.3 70 0.3 73 0.5 76 0.3 80 0 96 0 
7044 3 0.5 4 0.5 12 0.4 14 0.4 15 0.5 22 0.4 26 0.5 39 0.5 75 0.3 78 0.9 
7047 28 0.7 34 0.8 58 0.6 67 0.3 81 0 85 0.9 89 0.3 91 0 
7443 8 0.3 27 1 65 1 
7924 21 0 30 0.8 33 0 
8012 1 0.7 16 0.7 29 0.4 51 0 52 0 56 0.8 65 0.9 68 0.3 74 0 78 0.4 
8149 47 0.5 78 0.9 97 0.4 
8247 13 0.5 42 0.7 53 0.3 55 1 74 0.7 
8377 17 0.6 29 1 46 1 84 0.7 99 0.9 
8399 4 0.8 7 0.3 57 1 67 0.7 68 0 73 0.7 85 0.7 95 0.8 
8471 11 1 
8561 22 1 33 1 51 0.7 52 0.3 59 0.6 82 0.8 84 0 
8798 12 0.8 24 0.5 
9066 12 1 14 0 18 0.9 21 0.7 22 0.9 47 0.4 78 0.9 90 0 98 0.4 
9090 1 0.9 22 0 27 0.8 60 0 67 0 85 0.3 90 0.8 93 0 96 0.8 
9107 5 0 6 0.6 7 0.9 24 0 39 0.8 41 0.5 42 0 45 0.7 54 0.8 64 0.6 
9265 7 0.6 36 0.5 43 0.6 51 0.9 84 0.5 93 0 
9279 32 0.8 58 0 
9426 38 0 71 0 82 0.7 98 0.8 
9432 67 1 68 1 
9462 88 0.9 
9537 26 0.4 30 0.9 37 1 45 1 50 0 98 0.4 
9545 35 0.8 
9585 6 0.9 32 0.7 95 0.4 
9587 37 1 
9697 61 0.6 72 0.6 91 0.4 
9778 6 0.8 15 0 26 0.6 32 0.3 49 0.9 64 0.4 81 0.4 89 0.3 92 0.8 
