100
108 28 0.8 
194 22 0.5 
351 11 0 16 0 22 0 75 0 
367 12 1 38 0.7 40 0 57 0 84 0 94 0.3 
411 38 0 45 0.4 69 0.5 
453 15 0 64 0.5 87 0.8 99 0.8 
465 20 0.7 37 0 39 0.9 49 0.9 50 0 74 0.9 
639 21 1 83 0.4 97 0.7 
690 2 0.7 17 0.9 23 0.4 24 0.8 83 0.4 96 0 
757 4 0.7 28 0.7 48 0.9 91 0 
920 8 0.4 23 0.5 31 0.6 39 0.4 49 0 50 0 51 0.3 57 0.8 66 0.4 
940 40 0.5 90 0 94 0.7 
994 11 0.4 15 0.3 22 0.8 43 0.9 45 0.6 47 0.7 51 0.7 66 0.6 94 0.3 
1096 7 0.4 22 0 42 0.9 92 0.5 
1171 51 0.5 52 0.5 69 0.5 
1383 10 0.7 67 0.4 94 0.3 99 0.4 
1583 4 0.7 19 0.8 35 0.3 37 0.7 65 1 69 0.9 80 0.9 
1754 15 0 25 0.3 31 0.8 32 0.4 82 0 
1908 15 0.6 20 1 27 0.8 43 0.3 44 0 45 0.5 53 0.3 76 0.3 79 0.8 
1944 7 0 46 0.4 50 0 62 0.4 64 0 67 0.8 
2014 8 0 10 1 27 0.3 32 0.6 41 0.7 49 0.4 64 0 82 0.8 89 0.8 95 0.6 
2066 39 0.9 
2094 3 0.4 33 0.4 87 0.3 91 0.4 93 1 
2218 28 0.7 36 0.7 37 0.5 41 0.5 42 0.3 43 0.7 56 0.4 66 0.9 90 0.8 94 0 
2342 10 0.7 19 0 24 0 35 0 58 0 63 0.7 89 0 
2441 26 0.6 66 0.6 
2466 21 0 28 0.5 38 0.3 46 0.4 56 0.4 69 0.6 78 0.9 84 0.6 
2699 4 0 20 0.9 55 0.5 58 0.8 88 0.7 90 0.9 
2738 3 0.8 39 0.4 46 0.3 71 0 81 0.7 
2826 8 0.4 12 0.6 29 0.3 31 0.7 74 0.4 99 0.7 
2828 2 0.7 5 0 15 0.7 22 0.3 23 0.8 27 0.4 64 0.6 91 0.5 97 0.8 
2932 10 0 22 0.5 25 1 33 0.5 53 0 71 0.8 87 0.3 
2969 5 0 21 0 
2989 21 0.9 52 0.4 63 0 84 0.5 93 1 
3028 73 0 85 0.8 
3105 10 0.4 29 0 36 0.5 94 0.6 
3389 0 0.9 4 0 41 0.6 44 0 54 0.8 60 1 93 1 
3489 24 0.4 32 0.9 72 0.9 85 0.8 93 0.9 
3639 0 0 7 0.4 25 0.5 30 0.8 37 0 43 0.6 62 1 65 0.5 78 0.5 95 0.3 
3693 21 0.4 30 1 62 1 63 0 73 0 95 0.3 99 0.4 
3905 1 0.8 24 0.6 33 0.9 77 1 83 0.3 94 0 
4133 4 0.8 20 0 40 0 51 0.4 60 0 78 0.9 94 0 
4204 10 0.5 36 0.5 38 0 56 0.9 69 1 73 0.5 76 0.5 98 0 
4225 12 1 21 0.6 44 0 63 0.7 64 0.4 70 0.9 
4272 1 0 7 0 16 1 31 1 57 0 77 0.4 95 0 
4323 15 0.8 42 0.7 63 1 79 0.9 86 0 93 0.8 94 0.9 95 0.5 97 0 
4331 7 0 8 0.6 32 0 43 0 52 0 59 0 71 0.7 72 0.8 81 0 
4341 18 0.8 32 0.9 61 0.8 65 0 78 0 92 0 
4418 67 1 77 1 
4620 19 0.8 36 0.4 45 0.6 51 0.4 53 0.8 55 0.3 
4661 0 0 4 0.6 16 0.7 24 0 41 0.6 75 0.3 78 1 83 1 
4672 40 0 56 0.7 77 0 
4894 24 0 58 0.3 
5045 4 0.7 14 0.6 23 0.4 25 0.8 45 0 63 0.3 70 0.4 87 0.3 
5103 1 0.8 6 0.7 43 0 46 0.7 71 0.9 73 0 
5324 14 0.9 40 0 
5571 12 0.9 29 0.3 40 0 47 0 48 0.5 54 0.3 57 0.3 80 0.7 89 0.4 90 0.3 
5600 1 0 19 0.8 41 0.3 46 0.5 52 0.6 58 0.6 85 0.8 87 0.7 
5698 0 0.3 30 0.4 37 0.6 38 0.6 41 0.9 47 0.7 76 0.4 
5702 10 0.8 11 0 34 0.3 72 0.3 95 0.8 
5969 13 0.9 15 1 43 0.5 66 0 74 0.8 82 0 92 0 95 0.8 
6001 10 0.3 28 0.5 29 0.9 35 0.3 45 0.3 48 0.8 52 0.6 57 0.3 92 0.4 
6364 12 0.3 58 1 75 0 78 0.6 91 0 
6405 34 0.3 50 0.7 55 0.5 56 0 69 0.9 71 0.9 73 0.5 83 0.5 
6563 24 0.3 36 0.4 69 0.4 
6600 30 0.6 84 0 89 0.3 
6613 80 0.4 
6663 2 0 39 0.5 
6811 24 0.3 27 0 30 0.5 51 0.5 63 0 64 0.9 80 0 91 0 
6816 2 0.3 4 0.7 34 0.9 39 0.8 45 0 67 0 76 0 96 0.8 
7357 58 0.8 
7422 5 0 13 0 35 0 44 0.9 46 0.3 47 0.9 55 0.7 73 0 75 0.7 
7658 10 1 90 1 
7788 72 0.3 73 1 
7819 15 0 31 0.7 38 0.3 43 0.3 72 1 93 0 
7878 24 1 87 0.6 
8127 9 1 25 0.8 27 0.7 37 0.9 62 0.7 65 0.6 66 0.8 78 1 87 0.4 
8313 3 0 13 0.6 53 0 90 0.6 91 0 
8330 0 0.7 17 0.8 30 0 65 0.8 76 1 77 0 97 0 
8393 3 0 5 0.4 12 0 16 0 17 0.8 19 0.4 39 0.8 65 1 
8408 13 1 29 0 33 0.4 37 0 40 0.4 55 0.8 91 0.8 96 0 
8463 20 0.4 37 0.5 46 0.7 57 0 73 0 77 0.8 98 0 
8473 3 0 14 0.9 26 0.9 43 0 65 0 66 0.7 
8579 42 0.8 72 0.3 94 0.9 
8640 26 0.6 
8885 22 0.9 
9030 9 0.8 16 0.7 18 1 27 0.6 29 0.7 39 0.9 55 0 86 0 
9105 13 0 16 0.8 37 0 43 0 48 0.5 54 0.6 68 0.9 84 1 96 0.7 
9207 45 0.7 55 0.9 57 0.3 73 0.4 85 0.5 
9209 64 0.6 83 0.4 
9298 37 0.7 59 0.3 75 0.7 89 0.5 
9335 51 1 54 0.9 57 1 58 0 67 0 70 0.8 89 0.5 97 0.6 
9369 61 0.5 79 0.7 83 0.7 
9400 18 0.9 71 1 84 0.5 
9626 8 0.9 9 0.3 14 0.6 29 0.3 32 0.8 38 0 40 0.5 51 0.6 66 0 71 0.4 
9710 24 0.7 70 0 
9712 6 0.7 39 0.4 52 0 63 0.7 70 0 84 0.8 97 1 
9953 21 0 27 0.5 68 0 69 0.3 70 0.3 72 0.9 76 0 
9970 6 0 13 0.7 21 0 22 0 23 0.7 33 0 66 0.9 86 0.5 90 0.9 
9987 40 0.5 
