100
54 68 0.7 81 1 85 0 
60 4 0.8 25 0.8 44 0.5 
250 14 0.6 85 1 91 0 97 0 
257 47 0 69 0.9 79 0.7 82 0 90 0.4 
494 44 0 57 0.6 75 1 
506 0 0 10 0.5 18 1 39 0 64 0.4 81 0 90 1 
666 25 0 26 0 45 0.3 50 0.9 78 0.6 89 0 
734 1 0.6 13 0 22 0.6 28 1 70 0.8 89 0.5 95 0 
877 88 0 
921 16 0.3 95 0 
934 16 0.8 23 0 49 0 59 0 64 0.8 73 1 94 0.4 98 0.6 
961 4 0 59 1 76 0 82 0.7 84 0.3 
1024 9 0 18 0 29 0.5 33 0.5 81 0.7 99 0.3 
1085 42 0.9 48 0 54 0.6 57 0.7 65 0.6 67 0 73 0.6 93 0.7 
1206 6 0.3 47 0.9 51 0.7 60 0.5 79 0.4 83 0.8 
1214 10 1 17 0.9 32 0.4 58 1 68 0 79 0.8 
1219 50 0.6 86 0.5 
1264 11 0 27 0 71 0.4 87 1 
1295 35 0.7 36 0 50 0.5 71 0 83 1 88 0 89 0.3 94 0 
1303 1 0.9 36 0.5 38 0.9 66 0.4 83 0.5 87 0.3 89 0.7 95 0.9 
1372 48 0 55 0.9 87 0.7 89 1 98 0 
1490 2 0.7 24 0 45 0.6 49 0.6 52 0.7 56 0.3 74 0.7 88 0 94 0.9 
1667 2 0 9 0.7 58 0 70 0 83 0.8 98 0.9 
1717 3 0.6 25 0.4 68 0 
1742 5 0 52 0.7 58 0 69 1 71 0 74 1 75 0 82 0.8 86 0.7 94 0.6 
1901 22 0.5 39 0.7 57 0 
1937 10 0.3 24 0 67 0.4 73 0.4 80 0.3 
1994 95 0.7 
2042 20 0.9 27 0.7 30 0.9 47 0 77 0.9 78 0 94 0.4 
2178 6 0.9 22 0.8 47 0.5 66 0.8 73 1 78 0.4 
2224 6 0 23 0.5 32 0.7 34 0 53 0.7 60 0.4 81 0 97 0.3 
2268 17 0 41 0 68 0 76 0.7 
2432 1 1 19 0 21 0.4 24 0.9 41 0.7 44 0.7 47 0 49 0 76 0.5 98 0 
2445 3 0.4 33 0.8 43 0 49 0.9 62 0 65 0.8 78 0.4 83 1 
2452 17 0.9 22 0.5 41 0.3 48 0.6 59 0 63 0 66 0.9 86 1 96 0.9 
2486 39 0 50 0.4 69 0 70 0 71 0.8 
2564 25 0.9 32 1 66 0.7 81 0.5 85 0.4 86 0.6 89 0 94 0.7 97 1 
2581 2 0.4 37 0.3 53 0 83 0.3 91 0.5 
2695 11 0.7 15 0.7 22 0.4 58 0 63 0.7 76 0 89 0 97 0.9 
2815 13 0.9 17 0.5 69 0.4 98 0 
2869 28 0.7 56 0 69 0 80 0 93 0.3 
2986 20 0.9 25 0.4 54 0.6 60 0 61 0.5 69 0.4 79 0.7 88 0.4 91 1 96 0.8 
2998 9 0 11 0.4 13 0 62 0.6 86 0 91 0 
3039 12 0 15 0 31 0.9 47 1 53 0 67 0.5 88 0.7 
3055 2 0 3 0 7 1 11 0.7 39 0.5 
3082 21 1 29 0.4 34 0.6 55 0 64 0 68 0.5 
3113 7 0 47 0 71 0.4 
3351 10 0 17 0.6 19 0.6 22 1 28 0.4 41 1 44 1 63 0 81 0.6 84 0 
3404 4 1 8 0.9 20 0.6 46 0 54 0.4 63 0.8 81 0.4 83 0 84 0.6 
3454 4 0.7 20 0.8 32 0.5 49 0.7 58 0.7 64 0 66 0.3 
3511 24 0 27 0.4 42 0.3 56 0 59 0 64 0.9 65 0.3 98 0.8 
3574 1 0.8 25 0.7 27 0 35 0 71 0.6 73 0.5 
3612 4 0 81 0 
3616 35 0.4 39 0.5 41 0.7 48 0 83 0.5 86 0 91 0.6 
3881 0 0 5 0.4 30 1 43 0.4 64 0 76 1 97 0.3 98 0.3 
3961 10 0 23 0.3 66 0.3 
4331 7 0.7 8 0 32 0.8 43 0.9 52 1 59 0.9 71 0 72 0.4 81 0.5 
4621 9 0 11 0.7 46 0.3 55 0.9 65 0 85 0.4 92 0 
4655 24 1 55 0 60 0.4 
4795 4 0.5 7 0.3 12 0.8 51 0.5 53 0 55 0.8 60 1 67 0.3 81 0.7 94 0.7 
4880 7 0 10 0 22 0.6 23 0 24 0.3 32 0.5 50 0.4 73 0.4 80 0.4 99 0.6 
4908 27 0.5 28 0 32 0 44 0 45 0.6 54 1 80 0 
5085 13 0.9 18 0 28 0.5 29 0 49 0.8 52 1 54 0 58 0 
5158 18 0.5 37 0.5 40 0 68 0 88 0.8 93 1 
5174 8 0.4 23 0 35 1 37 0.5 44 0.6 66 0 69 0 96 0.9 
5257 89 0.6 
5296 7 0 17 0.9 29 1 96 0 98 0.9 
5322 35 0.4 51 0.5 99 0.6 
5354 6 0.8 8 0 29 0.8 31 0.4 35 0 44 0.9 58 0.3 64 0 92 0 
5475 30 0 94 0.6 
5477 33 0.8 71 0.5 80 0 82 0.4 
5699 39 0.3 
6312 19 0.8 22 0.5 27 0 29 0.3 38 0 69 0.4 
6340 45 0.7 63 0.5 71 0.9 
6438 16 0.8 74 0.4 
6534 0 0 39 0.3 51 0.5 52 0.6 70 0 71 0 80 0.3 92 0 
6587 33 0.4 78 0.4 86 0.6 95 0.8 
6652 0 0 8 0.9 13 0.4 28 0.4 37 0.8 68 0.4 90 0.9 
6782 16 0.8 22 0.3 24 0 30 0.4 31 0.8 33 0.3 49 1 63 0.3 69 0.8 83 0.6 
6810 14 0.7 75 0 
6825 10 0 34 0.8 39 0.8 81 0 84 0.5 
7022 3 0 8 0.8 25 0.9 33 1 62 0 68 0.8 78 0.3 88 0.6 
7066 6 0 52 0 62 0.4 82 0.7 96 0.5 
7093 81 0.7 
7190 34 0.8 42 1 
7338 11 0.8 22 1 36 1 52 0.5 60 0.9 64 0.5 71 0 96 0 
7587 4 0.7 44 0.7 64 0.5 70 0 
7719 44 0.5 66 0.7 85 0.9 
7846 29 0.3 43 0.4 52 0.7 85 0 
8319 20 0.6 23 0 36 0.3 39 0 48 0.5 49 0 
8593 49 0.8 52 1 
8927 23 0.9 24 0.4 27 0 69 0.6 79 0.6 86 0 
9114 1 1 85 0.7 
9216 4 0.8 13 0.9 21 0.6 56 0 
9286 50 1 
9577 24 0.8 28 0 39 0.3 45 0.8 57 0.6 66 1 68 0 83 0.9 91 0.6 93 0.5 
9661 40 0.7 62 0 83 0.7 90 0.9 94 0.8 
9746 85 0.3 97 0 
9932 9 0.7 36 0.6 98 0 
9971 83 0.4 
