100
33 10 0.7 16 0 21 0 28 0.8 42 0.5 49 0.5 56 0 64 0.7 85 1 96 0.3 
98 55 0.5 61 0.5 63 0.6 74 0.3 94 0.8 97 0.4 
148 39 0.3 
327 2 0.8 12 0.7 18 0.3 33 1 65 1 94 0.6 
402 7 0.6 39 0.8 40 0.9 73 0.6 74 0.8 87 0 88 0.5 89 0.8 
436 37 1 55 0.9 72 0 
450 15 1 59 0.4 60 0.5 73 0 
465 20 0.9 37 0 39 0 49 0 50 0.6 74 0 
524 0 0.8 
572 0 0.7 4 0.6 18 0 38 0.7 75 0 
652 23 0.7 49 0.3 51 1 59 0 70 0 77 0.3 89 0 90 1 91 0.5 
729 28 0 40 0.4 45 0.3 
769 61 1 98 0.5 
876 0 0.4 2 0.7 10 0.4 31 0.3 40 0 51 0.3 65 0 71 0 83 0.8 
972 8 0.5 12 0.5 24 0.7 37 1 47 0 48 0 61 0 83 0.6 84 0 85 0.9 
1122 1 0.6 8 0.4 11 0.8 13 0.5 15 0.6 
1171 51 0 52 0.4 69 0.6 
1227 68 1 98 0.7 
1361 32 0.7 53 0 59 1 65 0 69 0.3 
1394 7 0.7 13 0.5 15 0.8 41 0.3 54 0.7 64 0.9 84 0.9 
1398 3 0.3 71 0.5 
1409 16 0.9 20 0 46 0.6 73 0 76 0.8 79 0 
1486 57 0.6 
1517 56 0.7 92 0.9 
1518 24 1 36 0.8 54 0 62 0.3 67 0.9 85 0.8 87 1 90 0 99 0.7 
1696 5 0 16 0.6 25 0.3 33 0.7 41 0.9 55 0.5 64 0 83 0.5 
2031 7 0 14 0 23 0.4 44 0.6 64 0.6 69 0.9 
2051 3 0.8 11 0.3 23 0.9 
2096 0 0.9 2 0.4 25 0 41 0.5 52 0.4 82 0.7 92 1 98 0.5 
2283 0 0.3 2 0.7 27 0.7 38 0 62 0.9 
2418 5 0.8 16 0.5 25 0.3 39 0 43 0.4 49 0.6 54 0.9 83 0.6 85 0.7 98 0 
2459 6 0 16 1 29 0.3 72 1 73 0 75 0.8 85 0.9 94 0.7 
2484 0 0 6 1 15 0.5 22 0.3 30 0.6 45 0.3 48 0 54 0.6 67 0.6 85 0.5 
2638 22 0.4 72 0.5 80 0.3 
2684 18 0.6 
2699 4 0.3 20 0 55 0.6 58 0 88 0 90 1 
2895 90 0.8 
3239 9 0.8 41 0.6 96 0 
3286 0 0.6 3 0.9 9 0.6 27 0 46 0.5 59 0 60 0 62 0 70 0.4 97 0 
3304 4 0 9 0.5 17 0.3 42 0.8 52 0 60 0.6 85 0 
3546 4 0.9 11 0 25 1 36 1 44 1 67 1 68 0 
3611 2 0.7 7 0.9 
3647 7 1 45 0.4 55 0.8 91 0.8 
3792 18 0 24 0.6 79 0.7 
3800 58 0.5 
3859 8 0 35 0 49 0 76 0.5 78 0.4 82 0 99 0.3 
4055 33 0.7 51 0.7 60 0.9 90 0 
4134 4 1 18 0.5 40 0.8 43 0 54 0 59 0.7 81 0.5 83 0 87 0.4 90 0.3 
4269 6 0.8 12 0 29 1 51 0.7 57 0.9 62 0 75 0.5 80 0 
4424 16 0.5 18 0 32 0.4 52 0.3 78 0 80 0.4 91 0.6 
4433 51 0.9 
5012 7 0.8 29 0 65 0 
5116 11 0 27 0.9 60 0.4 78 0 81 0.9 88 0 93 0.3 96 0.3 
5238 1 0.9 2 0 5 0 65 0.8 
5255 2 0.9 5 0.5 22 0.4 51 0.8 80 1 90 0 92 0.5 
5426 10 0.3 19 0.4 27 0.6 39 0.3 65 0 69 1 86 0 
5643 39 0.5 45 0.6 53 0 67 0 86 0.9 
5808 12 0 19 0.6 22 0 35 0 49 0 68 0 72 0 86 0.8 
5838 14 0.7 22 0.9 25 0.9 30 0 47 0 49 0 66 0.8 69 1 73 1 75 0.3 
5948 16 0.9 34 0.9 69 0 72 0.4 76 0 81 0.4 
5979 9 0 56 0.7 76 0.5 
6011 27 0.3 28 0.5 39 0 40 0.9 47 0 49 0.4 63 1 70 0.7 87 0.5 
6046 13 0.6 52 0.8 58 0.9 97 0.9 
6108 56 0.4 73 0.6 75 0.9 
6109 3 0 
6227 15 0.6 22 0 34 0.3 45 1 50 1 55 0.8 56 1 73 0.8 94 0.4 
6268 1 0 5 0 53 0 68 0.7 81 0.5 
6313 0 0.7 2 0.7 25 0 52 0.4 66 0.3 83 0.6 88 1 95 0.3 
6438 16 0.3 74 1 
6451 14 0 49 0 
6458 33 0 58 0 85 0.9 90 0 
6732 3 0.9 16 0.8 21 0 32 0.6 50 0.3 65 0.3 92 0.3 
6948 10 0 31 0.5 51 0.9 85 0.8 
7121 13 1 18 0.5 23 0.7 
7151 2 0.7 5 0 19 0 65 0.5 72 0.9 91 1 93 0.7 
7154 50 0.7 
7178 9 0 40 0 57 0.5 88 0.5 
7471 25 0.3 26 0.9 30 0 38 1 53 0 80 0 89 0 
7817 6 0.4 16 0.3 21 0.4 23 0.7 34 1 49 0 59 0.8 73 0 84 0 86 1 
7884 57 0.4 
8210 15 0.8 20 0.4 45 1 
8266 2 1 21 0.5 55 0.9 71 0 78 0.8 81 0.6 
8465 20 0.7 34 1 40 0.6 71 0.7 97 0 98 0.9 
8675 0 0.4 3 0.6 14 0.3 20 0 40 0.5 67 0 77 1 96 0.5 
8869 61 0.6 71 0 77 0.8 
8990 77 0 
9007 7 0.4 24 0.3 32 0 47 0 49 0.9 84 0 88 0.3 
9009 0 0.3 15 0.9 31 0.3 99 0.7 
9014 12 0.3 40 0.9 57 0.9 58 0.9 70 0.5 91 0 
9085 1 0.4 8 1 16 0.9 21 0.7 43 0 71 0 77 0.3 78 0.8 
9101 32 0.8 62 0.7 65 0.6 66 0 72 0 75 1 85 0.5 97 0.6 
9144 2 1 7 0.5 42 0 48 0.7 74 0.6 84 0.3 91 0.8 96 0.3 
9282 67 0.4 73 0.8 
9307 21 0.9 22 0.5 28 0.4 39 0.9 53 1 62 0 74 1 79 0 80 0 
9337 11 0.4 76 0 
9373 7 0.3 11 0.7 21 0.9 34 0.4 43 0.4 50 0 
9477 77 0.6 
9699 42 0.9 58 0 
9860 19 0.5 90 0.3 
9872 28 0.9 39 0.4 60 0 61 0 
