100
101 5 0.6 12 0.5 37 1 
104 6 0 10 0.9 47 0.6 51 0 92 0.4 
112 12 0.6 22 0.8 30 0.7 32 0.3 40 0.8 53 0.8 62 0.5 81 0 86 1 98 0.6 
211 4 0.9 11 1 14 0 23 1 27 0.7 30 0.4 37 0.9 88 0.8 97 0.6 
255 11 0 
275 5 0.8 10 0 19 0 28 0.9 31 0.8 43 0 90 0 
381 16 0.9 26 0 45 0.3 79 0.9 83 0.9 86 0.7 91 1 96 1 
429 33 0.6 94 0.4 
455 0 0 6 0.4 41 1 53 0.8 73 0.4 79 0 80 0 
470 14 0 18 0.9 19 0 33 0.9 41 0.3 50 0 61 0.5 70 0.5 85 0.6 95 1 
612 7 0.5 22 0 37 0 38 0.8 41 0 45 0.7 66 0.3 
652 23 0.7 49 0.9 51 0 59 0 70 0.4 77 0 89 0 90 0 91 0 
744 8 0.5 9 0.3 13 0.9 31 0 66 0.8 73 0.4 78 0.5 79 0.4 82 1 
755 28 0.5 33 0.5 85 0.6 92 0 97 0 
905 61 0.8 66 0.6 74 0 77 0.3 85 0 97 1 
985 28 0 44 0.6 55 0 
1029 14 0.7 18 0 
1162 9 0.3 20 0.4 28 1 39 0.7 53 1 62 0.7 95 0 
1183 29 0.7 42 0 
1190 9 0 40 0.8 69 0 
1252 6 0 90 0.8 
1277 1 0.5 38 0 82 0 
1312 2 0 39 0.4 71 0.8 81 0.3 86 1 89 1 
1366 0 0.5 3 0 10 0.7 25 0 31 1 49 0.8 73 0.6 98 0.3 
1369 10 0.9 41 0.4 45 1 49 0 78 0 79 1 87 0.8 88 0.3 
1395 27 0 47 0.8 57 0 60 0 87 0 88 0.3 90 0.6 96 0.7 
1447 20 0.9 25 0.4 45 0 49 0.7 76 0.7 83 0 94 0 95 0 96 0.5 
1816 31 0.6 35 0.5 49 0 64 0.8 98 0.8 
1852 3 1 6 1 7 0.6 42 0.8 86 0 
2065 11 0.8 29 0 48 0 
2181 14 0 24 0.9 36 0 45 1 72 0.5 92 1 97 0 
2189 5 0.7 21 0.9 37 0.4 57 1 59 0.7 61 0.6 67 0.8 73 1 75 0.7 99 0.4 
2193 22 0.7 83 0.8 
2280 88 0 
2353 4 0.3 10 0 26 0 39 0 51 0.3 76 0.6 82 0.8 97 0.3 
2355 69 0 77 0.5 80 0 
2479 1 0.8 2 0.3 18 1 21 0.4 44 0.7 48 0 95 0.6 
2626 8 0.4 13 0 19 0.6 22 0.5 25 0.9 32 0 85 0.9 94 0 
2760 59 1 
2799 46 0.9 54 0.7 
2820 41 0 84 1 
3226 1 0.3 31 0.8 53 0 64 0.8 69 0.7 
3229 10 0.9 21 0.9 54 0.4 63 0 71 0.3 74 0.5 79 0.8 88 0.4 
3304 4 0.9 9 0 17 0.6 42 0.3 52 0.6 60 0 85 0 
3396 3 0 21 0.7 94 0 
3560 27 0.9 47 0.9 66 0 
3593 26 0.9 92 0 
3801 1 0 32 0.4 44 0.3 81 1 91 0 
3899 78 0.4 
4064 29 0 49 0.7 54 0.4 59 0.6 67 0 91 0.7 97 0.9 
4096 13 1 14 0.4 16 0.9 91 0.8 
4179 8 0.6 42 0.8 90 0.7 93 0.7 99 0.5 
4284 4 0.5 28 0.6 33 1 62 0.7 63 0.8 95 0.9 96 0.7 
4315 11 0.7 17 1 34 0.7 49 0.5 79 0.8 
4460 11 0 36 0.8 39 0 64 1 65 0 67 0.7 82 0.6 93 0.8 
4843 9 0 50 0.7 64 0 
4866 7 0 19 0.8 43 0.9 60 0.3 71 0.9 93 0.5 
5012 7 0 29 0.7 65 0.4 
5150 38 0.6 
5204 33 0.4 44 1 51 0.7 55 0.5 67 0.6 75 0.6 90 0.6 96 0.9 98 0 
5229 39 1 49 0.4 51 0 
5337 2 0 11 0 22 1 35 1 46 0.3 59 0 75 0 95 0 
5384 2 0 
5462 13 0.3 17 0 33 0.6 37 0 48 0.4 53 0.4 56 1 70 0 71 0.7 77 0.9 
5584 4 0.5 11 0.9 13 0.6 28 0.3 43 1 68 0.3 76 0 86 0.4 97 0.4 
5684 4 0 5 1 25 0 29 0.5 39 0 53 0.8 61 0.9 64 0.9 92 0 97 0.9 
5806 9 1 15 0.3 
6142 22 0.4 25 1 26 0 44 0 58 0 68 0 72 0.5 93 0 
6226 33 0.4 48 0.6 
6382 6 0.4 10 0.5 16 0.3 22 1 39 0.3 56 0.6 76 0.3 82 0.7 87 0.6 88 0.3 
6500 15 1 29 0.7 41 0.7 50 0.5 70 0.8 77 0.9 
6565 5 0 12 0 40 0.8 47 0.5 74 1 
6668 5 0 9 1 30 0.9 72 0 76 0.7 89 0.7 
6682 0 0.8 7 0.7 80 0.6 86 1 
6733 86 0.4 
6759 53 0.5 82 0.9 83 0.6 94 0.3 95 0.5 
6848 2 0 55 0 
6887 1 0.4 14 1 50 0.6 58 0.4 80 0.8 92 0.9 
6908 9 0.9 30 0 57 0 
6933 11 0.5 42 0 51 0 
6970 0 0.6 9 0.3 13 0 38 0.6 56 0 69 0.4 72 1 77 1 85 0.8 88 0.4 
7753 92 0.6 
7822 2 0.9 33 0.5 42 0.7 64 0.9 
7956 53 0.3 
8319 20 0.7 23 0.4 36 0 39 0.5 48 0.9 49 0 
8345 74 0.3 
8554 52 0 
8643 1 0 9 1 57 0 59 0 60 0.4 65 0 75 1 77 0 82 0.5 
8743 8 0.8 29 0.5 32 0.9 81 0.6 94 0.8 
8747 8 0.5 17 0 19 0 32 0 67 1 76 0.3 83 0.9 88 0 
8821 25 0 54 0.8 75 0.5 
8993 33 0.5 50 0.8 78 0.6 79 0.5 
9053 23 0.4 28 0.5 44 0.7 58 0.7 67 0 68 0.7 77 0.6 89 0.4 90 0.5 
9297 14 0.5 24 0.3 26 0.3 31 0.3 52 0 72 0.3 80 1 89 0.5 99 0.9 
9545 35 0.9 
9569 4 0.3 13 0.9 25 0 50 0 74 0.3 88 0.6 
9807 63 0 98 1 
9833 93 0.8 
9855 7 0.9 12 0.8 60 0.5 
9858 8 0.7 33 0.5 34 0.6 53 0 93 0.5 
