100
5 18 0.6 43 0.8 57 0 83 0.8 95 1 96 0.5 98 0.7 
21 31 0 71 0 74 0.8 93 0.5 94 0 96 0.4 
38 11 1 22 0.3 65 0.6 86 0.8 87 0 93 0 97 0.5 
205 25 0 
442 71 0.7 
597 12 0 33 0.3 
724 63 0.9 69 1 87 0 
737 36 0 43 0.8 46 0 59 0.4 69 0.8 90 0 
753 0 1 20 0 25 0.8 63 0 70 0.6 77 0.7 91 0.3 
938 97 0.3 
1204 0 0.9 8 0.7 15 0.7 49 0 58 0.9 60 0.3 67 0 74 0.9 84 0 98 0 
1220 53 0.8 
1262 31 0.9 38 0.7 41 1 
1333 27 0.7 
1380 2 0.4 5 0.6 14 0.9 15 0.9 26 0.5 63 0.6 64 0.4 79 0 
1387 19 0 36 1 41 0.9 73 0.3 78 0.5 92 0.3 94 0.5 99 0.8 
1431 2 0.4 5 0.7 49 0 72 0.5 86 0.9 88 0 
1535 4 1 41 0.3 47 0.7 63 0.4 65 0.7 70 0.4 75 0.9 
1666 18 0 32 0.3 40 1 44 0.9 46 0.6 48 0.7 81 0.9 92 0.5 94 0.6 
1707 15 0.4 32 0 40 0.4 41 0.3 44 0.3 68 0 74 0 89 0.9 99 0.5 
1830 9 0 18 0.4 30 0.3 44 0 73 0.6 93 0 
1845 20 0.4 42 0.4 72 0.5 89 0.4 
2012 2 0.4 7 0.7 8 0.3 25 0 28 0.7 58 0.9 63 0 89 0 
2107 5 0.9 16 0.5 29 0 37 0.4 53 0.9 55 0 70 0.3 75 0.4 
2133 3 0.5 20 0.8 46 0 50 0.3 53 0.7 66 0.8 76 0.7 78 0 90 0.6 
2186 13 0.6 15 0 45 0.7 58 0 94 0.4 99 0.7 
2270 93 0.4 
2429 1 0 10 0.7 12 0 16 0.6 19 0.9 21 0.9 88 0.3 92 0.3 94 0.3 
2497 7 0.4 8 0.8 20 1 21 0.4 25 0 28 0.8 49 0.9 71 0 94 0.4 98 0.5 
2547 15 0.7 92 0 98 0.5 
3041 23 0.4 29 0.4 69 0.3 75 0.7 
3203 11 1 23 1 24 0 33 0 62 0.7 83 1 
3214 6 0.3 50 0.7 64 0 68 0 69 0 91 0 
3240 9 1 52 0.3 60 0.8 92 0.8 
3300 4 1 7 0.4 26 1 31 0.7 55 0 70 1 96 0.6 
3418 8 0.7 13 0.9 15 0 17 0.4 19 0 37 0 49 0.7 77 0 94 0.7 
3454 4 0.7 20 0.5 32 0.9 49 0.6 58 0.5 64 0 66 0 
3668 5 0.4 19 0 27 0.5 49 0 
3679 6 0.9 13 0.5 23 0 50 0 61 0.7 62 0.8 63 1 69 0 97 0 98 1 
3703 3 0 10 0.3 22 1 27 0.7 28 0 36 0.8 37 1 52 0 64 0.6 68 0.3 
3988 12 0.9 24 0.9 25 0 33 0.9 73 0 80 0.8 81 0.4 
3992 2 0.5 29 0.9 38 0.3 42 1 67 0 73 0.3 80 0.9 82 0.9 86 0.9 90 0.9 
4071 10 0.5 20 0.9 61 0 89 1 
4245 15 0.4 17 0 27 0.7 30 0.7 31 0.8 41 0.3 43 0.6 65 0.5 68 0.7 80 1 
4371 3 0.3 11 0.7 12 0.3 35 1 42 0.5 92 0.7 
4577 11 0.8 32 0 36 0 
4616 52 0 
4852 0 0.9 1 1 8 0 10 0.8 21 0 32 0 56 0 59 0.4 80 0.6 90 0.8 
5149 28 0 29 0.9 36 0.7 44 0.9 53 0 68 0.8 69 0.3 76 0.7 79 1 81 0.6 
5181 4 0.8 8 0.3 49 0.9 54 0.9 58 0.9 63 0.8 
5259 7 0.3 22 0 41 0.8 44 0 52 1 66 0.6 69 1 76 0.8 80 0 95 0.6 
5520 6 0.4 27 0.5 33 0.6 42 0 59 0.9 65 0.9 89 0 
5560 14 0.3 17 0.3 30 0 34 1 78 0.8 80 0.7 
5565 59 0.4 98 0 
5703 9 0.6 99 0.7 
5806 9 0 15 0.7 
5876 7 0.8 12 0.4 14 0.6 51 0.7 62 0.5 84 0.3 95 0.4 
5936 70 1 96 0.4 
5994 17 0.7 18 0.4 24 0.6 25 0.5 27 0 33 0.6 99 0.7 
6034 1 1 9 0 93 0.4 
6069 21 0.8 24 0.4 28 0.7 33 0.7 34 0.5 41 0.5 47 0 
6171 16 0.6 21 0 27 0.8 30 0 44 0.7 54 0.6 72 0.4 84 0.6 88 0.5 
6244 2 0 3 0.7 5 0 16 0.8 46 0.7 65 1 73 0.5 90 0.6 
6280 25 0 
6327 10 0.8 14 0.3 30 0.6 36 0 39 0 45 1 81 0.9 85 0.6 
6363 83 0.8 92 0.9 
6443 47 0.7 79 0 92 0.9 
6486 54 0.8 82 0.9 
6699 3 0.4 57 0.6 59 0.9 
6783 4 0 41 0 65 0.4 80 0.8 91 0.4 
6813 2 0.8 55 0 57 0 81 0.6 84 0 90 0.6 
6821 3 0.9 25 0 26 0.8 45 0.6 49 0.5 58 0.4 68 0.9 89 0.8 
6884 6 0 28 0.8 31 0.3 32 0.5 40 0.8 62 0.4 73 0.9 98 0 
7039 17 0 37 0.9 44 0.6 45 0.4 48 1 71 0.3 75 0.9 99 0.7 
7236 74 0.8 
7277 20 1 45 0 48 0 60 0.6 97 0.6 
7354 42 0.8 44 1 60 0.8 64 0.6 65 0 67 0 71 1 74 0 87 0 91 1 
7364 12 1 83 0 
7383 7 0 45 0.6 58 1 98 1 
7497 5 1 18 1 38 0.8 40 0 45 0 65 1 
7529 11 0.4 29 0 
7610 6 0.4 12 0 14 0.4 51 0.7 80 0.3 81 0.8 
7645 2 0 4 0.9 9 0.6 17 0.8 19 0 44 0.4 88 0.3 
7887 5 0.9 9 0 33 0 50 0.7 74 0.6 
7943 61 0.8 
7959 18 1 25 0 34 0.4 70 0.7 75 0.4 77 0.8 78 1 81 0.9 89 0 98 0.7 
8006 67 0.8 71 1 84 0 88 0.3 
8009 1 0 16 0 34 0 35 1 70 0.7 72 1 99 0.5 
8016 25 0 85 0.8 
8055 76 0 91 0.9 
8529 8 0.6 23 0.4 46 0 48 1 85 1 88 1 
8941 43 0.8 46 0 50 0.4 55 0.9 60 0.9 62 0.3 70 0.3 82 0 
9109 34 0 39 0.9 62 0.6 77 0.9 87 0 98 0.3 
9230 23 0 57 1 88 0 
9245 3 0.4 23 0.9 24 0.3 98 0.3 
9312 64 0.4 
9522 61 0.8 71 0.8 79 0 94 0.9 
9740 33 0.3 44 0.9 56 0.3 58 0 62 0.5 74 0 78 0 83 0 95 0.7 99 0.6 
9808 67 0.4 83 0.5 
9809 12 0.7 15 0 55 0 69 0 87 0.5 
