100
47 0 0.3 11 0 39 1 48 0 
98 55 0.6 61 0.5 63 1 74 0.8 94 0.3 97 0 
152 98 0 
183 4 0.7 28 0 29 0.5 30 0 45 0.9 61 0.6 74 0 77 0 80 0.7 91 0 
184 24 0 36 0 38 0 66 0.7 
186 44 0 85 0 
476 12 0 19 1 23 0 30 0 37 0 49 0.8 75 0.6 79 0.9 
545 7 0.8 37 1 45 0.3 62 0 63 0.3 75 0.9 86 0 
564 10 0.6 11 0.3 22 0.7 49 0.6 53 0.3 65 0.4 87 0.9 89 0.9 94 0.6 
620 36 0 
666 25 1 26 0.4 45 0.3 50 0.5 78 0.5 89 0.8 
970 5 0.3 9 0 63 1 93 1 
1073 1 0.8 12 0 13 0 45 0.3 72 0.8 80 0.6 83 0.6 
1124 3 0 4 0 35 0.4 43 0.9 54 0.6 65 0.9 72 0.6 81 0 84 1 85 0.8 
1183 29 0.4 42 0.8 
1199 7 0.8 20 0.6 24 0.8 25 1 51 0.5 76 1 
1230 49 1 70 0 79 0.4 80 1 94 0.3 97 1 
1248 6 0.3 45 0 56 0.6 62 0.3 69 0.9 73 1 80 0.9 83 0 87 0.8 88 0.7 
1365 64 0 
1390 71 0.6 
1463 21 0 38 0.3 52 0 92 0.7 94 0.3 
1475 16 0.3 26 1 27 0 34 0 46 0 57 0.4 59 0.3 62 0.8 81 0 
1564 31 0 57 1 69 0 86 0 87 0.3 93 0 94 0.8 
1583 4 0.9 19 0.4 35 0.4 37 0.9 65 0.7 69 1 80 0.9 
1587 9 0 42 0.7 47 0.4 55 0 76 0.8 77 0.9 
1741 36 0.5 48 1 49 0.3 53 0.7 95 0.9 
1756 11 0.9 42 0 52 0.9 60 0.9 80 1 89 0.4 93 0.6 98 0 
2172 19 0.3 32 0 37 0.3 83 0.8 89 0 92 0 
2265 8 0.5 32 0.8 49 0.4 72 0.7 96 0.9 
2368 29 0.6 36 0.4 45 0.5 77 0.8 
2509 11 0.7 15 0.7 31 0.7 52 0.7 96 0.8 98 0 
2534 25 0.8 26 0 37 1 38 0.5 43 0.3 67 0.6 79 0 86 0.9 89 0 
2565 4 1 34 0.3 49 0.4 50 0 66 0 73 0.8 78 0.8 94 0 96 0 97 0.9 
2600 41 0.5 55 0.4 58 0 80 1 
2653 7 0 98 0.6 
2888 18 0 28 0.5 37 0.9 75 0 80 0 82 0.8 89 0.3 
3073 2 0.5 13 0.9 31 0.9 52 0 69 0 74 0.3 89 0.3 94 0.9 98 0 
3177 8 0.7 14 0 42 0.5 45 0.4 65 0.8 94 1 99 0.8 
3304 4 1 9 0.8 17 0.7 42 0.4 52 0.3 60 0.7 85 0.4 
3639 0 0.4 7 0 25 0.5 30 0.4 37 1 43 0.6 62 0.5 65 0.8 78 0 95 0.8 
3679 6 0.4 13 0.9 23 1 50 0 61 0 62 0 63 1 69 0.5 97 0.4 98 0.9 
3787 5 1 6 0.7 9 1 19 0 22 0 35 0.6 36 0 63 0 69 0.4 
3888 5 0.9 11 0.9 17 0.9 39 0.7 67 0.4 74 1 77 0 89 0.8 
3971 4 0.3 35 0.7 37 0.4 47 0.5 53 0.3 
3991 17 0.5 25 0.3 32 0.3 33 0 38 0.7 57 0.5 80 0.8 89 0.4 96 1 
3999 17 0.8 19 0.7 27 0.7 48 0.5 49 0.4 96 0 
4121 19 0 34 0 38 0.7 45 0 66 0.6 67 0 80 0.4 87 0 
4331 7 0.5 8 0.7 32 0.4 43 0.3 52 0.6 59 0.7 71 0.3 72 0.8 81 0.5 
4488 2 0 26 0.4 30 0 67 0.8 68 0 73 0.8 98 0 
4588 55 0 87 0 
4783 12 0.4 23 0 31 0 44 0.5 47 0.3 72 1 77 0.6 92 0.5 
4881 0 0 11 0.8 15 0.8 17 0.4 20 0.5 50 0 60 0 76 0.9 98 0.3 
4964 8 0.4 9 0.5 38 0.7 41 0.9 42 0 61 0.6 78 0.5 
5137 28 0 35 0.9 48 0 58 0 88 0.7 
5196 10 0 59 0.4 
5266 4 0.6 66 0 78 0 92 0 96 0.3 
5367 12 0.8 20 0.9 46 0.6 49 0.6 62 0.8 89 0.8 
5472 12 0.7 45 0.5 91 1 98 0 
5479 29 0.6 30 0.3 39 0 47 0.9 51 0.3 90 0 94 0.5 
5503 1 0.4 26 1 27 0 57 0.9 66 0.4 73 0.7 87 1 
5625 22 0 51 0 55 0.5 69 0.3 73 0.9 99 0.9 
5749 1 0.5 23 0.4 36 0 59 0.7 70 0.4 
5858 46 1 49 0.9 71 0.3 85 0.3 
5862 0 0.6 6 0 10 0.9 25 0.6 38 0.6 41 0 50 0.5 59 0 61 0.3 87 0 
6090 1 0 5 1 28 0 46 0.7 49 0.7 50 0 80 0.5 
6259 6 0.5 20 0 21 1 22 0.3 41 0.8 56 0.4 78 0.4 92 0.5 
6436 18 0.7 24 0.7 25 0.6 61 0 76 0.5 88 0 92 0.3 97 0 
6483 29 0 51 1 57 0.3 58 0 87 0 94 0.3 
6663 2 0.8 39 0.5 
6784 8 0.9 11 0 13 0.3 23 1 58 0 74 0 77 0.3 80 0.8 86 0.5 
6786 37 0.8 40 0.7 41 0 75 0.6 
6839 2 1 20 0.9 24 0.4 40 0.4 50 0.9 60 0.8 65 0.5 72 0.4 84 0.8 
7394 16 1 57 0.9 
7489 9 0.4 27 0.5 38 0 62 0.6 65 0.7 73 0.9 78 0 81 0.5 90 0.4 99 0.3 
7517 4 0.5 39 0.3 61 0 74 0 77 0.5 79 0 98 0 
7538 38 0.5 53 0.3 54 0.5 67 0 68 0 70 0.5 83 0.6 85 0.6 90 0.4 
7571 45 0.6 47 0 69 0.5 
7665 3 0 15 0.9 18 0.5 36 0.7 39 0.4 
7730 4 0.4 8 0 41 0.6 
7999 3 1 8 0.3 14 0.7 20 0.8 31 1 69 0.4 82 0.7 
8261 23 0 56 0.4 68 0 74 1 83 0.9 
8291 80 0 85 0.9 
8304 13 1 
8452 1 0.9 47 0 66 0.3 78 0.3 82 0.9 86 1 
8460 6 0.9 19 0 20 0.4 51 0 64 0.8 72 0 73 0.6 74 0 86 0.6 90 0.8 
8515 19 0 
8651 22 0 78 0.5 98 0.4 
8801 14 0 40 1 43 0.8 46 0.3 56 0 58 0 64 0.5 69 0.9 71 0 96 0 
8845 18 0 74 0.8 75 1 84 0 96 0 
8877 4 1 44 0 46 0.8 50 0.4 52 0 
8944 17 0.5 52 1 71 0 88 0 
8951 27 0 39 0.3 41 1 49 1 50 0.9 65 0 88 0.9 93 0.7 
9149 2 0.9 4 0 7 0.6 10 0 29 0 44 0.9 45 0 77 0.8 95 0.4 
9186 24 0 41 0.4 48 0 57 0.9 72 0.5 78 0 86 0.7 90 0.5 91 0.7 
9284 21 0 23 0.4 27 0 33 0.6 45 0 58 0.8 59 0.7 84 0.4 
9357 98 0.4 
9420 1 0.4 16 0.5 32 0.7 51 0 66 0 88 0 
9447 46 0.4 72 0.8 
9635 21 0.9 28 0.7 61 1 77 1 85 0.8 87 0.8 
9647 1 0.5 7 0.8 19 0.4 51 0.4 59 0.3 63 0 83 0.4 87 0.8 94 0.5 
