100
108 28 0.8 
179 54 0.9 63 0.5 
185 9 0.8 13 0 17 0.3 19 0.3 30 0.3 32 0 35 0 58 0.6 83 0 88 0.6 
227 37 0.5 49 0.6 87 0.8 92 1 
490 3 0 22 0.3 40 0.4 66 0.5 86 0 
681 13 0 21 1 29 0.4 47 0.8 83 0.6 87 0.7 95 0 99 0.4 
773 20 1 51 0.4 78 0.7 91 1 
786 11 0.6 29 0.8 32 1 38 0 40 0 53 0.9 55 0.8 75 0.5 78 0.9 89 0.3 
834 2 0.6 10 0.5 40 0.8 53 0.3 54 0.3 78 0 
897 15 0.4 17 0 20 0 61 0 68 0.7 86 0.5 95 0.4 99 1 
1118 13 0 33 0 37 0.9 
1213 31 1 
1251 30 0.5 
1314 6 0.6 13 0.6 22 0.8 32 0.9 46 0.9 47 0.8 77 0.9 85 1 91 0.9 
1500 0 0 23 1 26 0.6 42 0.7 58 0 66 0.4 68 0.3 77 0.9 79 0.8 
1707 15 1 32 0.9 40 0.4 41 0.7 44 0.3 68 1 74 0.6 89 0.4 99 1 
1715 13 0.8 45 0.4 98 0 
1731 14 1 57 0.6 88 0 
1801 30 0.4 34 1 42 0 44 0.3 52 0.8 53 0.3 73 0.8 80 1 
1802 18 0.5 28 0.6 50 0 59 0.8 76 0.6 79 1 87 0 
1810 3 0 24 0.6 57 0.4 
1853 65 0.3 87 0.3 
1909 1 0 2 0.9 8 0.7 24 0.3 56 0 67 0 92 0 
1959 9 0.9 11 0 57 0.4 81 0 
1974 0 0 2 0 9 0.5 43 0 45 0.5 47 0.3 50 0 71 0 90 0.4 
1978 17 0.3 21 0.3 33 0.7 38 0.7 40 0 46 0.7 59 1 62 0 88 0 91 0.6 
1983 42 1 46 0.9 49 1 52 0 77 0 89 0 
2071 56 0.4 58 0.3 65 0 70 0.7 
2133 3 0.7 20 0.7 46 0.3 50 0.9 53 0.4 66 0 76 0.4 78 0.3 90 1 
2199 17 0.4 19 0.4 26 0.5 39 0 47 0.9 67 0.6 70 0.3 76 0 87 0 
2213 24 0.8 49 0.8 70 0.6 95 0.8 
2241 2 0.6 8 0.4 21 0 50 1 53 1 63 0.9 64 0.6 73 0.8 83 0 
2252 12 0 21 0.9 26 0.3 31 0.8 45 0.9 58 0.9 
2358 4 1 10 1 50 0.5 56 1 65 0.5 
2406 28 0.6 45 0.8 47 0.6 66 0 71 0 72 0 
2475 26 0.4 43 1 50 0.8 62 0.7 76 1 99 0.8 
2541 0 0.6 38 0.5 39 0.8 45 0.9 53 0.8 94 0.3 
2560 4 0 17 0.3 23 0.3 43 0.6 46 0.9 59 0 63 0.9 70 0.7 99 0.9 
2567 6 0 15 0.8 39 0.3 64 0.4 84 0 94 0 
2596 0 1 6 0.7 9 0.7 14 0.8 18 0.8 34 1 40 0.7 65 1 70 1 72 1 
2631 53 0.8 82 0 
2633 1 0.7 67 0.4 76 0.9 81 0.8 
3147 6 0.4 40 1 51 0 53 0.7 86 0.8 91 0.5 95 0.3 
3183 8 0.6 14 0.4 21 0.7 40 0 43 0.8 51 1 71 0 92 1 
3253 20 0 24 1 51 0.6 57 0 62 0 92 0.9 95 0 
3444 36 0.9 40 0.7 55 1 73 0.4 77 0.5 80 0.5 96 1 
3470 13 0.8 26 0 35 0.3 50 0.9 52 0 70 0 78 1 95 0.5 
3490 37 1 71 0.5 
3952 6 0.4 11 0 26 0.4 27 0 66 0.3 74 0 80 0 92 0.6 97 0.5 99 1 
4189 1 0.3 17 0.8 68 0.9 69 0.5 74 0.8 
4195 5 0.9 6 0 84 0 
4304 24 0.8 41 0 51 0 66 0.7 80 0.3 
4392 84 1 
4456 6 1 
4527 1 0.8 3 0.8 50 0 58 0.3 
4588 55 0 87 0.6 
4832 0 0 16 0.5 40 0 48 0 89 0 
4913 16 0.4 37 0.5 43 1 52 0.7 56 0 70 0.7 75 0.5 
5050 36 0.8 67 0.7 70 0.7 
5266 4 1 66 0 78 0.9 92 0 96 0.4 
5297 0 0.5 40 0.9 
5351 12 0 22 0.5 29 0 66 0 73 0.3 90 0.4 
5459 10 0 43 0.5 56 0.5 58 0 76 0.8 
5490 13 0.6 34 0.9 35 0 49 0.4 50 0.6 56 0 57 0 
5514 87 0.7 
5589 2 0 10 0 13 1 18 0.9 49 0.7 79 0 97 0 
5633 17 0 64 0.4 72 1 81 0.5 86 0.6 
5672 35 0.9 72 1 91 0 
5724 4 0.7 6 0.7 9 0 19 0.5 23 0 57 1 79 0.6 85 1 
5784 3 0.7 17 1 21 0.4 78 0.9 
5831 23 0.8 98 0 
6148 1 0.4 21 0.9 51 0 60 1 82 1 
6275 12 1 17 0.7 31 0.5 46 0.4 92 0 94 0.4 
6388 32 0.3 42 0.7 59 0 67 0.9 
6437 1 0 2 1 10 1 32 0.7 34 0 43 0.7 52 0.7 63 0.7 86 0.7 92 0 
6639 9 0 14 0 17 0.6 48 0.5 57 0 61 0.9 63 0.6 68 0.6 93 0.5 
6864 19 0.4 57 0.6 84 0.6 87 1 97 0.8 
6936 11 0.3 14 0.3 38 1 50 1 58 0.3 63 0.9 66 0 96 0.6 
7110 6 0.6 13 0 38 1 45 1 46 0.7 58 0 96 0.9 
7352 95 0.9 
7736 2 0.3 83 0.8 91 0.9 97 0.7 
7937 3 1 80 0.7 
8023 6 0.4 8 0 62 0.4 63 0 66 1 99 0 
8049 3 0.7 10 0.5 33 0 41 0.6 55 0 75 1 81 0 86 0.3 
8249 12 0 31 0.8 54 0.4 57 0 58 1 67 0.9 
8255 4 0 11 0.7 42 1 47 0.6 69 0.3 
8529 8 0 23 0.9 46 1 48 1 85 0.5 88 0 
8755 0 1 4 0 28 0 29 0.8 66 0.5 
8865 4 0 18 0.7 41 0.6 50 0 79 0 98 0.9 
8935 42 0.6 43 0.7 44 0.7 62 0.6 91 1 93 0.6 
9018 2 0.5 15 0.6 19 0 35 0.7 41 0 52 0.7 55 0 86 0.3 96 1 
9057 82 0.5 
9711 15 0.3 27 0 58 0 72 0.9 90 1 
9724 0 0.5 2 1 17 0.3 27 1 38 0 63 0.6 80 0.3 86 0 97 0.5 
9786 3 0 11 0.9 20 0.6 24 0 39 0.5 42 0.3 74 0.4 94 0 95 0.6 
9790 14 0.5 15 0.3 20 0 28 0.5 42 0.7 45 0.6 56 0.9 87 0.5 98 0.5 
9807 63 0 98 0.9 
9820 5 0 
9899 47 0.9 72 0.4 
9935 3 0.8 76 0.8 96 0 99 0 
