100
41 8 0 35 0.9 40 0 41 0.6 42 0.5 77 0.6 92 0.4 
46 18 0.5 
185 9 0.4 13 0.9 17 0.8 19 0.7 30 0.3 32 0.8 35 0.9 58 0.9 83 0.3 88 0.5 
223 30 0.9 
325 0 0.9 7 0 48 0.6 68 0.4 75 0.8 
481 11 0 21 0.6 34 0 41 0.5 60 0 
489 18 0.5 75 0.5 78 0.7 
583 30 0 81 0 
600 1 0.9 22 0 43 1 56 1 
610 1 0.5 5 0.9 20 0 22 0 52 0.8 
800 24 0.8 25 0.8 35 0.5 62 0.3 69 0.4 92 0.7 
875 5 0 25 0.3 50 0.6 55 0.4 
887 39 0.3 62 1 65 0.5 96 0.4 
1080 6 0.7 10 0.8 15 0.8 61 0 72 0 
1095 14 0.8 16 1 26 0.9 83 0 
1146 18 0.4 43 0.4 55 0.4 81 0.4 
1171 51 0.8 52 0 69 0.6 
1197 11 0.6 19 0.6 40 0.5 41 1 68 1 80 0 94 0.4 99 0 
1256 9 0.5 11 0 20 0.3 22 0.6 25 0.4 51 0.8 66 0.7 
1267 0 0.6 18 0 29 0.8 34 0.9 57 0.5 63 0 88 0 
1447 20 1 25 0.6 45 1 49 0.6 76 0.5 83 0.3 94 0.4 95 0 96 0.9 
1503 49 0.8 66 0 98 0.9 
1641 52 0.8 57 0 89 0.4 
1665 30 0.3 45 0.6 50 0.3 87 0 89 0 
1714 15 0.8 20 0.5 23 0.3 41 0.8 44 0.4 45 0.7 53 0.3 
1729 11 0 34 0.5 55 0 63 0.3 71 0 81 0 
1825 88 0 
1872 23 0.9 53 0.4 
1888 62 0.8 67 0.9 
1954 23 0 50 0.6 72 0 74 1 
2051 3 0.6 11 0.3 23 0.8 
2098 5 0.4 28 0.4 46 0 66 0.5 85 0.3 
2191 11 0 37 0 45 0.6 
2195 24 0.9 25 0 35 0 67 0.9 87 0 
2216 13 0.9 35 0 42 0 53 0 
2266 15 0.7 
2329 9 1 14 0 33 0.7 46 0.4 96 0.6 98 0 
2341 12 1 62 0.5 70 0 91 0 
2345 8 0.5 26 0.4 39 0.6 62 0.3 75 0.5 83 0.7 96 0.9 98 0 99 0.8 
2361 15 0.3 32 0.6 33 0.8 52 0.9 56 0.6 62 0.4 69 0 71 0.3 95 0.8 
2477 98 0.9 
2651 13 0.7 41 0 46 0 47 0.6 51 0.8 55 0.4 72 0.7 73 0.9 86 0.5 98 0 
2683 39 0.4 41 0.4 74 0.9 85 0.3 
2799 46 0.4 54 0.3 
2963 18 0.3 21 0.7 26 0.7 39 0.7 52 0 72 0.7 
3060 11 1 50 1 58 0 72 0.5 78 0.7 
3062 55 0.3 99 0 
3132 5 0.3 16 0.5 40 0.7 74 0.9 91 0.4 
3288 30 0 39 0.7 40 0 41 0.8 45 1 49 0 53 1 64 0.9 
3330 2 0.6 15 0.4 18 0 46 0 66 0.5 68 0.3 72 0.5 93 0.3 
3612 4 0.7 81 0 
3806 18 0.7 40 0 87 0.6 88 0.4 90 0.5 94 0.5 
4178 20 1 47 0 70 0 
4451 1 0.9 6 0.8 19 0.4 28 0.7 
4488 2 0.7 26 0.6 30 0 67 0.4 68 0.5 73 1 98 0 
4535 30 0 73 0 88 0.7 
4562 26 0 36 1 42 1 43 1 45 0 62 0.9 79 0 86 0.9 88 0 94 0.6 
4576 22 0 32 0 59 0 61 0.3 92 0 
4651 17 1 41 0.8 58 0.5 82 0.5 87 0.5 
4921 20 0.6 82 0 
5006 17 0.9 18 0.6 37 0.8 48 0 49 0.4 58 0.6 79 0.4 
5020 13 0.7 54 1 
5134 5 1 10 0 14 0 31 0 49 0.7 63 0 74 0.5 83 0.7 88 0 94 0.8 
5158 18 0.4 37 0.6 40 0.4 68 0 88 0.6 93 0.8 
5295 38 0 61 0 99 0 
5410 21 0.4 46 0.3 60 0.6 87 1 
5674 8 0.4 29 0.5 34 0 48 0.8 61 0.9 67 0.5 77 0.8 
5705 32 0.3 37 0.6 44 0.7 63 0 66 0.4 68 0.7 92 0.7 95 1 
6165 20 0.4 27 0.3 32 0.3 39 0.9 78 1 81 0 86 0.3 90 1 96 0.8 
6491 10 0 46 0 60 0.7 65 0.8 68 0.3 70 0.8 72 0 90 0.8 
6503 7 0.5 25 0.4 47 0.5 48 0.8 61 1 78 1 86 0.7 89 0 96 0 98 0 
6524 8 0 49 0 51 0 69 0.4 80 0 94 0 
6651 35 0 36 0.3 45 0.8 
6834 5 1 10 0.6 23 0.6 
6957 27 0.4 36 0 47 1 72 0.6 75 1 80 0 82 0.3 
7121 13 1 18 0.8 23 0.8 
7186 8 0 30 0.5 33 0 40 0.8 41 0.4 45 0.3 77 0 86 0.6 87 0.9 96 0 
7483 4 0.5 15 0.3 32 0 51 0.6 56 0 63 0.7 81 0.8 95 0.3 
7724 39 0.9 83 0.5 
7811 1 0 13 0.5 19 0.7 44 0 64 0.3 74 0 88 0 98 0.6 
7847 60 0 65 0.4 
7983 15 0.7 23 0.3 38 0.6 41 0.7 72 0.8 79 0.8 95 1 
8178 31 0 39 0 62 0 65 0 69 0.4 
8232 13 0 23 0.4 97 0 
8278 9 0.3 33 0.5 37 0.6 48 0.9 55 1 59 0.8 98 0.5 
8303 78 0.4 87 0.6 
8361 89 0.8 
8389 0 0.4 3 0.3 10 0.3 20 0.8 48 0.7 52 0.4 65 0.8 72 0.5 87 0.9 93 0.4 
8533 5 0.9 16 1 17 0 21 0.5 40 0.5 45 0.7 70 1 88 0.6 91 0.5 
8568 27 0.5 50 0.6 75 0.9 
8975 1 0 23 0.4 24 0.4 30 0.3 38 0.3 77 0.6 84 0 94 0.8 99 0.7 
8986 5 0.9 16 0.5 38 0.8 59 0.9 71 0 83 0 94 0.7 
9232 8 0.4 19 0.6 61 1 
9346 12 0.6 37 0.5 47 0.6 61 0 72 0.4 78 0 85 1 86 0.9 
9396 6 0 12 0 61 0.3 66 0.4 75 0.7 82 0.6 
9416 4 0.4 14 0.8 39 0 48 0.4 54 1 58 0.6 68 0 91 0 96 0.8 
9423 54 0.5 55 1 94 0 
9453 5 0.9 22 0.4 39 0.5 42 0.5 46 0 54 0.3 65 1 76 0 77 1 
9787 10 0.8 30 0 37 0.3 39 0.8 47 0.4 69 0.8 77 0.3 79 0 91 0 
9973 18 0.3 23 0 58 0.9 
