100
1 69 0.9 
156 33 0 97 0 
199 8 0.8 12 0.5 21 0 30 0.9 41 0.5 60 0.4 61 0.9 87 0 95 0.3 
352 4 0 16 0 24 0 35 0.8 38 0.7 40 0 41 0 58 0.4 92 0 
380 40 0 82 0 
621 37 0.7 44 0 47 0.7 56 1 75 0.5 93 0.4 
644 11 0 19 0.8 35 1 59 0 65 1 79 0.5 90 1 98 1 
683 8 0.3 19 0.4 21 0.6 26 0 33 0.5 41 0.8 54 0.8 67 0.3 83 0.7 
764 7 1 20 0.5 32 0.4 57 0 72 0.5 81 0.6 
872 0 0.3 3 0 22 0.6 48 0.6 60 0.9 72 0 86 0 88 0.7 93 0 
937 15 0.7 37 1 76 0.6 81 0.8 83 0.5 
946 23 0 32 0.9 35 0.5 40 0 61 0.5 65 0.9 75 0 88 1 89 1 
958 14 0.3 49 0.7 68 0.8 
1009 69 0.7 
1058 6 0.7 19 0.5 27 0.8 31 0 44 0.5 58 0.4 75 0 81 0 
1060 0 0.8 16 1 17 0.5 21 1 24 0.3 49 1 54 0.6 98 0.3 
1061 8 0 19 1 21 1 34 1 35 0.5 52 0 60 0.6 65 0.3 72 0 74 0.6 
1117 18 0.8 
1295 35 0.3 36 0.5 50 1 71 0 83 0 88 0.5 89 0.9 94 0.9 
1340 7 0 8 1 9 0.4 75 0 81 0 86 0 
1379 10 0.3 20 0 46 0.8 67 0.9 93 0.3 98 0 99 0 
1383 10 0.7 67 0 94 0.6 99 0.9 
1394 7 0 13 0.8 15 0 41 0 54 0 64 1 84 0.7 
1398 3 0.9 71 0.6 
1670 10 0 65 0.8 82 0.6 
1865 4 0.5 32 0.7 40 0.3 72 0.5 73 1 95 0 
1878 21 0 29 0.8 60 0.7 72 0.7 75 0.9 79 0.3 87 0.6 96 0.5 97 0 
1886 71 0.5 83 0 
1908 15 1 20 0.7 27 1 43 0.3 44 0.8 45 0.3 53 0.8 76 0.6 79 0.9 
2001 5 0.3 11 0.3 35 0.6 
2019 6 0 11 0 22 0 37 0.3 39 0.8 49 0.8 58 0.4 87 0.9 91 0.7 96 0.6 
2092 11 0 15 0 39 0.7 51 0 67 0.3 70 0 
2150 47 0.5 
2440 57 0 
2671 2 0.6 14 0.9 16 1 31 0.3 36 0 59 0.5 82 1 
2701 10 0.7 18 0.5 24 1 27 0.3 67 0 85 0.8 
2749 10 0 60 0 68 0.6 
2800 93 0.4 
3210 58 0.9 65 0 72 0 83 0.7 
3285 11 0.4 30 1 44 0.5 59 0.8 66 0 72 0.9 73 0.5 74 0 
3361 4 0.3 11 0.6 15 0.6 35 0.5 64 0.4 
3432 9 0.6 20 0.8 31 1 40 0.8 47 0.3 
3448 83 1 
3759 20 0 86 0.8 
3890 30 0.9 41 0.9 72 0.3 
4077 26 1 27 0.8 31 0 55 0.5 99 0.3 
4104 5 0 14 0.7 30 1 31 1 61 0 97 0.7 
4187 40 0 
4209 39 0.3 44 0.5 72 0.6 81 0.5 
4272 1 0 7 0.3 16 1 31 0.6 57 0.4 77 0 95 0 
4316 2 0.5 46 0 
4339 9 0 25 0 41 0.5 59 0.6 62 0 91 0.9 
4574 10 0 52 1 77 0.4 85 0.4 86 0.3 
5070 49 1 50 0.5 56 0 77 0 
5378 7 1 12 0 17 0.8 22 0.7 71 0 72 0.8 95 1 
5749 1 0 23 0 36 0.5 59 0.8 70 0 
5905 19 0.9 45 0.8 71 0.7 86 0 87 1 97 0.4 
6006 54 0.6 
6249 3 0 9 0.3 29 0 47 0.8 63 0.6 80 0 86 1 91 0.4 
6261 7 0.3 27 0.4 75 0 
6313 0 0.4 2 0 25 0 52 0.8 66 0.6 83 0.3 88 0.9 95 0.5 
6347 50 0 
6464 6 0 43 0.5 44 0.8 87 0.4 
6606 17 0.5 22 1 26 0.5 37 0.4 39 0 55 0.6 56 0 
6721 18 0.8 34 0.6 36 0 40 0.6 43 1 53 1 70 0 72 0.5 87 0 
6841 13 0.3 15 0.4 46 0.6 54 0.9 60 0 73 0 86 0 90 0.6 
6937 16 0.6 25 0.5 26 0.9 29 0 33 0.8 47 1 56 0 88 0.5 
6943 9 0.4 21 0 25 1 34 0 38 0.6 53 0 54 1 
7002 3 0.8 13 0.5 29 0 58 0.9 68 0.8 91 0.8 97 0 
7020 8 0.7 13 0 23 1 47 0 53 0.5 58 0 64 0 
7066 6 0.6 52 0.8 62 0.6 82 0.4 96 0.7 
7164 15 0.4 22 1 23 0.8 59 0.7 61 0.3 71 0 72 0.3 82 0 91 0 
7220 18 0.4 19 0.7 27 0.6 30 0.4 47 0.5 51 0 68 0 84 0.5 86 0.7 
7478 2 0.5 
7522 1 0 18 0 22 0 62 0.6 71 0.5 74 0 85 0.5 
7584 5 0.4 67 0.4 89 0 91 1 
7696 0 0.7 9 0 52 0.7 76 0.5 81 0.8 
7757 2 0.6 5 0 10 0.7 25 1 73 0.5 
7785 24 1 37 0.8 40 0.6 83 0.8 
7940 17 0.7 21 0.6 29 0.6 41 0.8 42 0.6 82 0 88 1 
8162 30 1 68 0.5 
8209 21 0.3 
8274 0 0.7 23 0 31 0.6 32 0.7 88 0 
8345 74 0.3 
8408 13 0.4 29 0.6 33 0.6 37 0.3 40 1 55 0.3 91 0.5 96 0 
8525 5 0 58 0.7 
8600 74 0 82 0.4 93 0.3 94 0.4 
8775 0 0.8 6 0.4 11 0.3 16 0 18 0.5 47 0 62 0 91 0 92 1 
8834 38 0 46 0 79 0.8 
8907 50 0.9 81 0.7 
9006 16 1 21 0 24 0.8 
9098 9 0 12 1 22 0.8 33 0 40 0.7 43 0.7 50 0.7 68 0.6 79 1 95 0.6 
9224 44 0 
9328 45 0 47 0 57 0 67 0 89 0.6 96 0 
9349 0 0 4 0.6 8 0 17 0 25 0.3 31 0.5 33 0 37 1 52 0.8 91 0.6 
9353 2 0.9 49 0 53 0 71 1 76 0.9 91 0.7 
9455 17 0.6 23 0 
9615 21 0.7 38 0.3 86 0.6 
9921 5 1 14 0 51 0.9 62 0.8 63 0.5 85 0.3 
9943 13 0 15 0.8 32 0 49 0.8 51 0.5 92 0.4 
