100
19 12 0 23 0 33 0.9 44 0.6 66 0 72 0 73 0.7 
35 0 0.3 6 0.4 16 0.9 20 0 52 0.8 53 0.8 59 0.5 73 0.8 93 0.5 
79 11 0 33 0.3 36 0.7 41 0.9 50 0 81 0.8 86 0 
80 38 0 40 0 82 0.9 88 0 93 1 
100 17 0.4 
131 6 0 11 0.5 16 1 25 0 28 0.6 41 0.3 91 0.5 
198 0 0.7 5 0.7 23 0 37 0 52 0.6 56 0 80 0.5 82 0.9 89 0.3 93 0.6 
260 4 0 13 0 16 0.6 21 0 28 0.4 47 0 51 1 89 1 91 0 92 0.8 
362 2 0.8 22 0 32 0 93 0.6 
436 37 0.3 55 0.8 72 0.6 
453 15 0 64 0.4 87 1 99 1 
505 25 0.3 33 0 45 0.8 54 0.3 80 0 
667 27 0.3 85 0.3 
679 52 1 71 0.9 82 1 
970 5 0 9 0.3 63 0 93 0.5 
1204 0 0.7 8 0 15 0.8 49 0.6 58 0.6 60 0.3 67 0 74 0.8 84 0 98 0 
1256 9 0.3 11 0 20 0.5 22 0.9 25 0 51 0 66 0.5 
1349 11 0.4 57 1 68 1 77 0.6 94 0.6 98 0 
1410 0 1 74 0.4 86 0.9 
1493 9 0 11 0.4 16 0.3 28 0 40 0.6 81 0.4 86 0 
1613 31 0 
1910 2 0 7 0.7 28 0.9 56 0.3 62 0 76 1 86 0.6 92 0.8 
2010 3 0 14 0 29 0.5 38 0 49 0.3 68 1 73 0.7 74 0.3 86 0.7 
2024 2 0.9 10 0.3 24 0 43 0.4 
2098 5 0.3 28 0.4 46 0.6 66 0.6 85 1 
2102 19 0.8 30 0.6 45 0.8 54 0.4 67 0.6 
2147 2 0.5 11 0 13 1 25 0 44 0 55 0.3 63 0.5 68 0.8 94 0.9 
2304 0 1 14 0 22 0 30 0.6 48 0.4 55 1 92 0.9 97 0 
2379 12 0.9 49 0.7 69 0.9 70 0.7 75 0.6 79 0 96 0.8 
2403 16 0.6 
2444 5 0 10 1 66 0 75 0.4 77 0.9 83 0.9 88 0 92 0 
2556 9 0.7 10 0.8 21 0 24 0 25 0.7 45 0.7 53 0.8 81 1 
2568 5 1 25 0.5 39 0.9 42 0 46 0.9 51 0 68 0.5 71 1 81 0 84 0 
2625 32 0.7 
2733 3 0 54 1 79 0 81 0.3 82 0.3 88 0.7 
2963 18 0.5 21 0.3 26 0 39 0.9 52 0.7 72 0.8 
2966 10 0.6 18 0 25 0.5 33 0 49 0 50 0 66 0.6 76 0.3 
3125 39 0 51 0.4 56 0.9 59 0.5 61 0.9 64 0 70 0.7 78 0.5 90 0.4 
3310 13 0 20 0.5 21 0.5 47 0.5 72 0.5 80 1 88 0 97 0.7 
3379 5 1 10 0.4 11 0.8 24 0.6 49 0.3 53 0.7 63 0.8 68 0.4 73 0.9 74 0 
3467 10 0 69 0.6 93 0.7 94 0 
3633 26 0 47 0 56 0 
3995 13 0.7 18 0.4 20 0 36 1 64 1 82 0.6 
4067 11 0.7 17 0.4 56 0.4 59 0.6 71 0 72 0 85 0.7 93 0 99 0 
4104 5 0 14 0.7 30 0.4 31 0.4 61 0.8 97 0.5 
4149 24 0.8 29 0.4 30 0.7 41 0 58 0.3 65 0 71 1 94 1 
4163 93 0 
4182 28 0.3 67 0.8 
4283 1 0.4 2 0.7 6 0.4 13 0.3 38 0.7 
4361 10 0.7 39 0.6 45 0.9 47 0.8 92 0.8 96 0 
4366 11 0.5 64 0.7 73 0.5 
4485 3 0.9 12 0 15 0.7 25 0.7 26 0.6 29 0 36 0.7 70 0 79 0.6 97 0 
4770 42 0.8 
4865 6 0.4 8 0.4 23 0.4 31 0.8 35 0.9 94 0.3 96 0.7 
4888 11 0.7 52 0.4 57 0.9 61 0.6 69 0.4 71 0 72 0.7 90 0 
5049 7 0.8 15 0 48 0.9 71 0.6 73 0.8 77 0.8 
5138 4 0.5 6 0.3 27 0 45 0 50 0 53 0 61 0.6 62 0.3 94 0.5 
5276 1 0.8 6 0 18 0.6 25 0.7 27 0 57 1 82 1 
5418 4 0.9 48 0.9 68 0 
5486 13 0.7 20 0 41 0.9 71 0.4 92 0.9 
5529 9 0.8 20 0.7 25 0 31 0.7 53 0.5 79 0.7 
5549 2 1 8 0.3 55 0.3 
5745 6 0.6 10 0 11 0.6 14 1 19 0.4 39 0.5 51 0.6 68 0.9 69 0.4 80 0.4 
5866 2 0.7 65 0.6 66 0.9 
6126 6 0.9 12 0 26 1 48 1 52 0.3 56 0.5 73 1 79 0 89 0.7 
6222 15 0.4 20 0.7 
6261 7 0.7 27 0.6 75 0 
6301 0 0 46 0 58 1 59 0.7 61 0 65 0 76 1 79 0 94 0.4 
6333 12 0 56 0 62 0.5 69 0 72 0 75 0.4 77 0.6 82 0.4 95 0 
6638 17 0.6 99 1 
6639 9 0.4 14 0.8 17 0.5 48 0 57 0.9 61 0.8 63 0.3 68 0.4 93 0.4 
6959 5 0 17 0.7 63 0.6 93 0.7 
7045 23 0.5 45 0.3 46 1 51 0.7 64 0 70 0.5 74 0.8 
7067 10 0.7 
7109 12 0.5 27 1 43 0 63 0 77 0 81 0.8 84 0 98 0 
7212 9 0.5 16 0 26 0 50 0 55 0 67 0.8 69 0 76 0.9 83 0.3 95 0 
7253 22 0.4 70 0.9 91 0.8 
7276 89 0.9 
7487 4 0.6 12 0.5 14 0.9 25 0.3 40 0.7 49 0.7 67 0 
7518 24 0.9 45 0.7 52 0 60 0.9 70 0 
7552 9 0.4 14 0.7 18 0 26 0 29 0 47 0 67 0.6 70 0.4 82 1 89 0.5 
7758 0 0 3 0.4 85 0.7 
7765 15 0.7 33 0.8 37 0.5 45 1 54 0.4 77 0.8 91 0 95 0 
7925 68 0.9 
8111 20 0 
8210 15 0.3 20 0.9 45 0 
8212 43 0.3 66 0.5 
8292 6 0.3 36 0 64 0.8 66 0.6 71 0.8 
8452 1 0.7 47 0.6 66 0.9 78 0.7 82 0.9 86 0 
8863 20 0.9 52 0 54 0.5 64 0 67 1 87 0.8 94 0.4 
9137 22 0.8 
9257 3 0.3 27 0.5 36 0 40 0 45 0 64 0 88 0 
9293 34 0.9 46 0.5 60 0 74 1 
9316 3 0 5 0 9 1 10 0.4 29 0 55 0.6 67 0 82 0.4 99 0.5 
9382 59 0 
9624 4 0 18 0.6 23 0.8 28 0 42 0 54 0.5 74 1 
9636 15 0.4 45 0 67 0 
9708 8 0.9 15 0.7 22 0.7 46 0 66 0.8 69 0.9 71 0 80 0 91 0 
9716 3 0.5 20 0 65 0 82 0 99 0.7 
9759 30 0 43 0.6 45 0 52 0.5 70 0 74 0.5 
