100
19 12 0.8 23 0.3 33 0.9 44 0.8 66 1 72 1 73 0.6 
69 1 0 6 0.6 11 0.4 39 0 45 1 60 0.4 82 1 88 0.8 
220 0 0.5 19 0.8 42 1 48 0.3 65 0 80 0.8 94 0.8 97 0.4 
258 1 0.4 31 0 82 0.9 
509 39 0.6 42 0 91 0 92 0.9 
589 1 1 18 0.4 28 1 30 0.8 35 0.4 44 0.3 49 0.5 97 0 
764 7 0 20 0 32 0.7 57 1 72 0.5 81 0.8 
776 1 0.9 7 0 33 0.6 39 0.7 69 0 76 0 
871 3 0.3 18 1 
878 5 0.4 10 0.9 36 0.7 47 0.6 49 1 70 0 75 0 79 0 96 0.8 99 0.8 
958 14 0.6 49 0 68 0.4 
966 10 0.9 13 0.6 30 0.5 56 0.7 74 0.4 80 0 81 0 90 0.5 
1071 8 0 9 0 17 0.8 33 0.3 64 1 72 0.3 
1114 3 1 15 0 18 0.4 33 0.5 39 0.7 41 0.3 80 0 96 0.3 
1128 44 0.6 49 1 73 0.7 
1202 2 0 9 0.4 15 0.8 18 0 34 0.5 75 0.9 76 0.6 77 0 93 0 
1207 4 0.5 10 0.7 24 0.3 31 0.8 39 0.8 40 0.8 46 1 73 0.6 98 0 99 0 
1290 0 0.8 86 0.3 
1351 4 0 9 0.7 34 0 40 0.6 50 0 65 0.5 74 1 78 0.9 99 0.3 
1421 11 0 47 0.4 52 0 65 0.8 77 0.4 
1498 0 0.7 2 0.5 17 0 32 1 49 0.5 51 0 66 1 99 0 
1506 1 0 
1555 72 0.8 
1581 0 0 4 0.7 13 0.9 41 0 56 0.9 60 0.9 90 0 
1586 12 0.5 15 0.7 18 0.6 24 0 50 0.5 87 1 88 0.8 
1612 22 1 24 0.9 28 0.8 30 0.8 56 0.4 87 0.7 89 0.9 97 0.4 
1638 72 0.4 
1820 3 0.7 6 0.8 8 0 27 0.5 33 0.6 34 0 92 0.8 93 0 97 0 99 0 
1857 10 0 18 0 46 0.8 50 0.4 
1967 65 1 
2232 33 0.4 42 0.8 50 1 60 0.5 78 0.8 95 0.3 
2313 14 0.3 44 0.7 50 0.4 56 0 57 0 61 0.5 63 0.8 84 0.8 92 0.5 97 0 
2409 19 0.5 
2453 1 0.9 27 0 
2534 25 0.7 26 0 37 0.4 38 0.4 43 0.3 67 0.7 79 0 86 0.6 89 0.7 
2542 3 0.3 16 0.4 26 0 27 0 66 0 69 0.7 77 0 89 0.8 
2788 39 0.4 60 0 72 1 
2884 14 0.3 48 1 49 0 57 0.8 68 0.7 72 0 85 0.7 94 0.3 95 0.3 
2988 84 0.5 
3180 8 0.5 20 0.6 33 0.8 48 0.6 49 0.6 54 0 60 0.5 63 0.3 67 0.9 72 0 
3279 21 0.3 55 1 70 1 86 0.9 87 1 
3313 6 0.9 20 0 22 0.3 28 0 40 0 69 0.6 77 0.6 91 0 94 0.7 
3498 6 0.3 9 0 17 0.9 18 0 26 0.3 51 0 79 0.9 80 1 84 0 90 0 
3552 1 0.8 39 0 44 0 70 0.5 84 0 
3643 9 0.5 47 1 50 0 64 0.7 91 0.6 95 0.9 
3838 4 0 29 0.4 31 0 67 1 72 0 85 0 
3878 3 0.6 68 0 81 1 
4099 14 0.4 16 0.5 33 0.6 34 0.8 38 0 62 0.6 63 0.5 69 0.4 89 0.6 
4110 16 0 18 0 30 0.5 37 0 60 0.3 63 1 76 0.8 79 0.6 
4208 73 0.7 90 1 
4357 4 0.3 17 0 25 0.5 39 0.8 40 0.6 75 0.4 86 0.7 92 0.9 
4585 12 0 17 0.7 32 0.3 39 0.4 57 1 60 1 68 0.7 86 0.6 92 0.6 93 0.7 
4589 16 0.7 23 0.8 25 0.7 30 0.3 32 0.4 35 0.7 53 0.3 68 0.3 98 0.3 
5069 5 0.3 6 0 16 0.7 23 0.4 34 0.6 44 0 58 0 70 0.7 89 0.9 95 0.8 
5214 40 0.9 56 0.4 
5311 2 0.6 7 0.7 11 0.5 16 0.3 18 0.4 23 0 41 0 67 1 
5352 36 0.6 55 0.3 68 0.9 73 0.9 75 0.9 93 0.8 
5521 20 0 54 0 72 0.5 73 0 76 0 
5562 9 0.5 15 0.9 46 0.8 47 0.8 
5624 10 0.6 12 1 36 0.5 38 0.7 76 0.9 
5746 93 0.3 
5903 53 0.4 56 0.8 59 0.9 67 0.4 72 0 77 0.6 93 0.7 94 0.6 
6176 13 0 34 0 68 0.8 81 1 84 0.8 
6278 29 0.4 33 0.5 37 0.7 43 1 46 0.4 57 0.9 75 0.7 91 0.5 96 0.5 
6294 23 0.7 43 1 47 1 64 0 87 0.4 91 0 98 0.4 
6339 2 0.4 31 0.5 55 0 65 0.7 70 0.6 77 1 81 0.6 86 0.3 95 0 
6437 1 0.8 2 0.6 10 0.8 32 0.5 34 0.5 43 0.6 52 0.7 63 0.5 86 0.4 92 0.8 
6508 31 1 63 0 78 0 96 0.8 
6749 0 0.8 8 0.8 16 0.9 25 0.5 28 0.7 45 1 52 0.3 56 0.6 
6751 22 0.8 32 0 44 0.5 49 0.3 56 0.5 69 0.5 
6781 1 0.8 17 0 23 0 33 1 65 0 85 0.4 99 0.4 
7056 17 0 21 0.9 24 0.6 27 0.7 33 0.3 45 0.7 46 0.8 48 0 58 0.9 64 0.3 
7346 17 0.3 47 0 52 0.3 59 0 86 0.6 
7436 55 0 
7486 3 1 14 0.5 53 0.9 78 0.5 90 0.9 92 0 98 0 
7605 14 1 28 0.8 92 0.8 95 0.4 
7661 44 1 74 0.5 81 0.7 
7678 33 0.7 53 0.9 69 0 
7821 11 0.8 13 0.8 27 0.5 34 0 35 0.4 45 1 50 0.8 54 0.8 86 0 
8035 13 0.7 21 0.8 29 0 37 0 71 1 73 0 78 0.7 82 0 95 0.6 
8090 2 0.5 3 0.6 6 0.5 11 0.6 15 0.7 25 0 60 0.4 77 0.7 80 0.5 97 0 
8114 23 0 46 0.8 88 0.5 
8125 42 0.8 59 0.4 66 0.6 75 0.8 
8127 9 0 25 0 27 0.9 37 0.7 62 0.5 65 0.8 66 0 78 0 87 0 
8416 9 0 14 0.5 80 0 
8438 14 0.7 53 1 81 0.5 82 0.8 97 0.6 
8509 16 0.3 29 0.8 30 0.9 57 0.8 88 0.5 95 0.9 97 0.6 
8679 3 0.3 57 0 75 1 81 1 86 1 
9012 98 1 
9055 9 0.7 11 1 21 0 29 0.5 32 1 41 0.8 55 0.8 69 0 78 0.7 
9136 43 0.3 84 0.7 
9209 64 0 83 0.3 
9345 12 0.7 22 0.9 30 0 31 0.8 35 1 50 0 58 0 85 0.9 97 0 
9422 15 0.7 36 0 37 0 55 0.6 73 0.4 
9499 34 0.7 
9509 18 0.7 20 0.6 43 0 54 0 66 0 79 0.9 
9771 10 0 69 0.3 77 0.5 85 0.8 89 0 98 0.6 
9784 3 0 10 0 12 0 23 0.3 49 0 50 1 62 1 83 0 86 0.9 98 0 
9846 17 0.3 21 0.3 24 0 36 0.7 80 0.6 85 0.5 
9976 2 0.4 9 0 30 0 31 0.7 36 0.7 37 1 57 0 58 0.6 60 0.4 76 0.9 
