100
4 2 0.4 7 0.7 18 0.6 22 0 30 0 36 0.3 57 0.7 68 1 
60 4 0.6 25 0 44 0.4 
79 11 0.9 33 0.8 36 0 41 0.7 50 0 81 0.9 86 0 
176 40 0.8 
185 9 0.8 13 0.8 17 0.4 19 0.8 30 0.3 32 0.4 35 0 58 0 83 0.8 88 0.9 
283 1 0 28 0 54 0.3 84 0.7 87 0.3 
315 33 1 38 0.9 56 0 86 0 
388 3 0.6 23 0.8 24 0 32 0.7 73 0.5 78 0.5 81 0.6 89 1 96 0.5 
468 0 0.9 18 0.7 60 0.7 
705 11 0.7 36 0 37 0.6 46 0 65 0 
730 11 0 24 1 32 0 51 0.4 58 1 77 0.4 79 0 93 0.3 96 0.4 
787 13 1 35 1 37 0 94 0.3 95 0.6 
811 13 0.8 14 0 42 0.5 72 0.7 92 0.8 94 0.4 99 0.6 
855 39 0.6 56 0.8 70 0.5 79 0.3 81 0.8 
988 16 0.6 21 0.7 48 0.3 54 1 74 0.9 84 0.7 
998 10 0 23 0 38 0.6 62 0.5 63 0 86 0 
1067 3 0 31 0 47 0 48 1 60 0 67 0 71 0 73 0.4 91 0.6 
1241 14 0 49 0.3 
1438 17 0 24 0.4 49 0.4 57 0.6 61 0.4 63 0.7 68 0 77 0.8 84 0.9 
1497 12 0.7 46 0.7 72 1 90 1 
1507 1 0.9 8 0 12 0.4 17 0.5 25 0.8 49 0 
1654 9 0 21 0 36 0.7 39 0 42 0.3 49 1 74 0.3 85 0.4 94 0 99 1 
1717 3 0.3 25 0.8 68 0.5 
1798 22 0.3 93 0 
1852 3 0 6 1 7 0 42 1 86 0 
1870 14 0.6 44 0.5 96 1 
1881 0 0 3 0.8 11 0 41 0 60 1 74 0.4 95 0.6 
1967 65 1 
2356 65 0.3 70 0.6 
2491 33 0.9 56 0 61 0 67 0.8 72 0.3 78 0.4 
2511 16 0.8 17 0.3 29 0.3 39 0.7 51 0.7 82 0.3 88 0.6 98 0.5 
2546 25 0.6 82 0 93 0.3 
2752 14 0 33 1 40 0 61 0.6 63 0.4 66 0 
2761 15 0.3 64 0 
2913 72 0 76 0.3 99 0 
2985 4 0.5 5 0.3 18 0.5 23 0 27 0.4 57 0.3 69 0.8 86 0.3 96 0 97 0.3 
3237 3 0.6 10 0.7 37 1 61 1 62 0.3 85 0.9 89 0 93 0.6 98 0 
3252 12 0.4 25 0.5 34 0 53 0.7 59 0.7 81 1 93 0.6 
3291 19 0.3 48 1 61 0.3 65 0.9 75 0 84 0.9 87 0.3 99 0.9 
3487 8 0.4 60 0 63 0 66 0.7 70 0.3 73 0.8 89 1 91 0.4 
3797 5 0 11 0.3 21 1 26 0 45 0.4 51 0.3 68 0 70 1 72 1 98 0.5 
3801 1 0.6 32 1 44 0.5 81 0.5 91 0.5 
3815 4 0 9 0.3 19 0.8 20 0.4 46 1 64 0 86 0.6 
3898 1 0.6 53 0 57 1 
3988 12 0.5 24 0.6 25 0.8 33 0 73 0.7 80 0 81 1 
4031 68 0.8 
4066 3 0.6 27 0 29 0 36 0.3 
4240 9 0.9 34 0.4 39 0 53 0.5 74 0 76 0 
4251 65 0.6 92 0.3 
4425 28 0.8 81 0 
4557 10 0.4 18 0 32 0.4 57 0.4 63 0.6 69 0.3 76 0.7 81 0.8 82 0.8 93 0.6 
4663 26 0.9 
4704 78 0 
4868 3 0.5 6 0 7 0 9 0.8 17 0.9 19 0 26 0 48 1 65 0.3 80 0.5 
4908 27 0.4 28 1 32 0.7 44 0.8 45 0 54 0 80 0.4 
5057 41 0.7 
5325 11 0.7 47 0.5 49 0 63 0.7 
5339 33 1 84 1 
5606 1 0 18 0.5 58 1 67 0 77 0.6 
5610 27 0 
5629 39 0.4 63 0.9 
5637 27 0.9 60 0.5 
5781 8 0.5 19 0.9 36 0.8 40 0.3 47 0.5 62 0 64 0.9 66 0 82 0 
5972 44 0.6 87 0 91 0.8 
6322 29 0.5 31 0.4 34 0.3 35 0.6 44 0.6 69 0.5 71 0.8 94 0.8 
6345 0 0.9 23 0.3 32 0 34 0.5 46 0.5 58 0.9 66 0.5 
6368 21 0.6 24 0.9 58 0 
6557 16 1 
6592 8 0.8 13 0.6 25 0.8 32 1 46 0.9 63 0 
6710 10 0.4 
6745 4 0.8 5 1 62 0 80 0 90 0.4 
6917 11 0 73 0.6 85 0 86 0.9 99 0 
6926 5 0.3 8 0.5 53 0.6 72 0.8 82 1 97 0 
6956 29 0.5 45 0.3 47 0.3 85 0 90 0 
7003 22 0.3 38 0.6 43 0.9 57 0 71 0.8 75 1 78 0 90 0.6 
7401 4 0.4 42 0.6 88 0.7 91 0.5 
7407 10 0.9 83 0 
7470 5 0 12 0.7 28 0.6 39 0.4 42 0.4 67 0.3 73 1 74 0 80 1 81 0.7 
7575 15 0.3 37 1 42 0 56 1 58 0 90 0.4 
7769 19 0 24 0.3 25 0.4 70 0 76 0 91 0.6 99 1 
7920 9 0 31 0 35 0.5 57 0 62 0 
7992 0 0.8 39 0.8 
8184 6 0.9 10 0.3 11 0.7 21 0.3 36 0.6 66 0.4 76 0.4 84 0.9 97 0.9 
8229 0 0 7 0.4 13 0.4 22 0.7 29 0.6 34 0 90 0 
8472 23 0.3 33 0.7 34 0.8 48 0.4 55 0.5 58 0.9 67 0.9 89 0.8 90 0.4 
8555 45 0.8 49 0.4 52 0 84 0.3 93 0 
8584 32 0 37 0 55 0 71 0.5 78 0.6 79 1 80 0 83 0.5 93 0.4 
8776 38 0 55 0 64 0.4 66 0.6 
8861 11 0.3 14 0.8 16 0.3 35 0.7 68 0.8 74 0 78 0 94 1 
9102 21 0 
9512 25 0.5 28 0 57 0 58 0 63 0.6 66 0.3 70 0.4 80 0.8 89 1 
9561 9 0.3 21 0.3 29 0 35 0 60 0.7 72 0 77 0 87 0.6 92 1 97 0 
9588 22 0.6 
9642 10 0.3 93 0.9 
9820 5 0 
9827 3 0.4 28 0.9 33 1 36 0 60 0 67 0.9 71 0.6 87 0.8 88 0.6 89 0.8 
9887 59 0.4 84 0.5 95 0.5 96 0.3 
9938 2 0.4 51 0.6 52 0.4 58 0 85 0.7 
9946 0 0 11 0.4 18 0 22 0.6 26 0 39 0.3 45 0 80 0.7 
9952 6 0.8 19 0.3 28 0.3 30 0.4 43 0.8 61 0.8 79 0.5 
