100
43 6 0.8 20 0.4 26 0.7 35 0.7 41 1 53 0 77 0.3 84 0.4 86 0.6 
126 1 0.3 53 0.4 55 0 92 0 94 0.6 
154 5 0.8 9 0.9 11 0.5 13 0 28 0 30 0.8 74 0 76 0 83 0.9 91 0.6 
190 5 0.4 22 0 44 0.9 46 1 61 0 79 0.3 
210 15 0.8 37 0 38 0.6 70 0.9 81 0.3 98 1 
212 20 1 22 0.3 90 0 93 0 
251 52 0.8 
280 13 0.6 50 0.4 52 0 
357 14 0 49 1 54 0.3 70 0.6 73 0 81 0.6 
480 13 0.4 26 0.5 33 0.9 62 0.4 88 0 94 0.6 
592 1 0 5 0 19 0.3 21 0.3 68 0.4 88 0.4 90 0 
607 8 0.9 15 0 31 0.5 40 0.5 68 0 89 0 90 0 92 0 93 0.7 98 0.3 
668 8 0 33 0.4 47 0.9 55 0.8 79 1 89 0 
722 0 0 5 0.6 6 0 7 0.5 28 0.3 31 0.3 34 0.4 53 0.6 54 0.3 
851 4 0.6 7 0.3 9 0.7 25 0.4 52 0.6 57 0.5 58 0 67 0.3 78 0 86 0.8 
921 16 0 95 0.3 
948 5 0.5 8 0 22 0 23 0 27 1 87 0.4 89 0.7 96 0.7 
1020 0 0.9 2 0.4 6 0 8 0.9 27 0.4 68 0.3 75 0.7 97 0 
1141 11 0.3 12 0 20 1 33 0 47 0 56 0.7 86 0.8 89 0 90 0.6 95 0.3 
1245 1 0.5 18 0.9 28 0.4 30 0.3 35 0.9 53 0.4 69 0 89 0.7 96 1 
1352 0 0.8 16 0.7 37 0.8 41 0.4 53 0.3 63 0.5 70 0.8 77 0.7 
1371 3 0.5 4 0.7 16 0.4 27 0.4 30 0.3 37 0.5 52 0.8 65 0.3 84 0.9 
1506 1 0 
1710 3 0.5 41 0.8 88 0.3 
1776 3 0.7 47 0.7 54 0 62 0 68 0.3 70 0 89 0.7 
1859 13 1 16 0.5 41 0 59 0.8 79 0.4 85 0 
2121 27 0 29 1 30 0 88 1 
2222 1 0.6 12 0.8 54 0.4 57 0 66 1 76 0 82 0.5 85 0 99 0 
2229 16 0 28 0 49 0.6 73 0.8 
2252 12 0.3 21 0 26 0.3 31 0 45 0.9 58 0.9 
2288 1 0.6 8 0.5 54 0.5 74 0 
2308 2 0.3 4 0 10 0.9 13 1 
2346 17 0.3 21 0.6 26 0 31 0.5 68 1 70 0 79 1 99 0.7 
2411 24 0.8 28 0.7 30 0 49 0.3 68 0 72 1 
2419 14 0.8 24 0 38 0.8 59 0.4 64 0.5 
2437 6 0.4 12 0 57 0 84 0 93 0.8 
2547 15 0.4 92 0 98 0.9 
2752 14 0 33 0.3 40 1 61 0.7 63 0 66 0.4 
2783 3 1 26 0.3 68 0.9 76 0 93 0.4 
2836 10 1 69 0.8 75 0.4 93 0.6 
2928 21 0.9 45 0 53 0.3 57 0.7 60 0.5 72 0.5 86 0.3 92 0 93 0 97 0.5 
2942 34 0 64 0 
3114 36 0.6 48 0.7 49 0 56 0.5 81 0.7 
3388 3 0.5 30 0.7 43 0 46 0.3 58 0.3 60 0 89 0.7 96 0.4 
3658 26 0.5 42 0.9 56 0.4 61 0 82 0.9 89 0 98 0 
3686 12 0.7 13 0 71 0 78 0 
3818 1 0 4 0.7 33 0 36 0.4 71 1 78 1 94 0.5 95 1 
3830 2 0.8 28 0.6 37 0.6 40 0.5 75 1 87 1 
4067 11 0.8 17 0.6 56 1 59 0 71 0.8 72 0.4 85 0.8 93 0 99 0 
4083 19 0 58 0.6 63 0.8 78 1 
4184 10 0.4 
4195 5 0.8 6 0 84 0.5 
4272 1 0 7 0.4 16 0 31 0 57 0.8 77 0.7 95 0.8 
4508 46 0.4 
4512 5 0.9 48 0.3 
4590 21 0.7 31 0 65 0 92 0.8 
4935 43 0.9 
5045 4 1 14 0.3 23 1 25 0.3 45 0.7 63 0.5 70 0 87 0.6 
5179 41 0 48 1 51 0.5 
5220 43 0.7 63 1 65 0.5 72 0.7 80 0.8 87 0.8 
5258 0 0 16 0 38 0 41 0.6 69 0.3 76 0.4 78 0.6 94 0.5 
5287 5 0.7 14 0.9 27 1 55 0.5 70 0 72 0 74 0.4 80 0 99 0 
5410 21 0.3 46 0.8 60 0.5 87 0 
5413 14 0.6 22 0.4 29 1 53 0.6 
5474 7 0.3 8 1 23 0.6 42 0.6 45 0 54 0.3 87 0 
5868 0 0.9 2 0.8 16 0 47 1 52 0.4 62 0.4 77 1 99 0.6 
5909 29 0.8 30 0.8 38 0.6 40 0.4 46 0.4 57 0 73 0 97 0 
5965 45 0.5 75 0 88 0 94 1 
6099 10 0 24 1 28 0.5 39 0.3 40 0 41 0.7 67 0.5 68 0.6 92 0 93 0.9 
6118 8 1 88 0 
6417 3 0 49 0 
7073 13 0 57 0 78 0.6 96 0.9 
7318 1 0.7 12 0.5 
7366 30 0 50 0.6 55 0 64 0.7 
7438 24 0.4 41 0.4 47 1 89 0 
7480 90 1 94 0.7 
7518 24 0.5 45 0 52 0.3 60 0.4 70 0 
7526 7 0 24 0 25 0 52 0 70 0.6 
7797 0 0.5 18 0.7 53 0.7 58 0.5 59 0.7 66 0.4 92 0 96 0.6 98 1 
7913 1 1 45 0 75 0.7 
8217 0 0.4 1 0.6 4 0.9 8 0.9 31 0.4 32 0 83 1 86 0.5 91 0 
8286 59 1 79 0.8 
8332 22 0.4 35 0.7 
8477 1 0.8 5 0.8 6 0 53 0 84 0.9 98 1 
8506 5 0.9 32 1 62 1 97 0 98 0.4 
8528 91 0 
8555 45 0.4 49 0 52 1 84 0 93 0.7 
8607 51 0.8 66 0.4 92 0.5 
8789 13 0.5 16 0.4 25 1 42 0.8 44 1 47 0.5 55 0 61 0.5 97 0.8 
8984 51 0.7 64 0.3 98 0.6 
9064 2 0.8 9 0 17 0.8 23 0.6 34 0.3 42 0.8 86 0.5 
9149 2 0.9 4 0.6 7 0.4 10 1 29 0.4 44 0.6 45 0.8 77 0 95 0 
9187 26 0.4 29 0 93 0.3 96 0 
9227 19 0.4 26 0 28 1 33 0.4 36 0.9 51 0.3 73 0.4 77 0.8 80 0.3 98 0.8 
9241 9 0 30 0.6 35 0.3 37 0 63 0.4 67 0.7 87 0 95 0 
9257 3 0.3 27 1 36 0.8 40 0.4 45 0.8 64 1 88 0.6 
9276 11 0 50 0 52 1 
9612 9 0.8 26 0 47 0.4 51 0 53 0.8 55 0 65 0.5 69 0 77 0.8 
9845 65 0.3 90 0.7 96 0.3 
9877 7 0.5 34 0 36 0.3 38 0.7 53 0.4 54 0 56 0.4 57 0 70 0 82 0.8 
