100
264 8 0 13 0 37 0.5 46 0.3 60 0.9 74 0.3 82 1 
278 40 0.7 68 0.3 
410 6 0.4 12 0.4 18 0 45 0.5 62 0.8 77 1 94 0 95 0.8 97 0 
412 8 0.8 10 0 34 0.4 38 1 44 0 45 0.5 50 0 66 0.9 90 0.3 98 0.6 
482 62 0.8 
496 4 0.3 43 0.7 45 0.8 48 0.5 
517 2 0.6 6 0.4 18 0.6 19 0 34 0.8 46 0.7 77 0.8 86 0.6 98 0.5 99 0.9 
547 8 0.9 12 0 41 0.7 51 0.3 
740 15 0.8 
746 0 0.7 16 0.5 20 0 31 0.9 88 0 
962 17 0.5 20 0.8 50 0.8 53 0.5 93 0.7 
996 9 0.7 12 0.8 47 0 56 0 57 0.4 58 0 81 0.5 89 0.7 
1080 6 0.4 10 0 15 0.5 61 0.8 72 0.8 
1198 12 0.7 37 0 53 0 54 0.3 58 0.7 81 0.9 82 0.4 93 0 
1361 32 0.4 53 0.9 59 0.5 65 0.9 69 0 
1402 1 0.3 14 0.3 28 0.5 33 0.4 37 0 42 1 55 0.6 57 0.7 80 1 94 0.5 
1434 5 0 6 0.4 
1513 4 0.5 35 0.6 43 0.8 46 0 76 0.7 88 0.8 
1584 12 0.5 19 0 25 0 30 0.9 44 0 49 0.9 58 0.4 74 1 78 0 
1669 9 0.4 10 0.9 60 0.4 
1847 2 0.4 21 0.5 38 0.7 51 0.4 83 0 
1848 10 1 13 0 31 0 42 1 45 0.5 54 0 55 0.5 76 1 96 0.3 
1963 66 0.8 77 0.3 91 1 94 0.5 
2030 2 0 12 0 16 0.8 28 0 
2127 28 0 31 0.6 33 0 36 0.8 40 0.4 53 0.7 54 0 72 0.6 86 0 
2377 6 0.5 12 1 17 0.9 54 0.7 65 0.4 77 0.4 85 0.5 
2471 13 0.8 22 0.5 24 0.7 62 1 77 0.6 88 0.3 94 0.3 
2879 18 0.9 71 0.5 
3225 27 1 28 0.3 
3241 50 0.3 
3379 5 0.9 10 1 11 0.8 24 0.3 49 0.5 53 0 63 0 68 0.8 73 0 74 0.6 
3429 14 0.3 39 0.5 
3456 2 0.9 45 0.9 96 0.9 
3570 18 0 21 0 42 1 43 0 49 0.7 69 0.6 81 0 84 0.7 
3829 54 0 62 0 80 0.8 90 0 97 0 
4014 7 0.9 8 1 39 0 86 0.4 97 0 
4034 27 0.3 98 0.3 
4129 6 0.8 13 0 29 0.3 47 0 54 0.7 55 0.4 64 0.3 73 0 
4151 9 0 45 0.5 
4361 10 0.4 39 0.4 45 0 47 0 92 0.3 96 0 
4372 7 0 25 0 35 0.7 41 1 43 0 50 0.6 52 0.6 67 0 81 0 
4394 4 0.8 36 0 84 0 85 0.8 92 0.3 94 0 
4436 8 0.7 17 0.7 28 1 34 0.6 52 0 53 0 60 1 62 0.8 90 0 
4465 35 0 44 0.9 60 0.7 66 0.7 75 0.3 86 0.9 
4505 84 0 
4532 22 1 29 0.7 34 0.4 35 1 36 0 44 0.4 
4559 25 0.7 36 0.5 59 1 63 0 69 1 71 1 78 0 
4560 14 0.5 38 0.9 79 0.9 
4599 16 0 22 1 47 1 59 0 66 0.6 78 0.8 83 0.3 87 0.4 93 0.6 95 1 
4601 8 0 29 0.8 32 0 43 0.7 78 0.6 85 0 
4779 0 0 5 0.8 7 0.7 17 0.6 18 0 32 0 34 0.7 76 1 
4780 36 0 40 0.5 61 0.6 68 0.6 91 0 94 0.9 
4845 8 0.9 33 0 35 0.4 59 0.8 87 0.8 
4919 47 0.7 64 0.6 66 0.5 87 0.5 
5377 20 0.6 
5428 4 0.3 46 0 59 0.9 
5452 27 0.7 77 0.5 87 0.3 
5679 0 0.4 34 0.4 68 0.7 71 0.6 75 0 80 1 
6097 35 0.6 58 0.6 59 0 72 0 
6125 31 0.5 38 0.5 42 0.7 43 0 50 0.3 51 0 74 0 79 0.5 84 0.7 88 0 
6242 10 0.4 52 0.9 96 0.6 
6356 28 0.5 49 0.4 80 0.5 
6492 8 0 
6532 6 0.7 38 0 62 0.8 69 0 70 0.7 71 0.9 76 1 80 0.8 84 1 
6648 2 0.4 7 0.3 40 0.5 41 0.5 64 0.6 75 0.4 77 0.5 99 0.7 
6829 1 0 4 0.6 5 0.7 38 1 43 0 50 0 68 0 70 0.4 
7076 36 1 41 0.9 44 0.9 50 0.7 56 0.5 79 0 85 0.7 95 0 
7198 14 0 26 0.3 30 0.5 53 0.4 75 0.3 80 0 89 0.3 99 0 
7201 27 0.4 
7245 25 0.8 66 0.4 94 0.4 
7344 63 0.7 76 0.6 78 0.8 
7422 5 0.7 13 0.4 35 0.7 44 0 46 0.6 47 0 55 0.9 73 0.3 75 0 
7425 8 0.9 
7429 10 0 38 0.4 42 0 59 0 61 0.7 78 0 83 1 93 0 
7452 27 0.3 34 0 46 0.9 48 0.9 49 0.6 50 0.6 59 0.8 68 0 72 0 
7460 1 0 68 0 
7487 4 1 12 0.3 14 0.7 25 0 40 0.6 49 0.3 67 0 
7499 28 0.7 
7536 21 0 49 0.9 54 0.3 85 0.5 
7973 26 0.8 27 0.9 36 0.5 37 0 83 0.4 
7990 10 0.6 
8000 5 0.8 50 0 74 0.6 
8255 4 0.3 11 0 42 0.9 47 0 69 0.6 
8271 5 0 21 0.7 26 0.6 33 0.4 34 0 54 0 86 0 95 0.6 97 1 98 0.9 
8464 6 0.8 24 0.6 32 0.7 42 1 58 0.4 
8469 11 0.8 
8638 47 0.5 68 0 71 0.6 84 0 91 0.4 92 0 
8707 51 0.9 
8848 11 0.5 51 0.8 54 0.7 67 0.3 74 0.3 75 0.9 79 1 92 0 94 0.3 97 0.6 
8900 27 1 32 0.4 54 0 76 0 80 0.7 82 0.9 88 0.7 97 0.8 99 0.8 
8922 9 0.4 20 0 31 0.3 52 0 72 0.9 
8976 7 0 22 1 86 0.6 
9020 1 0.3 10 0 29 0 40 0.5 64 0 95 0 97 0.4 99 0.6 
9219 18 0.6 26 0.7 27 1 82 0 88 0.6 92 0.9 
9637 5 0 18 0 22 0.3 28 0.6 55 0.6 84 0.6 85 0 88 0 90 0.8 95 0.7 
9875 19 0 29 0 31 0.3 35 0.3 46 0.3 48 0.6 84 1 89 0.8 
9890 45 0 
9918 14 0 33 0.5 37 0.7 96 0 
9955 8 0.3 
9996 40 0.7 68 0.6 78 0 
