100
9 45 0 55 0 62 1 83 0 87 0.7 
12 9 0.8 23 0.3 48 0 79 0.5 89 0 
331 18 1 21 0.6 28 0.7 52 0.6 57 0 61 0.7 84 0.3 95 0.8 
354 8 0.7 78 0.5 82 0 83 0.9 85 0.8 99 0 
392 0 1 9 1 36 0.6 44 0.9 85 0 
426 30 0.5 34 0 35 0.5 46 0.8 71 0 72 0.8 79 0 80 0.7 90 0 
615 18 0.6 34 0.5 51 0.5 63 0.7 79 0 85 0.3 
702 25 0.9 32 0 83 0.3 99 0.5 
885 53 0.4 75 0.3 82 0.9 
909 22 1 23 0.9 37 0.8 60 0.5 
918 13 0.7 18 0.9 19 0 28 0 41 0 76 0 98 0.5 
961 4 0.6 59 0.4 76 0 82 0.3 84 0 
1127 21 0.6 27 0.5 43 0.5 45 0 47 1 67 0.4 
1220 53 0 
1326 34 0.8 36 0 61 0.3 67 0 74 0.5 77 0 78 0.7 82 1 84 0.3 
1433 8 0.8 20 0.3 48 0.6 
1468 52 0.9 69 0.6 
1510 71 0 
1617 30 0 31 0 59 0.3 61 0.6 67 1 68 0 85 0 
1627 48 0 69 1 70 0 76 1 84 0.4 89 0.4 90 0 
1774 50 0.8 
1828 1 0 10 0 27 0 42 0.3 87 0.4 92 0.9 
1843 6 0 10 0 12 0.8 19 0.4 31 1 44 1 46 0.7 48 0.5 74 0 93 0.4 
1983 42 0.9 46 0.6 49 0.5 52 0.4 77 0.3 89 0.4 
2059 29 0.9 61 0.3 65 0.7 76 0 81 0 90 0.5 92 1 97 0.7 
2099 16 0.8 48 0.6 55 0.3 57 0.7 74 0.7 90 0.3 
2104 9 0.8 13 0.9 14 0.6 40 0.8 63 0 68 0 85 0.9 93 0.3 
2134 26 0.6 44 0 55 0.8 79 0.4 89 0.8 
2193 22 0.7 83 1 
2215 61 0.8 
2317 13 0.7 
2322 10 0.5 15 0 25 0.7 64 0.6 90 0.9 96 0 
2445 3 0.5 33 0.6 43 0 49 0 62 1 65 0 78 0 83 0.5 
2494 12 0 13 0.4 36 0.3 43 0.4 
2578 17 0.3 94 0.3 
2599 0 0.7 26 1 46 0.3 53 0 73 0.6 79 0 80 0.7 90 1 
2660 16 0 17 0.5 26 1 34 0.9 
2721 3 0 42 0 64 0.8 77 0.9 87 0 91 0.3 96 1 
2752 14 0 33 0.9 40 0.8 61 0 63 0.6 66 0 
2796 7 0.7 24 0.4 33 0 35 1 36 0.4 42 0.8 44 0 63 0.7 66 0.5 76 0.3 
3040 21 0.4 
3063 31 0.6 76 0.3 
3119 64 0.3 65 0.4 80 1 
3138 11 0 39 0.8 49 0 60 0.5 92 0.4 96 1 
3209 31 0.4 47 0 61 0.5 
3247 6 0 30 0.9 44 0 56 1 
3581 10 0.8 41 0 93 0.4 97 0 
3795 13 0.4 41 0.3 67 0.7 
4077 26 0 27 0.3 31 0.9 55 0.6 99 0.7 
4196 4 0 23 0.3 26 0 65 0.8 82 0.3 85 0.8 88 0 93 0.4 94 0.4 
4249 54 0.7 66 0.7 
4683 8 0.3 13 0.5 17 1 24 0.9 56 0.6 58 0.8 85 0.3 
4848 79 1 
4966 22 0.4 27 0.6 31 0.3 37 0 72 0.3 77 0.3 80 0.7 81 0.3 88 0.5 99 0.8 
5003 39 0 57 0.8 65 1 93 0.5 
5034 2 0.5 80 0.8 
5109 14 0.5 15 0.4 23 0.5 41 0 45 0 46 0.7 50 0.9 63 0.7 90 0.8 
5160 5 0.3 13 0.8 42 0 44 0.5 52 0.7 57 0.4 61 0.3 67 0.5 77 0 83 0 
5377 20 0.8 
5556 5 0.3 15 0 31 0 39 0.7 65 0.3 81 0.9 89 0.8 90 0.7 95 0.6 99 0.9 
5782 10 0.5 19 0.7 24 0 51 0 57 0 60 0 61 1 63 0.5 68 0.6 91 0.5 
5841 2 0 7 0 37 0.6 
6156 28 0.8 32 0 33 0.6 58 0.5 78 0.3 89 0.4 93 0 
6297 4 0.8 10 0.3 23 0.7 26 0 36 0.9 47 0.3 56 0.8 72 0.4 84 0 91 1 
6428 7 0.4 30 0 38 1 43 0 50 0 64 0.5 89 0.9 
6479 9 1 36 0 41 0 56 0.3 61 0.3 66 0.4 73 0 83 0 
6513 41 0.9 96 0.5 
6717 9 1 18 0.9 22 0.9 27 0.5 34 0.6 39 0 61 0.5 69 0.8 88 0.8 
6737 3 0.8 5 0 39 0.7 47 0.8 48 1 72 0.7 81 0.9 86 0.4 90 1 
6795 5 0.3 8 0 20 0.6 24 1 34 1 45 0 71 1 83 0.5 97 0.8 
6998 2 0.3 48 0.3 77 0 
7030 8 0 9 1 11 1 21 0.8 34 1 45 0 56 1 67 0 97 0 
7140 17 0.3 23 0 30 0.7 48 0.8 53 0.6 81 0 84 0 91 0.3 96 0.8 98 0 
7148 15 0.6 23 0.3 27 1 64 0.8 74 1 76 0 89 0.8 
7430 6 0.5 9 0 19 0 30 0 31 0.9 53 0.7 70 0.6 79 0.8 97 0.6 
7471 25 0 26 0.4 30 0.8 38 0.4 53 1 80 0.7 89 1 
7480 90 0.7 94 0.3 
7610 6 1 12 0.4 14 0.6 51 0.8 80 0 81 0.9 
7852 38 0.5 76 1 
8011 48 0.5 70 0 76 0.7 
8218 79 1 81 0.9 
8326 46 0.8 58 0.5 
8433 7 0.5 10 0.9 16 0.7 24 0.8 43 0 52 0.8 78 0 
8507 25 0.5 29 0 
8865 4 0 18 1 41 1 50 0.5 79 1 98 0.3 
8893 47 1 85 0.9 
8959 6 0 10 0.8 16 0.6 36 0.9 46 0.5 84 0 94 0.5 
9191 37 0.7 42 0.9 59 1 74 1 80 0.4 
9208 4 0 11 0.9 21 0 29 0.3 46 0 65 0.3 77 0.7 83 0.7 
9227 19 0.6 26 0.9 28 1 33 0 36 0 51 0.6 73 0 77 0.8 80 0.6 98 0.3 
9258 14 0 39 0.9 59 0 
9360 11 1 29 0.3 35 0 63 0.6 64 0.6 65 1 66 0.4 78 0.3 93 0 94 0.9 
9410 16 0.9 17 0 26 0 43 0.7 75 0.3 95 0.8 96 0 
9672 4 0 7 0 20 0.8 35 0.3 64 0 78 1 88 0 95 0.3 
9814 84 0.4 
9847 11 0 
9848 1 0 11 0 14 0 32 0.3 33 0.3 53 0.8 62 0 94 0 
9865 51 0.6 59 0.4 63 0 
9891 3 0.8 4 0.3 16 0.7 28 0.4 39 0.6 68 0 85 0 
9902 0 0.6 1 0 12 0.4 19 0.7 29 0.4 71 0 79 1 
