100
4 2 1 7 0 18 0 22 0.4 30 1 36 0.4 57 0.7 68 0.9 
6 64 0.5 67 0 81 1 
40 8 0.8 30 0.4 39 0.9 42 0.6 44 0 56 0.8 62 1 70 0.3 84 0 87 0 
200 22 0 28 0 62 1 76 0 86 0.9 
232 34 1 
275 5 0.3 10 0 19 0.7 28 0.9 31 0 43 0.9 90 0.7 
460 26 0.3 35 0 53 0.4 67 0.9 70 0.4 93 1 98 0.9 
486 51 0 54 0.4 
566 50 0.9 61 0 76 0 80 0.9 83 0 
594 17 0.9 31 1 47 0 58 0.9 74 0 75 0.9 88 0 
658 5 0.4 23 1 35 0.8 48 0 75 0.5 
668 8 0.3 33 1 47 0.9 55 0.7 79 1 89 1 
689 59 0.8 
697 37 0.4 57 0.4 
744 8 0.3 9 1 13 0 31 0 66 0 73 0.6 78 0.4 79 0.7 82 0 
906 0 0.5 6 0.7 30 0.6 34 0.4 35 1 37 1 39 0.5 66 0.8 67 0 81 0.8 
1034 7 0 33 0.9 34 0 46 1 73 0.4 
1053 10 0.4 
1086 10 0.4 21 0.5 24 0.6 31 0.8 34 1 38 0.6 41 0 57 0.7 71 0 79 0.7 
1251 30 0.5 
1438 17 0.3 24 0.8 49 1 57 0 61 0 63 0.4 68 0 77 0.8 84 0.9 
1468 52 0.8 69 0 
1487 2 0 5 0.9 14 0 36 0.3 50 0.6 55 0.6 57 0.5 74 0.6 82 0.7 97 0.9 
1714 15 0.9 20 0.6 23 0 41 0 44 0.7 45 0.9 53 0.8 
1756 11 0.5 42 0.7 52 0.3 60 0 80 0 89 0 93 1 98 1 
1895 0 1 5 0 6 0.3 46 0 50 0 58 1 62 0.5 81 0.8 94 0.6 
2095 26 0 54 0.9 68 0.8 92 0.6 
2124 32 0.8 65 1 74 0.7 86 0.5 
2133 3 0.8 20 0 46 1 50 0.5 53 0.3 66 0.4 76 0.4 78 0.9 90 0.9 
2267 29 0 51 0.9 
2336 1 0.9 4 0.8 6 1 18 0.8 40 0.8 50 0.3 71 0.7 78 0 88 0 92 0.8 
2653 7 0.9 98 0.3 
2723 17 0.5 25 0.6 31 0.4 51 0.9 53 0.8 54 0.4 64 0.6 83 0.4 88 0.5 93 1 
3175 11 0.4 21 0.6 26 0.8 30 0.3 52 0.3 61 0 70 0.8 83 0.4 
3204 11 1 20 0.3 25 0.4 34 0.4 56 0 65 0.6 66 0.9 91 1 95 1 98 0.3 
3353 16 0.6 21 0.6 45 0.3 50 0 55 0.4 61 0 96 0.9 
3452 25 0.5 
3518 4 0 26 0.8 80 0.5 
3714 10 0.6 17 0.3 70 0.8 
3732 12 0 13 0.7 58 0 60 0.5 75 1 82 0.6 85 0 96 0 
3735 6 0.8 13 0.7 14 0.4 34 0.9 39 0 58 0.6 69 0 88 0.6 
3937 31 0.6 97 0 
3971 4 0.4 35 0.3 37 0.4 47 0 53 0.4 
4005 7 0 43 0 46 0 97 1 
4028 20 1 24 0.9 38 0 63 0.9 78 0.7 89 0.6 
4111 92 1 
4288 21 0.8 38 0 39 0 46 1 53 0.9 60 0.3 73 0.6 77 0 
4433 51 0.3 
4537 8 0.7 14 0 39 0 48 0.9 
4683 8 0.9 13 0 17 0.7 24 0.7 56 1 58 0 85 0.7 
4749 3 0.8 9 0.8 33 0 34 0.9 40 0.8 55 0 66 0.8 78 1 90 1 96 0.7 
4776 37 0.5 54 0 60 0.3 62 0.9 
4803 56 0 58 1 
4918 16 0.7 17 0.8 26 0 35 0.8 51 0 68 0 84 0.3 96 0 
5351 12 0.8 22 0.9 29 0.8 66 0.4 73 0 90 0 
5718 0 0.5 6 0.8 8 1 47 0.3 66 0.6 71 0.7 80 0.3 88 0.7 89 0 
5987 22 0.3 33 0.8 71 1 85 0 99 0.4 
6122 4 0.8 34 0 58 1 63 0 72 1 74 0.3 79 0 82 0 94 1 
6189 6 0.6 21 0 28 0.7 37 0.6 81 0 90 0.3 
6338 2 0.8 6 0 58 0.5 78 0 90 0.4 
6581 29 0.6 53 0.3 58 0.5 70 0 94 0.4 
6603 5 0.6 8 0 11 0.4 31 0.6 42 0 54 1 65 0.5 74 0.8 
6628 12 1 41 0.7 49 0 90 0.6 92 0.3 
6799 6 0.4 33 0 70 0 
7021 33 0 35 0 45 0.6 49 0.3 72 0.4 90 0.9 94 0.4 
7069 32 0.5 34 0.5 42 0.5 59 0.7 83 0.8 99 0.8 
7108 22 0.4 42 0.8 51 0.6 72 0.3 
7249 27 0.8 55 0.4 56 0 70 0.4 86 0 91 0.6 95 0.9 
7337 14 0.3 80 1 83 0 
7518 24 0.5 45 0.4 52 0.9 60 0.9 70 1 
7521 35 0.7 44 0.9 
7599 11 1 41 0 50 0.8 54 1 62 0.9 63 0.5 64 0.3 69 0.8 90 0.3 98 0.4 
7695 27 0 87 0 
7767 2 0.9 4 0.8 14 0 25 0.7 64 1 94 0.3 98 0.6 99 0.6 
7781 34 0.8 
7872 44 0 47 0.4 49 0 53 0.7 57 0 65 0.7 70 0 76 0.4 99 0.5 
7998 35 1 40 0 68 0 69 0.3 83 0.8 
8140 3 1 9 0.8 78 0.5 
8201 26 0 32 0.3 41 0 47 0 67 1 86 0.3 96 0 
8204 44 0.9 89 0.3 
8504 5 0 
8524 13 0 23 0 35 0.8 41 0 47 0.5 55 0.8 64 0.4 80 0.7 89 0.9 
8527 38 0.8 50 0.4 
8553 9 0.8 87 0.8 90 0.5 
8702 7 0.7 10 0.6 25 0 49 0.8 69 0 
8727 7 0 15 0 27 0.9 29 0.8 57 1 81 1 97 0 
8928 14 0.3 
8933 0 0.7 34 0.5 44 0.5 54 0.9 72 0.9 80 0 82 0.5 
8961 2 0.8 43 0 61 0 69 0 77 0 83 1 91 1 99 0 
9045 20 0.3 33 0.6 45 0.6 52 0 91 0 95 0.8 
9073 2 0.5 15 0 43 0 45 0.8 62 0.9 66 0.4 68 0 76 0 93 0.4 99 0.7 
9243 21 0.6 23 0 30 0.6 38 0.9 52 0.7 60 0.9 65 0 66 0 
9273 25 1 83 0 
9422 15 1 36 0.6 37 0 55 0.4 73 0 
9465 26 0 32 0.4 34 0.3 44 0.8 50 0.8 59 0.7 
9500 9 0.5 15 0.7 62 0.8 
9604 2 0 15 0 46 0.9 48 1 76 0.8 80 0.5 93 0.9 
9777 20 0.4 
9896 3 0.5 13 0.7 34 0.3 51 0 71 0.5 78 0.7 84 0 88 1 93 0.9 95 0 
9929 10 0.7 24 0.3 39 0 45 0 47 0.4 48 0 91 0 93 0 98 0 
