100
91 14 0.8 57 0 90 0 
487 9 0.9 36 0.5 47 0.3 93 0.6 
628 11 0.8 45 0.6 61 0.6 65 0 
712 16 1 19 1 45 0.5 66 0.8 75 0.4 77 0.8 94 0 
716 2 0.8 19 0.7 24 0.9 44 0.3 51 0 72 0 84 0 
971 43 0 94 0.5 97 0 
1000 24 0.4 
1029 14 1 18 1 
1039 4 0.4 15 0.3 61 0.5 
1046 2 0.7 37 0.8 69 0.5 90 0 99 0.9 
1060 0 1 16 0.6 17 0.4 21 0 24 0.4 49 0.3 54 0.8 98 0.8 
1326 34 0 36 0.7 61 0.7 67 0.7 74 0.6 77 0 78 0.4 82 0 84 0.4 
1336 3 0.6 9 0.9 11 0 28 0.9 57 0.6 64 0.8 
1390 71 0.7 
1424 27 0.6 75 0 76 1 
1445 30 0.8 48 1 
1618 6 0 10 0.6 11 0.4 24 0.4 41 0.4 51 0.4 60 1 64 0.5 73 1 96 0.6 
1622 28 1 57 0.6 61 0 
1637 7 0.6 23 0.5 30 0 88 0 
1703 1 1 36 0.9 37 0.7 57 0 67 0.8 
1726 9 1 21 0 27 0 45 0.7 54 0 57 0.9 69 0.5 90 0.4 95 0 99 0 
1740 17 0.9 22 0.4 27 0.3 32 0.6 54 0.4 60 0.4 73 0.8 
1757 54 0.3 71 0.7 
1826 7 0 41 0.5 95 0.3 
1887 22 1 35 0 44 0.9 85 0.9 87 0.6 
1971 5 0.3 11 0 12 0.9 29 0.3 36 0.8 51 0 83 0.3 88 0.5 91 0.6 96 0.9 
2038 34 0.9 
2083 0 1 8 0 31 0.8 38 0.4 50 1 51 0 57 0 71 0.5 81 1 
2235 7 0 31 0 76 0.7 
2341 12 0.9 62 0.8 70 0.9 91 0.4 
2362 2 1 5 0 24 0.3 74 0 81 0 85 0.6 94 0.8 
2368 29 0.8 36 0 45 0.5 77 0.5 
2379 12 0.4 49 1 69 0 70 0.7 75 0.8 79 1 96 0 
2385 9 0.5 20 0 79 1 80 0 
2390 5 0 39 0.9 45 0.6 61 0 83 0.6 
2437 6 0.9 12 0.6 57 0 84 0.3 93 0.6 
2599 0 0.5 26 0.9 46 0 53 0.8 73 0.6 79 0.7 80 0.9 90 0 
2716 9 0.7 13 0 20 0 28 0.5 42 0.6 48 0.9 61 0.6 70 0 75 0 80 0.4 
2863 47 0 70 0 88 0.7 
2942 34 0.9 64 0.4 
2946 12 0.4 61 0.6 63 0.4 86 0.6 
3077 6 0.5 
3200 40 0.6 
3486 2 0.9 16 1 49 1 53 0.6 67 0.5 70 0.7 90 0.8 96 0 99 0.9 
3744 1 0.6 3 0.6 14 1 21 0.6 32 1 47 0 93 0.8 94 0 97 0 
3809 17 0 19 0.5 32 0.4 37 0 43 0 57 0.5 62 0 69 0.9 78 0.8 85 0.9 
3990 1 0.8 9 0 41 0.8 50 1 73 0 80 0.5 95 0 
4293 7 0.6 36 0 39 0.8 48 0.9 53 0 60 0.6 85 0.5 91 0.9 92 0.8 
4404 5 0.6 15 0.4 16 0.3 22 0.3 54 0.5 65 0 72 0 77 0.7 
4407 14 0.4 15 0 19 0.8 25 0.6 30 0 69 0.3 70 0.8 72 0.9 84 1 91 0.3 
4408 81 0.3 
4477 0 0.6 4 0.3 37 1 56 0.9 65 0.9 66 0.3 87 0.3 89 0 91 0.3 97 0.6 
4575 10 0 21 0.7 29 0 41 0.9 65 1 85 0 
4697 15 0 24 0.8 28 1 67 0.5 75 0.4 79 0.4 86 0.7 98 0.5 
4794 8 0.5 10 0 22 0 38 0.9 62 0.7 67 0 71 0 83 0.3 92 0.9 
4867 13 0.7 16 0.5 20 0 21 0.8 31 0.3 76 0 86 0.4 92 0.5 
4928 10 0.7 32 0.3 39 0.6 60 0.6 61 0 79 1 96 0.8 
4995 13 0.4 23 0 57 0.7 59 0.3 61 0 71 0 92 0 95 0.3 99 0.5 
5004 3 0 10 0.5 
5261 19 0.9 39 1 60 0.6 80 0 98 0.3 
5308 10 1 36 0 46 0 51 0.5 61 0 
5444 13 0.3 35 0.6 41 0.6 47 0.5 66 0 82 0.9 
5623 20 0.3 47 0.3 91 0.6 
5668 1 0.5 4 0 15 0.8 42 1 48 0.4 49 1 50 0.4 68 0.9 79 0.4 90 0 
5737 14 0.5 17 1 25 0.8 33 0 42 1 43 0.6 
5969 13 0 15 0 43 0 66 0.3 74 0.4 82 0.7 92 0 95 0 
6014 52 0.3 76 0 
6318 13 1 27 0 44 0 56 0.3 68 0.4 72 0.7 73 0.6 75 0.3 80 0.7 
6440 22 0.8 36 0.3 70 0.5 83 0.9 
6469 5 0.9 18 0.6 20 0 21 1 32 0.3 36 0.7 
6832 9 0.6 78 0.8 90 0.9 96 0 
7014 20 0.7 29 0 52 0.6 63 0 69 0.4 70 0 73 1 76 0.4 80 0 96 1 
7054 26 0 39 0.5 43 0 44 0.9 51 0.8 53 0 55 0.6 61 0 78 0 91 0.9 
7228 44 0 93 0.8 
7254 1 0 11 0.8 24 0.4 28 0.7 36 0.8 64 0 75 0.3 78 0.3 94 0.5 95 0.8 
7280 32 0.7 70 0.4 
7286 17 0 38 0.5 48 0.3 82 0.5 
7344 63 0.3 76 0 78 0 
7701 20 0.8 33 0.3 69 0 77 0.3 96 0 99 0.9 
7816 4 0.7 16 0.4 20 1 30 0 38 0 59 1 64 0.3 
7832 32 1 58 0 84 0.7 
7927 25 0.6 
8074 1 0 32 0.9 38 1 52 0 67 0.5 72 1 77 0.7 
8246 2 0 21 0.6 23 0 48 1 65 0.4 69 0 
8271 5 0 21 1 26 0.3 33 0 34 1 54 0.3 86 0 95 0.6 97 0.9 98 0 
8273 6 0 30 0.9 38 0.9 40 0 59 0 67 0.8 96 0.5 99 0 
8389 0 0.7 3 0.9 10 0.5 20 0 48 0.6 52 0 65 0.7 72 0.6 87 1 93 0.8 
8579 42 0 72 0.9 94 0.9 
8597 6 0.8 30 0.6 43 0 59 1 60 0.4 
8851 14 0 32 0.5 
8868 0 0.7 26 0.5 43 1 64 0.3 71 0.5 79 0.8 99 0 
8943 10 0.6 13 0.6 14 0.6 28 0.5 42 0 57 0.8 71 1 78 0.9 85 0 90 0 
8994 13 0 14 0.9 25 0.8 28 0.9 51 0.7 53 0 
9072 3 0.7 12 0.8 15 0 21 0.8 27 0.4 60 0 64 0 73 0.8 81 0.3 
9491 1 0.3 12 0.9 61 0 62 0 
9629 14 0.3 26 0.6 35 0.7 42 0.4 45 0.7 61 0.3 
9716 3 0.9 20 0.3 65 0.4 82 0 99 1 
9727 1 0 42 0 55 0.4 65 1 74 0 80 0.3 82 0.5 99 0.5 
9821 66 1 
9976 2 0.7 9 0.8 30 0.3 31 0 36 0 37 0 57 1 58 0 60 0.4 76 0.4 
