100
15 4 0 9 0.4 16 0.4 26 0.6 34 0.3 40 0.3 60 0.5 
51 48 0 51 0.5 56 0.6 57 1 63 0.6 85 0 92 0.5 
68 60 0.5 86 0.5 95 0 
113 9 0 37 0.4 54 0.7 73 0 74 0.6 75 0 
130 13 0 23 0.9 26 0.4 53 0.5 69 0.6 76 1 
176 40 0 
324 56 0.4 84 0.6 
348 0 0.8 3 0.9 40 0.8 44 0.4 49 0.9 90 0.5 
354 8 0 78 0.6 82 0 83 0.7 85 0 99 0 
373 78 0.8 90 0.9 
389 9 0 19 0.5 25 0.5 27 0.5 39 0.8 55 0.6 57 0.9 73 0.3 94 0.6 
459 14 0.4 17 0.5 21 0.6 37 0 61 0 65 0.4 69 0.8 70 0.5 80 1 
569 20 0.4 
703 58 0.8 
818 3 0.4 8 0.6 15 0 25 0.8 36 0 65 1 74 0.5 77 0.6 96 0.4 
887 39 0 62 0.6 65 0.7 96 0 
981 8 0.7 20 0.6 22 0.5 31 0.3 57 0.3 69 0.8 73 0 99 0.4 
991 15 0.9 30 0.3 34 0.8 40 0.6 49 0.4 61 0.9 67 0.8 
1010 6 0.6 7 0 18 0.7 24 0 26 0 29 0 45 0 50 0 62 0 
1180 9 0.5 37 0.9 75 0.6 80 0.4 
1323 0 0 20 0.8 52 0.9 83 1 94 0.8 
1347 6 1 13 0.3 19 0.6 65 0.3 69 0 77 0.7 82 0 84 1 86 0.8 90 0.6 
1381 4 0.7 5 0.5 56 0.4 69 0.9 77 0.7 84 0.7 88 0.9 98 1 
1515 10 0 17 0.8 26 0 28 0 38 0.5 58 1 62 0.8 67 0 72 0.3 88 0.4 
1814 45 0.4 46 0.7 55 0 86 0.5 98 1 
1960 49 0.6 
2038 34 0.9 
2063 27 0 36 0.7 44 0 45 0.3 55 0.8 73 0 83 0.4 99 0.3 
2151 6 0.3 25 1 45 0.4 51 0.3 63 0 82 0.8 
2289 5 0.3 83 1 
2411 24 0 28 0.7 30 0 49 0 68 1 72 0.6 
2439 57 0 97 0.4 
2477 98 0.3 
2672 12 0 19 0.9 44 1 
2702 9 0 56 0.8 67 1 72 0.6 79 0.8 80 0.5 95 0.7 99 0.4 
2728 22 0 24 0.5 32 0.7 36 0.9 50 0.9 67 0.6 73 0.7 76 0 81 0.5 
2767 6 0.3 10 0.8 17 0.6 37 0 41 0.8 44 0.4 52 0 56 0 70 0.4 76 0.8 
2808 89 0.9 
2821 10 0 28 0 41 0 45 0 63 0 65 0 72 0.6 99 0 
2966 10 0.6 18 0.7 25 0.4 33 0.7 49 1 50 0.7 66 0 76 0.5 
3013 25 0.5 44 1 53 0.9 63 0 86 0 97 0.5 98 1 
3110 22 0.9 
3508 37 0 63 0 83 0.5 
3518 4 0.4 26 0 80 0 
3523 4 0.4 7 0.8 28 0.9 32 0.5 45 0 49 0.6 59 0.8 65 0.5 67 1 79 0.4 
3551 35 0.7 54 0.5 58 0.4 75 0.6 
3685 31 0.3 
3704 20 0.7 51 0.3 
3730 90 0.4 
3831 21 0.3 97 0.8 
3932 34 0.9 35 0.6 83 0 
4054 72 0.9 95 0.3 
4108 15 0.5 21 0.6 
4154 45 0.4 52 0.6 96 0 
4241 22 0.4 36 0 37 0 42 0.3 49 0.9 94 0 
4329 1 1 15 0 19 0 31 0 36 0.9 51 1 52 1 88 0.7 92 1 
4494 1 0.5 7 0.8 9 0 12 0.3 17 0.6 26 0.8 29 0.7 36 0.4 46 0 67 0 
4598 8 0 11 1 40 0 58 0 66 0.6 68 0.9 81 0.5 
4670 36 0.3 63 0 90 0.9 
4759 5 0.7 19 0.7 28 0.6 40 1 43 1 51 0 55 0.9 
5104 10 0.7 22 0 23 0.6 43 0.9 65 0 74 0.9 90 0 94 0.8 
5159 75 0.3 
5537 57 0 
6124 11 0 13 0 38 0.3 70 0.6 92 0.9 93 0.6 
6283 15 0 
6313 0 0.8 2 0 25 0.7 52 0.3 66 0.5 83 0.4 88 0.5 95 0.4 
6438 16 1 74 0.7 
6572 22 0.9 27 0.3 43 0.3 44 0 61 0.6 67 0.6 76 1 94 0.5 
6687 24 0.4 28 0.8 45 0.6 75 0 87 0 99 0.5 
6790 4 0.3 12 0.3 25 0 59 0 74 0 87 1 91 0.8 99 0.7 
6890 8 0 22 0.4 23 0.4 43 1 61 0.3 68 0.5 97 0.4 
6975 16 0.6 35 0 52 0.4 67 0 98 0.9 
7243 46 0.4 50 0.3 58 0.6 
7278 7 0.7 24 0.7 37 0 38 0 54 0.7 56 0.3 59 0 87 0.3 88 0.3 92 0 
7477 27 0.8 97 0.6 
7594 1 0.8 22 0.4 77 0.9 99 0.6 
7598 13 0.5 23 0.3 37 0.9 50 0 75 0 84 0.7 87 0 
7654 94 0.9 
7929 43 0.6 
7961 41 0 52 0.7 81 0.9 84 0.4 96 0.7 
8115 4 0.9 12 0.8 15 0 19 0.3 20 0.9 39 1 44 0.4 58 0 70 0.6 83 0.7 
8205 26 0.8 36 0.3 69 0 
8311 29 0.9 49 0.8 52 0.9 71 0.8 82 0.8 87 0 
8373 34 0.3 48 0 49 0.6 50 0.5 56 0.7 70 0.6 72 0.4 92 0 96 0 97 0.3 
8381 63 0.7 
8656 6 0.5 27 0 35 0.7 51 0.3 58 0.5 61 0 
8674 3 0 4 0 55 0.4 65 0 90 0.4 
8703 43 0.9 
8820 30 0 43 0 
8903 13 0.5 24 0.5 30 0 36 0 65 0.5 74 0.9 78 1 
8954 7 0.9 9 0.5 10 0 14 0.5 59 0 
9116 11 0.4 22 0.6 29 0 35 1 36 0 65 0.5 82 0.7 88 0 97 0.3 
9279 32 0.3 58 0.6 
9493 5 1 16 0 23 0 38 1 42 0.7 61 0 67 0.4 70 1 
9607 15 0.4 
9678 16 0.6 23 0 50 0.6 61 0.3 
9683 7 0 13 0.7 65 0.4 90 0.3 
9831 4 0.9 6 0.8 10 0 47 0.3 56 1 71 0 83 0.7 89 0.7 
9910 7 0 
9997 12 0 17 0 34 0.4 53 0.8 54 0.5 97 0.8 
