100
43 6 1 20 0.4 26 0.6 35 0 41 0.5 53 0.6 77 0.7 84 0.9 86 1 
132 27 0 53 0.7 55 0.6 
251 52 0.8 
258 1 0 31 0 82 0.8 
363 22 0.8 
542 9 0 18 0.3 33 0 36 0.6 39 0.7 47 1 65 0 71 0 75 0.6 91 0.8 
556 22 0.4 38 0 39 0.8 54 1 60 0 63 0.9 76 0.5 
627 45 0.8 
769 61 0.3 98 0.5 
856 26 1 46 0.8 47 0 50 0.3 65 0 82 0 92 0.9 95 0 
897 15 0.5 17 0.9 20 0.3 61 1 68 0 86 0 95 0 99 0.4 
995 21 0.7 
1013 25 0 37 0.5 56 0.7 60 1 93 0.7 96 0.8 
1062 2 0 29 0.6 
1072 19 0 26 0.5 42 0.3 51 0.7 68 0.5 71 0.5 72 0.7 79 0.4 
1229 20 0 30 0 40 0.6 43 0.3 45 1 61 0 84 0 90 0 
1370 1 0 13 0 26 0.7 34 0.7 
1440 6 1 58 0.7 84 1 
1733 13 0 19 0.7 30 0.7 33 0.6 38 1 
1743 9 0.5 46 0.5 57 0 62 0 71 0.5 77 0.4 92 0 95 0.4 
1883 5 0.7 7 1 13 0 14 0.8 45 0.4 46 0.9 61 0 69 0.4 72 0.8 
2207 10 0.9 12 0 21 0.4 36 0.3 44 0 49 0.3 57 0.9 73 0.3 91 1 
2223 28 0.5 29 0 34 0.8 50 1 53 0.9 68 0.4 95 0.3 98 0 
2300 0 0.3 34 0 
2306 10 0.3 17 0.6 28 0.4 42 0.9 52 0.3 58 0.8 70 0.5 81 0 
2362 2 0.4 5 0 24 0.3 74 0 81 0.6 85 0.3 94 0.9 
2373 38 0.3 
2402 0 0.6 14 0.7 20 0.3 30 0 39 0.5 75 0.9 92 0.5 99 1 
2407 4 0.8 29 0 55 0 
2487 25 0 44 0.5 56 0.5 65 1 67 0.8 68 0 75 0.4 95 0 99 1 
2543 1 0 3 0.9 21 0.7 29 0 34 0.5 72 0.8 75 0.3 79 0.8 89 0.5 
2546 25 0 82 0.8 93 0 
2632 2 0.8 40 0.8 47 0 67 0 87 0.5 
2660 16 0.3 17 0.4 26 0.8 34 0 
2695 11 0.5 15 0.6 22 0 58 0.7 63 0.8 76 0.4 89 0 97 0.9 
2748 12 0.3 
2977 22 0.8 40 0.9 61 0 76 0.9 92 0 
2987 16 0 36 0.5 48 0.5 85 0.5 89 0 93 0 
3154 38 0.6 47 0 73 0 84 0.6 
3187 3 0.5 5 0.9 20 0.7 44 0.8 76 0 88 1 
3227 1 0 21 0.4 29 0.4 52 0.3 53 0.8 76 0 
3314 11 0.5 14 0.6 21 0.5 23 0 41 0.6 56 0.6 73 1 76 0.9 88 0.6 97 0.8 
3410 8 0 51 0 70 0.4 89 1 90 0 
3469 4 0.6 11 0 16 0.8 23 0.3 44 0 64 1 77 0 83 0.4 91 0 
3577 52 0.4 68 0 78 0.6 
3710 3 1 24 0.8 32 0.5 45 1 54 0.6 63 0.5 65 0.9 86 0 93 0 
3889 8 0.3 24 0 33 0.4 46 0.6 82 0.4 84 0 91 0 94 0.5 98 0 
4295 4 0.9 30 0.4 52 0.3 56 0 63 0.7 75 0.6 79 0.5 81 0.5 
4342 99 0 
4390 17 0.3 27 0.3 35 1 47 0.7 51 0.7 64 0.6 89 0.9 95 0.5 
4591 7 0.9 12 0.6 31 1 62 0 71 0 75 0.3 82 0.3 92 0.4 
4637 19 0.6 26 0 31 0.6 46 0.8 97 0.7 
4733 37 1 39 0.5 87 0.3 
4778 11 0 42 0.8 53 0.5 59 0.3 64 0 82 0.5 88 0 97 1 
4788 24 0 45 0.5 58 0.9 
4853 25 0.7 51 1 90 0 
4996 5 0 15 0.3 25 0 30 0.8 44 0.6 52 0.9 55 0 66 0 69 0.4 
5185 47 1 56 0 99 0.5 
5262 32 0 93 0.3 
5299 20 0.8 61 0 
5501 8 0.8 31 0.6 48 0.6 65 0.7 72 0 81 0 82 0.5 85 0.4 92 0.9 98 0 
5514 87 0 
5523 18 1 21 0 25 0.8 35 0.5 49 0.8 60 0.5 72 0.9 96 0 
5605 6 0.7 8 0 44 0.8 87 0.8 88 0.7 89 0 
5678 29 0.5 71 0.9 74 0.8 
5812 40 0.5 80 0.5 
5836 7 0.7 31 0.4 51 0.4 55 0.8 56 0.4 67 0 74 0.9 75 0 88 0.7 
5856 13 0.4 45 0.4 47 0.5 79 0.5 85 0 99 0.8 
5975 4 0.9 17 1 28 0.5 61 0 84 0.5 
6081 5 0 8 0.3 16 0.9 18 0 19 0.8 21 0.8 25 0.9 39 0.8 49 0 59 0.4 
6792 54 1 58 0.5 90 0.5 98 1 
6956 29 0.3 45 0.8 47 0 85 0 90 1 
7022 3 1 8 0.5 25 0.4 33 0.4 62 0.7 68 0.4 78 1 88 0.4 
7138 63 0.6 
7321 26 0.5 36 0.4 39 0.8 65 0 70 0.3 82 0.6 94 0.3 97 0.6 
7325 0 0.7 34 0.5 35 0 41 0.4 45 0.8 46 1 59 0.4 84 0 98 0.6 
7333 0 1 11 0.9 23 0.6 44 0.5 58 0.4 74 0 
7520 9 0.8 15 0 25 0 44 0 88 0.4 89 0 
7651 75 0 
7699 29 0.6 78 0.9 82 1 
8196 3 0.9 15 0 45 0.8 
8369 19 0 24 0.8 26 0.5 39 0.7 51 0.6 53 0.5 58 0.8 78 0 
8497 8 0.8 12 0.3 18 0.4 19 0.7 21 0 23 0.8 26 0.6 46 0.3 93 0.3 
8515 19 0.3 
8610 6 0.8 15 0.4 45 0.5 95 0.8 
8681 36 0.4 47 0 
8705 19 0 26 0.3 32 0 96 0 98 0.8 
8710 0 0.3 36 0.7 53 0.4 84 0 
8827 20 0.3 21 0.6 24 0.8 36 0 49 0.5 59 0.8 65 0.5 
8921 2 0 21 0.5 32 0.3 38 0.8 55 0.9 63 1 67 0 69 0.9 77 0.4 96 0.9 
8945 2 0.5 38 0.5 57 0 79 0.4 
9041 23 0.7 53 0.5 59 0 86 0.3 
9403 8 0.7 14 0 25 0 35 0.3 67 0.9 68 0 76 0.8 
9473 46 0 49 0.4 52 0 72 0.7 90 0 
9513 3 0.3 16 0.9 30 0.9 34 0.8 37 0 38 0.4 58 0 61 0.4 63 0.4 
9617 7 0 16 0.8 22 1 42 0.6 53 0.9 55 0 73 0.8 87 0.5 
9624 4 0.9 18 0.6 23 0.3 28 1 42 0.7 54 0 74 1 
9700 2 0.6 
9841 3 0.4 43 0.8 48 1 58 0.7 64 0 76 1 79 0 83 0.6 91 1 
9960 10 0 11 0.5 24 0 26 0.3 46 0.6 49 0 51 0.4 60 0 67 0.5 
