100
10 29 0.5 85 0 
103 41 0 68 0 73 1 90 0 91 0 93 0 
107 0 0 15 0 33 0.5 42 0.4 70 0.5 79 0.8 80 0 91 0 
170 3 0 18 0 19 0 75 0.3 
315 33 0.5 38 0.4 56 1 86 0 
487 9 0.6 36 0.9 47 0.5 93 0.4 
518 90 0.3 
590 4 0.7 
705 11 0.4 36 1 37 1 46 0 65 0.5 
902 17 0 22 0 30 0.4 52 0 54 0.4 79 1 
907 5 0.9 6 0.4 29 0.3 46 0.3 54 0.4 65 0.8 68 0.6 88 0.6 95 0 
931 3 0.3 6 0 9 0.3 13 0.9 15 0.9 26 0 52 0.5 55 0 56 0.8 80 0.9 
950 6 0.8 21 0.4 56 0.9 62 0.4 76 0.6 85 0 87 0.9 
1012 6 1 14 0.4 23 0 31 0.9 62 0.6 65 0.8 77 0.9 82 0 93 0.8 
1082 29 0.6 33 1 55 0.9 89 0.6 
1083 9 0.3 11 0.3 50 0.5 53 0 74 0.4 82 0.3 99 1 
1164 5 0.4 18 0.7 20 0.5 24 0.4 27 0.5 29 0 35 0.3 41 0 72 0.7 
1212 8 0.4 38 1 41 0.6 52 0 
1280 6 0.9 12 0.3 26 0.5 57 0 63 0.4 68 0.4 91 0.6 
1420 12 0.5 
1438 17 0.9 24 0.7 49 0.7 57 0.6 61 0 63 0.8 68 0 77 0 84 0.3 
1481 41 0.8 
1656 2 0.9 4 0.7 11 0 39 0 67 0.8 
1760 71 0 98 0.8 
1851 8 0.8 12 0.3 16 0 30 0.7 43 0.4 82 0 
1856 20 1 47 0.8 
2054 36 0 58 0.3 78 0.6 
2121 27 0.4 29 0.6 30 0.5 88 0.3 
2126 2 0.8 7 0.6 36 1 44 0 54 0 56 0 82 0 88 1 
2155 8 0.7 20 0.7 41 0 48 0.4 54 1 56 0.9 71 0.5 73 0.8 
2274 13 0.6 31 0 53 0.6 
2364 4 1 8 0.8 42 0.6 44 0.6 55 1 71 0.6 74 0.8 79 0.6 87 0.4 89 0.9 
2518 15 0 24 0.8 31 0.9 81 0 86 0 98 1 
2648 10 0.7 30 0.6 39 0.5 46 0.9 51 1 66 0.8 76 0.5 80 0.9 
2651 13 0 41 0.6 46 0.6 47 0 51 0.8 55 0.5 72 0.5 73 1 86 0 98 0.7 
2760 59 0.5 
3068 26 0 29 0.5 35 0.8 38 0.4 39 0.3 72 0.8 
3221 17 0 62 0 66 0 90 0.5 
3401 81 0.9 88 0.4 
3427 19 0.8 55 1 62 0 64 0.7 69 0.7 90 0.4 93 0.6 
3434 14 0.5 
3463 2 0.4 28 0 53 0.5 98 0 
3608 23 0 31 0.4 36 0.6 48 0.9 74 0.6 96 0 98 0.9 
3632 15 1 30 0.4 37 0 41 0.3 64 0 69 0.9 72 0 79 0.5 
3693 21 1 30 0 62 1 63 0.4 73 0.7 95 0.4 99 0.6 
4027 12 0.7 21 0.5 23 0 30 0.6 67 0.9 83 0.9 96 0.4 99 0.8 
4127 22 0.8 43 1 47 0.8 51 0 61 0 68 0 71 0 
4622 44 0.9 
4623 26 0.8 27 0.4 38 0.3 48 0.9 54 0 70 0.5 71 0 89 0.9 
4840 9 0.8 22 0 43 0.8 71 0.6 
4914 8 0 78 0 88 0.7 
4980 18 0.4 40 0 73 0 80 0.9 85 0 90 0 
5101 7 0.5 59 0.6 65 0.4 66 0 70 0 74 0.9 93 0 
5133 7 0 13 1 36 0.9 39 0 62 0.7 87 0.4 88 0 90 0.8 92 0.7 93 0.4 
5217 4 0 12 0.4 33 0.9 37 0.7 
5376 4 0.5 20 0.5 58 0 69 0 70 0.6 93 0.5 96 0.4 97 0.6 98 1 
5411 13 0 14 0 76 0.4 79 0.3 81 0.9 
5509 4 0 5 0.3 16 0.5 30 0 46 0 52 0.8 61 0.6 70 0 79 0.3 88 0 
5566 7 0.9 81 0 82 0.3 
5593 14 0 41 0.3 59 0.4 67 0.9 72 0 77 1 
5760 14 0.3 30 0.7 56 0 63 0 
5870 6 0.8 9 0.4 37 0.5 41 1 51 0.7 
6361 58 0 61 0.9 
6383 9 0.3 14 0.5 18 1 24 0 30 0 38 1 53 0 54 0 72 0 91 0.5 
6406 39 0 55 1 90 0.9 
6536 26 0.9 55 1 
6581 29 0 53 0 58 0.7 70 0 94 0 
6985 16 0.9 21 0 23 0.4 44 1 66 0 79 0.4 
7039 17 0.4 37 0 44 0 45 0 48 0.5 71 0.8 75 0.9 99 0.5 
7045 23 0.8 45 0.8 46 0.3 51 1 64 0.5 70 1 74 0.6 
7046 0 0.8 7 0.4 43 0.5 66 1 96 0.9 
7066 6 0.3 52 0.5 62 0 82 1 96 0.3 
7099 4 0.5 73 0.6 89 1 
7137 5 0.6 9 0.4 13 0.4 19 0.4 47 0.6 54 0 80 1 
7163 41 0.7 94 0.8 
7499 28 0 
7593 44 0.5 
7760 14 0 25 1 40 0.8 43 0 64 0.3 81 0.8 88 0.7 90 0.6 94 0 
8023 6 0 8 1 62 0.4 63 0 66 0.7 99 0.4 
8043 0 0.9 23 0 28 0 33 0 82 0 
8141 42 1 43 0.8 53 0.5 66 0.8 90 0.4 
8170 14 0.7 22 0.9 57 0.5 61 1 
8240 9 0.7 18 0.6 34 0.9 36 1 81 0 
8468 17 0.9 24 0.7 40 0.8 49 0.4 90 0.8 
8578 3 0.9 8 0.9 10 0 15 0.6 46 1 48 0 61 0.4 63 0.5 75 0.3 76 0.4 
8768 12 0.4 54 0.3 55 0 71 0 
8894 61 0.9 65 0.5 78 0 
9068 16 0.7 21 0.4 36 0 44 0 47 0 58 0 65 0.7 84 0 86 0.6 94 0 
9219 18 0.4 26 0.5 27 0.5 82 0.6 88 0.4 92 0.4 
9220 28 0.4 61 0.7 64 0.3 67 0.9 71 0 86 0 93 0.8 
9257 3 0.5 27 0.6 36 0.7 40 0.5 45 0 64 0 88 0.8 
9325 10 0 27 1 77 0.5 
9335 51 1 54 1 57 0 58 0 67 0.5 70 0.5 89 0.7 97 0.5 
9350 1 0 23 0.6 25 0.7 60 0.4 65 0.3 69 0.9 70 0.8 74 0.4 96 0 
9389 0 0 37 0.8 41 0.3 58 0.6 63 0.3 69 0 84 0 
9500 9 0 15 0.7 62 0.7 
9703 14 0 
9775 31 0.8 45 0.4 48 0 52 0.8 65 0 68 0 85 0.6 90 0.3 94 0 
9817 1 0.9 37 0.9 43 0.6 58 0.6 97 0.6 99 0.5 
9946 0 1 11 0 18 0.8 22 0.7 26 0.3 39 0.9 45 0.4 80 0 
