100
7 3 0.9 9 0.7 51 0.8 60 0.9 69 0.7 
23 4 0.6 11 0 19 0.4 57 0.6 61 0.5 65 0.5 74 0.7 86 0.3 
130 13 0.6 23 0 26 0.3 53 0.7 69 0 76 0 
133 41 0.9 
209 2 0.7 23 0.5 27 0 57 0 
305 62 1 
309 7 0.9 20 1 23 0 37 0.4 48 0.8 61 0.9 64 0.6 69 0.3 91 0.4 
416 8 0.8 11 0.3 16 0.4 19 0 53 0.9 58 0.4 64 1 74 0 
502 3 0.6 5 1 11 0.7 18 0 33 0.4 55 0.8 89 0.6 
510 35 0.3 49 0 93 0.9 
571 16 1 32 0 33 0.7 69 0.6 
687 36 0.7 61 0.9 62 0 94 0.7 
791 3 1 8 1 66 1 86 0 88 1 
807 26 0 36 0.4 49 0.7 53 1 73 0 77 0 86 0.3 95 0 
830 9 0.6 45 0.5 46 0.9 51 0.5 62 0.9 67 0.8 90 0.9 91 0.6 94 0.5 95 0.4 
889 11 0.6 17 0.7 23 0.9 46 0 52 0.5 80 1 82 0.5 98 0.3 99 0.9 
890 10 0 38 0.7 40 0.4 42 1 46 0 52 0.5 62 0.9 67 0.7 72 0.8 81 0.8 
1093 25 0 35 0.8 
1375 5 0 46 0 82 0 98 0.7 
1716 19 1 20 0.3 47 0 
1747 22 0.4 58 0.4 85 0.4 
1916 22 0.6 94 0.4 
2119 42 0 53 0.3 98 0.5 
2136 0 0.3 20 0 21 0.4 30 0.7 35 0.7 42 0.6 43 0.8 61 0.3 62 0 79 0.7 
2192 13 0.7 19 0 23 0.5 29 0 34 0.7 44 0.9 
2304 0 0 14 0.3 22 0.6 30 0.6 48 0.5 55 0.7 92 0.9 97 0.4 
2438 10 0.5 29 0 42 0.3 52 0.3 57 0.8 61 0.6 67 0 
2527 1 0.8 31 1 34 0.5 38 0 43 0.5 54 0.4 55 0.6 59 1 83 0 86 0.8 
2610 1 0 8 0.7 40 0.3 44 0.8 51 0 80 0 86 0 
2685 17 0.8 
2726 19 0 46 0.6 57 0.6 82 0 
2732 4 0 57 0.4 
2896 3 0.3 11 0.8 24 0.8 32 0.5 73 0.3 
2978 26 0 27 0.7 47 0.9 56 0.8 74 0.9 83 0 89 0 97 0.5 
3100 3 0.5 20 0.3 21 0.7 28 0.9 50 0 59 0.9 64 0 80 0.8 
3207 10 1 39 0.8 43 0.8 60 0.7 66 0 77 0.7 83 0.7 88 0.9 93 0 
3599 11 0 30 0.8 42 0 54 0.4 56 0.6 60 0.5 77 0.7 
3639 0 1 7 0.9 25 0.4 30 0 37 0.8 43 0.7 62 0 65 1 78 0.9 95 0.8 
3670 7 1 40 0.6 44 0.6 62 0 
3851 16 0.7 46 0.3 59 0 74 0.5 77 0 92 0.9 
4080 7 0.5 32 1 35 0.8 
4137 89 0.8 
4498 24 0 40 0.3 
4524 6 0.4 45 0.5 53 0 78 0.6 84 0 
4536 4 0.9 10 0.4 11 0.8 12 0 15 0 22 0 34 0.6 70 1 
4642 5 0 36 0.7 42 0.3 52 0.5 55 0.9 68 0.7 76 0.4 89 0 94 0 
4780 36 0 40 0.9 61 0.8 68 0.6 91 0 94 0.7 
4984 26 0.7 44 0.9 
5174 8 1 23 0.6 35 0.5 37 0.5 44 0.5 66 0.3 69 0 96 0.8 
5191 42 0 94 0 
5209 88 0 
5287 5 0.5 14 0.7 27 0.3 55 0 70 0.7 72 0.5 74 0.6 80 0 99 0.8 
5343 18 0.9 22 0.7 25 0.6 34 0.4 57 0.9 
5387 48 0.9 62 0.3 66 0.4 92 0.7 
5492 1 0.9 16 0.9 37 0 50 0.8 64 0.9 71 0.8 74 0.3 87 0.6 
5503 1 0 26 0 27 0.5 57 0 66 0 73 0.4 87 0 
5816 23 0.6 99 0.9 
5847 34 0.3 42 1 70 0.7 
5920 1 0.8 19 0.7 23 0.3 42 0.9 45 0.4 49 0 82 0.3 88 0.8 
5964 2 0.3 38 0.7 49 0 59 0.9 
5965 45 0 75 0.9 88 0.8 94 0.5 
6140 1 0 17 0 33 0.9 37 0 42 0.5 44 0 54 0.6 71 0.8 
6191 29 0 60 0.7 76 0.9 94 0.7 
6196 10 0.7 13 1 24 0.3 26 0.7 32 0.7 54 0.5 63 0.3 81 0.9 
6256 7 0.5 14 0.9 18 1 53 0 55 0.3 61 0.7 71 0 72 0 80 0 89 0 
6445 70 0.5 
6484 23 0.9 31 0.9 39 0.6 50 1 81 0.6 88 0 
6613 80 0.9 
6802 24 0.7 54 0.3 70 0.8 
6869 55 0.8 58 0.8 71 0 97 0 
6917 11 0 73 0.6 85 0.8 86 0.9 99 0 
6965 64 0.6 
6979 18 0.6 21 0.9 59 1 63 0.8 96 0 
7087 0 0.8 8 0.7 70 0.6 88 0.9 99 0.7 
7128 1 1 3 0.3 5 0.8 11 1 19 0.4 26 0 54 1 58 0.8 73 0.4 74 0 
7233 3 1 22 0.8 
7258 2 1 9 0.6 33 0.8 42 0.7 65 0.5 77 0.8 84 0.3 
7275 21 0 30 0.9 52 0.4 74 0 82 0.6 91 0.6 94 0.6 
7532 19 0.8 37 1 39 0 66 0.6 67 1 73 0 75 0.3 81 0.4 
7563 2 0 4 0.8 22 0 34 0.6 35 0.5 76 0 84 0.6 93 0.5 97 0.9 
7627 26 0.5 49 0 53 0.7 59 0.5 61 0.9 77 0.9 97 0.5 
7718 1 0.7 4 0.6 11 1 20 0.4 33 0.3 49 0.6 64 0 76 0.7 80 0.5 84 0 
7789 5 0.7 26 0 42 0.6 43 1 60 0.4 89 0.6 
8024 20 0.6 35 0.9 37 0.7 42 0 52 0.3 57 0 80 0.9 
8070 5 0.6 9 0.3 14 0.4 16 0.6 49 0.6 51 0 60 0.4 62 0 90 0.6 
8141 42 1 43 0.9 53 0.3 66 0.7 90 0 
8146 13 0 35 0.6 38 0.6 40 0 48 0.8 61 0 86 0 
8573 4 1 40 0.7 
8617 3 0 13 0.6 52 1 97 0.6 
8660 15 0.9 47 0.4 57 0.6 
8722 56 0.8 58 0.7 63 0.5 97 0 
8756 5 0.6 25 0.3 47 0.4 76 0.5 84 0 92 0.3 
9143 4 0 40 0.5 44 0 50 0.4 51 0 72 0 76 0.7 79 0.9 82 0 94 0.3 
9205 16 0 20 0.8 22 0.3 37 0.9 41 0.6 45 1 62 0 
9206 3 0.8 30 0.8 
9409 8 0.8 61 0.8 71 0 77 0 82 0.7 87 1 
9448 59 0.6 76 0.9 
9481 3 0.9 22 0.3 25 0.4 50 0.8 58 0 70 0.7 74 0.4 75 0.5 88 0.5 
9773 26 0 63 0 84 0.6 93 0.8 
9828 15 0.5 28 0.6 36 1 37 1 69 0.9 
