100
14 1 0.6 20 0.7 26 0 35 0.6 39 0.6 47 0.3 49 0 
43 6 0 20 0.3 26 0.3 35 0.3 41 0.8 53 0 77 0.3 84 0.3 86 0.6 
48 3 0 29 0.7 42 0.8 71 0 76 0 78 0.9 85 0.3 91 0.8 
50 16 1 79 0 
102 40 0.7 55 0.3 
157 49 0.8 73 0.9 92 0.9 95 0.5 
227 37 0.6 49 0.4 87 0.9 92 0.3 
245 2 0.4 16 0.9 27 0 36 0.7 60 1 84 0 96 0.6 
251 52 0.3 
450 15 0 59 0.5 60 0.6 73 0.4 
483 28 1 54 0.8 57 0.4 72 0 77 0.8 86 0.9 90 0.4 97 0.6 
535 9 0.4 25 0 33 1 35 0 40 0.4 42 0.9 83 0 88 0.6 93 0.5 
660 16 0.4 20 1 38 0 43 0.4 52 0 63 0 64 0.4 93 0.9 99 0 
778 4 0 28 0 34 0.5 37 0.3 47 0.8 58 0.6 60 0.4 75 0.8 88 0.4 
896 3 0 8 0 16 0.5 54 1 62 0.6 73 0.8 82 0.5 86 1 87 0 89 0 
916 19 0 38 0.8 56 0 67 0.5 
959 13 0.5 49 0 86 0.7 
987 34 0.8 44 0.6 46 0.5 52 0.4 55 0.5 56 1 66 0.5 
1017 18 0.5 37 0 40 0 52 0.5 54 0.9 63 0.6 74 0.7 
1179 6 0.7 29 0.7 38 0.3 42 0 48 0 58 0.4 87 0 99 0 
1203 2 0.6 4 0.3 8 0 27 1 44 0.7 46 0.7 50 0.4 62 0.6 95 1 97 0 
1217 12 0.9 24 0 63 0 
1236 7 0.4 38 0 79 0 
1324 24 0.4 55 0 97 0 
1497 12 0.7 46 1 72 1 90 0.6 
1573 7 0.7 9 0.6 13 0 17 0.7 28 0.8 39 0.5 42 0.9 58 0.6 76 0.4 
1757 54 0 71 0.7 
1928 8 0 25 0.6 36 0.3 54 0.8 55 0.9 70 0 96 0 
2014 8 0.4 10 0.5 27 0.8 32 0.4 41 0.8 49 0.8 64 0 82 0 89 0 95 0.4 
2105 21 0.5 35 0.6 43 0.9 58 0 72 0 73 0.3 90 0.8 91 0.5 93 0.3 
2106 1 0 7 0.6 15 0.6 25 0.4 48 0.5 51 0.4 64 0.4 72 0.7 95 0 
2269 72 0 78 0.9 
2307 31 0.8 
2367 8 0.7 13 1 25 0.5 39 0 43 0.9 49 0.5 62 1 68 0.6 74 0.5 94 0 
2410 10 0.3 14 0.7 51 0.4 
2759 63 0.3 72 0.4 
2943 7 0 14 1 16 0.7 52 0.9 57 0.5 63 0.5 68 0 91 0.4 94 0.6 
3153 34 0.8 39 0.4 61 0.5 66 0.5 76 0.9 82 0.5 
3653 0 0.9 17 0.5 21 1 24 0.8 38 0 92 0.3 93 1 96 0.9 
3666 11 0.3 38 0 46 0.7 65 0.3 79 0.8 84 0 89 0.8 98 0.5 
3745 63 0.4 82 0.8 
3919 12 0.9 14 0 15 0 23 0 36 0.6 54 0.9 93 0 94 0.8 97 1 
3957 3 0 18 0.9 19 0 51 0.6 56 0.8 59 1 61 0.6 89 0.7 
3996 35 0.6 39 0.4 43 0.5 78 0 85 0 
4126 4 1 11 0 38 0.8 40 0 45 0 59 0 76 0.9 
4184 10 0.6 
4336 6 0.5 28 0.5 31 0.9 54 0.7 64 0.3 67 0 89 0.9 92 0.6 
4386 2 0.4 3 0.6 15 0 65 0.7 75 0.8 83 1 84 0 
4407 14 0.8 15 0 19 1 25 0.5 30 0.5 69 0 70 0.3 72 1 84 0.3 91 0.5 
4656 7 0.6 11 0.6 16 0.4 23 0.5 34 0 58 0 76 0.8 79 0.6 82 0.3 
4668 2 0 68 0.8 98 0.3 
4787 5 0 26 0 43 0 71 0.8 94 0.4 99 0 
5066 75 0.9 
5086 1 0.3 12 0.5 18 0.7 37 0.7 42 0 43 0.6 85 0.8 
5202 4 0.6 50 1 56 0.6 61 0.7 78 0.3 90 0.9 
5423 10 0.9 
5594 6 1 10 0 38 0.7 44 1 46 0 
5661 6 0.4 20 0.4 31 0.4 36 1 55 0 59 0.9 82 0.4 99 1 
5828 12 0 24 0.5 35 0 39 0.9 53 0.7 65 0 74 0.7 
5977 0 0.8 28 0.3 31 0 36 0 83 0 
6104 11 0.9 26 0 34 0.8 38 0.8 56 0 74 0 77 0.3 
6132 21 0 43 0.6 44 0 67 0 
6184 1 0.6 54 1 99 0.5 
6200 49 0.5 66 1 
6244 2 0.4 3 0.7 5 0.7 16 0 46 0.7 65 0.3 73 0 90 0 
6282 4 0.3 6 0.5 12 0.8 55 0.5 64 0.4 
6289 64 0.5 
6422 12 0.8 
6494 46 0 50 0.9 58 0.3 66 0.4 93 0.5 
6543 0 0.3 1 0.4 4 0 19 0.6 29 0.8 81 0.4 89 0.9 
6826 27 0 30 0.8 37 1 39 0.4 70 0.3 83 0.4 99 0 
6987 95 0.8 
7265 62 0.7 91 0.9 94 1 
7287 12 0 18 0 26 0.9 34 0.8 37 0.4 72 0.5 88 0.8 
7518 24 0.7 45 0 52 0 60 0.8 70 0.5 
7640 48 0.4 72 0 90 0 
7743 14 0 18 0.6 19 0 28 1 57 0 82 0 83 0 86 0.7 
7873 26 0.9 27 0 51 1 57 0 60 0 78 0.5 79 0.9 80 0.8 85 0.8 
7953 0 0 97 0 
8216 2 0.8 5 0.5 7 0.9 16 0.7 52 0 54 0.5 70 0 80 0.8 89 1 94 0.9 
8327 7 0.4 39 0 
8434 5 0.8 36 0.3 39 0 52 0 54 0.5 64 0 
8697 1 0 2 0 11 0 16 0.7 21 0.8 27 0.9 50 0.3 63 0.5 69 0 89 0.7 
8942 90 0.5 
9020 1 0.7 10 0 29 0.4 40 0.3 64 0.5 95 1 97 0.6 99 0.9 
9049 11 1 40 0 50 0 63 0 67 0.7 70 0.7 93 0.6 
9066 12 1 14 0.7 18 0 21 0.7 22 0.8 47 1 78 0 90 0.7 98 0.3 
9114 1 0.9 85 0 
9195 0 0.8 7 0.4 9 0.7 10 0 
9230 23 0.9 57 0.7 88 0.8 
9374 14 0 67 0.5 
9453 5 0 22 1 39 1 42 0.3 46 0.7 54 0 65 0 76 0.9 77 0.9 
9455 17 0.7 23 0.5 
9474 4 0.6 26 0.4 36 0.4 51 0.6 89 0.9 94 0.5 
9476 3 0.6 36 0.6 41 0.4 74 0.8 81 0.4 88 0 
9506 7 0.7 15 0.3 21 1 34 0.7 45 0.6 53 0.3 63 0 81 0.8 83 0 85 0.6 
9701 22 0.7 32 0.4 39 0 73 0 
9729 25 0.8 38 0.3 58 0 59 1 68 0.4 69 0 76 0.7 80 0.6 
9851 3 0.7 18 0.3 23 0.3 32 0 39 0.8 63 0.3 73 0.3 93 0.7 
9923 9 0 32 0 49 0 55 0.5 56 0 
