100
109 10 0.9 17 1 54 0 65 0.6 68 0.3 75 1 76 0.6 84 0 
111 71 0.3 
402 7 0.6 39 0.4 40 0.4 73 0.7 74 0.8 87 0.7 88 0.5 89 0.9 
404 56 0.5 
414 1 1 16 0.8 25 1 68 0.3 89 0 
446 5 0.8 64 0.5 69 0.5 83 0.5 
568 9 0.3 18 0 40 0.4 
585 9 0.5 13 0 14 0.6 29 0.3 37 0.3 59 0.3 70 0.8 
677 26 0.8 32 0.7 38 0.8 42 0.8 74 0.6 77 0 
746 0 0 16 0 20 1 31 0 88 0 
749 18 0.7 21 0.6 51 0.5 52 1 64 0.4 
752 6 0.4 11 0.4 33 0 34 0.3 37 0 52 0 61 1 67 0.6 74 0.4 82 0 
845 25 0.8 
883 5 1 15 0.5 16 0.9 22 0 25 0.3 31 0.7 68 1 72 0.4 94 0 
1029 14 0 18 0 
1148 1 1 4 1 20 1 24 0.3 29 0.6 33 0 79 0.5 93 0 94 0.4 99 0.9 
1302 17 0.7 28 1 42 0.5 61 0.6 79 0.9 
1392 26 0.4 29 0 46 0 53 0.3 66 0 68 0.5 77 0.6 81 0 93 1 
1428 31 0.7 39 0.9 54 1 57 0.4 74 1 75 0 77 0.5 81 0.4 
1602 10 0 63 0.3 
1859 13 0.6 16 0.4 41 0.6 59 0.8 79 0.6 85 1 
1926 13 0.6 38 0.6 40 0 53 0.8 82 0.9 95 0 
2065 11 0.5 29 0.3 48 0 
2206 17 0.7 37 0.8 87 0 
2272 32 0 47 0.3 
2355 69 0.8 77 0.5 80 0 
2369 28 0 72 0 99 0 
2436 30 0 36 0.9 41 0.3 42 0.4 63 0.4 76 0.3 79 0.8 
2452 17 0 22 0.8 41 0.7 48 0 59 0.8 63 0.3 66 0 86 0.8 96 0.6 
2656 3 0.5 5 0.3 41 0.8 48 0.5 55 0.6 65 0.3 85 0.9 99 1 
2763 13 0.9 19 0 25 1 38 0 67 0.8 72 0.7 89 0.9 
2858 17 0 88 1 
2947 1 0 10 0.5 15 0.8 
3104 0 0.9 19 0.4 20 0.4 45 0 66 0.7 83 0.7 
3195 76 0 98 0.6 
3341 18 0.9 25 0 62 0.8 98 0 
3523 4 0.8 7 1 28 0 32 0.5 45 1 49 0 59 0.8 65 0.4 67 0.5 79 1 
3576 66 0.7 70 0.5 
3582 21 1 67 0.4 
3609 0 0.9 5 0 8 0.8 15 0.4 18 0.9 30 0.9 69 0.8 86 0.9 
3752 66 0 81 0 87 1 91 1 
4041 18 0.8 
4045 37 0 62 0 66 0 71 0.9 80 0.4 82 0.6 95 0.3 
4138 0 0.7 
4361 10 0.5 39 0 45 0 47 0 92 1 96 0.7 
4478 9 1 23 0 38 1 40 1 50 0.6 53 0.6 62 0.8 64 0.3 86 0.6 
4661 0 0.9 4 0 16 0 24 0.3 41 0 75 0.9 78 1 83 0.5 
5027 1 0.7 4 0.7 8 0 37 0.9 51 0.7 70 0 76 0.4 
5057 41 0.7 
5204 33 0.3 44 0.8 51 0.9 55 0.8 67 0.3 75 0.4 90 1 96 0.3 98 0 
5227 91 0.9 
5412 42 0 
5651 76 0.9 85 0.3 98 0.5 
5677 75 0.4 
5948 16 0.7 34 0.9 69 0.5 72 1 76 0 81 0.6 
5988 1 0.9 2 0.5 41 0.7 55 0.8 64 0.5 65 0.7 73 0 87 0 98 0 
6097 35 0 58 0.5 59 0.7 72 0 
6152 22 0.5 23 0.5 26 0.3 36 0.8 60 0.6 65 0.3 89 0.7 90 0.3 
6164 1 0.4 4 0.6 7 0.4 32 0.5 50 0.4 
6173 51 0 77 0.7 
6196 10 0.9 13 0.5 24 0 26 0.3 32 0 54 0.8 63 0.8 81 0.8 
6199 53 0.4 56 0 
6352 1 0 31 0.5 47 0.7 
6359 22 0.9 35 0 40 0.9 44 0.9 52 0.9 53 0.6 65 0.5 93 0.6 95 0 
6361 58 0 61 1 
6584 31 0 
6784 8 0 11 0.9 13 0.9 23 0 58 0 74 0.5 77 0.9 80 0 86 0.6 
6921 24 0.8 33 0.4 38 0.7 60 0.4 68 0 78 0 79 0.5 
6935 40 0.9 60 0.8 
6973 15 0 23 0.4 24 0.9 60 0.5 
7241 4 0 23 0 48 0.7 63 0.7 84 0.9 98 0.4 99 0 
7446 30 0.7 52 0 58 1 67 0.4 77 0 80 0.7 
7462 4 0 9 0.8 41 0.6 58 0 67 0.8 
7488 8 0 17 0.4 35 0.5 83 0.9 96 0.6 
7615 0 0.7 2 0 14 0.3 19 0 23 0 81 0.6 90 0 92 1 
7659 35 0.8 44 0 54 1 56 0 60 0.3 74 0 80 0.6 86 0.8 
7739 14 0 28 0 41 0.7 68 0 70 1 90 0.9 
7838 35 0.5 54 0 
8104 35 0.7 
8193 7 0 10 0.5 22 0 27 0.6 45 0 54 0.5 74 0.9 84 0.5 97 0.8 
8529 8 0.6 23 0.9 46 0 48 0.8 85 1 88 0 
8579 42 0 72 0 94 0.3 
8749 0 0.7 6 0.4 11 1 53 0.5 
8817 0 0.5 48 0.4 61 0 81 0.9 95 1 97 0.6 
8914 2 0 22 0.9 30 0.8 40 0 50 0 52 0.3 53 0.7 63 0.7 69 0 90 0.8 
9023 3 0.5 10 0.7 12 0.3 18 0.3 44 0.5 48 0.9 87 0.8 88 0.7 93 0.5 
9058 6 0 16 0.6 19 0.8 36 0.3 50 0.7 57 0.4 59 1 67 0.7 99 0 
9083 2 0 7 0.5 50 0.4 64 0.8 90 0 
9106 2 0.9 20 1 30 0.4 38 0.4 60 0.6 64 0 78 0.5 
9166 30 0.9 83 0 92 1 
9230 23 0.8 57 0.3 88 0.4 
9235 2 1 10 0 19 0.8 22 0 26 0.9 
9237 3 1 5 0 11 0 13 0.9 29 0 34 0.6 63 0 83 0.8 92 0 97 0.4 
9257 3 0 27 0.7 36 0 40 0.3 45 0.5 64 0 88 0.9 
9428 39 0 53 0.3 60 1 76 0.6 
9505 99 0.3 
9547 64 0 86 0.3 
9632 1 0.8 22 0.9 69 0 
9648 39 0 47 0.5 64 0 
9798 5 0.8 7 0 15 0.5 29 0.8 31 0.7 34 1 64 0.8 66 0 75 0.5 
