100
67 43 0 92 0.5 
81 0 1 9 0.6 13 0.8 21 0.8 22 0.4 44 0.3 69 0 84 0.4 87 0.9 91 0 
104 6 0 10 0.4 47 0.6 51 0.8 92 0 
110 21 0.8 22 0 35 0 91 0.7 
216 4 0.4 8 1 35 1 37 1 
360 37 0 56 0 73 0.7 
544 2 0.8 13 0.5 26 0 44 0 53 0 57 0 60 0.5 69 0 82 0 
578 5 0.6 6 0.9 10 0.9 57 0.5 63 0.8 66 0.5 85 0 90 0.7 94 0 
857 39 0.8 
915 13 0.8 38 0.9 40 0 64 0.7 91 0.3 96 0 
970 5 0.8 9 0.5 63 0.4 93 0.9 
1093 25 0.6 35 0.3 
1131 64 1 
1231 27 0 30 0.9 46 0.5 49 0.9 53 0.4 58 0 64 0 85 0.9 
1331 6 0.3 39 0.7 47 0 52 0.5 57 0.6 74 0.3 78 0.8 90 0.6 
1460 15 0.9 23 0.9 63 0.4 64 0.4 65 0 77 0.5 79 0.4 86 0.8 90 0 
1462 80 0 89 0.8 
1513 4 0.5 35 1 43 0.3 46 0.7 76 0.3 88 0 
1575 20 1 
1582 1 0.9 21 0.5 95 0 
1854 24 0.8 31 0.5 40 0.8 43 0 44 0 57 0.3 62 0.9 72 0.7 74 0 
1889 80 0 
1965 20 0.6 32 0 61 1 81 1 93 0.7 
1981 28 0 29 1 53 0 60 0.9 85 0.8 88 0.9 99 0.9 
1999 61 0.4 
2014 8 0.6 10 1 27 0.7 32 0 41 0.8 49 0.6 64 0.9 82 0 89 0 95 0.5 
2069 25 0.8 34 0 55 1 60 0 72 0 73 0.8 
2089 48 0 75 0.9 97 0.7 
2118 4 0.6 
2251 17 0.7 
2279 20 0 24 0.6 56 0.9 65 0.7 91 0.6 
2431 33 0.8 76 0.3 79 0.8 91 0.7 92 1 
2581 2 0.6 37 1 53 0.5 83 0.9 91 0.8 
2648 10 0 30 0.5 39 0.7 46 0.5 51 0.5 66 0 76 1 80 0.7 
2676 0 0.6 24 0 44 0.5 51 0 63 0.9 81 0.8 84 1 87 0 94 0.8 
2821 10 0.8 28 0 41 0.4 45 0.6 63 0.6 65 0.3 72 1 99 0.5 
3015 7 1 36 0 53 0.9 63 0.4 64 1 70 0 71 0.6 96 0.3 
3205 15 0.7 31 0.7 81 0 83 0.6 99 0.9 
3207 10 0.6 39 0 43 0.9 60 0.4 66 0.6 77 0.8 83 0.5 88 0.8 93 0.7 
3475 7 0 50 0.4 52 0.8 63 0.8 69 0.6 79 0.6 
3774 20 0 26 0.9 33 0 41 0 45 0.6 47 0.7 86 0.3 93 0 98 0.6 
3780 12 1 32 0.3 36 1 65 0.9 72 0.4 87 0 
3995 13 0.8 18 1 20 0.3 36 1 64 0.9 82 0.5 
4003 3 0 21 0.4 28 0 33 1 34 1 
4034 27 0 98 1 
4065 61 0.6 71 0 
4150 65 0.5 67 0.6 72 0.5 
4244 62 0 65 0.9 69 0.8 71 0 
4302 42 0 
4428 6 0.7 21 0 49 0.4 62 0 69 0.8 75 0 
4628 8 0.4 18 0.5 31 0 33 0.3 36 0 40 0 53 0.5 89 0.4 90 0 
4676 2 0.6 5 0 17 0.8 26 0.9 34 0.7 44 0.9 50 0.4 89 0.4 97 0 
4811 29 0.9 32 0.3 
4863 50 0 56 0 
4926 7 1 17 0.6 18 0.9 64 0.6 75 0.6 78 0.9 88 1 93 0.4 
4986 16 0 30 0.4 46 0.3 55 1 95 1 
5645 54 0.6 94 0.3 
5662 4 1 6 0 13 0.3 25 1 32 0 60 0.7 66 0.8 71 0.7 
5681 82 0.7 
5803 0 0 6 1 10 0 44 0 50 0.7 57 0.6 58 0.7 60 0 63 0.8 92 0.7 
5983 28 0.4 53 0.7 54 0.4 59 0 60 0.5 
6015 0 0.5 7 0.6 14 0 49 0 61 1 66 0.7 72 0.7 77 0.5 98 0 
6026 25 0.7 
6103 26 0.3 33 0.8 42 0.4 75 0.9 85 0 91 0.9 93 0 
6217 93 0.7 
6275 12 0.6 17 0.7 31 0.8 46 0.3 92 0 94 0.6 
6278 29 1 33 0.3 37 1 43 0 46 0 57 0.8 75 0.3 91 0.6 96 0.7 
6318 13 0.4 27 0.5 44 0.8 56 0 68 0.9 72 0.9 73 1 75 0.3 80 0 
6399 14 0.5 43 0 50 0.3 91 0.8 99 0.7 
6473 0 0 15 0 34 1 53 0.5 84 0.4 93 0 99 0.5 
6655 12 0.5 20 0.6 95 0.8 
6688 1 0 24 0.7 42 0 46 0.6 51 0.4 55 0 60 0.9 
6753 0 0.7 34 0 35 0.7 39 0 42 0.9 54 0.5 75 0 
6898 27 0 35 0 41 0.4 47 0.3 50 0.8 62 0.9 99 0 
7194 18 0.8 20 0.9 24 0.5 48 0 50 0.3 55 0.5 58 0.8 78 0 97 0.7 99 0.5 
7218 28 1 40 0 88 0.5 
7321 26 0.7 36 0.6 39 0.6 65 0.9 70 1 82 0 94 0 97 0.3 
7387 2 0.3 6 0 22 0.6 48 0 59 0.9 67 0.5 77 0 85 0.6 88 1 90 0.4 
7515 11 1 12 0.3 41 0 47 1 50 0.8 56 0.4 63 0 85 0.8 97 0.7 
7765 15 0.8 33 0 37 0.7 45 1 54 0.9 77 0 91 0.3 95 1 
7926 23 0.3 31 0.6 38 0.8 39 0.4 53 0 74 0.4 
8480 2 0.8 9 0.9 15 0.4 30 0 58 0.9 71 0 
8523 14 0 16 0.5 56 0.5 58 0.3 63 0.3 69 0.4 71 0.5 81 0.5 
8604 67 0.4 70 0 73 1 85 0.9 86 0.8 91 0.8 99 0.8 
8611 84 0.7 
8802 1 0 6 1 51 0.6 
8851 14 0.5 32 0.5 
8976 7 0.9 22 0.4 86 0.6 
8993 33 0.7 50 1 78 0.4 79 0 
9041 23 0 53 0 59 0.3 86 0.5 
9087 12 0.4 24 0 30 0.6 37 0.9 49 0.7 52 0.9 62 0 71 0.4 
9461 0 0.5 8 0.7 41 0 52 0.7 62 0 72 0 84 0.7 92 0.6 95 0.8 
9570 76 0.6 
9578 6 1 12 0.4 13 0.5 46 0.7 58 0.9 66 0 80 0.8 95 0.8 
9631 62 0.3 
9714 1 0.5 2 0.7 9 0.3 26 0.8 28 1 30 0 32 0.6 37 0.9 79 0.5 
9846 17 0.3 21 0.4 24 0.7 36 0 80 0 85 0.7 
9916 13 0.5 29 0.6 42 0 52 0.5 70 0.6 83 0.8 84 0 86 0 99 0.7 
9957 49 0.3 53 0 72 0.9 74 0.9 78 1 
9969 89 0.8 
