100
377 7 0.6 9 0.6 85 0 
428 27 0 44 0.9 46 0 54 0.5 85 0 
457 8 1 22 1 32 1 49 0 58 0.9 73 0.8 79 0.7 84 0.8 98 0.6 
461 2 0 5 0.7 16 0 19 0 29 1 37 0.4 49 0.4 50 0.7 82 0.6 83 0.4 
514 10 1 17 0.7 19 0.3 28 0.9 30 1 43 1 48 0.9 75 0 78 0.9 96 1 
657 24 0.5 68 0.7 76 0.8 
864 13 0.5 20 0 67 1 71 0.8 77 0.8 90 0.9 94 0 
885 53 0 75 0.5 82 1 
917 9 0 15 0.4 37 0 42 0 84 0.6 97 0.4 
935 1 0.6 11 0.5 28 0 59 1 64 0.3 77 0 
1078 0 0.8 99 0.3 
1393 36 1 85 0.8 
1415 26 0.8 55 0.7 96 0 
1429 24 0.4 27 0 42 0.5 51 0 91 1 
1740 17 0.5 22 0.6 27 1 32 0 54 0.6 60 0.4 73 0.8 
1895 0 0.5 5 0 6 0.4 46 0 50 0.3 58 0.5 62 0 81 0 94 0.9 
1897 47 0.4 54 0.4 73 0 82 0 90 0.7 94 0 95 0 
1995 35 0.7 37 0.3 39 0 45 0.7 64 0.9 77 0.3 
2017 4 0.6 15 0.9 26 0.5 27 0.4 32 0.5 35 0 48 0.3 
2111 7 0.3 32 0.8 55 0.8 57 1 62 0.8 73 0.5 
2143 1 0 20 0 22 0.3 62 0.6 67 0 73 0 81 1 94 0.5 
2145 20 0.6 41 0.8 49 0.9 73 0.8 81 0.6 
2229 16 0.7 28 0 49 1 73 0.6 
2370 22 0 43 0 
2468 9 0.8 46 0.3 75 0.5 
2661 2 0.8 20 1 51 0.4 89 0.6 
2734 15 0.8 17 0 19 1 51 0.8 52 0.7 70 1 84 0.7 
2763 13 0.3 19 0.8 25 0 38 0.8 67 0.4 72 0.3 89 0 
2788 39 0 60 0 72 0.3 
2861 2 0 12 0.4 26 0.5 31 0.6 49 0 68 0.8 71 0.5 73 0.5 
2916 32 0.8 74 1 77 0.9 
3057 3 0.9 28 0 39 0 52 1 66 0 73 0.5 
3196 16 0.6 25 1 29 0 36 1 82 1 85 0.6 91 0.6 
3401 81 0.8 88 0.4 
3573 49 0 
3742 48 0 61 0.5 
3814 10 0.5 23 0.3 40 0 41 0 70 0.6 81 0.6 
3850 11 0.7 16 0 44 0.7 56 0.7 88 0.5 
4002 8 0.8 9 0.4 78 0.4 
4228 96 0.9 
4312 2 0 17 0 45 0 59 0.3 74 0.7 82 0.8 87 0.9 88 0.3 
4384 0 1 26 0.3 40 0.6 94 0.5 
4447 33 0.5 
4547 10 0.9 14 1 21 0.6 54 0 60 0.9 85 0.4 94 1 
4590 21 1 31 1 65 1 92 1 
4602 0 0 39 0.3 60 0 61 1 
4760 31 0.9 37 0.5 54 0.9 67 0 74 0 98 0.3 
4770 42 0 
4810 3 0.5 11 0 17 0.5 20 0.4 30 0.6 58 0.5 77 0.4 78 0.9 88 0.4 
4968 70 0 77 0.3 86 0.8 
4980 18 0 40 0 73 0 80 1 85 1 90 0 
5148 6 1 18 1 37 0.3 85 0 
5168 18 0.5 
5341 27 0.7 37 0.3 42 0.6 45 0.8 78 0 
5417 5 0.4 10 0 12 0.7 23 1 28 0.7 48 1 60 0.4 
5428 4 0 46 1 59 0.7 
5484 80 0.4 
5596 25 0 29 0.3 64 0.7 89 0.4 
5670 38 0.8 80 0 
6054 6 0 26 0.6 31 0.6 40 0.5 81 0.9 85 0 
6062 15 0.3 24 0.7 55 0.3 73 0.9 92 0.3 
6092 4 0.6 
6423 62 0.7 68 0.8 
6511 14 0.8 34 0 36 0.4 57 0.4 63 0 75 0.4 85 0 90 0.3 94 0.7 96 0.4 
6538 14 0.5 16 0.5 20 0.9 34 0 50 0.6 63 0.8 75 0.6 93 0.6 98 0.3 99 0 
6624 7 0.6 21 0.5 27 0 45 0.9 49 0.7 66 0.9 77 0 93 0 99 0.9 
6749 0 0.4 8 1 16 0.6 25 0.6 28 0.6 45 0.3 52 0 56 0.5 
6810 14 0.8 75 0 
6854 16 0.7 53 0.6 
6934 6 0 17 0.5 71 0.8 
6970 0 0.8 9 0.3 13 0 38 0.6 56 1 69 0.6 72 0 77 0.8 85 0.9 88 0.3 
7138 63 0.7 
7359 24 0 47 0.5 57 0 62 0 69 0.9 79 1 83 1 86 0.7 
7482 8 0.6 48 0 66 0 98 0 
7676 34 0 50 0.9 53 0.6 55 0 63 0.7 64 0.3 81 0.9 83 0.9 89 0.9 90 1 
7689 20 0.8 43 0.3 49 0.6 68 0 73 0.5 78 0 
7754 8 0.9 13 0.5 17 0 52 0.8 53 0.3 60 0.4 68 0.6 76 0.4 91 1 98 0.3 
8070 5 0 9 0 14 0.4 16 0 49 1 51 0.3 60 0.5 62 0 90 0 
8163 1 0.3 17 0.6 33 0.5 96 0 
8198 23 0.8 32 0.6 43 0.4 49 0 63 0.9 75 0.6 77 0.6 85 0.9 94 0 99 0.3 
8212 43 0.3 66 0.3 
8377 17 0.6 29 0.8 46 0.8 84 0.7 99 0 
8513 31 0.8 
8595 11 0.7 34 0 98 0.7 
8764 26 0 51 0.4 
8838 12 0.6 
9007 7 0.5 24 1 32 0.7 47 0.5 49 0.5 84 0.4 88 0.5 
9024 24 0.4 28 0.9 32 0.4 38 0 49 0.6 59 0 66 0.7 69 0 76 0 88 0.5 
9084 13 0 17 0.4 25 0 27 0 47 0.3 58 0 67 0.7 
9101 32 0.7 62 0 65 0.9 66 0 72 0.5 75 0 85 0 97 0.7 
9349 0 0.4 4 0.4 8 0.3 17 0.9 25 0 31 0 33 0.9 37 0.9 52 0.7 91 0.7 
9360 11 0.7 29 0.9 35 0.4 63 0.6 64 0.6 65 0.5 66 0 78 0.8 93 0.6 94 0.7 
9371 8 0.8 37 0.8 61 0.8 
9386 12 0 51 0.3 63 0.8 80 0.3 
9483 55 0.4 60 0 65 0 69 0 75 0.6 76 0.6 
9511 2 0.5 20 0.9 89 0.6 97 0.3 
9525 68 0 
9556 0 0.8 13 0 14 0.3 15 0.8 46 0.3 51 0.6 65 0.4 72 0 81 0.3 
9647 1 0 7 0.6 19 1 51 0.8 59 0 63 0 83 0 87 0.3 94 0.3 
9957 49 0 53 0.4 72 0.8 74 0.5 78 0.4 
