100
31 10 0.9 19 1 42 1 65 1 67 0 71 0 81 1 95 0 
222 11 0.5 21 0 31 0.4 60 0.8 70 0.8 78 0.7 81 0.4 85 0.9 
224 25 0.6 28 0.9 46 0.9 61 0.9 67 0.7 70 0.4 75 0.3 85 0.8 89 0.3 
308 3 0.9 13 0.7 18 0.6 61 0.3 76 1 97 0.9 
536 32 0.6 42 0.5 67 0.8 90 0.5 
633 29 0 86 0.4 
773 20 0.9 51 0.9 78 1 91 0.5 
805 22 0 29 0.7 33 0 35 0 68 0 75 0.3 94 0 
918 13 0.7 18 0 19 0.8 28 0 41 0.5 76 0 98 0.7 
928 40 0 76 0.5 
1066 2 0.7 6 0 62 0 72 0 74 0.7 
1423 2 0.8 5 0.6 22 0.4 38 1 76 0.3 84 0.9 
1434 5 0.5 6 0.3 
1444 11 0.7 42 0 60 1 
1516 19 0.6 36 0.3 92 0 
1576 18 0.5 28 1 32 0.5 48 0.7 58 0.8 60 0.8 99 0.9 
1686 26 0 46 0 47 0 87 0 
1770 4 0 8 0.9 28 0 74 1 75 0.9 83 0.4 
1849 1 0.3 7 0.3 21 0.5 34 0.8 35 0 57 0.5 71 0.5 72 0.4 74 1 82 1 
1917 20 0.9 71 0.5 92 0.5 
1952 12 0.9 16 0.7 19 0 74 0.4 84 0.6 88 0 
2054 36 0.9 58 0.4 78 0.4 
2370 22 0.7 43 0.5 
2394 13 0.5 19 1 77 0.4 
2793 19 0.3 56 1 
2900 9 0.6 
3094 0 0.5 4 1 6 0 20 0.5 30 1 34 0.4 42 0.4 66 0.6 83 0 98 0 
3188 4 0.6 8 0 29 0 31 0.6 76 0 79 0 89 0.8 
3247 6 0 30 1 44 0.3 56 0 
3448 83 0.9 
3859 8 0.5 35 0 49 0.9 76 0.3 78 0.4 82 0.9 99 0.5 
3864 9 0.8 14 1 34 0.6 48 0.6 65 0.3 
3886 12 0.5 16 0.6 49 0.6 53 0 56 0 59 0.9 75 0.8 93 0.4 99 0.3 
3943 30 1 35 0 91 0.6 
4000 34 0 51 0.5 
4010 4 0.8 26 0 37 0 43 0.3 49 0 51 0.3 
4382 11 0.6 27 1 34 0.7 51 0.8 69 0.8 70 0.7 
4529 38 0 42 1 61 0.7 92 0 
4530 85 1 
4692 11 0.9 30 0.3 69 0 90 0.3 
4784 13 0.5 51 0.5 75 0 85 0.6 
4890 5 0 29 0 46 0 55 0.9 
4908 27 0.7 28 1 32 0 44 0 45 0.7 54 0.8 80 0.8 
4956 6 0.4 11 0.8 46 0 65 0.7 96 0.7 
4983 83 0.4 
5074 64 0.8 66 0 71 1 72 0.5 77 0 90 0.5 99 0.7 
5082 7 0 59 1 
5162 35 0.6 
5171 35 0.6 
5178 3 1 48 0.9 55 1 
5347 44 0 67 0.7 89 0 
5376 4 0.3 20 0.9 58 1 69 1 70 1 93 0.3 96 0.5 97 0.3 98 0.4 
5457 0 0.4 7 0.6 38 0.5 51 0 63 0.3 65 0.4 70 0 84 0 88 0.9 
5500 0 0 20 0.6 23 0.9 29 1 35 1 46 0 77 0 99 0.5 
5769 84 0.8 
5857 90 0 
5976 15 0 69 0 72 0.5 75 0 86 0.8 
6075 8 0 96 0 
6102 1 0.6 3 1 15 0.4 
6175 21 0.5 84 0.4 
6307 52 0.4 
6448 25 0.8 29 1 54 0 55 0.8 57 0.5 63 0.8 75 0.7 81 0.5 83 0.6 99 0.5 
6546 3 0 5 0.3 88 0.5 
6653 25 0.7 77 0 80 0.6 
6723 3 1 12 1 20 0.4 24 0 25 0.5 37 0.5 70 1 81 0.3 98 0 
6797 2 0 20 0 36 0 37 0.6 42 0.3 56 0.4 80 1 85 0.7 88 0 94 0.4 
7003 22 0 38 0 43 0.3 57 0.6 71 0.5 75 0.9 78 0 90 1 
7007 8 0.6 10 0.9 20 0.7 80 1 
7068 41 0.8 56 0.5 79 0.8 88 0 
7132 14 0.7 15 0.6 26 0 48 0.6 52 0 57 0.5 62 0 67 0 76 0.9 
7186 8 1 30 0.5 33 0 40 0 41 0.3 45 0.5 77 0.6 86 0 87 0.9 96 1 
7193 76 0.6 77 0 98 1 
7277 20 0 45 0 48 0 60 1 97 0 
7336 3 0.6 8 0.3 16 0.5 20 0.9 27 1 63 0 85 0.4 
7433 13 1 51 1 62 0.3 77 0 88 0.9 94 0.7 
7778 8 0.5 30 0 54 0 69 0.6 70 0.7 90 1 92 0 
7851 13 0 57 0.6 99 0.8 
8032 0 0.9 3 0.6 5 0.9 14 0.7 16 0 32 0.6 39 0.3 46 0 83 0 91 0.9 
8175 69 0.3 86 0 
8240 9 0.7 18 0 34 0 36 0.9 81 0.9 
8300 18 0.9 33 0 41 0 43 0.5 70 0 73 0.3 84 0 92 0 
8360 14 0.7 20 0.8 26 0.5 31 0.8 33 0 36 0 64 0.7 82 1 
8378 18 0 33 0.8 61 0.9 77 0.6 
8418 16 0.4 19 0 24 0.6 26 0.4 69 0.7 
8489 21 0.7 34 0.8 43 0 90 0.9 99 0.3 
8511 12 0.5 34 0 44 1 65 0.4 75 1 78 0 95 0.9 
8592 7 0.9 41 0.6 43 0.5 46 0.4 66 1 70 0.6 72 0.5 75 1 87 0.3 99 0.6 
8667 4 1 49 0.5 55 0.5 65 0.8 83 0.4 
8794 71 0.7 77 0.4 
8804 18 1 25 0.7 38 0 94 0.5 
9015 4 0 15 0 17 0.7 78 0.7 
9208 4 0.6 11 0.8 21 0 29 0 46 0.7 65 0.5 77 0.9 83 0.8 
9429 16 1 20 0.9 31 0.5 34 1 45 0.3 72 0.9 81 0.7 95 0.9 97 0.5 99 0.3 
9437 44 1 68 0.6 
9440 19 0.7 39 0.8 47 0 52 0.7 87 0 
9503 5 0.6 15 1 22 0.9 31 0.3 40 0 43 1 44 1 51 0.3 98 0.5 99 0.9 
9557 3 0 6 0.6 33 0.6 43 0.6 58 0.6 61 0.5 68 0.7 84 0 
9894 0 0.5 6 0 25 0.8 30 0.8 32 0 39 0.8 52 0.8 55 0.4 58 0.5 95 0.3 
9934 3 0.9 4 0.9 16 0.4 30 0 44 0.5 71 0.9 78 0 96 0.4 
9935 3 0.3 76 0.3 96 0.4 99 1 
