100
72 2 0 8 0.6 23 0.9 33 0 38 0 86 0 94 0.5 
138 9 0 31 0.9 70 0.3 94 0.8 
277 3 0 17 0.4 20 0.7 44 0.4 49 0.8 67 0 84 0 92 0.4 
299 29 1 35 0.6 36 0.4 83 1 
340 7 0.9 9 0 53 0.5 
349 14 0.9 37 0.4 45 0.3 47 0 51 0 66 0.3 69 0 72 0.6 81 1 99 0.6 
356 61 0.5 
519 24 0.3 27 0.3 47 1 80 0.5 
616 0 0.4 3 0.4 15 0.5 21 0 22 1 32 1 38 0 41 0 56 0.9 59 0.6 
700 80 0.5 
765 7 0.9 45 0.9 47 0.7 51 0.8 64 0.6 70 0.8 95 0.4 
1009 69 0.3 
1113 1 0.3 16 0.6 29 0.8 49 0 64 0.7 68 1 71 0.3 82 0 
1279 25 0 51 0.7 74 0.3 84 0.7 87 0 94 0.8 97 0.5 
1328 2 0.9 7 1 13 0.8 36 0 38 0.4 40 0.4 55 0.8 63 0.6 71 0.9 91 0 
1417 47 0 
1651 10 0 13 0.9 25 0 46 0.5 83 0 
1770 4 1 8 1 28 0 74 0.3 75 0.5 83 0.9 
1876 6 0.4 27 0 44 1 81 0.3 
1901 22 1 39 0.6 57 0 
1908 15 0 20 0.5 27 0.7 43 0.4 44 0.3 45 0 53 1 76 1 79 0.3 
1930 2 0.6 3 0.4 43 0.8 49 0.9 53 0 57 0 74 0.4 89 0.7 98 0.8 
2078 5 1 67 0 75 0.9 98 0.9 
2371 1 0 41 0.6 56 0.6 92 0.7 94 0 
2376 8 1 67 0.8 84 0.4 
2392 11 0.9 20 0 
2602 80 0.9 
2607 8 0.4 15 0 18 0.6 44 0.4 52 1 61 0 89 0.9 97 1 
2758 4 0.8 16 0.9 20 0.9 73 0.3 74 0.9 90 0 
2928 21 0 45 0.5 53 1 57 0.5 60 1 72 0.9 86 0.3 92 0.5 93 1 97 0.3 
2946 12 0 61 0 63 0.4 86 0.7 
2983 10 0 14 0.5 42 0.8 46 0.9 51 0.5 57 0 62 0 65 0.4 96 0 
3268 7 0.9 17 0 22 0.7 35 0.4 36 1 89 0.7 
3647 7 1 45 0 55 0.7 91 0.7 
3696 35 0 
3743 8 0.6 26 0.4 70 0.3 71 0 73 0.7 81 0.8 92 1 95 0.4 98 0.6 
3879 7 0 22 0.7 63 1 75 0 83 1 84 0.6 97 0.7 
3960 4 0 15 0.4 41 0.8 51 1 53 0 60 0.5 65 0 86 0.3 97 0.6 
3961 10 0 23 0 66 0 
4083 19 0.6 58 0.8 63 0 78 0.6 
4547 10 0.9 14 0.6 21 0 54 0.8 60 0.8 85 0.9 94 0 
4589 16 0.9 23 0.8 25 0 30 1 32 0 35 0.5 53 0.5 68 0 98 0.9 
4674 25 1 30 1 33 0 37 0.5 51 0.5 59 0 70 0.4 85 0.7 
4753 6 0 8 0.7 57 0.3 
4769 7 0.6 16 0.3 29 1 35 1 51 0 76 0 77 0.3 83 0.8 85 0.6 98 0.8 
4976 10 0.5 33 0.4 94 0.3 
5126 12 0 38 0 40 0.9 44 0.7 65 0.8 78 0.7 90 0.5 93 0.3 97 0 
5279 33 1 
5353 17 0.9 20 0 33 0.6 39 0.8 
5516 85 0 
5517 28 0.7 38 0 58 0.8 60 1 71 0 89 0 97 0.7 
5595 19 0.6 24 0.7 35 0.9 42 0.5 52 0.4 58 0.4 66 0.3 77 0.4 97 0 
5636 6 0.3 20 0.4 28 0.6 44 0 68 0.6 87 0.5 88 0.6 94 1 
5706 7 0.3 27 0.7 30 0.4 31 0.4 43 0.7 50 0.4 55 0.7 58 0.3 59 0.8 92 0.8 
5835 19 0.8 21 0.4 27 0.3 39 0 48 0.6 79 0.7 96 0.3 
5868 0 0.4 2 0.6 16 0 47 0.9 52 0.9 62 0.8 77 0.7 99 1 
5941 5 0.5 25 0.9 68 0.9 69 0.6 77 0 
5957 6 0.7 9 0.7 16 1 27 0.8 60 0.7 97 0.5 
6013 19 0.9 46 0 54 0.5 74 1 96 0.5 97 0.7 
6035 92 0.6 
6079 37 0.8 40 0 41 0.7 82 0.3 94 0.9 97 0.8 98 0 
6165 20 0 27 0.9 32 0.4 39 1 78 0.8 81 0.6 86 0 90 0.9 96 0.7 
6243 5 0.3 7 0 14 1 26 1 62 0.7 64 0 70 0 71 0.3 82 0.5 91 1 
6282 4 0.3 6 0.7 12 0.5 55 0.5 64 0 
6303 9 0.6 10 0 17 0.5 52 0.3 
6335 38 1 48 0 54 0.4 59 0.6 62 0.8 64 0.9 80 0.3 83 0.7 87 0.8 88 0 
6760 18 0.5 98 0 
6771 19 0.8 30 0 34 0.7 39 0 65 0 80 0.9 96 0 
6901 0 0.6 6 0.9 8 0.5 12 1 50 1 56 0.8 57 0.3 78 0.8 88 0.4 
6916 54 0.9 55 0.4 86 1 89 0.7 
6983 2 0.5 10 1 71 0.3 73 1 93 0.9 
6998 2 0.3 48 0.4 77 0.3 
7006 51 0.9 53 0.3 58 0.3 67 0.5 69 0.6 70 0.3 88 0 91 0.3 95 0.9 98 0.4 
7271 1 0.4 18 0.6 41 0.6 46 0.8 49 0.6 56 0.5 72 0 74 0.5 97 0.4 
7452 27 0 34 0.4 46 0.7 48 0.9 49 0.7 50 1 59 0.6 68 0.5 72 0.9 
7482 8 1 48 0.9 66 0 98 0.7 
7489 9 0.3 27 0.3 38 0.6 62 0 65 0.8 73 0.8 78 0.8 81 0.4 90 0.9 99 0.8 
7504 29 0 62 0.3 80 0.3 
7559 29 0.9 34 0.3 52 0 67 0 82 0 96 0 
7636 26 0.5 58 0.5 71 0.6 
7675 1 0 52 0.3 61 0 
8600 74 1 82 0.4 93 0.8 94 0.3 
8805 19 0.8 79 0 96 0.7 
8823 0 0 20 0.8 40 0.3 64 1 75 1 79 0.9 
8858 15 0.4 18 0.3 32 0.7 33 0 66 0.3 76 0 84 0 
8968 78 0.3 
8991 14 0.4 25 0 34 0 51 0.3 56 0 75 0.9 84 1 
9059 4 0.9 62 0.7 70 0.8 
9381 10 0.8 23 0.4 32 0.4 54 0 61 0.6 74 0.7 79 0.4 85 1 99 0.6 
9393 27 0.9 78 0.5 81 1 98 0.4 
9533 0 0.6 12 1 13 0 23 0.8 26 1 59 0 68 1 75 0.6 80 0.7 90 0.6 
9623 15 0.6 42 0.8 
9646 5 0 12 0.5 17 0.8 28 0.8 30 0 69 0.8 81 0.6 92 0.9 
9647 1 0.9 7 0.4 19 0 51 0.9 59 0 63 0.5 83 0.8 87 0.8 94 0.3 
9657 42 0.8 74 0.5 81 0.9 93 0.3 
9730 26 0 75 0.3 99 0 
9778 6 0.8 15 0 26 0.8 32 1 49 0.7 64 0.6 81 0.5 89 0 92 0.4 
9877 7 0 34 0.8 36 1 38 0.5 53 0.7 54 0 56 0.3 57 0 70 0.3 82 0.5 
9893 15 0.7 32 0 
9980 19 0.9 27 0.7 28 0.5 29 0.4 32 0.7 48 0.4 57 0.7 61 0.4 64 0.9 95 0 
