100
20 1 1 15 0 22 0 30 0.5 36 0.5 43 0.4 77 0.3 82 0.5 85 0.8 91 0.7 
51 48 0 51 1 56 0.5 57 0.8 63 0 85 0 92 0 
286 25 0 48 0 51 0.6 55 1 56 0 64 0.5 86 0.9 90 0.3 93 0.8 
449 14 0 19 0.6 27 1 33 0.7 40 0 48 0.8 53 0.8 84 0.5 86 0.6 
532 4 0.4 74 0 85 0.5 
561 6 0 7 1 60 0.3 65 0.8 77 0.8 95 0.9 
562 11 0.4 17 0 33 0.7 46 0.7 49 0.6 51 0.9 81 0 86 0.5 
566 50 0.5 61 0.6 76 0.3 80 0 83 0.9 
572 0 0.8 4 0.6 18 0.6 38 0.9 75 0.3 
615 18 1 34 0.3 51 0.9 63 0.5 79 0 85 0.8 
665 10 0.8 14 0.4 27 0.6 44 0.5 46 0.9 51 0.3 57 0.5 75 1 
707 0 0 4 0 5 0.3 25 0.6 30 0.7 34 0.8 45 0 49 0 85 0 91 0.4 
712 16 0 19 0.8 45 0.7 66 0.8 75 0.5 77 0.9 94 0.7 
720 0 0.3 2 0.4 6 0 38 0.7 50 0.6 71 0 93 0.8 99 0 
775 0 0 53 0 66 0 80 0.4 90 0 96 0.5 
892 31 0.6 42 0.8 51 0.8 82 0.8 95 1 99 0.7 
926 27 0 35 0.4 37 0.3 48 0.5 50 0 92 0.8 
948 5 0 8 1 22 0.3 23 0 27 0.8 87 0.4 89 0 96 0.3 
1178 23 0 96 0.4 
1244 7 0 25 0.5 40 0.4 55 0 72 0.6 81 0.8 82 0.3 87 1 90 0 
1265 0 0.9 6 1 13 0.6 31 1 40 0.7 46 0 85 0.3 97 0.4 
1299 60 1 
1345 0 0 2 0.3 7 0.7 11 0.6 15 0.3 21 0.4 23 0.9 50 0.6 62 0 95 0.9 
1355 3 0.7 24 0.3 26 0 47 0.9 72 0.6 73 0.9 
1883 5 0 7 0.3 13 0.3 14 0.8 45 0 46 0 61 0.3 69 0.8 72 0.9 
1985 5 0 16 0 43 0 49 0.7 67 0.7 98 0.6 
1999 61 1 
2220 2 0 5 0.4 7 0.3 13 0.6 24 1 36 0.8 83 0.7 
2346 17 0.4 21 0.5 26 0.3 31 0 68 0.5 70 0.5 79 0.4 99 0.8 
2490 9 0 95 0.8 96 0.6 
2556 9 0.5 10 0 21 0 24 0.4 25 0 45 0 53 0.5 81 0.7 
2633 1 0.5 67 0.4 76 0 81 0.8 
2656 3 0.7 5 0 41 1 48 0.3 55 0.5 65 0.9 85 0.5 99 1 
2674 8 0.7 17 0.9 78 0 84 0 90 0.8 98 0 
2800 93 0 
2875 8 0.7 19 0.7 22 1 25 0 46 0.5 63 0 64 1 
2977 22 0 40 0.7 61 0.4 76 0 92 0.7 
3039 12 0.7 15 0.8 31 0.5 47 0.6 53 0 67 0.5 88 0 
3178 64 0 84 0 
3240 9 0 52 0.6 60 0.5 92 0 
3313 6 0.9 20 0 22 0.6 28 1 40 0.7 69 0 77 0.4 91 0.3 94 0 
3404 4 0 8 0.3 20 0.3 46 0.7 54 0.3 63 0.6 81 0.8 83 0 84 0.6 
3409 4 0 18 0.5 38 0.8 49 1 72 0.4 89 0 94 0.7 
3525 8 0.6 22 0.7 44 1 46 0.6 61 0.7 77 0.7 78 0.8 
3685 31 0 
3693 21 0.7 30 0 62 0.7 63 0 73 0.9 95 0.5 99 0.3 
3777 4 0.5 6 0.8 
3868 54 0 
3987 4 0 10 0.3 12 0 40 0 46 0.4 83 0.6 96 0.8 
4046 23 1 37 0.8 51 0 53 0.3 54 0.6 56 1 64 0.9 77 0.5 96 0.3 97 0 
4165 9 0.3 22 0 56 0.9 63 0.5 80 0.7 86 0.5 93 0.9 95 0 
4275 4 0.6 14 0.4 25 0 34 1 36 0.6 37 0 52 0.4 63 0.5 66 0 
4318 6 0.4 9 0.6 14 0.8 18 0.9 54 0 60 0.7 72 0 87 0.7 
4494 1 0.4 7 0 9 0.3 12 0.3 17 0.6 26 0 29 0.4 36 0.3 46 0.8 67 0.9 
4634 5 0 18 0.3 24 0.8 25 1 30 0 55 1 67 0.9 85 0.4 95 0.5 
4661 0 0.3 4 1 16 0.8 24 0 41 1 75 0 78 0 83 0.7 
4720 18 0.8 85 0 
4784 13 0.7 51 0.3 75 0 85 0.5 
4829 0 0 63 0.8 91 0 92 0 
5026 2 1 44 0.5 70 0.8 77 0.7 92 0.8 
5088 4 0.8 69 0 81 0.6 
5110 49 0.8 
5284 11 0.5 46 0.3 70 0 73 0.3 97 0.8 
5410 21 1 46 0.9 60 0.8 87 0 
5469 21 0.4 23 0 26 0.7 31 0.9 34 0 60 0.3 64 0.8 86 0.6 88 0 
5698 0 0.4 30 0.7 37 0.6 38 0.7 41 0.7 47 0 76 0.4 
5784 3 0.5 17 0.8 21 0.4 78 0.9 
5817 37 0.6 44 0.3 47 1 48 0.5 49 0.5 62 0.5 69 0.6 73 0.3 78 0.5 85 0.6 
5899 6 0.9 24 0 34 0 38 0.3 39 0 49 0.9 64 0 72 0.7 77 0.6 81 0 
5946 2 0.6 4 0.3 55 0 77 0.6 79 0.5 90 0.4 
6036 41 0.8 87 0.6 
6119 32 0.3 
6229 19 0.9 46 0 57 0.6 66 0 69 0.7 72 0.7 73 0.7 91 0.3 98 0.6 
6426 81 0.8 94 0.6 
6430 26 0.7 45 0.7 64 0.7 
6656 13 0 32 0.4 44 0.5 72 0 83 0.6 84 0.6 
6743 27 0.8 40 0 42 0.9 49 0 79 1 89 0.9 90 0.5 
6744 5 0.6 6 0.8 13 0.3 21 0.4 40 0.4 49 0.8 58 0.4 
7407 10 0.9 83 0 
7550 31 0 
7623 8 0.8 28 0.7 33 0.9 42 0.5 57 1 80 0.5 
7652 0 0 7 0.6 14 0.6 18 0.5 26 0.4 30 0.7 38 0.7 55 0 58 0.6 82 0.7 
7772 1 0.8 7 0 11 0.6 17 0.5 30 0.4 55 0.9 56 0.3 70 0.7 82 0 
7918 4 0.5 23 0.7 31 0.4 32 0 48 0.6 59 0.7 67 0 71 0.8 93 0.3 
8094 4 0 39 0.3 52 0 57 0.8 76 0.6 
8140 3 0.7 9 0.6 78 1 
8244 21 0.4 
8606 13 0.4 15 0 17 0.8 36 0 58 0.9 59 0 74 0 80 0.5 94 0.7 96 0 
8827 20 0.6 21 0 24 0.8 36 0.9 49 0.8 59 0 65 0 
8917 6 0 10 0 51 0.8 82 0.4 83 0.8 87 0.7 
8947 4 0.6 21 0.6 38 0.3 68 1 71 0 72 1 77 0.5 84 0.5 
9100 49 0 50 0.5 51 0 97 0.9 
9448 59 0.3 76 0.4 
9520 19 0.9 33 1 50 0 69 0.6 82 0.7 
9528 7 0.6 38 0.5 53 0 64 0 66 0.5 95 0.7 
9531 10 0.3 33 0.6 50 0.5 51 0.5 74 0 88 0.3 96 0 
9571 8 1 12 0.5 17 0.8 32 0 34 0 51 0 53 0 71 0.5 
9698 4 0.6 8 0.8 17 0 20 0.6 40 0.7 55 0.6 60 0.5 73 0 75 0.9 
9735 10 0.6 24 0.9 33 0.4 62 0.3 68 0.9 80 0.4 87 1 
9833 93 0.5 
