100
31 10 1 19 0 42 0.6 65 0.8 67 0 71 0 81 0.3 95 0 
42 2 0.3 20 0.8 36 0 61 0.9 73 0.7 76 0.5 78 0 83 1 87 0.4 89 0 
248 4 1 5 0.4 28 0.7 46 0 55 0.4 70 1 82 0.6 93 0.6 95 0.5 
251 52 0 
264 8 0.3 13 0.9 37 0 46 1 60 0.7 74 0 82 0.9 
325 0 1 7 1 48 0.7 68 0.8 75 1 
371 3 1 24 0.9 
438 30 0.7 66 1 85 0.5 91 0.4 
666 25 0.3 26 0.4 45 0.7 50 1 78 0.7 89 0.9 
738 71 0 
748 17 0 19 0.8 52 0.9 58 0.9 74 0.7 84 0.8 93 0.6 97 0.4 99 0.7 
752 6 0.6 11 1 33 0.4 34 0.9 37 1 52 0.5 61 0.8 67 0.5 74 0.9 82 0.5 
758 34 0.3 48 0 60 0.7 
782 76 0.8 86 0.8 
791 3 1 8 0.3 66 0 86 0 88 0 
924 59 0.5 65 0.4 83 0.5 99 0.9 
947 2 0.9 17 0 40 0 44 0.7 66 0.4 69 0 70 0.3 74 0.4 79 0.3 
1193 4 0.5 6 1 18 0 75 0.9 88 0.8 89 0.5 97 0.8 99 1 
1242 17 0.7 25 0.5 28 0.8 33 0 34 0 36 0.5 48 0.9 71 0.9 74 0.8 82 0.6 
1340 7 0 8 0.7 9 0 75 0.8 81 0 86 0 
1388 6 0.5 9 0.5 15 0.5 33 0 81 0.5 82 0 83 1 90 0.6 
1450 8 0.7 11 0.4 46 0.4 48 0 56 0.9 60 0 62 0.5 68 0.4 71 0.3 
1451 15 0 37 1 
1717 3 0.6 25 0.5 68 0.4 
1745 42 0.9 54 0.7 59 0 68 0.4 70 0.7 76 0.6 84 0.5 90 0 
1867 8 0.9 10 0.9 27 0.7 50 0.7 
1993 17 0 39 0.5 53 0 65 0 94 0.7 
2018 35 0 43 0 
2022 93 0.8 
2048 43 0.6 52 1 
2056 70 0 79 0.4 
2063 27 0.4 36 0.8 44 0.8 45 0.7 55 0.6 73 0.7 83 0.9 99 1 
2080 20 0.3 78 0.3 
2194 24 0.7 67 0.5 77 0 97 0.4 
2255 7 0.7 45 0.5 50 1 66 1 68 0.5 69 0.5 92 0.5 
2295 2 0 15 0.9 56 0.7 89 0.3 
2445 3 0 33 0.8 43 1 49 0 62 0.9 65 0 78 0.7 83 0.7 
2633 1 0 67 1 76 0 81 0.5 
2789 19 0 25 0.9 51 0 81 0.5 82 0.4 
2801 7 0 12 1 58 0.5 64 0.5 74 0.5 81 0.7 
2837 27 0 35 0.5 42 0 47 0.9 68 0.9 72 0 73 0.8 
2900 9 0.9 
2914 9 0.6 32 0.8 46 0.3 
3070 49 0 93 0.7 
3206 0 0.5 15 0.5 44 0.9 48 0.4 53 0 75 0.5 76 0.8 77 0.3 
3233 11 0.4 14 0.6 15 1 28 0.7 66 0.3 69 0.7 71 0 78 0 81 1 
3287 12 0.3 24 0.9 96 0.6 
3326 1 0.6 45 0.4 
3479 4 0 15 1 49 0.4 87 0.8 
3496 1 0.4 12 1 28 0.4 74 0.3 89 0.7 93 0 
3733 5 0.6 7 0.7 38 0.9 58 0 78 0.8 84 0.6 88 0.8 
4037 16 0.5 32 0.3 37 0 43 0 72 0.8 81 1 82 0 84 0.5 
4173 3 1 14 0 56 1 67 0.5 80 1 
4435 14 0 20 1 43 0.5 52 0.3 53 0.8 65 0.9 83 0.7 84 0 
4636 4 0.6 43 0 94 0.4 95 0 
4877 33 1 65 0.7 67 0 81 0 92 0.3 
4968 70 0.8 77 0.7 86 0.3 
5070 49 0 50 0.5 56 0.7 77 0.6 
5144 4 0.5 89 0.6 
5153 74 0.9 75 0.6 76 0.9 94 0 98 0 
5369 15 0.3 32 0.4 34 0.5 41 1 71 0.7 72 0.9 
5552 11 0.4 30 0.9 55 0.9 61 0 70 0.5 76 0.9 78 1 90 0 
5563 61 0 70 0.8 
5611 8 0.7 14 0.3 23 0.6 82 0.3 99 0 
5650 79 0.4 
5681 82 0 
5698 0 0.7 30 0.9 37 0.5 38 0.4 41 1 47 0.9 76 0.5 
5793 7 0.9 38 0.7 42 0.7 48 0 56 0.9 
5801 74 0 87 0 
5934 93 0 
6050 18 0.7 23 0.8 52 0.8 60 0.6 81 0.9 90 0.5 94 1 
6063 9 0.8 17 1 30 1 45 0.5 68 0.6 69 0.7 82 0.8 99 0.5 
6190 0 0.6 15 0 47 0 54 0 69 0.4 86 0.8 88 0.3 98 0 
6201 8 0 27 1 
6299 17 0.3 43 0.9 88 0.3 
6579 12 0 20 0.3 30 1 38 0.9 44 1 61 0 63 0.5 87 1 92 0 
6641 7 0 8 0.6 18 0.3 33 0.3 65 0 66 0.3 94 0.5 95 0.8 
6748 82 0 97 0.9 
6930 11 0.3 16 0 82 0 83 0.8 99 0.8 
7026 26 0.7 27 0 42 0.7 47 1 54 0.8 58 0.9 82 0.7 
7134 0 0.8 30 0.4 61 0.8 62 0 71 0.6 80 0.9 
7189 3 0.4 16 1 21 0.4 30 0 59 0.7 97 0.3 
7329 12 0.4 19 0 36 0.9 45 1 60 0 80 1 86 0.9 
7371 33 0.5 42 0.9 50 0.6 55 0 76 0.8 
7437 6 0.8 23 0.3 85 1 
7609 24 0.7 26 0.8 45 1 55 0 74 0.4 77 0.6 
7692 30 0.8 
8082 42 0 51 0.8 69 0.9 73 0.9 
8129 5 0.4 9 0.7 14 0 16 0.6 32 0.6 47 0.4 48 0.6 
8222 15 0 32 0 48 0.6 66 0.5 69 0.9 81 0.6 
8484 12 0 46 0.6 79 0 
8525 5 0 58 0.4 
8546 11 0.8 12 0.7 34 0.8 46 0.3 48 0.5 64 0.5 70 0.9 79 0.8 84 0.3 85 0.3 
8570 3 0.9 35 0 39 0.7 78 0.6 89 0.8 91 0.3 94 1 
8577 4 0.6 12 0 28 0 42 0.4 47 0 67 0.7 75 0.9 84 0.9 90 0.8 93 0.3 
8690 4 0 17 0.9 20 0.4 23 0.3 28 0.7 42 0 68 0.5 70 0.5 93 0 95 0.3 
9011 3 0 6 1 31 0.7 45 1 52 0.7 60 0 61 0.3 87 0.8 99 0.9 
9275 6 0 49 0 53 0 68 0.4 
9351 5 1 6 0.6 16 0 26 0.6 28 0.3 33 0.8 61 0 70 0.6 71 1 91 0.8 
9805 5 1 26 0 38 0.4 44 1 47 0 54 0.7 65 0.4 68 0 84 0 94 0.7 
