100
103 41 1 68 0 73 0.8 90 0.3 91 0 93 0.5 
135 52 0.8 57 0.5 66 0.7 88 0.7 93 0.6 
207 7 0.5 13 0 19 0.6 38 0.4 39 0 68 0.7 81 0 89 0.3 
363 22 0.6 
376 17 0.9 28 0 45 0 82 0.5 
411 38 0.3 45 0 69 0.3 
471 25 0 28 0.4 68 0.4 75 0 82 0.7 85 0.6 88 0 92 0 98 0 
518 90 0 
520 15 0.4 35 0 50 0.4 
771 7 0.5 17 0 50 0.7 68 1 70 0.8 71 0.6 72 0.4 
1033 21 0.9 44 0.5 50 0.7 86 0.5 
1071 8 0.6 9 0.5 17 0.4 33 0.9 64 0.9 72 0 
1120 18 1 25 0 
1178 23 0.6 96 0 
1213 31 1 
1229 20 0.7 30 0.5 40 0.5 43 0.8 45 0.4 61 0.8 84 0.9 90 0.5 
1338 18 0.5 55 0.3 
1464 31 0 96 0.3 
1467 26 0.5 46 0.3 51 0.9 
1676 10 0 38 0.7 46 0.4 47 0.8 48 0 87 0.8 98 0.8 
1787 6 0 13 0.5 51 0 93 0.5 
1895 0 0.7 5 0.3 6 0.3 46 0 50 0 58 0 62 0.5 81 0 94 0.5 
1901 22 0.9 39 0.8 57 0.7 
2109 51 0 86 0.6 88 0 
2134 26 0.7 44 0.8 55 0.5 79 0.7 89 0.6 
2312 6 1 11 0.9 19 0 31 0 95 1 
2368 29 0 36 0.3 45 0.8 77 0 
2443 5 0 19 0.7 22 0.8 23 0.3 55 0.4 66 1 76 0 78 0.5 86 0.5 
2488 50 0.4 55 0.7 87 0.7 
2848 1 0.5 42 0 46 0.8 56 0.3 59 0.7 82 0.9 
2893 6 0 60 0.9 97 0 
2950 2 0.8 7 0.8 11 0 19 0 49 0 57 0 68 0.4 73 0.4 83 0.9 85 0.7 
3052 7 0.8 
3162 4 0.4 25 0 29 0 42 0.4 48 0.9 88 0.9 91 0.6 96 0.7 97 0.9 98 1 
3193 11 0 21 0 34 0 71 0.4 75 0.6 82 0.6 88 0.8 
3588 37 0.8 50 0 77 0.8 
3649 19 0 27 0 35 0.6 41 0 54 0.6 60 0.3 66 0.7 73 0.9 85 0.5 90 0 
3660 3 0 13 0 25 0.7 
3771 17 0 30 0 33 0.4 73 0.8 94 0 95 0 
4028 20 0.3 24 0 38 0.7 63 0 78 0.5 89 0.7 
4075 12 0 87 0.9 89 0 
4232 2 0.7 27 0 29 1 39 0.9 49 0.3 50 0.9 87 0 
4234 15 0.6 16 0.4 19 0 31 0.3 37 0.9 42 0 58 0.7 67 0.6 93 0.4 94 0.5 
4362 33 1 40 0.9 51 1 59 0.3 65 1 69 0 87 0.7 92 0.7 98 1 
4385 42 0.7 68 0.6 
4534 3 0.7 5 0.4 6 1 22 0.7 50 0.7 76 0 85 1 94 0 97 0.6 98 0.3 
4705 9 1 43 0.3 45 0.8 90 0.3 
4706 7 0.3 17 0 25 0.3 29 0 33 0.3 35 0.7 51 0.6 68 0.6 69 1 91 0.7 
4928 10 0.3 32 0 39 0.3 60 0.7 61 0.7 79 0 96 0.6 
5089 1 0.3 5 0 53 0 64 0.8 69 0.5 75 1 84 0.5 85 0.6 
5218 16 0.7 28 0.7 46 0 48 0 51 0.8 64 0.5 70 0 81 0.7 
5462 13 0.8 17 0.7 33 0 37 0.4 48 0.4 53 1 56 0.8 70 0.9 71 0 77 0 
5496 28 0.8 71 0.3 
5522 15 0.3 41 0 53 0.5 59 0.3 60 0.3 64 0.7 90 0 
5700 9 0.6 56 0.6 66 0.3 67 1 73 0 78 0 
5740 13 0.9 15 1 16 0.3 36 0 41 1 57 1 60 0 79 0.6 80 1 87 0 
5907 24 0.3 46 1 47 0.9 52 0.4 63 0.5 70 0.6 78 0 
6030 45 0 
6089 15 0.5 33 1 41 0.8 54 0.9 56 0 73 1 79 0.4 96 0.4 
6235 21 0 51 0 65 0 95 0 98 0.9 99 0.5 
6372 23 0.3 44 0.7 
6543 0 0.4 1 0.5 4 0.6 19 0.5 29 0.9 81 0.6 89 0.8 
6557 16 0.3 
6656 13 0 32 1 44 0.6 72 0.3 83 0.4 84 0.7 
6748 82 1 97 0 
6758 60 0.5 
6854 16 0.7 53 0.8 
7000 1 0.3 5 0.7 30 0.9 38 0.4 46 0.9 78 0.4 91 0.7 
7094 3 0.3 5 0.4 15 0 40 0.5 41 0.6 43 0.5 54 1 67 0.9 80 0 86 0.8 
7145 3 0.6 49 0.9 69 0.4 92 0 
7276 89 0.4 
7365 19 0.8 26 1 44 0 45 0.6 78 0.5 
7549 0 0.4 6 1 22 0.5 56 0 74 0 97 0.7 
7564 39 0 
7665 3 0.8 15 0.3 18 0 36 0.5 39 0.6 
7680 12 0 36 0 54 0.9 67 0.8 72 0.4 76 0.8 77 0.8 82 0.3 91 0.6 99 0.7 
7718 1 0 4 0.9 11 1 20 1 33 1 49 0.4 64 0.6 76 0 80 0.6 84 0 
7752 34 0.9 81 1 95 0 
7813 11 0.8 13 1 70 0 
7914 4 0.8 26 0.4 29 0.6 40 0 47 0.3 56 0 61 0.7 67 0.3 
7927 25 0.6 
8052 35 0.7 
8078 0 0.9 14 0.7 21 0.3 22 0 28 1 31 0.4 38 0.3 49 0.7 53 0 90 0.7 
8305 24 0 89 0.6 
8329 11 0.7 19 0.8 27 0.3 42 0 
8355 27 0.4 42 0.8 81 1 83 0.9 
8523 14 0.5 16 0 56 1 58 0.6 63 0 69 0.5 71 0.7 81 0 
8568 27 0.3 50 0 75 0 
8668 22 0.6 26 0.9 29 0 30 0.4 56 0.9 57 0.7 81 0.8 82 0.8 88 0.9 96 0.5 
8670 10 0.4 19 1 36 0 44 0.6 53 1 62 0 97 0.3 
8740 13 0.7 14 0.7 16 1 22 0.6 24 1 26 0.6 37 1 46 0.4 72 0 90 0 
8830 14 0.5 40 0 61 0 68 1 69 0 71 0.7 77 0 83 0.7 88 0.5 
8940 19 1 20 0.5 33 0.6 46 0.6 48 1 55 0 60 0 77 0.5 79 0 86 0.8 
9122 26 1 29 0.9 39 0.4 41 0.3 46 0 49 0.6 74 0 78 0.4 86 0.6 98 1 
9331 5 1 10 0.9 13 0.5 22 0.4 30 0 32 0 77 0.6 
9701 22 0 32 0.5 39 1 73 0.4 
9821 66 0.3 
9862 9 0.8 45 0.9 73 0.5 
9868 27 0 33 0.4 49 0 51 0 73 0.9 82 0.7 87 1 98 0 
9886 15 0.8 41 0.9 47 0.5 54 1 62 0.3 65 0 78 0.3 
