100
1 69 1 
141 53 0.3 64 0.3 83 1 
276 2 1 5 0 19 0.7 20 0.9 36 0.8 43 0 46 0.9 55 0.5 78 0.7 97 0 
385 38 0 
395 33 0 40 0.5 47 0 58 0.3 66 0.9 67 0.7 99 0.6 
443 49 0.5 54 0 
503 57 0.5 69 1 78 0.7 84 0.4 85 0 
516 6 0.4 13 0.7 25 0.7 61 1 66 1 77 0.4 
534 44 0.7 
604 5 0.5 17 0.6 41 0.5 42 0 48 0.3 49 0 50 0.7 58 0 66 0.5 88 0.7 
758 34 0.8 48 1 60 0.3 
778 4 0.3 28 0.8 34 0.9 37 0 47 0.9 58 1 60 0.7 75 0.5 88 0.6 
1117 18 0 
1131 64 0 
1203 2 0.4 4 0.3 8 1 27 0.3 44 0.4 46 0 50 0.6 62 0.8 95 0.5 97 1 
1307 29 1 97 0.9 
1469 20 0.7 22 0.5 96 0.8 97 0.6 
1528 3 0.9 24 0.4 47 0.6 50 0.3 51 0 55 0.3 73 0.5 85 0.9 
1730 16 0.5 52 1 94 1 
1934 6 0.7 99 0 
2041 3 0.9 23 0 32 0 63 0.9 70 0 
2316 9 0 51 0.7 72 0 81 0.5 86 0.6 88 0 99 0.3 
2497 7 0.8 8 0 20 0 21 0.8 25 0.9 28 0.3 49 0.4 71 0.6 94 0 98 0 
2557 23 1 24 0 33 0 37 0.6 81 0 93 1 
2736 71 0.6 
2790 7 0.8 36 0.8 45 0.6 51 0 55 0 62 0 77 0 84 0 89 0.9 97 0.9 
2907 5 0.9 25 0.7 32 0 45 0 53 0 64 0 76 0.7 96 0.8 
3139 5 0.7 34 0.6 40 0.3 58 1 75 0.7 
3271 2 0 31 0.7 32 0.6 35 0.9 56 0.9 61 0.3 62 0.4 77 0.8 81 0 
3484 25 0.4 30 0.6 37 0.8 63 1 
3553 15 0.6 25 0 29 0 54 0.5 77 0.6 
3950 23 0 34 0.9 46 0.6 56 0 57 0.8 64 0 81 0.3 84 0 
3983 6 0.3 13 0.7 27 0.3 33 0 36 0 42 0.8 63 1 82 0.7 85 0 99 0 
4185 7 0.7 24 0 38 0 46 0.7 54 0.9 70 0.7 90 1 
4295 4 0.6 30 1 52 0 56 0 63 0 75 0.5 79 0.7 81 0 
4500 60 0.6 73 0.5 85 0.4 
4601 8 0.4 29 0.5 32 0.4 43 0 78 0.9 85 0.7 
4686 7 0.4 19 0 32 0.6 46 0.4 51 1 89 0 91 0.8 96 0 
4727 53 0.7 
4737 5 0.8 28 0 43 0.9 78 0.4 
4741 31 0.7 44 0 56 0.7 
4784 13 0.4 51 0.6 75 0.6 85 0 
4866 7 0 19 0 43 0.9 60 0 71 0 93 1 
4936 20 0.6 24 0.6 29 0.8 41 0 45 0.7 59 0.6 60 0.5 75 0.5 
4964 8 0 9 0.9 38 0.8 41 0 42 0.9 61 0.8 78 1 
5014 34 0.3 54 1 66 0.9 84 0 
5105 0 0 6 0 10 0.7 33 0.9 66 0.9 86 0 
5130 48 1 70 1 
5196 10 0.7 59 0 
5539 54 0.4 70 0 75 0 
5680 20 0.5 25 0 26 0.4 31 0.6 36 0 71 0 77 0.8 82 1 
5777 5 0.6 10 0.3 14 0.5 47 1 50 0 52 0.7 62 0.4 86 0.9 88 0.4 
5839 12 0 25 0.5 86 0.6 92 1 
5849 0 0.9 12 0.8 19 0.4 41 0.4 43 0 74 0.6 91 0.4 
5867 93 0.8 
5940 37 0.4 73 0.8 
5982 65 1 
6087 10 0.5 20 0.8 22 0.5 49 0 52 0.9 53 0.8 66 0.7 67 0 92 0 
6212 19 0 62 0.6 91 0.4 
6236 45 0 68 1 96 0 
6356 28 0.9 49 0 80 0.5 
6361 58 0.8 61 1 
6562 27 0 36 0.5 56 0 83 0.7 87 0.7 90 0 91 0.5 95 0 
6580 1 0.9 11 0.6 14 0.6 49 0.8 85 0 86 0.7 88 0 
6716 13 0.9 19 0.9 29 0.8 46 0.7 53 0.7 54 0 58 0.8 71 0.5 81 0.3 85 0.4 
6736 10 0.4 39 0 42 0.4 65 0 76 0.7 90 0 92 0.9 96 0.4 
7024 35 0.4 42 0.9 76 0.8 89 0.6 
7191 15 0.3 16 0.3 53 0 69 0.8 73 0.7 82 0 84 0 89 0 98 0 
7208 25 0 95 0.8 
7226 22 0 46 0.8 60 0 69 0.5 
7309 41 0 83 0.3 
7338 11 0.3 22 0.6 36 0.8 52 1 60 0 64 0.3 71 0 96 0.9 
7488 8 0.9 17 0.4 35 0.3 83 0.9 96 0.8 
7550 31 0 
7636 26 0.5 58 0.8 71 0.5 
7676 34 0.5 50 0.4 53 0.9 55 1 63 0 64 0.8 81 0.8 83 0.5 89 0.3 90 0.8 
7794 0 0.4 2 1 28 0 67 0 93 0 
7815 2 0.3 28 0 
7822 2 0 33 1 42 0.4 64 0.7 
7846 29 0 43 0 52 0.4 85 0.5 
8040 11 0 51 0.3 
8180 24 0.3 38 0 75 0 
8470 56 0.7 59 0.7 70 0.6 83 1 
8487 21 0.5 32 0 85 1 
8581 19 0.9 48 0.9 53 0.7 59 0.6 68 0.7 74 1 
8942 90 0.8 
8966 26 0 38 0.7 50 0.9 55 0.9 59 0 63 0.7 65 0.9 83 0.6 93 0.7 94 0.3 
9075 17 0.3 
9087 12 1 24 0.5 30 0.6 37 0.6 49 0.7 52 0.7 62 0 71 0.7 
9088 8 0 79 0.7 85 0.5 
9113 19 0.5 28 0 34 0.8 43 0 51 0.9 65 0 68 0 85 0.5 91 0.8 
9249 46 0.6 74 0.3 
9259 24 0.7 
9449 37 0.5 99 0.8 
9458 11 0.9 19 0.8 22 0.7 42 0.4 43 0.5 54 0.7 66 0.8 
9529 15 0.3 27 0 42 0.4 44 0.9 58 0 59 0.8 61 0.9 68 0.7 
9594 10 0.4 41 0.6 68 0.9 87 0.8 90 0.3 
9610 18 0.7 25 0 62 0.4 91 0 
9815 7 0.5 8 0 11 0.9 15 0.8 34 0.7 37 0 71 0.3 73 0.8 80 0.6 85 0.3 
9881 26 0.9 39 0.9 62 0.4 80 0 85 0 90 0 
