100
8 11 0.6 29 0.3 41 0.6 78 1 88 0 
67 43 0 92 0.7 
74 19 0.7 45 0.9 52 0 56 0 85 0 
174 15 0.4 20 0 52 0.7 54 0.3 55 0.8 64 0 72 0 81 0.4 91 0.9 94 0.5 
354 8 0.8 78 0.5 82 0.5 83 0.9 85 0 99 0 
472 9 0.5 14 0.5 25 0.3 40 0 
728 7 0.4 42 0.3 
750 6 0.8 28 0.3 40 0.4 64 0.9 90 1 94 0.5 
818 3 0 8 0.5 15 0.8 25 0.5 36 0 65 0.4 74 0.4 77 0 96 1 
859 4 1 22 0.6 75 0 76 0.4 
962 17 0 20 0.7 50 0.9 53 0.7 93 0.4 
1146 18 0.5 43 0.8 55 0.5 81 1 
1151 53 0 
1247 7 0.4 12 0 26 0 43 0.3 54 0.3 70 0.5 72 0 88 0.7 
1276 22 1 53 0.8 56 0.8 93 0.8 
1368 23 0 45 1 61 0.7 80 0 
1392 26 0.3 29 0.3 46 0.8 53 0.4 66 0.9 68 0.4 77 0.8 81 0.5 93 0.5 
1394 7 0.8 13 0.6 15 0.5 41 0.4 54 0.8 64 0.8 84 0.9 
1593 22 0.6 33 0.8 35 0.6 47 0.6 54 0.5 63 0.5 78 0 
1632 4 0 10 0.3 33 0 64 0.9 65 0.5 75 1 80 0.5 
1749 27 0.6 41 0.9 
1838 34 0.7 
1860 11 0.4 12 0.3 13 0.5 19 0.7 21 0.6 57 0.5 74 0.3 95 0.8 
2079 3 0.3 16 0.5 62 1 67 0.8 82 0.7 84 0.4 91 0.4 92 1 93 0.6 
2227 36 0.5 66 0 68 0.3 93 0 
2287 3 0.6 9 0.4 15 0 71 0.9 
2544 69 0.7 
2605 18 0.9 70 0.7 95 0.7 
2680 1 0.8 8 0.8 12 0.3 32 0 55 0 65 0 86 0 90 0.7 97 0.3 
2714 5 0.6 56 0 
2753 13 0 20 0 35 0 47 0 52 0.9 56 0 59 0.4 61 0 78 0 84 0.8 
2775 2 0 21 0.6 22 0.5 32 0.5 40 0.5 50 0.9 64 0.6 75 1 91 0.8 
2778 2 0.4 5 0 8 0.5 22 0.5 29 0 52 0.3 73 0 92 0.6 
2940 6 0.3 15 0.5 35 0 65 0 74 0.5 79 0.5 80 0.5 89 0.8 92 0.6 
3095 41 0.7 
3244 9 0.7 27 0.4 45 0.5 79 0 87 0.8 90 0 
3291 19 0.8 48 0.8 61 0.9 65 0.9 75 0.7 84 0.4 87 1 99 0 
3335 2 0.6 
3499 32 0.7 44 1 69 1 70 0 
3588 37 0.8 50 0.7 77 1 
3768 10 0.6 17 0 19 0 26 1 44 0.6 48 0.8 59 0 99 0.7 
3794 5 0 17 0 43 0.9 69 0.6 72 0.5 
3944 41 0.9 50 0 51 0.7 82 0.4 94 0 
3996 35 1 39 0.3 43 0.9 78 1 85 0.8 
4020 9 0 25 0.3 43 0.4 75 0.6 83 0.4 94 0 
4167 13 0.7 14 0 18 0 21 0 25 0.3 29 0.8 49 0.8 57 0.6 90 0.8 
4207 0 0.9 1 0 28 0.6 38 0.9 43 0.9 63 0.5 71 0.4 77 0.5 80 0.4 99 0.9 
4302 42 0.8 
4634 5 0 18 0.4 24 1 25 0.5 30 0.4 55 0 67 0.7 85 0.9 95 0.6 
4889 9 0 36 0.6 90 0 99 0.3 
4994 29 0.5 
5010 1 0.7 21 0.3 22 0.3 25 0.7 30 0.3 83 0.7 91 0.4 95 0.3 96 0.5 
5020 13 0 54 0.8 
5076 2 0 11 1 39 0.8 58 0.8 64 0.5 83 0.3 90 0.6 
5224 10 0.7 
5273 5 1 38 0.5 41 0 48 0.7 65 0.6 72 0.7 92 0.3 
5325 11 0 47 0.4 49 0.3 63 0 
5502 41 0.6 52 0.4 76 0.5 77 0 83 0.4 
5534 0 0.8 20 0.8 24 0 31 1 42 0.8 49 1 56 0.5 65 0.9 
5633 17 0.7 64 1 72 0.8 81 0.5 86 0.8 
5681 82 0.4 
5880 6 0 35 0.8 48 0.4 50 0.6 97 0.7 
5941 5 1 25 0.3 68 0.5 69 0 77 0.6 
6070 0 0.8 24 0 32 0.5 33 1 43 0 48 0 82 1 99 1 
6086 14 0 35 0.7 40 0 60 0.5 
6117 59 0.5 
6429 3 0.9 
6440 22 0.7 36 0.3 70 0.8 83 0 
6594 33 0.8 
6715 6 0.6 13 0.3 22 0.8 41 0.7 45 1 46 0 47 0.6 57 0.5 79 0.7 93 0 
6742 71 1 
6837 8 0 35 0 58 0.5 74 0 
6886 22 0 30 0 49 0.5 85 0.4 90 0.6 
6901 0 0 6 0.9 8 1 12 0.6 50 0.5 56 0 57 0.6 78 0.5 88 0 
7035 30 0 41 0 42 1 50 0 61 0 67 0.6 70 0.7 76 0.6 79 0.4 96 0.9 
7214 27 0.7 83 0 
7221 14 0.9 21 0.9 26 0.5 43 0.4 44 0 46 0 49 1 55 0 82 0.6 
7293 27 0.9 32 0.4 34 0.7 37 0.7 40 0.7 60 0.9 69 0 70 0 96 0.3 
7346 17 0.9 47 0.8 52 0 59 0 86 0.6 
7392 9 0.7 12 0.5 20 0.8 29 0.7 39 0.9 52 1 78 0.5 80 0 91 0.7 
7652 0 0.9 7 0.8 14 0 18 0.8 26 0.4 30 1 38 0.6 55 0.9 58 0.4 82 0.3 
7960 0 0 8 0.9 11 0 27 0.6 34 1 51 0.3 
7994 42 1 52 0 80 0.3 85 0.3 
8259 21 0 74 1 92 1 96 1 
8431 60 0 
8526 10 0.3 11 0.4 34 0.4 36 0.6 59 0.7 85 0 93 1 
8551 5 0 16 0.4 32 0.5 35 0 80 0.4 94 0.3 98 0.6 
8575 38 0 58 0.3 73 0.7 
8578 3 0.3 8 0.8 10 0.4 15 0.3 46 1 48 0.3 61 0 63 0 75 0 76 0.6 
8668 22 0.8 26 0 29 0 30 1 56 0.5 57 0.9 81 0.8 82 0.3 88 0 96 0.8 
8687 6 0.7 50 0.6 58 0.6 71 1 90 0 
8768 12 0.9 54 0.5 55 0.4 71 0.9 
8977 16 0.3 46 1 47 0.5 55 0.4 59 1 64 0.5 76 0.3 78 0.9 94 1 
9257 3 1 27 0 36 0.3 40 0.9 45 0.8 64 1 88 0 
9389 0 0 37 0.7 41 0 58 0.6 63 0.7 69 0.4 84 1 
9438 2 0.8 14 0.4 28 0.6 29 0.7 34 0.4 38 0.3 69 1 99 0.6 
9454 7 1 8 0.7 12 0.4 20 0.4 29 0.8 49 0.3 50 0.9 59 0 95 0.6 
9459 9 1 15 0 21 0 40 0 63 0.9 64 0 79 0 
9589 13 0.3 23 0.8 50 1 51 0.6 54 0 72 0.6 85 0.4 89 0 
9838 7 0.3 28 0 30 0.5 63 0.6 75 1 86 1 91 0.7 
