100
5 18 0.5 43 0 57 0.9 83 0 95 0.8 96 0 98 0.6 
37 15 0.3 19 0 
352 4 0 16 0 24 0.7 35 0.8 38 0 40 0.4 41 1 58 0.7 92 0.5 
434 16 0.7 19 0.9 26 0 53 0.5 70 0 71 0.6 74 0.7 87 0.9 94 0 
500 0 0.5 16 0.7 28 0.5 35 0.7 51 0.8 74 0.7 90 0.5 95 0 98 0.4 
727 18 0.3 20 0.8 27 0.7 34 0.3 82 0 91 0.5 95 0.3 99 0.9 
809 21 0.9 22 0.7 28 0.4 39 0.8 56 0.7 61 0.6 67 0 85 1 96 0 
830 9 0.7 45 0 46 0.6 51 0.5 62 0.4 67 0.8 90 0 91 0.4 94 0.5 95 0 
838 2 0.5 21 0.3 45 0 46 0 50 1 66 1 
1009 69 0 
1026 11 0.3 17 0.3 21 0.6 42 0 51 0.8 66 0.3 88 0.9 90 0.6 
1057 16 0.3 33 0.4 35 0.4 37 0.4 40 0 49 0.5 50 0.8 59 0 76 1 99 0.8 
1183 29 0.4 42 0.4 
1233 28 0 90 0.3 
1399 11 1 28 0 39 0 49 0.6 50 0.7 65 0.8 67 1 
1403 8 0.5 16 0.4 22 0.8 23 0 36 0 54 0.5 57 1 67 0.9 77 0 
1559 3 1 18 0 55 0 64 0 65 0.6 69 1 75 0.9 92 1 93 0.5 94 0 
1665 30 0.3 45 0.3 50 0 87 0.5 89 0 
1667 2 0.3 9 0.9 58 0.8 70 0.4 83 0.7 98 0.8 
1734 32 0.4 72 0.9 
1776 3 0 47 1 54 0 62 0.4 68 0.3 70 0 89 0 
1830 9 0.4 18 1 30 1 44 0.8 73 0.4 93 0 
1854 24 0.7 31 1 40 0.7 43 0.4 44 0.3 57 0.4 62 0.8 72 0.6 74 0.8 
1895 0 0.9 5 0 6 0.9 46 0 50 1 58 0 62 0.7 81 1 94 0.8 
1916 22 0 94 0.5 
1968 2 0.4 20 0.5 26 0.4 56 0 57 0 72 0 78 0.7 83 1 
2072 22 0 37 0 42 0.6 87 0.8 
2131 61 0.7 72 0.9 73 0 78 0 96 0 
2220 2 0.7 5 0.7 7 1 13 0.8 24 0.6 36 0.4 83 0.6 
2360 2 0.5 7 0.5 18 0.6 52 0 71 0.3 74 0.9 85 0.3 94 0.7 
2381 8 0 21 0 23 0.3 38 0.8 55 0.5 56 0 74 0 80 0.9 84 0.7 
2471 13 0.5 22 0.7 24 0.9 62 0 77 0.8 88 0.6 94 0.8 
2593 21 0.7 53 0 67 0.4 
2604 58 0.4 66 0.6 97 0.3 
2636 11 0.9 62 0 63 0 69 0.4 76 0.5 84 0.4 
2645 64 0.7 
2716 9 0.9 13 0.3 20 0 28 0 42 0.9 48 0 61 0.4 70 0 75 0.7 80 0.4 
2750 93 0.6 
2797 14 0.9 79 0.5 
3014 4 0.3 26 0.8 28 0.4 33 0.7 73 0 74 0.9 
3181 37 0 65 0 78 1 
3218 4 0.4 37 0 38 0.5 50 1 74 1 93 0.7 
3295 4 0 26 0.8 29 0.4 37 0 45 0.5 48 0.7 54 0.4 72 0.4 83 0.5 
3374 12 0 20 0.6 30 0.6 36 0 
3491 27 0.8 28 0.8 34 1 42 0.8 53 0 62 0 63 0.3 89 1 92 0.8 96 0 
3541 72 0 86 0 
3642 74 0.4 
3779 39 1 79 0.5 
3819 9 0.3 12 0 22 0.8 24 0.9 26 0.7 28 0 36 0.4 56 0.5 60 0 90 0.9 
3926 7 0.4 34 0.7 36 0.3 58 0.5 62 0.9 67 0.6 68 0.3 77 0.6 
4004 38 0 
4025 11 0.6 22 0.7 49 0 95 0.7 
4078 28 1 32 1 57 0.3 96 0.9 
4093 21 0 30 0.7 31 0 74 0.4 92 0 
4461 0 0.5 5 0 25 0.7 85 0.6 87 1 91 1 
4477 0 0 4 0 37 1 56 1 65 0.5 66 0.9 87 0.4 89 0.5 91 0 97 0 
4528 13 0 22 1 36 0.7 43 0 44 0 51 0.6 52 0.7 65 0.7 97 0.9 98 0.4 
4548 30 0.7 71 0.8 99 0 
4641 3 0.4 25 0.7 38 0.4 45 0.8 59 0.7 61 0.7 69 0.5 70 0.9 80 0.5 84 0 
4740 3 0.6 9 0.9 16 0 22 0 40 0.4 41 0.6 50 0 61 0.9 73 1 81 0.6 
4850 11 0.9 36 0.9 47 0.5 61 0 74 0.7 76 0.7 81 0.8 90 0.3 95 0.6 96 0.9 
4876 22 0.8 26 0.3 29 0 42 1 64 0.9 73 0.3 93 1 95 0.6 
4890 5 0.8 29 0.6 46 0 55 0.6 
5066 75 1 
5085 13 0.6 18 0.6 28 0.9 29 0.3 49 0.5 52 0 54 0.6 58 0 
5094 0 0.6 45 0.9 46 0.4 
5467 1 0 4 0.9 7 0 40 0 43 0.7 48 0.9 71 0.4 83 1 86 0.4 92 0.8 
5498 7 0 14 0.3 33 1 36 0 96 0 
5527 60 0.4 72 0.3 
5709 7 0 9 1 70 0 
5941 5 0.7 25 0 68 0.8 69 0.3 77 0 
6156 28 0 32 1 33 0.9 58 0.9 78 0 89 0.9 93 0 
6215 3 0.3 8 0.7 21 0.6 27 0.4 38 0 45 0.5 61 0.8 67 0.3 93 0.3 
6272 25 0 31 0.9 46 0.7 
6313 0 0.5 2 0 25 0.3 52 0 66 0.3 83 0.5 88 0.7 95 0 
6443 47 0.5 79 0.9 92 0.4 
6481 37 0.5 45 0 56 0.9 64 0.8 90 0 93 0.4 
6662 21 0.7 35 0 36 0 
6665 1 0.7 51 0.4 54 0.9 60 1 
6736 10 0.3 39 0 42 0.9 65 0 76 0.4 90 0 92 1 96 0 
7091 5 0 6 0.7 15 0 24 0 25 0 26 0 31 0.9 52 1 83 1 
7202 86 0.5 
7451 6 0 16 0.7 41 0 52 0 59 0.9 80 0 88 1 
7492 40 0.9 43 0 53 0.5 55 0.5 73 0.8 
7704 0 0.9 10 0 37 0 95 0.8 
7881 8 0.6 11 1 20 0 42 0.9 75 1 76 0.8 89 0.8 93 1 
8020 14 1 41 0.8 43 0 44 0 58 0.5 86 0.9 92 0.9 96 0.3 
8168 7 1 42 0.4 84 0 90 0.3 96 0 
8299 23 0 24 1 35 0 51 0.9 54 0.4 55 0.6 57 1 77 0 84 0 96 0.6 
8661 6 0.3 16 0.8 61 1 86 0.9 94 0.7 
8778 20 0.7 22 0.3 25 0.3 31 0.7 34 0.8 54 0.3 59 0 72 0.7 
8837 2 0.5 
8898 27 0 
8989 48 0 67 0.6 69 0.3 88 0 89 0.4 
8999 13 0.5 48 0.9 63 0.5 79 1 
9426 38 0.9 71 0.3 82 0.8 98 0.6 
9534 81 0 89 0.8 98 0.4 
9824 5 0.4 12 1 17 0.9 28 0 30 0 62 1 74 0.6 80 0.7 83 0.9 94 0.7 
9830 23 0.3 30 1 47 0.7 55 0 64 0.5 79 0 89 0.5 93 0.3 
9976 2 0 9 0.7 30 0.5 31 0.9 36 0 37 0.7 57 0.4 58 1 60 0.5 76 0.7 
