100
212 20 1 22 0 90 1 93 0 
278 40 0.8 68 0.9 
318 4 0 28 0 69 0 77 0.7 96 0.9 
438 30 0.6 66 0.8 85 0.9 91 0.8 
448 18 0.5 20 0.8 23 0.3 33 0.7 40 1 67 0 82 0.3 
501 28 0.4 
542 9 0.6 18 0.5 33 1 36 0.7 39 0.5 47 0.5 65 0.8 71 0.9 75 0.4 91 0.4 
735 46 0.3 83 1 98 0.4 
748 17 0.5 19 0 52 0.3 58 0.6 74 0.9 84 0.9 93 0 97 0.6 99 0 
889 11 0.7 17 0 23 0 46 0.4 52 0.6 80 0.8 82 0.4 98 0.7 99 0.4 
897 15 0.8 17 0 20 0.9 61 0.8 68 0.6 86 0.8 95 0.7 99 0.5 
1162 9 0.7 20 1 28 0 39 1 53 0 62 0.7 95 0 
1328 2 1 7 0 13 1 36 0.4 38 0 40 0.4 55 0.8 63 1 71 0.5 91 0 
1330 24 0.3 48 0.6 52 0.3 60 0.4 62 0.5 
1346 8 0 15 0.3 46 0.4 50 0.4 58 0 99 0 
1495 65 1 75 0.9 
1559 3 0.8 18 0 55 0 64 0.6 65 1 69 0.4 75 0 92 0 93 0.9 94 0.8 
1730 16 0.4 52 0.4 94 0.9 
1846 22 0.8 24 0.9 63 0 
1898 26 1 60 0.9 62 0.6 67 0.4 69 0.8 76 0.7 78 0.5 79 0.7 84 0.9 
1953 1 0 5 0.5 14 0 24 0.3 62 0 64 0 87 0.3 
2032 17 0.3 61 0 94 0 
2134 26 1 44 0 55 0 79 0.8 89 0 
2534 25 0.3 26 0.4 37 0.6 38 0 43 0.8 67 0.6 79 0.3 86 0.4 89 1 
2944 7 0 44 0.7 48 0.4 75 1 79 0.8 
2973 23 0.8 31 0 38 0.8 49 0 
3105 10 0.7 29 0 36 0 94 0 
3142 11 0.5 21 0.7 41 0.5 84 0.9 
3226 1 0.3 31 0 53 0 64 0.5 69 0.9 
3266 42 0 52 0.9 67 0.4 72 0.7 74 0.3 75 0.7 97 0.5 
3278 41 0.8 
3336 38 1 89 0.5 
3411 12 0.9 26 0 38 0.8 47 0.9 55 0.4 69 1 84 0.6 88 0 
3725 28 0.9 29 0.7 30 0.9 34 0.6 38 0.5 41 0.6 49 0.6 67 1 94 0.8 
3789 36 0.5 72 0.4 
3880 0 0.3 33 0.4 56 0 60 0.6 85 0.6 93 0 95 0.8 
3898 1 0.5 53 0.3 57 0.7 
3937 31 0 97 0.9 
3967 1 0.7 11 0 15 0 23 0.9 47 0 54 0.6 60 0.8 65 0.5 99 0.6 
4049 52 0.6 85 0 88 0.4 
4187 40 0.5 
4211 24 0 35 0.5 38 0.7 39 0.4 51 1 58 0 70 0.9 87 0.7 95 0.7 
4452 98 0.3 
4520 9 0.3 15 0.6 20 0.4 25 1 26 0 47 0.9 48 0.8 80 0.9 97 0.4 
4772 17 0.5 37 0 38 0.3 57 0 
4839 7 0.8 43 0.6 54 1 63 0.4 70 0 78 0.6 91 0.9 99 0.9 
4854 7 0.3 27 0 48 0.8 55 1 77 1 95 0.3 97 0 
4953 21 0.7 35 0.5 49 0.4 53 1 90 1 
4968 70 0 77 0.7 86 0.7 
5045 4 1 14 0.5 23 0.9 25 0 45 0 63 0.4 70 0.3 87 0 
5052 0 0.4 21 0.8 35 0 46 0 47 0.5 54 0.4 74 0.4 95 0 97 0.9 
5146 18 1 37 0 40 0.6 41 0 61 0.7 
5193 9 0.6 15 0.7 35 0.5 40 0.8 46 1 51 0.8 56 0 70 0.7 76 0.8 85 0 
5205 52 0.3 59 0.7 61 0 
5228 0 0.5 17 0 25 1 40 0.8 45 0.5 77 0.3 92 1 
5309 2 0.4 6 1 13 0 22 0 27 0.4 55 0 89 0.7 94 0.5 
5357 13 0.8 16 0 24 0.3 42 0.3 52 0.4 58 0 66 0.6 72 0.3 93 1 
5470 6 0.5 14 0 17 0 22 0.3 32 0 40 0.3 51 0 61 0.5 79 0.9 
5733 4 0.3 20 0 24 1 54 0 93 0.4 97 0.6 
5736 4 0.6 28 0.9 39 0.6 57 0.4 70 0.7 84 0.8 87 0 96 0 
5829 32 0 60 0.5 74 0.6 85 0.3 
5885 26 0.3 55 0 
5965 45 0.8 75 0.4 88 0.5 94 0.6 
6072 8 0.8 26 0.4 44 1 45 0.3 68 0.5 71 0.9 73 0.9 86 0.7 97 0 
6251 11 0.6 47 0.3 60 0.3 
6368 21 0.9 24 0.8 58 0.5 
6383 9 0.7 14 0.9 18 0.8 24 0.3 30 0 38 0.4 53 0.6 54 0 72 0.3 91 0.3 
6432 31 0.6 82 0.8 
6497 13 0.9 28 0.5 29 0.6 46 0 50 0.6 61 0 74 0.8 
6532 6 1 38 0.4 62 0 69 0.9 70 0.4 71 0.9 76 0.6 80 0 84 1 
6760 18 0 98 0.5 
6800 50 0 59 0 60 0.9 62 0 96 0.5 
7033 23 1 24 0 34 0.8 41 0.5 71 0 83 0.3 
7201 27 0.6 
7325 0 0.3 34 0.7 35 0.5 41 0.9 45 0.5 46 0.3 59 1 84 0.3 98 0.4 
7854 6 0.7 7 0.5 
7974 14 0.9 27 0.4 35 0 37 0.9 43 0 64 0.7 68 0 71 0.9 
8041 0 0.4 43 0.5 59 0 81 0.8 84 0.5 
8070 5 0.6 9 0.4 14 0.8 16 0.8 49 0.8 51 0.6 60 0.9 62 0.9 90 0.9 
8107 60 0 
8185 44 0.8 47 0.4 56 0 98 0.3 
8606 13 0.5 15 0.9 17 0 36 0.3 58 0.9 59 0.4 74 0 80 0.9 94 0.4 96 0 
8623 0 0.3 20 0.8 21 0.6 40 0.9 50 1 56 0.9 65 0 66 0.5 89 1 
8662 0 0 16 0 35 0.5 65 0.6 72 0.4 78 0.9 98 0.8 
8754 18 0.6 27 0 32 0.8 33 0 57 0 72 0.7 
8800 3 0 23 0.9 59 1 65 0.6 76 0.5 82 0.5 83 0 95 0 
8880 16 1 17 0 28 0.7 34 0.7 57 0.8 70 0 71 0.6 82 0.9 97 0 99 0.4 
9072 3 0.9 12 0.6 15 1 21 0.9 27 0.5 60 0 64 0.5 73 0.6 81 0.5 
9100 49 0 50 0 51 0.3 97 0.3 
9248 11 0.9 20 0.9 22 0 32 0.7 55 0.5 59 0.9 67 0.8 
9287 0 1 2 0.5 52 0 56 0.9 58 0 61 0 86 0.3 93 0 
9371 8 0.8 37 0.3 61 0 
9374 14 0.8 67 0.6 
9433 43 1 
9515 5 0.3 14 0 19 1 22 0.6 37 0.7 59 0.3 61 0.3 69 0 79 0 
9539 5 0 21 0 48 0.3 62 0.6 65 1 69 0.7 
9702 11 0.5 18 0.6 43 0.3 78 0 
9705 0 0 29 0.5 42 0 45 0.8 61 0 65 0.4 78 0 
9761 4 0.3 22 0 28 0.9 40 0.3 63 0 66 0 
9882 35 0.8 40 0.4 42 0.8 67 0 68 0.5 72 0.4 93 0.6 
