100
5 18 1 43 0 57 0.8 83 0.8 95 0.6 96 0.5 98 0.7 
128 70 0 75 0.5 93 0.8 
214 17 0.6 77 0 94 1 
413 2 0.5 7 1 34 0.8 
437 2 0.6 6 0.7 19 0 
551 5 1 7 0.4 11 0.6 15 0.6 24 0 26 0.7 29 0.6 55 1 64 0 76 1 
580 6 0.5 16 0 35 0 37 0.9 55 0 67 0.4 89 0.8 93 0 
722 0 0 5 0.8 6 0 7 0.9 28 0.4 31 0.7 34 0 53 0.3 54 0.6 
900 30 0.7 43 0 81 0.7 
1113 1 0.8 16 0 29 0 49 0.4 64 0 68 0.3 71 0.6 82 0.6 
1429 24 0.9 27 0.6 42 0.3 51 0.3 91 0.5 
1456 2 0.3 31 0.3 37 0.4 
1493 9 0.8 11 0.4 16 0.5 28 0.4 40 0.7 81 0.9 86 0.5 
1512 0 0.8 13 0.4 42 0.4 74 0.4 75 0.8 83 0.8 85 0.6 
1565 26 0.6 54 0.4 61 0 
1681 11 0 18 0 35 0.3 72 0.9 80 0.5 83 1 84 0 98 0.5 
1788 6 0.3 21 0 23 0.4 34 0.4 52 1 73 0.7 76 0.7 77 0.8 83 0.6 
1848 10 0 13 0.7 31 0.9 42 0 45 0.5 54 0.9 55 0 76 0 96 0.4 
1940 6 0.4 17 0 40 0.8 63 0 90 0.3 98 0.9 
1998 15 0.9 
2168 6 0.6 15 0.6 32 0.3 52 0 65 0.4 
2184 11 0.7 28 0.5 80 1 
2201 16 0.4 20 0.4 38 0.4 41 0.3 44 0.4 56 0.8 71 0 82 0.8 87 0 
2224 6 0.9 23 1 32 1 34 0 53 0 60 0.3 81 0 97 0.4 
2306 10 0 17 0.6 28 0.7 42 0.4 52 0 58 0.3 70 0 81 0.4 
2333 1 0 35 0.6 78 0 84 0.6 
2345 8 1 26 0.7 39 0.6 62 0 75 0 83 0.8 96 0 98 0 99 0 
2351 48 0.5 
2488 50 0 55 0.3 87 0.3 
2534 25 0.8 26 0.6 37 0.4 38 0.5 43 0 67 0.4 79 0 86 0 89 0.3 
2548 15 0 55 0.5 60 0 72 1 82 0 93 0.4 99 0 
2569 0 0 5 0.8 11 0 40 0.7 62 1 68 0 69 0 95 0.5 
2644 2 0.7 4 0 26 0.3 50 0.5 51 0.6 58 0 69 0.3 73 0.7 86 0.4 93 0 
2735 65 1 
2773 11 0.3 12 1 44 0.3 47 0.7 52 0.9 56 0 61 0 73 0.4 74 0.9 93 0.7 
2985 4 0.7 5 0 18 0 23 0.6 27 0.9 57 0.9 69 0.4 86 0 96 0.3 97 0.9 
2988 84 1 
3089 15 0 71 0.7 91 0.8 
3118 35 0 93 0 
3137 73 0.6 
3172 20 0.4 24 0.8 
3275 1 0.6 31 0.6 
3576 66 1 70 0.8 
3757 14 0 21 0.7 27 0 30 0.9 58 1 67 0 69 0 88 0 89 0.9 
3964 3 0 10 0.5 28 0 34 0.9 41 0 62 0 
4190 7 0.9 22 0 26 0 51 1 55 0 84 0.9 98 0.8 
4261 0 0.6 11 0.7 22 0.9 38 0.3 74 0.9 77 0 
4391 83 0.5 94 1 96 0.3 
4556 1 0.5 4 0.8 67 0.4 69 0.8 
4653 52 0.5 57 0.5 70 0.3 
4696 15 0.6 82 0.9 83 0.7 
4724 26 0.8 28 0.9 31 0.8 62 0.4 65 0.6 95 0 
4846 62 0.4 
4914 8 0.4 78 1 88 1 
4941 27 0 36 0 
5254 19 0.3 22 0 26 0.9 92 0.3 96 0.8 
5299 20 0 61 0.8 
5500 0 0.7 20 0.4 23 1 29 0.3 35 0.3 46 0.6 77 0.5 99 1 
5671 12 0 40 0.5 50 0.5 57 1 93 0 
5826 42 0.9 50 0.5 64 0 75 0.8 82 1 
5859 18 0.5 37 0.3 49 0 69 0.4 
5929 4 1 17 0 18 0 36 0.3 52 0 57 1 62 0.3 79 0 87 0 90 0.4 
6095 16 0 40 0.4 44 0 81 0.4 83 0 99 0 
6322 29 0.7 31 0.4 34 1 35 0.7 44 0 69 0 71 0.6 94 0 
6694 46 0 49 0 70 0.8 78 0.6 
6702 4 0 23 0.7 
6743 27 0.7 40 0 42 0 49 0 79 0.7 89 0.9 90 0.9 
6863 19 0.4 46 0 76 0.4 84 0.8 
6969 35 1 44 0.8 85 0 86 0 92 0 
6989 24 0 28 0.3 32 0.8 47 0.6 55 0.3 86 0.7 89 0.9 
7008 63 0.8 85 0.8 
7112 0 0.7 3 0.4 67 0.9 79 0.5 90 0.4 
7340 22 1 42 0 69 1 71 0.8 75 0.7 78 0 89 0.8 
7410 17 1 19 0.5 22 0 25 0.6 62 0.9 63 0 67 0 91 0 95 1 
7524 14 0.9 
7553 17 0.4 18 0.5 27 0 62 0.6 99 0.4 
7727 0 0.7 21 0.5 46 0 51 0.3 93 0.9 
7757 2 0.5 5 0.6 10 0.7 25 1 73 1 
7965 10 0.3 25 0 29 0.5 34 0 36 0 46 0.6 71 0.7 81 0 96 0.4 
8162 30 0.8 68 0.9 
8373 34 0 48 1 49 0 50 1 56 0.5 70 0 72 0.5 92 0.6 96 0.4 97 0 
8598 14 0.5 24 1 25 0 31 0.8 38 0.7 51 1 64 0.3 68 0.8 82 1 89 0 
8724 16 0 62 0.4 94 0.8 
8764 26 0.9 51 0 
8844 6 0.9 39 0 
8911 83 0 
8983 6 0.8 9 0.6 10 0.3 18 1 26 0 42 0.5 53 1 63 0 66 0.7 98 0.5 
8991 14 0 25 0.3 34 0 51 0.4 56 0 75 0.8 84 0.7 
9303 2 1 7 0 10 0.9 15 0.9 17 0.7 25 0.5 26 1 39 0.9 54 0 85 0.7 
9411 0 0.9 1 0.9 19 0.4 27 1 44 0 89 0 96 0.9 97 0 
9475 70 0.8 
9505 99 0.8 
9579 11 1 13 0.5 16 0 31 0.9 33 0.8 40 0.7 65 0.9 69 1 83 1 91 0.6 
9621 3 0.8 32 0.5 41 0.4 61 0.3 
9679 15 0.6 41 0 62 0.9 
9851 3 0.5 18 0.5 23 0.3 32 0.4 39 0 63 1 73 0 93 0.3 
9876 19 0.4 21 0.4 24 0.9 44 0 52 0 56 0 73 0.9 82 1 83 0 87 0.8 
9892 0 0 59 0.4 71 1 90 0.3 
9942 41 0.5 81 0.6 
9997 12 0 17 0.4 34 0 53 0 54 0 97 0 
