100
105 29 0.7 36 0 55 0.4 56 0.4 78 0.6 81 0.9 82 0.9 87 0.5 92 0 95 0 
152 98 0 
317 39 0 
483 28 0 54 0.8 57 0.5 72 0.4 77 0.9 86 1 90 0.4 97 0.7 
540 4 0.6 5 1 27 0.9 34 0.8 45 1 87 0.5 92 0.7 93 0 94 0.7 99 1 
559 19 0.5 51 0.3 57 0.8 70 1 74 1 83 0.6 84 0 
628 11 0.5 45 0.3 61 0.7 65 0.6 
898 0 1 45 0 82 0.4 
949 0 0.8 6 0.3 7 0 17 0.8 35 0.8 50 0.8 52 0 77 0.7 79 0.9 81 0.9 
966 10 0.4 13 0.6 30 0 56 0.8 74 0.5 80 0.3 81 0.6 90 0.7 
1005 1 0.4 22 0.5 29 0.8 31 0.4 44 0.8 51 0 58 0 66 0 74 0.7 90 0.5 
1071 8 0 9 0 17 0.9 33 0.6 64 1 72 0 
1227 68 0.6 98 0 
1372 48 0.5 55 0.3 87 0.6 89 0.3 98 1 
1528 3 0 24 0.6 47 0 50 0 51 0.4 55 0 73 0.3 85 0 
1570 21 0.5 88 0 
1761 43 0 58 0.7 83 0 93 0 
2171 22 0.9 42 0.4 53 0.4 68 0.6 
2244 9 0 29 0.4 40 0 68 0.8 76 0.7 91 0.6 92 0.5 
2261 18 0.8 35 0.5 43 1 45 0.6 81 0.5 
2318 3 0.9 25 0.3 26 0 38 1 44 0.4 51 0.6 73 0 79 0.8 90 0.3 
2335 64 0 
2344 15 0.6 20 0.6 37 0.9 40 0.3 59 1 72 0 79 0 85 0 
2346 17 0.6 21 0.5 26 0.3 31 0.6 68 0.7 70 0.7 79 0.7 99 0.5 
2476 89 0.6 
2539 12 1 13 0 19 0.6 22 0 93 0.5 97 0 
2610 1 0.7 8 0 40 0.6 44 0.7 51 0.4 80 0.5 86 0 
2641 31 0.3 38 0.6 44 0.9 61 0.9 71 0.9 
2762 3 1 61 0.5 70 0 76 0.3 98 0 
2820 41 1 84 0.3 
2890 14 0 28 0.4 30 0.4 40 0 72 0.4 88 0.8 
2942 34 0 64 0.5 
3275 1 0 31 0.6 
3326 1 0 45 1 
3434 14 0.5 
3449 43 0.3 53 0 59 0.8 73 0 
3493 1 0 15 0.4 33 0 37 0 42 0.4 50 0 71 0.6 
3548 4 0.7 26 0.3 39 0 59 0 96 0.3 
3572 3 0.9 4 0.7 9 0.3 54 0 68 0.5 69 0.4 83 0.3 84 0.8 88 0.3 
3603 17 0.8 20 0.6 35 0.8 47 0.7 49 0.4 80 0.4 87 0.7 
3647 7 0.3 45 0.7 55 0.3 91 1 
3987 4 0 10 0 12 1 40 0.5 46 0.9 83 0.8 96 0 
4003 3 0.6 21 0 28 0.8 33 0.8 34 0.5 
4360 1 0.3 22 1 23 0 46 0.6 55 0.6 69 1 73 0.5 96 0.7 
4366 11 0.4 64 0.8 73 0 
4649 6 0.9 10 1 30 0 46 1 69 0.8 83 0 
4759 5 0.9 19 0 28 0 40 1 43 0.9 51 0.4 55 0.5 
4791 31 0 33 0.9 52 0.3 66 1 67 0 
4873 40 0.4 42 1 73 0.3 74 0 75 0 96 0 
5238 1 0 2 0.5 5 0.4 65 0 
5282 85 0.9 
5331 16 0.3 19 0 24 0.9 42 0.7 68 0.4 74 0 77 0.7 86 0.8 91 0 
5383 9 1 13 0 14 0.5 32 0 
5452 27 0.4 77 0.3 87 1 
5644 6 0 14 0.3 32 1 35 1 41 0.4 44 0.5 
5690 7 0.3 47 0 
5808 12 0.3 19 1 22 0 35 0.3 49 0 68 0.8 72 0.4 86 0 
5868 0 0.3 2 0.3 16 0.5 47 0 52 0.4 62 1 77 0 99 0.5 
5986 36 0.9 
6108 56 0.5 73 0 75 0.4 
6164 1 0.8 4 0.4 7 0 32 0.5 50 0.9 
6200 49 0.6 66 0.3 
6301 0 0 46 0.9 58 0.3 59 0.6 61 0.6 65 0.9 76 0.3 79 0.7 94 0 
6423 62 0.6 68 0.6 
6444 14 0.5 15 0.4 19 0.8 46 0 74 0.6 93 0 
6452 17 0 18 0 49 0.4 77 0.9 87 0.7 95 0 96 0 98 0.5 
6662 21 0 35 0 36 0.5 
6684 7 1 19 0.5 29 1 31 0.3 74 0 77 0.5 
6685 12 0.8 80 0.8 88 0.9 91 0.3 
6768 2 0 28 0.4 66 0 69 0.9 78 0.3 83 0 86 0.3 
6839 2 0.5 20 0 24 0.4 40 0.6 50 0 60 0.7 65 0.8 72 0.8 84 0.6 
6917 11 0 73 1 85 0 86 0.9 99 0.4 
6992 12 0.4 85 0 99 0.7 
7042 22 0.6 45 0.6 55 0.8 57 0.7 91 0.5 
7105 0 0.5 41 0 44 0 52 0.8 61 0 74 0 83 0.5 
7232 2 0 7 0.4 23 0.6 25 0.9 27 0.8 32 0.3 38 0.8 67 0.5 68 0.4 
7671 50 0.9 61 1 
7736 2 0 83 1 91 0.8 97 0.6 
7956 53 0 
7958 2 0 20 0 47 0.4 58 0 63 1 74 0 92 0.7 98 0.4 
7969 87 0 
8255 4 0.5 11 0 42 0.5 47 0.7 69 0 
8316 10 0.8 21 0.3 29 0.7 68 0.7 78 0.9 92 0.8 
8335 6 0.4 51 0 60 0 69 0.4 
8352 39 0.7 
8448 64 0.7 
8667 4 0.4 49 0.3 55 0.7 65 0.4 83 0.5 
8738 40 0.9 
8813 3 0.8 20 0.4 57 0.9 94 0.4 95 0.6 
9002 30 0.9 42 0.3 67 0.5 71 0.5 97 0 
9044 4 0.7 7 0.3 13 0.9 22 0.9 48 0.4 96 0 
9052 11 0.8 78 0.4 97 0.9 
9111 43 1 73 0 
9194 17 0.9 24 1 32 0 36 1 47 0.5 49 0.6 52 1 63 0.4 90 0.7 94 0 
9361 37 0.5 49 0.3 88 0 
9586 1 0.8 7 0.6 37 0.7 54 0.5 56 0.7 59 1 67 0.6 83 0.4 
9618 7 0 8 0 15 0.9 40 0 49 0 58 0 63 0.3 71 1 83 0 89 0.3 
9671 13 0.3 25 0 60 0.7 97 0.5 
9686 3 0.8 62 0 
9730 26 0.5 75 0.5 99 0.4 
