100
45 12 0.6 49 0.3 
194 22 1 
203 8 0 18 0.7 25 0 
206 3 0 46 0.3 75 1 86 0.6 93 0.7 
301 5 0.8 
308 3 0 13 0.5 18 0 61 0 76 0 97 0.9 
379 0 0.4 9 0.9 21 0.6 34 0.9 53 0.9 66 0 83 0 
536 32 0 42 0.3 67 0.3 90 0.4 
568 9 0.4 18 0.3 40 0 
616 0 0.6 3 0.7 15 0.7 21 0 22 0 32 0.5 38 0.8 41 0.6 56 0.3 59 0.9 
703 58 1 
719 21 0 53 0.9 91 0 
727 18 1 20 0 27 0.3 34 0.7 82 0.3 91 0 95 1 99 0 
812 25 0.8 30 0.4 31 0.4 48 0 66 0.6 99 0.8 
819 38 0.3 
1305 80 0 87 0 
1615 4 0.6 96 0.4 97 1 
1786 10 0.7 15 0.9 21 1 
1814 45 0 46 1 55 0 86 0.7 98 0 
1833 44 0.7 46 1 92 1 
1843 6 0.3 10 0.5 12 0 19 0 31 0.5 44 0.8 46 0.4 48 0.6 74 0 93 0 
1871 7 0.9 11 0.5 13 0.8 18 0.3 23 0.9 64 0.3 86 0 87 0 
1894 51 0.4 63 0 65 0 70 0 93 0.8 
2223 28 0.4 29 0.6 34 0.7 50 0.9 53 0.3 68 0.4 95 0.9 98 0 
2237 55 1 82 0 92 0.4 
2270 93 0.3 
2357 24 0 56 0.3 59 1 68 0 
2447 6 0 13 0.8 26 0.8 27 0 38 0 47 0 64 1 
2554 0 0 41 0.6 57 0 85 0 
2563 25 0.4 39 0 98 0 
2604 58 0.4 66 0.8 97 0 
2704 19 0.6 23 0.9 31 0.6 39 0.8 43 0.7 69 0.3 71 0.6 78 0.7 79 0.4 
2781 2 0.6 57 0 62 0.7 66 0.6 87 0 91 0.3 92 0.3 96 0.6 
2806 41 0.9 42 0 51 0.6 69 0 82 0.6 
2896 3 0.4 11 0.9 24 0.5 32 0.8 73 0 
3028 73 0.7 85 0.7 
3198 94 0 
3243 58 0.5 73 0.4 95 0.8 
3320 26 0.8 
3361 4 1 11 0 15 0.8 35 0 64 0 
3446 14 0.7 19 0 58 0 63 0.6 
3469 4 0.4 11 0 16 0.5 23 0.7 44 0.4 64 0.7 77 0 83 0 91 0.8 
3477 12 0.3 21 0.7 29 0.5 55 1 69 0.7 71 0.5 75 0.5 
3488 3 0 43 0.9 44 1 
3628 11 0.3 34 0.5 40 0.5 43 0.4 53 0 63 0.6 77 0.5 81 0.8 82 0.5 97 0.3 
3958 39 0 90 0.7 
4224 38 0 
4545 52 0 60 0.5 93 0.8 96 0.9 
4686 7 0 19 0 32 0 46 0 51 1 89 0.4 91 0.7 96 0.7 
4787 5 0 26 0.8 43 0 71 0.8 94 0.4 99 0.5 
4796 5 0.5 6 0 43 0 48 0.3 61 0 72 0 74 1 
4800 20 0.8 21 0 26 0 44 0.8 49 0.4 58 1 62 0 65 0 71 0 
4810 3 0 11 0.9 17 0.3 20 0 30 0 58 0 77 0.8 78 0.8 88 0 
5032 0 0 6 0.4 75 0.7 89 0 
5197 75 0 97 0 
5234 55 0.3 73 0.7 77 0 86 0.6 
5266 4 0.8 66 0 78 0.6 92 1 96 0.4 
5553 22 0.6 27 0.6 44 0 75 0.6 
5673 6 0.9 8 0.8 27 0.9 41 0.8 56 0.4 61 0.7 73 0.3 87 0 90 0.7 
5826 42 0.5 50 0.8 64 0 75 0.6 82 0.6 
6034 1 0.3 9 0 93 0.4 
6255 4 0.5 26 1 65 0 96 0.3 
6450 1 0.3 28 0 94 0 
6503 7 0 25 0.9 47 0 48 0 61 0.9 78 0.5 86 0.4 89 0.7 96 1 98 0.3 
6536 26 0 55 1 
6773 10 0 35 0.8 62 0.6 63 0.6 68 0.8 72 0.4 79 0.7 80 0.9 88 1 
6775 12 0.8 50 0.4 65 0.9 92 0.7 
6784 8 0 11 0.4 13 0.8 23 0.5 58 0 74 0.4 77 1 80 0.7 86 0 
6878 29 0.8 45 0.8 49 0 68 0.9 89 0 
6913 20 0.3 47 0.4 54 0.5 88 0.7 
7059 10 1 32 0.4 34 0.9 39 0 41 1 68 0.7 98 0 
7135 80 0.7 94 0.6 
7166 13 0.8 48 0.8 52 0 67 0.6 82 0.4 
7190 34 0.8 42 0.8 
7237 1 1 7 0 18 1 
7257 3 0.9 23 0.6 51 0 52 0 97 0.5 
7273 0 1 2 0 15 0.7 22 0.8 26 0.3 30 0 40 0 51 0.5 66 0.4 
7505 2 0.8 3 0.6 11 0.4 28 0.4 54 0.4 61 0 83 0 88 0.6 
7548 68 0 
7557 3 0.9 7 0.9 23 0 27 0 31 0 46 0.6 53 0 61 0.8 70 0.9 83 0.8 
7560 16 0 36 0 43 0.4 52 0 57 0.4 58 0.5 59 0.3 64 0 79 0.4 
7587 4 0.4 44 0.5 64 0 70 0.6 
7666 4 0.5 12 0 57 0.9 
7803 7 0.5 55 0.4 69 0 88 0.9 90 0.3 95 0 96 0.4 
8006 67 0.7 71 0.3 84 0.6 88 0.9 
8113 69 0.5 
8135 19 0 39 0.3 61 0.6 90 0 
8261 23 0.3 56 0 68 0.4 74 0.7 83 0.9 
8295 81 0.3 
8375 14 0.5 18 0.3 29 0 31 0 52 0.9 56 0 66 0 68 0.3 99 0.7 
8401 27 0.5 
8669 24 0 
8867 0 1 50 0.5 72 0.8 91 0 
8891 46 0.9 80 0 
8954 7 0 9 0.7 10 0.4 14 0.4 59 0 
9214 34 0.6 56 0.5 66 0 
9265 7 0.8 36 0 43 0.5 51 0.9 84 0 93 0.6 
9294 5 0 
9475 70 0.9 
9719 48 0.6 83 0 
