100
23 4 0.4 11 0.6 19 0.5 57 0.7 61 0.7 65 0.6 74 1 86 0.3 
138 9 0 31 0 70 0 94 0.4 
372 6 0.7 9 0 15 0 19 0.9 24 0.9 31 0.9 36 0.9 68 0.3 98 0 
435 84 0.6 90 0.6 
459 14 1 17 0 21 0.4 37 0.5 61 0 65 0.6 69 0.9 70 0.6 80 0 
466 0 0.8 23 0.4 31 0.8 32 0.5 34 0 44 0.4 58 0.6 68 0 73 0.8 94 0 
608 1 0.6 4 0.5 15 0 19 0.5 32 1 64 0 66 0.8 69 0.8 70 0.5 96 1 
643 21 0.8 79 0 
697 37 0 57 0 
774 29 0 38 0 54 0 92 0 
839 0 0.4 4 0.7 21 0.8 23 0 27 0.5 77 0.7 87 0.8 
1011 1 0.7 4 0.4 28 0 31 0.7 78 0.3 93 0 
1279 25 0.5 51 0.9 74 0 84 0.7 87 0.8 94 0.9 97 0.3 
1458 13 0.9 26 0 49 0.5 61 1 77 0.6 87 0.4 
1529 39 0.5 88 0.7 
1596 41 0.5 
1753 2 0.8 5 0.5 33 0.5 38 0.9 40 0.3 45 0.9 48 0.9 68 0 83 0.5 98 0 
1838 34 0 
1951 16 0.7 19 0.4 22 0 24 0.5 29 0 30 0.6 55 0.5 63 0 82 0.4 
2037 6 0.5 40 0 42 0.5 80 0 85 0 
2142 24 0 60 1 89 1 
2185 20 0.9 21 0.3 24 0.9 30 0.8 34 0.5 43 0.7 75 0.4 78 0.4 80 0.6 83 0.7 
2434 23 1 77 0 84 0 
2498 3 0.6 24 0 44 0.5 
2501 15 0.6 16 0.3 23 0.9 59 0 72 0.9 86 0.9 
2521 4 0 40 0.5 48 1 61 1 66 0.6 76 1 86 0.8 91 1 
2612 55 0.8 
2672 12 0.7 19 0.5 44 0 
2687 0 0 27 0.5 34 0.9 66 0.7 
2736 71 1 
2780 1 0 3 1 52 1 70 0 74 0 92 0.6 93 0.8 
2831 23 0.4 29 0.6 40 0.4 58 0 64 0 70 0.6 84 0 95 0.3 98 0.9 
2889 34 0.4 52 0.7 
2969 5 0.6 21 0 
3246 9 0.7 31 0 38 0.9 47 0 
3550 1 0.5 10 0.6 59 0.5 62 1 95 0.7 96 0.3 
3817 6 0.9 24 1 29 0.9 43 0 75 0 
3820 11 0.6 27 0.7 38 0.7 58 1 81 0 90 1 93 0.4 
3905 1 0.6 24 0.4 33 0.3 77 0.7 83 0.8 94 0.6 
3923 7 0.6 14 0.6 65 0 70 1 72 0 
3929 28 0.6 55 0.4 85 0.3 
4018 37 0.4 63 0.6 71 0.9 79 0.3 
4196 4 0 23 0 26 0.8 65 0 82 0.8 85 0 88 0.3 93 0.4 94 0.3 
4207 0 0 1 0.9 28 1 38 0.7 43 0 63 0.9 71 1 77 1 80 1 99 0 
4427 15 0 16 1 20 0.8 22 0.7 27 0.7 34 0.6 77 0 86 0.7 
4722 27 0 43 0.9 47 0.4 97 0 99 0.6 
4723 7 0.4 10 0.8 11 0.8 36 0.4 38 0.6 44 0 58 0.8 
4882 0 0.6 38 0 48 0.3 54 0.7 57 0.9 76 0 89 0 93 0.9 96 0.4 
4925 4 0 26 0.6 32 0.7 33 0.9 37 0.7 51 0.7 54 0.4 66 0.7 77 0.9 86 0 
4972 20 0 58 1 59 0 80 0.4 81 0 88 0.8 89 0.8 
5150 38 1 
5194 4 0.4 8 0.5 65 0.7 82 0 86 0 
5334 13 0 25 0.9 27 0.6 37 0 42 0.7 51 0 94 1 
5336 96 0.5 98 0.5 99 0.5 
5383 9 0 13 0.5 14 0.9 32 1 
5756 15 0.6 29 0.4 56 0.4 
6075 8 0.4 96 0.7 
6090 1 0.5 5 0.8 28 0 46 0 49 0 50 0.9 80 0 
6116 20 0.8 22 1 
6122 4 0.8 34 0 58 0 63 0 72 0.8 74 0 79 0 82 0.4 94 0.6 
6350 1 0 8 0.4 22 0.9 35 0.3 38 0 57 0.8 67 0 77 0.4 80 0.3 84 0.3 
6385 51 0.7 57 0.5 71 0 82 0 91 0 
6455 49 0 75 0.8 99 0.4 
6471 43 0.6 81 0.8 87 0 89 0.7 
6722 3 0 5 0 25 0.9 38 0.4 41 1 46 0 76 1 77 0.4 
6753 0 1 34 0.6 35 0.6 39 0.8 42 0.7 54 0.9 75 0.6 
6849 69 0.7 90 0.9 
6868 31 0 34 0.6 37 0.7 55 0.3 67 0.8 73 0.6 76 0 85 0 99 0.6 
6934 6 0 17 0.7 71 0.7 
7191 15 0.7 16 0 53 0.3 69 0.7 73 0.8 82 0.5 84 0.9 89 0.4 98 0 
7271 1 0.5 18 0.8 41 1 46 0 49 0.6 56 0 72 0.8 74 0.4 97 0 
7346 17 0.8 47 0.9 52 0 59 0.5 86 0.6 
7427 18 0 21 1 
7575 15 1 37 0.9 42 0.9 56 0.6 58 0.5 90 0.6 
7661 44 0 74 0.8 81 0.5 
7839 4 0 45 0.5 51 0 52 0.4 55 0.5 64 1 93 0 94 0.3 97 0 
7871 64 0 73 0 
8122 26 0.5 
8205 26 1 36 0 69 0 
8270 36 0.8 37 0 45 0 54 0.7 64 0.3 69 0 94 0 97 1 
8569 82 0.4 
8637 36 0.8 47 0.7 56 0.6 
8649 62 0.7 
8701 10 0 21 1 37 0 82 0.9 89 0.5 
8732 39 0.5 50 0.7 58 0.3 
8763 48 0.8 54 0.9 68 0.9 80 0.9 87 0 96 0 
8784 27 0.6 45 0 53 0.5 91 0.6 98 0.4 
8979 11 0 21 1 31 0.5 36 1 76 0.6 
9190 92 0 
9469 16 0.3 25 0.8 56 0.7 
9475 70 0.4 
9484 48 0.3 89 0.6 
9556 0 0.4 13 0.3 14 0.7 15 0.7 46 0.8 51 0.3 65 0 72 0.6 81 0.4 
9670 16 0.5 31 0.5 44 0.7 55 0 78 0 90 1 
9680 28 0.6 37 0.4 45 0 
9698 4 0.8 8 0.6 17 0.5 20 0 40 0 55 1 60 0.5 73 0.4 75 0.5 
9791 28 0.6 
9861 18 0 19 1 
9903 6 0 64 0 65 0.6 68 0.3 70 0 79 0.4 
9911 23 0.5 43 0.4 65 0.4 
