100
288 34 0 35 0.9 38 0 58 0.3 67 0.3 71 0.9 
362 2 0.4 22 1 32 0.9 93 0 
416 8 0.9 11 0 16 0.4 19 0.7 53 0.4 58 1 64 0 74 0.3 
472 9 0.5 14 0 25 0.9 40 0.7 
603 1 0.4 96 0 
621 37 0.5 44 0 47 0.8 56 0.9 75 0 93 0 
683 8 0 19 0 21 0.9 26 0.5 33 0 41 0.3 54 0.8 67 0 83 0.8 
707 0 0.9 4 0.3 5 0.7 25 0 30 1 34 0.8 45 0.3 49 1 85 0.8 91 0 
1021 8 0 20 0 21 0 28 0.5 75 0.7 
1270 32 0.9 37 0.3 55 1 86 0 96 0.8 
1468 52 0 69 0 
1522 20 0.9 27 0.3 31 0.4 33 0 50 0.4 58 0.9 69 1 
1591 23 0.3 27 0 34 0 44 0.3 52 0 58 1 63 0 65 0.9 70 0.3 94 1 
1722 1 1 13 0.3 15 0.3 29 0.3 39 0 50 0.6 65 0 73 0 75 0.4 88 0.6 
1865 4 0.4 32 0.6 40 0.6 72 1 73 0 95 0.4 
1872 23 0 53 0.6 
1986 18 0 29 0.5 31 0.3 34 0.8 60 0 70 0.4 73 0.3 95 0.8 
2070 31 0.6 50 0 52 0.6 57 0.7 64 0.6 81 0.5 
2078 5 0.3 67 0.8 75 0.4 98 0.9 
2124 32 0.3 65 0 74 0 86 1 
2175 31 0.3 41 0.4 51 0 58 0 60 0 61 0.9 74 0.4 82 0.3 
2296 0 0.9 8 0 13 0.4 30 1 47 0.7 83 0.4 
2400 9 0 44 0 61 0.6 87 0.8 88 0 
2639 14 1 49 0.8 83 0.4 
2849 8 0.8 10 0.4 35 0 38 0 41 0.7 50 0.4 74 0.9 
2935 16 0 37 0 47 0.4 66 0.8 71 0 92 0.5 97 0.4 
2954 9 0.7 51 1 59 0.9 
2966 10 0 18 0.7 25 0.7 33 0.4 49 0.4 50 0.3 66 0.6 76 0 
3017 54 0 60 0.9 75 0.5 90 0 
3064 90 1 
3070 49 0.3 93 0.9 
3094 0 0.8 4 0.8 6 0 20 0.6 30 1 34 0.9 42 0.5 66 0.8 83 0.6 98 0.8 
3448 83 0.8 
3484 25 0.7 30 0.9 37 0.8 63 0.8 
3507 0 0.4 14 0 16 0.3 18 0.5 32 0.8 53 1 78 0 
3528 10 0 14 0 18 0.6 31 0.4 44 0.6 51 0.6 77 0 89 0 
3588 37 0 50 0 77 0.7 
3681 40 0.5 
3791 23 0.3 24 1 75 0.5 
3823 14 1 17 0.6 19 0.7 29 0 68 0.5 90 0 
3969 10 1 22 0.9 27 0.3 64 0 76 0 79 0.4 80 0.8 87 0 93 0.9 97 0.4 
3997 20 0 21 0.7 22 0.3 51 0.8 55 0 57 0.6 71 0.5 
4484 26 0.7 
4551 2 0.4 6 0.7 13 0.8 16 0.8 36 0 41 0.7 56 0.4 63 0.5 72 0 
4685 2 0.6 12 0 41 0.7 44 0.4 54 0.8 80 0.5 96 0.3 
4697 15 0.8 24 0 28 0.6 67 0.5 75 1 79 0.4 86 0.4 98 0 
4715 3 0.6 21 0 28 0 50 0.8 76 0.5 
4746 3 0.9 10 0 81 0.7 
4920 0 0.7 5 0.6 16 0.9 26 0.5 30 0.9 36 1 66 0.8 68 0.5 86 0.6 98 0.6 
4924 3 0.4 31 0.6 51 0.5 52 0 54 0.6 66 0.8 74 0.5 82 0 86 0.3 92 0.7 
4930 12 0.6 45 0.8 82 1 
4936 20 0.4 24 0.7 29 0.5 41 0.5 45 0.5 59 0.4 60 0 75 0.5 
5053 21 0.7 54 1 87 0.5 92 0 
5351 12 0 22 1 29 1 66 0 73 0.7 90 0 
5367 12 1 20 1 46 0.5 49 0.9 62 0.4 89 0.5 
5449 10 0 13 0.9 17 0.6 28 1 48 1 57 0.6 77 0.3 
5552 11 0.9 30 0.8 55 0.8 61 1 70 0.5 76 0.4 78 0 90 0 
5594 6 0.3 10 0.8 38 0.5 44 0 46 0 
5745 6 1 10 0.9 11 0 14 0.3 19 0 39 0.6 51 0.4 68 0.6 69 0.9 80 0 
5854 36 0.3 73 0.6 91 0.4 
5883 1 0.8 10 0 14 0.8 15 0.9 26 1 31 0.7 35 0.6 39 0.9 73 0.9 77 0.4 
5963 16 0.3 47 0.7 53 0.6 55 0.8 57 0 66 0.9 
5984 11 0.9 65 0 69 0.7 88 1 
6050 18 0.3 23 0 52 0 60 0.5 81 0 90 0.8 94 1 
6131 8 0 14 0.8 23 0.4 36 0 44 0.7 64 0.8 98 0.7 
6215 3 0.3 8 0.5 21 0 27 0.7 38 0.4 45 0 61 0.7 67 0.4 93 0.5 
6325 20 0.9 35 0 51 1 
6587 33 0.9 78 0 86 0.8 95 0.3 
6588 18 0.7 42 0.6 47 0 55 0.6 
6680 3 0.7 57 0.6 
6762 27 0.9 
6780 4 0.7 11 1 12 0 31 0.7 59 0 71 0 72 0.9 81 0 98 0 99 0 
6795 5 0.7 8 0.4 20 0.3 24 0.8 34 0.9 45 0.6 71 0.5 83 0.4 97 0 
6870 4 0.7 10 0 20 1 30 0.4 37 0.3 40 0 59 0.4 78 0.8 
6877 9 0.9 19 0 21 0.4 32 0.5 65 0.5 71 0.4 95 0.9 
7161 8 0.9 15 0.9 17 0.7 20 1 21 0.4 49 0 69 0.5 
7538 38 0.4 53 0.9 54 0.9 67 0 68 0.7 70 0.5 83 0.6 85 0 90 0.5 
7584 5 0.6 67 0.7 89 0 91 0.6 
7891 29 0.4 46 0.5 49 0.4 68 0.9 97 0.3 
8057 3 0.4 6 0.4 26 0 35 0.7 37 0.5 44 0.4 53 0.8 71 1 81 0.8 98 0 
8533 5 0.6 16 0.6 17 0.5 21 0.9 40 0.7 45 0.7 70 0 88 0.9 91 0.7 
8588 0 0 2 0.7 5 0.4 10 1 55 0.4 86 0.4 88 0.7 92 0.8 99 0.3 
8647 56 0.9 
8711 5 0 
8735 24 0.4 36 0 46 0.5 50 0.4 57 1 64 0.6 73 0 
8776 38 0.9 55 0.8 64 0.5 66 0.8 
8894 61 0.9 65 0.3 78 0.6 
8895 62 0.6 77 0 81 0 
8927 23 0.9 24 0.9 27 0.9 69 0.9 79 0.9 86 0.4 
8961 2 0.4 43 0.4 61 1 69 0.5 77 0.3 83 0.6 91 0.6 99 0.9 
9146 29 0.6 32 0.6 54 0.5 69 0 80 0.4 83 0 91 1 
9296 2 0.3 18 0.6 25 0.9 42 0.7 44 0.8 95 0 99 0 
9443 5 0 21 0.8 49 0 50 0 63 0.4 75 0 80 0.6 84 0.5 90 0.8 96 1 
9478 6 0 48 0.8 52 0.6 53 0.8 63 0.9 72 0 81 0.8 
9485 30 0.6 
9574 9 0.6 11 0 40 0 81 1 86 1 90 0.9 94 0.3 
9611 19 0.7 21 0.5 22 0 53 0.4 62 0.4 69 0 81 0 95 0 
9616 3 0 9 0 12 0.9 14 0 19 0.5 41 0.8 85 0.7 96 0 
9858 8 0.5 33 0.4 34 0.6 53 0.7 93 0.4 
9898 2 0 4 0.5 41 0.6 60 0.9 71 0.3 83 0.3 91 1 93 0.4 95 0.4 
