100
57 22 0.8 28 0 44 1 55 1 69 0.4 74 0.9 77 0 
165 6 0.5 36 0.9 98 0.7 
280 13 0.5 50 0.6 52 1 
367 12 0.9 38 0.4 40 0.5 57 0.6 84 0 94 0.6 
521 25 0.4 38 0 55 1 66 0.6 81 0 92 0.4 97 0.8 
715 16 0 20 0.4 30 0.5 41 0.7 58 0 61 0.4 70 0.5 77 0.5 81 1 
757 4 0 28 0 48 0.6 91 1 
908 26 0.4 46 0.8 68 0.7 
1005 1 0.8 22 0 29 0.5 31 0.7 44 0.8 51 0.6 58 0.7 66 0.7 74 0.9 90 0.3 
1092 28 0.5 30 1 33 0.4 46 0 
1152 66 1 67 0.3 68 0.8 89 0 91 0.9 
1294 6 0.4 14 0.7 62 1 78 0.5 87 0.6 90 0.4 
1389 1 0.9 8 0.3 53 0.6 82 0.9 
1456 2 0.3 31 0.8 37 0 
1464 31 0.7 96 0 
1477 30 0 41 0 43 0.3 52 0.4 57 0 
1543 21 0.4 30 0.7 42 0.4 55 0.8 57 0.3 93 0.3 95 0.3 
1698 5 0.6 8 0 14 0.4 52 0 67 0.8 86 0.9 
1707 15 1 32 0.9 40 0.6 41 0.7 44 0 68 0.9 74 0.3 89 0 99 0.3 
2032 17 0.5 61 0.7 94 0.4 
2036 8 0 34 0.8 68 0 83 0.3 
2098 5 0 28 0.6 46 0.7 66 0 85 0.9 
2188 63 0.8 
2228 49 0 
2275 0 0 20 1 43 0.9 55 0 67 0.6 98 0.3 
2410 10 0.7 14 0.8 51 0.8 
2445 3 0.4 33 0.7 43 0.8 49 0.5 62 0 65 0.8 78 0 83 0 
2447 6 0.5 13 1 26 1 27 0.5 38 0 47 0 64 0.9 
2529 12 0.7 27 0.8 39 0.5 40 0.9 75 1 95 0.4 
2662 3 1 25 0.9 42 0.4 43 0 63 0.5 73 0.7 88 0.3 
2724 1 0.3 14 0 23 0 39 1 62 0 75 0.8 94 0.8 
2808 89 0.7 
2964 7 0.3 10 1 74 0.7 92 0 95 0.3 
3184 5 0.7 13 0.5 20 0.3 
3274 78 0.4 
3287 12 0 24 0.3 96 0.6 
3318 12 1 55 0.4 56 0.3 57 0.4 66 0.7 82 0.8 90 0 
3377 9 0.6 39 0.5 40 0.7 42 0.8 86 0 
3443 52 0.4 60 0.5 70 0.9 76 0.5 
3450 28 1 52 0.4 54 0.8 66 0.6 83 0.5 89 0.9 
3510 25 0.7 29 0.3 41 0.5 98 0.6 
3936 3 0.5 4 0.8 6 0 21 0.5 24 0 76 0.6 77 0.9 92 0.6 
4018 37 0.7 63 0.7 71 0 79 0.6 
4048 24 0.8 26 0 38 1 42 0.6 55 0.6 63 0.5 74 0.7 85 0.9 87 0.5 95 0.5 
4234 15 0.5 16 0.6 19 0 31 0.4 37 0 42 0.5 58 0.9 67 0 93 0 94 0.3 
4786 7 0 9 0 11 0.4 29 0.7 54 0 80 0.3 86 0.4 
4815 26 0.9 38 0.6 48 0.8 52 0.6 68 0.9 
4951 30 0 34 0.5 55 0.5 68 0 
5028 1 0.7 6 0.7 18 0.7 20 0.8 32 0 45 1 73 1 82 0.3 91 0 
5091 64 0.8 85 1 
5097 16 0 43 0.3 44 0 54 0.9 96 0 99 0 
5200 6 0 17 0 27 0.4 29 1 32 0.4 48 0 49 0 72 0.3 87 0.9 98 1 
5462 13 0.6 17 0.3 33 0 37 0 48 0.5 53 1 56 0 70 1 71 1 77 1 
5493 1 0 40 0.3 98 0 
5521 20 0 54 0.8 72 0 73 0.9 76 0 
5573 11 0 
5600 1 1 19 0.7 41 0.8 46 0 52 0.5 58 0.8 85 0 87 0.8 
5717 1 0.4 17 0 21 0.7 80 0.4 98 0.3 99 0.8 
5767 20 0 24 0 37 0.5 66 0 70 1 85 0.5 
5779 15 0.3 21 0.7 53 1 56 0.6 62 0.4 94 0 96 0 98 0.4 
5910 10 0.9 17 0 37 0.3 53 0.9 68 0 70 0.9 74 1 89 0.9 
5961 7 0 
6024 0 1 16 0.7 40 0 54 0.4 56 0.4 60 0.8 61 0.5 76 0 77 0 
6304 8 0.8 34 1 47 0.9 56 0 78 0.6 84 0.4 
6331 18 1 22 0.7 42 0.4 45 0.5 61 0.6 69 1 
6354 12 0.7 14 1 15 0.8 27 0 52 0.7 60 0.9 65 0.8 70 0.9 84 0.4 
6364 12 0.5 58 0.4 75 0.9 78 0.7 91 0.5 
6624 7 0.9 21 0 27 0.4 45 0.9 49 0 66 0.9 77 1 93 0.6 99 0.6 
6647 24 0.3 
6770 33 0.3 61 0.5 65 0 73 0.5 80 0.4 
6920 0 0.5 2 1 20 0.6 39 0.5 41 0.5 47 0.5 73 0 83 0.5 89 0.3 98 0.6 
7010 15 0.6 22 0.5 25 0.6 63 0.4 65 0.4 94 0 
7366 30 0 50 0.3 55 0.6 64 0.7 
7407 10 0.9 83 0.9 
7545 5 0.9 19 0.8 33 0 37 0.3 39 0.3 46 0 87 0.7 
7602 24 0 41 0.8 43 0.7 46 0.3 58 0.6 64 0.8 72 0 73 0.7 96 1 
7746 10 0.6 65 0.3 71 0.3 
7755 10 0.4 13 0.5 14 0.6 16 0.7 41 0.3 73 0 84 0 92 0 
7928 53 0 86 0.9 
8023 6 0 8 0 62 0.6 63 0.9 66 1 99 0.3 
8111 20 0.8 
8335 6 0.3 51 0 60 0.8 69 1 
8398 47 0.7 58 0.7 72 0.6 
8427 23 1 84 0.6 
8540 27 0.3 44 0.6 86 0 
8589 27 0.5 
8711 5 0.3 
8925 1 0.7 39 0.6 79 0.5 97 0.9 99 0.6 
8962 39 0.4 45 0.7 74 0.4 97 0.6 
9075 17 1 
9080 46 0.8 
9130 30 0.9 70 0.8 72 0.5 
9236 33 1 65 0.6 90 0.6 96 0.9 
9418 11 0 
9419 25 0.4 28 1 43 0.5 46 0.5 57 0 58 1 86 0.3 88 0.9 92 0.4 
9430 11 0 43 0.9 46 0.3 49 0 59 1 65 0.4 74 0.7 81 1 
9466 1 0 17 0 49 0 56 0.5 83 1 88 0.7 96 0 97 0.5 99 0 
9618 7 0 8 0 15 0.4 40 0 49 0.9 58 0.6 63 0 71 0 83 0.8 89 0.3 
9661 40 1 62 0.5 83 0.8 90 0 94 0 
9793 1 0.6 31 0.4 32 0.3 43 0.7 54 0 67 0.3 73 0.5 90 0.8 
