100
125 24 0.4 27 0.4 48 0.8 53 0 94 0.7 
241 8 0 13 0.9 37 0.5 71 0.6 90 0.7 
291 32 0 38 0.7 40 0.3 90 0.4 
302 4 0.5 11 0.6 22 0.3 65 0.3 75 1 80 0.5 89 0.9 94 0 
386 5 0.6 17 0.5 55 0 68 0.8 76 1 78 1 88 0.9 
518 90 0.4 
817 6 1 13 0.7 18 0.3 23 0 24 0 35 0.4 36 0.8 41 0.5 72 0.7 77 0.7 
820 15 0.8 50 0.6 55 0.7 95 0.3 
844 41 0.4 99 0.6 
889 11 1 17 0.3 23 0.4 46 0.4 52 0.7 80 0 82 0 98 0 99 0.7 
892 31 0.4 42 0.5 51 0.6 82 0.7 95 0 99 1 
1006 34 0.3 36 0.3 54 0 90 0.6 
1180 9 0.4 37 0.7 75 0 80 0.3 
1237 0 0.6 2 0.8 15 0.9 18 0.5 24 0.7 44 0 48 0.8 93 0.8 
1301 12 1 16 0 18 0.7 51 0.4 53 0.4 57 0 91 0 
1309 41 1 57 1 71 0 78 1 82 0.3 94 0.5 
1503 49 0.5 66 1 98 0.8 
1569 2 0.8 5 0.8 8 0.7 20 0 26 1 42 0 49 0.3 99 0.8 
1583 4 0.8 19 0 35 0 37 0.8 65 0 69 1 80 0.6 
1641 52 0 57 0.7 89 0.4 
1749 27 0.9 41 0.3 
1800 98 0.4 
1943 50 0.8 84 0.7 
2124 32 0.3 65 0.4 74 0.7 86 1 
2202 47 1 
2242 17 1 23 0.5 26 0.7 59 1 94 0 
2362 2 0.9 5 0.7 24 0.7 74 0.4 81 0.9 85 0.3 94 0.4 
2371 1 0.8 41 0.3 56 0.4 92 0.4 94 0 
2391 7 0.7 
2407 4 0.7 29 0.9 55 0.7 
2518 15 0 24 0.4 31 0.5 81 0.9 86 0.9 98 0 
2565 4 0 34 0 49 0.4 50 0.6 66 0 73 0.3 78 0 94 0.9 96 0.3 97 0.7 
2583 0 0.3 6 0.7 16 0.7 64 0.4 65 0.3 
2674 8 1 17 0.7 78 0.4 84 0.6 90 0.7 98 0.7 
2678 75 0.5 
2680 1 0.3 8 0.7 12 0.4 32 0.9 55 0.7 65 0.7 86 0 90 0 97 0.4 
2693 2 0.8 4 0.5 8 0.4 23 0.8 54 0.7 57 0 68 1 70 0 89 0 91 0 
2711 1 0.5 3 1 15 0 37 0 49 0 59 0 70 0.3 78 0.7 79 0 88 0.7 
2995 36 0.4 49 1 51 0.7 58 0 63 0.7 70 0.9 72 0.3 
3147 6 1 40 0.3 51 0.7 53 0.7 86 0.9 91 0.4 95 0 
3205 15 0.4 31 0 81 1 83 0.3 99 0 
3212 14 0.3 21 0.4 35 0.7 36 0.4 76 0.7 87 0.5 
3326 1 0 45 0.9 
3428 94 0.5 
3508 37 0.3 63 0 83 0.3 
3917 36 0.3 40 0.6 45 0 53 0.5 
4076 7 0.7 9 0.6 19 0.7 22 0 29 0.7 37 0 63 0.5 87 0.6 88 0 
4619 7 0.6 20 0.3 33 0 51 0.7 53 0 57 0 77 0.4 
4685 2 0.4 12 0.3 41 0.6 44 0.4 54 0.9 80 0.8 96 0.9 
4696 15 0.7 82 1 83 0.9 
4789 25 0.7 40 0 56 0.6 62 0.7 91 0.9 
4897 0 1 26 0 53 0.6 63 0.6 70 0.4 82 0.4 89 0.7 90 1 
5182 12 0.5 18 0.5 24 0.5 32 0 88 0.8 95 1 
5259 7 0.4 22 0 41 1 44 0.7 52 0.6 66 0.6 69 0.8 76 0.3 80 0.7 95 1 
5263 1 0.4 70 0.9 91 0.5 98 0.5 
5268 29 1 81 0.9 
5330 3 0 9 0.4 15 0.7 26 1 56 0.6 62 0.5 99 0.8 
5344 16 0.8 21 1 29 0.4 71 0.7 99 0 
5387 48 0.8 62 0.8 66 0.8 92 0.9 
5439 31 0.5 41 0.4 90 0 
5548 97 0 
5605 6 0.6 8 0.8 44 0.3 87 0.6 88 0 89 0 
5681 82 0.8 
5725 1 0.6 18 0 32 0.4 45 0.3 54 0 73 0.7 81 0.9 88 0.3 91 0.5 99 0.3 
5789 4 0.5 28 0.9 31 0.4 32 0.9 62 0.7 68 0.3 91 0.9 93 1 95 0 
5802 23 1 94 1 
5911 25 0.6 38 0 39 0.6 48 0.9 80 0 82 0 
6007 5 0 8 0 27 0 44 0.6 45 0 53 0.3 63 0 72 0 97 0.3 
6041 0 0 12 0.9 37 1 78 0 96 0 
6240 78 0.8 
6342 96 1 
6506 2 0.3 7 0.8 12 0.5 16 0 26 0.4 45 0.9 53 0.5 80 0 
6526 22 0.5 76 0 77 1 82 0.8 
6721 18 0.8 34 0.8 36 0.6 40 0.5 43 0.5 53 0.9 70 0.7 72 0.3 87 0.3 
6754 61 0.3 87 0.3 88 0 91 0.4 
7030 8 0 9 0 11 0 21 0.7 34 0.7 45 0.8 56 0.4 67 0 97 0.6 
7033 23 1 24 0.5 34 0.8 41 0 71 0.5 83 0.4 
7299 27 0.9 39 0.8 55 0.9 78 1 
7403 2 0.5 25 0 29 0 39 0.3 51 0.3 71 0 73 0 77 0.7 83 0.4 93 0.9 
7486 3 0 14 0.5 53 0 78 0.3 90 0 92 0.9 98 0.9 
7495 16 0 50 0.6 58 0.6 
7656 7 1 13 0.3 18 0.5 33 0.4 50 0 54 0.5 75 0.5 77 0.9 92 0 98 0.9 
7892 68 0.7 
7901 97 0 
7949 9 1 15 0.6 48 0 53 0.4 98 0.5 
8668 22 0 26 0.8 29 0.5 30 0.4 56 0 57 0.8 81 0.8 82 0.6 88 1 96 0.8 
8905 3 1 9 0.6 16 0.8 72 0 79 0.6 93 0.3 
8962 39 0.3 45 0.5 74 0.8 97 0.8 
9056 33 0 93 0.8 
9065 75 0.6 
9226 21 0.5 22 0.4 67 0.9 93 1 94 0 96 0.3 
9261 5 0.9 12 0 14 0.7 23 0.7 40 0.8 78 0.4 86 0.3 
9333 1 0.4 5 0.4 
9397 8 0.9 15 0 25 0.7 44 1 53 1 57 0.6 
9550 18 0.5 32 0 47 0.5 49 0.4 56 0 81 0.3 96 0 
9587 37 0.4 
9648 39 0.7 47 1 64 0 
9660 5 0.4 12 0.7 18 0 38 0 99 0.5 
9912 3 0 11 0.3 38 0.6 46 0.4 67 0 78 0.9 84 0.7 88 1 98 0.8 
9994 6 0.8 46 0.9 54 0.7 84 0 89 0 
