100
62 49 0 62 0 70 0.6 73 0.5 
79 11 0.7 33 0.5 36 0 41 0 50 0 81 0.3 86 0 
173 78 0.8 
297 79 0 
514 10 0.7 17 0.4 19 0.3 28 0 30 0 43 0 48 0.8 75 0.4 78 0 96 0.5 
515 15 0.3 30 0.8 34 0.8 40 0.3 44 0.4 57 0.4 94 0 
556 22 1 38 0.3 39 0.3 54 0.5 60 0.5 63 0 76 0.5 
592 1 1 5 0.8 19 0.4 21 0.9 68 0 88 0.4 90 0.9 
614 1 1 23 0.4 26 0.6 32 0.5 40 0 81 0 96 0 
630 11 0.4 21 0.4 29 0.4 40 1 52 0.9 82 0.4 86 0 95 0 
676 3 0.3 37 0.9 93 0 
828 0 1 7 0.4 24 0.7 31 0.8 34 0.6 51 0 68 0 78 0.4 86 0.5 92 0 
857 39 0.5 
1067 3 0.4 31 0 47 0.9 48 0.3 60 0.7 67 0.9 71 0.5 73 0 91 0.7 
1195 3 0.7 5 0.7 25 0.6 26 0.5 29 0 39 0.8 74 0.7 78 0.3 86 0.3 90 0.7 
1234 46 0.6 54 0.5 96 0.7 
1426 0 0.4 9 0.3 23 0.5 28 0 38 0.6 46 0.5 47 0.9 51 0.8 55 1 61 0 
1464 31 0.9 96 0.3 
1687 36 1 
1694 9 0.5 17 0.5 24 0.5 26 0.6 56 1 63 0 67 0.5 75 1 90 0.3 
1856 20 0.3 47 0 
1982 0 0.3 6 0.6 10 0.8 24 1 38 0.9 47 0.9 63 0 67 0 83 1 
2200 22 0 30 0.6 68 0.5 
2507 3 0.3 24 0.3 61 0 
2799 46 0 54 0 
2892 13 0.5 23 1 30 0.3 43 0.9 77 0 88 0 
2958 4 0 26 0.3 
2973 23 0 31 0.8 38 0 49 0 
3035 14 0.8 18 0 36 0.6 38 0 78 0 83 0.7 84 0 
3050 2 0.6 21 0 30 0.4 53 0 58 1 65 0 70 0.8 74 0.8 86 0.9 94 0.5 
3490 37 0.6 71 0.3 
3547 25 0 40 0.3 69 0.5 87 0.7 
3734 7 0.6 52 0 55 0.5 72 0.4 73 0.3 75 0.4 90 0.3 
3761 7 0.8 22 0 
3818 1 0 4 0.7 33 0.6 36 0 71 0 78 0.8 94 0.9 95 0 
3822 31 0.8 60 0.3 65 0.8 81 1 
3837 25 0.4 46 0.4 60 0.4 74 0.3 88 0.4 89 0 
3877 9 0.4 16 1 23 0 34 0 50 0.7 51 0 59 0.5 63 0 98 0.6 
3992 2 0 29 0 38 0.5 42 0 67 1 73 0.5 80 0.6 82 0.4 86 0.5 90 0.6 
4042 5 0.4 15 0.4 25 0.8 43 0 78 0.8 80 0.4 
4408 81 0 
4473 2 0.6 28 0 
4578 19 1 29 0.7 50 0 66 0 84 0.3 
4803 56 0.4 58 0.6 
4883 15 0.9 19 0.6 39 0.7 52 0.8 59 0.6 61 0.8 75 0.9 85 0.7 86 0.4 94 0.5 
4954 8 0 11 0.3 12 1 18 0.9 20 0.9 32 0 44 0.5 
5069 5 1 6 0.5 16 0 23 0.6 34 0.8 44 0.9 58 0.6 70 0.8 89 0.8 95 0.4 
5146 18 0.7 37 0 40 0.6 41 0.6 61 0 
5386 0 0.4 10 0 19 0.9 22 0.8 31 0 37 0.3 60 0.9 69 0.9 76 0.9 
5529 9 0.8 20 0.9 25 0.4 31 0 53 0 79 0.5 
5598 16 0 18 0.5 19 0.7 22 0.4 26 0 80 0.9 81 0.6 86 0 
5788 11 0 24 0 34 0.5 40 0.7 43 0.4 58 0 76 0.8 84 0 86 0.9 97 0 
5917 12 1 27 0 77 0 78 0.5 81 0 
6130 35 1 93 0.7 
6203 38 0 48 0 61 0.9 70 1 
6378 4 0 
6421 20 1 40 0.4 71 0.9 74 0.8 
6478 22 1 25 0 40 0.7 57 0.8 
6490 25 1 52 0 
6500 15 0.4 29 0.7 41 0.8 50 0.6 70 0 77 0.3 
6527 13 0.9 24 0 57 0.6 58 0 67 0 72 1 78 0.6 87 0.4 
6536 26 0.9 55 0 
6569 10 0.4 17 0 42 1 54 0 70 1 
6572 22 0.9 27 1 43 0.4 44 0 61 0.6 67 0.5 76 0.5 94 0.4 
6738 1 0.7 13 0 14 1 15 0.7 44 0.9 73 0.9 99 0.5 
7156 18 0 38 0.8 55 0.8 91 0.4 
7314 2 0.4 9 0.8 35 0 57 0.8 92 1 95 0.7 
7334 43 0.9 48 1 51 0.8 80 0.5 
7531 64 0 80 0.5 90 0.6 
7741 10 0.3 45 0.9 61 0.4 92 1 
8063 91 0.7 
8076 6 0 28 0.5 35 1 52 0.7 59 0.3 73 0.7 92 1 96 0.5 97 0 
8208 10 0.7 11 0 12 0.6 55 0.8 59 0.9 60 0.3 65 0 80 0 95 0.7 
8250 46 0.6 
8255 4 0 11 0.3 42 0.9 47 1 69 0 
8481 39 0.4 94 0.9 
8600 74 0.7 82 0.3 93 0 94 0.9 
8602 22 0.9 36 0.7 74 0.9 79 0 81 0 
8699 13 0.5 15 0.4 22 0.8 25 0.8 69 0.9 73 0.7 89 0 91 0.3 
8706 21 0.5 28 0.5 88 0.5 
8880 16 0 17 0.8 28 0.7 34 0.5 57 0.3 70 0.6 71 0.8 82 0.3 97 0.6 99 0 
8925 1 0 39 0 79 0 97 0.9 99 0.7 
8935 42 0.3 43 0.4 44 0 62 1 91 0.8 93 1 
8945 2 0.4 38 0.6 57 0.3 79 1 
9127 10 0 26 0.6 42 0.6 44 0.5 46 0.3 51 0.6 89 0.5 
9130 30 1 70 0 72 1 
9206 3 0 30 0.4 
9261 5 0.4 12 1 14 0.6 23 1 40 0.6 78 1 86 0.6 
9301 0 0 2 0.6 28 0.5 35 0 58 0.5 76 0 93 1 
9446 3 1 4 0.7 18 0 25 0.5 29 0.4 77 1 79 0.9 85 0.7 90 1 91 0.7 
9452 0 0 
9510 2 0.8 22 0 35 0.4 43 0 54 1 65 0.3 68 0.7 82 0.6 85 0 93 0.5 
9623 15 0.6 42 0.3 
9687 33 0 39 0.8 56 0.4 57 1 58 0 70 0 86 0.5 90 0.4 94 0.7 
9724 0 0 2 0 17 0.6 27 0.7 38 0.3 63 0.6 80 0 86 0 97 0.5 
9726 22 0.8 94 0 
9782 5 0.6 13 0 22 0.6 45 0 51 0 53 0.6 56 0.5 73 0.6 81 1 92 0 
9874 28 0.7 34 0.9 35 0 40 0.7 62 0.8 63 0.9 68 0.7 80 0.6 87 0 
9896 3 0 13 0 34 0.5 51 0.4 71 0 78 0.8 84 0.5 88 0.3 93 0 95 0 
9928 29 1 60 0.4 71 0.7 82 1 94 0 
