100
163 6 1 18 0.3 31 1 54 0 
261 27 0.8 29 0.3 60 0.8 68 1 86 1 88 0.5 89 0 
341 12 0.7 16 1 39 0.9 46 0 49 0.8 51 0.8 72 0.8 80 0.5 
405 45 0 80 1 
430 26 1 44 0 81 0 85 0.6 91 0.7 
553 0 0 9 0 59 0.6 60 0.7 61 0.7 67 0.7 77 0 
560 9 0 20 0.5 38 0.3 53 0.3 54 1 
588 84 1 
601 6 1 11 0.4 26 0.4 28 0.3 67 0 77 0.5 88 0.9 90 0.9 97 0 
634 16 0.4 25 0.8 29 0.6 31 1 37 0 44 0.3 51 0.5 
635 1 0.9 3 0 5 0 16 0.7 20 0.4 57 0 64 0.4 82 0.7 87 0 
647 21 0.3 33 0 75 1 91 0.9 
775 0 0 53 0.3 66 0.7 80 0.3 90 0.5 96 0.6 
809 21 0 22 0.8 28 1 39 0 56 0.6 61 0.5 67 0.5 85 1 96 1 
870 65 0 87 0 
880 4 0.8 5 0.5 49 1 54 0.8 59 0.5 68 0.8 77 0.8 88 0 
979 48 0.3 64 0.8 71 0.5 
990 18 0.3 28 0 39 0.6 45 0.3 77 0.7 88 0.5 
1055 21 1 45 0.9 
1563 3 0.6 23 0.9 34 0.7 38 1 47 0.5 53 0.9 89 0.4 97 0.3 
1602 10 0.3 63 0.7 
1694 9 1 17 0.5 24 0.4 26 0 56 0.6 63 0.5 67 0.5 75 0.4 90 0.3 
2024 2 1 10 0.4 24 0.7 43 0.4 
2034 16 0 18 0 46 0 66 1 76 0.7 
2055 11 0.7 23 0.7 34 0.6 39 0.7 52 0 58 0.8 68 0.6 90 0.3 
2251 17 0.6 
2322 10 0 15 0.3 25 0.5 64 0.6 90 0 96 1 
2331 12 0.9 17 0.4 23 0.5 52 0.7 54 0.6 59 0 85 1 86 0.8 95 0.6 
2439 57 0.4 97 0.5 
2506 18 0.9 26 0 52 0 66 0 77 1 90 0.5 93 0.8 
2662 3 0.5 25 0.7 42 1 43 0.5 63 0.8 73 0.4 88 0.8 
2683 39 1 41 0.5 74 0.8 85 0.8 
2831 23 0 29 0.9 40 0 58 0 64 0.9 70 0.6 84 1 95 0 98 0.3 
3056 1 0.4 
3107 5 0.9 6 0.6 10 0.6 11 0.5 31 0.5 46 0.5 69 0.9 78 0 91 0.3 92 0 
3146 15 0.3 36 0.9 40 0.8 92 0.6 
3156 8 1 11 0 31 0.9 33 0 
3176 17 0.5 59 1 
3306 1 0.5 20 0.3 27 0.3 31 1 45 1 54 0 60 0.6 81 0 86 0.4 
3505 0 1 6 0 8 0.6 10 0 21 0.9 37 1 57 0.7 71 0.8 83 0.6 86 0.7 
3562 3 0 16 0.8 20 0 36 0.4 42 0 67 1 73 0 86 0.6 92 0 
3592 6 0.4 59 0.3 
3606 3 0 6 0.7 12 1 15 0.9 20 0 39 1 52 0.4 64 0 66 1 
3703 3 0.5 10 0.3 22 0 27 0.8 28 0.5 36 0.5 37 0.4 52 0 64 0.4 68 0.9 
3743 8 0.9 26 0.9 70 0 71 0 73 0.4 81 0.8 92 0 95 0.9 98 0 
4038 20 0.6 44 0.7 48 0.7 65 0.5 
4285 0 0.7 5 0.8 15 0.9 17 0.9 43 0 72 0 78 0.7 
4292 2 0.5 13 0 17 0 53 0.5 57 0 74 0.9 99 0.6 
4811 29 0 32 0 
4944 5 0.5 22 0 24 0 39 0.5 47 0 59 0 66 0.8 82 0.4 89 1 93 0.7 
5067 10 0.4 43 0.7 79 0.5 85 0.6 95 0.3 98 0.6 
5160 5 0 13 0 42 0.3 44 0.4 52 0 57 1 61 0 67 0 77 0 83 0 
5441 12 0 17 0 18 0.8 26 0.5 78 0.7 87 0.6 
5445 23 0.4 26 0 47 0.7 61 0.4 64 0.3 75 0.3 
5447 8 0.6 78 0 87 0 
5630 2 1 24 0 27 0.5 56 0 76 0.4 84 0.8 95 0 
5640 7 0.9 17 0 20 0.3 39 0 51 1 85 0.4 
5648 12 0.6 17 1 23 0.3 44 0.6 48 0.9 65 0.3 82 0.6 88 0.4 90 0.7 
5669 3 0.9 5 0.7 25 0.5 33 0.9 41 1 50 0.7 53 0.4 75 0 76 0.4 99 0.3 
5722 1 0.9 11 0.9 13 0.3 42 0.8 46 0.9 50 0.4 64 0.3 
6015 0 0 7 0.6 14 0.8 49 0 61 1 66 0.6 72 0.4 77 1 98 0 
6189 6 0 21 0 28 0 37 0.4 81 0.8 90 0.5 
6399 14 0.3 43 0.8 50 0 91 0.6 99 0 
6474 5 0 6 1 31 1 39 0.3 40 0 46 0.4 
6560 9 0 62 0.8 97 0.3 
6602 14 0 47 0.8 63 0.6 71 0.9 76 0.8 81 0.5 
6642 2 0 6 0.6 11 0 12 0.4 14 1 19 0.6 43 0.8 63 0 97 0.6 
6668 5 0.5 9 0 30 0.6 72 0.5 76 0 89 0 
6721 18 0.4 34 0.4 36 0.4 40 0.7 43 0.6 53 0 70 0.8 72 0 87 0.7 
6770 33 0 61 0 65 0.5 73 0.3 80 0.3 
7153 30 1 44 0.9 56 0.5 65 0.5 86 0 
7264 3 0 11 0.8 23 0.4 55 0.3 69 1 80 0.4 87 0.9 99 0.4 
7343 22 0 53 0.3 69 1 
7401 4 0 42 0.5 88 0 91 0 
7488 8 0 17 0.6 35 0.6 83 0.8 96 0.7 
7609 24 0 26 0 45 0.6 55 0 74 0.9 77 0 
7681 11 0.5 18 0.4 21 0 32 0.6 34 0.4 44 0.9 66 0.4 67 0.5 88 0.5 98 0.8 
8013 7 0.9 11 0.3 21 0.9 41 1 44 0.7 87 0 99 0.3 
8052 35 1 
8081 59 0 96 0.8 
8247 13 0.9 42 0.5 53 0 55 0.3 74 0.8 
8425 21 0.4 26 0.3 69 1 76 0.8 85 0 
8594 15 0.3 26 0 51 0.3 64 0.8 76 1 79 0.6 91 0.3 
8656 6 0.4 27 0 35 0.5 51 0.7 58 0 61 1 
8665 6 0 36 0.4 59 0 60 0.8 
8690 4 0 17 0.4 20 0.3 23 0.5 28 0.4 42 0 68 0 70 0 93 0.4 95 0.5 
8814 7 0.6 43 0.5 75 0.7 96 0.7 
9000 4 1 70 0.4 81 1 
9046 11 0 14 0.5 32 0.6 
9117 42 0 49 0.3 54 0 70 0.5 72 0.8 74 0 79 0.5 83 0 96 0 
9205 16 0.5 20 1 22 0.6 37 0 41 1 45 0.4 62 0.4 
9371 8 0.4 37 0.9 61 0 
9537 26 0.6 30 0 37 0.4 45 0.5 50 0.7 98 1 
9647 1 0.6 7 0 19 0 51 0.3 59 0.3 63 0.6 83 0.4 87 0 94 0 
9655 6 1 26 0.4 30 0 62 0.7 93 0 95 0.6 
9672 4 0.4 7 0 20 0 35 0.7 64 0.9 78 0 88 0 95 0 
9697 61 0.3 72 0.6 91 0.5 
9867 91 0 
9875 19 0.9 29 0 31 1 35 0.8 46 0 48 0.6 84 0.3 89 0 
9962 18 0.3 48 0.3 87 0.8 95 1 
