100
143 0 0.7 5 0.7 12 0.6 51 0.7 59 0.4 64 0.8 79 0.4 92 0.8 98 0 
152 98 0 
268 6 0.9 12 0.3 29 0.4 59 0 73 0.7 80 0.5 
334 39 0 
503 57 0.8 69 0.5 78 0 84 0.3 85 0.3 
553 0 0.4 9 0 59 0.7 60 0.6 61 0 67 0 77 1 
668 8 0 33 0.6 47 1 55 0.7 79 0.7 89 0.5 
713 2 0.3 8 0 36 0.5 54 0.7 88 0.4 
719 21 0.5 53 0.9 91 0 
897 15 0.9 17 0.3 20 0 61 0 68 0.8 86 1 95 0 99 0.7 
963 5 0.8 17 0 20 0.3 40 1 46 0.6 60 0.6 73 0.9 
1280 6 0 12 0.6 26 1 57 1 63 0.6 68 0.3 91 0.4 
1302 17 0 28 0.6 42 0.6 61 0.3 79 0.3 
1442 0 0.4 3 0.7 19 0.8 25 0.8 27 0 28 0.7 39 0.9 52 0.7 74 0.8 
1444 11 0 42 0.3 60 0.6 
1461 35 0 37 0.3 41 0 45 0.3 58 0.7 75 0.4 77 0 
1513 4 0 35 0.8 43 0.4 46 0 76 0 88 0.4 
1647 27 0.8 29 0.9 45 0 
1680 15 0.8 18 0.6 43 0.4 44 0.4 58 0.8 
1925 21 0.6 40 0.7 42 0.3 67 0 73 0.3 
1949 4 0.9 31 0.9 49 0 64 0.6 77 0.4 89 0 96 0.4 98 0.3 
2186 13 0.3 15 0.4 45 0.6 58 0.6 94 1 99 0 
2231 16 0.9 27 0.9 35 0 
2248 8 0.4 22 0.4 23 0.8 25 0 31 0 69 1 75 0 79 1 
2299 2 0.4 3 0.4 37 0.9 43 0 82 0 
2304 0 0.9 14 0.7 22 0.9 30 0.3 48 0.5 55 0 92 0.3 97 0.5 
2403 16 0.4 
2442 10 0.9 22 0.4 23 0 56 0 68 0 
2476 89 0.9 
2493 3 0 4 0.9 8 0 11 0 17 0.8 38 0 39 0 47 0.4 79 0.9 84 0 
2544 69 0.8 
2636 11 0.8 62 0.8 63 0 69 0 76 0.4 84 0.4 
3040 21 0.9 
3354 0 0.9 8 0.4 20 0.4 21 0.8 33 0.4 46 1 52 0.9 55 0.6 
3639 0 0 7 0 25 0.3 30 0.3 37 0.9 43 0.3 62 0.3 65 0 78 0.8 95 0 
3787 5 0.9 6 0.8 9 0 19 0.6 22 0.5 35 1 36 0 63 0 69 0.3 
3790 5 0 12 0.8 20 0.8 35 0.4 53 1 86 0.8 97 0.9 
3866 88 0 
3937 31 0.9 97 0.3 
3994 28 0.7 42 0 45 1 81 0.8 95 0.3 
4158 9 0 16 1 32 0.5 35 0.3 39 0.8 60 0.8 79 1 84 1 92 0.8 98 1 
4181 15 0 28 1 34 0.9 50 0.6 
4206 9 0.3 10 0.7 28 0.6 38 0.3 40 0 64 0.4 82 0.6 85 0.4 88 0.9 93 0 
4685 2 0 12 1 41 0 44 0 54 0.7 80 0 96 0.9 
4725 8 0.6 26 0.5 64 0.9 68 0 72 0 81 1 91 0 
4749 3 1 9 0.3 33 0.5 34 0.3 40 0.5 55 0.4 66 0.8 78 1 90 0.7 96 0.8 
4802 0 0.5 5 0.4 16 0.3 45 0 46 1 69 0.3 76 0.8 79 0.3 94 0.3 97 0.4 
5178 3 0.3 48 0.9 55 0.5 
5323 3 0 31 0.9 40 1 43 0.3 51 0 65 0.4 73 0.8 76 0.3 99 0 
5340 13 0.5 23 0.8 25 0.3 51 0 56 0 82 0.9 
5347 44 0.9 67 0 89 0 
5653 31 1 43 0 48 0.9 79 0 81 0.6 87 0.5 91 0.5 
5799 31 1 46 0 54 0.4 58 0.9 63 0.9 71 0.3 72 0.5 77 0.8 98 0 
5812 40 0.7 80 0.4 
5824 16 0 20 0 23 0.4 41 0 47 0.5 53 0.6 57 0 64 0.4 
5936 70 0 96 1 
6094 1 0.4 12 0 14 0 38 0.8 76 0.6 95 0.4 98 0.9 
6113 6 0.8 14 0 31 0 48 0.5 64 0.4 98 0.4 
6227 15 0.9 22 0 34 0 45 0.6 50 0.5 55 0.4 56 0 73 0.9 94 0.5 
6230 51 0.4 56 0.8 71 0 98 0.5 
6347 50 0.3 
6428 7 0.6 30 0.8 38 0 43 0.3 50 0.5 64 0.7 89 0.8 
6480 24 0.9 52 0 56 0 71 0.4 
6743 27 0 40 0.4 42 0.6 49 0 79 0.5 89 0.4 90 0 
6885 1 0.4 7 0 41 0.8 51 0.5 53 0.7 63 0.7 90 0 91 0.7 95 0.5 97 0.5 
6886 22 0.6 30 0.6 49 0.9 85 0 90 0 
6974 20 0.7 24 0 25 1 29 0.3 51 0.8 64 0.8 66 0.3 94 0.7 
6992 12 0.7 85 0.5 99 0.5 
7124 3 0 22 0 26 1 43 0.4 54 0.6 63 0.4 67 0.8 91 0 95 0.6 
7196 37 0 47 0 73 0.8 84 0.6 86 1 
7202 86 0.6 
7277 20 0.4 45 0.8 48 0 60 1 97 0.5 
7340 22 0.5 42 0 69 0.6 71 0 75 0 78 0.6 89 0 
7439 3 1 19 1 55 1 89 0.7 
7470 5 0 12 0.6 28 0.5 39 0.8 42 0 67 0.9 73 0.5 74 0.8 80 0 81 0 
7481 40 1 42 0.4 55 0.7 
7554 17 0.7 21 0 33 0.6 40 0 44 0.4 87 0.6 
7648 31 0.8 40 0 43 1 61 0.9 78 0.3 
7708 3 0.6 5 0.5 14 0.8 19 0.6 26 0.3 41 0 51 0.8 63 0.9 68 0.9 94 0.6 
8026 29 0.9 
8137 7 1 9 0.7 14 0.8 18 0.7 20 0.3 27 0 72 0.6 85 0 87 0.5 
8211 11 0.3 12 0 26 0.8 27 1 41 0.4 70 0 75 1 92 0.3 
8400 41 0.9 
8457 1 0 18 0 29 0.3 36 0 41 0.3 45 0 74 0.3 78 0 82 0.4 
8542 0 0.7 4 0 20 0.9 21 0.9 31 0.9 39 0 43 0.5 56 0.6 
8588 0 0.3 2 0.6 5 0.3 10 0.3 55 0 86 0.9 88 0.8 92 0 99 0.3 
8651 22 0.8 78 0.7 98 0 
8747 8 0.9 17 0.6 19 0 32 0.5 67 0.7 76 0.9 83 1 88 0.8 
8765 11 0.5 13 0.7 22 0.7 30 0.6 47 0.8 48 0.3 53 0 71 0.3 92 0.7 
8938 18 1 
9017 86 0 
9155 0 0.9 75 0.5 79 0.4 91 0.8 
9200 18 0.6 42 0 55 0.3 62 0.3 69 0.4 70 0.4 95 0.7 
9208 4 0.8 11 0.4 21 0.5 29 0 46 0.3 65 0 77 0.7 83 0.4 
9459 9 0 15 0 21 0.5 40 0.5 63 0.9 64 0.4 79 0.4 
9593 6 1 23 0 25 0.7 27 0.8 29 0.3 30 0.5 50 0.5 74 0.5 84 0 
9660 5 0 12 0 18 0.4 38 0 99 1 
9712 6 1 39 0 52 0 63 0.5 70 0.8 84 0.6 97 0.8 
9922 58 0 71 0.8 
9971 83 1 
