100
67 43 0.8 92 0 
76 14 0.5 42 0 49 0 59 0 60 0 61 0.6 64 0.9 67 0.5 93 0 
87 10 0.7 54 0 59 0.3 62 0 69 0.7 71 0.8 72 1 92 0.9 
107 0 0.8 15 0.8 33 0.6 42 0.6 70 0 79 0.9 80 0.9 91 0.8 
139 0 0 10 0.5 28 0.4 30 0 45 0 47 0.7 58 0.5 69 0.6 92 0.4 
197 36 0 54 0 72 0.8 73 0.7 91 1 
365 51 0 68 0 91 0.5 
400 15 0.7 22 0.5 40 0.3 72 0.7 84 0.3 99 0 
428 27 0.7 44 0.9 46 0 54 0.6 85 0.5 
429 33 0.8 94 0.7 
506 0 1 10 0.5 18 0.7 39 0.3 64 0.8 81 0.9 90 0.6 
533 75 0 96 0 
567 0 1 12 0 21 0.7 32 0.4 41 0.7 44 0 51 1 71 0.7 89 0.7 
702 25 0 32 0.4 83 1 99 0 
708 0 1 50 0 56 1 64 0 90 0.7 
871 3 0.4 18 0.3 
1103 79 0 
1214 10 1 17 0.3 32 0.5 58 0.8 68 0.5 79 0 
1266 4 0.5 30 1 32 0.5 34 0 46 0.4 60 0.3 64 0.9 81 0.8 85 0.5 87 0.3 
1465 28 0 50 0.8 54 0 99 0 
1499 2 0.4 15 0 23 0 29 0.6 58 0.5 65 0.7 68 0.4 98 0.8 
1534 16 0.4 34 1 64 0.4 68 1 91 0 
1625 22 0.3 26 0.3 42 0 67 0.3 80 0.7 
1630 26 0.9 41 0.8 58 0.7 66 0 
1685 11 0.9 
1704 10 0 87 0.8 
1736 1 0.4 4 0.4 7 1 9 0.6 18 0 25 0.3 30 0.3 40 0 72 0 97 0.8 
1754 15 1 25 1 31 1 32 0.4 82 0.9 
1809 10 0 40 0.3 66 0 
1928 8 1 25 0.7 36 0.6 54 0.7 55 0.8 70 0.9 96 0.4 
2108 0 0 29 0 42 1 46 0.5 85 0.6 
2206 17 0.3 37 0.7 87 1 
2329 9 0.7 14 0.8 33 0.7 46 0.6 96 0.3 98 0.6 
2350 8 0.6 42 0.3 68 1 93 0.7 
2384 49 0.6 52 0.5 80 0.3 
2492 2 0.5 3 0.7 16 0.7 49 0 53 0.8 58 0.5 70 0.9 88 0 95 0 99 0 
2557 23 0.4 24 0 33 0 37 0.5 81 0.5 93 0.5 
2618 8 0 
2638 22 0 72 0.8 80 0.7 
2659 27 1 37 0.5 43 0 47 0.8 77 0.6 84 1 85 0 88 1 
2705 11 0.8 27 0.5 45 0.9 65 0.7 94 0 
2712 23 1 36 1 47 0 53 0.9 66 0 67 0.9 73 0.8 
2836 10 0 69 0 75 0.3 93 0.7 
2872 20 1 26 0.4 75 0.7 95 0.4 
2978 26 0.9 27 0.9 47 1 56 0.9 74 0.6 83 0.3 89 0.6 97 0.7 
3128 6 0.7 33 0 38 0.3 49 0.7 50 0.5 58 0.6 82 0.3 93 0.7 
3342 95 0 
3442 17 0 21 0.6 41 0.3 48 0 65 0.6 69 0.6 80 1 82 0.6 91 1 
3747 2 0.9 25 0.5 47 0.7 71 1 86 1 
3817 6 0 24 0.3 29 0.7 43 0 75 0 
3843 4 1 6 0.6 
3961 10 0.7 23 0 66 0.7 
3997 20 0 21 0.9 22 0 51 0 55 0.5 57 0.7 71 0.4 
4031 68 0.4 
4171 10 0 22 0 38 0.3 52 0 53 0.8 60 0 72 0.5 80 0 81 0.5 91 0 
4315 11 0 17 1 34 0.4 49 0 79 1 
4467 64 0.9 79 0.8 89 0.5 
4473 2 0.8 28 1 
4656 7 0.9 11 0.6 16 1 23 0.5 34 0 58 0.8 76 0.7 79 0.6 82 0.3 
4786 7 0.4 9 0.9 11 0 29 0 54 0.4 80 0.9 86 0.3 
5058 59 0.5 85 0 86 0 
5164 1 0 27 0.3 64 0.4 
5181 4 1 8 0 49 0.3 54 0.4 58 0.4 63 0.9 
5406 7 0.9 12 0.6 64 0 91 0.9 
5416 1 0.7 
5706 7 0.4 27 1 30 1 31 0.5 43 0.3 50 0 55 1 58 0.8 59 1 92 0.9 
5878 8 0.9 35 0.9 69 0.3 
6067 26 0.5 29 0.3 75 0 85 0.7 89 0.6 
6106 5 0.9 6 0.7 8 0.9 11 0 16 0.6 22 0 74 0.3 91 0.8 
6164 1 0.6 4 0.4 7 0 32 0.4 50 0.4 
6183 10 0.6 15 0.8 25 0.4 75 0 98 0 
6213 0 0 33 0.7 
6443 47 0.7 79 0 92 0.5 
6533 4 1 5 0 60 0.4 80 0 
6703 2 0.5 31 0.6 64 0 93 0 
6784 8 0 11 0.3 13 1 23 0.3 58 0.5 74 0.9 77 0.6 80 0.6 86 0 
6867 43 0.7 83 0 
6893 37 0.5 41 0.7 47 0.9 50 0.5 59 0.3 94 0 96 0.6 99 0.6 
6925 17 0 20 0.9 29 0 49 0.5 51 0.5 82 0.5 89 0.6 91 0.5 92 0.4 
7124 3 0 22 0.8 26 0 43 0.6 54 0.3 63 0.5 67 0.7 91 0.7 95 0 
7710 27 0 28 0 50 0.8 61 1 66 0 77 1 82 0 84 0.5 99 0 
7829 8 0 14 0 17 0.8 20 0.4 23 0.9 24 1 30 0.3 51 0.9 82 0 95 0.7 
8049 3 0 10 0.7 33 0.6 41 0.6 55 1 75 0 81 1 86 1 
8074 1 0 32 0.4 38 0.7 52 1 67 1 72 0.8 77 0.9 
8523 14 0.4 16 0.4 56 0.4 58 0.9 63 0 69 1 71 1 81 0.7 
8707 51 0.9 
8747 8 1 17 0 19 0.8 32 1 67 0 76 0.9 83 0.3 88 0 
8803 25 0.7 
9174 15 1 50 0.5 65 0.8 69 0.5 
9175 47 0 52 0 65 1 74 0.6 84 0 90 0.5 97 0.5 
9299 35 0 93 1 99 0.5 
9344 81 0.4 85 0 
9399 4 0.6 14 0.6 30 0.3 57 0 62 0.4 65 1 71 0.4 79 0.3 
9508 27 0.8 49 0.4 96 0.7 99 1 
9553 37 0.5 
9719 48 0.7 83 0.7 
9739 26 0.4 32 0 50 0.9 51 0.9 56 0 57 0 61 0 86 0.3 87 0.6 93 0.9 
9873 1 0 15 0.8 72 0.4 75 0 
9948 13 1 52 0.6 53 0 65 0 67 0.5 98 1 
9990 54 1 57 0.3 61 0.3 87 0 91 0.8 92 0.7 
