100
210 15 0.9 37 0 38 0 70 1 81 0 98 0.7 
212 20 0.8 22 0.7 90 1 93 0 
216 4 0.5 8 0.4 35 0.7 37 0.4 
242 39 0.6 56 0.3 74 0 80 0.4 99 0 
267 5 0.6 23 0.7 37 0 48 0 50 0.5 64 0.6 69 1 76 0.8 99 0.3 
291 32 0 38 0.9 40 0.8 90 0.8 
336 20 0 28 0 29 1 33 0 65 0.8 76 0.5 
361 11 0 17 1 22 0.7 28 0.4 60 0 87 0.8 90 0.9 95 0 
372 6 0.3 9 0 15 0.3 19 0.6 24 0.7 31 0 36 0.3 68 0.7 98 1 
464 30 0 
520 15 0.7 35 0.9 50 0.5 
613 44 0 46 0.4 99 0 
648 32 0 33 0.8 44 0 48 0.9 67 0.7 73 0.6 
720 0 0.5 2 0 6 0 38 0.7 50 0.6 71 0 93 1 99 0.5 
723 10 0.5 72 1 79 0.6 98 0.8 
797 0 0.9 22 0.8 28 0.4 36 0.3 41 0.3 46 0.3 59 0 
820 15 0.8 50 0.5 55 0 95 0 
951 16 0 30 0.4 31 1 50 0 57 0.7 
1120 18 0.7 25 0.4 
1228 16 0.8 78 0 
1510 71 0.8 
1556 14 0 45 0.3 65 0.7 86 0.8 
1678 35 0.3 42 0.9 58 0.9 65 0.9 70 0.4 88 0.5 89 0.7 91 0.5 93 1 
1832 10 0.7 29 0.6 41 0.7 43 0 44 0.3 49 0.4 
1868 8 0.3 14 0.9 16 0 35 0.7 48 0.5 64 0.9 94 0.5 
1889 80 0.9 
1916 22 1 94 0 
2055 11 0.4 23 0 34 0 39 0.7 52 0 58 0.7 68 0.7 90 0 
2153 1 0.3 12 0 24 0.4 35 1 38 0.8 54 0.4 75 0.7 91 0 
2215 61 0.5 
2239 18 0.9 83 0.5 84 0.8 88 0.7 89 0.3 
2408 5 0 11 0.5 13 0.8 26 0.4 31 0.6 45 0 53 0 61 0.4 82 0.7 90 0.3 
2452 17 0.7 22 0.8 41 0.8 48 0 59 0.6 63 0 66 1 86 0 96 0.4 
2565 4 0 34 0.4 49 0.7 50 0.7 66 0.6 73 0.8 78 0 94 0.3 96 1 97 0.6 
2615 73 0 76 0.9 87 0.9 
2801 7 0 12 0 58 0 64 0.5 74 0.6 81 0 
2858 17 0.9 88 0 
3205 15 1 31 1 81 0.3 83 0 99 0.9 
3239 9 0.8 41 0.6 96 0 
3270 4 0.8 5 0.9 8 0.8 37 0.3 93 1 95 0.3 
3302 13 0.3 
3313 6 0 20 1 22 0 28 0.5 40 0.4 69 0 77 0.8 91 0.4 94 0 
3406 11 1 13 1 14 0.6 33 0.5 39 0 79 0.5 80 0 86 0.7 92 0 99 0.6 
3437 5 1 14 0.6 32 0 35 0.9 38 0.7 49 0.7 72 0.5 79 0.7 
3564 12 0.6 21 1 73 0.7 
3633 26 0.9 47 0 56 0 
3670 7 0 40 0.8 44 0.8 62 0.5 
3687 17 0 
3739 28 0.5 32 0.9 33 0.9 38 1 58 0 87 1 88 0 99 1 
3758 4 0.3 18 1 24 0 31 0.7 54 1 58 0.6 63 0.6 73 0.4 77 0 96 0.4 
3882 1 0 19 0 66 0 96 0.6 
4021 50 0.4 87 0.7 
4076 7 1 9 0 19 0 22 0.3 29 0.3 37 0 63 1 87 0.5 88 0.9 
4190 7 0 22 0.3 26 1 51 0.8 55 0 84 1 98 0.3 
4223 7 0.7 25 0 33 0.6 36 0.9 40 0.6 66 0.9 93 0 
4282 31 0.4 42 0.3 83 0.9 
4501 12 0 65 0.5 
4840 9 0 22 0.3 43 0.9 71 0 
4909 18 0.4 20 0 27 0.7 34 0 
4973 17 0 32 0 55 0.7 97 0 
5317 14 0.6 20 0.3 30 0.8 35 0 58 0.9 84 0 86 0.3 89 0.5 
5320 1 0 10 0.7 22 0.9 37 0 45 0 57 0 71 1 79 0.6 80 0 82 1 
5407 1 0 14 0.4 20 0.5 52 1 
5453 0 0.3 1 1 4 1 5 0.6 24 0.5 47 0.4 54 0.7 63 1 83 0.9 
5618 9 0.8 17 0 36 0 40 1 45 0.5 48 0.9 74 1 75 0.4 94 0.6 
5735 9 0.9 23 0.8 32 0 36 0 52 0 93 0 
5989 1 0.4 3 0 4 0.9 20 0.4 31 0 49 0.4 55 0 82 0.8 
6371 0 0.4 36 0 75 0.3 82 0 96 0.7 
6415 71 0 72 0 
6518 34 0.8 86 0.7 
6554 2 0.8 19 0.4 22 0.4 25 0.7 55 0 65 0.3 70 0.8 76 0.8 83 0.7 
6593 10 0.9 12 0.6 21 0.8 53 0.9 58 0 62 0 
6608 23 0 29 0.3 38 0.3 64 0.5 68 0.8 74 0.9 
7073 13 0.9 57 0.3 78 0.4 96 0.6 
7100 4 0 5 0.7 50 0.5 
7199 6 0.9 11 0.5 24 0.3 27 0.9 30 0.3 38 0.6 40 0.6 67 0 68 0 99 0.5 
7560 16 0.9 36 0.3 43 0 52 0.4 57 0.3 58 0.5 59 0.8 64 0.4 79 0.6 
8148 11 0.5 13 0 27 0.9 33 0.4 39 0 45 0 46 0 49 0 66 0.7 74 0.5 
8220 0 0 45 0.8 66 0.3 
8232 13 0.5 23 0.5 97 1 
8490 42 0 
8611 84 0.9 
8769 9 0.3 12 1 21 0 32 0.7 52 0.3 66 0.7 75 0.8 
8775 0 0.3 6 0.7 11 0.6 16 0.9 18 0.8 47 0.8 62 0.7 91 0.7 92 0.4 
8794 71 0 77 0.5 
9073 2 0.9 15 0 43 0.9 45 0.7 62 0.7 66 0.8 68 0.7 76 0.5 93 1 99 0 
9123 2 0.9 67 0.5 
9207 45 0.4 55 0 57 0 73 0.7 85 0.8 
9382 59 0.6 
9413 6 0.8 35 0.4 53 0.4 96 1 
9516 5 0.7 6 0.8 10 0.3 22 0.7 47 0.4 52 1 70 0.5 74 0.8 86 0.5 88 0 
9551 13 0.8 22 0.9 23 0.9 34 0 64 0.3 65 0.8 81 0.5 96 1 
9599 2 0 3 0.4 50 0 54 0.6 85 0 
9672 4 0 7 0 20 0 35 0.4 64 0 78 0.6 88 0.9 95 0.6 
9681 56 0.8 90 0.4 
9682 8 0.3 9 0.8 45 0.4 48 0.9 
9687 33 1 39 0.4 56 0.8 57 0.3 58 0.6 70 0 86 0 90 0.4 94 0.8 
9720 42 0.5 48 0.3 84 0 
9834 43 0 88 0.4 
9956 0 0 18 0 24 0 31 0.3 33 0.6 45 0 77 0 
