100
108 28 0.4 
155 85 1 95 0.7 
360 37 0.7 56 0.8 73 0 
414 1 0.9 16 0.8 25 0.5 68 0.6 89 0 
431 43 0.9 
436 37 0.6 55 0.3 72 0.8 
442 71 0.3 
499 29 0 48 0.3 79 0.9 
649 0 0.7 4 0.5 13 0.7 25 0.3 38 0.9 46 0 69 1 70 0.9 74 0.4 
667 27 0.4 85 0.3 
708 0 0.3 50 0.4 56 0.3 64 0.9 90 0.9 
903 3 0.7 20 0.8 67 0.7 86 1 91 0.4 93 0.6 
1122 1 0.4 8 0.3 11 1 13 0 15 0.3 
1323 0 0 20 0.4 52 0.9 83 0.6 94 0 
1352 0 0.5 16 0.3 37 0.4 41 0 53 0 63 0.4 70 0.6 77 0.6 
1441 6 0 28 0 45 0.4 65 0 66 0.6 73 0.6 87 0 
1493 9 0.6 11 0 16 0 28 0 40 0 81 1 86 0.7 
1569 2 0 5 0.9 8 0.3 20 0.7 26 0.3 42 0.4 49 0.3 99 0.3 
1656 2 0.8 4 0.7 11 0.4 39 0.9 67 0.3 
1996 0 0.4 16 0.8 35 0.7 58 0 60 0.7 69 0.8 82 0 90 0.3 
1999 61 0.4 
2103 21 0.9 23 0.5 34 0.5 36 0.9 40 0.8 99 0.4 
2170 9 0.9 20 0.8 21 0.7 23 0.4 25 0.3 56 0.3 60 0.3 69 0 74 0 81 1 
2261 18 0.9 35 0.6 43 0 45 0.6 81 0.9 
2286 43 0 74 0.7 
2398 0 0.7 3 0 11 0.7 27 1 33 0.3 40 0 69 0.3 73 0 98 0.9 
2530 5 1 23 0 32 0.3 33 0.7 36 0 44 0 56 0.6 59 0 63 0.9 82 0.3 
2677 9 0 12 0.9 15 0.7 31 0.5 32 0 51 0.7 57 0 59 0.3 61 0 66 0.4 
2720 55 1 86 1 
2793 19 1 56 0.7 
2830 0 0.7 13 0.4 19 0.7 53 0 71 0.9 83 1 86 0.7 
3008 1 0.5 3 0.3 26 0.4 62 0 67 0.8 69 0 88 0.5 89 0.3 
3141 13 0.6 18 0.8 19 0.6 66 0.4 86 0 99 0.3 
3186 9 0 23 0.3 46 0.7 51 0 54 0 96 0.6 
3230 25 0.9 59 0 82 1 
3370 20 0 25 0.7 29 0 36 0.8 54 0.9 55 0 64 0.7 82 0.7 91 0.9 
3397 13 0.9 19 0.4 21 0.6 26 0 33 0.5 36 1 52 0.4 62 0 68 0.5 
3434 14 0.8 
3563 17 0 28 0.3 40 0 86 0.8 87 1 
3572 3 0.3 4 0 9 0 54 0.8 68 0.5 69 0 83 0 84 0.3 88 0.3 
3619 0 0.4 19 0 22 0 27 0.4 66 0.7 75 0.6 77 0.4 78 0 95 0 97 0.8 
3659 94 0.3 
3799 6 0.4 11 0.5 13 0.3 14 0.5 28 1 99 0.8 
3831 21 0.7 97 0.9 
3924 11 0.4 44 0 77 0 78 0 
3974 0 0.9 44 0.6 55 0.6 69 0.5 71 0 73 0.5 77 0.3 81 0 94 0.4 99 0 
4037 16 0.9 32 0 37 0.6 43 0.3 72 0.6 81 1 82 0 84 0.3 
4086 9 0.9 10 0 17 0.4 36 0.6 79 0.4 
4158 9 0 16 0.6 32 1 35 0.8 39 1 60 0.5 79 0.8 84 0.5 92 0.5 98 1 
4267 4 0.5 13 0.6 26 0.5 31 0.7 44 0.5 45 0.4 60 0.8 85 1 
4335 52 0.6 62 0.7 77 0.4 
4762 2 0.7 3 1 4 0.7 29 0.9 59 0.9 77 0.9 87 0.6 88 0 94 0.5 
4800 20 0.7 21 0.7 26 0 44 0.7 49 1 58 0 62 0.4 65 0.8 71 1 
4826 7 0 10 0 31 0.3 33 0.4 48 1 51 0.5 63 0 70 0.6 
4852 0 0 1 0.9 8 0.5 10 1 21 0 32 1 56 0.8 59 0.9 80 0 90 0 
4896 16 0.5 20 0.8 27 0.4 28 0.3 31 0.6 50 0.7 51 0.3 80 0.5 95 0.7 
4917 17 0.3 33 1 
4970 9 0.3 13 0.7 22 0.7 23 0.8 25 0 31 0 53 0.5 90 0.9 
5036 39 1 57 0.7 67 0.8 97 0.5 
5063 34 0.7 
5248 15 0.5 27 0.9 41 0.7 82 1 
5268 29 0.9 81 0 
5393 13 0 31 0 41 0 53 0 64 0.5 88 0 
5492 1 0.6 16 0 37 0.7 50 0.6 64 0.8 71 0.7 74 0.9 87 0 
5541 10 0 39 0.4 54 0 56 0 58 0 60 0.3 76 0.4 77 0 93 0.6 
5714 68 0.5 87 0.4 
5742 34 0.8 46 0 65 0 80 0.3 97 0.8 
5831 23 0.6 98 0 
5868 0 0.3 2 0 16 0.5 47 0 52 0.7 62 0 77 0.3 99 0 
6102 1 0.5 3 0.7 15 0 
6201 8 0.6 27 0.3 
6413 0 1 20 0.5 41 0 51 0.8 58 0 62 0.6 81 1 99 0 
6418 1 0 15 0.8 18 0.8 25 0 48 0.9 53 0.4 54 0.8 64 0.6 66 0 87 1 
6646 4 0.7 36 0.7 40 0.5 43 0 69 1 73 0 75 1 76 0.4 88 0 
6788 2 0 3 0.7 55 1 67 0.7 88 0.8 
6863 19 1 46 0 76 1 84 0.9 
6961 22 0.9 29 0.3 36 0 40 0.9 53 0.4 59 0.8 87 0 
7020 8 0.3 13 0 23 0.3 47 0.5 53 0.4 58 0.7 64 0.9 
7147 11 0 20 0 24 0.4 25 0.8 30 0.5 41 0.9 68 1 74 0.3 89 0.9 
7824 0 0.4 26 0 51 0.8 72 0.3 
8162 30 0 68 0.8 
8206 10 0.9 13 0.9 14 0 54 0.6 97 0.4 
8221 23 0.5 30 0.7 53 0.4 99 0.7 
8370 9 0.5 14 0.7 16 0.7 58 0.6 67 0 79 0 83 0.8 92 0 94 0 
8397 5 0 24 0.8 26 0.5 32 0.6 42 0.3 47 0 61 0 88 1 
8561 22 0 33 0.6 51 0.3 52 0 59 0.9 82 0.9 84 0 
8669 24 0.9 
8688 11 0 29 0.8 44 0.4 71 1 72 0.6 93 0 96 0.4 
8730 64 0 68 0.3 
8792 5 0.3 13 0.8 14 0 21 0 25 0.4 37 0.7 47 1 81 0.6 
8809 20 1 25 0.6 31 0.6 33 0.6 56 1 70 0 74 0 75 0 90 1 94 0.3 
9011 3 0.5 6 0 31 0.4 45 0.6 52 0 60 0.9 61 1 87 0 99 0 
9559 5 0.7 12 0.6 30 0.6 59 0 67 0.8 80 0 
9625 33 0 41 0.4 49 0 79 0 
9664 5 0.7 20 0.5 21 0 42 0.3 56 0 89 0 93 0.5 
9693 4 0 13 0.3 75 0.8 
9719 48 0.5 83 0 
9762 18 0.8 32 1 41 0.9 52 0 55 1 62 0.4 74 0 76 0 
9837 27 1 
9940 48 0.7 67 0.5 71 0 77 0 82 0.3 89 0.6 
