100
97 5 0 9 0.7 13 0.3 16 0.3 54 0 62 1 
203 8 0.3 18 0.4 25 0 
292 23 0 35 0.7 49 0 60 0.6 70 0.8 80 0.8 96 0.3 99 0.7 
427 31 0.4 32 0.7 47 0.9 50 0 64 1 66 0.9 68 0.6 72 0 74 0.3 96 0 
487 9 0 36 0 47 0.5 93 0.5 
553 0 0 9 0.5 59 0 60 0.4 61 0.6 67 0.8 77 0 
592 1 0 5 0 19 0.5 21 0 68 0.5 88 0.4 90 0.7 
616 0 0.8 3 0.5 15 0 21 1 22 1 32 0.7 38 0.3 41 1 56 0 59 1 
677 26 0.5 32 1 38 0.5 42 0.9 74 1 77 0.9 
735 46 0 83 0.3 98 0.5 
965 13 0 23 0 30 0 35 1 53 0.7 62 0.3 65 0.6 69 0 75 0.8 85 0.9 
1048 29 0 32 0.6 37 0.6 39 0 
1062 2 0.4 29 0 
1064 11 0.6 30 0.6 59 0 62 0.5 83 0.4 
1132 22 0 31 0.4 88 0 96 0.8 
1142 14 0.3 17 0.5 33 0.3 64 0.6 68 0.7 74 0.8 92 0.5 98 0 
1206 6 0.9 47 0 51 0.7 60 0.9 79 0.4 83 0.7 
1275 3 0.9 19 0 21 0 30 0.5 33 0 49 0.7 60 0.3 83 0 95 0 
1307 29 1 97 0.6 
1363 21 0 77 0 
1407 7 0.6 12 1 29 0 52 0.9 61 0.9 75 0.7 86 0.3 
1484 8 0.4 18 0.8 24 0.4 28 0 31 0.7 55 1 68 0 
1568 44 0 48 0.9 
1611 27 0 85 0.4 
1635 23 1 33 0 62 0 63 0.4 67 1 
1670 10 0.7 65 0.8 82 1 
1921 11 0.8 70 0 84 0.3 99 0.8 
2141 9 0.8 21 0.6 76 0 96 0.8 99 0 
2184 11 0.9 28 1 80 0.5 
2228 49 0.3 
2235 7 0.5 31 0 76 0.6 
2435 8 0.9 13 0 14 0 22 0.6 37 0.5 61 0 79 0.3 82 0 
2502 54 0.5 56 0.7 57 0.8 62 1 78 0.7 
2631 53 1 82 0.9 
2670 10 0.4 76 0.4 77 0.4 
2838 24 0.8 48 0 51 0.4 58 0.6 63 0.6 69 0.4 92 1 97 0.8 
2895 90 0.9 
3104 0 0.5 19 1 20 0.3 45 0.7 66 0.6 83 0.3 
3148 55 0 
3221 17 0.5 62 0 66 0.5 90 0.6 
3231 17 1 19 0 54 0.9 55 0 77 0.5 89 0.7 97 0 
3252 12 0.5 25 0.5 34 0.5 53 0.3 59 0 81 0.8 93 0.7 
3371 60 0 86 0.3 98 0.8 
3517 32 0 38 0 44 0.3 48 0 69 0.5 94 0.6 
3952 6 0.5 11 0.6 26 0.6 27 0.9 66 0.3 74 0.6 80 0.9 92 0.7 97 0.8 99 0.5 
4053 17 0 18 0.4 40 0.6 47 0.6 50 1 63 0.6 69 0 93 0 
4167 13 0.4 14 0.7 18 1 21 0.6 25 0 29 0.7 49 0.9 57 0.7 90 0.7 
4264 7 0.6 31 0.8 35 0 61 0 
4396 13 0.7 
4489 14 0 19 0.7 41 0.9 90 0.3 
4491 53 0 
4560 14 0.5 38 0.5 79 0.7 
4697 15 0 24 0 28 0 67 0 75 0.9 79 0.3 86 0.7 98 0.7 
5021 26 0.6 32 0 40 0.8 60 0 67 0.6 95 0.4 
5190 39 0.5 72 0.6 
5285 6 0.7 34 0.8 44 0 46 0.3 50 0 53 0 59 0 61 0.8 86 0.5 
5540 33 1 35 0.7 83 0 
5650 79 0.6 
5775 9 0.8 26 0.7 46 0 79 0.6 
5777 5 1 10 0.7 14 0 47 0.5 50 0.3 52 0.7 62 0 86 1 88 0 
5823 95 1 96 0.8 
5829 32 0 60 0.8 74 0.5 85 0.9 
5891 25 0.6 32 1 40 0.3 59 0.3 66 0 89 0.6 
5948 16 0.6 34 0.6 69 0 72 0.7 76 0.8 81 0 
5987 22 0.8 33 0.3 71 0.7 85 0 99 0 
5988 1 1 2 0.4 41 1 55 0 64 0.6 65 0.5 73 0.3 87 0.8 98 0.4 
6013 19 0.3 46 0.7 54 0 74 0.8 96 0.9 97 0 
6352 1 0 31 0 47 0.3 
6371 0 0.6 36 0 75 0.8 82 0.7 96 1 
6441 0 0.4 1 0.7 20 0.9 44 0.5 
6492 8 0.4 
6635 25 0 81 0.9 
6814 0 0.6 6 1 20 0 26 0.8 29 1 34 0.3 57 0.7 87 0.9 98 0.5 
7102 0 0 9 0.3 48 0 56 0 82 0.8 92 0.7 94 0.5 
7114 2 0.7 40 0.8 45 1 
7219 2 0.6 10 0.3 58 0 66 0 75 0 83 0.7 
7235 24 0.7 29 0 60 0.6 70 0.9 
7269 38 0.4 43 0.9 62 0.3 
7287 12 0.3 18 0.5 26 0.7 34 0.6 37 0.3 72 0.3 88 0 
7434 2 0.3 84 0.4 90 0.4 96 0.5 
7536 21 0 49 0 54 0.8 85 0 
7559 29 0 34 0 52 0.5 67 0 82 0.4 96 1 
7868 13 0.4 20 0.8 61 0.8 70 0.8 71 0.6 77 1 80 0.3 85 0.3 
7977 25 0 43 0.3 53 0.3 77 0.5 85 0.4 89 0.4 91 0.3 
8102 18 0 22 0.3 90 1 
8172 38 0.4 81 0 92 0 
8315 5 0.4 22 0 36 0 59 0 63 0.4 
8518 7 0.4 14 0 16 0 62 1 70 0 79 0.8 86 0 99 0.5 
8778 20 0.9 22 0 25 0.9 31 0.4 34 0.8 54 0 59 0.5 72 0.6 
8844 6 1 39 0.3 
9244 6 0.8 45 0.6 61 0.5 66 0.7 84 0.7 94 0.7 
9251 1 0.8 15 0.4 17 0.5 50 0.7 55 0.9 62 0.7 64 0.7 65 0.5 97 1 99 0.4 
9324 10 0 12 0.6 19 0 37 0.3 49 0 60 0.4 90 0 
9364 11 0 32 0.7 37 0.3 79 0 80 0.6 81 0.9 82 0.3 83 0.6 90 0 96 0.4 
9493 5 0.3 16 0.6 23 0.9 38 0 42 0 61 0.9 67 0.8 70 0 
9531 10 0.3 33 1 50 0.3 51 0 74 0.3 88 0.4 96 1 
9620 10 0.9 57 0 63 0.3 67 0 
9749 52 0.9 
9770 6 1 17 0 32 1 78 0.3 93 0 
9958 10 0.6 47 0 
