100
78 3 0.7 4 0.4 8 0.5 27 0.3 32 0 61 0 87 1 97 0.9 
164 7 1 52 0.3 59 0.3 
166 20 0.5 40 0 44 0.3 49 0.4 50 0.7 66 0 80 0.8 82 0.3 84 0 93 0.6 
239 19 0 51 0.8 
290 11 0.5 17 0 22 0.9 34 1 60 0 89 0 97 0 
374 40 0 59 0.3 71 0 79 0.8 83 0 85 0.9 89 0 90 0 
450 15 0.8 59 0.4 60 0.3 73 0.8 
456 44 0 51 0.3 59 1 82 0.9 83 0.7 
719 21 0.4 53 0.3 91 0 
1190 9 0.8 40 0.5 69 0 
1257 7 0.6 8 0 11 0 15 1 28 0.6 73 0.3 75 0 88 0 99 0 
1282 3 0.3 
1364 1 0.8 8 0.4 18 0.6 23 0 51 0 88 0.8 91 0.4 
1446 31 0 90 0.8 
1471 65 0 72 0.3 96 0.9 
1502 67 0 
1552 88 1 
1594 9 0.4 13 1 25 1 58 0 
1620 97 0 
1711 57 0 
1773 68 0.8 76 0.4 80 0.6 
1831 50 0.7 
1970 42 0.8 58 0 66 0 75 0.4 
2009 7 1 24 0.7 46 0.9 60 0 61 0 74 0 83 0.8 86 0.3 96 0.4 99 0.5 
2013 16 0 58 0 64 0.7 65 0.3 68 0.3 72 0.4 85 0.9 90 0.9 
2214 1 0.8 13 0 42 0.7 67 1 68 1 72 0 88 0.5 
2247 54 0 
2317 13 0 
2329 9 1 14 0 33 0 46 0.6 96 0 98 0.3 
2377 6 0 12 0.4 17 0 54 0 65 0.6 77 0.6 85 0.6 
2514 28 0 67 0.3 
2540 32 0 45 0 95 0.9 
2615 73 0.6 76 0 87 0.9 
3045 4 0.9 37 0.9 48 0 57 0.8 64 0.7 68 0.3 71 1 93 0.8 98 0 
3140 21 0 78 0 90 0.4 
3292 5 1 14 0.4 35 0 66 0.9 71 0.6 80 0.5 89 0 
3467 10 0.9 69 0.8 93 0.5 94 1 
3548 4 0.3 26 0.6 39 0.7 59 0.7 96 0.3 
3572 3 0.7 4 0.9 9 0.4 54 0.5 68 0 69 0.8 83 0.8 84 0.9 88 0.3 
3653 0 1 17 0 21 0 24 0.4 38 0.7 92 0.7 93 0 96 0.8 
3676 15 0.4 21 0.4 97 0.6 
3692 65 0.8 81 0.3 
3768 10 0.3 17 0.3 19 0.5 26 0.4 44 0.9 48 0 59 0 99 0.6 
3858 28 0.8 70 1 76 0 87 0 
3862 1 1 36 0 76 0.7 91 0 
3898 1 0 53 0.4 57 0.6 
3977 6 0.3 17 1 20 0.9 27 0.8 30 0 34 0.3 37 0.9 38 1 45 0.5 81 1 
4009 8 0.7 33 0.5 54 1 81 0.7 94 0 
4031 68 1 
4064 29 0 49 0.9 54 1 59 0.7 67 1 91 0 97 0 
4245 15 0 17 0.9 27 0.9 30 0.7 31 0.6 41 0.6 43 0 65 0 68 0.8 80 0.6 
4469 5 0 40 1 42 0.6 44 0.4 
4567 47 0.8 
4605 8 0 44 0 53 0.9 66 0.9 73 0 79 0.5 
5053 21 0 54 0.9 87 0.5 92 1 
5194 4 0.5 8 1 65 0 82 1 86 0 
5315 46 0.7 
5332 4 0 24 0.8 27 0 28 0 
5373 8 0.9 9 0.6 13 1 86 0.3 94 0.8 
5406 7 1 12 0 64 0 91 0.3 
5470 6 0.5 14 0.3 17 0.8 22 0.8 32 1 40 0.8 51 0 61 0.6 79 0.5 
5592 10 0 23 0.3 34 1 40 1 47 0.4 69 0 71 0.6 73 0.7 79 0 84 0 
5618 9 0 17 0 36 0 40 0.9 45 0 48 1 74 0.6 75 0.4 94 0.6 
5669 3 0.3 5 0.8 25 0.4 33 1 41 0.8 50 0.8 53 0.6 75 0.5 76 0.7 99 0.5 
6289 64 0 
6301 0 0.3 46 0.3 58 0 59 0.8 61 0.6 65 0.7 76 0.9 79 0 94 0 
6416 0 0.5 19 1 49 1 68 0 
6503 7 0.9 25 0.4 47 0 48 0.9 61 0 78 1 86 0.4 89 0 96 0.8 98 0.6 
6510 9 1 38 0.7 54 0 68 0.8 70 0.6 
6517 24 0 29 0.8 42 0.8 46 0.3 88 0.4 
6814 0 0.4 6 0.8 20 0.4 26 0.4 29 0.5 34 0 57 0 87 0 98 0 
7116 33 0 56 0.4 57 0.3 66 0 80 0.4 98 0.3 
7239 1 0.4 12 0.5 13 0.7 40 0 41 0.4 47 0.4 64 0.5 
7246 41 0.5 48 0.8 55 0.4 61 0.8 
7251 17 0 27 0.8 35 0.7 53 0.9 78 0.7 89 0.5 
7318 1 0.6 12 1 
7418 2 0.3 9 0 37 0 50 0 56 0.6 61 0 62 0.9 64 0.4 65 0.3 75 0.7 
7745 28 0.7 44 0.9 50 0 57 0.6 69 0.5 77 0.6 99 0.4 
7796 14 0.5 36 0 54 0 71 0.5 80 0.9 89 0.5 90 0.6 99 1 
7959 18 0.6 25 0.7 34 0.7 70 0 75 0 77 0 78 0.5 81 0.9 89 0.6 98 0.7 
7962 59 0.6 
8038 9 0 22 0.8 40 0.8 47 0.9 49 0.3 52 0 67 0.7 76 0.5 79 0.6 86 0.4 
8050 6 0 15 0.3 18 0 26 0 30 0 36 0.7 78 0 
8099 4 0 9 0.3 33 1 42 0 51 0.8 60 0 69 0.9 76 1 92 0.5 94 0.7 
8393 3 0 5 0.9 12 0 16 1 17 0.6 19 0 39 1 65 1 
8547 21 0.6 43 0.8 46 0.5 51 0.3 59 0 65 0.6 74 0.7 79 0 85 0 
8601 19 0.7 
8837 2 0 
9008 16 0 52 0.7 97 0 
9095 19 0.3 36 0.3 38 0 40 0 51 0 67 0.4 69 0.3 85 0.5 90 0.8 
9284 21 0.9 23 0 27 0 33 0 45 0.3 58 0.8 59 1 84 0.6 
9389 0 0 37 0.8 41 0.8 58 0.3 63 0 69 0.4 84 0.4 
9391 28 0.9 44 0.6 
9580 4 0.5 27 0.6 54 1 
9598 60 0 76 0.5 79 0.5 98 0.9 99 0.6 
9647 1 0.7 7 1 19 0.6 51 0.8 59 1 63 0.6 83 0 87 0 94 0.8 
9687 33 1 39 0 56 1 57 0.7 58 0.7 70 0.6 86 0.7 90 0.9 94 1 
9707 14 1 36 0 
9782 5 0.6 13 0.8 22 0.5 45 0.6 51 0 53 0.5 56 0 73 0 81 0 92 0 
9980 19 0 27 0.5 28 1 29 0.5 32 0.6 48 0 57 0.7 61 0.9 64 0 95 1 
