100
91 14 0.8 57 0.6 90 0.8 
101 5 0.6 12 0.9 37 0 
273 94 0.8 
289 2 0.4 40 0.6 49 0.3 74 1 85 0.3 90 0.9 
413 2 0.4 7 0.5 34 0.8 
449 14 0.3 19 0.8 27 0.6 33 0.6 40 0.5 48 0 53 0.6 84 0.6 86 0.4 
454 51 0.4 
465 20 0 37 0.9 39 1 49 0 50 0.3 74 0.6 
504 68 0 
524 0 0.7 
615 18 0.6 34 0 51 1 63 0 79 0.8 85 0.4 
632 7 1 18 0 35 0.8 52 0.9 
642 2 0 3 0 28 0.5 37 0.5 41 0.9 54 0 
690 2 0.3 17 0.6 23 0 24 0.6 83 0.8 96 0.6 
837 18 1 61 0.9 71 0.7 
844 41 0 99 0.5 
921 16 0.7 95 0 
1011 1 0.4 4 0.6 28 0 31 1 78 0.9 93 0.4 
1033 21 0.8 44 0.9 50 0.3 86 0.3 
1260 5 0.3 46 0.9 
1362 2 1 18 1 23 0.7 37 0.6 38 0 39 0.9 56 0.7 67 0 88 0.4 98 0 
1434 5 0 6 0.7 
1510 71 1 
1554 6 1 19 0.7 27 0 34 0.5 
1721 13 0.3 62 0.5 96 0 
2174 26 0.7 31 0.3 46 0 63 0.5 86 0.8 
2632 2 0 40 0.9 47 0.4 67 0 87 0.3 
2692 42 0 66 0.4 
2777 32 0.5 37 0.3 83 0.8 
3319 5 0.8 16 0.6 33 0.9 35 0 71 0.4 74 0 77 0.7 79 0.3 
3344 38 0 46 1 51 0.3 
3474 2 1 18 0.6 26 0 33 0.7 64 0 66 0 70 0.6 89 0.5 98 0.8 
3500 20 0.8 77 0 92 0 
3542 55 0.9 68 0.3 71 0.7 
3696 35 0.5 
3714 10 0.4 17 0.7 70 0.4 
3868 54 0.3 
4072 24 0 63 0.3 66 0.9 84 0.8 
4463 3 0 49 0.6 53 0.3 75 0.7 86 0 96 0.6 
4560 14 1 38 0.5 79 0.5 
4685 2 1 12 0 41 0.4 44 0.7 54 0.4 80 0 96 0.3 
4689 19 0 24 0.9 35 0 56 0.5 71 0.7 
4788 24 0.8 45 0 58 0.4 
4860 27 0.9 34 0.3 53 0.5 71 0.4 76 0 79 0.9 
4905 85 0 
5378 7 0.3 12 0.6 17 0 22 1 71 0.9 72 0.4 95 1 
5423 10 0.5 
5464 4 0.3 25 0.7 44 0.4 56 0 
5513 6 0.9 30 0 84 0 94 0 
5567 0 0.3 8 0.3 13 0 58 0.3 69 0 74 0.4 85 0 88 0.6 92 0 99 0.6 
5581 60 0 74 0.4 84 1 
5671 12 0.5 40 0 50 0.9 57 0.5 93 0.7 
5693 37 0.9 49 0.7 
5720 37 0.3 
5894 0 0 10 0.5 13 0.6 22 0.7 39 0.7 41 0 74 1 75 1 92 0 
5919 83 0 
6144 30 0.5 36 1 41 1 90 0.7 99 1 
6388 32 0.5 42 0.3 59 0 67 0.5 
6420 64 0.5 
6552 80 1 88 0.9 98 0 
6596 3 0.6 4 0 34 0.8 43 0.3 66 0.4 70 0.7 71 0.7 
6696 65 0.5 70 1 
6707 48 0.3 78 0.5 83 0.7 84 0.5 87 0.6 89 0 90 1 
6738 1 0 13 0.9 14 0.9 15 0.4 44 1 73 1 99 0 
7108 22 0 42 0.7 51 0 72 0 
7136 7 0 11 0 37 0.6 52 0.7 56 0 68 0.6 97 0.6 
7300 16 0 54 0 59 0 79 0 87 0.6 
7301 27 0.8 54 0 57 1 65 0.8 74 0 84 0.7 92 0.9 95 0 
7383 7 0.3 45 1 58 0.6 98 0.3 
7412 0 0 32 0.9 46 0.9 52 0 65 0.8 80 0.5 88 0.3 89 0.4 97 0.6 98 0.8 
7507 17 1 22 0 27 0.5 64 0 67 0.9 74 0 78 0.7 89 1 97 0 
7609 24 0 26 0.4 45 0.6 55 0.3 74 0.7 77 0.7 
7642 20 0.6 27 1 28 0 30 0.8 38 0.7 59 1 68 0.5 77 0.3 87 0.4 88 0 
7730 4 0.3 8 0.8 41 1 
7733 9 1 10 0 18 0.3 25 0 32 0 33 0 39 0.3 79 0.5 86 0 87 0.4 
7803 7 0 55 0 69 0.5 88 0.4 90 1 95 0 96 0 
7818 96 0.7 
7907 5 1 14 0 33 0.9 42 0.5 45 0.6 62 0.8 78 0.7 84 1 85 1 88 0.7 
7963 1 0 23 0 27 0.9 74 0 99 0.3 
7966 1 0 27 0 47 0.6 53 0.5 57 0.6 63 0.6 67 1 72 0.6 83 0.3 87 0.5 
8000 5 0 50 0.4 74 0 
8271 5 0 21 0.8 26 0 33 0.8 34 0.9 54 0 86 0.5 95 0.4 97 0 98 0 
8327 7 0.7 39 0.4 
8497 8 0.4 12 0.5 18 0 19 0.6 21 0 23 0.3 26 0.8 46 0.4 93 0.6 
8655 9 0.5 39 0.3 46 0.4 62 0.8 86 0 
8741 0 1 25 1 30 0.6 51 0.5 66 0.3 72 0.4 84 0.3 97 0 
8799 2 0.5 4 0.9 11 0.7 40 0.5 66 0 72 0.4 92 0.7 
8961 2 0.6 43 0 61 0 69 0.9 77 0.9 83 0 91 0 99 0 
9070 11 0.6 22 0.9 25 0.4 45 0.4 84 0.3 94 0 
9268 5 0 54 0.6 80 0.4 99 0 
9273 25 0.7 83 0 
9331 5 0.8 10 1 13 1 22 0.4 30 0 32 0 77 0.7 
9366 21 0.3 29 0 35 0 44 0.4 65 0.7 67 0.9 78 0.6 79 0.6 
9376 11 0.6 15 0 31 0.6 38 0 63 0.8 77 0.6 
9387 14 0.5 48 0.6 62 0.7 
9603 15 0.7 58 0.9 
9651 3 0.7 8 0.3 48 0.8 49 0.8 51 0 57 0.6 59 0.8 65 0 77 1 
9854 3 0.5 13 0 15 0.8 27 0 34 1 51 0 85 0.6 93 0.3 97 0 98 0.9 
9906 28 0.5 32 0.6 51 0.7 90 0 91 0 
9992 52 0.8 81 0.8 
