100
78 3 0.6 4 0.8 8 0.9 27 0 32 0.9 61 0.3 87 0.8 97 0 
152 98 0.6 
155 85 0 95 1 
164 7 0 52 0.9 59 1 
256 6 0.9 8 0.5 43 0 45 0.7 69 0.5 71 0 78 0.9 85 0.8 
342 6 0.5 19 0.3 26 0 33 0.6 52 0 81 0.6 
490 3 0 22 1 40 0.9 66 0.3 86 0.8 
577 2 0.8 6 0.3 18 0.8 19 0.9 49 0.4 52 0 54 0.5 80 0.3 
601 6 0 11 0.8 26 0.8 28 1 67 0.8 77 0 88 0.3 90 1 97 0 
616 0 0.8 3 0 15 0.5 21 0 22 0.4 32 0.5 38 0.7 41 0.4 56 0 59 0 
698 2 0.5 5 1 29 0.7 38 0.8 90 0.6 
711 3 0 19 0.7 31 0.7 51 0.6 56 0.3 71 0.3 72 0.3 76 0.7 85 0.7 93 0 
852 33 0.8 49 0.5 51 0.6 60 1 75 0.8 77 0.4 78 0.5 83 0 91 0.7 99 0.3 
932 4 0.8 81 0 
947 2 0.8 17 0 40 0.6 44 0 66 0.4 69 0 70 0.6 74 0.4 79 0 
1086 10 0 21 0 24 0 31 0.7 34 0 38 0.3 41 0.6 57 0 71 0.6 79 0.4 
1208 4 0.5 6 0.4 14 0.5 16 0.7 26 0 41 0.5 52 0.9 53 0.8 56 0.6 68 1 
1283 0 0.9 6 0 52 0 55 1 63 0 96 0 
1316 4 0.8 9 0 34 0 37 0.9 47 0.8 56 0 63 0.6 68 0.7 71 0.6 85 0.8 
1456 2 0.6 31 1 37 0.6 
1546 15 0.4 22 0.9 29 0 98 1 
1568 44 0.3 48 0.3 
1599 28 0.7 29 0.7 49 0.3 52 0.9 63 0.7 67 0.6 74 0.8 
1625 22 0.5 26 0.8 42 0 67 0.8 80 0 
1674 26 0.7 60 0 
1693 17 0.8 66 0.3 70 1 77 0 89 0 
1718 34 0 37 0.4 38 0.8 41 0.5 48 0.7 54 0.8 56 0.5 68 0 71 0.4 85 0.8 
1813 19 0 26 0.4 51 0.7 
1857 10 0.5 18 0.7 46 0.8 50 0.6 
1913 18 0.8 
2035 47 0.7 58 0.4 79 0.7 
2196 77 0 
2312 6 0.6 11 0 19 0 31 0.3 95 0.6 
2326 4 0.6 17 0 25 0 
2400 9 0.4 44 0 61 1 87 0.7 88 0 
2421 4 0.5 26 0 69 0 74 0 88 0.7 
2453 1 0 27 0.8 
2552 16 0 19 0.9 48 0.8 58 0.5 66 0.3 97 0.3 99 0.5 
2610 1 1 8 0.5 40 0 44 0.7 51 1 80 0.7 86 0 
2782 0 0.3 3 0.8 25 0.4 30 1 34 0 42 0.5 50 0.5 70 0 93 0.9 96 0.9 
2816 50 0.9 77 0 
2823 33 0.4 
3527 18 0 
3540 1 0.4 19 0.6 20 1 31 0.5 43 0.9 46 0.3 69 0.4 79 1 94 1 97 0 
3614 32 0.8 42 0.8 
3712 4 0 
3819 9 0.7 12 1 22 0 24 0.8 26 0.5 28 0.6 36 0.6 56 0.3 60 0.6 90 0.8 
3994 28 0.6 42 0 45 0 81 0 95 0 
4000 34 0.7 51 0.7 
4051 17 0.6 26 0.3 
4085 1 0 4 0.9 22 0.3 40 0 43 0.4 53 0.9 64 0.6 66 0.6 86 0.4 95 0 
4089 48 1 77 0.6 78 0.8 91 0.5 
4423 9 0.7 22 0 23 1 64 0 66 0 74 0.6 85 0 99 0.7 
4478 9 0.4 23 1 38 0.3 40 0.6 50 0.8 53 0.4 62 1 64 0 86 1 
4482 9 0.7 62 1 65 0.9 
4495 85 0.3 86 0.4 
4573 10 0.6 19 0.5 20 0.3 30 0.4 44 0 57 0.5 58 0 68 0 92 0.8 93 0.9 
4713 35 0 43 0 76 0.4 
4843 9 0 50 0.8 64 0.3 
5058 59 1 85 0.6 86 0.4 
5184 43 0 47 0 66 1 72 0.7 83 0 84 0.4 87 0.4 98 1 
5246 5 0 6 0 7 0 43 0.5 53 0.7 63 0.9 70 1 85 0 94 0.6 96 0.7 
5259 7 0.9 22 0.3 41 0.4 44 0.9 52 0.7 66 0.7 69 0.3 76 0.5 80 0 95 0.7 
5472 12 1 45 0 91 0 98 0 
5572 2 0.8 7 0 21 0 30 0.7 35 0 57 0.7 71 0 94 0.6 99 0.8 
5580 11 0.6 16 0 35 0.7 44 1 46 0 48 0.3 98 0.4 99 0.4 
5613 52 1 
5783 34 0.8 42 0.8 49 0.9 57 0.8 59 0 74 0.3 81 0.6 91 0.7 92 0 
6206 42 0.5 43 0 46 0.3 59 0.7 70 1 
6224 70 0.8 78 1 89 0.3 
6226 33 1 48 0.4 
6353 10 0.7 26 0.5 69 0 85 0.9 
6536 26 0 55 0.7 
6574 16 0 22 0.7 30 0.8 42 0.8 62 0.5 77 0.3 78 0.9 94 0.9 
7123 19 1 22 1 65 0.8 
7344 63 0.7 76 0.4 78 0.3 
7373 12 0 
7471 25 0.5 26 0.3 30 0.6 38 0 53 0.4 80 0 89 0.9 
7512 16 0.6 17 0.3 56 1 88 0.8 93 0.7 
7609 24 0 26 0.9 45 0.6 55 0 74 0.9 77 1 
8033 39 0 44 0 47 0 49 0.4 50 0.5 81 0.8 85 0.3 92 0.6 
8453 0 0.7 1 0 9 0 21 1 45 0.8 47 0.3 59 0.8 82 0.9 
8581 19 0.8 48 0.4 53 0.3 59 1 68 0 74 0.8 
8602 22 0 36 0 74 0.8 79 0 81 1 
8611 84 0.6 
8620 7 0.4 15 0.9 23 0.4 30 0.5 47 0.9 72 0.4 98 0 99 0.8 
8756 5 0.6 25 0.9 47 0.3 76 0 84 0.9 92 1 
8827 20 0 21 0 24 0.4 36 0 49 1 59 0 65 0.4 
8847 3 0.7 8 0.4 27 0.6 47 0.6 60 0.3 86 0.7 98 0.8 
8966 26 0.5 38 0.4 50 0.8 55 0.9 59 0.7 63 0.8 65 0 83 0.4 93 0 94 0.9 
9009 0 0.3 15 0 31 0 99 0 
9039 21 0.7 55 0.3 64 0.8 74 0.4 79 0.6 94 0 
9317 60 0.6 62 0.7 68 0.3 97 0.6 99 0.5 
9368 7 0 8 0.5 69 0 73 0.3 
9441 14 0.3 
9635 21 0 28 0 61 0.6 77 0.6 85 0.8 87 0.4 
9787 10 0 30 0 37 0.3 39 0 47 0 69 0 77 0.3 79 0.7 91 0 
9830 23 0 30 0.4 47 0 55 0.5 64 0.4 79 1 89 0.9 93 1 
9892 0 0.8 59 0.6 71 0.4 90 1 
9926 63 0.3 
