100
10 29 0.7 85 0.6 
29 33 0 48 0 
33 10 0.6 16 0.4 21 0.5 28 0.5 42 0 49 0.9 56 0.4 64 0.7 85 0.6 96 0.4 
140 56 0.3 61 0.4 76 0.8 
182 9 0.3 52 0 54 0.5 64 0.9 92 0.9 96 0.9 
197 36 0.5 54 0.6 72 0 73 0.9 91 0.4 
252 3 0.7 28 0 32 0.5 51 0 59 0.4 62 0.7 82 0 
274 4 0.3 13 0 38 0.3 50 0.7 52 0 67 1 68 1 72 1 82 0 88 1 
357 14 0.7 49 0.5 54 0.9 70 0.9 73 0.6 81 0 
565 12 0 23 0 25 0.4 38 0 55 0.7 56 0.7 58 0.7 65 0.4 76 0.3 92 0.6 
603 1 0.4 96 0.3 
677 26 0.4 32 0 38 0.3 42 0 74 0.6 77 0.3 
767 10 0.8 38 0.7 
867 9 0.8 17 0 33 0.9 40 0.5 51 0.3 68 0 78 0 79 1 86 1 
895 0 0 7 0.8 12 0.4 46 0.9 91 0 
953 27 0.7 52 0.7 53 0.4 55 0.8 57 0.4 59 0 87 0.7 
1032 8 1 11 0.8 35 0.5 38 1 41 1 49 0.8 59 0.3 73 0.9 85 0.3 86 0.3 
1120 18 0.6 25 0 
1351 4 1 9 0.3 34 0 40 0.7 50 0.9 65 0.8 74 0.8 78 0.5 99 1 
1402 1 0.8 14 0.4 28 0.5 33 1 37 0.8 42 0 55 0.3 57 1 80 0.4 94 0.5 
2046 37 0.3 54 0.9 60 0 69 0 
2082 14 0.5 20 0 23 0.7 28 0.7 35 0.3 63 0.6 67 0 77 0.6 92 0.5 97 0.5 
2152 3 0 72 0 
2312 6 0 11 0 19 0.3 31 0.9 95 0 
2375 8 0.3 34 0 48 0.8 55 0.7 60 0 96 0.6 98 0.6 
2461 2 0 5 0 18 0.7 22 0.9 24 0.5 42 0.6 55 0.8 58 0.3 79 0 92 0.4 
2747 62 0 
2852 11 0.6 33 0 85 0.8 91 0 
3112 4 1 13 0.7 36 0.8 53 0.5 56 0.7 61 0.6 66 0.5 
3245 31 0.7 89 0.5 
3349 56 1 89 0 
3415 13 0.3 14 0.6 37 0.3 68 0.7 78 0 82 0.5 
3485 29 0.5 33 0.4 39 0.6 62 0.9 71 0.5 72 0.8 81 0.3 99 0.3 
3559 6 0.4 8 0.3 14 0.9 28 0 31 0 64 1 77 0.5 
3688 31 0 41 0.4 66 0.3 97 0.9 
3690 21 1 30 0.9 95 1 
3856 23 0.7 29 1 32 0 55 0.6 66 0.9 
3907 1 0.9 33 0.6 36 0.9 39 0.3 55 0.7 81 0.9 
3920 81 0 93 0.6 95 0 97 0.8 
3926 7 0.3 34 0.5 36 0.4 58 1 62 0.9 67 0.7 68 0.9 77 1 
3960 4 0.7 15 0.8 41 0.4 51 1 53 0.9 60 0 65 0.6 86 0.5 97 0 
3993 12 0 22 0.5 26 0 27 0 53 0.6 67 0.9 89 0.9 90 0 
4434 2 0 3 0.3 53 0 60 1 63 0.4 67 0.3 
4644 36 0.4 56 0.7 
4741 31 0 44 1 56 0 
4900 0 0.3 5 0 14 0.3 29 0.4 31 0.8 33 0.4 34 0.4 39 0.7 97 0.8 
4954 8 1 11 0.9 12 0.6 18 1 20 0 32 0.8 44 0.5 
5030 29 0 
5032 0 0.6 6 1 75 0.8 89 0.7 
5257 89 0.3 
5277 2 0.6 3 0 33 0 37 0.4 39 0 81 0 90 0.4 91 1 
5451 3 0.5 17 0.6 47 0.5 67 0 73 0 85 0 
5567 0 0 8 0.6 13 0.7 58 0 69 0.3 74 0 85 0.9 88 0 92 0 99 0.7 
5675 24 0 27 0.4 71 0.9 78 0.6 
5838 14 0.4 22 0 25 0.7 30 1 47 0.6 49 0.8 66 0.8 69 0.9 73 0 75 0.6 
5885 26 0.5 55 0.8 
6023 2 0.6 17 0 59 0 68 0.3 77 0.9 81 1 85 0.4 96 0.9 
6102 1 0 3 0 15 0.6 
6129 12 0.4 13 0.8 26 0.5 30 1 48 0 63 0 74 0.7 
6191 29 1 60 0.9 76 0.8 94 0.8 
6228 0 0.8 
6394 9 0.8 21 0.4 25 1 30 0 34 0.5 84 0.5 
6504 12 1 42 0.4 94 0 96 0.9 97 0.3 
6603 5 0 8 0.4 11 0.4 31 1 42 0.5 54 0.4 65 0.4 74 0.7 
6635 25 0.5 81 0.4 
6667 10 0.7 17 0.3 31 0.6 34 0.9 40 0.7 43 0.9 48 0 59 1 61 0.8 96 0.3 
7023 22 0 34 0.5 
7091 5 0.8 6 0.3 15 1 24 0.5 25 0.8 26 1 31 0.8 52 0 83 0 
7153 30 0.8 44 0.6 56 0.8 65 0.4 86 0.9 
7363 7 0.3 8 0.6 14 0.6 48 1 63 0 69 0.5 76 0.5 88 0.3 99 0.4 
7391 54 0.7 71 0.5 81 0 90 0.3 96 1 
7563 2 0.8 4 1 22 0.7 34 0.9 35 1 76 0 84 1 93 0.3 97 1 
7613 14 0.5 17 0.6 19 0.8 20 0.3 48 0.7 49 1 59 0.4 95 0 99 0.8 
7732 30 0.5 
7804 1 0.7 11 0.6 28 0.6 38 0.6 54 0.6 75 0 82 0.5 92 0.3 
7992 0 0 39 0.6 
8000 5 0.9 50 0.3 74 0.5 
8018 0 1 4 0.6 15 0.4 30 0.8 36 0.4 57 0.7 62 0.8 63 0 73 0.7 75 0.8 
8244 21 0.4 
8256 78 1 83 0.3 
8406 19 0.8 41 0.5 54 0.5 58 0.6 63 1 66 0.9 79 0.7 95 0.6 
8422 17 0 31 0.7 99 0 
8430 5 0.7 10 0 25 0 68 0.5 82 0.9 92 0.4 97 0.5 98 0.7 
8502 47 0.7 54 1 56 0.3 62 0.9 69 0 76 0.6 87 0.8 91 0.4 
8615 62 1 88 0 
8616 19 0.7 48 0.3 89 0 
8629 46 0.7 70 1 99 0.9 
8638 47 0.9 68 1 71 0.7 84 1 91 0.8 92 0.4 
8726 29 0.8 51 0.6 87 0.5 
8805 19 0.8 79 0 96 0.9 
8912 9 0.5 42 0.3 49 0.5 60 0.9 93 0.3 94 0 95 0.7 
9082 15 0.8 18 0.3 28 0.4 33 0 40 0 48 0.5 65 0.9 79 0.8 84 0 87 0 
9301 0 0.7 2 0.4 28 0.7 35 0 58 0.7 76 0.4 93 0.6 
9482 43 0.4 99 0.5 
9487 22 1 30 0.4 37 0.4 43 1 53 0 58 0.4 79 0.6 
9588 22 0.9 
9723 2 0.5 17 0 31 0.7 39 0.7 61 0 76 0 
9743 3 0.4 22 0.3 57 0.9 73 0 84 0.8 
9778 6 0 15 1 26 0.3 32 0.4 49 1 64 0.3 81 0.9 89 0 92 0.8 
9991 9 0.8 12 0.8 13 0.9 34 0 57 0.3 69 0 74 0.4 89 0.5 94 0.7 
