100
99 3 0 29 0.5 30 0.6 52 0.7 56 0.7 63 0.5 72 0 77 0.6 98 0.4 
237 4 0.3 24 0.6 29 0.3 48 0.5 52 0.5 57 0 59 0 62 0 89 0.9 
323 3 0 14 0 20 0.8 48 0.9 72 0.4 
347 10 0.5 29 0 41 0.3 47 0.6 67 0.4 79 0.8 85 0.6 93 0 95 0 
604 5 0.6 17 0.5 41 0 42 1 48 0 49 0.5 50 0.3 58 0.6 66 1 88 0 
647 21 0 33 0.7 75 0.9 91 0 
657 24 0.5 68 0 76 0.7 
660 16 0.4 20 0.9 38 0.4 43 0.5 52 0.3 63 0.3 64 0.4 93 0 99 0.6 
702 25 0.9 32 0 83 0.3 99 0.8 
769 61 0 98 0.9 
913 16 0.6 18 0.5 23 0.6 31 0.4 54 0.9 
919 7 0.9 14 0.4 22 0.3 25 0.5 26 0.6 35 0.9 46 0 48 0.8 67 0.4 94 0.3 
938 97 1 
959 13 0.8 49 0 86 0.7 
964 20 0 21 1 24 0.5 53 0.4 66 1 72 0.5 77 0.9 89 0 90 0.7 91 0 
1038 13 0.5 38 0.7 74 0 83 1 
1055 21 0.6 45 0 
1212 8 0.3 38 0.7 41 0 52 0.7 
1282 3 0.6 
1284 89 0 
1353 32 0 36 0.9 44 0.7 46 0.4 51 0 57 0.4 65 0.5 74 0.9 
1372 48 0.8 55 0 87 0.4 89 0.5 98 0.9 
1386 4 0.7 9 0.6 18 0.6 26 0.8 40 0.7 43 0 
1395 27 0.9 47 0.3 57 0 60 0 87 1 88 0.4 90 0.3 96 0.6 
1396 14 0.7 53 0 64 0 77 0.6 84 0.9 
1523 14 0.4 58 1 70 0.8 99 0 
1530 13 0.3 21 0.3 38 0.8 40 1 49 0.3 55 0 82 0 84 0.5 89 0.6 95 0.9 
1597 56 0 85 0.8 93 0.7 
1714 15 1 20 0.3 23 0 41 0.3 44 1 45 0.7 53 0.6 
1777 1 0.9 39 0 60 0.9 82 0 94 0.3 
1778 29 0.8 40 0.9 98 0.5 
1811 15 0.3 39 0 70 0 
1832 10 0.4 29 0 41 1 43 0.3 44 0.4 49 0.3 
2032 17 0 61 0.8 94 1 
2150 47 0 
2231 16 0.3 27 0.7 35 0.8 
2463 14 0 16 0.6 34 0.9 41 0.5 47 0.9 53 1 67 0.8 68 0.5 
2566 43 0.7 64 0 79 0.7 
2840 28 0 40 0.9 47 0 56 0.7 
2887 1 1 6 1 13 0.3 41 0.9 55 0.8 60 0.6 65 0.9 82 0 
2906 11 1 14 0.9 15 0.8 66 0.6 80 0.8 91 0 94 0.8 
3134 8 0 23 0 27 0 35 0.3 92 0.3 
3198 94 0 
3388 3 0 30 0 43 0.5 46 0 58 0.6 60 1 89 0 96 0.3 
3392 0 0.6 34 0.6 35 0 38 0.4 46 0 51 0.9 67 0.5 70 0.4 71 0.6 97 0.3 
3638 0 0.8 3 0.5 60 0.4 
3750 59 0.7 
3776 25 0.7 
3795 13 0.8 41 0.5 67 0.8 
3888 5 0.5 11 0.6 17 0.4 39 0.7 67 0.4 74 1 77 0.3 89 1 
3915 21 0 59 0.3 62 0.3 77 0 81 0 96 0.5 
4063 3 0.7 6 0.5 12 0 20 0.7 75 0.5 77 0 79 0.8 
4165 9 0 22 0.9 56 0.9 63 0.4 80 0.5 86 0.8 93 0.4 95 0.6 
4226 11 0.5 13 0 19 0 47 0.8 82 0.6 
4274 2 0 18 0.7 19 0 43 0 47 0.5 59 0.5 71 0 83 0.8 
4390 17 0.5 27 0.4 35 0 47 0.3 51 0.7 64 0.8 89 0 95 0.7 
4455 34 0.9 40 0.3 56 0.5 68 0 94 0.4 
4623 26 0 27 0.9 38 0.5 48 0.5 54 0.8 70 0.9 71 0.5 89 1 
4904 36 0.7 55 0 62 1 66 0.6 72 0 76 0.9 86 0.5 
5133 7 0.9 13 0.4 36 0.8 39 0 62 0.8 87 0.7 88 0.3 90 0.8 92 0.8 93 0.6 
5745 6 0.3 10 0.7 11 0 14 1 19 0.8 39 0.9 51 0 68 0.8 69 0 80 0.7 
5796 36 0.3 37 0.7 43 0.8 45 0 72 0 79 0.6 82 0.7 90 0.4 95 1 
5978 43 1 48 1 61 0.6 62 0.3 79 0.9 89 0.6 
6018 22 0 73 0.8 84 0.7 
6059 12 0.9 20 0.7 23 0.5 37 0 57 0.6 73 0.5 
6151 8 0 22 0.6 83 0.9 
6187 3 0 37 1 40 0.6 53 1 69 0.3 75 0.8 90 1 91 0.9 
6557 16 0 
6585 5 0 
6697 0 0.7 8 0.6 25 0.6 38 0.5 58 0.3 92 0 98 0 
6709 9 0.3 30 0.8 35 0 59 0.5 66 0 91 0.6 
6932 3 0.5 17 0.5 25 1 26 1 40 0.7 54 1 
7033 23 0 24 1 34 0.5 41 0.9 71 0.3 83 0.6 
7067 10 1 
7068 41 0 56 0.5 79 0.9 88 0 
7524 14 0 
7599 11 0 41 0.4 50 0.5 54 0.8 62 0.4 63 0.6 64 0 69 0.9 90 0.5 98 0.6 
7654 94 0.4 
7757 2 1 5 0.4 10 0.5 25 0.8 73 0.8 
7796 14 0.6 36 0.3 54 0.9 71 0.7 80 0 89 0.7 90 0 99 1 
7882 1 0.4 4 0.5 42 0.8 48 0.5 62 0.9 68 0.3 95 0.4 
7939 1 0.5 3 0 9 0.7 29 0 45 0.6 53 0.9 62 0.9 82 0 96 0.4 
7947 3 0 7 0.3 40 0.5 43 0 51 1 52 0.5 58 0.6 70 0.5 71 0.4 72 1 
7959 18 0.5 25 0 34 0.9 70 0.8 75 1 77 1 78 0.4 81 0.8 89 0 98 0.5 
8024 20 0.6 35 0.7 37 0 42 0 52 0.3 57 0 80 0.4 
8062 9 0.8 46 1 56 0.7 77 0.7 83 0.7 91 0.8 
8192 3 0.6 27 0.3 54 0 75 0.4 89 1 91 0 
8230 31 0 36 0.9 57 0.3 58 1 60 0.4 70 0.6 74 0 79 1 94 0 
8338 14 0.7 34 0 51 0.8 55 1 63 0 90 0.3 
8429 8 0.8 20 0.4 62 0 96 0 
8532 8 0.5 53 0.6 86 0.6 91 0.5 
8551 5 0.9 16 0.7 32 0.9 35 0.6 80 0.7 94 0.4 98 0.3 
8643 1 0 9 0.8 57 0 59 1 60 0.3 65 0 75 1 77 0 82 0.5 
8724 16 0.9 62 0 94 0.3 
8963 17 0 21 0 52 1 58 0.6 86 0.6 96 0.9 
9110 2 0.7 10 0 36 1 38 0.8 39 0.6 79 0 
9313 0 0.8 9 1 19 0.9 48 0.9 63 0 67 0 74 0.7 99 0.8 
9332 2 0.8 7 0.9 11 1 14 1 18 0.7 42 0.3 54 0.5 67 0 89 0.3 99 0.9 
9363 47 0.4 50 0 62 0 
9694 33 0.9 43 0 61 0.8 68 0 
