100
151 15 0.3 95 0.5 
234 5 0.3 29 0 48 0.3 58 0.4 79 1 87 0.9 
264 8 0 13 0.5 37 0 46 0.4 60 0 74 0.6 82 0.4 
300 2 0 46 0 63 0 65 0.7 72 0.6 
422 49 0 50 0.5 64 0 67 0 90 1 
488 0 0.5 55 0.5 61 0.6 73 0.3 
535 9 0 25 0 33 0.3 35 0.3 40 0.5 42 1 83 0.5 88 0.6 93 0.5 
801 4 0.7 5 0 18 1 37 0 63 0.6 66 0 72 0 
885 53 0.3 75 0.5 82 0 
1000 24 0.5 
1120 18 0.8 25 0 
1170 0 0.9 19 0 45 0.8 60 0.7 79 0.9 80 0.7 84 0.7 89 0.7 97 0 
1247 7 0 12 0.4 26 0 43 0.3 54 0 70 0.7 72 1 88 0.4 
1311 38 0.6 44 0 
1312 2 0.7 39 0 71 1 81 0.7 86 0 89 0.6 
1371 3 0 4 0.5 16 0.7 27 0.6 30 0.6 37 0.8 52 0.4 65 0.9 84 0.3 
1414 9 0.7 22 0.3 31 0.9 36 0.7 62 0.5 66 0.3 89 1 93 0 99 0.7 
1444 11 1 42 0 60 0.6 
1454 2 0.8 3 0.8 11 0.6 42 0.4 47 0.9 59 0.6 77 0 85 0.9 97 0.4 
1623 6 0 12 0.8 22 0.7 23 0.8 29 0.3 49 1 55 0.3 59 1 74 0.8 99 0.7 
1629 31 0 76 0 79 1 
1659 26 1 
1672 21 0 45 0 48 0.3 52 0.9 55 0.6 60 0.5 64 0.9 74 0.5 88 0 99 0.8 
1707 15 1 32 0.5 40 0 41 0 44 0 68 0 74 0.8 89 0.6 99 0.9 
1746 2 0.3 11 0.3 15 0 22 0.6 23 0.6 36 1 45 0.4 87 0.3 89 0 93 0 
1754 15 0.9 25 0 31 0 32 0 82 0.4 
1839 12 0.5 62 0 64 0.4 
2056 70 0.9 79 0.8 
2152 3 0.9 72 0.3 
2372 0 0.9 13 0.9 16 0.6 28 0 34 1 37 0.7 50 0.4 62 0.4 78 0 84 0 
2437 6 0.5 12 0.4 57 0.9 84 0.7 93 1 
2575 1 0.6 41 0.3 54 0 60 0.4 81 0.3 84 0.5 85 0 87 0.3 
2624 81 0.8 
2659 27 0.9 37 0.8 43 0 47 0 77 0.7 84 0 85 0.9 88 0.5 
2748 12 0.6 
2961 4 0.8 11 0.6 12 0.4 20 0 24 0.7 31 0.9 
3112 4 0 13 0.5 36 0.3 53 0.7 56 0.9 61 0 66 0 
3151 12 0 20 0.8 25 0.6 30 0 31 0.4 37 0.3 65 0 78 0 
3204 11 0 20 0.6 25 0.4 34 0.6 56 0 65 0 66 0 91 0.3 95 0 98 0 
3259 32 0.5 37 0.3 42 0.7 49 0.7 
3271 2 0.3 31 0 32 0.6 35 0.5 56 0 61 0.5 62 0 77 0.6 81 0.5 
3290 5 0 9 0.8 33 0.7 51 0.4 61 0.9 64 0 85 0 89 0.5 
3468 1 0 70 0.4 73 0.9 
3492 4 0.6 26 0.3 61 0.5 67 0.9 77 0.7 
3506 1 0.3 8 0.8 72 0.4 
3682 14 0.6 28 0.9 36 0.4 37 0 38 0.7 69 0 76 0.5 80 0.3 
3945 1 0.3 11 0.8 26 0.4 43 0.3 58 1 71 0 74 0.7 82 0.9 90 0.5 
3958 39 0.8 90 0.3 
4275 4 0 14 0.4 25 0.6 34 0.9 36 0.3 37 0.4 52 0 63 0.6 66 1 
4475 23 0 30 0.3 
4613 4 0.8 16 0.7 76 0.9 83 0.8 89 0 95 0.9 99 0 
4628 8 0.5 18 0.9 31 0.6 33 0.4 36 0 40 0.4 53 0 89 0.4 90 0.4 
4870 17 0.4 25 1 52 0.4 54 0.5 66 1 67 0.9 72 0 81 0.8 83 0 
4946 9 0 44 0.8 51 0.4 61 0.6 88 0.4 94 0 
5140 27 1 42 0.3 45 0 52 0.7 
5146 18 0.7 37 0.3 40 0 41 0.5 61 1 
5264 12 0 23 0.9 33 0.3 49 0.4 55 0.6 92 0.9 
5467 1 0 4 0.3 7 0.9 40 0.8 43 0 48 0 71 1 83 1 86 0.5 92 0.4 
5712 30 0.3 70 0.9 97 0.4 
5746 93 0.9 
5801 74 0.6 87 0.5 
6326 39 1 60 0 82 1 84 0.4 
6508 31 0.5 63 1 78 0 96 0.7 
6573 10 0 22 1 35 1 52 0.6 67 0.9 68 0 87 0 99 0 
6630 44 0.4 76 1 
6774 8 0.6 9 0.8 18 0.7 40 0.7 49 1 54 0.7 61 0.6 83 0.9 91 0.5 
6812 56 0.4 
6861 2 0.6 10 0 45 0.8 59 0.3 
6904 6 0.9 35 0.4 40 0.9 71 0 
6941 48 0.3 87 1 
7118 23 1 32 0.6 41 0 76 0.9 77 0.5 78 0.4 87 0.4 
7247 3 0.6 14 1 29 0.9 48 0.3 84 0.3 94 0.3 
7264 3 0.3 11 0.6 23 0 55 0.9 69 0.4 80 0.8 87 0.6 99 0.7 
7354 42 0 44 0.3 60 0 64 0.4 65 0.3 67 0.5 71 1 74 0.8 87 0.9 91 0.8 
7512 16 0.6 17 1 56 0.9 88 0.4 93 1 
7557 3 1 7 0 23 0 27 0.3 31 0.4 46 0.4 53 0.4 61 0 70 0.4 83 0.9 
7633 26 0.4 36 0.3 50 0.4 63 0.8 65 0 69 0.7 85 0 
7705 30 0 51 0.3 54 0 66 0.6 95 0.9 98 0.3 
7791 2 0 7 0.6 17 0 25 0.4 37 1 44 0.4 72 0.5 83 0.4 87 0.3 92 1 
7870 3 0.3 28 0.8 91 0 96 0.5 
7954 63 0.5 
7986 12 1 22 0 28 0.7 31 0.8 35 0.9 39 0.5 41 0 46 0 52 1 59 0 
8054 1 0.9 6 0.3 23 0 34 0.7 40 0.3 44 0.4 45 0.7 65 0.9 82 1 94 0.6 
8233 7 0.3 58 0.6 63 0.6 70 0.5 74 0.5 95 0.7 98 0.6 
8238 23 0.9 30 0 90 0.6 
8335 6 0.5 51 0.5 60 0 69 0.9 
8537 35 0.4 98 0 
8555 45 0 49 0.6 52 0 84 0.5 93 0.5 
8571 6 0.6 14 0.9 15 0.7 16 0 32 0.6 79 0.7 99 0.7 
8573 4 0.5 40 0.3 
8624 32 1 33 0.3 35 0.3 38 0.4 61 0.5 72 0.4 87 0.7 98 0 
8878 4 0.3 5 1 25 0.5 36 0.9 42 0 43 0 80 0.9 82 0.5 89 0.5 90 0.3 
8920 8 0 41 0.5 65 0.5 67 0.5 74 0.3 90 1 91 0 95 0.9 96 1 
9136 43 0 84 0.7 
9183 3 0 7 0.4 32 0 34 0.9 37 0 54 0 72 0.5 73 0.5 89 0 99 0.6 
9271 7 1 19 0 32 0.5 41 1 45 0 51 0.5 61 0 64 0.4 82 0.3 91 0.9 
9329 5 0.5 15 0.6 25 0.6 50 0 55 0 77 0.3 83 0.7 85 0.6 86 0.9 95 0 
9539 5 0.9 21 0.3 48 0.9 62 0.9 65 0.8 69 0.8 
9588 22 0.4 
9828 15 1 28 0.6 36 0.5 37 0.7 69 0.8 
