100
30 8 0.4 16 0 18 0.3 20 0 30 0.5 53 0.6 64 0.7 79 0.8 84 0 
75 5 0.3 10 0 11 0 17 0.6 26 0.5 42 0.6 72 0.5 
357 14 0.9 49 0.9 54 0 70 0.8 73 0.4 81 0.5 
416 8 0.4 11 0.8 16 0.3 19 0.6 53 0.8 58 0.9 64 0 74 1 
485 1 0.9 22 0 44 1 56 0.6 
506 0 0.9 10 0 18 0 39 0.5 64 0.5 81 0.3 90 0.5 
516 6 0.3 13 0.7 25 0.5 61 0.6 66 0.6 77 0.8 
580 6 0.7 16 0 35 0 37 0.4 55 0.7 67 0.3 89 0 93 0 
695 1 0.4 11 0.5 23 0.8 35 0.5 36 0.7 49 0 68 0.7 73 0.5 98 0.9 
734 1 0.3 13 0.7 22 0 28 0.4 70 1 89 0.8 95 0 
777 20 0.9 27 0.7 48 0.6 52 0.8 58 1 69 0.4 72 0 75 0.7 98 0.3 
867 9 0.7 17 0 33 0 40 0.8 51 0.3 68 0 78 0.8 79 0.7 86 0.9 
884 76 0 99 0.8 
896 3 0.6 8 0.3 16 0.3 54 0.7 62 0 73 0.8 82 0 86 0.9 87 0.5 89 0.8 
995 21 0 
1082 29 0.6 33 0 55 0 89 0 
1132 22 0 31 0.9 88 0.9 96 0.9 
1143 5 0.6 52 0.8 54 0.4 58 0.9 80 0.4 86 0.5 90 0.7 99 0.7 
1245 1 0.7 18 0 28 0.7 30 0.7 35 0 53 1 69 0.5 89 0 96 0 
1275 3 0 19 0 21 1 30 0.9 33 0.5 49 0.9 60 0.3 83 0.3 95 0 
1311 38 0.9 44 0.7 
1352 0 0 16 0.6 37 1 41 0.8 53 1 63 0 70 0 77 1 
1368 23 0.9 45 0.7 61 0.8 80 0.9 
1393 36 0.6 85 0.8 
1636 0 0 32 0.5 94 0.4 
1704 10 0.8 87 0.3 
1837 4 0.4 27 0.4 28 0.9 48 0.7 60 0 63 0.3 94 0 95 0.5 96 0 99 0.7 
1850 4 0.8 12 0.8 34 0 38 0.6 48 0.3 59 0.6 61 0.8 74 0.6 87 0.5 
1911 28 0.9 39 0.6 88 0.5 
1949 4 0.3 31 1 49 0.6 64 0.6 77 0 89 0.9 96 0.6 98 0 
1954 23 0.9 50 0 72 0.8 74 0.8 
2057 2 0.6 47 0 52 0.5 98 0.5 
2059 29 1 61 0.8 65 0.5 76 0.9 81 0.3 90 0.4 92 0.3 97 0 
2202 47 0 
2319 23 0.9 85 0.9 87 1 
2450 84 1 88 1 
2585 14 0.4 24 0.7 33 0 53 0.4 74 0.6 93 0.6 
2619 14 1 26 1 30 0.7 62 0.6 76 0.8 88 0.5 90 1 
2737 64 0 69 0 95 1 
2944 7 0.9 44 0.9 48 0 75 0.3 79 0 
3024 10 0.5 24 0.5 41 0.4 50 0.8 74 0.6 93 0 95 0.4 97 0 
3091 97 0.5 
3184 5 0 13 0 20 0.9 
3521 12 0 15 0.9 17 0.4 22 1 27 0.3 36 0.3 41 0.7 73 0.6 75 0 95 0.4 
3550 1 0.7 10 0.5 59 0 62 0 95 0.4 96 0.8 
3634 4 0 7 0.6 11 1 54 0.6 63 0 87 0.4 
3842 4 0.8 18 0 26 1 
3848 16 0.6 43 0 48 0 62 0 71 0.6 85 0.5 94 1 
4077 26 0.5 27 0.8 31 0 55 1 99 1 
4478 9 0.7 23 0.7 38 0.4 40 0 50 0.9 53 0.9 62 1 64 0.4 86 0 
4569 94 0 
4635 1 0.7 7 0.7 9 0.7 25 0 54 0.7 65 1 69 0 82 0.8 91 0 
4719 16 0 21 0.3 37 1 38 0.7 45 0 55 0.9 57 0 65 0 75 0 
4865 6 0 8 0.9 23 0.6 31 0.8 35 0.8 94 0.9 96 0.3 
4871 27 0.5 51 0.5 71 0.4 86 0.7 
4946 9 0.9 44 0.5 51 0.5 61 0.4 88 0 94 0.9 
5129 3 1 68 1 70 1 
5132 58 1 
5185 47 0.6 56 0.9 99 0.5 
5303 15 0.8 53 0.6 
5640 7 0.7 17 0 20 0.3 39 0 51 0.8 85 0 
6035 92 0 
6110 32 0.7 60 0.4 
6276 3 0.5 64 0.9 
6388 32 0 42 0 59 0.3 67 0.4 
6820 31 0.8 
6999 52 0.3 54 0.3 70 0.4 
7141 15 0.5 18 0.3 21 0 25 0.6 28 0.5 47 0.5 55 0.8 74 0.3 77 0 98 0 
7161 8 0.9 15 0 17 0.8 20 0 21 0 49 1 69 0.9 
7314 2 0.4 9 0 35 0.9 57 0.7 92 0.7 95 0.5 
7332 14 0 28 0.4 60 0.6 67 0.4 72 0.5 95 1 
7486 3 0.9 14 0.5 53 0.9 78 1 90 0.6 92 0.3 98 0.7 
7538 38 1 53 0.9 54 0.7 67 1 68 0.5 70 0 83 0.8 85 0.5 90 0 
7569 6 0.3 9 0.4 13 1 18 0.9 38 0.4 48 0.8 
7755 10 1 13 0.8 14 1 16 0 41 0.9 73 0 84 0.7 92 0.5 
8007 42 0.4 89 0 
8027 2 0.9 25 0.6 26 1 52 0.8 53 0.8 54 0.5 70 0.5 
8050 6 0.3 15 0.8 18 0.9 26 0.4 30 0.9 36 0.7 78 0.4 
8207 3 0.6 8 0.3 30 0.4 32 0 33 0.9 40 0.7 41 0.9 76 0 77 0 94 0.3 
8253 12 0.9 17 0.3 40 0.7 41 0.7 42 0 44 0 59 1 80 0.7 92 0 94 0.8 
8427 23 0 84 0.5 
8428 17 0 20 0.8 43 0.6 68 0.6 83 0.7 89 0 
8457 1 1 18 0 29 0.5 36 1 41 0.7 45 0 74 0.3 78 0.3 82 0.5 
8591 14 0.9 24 0 32 0 45 0.5 48 0 52 0 55 0.8 57 0.6 60 0 87 0 
8611 84 0 
8671 4 0.5 55 0.6 57 0.3 79 0.4 
8747 8 0.5 17 0 19 0.3 32 0.3 67 0.8 76 0.9 83 0.3 88 0.9 
9085 1 0.9 8 0 16 0.6 21 1 43 1 71 0.3 77 0 78 0 
9093 9 0.4 19 0.8 28 0.4 31 0.4 38 0 47 0.4 73 0.3 81 0.9 84 0 94 0.8 
9221 16 0.7 42 0.5 45 0.3 55 0 62 0.6 77 0 98 1 99 0 
9345 12 0 22 0.8 30 0.5 31 0 35 0.8 50 0.5 58 0 85 0 97 0.7 
9389 0 1 37 0 41 0 58 0.5 63 0.5 69 1 84 1 
9483 55 0 60 0.5 65 0.6 69 0.9 75 0.5 76 0.5 
9811 4 0.5 23 0.8 88 0.4 
9822 31 0.7 34 0.4 46 0 83 0.8 88 0.3 
9837 27 1 
9843 0 0 4 0 6 0.8 28 0 40 0 45 0.7 50 1 72 0.4 73 0.8 76 1 
9887 59 1 84 0.5 95 0.3 96 0.8 
9899 47 0.8 72 0 
9950 28 0.6 50 0.3 97 0 
