100
44 5 0.9 14 0 29 0.5 76 0.8 85 0.9 91 0 98 0.9 
99 3 0.5 29 0.4 30 0.8 52 0.7 56 0.6 63 0 72 0.6 77 1 98 0.8 
269 6 1 10 0.4 21 1 31 0 33 0 44 0.6 57 1 84 0.8 91 0.3 96 0.5 
325 0 0.8 7 0 48 0 68 0.6 75 0.3 
373 78 0 90 0 
604 5 0.5 17 0.8 41 0 42 0.5 48 0.5 49 0.6 50 0.9 58 0 66 1 88 0.4 
612 7 0.3 22 1 37 0.5 38 0.8 41 0 45 0 66 0.8 
636 10 1 35 0.3 42 0 52 0.6 66 0 71 0 90 0.5 94 1 
662 16 0 54 0 
678 7 0 10 0 24 0 26 0.5 43 0.7 44 0.7 49 0.4 86 0 92 0.7 
781 9 1 61 0.9 63 0.3 77 0.7 81 0.8 86 0.8 89 0.6 96 0 99 0.8 
879 36 0.9 95 0.4 
880 4 0.6 5 0 49 0 54 0.3 59 0 68 0.6 77 0.4 88 0.9 
907 5 0 6 0 29 1 46 0.7 54 0 65 0.4 68 0 88 0.3 95 0 
947 2 0.8 17 0.6 40 0.5 44 0.4 66 0.7 69 0.3 70 0.6 74 0.8 79 0.6 
971 43 0 94 0 97 0 
1020 0 0.5 2 0 6 0.4 8 0 27 0 68 0.4 75 0 97 0.6 
1199 7 1 20 0.5 24 0.9 25 0.8 51 0.4 76 0.6 
1337 25 0 
1513 4 0.3 35 0.6 43 0.8 46 1 76 0.5 88 0.6 
1589 6 0.6 11 0.3 20 0.3 35 0 39 0 88 1 89 0.3 99 0.7 
1719 13 0 14 0 17 0.6 27 0.3 28 0 32 0.9 36 0 67 1 73 0.6 96 0.7 
1821 11 0 40 0.9 44 0.7 58 0.8 61 1 66 0.7 74 0.4 98 0.4 
1924 4 0.4 7 0.4 22 0.9 27 0.4 30 0 31 0.5 61 0 63 0.4 66 0.4 73 0 
2029 0 0.7 8 0.7 21 0 26 0.5 38 0.5 45 0 65 0.9 94 0.6 
2030 2 0.4 12 0.4 16 1 28 0 
2051 3 0 11 0 23 0.6 
2129 6 0.6 11 0.7 
2183 2 0.3 10 0.5 15 0 25 0.8 32 0.3 47 0.9 55 0.9 58 0.4 63 1 74 0.8 
2211 15 0.6 94 0.9 
2290 14 0 24 0.5 64 0.5 
2477 98 0 
2589 94 0.9 
2601 14 0.7 30 0 38 0 39 0.6 47 0.4 52 0.7 72 1 90 0.4 99 0.9 
2621 12 1 40 0 
2684 18 0 
2686 2 0.7 9 0.7 32 0.8 75 0 
2730 29 0.5 53 0 
2738 3 0 39 0.8 46 0.8 71 0 81 0.7 
2791 56 0 66 0.4 82 0 90 1 
2917 5 1 24 0 91 0.6 
3010 7 0.3 23 0.4 24 0 29 0 35 0.3 36 1 92 0.4 
3059 40 0.3 48 0.7 62 0 
3080 11 1 22 0.3 31 0.8 32 1 42 0 48 0.6 63 0 67 0.5 70 0.7 85 0 
3154 38 0.9 47 0 73 0.9 84 0 
3523 4 0.9 7 0.7 28 0.3 32 0.7 45 0.6 49 0 59 0 65 0.9 67 0.3 79 0 
3567 1 0.7 27 0 35 0.5 69 0.4 
4188 19 0.4 22 0.4 26 0 86 0.7 99 0.7 
4282 31 0.7 42 0 83 0.6 
4348 10 0.8 51 0 65 0.8 87 0.5 
4361 10 0 39 0.3 45 0.3 47 0.9 92 0 96 0.7 
4379 14 1 43 0 75 0 78 0.7 89 0 
4391 83 1 94 0 96 0 
4498 24 0 40 0.6 
4624 27 0.5 28 0.5 66 0 69 0 86 0.7 87 0.6 90 0.6 
4646 21 0 31 0.7 68 0 76 0 92 0.9 93 0 95 0.7 99 1 
4666 15 0.3 19 0.9 31 0.6 48 0 58 0 65 0 75 0.7 80 0.5 81 0 
4696 15 0.8 82 0.8 83 0.7 
4705 9 0 43 0 45 0 90 0.9 
4731 10 0 37 0.7 56 0.9 63 0.4 
4740 3 0.7 9 0.5 16 0.9 22 1 40 0 41 0.7 50 0 61 0 73 0 81 0.9 
4852 0 0.3 1 0 8 0.8 10 0.6 21 0.4 32 0.6 56 0 59 0 80 0.8 90 1 
4995 13 0.6 23 0 57 0.7 59 0.6 61 0.6 71 0.3 92 0.8 95 0.7 99 0.4 
5110 49 0.3 
5388 20 0.5 
5669 3 0 5 0 25 0 33 0 41 0 50 0 53 0.3 75 0.3 76 0.6 99 0 
5788 11 0.7 24 1 34 0.5 40 0.6 43 0 58 0.9 76 0.6 84 0.5 86 0 97 0.4 
5868 0 0 2 0.9 16 0.9 47 1 52 0.3 62 0.8 77 0.4 99 1 
6120 3 0.6 5 0 46 0.6 53 0 56 0.9 68 0.3 74 0.5 91 0.7 93 0 
6306 0 0 49 0.9 97 0 
6468 19 0.5 29 0 51 0 54 0.5 59 0.5 71 0.3 79 0 
6718 41 0.4 
6747 5 0.8 14 0.4 29 0.3 41 0.4 58 0.3 64 0.3 76 1 82 0.8 89 0 99 0.6 
6753 0 0 34 0.8 35 0 39 0.8 42 0 54 0 75 0.9 
6863 19 1 46 0 76 0.7 84 0.5 
6919 4 0 8 0 14 0.3 28 0.3 40 0.3 45 0.7 54 0 80 0.8 92 0.4 
7133 1 0.5 34 0.4 41 0.5 51 0.3 82 0.3 
7166 13 0.5 48 0.5 52 0.3 67 0 82 1 
7278 7 0.4 24 0.9 37 0.7 38 0.3 54 0.6 56 0.8 59 0.7 87 0.8 88 1 92 0 
7288 34 0 36 0.3 38 1 42 0 49 0.6 76 0.8 79 0.8 89 0.3 96 1 
7331 89 0 
7354 42 0.3 44 0 60 0 64 0.6 65 0 67 0.6 71 0.6 74 0.4 87 0 91 0.9 
7456 2 0 45 0.8 48 0.3 54 0 83 1 91 1 96 1 
7642 20 1 27 0.5 28 0.4 30 0 38 0 59 0.4 68 0 77 0 87 0.6 88 0.5 
7825 45 0 68 0.8 81 0.4 89 0.4 95 0.6 99 0 
7980 52 0.4 53 0.5 66 0 67 0 
8095 2 0.5 10 0.9 19 0 39 0 45 0 51 0.5 73 0 79 0.5 87 0 
8142 15 0.3 20 0.9 36 0 48 0.8 54 0.9 59 0 65 0.7 66 0.9 81 0.3 89 0.3 
8167 3 0 29 1 32 0.4 51 0.3 89 0.3 
8460 6 0 19 0.4 20 1 51 0.7 64 0.4 72 0.5 73 0.5 74 0 86 0.5 90 0.7 
8708 13 0.8 19 0 22 0.5 23 0 37 0.6 48 0.3 81 0.9 91 1 
8970 31 0.7 63 0.4 70 0.7 82 0.5 88 0 
8979 11 0.8 21 0.3 31 0.8 36 0.8 76 0 
9137 22 0 
9208 4 0.8 11 0.6 21 0.8 29 1 46 0.5 65 0.7 77 0.5 83 0.8 
9733 19 0.4 26 0.9 30 0.5 49 0 50 0.6 58 0.3 78 0.5 93 1 
9816 20 0.4 21 0 33 0 53 0.9 57 0.7 60 0.6 78 0 84 1 
9849 17 0.5 32 0.4 
9976 2 0 9 0.7 30 0.8 31 0 36 0.9 37 0.7 57 0.8 58 0 60 0.9 76 0 
9988 15 1 17 0.4 22 0.5 42 0.3 77 0 
