100
52 22 0.3 45 0.7 56 0.4 
71 7 0 17 0 42 0.4 59 0 76 1 79 0.9 85 1 95 0.4 
117 1 0.5 19 1 47 0.6 70 0 77 0.4 83 0.3 88 0.8 96 0 97 0 
133 41 0 
334 39 0.7 
344 21 0 29 0.6 33 0.7 58 0.9 73 0 77 0 88 0.9 89 1 91 0 
544 2 0 13 0 26 1 44 1 53 0.4 57 0.9 60 1 69 0.4 82 0.8 
633 29 0.8 86 0.5 
795 64 0.9 
1005 1 0 22 0.8 29 0.8 31 0 44 0.8 51 0.4 58 1 66 0 74 0.4 90 0.5 
1122 1 0.4 8 0 11 0.8 13 0 15 0.8 
1177 28 0.9 33 0 42 0 84 0.4 85 0 87 0 
1347 6 0.9 13 0.3 19 0 65 0.8 69 0.6 77 1 82 0 84 0 86 0 90 0 
1448 0 1 23 0.3 45 0 46 0.4 51 0.8 79 0 95 0.7 
1581 0 0 4 0.3 13 0.3 41 0 56 0.3 60 0.7 90 0 
1602 10 0.6 63 0.5 
1633 6 0.5 12 0 22 0.5 30 0.9 68 0.6 74 0 76 1 83 0.4 
1651 10 0.8 13 0.8 25 0 46 0.9 83 0.6 
1671 70 0 
1720 20 0.6 37 0.3 63 0.5 96 0 
1799 81 0.6 
1825 88 0.3 
1895 0 0.3 5 0 6 0.9 46 0.4 50 0.3 58 0 62 0.7 81 0.6 94 0.7 
1919 3 1 19 0.5 26 0 40 0.6 45 1 60 0.3 61 0.9 
1994 95 0 
2225 19 0.7 28 0.4 41 0.8 45 0.6 61 0.7 80 0 96 0.8 
2247 54 0.9 
2294 4 0.3 55 0.5 62 0.6 65 0.8 70 0 74 0.6 85 0 97 0.5 
2398 0 1 3 0.4 11 0.6 27 0.7 33 0.4 40 0.3 69 0.9 73 0.9 98 0 
2428 0 0 1 0.6 14 0 19 0.7 36 0.7 49 0.9 61 0 68 0.5 94 0 97 0.6 
2513 2 0.4 19 0.3 21 1 42 0.9 59 0.4 76 0.3 89 0 
2555 12 0.4 24 0.3 41 0.5 43 0 46 0.6 50 0 65 0.9 68 0.6 96 0.5 
2707 82 0.7 
2835 11 0.3 28 0 63 0.3 94 1 
2849 8 0.7 10 0.5 35 0.5 38 0.6 41 0.9 50 0.9 74 0 
3037 1 0.7 8 0 18 0.8 72 0.9 89 0.8 
3294 6 0.3 7 0.9 37 0 53 0 59 0.7 61 0 65 0.9 73 0.4 81 0.7 86 0 
3318 12 0 55 0.3 56 0 57 0 66 0.4 82 0.9 90 0.4 
3385 14 0.9 16 0 41 0.7 42 0.7 44 0 50 0.8 65 0.9 91 0.3 
3459 28 0.8 
3479 4 0.5 15 0.3 49 0.8 87 0.4 
3510 25 0.7 29 0.5 41 0.6 98 0.5 
3539 20 0 
3622 34 0.8 
3720 11 0 20 0.3 30 1 95 0.8 
3762 28 0.4 38 0.9 74 0.4 
3805 9 0.7 10 0 16 1 33 0 66 0.5 68 0.3 71 1 91 0 97 0.7 
3968 7 0.8 8 0.9 46 0.7 75 0.3 
4036 9 0.8 23 0 25 0 41 0.3 50 0 68 0 83 0.7 84 0.9 94 0.9 95 0.6 
4115 15 0.6 27 1 30 0.4 41 0.9 42 0.8 45 0.3 50 0 67 0.8 92 0 
4242 10 1 37 0.5 39 0 49 0 62 0 81 0.9 
4322 13 0.4 19 0.4 23 0.6 28 1 36 0.6 39 0.5 
4331 7 0.8 8 0.6 32 0.9 43 0.6 52 0.8 59 1 71 0.6 72 0.7 81 0.9 
4382 11 0.3 27 0 34 0 51 0 69 0.7 70 0.7 
4595 13 0.9 18 0.8 21 0 22 0.6 75 0 88 0.8 95 0.6 
4678 1 0.8 33 0.6 43 0.7 44 0.6 55 0 71 0 81 0.9 90 0 
4722 27 0 43 0.5 47 0.4 97 0.3 99 0.5 
4919 47 0.6 64 0 66 0.9 87 0 
5091 64 0 85 0.8 
5249 97 0.8 
5310 10 0.5 27 0.9 29 0.8 82 0.8 85 0.7 
5710 25 0.8 55 0 86 0.7 
5762 68 0.3 90 1 
5776 8 0 14 0 50 0.8 57 0 66 0.9 73 0.6 87 1 91 0.3 92 0 96 0 
5799 31 0 46 0.5 54 0.3 58 0.5 63 0.5 71 0.5 72 0 77 0.7 98 0 
5828 12 0 24 0.3 35 0.9 39 1 53 0 65 0.8 74 0.7 
6199 53 0 56 1 
6256 7 0.9 14 0 18 0.9 53 0 55 0 61 0.7 71 0.5 72 0.6 80 0.7 89 0.7 
6309 72 1 81 0.8 
6419 53 0 78 0.3 79 0 84 0.6 
6526 22 0.6 76 0 77 0.6 82 0.6 
6676 21 0.5 40 0.9 74 0.3 81 0 
6693 16 0.8 31 0.4 37 0.3 57 0.7 63 0.5 77 0.8 
6738 1 0.4 13 0.8 14 1 15 0 44 0.8 73 0.6 99 0 
6932 3 0.3 17 0.3 25 0.8 26 0.4 40 0 54 0 
6959 5 0 17 0.4 63 1 93 0.7 
7001 2 0 23 0.9 27 1 34 0.7 62 0 70 0 74 0.8 77 0.3 84 0 92 0.8 
7057 83 0 84 0.4 
7209 5 0.6 6 0.5 25 0.3 62 0 67 0 87 1 
7624 15 0.4 16 0.5 32 0 48 0.4 64 0.9 65 0 70 0.9 71 0.3 84 0.9 
7692 30 0.4 
8209 21 0.7 
8254 0 0 14 0.4 31 0.8 36 1 67 0.3 78 0.9 85 0 89 1 
8273 6 0.8 30 0.9 38 0 40 0.9 59 0.7 67 0 96 0.3 99 0.3 
8350 1 0 19 0.7 26 0 33 0 51 0.8 58 0.8 77 1 86 0.3 94 0.4 
8560 8 0.4 27 0.3 29 0 51 0.6 60 0.5 70 0 80 0 85 0.7 99 1 
8753 27 0 65 0 71 0.8 
8756 5 0.9 25 0 47 0.8 76 1 84 0.7 92 0.3 
8792 5 0 13 1 14 0.3 21 0.4 25 0.6 37 0.7 47 0.3 81 0.7 
8826 5 0.6 14 0.8 22 0.6 34 1 43 0.8 44 0.8 52 0 55 0.7 67 1 
8916 4 0 12 0.9 14 0.5 23 0.7 54 0.9 70 0 81 0.5 82 0 94 0.3 98 0.3 
9138 31 0.4 58 0.6 70 0.5 
9183 3 0 7 0.3 32 0.3 34 0.8 37 0 54 0 72 0.6 73 0.8 89 0.8 99 0.7 
9307 21 1 22 0.8 28 0.4 39 1 53 0.5 62 1 74 0 79 0 80 0 
9374 14 0.5 67 1 
9701 22 0.4 32 0 39 0.7 73 0.6 
9702 11 1 18 0.8 43 0.4 78 0 
9872 28 0.7 39 0.6 60 0.4 61 0.6 
9926 63 0.4 
9975 3 1 15 0.6 28 0.4 31 0.3 47 0.7 65 0.8 75 0.8 89 0 96 0.8 
