100
42 2 0.7 20 0.5 36 0 61 0.7 73 0 76 0.8 78 0.7 83 0 87 0 89 0.3 
121 56 0 88 0 
136 9 0.8 33 0.4 35 0 
148 39 0 
185 9 0 13 0 17 0.7 19 0 30 0.6 32 0.9 35 0.5 58 0.9 83 0.6 88 0 
264 8 0.3 13 0.8 37 0 46 0 60 0.9 74 0.9 82 0.7 
275 5 0 10 0 19 0.9 28 0.9 31 0.9 43 0.4 90 0.4 
279 22 0.8 27 0 37 0.9 62 0 67 0.7 73 0 
364 11 0 
410 6 0.9 12 1 18 0.3 45 0 62 0.6 77 0.9 94 0.4 95 1 97 0.4 
537 18 0.5 31 0 51 0.4 84 0.3 
624 10 0.8 36 0 42 0 66 0.4 83 1 86 0.4 94 0 
686 2 0.8 15 0.6 27 0.8 31 0 35 0.4 71 0.5 78 0.6 
700 80 0 
748 17 0.8 19 1 52 0.8 58 1 74 0.9 84 0.6 93 0.3 97 0.5 99 0.9 
798 3 0 40 0.6 46 0 48 0 57 0.4 64 0.8 72 0.7 90 0.3 
884 76 1 99 0.3 
890 10 0 38 0.8 40 0 42 0.8 46 0 52 0.7 62 0 67 0.7 72 0.6 81 0 
891 7 0.6 11 0.4 14 0.8 98 0.4 
971 43 0 94 0 97 0 
1188 6 0 17 0 36 0 41 0.7 68 0.7 
1375 5 0 46 0.5 82 0.5 98 0.8 
1560 17 0.8 19 0.3 43 1 89 1 
1562 26 0.5 86 1 
1725 52 0 55 0.8 56 0.3 64 0.4 
1788 6 0 21 0.8 23 0.7 34 1 52 0.5 73 0.7 76 0 77 0.6 83 0.4 
1827 0 0.3 35 0 57 0.3 
1891 11 0.4 20 0 26 1 74 0 
2103 21 0.9 23 0 34 0.8 36 0.6 40 0.7 99 0.5 
2374 3 0 23 0.7 32 0.8 90 1 
2510 12 0.8 32 0.9 55 0.3 60 0 65 0.5 79 0 85 0.4 87 0 99 0.9 
2537 2 0 3 0.4 4 0.7 15 0.5 21 0.5 24 0 57 0.4 67 1 71 0.4 
2551 29 0.3 32 0.8 47 1 85 0.5 87 0.5 96 0.7 
2560 4 1 17 0.4 23 0.9 43 0.7 46 0.7 59 0 63 0.7 70 0 99 0.6 
2566 43 0.3 64 0.5 79 0.3 
2595 11 0.5 35 0.4 49 0.6 
2607 8 0.4 15 0 18 0.7 44 1 52 0.9 61 0.3 89 0.4 97 0 
2640 16 0.6 29 0.5 41 0.6 72 0.8 75 0.3 85 0.4 
2707 82 0.9 
2949 90 0 94 0 96 1 
3172 20 0.7 24 1 
3203 11 0 23 0.9 24 0.6 33 0.7 62 0.6 83 0 
3292 5 0.4 14 0.8 35 0.9 66 1 71 0 80 0.3 89 0.5 
3451 75 0.5 
3488 3 0.3 43 0 44 0.7 
3545 3 0 4 0 23 0.9 26 0 37 0 93 0.3 
3756 2 0.7 4 0 12 0 13 0.6 14 0.8 34 0.8 57 0 64 0 83 0.6 85 0.8 
3791 23 1 24 0.7 75 0.7 
3933 18 0 41 0 47 0.9 56 0.7 70 0.9 80 0 
4088 10 1 23 0.7 41 0 45 0.6 48 0.9 67 0.6 88 0.3 93 0.9 94 0 98 1 
4360 1 0 22 0.3 23 1 46 0.6 55 0.5 69 0.7 73 0.6 96 0.5 
4620 19 0.7 36 0.6 45 0 51 1 53 0.6 55 0 
4634 5 0.7 18 1 24 0.7 25 0.6 30 0.8 55 1 67 0.6 85 0 95 0 
4716 2 0.9 44 0.3 52 0.6 55 0 78 0 95 0 
4900 0 0.4 5 0 14 0.4 29 0.7 31 0.4 33 0.9 34 0.7 39 0 97 0.4 
5276 1 0.3 6 0.6 18 1 25 0.9 27 0 57 0 82 1 
5290 62 1 79 0 98 0 
5389 1 0.6 26 0.4 93 1 
5423 10 0 
5632 15 0.8 18 0 23 0 25 0.3 33 0.6 39 1 43 1 45 0.9 53 0 75 0.9 
5884 16 0.8 23 0 34 0 49 0.9 63 0.8 64 0.9 70 0.3 81 0.8 86 0.9 
5931 27 0.6 37 0.9 55 1 60 0 82 0 88 0.4 
5983 28 0.4 53 0.6 54 0.6 59 0 60 0.7 
5994 17 0.7 18 0.7 24 0 25 0.8 27 0.9 33 0.7 99 0.8 
6002 1 0.7 33 0.5 36 0.5 46 1 65 0 70 0 83 0.7 87 0 99 0 
6090 1 0 5 0 28 0.4 46 0.5 49 0.9 50 0 80 0.7 
6160 3 0.3 9 0.7 72 0.3 79 0 81 0.5 92 0.9 
6256 7 0.7 14 0.6 18 1 53 0 55 0.6 61 0.6 71 0.9 72 0.8 80 0.7 89 0 
6502 2 1 7 0.8 32 0 33 0.4 42 0 47 0 69 0.4 73 1 75 0.3 99 0 
6760 18 0.5 98 1 
7117 2 0.6 42 0.6 60 0.5 63 0.3 65 0 68 0.3 72 0.8 79 0.3 84 0.9 85 0.5 
7134 0 0 30 0.3 61 0 62 1 71 0.6 80 0.3 
7137 5 0.9 9 0.8 13 0.4 19 0 47 0 54 0 80 0 
7383 7 0 45 0.8 58 0 98 1 
7588 2 0 19 0.8 36 0.5 57 0.3 68 0.4 
7608 18 0.8 46 0.8 58 0.4 88 0 
7618 3 0.4 8 0 19 0.6 24 0.9 28 0 37 0.6 54 0.8 65 0.8 68 1 94 0 
7805 51 0.3 81 0.6 
7867 5 0.4 13 0.8 26 0.3 42 1 60 0.4 93 1 98 0 
7932 8 0.3 18 0.9 48 0.8 58 0.7 67 0.4 77 0.8 83 0 93 0.3 
7981 1 1 5 0 6 0 7 0.7 16 0.4 17 0.4 26 1 72 0.3 97 0.7 
8031 0 0.8 8 1 15 0.8 60 0 78 0.4 82 0.3 
8146 13 0.7 35 0.7 38 0 40 0.7 48 0.9 61 0 86 0.8 
8157 1 0.4 7 0.9 
8418 16 0.3 19 0.3 24 0.7 26 0.3 69 0 
8503 9 0.7 12 0.9 15 0 22 0.6 33 0.4 41 0.5 55 0.8 56 0 81 0 95 0.8 
8640 26 0.3 
8672 37 0 69 0.6 88 0.9 
8725 13 0 63 0.5 85 0.9 93 0 97 0.9 
8749 0 0.5 6 0.5 11 0.7 53 0.8 
9070 11 0.9 22 0 25 0 45 0 84 0 94 0.8 
9081 8 0 16 0.7 23 0.5 27 0.6 33 0 47 0 61 0.4 88 0.3 96 0.6 
9108 88 0.4 
9251 1 0.7 15 0.6 17 0 50 0.8 55 0 62 0.9 64 0 65 0.9 97 0.8 99 0 
9296 2 0.3 18 0.4 25 1 42 0 44 0.9 95 1 99 0.7 
9307 21 1 22 1 28 0 39 0.8 53 0.3 62 0.6 74 0 79 0.6 80 0.5 
9373 7 0.3 11 0 21 1 34 0.5 43 0.5 50 0.9 
9452 0 0.4 
9798 5 1 7 0 15 0.4 29 0.8 31 0 34 0.6 64 0 66 0.9 75 0 
9970 6 0.7 13 0.8 21 0.6 22 0.6 23 0.7 33 0.5 66 1 86 0.8 90 0 
