100
163 6 0.6 18 0.4 31 0 54 0.7 
368 22 0.7 
490 3 0 22 0.5 40 1 66 0.7 86 0.9 
697 37 0.3 57 1 
723 10 0.4 72 0.6 79 0.6 98 0 
911 10 1 22 0 31 0 46 0.7 70 0 91 0.8 
918 13 0 18 0.3 19 0.9 28 0 41 0.6 76 0.9 98 0 
1184 8 1 
1190 9 0.8 40 0 69 0.9 
1351 4 0.3 9 0.9 34 1 40 0 50 0.9 65 0.8 74 0.8 78 0.9 99 0.3 
1397 15 0.9 24 0 45 0.6 63 0 73 0 85 0.5 94 0 97 0.9 
1495 65 0.5 75 0.6 
1530 13 0 21 1 38 0.4 40 0 49 0.5 55 0.9 82 0.9 84 0.4 89 0.8 95 0.9 
1531 34 0 40 0.5 53 0.4 62 1 64 0.5 72 0.5 92 0.3 94 1 
1670 10 0 65 0.9 82 0.4 
1780 6 0.8 
1798 22 0.3 93 0.4 
1811 15 0 39 0.5 70 1 
1815 3 0.5 8 0.7 32 0 64 0.3 65 0.7 72 0.8 81 0 86 0.8 92 0 
1866 5 0 16 0.4 42 0 68 0 
1899 1 0 
1994 95 0 
2078 5 0.3 67 0.6 75 0.5 98 0 
2124 32 0.4 65 0.9 74 0 86 0.7 
2125 13 0.8 33 0 55 0.4 76 0.5 83 0.8 
2297 15 0 16 0.9 45 0.5 73 0.9 82 0.7 89 0.8 
2403 16 0.3 
2443 5 0 19 0.3 22 0 23 0.4 55 0.7 66 0.8 76 0.8 78 0.8 86 0.3 
2484 0 0.4 6 0 15 0.4 22 0 30 0.3 45 0.5 48 0 54 0.5 67 0.9 85 0.3 
2686 2 0 9 0.6 32 1 75 0.7 
2692 42 0.4 66 0.7 
2844 63 0 96 0.6 
2851 12 0.5 67 0.5 70 0.9 87 0.8 92 0.9 94 0.3 99 0.9 
2891 66 0.5 78 0.4 87 1 90 1 96 0 
2907 5 0.8 25 0.4 32 0.7 45 0 53 0.7 64 0.5 76 0.9 96 0.8 
3019 14 0.6 16 0.5 27 0.9 35 0.9 37 0 39 0.6 60 0.6 62 0.3 74 0.5 81 0 
3170 24 0 53 0.3 61 1 84 0 
3183 8 0 14 0 21 0 40 0.9 43 0.6 51 0 71 0.4 92 0 
3272 3 0 20 0 21 1 32 0.4 37 0.3 44 0.3 52 0.6 53 0.9 
3304 4 0 9 0.6 17 0.7 42 0 52 0.8 60 0.9 85 0 
3427 19 1 55 0.4 62 0.3 64 0.8 69 0 90 0.3 93 0 
3554 6 0.7 30 0.5 70 0 71 0 
3639 0 0.9 7 0 25 1 30 0 37 1 43 0 62 0.5 65 0.3 78 0.7 95 0 
3759 20 0.3 86 0 
3876 78 0 
4048 24 0 26 0.6 38 0.7 42 0.6 55 0.9 63 0.6 74 0.4 85 0.5 87 0.4 95 0.3 
4118 43 0 48 0.7 
4393 4 0.5 5 0.4 36 0 40 0.6 
4687 23 0.3 26 0 27 0.8 45 0.5 57 0 79 1 82 0.4 
4824 9 0.6 43 0 47 0 62 0.8 73 0.9 83 0.5 
4911 49 0.4 75 0 84 0 
5271 29 0 41 0 82 0.7 
5390 6 0 12 0 21 0.4 29 1 63 0.4 67 0 76 0.9 83 0.6 87 0.8 96 0.9 
5430 2 1 7 0.9 15 0.9 27 0.7 33 0.7 63 0.4 75 0 79 0 
5537 57 0 
5543 30 0 32 0 41 0 42 0.3 43 0.8 48 0.3 58 0 65 0.4 78 0.8 87 0.4 
5707 32 0.3 41 0.5 56 0 67 0.9 76 1 82 0 90 0.6 92 0 
5765 2 0.3 11 0.6 49 0.6 
5852 40 0 41 0.7 
5932 3 0 11 0.4 27 0.9 56 0.6 60 0.6 79 0 84 0.8 94 0.4 
5994 17 0.3 18 0 24 0.7 25 0 27 1 33 1 99 0.4 
6022 3 0 14 0.7 19 0.6 78 0.8 84 0.3 
6132 21 1 43 0.4 44 0.9 67 0.4 
6204 22 0.8 
6271 15 0 41 0.7 43 0.9 54 0.3 55 0 58 0.6 74 0.6 75 1 92 0.3 93 0 
6482 6 0.6 10 0.9 12 0.3 37 0.7 45 0.8 57 0 60 0 62 0.5 66 0.8 
6559 5 0 22 0.7 32 0 40 0.3 47 0.3 49 0.6 58 0.4 67 0.7 68 0.3 71 0.8 
6706 25 0 36 0.4 48 0 50 0.5 97 0.6 
6726 5 0.6 27 0.3 87 0.5 94 0.6 
6936 11 0.5 14 0 38 0 50 0.8 58 0 63 0.4 66 0.4 96 0.8 
7056 17 0.8 21 0 24 0.9 27 0 33 0 45 0 46 0.5 48 0.9 58 0.4 64 0.6 
7099 4 0.6 73 1 89 0.5 
7245 25 0.6 66 0.6 94 0.6 
7258 2 0.6 9 0 33 1 42 0 65 0 77 0.4 84 0.6 
7461 11 0.3 21 0.6 24 0.6 29 0.7 74 0.6 93 0.8 
7609 24 0 26 0.3 45 0.4 55 0.5 74 0 77 0.3 
7665 3 0.3 15 0 18 1 36 0.3 39 0.8 
7726 0 0.5 24 0.4 
7881 8 0.4 11 0.9 20 0.8 42 0.5 75 0 76 0.4 89 0.5 93 0.8 
7899 17 0.8 
7956 53 0.7 
8008 36 0 71 0.8 
8195 6 0.6 15 0.7 31 0.7 38 0 67 0.5 73 0.9 85 0.6 89 0.8 90 0 95 1 
8270 36 0 37 0.6 45 0.7 54 1 64 0.3 69 0 94 0.9 97 0 
8301 6 0.4 15 0 19 0 24 0 53 0 55 0 70 0 78 0.8 88 0.6 95 0.7 
8674 3 0 4 0.9 55 0.7 65 0 90 0 
8730 64 0.5 68 0.5 
8746 7 0.6 16 0.5 17 0 26 0.9 36 0.3 37 0.4 43 0.4 69 0 82 1 99 0.7 
8832 36 0 65 0 
9262 2 0 4 0 29 0.3 30 0.8 39 0.3 64 0 66 0.8 76 0.9 
9322 0 0.8 5 0 
9368 7 0.5 8 0 69 0.6 73 0.6 
9385 3 0 46 0.4 64 0.7 71 0.5 79 0 
9413 6 0.8 35 0.9 53 0.7 96 0 
9534 81 0 89 0.5 98 0 
9684 18 0.4 37 0.4 75 0 77 1 82 0.5 95 0.4 
9739 26 0.7 32 0.9 50 0.9 51 1 56 0.6 57 0 61 0.3 86 1 87 0.9 93 0.8 
9817 1 0 37 0 43 0.3 58 0.4 97 0.8 99 0.8 
9883 4 0 7 0.3 24 0.7 33 0.7 37 0.4 39 0 48 0.6 66 0.4 84 0 
9988 15 1 17 0.4 22 0.4 42 1 77 0.4 
