100
54 68 0.9 81 0.9 85 0 
87 10 0.6 54 0.7 59 0.7 62 1 69 0 71 0.9 72 1 92 1 
144 3 0.9 13 0 15 0.7 37 0.4 65 0 82 0.3 
148 39 0.9 
278 40 0 68 0 
513 1 0.6 20 0.6 27 0.7 65 0.4 72 0.3 77 0.3 94 0.6 99 0 
535 9 0 25 0.5 33 0 35 0.8 40 1 42 0.7 83 0.9 88 0.8 93 0.8 
606 2 0.7 22 1 67 0.6 82 0.3 
647 21 0.6 33 0.8 75 0.4 91 0.5 
705 11 0 36 0.5 37 0.6 46 0.5 65 0.4 
713 2 0.9 8 0.9 36 0.5 54 0.9 88 0.5 
834 2 0 10 0 40 0.4 53 0.6 54 0.9 78 0.3 
898 0 0 45 0.8 82 0.4 
935 1 0.5 11 0.4 28 0 59 1 64 0.6 77 0 
1045 9 0.5 11 0 13 0.7 19 0 44 0 55 1 60 0.9 66 0.9 82 0.8 99 0 
1153 52 0 53 0 59 0.3 83 1 88 0 
1232 62 0.8 
1299 60 0.9 
1406 4 0.5 16 0 33 0.5 37 0.8 47 0.3 51 0 65 0 90 0.6 97 0.7 
1578 7 0.9 28 0.8 44 0 57 0.9 70 0.3 78 1 86 0.8 
1636 0 0.9 32 0 94 0.7 
1799 81 1 
1852 3 0 6 1 7 0 42 0 86 0 
1870 14 0 44 0.9 96 0.7 
1928 8 0 25 1 36 0.3 54 1 55 0 70 0.6 96 0.3 
1976 66 0 91 0.6 
1985 5 0.5 16 0 43 0.8 49 0.8 67 0.7 98 0.3 
1991 82 0 
2164 2 0 30 0.3 59 0.8 69 1 70 0 73 0 91 0 98 0 
2186 13 0.7 15 0.7 45 1 58 0 94 0 99 0 
2304 0 0.8 14 0.5 22 0.3 30 0.9 48 0.3 55 0.8 92 0.8 97 0 
2328 9 0.5 10 0.6 20 0 24 0 27 0.8 55 0.4 66 0.4 
2407 4 0.4 29 0 55 0.6 
2437 6 0 12 0.9 57 0.7 84 0.9 93 0.6 
2448 32 0.5 77 0.4 90 0 92 1 
2449 11 0 16 0 33 0.4 44 0.5 56 0.4 81 0 82 0 97 0 
2468 9 0.3 46 0.8 75 1 
2475 26 0.7 43 0 50 0 62 0.9 76 0.9 99 0.3 
2587 16 0.6 52 0 59 0.3 
2688 36 0.5 64 1 
2860 7 0.3 46 0.4 50 0 94 0.9 
2865 13 0.9 32 0.4 40 0.6 54 0.9 65 0.8 93 0.9 
2875 8 1 19 0.5 22 0.7 25 0.3 46 0.6 63 0.7 64 0.8 
2876 9 0.4 31 0.5 75 1 85 0.7 
3215 8 0.8 17 0 27 0 52 0 65 0.8 71 0.3 75 0.4 90 0.4 97 1 
3368 13 0.3 81 1 
3449 43 0.3 53 0.6 59 0.3 73 0.3 
3533 5 0 33 0.6 90 0.9 95 0 
3539 20 0.5 
3708 35 1 69 1 
3927 4 1 12 0.8 34 0.4 58 0.4 64 0 70 0 85 0 86 0.5 91 1 
3942 1 0 40 0.7 43 0 71 0.7 73 0 95 0.4 
3947 2 0.4 9 0 11 0.3 16 0.8 38 0.3 48 0.9 50 0.7 81 1 86 0.7 
3953 48 0.6 
4022 9 1 41 0 63 0 92 0.8 97 0.5 
4211 24 0.7 35 0.9 38 1 39 0 51 0.9 58 0.5 70 0.8 87 1 95 0 
4289 23 0.7 25 0 52 0 53 0.5 
4789 25 0 40 0.7 56 1 62 0.5 91 0.9 
4920 0 0.6 5 0.8 16 1 26 0.8 30 0.3 36 0.9 66 0 68 0 86 0.7 98 0.5 
5565 59 1 98 0.4 
5672 35 0 72 0.3 91 0 
5950 8 0.7 
5978 43 0 48 0.3 61 1 62 0.4 79 0 89 0.3 
6064 8 0.4 9 1 34 1 77 0.3 79 0.7 
6113 6 0 14 0.8 31 0.9 48 0.5 64 0.9 98 0 
6227 15 0 22 0.6 34 0 45 0 50 0.5 55 0.9 56 1 73 0.3 94 0.4 
6246 59 0.6 
6283 15 1 
6345 0 0 23 1 32 0.7 34 0.9 46 1 58 0.9 66 0.4 
6408 5 0.8 23 0.7 47 0 79 0.7 87 0.3 93 1 
6485 13 0.6 54 0 60 0.4 62 1 87 0 
6491 10 0.6 46 0.8 60 0.7 65 0 68 0.5 70 0.4 72 0.4 90 0.4 
6511 14 0.3 34 0 36 0 57 0.8 63 0.6 75 0.8 85 0.6 90 0 94 0.9 96 0.3 
6812 56 0.3 
6866 12 0.5 43 0 46 1 52 0.3 79 0.4 86 0.8 93 0 
6902 6 0.7 13 0 37 0 44 0 66 0 90 0.5 98 0.8 
7273 0 0.6 2 0.6 15 0 22 0.5 26 0 30 1 40 0.7 51 0.4 66 0.8 
7324 10 0.4 12 0.3 16 0.3 29 0.8 40 0.5 46 0.5 48 0.9 80 0.5 
7495 16 1 50 0.7 58 0 
7552 9 0.6 14 0.5 18 0.4 26 0 29 0 47 0.8 67 0.6 70 1 82 0.8 89 0 
7764 16 0.9 17 0 41 0.5 45 0 53 0.3 91 0 
7826 57 0.4 
7979 29 0.8 33 0.5 52 0.8 80 0.8 
8077 11 0 40 0.4 49 0.9 57 0 69 0.6 71 0 74 0 
8103 97 1 
8339 36 0.6 38 0.3 48 0.6 49 0 63 0.6 74 0 83 0.9 90 0.5 
8370 9 0 14 0 16 0.5 58 0 67 0.5 79 0 83 0.7 92 0.7 94 0.7 
8492 10 0 19 0 30 0.6 34 0 46 0.5 57 0.8 80 0 83 0.3 84 0.7 93 0.3 
8598 14 0.4 24 0.6 25 0.8 31 0 38 0.5 51 0.3 64 0.3 68 1 82 1 89 0.9 
8645 64 0.6 
8703 43 0.4 
9024 24 0 28 0.4 32 0.3 38 0 49 0 59 0 66 0.5 69 0.7 76 0 88 1 
9236 33 0.3 65 0 90 0.5 96 0 
9253 14 0.3 15 0.9 29 1 31 0.6 32 0.8 56 0.5 64 1 68 0.9 71 0.5 84 0 
9313 0 0.7 9 0 19 0.3 48 0.3 63 0.3 67 0 74 0.3 99 0.8 
9347 0 0.8 24 0.9 33 0.5 42 0 60 1 71 0.6 82 0.9 92 0.9 96 0.9 99 0.5 
9472 12 0 27 1 38 0.7 40 0.4 43 0.9 71 0 
9610 18 0.9 25 1 62 0.5 91 0 
9807 63 0 98 0.4 
9987 40 0.3 
