100
30 8 0.7 16 0.3 18 0.7 20 0.7 30 0.5 53 0.8 64 0.7 79 0.6 84 0 
99 3 0.7 29 0.9 30 0.7 52 0 56 0 63 0.5 72 0.6 77 0.3 98 1 
264 8 0.6 13 0.5 37 0.6 46 0.4 60 0.3 74 1 82 0.5 
290 11 0.6 17 0.8 22 1 34 0.4 60 0.6 89 1 97 0.7 
657 24 0.9 68 0.8 76 0.6 
848 40 0.6 62 0 68 0.6 70 0.5 74 0.4 76 0 79 0.3 93 0.6 95 0.8 
886 1 0 4 0.8 44 0 45 0 49 0.4 67 0.7 83 0.3 96 1 
915 13 0.7 38 0.4 40 0.6 64 0.9 91 0.6 96 0.3 
1149 23 0 44 1 
1182 34 0.6 
1223 40 0.5 47 0 51 0.3 57 0 74 0.3 77 0.5 89 0.9 
1266 4 0 30 0.7 32 0.9 34 0.4 46 0.9 60 0.8 64 0.9 81 0.9 85 0.6 87 0 
1279 25 1 51 0.9 74 0 84 0.5 87 0 94 0 97 0.8 
1305 80 0 87 0.7 
1308 3 0 49 0 50 0.3 54 0.9 61 0.3 65 0 78 0.3 85 1 90 0 
1344 25 0.4 33 1 40 0.5 64 0 86 1 96 0 
1461 35 0.7 37 0 41 0.3 45 0.6 58 0.4 75 0.8 77 0.5 
1756 11 0.3 42 0.8 52 0.7 60 1 80 0.7 89 0.4 93 0.3 98 0 
1998 15 0.6 
2059 29 0.9 61 0.7 65 0.8 76 0 81 0 90 0 92 0.6 97 1 
2249 18 0.8 
2349 27 0.6 57 1 61 0 78 0.9 91 0 93 0 
2533 1 1 7 0.7 13 0.4 28 0.5 45 0.4 46 0 53 0 84 0.9 93 0.8 
2623 4 0 29 0.4 
2634 1 0.3 39 0.3 42 0.9 58 0.3 59 0.8 64 0.9 67 0 68 0.7 87 1 91 0.3 
2658 35 0.6 40 0.3 46 0.9 52 0.5 92 0 94 0 
2690 11 0.5 24 0.9 35 0 39 0.6 51 0 62 0.9 78 0.5 82 0.5 
2795 13 0.6 38 0.6 48 0.9 49 0.4 55 0.3 71 0 75 0.4 84 0 
2904 5 0 37 0.6 47 0 74 0.6 83 0.4 84 0 98 1 
2934 8 0 29 0.9 32 0 46 1 51 0.3 72 0.3 
3012 1 0 9 0.8 10 0.6 46 0.4 74 0 87 0.4 96 0.7 
3054 36 0.3 50 0.4 52 0.9 63 0 98 0.6 
3280 41 0.4 56 0.3 
3283 46 0.8 78 0 
3414 1 0.6 9 0.3 25 0 28 0.6 36 0 56 0.6 69 0 86 0.8 
3461 13 1 25 0 
3496 1 0.5 12 0 28 0.8 74 0.5 89 0 93 0.8 
3545 3 0.8 4 0 23 0 26 0.9 37 0.5 93 0.9 
3600 43 0.4 44 0.6 45 0.3 52 0.3 58 0.7 62 0 84 0.9 87 0 97 1 
3707 35 0 46 0.5 64 0 66 0.6 70 0.7 72 0.8 90 0.8 
3797 5 0.6 11 0.9 21 0 26 0.3 45 0 51 0.8 68 0.3 70 0.8 72 0.3 98 0 
3854 5 0.5 16 0.7 30 0.4 57 0.9 65 0.9 67 0.9 79 0.9 92 0 99 0.4 
3953 48 0.5 
3997 20 0.5 21 0.9 22 0 51 0 55 0.6 57 0.4 71 0.6 
4023 81 0.7 
4095 5 0.8 35 0 38 0.9 50 0.9 51 1 60 0.6 77 0 86 0 87 0.6 
4165 9 0.8 22 0.4 56 0 63 0 80 0 86 0.6 93 0.8 95 0.3 
4248 10 0.9 20 0 26 0.4 65 0 92 0 97 0.4 
4365 53 0 62 0.9 80 0.6 
4545 52 0.8 60 0.7 93 0.5 96 0 
4646 21 0 31 0 68 0 76 0.6 92 1 93 0.8 95 0 99 0.8 
4725 8 0 26 0.8 64 0.3 68 0 72 0 81 0 91 0.6 
4749 3 0.8 9 0 33 0 34 0.7 40 0 55 0.4 66 0.9 78 0 90 0.4 96 0.8 
4751 25 0.4 
4776 37 1 54 0.7 60 0.5 62 0.9 
4821 22 0.4 26 0.9 31 0 50 0 59 0.4 61 1 77 0 88 0.3 98 0.7 
4866 7 0.7 19 0 43 0.3 60 1 71 0.8 93 0.5 
4889 9 0.9 36 0.8 90 0 99 0.7 
4905 85 0.8 
4953 21 0.9 35 1 49 0 53 0 90 0.5 
5012 7 0 29 0.7 65 0 
5187 29 0.8 86 0 93 0.7 
5352 36 1 55 0.4 68 0 73 1 75 0.7 93 0.9 
5707 32 0.3 41 0.6 56 0 67 0.3 76 0.3 82 0.5 90 0.7 92 0.6 
5780 11 1 14 0.4 39 0 48 0.9 70 1 85 0.3 86 0 97 0.7 
5798 29 1 54 0.5 57 0.3 61 0.3 91 0.7 
5979 9 0.5 56 0.8 76 1 
6327 10 1 14 0.8 30 0.7 36 0.6 39 0.7 45 0.4 81 0.5 85 0.5 
6547 5 0 20 0 49 0.6 51 0.8 61 0.6 96 0.9 99 1 
6591 15 0.7 24 0 54 0.8 74 0.6 90 0.3 
6649 4 0.3 8 0.6 31 1 39 0.7 67 0.5 92 0 95 0.5 
6770 33 0.9 61 0.9 65 0 73 0.7 80 0.6 
6875 11 0.6 40 0.8 76 0.6 
7105 0 0.8 41 0.8 44 0 52 0.8 61 0.9 74 0 83 0.3 
7115 48 0 58 0 68 0.9 84 0 87 1 
7163 41 0.3 94 0.7 
7224 11 0.8 46 0 
7403 2 0.4 25 0.5 29 0.6 39 0 51 0 71 0.9 73 0.3 77 0.9 83 0 93 0.5 
7416 25 0.7 54 0.3 
7422 5 0.4 13 0 35 0.9 44 0 46 0.6 47 0.7 55 0.6 73 0.7 75 0 
7522 1 0.9 18 0 22 0.3 62 1 71 0.8 74 0.5 85 0.7 
7796 14 0.7 36 0.8 54 0.4 71 0.5 80 1 89 0.9 90 0.9 99 1 
7870 3 0.4 28 0 91 0.9 96 1 
8032 0 0.7 3 0.8 5 0.4 14 0 16 0.9 32 0.8 39 0.8 46 0.6 83 0 91 1 
8033 39 0.3 44 0.6 47 1 49 0.4 50 0.6 81 1 85 1 92 0.8 
8454 13 0.6 30 0.8 42 0.8 66 0.4 
8474 1 0.3 5 0.3 16 0.3 22 0 25 0.3 26 0.8 35 1 45 0.7 92 0.5 
8515 19 0.3 
8535 4 0.5 26 0.9 27 0.3 30 0 40 0.7 70 1 81 0 94 0.8 
8698 2 0.8 16 0.3 35 0.9 44 0.7 51 0.8 56 0 60 0 77 0 98 0.8 
8852 75 0.9 
8987 17 0.6 31 0.3 50 0.9 67 0.8 90 0 
9157 19 0.5 22 0.4 32 0.9 45 0 99 0.8 
9161 22 0.9 26 1 57 0 69 0.3 77 0.6 79 0.4 86 0.4 87 0 90 0.7 
9318 92 0.4 
9572 0 0.6 21 0.9 49 0 55 0.8 65 0.8 86 0 
9584 11 0.6 52 0.3 69 0 79 0.8 92 0 
9806 0 0.3 30 0.6 80 0 83 0 88 0.5 
9943 13 0.4 15 0.4 32 0.8 49 0.5 51 0.5 92 0 
9986 1 0 14 0 46 0.3 55 0 77 0 96 0 99 0.3 
