100
35 0 0.7 6 1 16 0.8 20 1 52 0.3 53 0.3 59 1 73 0.8 93 0.8 
122 32 0 35 0 44 0 55 0 56 0.8 60 0.6 78 0.3 86 0.5 92 0.3 
319 30 0.3 33 0.6 
616 0 1 3 0.4 15 0.7 21 0 22 0.6 32 0 38 0.6 41 0.5 56 0.3 59 0.6 
881 24 0 27 0 91 0.3 95 0 96 0 
888 16 0 70 0 
923 45 0 69 0 
939 27 0.9 28 0.7 62 0.7 
989 7 0.5 15 0.6 34 0 61 0.7 64 0 76 0.5 82 0.7 91 0.5 
1254 2 0.6 47 0 48 1 49 0 61 0.4 92 1 
1260 5 0 46 0.7 
1318 41 0 
1412 17 0.4 18 0.6 22 0 34 0.9 71 0.6 72 0.7 77 0.5 87 0.8 92 0.8 
1491 2 0.3 11 0 14 0.9 19 1 54 0 58 0 
1507 1 0.8 8 0 12 0.3 17 0 25 0 49 0 
1517 56 0 92 0.6 
1531 34 0.8 40 0.3 53 1 62 0 64 1 72 0 92 0 94 0.7 
1680 15 0.4 18 0 43 1 44 0.3 58 0.4 
1708 45 0.8 52 0 73 0.4 
1734 32 0.9 72 1 
2293 34 0.5 37 0.6 44 0.3 64 0.4 70 0.8 98 0.7 
2439 57 0.6 97 0 
2585 14 0.9 24 0 33 0.4 53 0.5 74 0.7 93 0 
2638 22 0 72 0.9 80 0 
2829 7 0.8 
2862 6 1 55 1 64 0.3 
2877 1 0.8 46 1 73 0 79 0.8 90 0 
2916 32 0.3 74 0 77 0.8 
3004 2 0 8 0.7 9 0.6 16 0.8 29 0.8 37 0.3 45 1 56 0 99 0 
3014 4 0.9 26 0.8 28 1 33 0 73 0.6 74 1 
3119 64 0 65 0.6 80 0 
3197 29 0 
3397 13 0 19 0.8 21 0.8 26 0.6 33 0.4 36 0.6 52 0.3 62 0.6 68 0 
3453 10 0 11 0.4 54 0.4 55 0.8 57 0.5 95 0.8 
3979 6 0.8 15 1 24 0 29 0.6 59 0.9 63 0 73 0.9 78 0.9 
4011 0 0.8 35 0 42 1 45 0.8 62 0.9 81 0.6 84 0 86 0.4 
4214 52 0.4 91 0.4 
4311 9 0 14 0 44 0.5 48 0.8 92 0 95 0.6 
4381 87 0 
4536 4 0.8 10 0.8 11 0 12 0.8 15 0 22 0.6 34 0 70 0 
4564 1 0 81 0.4 99 0 
4665 32 1 35 0.4 38 0 70 0.4 85 0.7 
4792 13 0.8 22 0 24 0.8 33 0 34 0 42 0 59 0 64 0 78 0.7 
4845 8 0.7 33 0 35 0.8 59 0.3 87 0.3 
4860 27 1 34 0 53 0 71 0 76 0.8 79 1 
4983 83 0.8 
4996 5 0.5 15 0 25 0.8 30 0.8 44 0.7 52 0.5 55 0.3 66 0 69 0.5 
5109 14 0.4 15 0.4 23 0.7 41 1 45 0 46 0.5 50 0 63 0.7 90 0.9 
5112 52 0.8 79 0.4 
5268 29 0.9 81 0 
5356 70 0.8 87 0.3 
5425 3 0.8 9 0 32 0 62 0.7 76 0.4 84 0.7 98 0 
5646 14 0.7 35 0 40 0 62 0.4 82 0.9 84 0.9 89 0.5 92 0.7 94 0.9 
5790 22 0 66 0 74 0.6 92 0.3 
5796 36 0.8 37 0 43 0.4 45 0.4 72 0.7 79 0 82 0.6 90 0.7 95 0 
5930 1 0.7 25 0.4 97 0 
6065 18 0.9 25 0.3 26 0.9 62 0.3 72 0.8 80 0.7 86 0 97 0.7 
6098 3 0.7 20 0 27 0.7 38 0.9 42 0.5 67 1 85 0 98 0 
6174 1 0.6 9 0.6 29 1 30 0.5 47 0 51 0.5 64 0.5 
6229 19 0.9 46 0.9 57 0.6 66 0.8 69 0.4 72 0 73 0.8 91 0.9 98 0 
6302 8 0.5 26 0.7 57 0.6 74 0.9 80 0.7 
6364 12 0.9 58 0.7 75 0.3 78 0.9 91 0.9 
6373 45 0.6 55 0.3 86 1 91 0.8 
6464 6 0.3 43 0 44 1 87 0.5 
6511 14 0 34 0 36 0 57 0.8 63 0.6 75 0.7 85 0.5 90 0.4 94 0.6 96 0.5 
6694 46 0 49 0 70 0 78 0.6 
7035 30 0.7 41 0 42 0.7 50 0 61 0 67 0.9 70 0.7 76 0.7 79 0.3 96 0.8 
7187 14 0.7 53 0.7 
7196 37 0.3 47 0.3 73 0 84 0.9 86 0 
7256 1 0.3 5 0.4 6 0 61 0.8 64 0.3 96 0 
7280 32 0.5 70 0.7 
7344 63 0.3 76 0 78 0 
7610 6 0 12 0 14 0.7 51 0.5 80 0.7 81 0.4 
7693 6 0.9 9 0 11 0.9 33 0 54 0 61 0 
7710 27 0.7 28 0.8 50 0.8 61 0.7 66 0.5 77 0 82 0.4 84 0.8 99 0 
7771 2 1 3 0.7 17 0.5 18 0.4 19 1 25 0.6 30 0.9 36 1 56 0.9 87 0.9 
7856 25 0.6 28 0.3 45 0 52 1 59 0 
8131 35 0.8 39 0 97 0.6 
8148 11 0 13 0 27 0.4 33 0.3 39 0.3 45 0.3 46 0.3 49 0.5 66 0 74 0.9 
8214 4 0.3 25 0 47 0.5 71 0.5 78 0 79 0.4 
8269 90 0.7 
8308 0 0.6 3 0.5 16 0.3 27 0.8 39 0 65 0.3 91 0.8 
8322 30 1 74 0.7 
8345 74 0 
8359 19 0.5 27 0.9 28 0.9 35 0 56 0.3 64 0 74 0.4 90 0.6 
8427 23 0.4 84 0.6 
8428 17 0.7 20 0 43 0.4 68 0.7 83 0.6 89 0 
8572 17 0.3 29 0.6 45 0.9 59 0.7 62 0 83 0.6 88 0 90 0.7 
8645 64 0 
8769 9 0.8 12 0.3 21 0.6 32 0 52 0.7 66 0.7 75 0.5 
8847 3 0.7 8 0.9 27 0.7 47 0.4 60 0.7 86 0.6 98 0.4 
8879 7 1 12 0.9 22 0.5 38 0 44 0 46 0 47 0.4 66 0.7 75 0.5 85 0.4 
8892 25 0.8 37 0.8 41 0 97 0.3 
8951 27 0.6 39 0 41 0 49 0.4 50 0 65 0.3 88 1 93 0.7 
9096 9 0.5 24 0.7 41 0.8 62 0 64 0.6 82 0.4 
9433 43 0.3 
9521 27 1 59 0.9 72 0.8 75 0.4 79 0.6 89 0 91 0.5 92 0 97 0.4 98 0 
9640 1 1 59 0 65 0.7 97 0.5 
9699 42 0.6 58 0.4 
9737 80 0 
