100
210 15 0.9 37 0 38 0 70 0.4 81 0.5 98 0 
331 18 0 21 0.5 28 0 52 0.3 57 0.4 61 0.9 84 0.6 95 0.6 
416 8 0 11 0.9 16 0.8 19 0 53 0.3 58 0.4 64 0.7 74 0 
671 0 0 7 1 22 0.5 23 0 25 0 78 0.7 86 0 
723 10 0.3 72 0 79 0.6 98 0.5 
823 94 0.6 
992 3 0 12 0 44 0.6 56 0.9 63 0.8 73 0 75 0.8 90 0.6 97 0.5 98 0.6 
1009 69 0 
1016 2 0 10 0.6 28 0 43 0 51 1 56 0.7 62 0.3 71 0.7 94 0 98 0.8 
1121 0 0.5 21 0 70 0 74 0.5 
1140 16 0 23 0 26 0.8 32 0.9 44 0.3 66 0.5 73 0.6 75 0.8 85 0.6 
1156 14 0.7 18 0.3 23 0.5 47 0.7 53 0.3 93 0.6 95 0.4 
1188 6 0 17 0.4 36 0.7 41 1 68 0.8 
1309 41 0.7 57 0 71 0.9 78 0.3 82 0 94 1 
1358 1 1 45 0 95 0.7 
1364 1 0.9 8 0 18 0.8 23 0.7 51 0.6 88 0 91 0.9 
1366 0 0.7 3 0 10 0.9 25 1 31 0.9 49 0 73 0 98 0.7 
1372 48 0 55 0 87 0.5 89 0.9 98 0.5 
1384 5 0 40 1 41 0.6 44 0 53 0.7 55 0 
1481 41 0.3 
1514 0 0.3 22 0.5 46 0.5 68 0 82 0.4 86 0 87 0.5 97 0.9 99 0 
1775 18 0.5 22 0.6 43 0.9 47 0 78 1 
1783 16 0.8 18 0 32 0 47 0.8 77 0.7 81 0 93 0.8 
1940 6 0.3 17 0 40 0.3 63 0 90 0.8 98 0 
1974 0 0 2 0.8 9 0 43 0.9 45 0.7 47 0.9 50 0.5 71 0 90 0.7 
2076 5 0.8 6 0.3 25 0.7 30 0.3 38 0.5 43 0.8 77 0.4 90 0 94 0.3 
2139 16 0.5 33 0.9 34 0.4 62 0 70 0.5 84 1 89 0.7 
2411 24 0 28 0.7 30 0 49 0 68 0 72 0 
2500 30 0.6 67 0 
2666 4 1 29 0.9 
2944 7 0 44 0.4 48 0.7 75 0.5 79 0.5 
3056 1 0 
3111 2 1 16 0.9 28 0 30 0.3 50 0 69 0.8 72 0.3 82 0.9 92 0.5 
3342 95 0 
3378 36 0.3 61 0.9 66 0.5 74 0.9 
3510 25 0 29 0.8 41 0.9 98 0 
3659 94 0 
3782 10 0.8 28 0 32 0.7 41 0.5 87 0.3 88 0.6 
3849 5 0.8 16 0 21 0.9 28 0.5 50 0 65 0 
4080 7 0 32 0.8 35 0.3 
4150 65 0.7 67 1 72 0.6 
4302 42 0 
4385 42 0.4 68 0 
4429 92 0.7 
4595 13 0 18 0.7 21 0.4 22 0 75 0.3 88 0.9 95 0 
4716 2 0.4 44 0.9 52 0 55 0.4 78 0.5 95 0 
4792 13 0 22 0.6 24 0 33 0.8 34 1 42 0.7 59 1 64 0.5 78 1 
4856 11 0 13 0.7 26 0.4 53 0.8 54 0.7 57 0 62 0 67 0 87 0.7 88 0.8 
4937 0 0.6 16 1 
5039 15 0.9 16 1 17 1 26 0 38 1 47 0 56 0.3 67 1 85 0.4 96 0.8 
5149 28 0.9 29 0 36 0.9 44 0 53 0.7 68 0.8 69 0 76 0 79 0.9 81 0 
5353 17 0.5 20 0 33 0.5 39 0.3 
5405 0 0.9 18 0 61 0.3 66 0 73 0.4 77 1 82 0.5 
5412 42 0.4 
5436 1 0 7 0.6 9 0 42 0.7 48 0.7 65 0.5 79 0.5 82 0 89 0 96 0 
5494 14 0.6 31 1 43 0.3 84 0.4 
5504 7 0 35 0 45 0.9 52 0 
5644 6 0 14 0.8 32 0.8 35 0.8 41 0 44 0.4 
5822 11 0 46 1 69 0.4 85 0 99 0 
6018 22 0.6 73 0.4 84 0.3 
6044 39 0.9 
6235 21 0 51 0.3 65 0.4 95 0.9 98 0.6 99 0.5 
6305 23 0.7 30 0.5 32 0 48 0.9 50 0.6 
6589 1 0.9 17 0.9 34 0.4 65 0.7 80 0.7 89 0 
6608 23 0 29 1 38 0.9 64 0.8 68 1 74 0.3 
6691 33 0.8 81 0.4 92 0.5 95 0.9 
6721 18 0.8 34 0.3 36 0.3 40 0.9 43 0.9 53 0.8 70 0.8 72 1 87 0.6 
6808 7 0.3 15 1 37 0.4 52 0.7 73 1 75 0 77 1 80 0 
6869 55 1 58 0.9 71 0 97 0.3 
7025 49 0 50 0.8 61 0.3 64 0.3 70 0 71 0.6 
7169 23 0.9 51 0.8 68 0 87 0 
7202 86 0.4 
7226 22 0.5 46 0 60 0 69 0 
7475 0 0.7 2 0 20 0.6 28 0 42 0.8 50 0.9 54 0.9 
7519 2 0.5 3 0.8 25 0.6 29 0 54 0 
7997 29 0 54 0.9 
8056 6 0.6 12 0.3 29 0.7 46 0.7 62 0 73 0 85 0 87 0 89 0.3 
8097 7 0 13 0.9 18 0.5 22 0.3 24 0.9 54 0 77 1 79 0.7 
8311 29 0.3 49 0.8 52 0.8 71 0.5 82 0.5 87 0.8 
8484 12 0.9 46 0.4 79 0.9 
8595 11 0.4 34 0 98 0.3 
8672 37 0.7 69 0.5 88 0.6 
8747 8 0.7 17 0.6 19 0.9 32 0.9 67 1 76 0.3 83 0 88 0.7 
8758 39 0.3 46 0.8 50 0.9 86 0.7 98 0 
8762 9 0.6 16 0.4 34 0 35 0.9 66 0.3 96 0.5 
8765 11 0.7 13 0.8 22 0.9 30 0.8 47 0 48 0 53 0.3 71 0.6 92 0.5 
8818 29 0.4 95 0 
8834 38 0.7 46 0.8 79 1 
8869 61 0.5 71 0.7 77 0 
9024 24 0.3 28 0.7 32 0.7 38 0.4 49 0.6 59 0 66 0.8 69 0.5 76 1 88 0.5 
9101 32 0 62 1 65 0.6 66 0.3 72 0.7 75 0.9 85 0.4 97 0.7 
9216 4 0 13 0.4 21 0 56 1 
9311 0 0 24 0.5 25 0 46 0.7 74 0.4 90 0.7 
9319 3 0.9 9 0.6 18 0.6 29 0.6 48 0 68 0 70 0.6 83 0.4 85 0 86 1 
9435 46 0.6 
9493 5 0.6 16 0 23 0.9 38 0.3 42 0.3 61 0.9 67 0 70 0.8 
9569 4 0.9 13 0.5 25 0.9 50 0 74 1 88 0.5 
9660 5 0.7 12 0.7 18 0.4 38 0 99 0.7 
9922 58 0 71 0.6 
9951 3 0 10 0.4 38 0.6 55 0.4 72 0.4 90 0.5 91 0.4 
