100
98 55 0.7 61 0.6 63 0.4 74 0.6 94 0.8 97 0.9 
162 45 0 82 0.6 
281 0 1 4 0.3 5 0 27 0.5 30 0 38 0 46 0.5 63 0 
290 11 0.4 17 0.5 22 0 34 0.4 60 0.3 89 0 97 0.6 
465 20 0.4 37 0 39 1 49 0.4 50 0.7 74 0.4 
524 0 0.6 
586 0 0.3 1 1 18 0.9 30 0 37 0.6 93 0.4 
708 0 0 50 0.8 56 0.7 64 0.6 90 1 
812 25 0.9 30 0 31 0.8 48 0.4 66 0 99 0.8 
886 1 0.7 4 0.4 44 0.6 45 0.7 49 0 67 0 83 0 96 0 
968 6 0 10 0.3 30 0.3 
1111 55 0.3 
1132 22 0.3 31 0.9 88 0 96 0.5 
1272 15 0.9 22 0.9 31 0.4 36 0.4 56 0.9 57 1 58 0.4 65 0 86 0.7 88 0 
1283 0 1 6 0.9 52 0.6 55 0.8 63 0.3 96 0.4 
1306 23 0.6 33 0.5 48 0.7 55 1 57 0.6 74 0.9 81 0.5 94 1 
1350 14 0.7 38 0.8 68 0.8 91 0.7 
1455 33 0 39 0.4 50 0.8 53 0.7 78 0.4 97 1 
1458 13 1 26 0.3 49 0 61 0 77 0.6 87 0.5 
1557 3 0.5 30 0 61 0.8 75 0.8 83 0 86 0 92 0.6 96 0.4 
1655 64 0 
1723 30 0 31 0.3 53 0.6 81 0.6 85 0 
1748 1 0.6 11 0.9 12 0 30 0.4 50 0.6 51 0 67 0.9 76 0.7 84 0.6 88 0 
1759 0 0 3 0.8 6 0.7 9 1 10 0.3 17 0 56 0 72 0.7 79 1 82 0.5 
1912 7 1 14 0.8 38 0.8 39 0.8 67 0 70 0.8 71 0.4 72 1 88 0 98 0.9 
1939 20 0.5 56 0.7 98 0.7 
1964 32 0.9 33 0.9 39 0.7 70 0.4 75 0.4 81 0.3 84 0.8 
1976 66 0.7 91 0.4 
2062 1 0.4 5 0 36 0.3 45 0.8 61 0.6 65 0.6 77 0.9 88 0.5 98 0.8 
2081 6 0 9 0.4 39 0 64 0.8 69 0 92 0 
2298 23 0.5 24 0 25 0.8 30 0.5 37 0.6 67 0.5 70 0.8 74 0.9 78 0 99 0.8 
2313 14 0.3 44 0.4 50 1 56 0.4 57 0.7 61 0.9 63 0 84 0.3 92 0.9 97 0.4 
2384 49 0.3 52 0.3 80 0.6 
2431 33 0 76 0 79 0 91 0.5 92 0 
2495 18 1 33 0.8 66 0 
2562 37 0.4 
2635 47 0.4 63 0.3 88 0.9 
3174 98 0.5 
3196 16 1 25 0 29 1 36 0 82 1 85 0.9 91 0.8 
3372 5 0 20 0.5 21 0 28 0 44 0 76 0.9 88 0 99 0.3 
3449 43 0 53 0.8 59 0.9 73 0.3 
3778 9 0.5 66 0.4 86 0.5 
3802 21 0.9 40 1 55 0 60 0.3 67 0 70 0.6 78 0.5 85 0.9 92 0.4 
4001 14 0 
4009 8 0.6 33 0.6 54 0.5 81 0 94 0.5 
4130 7 0.9 18 0.3 20 0.8 23 0.5 27 0.9 29 0 38 1 74 0.5 95 0 
4178 20 0.9 47 0.9 70 0.9 
4257 17 0.9 19 0 54 0.9 69 0 85 0.6 
4480 6 0.7 50 0.6 61 0.9 84 1 
4586 1 0.8 5 0.3 26 0.7 86 0.3 87 1 
4608 2 0.3 8 0.8 17 0.8 37 0.4 38 0.9 53 0.5 65 0.9 74 0 83 1 95 0.5 
4663 26 0.6 
4723 7 0 10 0.9 11 0.4 36 0 38 0.3 44 0.4 58 0.8 
4744 57 0.9 65 0.9 66 0.5 
4811 29 0.3 32 0.3 
4872 24 1 30 0.4 56 0 86 0.6 92 0.5 98 0.8 
4891 4 0.6 9 0.5 25 0.4 61 0.6 99 1 
4934 17 0 22 0.4 23 0.4 29 0.7 60 0.7 86 0.4 
5052 0 0.9 21 0.9 35 0.6 46 0 47 0 54 0.4 74 1 95 0 97 0 
5347 44 1 67 0.6 89 0 
5372 75 0.4 
5374 2 0.6 
5464 4 0 25 0.7 44 1 56 0.6 
5532 1 1 2 0.5 11 0.5 62 0 91 0 93 0.5 99 1 
5840 4 0.3 41 0.5 87 0 
6086 14 0 35 0.4 40 0.8 60 0 
6123 43 0 51 0 85 0.4 
6176 13 0 34 1 68 0.7 81 1 84 0 
6216 4 0 11 0.7 17 0.9 27 0.4 29 1 48 0.8 56 0.5 
6539 26 0 36 0 52 0.5 56 0 87 0.9 
6553 40 0.3 55 0 81 0 
6622 4 0.8 49 0.3 52 0 73 0.7 
6666 76 0.6 
6709 9 0.4 30 0 35 0.9 59 0 66 0.4 91 0.9 
6781 1 0.5 17 0.8 23 0.4 33 0 65 0.4 85 0.9 99 0.5 
6864 19 0.3 57 0.5 84 0.5 87 0 97 0.8 
6873 7 0.7 
7131 37 0.9 
7313 9 0.3 14 0.9 20 0 31 0.9 44 0.3 
7353 40 0.5 68 0.5 
7633 26 0.3 36 0.3 50 0 63 0.7 65 0.9 69 0 85 0.8 
7707 0 0.7 21 0.3 31 0.6 60 0 82 0.4 85 0.9 
7801 44 0 70 1 71 0.4 99 0 
7872 44 0.3 47 1 49 0.7 53 0.3 57 0 65 1 70 0.5 76 0.5 99 0 
7899 17 0 
7973 26 1 27 1 36 0 37 0.5 83 0.7 
8152 85 0 
8862 4 0.6 27 1 33 0.5 34 0.4 43 1 44 0.3 59 0.3 64 0 77 0.7 85 0.6 
9121 34 0.9 63 0 
9246 6 1 7 0.8 50 0.7 58 1 61 0 84 0.9 85 0.3 95 0.4 
9262 2 0 4 0.5 29 0.5 30 1 39 0.3 64 0.5 66 1 76 0.3 
9326 2 0.3 55 0 60 0.4 65 0.6 73 0.5 
9333 1 1 5 0.3 
9369 61 0.9 79 1 83 0.3 
9435 46 0.5 
9536 5 0 13 0.8 
9613 13 0.4 52 0.7 62 0 66 0.4 69 0.8 86 0.4 94 1 96 0.7 
9847 11 0 
9855 7 0.6 12 0.9 60 0.7 
9983 33 0.5 61 0.5 
