100
23 4 0.8 11 0 19 0.4 57 0 61 0 65 0.3 74 1 86 0.5 
91 14 0.4 57 0.5 90 0.4 
92 7 0.4 8 0.5 29 0.6 92 0.8 
145 61 0.4 
147 33 0 37 0.8 44 0.8 51 0 53 0.8 58 0 60 0 77 0.6 80 0.7 83 0.4 
339 33 0.7 43 0.9 74 0.3 84 0.9 
470 14 0.4 18 0.6 19 0 33 0.6 41 0.8 50 0.9 61 0.9 70 0 85 0.5 95 1 
500 0 0.5 16 0.4 28 1 35 0 51 0.7 74 0.7 90 0.3 95 0.4 98 0 
520 15 0.3 35 0.4 50 0.5 
533 75 0.3 96 0.5 
720 0 0 2 0.9 6 0 38 0 50 0 71 0.6 93 0 99 0.6 
746 0 0.7 16 1 20 0.9 31 0.8 88 0.8 
829 10 0 17 0.6 25 0.8 36 0 53 0.8 70 0.9 80 0 
895 0 0.6 7 0.8 12 0.8 46 0 91 0.5 
975 1 0 
991 15 0.4 30 1 34 0 40 0.5 49 0 61 0.8 67 0.3 
992 3 0 12 0.8 44 0.5 56 0 63 0.3 73 0.6 75 0.3 90 0.9 97 0.4 98 0.5 
1009 69 0.3 
1034 7 0.9 33 0.7 34 0.5 46 0.8 73 0 
1147 37 0.3 74 0 
1472 10 0 29 0.4 46 0.6 54 0 61 0.6 84 0.8 
1557 3 0.8 30 1 61 1 75 0 83 0.3 86 0.8 92 1 96 0.8 
1704 10 0.5 87 0.7 
1712 1 0.9 7 0 13 0.3 15 0.6 16 0.4 29 0 55 0.4 83 1 89 0.3 
1769 16 1 22 0.8 27 0.4 35 0.7 56 0.8 79 0.5 97 0.5 
1893 14 0.9 19 1 42 0.3 57 0 59 1 61 0.5 77 0.9 79 1 85 0 
2316 9 0.9 51 0.7 72 1 81 0.9 86 0.7 88 0.5 99 0 
2346 17 0.7 21 0.3 26 0 31 0.5 68 0.8 70 0.9 79 0.7 99 0 
2377 6 0 12 0.9 17 1 54 0.9 65 0.4 77 0.4 85 0.6 
2569 0 0.4 5 0.6 11 0.9 40 1 62 0.6 68 0 69 0.3 95 0 
2688 36 0 64 0 
2706 16 0 
2774 16 0.9 34 0.4 84 0.7 
2787 1 0.7 24 1 39 0.4 81 0.8 
2822 33 0.3 34 0 51 1 
2846 35 0.3 59 0.7 76 0.6 
2958 4 0 26 0.9 
3240 9 0 52 0 60 1 92 0.8 
3284 17 0.7 30 0.5 33 0 64 0.6 66 0.3 86 0 
3346 3 0 15 1 47 0.4 48 0 75 0.7 95 0 
3433 87 1 
3548 4 0.6 26 0 39 0.9 59 0.9 96 1 
3651 20 0.9 30 0 31 0.8 70 0.7 
3694 30 0.7 59 0.5 63 0.9 73 1 81 0 86 0.5 90 0.6 96 0 
4006 81 0 
4022 9 0.5 41 0.6 63 0.5 92 1 97 0.8 
4067 11 0.9 17 0 56 0.5 59 0.6 71 0.6 72 0.8 85 0 93 0 99 1 
4070 0 0.9 10 0.9 29 0 30 0 51 1 72 0.6 81 0 84 1 98 0.9 
4294 1 0.7 14 0.3 29 0.5 34 0 79 0 90 0.9 
4526 28 0.3 39 0.8 83 1 86 0.6 
4581 30 0 40 0.3 65 0 
5077 8 0.5 12 0.4 16 0 57 0.5 89 0 91 0 99 0.8 
5128 35 0.8 55 1 63 0.5 73 0.8 76 0.7 86 0 97 0.8 
5316 30 1 64 0.6 68 0.8 76 0.3 
5369 15 0 32 0.9 34 0 41 0.8 71 0.7 72 0.5 
5400 5 1 10 0.7 18 0.3 25 1 31 0 43 0 
5459 10 0 43 0.6 56 0 58 0.9 76 0.3 
5547 9 0.5 30 0.3 71 0.8 79 1 
5876 7 0.5 12 0 14 0 51 1 62 0.8 84 0.3 95 0.4 
5879 37 0.4 45 0 70 0 82 0.7 95 0.9 
5900 9 0 17 0 18 0.4 22 1 25 0.6 28 0 31 0.5 55 0 79 0.9 86 0 
6029 20 0 81 0.8 96 0 
6084 2 0.7 27 0 28 0 41 0.3 64 0.8 73 0.6 75 0 80 0.4 87 0.7 91 1 
6244 2 0.4 3 0.4 5 0.6 16 0.6 46 0.3 65 0 73 0.6 90 0 
6267 36 0 49 0.8 54 0.7 56 0 57 0.6 73 0 86 0.9 95 0 
6370 49 0.6 64 0.4 
6373 45 0 55 0 86 0.4 91 0 
6558 28 0 82 0.4 
6598 10 0.8 29 0 30 0.4 39 0.8 41 0.4 51 0 56 0.8 61 0.3 
6604 11 0.8 19 1 40 0.9 56 0.7 66 0 68 0 71 0.7 76 0.5 93 0.8 94 0.9 
6647 24 0 
6738 1 0.3 13 0.6 14 0.4 15 1 44 0.6 73 0 99 0.5 
6753 0 0.3 34 0.9 35 0.4 39 0 42 0 54 0.6 75 0 
6764 9 0 59 0.6 62 0.3 
6788 2 0 3 0.9 55 0.6 67 0.8 88 1 
6866 12 0.7 43 0.3 46 0 52 0.3 79 0.5 86 0.4 93 0.3 
6914 67 0.3 
7051 12 0.9 27 0 75 0.6 91 0.7 
7088 13 0.3 76 0.5 
7226 22 0 46 0.6 60 0 69 0.8 
7287 12 0 18 0 26 1 34 0.8 37 0.8 72 0.5 88 1 
7335 9 0.7 25 1 56 0.3 85 1 
7361 2 0.9 63 0.3 81 0.8 89 0 95 0.5 
8065 79 0 
8396 48 0.6 88 0.8 
8455 89 0.5 
8650 8 1 12 0.9 17 0 45 0 77 0 82 1 84 0.4 85 0.6 87 0.9 
8682 5 0.5 8 0.3 30 0.3 45 0.5 73 0 99 0.4 
8686 3 0.4 23 0 28 1 33 0.9 40 0 53 0.4 57 0.8 82 0 
8699 13 0.4 15 0.3 22 0.7 25 0 69 0 73 0.4 89 0.7 91 0.3 
8772 22 0.6 63 1 80 0.4 81 0 83 0.6 94 0.9 
9015 4 1 15 0.8 17 0.5 78 0 
9083 2 1 7 0 50 0.3 64 0 90 0.3 
9418 11 0 
9445 8 0.7 11 0.6 12 0.7 18 0.5 28 0.9 46 0 60 0 67 1 90 0 93 0.5 
9485 30 0.5 
9669 19 0 38 1 68 0 76 1 94 0 
9682 8 0.6 9 0 45 0 48 0.5 
9870 16 0 27 0.8 29 0.6 45 0 56 0 58 1 68 0 90 0 
9926 63 0.6 
