100
134 11 0.7 18 0.6 57 0.5 66 0 70 0 96 0 
172 6 0 13 0 25 0.5 54 1 58 0.5 87 0.8 90 0.4 96 0.6 
216 4 0.7 8 0.3 35 1 37 0 
249 17 0.5 26 0 47 0.6 54 0.8 55 0.9 70 0 76 0.5 79 0.4 
282 0 0.9 10 0.7 58 0 61 0.9 83 0.9 92 1 96 0 99 0 
285 21 0.3 32 0.8 36 0.6 43 0.4 75 0 83 0 84 0.4 
385 38 0.7 
665 10 0.3 14 0 27 0.5 44 0.9 46 0.6 51 0.4 57 0.3 75 0 
667 27 0.8 85 0 
779 36 0.4 
834 2 0.6 10 0.6 40 0 53 0.9 54 0.5 78 0.5 
841 5 0.6 61 0 99 0.3 
925 15 0.9 24 0.4 25 1 31 0.6 41 0.9 74 0.8 76 0.5 77 0 96 0 99 0 
1064 11 0 30 0 59 0.5 62 0 83 0.6 
1137 5 0 30 1 80 0.7 
1167 7 0.6 14 0 30 1 31 0.4 41 0.3 45 1 48 0.7 67 0.3 77 0 95 0.6 
1184 8 0.4 
1208 4 0.6 6 0.9 14 0.4 16 1 26 0 41 0.8 52 0.4 53 0.5 56 0.8 68 0.6 
1233 28 0 90 0.9 
1450 8 0.3 11 0.6 46 0.5 48 0.3 56 0.7 60 0 62 0.4 68 0.5 71 0 
1547 78 0 
1622 28 0.5 57 0.9 61 0.7 
1705 12 0.9 55 0 
1916 22 1 94 0.5 
1951 16 0 19 0 22 0.5 24 0 29 0.9 30 0.7 55 0 63 0.7 82 0.9 
2118 4 0.4 
2121 27 0.4 29 0.5 30 0.5 88 0 
2160 52 0.3 83 0.8 93 0.8 
2178 6 0 22 0.8 47 0.6 66 0.5 73 1 78 1 
2227 36 0.6 66 0 68 0.7 93 0 
2399 16 0.6 
2732 4 0.5 57 0.5 
2777 32 0 37 0 83 0 
2979 4 0.7 9 0.8 91 0 92 0.5 
3005 5 0.8 14 0.3 32 0.8 43 0.7 60 0.6 86 0.6 
3025 25 0.9 38 0.5 80 1 
3066 27 0 60 0.7 
3140 21 0 78 0.3 90 0.8 
3148 55 0.8 
3153 34 1 39 0.6 61 0.7 66 0.5 76 0.5 82 0.8 
3184 5 0 13 0.4 20 0 
3338 1 0.5 37 0.4 45 0.4 55 1 63 0.3 72 0 75 0.7 81 0.8 82 0.6 
3616 35 0 39 0.7 41 1 48 0 83 0 86 0.8 91 0.9 
3629 5 0.5 39 0 45 0 65 0.5 66 0 71 0 83 0.6 
3752 66 0.8 81 0.4 87 0 91 0.9 
4179 8 0.7 42 0.5 90 0.3 93 0.9 99 0 
4271 29 0.6 43 0 49 0.5 81 0.5 
4531 17 0 25 0.3 39 0.6 49 0 69 0.3 76 0.9 90 0 92 0 
4588 55 0.3 87 0.7 
4614 9 0.5 13 0.4 25 0.5 33 0.5 36 0.6 43 0.6 46 0 53 0.3 57 0.4 58 0.9 
4673 12 0.8 
4741 31 0.3 44 0.5 56 0.4 
4750 6 0.5 10 0.9 48 0.3 
4785 0 0.9 14 0 40 0.6 45 0 96 0.6 
4825 9 0 22 0.9 34 0 50 1 83 0.4 
4835 2 0 8 0.4 29 0.3 53 1 60 0.8 61 0 74 0.7 
5077 8 0 12 0.8 16 0.8 57 0.7 89 0 91 0.9 99 0.3 
5154 2 0.7 17 0 24 0.5 61 0.5 62 0.6 80 1 81 0.8 90 0.3 
5271 29 0.7 41 0 82 0.5 
5438 52 0 55 0 59 0.4 
5550 22 0.9 50 0.8 52 0.6 
5704 10 0.6 47 0.8 
5708 20 0.4 
5973 52 0.3 54 0.9 
6179 14 1 34 0.4 59 0 79 0.8 89 0 99 0 
6244 2 0.3 3 1 5 1 16 0.3 46 0 65 0 73 0 90 0.8 
6325 20 0 35 1 51 0.9 
6482 6 0 10 0 12 0 37 0 45 0.7 57 0.3 60 0.3 62 0.8 66 0.9 
6806 0 0.6 
6854 16 0.4 53 0 
7159 1 0 6 1 11 0 16 0.5 18 0.8 22 0 80 0.7 82 0 90 0.3 99 0 
7165 10 0.4 15 1 25 0.9 43 0.9 46 1 48 0.3 64 0 75 0.9 
7170 37 1 39 1 
7176 50 0 87 0.9 96 0 
7219 2 0.5 10 0.7 58 0 66 1 75 0.5 83 1 
7225 0 0.8 
7262 42 0 43 0 44 0 
7370 10 0.4 12 0.9 26 0.6 39 0.7 54 0.3 56 0.9 70 0 78 0.7 82 0.9 
7579 31 0.4 
7583 10 0.6 52 0.9 
7650 7 0 21 0.4 24 0.3 37 0.8 43 0 44 0.5 83 0.5 96 0.8 99 0.6 
7692 30 1 
7792 10 0.8 23 0.4 38 0 46 0.6 49 0 64 0 65 0.6 76 0.8 77 0 
7824 0 0.5 26 0.9 51 0.7 72 0 
7855 47 0 
7975 9 0.7 13 1 62 0.7 78 0.9 
8502 47 0 54 0 56 0.7 62 0.5 69 0.8 76 0 87 0.7 91 0 
8567 5 0.3 12 0.6 28 0.9 37 0.3 66 0 68 0.9 77 0.7 87 0.3 89 0.6 96 0.6 
8629 46 0 70 1 99 0 
8646 46 0 53 1 59 0 68 0.4 
8746 7 0.5 16 0.7 17 0 26 0.3 36 0 37 0 43 0 69 0.3 82 0.4 99 0 
8830 14 0.6 40 1 61 0.5 68 0.5 69 0.3 71 0.4 77 0.3 83 0.5 88 1 
8860 80 0.4 
8877 4 0.6 44 0.9 46 0.9 50 0.8 52 0.5 
8923 10 0 26 0.4 47 0.4 53 0.7 58 1 63 0.9 
9150 6 0.6 9 0.9 43 0.4 44 0.9 46 0.5 82 0 88 0.9 97 0 98 1 99 0 
9174 15 0 50 0.4 65 0.9 69 0.5 
9769 12 0 40 0.9 44 1 52 1 56 0 76 0 96 0.6 
9895 13 0 18 0 61 0.7 89 0.4 98 0.5 
9911 23 0.6 43 0 65 0 
