100
308 3 0 13 0.8 18 0.4 61 0.8 76 0.7 97 0.6 
406 0 0.7 8 0.3 22 0 43 0.4 82 0.4 90 0.9 
410 6 0.4 12 0 18 0.5 45 0 62 0.6 77 0 94 0.3 95 0.3 97 0.7 
625 10 0 14 0.9 23 0.3 24 1 25 0.8 26 1 33 0.3 48 0 68 0.4 
737 36 0.6 43 0.9 46 1 59 0 69 0 90 0 
897 15 0.5 17 0 20 1 61 0 68 0.8 86 0 95 0.7 99 0.9 
966 10 0.8 13 0.8 30 0.7 56 0.3 74 0 80 0.3 81 0.7 90 1 
989 7 0.3 15 0.4 34 0.6 61 0.3 64 0.8 76 0.9 82 0.4 91 0 
1027 0 0 6 0.9 
1040 12 0.5 44 0.6 52 0.7 56 0 65 0.6 96 0.5 
1058 6 0 19 0.9 27 1 31 0 44 0.5 58 0 75 0.9 81 0 
1076 45 0.9 
1116 3 0 16 0.5 22 0.7 41 1 71 0 88 0.4 
1159 59 0.3 96 0.5 97 0 
1186 30 0.6 41 0 96 0.5 
1283 0 0 6 0.7 52 0 55 0.6 63 0 96 1 
1408 3 0.4 27 0.6 31 0.9 35 0.6 56 0.3 57 0 77 0.9 83 0.4 89 0.9 91 0 
1468 52 0.8 69 0.9 
1539 39 0.7 50 0 59 1 
1609 1 0.6 12 0.8 19 0 29 0 51 0.5 53 0.3 59 0.6 77 0.7 81 0.8 99 0.6 
1670 10 0 65 0 82 0 
1803 31 0.5 40 0.9 42 0 59 0 82 0 86 0.3 87 0 
1829 2 0.9 20 0.5 26 0 44 0.7 49 0.5 74 0.3 86 1 87 0.9 88 0.7 99 0 
1866 5 0 16 0.4 42 0.6 68 0.4 
1974 0 0.4 2 0.9 9 0.8 43 0 45 0.8 47 1 50 1 71 0.5 90 0.7 
1978 17 0.5 21 0.8 33 0.5 38 0.9 40 0.6 46 0.4 59 1 62 0.8 88 0.9 91 0.5 
2226 31 0.6 36 0 77 0.7 96 0.3 
2451 9 0.3 11 0 
2464 7 0.8 
2484 0 0.7 6 0.3 15 0.3 22 1 30 0 45 0.6 48 1 54 0.8 67 0.5 85 0.8 
2509 11 0.4 15 0 31 0.9 52 0.6 96 0.9 98 1 
2612 55 1 
2689 15 0.5 31 0.7 49 1 63 0 66 0.7 78 0 80 0 89 0.8 91 0 
2760 59 0 
2892 13 0 23 0 30 0.4 43 0.5 77 1 88 0.9 
3174 98 0.6 
3189 74 1 
3224 54 0.8 
3277 88 0.8 
3306 1 0.7 20 0.5 27 0.9 31 0.7 45 1 54 0.3 60 0.4 81 0.8 86 0.8 
3346 3 0.7 15 0.4 47 0.6 48 0.8 75 0 95 0.8 
3445 18 0.9 22 1 
3506 1 0 8 0.4 72 0.8 
3541 72 0 86 0 
3598 10 0.7 18 0.9 62 0 83 0 84 1 
3629 5 0.9 39 0.5 45 0.7 65 0.5 66 0.5 71 0 83 0.5 
3655 7 0 13 0.6 27 0.4 34 0.3 72 0.7 76 0.6 86 0 92 0.3 
3740 2 1 20 0.8 63 0.5 68 0.8 
3935 18 0.7 83 0.4 86 0 
4185 7 0 24 0.9 38 0.7 46 0.5 54 0.8 70 0 90 0.5 
4403 20 0 68 0.5 72 0.3 75 0.9 77 0.4 90 0 
4426 20 0 
4464 3 0 20 0.3 50 0.4 64 0 68 0.6 88 0.9 95 0 
4618 9 1 46 0.7 51 1 68 0.4 74 0.4 89 0 96 0.3 
4726 9 0.3 10 0 45 0.4 50 0 53 0.8 64 0 79 0 87 0.8 
4750 6 0 10 0 48 0 
4794 8 0.8 10 0.3 22 0 38 0.7 62 0.4 67 0.5 71 1 83 0 92 0.7 
4990 32 0.4 40 0.6 95 0 
5322 35 0.9 51 0 99 0.4 
5332 4 0 24 0 27 0.9 28 0.7 
5491 39 0 85 0.6 90 0.9 
5620 10 0.6 46 0.6 55 0 91 0 
5763 17 1 19 0.7 30 0 34 0.7 65 0.5 72 0.8 78 0.9 81 0.8 
5857 90 0 
5892 18 0.8 88 0.5 90 0.3 97 0 
5939 14 0.9 31 0 49 0.7 52 0.4 54 0.9 57 0.4 58 0 62 0.6 95 0.7 97 0.3 
5959 12 1 43 0.6 73 0.9 75 0.7 
6142 22 0.8 25 0.5 26 0 44 0 58 0 68 0 72 0.5 93 1 
6176 13 0.6 34 0.9 68 0.6 81 1 84 0.3 
6197 18 0.3 20 1 32 1 39 0.6 56 0 71 0 82 0.9 
6226 33 1 48 0.3 
6335 38 0.3 48 0.4 54 0.5 59 0 62 0.4 64 0.6 80 0.4 83 0 87 0.5 88 0.5 
6437 1 1 2 0.3 10 0.6 32 0.8 34 1 43 0 52 0.7 63 0.5 86 0.4 92 0.9 
6761 15 0.8 36 0.7 37 0.8 90 0 
6952 8 1 23 0.3 42 0.3 50 0.8 56 0 59 0.7 60 0.3 75 0.9 76 0 83 0.4 
7044 3 1 4 0 12 0.3 14 0 15 0 22 0.8 26 0.5 39 0.6 75 0.4 78 0.3 
7051 12 0.6 27 0.5 75 0.6 91 1 
7281 4 0.8 32 0.3 40 0.5 82 0 94 0 
7448 3 1 9 0.3 12 0 14 0.8 22 0.3 38 0 58 0.3 79 0 97 0.3 
7477 27 0 97 0.9 
7630 8 0 15 0.7 36 0 67 0.9 
7811 1 0.8 13 0.4 19 0.8 44 0.6 64 0.3 74 0.3 88 0.7 98 1 
7818 96 1 
7969 87 0.5 
8062 9 0.9 46 0 56 0.7 77 0.6 83 0 91 0.5 
8198 23 0.4 32 0.9 43 0.4 49 0 63 0.5 75 0.9 77 0.9 85 0.7 94 0.8 99 0.8 
8386 80 0.9 
8457 1 0.7 18 0.5 29 0.3 36 0.9 41 0 45 0.7 74 0 78 0.5 82 0 
8632 6 0.4 17 0.8 27 0.5 49 0.5 69 0 79 0.8 96 0.3 98 0.9 
8666 1 0.4 3 0 19 0.8 57 0 60 0.8 73 0.6 74 0.9 95 0.6 98 0 
8672 37 0 69 0.9 88 0.3 
9057 82 0.7 
9122 26 0 29 0.9 39 0 41 0 46 1 49 0.6 74 0.7 78 0.8 86 0.4 98 0.6 
9157 19 0.4 22 0.5 32 0.7 45 0 99 0.4 
9195 0 0.6 7 0.7 9 0.7 10 0 
9226 21 0 22 0.9 67 0 93 1 94 0.7 96 0.9 
9384 12 0 20 0.6 73 0.8 84 0.6 89 0.5 97 0.8 
9430 11 0 43 0 46 0.4 49 0.5 59 0.9 65 0 74 0.7 81 0 
9608 43 0 89 0 
9766 6 0.3 17 0.7 
