100
23 4 0 11 0.5 19 0 57 0 61 0 65 0.4 74 0.3 86 0.8 
103 41 0.8 68 0 73 1 90 0.6 91 0.5 93 0 
136 9 0.9 33 0.8 35 0.4 
186 44 0.8 85 0.8 
192 16 0.4 29 0 35 0 46 0.4 73 0.6 93 0.5 
311 1 0 21 0.5 68 0 75 0.9 
499 29 0 48 0.6 79 0.6 
505 25 0 33 0.8 45 0.3 54 0.9 80 0.7 
617 10 0 18 0 32 0.8 33 0.7 46 0 95 0.5 
691 3 0.5 4 0.4 7 0.7 40 0 69 0 84 0.3 93 0.4 
697 37 0.7 57 0 
837 18 0.4 61 0 71 0.5 
984 1 0 4 0.5 32 0.4 33 0.7 37 0 85 0 95 0.3 
999 17 0 20 0 32 0 39 0.4 44 0 56 0.4 68 0.4 76 0 81 0.4 
1058 6 0.6 19 0 27 0 31 0.6 44 0.5 58 0.3 75 0.8 81 0.5 
1099 19 0 65 0 69 1 83 0 
1152 66 0.7 67 0 68 1 89 0.7 91 0 
1163 23 0 71 0.4 79 0.7 
1171 51 0 52 0 69 0 
1359 20 0.5 21 0.3 39 0.8 48 0.9 49 0.8 59 0 64 0 74 0.6 
1497 12 0.3 46 0.3 72 0.5 90 0.5 
1605 10 0.9 19 0.6 42 1 43 0.3 45 0.4 46 0 49 1 53 0 84 0 
1724 12 0.8 37 0.4 41 0.9 68 0.6 71 0.5 
1761 43 0.6 58 0.3 83 0.9 93 0.5 
2170 9 0.6 20 0.4 21 0 23 0.9 25 0.7 56 0.8 60 0.3 69 0.5 74 0 81 0 
2177 0 0.6 7 0.7 20 1 28 0 30 0.4 75 0.4 
2187 15 0.4 
2197 40 0 60 0.6 
2233 8 0.4 42 0.6 48 0 58 0.4 61 0.5 75 0.5 94 0.7 
2325 19 0.7 26 0 38 0 60 1 72 1 80 0.9 83 0.7 88 0.3 96 0 
2374 3 0 23 1 32 0.4 90 0.6 
2549 10 0 20 0 23 0.4 46 0.9 61 0.9 63 0.3 67 0 73 0.7 75 0 85 0.7 
2630 4 1 49 0.8 67 0 78 0.5 80 0.4 87 0.9 
2791 56 0.5 66 0 82 0.6 90 0.6 
3004 2 0.6 8 0.3 9 0.3 16 0 29 0 37 0 45 0.5 56 0.6 99 0.5 
3295 4 0.4 26 0.9 29 0.8 37 0 45 0.6 48 1 54 0.4 72 0 83 0.6 
3315 1 1 23 0.7 31 0.6 40 0 63 0 76 0.5 84 0 85 1 87 0.9 88 0.8 
3362 6 0.3 15 0 31 0.8 
4011 0 0.8 35 0.7 42 0 45 1 62 0.4 81 0 84 0 86 0.7 
4108 15 0.8 21 0 
4157 4 0.7 25 0 35 0.7 52 0 65 0.4 74 0 76 1 83 0.8 
4305 3 0.8 11 0.7 32 0.8 49 0 84 0 95 0.7 
4405 14 0.4 54 0 82 0.9 96 0.5 
4594 99 0.5 
4672 40 0.6 56 0.4 77 0 
4678 1 0.8 33 0 43 0 44 0.5 55 0.6 71 1 81 0.8 90 0 
4825 9 0.8 22 0.7 34 1 50 0.3 83 0.4 
5026 2 0.3 44 0.7 70 0 77 0.8 92 0 
5365 7 0 28 0 30 0 31 1 59 1 77 0 92 0 93 0.3 96 0.9 
5618 9 0.3 17 0 36 1 40 0 45 0.8 48 0.9 74 0.9 75 0.9 94 0.3 
5650 79 0.5 
5739 33 0 49 0.5 58 0.6 62 0.4 72 0.6 
5911 25 0.4 38 0.9 39 0.7 48 0.3 80 0.7 82 0.7 
6108 56 0.4 73 0.7 75 0.6 
6250 11 0.4 23 0.8 42 0 61 0 75 0.5 83 0 89 0.8 91 0.4 97 0.6 
6324 36 0.5 42 0.6 72 0.7 81 0 94 0.8 
6376 90 0.8 
6469 5 0.6 18 0.5 20 0 21 0.5 32 0.7 36 0.7 
6629 17 1 32 0.6 79 0.7 
6648 2 0.4 7 0.6 40 0.8 41 0 64 0 75 0 77 0 99 0.8 
6900 11 0.8 47 1 95 0.5 
6934 6 0 17 0.4 71 0 
7104 64 0.7 74 0.6 76 0 78 0 90 0 98 0.8 
7108 22 0.8 42 0.5 51 0.5 72 0 
7156 18 0 38 0.6 55 0.7 91 0.3 
7237 1 0.9 7 0.4 18 0.7 
7441 20 0 23 0.3 39 0.5 54 0.5 66 0.5 74 0.9 76 0.6 87 0.7 98 0.6 99 0.8 
7467 2 0.7 5 0.3 46 0.3 50 0.5 74 0.3 79 0.5 96 0 97 0.8 99 0 
7476 0 0.8 2 0.4 14 0 40 0.6 47 0.5 66 0 80 0.3 85 0.3 91 0.4 
7654 94 0.5 
7772 1 0.7 7 0.6 11 0.3 17 0 30 0.9 55 0.9 56 0 70 0 82 0.6 
7890 8 0.8 38 0.7 56 0.3 86 1 
7898 35 0.9 53 0 59 0.4 66 0.6 72 0.3 79 0.4 87 0.5 89 0 96 0 98 0.6 
7922 3 0.5 28 0.7 48 0 59 0.9 65 0 76 0.4 78 0 
7930 4 0.7 19 0.4 38 1 67 0.5 83 0.7 84 0.3 87 0 91 1 96 1 
7981 1 1 5 0.6 6 0 7 0.6 16 0.3 17 0 26 0.8 72 1 97 0 
8000 5 0.5 50 0.5 74 0 
8156 43 0 51 0 54 0 73 1 81 0.4 84 0 85 1 
8210 15 0 20 0.8 45 0.4 
8211 11 1 12 0.3 26 0.7 27 0 41 0 70 0.9 75 0.6 92 1 
8293 19 0.9 29 0.7 40 0.5 61 0.3 
8488 14 1 
8617 3 0.6 13 0.5 52 0.7 97 0 
8673 14 0.3 54 0.9 69 0 88 0 
8725 13 0 63 0.9 85 0.4 93 0.7 97 0.9 
8819 7 0.8 9 0.7 34 0.8 56 0.9 61 0 74 0.5 
9017 86 0.3 
9093 9 0.8 19 0.9 28 0.8 31 0 38 0.9 47 0 73 0 81 1 84 0.7 94 0.4 
9109 34 0.6 39 0.4 62 0.6 77 0.3 87 0 98 0.3 
9148 8 0 10 0.6 19 0.9 25 0.7 29 0 31 0.5 42 0.7 43 0 75 0 93 0 
9371 8 0.8 37 0 61 0.6 
9437 44 0.6 68 0.9 
9438 2 0 14 1 28 0.9 29 0.9 34 0.4 38 0 69 0 99 0.3 
9497 17 0 33 0.9 51 0.4 74 0.6 83 0.9 97 0.8 
9732 7 0.5 8 0.4 20 0.7 43 0.5 63 0 68 0 88 0.6 90 0.8 96 0.3 
9808 67 0.7 83 0.9 
9891 3 0 4 0.8 16 0.3 28 0.9 39 0.8 68 0.3 85 0.9 
9928 29 0.7 60 0.3 71 0 82 0.6 94 0.9 
9977 1 0.6 8 0 16 1 22 1 35 1 46 0.8 55 0.9 67 0 75 0.3 96 0.8 
9984 5 1 14 0.6 38 0.5 88 1 
