100
98 55 0.3 61 0 63 0 74 0 94 0.5 97 0 
204 82 1 96 0.8 
449 14 0.3 19 0.9 27 1 33 1 40 0.8 48 1 53 0 84 0.7 86 0.7 
477 9 0.9 33 0.8 40 0 51 0.4 64 0.4 
486 51 0.7 54 0.3 
635 1 0.5 3 0 5 0.3 16 0.7 20 0.5 57 0.4 64 0.9 82 0 87 1 
664 3 0 39 0 70 0 76 0.6 83 0.3 97 0.7 
718 8 0.8 17 0.6 26 0.3 43 0.8 74 0.3 79 0 
765 7 0 45 0.4 47 0.5 51 1 64 0.4 70 0.6 95 0.7 
828 0 0.8 7 0.3 24 1 31 0.7 34 0.6 51 0.4 68 0.4 78 0.4 86 0.6 92 0 
866 22 0.4 30 0.6 40 0 44 1 59 0.8 65 0.8 70 0.7 73 0.5 
873 26 0.6 49 0.5 50 0 51 0.3 67 0.7 74 0.7 86 0.4 
1083 9 1 11 0.5 50 0 53 1 74 0.6 82 1 99 0 
1259 18 0 47 0 48 0.3 51 0 66 0 70 0.6 90 1 
1278 8 0 55 0.5 
1466 66 0 
1635 23 0.6 33 0.6 62 0.6 63 0.8 67 0.5 
1812 6 0.9 12 0 58 0.5 59 0.6 65 0.5 69 0.3 77 0.6 84 0.5 85 1 97 0.9 
1828 1 0.5 10 0.8 27 0.7 42 0 87 0 92 0 
1887 22 0 35 0.3 44 0 85 0.3 87 0.5 
2062 1 0.6 5 0 36 0.7 45 0.8 61 0.7 65 0.8 77 0.7 88 0.6 98 0.3 
2087 8 1 44 0.4 56 0.7 62 0.4 73 0 88 0.9 
2110 4 0.6 11 0.7 26 0.9 28 0.4 50 0.4 57 0 89 0.5 91 0.7 
2234 8 1 19 0.5 30 1 32 0 33 1 41 0.7 75 0 84 0.6 
2329 9 0.4 14 0 33 0.7 46 0 96 0.3 98 0.8 
2362 2 0.6 5 0 24 0 74 0.3 81 0.5 85 0 94 0.3 
2509 11 0.7 15 0.6 31 0.3 52 0.4 96 0.6 98 0.4 
2580 3 0.8 48 0 59 0.7 61 0.8 67 0.3 75 0.5 78 0.8 92 0.4 
2805 2 1 6 0 46 0.6 51 0.9 53 0.6 82 1 93 0 97 0.5 
2808 89 0.9 
2844 63 1 96 0.8 
2852 11 1 33 0.3 85 0.9 91 0 
2875 8 0 19 0.8 22 0.4 25 0.8 46 0.5 63 1 64 0.8 
2960 2 0.4 17 0.3 19 0.8 43 0.7 47 0.8 77 0 93 0.3 94 0 
2986 20 0.5 25 0.6 54 0.9 60 0.4 61 0.9 69 0.6 79 0.6 88 0.5 91 0.7 96 0.7 
3023 33 0.3 46 0.5 81 0.6 82 0.4 88 0.5 91 0.9 97 0 
3032 2 0 6 0.9 15 1 23 0 33 0.9 45 0.6 73 0.8 
3161 15 0 37 0.9 46 0 56 0 63 0.5 81 0 97 0.9 
3293 0 0.6 20 0.9 22 0.9 23 0.8 36 0.3 41 0 60 0 62 0 97 0.7 99 0.8 
3475 7 0.3 50 0.3 52 0.4 63 0.7 69 0.5 79 1 
3605 12 0.8 17 0.3 21 0.4 56 0.4 79 0.7 85 1 
3608 23 1 31 0.3 36 0.4 48 0.9 74 0.9 96 0.4 98 0.5 
3622 34 0.4 
3712 4 0 
3902 1 0 13 0 37 0.7 
4155 1 0 13 0.4 30 0.7 59 0.6 65 1 85 0.8 
4280 3 0 32 0.3 39 0 94 0 
4361 10 1 39 0.5 45 0.6 47 0 92 0.7 96 0.6 
4400 25 0.9 72 0.7 77 0 94 0 96 0.5 97 0.9 
4680 27 0.8 29 0.3 50 0 63 0.3 
4704 78 0.9 
4717 50 1 63 0.4 84 0.6 
4742 0 0.3 12 0.8 16 0.6 82 0 
4819 22 0.4 48 0.6 52 1 64 0.7 
4870 17 0.3 25 0 52 0 54 1 66 0.6 67 0.8 72 0 81 0.9 83 0.7 
5012 7 0.3 29 0.4 65 0.9 
5189 19 0 30 0.8 58 0 
5236 1 0 9 0 26 0.6 33 0 45 0.8 47 0.4 81 0 84 0.3 95 0 99 0.7 
5720 37 0 
5856 13 0.4 45 0.7 47 0.6 79 0.8 85 0.3 99 0 
5931 27 0 37 0.5 55 0.4 60 0.6 82 0.8 88 0.6 
5932 3 0 11 0.7 27 1 56 0.7 60 0.5 79 0 84 0.3 94 0.6 
5941 5 0.6 25 1 68 0.7 69 0.3 77 0.7 
6015 0 0 7 0.7 14 0.8 49 0.3 61 0 66 0 72 0.4 77 0.4 98 0 
6094 1 0.3 12 0.6 14 0.4 38 0.4 76 0.6 95 0.7 98 0.6 
6099 10 0.3 24 0 28 0.9 39 0.5 40 0.7 41 0.9 67 0.8 68 1 92 0.8 93 0.6 
6471 43 0.3 81 0 87 0 89 0 
6511 14 1 34 0.7 36 0.4 57 0.7 63 0.4 75 0.3 85 1 90 0.4 94 1 96 0 
6752 88 0.8 90 0.5 
6778 2 0.4 3 0 15 0 17 0.4 28 0.3 34 0.9 48 0.3 65 0 70 0.3 95 0 
6859 63 0.8 
6960 11 0.5 17 0 31 0.6 60 0.7 75 0.9 
7048 58 0.5 65 0 80 0 93 0.8 
7164 15 0.8 22 0.5 23 0.7 59 0 61 0.5 71 0.6 72 0.3 82 0.6 91 0.3 
7272 19 0.3 20 0 30 0.8 36 0 38 0.8 75 1 91 0.8 94 0.3 
7354 42 0 44 0 60 0 64 0.5 65 0.4 67 0.4 71 0.5 74 0 87 1 91 0.8 
7397 90 0.4 
7659 35 0.7 44 0.8 54 1 56 0.4 60 0.6 74 0 80 1 86 0.8 
7702 4 0.9 13 0.7 15 0.3 43 0 52 0.8 55 0.5 65 0.6 77 0 
7719 44 0 66 0.6 85 0.4 
7811 1 0 13 0.6 19 0.6 44 1 64 0.6 74 1 88 0 98 0.3 
7850 23 0.5 32 1 44 0.6 45 0.5 48 0 66 0 69 0.6 
8067 0 0 3 0.5 13 0 17 0 48 0.4 53 0 63 0.3 65 0.3 97 0 98 0 
8087 27 0.3 53 0.3 
8147 2 0 30 0.3 65 0.3 80 0.6 
8154 22 0.7 41 0 
8214 4 0.4 25 0.8 47 0 71 0.6 78 0 79 0.4 
8480 2 0.7 9 0 15 0.3 30 1 58 0.6 71 0.5 
8637 36 1 47 0.8 56 0.6 
8678 28 1 
8702 7 0.9 10 0.3 25 0.7 49 0.9 69 0 
8814 7 0.9 43 0 75 0.6 96 0.6 
9066 12 0.7 14 0 18 0.7 21 0.3 22 1 47 0.9 78 0.5 90 0.3 98 0.3 
9111 43 0.6 73 0 
9131 18 0 94 0.5 97 0.6 
9135 26 0.9 59 0.7 
9237 3 0 5 0 11 0.7 13 0.7 29 0.8 34 0.7 63 0.7 83 0.7 92 0 97 0.3 
9272 19 0 20 0.5 32 1 
9469 16 0.6 25 0.8 56 0 
9997 12 0 17 0.8 34 0 53 0 54 0 97 0 
