100
75 5 1 10 0.7 11 0.7 17 0.3 26 0.3 42 0.3 72 0.7 
87 10 0 54 0.6 59 0 62 0.5 69 0.3 71 0 72 0.3 92 0.9 
170 3 0.8 18 0 19 0.9 75 0.9 
189 4 0.9 89 0.8 
296 1 0.6 10 0.7 12 0.5 17 0 29 0.5 40 0 59 1 67 0 71 0.9 
375 74 0 
500 0 0.8 16 0 28 0.8 35 0.7 51 0 74 0.3 90 0.8 95 0 98 0.6 
507 9 0.6 27 0.9 
556 22 0.8 38 0 39 1 54 0.8 60 0.8 63 0 76 0.9 
579 28 0 68 0.9 95 0.7 
635 1 0.7 3 0 5 0.6 16 0.6 20 0.4 57 1 64 0.8 82 0.7 87 0.8 
668 8 0.9 33 0 47 0.6 55 0.8 79 0.6 89 0.8 
671 0 0.4 7 0.3 22 1 23 1 25 0.7 78 1 86 0.3 
851 4 0.8 7 0 9 0.5 25 0.8 52 0.4 57 0 58 0.5 67 1 78 0.9 86 0.9 
995 21 0 
1090 15 0.6 85 0.8 
1101 9 0 27 0.6 29 0.8 30 1 55 0.4 56 0.6 62 0.9 72 0.3 79 0 
1220 53 0 
1234 46 0.6 54 0 96 0.3 
1244 7 0.9 25 0.8 40 0.6 55 0.7 72 0.7 81 0 82 0.3 87 0 90 0.8 
1297 8 0.3 11 0.7 86 0.3 
1301 12 0 16 0.8 18 0.7 51 0 53 0.3 57 1 91 0.5 
1340 7 0.9 8 0.5 9 0 75 0.6 81 0 86 1 
1537 13 0.6 21 0.3 26 0.7 34 0.7 38 0.3 75 0.7 82 0.8 83 0 87 0.6 94 0.4 
1640 2 0.8 6 0.5 8 0.4 25 0.6 27 0 81 0.4 84 0.6 93 0.5 
1693 17 0.6 66 0 70 0.4 77 0.9 89 1 
1800 98 0.4 
2067 35 1 36 0.4 55 0.9 67 0.4 79 0.8 
2112 23 1 37 0.4 44 0.3 63 0.3 94 1 95 0.5 97 0.5 
2553 9 0.7 14 0 25 0.4 34 0.3 48 0.4 81 0 
2764 4 0.9 14 0.6 26 0 63 0 70 0 90 0.7 
2824 1 0 23 0.3 37 0 50 0.9 62 1 63 0 70 0 76 0.8 85 0.3 89 0.3 
2946 12 0.8 61 0.4 63 0 86 0.8 
3087 20 0 24 0 41 0 61 0.9 77 1 
3119 64 0 65 0 80 0.3 
3237 3 0.7 10 0.9 37 0.3 61 0.4 62 0.3 85 0.8 89 0 93 0.7 98 0.9 
3488 3 0.4 43 0.7 44 0.7 
3494 1 0.8 6 0 27 0.5 47 0 48 0.3 63 0 65 1 66 0.7 68 0.5 76 0 
3632 15 0 30 0 37 0.9 41 0.3 64 0 69 0.4 72 0.5 79 0.4 
3813 3 0.3 7 0.7 53 0.3 58 0.9 60 0.8 69 0.6 72 0.8 
3835 0 0.5 6 0.8 10 0.4 15 0.3 37 0 43 0 52 0 61 0.6 79 0.7 91 0.7 
3911 6 1 8 0.9 12 0.9 18 0 36 0 37 0.6 46 0.9 73 0.9 
3945 1 0 11 0.4 26 0.4 43 0 58 0.8 71 0 74 0.5 82 0.4 90 0.3 
4184 10 0.7 
4233 2 0 5 0 12 0.3 26 0.6 38 0.7 88 0.3 
4259 23 0.9 61 0.5 81 0.9 94 0 95 0.4 
4278 17 0.9 
4403 20 0 68 1 72 0.9 75 0.3 77 1 90 0 
4495 85 0.7 86 0 
4538 59 0 73 0.8 
4540 8 0.9 15 0.4 78 0.3 87 0 
4713 35 0.3 43 0.3 76 0.4 
4775 14 0 32 0.6 38 0.5 43 0 61 0.4 63 0.3 65 0.5 94 1 99 0.6 
4846 62 0 
4855 40 0.7 
4979 7 0 56 0.8 77 0.9 96 0 
5036 39 0.4 57 0.5 67 0 97 0.3 
5187 29 0.9 86 1 93 0.6 
5388 20 0.5 
5457 0 0.8 7 0.5 38 0 51 0.3 63 1 65 0.5 70 0.6 84 0.9 88 0 
5502 41 0 52 0 76 0 77 0.3 83 0.4 
5517 28 0 38 0.6 58 0.5 60 0 71 0 89 0.8 97 0.5 
5518 2 0 3 0.3 15 0.8 46 0.4 68 0 76 0 88 0 95 0.8 
5668 1 0 4 0.8 15 0.6 42 0.4 48 0.6 49 0.4 50 0.9 68 0.4 79 0 90 0.6 
6029 20 0.4 81 0.4 96 1 
6045 5 0.6 66 0.8 67 0.9 95 0.5 
6049 8 0 34 0.6 93 0 
6127 0 1 3 0.5 4 0 7 0.4 13 1 60 0.4 
6140 1 0.3 17 0 33 0 37 0.4 42 0.3 44 0.3 54 0.7 71 1 
6310 6 1 23 0.8 24 0 32 0.4 33 0.5 50 0.7 65 0.3 79 0.9 80 0.8 
6365 60 1 70 0.9 73 0 
6624 7 0.3 21 0.3 27 0.9 45 0.7 49 0.7 66 0 77 0 93 0.3 99 0.5 
6627 8 0.6 11 0.3 28 0.7 32 0.9 42 0 61 0.4 62 0.5 67 0 75 0 90 0 
6713 16 0.9 18 0 61 0.9 70 0.7 72 0 86 0.7 97 0 
6952 8 0 23 0 42 0 50 0.7 56 0.6 59 0 60 0.8 75 0.5 76 0.4 83 0.5 
7163 41 0.4 94 0.8 
7267 73 1 98 0.7 
7390 3 0 9 0.7 36 0.5 42 0.4 43 0 55 0 60 0.4 65 0.5 66 0 97 0.5 
7582 36 0.8 75 1 
7589 16 0.8 34 0.8 38 0.3 45 0 68 0 98 0 
7646 4 0.7 9 0 21 0.7 33 1 49 1 61 0 74 0.6 85 0.8 91 0.8 98 0.6 
8051 3 0.7 7 0 20 0.9 29 0.3 50 0.6 62 0.8 64 0.7 80 0 90 0.9 
8068 13 0.8 18 0 21 0.6 39 0.4 45 0.7 57 0.4 58 0.5 65 0.5 78 0.5 
8096 15 0.7 50 0 71 1 74 0.9 
8266 2 0 21 0.6 55 0.3 71 0.5 78 0 81 0.8 
8398 47 0 58 0.4 72 0.3 
8402 4 0.9 
8444 5 0 6 1 14 0 44 0 61 0 66 0.6 78 0 89 0.7 
8542 0 0.9 4 0.4 20 0 21 0.6 31 0.5 39 0 43 0 56 0.7 
8561 22 0.7 33 0.3 51 0.8 52 0 59 0.8 82 1 84 0.9 
8679 3 0.3 57 0 75 0.8 81 0.4 86 0.5 
8697 1 0.5 2 0.9 11 0 16 0.7 21 1 27 0.6 50 0 63 0 69 0.7 89 0.3 
8891 46 0.8 80 1 
9257 3 0 27 0.7 36 0.4 40 0 45 0.5 64 0 88 0.9 
9360 11 0.4 29 1 35 0.6 63 0.7 64 0.8 65 1 66 1 78 0.8 93 0 94 1 
9573 91 0 99 0 
9588 22 0.7 
9713 18 0 49 0.5 79 0.7 
9815 7 0.8 8 0.4 11 0.4 15 0.4 34 0.3 37 1 71 0 73 0.4 80 0.9 85 1 
9941 0 0.9 3 0.8 10 0 16 0.8 
