100
133 41 0.5 
264 8 0.5 13 0.6 37 0 46 0.9 60 0 74 0.9 82 0.6 
364 11 0.5 
368 22 0.5 
403 74 0.6 
458 1 0.6 6 0 11 0 27 0.3 49 0.9 51 0 56 0.6 71 0.9 97 0.8 
463 15 0.6 27 0.4 38 0.6 53 0.6 61 0 65 0 67 0.8 93 0.6 
631 18 0 55 0.9 
780 15 0.5 70 1 
867 9 0.7 17 1 33 1 40 0.5 51 0.3 68 1 78 0.4 79 0.3 86 0 
913 16 1 18 0 23 0.4 31 0.4 54 0.3 
924 59 0 65 0.5 83 0.3 99 0.3 
955 29 0 38 0.8 74 0 
1052 0 0.7 2 0.6 5 0.4 16 0.6 32 0.6 38 0.8 50 0 66 0.3 67 0.4 81 0 
1308 3 0.3 49 1 50 0.5 54 0.7 61 0.8 65 0 78 0.8 85 0.3 90 0 
1328 2 0.7 7 1 13 0.9 36 1 38 0.7 40 0.6 55 0.8 63 0.7 71 0.6 91 0.7 
1348 4 0 11 0.4 18 0.3 23 0.3 59 0 76 1 85 0.7 95 0 
1645 32 0 
1746 2 0 11 0.6 15 0.3 22 1 23 0.5 36 0.7 45 0 87 0.4 89 0.8 93 0.3 
1775 18 0.8 22 0.6 43 0.5 47 0 78 0 
1784 53 0 93 0.9 95 0.6 
1902 39 0 40 0.9 62 0.4 91 0.3 99 0 
2027 17 0.3 23 0 58 0.5 82 0.4 92 0.3 96 0 
2207 10 0.5 12 0 21 0.9 36 0.8 44 1 49 0 57 0 73 0.6 91 0.3 
2221 8 0.4 49 0 52 0.3 65 0.9 93 0 97 0 98 0.3 
2305 45 0.7 
2329 9 0 14 0.5 33 0.4 46 0.8 96 0.5 98 0.7 
2336 1 0.9 4 0.6 6 0.3 18 0.9 40 0.9 50 0 71 0.3 78 0.6 88 0 92 1 
2534 25 0 26 1 37 0 38 0.8 43 0 67 0 79 0 86 0.3 89 0.8 
2549 10 1 20 0 23 1 46 0.7 61 0.7 63 0.5 67 0.6 73 0.6 75 0.8 85 0.8 
2615 73 0.7 76 0 87 0.9 
2621 12 0.6 40 0.9 
2791 56 1 66 1 82 0.5 90 1 
2958 4 0.4 26 0.7 
3028 73 0.4 85 0.8 
3150 4 0.8 23 0.9 49 0 65 0.9 72 0 75 0.9 89 0 98 0 
3240 9 0.9 52 0 60 0.8 92 0 
3355 1 0.4 32 0.3 35 1 42 0 76 0.4 89 1 95 0.9 
3469 4 1 11 0.8 16 0.7 23 0.4 44 0.8 64 0 77 0 83 0.6 91 0 
3670 7 0.4 40 0.7 44 0.3 62 0 
3696 35 0.4 
3930 11 0 15 0 17 0.3 24 0.4 31 0 67 0.8 89 0 
4144 23 0 24 0 85 0.6 
4242 10 0.8 37 0 39 0.4 49 0 62 0.3 81 0.7 
4256 16 0 35 0.6 44 0 
4257 17 1 19 0.4 54 0.5 69 0.9 85 0.5 
4456 6 1 
4477 0 1 4 0.9 37 0.7 56 0.4 65 1 66 0.5 87 0 89 1 91 0.9 97 0 
4551 2 0 6 0.4 13 0.9 16 0.6 36 0.4 41 0 56 0.8 63 0 72 0.7 
4601 8 0.5 29 0.8 32 0 43 0 78 0.8 85 0.5 
4918 16 0.6 17 0.8 26 0.7 35 0.5 51 0.8 68 0.3 84 0.3 96 0.6 
4961 1 0.9 16 0 18 0.6 35 1 39 0 40 0 57 1 59 0.5 89 0 91 0 
5023 7 0.9 24 0 35 0.8 36 0.6 71 0.5 80 0.3 
5039 15 0.9 16 0.3 17 0 26 0 38 0.6 47 0 56 0.8 67 0.3 85 0.8 96 0.9 
5067 10 0 43 0.3 79 0 85 0.6 95 0 98 0 
5101 7 0 59 0.5 65 0.6 66 0 70 0.4 74 1 93 0.6 
5133 7 0 13 0.4 36 0 39 0.4 62 0.3 87 0 88 0.7 90 0.8 92 0.4 93 0.9 
5165 11 0.3 18 0 27 0 29 1 37 0.4 72 0.8 82 0 
5214 40 0 56 0.5 
5242 9 0.9 52 0 95 0.3 
5723 27 0.7 53 0 55 0 70 0 72 0.6 
5736 4 0.4 28 0.3 39 0.3 57 0 70 0 84 0.3 87 1 96 0.4 
5883 1 0.5 10 0.9 14 0.6 15 0.4 26 0.3 31 0.3 35 0.6 39 0.5 73 0 77 0.9 
5944 6 1 16 1 64 1 68 0.4 83 0 
6125 31 0.4 38 0 42 0.7 43 0.7 50 0.7 51 0.4 74 0.3 79 0 84 0.5 88 0.8 
6155 1 0.6 39 0.5 68 0.3 77 0.8 94 0.3 
6263 10 0.4 12 1 31 0.7 80 0.7 82 0.7 
6346 2 0 6 0.9 8 0 39 0.3 51 0.8 54 0 88 0.3 95 0.8 
6436 18 0.7 24 0.6 25 1 61 0 76 0 88 0.3 92 0.7 97 0 
6494 46 0.4 50 1 58 0.6 66 0.5 93 0.3 
6527 13 0 24 0.5 57 0.7 58 0 67 0 72 0.3 78 0.7 87 0 
6528 13 1 57 0.3 61 0.3 67 0 86 0 90 0.9 97 0 
6532 6 0.5 38 0.9 62 0 69 0 70 0.3 71 0.3 76 1 80 0.4 84 0.8 
6580 1 1 11 0.6 14 0.5 49 1 85 0.6 86 0 88 0 
6775 12 0.3 50 1 65 0 92 0.4 
7117 2 0 42 0 60 0.5 63 0.7 65 0 68 0.9 72 0 79 0 84 0.6 85 0.3 
7136 7 0 11 0.3 37 0.7 52 0 56 1 68 0 97 0 
7344 63 0.9 76 0.9 78 0.3 
7449 61 0.8 63 0 
7519 2 1 3 0.6 25 0 29 0.6 54 0 
7554 17 0 21 0.5 33 1 40 0 44 0.4 87 0.7 
7676 34 0.6 50 0.6 53 0 55 0 63 0 64 0.8 81 0.4 83 0.8 89 0.7 90 0.7 
7724 39 1 83 0.9 
7732 30 0 
7735 23 1 27 0 59 0 88 0 
7757 2 0.4 5 0.9 10 0.4 25 1 73 0.8 
7930 4 0.5 19 0.6 38 0.4 67 1 83 1 84 0.4 87 0.9 91 0.7 96 0 
8113 69 0.3 
8171 7 0.9 10 0.6 12 0.9 19 0.3 37 1 54 1 57 1 72 0.5 85 0.7 88 0.8 
8315 5 0 22 0 36 0.8 59 0.4 63 0.6 
8415 14 0 19 0 23 0 30 0.5 53 0.7 61 0.6 67 0 68 0.9 
8491 7 0 17 0.5 27 0.7 48 0.4 72 0.5 87 1 88 0 99 0.6 
8572 17 0.4 29 0.6 45 0.9 59 0.3 62 0.8 83 0 88 1 90 0.5 
9207 45 0 55 1 57 0 73 0 85 0.4 
9243 21 0.9 23 0.5 30 1 38 0.7 52 0.8 60 1 65 0.4 66 0.7 
9606 14 0.5 59 0 61 0.4 63 0.8 
9752 40 1 58 0.3 78 0.9 
9841 3 0.3 43 0.4 48 0.3 58 0.7 64 0.9 76 0 79 1 83 0.4 91 0.4 
9873 1 0.4 15 0.4 72 0.3 75 0.3 
9968 71 0.7 
