100
44 5 0.5 14 0.4 29 0 76 0.9 85 0 91 0.7 98 0 
53 58 0.8 84 0.9 
115 12 0.9 23 0.5 58 0.6 64 0 94 0.4 98 0 
205 25 0 
236 82 1 
645 2 0 9 0 14 1 28 0 93 0.8 
800 24 0.6 25 0.5 35 0.6 62 0.6 69 0.5 92 0 
815 3 0.7 65 0.3 81 0.7 
822 7 0.6 16 0.4 18 1 20 0 42 0.8 44 0.3 85 0.7 92 1 94 0.6 97 0.6 
1101 9 0.7 27 0.3 29 0.3 30 0.4 55 0.7 56 0.3 62 0.7 72 0.7 79 0 
1129 12 1 48 0 58 0.8 88 0.6 92 0 97 0.5 
1150 35 0.4 78 1 
1328 2 0.9 7 0 13 0.8 36 0 38 0.7 40 0.3 55 0 63 0.4 71 0.7 91 0 
1352 0 0 16 0.4 37 0.5 41 0 53 0.9 63 0 70 0.4 77 0.8 
1389 1 0.9 8 0.5 53 0.9 82 0 
1615 4 0.4 96 0.7 97 0.7 
1617 30 0 31 0 59 0 61 0 67 0.5 68 0.9 85 1 
1741 36 0 48 0.4 49 0 53 0.9 95 0.4 
1917 20 0 71 0.9 92 0.7 
1932 67 0 
1971 5 0.3 11 0.6 12 0.8 29 0 36 1 51 0.6 83 0.4 88 0.6 91 0.6 96 0 
2146 5 0.4 31 0 83 0.8 
2155 8 0.4 20 0 41 0.8 48 0.4 54 0 56 0 71 0 73 0.3 
2183 2 0 10 1 15 0.5 25 0.4 32 0.3 47 0.4 55 0.3 58 0 63 0.3 74 0.6 
2224 6 0.8 23 0 32 0 34 0.5 53 0 60 0.8 81 0.8 97 0.8 
2225 19 0 28 0.8 41 0.6 45 1 61 0.9 80 0.5 96 0.8 
2313 14 0.9 44 0 50 0.7 56 0.8 57 0.3 61 1 63 0.7 84 0 92 0.9 97 0 
2328 9 0.8 10 0 20 0 24 0 27 0.9 55 0 66 0.8 
2410 10 0.5 14 0.5 51 0.7 
2495 18 0.3 33 0.4 66 1 
2638 22 0 72 0 80 0.5 
2671 2 0.9 14 0.3 16 0.3 31 0.4 36 0.8 59 0.5 82 1 
2770 6 0 15 0.3 21 0 32 0.7 37 0 47 0.6 55 0 67 0.8 77 0.5 
2797 14 0 79 0.7 
2870 63 1 69 0.9 90 0 95 0.6 
2938 1 0.8 17 0 20 0.3 21 0.5 59 0.6 73 0 80 0.9 94 0.7 
3002 36 0.9 
3035 14 0 18 0 36 0.4 38 0 78 0 83 1 84 0 
3077 6 0.4 
3377 9 0.9 39 0.4 40 0 42 0.3 86 0.5 
3455 22 1 37 0.9 38 0.4 45 0.5 59 0 62 0 
3559 6 0.8 8 0.4 14 0.9 28 0.7 31 0 64 0.8 77 0.6 
3564 12 0.9 21 0.8 73 0.4 
3764 9 0 13 0.7 25 1 34 0.5 64 0.6 74 0 75 0.7 76 0.9 77 0.5 
3871 9 0 42 0.9 58 0.6 73 0.4 88 1 97 0.4 
4104 5 0 14 0 30 1 31 0.3 61 0 97 1 
4149 24 0.8 29 0 30 1 41 0 58 0.7 65 0.8 71 0 94 0.6 
4189 1 0.6 17 1 68 0 69 0.5 74 0.8 
4194 16 0.4 
4399 6 0.9 11 0.3 22 0 33 0.6 40 0.6 45 0.9 52 0.7 64 0 76 0.3 82 0.7 
4582 16 0.6 30 0.7 31 0 32 0 36 0.3 39 0 
4943 3 1 4 0 5 0.3 7 0.9 30 0.9 39 1 85 0.6 
4974 2 0.9 7 0.3 12 0.3 19 0.3 22 0 29 0.4 47 0.6 84 0.3 
4977 18 0.3 24 0.8 54 0.4 64 0 77 0 88 0.7 96 1 
5201 63 1 89 0.4 95 0 
5352 36 0.8 55 0.6 68 0.8 73 0.3 75 0.4 93 0 
5530 3 1 38 0.5 49 0 63 0.8 72 0 93 0.7 
5686 28 0.8 37 0.9 
5688 3 0.4 8 0.9 26 0 31 0 38 0 47 0 59 0.4 74 0.6 87 0 
5765 2 0 11 0.5 49 0 
5907 24 0.9 46 0.8 47 0.4 52 1 63 0 70 0 78 0 
6145 0 0.5 10 0.4 11 0.6 18 0 24 0 26 0 29 0.3 39 0.6 76 0 
6331 18 0 22 0.6 42 0.5 45 0 61 1 69 0.6 
6475 1 0.6 16 0.5 24 0.7 73 0.4 75 0.8 88 0.6 91 0 94 0.8 95 0.7 97 0.3 
6509 15 0.3 31 0.9 47 1 53 0.7 66 0.8 83 0.5 98 0.8 
6531 45 0.3 57 0.6 63 0.3 64 0 76 0.4 77 0.6 82 1 87 0.3 
6617 22 0.7 32 0 39 0.8 63 0 70 0 77 0.3 
6781 1 0.4 17 0 23 0.8 33 0 65 0.8 85 0.9 99 0.6 
6784 8 0.7 11 0.4 13 0.9 23 0 58 0.9 74 0.3 77 0.7 80 1 86 1 
6905 5 0.8 16 0 
6928 10 0 
7002 3 1 13 0.7 29 1 58 0.6 68 0 91 0.7 97 0 
7118 23 0 32 1 41 0.7 76 0.3 77 0.7 78 0.6 87 0.9 
7190 34 0.3 42 0.6 
7237 1 0.3 7 0.6 18 0.7 
7262 42 0 43 0.8 44 0.6 
7283 28 0.3 42 0 80 0 
7295 13 0.5 15 0.7 38 0.6 49 0.7 71 0.3 72 0.6 74 0 87 0 96 0 99 0 
7357 58 0.3 
7444 3 0.5 18 0.3 86 0.9 
7664 4 0.9 12 0 16 0.4 42 0.5 46 0.6 50 0.4 63 0.8 64 0.9 74 0.9 76 0.9 
7686 31 0 
7695 27 0.6 87 0.4 
7723 12 0 19 0 31 0 32 0 40 0.7 41 0.4 72 0.9 73 1 
7860 5 0.7 42 0.9 47 0.6 55 0 74 0 
7913 1 0 45 0.3 75 0 
8122 26 0 
8442 7 1 13 0.7 19 0 53 0.9 69 0 
8602 22 0.8 36 0.7 74 0.6 79 0.6 81 0.5 
8704 19 0.9 35 0.4 87 0.8 
8797 14 0.8 28 0 43 0.3 58 0.9 89 0.8 
9044 4 0 7 0.8 13 0.3 22 0.8 48 1 96 0 
9114 1 0.3 85 0.6 
9224 44 0.7 
9321 14 0 18 0.7 50 0.7 53 0.9 55 0.4 72 0 73 0.4 85 0 86 0 90 0 
9394 58 0.3 75 0 
9525 68 0.4 
9578 6 0 12 0 13 1 46 0.3 58 1 66 0.9 80 0.5 95 0.3 
9879 1 0 21 0.3 62 0.8 66 0.4 71 0.4 72 0.3 75 0.5 76 0 
9891 3 0.4 4 0.5 16 0.7 28 0 39 0.3 68 0 85 0.7 
