100
230 6 0.7 19 0.6 49 0 53 0 76 0 78 0.3 80 0.7 92 1 93 0 94 0 
265 2 0 35 0 88 0.3 91 0.6 
333 9 0.6 12 0.9 91 0.3 
355 4 0.9 5 0.4 14 0.7 29 0 42 0.5 56 0 60 0.7 73 0 77 1 
359 6 0.8 9 0 44 1 59 0 80 0.3 
893 11 0.8 14 1 76 1 
1016 2 0 10 0 28 0.9 43 0.4 51 0.3 56 0.8 62 0.8 71 0.7 94 0 98 1 
1056 4 0 25 0 30 0.9 48 0 55 1 58 0 62 0.7 71 0 83 0 
1292 27 0.4 42 0 57 0.7 62 0 82 0 
1345 0 0 2 0 7 1 11 1 15 0 21 0 23 0 50 0.9 62 0.4 95 0 
1430 24 0.7 38 0.3 47 0.6 55 0.7 56 0.5 59 0.9 72 0.8 74 0.6 79 1 
1512 0 0 13 0 42 0.6 74 0 75 0.6 83 1 85 0 
1583 4 0.7 19 0.9 35 0.9 37 0.3 65 0 69 0.5 80 0.8 
1616 23 0.4 45 0.3 48 0.6 
1651 10 0.5 13 0.7 25 0.3 46 0.9 83 0.4 
1762 3 0 7 0 18 0.5 20 0 47 0.4 54 0 87 0 91 0 98 0.5 
1804 4 1 7 0 8 0.4 17 0.9 42 0.4 50 0.3 53 0.5 72 1 82 0.5 
1816 31 0 35 0.8 49 0.9 64 0.4 98 0 
1832 10 0.4 29 0.4 41 0.8 43 0.4 44 0.5 49 0.4 
1891 11 0 20 0 26 0 74 0 
1911 28 0 39 0 88 0.8 
2041 3 0.5 23 0 32 0 63 0.6 70 0.6 
2143 1 0.3 20 0.5 22 0 62 0 67 0 73 0.6 81 0.6 94 0 
2178 6 1 22 0 47 0.7 66 0 73 0.8 78 0.6 
2276 24 0.7 30 0 37 0.9 48 0.9 60 0 67 0.9 82 0.4 93 1 
2288 1 0 8 0.3 54 0.6 74 0.5 
2332 66 0.5 85 0.4 
2345 8 0.8 26 1 39 0.8 62 0 75 0.9 83 0.7 96 0.3 98 0 99 0 
2349 27 0.4 57 0.3 61 0.7 78 1 91 0 93 0.9 
2567 6 0.3 15 1 39 0.5 64 0.9 84 0.6 94 0.5 
2606 38 1 56 0.9 
2670 10 0 76 0.4 77 0 
2712 23 0 36 1 47 0.4 53 0.9 66 0.5 67 0.7 73 1 
3091 97 0 
3581 10 0.9 41 0 93 0.8 97 0.9 
3712 4 1 
3858 28 0.8 70 1 76 0.3 87 0.4 
3919 12 0.5 14 0 15 0.9 23 0 36 0.3 54 0.9 93 0 94 0.3 97 0.4 
3996 35 0 39 0.4 43 0.5 78 0 85 0 
4011 0 0.7 35 1 42 0.8 45 1 62 1 81 0.9 84 0.7 86 0 
4177 0 0.6 92 0 93 0.5 
4210 1 0 83 0.9 98 0.4 
4322 13 0.7 19 0.5 23 0.6 28 0.7 36 0 39 0.8 
4355 7 0 32 0 47 0 49 0.3 55 0 70 0 75 0 86 0.3 
4537 8 0.6 14 0 39 0.7 48 0 
4776 37 0 54 0 60 0 62 0 
4840 9 0.8 22 0.7 43 1 71 0.3 
4870 17 0 25 0.6 52 0.3 54 1 66 0 67 0.6 72 1 81 0.7 83 0.5 
4949 97 0.9 
5048 11 0.4 15 0.5 25 0.4 30 0.5 31 0.4 48 0.6 77 0 87 0.9 
5106 16 0 61 0.5 
5239 2 0.9 4 0.4 7 0 52 0.9 62 0.7 73 0.6 86 0.8 96 0.5 99 0.3 
5471 23 0 55 0.7 78 0.6 95 0 
5673 6 1 8 0.8 27 0.8 41 0 56 0.9 61 1 73 0.3 87 0.7 90 0 
5684 4 0 5 0.7 25 0.7 29 0.5 39 0.3 53 0.7 61 0.8 64 0.7 92 0.6 97 0 
5771 18 0.8 28 0.9 38 0.9 57 0.9 58 0.5 70 0 72 0.8 84 0 87 0.9 92 0.3 
5840 4 0.5 41 0.9 87 0 
6385 51 0.9 57 0.5 71 0 82 0.5 91 0.4 
6493 1 0.9 58 0.6 61 0.5 72 1 75 1 77 0 89 0.7 95 0 99 0.6 
6582 3 0.8 18 0.7 45 0 
6621 16 0.4 25 0 40 0.4 47 1 51 0.9 58 0.6 84 0 96 0.5 
6682 0 0.9 7 0 80 0.9 86 0 
6745 4 0.4 5 0.7 62 0.5 80 0 90 0.6 
6920 0 0 2 0.5 20 0.3 39 1 41 0.8 47 0.4 73 0.4 83 0.4 89 0.7 98 0.7 
6926 5 0 8 1 53 0.3 72 0 82 0.4 97 0 
6950 8 0.3 10 0.6 37 0 53 0.5 72 0 76 0.5 93 0.3 97 0.3 
7077 7 0 18 0.4 23 0.3 29 1 46 0.3 59 0.3 72 0.8 86 0.9 94 0.9 
7222 8 0 9 0.6 18 0.3 29 0 44 0 45 0.3 46 0.4 47 0 87 1 
7310 4 0.9 8 0 12 0.7 38 1 73 0 84 0.3 
7346 17 0.6 47 0.8 52 0.4 59 0.9 86 0.8 
7466 40 0.6 
7698 78 0.7 
7751 26 0.5 35 0.8 87 0 
7829 8 0.5 14 0.3 17 0.4 20 0.5 23 0.3 24 0 30 0.7 51 0.8 82 1 95 0 
7873 26 0.8 27 0.5 51 0.6 57 0 60 0.4 78 0 79 0 80 0 85 0.3 
7934 1 0.9 25 0.3 40 0.8 53 0.7 57 0.4 66 0.8 
8008 36 0 71 0 
8248 23 0.8 25 0 33 0.7 38 0 39 0.5 52 0.9 61 0.7 62 0 68 0.6 69 0.7 
8345 74 0 
8405 10 0.6 27 0 46 0 68 0 85 0.5 94 0.8 
8486 11 1 14 0.6 21 0.8 32 1 64 0.6 71 0.6 73 1 
8603 33 0.5 69 0.9 
8623 0 1 20 0 21 0 40 0.8 50 0 56 0.3 65 0.3 66 0.6 89 0.3 
8657 0 0.6 26 0.6 40 0 42 0.3 49 0.7 70 1 85 0.8 89 0 
8683 7 0 60 0 85 0.6 92 1 
8692 12 0.7 17 1 33 0.8 75 0 76 0 
8735 24 0.5 36 0.8 46 1 50 0.3 57 0.8 64 0.7 73 0 
8921 2 0.6 21 0 32 0.4 38 0 55 0.4 63 0.3 67 1 69 0.3 77 0.7 96 0.3 
8951 27 0.8 39 0 41 0 49 0.5 50 0.3 65 0.3 88 0.8 93 0.5 
8955 38 0.7 40 0.3 57 0 59 0 91 0.4 
9026 5 1 6 0 10 1 12 0.8 44 0 56 1 61 0.9 68 0.4 88 0 
9101 32 0.8 62 0.5 65 0 66 0 72 0.8 75 0 85 1 97 0.5 
9123 2 0.8 67 0.5 
9138 31 0.5 58 0.9 70 0 
9174 15 0.9 50 0.9 65 0.7 69 0 
9259 24 0.8 
9284 21 0.4 23 0 27 0 33 0.4 45 0 58 1 59 0.6 84 0.8 
9588 22 1 
9832 14 0.7 20 1 24 0.9 56 0.6 73 0.4 87 0.9 99 0.6 
9855 7 1 12 0 60 0.4 
