100
8 11 0.4 29 0.5 41 0.4 78 0.9 88 0.6 
103 41 1 68 0.6 73 0.6 90 0.9 91 0 93 0.8 
112 12 0.3 22 0.9 30 0.3 32 0.4 40 0 53 0 62 1 81 1 86 0 98 0.6 
149 65 0 88 0 92 0.6 
175 5 0.6 7 0 33 1 38 0.7 44 1 45 0 79 0 88 0.8 97 1 
295 12 0 41 0.3 48 1 
354 8 1 78 0.8 82 0.6 83 0.6 85 0.8 99 0.9 
364 11 0.7 
485 1 0.4 22 0 44 0.8 56 0 
504 68 0 
648 32 0.3 33 0.7 44 0.5 48 0.9 67 0 73 0.4 
785 3 0 14 0.9 41 0 69 0 
804 9 0 14 1 17 0 25 0.4 74 0.3 98 0.5 
840 44 0.8 49 1 
874 53 0.3 62 0.4 95 0.6 
877 88 0 
935 1 0.9 11 1 28 0.7 59 0.6 64 1 77 0.7 
982 14 0.9 26 0.6 48 1 89 0.3 
1090 15 0.7 85 0.5 
1126 17 0.4 20 1 
1185 48 1 
1187 5 0.5 18 0 28 0.8 90 0.8 
1237 0 0.9 2 0.9 15 0.7 18 0 24 0.8 44 0 48 0 93 0.9 
1244 7 0.5 25 0.4 40 0.7 55 0.6 72 1 81 0.7 82 0.6 87 0.6 90 0.3 
1795 35 0.9 43 1 63 0.8 91 0.5 
1907 5 1 8 1 40 0.6 64 0.9 70 0.8 85 0 89 0.7 94 0.5 98 0.3 
1972 3 0.3 10 1 34 0.8 46 0.4 47 0.7 69 0.6 87 0 
1994 95 0 
2058 3 1 9 0 14 0 15 0 18 0.9 24 0.3 26 0.6 34 0.8 48 0.5 58 1 
2077 0 1 6 0.3 14 0.6 18 0 32 0.7 64 0.3 83 0 
2079 3 0 16 0 62 0 67 0.3 82 0 84 0.8 91 0.6 92 0.8 93 0 
2518 15 0.4 24 0.3 31 1 81 0.5 86 1 98 0 
2866 2 0 19 0.9 42 0 53 0.7 61 1 64 0 71 0.9 80 0.9 
2874 1 0.9 15 0 36 0.4 42 0.4 54 0.8 78 0.9 87 0.8 
3047 30 0 54 0.4 
3070 49 0 93 0.4 
3086 16 0.3 22 0 46 0.6 59 0 82 0.3 83 0 
3091 97 0.6 
3308 12 1 
3549 8 0.4 16 0.3 42 0.4 47 0.8 69 1 
3568 21 0.5 38 0.4 77 0.5 90 0.3 93 0 
3661 13 0 51 0 
3678 27 0 35 1 37 0 69 0.4 
3862 1 1 36 0.9 76 0.7 91 0.6 
3987 4 1 10 0.9 12 0 40 0.7 46 0.7 83 0 96 0.3 
4242 10 0.5 37 0.9 39 0.6 49 0 62 0.6 81 0 
4267 4 0 13 0.9 26 0.9 31 0.9 44 0.9 45 0.8 60 0 85 0 
4433 51 0 
4485 3 0 12 0 15 0 25 0 26 0.7 29 0.4 36 0 70 0 79 1 97 0.3 
4928 10 0.4 32 0 39 0.4 60 1 61 0.3 79 0.7 96 0.3 
4940 3 0.6 17 0.9 19 0.8 43 0.5 92 0 
5022 56 0.6 58 0.6 96 0.6 
5033 2 0.5 19 0.6 34 0 51 0.4 70 0 
5046 42 0.3 
5137 28 0.9 35 0.6 48 0 58 0.5 88 0.7 
5222 6 0.4 16 0.8 
5324 14 0.5 40 0.3 
5539 54 0 70 0.6 75 0.7 
5597 20 0.8 27 0 34 0.7 39 1 86 0.7 88 0.9 
6031 26 0.9 43 0.7 
6036 41 0 87 0.9 
6077 44 0.5 
6102 1 0 3 0 15 0.7 
6162 5 0.4 7 0.8 16 0.8 24 1 39 0.8 55 0 85 0 89 0.6 
6187 3 0.5 37 0.5 40 0.4 53 0.3 69 0.7 75 0 90 0 91 0.5 
6231 0 0.3 7 0.9 15 0.4 34 1 59 0.7 87 0.9 
6281 32 0.3 87 0.5 
6424 1 0.7 2 0.7 12 0 21 0.3 55 0 57 0.4 65 1 67 0.3 96 0.8 
6573 10 0.8 22 0.8 35 0.3 52 0.8 67 0.5 68 0.6 87 1 99 1 
7057 83 0.4 84 0.7 
7381 2 0.4 14 0.4 21 1 93 0.9 95 0 
7462 4 0.7 9 0.9 41 0.8 58 0.4 67 0 
7471 25 0.4 26 0.9 30 0 38 0.5 53 0 80 0.3 89 0.7 
7484 25 0.7 59 0.9 68 0.7 75 0.9 80 1 83 0 87 0.4 
7486 3 0.3 14 0 53 0.5 78 0.7 90 0.6 92 0.7 98 0.8 
7500 3 0 
7577 4 0 16 0.5 17 0.8 34 0.8 67 0 73 0.3 76 0.7 94 0.9 
7622 45 0.5 
7664 4 0.5 12 0.8 16 0.6 42 0.5 46 0.9 50 0.7 63 0.7 64 0.3 74 0.5 76 0.3 
7850 23 1 32 0 44 0.6 45 0 48 0 66 0.5 69 0.3 
7861 13 0.4 33 0.3 42 0.4 76 0 
7898 35 0.8 53 1 59 1 66 0.9 72 0 79 0.6 87 0.7 89 0 96 0 98 0.5 
7932 8 0 18 0.6 48 0.5 58 0 67 0 77 0 83 0.4 93 0 
8241 27 0.5 37 0.5 76 0 77 0.4 91 1 
8324 0 0 1 0.5 7 0.6 31 0 45 0 55 0.9 61 1 87 0.9 92 0 
8957 18 0.7 64 0.8 82 1 
9135 26 0 59 0 
9208 4 0.3 11 0 21 0.6 29 0.4 46 0.8 65 0 77 0.5 83 0.4 
9209 64 0.7 83 1 
9245 3 0.9 23 0.6 24 0.3 98 0 
9318 92 0 
9419 25 1 28 0.9 43 0 46 0.5 57 0.4 58 0 86 0.5 88 0.6 92 0.3 
9581 6 0.5 26 0.6 28 0 45 1 55 0.5 80 0.9 84 0.8 
9616 3 0 9 0 12 0.6 14 1 19 0 41 1 85 0.8 96 0.9 
9628 56 0 59 1 
9638 31 0 43 0.8 78 0.4 82 0.4 83 0.7 
9665 2 0.6 5 1 19 0.5 24 0.6 49 0 62 0 66 0.7 78 0.7 82 0 83 0 
9886 15 0.9 41 0 47 0 54 0.6 62 0.4 65 0 78 1 
9941 0 1 3 1 10 0.6 16 0.6 
9957 49 0 53 0 72 1 74 0.5 78 0.6 
