100
10 29 0 85 0.5 
100 17 1 
188 3 0.6 12 0.5 38 0.7 72 0.5 74 0.9 87 1 88 0.8 
256 6 1 8 0 43 0.5 45 0.4 69 0.9 71 0.5 78 1 85 0.7 
301 5 0 
488 0 0 55 1 61 0 73 0 
496 4 0.6 43 0.5 45 1 48 0.9 
511 26 0.8 43 0 47 0.8 50 0.5 58 0.5 
530 3 0 24 0.7 41 0.3 44 1 46 0.9 56 0.7 65 0 76 0.7 86 0.8 91 1 
582 20 0.5 28 0.4 31 0.6 49 1 66 0 67 1 69 0 75 0.3 88 0.8 97 0.8 
614 1 0 23 0.3 26 0.6 32 0.5 40 0.9 81 0.6 96 0.7 
619 17 0.9 49 1 56 0.7 65 0.5 96 0 
774 29 0 38 1 54 0.5 92 0.3 
898 0 0.6 45 0 82 0.6 
1264 11 0.4 27 0.3 71 0 87 0.4 
1356 4 0.4 14 0.5 23 0 38 0.5 40 0.3 62 0 64 0 71 0 82 0.4 
1456 2 1 31 0.4 37 1 
1551 3 1 25 0.4 37 0 45 0.8 65 0.8 78 0.6 
1673 15 0.5 38 1 42 0.7 45 0 84 0 92 0 98 0.3 
1867 8 0.8 10 0 27 0.8 50 0.9 
2117 49 0.7 53 0 
2138 7 0 40 0 78 0.8 
2166 0 0.7 23 0.8 42 0.8 45 0 90 0 92 0.6 
2234 8 0.5 19 0.5 30 0.5 32 0 33 0 41 1 75 0.8 84 0.4 
2237 55 0.3 82 0.9 92 0 
2295 2 0 15 0.3 56 0.6 89 0 
2406 28 0.4 45 0.4 47 0.6 66 0.6 71 0.3 72 0 
2437 6 0 12 0 57 0 84 0.6 93 0.3 
2520 8 1 13 0.3 40 0 69 0.3 75 0.5 82 0.5 83 0.8 86 0.6 91 0.9 
2566 43 0.9 64 0 79 0 
2952 32 0.5 50 0 51 0 55 0.3 67 0.6 68 0.6 94 0.4 
3316 0 0.7 19 0.6 67 0.7 68 0.5 82 0.8 
3344 38 0.6 46 0.5 51 0.7 
3407 12 1 31 0.5 
3701 7 0 10 0.3 22 0 72 0 75 1 
3707 35 0.6 46 0 64 0.7 66 0.4 70 0.9 72 1 90 0 
3824 15 0 27 0.8 35 0 66 1 77 0.5 84 1 85 1 91 0.4 
3853 5 0 66 0 68 1 74 0 83 0.4 96 0 
3875 0 0.8 5 0.3 13 0 34 0.3 49 1 
4138 0 0.8 
4205 17 0.5 26 0.7 44 0.5 54 0.7 62 0.9 63 1 64 0.7 77 0 89 0.4 90 0.5 
4285 0 1 5 0 15 0.3 17 0.8 43 0 72 0.3 78 0.9 
4321 19 0.9 33 0.6 67 0.7 73 0.8 
4764 4 0 64 0.9 66 0.3 
4770 42 1 
4891 4 0 9 0.8 25 0.8 61 0.8 99 0.8 
4992 35 0 
5009 2 0.3 4 0.4 19 0 45 1 64 0.3 67 0.9 79 0.9 82 0.3 84 0.9 
5104 10 0.9 22 0.8 23 0.6 43 0.8 65 0.8 74 0 90 0.9 94 0.5 
5121 12 0.5 31 0 44 0 46 0 53 0 69 0.8 
5149 28 0.7 29 0 36 0.3 44 0.6 53 0.7 68 0 69 0.7 76 0.6 79 0 81 0.5 
5203 33 0.5 42 0.3 44 0.4 46 0 60 0.4 93 0 
5224 10 0.6 
5246 5 0.6 6 0 7 0.5 43 0.5 53 1 63 0.7 70 0 85 0.8 94 0.3 96 0 
5255 2 0.5 5 0.7 22 0.5 51 0.6 80 0.6 90 0 92 0.9 
5271 29 0.9 41 0.4 82 0 
5316 30 0 64 0.3 68 0 76 0.8 
5456 40 0 86 1 90 1 98 0.3 
5776 8 0.5 14 0.8 50 0.9 57 0.3 66 0 73 0 87 0.9 91 0.5 92 0.4 96 0 
5864 15 0.6 37 0.8 
5934 93 0.8 
5943 4 0.6 20 0.5 23 0.3 29 0.7 34 0.3 62 0.7 82 0 
6094 1 0.4 12 1 14 1 38 0.6 76 0.7 95 0.4 98 0.8 
6156 28 0.3 32 0 33 0 58 0.7 78 0.4 89 0 93 0.5 
6342 96 0.9 
6602 14 0.4 47 0.3 63 0.5 71 0 76 0.5 81 1 
6612 12 0.3 31 0.4 51 0 
6619 2 0 50 0.7 89 0.3 
6765 14 0.8 36 0.9 76 0.6 85 0.3 
6766 15 0.8 60 0.3 89 0.5 
6919 4 0 8 0 14 0 28 1 40 0 45 0.7 54 0.4 80 0.5 92 0.5 
7150 13 0.6 16 0.6 24 0 28 0.3 32 0 34 0.3 47 0 62 0 70 0.6 
7199 6 0.6 11 0.3 24 0.4 27 0 30 1 38 0.3 40 0.4 67 0.6 68 0.5 99 0.4 
7438 24 0.9 41 0 47 0.6 89 0.9 
7459 15 0.5 20 0.3 28 0.7 55 0.6 60 0.9 82 0.7 96 0.6 
7487 4 0 12 0.3 14 0.8 25 0.8 40 0.4 49 0.4 67 0.6 
7652 0 0.6 7 1 14 0.9 18 0.3 26 0 30 0.5 38 0.3 55 0.5 58 0.5 82 0 
7857 3 0.3 7 0 45 0.6 61 1 80 0 97 0.9 
7968 14 0 28 0 32 0.4 41 0.8 46 1 49 0.4 84 0.9 
8095 2 0.5 10 0.8 19 0.3 39 0 45 0.4 51 0.9 73 0.3 79 0.5 87 0.7 
8179 7 0 57 0.5 82 0.4 85 0 90 0.3 
8342 18 0.5 24 0.5 37 1 39 0.8 59 0.9 76 0.5 81 0 
8394 7 0 13 0 34 0 35 0.6 62 1 67 0 73 0.3 89 0.9 
8462 1 0.8 12 0 21 0.9 36 0.8 51 0.6 68 0 
8593 49 0.3 52 0 
8742 6 0.8 45 0.8 51 1 56 0.3 79 0 83 0.5 88 0.3 
8755 0 0 4 0.6 28 0.8 29 1 66 0.3 
8838 12 0.8 
8865 4 0 18 1 41 0 50 0 79 0 98 0 
8954 7 0.5 9 0.8 10 0 14 0.9 59 0.3 
9183 3 0 7 0.3 32 0.9 34 0.9 37 0.8 54 0 72 0.9 73 0.5 89 0 99 0.3 
9230 23 0 57 0.3 88 0 
9238 13 0 39 0.5 41 0 44 0 66 0.9 72 0 73 0 77 0.3 99 0.6 
9280 17 0 35 0.6 58 0 75 0.6 95 0.4 
9349 0 0.6 4 0.6 8 0 17 0.7 25 1 31 0.7 33 1 37 0 52 0.9 91 0.6 
9399 4 1 14 0.4 30 0.5 57 0.9 62 0.9 65 0.8 71 0 79 0 
9651 3 0.4 8 0.4 48 0.6 49 0.4 51 0 57 0 59 0.8 65 1 77 0 
9662 9 0 24 0.7 36 0.6 43 0 60 0 74 0 75 0 84 0 97 0.7 
9784 3 0 10 0 12 0.7 23 0.3 49 0.6 50 0.8 62 0 83 0 86 0.5 98 0 
9861 18 0.9 19 0.4 
