100
80 38 0.3 40 1 82 0.7 88 0.5 93 0.3 
183 4 0.9 28 0.6 29 0.7 30 0 45 0.5 61 0.6 74 0.7 77 0 80 0 91 0.9 
313 22 0 33 0.3 
339 33 0 43 0.7 74 0.6 84 0 
343 6 0 20 0 44 0 74 0 88 0.3 89 0 
374 40 0.7 59 0.7 71 0.9 79 0.8 83 0.7 85 0 89 0.9 90 0 
450 15 0 59 0.8 60 1 73 0.8 
487 9 0.4 36 0.3 47 0.6 93 0.8 
528 4 0.6 41 0 
723 10 0 72 0 79 0.6 98 0.8 
746 0 0.9 16 0.3 20 0.8 31 0 88 0 
765 7 0 45 0.9 47 0 51 0.6 64 0.9 70 0.9 95 1 
806 0 0 1 0 7 0.9 36 0.4 53 1 70 0.6 75 0.4 82 0.9 86 0.6 
810 16 0 33 0.5 64 0.8 68 0.6 
814 21 0 27 0.5 43 0.6 55 0.9 71 0.8 81 0.4 
859 4 0.3 22 0 75 1 76 0.8 
989 7 0.8 15 0.6 34 0.5 61 0.7 64 0.6 76 0.6 82 0.4 91 0 
1038 13 0.9 38 0.7 74 0.9 83 0 
1086 10 1 21 0.3 24 0.7 31 0.8 34 0 38 0.3 41 1 57 0.9 71 0.3 79 0 
1091 17 0.4 66 0.9 
1295 35 0.7 36 0.5 50 0.9 71 0 83 0.4 88 0.5 89 0 94 0 
1296 16 0 39 0.5 84 0 
1438 17 0.7 24 0.7 49 0.8 57 0.7 61 0.9 63 0.6 68 0.3 77 0.3 84 0 
1448 0 0.9 23 0 45 0.4 46 0 51 0.6 79 1 95 0.5 
1527 3 0.4 6 0.3 13 0.7 23 0.6 30 0.7 36 0.3 56 0.8 85 0.4 91 0 
1576 18 0 28 0 32 0 48 0.6 58 1 60 0 99 0.7 
1663 2 0.6 15 0.8 20 0.7 27 0.9 62 0.5 74 0 97 0.6 
1681 11 0 18 1 35 0 72 0.8 80 0 83 0 84 0.6 98 0.3 
1759 0 0 3 0.8 6 0.3 9 0 10 0.8 17 0 56 0.7 72 0.4 79 0 82 0.8 
1780 6 0.7 
1838 34 0.9 
1881 0 0 3 0.3 11 0 41 0.9 60 0 74 1 95 1 
1916 22 1 94 0 
1963 66 0 77 0 91 0 94 0 
2038 34 0 
2110 4 0.7 11 0.4 26 0 28 0.3 50 1 57 0 89 0 91 0.6 
2296 0 0.9 8 0.3 13 0.5 30 0.7 47 0.6 83 0 
2322 10 0 15 0.3 25 0 64 0 90 0 96 0 
2339 55 0 
2528 5 0 18 0.9 65 0 78 0.7 
2994 31 0 36 1 55 0.9 
3120 4 0 13 0.8 14 0 16 0.4 17 0.4 63 0.6 93 0.3 95 0.5 
3218 4 0 37 0.5 38 0.4 50 1 74 0.3 93 0 
3396 3 0 21 0.5 94 0 
3429 14 1 39 0 
3500 20 0 77 0 92 0.6 
3517 32 0 38 0.4 44 0 48 0.4 69 0.9 94 0.6 
3697 13 0.8 25 0.9 30 0 35 0.3 54 1 79 0.7 
3723 3 0.3 7 0.7 14 0.4 36 0.7 49 0.5 59 0.6 63 0.7 66 0.6 69 0 
3846 2 0.3 33 1 46 0 54 0.9 55 0.8 57 0 92 0.7 95 0 
3887 41 0.6 45 0.5 65 0.4 69 0 
4071 10 1 20 0.7 61 0.4 89 0 
4140 21 0.3 54 0.8 
4156 8 0 18 0.5 24 0.5 37 0 45 0.6 73 0.4 76 0.7 88 0.4 
4233 2 0.6 5 0.6 12 0 26 0 38 0 88 0.7 
4293 7 0.5 36 0.4 39 0.8 48 0.3 53 1 60 0.7 85 0.5 91 0 92 0.9 
4318 6 0.5 9 0 14 0.5 18 0 54 0 60 0.9 72 0.3 87 0.4 
4508 46 0.3 
4548 30 0 71 0.3 99 0.7 
4564 1 1 81 0.9 99 0.7 
4566 1 0 8 0 11 0.8 12 0 54 0.9 56 0 57 0 84 0 
4645 7 0.6 15 0.8 36 0.7 37 0 65 0.3 76 0.5 90 0.5 97 0.6 
4872 24 1 30 0.9 56 0 86 0 92 0.7 98 1 
4880 7 0.5 10 0.7 22 0.4 23 0.8 24 0.5 32 0.9 50 0.5 73 0 80 0.5 99 0.3 
4896 16 0 20 0.8 27 0 28 0.8 31 0.8 50 1 51 0 80 1 95 0 
4996 5 0.5 15 0 25 0.5 30 1 44 0.4 52 0 55 0 66 0.6 69 1 
5468 0 0 17 0.6 93 0 
6588 18 0.9 42 0 47 0 55 0.3 
6603 5 0 8 0.7 11 0.8 31 0.9 42 0 54 0 65 0 74 0 
6701 20 0.9 25 0.8 
6726 5 0 27 0.3 87 0 94 0.3 
6743 27 0.7 40 0.9 42 0.8 49 0.5 79 0 89 0.5 90 0 
6746 10 0.3 37 0.4 61 0.5 67 0.7 78 0.7 
6773 10 0.8 35 0.9 62 0.8 63 0 68 0.8 72 0.4 79 0.4 80 0.6 88 0.9 
6826 27 0 30 0.3 37 0.5 39 0.8 70 0 83 0 99 0.6 
6931 23 0 63 0.5 65 0 86 0.9 88 0.3 
7246 41 0 48 0.9 55 0.4 61 0 
7402 15 1 66 0.6 74 0.9 81 0 
7429 10 0 38 0 42 1 59 0.6 61 0 78 0.6 83 0 93 0.7 
7572 14 0 48 0.5 
7584 5 1 67 0 89 0 91 0 
7623 8 0.9 28 0.3 33 0 42 0.3 57 0.4 80 1 
7700 24 0 33 0 37 0.3 84 0.9 
7793 5 0.3 23 1 27 0.5 37 0.6 38 0.9 43 0.5 87 0 
7846 29 0 43 0 52 0 85 0.4 
7994 42 0.9 52 0.9 80 0 85 0.6 
8004 1 0 8 0.4 26 0.5 29 0.7 42 1 45 0.6 56 0.3 57 0.4 94 0 
8061 18 0.8 47 1 64 0.8 96 0 
8137 7 0.9 9 0.6 14 0.6 18 0.8 20 0.4 27 0.4 72 0.3 85 0.9 87 0.7 
8253 12 0.5 17 0 40 0.6 41 0 42 0.7 44 0.3 59 0.4 80 0 92 0.4 94 0.7 
8455 89 0 
8511 12 0.6 34 0 44 0.9 65 0.6 75 0 78 0.6 95 0.8 
8670 10 0.4 19 0.9 36 0 44 0.7 53 0.5 62 0.4 97 0.9 
8744 7 0.5 8 0 37 0.3 41 1 49 0.9 56 0.4 62 0.5 77 0 81 0 86 1 
9051 0 0.5 30 0.5 45 0.5 65 0.7 70 0.5 75 0 95 0.9 
9219 18 0.4 26 0.5 27 0.3 82 0.6 88 0.8 92 0.3 
9376 11 0.6 15 0.9 31 0.9 38 0.6 63 1 77 0.9 
9654 1 0.7 23 0 32 0 35 0.9 39 0 71 0.9 77 0 97 0.9 
9757 0 0 6 0.8 38 0.4 43 0 58 0.3 
9877 7 0 34 0.7 36 0.4 38 0 53 0.5 54 0.9 56 0.6 57 0 70 0.8 82 0 
