100
83 5 0 8 0.9 13 0.5 21 0 37 0.4 42 0 55 0 60 0.5 85 0.5 
311 1 0.9 21 0 68 0.6 75 0.6 
416 8 0 11 0.3 16 0 19 0 53 0.7 58 0 64 0.3 74 0 
480 13 0 26 0.8 33 0.9 62 1 88 0.6 94 0.3 
526 0 0.5 11 0 18 0.3 32 0.3 50 0.3 54 0.9 74 0.3 92 0 93 0.8 96 0 
583 30 0.9 81 0.4 
589 1 0.6 18 0.6 28 0.3 30 0.9 35 0.4 44 0 49 0 97 0.3 
746 0 0.4 16 1 20 0.4 31 1 88 0.4 
771 7 0 17 0 50 0.9 68 0 70 0.4 71 0.5 72 0.9 
795 64 0.9 
850 1 0.4 
926 27 0.6 35 0.7 37 0 48 0.4 50 0 92 0.7 
1242 17 1 25 0.7 28 0.4 33 0.8 34 0 36 0.5 48 0 71 0 74 0 82 0.4 
1590 19 0.8 23 0.5 33 0.5 40 0 44 0 49 0.7 51 0.4 83 0.7 86 0.5 
1677 23 1 41 0.9 
1690 1 0 11 1 
1738 33 0.7 44 0 45 0.4 74 0 93 0.5 
1790 26 0 40 0.8 53 0.4 64 0.5 
1807 14 1 31 0.9 36 0.3 
1866 5 0.5 16 0 42 1 68 0.8 
1931 6 0.4 24 0 52 1 61 0.5 71 0.9 
2088 6 0.7 12 0.5 21 0 28 0 31 0 44 0.3 61 0.8 73 0.8 
2220 2 0 5 1 7 0.6 13 0.7 24 0 36 0.4 83 1 
2265 8 0 32 0.9 49 1 72 0.6 96 0.5 
2287 3 0 9 0 15 0.7 71 0 
2335 64 0 
2357 24 0.5 56 0.5 59 0.7 68 0 
2512 40 0 60 0.3 70 1 
2609 26 0.6 41 0 43 0.4 57 0.3 78 0 
2708 0 1 18 0.8 37 0.6 39 0.6 48 0.3 58 0.5 88 0 99 0 
2757 2 0.5 3 0.3 22 0.9 49 0.8 75 0 
2764 4 0.5 14 0.6 26 0 63 0 70 0 90 0 
2901 44 0.6 52 0.8 
2903 17 0 
2989 21 1 52 0.3 63 0.6 84 0 93 0 
3033 20 0 27 0 56 0.9 78 0.9 80 0.7 89 1 
3199 3 0 13 0.5 16 1 40 0 58 0.5 
3425 3 0.3 
3454 4 0 20 0.9 32 0.3 49 0.8 58 0.3 64 0 66 0.3 
3650 6 0 56 1 67 0.6 91 0 
3680 92 0.6 
3776 25 1 
3832 7 0.4 19 0.8 21 0.7 45 1 72 0.5 81 1 85 0.4 
3916 4 0.5 11 0 35 0.5 66 0.4 72 0.3 
4080 7 0 32 0.6 35 0 
4104 5 0.6 14 0.7 30 1 31 0 61 0.9 97 0.8 
4357 4 0.5 17 0.5 25 0.5 39 0.7 40 0.9 75 0.3 86 0.4 92 0.7 
4380 11 0.5 46 0.6 53 0.3 55 0.8 65 0.7 69 1 73 0 81 0.4 88 1 
4505 84 0.9 
4744 57 0.3 65 0 66 0 
4753 6 0.4 8 0 57 0 
4771 26 0 43 0 47 0 50 0.8 51 0.7 62 0 85 0.7 
4839 7 0 43 0 54 0.4 63 0.6 70 1 78 0.3 91 0.9 99 0 
4883 15 0 19 0.6 39 0.4 52 0.5 59 0.4 61 0.9 75 0.9 85 0.9 86 0.4 94 0.6 
5010 1 0.5 21 0.8 22 0 25 0.4 30 0 83 0 91 0.4 95 0.9 96 0.3 
5061 0 0 
5092 7 0 35 0.6 44 0.4 89 0.9 94 1 
5315 46 0.8 
5390 6 0.8 12 0.3 21 0.6 29 0.8 63 1 67 0 76 0.8 83 0.6 87 0.6 96 0.9 
5460 21 0.9 
5502 41 1 52 0 76 0.6 77 0 83 1 
5506 8 0 30 1 35 0.8 46 0.3 
5629 39 0.7 63 0.8 
5677 75 0.6 
5682 36 0.6 43 0 60 0.3 62 0.4 68 0.6 81 0.4 99 0.8 
5845 15 0.5 17 0 69 0 78 0.6 
5872 4 0.5 10 0.8 70 0 76 0 88 0.4 96 0 
6060 4 0.9 14 0.4 25 0.6 45 0 50 1 64 0 65 0.5 90 0.6 94 0 98 0.5 
6129 12 1 13 0 26 0.7 30 0 48 0 63 0 74 0.9 
6205 24 0 50 0.8 62 0.5 68 0.6 71 0 72 0.7 85 1 90 0 
6470 5 0.9 13 0.4 30 0.6 35 0 36 0 37 0.7 39 0 77 0.4 91 0 
6788 2 0.9 3 0.4 55 0.6 67 0.9 88 0 
7065 16 0.9 30 0.9 38 0.5 40 0.4 47 0 61 0.4 66 0.7 72 0.6 73 0 83 0 
7366 30 0.5 50 0.6 55 0.5 64 0.4 
7462 4 0.9 9 0.4 41 1 58 0.4 67 0.6 
7479 3 0 9 0.6 35 0.4 50 0.7 54 0.5 55 0 59 0.3 76 0.3 
7575 15 0 37 0 42 0.8 56 0.9 58 0.8 90 0.7 
7620 8 0 22 0 36 1 45 0.4 80 0 86 0.7 93 0.4 
7731 17 0.5 46 0.4 62 0.8 87 0.4 90 0.9 93 0 
7784 36 0.7 
7881 8 0.8 11 0.3 20 0.6 42 0.9 75 0.5 76 0.6 89 0.6 93 0.8 
7995 42 0.3 50 0 59 0.9 
8126 8 0 17 0.6 45 0.8 48 0 58 0.3 70 1 73 0.5 79 0 87 0.5 95 0 
8363 5 0 18 0.9 31 0.3 32 1 33 0.3 55 0.3 56 0.5 66 0 68 0.8 93 0.8 
8453 0 0.3 1 0.5 9 0.8 21 0.3 45 0 47 1 59 0 82 0.6 
8911 83 0 
8966 26 0.9 38 0 50 1 55 0.6 59 0.8 63 0.5 65 0 83 0.3 93 0.8 94 0.3 
8976 7 0.9 22 0 86 0.8 
9002 30 0 42 0.9 67 0.5 71 0.7 97 0.4 
9071 6 0.7 15 0.7 25 0.9 36 0.7 
9145 33 1 38 0.7 86 0.7 
9307 21 0.5 22 0.4 28 1 39 0.3 53 0 62 0.8 74 0 79 0.8 80 0.7 
9498 1 0.3 24 0.7 30 0.9 38 0 39 0 45 0.6 66 0.4 67 1 76 0.9 
9525 68 0.7 
9586 1 0.5 7 0.4 37 0.6 54 0.3 56 0.8 59 0.4 67 0 83 0.8 
9731 14 1 22 1 45 0.8 52 0.6 54 0.9 62 0.6 77 0.7 79 0.4 84 0 
9791 28 0 
9802 85 0.4 
9866 80 1 
9912 3 0.9 11 0.4 38 0 46 0 67 0 78 0.8 84 0.6 88 0.8 98 0.7 
