100
16 16 0.5 23 0.9 34 0 66 0.9 76 0.6 91 0.5 92 0.3 
325 0 0.6 7 1 48 1 68 0 75 1 
343 6 0.3 20 0.6 44 0 74 0 88 0 89 0 
355 4 0.7 5 1 14 0 29 0.8 42 0.6 56 0.3 60 0.3 73 0.9 77 0 
628 11 0.7 45 0 61 0.4 65 0.6 
630 11 0 21 1 29 0.4 40 0.8 52 0.3 82 0 86 0.5 95 0 
755 28 0.4 33 0.3 85 0 92 0.3 97 0.7 
994 11 0 15 0 22 0.5 43 0.7 45 1 47 0.7 51 0 66 0 94 0.8 
1202 2 0.6 9 0.5 15 0 18 0.8 34 0 75 0.8 76 0.6 77 0.9 93 0.8 
1249 50 0.4 52 1 
1281 4 0.7 17 0 23 0.8 48 1 65 1 69 0.4 72 0.7 83 0.4 90 0.5 
1293 8 0.7 26 0 45 0 49 0 51 1 80 0.5 95 0.9 
1342 4 1 33 0.7 64 0.5 99 0.6 
1397 15 0.5 24 0.5 45 0.3 63 0 73 0.3 85 0.3 94 0.6 97 0 
1489 28 1 67 0 
1540 0 1 6 0.4 13 0.7 15 0.4 17 0 51 0 70 1 75 0 80 0 87 0.3 
1655 64 0.9 
1693 17 0 66 0 70 0.7 77 0 89 1 
1706 11 0.8 12 0.5 27 0.8 35 1 51 0.5 61 0.6 75 0.4 88 0.4 96 0.9 
1784 53 0.3 93 0.6 95 0.4 
1818 4 0.6 58 0 98 0 
1840 53 0.6 69 0.7 
1851 8 0 12 0 16 0.5 30 0.7 43 1 82 0.6 
1903 6 1 14 0.8 38 0.3 54 0.3 58 0.3 93 0 
2010 3 0 14 0 29 0.4 38 0.8 49 0.5 68 0.3 73 0.8 74 0 86 0 
2264 42 0.5 
2373 38 0 
2609 26 0.4 41 0.6 43 0.4 57 0.9 78 0 
2656 3 0.5 5 0.4 41 0.9 48 0.9 55 0.7 65 0.7 85 0.7 99 1 
2785 85 0.3 87 0.3 93 0 
2853 8 0 20 0.4 38 0.5 44 1 51 0.6 67 0.5 
2901 44 0.8 52 0.6 
3227 1 0.5 21 1 29 0.7 52 0.5 53 1 76 0.6 
3311 43 0.6 47 0.3 63 0.9 69 0 71 0.7 84 0.3 87 1 92 0 
3314 11 1 14 0.8 21 1 23 0 41 0.8 56 0.6 73 1 76 0.5 88 0.3 97 0.6 
3365 12 0.6 19 0 26 0.7 71 0.7 79 0.4 80 0.9 
3430 11 0.6 26 0.7 92 0 
3490 37 0.6 71 0 
3639 0 0 7 1 25 0.8 30 1 37 0.5 43 0.6 62 0.6 65 0.7 78 0.8 95 0.7 
3753 1 0.8 17 0.4 25 0.9 28 0 34 0.9 61 0.5 78 0 95 0.3 96 0 
3797 5 0 11 0.5 21 0.4 26 0.9 45 0.3 51 0 68 1 70 0.9 72 0.4 98 0.7 
3856 23 0.4 29 0 32 0.3 55 0.6 66 0.3 
4004 38 0.6 
4006 81 0.8 
4029 45 0 55 0.3 75 0.6 92 1 
4279 1 0.7 33 0.8 42 0.9 76 0.5 91 0.5 
4302 42 0.7 
4498 24 0 40 1 
4559 25 0.8 36 0.5 59 0 63 0.5 69 0 71 0.7 78 0 
4625 8 0.7 17 0 66 0.9 72 0 74 0 
4651 17 0.4 41 0.6 58 0 82 0.8 87 0.7 
4732 15 0 33 0.3 37 1 38 1 43 0.3 53 0 57 0 67 0.9 76 0.8 
4801 0 0.4 9 0 34 0 38 0.7 39 0 59 0.5 65 0.3 97 0.4 
4909 18 0.3 20 0.5 27 0.7 34 0.9 
4968 70 0 77 0.8 86 0.7 
4986 16 0.5 30 0.4 46 0.3 55 0.5 95 0.5 
5097 16 0.7 43 0.5 44 0 54 0.8 96 0.3 99 0 
5228 0 0.3 17 0 25 0.7 40 0.9 45 0.3 77 0 92 0.7 
5237 3 0 7 0.5 12 0.7 13 0.6 15 0.7 34 0.6 50 0.6 52 0.5 60 0 
5307 21 1 69 0.8 77 1 87 0.6 
5456 40 0 86 0.4 90 0.3 98 0.4 
5497 54 0.6 74 0 87 0.5 
5620 10 0.8 46 0 55 0 91 0.3 
5766 25 0.4 58 0 72 0 80 0.8 82 0.6 
5998 20 0.5 
6037 8 0.6 12 0 53 0.4 72 0.9 73 0.6 74 0 76 0 
6053 29 0 37 0.5 42 0.8 60 0 87 0.9 90 0 91 0 92 0 
6153 3 0.6 21 0 37 0.3 94 0.9 
6172 11 1 27 0.4 71 0.7 75 1 
6400 17 0.5 22 0.3 26 0.6 39 1 40 0.9 92 0.9 95 0.9 
6424 1 0.5 2 0 12 0 21 0.3 55 1 57 1 65 0.7 67 1 96 0 
6464 6 0.7 43 0.7 44 0.3 87 0.4 
6609 27 1 80 0.4 
6699 3 0.6 57 0 59 0.6 
6926 5 0.8 8 1 53 0.9 72 0.9 82 0 97 0.5 
7766 21 0.7 60 0.9 61 0.3 71 1 86 0.4 
7827 16 0 18 0.6 22 0.6 62 0 70 0.6 
8085 6 0.5 30 0.8 57 1 63 0.3 75 1 91 0 
8126 8 0.9 17 0.3 45 0.8 48 0.3 58 0.7 70 0.7 73 0 79 0 87 0.9 95 0.9 
8172 38 0 81 0.6 92 0.4 
8311 29 0.4 49 0 52 1 71 0.7 82 0.6 87 0 
8375 14 0 18 0.3 29 0.4 31 0.7 52 0.8 56 0 66 1 68 0.9 99 0 
8513 31 0 
8546 11 0.4 12 0.6 34 1 46 0.6 48 0.3 64 0 70 0 79 0.5 84 0.4 85 0.4 
8559 31 0.3 55 0.6 64 0.7 85 0 
8600 74 0 82 0 93 0.3 94 0.5 
8658 35 0.5 62 0 
8970 31 0 63 0.9 70 0 82 0.9 88 1 
9017 86 0 
9083 2 0 7 0.9 50 0 64 0.7 90 1 
9136 43 0 84 0.7 
9172 23 0.5 25 0.3 31 0 46 0.6 56 0.4 59 0.9 71 0 77 0 
9200 18 0 42 0.7 55 0 62 0.4 69 0.5 70 0.5 95 0 
9324 10 0.4 12 0.7 19 0.5 37 0 49 0.7 60 0 90 0.5 
9642 10 0.9 93 0.8 
9703 14 0.9 
9778 6 0.9 15 0 26 0.6 32 0 49 0.4 64 1 81 0 89 0.9 92 0.4 
9846 17 0 21 0.3 24 0.8 36 0.3 80 0.4 85 0 
9866 80 0.3 
9959 11 0.8 51 1 67 0.8 
