100
12 9 0 23 0.6 48 0.9 79 0 89 0.9 
126 1 0.5 53 0 55 0.5 92 0.3 94 0.3 
128 70 0.6 75 0.4 93 0.6 
170 3 0.3 18 0 19 0.8 75 0.7 
419 29 0.3 35 1 51 0.4 
466 0 0.7 23 0.9 31 0.4 32 1 34 0 44 0 58 0.9 68 0.7 73 0.9 94 0.7 
863 8 0 29 0 35 0.3 51 1 65 0.6 66 0.3 86 0 87 1 89 0.7 
875 5 0.7 25 0.6 50 0.5 55 0.6 
882 5 0.5 29 0 65 0.6 
1089 2 1 6 1 23 0.9 26 0.5 42 0 78 0.7 85 0 87 0.3 95 0.4 
1158 4 0.5 43 0 59 0.6 62 0.3 68 0.4 69 0.9 85 0.9 95 0 
1181 3 0 77 0 
1283 0 1 6 0.6 52 0 55 0 63 0.6 96 0.4 
1358 1 1 45 0.8 95 0 
1406 4 0.9 16 0.7 33 0.8 37 0.3 47 0.8 51 0 65 0.8 90 1 97 0 
1543 21 0.9 30 0.3 42 0.9 55 1 57 0 93 0.5 95 0 
1550 49 1 
1573 7 0.5 9 0.7 13 1 17 0.9 28 0.5 39 0.5 42 0.6 58 0.4 76 0 
1697 17 0.4 43 0.6 58 0.6 
1729 11 0.3 34 1 55 0 63 0.3 71 1 81 0.5 
1832 10 0.7 29 0.7 41 0.9 43 0.4 44 0.5 49 0.4 
1856 20 0.6 47 0.9 
1928 8 0 25 0.8 36 0 54 0.8 55 0.8 70 1 96 0.8 
2086 12 0.6 16 0.5 25 0.5 31 0.3 73 0 89 0.7 98 0.7 
2106 1 0 7 0.7 15 0.3 25 0 48 0.3 51 0.6 64 0.5 72 1 95 0 
2181 14 0.3 24 0.7 36 0.4 45 0.4 72 0.7 92 0.9 97 1 
2182 7 0 13 0.4 19 0.9 27 0 34 0.6 78 0.6 83 0 90 0.4 
2263 18 0.7 24 0.5 31 0.3 44 0.7 87 0.4 
2299 2 1 3 0.4 37 0 43 0.3 82 0.4 
2382 10 1 32 0.9 35 0.7 46 0.7 49 0 56 0 73 0 82 0.4 99 0.9 
2449 11 0.4 16 1 33 0.7 44 0 56 0 81 0.8 82 0.6 97 0 
2480 43 0 
2553 9 0 14 0 25 0 34 0.7 48 0.7 81 0.5 
2565 4 0 34 0.6 49 0.3 50 0 66 0.7 73 1 78 0.3 94 0.5 96 1 97 0 
2648 10 0.8 30 0.6 39 0.4 46 0 51 0 66 0.5 76 0 80 1 
2824 1 0.6 23 0.4 37 0.7 50 1 62 0 63 0 70 0.6 76 0.7 85 0.5 89 1 
3018 9 0.8 30 0.3 53 0.7 55 0.4 70 0.8 
3106 86 0.6 88 0.5 
3173 31 0.3 86 0 93 0.4 98 1 
3276 11 0 19 1 33 0.4 37 0 42 0.3 44 0.5 64 0.9 69 0.9 76 0.8 85 0.3 
3301 33 0 42 0 43 0.5 52 0 89 0 
3383 4 0.4 10 0 13 0.7 15 0 16 0.6 27 0.4 28 0 45 0 57 1 68 0 
3457 4 0.3 5 0.3 14 0 45 0.9 61 0.7 66 0.9 67 0.6 71 0.4 72 0.4 
3618 3 0 4 0.4 6 0.3 20 0.8 37 0 48 0 
3660 3 1 13 0.5 25 0.4 
3835 0 0.3 6 0 10 0.3 15 0.5 37 1 43 0.8 52 0.3 61 0.9 79 0.3 91 0 
4295 4 0.3 30 0.5 52 0 56 0.8 63 0.8 75 0.4 79 0.5 81 0.6 
4423 9 0 22 0.3 23 0.6 64 0 66 0.3 74 0 85 0 99 0 
4676 2 0.6 5 0.5 17 0 26 1 34 0.9 44 0.3 50 0.8 89 0 97 0.6 
4814 25 0.9 38 0.5 41 0 43 0 46 0.9 55 1 56 0 77 0.6 78 0 
4991 16 0.3 29 0 31 0.4 61 0 76 0.6 95 0 
5524 16 0.5 21 0.5 22 1 23 0.5 29 0 38 0.6 47 0.6 57 0.6 83 0.7 90 0.8 
5661 6 0.7 20 0.7 31 0.6 36 0 55 0.7 59 0.9 82 0 99 0.5 
5738 3 0 5 0.8 24 1 46 0.6 48 1 52 0.8 56 0 66 1 86 0.7 89 0.8 
5762 68 0.3 90 0.3 
5805 24 0 41 0.9 43 1 62 0.6 66 0 
5912 50 0.3 53 0 67 0.8 
6071 6 0.6 33 1 62 0.5 65 0.9 80 0.8 85 1 89 0.9 91 0.3 
6078 0 0.3 5 0.6 32 0.5 95 0 
6206 42 0.5 43 0 46 0.6 59 0.5 70 0.9 
6212 19 0 62 0.7 91 0.5 
6264 8 0.9 33 0.8 40 1 54 0.8 73 0.7 77 0.5 78 0.9 80 0 95 0.5 
6364 12 0.6 58 0.9 75 0 78 0.9 91 0.7 
6445 70 1 
6574 16 0.4 22 0.6 30 0.5 42 0 62 0.7 77 0 78 0.9 94 0.9 
6644 14 0 22 0 33 0.5 79 0.5 84 0.9 85 0 
7143 12 0 19 0.5 41 0.8 
7166 13 0.9 48 0.9 52 0.7 67 1 82 0.9 
7486 3 0 14 0 53 0.4 78 0 90 0 92 0.9 98 0.4 
7506 80 0.6 
7523 5 0.7 13 0.6 14 0.6 58 0.9 92 0 
7595 94 0 95 0.4 
7613 14 0.6 17 0.6 19 0.3 20 0 48 0 49 0.4 59 0.3 95 0.4 99 0.4 
7614 90 0 
7638 12 0.4 15 0.8 24 0 31 0.7 33 0 39 1 
7788 72 0 73 0.8 
8024 20 0.7 35 0.5 37 0.3 42 0.9 52 0 57 0.7 80 1 
8032 0 0.9 3 0.7 5 0.5 14 0.8 16 0.4 32 0 39 0.7 46 0.6 83 0 91 0 
8106 4 0 26 0 45 0 77 0.9 
8137 7 0.6 9 0.3 14 0 18 1 20 0.9 27 0 72 0 85 0.9 87 0.5 
8250 46 0.6 
8315 5 0.4 22 0.5 36 0.3 59 0.6 63 0.5 
8318 4 0.9 23 0.8 99 1 
8342 18 0 24 0.9 37 0.8 39 0.3 59 0 76 0.9 81 1 
8396 48 1 88 0.5 
8522 1 0.5 31 0.3 33 0.7 72 1 96 0.8 
8659 18 0.8 27 1 44 0.5 65 0 69 0.7 
8692 12 0 17 0.5 33 0.8 75 0.4 76 0 
8903 13 0.6 24 0.5 30 0 36 0 65 1 74 0.5 78 0.4 
8933 0 0.5 34 0.5 44 0.7 54 0 72 0.5 80 0 82 0 
8935 42 0.7 43 1 44 1 62 0.9 91 0.8 93 0.4 
9037 11 0.3 27 0 39 1 89 0 93 0.9 
9105 13 0.5 16 0 37 0 43 0.9 48 0.5 54 0.9 68 0.9 84 0.6 96 0 
9145 33 0.6 38 0 86 0.9 
9209 64 0.6 83 0.9 
9529 15 0.3 27 0.4 42 1 44 0 58 0 59 0.9 61 1 68 0 
9655 6 0.8 26 0.4 30 0.6 62 0.6 93 0.5 95 0 
9694 33 0.9 43 0.8 61 0.5 68 0 
9767 26 0.5 48 0 53 0.4 55 0.6 61 0.9 66 0.7 94 0.4 
9971 83 1 
