100
109 10 0.3 17 0 54 0.6 65 0.9 68 0 75 0.7 76 0.5 84 0.7 
113 9 0 37 0.5 54 0.4 73 0.3 74 0.9 75 0.4 
141 53 0 64 0.6 83 0.7 
190 5 0 22 0.9 44 0.5 46 0 61 0.6 79 0.5 
218 9 0 13 0 34 0.3 43 0.7 54 0.7 59 0.3 60 0.3 94 0.3 95 0 
262 3 0.8 10 0 16 0.8 42 0.4 70 0.4 71 0.6 79 0.4 87 0 89 0.4 
343 6 0.3 20 0 44 0.6 74 0.9 88 0.4 89 0.8 
393 14 0.6 53 0.5 57 0.5 60 0 72 0 84 0.5 97 0 
466 0 0.9 23 0.7 31 0.6 32 0.7 34 0 44 0.3 58 0 68 0.4 73 0 94 1 
479 1 0.7 13 0.5 18 0.3 27 0.4 43 0.3 70 0.6 92 0 94 0.7 
502 3 0.6 5 0.8 11 0.5 18 0.3 33 0 55 1 89 0 
555 25 0 57 0 
679 52 1 71 0 82 0.5 
746 0 0 16 0 20 0.5 31 0 88 0.9 
791 3 0.4 8 0.9 66 0.6 86 0.5 88 0 
919 7 0.4 14 0.9 22 0.8 25 0.4 26 0 35 1 46 0 48 0.4 67 0.5 94 0 
948 5 0 8 0 22 0.4 23 0.4 27 0.8 87 0 89 0 96 0 
968 6 0 10 0 30 0 
991 15 0 30 0.3 34 0.5 40 0 49 0.9 61 0.4 67 0.7 
1134 13 0 62 0.7 63 1 
1141 11 1 12 0 20 0.5 33 0.3 47 0 56 0.8 86 0.6 89 0.7 90 0.8 95 0.8 
1189 1 0 5 1 10 0.3 37 0.8 41 0.8 78 1 
1244 7 0.9 25 1 40 1 55 0 72 0.4 81 0.5 82 0 87 1 90 0 
1374 3 0 8 0.8 99 0.9 
1389 1 0.3 8 0.4 53 0.4 82 0.3 
1615 4 0.5 96 0 97 0 
1649 1 0.9 45 0.4 99 1 
2165 3 0.4 24 0 28 0.9 
2192 13 0 19 0 23 0.5 29 1 34 0 44 1 
2257 15 0.6 20 0.4 25 1 31 0.6 68 0.3 80 0.9 94 0 
2379 12 0.5 49 0.8 69 0.8 70 0 75 0.9 79 0.5 96 0.3 
2462 6 0.8 7 0.8 17 1 19 0.9 46 0 57 0 65 0.6 69 0.4 78 0 86 0.6 
2464 7 0 
2563 25 0.3 39 0.5 98 0 
2713 9 0.6 13 1 41 0.6 89 0.5 
2751 15 0.9 16 0 20 1 28 0.5 43 0.8 55 0 63 0.7 65 0 67 0 76 0.6 
2855 26 0.8 33 0.7 43 0.6 56 1 66 0.3 68 0 70 0.5 74 0 92 0 
2928 21 0 45 0 53 0 57 0.8 60 0.8 72 0.7 86 0.3 92 0 93 0.8 97 0.5 
2964 7 0 10 0.3 74 0.7 92 0.8 95 0.3 
3114 36 0.5 48 0.4 49 0.4 56 0.6 81 0.5 
3115 10 1 67 0.3 
3202 47 0.7 65 0.8 
3206 0 0 15 0.7 44 0.4 48 0.4 53 0.6 75 0.3 76 1 77 0 
3267 50 0.4 
3310 13 0.8 20 0 21 1 47 1 72 0.7 80 0 88 0.6 97 0.7 
3390 22 0.3 27 0.4 33 0 44 0.7 81 0 90 0.3 
3502 8 0.9 10 0 16 0.5 17 0.8 47 0 58 0 82 0.6 86 0 92 0 
3518 4 0 26 0 80 0.9 
3639 0 0.5 7 0.9 25 1 30 0.3 37 0.9 43 0.6 62 0.8 65 0.3 78 0 95 0.3 
3893 18 0 31 0.8 45 0.7 47 0.7 55 0 85 0 88 0.9 96 0.7 
3909 9 0 23 0 32 0.3 33 0.7 79 1 
3974 0 0 44 0.8 55 0 69 0.8 71 0.5 73 0.6 77 0 81 0.8 94 0.9 99 0.5 
4055 33 0.4 51 0.9 60 0.8 90 0.6 
4112 15 0 18 0.3 23 0.5 40 0.9 54 0.6 69 0.4 76 0.9 78 0 
4114 33 0.7 39 0.7 46 0.4 56 0 
4191 1 0 95 0.7 97 1 99 0.3 
4318 6 0 9 1 14 0.5 18 0.6 54 0.4 60 0.3 72 0 87 0.9 
4594 99 0 
4898 18 0.4 47 0.9 50 0 54 0.3 63 0.4 99 0.9 
5148 6 0.7 18 0.7 37 0.8 85 0 
5391 11 0.3 14 0.9 15 0.6 60 0.8 72 0 90 0.8 
5498 7 0.4 14 0.5 33 0.8 36 0.3 96 0.5 
5519 1 0.7 3 0.5 25 1 31 0 42 0.8 47 0.3 55 0.8 78 0.3 
6170 4 0 13 0 27 0.3 29 1 30 0.5 35 0 43 0.4 59 1 61 0.3 
6188 8 0.6 40 0 
6236 45 0 68 0.7 96 0.6 
6651 35 0.4 36 0.4 45 1 
6672 87 0.4 96 0.7 
6799 6 0.9 33 0.9 70 0.3 
6819 12 0.3 26 0.5 30 0.6 50 0 52 0.4 55 1 79 0.9 94 0.4 
6898 27 0.3 35 0.5 41 0.7 47 0.4 50 0.3 62 0.7 99 0.3 
7295 13 0.4 15 0.3 38 0.9 49 0.8 71 0 72 0 74 1 87 0.9 96 1 99 0.8 
7420 19 0.5 76 0 88 0.3 97 0.4 
7582 36 0 75 0.9 
7590 50 0.8 56 0.8 65 0.6 66 0.9 67 0.8 72 0.4 
7643 8 0.9 27 0.7 34 0.4 49 0 65 0.3 66 1 69 0.3 70 0.7 76 0.6 78 0.3 
7700 24 0.8 33 0.7 37 0.5 84 0 
7919 75 0.6 
8261 23 0 56 1 68 0.7 74 0 83 0 
8308 0 0.5 3 0.9 16 0.4 27 0 39 0 65 0.4 91 0.5 
8321 0 0.8 21 0.3 31 1 33 0.5 45 1 53 1 
8401 27 0.6 
8438 14 0.6 53 0 81 0.4 82 1 97 0.5 
8573 4 1 40 0 
8649 62 0 
8696 54 0 67 0.9 
8805 19 0 79 0 96 0.9 
8809 20 0 25 0.7 31 0.8 33 0.7 56 0.8 70 0 74 0 75 0.3 90 0.5 94 0.7 
8893 47 0.8 85 1 
8939 16 0.6 18 0.7 19 0.4 21 0.3 22 0.7 41 1 45 0.3 89 0.3 
8951 27 0.4 39 0.7 41 0.7 49 0.8 50 0.3 65 0 88 0 93 0.4 
9208 4 0 11 0.9 21 0 29 0.7 46 0.8 65 0.8 77 0.5 83 0.8 
9307 21 0.5 22 1 28 0.9 39 0.7 53 0.5 62 0.6 74 1 79 1 80 0.9 
9386 12 0.4 51 0.7 63 0.5 80 0 
9543 36 0.9 41 0.6 77 0.5 
9640 1 1 59 0.6 65 0.8 97 0.3 
9651 3 0 8 0.7 48 0.9 49 0 51 0.7 57 1 59 1 65 0.5 77 0.6 
9908 61 0.8 
9979 14 0.5 16 0.5 35 0.3 39 0.7 53 1 70 0.6 74 0.6 77 0.8 
9996 40 0.8 68 0 78 0.7 
