100
86 45 0.5 50 0 56 0.5 57 0.8 58 0 78 0 
88 5 0.9 21 0.9 37 0 73 0.9 83 0.8 85 0 96 0 
161 9 1 21 0.6 36 0.7 66 0.8 94 0.4 
285 21 0.8 32 0.4 36 0 43 0.4 75 0.9 83 0.4 84 0.9 
533 75 0.4 96 0.3 
539 1 0.7 32 0 36 1 42 0.9 45 0.3 48 0.4 59 0 60 1 77 1 78 0.4 
543 12 0 31 1 42 0.4 56 1 65 0 80 0.9 
622 2 0 21 0.7 28 0.7 43 0.3 60 0.5 92 1 96 0.4 
646 5 1 21 0 39 1 60 0.3 68 0.8 72 0 79 0.5 80 0.4 82 0 97 0 
721 4 0 8 0.6 20 1 37 0.6 48 0 64 0 73 0.7 95 0.6 96 0 
782 76 0.9 86 0.9 
1021 8 0 20 0.6 21 0.8 28 0.7 75 0.9 
1069 15 0.3 34 0 36 0 79 0.4 81 0 83 1 
1073 1 0.9 12 0 13 0.5 45 0.6 72 0 80 0.6 83 0.9 
1352 0 0 16 0 37 0.6 41 0 53 0.6 63 0.4 70 0.5 77 0.8 
1400 17 1 47 0 71 0.6 
1442 0 0 3 0.3 19 0.5 25 0.5 27 0 28 0 39 0 52 0.4 74 0.6 
1597 56 0 85 0 93 0.4 
1908 15 0.5 20 0 27 0.6 43 1 44 0 45 0 53 0.7 76 0 79 0.7 
2079 3 0.3 16 0 62 0.7 67 0 82 0.8 84 0 91 0.4 92 1 93 0.7 
2141 9 0.3 21 0 76 0.6 96 0.7 99 0.4 
2171 22 0.7 42 0.8 53 0.3 68 0 
2233 8 0 42 0.8 48 0.4 58 0.7 61 0.4 75 0.7 94 1 
2322 10 0.3 15 0.6 25 0 64 0.3 90 0.9 96 0 
2343 30 0.8 33 0.9 35 0.9 43 0.8 64 0.5 90 0.9 93 0 
2399 16 0.7 
2401 2 0 41 1 57 0.3 81 0 83 0.8 
2441 26 0 66 0.6 
2467 48 0 
2471 13 0 22 0.8 24 0.9 62 0.4 77 0.8 88 0 94 0.5 
2483 28 0 40 1 62 0.9 80 1 97 0.3 
2516 1 0.4 70 0.3 84 1 90 0.9 
2549 10 0 20 0.9 23 0.8 46 0.6 61 0.6 63 0 67 0.9 73 0.9 75 0.7 85 0.6 
2873 27 1 29 0.4 65 0.9 
3161 15 0 37 0 46 1 56 0.6 63 0 81 0 97 0 
3167 7 0.6 50 0 67 0.9 71 0.8 72 0.3 89 0.4 92 0 
3386 15 0.5 51 0 73 0 
3647 7 0.8 45 0.5 55 0.8 91 0.9 
3682 14 0 28 0.3 36 0.7 37 0.7 38 0 69 0 76 0.7 80 0.4 
3731 6 0.9 35 0 51 0.5 59 0.4 64 0.5 70 0.4 87 0.6 94 0.6 
3743 8 1 26 0.8 70 0.4 71 0 73 1 81 0.9 92 0 95 0.7 98 0.6 
3764 9 0 13 0.4 25 0 34 0.6 64 0 74 0.9 75 0 76 0.3 77 0.7 
3945 1 0 11 0.3 26 0 43 0.9 58 0.6 71 0.7 74 0.7 82 0 90 1 
4132 0 0 5 0.6 26 0.8 28 0.3 31 0.9 32 0.6 34 0.5 41 0.7 60 0.5 62 0 
4250 2 0.4 8 0.5 15 0 25 0.7 53 0.4 60 0.6 
4285 0 0.8 5 1 15 0.3 17 0.5 43 0 72 0 78 0.7 
4503 60 0.8 
4712 1 0.6 12 0 36 0.5 38 0.4 40 0.5 60 0.8 62 0.4 75 0 95 0.3 
4715 3 0.5 21 0 28 0.9 50 0.7 76 1 
4734 30 0 40 0.6 49 0.5 64 1 67 0 93 0 
4750 6 0.3 10 0.8 48 0.5 
4838 10 1 15 0 27 0.8 39 0.8 44 0 60 0.3 
4855 40 0.9 
4957 28 0 32 0 35 0.6 45 0 58 0 62 0 95 0.9 
4999 18 0 19 0.7 69 0.4 92 0.5 
5276 1 1 6 0.6 18 0.7 25 0.6 27 0.9 57 0 82 0.8 
5813 62 0.7 
5987 22 0.3 33 0.8 71 0 85 0.7 99 1 
6053 29 0.5 37 0.4 42 1 60 0 87 0.8 90 0 91 0 92 0.7 
6098 3 0.8 20 0 27 0.3 38 0.3 42 1 67 0.7 85 0 98 0 
6371 0 0.8 36 0.8 75 0 82 0.6 96 0.3 
6431 16 0.3 44 0 46 1 49 0 61 0.7 67 1 96 0.8 
6805 15 0 39 0.6 45 1 56 0 
6815 7 0.4 9 0 43 0.8 48 0.6 68 0.5 69 0 
6905 5 0 16 0.8 
6942 12 0.6 16 0.5 29 0.4 35 0 43 0.3 57 0.4 61 0.9 70 0.6 87 0.6 90 1 
6990 13 0 17 0.9 24 0.3 32 0 41 0 42 0.7 49 0.5 62 0 65 0.3 91 1 
7116 33 0.5 56 1 57 0.9 66 0.4 80 0.3 98 1 
7240 1 0.6 21 0 39 0.8 57 0.4 61 0.8 63 0.9 68 0.3 84 0 85 0.4 99 0.6 
7298 20 0 52 0.4 83 0.9 
7315 39 0 51 0.7 64 0 67 0.6 76 0 
7318 1 0.6 12 0 
7328 4 0.7 27 0.4 28 0 33 0.6 47 0 62 0.8 65 0 87 1 96 0.7 
7488 8 0 17 0 35 0.5 83 0.6 96 1 
7510 0 1 16 0.9 71 0.3 81 0.9 
7563 2 0.4 4 0 22 0 34 0.9 35 1 76 0 84 1 93 0.4 97 0 
7565 8 0 36 0.9 57 0.7 76 0 80 0.5 84 0 86 0.4 
7678 33 0 53 0 69 0.4 
7717 21 0.7 71 0 
7721 0 0.8 33 0.6 34 0 41 0.9 50 0 55 0 73 0.6 89 0.7 90 0.4 94 0.6 
7846 29 0.3 43 1 52 0.8 85 0.7 
7852 38 0 76 0.6 
7854 6 0.9 7 0.4 
7999 3 0.9 8 1 14 0.7 20 0 31 0.4 69 0 82 0.5 
8155 21 0.8 27 0.5 50 0 58 0.6 61 0 67 0.4 73 0.4 81 0 
8244 21 0 
8349 16 0.5 21 0.3 32 0 41 1 52 0 55 0 56 0.7 62 0 94 0.6 
8682 5 0.4 8 0.3 30 0.3 45 1 73 0 99 0.3 
9044 4 0.5 7 0.8 13 0.6 22 0 48 0.5 96 0 
9200 18 0.4 42 1 55 0.5 62 0.7 69 0.5 70 0 95 0.4 
9203 0 0 3 0.3 18 0 26 0.3 28 0.6 33 0.8 37 0 41 0.7 48 0.6 
9215 18 0 26 0.9 36 0.5 40 0 45 0.5 48 0.8 56 0.7 61 0 87 0.7 
9407 19 0 20 0 43 0 48 0 49 0.8 50 0.7 
9444 77 0.5 
9590 31 0.8 
9654 1 1 23 0 32 0.6 35 0.6 39 0.8 71 0 77 0 97 0.6 
9665 2 1 5 1 19 0.3 24 0.5 49 0.8 62 0.4 66 0.9 78 0.6 82 0.9 83 0 
9672 4 0 7 0.8 20 0.9 35 0 64 0 78 0 88 0.7 95 0.9 
9871 77 0.3 
9940 48 0.6 67 0.4 71 0.9 77 0 82 0 89 0.4 
