100
50 16 0.9 79 0.4 
122 32 0.6 35 0.5 44 1 55 0.4 56 0.5 60 0 78 0.6 86 0 92 0 
171 6 0.4 22 0.6 33 0.8 37 0.8 62 0 75 0 96 0 
218 9 0.6 13 0.5 34 0 43 0.8 54 0 59 0.5 60 0.8 94 0.8 95 0.6 
235 3 0.7 14 0 22 0 26 0 51 0 53 0 62 0.7 63 0.7 73 0.8 78 0.4 
383 18 0.8 40 0.9 55 0.3 57 0.4 79 0.8 94 0.5 
522 11 1 34 0.8 53 0 67 0 
647 21 0 33 0 75 0.4 91 0.7 
684 39 0.8 72 0.3 
739 0 0.4 40 0.4 42 0.3 48 0.8 53 0.3 66 0.6 70 0.5 73 0.8 99 1 
744 8 0.9 9 0.4 13 0.7 31 1 66 0 73 1 78 0.8 79 0 82 0.5 
917 9 0.8 15 0.9 37 0.6 42 0 84 0.7 97 0.6 
924 59 0.3 65 0.7 83 0 99 0 
1017 18 0 37 0 40 0.9 52 0.3 54 0.8 63 0.9 74 1 
1026 11 0.6 17 1 21 0 42 0.5 51 0 66 0 88 0 90 0.8 
1038 13 1 38 0.7 74 0.7 83 0.6 
1046 2 0.6 37 0 69 0 90 0 99 0.9 
1064 11 0.8 30 0.9 59 0.8 62 0.8 83 0 
1101 9 0.6 27 0.4 29 0 30 0.8 55 0.3 56 0.3 62 1 72 0.6 79 0.3 
1161 7 0.5 10 0.7 
1321 5 0.9 11 0 18 0 34 0.7 42 0.7 54 0.4 60 0 67 0 69 0.9 79 0.6 
1329 2 0.4 14 0 15 0 36 1 48 0 77 0.9 
1354 10 0.5 16 0.3 32 0.3 56 1 
1499 2 0.7 15 0 23 0 29 0.3 58 0.3 65 0.6 68 0.8 98 0.8 
1562 26 0.5 86 1 
1611 27 0.5 85 0 
1643 12 0 13 0.4 19 1 23 0.8 47 0.7 76 0.6 95 0.4 99 0.9 
1705 12 0.3 55 1 
1830 9 0.7 18 0 30 0.8 44 0.7 73 1 93 0.9 
1857 10 1 18 0.9 46 0.4 50 0.9 
1866 5 0.7 16 0.4 42 0 68 0 
1983 42 0.4 46 0.7 49 0.4 52 0.4 77 1 89 0 
2018 35 0.9 43 0 
2097 11 0.4 
2186 13 0 15 0.5 45 0 58 0 94 0.7 99 0 
2232 33 0 42 1 50 0.8 60 0.6 78 0.6 95 0.7 
2247 54 0 
2344 15 0 20 1 37 0.5 40 0.9 59 0.8 72 0.9 79 0.5 85 0 
2348 12 0 53 0.4 62 0.4 93 0.7 
2386 9 0.4 13 0.4 14 0 17 0.4 28 0.9 39 0.6 54 0.8 63 0 
2544 69 0.9 
2698 2 0.7 9 0.9 15 0.8 34 0.3 85 0 93 0.9 
2980 23 0.5 27 0 86 1 88 1 98 0.8 
2995 36 0.8 49 0.5 51 0.7 58 0.9 63 0 70 0.8 72 0.6 
3100 3 1 20 0.5 21 0.9 28 0 50 0.5 59 0.8 64 0.6 80 0 
3110 22 0.3 
3223 8 0.9 12 0.8 19 1 
3301 33 0.7 42 0 43 0.9 52 0.5 89 0.3 
3386 15 0.9 51 0 73 0.3 
3598 10 0.5 18 0.5 62 0.4 83 1 84 0.6 
3730 90 1 
3733 5 0.3 7 0 38 1 58 0.7 78 1 84 0.9 88 0 
3749 36 0 57 0 91 0 
3863 25 1 45 0 
3905 1 0 24 0 33 0.9 77 0 83 0.8 94 0.5 
4039 2 0.3 5 0.3 6 1 11 0 22 0.9 50 0 66 0.5 77 0.3 91 0.8 
4127 22 0 43 0.4 47 0.3 51 0.4 61 0 68 0.4 71 0 
4148 24 1 40 0 41 0 48 0.9 56 0.7 58 0 65 0.9 71 0 72 0 95 0.5 
4231 25 0.7 36 0 39 0.3 76 0.4 92 0.5 
4243 13 1 
4373 10 0 28 0 33 0 37 0.8 58 0.4 84 1 96 0 
4597 17 0.4 21 1 22 0.9 49 0 63 0.4 
4610 99 0.6 
4734 30 0.3 40 0 49 0.9 64 0 67 0.4 93 0 
5080 3 0.5 10 0 14 0.5 30 0.9 39 0 40 0.6 46 0 50 0.6 63 0.9 
5221 42 0 97 0.6 
5293 39 1 
5333 44 0.3 57 0.3 59 1 69 0.6 72 0.4 76 1 
5391 11 0.4 14 0 15 1 60 0.6 72 0.9 90 0.5 
5815 0 0 30 0.7 50 0.9 59 1 
6117 59 1 
6355 82 0 89 0.6 
6379 44 0.4 65 0.7 89 0.3 
6406 39 0.3 55 0.5 90 0 
6693 16 0.5 31 0.6 37 0.6 57 0.5 63 0.4 77 0.7 
7127 7 0 23 0.4 26 0 28 0.6 30 0.8 42 0.7 61 0.7 80 0.6 85 0.5 95 0.6 
7430 6 0.7 9 0.6 19 0 30 0 31 0.3 53 0.3 70 0 79 0.3 97 0.6 
7511 28 0.6 41 0.5 51 0.5 84 1 
7667 10 0.4 25 0.3 99 0 
7672 17 0.8 23 0.8 31 0.7 43 0 56 0.6 75 0.8 77 0.9 
7725 10 0 34 0 54 0 65 0.4 83 0.5 
7863 3 0 5 0.7 18 0.6 22 0.8 39 0 40 0 50 0.8 57 1 61 0.6 72 0.6 
7935 5 0.4 9 1 17 0.3 24 0 28 0.3 34 0 91 0 95 0.3 
8308 0 0 3 0.6 16 0.7 27 0 39 0.6 65 0.6 91 0.6 
8321 0 0.6 21 0 31 0.6 33 0.9 45 0.6 53 0.9 
8322 30 0.6 74 0.3 
8504 5 0 
8900 27 0 32 0 54 0.9 76 0.6 80 0.5 82 0 88 0.5 97 0.9 99 0.9 
9070 11 0 22 0.7 25 0.9 45 0.8 84 0.7 94 0.4 
9138 31 0.8 58 1 70 0.3 
9412 14 0.9 25 0 30 0.3 68 0.4 88 0.4 
9526 17 0 29 0.8 31 1 83 0.9 87 0 95 0 98 0 
9545 35 0.9 
9565 69 0 
9584 11 0 52 1 69 0.7 79 0.5 92 0.9 
9736 21 0.3 26 0.5 46 0 47 0.3 56 0.9 91 0.9 
9776 4 0.9 30 0.6 31 0.3 44 0 72 0.9 73 0.8 
9785 31 1 51 0 53 0.6 58 0.4 64 0.8 66 0.7 71 0.3 92 0.6 94 0.5 
9972 12 1 14 0.6 15 0.3 17 0.3 36 1 42 0.8 44 0.7 56 0.8 80 0 85 0.8 
9984 5 0.4 14 0.9 38 0 88 1 
