100
0 67 1 97 1 
17 6 0.9 15 0.5 62 0 85 1 
153 2 0.9 19 0.7 80 0 88 0.6 
188 3 0.5 12 0 38 0.9 72 0.6 74 1 87 0.7 88 0.6 
203 8 0 18 0.3 25 0.8 
243 13 0.9 30 0.6 31 0.8 46 0.8 51 0.6 82 0.4 84 0.6 87 1 
261 27 0 29 0 60 0 68 0.4 86 0 88 0.3 89 0 
402 7 0.6 39 0.3 40 0.7 73 0.9 74 0.4 87 1 88 0 89 0.8 
533 75 0 96 0.9 
805 22 0.3 29 0 33 0.7 35 0.5 68 0.5 75 1 94 0.8 
958 14 0.4 49 1 68 0 
1044 89 0.8 
1101 9 0 27 0.5 29 0 30 0.3 55 0.6 56 0.7 62 1 72 0.5 79 0 
1211 18 0.4 27 0.8 28 0.6 36 0 68 0.3 71 0.3 88 0.7 
1330 24 0.6 48 0 52 0.5 60 0 62 0.4 
1387 19 0 36 0.3 41 0 73 0 78 0.4 92 0.8 94 1 99 0.4 
1392 26 0 29 0.4 46 0.3 53 0 66 0 68 0.9 77 0.9 81 0.8 93 0.7 
1408 3 1 27 1 31 0 35 0.8 56 0.8 57 0.7 77 0.5 83 0.9 89 1 91 0.3 
1486 57 0.9 
1580 5 0.4 8 0.5 22 0.7 28 0.4 52 0.5 60 0.3 71 0 90 0 
1757 54 0.3 71 0.8 
1768 7 0 12 0.6 14 0.3 33 1 46 0 52 0.6 74 0.3 88 0.4 96 0.3 
1801 30 0 34 0.8 42 0 44 0.5 52 0.7 53 0 73 1 80 0 
1917 20 0.4 71 0.7 92 0 
2217 4 0.8 18 1 27 0.8 42 0.3 43 0.4 56 0.6 79 0.3 81 1 91 0 
2319 23 0.3 85 0.8 87 0.9 
2385 9 0.6 20 0.5 79 0.3 80 0 
2414 53 0.9 
2504 34 0.5 70 0.7 
2520 8 0.9 13 0.7 40 0.4 69 0 75 0 82 0.5 83 0.7 86 1 91 0 
2690 11 0.4 24 0.8 35 0 39 0.6 51 0.6 62 0.8 78 0 82 1 
2737 64 0.4 69 0 95 0.3 
2879 18 0 71 0.8 
2903 17 0.4 
2976 21 0.6 34 0.4 85 0.9 96 0.7 99 0.6 
3071 15 0.6 43 0 57 0 60 0.3 62 0.7 68 0.4 75 0 84 1 91 0.9 
3124 13 0 40 0.3 43 0.3 55 0.4 63 0.7 83 0 91 0.4 97 0 
3242 28 0.5 91 0.3 
3616 35 0 39 0.3 41 0.9 48 0 83 0.7 86 0.9 91 0 
3659 94 0.6 
3745 63 0.6 82 0.7 
3796 10 1 11 0.6 16 0.9 20 0 81 0 
3907 1 0.7 33 0.9 36 0 39 0.3 55 0.7 81 0.3 
3945 1 0 11 0.6 26 0.8 43 0.9 58 0 71 0 74 0.4 82 0 90 0.5 
4070 0 1 10 0.3 29 0.3 30 0 51 0.6 72 0.9 81 0 84 0.8 98 0 
4193 41 0 62 0.9 99 0.5 
4477 0 1 4 1 37 1 56 0 65 0.3 66 0.9 87 0.9 89 0 91 0.3 97 0.6 
4508 46 0.7 
4570 0 0 5 0.7 21 0 56 0.9 60 0.8 69 0.7 72 0 84 0 97 0 
4617 39 0.7 
4716 2 0.7 44 0.6 52 0.6 55 0 78 0.9 95 1 
4905 85 0.5 
4906 10 0.4 36 0.3 60 0.3 72 0.5 75 0.7 77 1 94 0.8 96 0.7 
4980 18 0.5 40 0.9 73 0 80 0.5 85 0 90 0.4 
5095 60 0.3 63 0.5 69 0 86 0 95 0 
5134 5 0 10 0 14 0 31 0.7 49 0 63 0.4 74 0.5 83 0 88 1 94 0.7 
5324 14 1 40 0 
5384 2 0.9 
5473 9 0 39 0 80 0 90 0 
5507 4 0.9 9 0 37 0 41 0 53 0.8 69 0 78 0 79 0.5 94 0 
5560 14 0.4 17 1 30 0.5 34 0.6 78 0.6 80 0 
5644 6 0 14 0.9 32 0 35 0.8 41 0.7 44 0.7 
5781 8 0.3 19 0 36 0.7 40 0 47 0.5 62 0.5 64 1 66 0.6 82 0 
5978 43 0.5 48 0.4 61 1 62 0.7 79 0.6 89 0.8 
6027 3 0.6 6 0.8 47 0.3 52 0.3 99 0.8 
6181 14 0 22 0 45 0.3 55 0.5 72 0.7 78 0.8 
6414 20 0.9 36 0.8 39 0.7 45 0.4 55 0 79 0.9 82 0.9 85 0.4 88 0.6 
6459 15 0 22 0.3 48 0.9 51 0 53 1 55 0.3 64 0.8 81 0 
6490 25 0.4 52 0.3 
6766 15 0.7 60 0 89 0.9 
6769 5 0 15 0 26 0.8 29 0.4 38 0.5 51 0 53 0 57 0 81 0.7 
6804 6 0.8 10 0.9 33 0.7 36 0 40 0.3 47 0.8 52 0.3 54 0 74 0 
7008 63 0.6 85 0.8 
7019 11 1 14 0 16 0.6 26 0.3 38 0.7 50 0.3 54 0.8 57 0.3 69 0 
7097 51 0 69 0.5 87 0.9 99 0.5 
7210 16 0.8 29 0.4 65 1 
7281 4 0.5 32 0.4 40 0.7 82 0.7 94 0.5 
7294 42 0.3 63 0.8 88 0 
7580 18 0.6 
7688 64 0.8 
7823 4 0.8 23 0 28 0.7 31 0 35 0.9 
7900 11 0.8 24 0 61 0.7 63 0.4 68 0.4 78 0.4 79 0.7 83 0.7 85 1 
8079 8 0.5 11 0 27 0.4 55 0.9 62 0 83 0.4 94 0.7 
8088 14 0 28 0.8 77 0.5 
8444 5 0.9 6 0 14 0.3 44 0 61 0.3 66 0.7 78 0 89 0.7 
8550 7 1 17 0 23 0 36 0.9 55 0.8 60 0 73 0.9 74 0.3 92 0.4 
8645 64 0.8 
8856 1 0.4 4 0.6 21 0.5 23 0 25 0.6 56 0.3 62 0.3 67 0.8 68 0.8 84 0.4 
8981 9 0.3 29 0 
9008 16 0 52 0.4 97 0.5 
9018 2 0 15 0 19 1 35 0.6 41 0.7 52 0.4 55 0.6 86 0.8 96 0 
9100 49 0.4 50 0.3 51 0.9 97 0.7 
9182 31 0 42 0.7 53 0.8 59 1 67 0.9 68 0.5 85 0.3 99 0.7 
9450 16 0.7 30 0.9 67 0.3 
9456 2 1 12 0 44 1 63 0 
9485 30 0.3 
9510 2 0.4 22 0 35 0 43 0.8 54 0 65 0.3 68 0 82 0.3 85 0.7 93 0.7 
9600 33 0.4 37 0.9 46 0.9 50 0.4 55 0.3 60 0.7 62 0.3 
9742 10 0.8 19 0.9 32 0.5 50 0.7 68 0.3 72 0 89 0 
9947 29 1 33 0.8 68 0 87 0.9 
