100
134 11 0.5 18 0.3 57 0 66 0.3 70 0.3 96 0.6 
157 49 0 73 0.8 92 0.4 95 0 
175 5 0.5 7 0.3 33 0 38 0.4 44 0.9 45 0 79 0.9 88 0 97 0.5 
377 7 0.7 9 0.9 85 0.4 
600 1 0.7 22 0.9 43 0 56 0.8 
650 14 0.9 20 0 21 0 58 0.6 60 0 70 0 
724 63 1 69 0.7 87 0.7 
737 36 0 43 0.7 46 1 59 0.8 69 0.9 90 0 
886 1 0.8 4 0 44 0.3 45 0.6 49 1 67 0.9 83 0.8 96 0.5 
912 1 0.3 9 0.5 22 0 50 0.6 73 0.9 79 0 80 0.7 
1087 19 0.6 68 0.6 83 0.4 
1123 9 0.7 46 0.5 50 0.7 54 0.8 89 0.5 97 0.3 
1249 50 0 52 0.4 
1276 22 0.7 53 0.8 56 0.6 93 0.9 
1277 1 0 38 0 82 0.5 
1372 48 0.8 55 0 87 0 89 0 98 1 
1414 9 0 22 0.6 31 0.3 36 0.8 62 0.4 66 0 89 0 93 0 99 0 
1563 3 0.4 23 0 34 0 38 0.6 47 0.9 53 0.4 89 0.8 97 0.9 
1618 6 0.4 10 0.4 11 0.9 24 0.3 41 0.6 51 0.9 60 0.7 64 1 73 0 96 0.7 
1647 27 0.3 29 0 45 0.3 
1799 81 0.4 
1987 34 0.5 52 0 66 0.9 
1995 35 1 37 0 39 0.4 45 0 64 0 77 0.9 
2025 0 0.9 3 0 11 0.3 82 1 84 1 92 0.6 96 0.5 
2026 1 0.7 11 0.7 20 0.7 33 0 56 0.7 71 0 89 0.6 95 0.9 
2094 3 0.4 33 0.7 87 0.4 91 0.6 93 0.6 
2096 0 0.5 2 0.7 25 0.6 41 0.6 52 0.9 82 0 92 0.8 98 0 
2208 15 0.5 41 0 92 0.8 
2222 1 0 12 0.5 54 0.9 57 0.9 66 0.8 76 0.3 82 0.3 85 0 99 0 
2327 2 0.8 28 0.7 31 0.4 36 0.8 39 0.6 42 0.3 50 0.9 62 0.6 77 0.5 
2354 37 0.4 
2454 8 0.6 10 0.3 17 0.5 42 0 51 0 56 1 65 0.5 73 0 81 0.7 91 0.7 
2478 45 0 56 0.5 60 1 77 0.6 99 0.3 
2505 29 1 43 0.5 63 0 70 0 
2567 6 0.9 15 0.7 39 0 64 1 84 0.6 94 0.4 
2839 41 0 91 0.6 
2866 2 0 19 0.7 42 0.6 53 0.4 61 0.7 64 0.8 71 0.7 80 0.5 
2894 23 0 95 1 
2958 4 0.7 26 0.8 
3085 29 0.5 59 0 87 0.6 97 0 
3118 35 0.7 93 0.3 
3266 42 0 52 0 67 1 72 0 74 0.5 75 0 97 0.9 
3761 7 0.4 22 0.8 
3823 14 0.3 17 0.7 19 0.8 29 0.4 68 0 90 0 
4000 34 0.7 51 0 
4378 20 0.6 37 0 68 0.4 94 0.7 
4380 11 0 46 0.6 53 0 55 0.8 65 0 69 1 73 0.4 81 0 88 0.7 
4619 7 0 20 1 33 0 51 0.7 53 0.9 57 0 77 0.7 
4837 55 0.4 
4883 15 0.6 19 0.8 39 0.5 52 0 59 0.9 61 0 75 0.9 85 0.8 86 0 94 0.6 
4915 61 0.4 
5081 27 0.7 59 0.5 72 0.7 73 0.6 93 0.5 
5171 35 0.4 
5211 31 0.6 46 0.6 48 1 75 0.3 
5246 5 0.6 6 0 7 0.9 43 0.7 53 0.3 63 0.3 70 0 85 0 94 0.6 96 0.5 
5310 10 0.3 27 0 29 0.8 82 0 85 0.3 
5316 30 0 64 0 68 0.5 76 1 
5357 13 0 16 0.8 24 0.8 42 0.4 52 0.9 58 0.8 66 0.8 72 0.4 93 0 
5660 11 0.5 28 0 
5834 2 0.9 27 0 28 1 29 0.9 50 0.8 66 0 99 0.5 
5837 81 0 88 0 95 0.6 
5889 30 0.8 41 0.6 50 0 54 0 61 0 64 0.9 67 0.4 
5987 22 0.7 33 0.3 71 0.8 85 0.4 99 0 
5994 17 0.8 18 0.7 24 0.7 25 0.8 27 0.9 33 0.5 99 0.5 
6090 1 0.4 5 0.6 28 0 46 0.8 49 0.3 50 0.9 80 0.8 
6254 2 0.4 37 0.9 39 0.8 51 0.8 53 0.9 77 1 88 0.4 97 0 
6459 15 0 22 1 48 0.4 51 0.8 53 0.3 55 0.5 64 0.9 81 0.8 
6619 2 0.3 50 1 89 0.9 
6677 8 0.3 11 0.8 45 0.7 52 1 66 0 70 0 77 0 84 0 
6746 10 0.7 37 0.8 61 0.6 67 1 78 1 
6788 2 0.4 3 0.7 55 0 67 0.5 88 0.3 
7180 52 1 60 0 64 0 74 0 81 0.6 
7318 1 0.3 12 1 
7354 42 0.3 44 0.8 60 0.4 64 0 65 0.7 67 0.4 71 0.8 74 0.5 87 0.9 91 1 
7452 27 0 34 0.7 46 0 48 0.5 49 0.5 50 0.6 59 0 68 0.6 72 0.6 
7695 27 0 87 0 
7718 1 0.4 4 0 11 1 20 0.5 33 0 49 0.5 64 0.3 76 0.4 80 0.8 84 0.5 
7741 10 0 45 0.9 61 0.7 92 0.3 
7853 1 0.3 18 1 34 0.8 46 0.5 52 0.6 76 0.8 79 0.6 91 0 
7954 63 0.5 
7966 1 0.5 27 0.4 47 0 53 0.4 57 0.8 63 0.5 67 0 72 0.7 83 0.5 87 0.8 
8066 6 0.3 8 0 18 0.5 25 0.6 61 1 62 0 71 0.5 95 0.8 96 0.4 
8389 0 0.4 3 0.8 10 0 20 1 48 0.9 52 1 65 0.9 72 0.7 87 0.5 93 0.3 
8449 14 0.8 34 0.6 56 0.3 69 0.5 
8508 11 0.7 50 0.5 71 0.9 92 0.9 94 0.8 97 0 98 0.5 
8579 42 0.3 72 0 94 0.3 
8703 43 0 
8762 9 0.9 16 0.9 34 0.9 35 0 66 0.4 96 0 
8804 18 1 25 0.3 38 0.6 94 0.4 
8952 5 0.8 43 0.6 51 0 
8959 6 0.6 10 0.5 16 1 36 0.5 46 0 84 0.9 94 0 
9030 9 0 16 0.3 18 0.6 27 0.9 29 0.8 39 0 55 0.6 86 0 
9211 25 0 54 0.9 70 0.8 72 0.9 
9240 68 0 
9268 5 0.5 54 1 80 0.7 99 0.6 
9350 1 0.6 23 0.4 25 0.9 60 0.6 65 0.8 69 1 70 0 74 0.3 96 1 
9395 21 0 51 1 52 0.7 54 0.8 
9457 6 0 58 0.9 92 0.8 
9600 33 0.5 37 1 46 0.5 50 0.7 55 0.9 60 1 62 0.5 
9772 8 0 10 0 11 1 22 0.5 29 0.4 38 0.8 50 0.4 58 1 72 0.4 95 0.7 
