100
87 10 0 54 0 59 0 62 0.4 69 0 71 0.6 72 0.9 92 0.6 
155 85 0.7 95 0.9 
219 18 1 38 0.3 
246 4 0.6 13 0.4 24 0.7 29 0.3 31 0 55 0.4 59 0.6 66 0 
276 2 0.5 5 0.5 19 0.9 20 0 36 0 43 0.7 46 0.3 55 0 78 0.5 97 0.3 
474 6 0.7 40 0 
535 9 1 25 0.3 33 0 35 0.3 40 0.6 42 0.7 83 0.7 88 0 93 0.4 
595 39 0.4 60 0.3 83 0.8 
658 5 0.7 23 0 35 0.3 48 0.8 75 0.3 
777 20 1 27 0.3 48 0.4 52 0.6 58 0.5 69 0.9 72 0.6 75 0.3 98 0 
980 0 0.8 20 0.6 57 1 58 0 69 1 78 0.4 94 0.6 98 0.7 
1051 70 0.7 84 0.5 91 0.8 94 0.9 
1193 4 0.4 6 0.5 18 0.7 75 0.6 88 0.5 89 0.5 97 0.3 99 0.7 
1291 14 0.6 
1406 4 1 16 0 33 0 37 0.9 47 0 51 0.6 65 0.6 90 0.3 97 0 
1414 9 0.8 22 0.8 31 0.7 36 1 62 0.4 66 0.4 89 0 93 0 99 0.8 
1420 12 0 
1539 39 0.9 50 1 59 1 
1568 44 0.4 48 0.7 
1618 6 0 10 0 11 0.8 24 0.7 41 0.3 51 0.3 60 0.8 64 0 73 0.6 96 0.7 
1650 0 0 2 0 58 0.3 
1765 37 0.5 
1801 30 0.9 34 0 42 0.5 44 0.3 52 0.4 53 0.4 73 0.9 80 0.3 
1889 80 0.8 
1965 20 0.5 32 0.6 61 0.4 81 0 93 0 
2261 18 0.9 35 0.5 43 0 45 0 81 0.7 
2267 29 0.3 51 0.7 
2353 4 0 10 0.5 26 0.7 39 1 51 0 76 0.9 82 0.5 97 0.9 
2390 5 0.8 39 1 45 0.5 61 0 83 0.5 
2393 4 0.6 11 0.7 12 0.5 18 0.6 41 0 54 0 59 0.8 74 0.4 76 0.3 91 1 
2482 71 0.6 81 0.3 84 0.3 
2686 2 0.5 9 0 32 0 75 0.6 
2873 27 1 29 0.5 65 0 
2884 14 0.8 48 0.7 49 0.9 57 1 68 0.9 72 0 85 0.4 94 0.7 95 0.6 
2971 0 0.4 22 0.7 37 0.7 76 0.7 77 0.5 84 0 87 1 
3059 40 1 48 0.3 62 0 
3130 27 0.5 
3144 1 0.8 28 0.9 32 0 39 0.9 41 0.9 58 0 82 0.4 84 0 86 0 97 0.4 
3186 9 1 23 1 46 0.4 51 0 54 0 96 0.8 
3447 58 0.5 
3501 77 0 86 0.5 
3611 2 0.9 7 0.8 
3713 78 0.8 
3802 21 0.3 40 0.3 55 0.8 60 0 67 0.5 70 1 78 0.4 85 0.8 92 0.3 
3844 9 0 23 0 24 0.6 32 0.7 37 0.6 47 0 60 0 97 1 
4003 3 0.5 21 0.6 28 0 33 0 34 0.4 
4083 19 0.7 58 0 63 0.5 78 0.8 
4261 0 0.3 11 0.4 22 0.3 38 0.3 74 0.3 77 0 
4425 28 0.9 81 0.4 
4500 60 0.9 73 0 85 0.8 
4503 60 0.9 
4516 15 0 35 0.9 50 0 68 0.8 83 0 87 1 
4610 99 0.4 
4656 7 0.4 11 0.3 16 0 23 0.5 34 0.5 58 0.3 76 0.3 79 1 82 0 
4816 34 0.3 35 0.9 37 0 38 1 45 0.3 58 0 64 0.3 73 0 80 0.3 90 0 
4927 47 0.4 64 0 70 0.3 
4969 2 0 4 0 22 0 31 0.9 81 1 
5065 10 0.6 25 0.4 37 0.6 53 0 68 0.3 
5072 34 0.3 74 0.3 82 0.7 92 1 
5123 12 0.5 36 0.8 38 0.3 51 0 59 0.6 71 0 75 0.3 96 0.9 
5148 6 0.9 18 0.8 37 0 85 0.8 
5192 7 0.9 46 1 71 0.6 81 0.8 
5337 2 0.5 11 0.5 22 0.6 35 0.5 46 0 59 0.4 75 0 95 0.8 
5513 6 0.8 30 0.7 84 1 94 0.7 
5829 32 0 60 0.5 74 0.4 85 0.3 
5850 4 0 47 1 65 0.5 
5864 15 0.3 37 0.9 
5898 9 0 35 0.5 44 0.8 47 0.5 64 0 65 0 
6300 85 0 
6615 3 0.4 25 0.8 28 0.9 48 0.7 58 0.9 65 0.4 66 0 84 0 91 0.8 
6732 3 0 16 0.6 21 0.6 32 0.7 50 0.5 65 0 92 0.4 
6820 31 0 
6844 20 0.6 
6985 16 0 21 0.3 23 0.3 44 1 66 0 79 0.6 
7002 3 0.7 13 0.5 29 0.9 58 0.7 68 0.6 91 0.9 97 0.9 
7104 64 0.5 74 0.6 76 0.5 78 0.6 90 1 98 0.6 
7144 13 0.7 72 0.3 
7278 7 0.9 24 0.4 37 0 38 0.9 54 0.9 56 0.4 59 0.8 87 0.9 88 0.5 92 0.5 
7280 32 0.5 70 0.5 
7391 54 0.7 71 1 81 0 90 0 96 0.5 
7592 5 0.3 27 0 31 0.3 56 0.8 57 0.5 58 0 66 0.6 82 0 89 0.6 95 1 
7734 85 0.7 99 0.5 
7807 6 1 23 0.8 52 0.9 70 0.8 95 0 
7871 64 0.3 73 0 
8000 5 0.7 50 0.6 74 0.9 
8633 7 0.8 33 1 45 0.8 52 0.9 53 0.8 76 0.3 83 1 85 1 
8878 4 0.7 5 1 25 0.5 36 0 42 0.7 43 0.5 80 1 82 0.5 89 0.7 90 0.4 
8989 48 0.4 67 0.3 69 0.8 88 0.9 89 0.7 
9049 11 0.8 40 0 50 0.7 63 0.7 67 0.4 70 0.4 93 0.7 
9074 56 0.9 67 0 
9279 32 0.8 58 0.8 
9318 92 1 
9339 62 0.4 
9377 1 0 4 0.8 5 0.6 48 0 51 0.5 56 0.4 61 0.7 91 0.9 
9526 17 0.8 29 0 31 0.8 83 1 87 0 95 0.4 98 0.4 
9620 10 0 57 0 63 1 67 0.5 
9739 26 0.5 32 0.9 50 0.8 51 0 56 0 57 0.6 61 0.8 86 0 87 0.4 93 0 
9812 80 0.8 
9868 27 0 33 0 49 0 51 0.9 73 0.6 82 0.8 87 0 98 0.8 
9963 26 0.9 76 0.3 88 0 
