100
16 16 1 23 0.4 34 0.6 66 0.4 76 0.5 91 0 92 0.8 
43 6 0 20 0.5 26 0 35 0.5 41 0.3 53 0.9 77 0.8 84 0.6 86 0 
160 22 0 33 0.9 40 0.4 43 0.8 98 0.8 
211 4 0.4 11 0 14 0.5 23 0.8 27 0.5 30 0.5 37 0.7 88 0 97 1 
240 15 0.5 23 0.3 39 0.7 60 0.9 77 0.7 87 0 90 0.4 
525 9 0.8 21 0.7 37 0.9 71 0.7 73 0.9 89 0.9 95 0.9 96 0 
642 2 0 3 0.8 28 0.4 37 0.6 41 0 54 0.5 
698 2 0.4 5 0.9 29 0.5 38 0.8 90 0 
740 15 0 
840 44 0.7 49 0.4 
1050 4 0 9 0.9 20 0 52 0.5 54 0.5 85 0.8 
1316 4 1 9 0.5 34 0 37 0.8 47 0 56 0.4 63 0 68 1 71 1 85 0 
1442 0 0.7 3 0 19 0 25 0.4 27 0 28 0 39 0.5 52 0.8 74 0.6 
1493 9 0.3 11 0.6 16 0.3 28 0.6 40 1 81 0.6 86 0.6 
1609 1 0 12 0.6 19 0.8 29 0.6 51 0.5 53 0.4 59 0.8 77 0 81 0.9 99 0.8 
1642 28 0 36 0.8 66 0.8 75 0 91 0.4 93 0.3 
1656 2 0.4 4 0 11 0 39 0 67 0 
1658 45 0.5 58 0.3 74 0 85 1 90 0.4 95 0 99 0 
1774 50 0.6 
1845 20 0 42 0 72 0 89 0.4 
1849 1 0.4 7 0.5 21 0.9 34 0 35 0.6 57 1 71 0.6 72 0.8 74 0.3 82 0.7 
1879 34 0.8 
2108 0 0 29 0.3 42 0.3 46 0.6 85 0.4 
2279 20 0.3 24 0 56 0.6 65 0.4 91 0.3 
2360 2 0.8 7 0.6 18 0.8 52 1 71 0.3 74 0.4 85 1 94 0.8 
2364 4 0.8 8 0.3 42 0.3 44 0.3 55 0 71 0.6 74 0 79 0 87 0.5 89 0.7 
2432 1 0.6 19 0.4 21 0.6 24 0 41 0.9 44 0.4 47 1 49 0.7 76 0.9 98 0.5 
2447 6 0.4 13 0.8 26 1 27 0.6 38 0.4 47 0 64 1 
2537 2 0.3 3 0.4 4 0 15 0.5 21 1 24 0.9 57 1 67 0.8 71 0.8 
2571 23 0 25 0.7 33 1 45 0 54 0.7 65 0 66 0.4 75 0 88 0.3 
2596 0 1 6 0.7 9 0.6 14 0.3 18 1 34 0.9 40 0.6 65 0.8 70 0 72 0 
2806 41 0.7 42 0 51 0 69 0.7 82 1 
2810 0 0 12 0 29 0.6 38 0 59 0.4 66 0 76 0.6 85 0 88 0.8 94 0.4 
2871 49 0 60 1 63 0 72 0 77 0.7 81 0.7 
3032 2 0 6 0.8 15 0.4 23 0.8 33 0 45 0.9 73 0.9 
3064 90 0.5 
3087 20 1 24 1 41 0.4 61 0 77 0.4 
3094 0 0 4 0 6 0.8 20 0.6 30 1 34 0.8 42 1 66 0.5 83 0.6 98 0.5 
3399 21 0.5 29 1 38 0.5 
3527 18 0.9 
3671 5 0.3 11 0.9 18 0.3 47 0.4 57 1 66 0.7 86 0.6 96 0.9 
3698 20 0.5 26 0 61 0 86 0.3 87 0.5 94 0.6 
3999 17 0.4 19 0 27 0.5 48 0.8 49 0.6 96 1 
4065 61 0.4 71 0.3 
4069 1 0 18 1 24 0.3 32 1 52 0.4 82 0.6 92 0.4 94 0 95 0.3 98 0.3 
4170 14 0 15 0 27 0.4 58 0 
4252 17 0.5 26 0.6 28 1 38 0.4 39 0.9 42 0.9 79 0.8 
4661 0 0.8 4 0.7 16 0 24 0 41 0.8 75 0.8 78 0 83 0 
4667 31 0 67 0.4 87 0.8 97 0 99 0.9 
4845 8 0.5 33 0.8 35 0.6 59 0 87 0.7 
4913 16 0.7 37 0.6 43 0 52 1 56 0.8 70 0 75 0.5 
5124 38 0.5 88 0 
5155 51 0.8 57 0.7 81 1 
5212 3 0.7 13 0.3 29 0.9 62 1 69 0.7 74 0.8 79 0 82 0 89 0 91 0.8 
5360 4 0.7 15 0.9 23 0.4 28 0.6 31 0 40 0.5 48 0 60 0.8 71 1 99 0 
5424 33 0.9 87 0.4 96 0.6 
5528 8 0.5 16 0.6 22 0.5 33 0.9 39 0 70 0.7 93 0.4 99 0 
5547 9 0.3 30 1 71 0 79 0 
5688 3 0.8 8 0.4 26 0 31 0.5 38 0.8 47 0 59 1 74 0.9 87 0.5 
5890 3 0.4 14 0.4 
5906 36 0 46 0 65 0.5 73 0.8 86 0.7 
5936 70 1 96 0.5 
5983 28 0.6 53 0 54 0 59 1 60 1 
6079 37 1 40 0.9 41 0 82 0 94 1 97 0.5 98 0.5 
6373 45 0.5 55 0.9 86 0.5 91 0.3 
6437 1 0.8 2 0 10 0.4 32 0.5 34 0.6 43 0.7 52 0 63 0.6 86 0.6 92 0.7 
6445 70 0.9 
6674 8 0 15 0.7 18 0.6 22 0.6 26 0.6 31 0 62 0.5 81 0.3 92 0.7 
6778 2 0 3 0.6 15 0 17 0 28 0.9 34 0.7 48 0.5 65 0.4 70 0.7 95 0.6 
6883 3 0 65 0 
6972 5 0 48 0.8 72 0.9 79 0 
7020 8 0 13 0.8 23 0.8 47 0 53 0 58 0 64 0 
7049 19 0.4 33 0.9 54 0 62 0.5 74 0.9 88 0.7 
7211 23 0 51 0 
7393 36 0.7 64 0.9 65 0.6 96 0.5 
7544 4 0.6 
7581 5 0.6 40 0.5 57 0 
7592 5 0.4 27 1 31 0.5 56 0 57 0.5 58 0 66 0.4 82 0 89 0 95 0.4 
7626 1 0 6 0.5 58 0.7 59 0.4 69 0.6 
7752 34 0.5 81 0.8 95 0.3 
7768 5 0.6 12 0.6 14 0.9 30 0.3 33 0 35 1 48 0.4 63 0.5 79 0 91 0.4 
8028 2 0.8 15 0.8 59 0 66 1 83 0 84 0.6 87 0.5 
8091 2 0 14 1 24 0 39 0 51 0 57 0.4 59 0.8 73 0.6 74 0 
8272 8 0.8 40 0.7 56 0.7 58 0 60 0.3 78 0.7 88 1 
8397 5 1 24 0 26 0.6 32 0 42 0.6 47 0.7 61 0.9 88 0.8 
8455 89 0.5 
8501 4 0.8 5 0 13 0.4 32 0.5 35 0.7 62 0.6 70 0 
8571 6 0.3 14 0.8 15 0.7 16 0 32 1 79 0.3 99 0.8 
8596 8 0.5 43 0 
8669 24 0.8 
8705 19 0.3 26 0.4 32 0.8 96 0.6 98 0.5 
8809 20 0 25 0.8 31 0.4 33 0.5 56 0 70 1 74 0.4 75 0 90 0 94 0 
8852 75 0.4 
9046 11 0.8 14 1 32 0.4 
9118 12 0.9 22 0 42 0.4 46 0.4 76 0 
9162 1 0.3 9 0.5 17 0.7 22 0.9 64 0 70 1 
9297 14 0.7 24 1 26 0.4 31 0.9 52 0 72 1 80 0.6 89 0.4 99 0.4 
9465 26 0.3 32 0.4 34 0.6 44 0.7 50 0 59 0 
9473 46 0.3 49 0.5 52 0.3 72 0.6 90 0.3 
9991 9 0.6 12 0.4 13 0.7 34 0.8 57 0 69 0 74 0.4 89 0 94 0.6 
