100
10 29 0.6 85 0.4 
41 8 0.4 35 0 40 0.9 41 0.6 42 0.6 77 0.3 92 0.8 
230 6 0 19 0.9 49 0.6 53 0.9 76 0 78 1 80 1 92 1 93 0 94 0.6 
381 16 0.7 26 0 45 1 79 0.5 83 1 86 0.8 91 0.8 96 0 
482 62 1 
506 0 0.9 10 0.8 18 0 39 0.9 64 0 81 0 90 0.9 
582 20 0 28 0.3 31 0.3 49 0.3 66 0.6 67 0.3 69 0 75 0.4 88 1 97 0.5 
728 7 0 42 0.9 
781 9 0 61 0 63 0.9 77 0 81 0 86 0 89 0.7 96 0.4 99 0 
792 99 0.7 
873 26 0.7 49 0.9 50 0 51 0 67 0.4 74 1 86 0.4 
913 16 0.4 18 1 23 0.4 31 0.7 54 0 
943 11 1 16 0 24 1 49 0 51 0.8 88 0.7 
988 16 0 21 0.5 48 0.9 54 1 74 0.9 84 0.3 
1044 89 0.9 
1097 16 0.6 43 0.3 70 0 73 0.3 95 0.5 
1117 18 0.9 
1195 3 0 5 0 25 0 26 0.9 29 0 39 0.9 74 0.9 78 0.3 86 0.9 90 0 
1211 18 0.5 27 0 28 0 36 0.5 68 0.4 71 0 88 0.5 
1221 7 0.5 15 0 54 0.8 59 0.6 69 0.4 72 0 77 0.4 98 0.6 
1338 18 0.7 55 0.8 
1343 33 0.3 50 0.7 84 0.6 99 0.4 
1359 20 0 21 0.9 39 0.6 48 0 49 0 59 0 64 0.3 74 0 
1425 29 0 34 0.3 39 0.4 49 0.3 51 0.3 55 0.9 68 1 70 0 77 0 
1656 2 0 4 0.5 11 0.3 39 0 67 0.7 
1781 5 0.5 7 0.7 12 0.3 14 0 57 0.4 71 0.8 
1825 88 0 
1848 10 0.9 13 1 31 0 42 0 45 0 54 0.8 55 0 76 0.4 96 0 
1890 29 0 42 0.3 47 1 98 0.4 
1918 28 0.3 53 0 54 0.9 79 0.3 97 0.9 
1940 6 0 17 0 40 0.7 63 0.7 90 0.3 98 0.7 
2016 7 0.9 36 0.9 37 0.3 65 0.5 84 0.4 86 1 94 0.6 96 0.8 97 0.4 
2039 4 0.9 11 0 28 0.5 29 0.5 59 0.6 62 0 71 0.4 73 0.6 
2133 3 0 20 0 46 0.3 50 0 53 0 66 1 76 0.6 78 0.8 90 0.7 
2214 1 0.3 13 0.3 42 0.7 67 0.5 68 0 72 0.9 88 0.9 
2303 0 0 1 0 6 0.9 9 0.5 28 1 68 0 88 1 
2332 66 0.8 85 0.9 
2366 2 0 8 0.7 10 0 14 0.3 15 0.3 18 0.7 20 0.6 21 1 52 0.7 61 0.4 
2380 0 0 9 1 21 0.4 34 0.9 53 0.7 68 0 85 0.3 89 0 90 0 
2382 10 0.3 32 0.7 35 1 46 0.4 49 0.5 56 0 73 0 82 0 99 0.8 
2663 8 0.9 26 0.3 36 1 60 1 
2724 1 1 14 0.5 23 0.6 39 0.3 62 0 75 1 94 0.9 
2775 2 0.8 21 0.5 22 0.5 32 0.6 40 0.4 50 0 64 0.5 75 0.4 91 0.4 
2848 1 0.6 42 0 46 0.9 56 0 59 0.7 82 0.4 
2962 3 0 16 0.8 33 0.4 55 1 
3066 27 0.5 60 0.5 
3183 8 0.7 14 0 21 0.3 40 0.3 43 0 51 0.4 71 0 92 0 
3398 26 0.9 39 0.8 
3564 12 0.9 21 0 73 0.5 
3708 35 0.7 69 0.5 
3790 5 1 12 0.7 20 0.9 35 0.8 53 0.6 86 0 97 1 
3811 17 0.9 61 0.6 67 0.8 87 0.4 
3980 4 0 21 0.9 28 0.6 36 1 40 0.7 49 0.9 52 0.9 67 0.8 87 0 
4004 38 0 
4127 22 0.5 43 0 47 0.5 51 0.7 61 0 68 0.7 71 0 
4184 10 0 
4245 15 1 17 0.4 27 0.3 30 0.6 31 0.4 41 0.7 43 0 65 0.3 68 0.7 80 0 
4255 47 0 60 0.3 
4279 1 0 33 0.3 42 0 76 0.9 91 0.3 
4441 7 1 10 0 16 0.4 30 0.8 41 0.4 42 0 49 1 78 1 86 0 90 1 
4629 3 0 18 0 40 0.9 53 0.8 63 0.8 70 0 71 0.5 98 0 
5187 29 0.4 86 0.4 93 0 
5234 55 0.8 73 0 77 0.8 86 0.3 
5366 63 0 65 0 82 0.4 
5405 0 0 18 0.4 61 0.3 66 0 73 0.5 77 0.9 82 0.4 
5859 18 0 37 0 49 0.3 69 0.8 
5912 50 0.9 53 1 67 0.9 
6167 18 0.4 29 0.4 47 0.3 51 0.4 73 0 79 0 
6189 6 0 21 0.3 28 0.7 37 0.7 81 0 90 0 
6280 25 0.8 
6346 2 0.4 6 0.9 8 0 39 0.4 51 0.3 54 0.5 88 1 95 0.4 
6403 24 0 26 0.4 29 0.8 32 0.6 76 0.3 
6458 33 0.6 58 0 85 0.5 90 0 
6468 19 0.9 29 0.5 51 0.4 54 0.4 59 0 71 1 79 1 
6659 2 0 27 0.8 56 0.4 61 0 71 0 79 0.6 81 0 82 0.5 94 0 95 0 
7538 38 0.3 53 0.4 54 0 67 0 68 0.9 70 0 83 0.7 85 1 90 1 
7736 2 0.8 83 1 91 0.5 97 0.9 
7750 49 0.3 
7908 4 1 29 0.6 50 0 62 0.5 64 0.5 65 0.7 69 0.4 76 1 80 0.6 92 0 
8124 10 0 59 0.3 80 0.5 
8127 9 0.3 25 0 27 0.7 37 0.8 62 0.9 65 0 66 0.5 78 0.3 87 0.5 
8253 12 0.8 17 0.8 40 0.6 41 0.9 42 0.3 44 0.4 59 0.5 80 0 92 0.5 94 0.6 
8332 22 0.5 35 0.3 
8358 5 0.5 32 1 64 0 80 0.5 
8419 4 0 19 0.7 28 0.5 34 0 45 0.9 60 0 
8425 21 0.3 26 0.4 69 0.3 76 0.9 85 0.4 
8614 2 0 7 0.4 22 0.8 27 0.7 41 0.4 45 0.9 71 0 87 1 90 0.5 99 0 
8678 28 0.4 
9044 4 0.6 7 0.7 13 0.9 22 1 48 0.9 96 0.5 
9104 5 0 14 0.6 32 0 48 0 90 0 
9119 52 0 96 0 
9279 32 0 58 0.6 
9465 26 0.3 32 0.9 34 0.4 44 0.5 50 0.6 59 0.4 
9516 5 0.4 6 0.6 10 1 22 0.7 47 0 52 0.9 70 0.7 74 1 86 0.5 88 0 
9580 4 0.6 27 0.5 54 0.9 
9644 25 0 29 0.5 56 0.9 72 0.6 88 0.7 
9666 60 0 88 0 
9760 15 0 19 0.8 30 1 45 1 53 0.9 55 0 70 0.8 84 0.5 94 0.4 97 0.6 
9807 63 0 98 0.7 
9960 10 0 11 0.6 24 0.6 26 0.7 46 0.8 49 0 51 0 60 0.8 67 0 
