100
291 32 0.3 38 0.5 40 0.9 90 1 
292 23 0 35 0.8 49 0.4 60 0.9 70 0.3 80 0.5 96 0 99 0.6 
356 61 0.3 
373 78 0.7 90 0.9 
533 75 0.4 96 0.3 
603 1 1 96 1 
623 38 0 61 0 65 0.6 70 0.5 86 0.4 96 0.8 97 0 
686 2 0 15 0.4 27 0.9 31 0.7 35 0.7 71 0.6 78 0.5 
1139 6 0.7 23 0.3 36 0.8 87 0 88 0 
1241 14 0.4 49 0.4 
1285 5 0 20 0 37 0 41 0 63 0.3 71 1 
1423 2 0.9 5 0.6 22 0 38 0 76 1 84 0.7 
1507 1 0.8 8 0.8 12 0 17 0.3 25 0.5 49 0.7 
1813 19 0.8 26 0.4 51 0.6 
2145 20 0.8 41 0 49 0.7 73 0.8 81 0.3 
2190 0 0.5 11 0.9 28 0 37 0.5 69 0 79 0 80 0.5 
2211 15 0.7 94 1 
2244 9 0.3 29 0.3 40 0.5 68 0.8 76 1 91 0.8 92 0 
2258 22 0 35 0.3 57 0 60 0 62 0.5 88 0.9 89 1 
2350 8 0.3 42 0 68 1 93 0.7 
2727 15 0.8 23 0 44 0.8 49 0.4 51 0.3 55 0.5 71 0.9 72 0.6 79 0.4 
2848 1 0 42 0.8 46 0.4 56 0 59 0 82 0 
2949 90 1 94 0.7 96 0.9 
2992 5 0.5 15 0 28 0.7 34 0.5 39 0.4 
3035 14 0 18 0 36 0.9 38 0.3 78 0.4 83 0.5 84 0 
3054 36 0 50 0.5 52 0.5 63 0 98 0.5 
3322 6 0.3 19 0.6 25 0.3 29 0.4 61 0 74 0.5 81 0.6 89 0.6 95 0.6 99 0.3 
3510 25 0.9 29 0 41 0 98 0.8 
3555 14 0.7 20 0.5 24 0.4 27 0.9 39 0 53 0 66 0.6 68 1 89 0 91 0.5 
3677 4 0.6 
3863 25 0 45 1 
4130 7 0.8 18 0 20 1 23 0 27 0.5 29 1 38 0 74 0.8 95 0.9 
4180 32 0 37 0.8 44 0.8 66 0.7 67 0.7 69 0.4 77 1 81 0.6 91 0.6 95 0.4 
4256 16 1 35 0.3 44 0.9 
4263 11 1 21 0.5 56 0.8 62 0.8 
4325 56 0 57 0 61 0.6 76 1 
4530 85 0 
4571 24 1 28 1 37 0.7 43 0.3 44 0.5 55 0.6 65 0 81 0.9 91 0.6 
4575 10 0 21 0.7 29 0.3 41 0.5 65 0 85 0 
4591 7 0 12 0 31 0.7 62 0.9 71 0.5 75 1 82 0.9 92 0.9 
4608 2 0.4 8 0.5 17 0.6 37 0 38 0.3 53 0.5 65 0.5 74 0.4 83 0 95 0.4 
4671 13 0.8 32 0.6 42 0 48 0 58 0.3 66 0.9 
4718 11 0 15 0.3 55 0.9 64 0.7 74 0.8 86 0.7 93 0.7 98 0 
4787 5 0.6 26 0.9 43 0.5 71 0.4 94 0 99 0.3 
4882 0 0.5 38 0.8 48 0.7 54 0 57 0.9 76 0.8 89 0.9 93 0.8 96 0.3 
4945 34 0.9 49 0 52 0 57 1 64 0.5 90 0 93 0.4 99 0 
4968 70 0 77 0.6 86 0 
5042 1 0.3 21 1 29 0.4 80 0 97 0.5 
5139 2 0 16 0 85 0.8 94 0.4 99 0 
5195 54 0.4 93 0.8 98 1 
5335 10 0.3 31 0 34 0 39 0.6 61 0 82 0.4 99 0.3 
5342 14 0.9 22 1 31 0 44 0.4 53 0.7 57 0.5 58 0 61 0.6 66 0.9 83 0.8 
5658 96 0.9 
5756 15 0.4 29 0.4 56 0.6 
5848 2 0 21 0 38 0.4 46 0.5 51 0.6 62 0 76 0.4 81 1 85 0 90 0.7 
5859 18 0.5 37 1 49 0.4 69 0.6 
5876 7 1 12 0.9 14 0 51 0.3 62 0 84 0.9 95 0 
6053 29 0.6 37 0.6 42 0.9 60 0 87 0 90 0.8 91 0.3 92 0 
6086 14 0 35 0.8 40 0.7 60 0.4 
6170 4 0.5 13 0.4 27 0 29 0.3 30 0 35 0.8 43 0.6 59 0.7 61 0.5 
6346 2 0 6 0.4 8 0 39 0.3 51 1 54 0.4 88 1 95 0.9 
6564 7 0 23 0.9 87 0 
6657 22 0.3 86 0.7 
6790 4 0.7 12 0.6 25 0.6 59 0.6 74 0.7 87 0.4 91 0 99 0.4 
6849 69 0.7 90 0.9 
6873 7 0.9 
7182 28 0 36 1 38 0.7 59 0.6 
7295 13 0 15 0 38 0 49 0 71 0.7 72 0.5 74 0.9 87 1 96 0 99 0.4 
7328 4 0.4 27 0.8 28 0.3 33 1 47 0.4 62 0 65 0.5 87 0 96 0 
7397 90 0 
7532 19 0.6 37 0.5 39 0.3 66 0 67 1 73 0.7 75 0.3 81 0.7 
7609 24 0.6 26 0.5 45 0.7 55 0.4 74 0.3 77 0.8 
7610 6 1 12 0 14 0 51 0 80 0.4 81 0.4 
7614 90 0.8 
7640 48 0.3 72 1 90 0.8 
7902 10 0.9 17 0.5 33 0.8 47 1 62 0 77 0.9 87 0.3 91 0.4 
8037 6 0.3 24 0 30 0 42 0 45 0.5 52 0 71 0.6 
8086 3 0.6 5 0.7 14 0 48 0.9 52 0 82 0.6 83 0.6 95 0 99 1 
8381 63 0.7 
8396 48 0.4 88 0.4 
8548 18 0 20 0.5 22 1 38 0.4 43 0.4 59 0.4 66 0.9 80 0.9 90 0 92 0 
8606 13 0 15 0.4 17 0 36 0 58 0 59 0 74 0.9 80 0.5 94 0.8 96 0 
8674 3 0.7 4 0 55 0 65 0.9 90 0.6 
8710 0 0.3 36 1 53 0.3 84 0.4 
8728 7 1 99 0.3 
8776 38 0.8 55 0.4 64 1 66 0 
8806 99 1 
8854 5 0.3 45 0.7 60 0.6 75 0.9 83 0.6 94 0.5 
8961 2 1 43 0.3 61 0 69 0.3 77 0 83 0.3 91 0 99 0.8 
9022 4 0 15 0.7 32 0 54 0.3 96 0.3 
9053 23 0.8 28 0.8 44 0.3 58 0.3 67 0.5 68 1 77 0.9 89 0 90 0 
9056 33 0.4 93 0.3 
9060 3 1 22 0.7 41 0.3 45 0.5 46 0.3 61 0.9 74 0.9 76 0.4 88 0.6 
9144 2 0.7 7 0 42 0.4 48 0.7 74 0.8 84 0.5 91 0.9 96 0.9 
9145 33 0 38 0.8 86 0.3 
9310 8 0 10 0 15 0 29 0.7 58 1 59 0.6 75 0 90 0 
9348 5 0.9 16 0.9 17 0.3 22 0 26 0 45 0 75 0 84 0.5 
9401 2 0.6 34 0.4 36 0.9 37 0 41 0 90 0 
9505 99 0.8 
9860 19 0.5 90 0.9 
