100
73 28 0 84 0.3 
106 4 0.7 6 0.9 10 0.5 19 0.6 32 0.6 35 0.4 56 0.9 65 0.3 69 0 71 0.7 
166 20 1 40 1 44 0 49 0.7 50 0 66 0.4 80 0.4 82 0 84 1 93 1 
333 9 0.9 12 0 91 0 
460 26 0 35 0 53 0.3 67 0.6 70 0 93 0.4 98 0 
516 6 0.9 13 0 25 0.9 61 0.9 66 0.5 77 0.4 
542 9 0.7 18 0 33 0 36 0 39 0 47 0.8 65 0.9 71 0.9 75 0 91 0.9 
728 7 0.7 42 0 
740 15 0.9 
765 7 0.6 45 0.6 47 0 51 0.6 64 0.4 70 0.5 95 0 
774 29 0.7 38 0.3 54 0 92 0 
820 15 0 50 0.4 55 0 95 0.5 
855 39 0.5 56 0.6 70 0.5 79 0.4 81 0 
946 23 0 32 0.8 35 0.9 40 0.5 61 0.4 65 0.7 75 0.8 88 0.3 89 0.7 
975 1 1 
992 3 0.6 12 0.3 44 0.3 56 0.4 63 0.6 73 0.5 75 0.8 90 0.8 97 0.6 98 0.4 
1220 53 0.7 
1321 5 0 11 0.5 18 0.9 34 0.6 42 0.4 54 0.3 60 0.8 67 0.7 69 1 79 0 
1571 32 0.4 
1572 10 0.5 41 0.8 61 0.4 63 0.9 64 0 
1679 0 0.6 10 0.3 27 0.5 45 0.3 57 0 59 0.9 83 0.6 
1875 0 0.5 7 0 19 0.3 35 0.7 36 0.3 50 0.8 51 0.7 69 0.8 81 0.5 85 0 
1925 21 0 40 0.6 42 0.4 67 0.3 73 0.3 
2042 20 0.3 27 0.6 30 0.7 47 0.7 77 0.3 78 0.6 94 0.6 
2148 13 0 31 0.3 36 0 66 0.4 
2168 6 0 15 0.3 32 0 52 0.5 65 0.9 
2183 2 0.6 10 0.5 15 0.9 25 0 32 0.7 47 0 55 0.9 58 0 63 0 74 0.6 
2295 2 0.8 15 0.5 56 0 89 0.6 
2306 10 1 17 0.8 28 0 42 1 52 0 58 0 70 0.3 81 0.3 
2322 10 0.9 15 0 25 0.6 64 0.5 90 0 96 0.9 
2324 13 0 27 0 30 0.3 62 0.5 81 0.7 
2367 8 0.5 13 0.7 25 0.4 39 0.4 43 0 49 0 62 0.7 68 0.5 74 0 94 0 
2467 48 0.7 
2497 7 0 8 0.8 20 0 21 0.7 25 0 28 0 49 0.6 71 1 94 0.9 98 0.6 
2502 54 0.4 56 0.4 57 0 62 0.5 78 0 
2602 80 0.6 
2616 23 0.5 66 0 75 0 81 0 94 0.3 
2625 32 0.8 
2654 6 0.9 8 0.7 17 0 36 0 59 0 65 0.3 76 0 85 0 88 0.8 93 0.7 
2677 9 0 12 0.5 15 0.6 31 0 32 0.3 51 0.4 57 0.7 59 0.8 61 0.9 66 0.4 
2992 5 0.3 15 0.6 28 0.8 34 0.4 39 0.5 
3600 43 0.8 44 0 45 0.7 52 0.4 58 1 62 0 84 0.4 87 0 97 0.7 
3619 0 0.4 19 0.5 22 1 27 0.3 66 0.6 75 0 77 0.3 78 0 95 0.3 97 0.3 
3627 2 0.6 22 0 33 0.7 39 0 41 0.7 52 0 63 0.8 66 0.7 80 0 84 0.8 
3842 4 0.5 18 0.3 26 0.3 
3881 0 0.9 5 0.6 30 0.6 43 0.8 64 0.7 76 0.7 97 0.5 98 0.7 
3941 1 0 
3945 1 0 11 0.8 26 0.5 43 1 58 0 71 0.3 74 0.4 82 0.6 90 0.9 
4075 12 0.8 87 0 89 0.5 
4117 23 0 54 0 57 0.7 82 0.5 
4448 16 1 80 0.4 85 0.3 90 0.5 94 0.4 
4675 27 0.4 
4708 33 0.5 45 0.4 71 0 83 0.8 93 0 
5039 15 0 16 0.4 17 0 26 0.3 38 0.7 47 0.9 56 0 67 0 85 1 96 0.6 
5208 6 0.6 19 0.5 22 0.9 50 0.7 54 0.4 61 1 69 0.9 73 0.5 
5210 18 0.4 47 0.9 49 1 89 0.6 
5211 31 0 46 0.9 48 1 75 0.6 
5263 1 0.4 70 0 91 0.6 98 0.9 
5288 1 0.4 2 0.8 4 0.3 14 0.9 27 0.5 28 0.8 29 0 45 0 72 0 
5444 13 0.7 35 0.3 41 0.9 47 0.4 66 0.8 82 0.8 
5486 13 1 20 0.6 41 1 71 1 92 0.8 
5505 48 0 52 0.7 61 0.9 70 1 73 0 94 1 
5524 16 1 21 0.9 22 1 23 0 29 0.5 38 1 47 0.3 57 0 83 0.6 90 0.9 
5743 7 0.6 38 0.8 44 0.4 54 0.7 56 0.6 70 0.8 78 0.9 
6286 5 0 76 0.9 93 0.8 95 0 96 0.9 
6339 2 0.9 31 0.7 55 0 65 0.3 70 1 77 0.5 81 0 86 0.5 95 1 
6422 12 0 
6667 10 0.4 17 0.9 31 0.4 34 0 40 0.5 43 0 48 0.5 59 0 61 0.6 96 0.8 
6789 23 0.4 51 0.9 92 0.3 
6974 20 0 24 0.6 25 0.7 29 0 51 0.3 64 0.6 66 1 94 0.7 
7133 1 0.3 34 0.5 41 0.8 51 0.6 82 0.8 
7194 18 1 20 0.8 24 0.4 48 0.4 50 0.3 55 0.7 58 0.8 78 0 97 0.3 99 1 
7324 10 0 12 0 16 0.9 29 0.5 40 0.8 46 0 48 0.8 80 0 
7433 13 0.8 51 1 62 0.7 77 1 88 0.5 94 0.5 
7499 28 0.4 
7821 11 0.9 13 0.9 27 0.6 34 1 35 0.8 45 0 50 0 54 0 86 0.3 
7824 0 0 26 1 51 0 72 0 
8037 6 1 24 0.9 30 0 42 0 45 0.3 52 0.4 71 0 
8148 11 0.9 13 0.3 27 0.8 33 0.9 39 0 45 0 46 0 49 0.6 66 0 74 0.9 
8302 15 0.3 
8499 9 0.8 10 0 22 0 48 1 49 0.6 53 0.5 72 0 97 0.8 
8566 30 0.9 
8578 3 0.6 8 0.3 10 0.9 15 0.9 46 0.4 48 1 61 0.5 63 0.3 75 0 76 0 
8678 28 0.6 
8686 3 0 23 0 28 0 33 1 40 0.5 53 0 57 0.6 82 0.3 
8755 0 0 4 0.7 28 0.9 29 0.4 66 0.6 
8928 14 0.8 
8935 42 0.9 43 0.3 44 0.6 62 0.7 91 0 93 0.5 
8955 38 0.3 40 0.7 57 0.8 59 0 91 0.4 
9063 2 0.9 3 0 40 0.9 51 0 63 1 67 0.4 81 0.7 
9065 75 0.9 
9206 3 0 30 0.8 
9451 31 0.6 33 0.5 43 0.4 56 0 68 0.9 69 0.7 
9464 8 0.8 58 0 
9522 61 0.4 71 0 79 0.4 94 0 
9696 4 0.8 15 0.4 29 0.4 31 1 39 0 52 0.6 61 0.3 78 0.4 85 0 
9894 0 0.4 6 0.6 25 0.3 30 1 32 0 39 0.6 52 0 55 0 58 0.9 95 0.9 
9902 0 0.7 1 0.4 12 0.8 19 0.7 29 0.4 71 0 79 0 
9912 3 0 11 0.8 38 0.4 46 0.6 67 0 78 0 84 1 88 0 98 0.5 
9966 42 0.3 46 0 48 0.7 65 0.5 72 1 88 0.6 89 0.3 94 0 
