100
68 60 1 86 0.3 95 0.6 
254 38 0.9 49 1 54 0.6 63 0 65 0.3 99 0 
421 18 0 23 0.9 42 0.4 43 0.8 46 0.4 57 0.8 61 0.5 77 0 
459 14 0 17 0.7 21 0 37 1 61 0.3 65 0 69 0 70 0.4 80 0 
551 5 0 7 0.4 11 1 15 0.7 24 0.6 26 1 29 0.7 55 0.3 64 0 76 0 
588 84 0 
633 29 0.3 86 0 
642 2 0.7 3 1 28 0 37 0.9 41 0.8 54 0.7 
657 24 0.7 68 0.7 76 1 
668 8 0 33 0.9 47 0 55 0.3 79 0.3 89 0.7 
862 0 0 8 1 21 0 22 0.5 27 0.6 29 0 42 0.8 46 0 72 0.3 89 0.5 
1002 29 0 48 0.5 54 0 63 0.7 93 0.3 
1037 10 0.6 16 1 17 0 41 0.5 43 0.5 44 0.4 62 0.6 83 0 84 0 
1061 8 0 19 0.8 21 1 34 0.7 35 1 52 0.6 60 0.7 65 0.5 72 0.6 74 0.9 
1072 19 0.9 26 0.8 42 0.6 51 0.8 68 0.8 71 1 72 0.3 79 0 
1200 2 0.8 8 1 43 0.7 46 0 50 0.3 53 0 85 0.6 94 0.9 
1309 41 0.9 57 0.6 71 0 78 0.9 82 0 94 0.3 
1342 4 0.8 33 0.7 64 0.7 99 0.4 
1370 1 0 13 0.3 26 1 34 0.7 
1555 72 0.9 
1625 22 0 26 0.7 42 0.5 67 0.4 80 1 
1787 6 0.4 13 0.3 51 0.5 93 0.4 
2006 85 0 86 0.5 
2018 35 0.6 43 0.4 
2136 0 0.4 20 0 21 0 30 0 35 0.9 42 0 43 0.6 61 0.7 62 0.3 79 0 
2154 17 0.5 19 0.7 35 0.8 67 0.3 68 0.4 85 0.6 
2199 17 0 19 0.8 26 1 39 0.7 47 0.9 67 0.3 70 0 76 0.9 87 1 
2308 2 0 4 0.5 10 0.9 13 0.4 
2310 69 0.9 
2417 7 0 18 0 30 0.3 43 0.5 62 0.6 88 0.5 
2468 9 0.8 46 0.7 75 0 
2541 0 0.3 38 0 39 0.3 45 0.6 53 0.3 94 0 
2627 13 0.6 20 0.8 33 0.6 34 0.5 54 0 62 0.9 86 0 
2629 11 0 27 1 46 0.8 75 0.7 85 0 89 0.9 97 0.7 
2633 1 1 67 0.8 76 1 81 0.3 
2657 1 0.9 5 0.7 74 0.8 77 0.9 88 0.3 
2713 9 0.6 13 0.3 41 0.7 89 0.8 
2812 20 0.5 46 0 
3061 32 0.9 48 0.6 56 0.9 60 0 87 1 91 0.7 94 0 
3087 20 0.6 24 0 41 0.8 61 0.5 77 0.6 
3109 8 0 9 0.4 31 0.6 52 0 80 0.5 88 0.4 95 0.6 
3122 0 0 4 0.9 5 0.4 33 0.3 36 0.4 39 0.5 44 0.5 47 0.8 66 0 95 0.4 
3187 3 0.9 5 0.7 20 0 44 0 76 0 88 1 
3570 18 0.7 21 1 42 0.7 43 0.7 49 1 69 0.7 81 0.6 84 0.9 
3971 4 0.4 35 0.9 37 0 47 1 53 0.5 
4005 7 0 43 0.4 46 1 97 0.9 
4115 15 0 27 0.4 30 0 41 0.6 42 0 45 0 50 0.5 67 0.4 92 0 
4715 3 0.8 21 0.5 28 1 50 1 76 0.7 
4734 30 0.4 40 0.3 49 0.5 64 0 67 0 93 0.7 
4895 41 0.7 46 0 59 0.7 78 0 79 0.3 83 0.6 84 0 95 0 99 0.6 
4964 8 0.7 9 0.6 38 0.8 41 0 42 0.3 61 0 78 0.8 
4968 70 0 77 1 86 0.5 
5101 7 1 59 0.6 65 0.3 66 0 70 0.3 74 0.7 93 0.8 
5141 7 0.6 18 0.3 70 0.6 73 0.6 86 0.4 97 1 
5201 63 0.4 89 0 95 1 
5298 4 0 9 0.3 12 0.9 17 0 19 0 22 0.7 60 0.4 
5350 1 0.8 4 0.7 10 0.5 11 0.9 51 0.4 57 0.8 72 0.6 90 0 
5467 1 0 4 0.5 7 0 40 0.7 43 0 48 0 71 0.9 83 0 86 0.7 92 0 
5553 22 0 27 0.4 44 0 75 0.6 
5650 79 0 
5774 6 1 
5798 29 0.3 54 0.4 57 0.6 61 1 91 0.8 
5833 16 1 25 0 67 0 72 0.3 96 1 
5931 27 0 37 0.4 55 0 60 0.9 82 0.7 88 0 
5987 22 1 33 0 71 0 85 0.5 99 0 
6050 18 0.3 23 0.4 52 0.4 60 0.4 81 0.5 90 0 94 0.7 
6127 0 0.5 3 0 4 0.8 7 0.7 13 0.9 60 0 
6191 29 0.5 60 0.5 76 0.3 94 0 
6317 4 0.5 12 0.9 42 0.8 57 0.7 78 0.4 81 0.5 
6325 20 0.3 35 0.7 51 0 
6377 26 0 73 1 
6412 27 1 64 0 92 0.7 
6557 16 0.7 
6565 5 0.8 12 0 40 0.3 47 1 74 0.5 
6569 10 0 17 0 42 0 54 0 70 0 
6698 2 0.4 16 0.5 20 0 36 0.6 38 0.6 61 0 64 0 80 0 81 0.5 98 0 
6980 49 0.5 
7056 17 0.6 21 0.7 24 0.7 27 0 33 0.9 45 0.6 46 0.9 48 0.6 58 0.9 64 0 
7087 0 0.4 8 0.4 70 0.4 88 0 99 0 
7215 33 0 61 0.6 74 0.9 82 0 93 0.4 
7231 19 1 30 0 50 0.5 62 0.3 
7365 19 1 26 1 44 0 45 0 78 0.5 
7412 0 0.7 32 0 46 0 52 0 65 0.3 80 0.5 88 0.8 89 0.3 97 0.8 98 0.6 
7716 9 0.7 31 0 32 0.6 66 0.7 78 0 86 0.4 89 0.5 95 0.7 99 0.9 
7953 0 0 97 0.8 
7956 53 0 
8117 17 0.7 39 0.5 47 0.9 
8345 74 1 
8620 7 1 15 0.9 23 0.3 30 0.9 47 0 72 0.4 98 0 99 0 
9187 26 0.7 29 0.7 93 0.8 96 0.3 
9291 4 0.3 50 1 55 0 77 0 82 0 
9363 47 0 50 0.9 62 0.8 
9387 14 0 48 0.9 62 0.8 
9413 6 0.3 35 0.3 53 0.6 96 0.8 
9497 17 0.8 33 0.6 51 0 74 0.6 83 0.4 97 0.8 
9537 26 1 30 0.4 37 0 45 0 50 1 98 0.7 
9566 4 0.8 19 0 53 0.4 57 0.5 97 0.8 
9661 40 0.9 62 0 83 0 90 0.8 94 0.3 
9790 14 1 15 0.8 20 0.3 28 0.8 42 1 45 0.7 56 0.9 87 0 98 0.4 
9854 3 0.6 13 0.5 15 0 27 0.4 34 0.3 51 1 85 0 93 0.3 97 0 98 1 
