100
201 0 1 20 0.8 48 0 52 0 59 0.5 61 0 81 0 
402 7 0.8 39 0.8 40 0.9 73 0.8 74 1 87 0.4 88 0.7 89 0 
690 2 1 17 0 23 0.8 24 0 83 0.5 96 0.8 
773 20 0.3 51 0 78 1 91 0.7 
972 8 0.7 12 0 24 0.9 37 0.7 47 0 48 0 61 0.6 83 0.3 84 0.3 85 0.4 
992 3 1 12 0.9 44 0.4 56 0 63 0 73 0.6 75 0 90 0.3 97 0.8 98 0 
1392 26 0.8 29 0.7 46 0.8 53 0.9 66 1 68 0.7 77 0 81 0 93 0.9 
1434 5 0.5 6 0.4 
1441 6 0.8 28 0 45 0.8 65 0.4 66 0 73 0 87 0.6 
1566 29 0.3 31 0.4 32 0 49 0.9 51 0 67 0.7 70 0.7 71 0.8 79 0 
1604 1 0.7 12 0.5 21 0.7 22 0.3 32 0 33 0.5 44 0 48 0 58 0.4 94 0.9 
1782 1 0 2 0 43 0 53 0 54 0 65 0.4 71 0.4 85 0.5 99 0 
1793 8 0.8 24 1 48 0.4 55 0 60 0.3 64 1 71 0.7 77 0 78 0.4 
1819 34 0.5 72 0.6 97 0.9 
1820 3 0.6 6 0.8 8 0 27 0 33 0 34 0.9 92 0 93 0 97 0.5 99 0.8 
1834 59 0.3 62 0 
1835 18 0.5 
1844 10 1 40 0.6 48 0.5 91 0.7 
1936 77 0.5 83 0.3 
2058 3 0 9 0.8 14 0.9 15 0.7 18 0 24 0.5 26 0.9 34 0 48 0.6 58 0.4 
2066 39 0.9 
2187 15 0.6 
2238 5 0.9 15 0 28 0.4 38 0.9 42 0.3 43 0.6 62 0.6 68 0.7 79 0.3 94 0.6 
2317 13 0.7 
2385 9 0.3 20 0.6 79 0.8 80 0.4 
2422 42 0.7 58 0 85 0 92 0 95 0 96 0 97 1 
2448 32 0 77 0 90 0 92 0.4 
2755 12 0.4 17 0.7 24 0.7 45 0 48 1 66 0.7 69 1 80 0.9 90 0 97 1 
2789 19 0.9 25 0.3 51 0.5 81 0.5 82 0.4 
2880 3 0.3 8 1 39 0.8 42 0.6 87 0.6 
2887 1 0 6 0.9 13 1 41 0.6 55 0.4 60 0.5 65 0.8 82 0.6 
2902 1 0.4 17 0.4 18 0 24 0 27 0.3 50 0 57 1 79 1 
3027 11 0.9 36 0 97 0.8 
3155 13 1 28 0.5 42 0.3 44 0.5 55 0.8 71 0.5 76 0.5 80 0.8 83 0.9 96 0.9 
3156 8 0.7 11 0 31 0.5 33 0.8 
3252 12 0.3 25 0 34 0.9 53 0.4 59 0 81 0.8 93 0.5 
3428 94 0 
3536 3 0.6 54 0.3 83 1 84 0.4 99 0.9 
3542 55 0 68 0.5 71 0.6 
3549 8 0.8 16 0.6 42 0 47 0.3 69 0 
3596 0 1 11 0.7 20 0.5 22 0 25 0 39 0.7 49 0 62 0.6 84 0.8 93 0.6 
3668 5 0.8 19 0.6 27 0 49 0 
3762 28 0 38 0 74 0 
3774 20 0.4 26 0.6 33 0 41 0 45 0.4 47 0.9 86 0 93 0.9 98 0.4 
3980 4 0 21 1 28 0.3 36 0.4 40 0.9 49 0 52 0 67 0.6 87 1 
4033 4 0.7 15 0.6 25 0 
4240 9 0.8 34 0.7 39 0.4 53 0.7 74 0 76 0.7 
4346 14 0 15 0.5 26 1 39 1 48 0.7 74 0.8 76 0.5 89 0 98 0.9 
4461 0 0 5 0.7 25 1 85 0 87 0.6 91 1 
4589 16 0.4 23 0.3 25 0.4 30 0.7 32 0 35 0 53 0.7 68 0.5 98 1 
4614 9 0.5 13 0.5 25 0 33 0.5 36 0.7 43 0.3 46 0.3 53 0 57 1 58 0.6 
4725 8 0.8 26 0.3 64 0.7 68 0.7 72 0.4 81 0 91 0 
4838 10 0 15 0.7 27 0.7 39 0.8 44 0.3 60 0.6 
4976 10 0.3 33 0.7 94 0.7 
4978 3 1 14 0 26 0.9 43 0.3 47 0.6 48 0.4 60 0.3 68 0 75 0.6 81 0.8 
5354 6 1 8 0.8 29 1 31 0.8 35 1 44 0.9 58 0.5 64 0.3 92 0.9 
5496 28 1 71 0.4 
5623 20 1 47 0.5 91 0.3 
5653 31 0 43 0 48 0 79 0.9 81 0.4 87 0.5 91 0 
5839 12 0.9 25 0.8 86 0.3 92 0.8 
5845 15 0.4 17 0 69 0 78 0 
5888 71 1 
5993 4 0.4 17 0.4 
6235 21 0.9 51 0 65 0.9 95 0.3 98 0.9 99 0.8 
6278 29 1 33 0.4 37 0 43 0 46 0.7 57 0 75 0.7 91 0.3 96 0.8 
6281 32 0 87 0.7 
6357 36 0.9 46 0.7 76 0 80 0.7 96 0 
6375 11 0.9 23 0 36 0 40 0 44 0.4 74 0 78 0.7 83 0 
6579 12 1 20 1 30 0 38 1 44 0.7 61 0.3 63 0.5 87 0.7 92 0.6 
6703 2 0.9 31 1 64 0.5 93 0 
6951 10 0.5 16 0.7 37 0.7 46 0.7 64 0 69 0.3 
7026 26 0 27 0.3 42 0.7 47 0.4 54 0.9 58 0 82 0.4 
7133 1 0.9 34 0 41 0 51 0.5 82 0.5 
7226 22 0 46 0.9 60 0 69 0.5 
7230 43 0.7 73 1 90 0.5 
7279 9 0.7 14 0.7 29 0.8 58 1 83 0.5 88 1 
7280 32 0.6 70 0.4 
7513 37 0 43 0 71 0 
7522 1 0 18 0.9 22 0.9 62 0.3 71 0.3 74 0.7 85 0.3 
7628 29 0 
7740 29 0.9 97 1 99 0.7 
7850 23 0 32 0.5 44 0.5 45 0 48 0 66 0.5 69 0.9 
7948 8 0.7 69 0.9 
8053 2 0.5 15 0.5 62 1 
8121 16 0.9 40 0.9 73 0.9 83 0.3 91 0.7 
8208 10 0.8 11 0 12 0.5 55 0.9 59 0.4 60 0 65 0 80 0 95 0.8 
8390 0 0.4 19 0.3 24 0.4 25 0.4 32 0.8 36 0.7 71 0.8 80 0.4 91 0 
8405 10 0 27 0 46 0.8 68 0 85 0.4 94 0.7 
8469 11 0.7 
8563 3 0.9 64 0.5 
8713 4 1 5 0 8 1 17 1 21 1 54 1 96 0.8 97 0 
8737 24 1 25 0.7 27 0.3 67 0.3 80 0.9 99 0.8 
8952 5 0.3 43 0.8 51 0.9 
8995 11 0.7 17 1 25 0 30 0.7 59 0.7 62 0.3 68 0.5 90 0.8 
9062 60 0.3 61 0 
9420 1 1 16 0 32 0.7 51 0 66 0 88 0 
9630 1 0.4 18 1 33 1 65 0.6 69 0.5 86 0.4 
9912 3 0.8 11 0.9 38 0.6 46 0.5 67 0.3 78 0.4 84 0 88 0.6 98 0.7 
9931 11 1 16 0 18 0.3 33 0.6 48 1 82 0.5 88 0.3 
9984 5 0.9 14 1 38 0.9 88 0.6 
