100
24 86 1 88 0.3 
26 10 0 23 0.3 44 0.8 70 0.4 86 0.4 98 0.8 
104 6 0.4 10 0.4 47 0.4 51 0.7 92 0.7 
108 28 0.7 
333 9 0.5 12 0.7 91 0.9 
416 8 0.7 11 1 16 0.6 19 0 53 0.8 58 0.4 64 0.8 74 0.4 
455 0 1 6 0 41 0.6 53 0.9 73 0.5 79 0.8 80 0.3 
478 57 1 62 0.9 81 0.8 
484 35 0 49 0 52 0 81 0.8 95 0.9 
538 8 0.3 18 0.8 52 0.3 94 0.3 
604 5 0.4 17 0.7 41 0.7 42 0.3 48 0 49 0.5 50 0 58 0 66 0.7 88 0.9 
702 25 0 32 0.3 83 0.5 99 0.5 
860 24 0 54 1 75 0.6 
988 16 0.3 21 0.9 48 0.7 54 0.4 74 0.5 84 0.9 
1092 28 0.7 30 0 33 0 46 0 
1141 11 0.9 12 0.8 20 0 33 0.9 47 0 56 0.8 86 0 89 0.8 90 0 95 0.7 
1430 24 0.6 38 0.9 47 1 55 0.6 56 0 59 0.4 72 1 74 1 79 0.5 
1458 13 1 26 1 49 0.7 61 0.4 77 0.4 87 0 
1469 20 0.7 22 0.5 96 0.4 97 0.9 
1697 17 1 43 0.6 58 0 
1894 51 0.3 63 0.7 65 1 70 0 93 1 
1904 1 0 6 1 13 0.6 26 0.4 45 0.7 68 0.7 87 0.8 88 0 99 0.3 
1949 4 1 31 0.6 49 0 64 0 77 0.4 89 1 96 0.7 98 0.7 
2003 5 0.6 11 1 14 0 19 0.8 73 0 96 1 
2121 27 0 29 0.4 30 0 88 0 
2138 7 0 40 0 78 0.8 
2194 24 0.8 67 1 77 0.3 97 0.7 
2272 32 0.3 47 0.5 
2328 9 0.5 10 0 20 0.7 24 0.8 27 0.4 55 0.3 66 0.4 
2337 1 0.4 5 0 33 0.6 44 0.3 45 0.8 49 0 80 0 
2357 24 0.7 56 0 59 1 68 0 
2395 0 0.8 17 0.9 20 0.6 94 0 
2499 5 0.7 23 0.3 28 0 61 0 62 0.8 66 0 74 0.5 80 0 88 0 95 0.5 
2674 8 0.4 17 0.9 78 1 84 0 90 1 98 0.6 
2704 19 0.5 23 0.4 31 0.9 39 0.6 43 0.6 69 0.9 71 0.5 78 0.5 79 0.5 
2799 46 0 54 0.7 
2810 0 0.8 12 0.7 29 0 38 1 59 0.9 66 0.9 76 0.4 85 0 88 0 94 0.8 
2822 33 0.7 34 0.3 51 0.9 
2849 8 0.4 10 0.4 35 0.3 38 0 41 0.5 50 0 74 0.4 
2883 4 0.7 33 1 51 1 83 0.8 
2884 14 0.7 48 0.3 49 1 57 0.9 68 1 72 0.5 85 0.4 94 1 95 0 
2944 7 0 44 0.6 48 0 75 0.7 79 0 
2985 4 0.9 5 0.8 18 0.4 23 0.3 27 0.6 57 0.4 69 0.5 86 0.6 96 0 97 0 
3028 73 0.6 85 0.5 
3186 9 0.6 23 0.3 46 1 51 0.6 54 0.5 96 0.7 
3305 36 0.4 40 1 70 0 71 0.3 
3374 12 0 20 1 30 1 36 0.9 
3467 10 0 69 0 93 0.7 94 0.7 
3503 31 0 56 0.4 96 0.4 
3585 6 0.6 20 0.3 
3735 6 0 13 0.9 14 0.5 34 0.7 39 0 58 0.4 69 0 88 0.8 
3778 9 0.4 66 0 86 1 
3841 0 0.3 5 0.5 10 0 19 0.6 35 1 38 0.4 54 0.8 55 0.7 62 1 68 0.3 
4060 70 0.7 84 0.3 
4357 4 0.8 17 0.4 25 0.6 39 0.6 40 0.3 75 0 86 0 92 0.5 
4393 4 0 5 0.8 36 0.7 40 0.5 
4423 9 0.9 22 0.9 23 0.9 64 0.5 66 0.9 74 0.6 85 0.7 99 0.5 
4736 1 0.9 15 0.7 18 0.7 29 0 35 0.8 61 0 71 0.5 
4768 2 0.9 6 1 54 0.7 
4803 56 0 58 0.9 
5078 5 1 12 0.9 20 0 29 0 31 0.9 78 0.9 83 0.9 
5129 3 0.6 68 0.4 70 0.3 
5311 2 0.4 7 1 11 0.5 16 0 18 0 23 1 41 0.6 67 0.4 
5335 10 0 31 1 34 0.5 39 0.6 61 0.5 82 1 99 0 
5482 5 0.6 27 0 37 0.3 41 0 45 0.9 68 0.3 92 1 96 0.5 
5785 11 0.6 33 0 48 1 83 0.4 84 0 88 0.6 
5934 93 0.4 
6006 54 0 
6057 6 0.8 9 1 57 0.6 65 0.3 74 0 95 0.8 97 0 
6329 9 0 17 0.7 26 0.8 56 0 62 0.3 73 0 78 0.3 89 0.4 91 0 96 0.3 
6485 13 0.5 54 0.5 60 0 62 0.3 87 0.3 
6571 17 0.4 36 0.4 44 0.8 45 0.9 50 0 61 0.8 76 0 94 0.4 97 0.8 99 0.3 
6612 12 1 31 0.9 51 0.5 
6678 21 0.6 52 0.5 
6744 5 0.6 6 1 13 1 21 0.9 40 0 49 0.8 58 0 
6846 90 0.4 96 0.8 
6888 64 1 
6901 0 0 6 0.5 8 0 12 0.8 50 0.9 56 0.7 57 0 78 0.9 88 0.5 
6908 9 0.7 30 0 57 0 
6936 11 0.7 14 0.3 38 0.7 50 0.8 58 0.7 63 0 66 0.6 96 0 
7176 50 0.8 87 0 96 0.5 
7374 17 0.4 20 0.3 29 1 40 0.5 43 0.3 57 1 60 0 68 0.7 80 0.4 
7661 44 0.4 74 0.5 81 0 
7752 34 0 81 0.5 95 0.9 
7881 8 0.5 11 0.9 20 0.5 42 0.4 75 0 76 0.5 89 0.5 93 0.7 
7913 1 0 45 0 75 0 
7925 68 0.3 
8142 15 0 20 0 36 0 48 0.6 54 0 59 1 65 0.5 66 0.7 81 0 89 0 
8230 31 0.7 36 0.7 57 0.5 58 1 60 1 70 0.3 74 0.8 79 0.4 94 0 
8293 19 0.7 29 0 40 1 61 0 
8296 5 0.6 10 0.9 15 0.3 33 0.3 43 0.9 87 0 94 0.4 96 0.8 98 0 
8390 0 0.4 19 1 24 0.3 25 0.4 32 0.3 36 0.4 71 0.8 80 0 91 0 
8802 1 0.6 6 0 51 0 
8937 21 0.5 46 0 55 0.9 80 0.4 85 0.3 96 0.8 
9073 2 1 15 0 43 0.7 45 0 62 0.4 66 0.8 68 0.9 76 0.9 93 0.3 99 0.4 
9256 85 0 
9383 30 0 38 1 49 0.9 72 0.7 75 0.7 
9648 39 0.4 47 0.4 64 0.4 
9908 61 0 
9975 3 0.4 15 0 28 0.5 31 0.7 47 0 65 0.8 75 0 89 0 96 0.4 
