100
2 12 0.7 20 0.9 41 0.9 54 0.7 78 1 
183 4 0.7 28 0.8 29 0.8 30 0.6 45 0.4 61 0.5 74 0 77 1 80 0.9 91 0 
234 5 0 29 0.9 48 0 58 0.9 79 1 87 0.3 
239 19 0.8 51 0.5 
352 4 0.7 16 0 24 0 35 1 38 0.6 40 0.9 41 0 58 0.4 92 0.8 
471 25 0.4 28 0.6 68 0.8 75 0.8 82 0.9 85 0.4 88 0 92 0.9 98 0 
520 15 0 35 0.7 50 0.7 
649 0 1 4 0.9 13 0.9 25 0.4 38 0.6 46 0 69 0 70 1 74 0.5 
755 28 0.3 33 0 85 0.4 92 0 97 0.9 
867 9 0 17 0.7 33 0 40 0.4 51 0 68 0 78 1 79 0.9 86 0.7 
880 4 0.3 5 0.9 49 0.7 54 0.6 59 1 68 0.4 77 0.3 88 0 
925 15 0 24 0 25 1 31 0.7 41 0 74 0 76 0.6 77 1 96 0 99 1 
1161 7 0 10 0.3 
1351 4 0 9 0 34 0.3 40 0.8 50 0.4 65 0.3 74 0 78 0.3 99 0.9 
1366 0 1 3 0 10 1 25 0.5 31 0.6 49 0.3 73 0 98 0.4 
1606 28 0 
1659 26 0 
1877 13 0 34 0.3 52 0.9 
1881 0 0.6 3 0.7 11 0.5 41 0.9 60 0.9 74 1 95 0.7 
2034 16 1 18 0.9 46 0.8 66 0.5 76 0.7 
2085 3 0.3 17 0 28 0 32 0.6 40 0.4 54 0 67 1 94 0.4 99 0.6 
2163 5 0 55 0.3 74 1 75 0.5 
2178 6 0.7 22 0.9 47 0 66 0.3 73 0 78 0.7 
2228 49 0 
2341 12 0.7 62 0 70 0 91 0.8 
2608 36 0 50 0 59 0 66 0 77 0.9 79 0.4 84 0 87 0.7 
2671 2 1 14 0.4 16 0 31 0.5 36 0 59 0 82 0 
2690 11 0.5 24 0 35 0.9 39 0.4 51 0 62 0.6 78 0.3 82 0.8 
3063 31 0.8 76 0.8 
3424 21 0.5 45 0.6 48 0.8 79 0.3 87 0.5 91 0 92 0.6 94 0 
3471 27 0.8 
3532 13 0.4 14 0 23 0.8 33 0 40 0.7 43 0 57 1 61 0 78 0.4 
3537 14 0.5 15 0.6 17 0.5 24 0.7 40 0.7 93 0.8 
3539 20 0.3 
3889 8 0.8 24 1 33 0.5 46 0.5 82 1 84 0.6 91 0.3 94 0 98 0.5 
3949 57 0 
4006 81 1 
4130 7 0.8 18 0.4 20 1 23 0.8 27 1 29 0.9 38 0.9 74 0.7 95 0.9 
4181 15 0.6 28 0.4 34 0.9 50 0.9 
4195 5 0.5 6 0.6 84 0.4 
4294 1 0 14 0.6 29 0.3 34 0 79 0.3 90 0.3 
4308 7 0.5 
4325 56 0 57 0.4 61 0 76 0.9 
4483 0 0.5 4 0.9 40 0.6 47 0.8 60 0.6 62 0 78 0.5 79 0 84 0.8 
4535 30 0 73 0.4 88 0.5 
4550 1 0.8 5 0 20 0 42 0 45 0 89 0.4 
4917 17 0 33 0.7 
4999 18 1 19 0.6 69 0 92 0.4 
5027 1 0.8 4 0.8 8 0.3 37 0.3 51 0.4 70 0.5 76 0 
5223 0 0 1 0.6 14 0.6 17 0.9 22 0 24 0 30 0 47 0.3 65 0.7 88 0 
5343 18 0 22 0.9 25 0.3 34 0.8 57 0 
5396 53 1 82 0.6 
5553 22 0 27 0.4 44 0.5 75 0 
5633 17 0 64 0.7 72 0.5 81 1 86 0.9 
5825 12 0.4 89 0.7 96 0.4 
5883 1 0.7 10 1 14 0.9 15 0.7 26 0.9 31 0.3 35 0.7 39 0.3 73 0.6 77 0.4 
5922 60 0.4 
6032 9 0.6 17 1 28 0.4 31 0 33 0 48 0.6 73 0.3 87 0 99 0.3 
6143 32 0 35 0 58 0 60 0.8 61 0.9 76 0.8 82 0 98 0.4 
6146 29 0.9 36 0.3 44 0.9 51 0 55 0.4 84 0 
6188 8 0.7 40 0.4 
6241 53 0.4 95 0.5 
6276 3 0 64 0.4 
6339 2 0.6 31 0 55 0 65 0 70 0.7 77 0.5 81 0.7 86 0.4 95 0.6 
6785 4 0.4 6 0.7 12 0 18 0.7 39 0.7 71 0.7 73 1 
6789 23 0 51 0.8 92 0.8 
6817 16 0.9 96 0.9 
6891 25 0 39 0 45 0.5 47 0 56 1 82 0.4 
6958 0 0.6 17 0 25 0.4 33 1 59 0.6 61 0 64 0.8 85 0 
7189 3 0.3 16 0.7 21 0.9 30 0 59 0.3 97 0.6 
7270 1 0 7 0 21 0.5 41 1 61 0 65 0.8 74 0.6 94 0.8 
7390 3 0.8 9 0.9 36 0.4 42 0.6 43 0.7 55 1 60 0.4 65 0.5 66 0.8 97 0.4 
7510 0 0 16 0.5 71 0.4 81 0 
7518 24 0.8 45 0 52 1 60 0.3 70 0 
7607 46 0.4 59 0 65 0 96 0 
7649 12 0.5 16 0 26 0 35 1 40 0.6 78 0.3 80 0 84 0 
7672 17 0.8 23 1 31 0 43 0.6 56 1 75 0.4 77 0.9 
7727 0 0.6 21 0.8 46 0.8 51 0 93 1 
7744 8 0.4 22 0.5 29 0.8 41 0.3 48 0.5 71 0.8 78 0.9 86 0.9 90 0 98 0.9 
7864 24 0.6 61 0.5 62 0.8 68 0 89 0.9 
7928 53 0.6 86 0 
7980 52 0 53 1 66 0.9 67 0.9 
8072 10 0 49 0 68 0.9 73 0.5 98 0.5 
8143 7 0.6 18 0.3 33 0.7 34 1 56 0.9 58 0 80 0 
8368 14 0 31 0 32 0.6 54 0.3 56 0.3 68 0 69 1 88 0.6 95 0.3 
8511 12 0.5 34 0.7 44 0 65 0.7 75 0 78 0 95 0.6 
8935 42 0.8 43 0.7 44 0 62 0 91 0 93 0 
8992 19 0.3 25 0.6 30 0 38 0.8 66 0.7 73 1 77 0.5 83 0.3 92 0 94 0.3 
9047 3 0 6 0 9 0.4 23 0 25 0.3 28 0.6 31 0.3 78 1 83 0.9 
9190 92 0 
9227 19 1 26 0.4 28 0 33 0 36 0 51 0.7 73 0 77 0.8 80 0 98 0.5 
9353 2 0.3 49 0.8 53 0.7 71 0.8 76 0.6 91 0.4 
9570 76 0 
9644 25 0.9 29 0.3 56 1 72 0.8 88 0.6 
9715 38 1 65 0.6 82 0.8 
9778 6 0 15 0 26 0.6 32 0.5 49 0.9 64 0 81 1 89 0 92 0.3 
9792 69 0.4 
9798 5 0 7 0.8 15 0 29 0.6 31 0 34 1 64 0.9 66 0 75 0.3 
9883 4 0.8 7 0.8 24 0.9 33 0 37 0.8 39 1 48 0.5 66 0.5 84 0.6 
9896 3 0 13 0.5 34 0.5 51 0.6 71 0.5 78 1 84 0 88 0 93 0.8 95 0 
