100
8 11 0.5 29 0.4 41 0.7 78 0.7 88 0.6 
81 0 0.9 9 0.9 13 0.4 21 0.3 22 0.9 44 0.8 69 0.8 84 0.6 87 0.9 91 0.5 
100 17 0.9 
129 14 0.7 25 0.3 42 0.7 48 0.5 56 0 61 0.5 68 0.9 
200 22 0 28 0.3 62 0 76 0 86 0.5 
288 34 0.4 35 0.5 38 0 58 0.3 67 0.6 71 1 
345 2 0 16 0.4 33 0.9 42 0 43 0.9 62 0.5 83 0.5 94 0.3 
479 1 0 13 0 18 0.7 27 0.3 43 0.3 70 0 92 0.9 94 0.4 
482 62 1 
487 9 0.9 36 0.9 47 0 93 1 
527 36 0.8 50 0.9 65 0 80 0.5 
540 4 0.8 5 0 27 0.3 34 0.6 45 0.5 87 0.9 92 1 93 0.5 94 0 99 0.4 
578 5 0.3 6 0.8 10 0.5 57 0.9 63 1 66 0.7 85 0.5 90 0.6 94 0.9 
745 2 0 15 1 17 0.5 64 0.9 67 0 70 0.9 72 1 97 0.7 99 0.8 
795 64 0.8 
875 5 0.4 25 0.9 50 0.6 55 0 
917 9 0 15 1 37 1 42 0 84 0.3 97 0.8 
1182 34 0.7 
1309 41 0.4 57 0.6 71 0.8 78 0 82 0.8 94 0.7 
1362 2 1 18 1 23 0.5 37 0 38 1 39 0.4 56 0 67 0.6 88 0 98 0.3 
1777 1 0 39 0.8 60 0.8 82 0.3 94 0.6 
1893 14 0.8 19 0.5 42 0.9 57 0.9 59 0.9 61 0 77 0 79 0.6 85 0 
1905 20 0 21 0.8 25 0.7 32 0.6 56 0 60 0.3 65 0.3 66 1 72 0.5 75 0.6 
1999 61 0 
2004 0 0 51 0 
2080 20 0.7 78 0.3 
2185 20 0 21 1 24 0.5 30 1 34 0.9 43 0 75 0.7 78 0 80 0.4 83 0.7 
2331 12 0.9 17 0 23 1 52 0.4 54 0.5 59 0.6 85 0.6 86 0.8 95 0.4 
2390 5 0.9 39 0.9 45 0.5 61 0.5 83 0.4 
2523 14 1 17 1 24 0.6 29 0.6 31 0.5 44 0.9 50 0.9 73 0.5 78 0 89 0.7 
2608 36 0 50 0.5 59 0.8 66 0.7 77 0.3 79 0 84 0 87 0 
2819 22 0.7 26 0.4 32 0.6 44 1 48 0 59 0.9 60 0 86 0.3 99 0 
2862 6 0.7 55 0.3 64 1 
3242 28 0.6 91 0.4 
3672 81 0.8 82 0.9 91 0 92 0.7 
3898 1 0.5 53 1 57 0.8 
3990 1 0 9 0.6 41 0.7 50 0.3 73 0.9 80 1 95 0 
3999 17 0 19 0.3 27 0.3 48 0 49 1 96 1 
4134 4 0.4 18 0.4 40 1 43 0.5 54 0 59 0.6 81 0.7 83 0.4 87 0.4 90 1 
4206 9 0.9 10 0.4 28 0.4 38 0.6 40 0.7 64 0.5 82 0 85 0 88 1 93 0.3 
4225 12 0.6 21 0.6 44 0 63 0.9 64 0.7 70 0 
4313 9 0.8 36 0.4 57 0.6 75 0.5 88 0.4 
4387 4 1 23 0.8 36 0 38 0.5 45 0.5 
4492 2 0.3 14 0.8 30 0.3 36 0.3 58 0.9 
4642 5 0.7 36 0.8 42 0.3 52 1 55 0.9 68 1 76 0.3 89 0.7 94 1 
4705 9 0 43 0.4 45 0.8 90 0.4 
4765 59 0.4 
4804 28 0 36 0.5 44 0 64 0.6 73 0 99 0.7 
5071 10 0.4 29 0 86 0.5 
5215 0 1 20 0 22 1 30 0.9 35 0.5 92 0.9 
5256 1 0.3 48 0.8 50 0.3 52 0.7 62 0 79 0 86 0.4 
5343 18 0.4 22 0.5 25 0.9 34 0 57 0.9 
5387 48 0.9 62 0.7 66 0 92 0.3 
5543 30 0.4 32 0.4 41 0.6 42 0.7 43 0.7 48 0 58 1 65 0.3 78 0 87 0.4 
5627 31 0.3 45 0.7 
5863 34 0.6 41 0 45 0.9 46 0 50 0 66 0.5 80 0.4 93 0 
5874 7 0.9 16 0.5 19 0.8 22 0 57 0.7 89 0 90 1 
5944 6 0.5 16 0.4 64 0.6 68 0.7 83 0.5 
6071 6 0 33 1 62 0.3 65 1 80 0.8 85 0 89 0.8 91 0.3 
6082 32 0 74 0.6 78 0.4 82 0 
6213 0 0.8 33 1 
6226 33 1 48 0.5 
6231 0 0.3 7 0.5 15 0.6 34 0 59 0.3 87 0.6 
6237 22 0.9 67 0.5 72 0.5 
6268 1 0.9 5 0.6 53 0.3 68 0 81 0 
6316 48 1 49 0.4 55 0.5 
6363 83 0 92 1 
6452 17 0.6 18 0.5 49 0 77 0.5 87 0 95 0.4 96 0.4 98 0 
6484 23 0.9 31 0.3 39 0.8 50 0.8 81 0.7 88 1 
6527 13 0 24 0.4 57 1 58 0.5 67 0.4 72 1 78 0 87 0.8 
6562 27 0 36 0.4 56 0 83 0 87 0.9 90 1 91 0 95 0 
6618 34 0.7 82 1 89 0.7 95 1 
6681 27 0.6 
6725 9 0.9 18 0 20 0 39 0.3 42 0.9 66 0.3 73 0 77 0.7 81 0.9 92 0.9 
6792 54 0.5 58 0.4 90 0.3 98 0.8 
6959 5 0 17 0.6 63 0.4 93 0.5 
7042 22 1 45 0.9 55 0.4 57 0.9 91 0 
7141 15 0 18 0.3 21 0.6 25 0 28 1 47 0 55 0.3 74 0 77 0.9 98 0 
7401 4 0 42 0 88 0.8 91 0.9 
7581 5 0.5 40 0.3 57 0 
7591 0 0 36 0.8 56 0.9 
7623 8 0 28 0.8 33 0 42 0.3 57 0.5 80 0.6 
7674 6 0.4 20 0 31 0.9 47 0.3 48 0 54 0.6 64 0 69 0.7 85 0 94 0.9 
7729 7 0.5 8 0 13 0.9 26 0.9 52 0 55 0.3 74 0.6 
8215 7 0.9 10 0.7 19 0.4 27 0.6 31 0.3 36 0.4 67 0.3 91 1 
8272 8 1 40 1 56 0 58 0.4 60 0.8 78 0.9 88 0 
8312 26 0.7 44 0.4 48 0.3 72 0 91 0.4 
8468 17 0 24 0 40 1 49 0 90 0.6 
8494 24 1 27 0.6 57 0 62 0.5 
8616 19 0.6 48 0 89 0.6 
8808 15 0.8 
8835 13 0 14 0.4 
8917 6 0.9 10 0.6 51 0.9 82 0.9 83 0 87 0.3 
8923 10 0.6 26 0 47 0 53 0.9 58 0.6 63 0.5 
8940 19 0.9 20 0 33 1 46 1 48 0.6 55 0.9 60 0 77 0.7 79 1 86 0 
9206 3 0.9 30 0 
9654 1 0 23 1 32 0 35 0.6 39 1 71 0.8 77 0.7 97 0 
9670 16 0.9 31 0 44 0.8 55 0.7 78 0 90 0.3 
9919 9 0 32 0.5 40 0 46 0 76 1 87 0.9 
9980 19 0.5 27 0 28 0.5 29 0.3 32 0.6 48 0.3 57 0.6 61 0.5 64 0 95 0.3 
