100
26 10 0.3 23 0.8 44 0 70 0.9 86 0.4 98 0.6 
128 70 0.8 75 0 93 0 
221 63 0.8 86 1 
280 13 0.6 50 0.6 52 0.6 
326 3 1 6 0 20 0.3 55 0.3 79 0.4 
340 7 0.6 9 0 53 0.8 
377 7 0.3 9 0.3 85 0.5 
404 56 0.4 
550 36 0.9 64 0.8 86 1 
670 20 0.7 62 0.3 86 0 88 0.5 89 0 98 0 99 1 
787 13 0.3 35 0.5 37 0 94 0.6 95 0 
890 10 0.9 38 0 40 0 42 0.3 46 0.4 52 0.6 62 0.3 67 0.5 72 0 81 0.3 
939 27 0 28 0 62 0.3 
1102 8 0.6 90 0 
1258 30 0.7 36 0.9 54 1 59 0.6 75 0.6 79 0.8 82 0.8 87 0.3 
1312 2 0.7 39 0.9 71 0 81 0.7 86 0.3 89 0.5 
1448 0 0.4 23 0.8 45 0.8 46 0.6 51 0.9 79 0 95 0.7 
1828 1 1 10 0 27 0 42 0 87 0.8 92 0.4 
2032 17 0.4 61 1 94 0.9 
2033 85 0.9 
2112 23 0 37 0.7 44 1 63 0 94 0.6 95 1 97 1 
2190 0 0.7 11 0.3 28 0.5 37 0.6 69 0.8 79 0.8 80 0.7 
2198 5 0.3 45 0.4 
2223 28 0 29 0.4 34 0.7 50 0.4 53 0.6 68 0.4 95 0.7 98 1 
2292 29 1 53 0.5 78 0.4 90 0.7 92 0 93 0 95 0 
2294 4 0.8 55 0.8 62 0.7 65 0.3 70 0.5 74 0 85 0 97 0.3 
2310 69 0 
2357 24 0.6 56 1 59 0 68 0.3 
2411 24 0 28 1 30 0.5 49 0.6 68 0.4 72 0 
2625 32 0.7 
2750 93 0.4 
2760 59 1 
2776 24 0.7 46 0.9 74 0 81 0.7 83 0.3 
2784 19 0.9 30 0 37 0 43 0.8 65 0.8 71 0.7 95 0.3 
2884 14 0 48 0 49 0 57 0.3 68 0.7 72 0.6 85 0 94 0 95 0.7 
2899 33 0.4 34 0.8 36 0.4 63 0 69 0 75 0 78 0 86 0.9 91 0.3 
3215 8 0.9 17 0.3 27 0 52 0 65 0.4 71 0.7 75 0.9 90 0.7 97 1 
3232 74 0 94 0 
3331 18 1 53 0.5 76 0.9 
3352 1 1 33 0 52 1 73 0 82 1 
3446 14 0.9 19 0 58 0.7 63 0.5 
3766 1 0.4 11 0.6 39 0.6 42 0.9 49 0.8 59 0 83 0.6 89 0.5 97 0 
3806 18 0.9 40 0 87 0.9 88 0.8 90 0 94 0.5 
4018 37 0 63 0.9 71 0.9 79 0 
4116 8 1 16 0.4 70 0 77 0 
4304 24 0.6 41 0.6 51 0 66 0.9 80 0.6 
4439 2 0.3 
4748 9 0.7 10 0 17 1 21 0.6 29 0.4 53 0.4 67 0 69 0.9 77 1 84 0.7 
4992 35 0 
5099 50 0.7 72 0.5 
5204 33 0.3 44 0.6 51 0.8 55 0.7 67 0.9 75 0.6 90 0 96 0.6 98 0.7 
5374 2 0.8 
5400 5 0.4 10 0 18 0.5 25 0 31 0.6 43 0 
5424 33 0.8 87 0.4 96 0 
5467 1 0.7 4 0 7 1 40 0.7 43 1 48 1 71 0 83 0.5 86 0 92 1 
5487 1 0.6 2 0 11 0.6 35 1 54 0.3 69 0.9 71 0.8 79 0.5 85 0.7 
5567 0 0.8 8 1 13 0.8 58 0 69 0 74 0.6 85 0.9 88 0 92 0.5 99 0.7 
5638 43 0.6 58 0.3 59 0.7 83 1 
5703 9 0 99 1 
5991 37 0 46 0.5 49 0.7 
6022 3 0 14 0.8 19 0.6 78 0 84 0.9 
6114 5 0 7 0.8 11 0.5 36 0.7 41 0.8 85 0.3 88 0.5 
6288 30 0 39 0.6 42 0.3 53 0.6 62 0.3 83 0.8 91 0.4 94 0 
6330 49 0 
6570 71 0.7 
6771 19 0 30 0.7 34 0 39 0.4 65 1 80 0.4 96 0.8 
6798 1 0.8 5 0.3 
6873 7 0.7 
6890 8 0 22 0.9 23 0.3 43 0.5 61 0.6 68 0.6 97 0 
6959 5 0.9 17 0.6 63 0.7 93 0.4 
7005 17 0.3 21 0.7 25 0 46 1 95 0.6 96 0 
7064 74 0.8 
7095 14 0.4 19 0.3 32 0.5 49 0.6 51 0.5 64 0.3 81 0.4 
7173 1 0.8 6 0.9 18 0 27 0.8 54 0.6 95 0.8 
7246 41 0 48 0.3 55 0.5 61 0.6 
7388 8 0 21 1 26 1 42 0.6 47 0 83 0.4 
7408 1 0.6 6 0.3 7 0.9 42 0 56 0.3 87 0.6 89 0.7 
7444 3 1 18 0.5 86 0.8 
7628 29 1 
7761 21 0.3 
7779 23 0.7 67 0 71 0.8 73 1 88 0.4 93 0.7 
7804 1 0 11 0.7 28 0.3 38 0.9 54 0.3 75 0.9 82 0 92 0.9 
7808 8 0.3 17 0.5 21 0.3 70 0.9 87 1 99 0.5 
7908 4 0.5 29 0.4 50 0 62 0.7 64 0.8 65 0 69 0 76 0.6 80 0.5 92 0.6 
8051 3 0.4 7 0.5 20 1 29 0.4 50 0.6 62 0.4 64 0 80 1 90 0.3 
8096 15 0.9 50 0.8 71 0 74 0.4 
8141 42 0.8 43 1 53 1 66 0.9 90 0 
8158 4 0.6 10 0.3 12 0 22 0.7 24 0.9 37 0.8 81 0.8 98 0.6 
8213 9 0.9 20 0 23 0.6 33 0.3 35 0.5 39 0.8 57 0.3 60 0 95 0.8 
8388 16 0.3 21 1 27 0.6 41 0.5 51 0 54 0.4 67 0 
8412 27 0.4 30 0 50 0.5 57 0 71 0 
8418 16 0.5 19 0.6 24 0.3 26 0.9 69 1 
8463 20 0.7 37 0.5 46 0.9 57 0 73 0.4 77 1 98 0 
8513 31 0.6 
8526 10 0.8 11 1 34 0 36 0.9 59 0.7 85 0 93 0 
8719 22 0.4 45 0 46 1 47 0.6 58 0 70 0.9 
9003 15 0.3 42 0.5 77 0 89 0.4 
9285 15 0.7 32 0.4 52 1 56 0 70 0 85 1 89 1 94 0.3 96 0.7 98 1 
9377 1 0.8 4 0.7 5 1 48 0.6 51 0.5 56 0 61 0.6 91 0.4 
9536 5 0 13 0.5 
