100
27 9 0.5 20 0.4 38 0.7 41 0.4 46 0 64 0.8 
98 55 0 61 0.9 63 0.8 74 0.4 94 0 97 0.5 
132 27 0.3 53 0 55 0.5 
275 5 0.9 10 1 19 0.8 28 0.5 31 0.6 43 0.3 90 1 
280 13 1 50 0.3 52 1 
341 12 0.6 16 0.7 39 0 46 0 49 0.5 51 0.3 72 1 80 0.8 
455 0 0.9 6 0.9 41 0.6 53 0 73 0.4 79 0.9 80 0.6 
465 20 0 37 0.4 39 0.4 49 0.5 50 0 74 0.6 
504 68 0.3 
663 16 0 41 0.8 61 0 
704 0 0.8 24 0.9 83 0.9 85 0.7 87 0 
991 15 0 30 0.7 34 0 40 1 49 0.3 61 0.3 67 0.3 
1226 0 0 24 0.4 25 0.6 32 0.6 45 0.3 50 0.6 85 0.8 87 0.9 92 0.6 96 0.4 
1247 7 0.7 12 0.7 26 0.5 43 0 54 0 70 0.9 72 1 88 0.5 
1354 10 0.5 16 0.8 32 0.6 56 0 
1377 0 0.6 69 0 72 0 
1504 58 0 60 0.5 81 0 94 1 
1549 44 1 75 0.9 81 0.5 91 0.9 
1752 4 0.8 26 0.7 52 0.3 58 0.5 83 1 96 0 
1810 3 0.9 24 0.7 57 0.8 
1894 51 0.8 63 0 65 0.6 70 0 93 0.8 
1939 20 0.4 56 0 98 0.5 
1996 0 0.6 16 0.3 35 0.5 58 0.4 60 0.7 69 0.6 82 0.4 90 0.4 
2000 13 0 21 0 42 0 43 0 47 0.3 53 0.8 59 0.9 85 0 94 0 
2003 5 0.8 11 0.8 14 0.3 19 0.5 73 0.7 96 0 
2133 3 0 20 0.7 46 0.3 50 0.8 53 0.4 66 0 76 0.6 78 0.3 90 0.3 
2485 1 0.5 56 0.6 59 0.9 63 0.4 
2500 30 1 67 0.3 
2547 15 0.5 92 0.3 98 0.7 
2608 36 0 50 0 59 0.6 66 0.9 77 0 79 0.9 84 0.3 87 0 
2629 11 0.6 27 0.6 46 0.6 75 0 85 0 89 0.7 97 0.6 
2643 5 0.5 14 0.4 49 0 82 0.8 94 0.7 98 0.8 
2903 17 1 
3009 14 0 
3074 6 0.3 12 0.3 20 0 23 0 45 0.3 53 0.5 60 0.9 79 0 
3341 18 0.5 25 0.7 62 0.7 98 0 
3434 14 0.7 
3479 4 0.8 15 0.4 49 0.9 87 0.4 
3748 32 0.7 47 0.7 80 0.7 
3802 21 0.7 40 0 55 0.5 60 0.9 67 1 70 0.3 78 1 85 0 92 0 
3849 5 0.6 16 0.7 21 0.4 28 0.4 50 0 65 0 
4094 5 0.9 8 0.3 12 0 19 0.7 25 0.3 36 0.6 62 0 92 0.7 
4226 11 0.6 13 0.6 19 0.7 47 0.4 82 0 
4227 9 0 10 0.5 25 0.8 26 0.3 35 0.8 49 0.6 96 0.5 
4320 27 0.4 29 1 31 0.5 49 0.7 56 0 80 0.9 90 0.3 
4447 33 1 
4494 1 0.9 7 0.4 9 0.9 12 0.9 17 0.5 26 0.4 29 0.7 36 0.4 46 0 67 0 
4530 85 0.5 
4532 22 0 29 0.4 34 0.6 35 0.3 36 0.9 44 0.4 
4586 1 0.3 5 0 26 0.7 86 0.5 87 0.3 
4691 2 0.4 33 1 47 0.6 54 1 73 1 76 0.8 77 0.4 83 0 96 0.3 
4714 7 0.5 25 0.3 31 0.6 37 1 38 0.9 42 1 46 0 50 0.9 81 0.4 92 0 
4731 10 0 37 0.3 56 0.7 63 1 
4846 62 0 
4857 10 0.3 36 0.6 41 0.3 78 0 
4947 11 0.5 21 0.3 30 0.5 40 0 46 0.3 59 0 62 0.3 63 0.5 87 0.4 93 0.6 
5285 6 0.7 34 0.7 44 0.9 46 0 50 1 53 0 59 0 61 0 86 0 
5306 31 0 
5474 7 0 8 0.5 23 0 42 0 45 0.6 54 0.9 87 1 
5486 13 0.9 20 0 41 0.8 71 0 92 0.3 
5487 1 0.7 2 0.6 11 1 35 0.8 54 0.3 69 0.3 71 0 79 0.8 85 0.5 
5569 16 0 31 0.8 69 1 
5786 5 0.4 17 0.7 18 0 23 0.5 31 0.8 38 0.9 40 0.8 57 0.8 92 0 
5997 60 0 97 0.6 
6237 22 0 67 0.7 72 0.7 
6285 12 0.3 29 0.9 54 0.7 88 0.6 93 0.5 
6291 15 0.3 30 0 50 0.8 63 0 68 0.7 91 0.9 96 1 
6317 4 0.6 12 1 42 1 57 1 78 0.4 81 0 
6484 23 0.9 31 0 39 0.5 50 0.3 81 0.7 88 0 
6605 9 0.9 49 0.8 57 1 64 0 80 0 82 0.4 83 0.6 92 0.5 
6767 20 1 24 0.6 27 1 36 0 49 0.8 
6854 16 1 53 0.3 
6949 33 0.9 80 0.6 82 0 94 1 
7005 17 0.8 21 0.6 25 0.8 46 0 95 1 96 0.5 
7023 22 0 34 1 
7041 4 0.7 7 0.6 9 0.7 32 0 38 0 45 0.7 53 0.9 83 0.7 88 0 
7379 13 0.6 
7515 11 0.9 12 0.6 41 0.7 47 0.4 50 1 56 0.7 63 0 85 0 97 0.3 
7561 6 0.9 37 0.4 71 0.9 
7592 5 0 27 0 31 0 56 0 57 0.4 58 0 66 0.9 82 0 89 0 95 0.3 
7734 85 0.3 99 0.6 
7821 11 0.4 13 0.8 27 0 34 1 35 0.5 45 0.3 50 0.5 54 0 86 1 
7942 2 0.6 61 0.6 85 0 93 0.7 
8175 69 0 86 1 
8233 7 0.4 58 0.8 63 1 70 0.6 74 0.7 95 0.6 98 0 
8286 59 0 79 0.6 
8300 18 0 33 0 41 0 43 0 70 0.9 73 0.6 84 0.5 92 0.7 
8320 19 0.6 91 0.9 
8367 0 0.9 10 0 15 0 55 0.5 56 0.9 88 0.5 90 0 
8484 12 0.8 46 1 79 1 
8672 37 0.6 69 0 88 0 
8935 42 0 43 0 44 0.3 62 1 91 0.4 93 0.4 
9005 20 0.6 29 0.3 40 0.3 65 0.8 89 0.8 95 0.5 98 0.7 
9031 70 1 73 0.5 97 0.3 
9152 30 0 42 0.7 
9511 2 0 20 0.5 89 0 97 1 
9534 81 0.3 89 0.6 98 0 
9808 67 0 83 0 
9952 6 0.5 19 0.7 28 0.3 30 0.3 43 1 61 0.8 79 0.4 
9992 52 0 81 1 
