100
51 48 0 51 1 56 0.8 57 0 63 0.9 85 0 92 0.4 
158 24 0.8 37 0 50 0 58 0 60 0.5 66 0 72 0 75 0.6 78 0.8 79 0.5 
362 2 0 22 0 32 0.6 93 0.8 
367 12 0 38 0.6 40 0 57 0 84 0 94 0.6 
411 38 0.4 45 0 69 0 
506 0 0.6 10 1 18 0.3 39 1 64 0.4 81 1 90 0.9 
623 38 1 61 0.8 65 0.9 70 1 86 0 96 0.8 97 0 
631 18 0.9 55 0 
787 13 0.5 35 0.6 37 0.7 94 0.6 95 0 
974 1 0.6 29 0.7 44 0.6 45 0 60 0.7 75 0 80 0 
1186 30 0 41 0.6 96 0.5 
1239 20 1 26 0.6 40 0.9 74 0.9 95 0.3 
1287 16 0 
1396 14 0 53 0.7 64 0 77 0.9 84 0.6 
1494 23 0 28 0 43 0 53 0.9 
1554 6 0.6 19 0.7 27 0 34 0 
1631 19 0.8 75 0 76 0 
1729 11 0.7 34 0.3 55 0.7 63 0.5 71 0.8 81 0.4 
1776 3 0.8 47 0 54 0.6 62 0.7 68 0.7 70 0.4 89 0.8 
1923 37 0 75 0.6 78 0.3 
1950 16 0.8 58 0 82 0.7 86 0 
1985 5 0.4 16 0 43 1 49 1 67 0 98 0 
2097 11 0.7 
2130 24 0 34 0.5 39 0.5 
2156 19 0.5 36 0.5 41 0.8 77 0.5 
2298 23 0.8 24 0.6 25 0 30 0.5 37 0 67 0.9 70 0.5 74 0.9 78 1 99 1 
2356 65 0.9 70 0.3 
2375 8 0.4 34 0.7 48 0 55 0.9 60 0.7 96 0.8 98 0.9 
2588 26 0.3 32 0.5 39 1 42 0.5 69 0.3 
2649 0 0.5 5 0.7 37 0 49 1 57 0.8 69 0 
2665 3 1 6 0.9 39 0.4 53 0.7 97 0.5 
2704 19 0 23 0 31 0 39 1 43 0.3 69 0 71 0.7 78 0 79 0.7 
2753 13 0.3 20 0.6 35 0.7 47 0.6 52 0.3 56 0.5 59 0.9 61 0 78 0.8 84 0 
2823 33 0.5 
2837 27 0 35 0.3 42 0.6 47 0.9 68 0 72 0.6 73 0.3 
2936 32 0.3 45 0.3 57 0.5 
2969 5 0.4 21 0.7 
3084 6 0.7 12 0 31 0.9 39 0.6 86 0.4 88 0.5 
3246 9 0.9 31 0.9 38 0 47 0.3 
3247 6 0.8 30 0.7 44 0.9 56 0.7 
3424 21 0 45 0.5 48 1 79 0.8 87 0 91 0 92 0.9 94 0.6 
3455 22 0.4 37 0.6 38 0.7 45 0.5 59 0 62 0.8 
3714 10 0.3 17 0.5 70 0 
3843 4 0 6 0 
3954 2 0.9 28 0.6 32 0.7 34 0.4 36 0.8 75 0.5 76 0.5 86 0 
3964 3 0 10 1 28 0.4 34 0.5 41 0.3 62 0.6 
4072 24 0.9 63 0 66 0.9 84 1 
4133 4 0.8 20 0.8 40 0.8 51 0.6 60 0 78 0.4 94 0.4 
4486 1 0.3 8 0 38 0.7 60 0.5 69 1 79 0.8 89 1 
4496 6 0.3 13 0 15 0.7 26 0.6 36 0.8 43 0.4 64 0.9 98 0.3 
4734 30 0 40 0 49 0.6 64 0 67 0 93 0 
5059 20 0.5 23 0 27 0 63 0.5 64 0 71 0.5 
5116 11 0.5 27 0.3 60 0 78 0.5 81 0.8 88 1 93 0 96 0.7 
5194 4 0.4 8 1 65 0 82 0.7 86 0.4 
5353 17 0.7 20 0.4 33 0 39 1 
5368 6 1 21 0.4 38 0 50 0.7 61 0.8 63 0 64 0 84 0.4 
5439 31 0.4 41 0 90 1 
5509 4 0 5 0.6 16 0 30 0.7 46 0 52 0 61 0.6 70 0.3 79 0.8 88 0.5 
5788 11 0.4 24 0 34 0 40 0.5 43 0.3 58 1 76 0.4 84 1 86 0 97 0 
6134 17 0.4 46 0 90 0.4 96 0.4 99 0.8 
6152 22 0.9 23 0.9 26 0.4 36 1 60 0.9 65 0.9 89 0.3 90 0 
6328 2 0.4 22 0 65 0 84 0.9 88 0.8 99 0 
6459 15 0 22 0 48 0.3 51 0.8 53 0.7 55 0 64 1 81 0.8 
6657 22 0 86 0.5 
6817 16 0.5 96 0 
6961 22 0.8 29 0 36 1 40 0 53 0.3 59 0 87 0.6 
7131 37 0 
7299 27 0 39 0 55 0.7 78 0 
7349 76 1 
7370 10 0.9 12 0.4 26 1 39 0 54 0 56 0 70 0.8 78 0 82 0 
7412 0 0.5 32 0.9 46 0.6 52 0.5 65 0.5 80 0.3 88 0.6 89 0 97 0.6 98 0.8 
7447 0 0.3 1 0 14 0.9 28 0.4 34 0.4 70 0.6 73 0.4 74 0.3 88 0.9 
7562 52 0 90 0.9 98 0 
7588 2 0.4 19 0.8 36 0 57 0.5 68 0.4 
7680 12 0 36 0.6 54 0.3 67 0.3 72 0 76 0.7 77 0.3 82 0.4 91 0.4 99 0.7 
7720 10 0.7 11 0 14 0.8 20 0 41 0.9 46 0.9 51 0.3 58 0.4 75 0 98 0 
7748 23 0 44 0.7 45 0.6 
7792 10 0 23 0.5 38 0.9 46 0.9 49 0.6 64 0.7 65 0 76 0.3 77 0.7 
7844 18 0.8 40 0.6 57 0.7 61 0 72 0.8 84 0.3 95 0.3 
7901 97 0.6 
7934 1 0.5 25 0 40 1 53 0.8 57 1 66 0.4 
7999 3 0 8 0 14 0.4 20 0.4 31 0.4 69 0 82 0.5 
8043 0 0.6 23 0.8 28 0.4 33 0.5 82 1 
8138 23 0.9 24 0 36 0.4 50 0.6 53 0 54 0.5 58 0 71 0.3 78 0.5 95 0.6 
8185 44 1 47 0.8 56 0.4 98 0.6 
8479 15 0 16 0.8 43 0.4 73 0 80 0 
8557 11 0.3 24 0.4 42 0.6 86 0.3 87 0.5 
8605 15 0 33 0 59 0.4 61 0.8 
8631 7 0 17 0.9 30 0.9 62 0.3 72 1 76 0.4 
8637 36 1 47 0.8 56 0.8 
8670 10 0.3 19 0.8 36 0 44 0 53 0.9 62 1 97 0.8 
8762 9 0 16 0.6 34 0 35 0.8 66 0 96 0.5 
8800 3 0 23 0.7 59 1 65 1 76 0.5 82 0.5 83 0.3 95 0 
9121 34 0.7 63 0.9 
9416 4 0.9 14 0 39 0 48 0.6 54 0.4 58 0 68 0 91 1 96 0.9 
9478 6 0.6 48 0.6 52 0.7 53 1 63 0.8 72 0 81 1 
9487 22 0.8 30 0 37 0 43 0.7 53 0 58 1 79 0.7 
9677 22 0.3 52 0.4 68 0.3 80 0 92 0 97 0.8 
9757 0 1 6 0.9 38 0 43 0 58 0.4 
9791 28 0 
