100
31 10 0.7 19 0.7 42 1 65 0.5 67 0.8 71 0 81 0.6 95 0.5 
44 5 0.7 14 0.9 29 0.7 76 0.9 85 0.8 91 0.8 98 0.5 
115 12 0.4 23 0 58 0.8 64 1 94 0 98 1 
136 9 0 33 0.4 35 0.4 
235 3 0 14 1 22 0.5 26 0.4 51 0 53 0.4 62 0.8 63 1 73 0 78 0.9 
292 23 0 35 0.5 49 1 60 0 70 0.3 80 0.4 96 0.8 99 0 
441 40 0.3 52 0 69 0.8 83 0.8 88 0 95 0 
607 8 1 15 0.3 31 0 40 0.3 68 0 89 0.6 90 0 92 0.9 93 0 98 1 
659 50 0.4 88 0.4 
675 8 0.7 15 0.4 33 1 41 0 45 0.3 82 0.7 88 0.5 91 0 
783 44 0.9 47 1 
832 21 0.8 46 0.5 54 0 
864 13 0 20 0.3 67 1 71 0 77 0.5 90 0.8 94 0.8 
875 5 0.7 25 0 50 0 55 0.4 
1029 14 0 18 0 
1078 0 1 99 0 
1101 9 0 27 0.3 29 0.4 30 0.3 55 0.9 56 0.7 62 0.3 72 0 79 0.4 
1103 79 0.6 
1124 3 0.6 4 0 35 0 43 0 54 0.4 65 0.4 72 0.6 81 1 84 0.6 85 1 
1287 16 0.6 
1359 20 0 21 1 39 0.9 48 1 49 0.9 59 0.8 64 0.3 74 0.8 
1373 5 0 45 0.9 63 0.3 70 0.6 71 0.9 79 0.8 95 0 98 0 
1541 68 0.9 82 0.6 91 0 
1558 29 0 30 0.6 38 0 47 0.9 48 0.3 52 0 56 0 60 0.4 63 0.9 87 1 
1568 44 0.6 48 0.6 
1612 22 1 24 0.7 28 0.4 30 0.7 56 1 87 0.5 89 0 97 0 
1645 32 0.7 
1664 14 0 77 0 88 0.7 
1742 5 0.3 52 0.8 58 0 69 1 71 0.7 74 0.6 75 0 82 0.5 86 1 94 0.3 
1910 2 0.8 7 0 28 0.3 56 0.4 62 0.4 76 0 86 1 92 0.9 
2132 9 1 16 0.8 32 0 56 0 61 0.5 65 0 80 0.5 81 0.8 87 0.7 
2216 13 1 35 0.7 42 0 53 0.7 
2316 9 0.7 51 0.9 72 0 81 0 86 0 88 0.3 99 1 
2344 15 0.3 20 0.3 37 1 40 0.4 59 0.8 72 0.8 79 0 85 0.7 
2425 68 0.7 93 0.9 
2471 13 0.9 22 0.5 24 0.9 62 1 77 0.6 88 0.8 94 0.3 
2770 6 0.9 15 0.7 21 0.5 32 1 37 0.6 47 1 55 0 67 0.4 77 0 
2818 13 0 14 0.7 93 0.3 
2866 2 0.4 19 0.5 42 0.7 53 0 61 0.8 64 0.6 71 0.9 80 0.3 
2996 35 0.7 76 0.9 87 0.9 93 0.9 
2997 0 0 5 0.8 35 0 37 0.6 84 0.4 
3144 1 0 28 0 32 1 39 1 41 0.5 58 0.7 82 0.5 84 0.9 86 0.3 97 0.3 
3275 1 0.4 31 0.4 
3323 2 1 22 0 35 1 45 0.9 56 0 60 0.5 71 0.6 84 0.7 94 0 
3435 6 0.8 
3478 3 0.6 5 1 16 0.5 39 0 47 0.4 48 0 57 1 60 1 66 1 78 1 
3599 11 0.3 30 0.9 42 0 54 0.3 56 0.4 60 0.8 77 0.4 
3635 0 0.7 5 0 14 0.3 20 1 21 0 37 0.5 63 0 77 0 90 0.6 97 0.9 
3661 13 0.8 51 0.5 
3749 36 0.5 57 0.6 91 0.5 
3776 25 0 
3879 7 0.3 22 0 63 0.9 75 0.9 83 0 84 0.4 97 0.6 
4016 39 0 72 0.9 94 0 97 0.9 
4246 7 0.9 12 0.4 63 0.6 80 0 87 0.9 88 0.9 96 0.8 
4261 0 1 11 0.7 22 1 38 0.7 74 0 77 0 
4841 15 0.5 23 0.6 36 0.4 51 0.4 64 0 65 0 66 0.8 70 0 82 0.6 99 0.4 
4926 7 0.8 17 0.3 18 0.6 64 0 75 0.8 78 0.4 88 0.6 93 0.4 
4966 22 0.4 27 0.7 31 0.4 37 0.6 72 0 77 0.4 80 0 81 0.3 88 1 99 0 
5065 10 0.4 25 0 37 0.3 53 0.6 68 0.4 
5296 7 0.3 17 0 29 0 96 0.5 98 0.6 
5466 9 0.3 16 0.7 23 0.5 38 0.4 40 0.3 43 1 46 0.7 59 1 96 0.5 
5524 16 0.7 21 0.8 22 0.4 23 0.7 29 0.7 38 0.8 47 0.9 57 0 83 0 90 0.5 
5551 1 0.3 17 0.7 27 0 43 0.7 69 0.6 70 0.4 89 0.3 
5560 14 0 17 0.3 30 0.6 34 0.6 78 0.6 80 0.9 
5574 3 1 18 0.7 20 1 38 0.8 48 0.8 61 0.6 63 0.5 90 1 
5645 54 0 94 0 
5754 7 0.4 20 0.9 47 0.4 88 0.5 
5867 93 0.4 
6004 4 0 42 0.3 80 0.6 
6012 17 0.5 26 0 89 0.3 90 0.9 
6034 1 0.6 9 0.9 93 0 
6053 29 0.7 37 0.9 42 0.6 60 0.9 87 0.3 90 0.5 91 0.8 92 0.3 
6430 26 0.9 45 0.5 64 0 
6501 7 0.3 13 0 16 0.4 38 0.7 45 0.8 60 1 64 0 67 0.6 68 0 93 0 
6604 11 0.8 19 1 40 0.8 56 0 66 0.8 68 0.8 71 0.7 76 0.4 93 0.4 94 0 
6612 12 0.8 31 0.3 51 0 
6824 2 0.4 21 0.9 29 0 49 0.8 56 0.5 57 0.7 71 1 73 1 98 1 
7080 13 0.6 27 0 
7171 25 0.4 38 0.9 96 0 
7313 9 0 14 1 20 0.3 31 0.3 44 0.5 
7429 10 0.8 38 0.3 42 0 59 0 61 0.3 78 0.8 83 0.4 93 1 
7588 2 0.5 19 0.4 36 0.3 57 0.4 68 0.8 
7666 4 0.3 12 0 57 0 
7735 23 0.9 27 0 59 0.6 88 0 
8049 3 1 10 0 33 0.9 41 1 55 0.9 75 0.4 81 0.5 86 0 
8115 4 0.4 12 1 15 0.7 19 0.4 20 0.8 39 0.9 44 0.3 58 0.5 70 0.4 83 0.9 
8123 7 0.8 9 0.3 21 0 22 0.9 53 0.3 66 1 68 0.7 74 0.7 88 0 89 0.6 
8263 29 0 66 0.5 74 0 
8290 37 0 46 1 66 0.6 83 0.4 85 0 86 0.5 92 0.4 
8764 26 0.6 51 0.9 
8814 7 0.8 43 0.7 75 0 96 0.4 
8824 4 0.6 30 1 55 0 68 0.3 74 1 
9102 21 1 
9235 2 0.7 10 0.3 19 0 22 0.6 26 0.6 
9306 27 0.8 78 0.4 
9673 8 1 20 1 49 0.5 61 0.6 65 0.3 84 0.3 
9850 0 0.8 10 0.9 33 0.4 35 0 69 0.6 84 0.8 
9942 41 0.7 81 0.6 
9952 6 0.5 19 0 28 0.3 30 0 43 0 61 0.6 79 0.3 
9974 22 0.9 40 0.6 52 0.3 72 0 73 0.9 98 0.4 99 1 
