100
1 69 0.6 
8 11 0 29 0.9 41 0 78 0 88 0.3 
93 2 0.4 4 0.7 22 0 25 0.4 48 0 49 0 62 0 89 0.4 
189 4 0.9 89 0 
193 22 0 68 0 
388 3 0 23 0.7 24 0.6 32 0.6 73 0 78 0.7 81 0.4 89 0.6 96 0.8 
443 49 0.3 54 0.3 
474 6 0.8 40 0.7 
555 25 0.4 57 0.7 
901 39 0.8 82 0.6 89 0.9 
918 13 0.6 18 0.5 19 0.5 28 0 41 0.8 76 0.9 98 0.3 
965 13 1 23 0.5 30 0 35 0.5 53 0.5 62 1 65 0.3 69 0.4 75 0.5 85 0.7 
973 5 0 22 0 23 0.7 35 0.8 50 0 67 0.4 77 0.8 82 0.5 88 0.3 
1076 45 0.5 
1135 41 0 70 0 
1156 14 0.3 18 0.9 23 0.4 47 0.3 53 0 93 0 95 0 
1165 4 0.8 12 0 13 0 30 0.3 35 0.6 67 0 91 0.4 92 0.9 98 0.3 
1174 98 0.4 
1262 31 0.9 38 0.5 41 0.4 
1405 94 0.9 
1426 0 0 9 0.7 23 0 28 0.4 38 0.6 46 0 47 0 51 0 55 0.8 61 0.4 
1496 0 1 17 0.8 23 1 29 0.9 
1536 44 0.5 48 1 51 0.5 65 0.7 80 0.4 87 0.5 90 0 95 0 99 0.3 
1549 44 1 75 0.3 81 0.8 91 0 
1762 3 0.3 7 0.3 18 0.8 20 1 47 1 54 1 87 0.9 91 0 98 0 
1853 65 0.6 87 0 
1867 8 0.6 10 0.7 27 0.8 50 0.4 
1979 2 0.6 40 0.6 52 0.6 57 0.4 62 1 86 0 88 0 99 0.3 
2074 3 0.4 8 0 21 0 28 0 29 0 36 0.8 59 0.4 74 0.5 83 0.8 
2106 1 0.6 7 0.4 15 0 25 0 48 0 51 0.4 64 0.8 72 1 95 0 
2205 37 0.3 38 0 42 0 45 0.5 77 0.3 81 0 88 0.6 
2271 8 0.3 19 0 25 0.3 28 0.4 34 0.6 62 1 71 0.5 72 0.3 73 0.5 99 0 
2363 4 0.3 13 0.5 18 0.3 47 0.4 50 0.6 59 0.3 74 0.5 78 0.9 84 0.6 96 0 
2562 37 0.3 
2632 2 0.3 40 0.7 47 0.7 67 0 87 1 
2679 38 0.7 39 1 70 0.4 93 0.3 
2726 19 0.5 46 0.4 57 0.5 82 0.4 
2730 29 0.9 53 0.9 
3160 32 0.3 48 0.7 58 0.7 65 0.4 
3166 2 0 11 0.7 13 0.9 18 0 34 0.8 35 0.4 60 0.9 81 0.5 90 0.5 91 0.7 
3202 47 0 65 0.8 
3316 0 0.9 19 0.4 67 0 68 0.6 82 1 
3367 7 0 8 0 11 0.3 22 0.9 31 0.5 61 0.8 63 0 64 0 86 0.4 
3800 58 0.3 
3963 33 0.5 47 0 56 0 
4068 97 0 
4096 13 0.7 14 0 16 0 91 0 
4173 3 0.8 14 0.7 56 0.9 67 1 80 0 
4176 8 0.7 24 0 84 0.6 86 0.4 89 0.6 91 0 93 0.9 
4223 7 0.3 25 1 33 0 36 0.6 40 0 66 0.5 93 0.9 
4320 27 0.3 29 0 31 0 49 0.9 56 0.5 80 0.9 90 0.8 
4447 33 0.9 
4527 1 1 3 1 50 0.8 58 1 
4589 16 0 23 0 25 0.8 30 0 32 0.5 35 0 53 1 68 0 98 0.6 
4764 4 0.7 64 0.3 66 0.8 
4790 3 0.5 26 0.7 34 0.4 38 0.4 60 1 64 0.7 84 0 94 0 
4832 0 0.4 16 0.4 40 0.5 48 1 89 0.7 
4976 10 0.7 33 0.4 94 0.5 
5240 31 0.8 54 0.5 90 0.6 95 0 
5320 1 0.4 10 0.6 22 0.3 37 0 45 0.8 57 0.8 71 0 79 0 80 0.8 82 0.5 
5322 35 0.5 51 0.4 99 0.9 
5341 27 0.9 37 0 42 0 45 0.8 78 0.5 
5503 1 0.3 26 1 27 0.5 57 0.8 66 0 73 0 87 1 
5876 7 0.8 12 0.4 14 0.9 51 0.3 62 0.6 84 0 95 0.3 
5979 9 0.3 56 0.7 76 0.7 
6087 10 0.8 20 0.5 22 0.6 49 0.7 52 1 53 0.7 66 0.7 67 1 92 0.9 
6664 9 0 12 0.8 14 0.5 32 0 56 1 59 0 70 0.6 76 0 97 0.3 
6780 4 0 11 0 12 0.7 31 0.7 59 0 71 0 72 0.3 81 0.7 98 0 99 0.3 
6924 4 0 17 0.6 35 0.6 36 0.7 64 0.7 70 0 99 0 
6926 5 0.3 8 1 53 0.9 72 0.7 82 0.6 97 0.7 
7006 51 0.8 53 0.4 58 0.5 67 0 69 0 70 0.5 88 0 91 0.5 95 0.3 98 0 
7044 3 0.5 4 1 12 0 14 0.4 15 0 22 0.7 26 1 39 0.3 75 0 78 0.3 
7327 14 0.6 21 0.9 27 0.7 72 0.3 83 0.3 84 0.3 95 0.4 97 0.7 
7475 0 1 2 0.7 20 0.9 28 0.3 42 0 50 0.9 54 0.3 
7751 26 0.8 35 0.7 87 0.8 
7771 2 1 3 0.5 17 0.3 18 0.4 19 0 25 0 30 1 36 0 56 0.6 87 0 
7889 7 0 41 1 48 0.6 65 0 68 0.5 84 0 87 0 
8087 27 0.8 53 0.8 
8161 2 0.3 9 0.9 16 0.6 19 1 70 0.5 76 0.5 77 0.5 85 0.8 
8252 10 0.7 11 0.3 35 0 39 0 51 0.3 81 0 82 0.9 94 0 
8376 4 0 7 0 17 0.5 27 0.5 28 0.7 30 1 61 0.7 82 0.7 
8424 20 0.8 43 0 63 0 68 0.8 99 0.4 
8685 3 0.8 7 0 26 0.9 42 0.4 68 0.8 76 0.3 90 0.3 97 0 
8805 19 0.6 79 0.6 96 0.6 
8808 15 0.4 
8876 94 0.5 
8925 1 0.5 39 0 79 0.8 97 0.5 99 0.3 
9006 16 1 21 0.4 24 0 
9048 2 0 28 0.7 29 0.6 36 1 40 0 53 0.8 70 0.7 74 0.6 76 0.6 99 0.6 
9066 12 0.9 14 0 18 0.5 21 0 22 0 47 0 78 0 90 0.5 98 0.5 
9070 11 0.6 22 0 25 0 45 0.9 84 0.9 94 0.9 
9175 47 0.4 52 0.8 65 0.7 74 0 84 0.4 90 0.7 97 0.7 
9198 33 0.4 46 1 49 0.7 59 0.8 91 0.7 
9345 12 0.8 22 0 30 1 31 0 35 0.9 50 1 58 0.4 85 1 97 0.7 
9431 22 0.4 69 0.5 70 0.4 81 0 92 0 93 0.3 
9551 13 0.3 22 0.7 23 0.3 34 0 64 0.6 65 0.7 81 0.4 96 0 
9562 75 0.3 
9702 11 0.9 18 0.4 43 0.8 78 0 
9762 18 0.5 32 0.5 41 0.7 52 0 55 0.3 62 0 74 0.8 76 0 
9771 10 0.8 69 0.3 77 0.8 85 0.5 89 0.8 98 0 
