100
51 48 1 51 0 56 0.3 57 0.5 63 0.7 85 0.7 92 0.9 
71 7 0.7 17 0.7 42 0.4 59 0.8 76 0 79 0.3 85 0.5 95 0.3 
292 23 0.6 35 0.9 49 0.8 60 0.8 70 0.9 80 0 96 0 99 0.7 
323 3 0.6 14 0.6 20 0 48 0 72 0.3 
484 35 1 49 0.6 52 0.9 81 1 95 0 
489 18 0 75 0.7 78 0 
648 32 0 33 0.3 44 0 48 0.5 67 0.9 73 0.8 
658 5 0.8 23 0.7 35 0.3 48 0 75 1 
712 16 0 19 0.4 45 1 66 0.6 75 0 77 0 94 0.9 
732 1 0.7 22 0.3 26 0.9 38 0 40 0.6 72 0.5 84 0.7 92 0.5 98 1 
910 13 0.7 15 0 49 0 58 0 60 0.4 69 0 74 0.4 
973 5 0.4 22 0.5 23 0.7 35 0.5 50 0.8 67 0 77 0 82 0 88 0.8 
1013 25 0 37 0.4 56 0.5 60 0 93 0 96 0.5 
1046 2 0.4 37 0.4 69 0.4 90 0.7 99 1 
1073 1 1 12 0 13 0.5 45 0.6 72 0.9 80 0 83 0.9 
1075 10 0.7 12 1 24 0.6 36 0.4 46 1 51 0.4 52 0 59 0.9 92 0.3 96 0 
1263 34 0 40 0.6 57 0 75 0 82 0.9 
1393 36 0 85 0.8 
1466 66 1 
1520 78 0.7 81 0 84 0.6 85 0.7 91 0.3 
1527 3 0 6 0.5 13 0 23 0.4 30 1 36 0.8 56 0.7 85 0 91 0.6 
1579 0 1 2 0.9 4 0 46 0 
1672 21 0.9 45 1 48 0 52 0.8 55 0.4 60 1 64 1 74 0 88 0.7 99 0.6 
1676 10 0 38 0 46 0 47 0 48 0.4 87 0.4 98 0.8 
1753 2 0.3 5 0.5 33 0.9 38 0.5 40 0.4 45 0.8 48 0.8 68 0 83 0 98 0 
1832 10 0.3 29 0 41 0 43 1 44 0 49 0 
1994 95 0.8 
2093 6 0.5 61 0 82 0.3 96 0.6 
2202 47 0.4 
2254 15 0 39 1 95 0 
2404 4 0.6 43 1 98 0.7 
2451 9 0.8 11 0.9 
2581 2 0.5 37 0.7 53 0.8 83 0.6 91 0.4 
2590 0 1 6 0.6 23 0.7 26 0 37 0.8 61 0.9 69 0 
2620 7 0 32 0.5 36 0 44 0 55 0 62 1 80 0.4 92 0.3 97 0 98 0.9 
2757 2 1 3 0.3 22 0.3 49 0.8 75 0.5 
2806 41 0 42 0 51 0 69 0 82 0 
3072 7 0 33 0.3 
3297 51 0.9 67 0 72 0.3 
3462 15 1 22 0.3 32 0.9 36 0.3 39 0.3 59 1 95 0.9 
3532 13 1 14 0.7 23 0.4 33 0 40 1 43 0.3 57 0.8 61 0.3 78 0.5 
3650 6 0.4 56 0.5 67 0.4 91 0.4 
3767 2 0.4 15 0.6 
3867 6 0.7 42 0.4 48 0.8 64 0.4 77 0.6 83 0.8 87 0 88 0.3 
3907 1 0.4 33 0 36 0.4 39 0.9 55 0.8 81 0.7 
4041 18 0 
4136 24 1 36 0.4 48 0.7 
4158 9 0.5 16 0.3 32 0.4 35 0.3 39 1 60 0 79 0.4 84 0 92 0.3 98 1 
4166 6 0.9 37 0.5 39 0.3 46 0.8 66 0.3 76 0.8 86 0.7 88 0.4 95 0.7 98 1 
4177 0 0.6 92 0.6 93 1 
4329 1 0.5 15 0 19 0.6 31 0.4 36 1 51 0 52 0.8 88 0.5 92 0.5 
4371 3 0.4 11 0.9 12 0.9 35 0.4 42 0.4 92 0.6 
4514 59 0.5 61 0 62 0.6 64 0.7 74 0.5 88 0 96 0 
4618 9 0.4 46 1 51 0.3 68 0.7 74 0.6 89 0.4 96 0.4 
4660 12 0 59 0.4 78 0.9 94 0.5 
5052 0 0.4 21 0.8 35 0.3 46 0 47 0.9 54 1 74 0.9 95 0.3 97 0.9 
5207 14 0.8 20 0.7 22 0.6 30 0.5 39 0 47 0.6 51 0.8 54 0.3 65 0.4 70 0.9 
5284 11 0 46 0.5 70 0.5 73 1 97 0.3 
5354 6 0 8 0.6 29 1 31 0.9 35 0.7 44 0 58 0 64 0.4 92 0.9 
5462 13 0.8 17 0.8 33 0 37 0 48 0 53 0 56 0.7 70 0 71 0 77 0.3 
5465 4 0.3 27 0 61 0.8 98 0.9 
5505 48 0 52 0.4 61 0.5 70 0.8 73 0 94 0.6 
5624 10 0 12 0.7 36 0.7 38 1 76 0.7 
5834 2 0.4 27 1 28 0.4 29 0.5 50 0 66 0.3 99 0.8 
5897 6 0.7 28 0.6 36 0.4 60 0.6 68 0.3 69 0.3 72 0.6 73 0.4 75 0.9 92 0.3 
5976 15 0.4 69 0.7 72 0.8 75 0.6 86 1 
6070 0 0.5 24 0.5 32 1 33 0.7 43 0.4 48 0.8 82 0.3 99 0.9 
6130 35 0.3 93 0.5 
6137 9 0.5 22 0.4 26 0 28 0.8 50 0.3 68 0 80 0 82 0.9 91 0 93 0.6 
6185 1 0 20 0.6 30 0 31 0 45 0.4 48 0.6 75 0.5 82 1 
6289 64 0 
6389 6 0.7 80 0 
6900 11 0.3 47 0 95 0.8 
7083 10 0.5 20 0.9 55 0 69 0 75 0.4 88 0.3 90 1 97 0.3 
7220 18 0.3 19 0.6 27 0.5 30 0.8 47 0.7 51 0.7 68 1 84 0 86 0.5 
7229 31 0.5 35 0 76 0.9 98 0.9 
7424 13 0.7 28 0 82 0.3 
7592 5 0.4 27 0 31 0.3 56 0.9 57 0.8 58 0.6 66 0.4 82 1 89 0 95 0 
7634 30 0 55 0.5 56 0.6 73 1 74 0.9 
7672 17 0.9 23 0.7 31 0.7 43 0 56 0.4 75 0.9 77 0 
7882 1 1 4 0 42 0 48 1 62 0.5 68 0.6 95 0.4 
8088 14 0 28 1 77 0 
8093 3 0 9 0 18 1 65 0.8 78 0 80 1 98 0.9 
8124 10 0 59 0.5 80 0.3 
8202 92 0.9 
8398 47 0.7 58 0.6 72 0.5 
8717 13 0 32 1 35 0 52 0 
8775 0 0 6 0.5 11 0.4 16 0.4 18 1 47 0.6 62 0 91 0.4 92 0 
8795 64 0.3 
8844 6 1 39 0 
8847 3 0.5 8 0 27 0.4 47 0 60 0.6 86 1 98 1 
8955 38 0 40 0.3 57 0.9 59 0.4 91 1 
9194 17 0 24 1 32 0 36 0.6 47 0.7 49 0.5 52 0.3 63 1 90 0 94 0 
9311 0 0 24 0.3 25 0 46 1 74 0.4 90 0 
9343 21 0.7 26 0.3 30 0 49 0.7 60 0 70 0.4 85 0.6 90 0.6 98 0.5 
9450 16 0.4 30 0.8 67 0 
9471 46 1 56 0 69 0.3 86 0 
9748 1 0.5 55 0 56 0.9 68 0 78 0.4 93 0.5 95 0 
9874 28 0.9 34 0.7 35 0.9 40 0.6 62 0.5 63 0 68 0.8 80 0.4 87 0.9 
9992 52 0.7 81 0.3 
