100
52 22 0.5 45 0.7 56 0.7 
93 2 0 4 0 22 0.7 25 0 48 0.5 49 0.7 62 0.3 89 1 
121 56 0 88 0 
259 72 0 87 0.5 
347 10 0.7 29 0 41 0.8 47 0.9 67 0.4 79 0.9 85 0 93 0.9 95 0.6 
444 23 0.7 31 0.7 43 0 73 0.4 97 0.9 
631 18 0.4 55 0 
635 1 1 3 0.8 5 0.4 16 0.3 20 0.7 57 0 64 0 82 0.5 87 1 
657 24 0.7 68 0.8 76 0 
658 5 0.3 23 0 35 0.8 48 0.3 75 1 
660 16 0.4 20 0 38 0 43 0.4 52 0 63 0 64 0.5 93 0 99 0.9 
840 44 1 49 0 
849 16 0.5 
874 53 0 62 0.5 95 0.9 
914 3 0 29 0.6 34 0 62 0 64 1 92 0.6 
953 27 1 52 0.3 53 0.8 55 0 57 0 59 0.3 87 0 
1052 0 0.3 2 0 5 1 16 0.6 32 0.4 38 0 50 0.5 66 0.3 67 0.7 81 0.9 
1054 69 0 78 0 
1070 32 1 39 0 48 0.6 49 0 58 0.6 65 0.7 84 0 91 0 
1179 6 1 29 0.5 38 0.7 42 0.6 48 0.6 58 0 87 0 99 0 
1288 61 0.7 77 0.3 
1312 2 0.4 39 0.8 71 0.7 81 0.8 86 0 89 0 
1419 12 0.4 
1535 4 0.8 41 0 47 0.6 63 0 65 1 70 0.5 75 0.3 
1570 21 0.7 88 0 
1661 14 0 39 0 58 0.5 
1681 11 1 18 0.6 35 0 72 0.4 80 0.7 83 0.6 84 0.3 98 0.8 
1771 0 0.9 4 0.8 11 0 12 0.7 21 0.9 54 0.3 94 0.6 
1791 46 1 61 0.8 99 0 
1797 3 0.5 23 0.8 25 0.5 68 0.3 87 0.8 
1908 15 0.5 20 1 27 0 43 0 44 0.7 45 0.5 53 1 76 0 79 0.7 
2056 70 0 79 0 
2091 4 0.3 18 0.6 45 0 50 0.5 55 1 59 0 
2159 1 0.9 3 0 11 0.9 13 0.7 36 0.9 49 0 50 0.5 63 0 76 0 82 1 
2227 36 0.3 66 0.7 68 0.5 93 1 
2282 51 0.8 
2568 5 0 25 1 39 0.7 42 0.7 46 0 51 0 68 0 71 0.6 81 0.8 84 0.3 
2704 19 0.9 23 0.5 31 0.9 39 0 43 0 69 0.9 71 0.9 78 0 79 0.4 
2739 3 0.7 18 0 30 0.6 34 0 47 0.4 67 0.8 70 0.3 79 0 82 0.8 
2812 20 0.4 46 0.5 
2836 10 0.5 69 0.4 75 0.8 93 0 
2847 2 1 6 1 19 0.9 21 0.8 46 0 66 0.5 69 0.3 74 0.4 
2915 3 0.9 62 0 91 0.5 
2939 7 0 28 0.3 35 0 39 0.6 53 0.5 71 0.5 74 0.7 
2968 87 1 93 0 
3080 11 0.6 22 0.3 31 0.5 32 0 42 0.7 48 0 63 0.6 67 0 70 0.5 85 0 
3121 22 0.5 23 0.4 37 0 45 0 67 0.4 80 1 88 1 
3211 37 0.7 
3356 18 0.7 22 0 32 0 37 0.5 47 0.5 67 0 73 0 84 0.6 85 0.4 89 0.9 
3712 4 1 
3803 2 0 7 1 67 0.7 71 0.9 73 0 80 0 84 0 85 0.4 94 0.4 97 0 
3916 4 0.4 11 0 35 0 66 0.5 72 0 
3923 7 0.7 14 0.8 65 0 70 0 72 0 
3949 57 0.7 
4277 14 0 17 0 26 0 34 0.5 82 0.9 
4409 5 0.5 14 0.6 25 1 29 0.4 78 1 
4511 5 0.5 11 0.9 18 0.5 20 0 30 0 33 0.7 52 0.4 62 0.8 
4535 30 0.8 73 0 88 0.6 
4577 11 0.8 32 0.6 36 0.4 
4697 15 0.8 24 0 28 0.3 67 0.5 75 0.6 79 0 86 0 98 0.8 
4815 26 0.6 38 0.6 48 0 52 0.8 68 0.3 
4957 28 0.3 32 0 35 0.3 45 0.6 58 0.9 62 0 95 0.7 
5022 56 0.6 58 0.9 96 0.4 
5320 1 0.6 10 0.8 22 0.7 37 0.6 45 0 57 0.6 71 0 79 0 80 0.5 82 0 
5546 11 0.8 26 0.7 34 0.5 60 0.6 61 0.4 68 0.7 
5785 11 0.7 33 0 48 0 83 0.5 84 0.8 88 0.6 
5853 25 0 63 0.4 92 0.9 
6272 25 0.5 31 1 46 0.7 
6305 23 0.4 30 0.9 32 0.8 48 1 50 0.4 
6374 0 0.6 1 0.3 7 0 11 0.9 23 0 55 1 58 0.5 72 0.9 78 0.4 
6426 81 0.7 94 0.4 
6432 31 0.9 82 0.3 
6484 23 0.5 31 0.4 39 0.3 50 0.6 81 0.3 88 1 
6558 28 0.4 82 1 
7015 0 0.5 4 0 34 0 53 0.9 55 0 57 0.3 62 0.7 70 0 90 0.9 99 0.8 
7069 32 0.7 34 1 42 0 59 0.9 83 0.8 99 0.4 
7229 31 1 35 0.9 76 0.6 98 0.9 
7428 19 0 56 0.6 92 0.9 
7476 0 0.7 2 0.7 14 0 40 0.9 47 0.3 66 0 80 0 85 0.8 91 0.8 
7592 5 0 27 0.9 31 0.7 56 0 57 0 58 0.4 66 0.7 82 0.9 89 0 95 0.5 
7720 10 0.7 11 1 14 0.8 20 0 41 0.5 46 0.4 51 0.8 58 0 75 0.3 98 0.9 
7754 8 0.5 13 0 17 0 52 0 53 0.9 60 0.5 68 0.6 76 0.9 91 0 98 0.5 
7792 10 0 23 0 38 0.5 46 1 49 0.7 64 0.4 65 0.6 76 0.8 77 0.3 
8109 10 0.6 14 0.3 40 0 47 0.4 55 0.5 68 0 
8134 13 0.7 18 1 34 0 35 0.8 46 0 51 0.8 69 0.9 70 0.4 94 1 99 0.7 
8190 8 0.6 18 1 33 0.9 43 0 45 0.6 73 0.9 93 0.3 
8557 11 0 24 0.3 42 0 86 0 87 1 
8619 10 1 14 0 62 0.3 64 0.5 98 0 
8804 18 0.5 25 1 38 0.3 94 0 
8845 18 0 74 0.9 75 0 84 1 96 0.7 
8891 46 0.5 80 0 
8952 5 0.7 43 0 51 0.3 
9272 19 0.3 20 0 32 1 
9488 11 0 14 0.3 31 0.5 32 1 34 0 46 0 47 0.9 81 0.7 83 0.8 
9511 2 1 20 0.9 89 0 97 1 
9584 11 0.3 52 1 69 0.6 79 0.8 92 0 
9715 38 0.7 65 1 82 0.5 
9717 25 0.8 38 0.6 44 0.9 53 0 61 0 67 0.3 72 1 85 0.5 91 0.4 96 0.8 
9982 23 0.5 39 0 69 0 88 0.7 91 0 93 0.4 94 0.5 
9983 33 0.5 61 0.5 
