100
76 14 0.6 42 1 49 0 59 0.8 60 1 61 0 64 0 67 0.4 93 0 
185 9 0.4 13 0.4 17 0.3 19 0 30 0.4 32 1 35 0.7 58 0.7 83 0.7 88 0 
210 15 0 37 0.3 38 0.8 70 0 81 0.3 98 0.6 
273 94 0 
306 1 0 26 0 47 0 77 0.8 94 0.9 97 1 
336 20 0.8 28 0.9 29 0 33 0.4 65 0 76 0.8 
572 0 0.7 4 0.4 18 0.5 38 0.8 75 0.9 
769 61 0.4 98 0.7 
774 29 0 38 0 54 0.9 92 0.4 
841 5 0 61 0 99 0.6 
1036 70 0 71 0.4 
1056 4 0.3 25 1 30 1 48 0.5 55 0.4 58 0.5 62 0.8 71 0.8 83 0.7 
1174 98 0.5 
1285 5 0.8 20 0.7 37 0 41 0.9 63 0 71 0.8 
1493 9 0.6 11 0.7 16 0 28 0.4 40 0.8 81 0.5 86 1 
1501 15 0 26 0.8 53 0.7 67 0 77 0.5 
1558 29 0.4 30 0.5 38 0.6 47 0 48 0.8 52 0.3 56 0.4 60 0 63 0 87 0 
1568 44 0.7 48 0.9 
1673 15 0.5 38 0.8 42 0.3 45 0 84 0.4 92 0.7 98 0.7 
1715 13 0 45 0 98 0 
1861 15 0 
1963 66 0.7 77 1 91 0.9 94 0.5 
2195 24 0 25 0 35 0.8 67 0 87 0.6 
2244 9 0 29 0.4 40 0.7 68 0 76 0 91 0.6 92 0.3 
2391 7 0.6 
2443 5 0 19 0.5 22 0.6 23 0.3 55 0 66 1 76 0 78 0.9 86 0.3 
2538 41 1 47 0.5 72 0.5 94 0 
2568 5 0.8 25 0 39 0.6 42 0.5 46 0.5 51 1 68 0 71 0.5 81 0.8 84 1 
2593 21 0.4 53 0.5 67 0.7 
2616 23 0.5 66 0.9 75 0.4 81 0.8 94 0.3 
2757 2 0.3 3 0.6 22 0.8 49 0.9 75 0.5 
2836 10 0 69 1 75 0 93 0.7 
2860 7 0.8 46 0.3 50 0 94 0 
2935 16 0 37 0.5 47 0.8 66 0.6 71 0.4 92 0.3 97 0.4 
3053 8 1 10 0.8 13 1 29 0.6 68 0.8 81 1 86 0.7 92 0 
3243 58 0 73 0.8 95 0 
3331 18 0.7 53 1 76 1 
3475 7 0.5 50 0.9 52 0.9 63 0 69 0.6 79 0.4 
3507 0 0 14 0.8 16 0.3 18 0 32 0.8 53 0.6 78 0.7 
3687 17 0.3 
3832 7 0.8 19 0.3 21 0.8 45 0.7 72 0.6 81 0 85 0.6 
4260 28 1 66 0 91 1 97 0.6 
4673 12 0.6 
4679 21 0.5 23 0 57 0.8 59 0.7 62 1 75 0.5 90 0 
4698 23 0 25 0 34 0.8 45 0.4 79 0 87 0.4 
4724 26 0.6 28 0.9 31 1 62 0 65 0.8 95 0 
4733 37 0 39 0.9 87 0.7 
4770 42 0.8 
4964 8 0.8 9 0 38 0 41 0.9 42 0.9 61 0.4 78 0.4 
5099 50 0.4 72 0.9 
5335 10 0.9 31 0.6 34 0.6 39 0.9 61 0 82 0.3 99 0 
5696 56 0.8 61 0.6 65 0 82 0.9 
5878 8 0.5 35 0.3 69 0.5 
5908 6 0.7 26 1 45 0 46 0 79 0.9 80 0 
6139 11 0 12 0.6 22 0.3 23 0 43 0 60 0.7 
6288 30 0.3 39 0 42 0 53 0.3 62 1 83 1 91 0.9 94 0.5 
6460 0 0 8 0.3 37 0.5 78 0 
6625 6 0 8 0.4 14 0.3 24 0.3 30 0.5 42 0.3 70 0 83 0.3 96 0.4 
6681 27 0.9 
6725 9 0.4 18 0.8 20 0 39 0.3 42 0.5 66 1 73 0 77 0.3 81 0 92 0 
6748 82 1 97 0.7 
6796 4 0.6 33 1 70 1 
6843 4 0.8 7 0.6 13 0.9 60 0.3 71 0.5 84 0.9 
6898 27 0 35 0.3 41 0 47 0 50 0.9 62 0 99 1 
7024 35 0 42 0.9 76 0 89 0.9 
7055 30 0.4 60 0.4 80 0 93 0.6 95 0.4 
7321 26 0 36 0.7 39 0.4 65 0.4 70 0.3 82 0.4 94 0 97 0.3 
7421 36 1 57 0.8 70 0 
7580 18 0 
7649 12 0 16 0 26 0.6 35 0 40 0 78 0 80 0.3 84 1 
7689 20 0.6 43 0 49 0 68 0.5 73 0.3 78 0.3 
7851 13 0.5 57 0.7 99 0 
8109 10 0.3 14 0 40 1 47 0.8 55 0.4 68 0.6 
8111 20 0.9 
8282 23 0 38 0.9 62 0 70 0.8 78 1 89 0 
8287 29 0 42 0.4 
8530 6 0.7 47 0 61 0.9 62 0.8 65 0 88 0.7 
8553 9 0 87 0.8 90 1 
8680 12 0 30 0.8 53 0.5 58 0.9 
8686 3 0.8 23 1 28 1 33 0.8 40 0.5 53 0.9 57 0.9 82 0.5 
8778 20 0.8 22 0.3 25 0.5 31 0 34 0.8 54 0.6 59 0 72 0.8 
8804 18 0.9 25 0.3 38 1 94 0.5 
8832 36 0.4 65 0 
8869 61 0.6 71 0.6 77 0.9 
8897 4 0 39 0.8 
8925 1 0.6 39 0.8 79 0.8 97 0.9 99 0 
9088 8 0.7 79 0.7 85 0 
9128 52 0.6 
9310 8 0.5 10 0.7 15 0.3 29 0 58 0.5 59 0.6 75 0.4 90 0.4 
9344 81 0 85 0.9 
9445 8 0.5 11 0.7 12 0.3 18 0.7 28 0.8 46 0.6 60 1 67 0 90 0 93 0 
9484 48 0.3 89 0.9 
9601 6 0 17 0.3 36 0.8 37 0.3 64 1 65 0.8 67 0.6 75 1 81 0.8 
9714 1 1 2 0.3 9 0 26 0 28 0.3 30 1 32 0.5 37 0 79 0 
9722 0 0 18 0.9 58 0.3 61 1 63 0.3 73 1 91 0.5 
9898 2 0 4 0.3 41 0.4 60 0.7 71 0.3 83 0.9 91 0.9 93 0 95 0 
9920 23 0.4 43 1 77 0.7 80 0.9 99 0 
9928 29 1 60 0 71 0.3 82 0.4 94 0.8 
9930 6 0.9 12 0 16 0.5 40 0.4 43 0.8 50 0.5 52 0.3 65 0.9 80 0 85 0 
9944 1 0.7 5 0.9 14 0.7 60 0.3 90 0.5 
