100
1 69 0.9 
89 56 0.8 96 0.5 97 0 
159 0 0.8 11 0 15 0.3 17 0 18 0 22 1 64 1 75 0.6 90 0.4 96 0 
182 9 0 52 0 54 0 64 0.5 92 0 96 0.3 
197 36 0.4 54 1 72 1 73 0.6 91 0.7 
264 8 0.8 13 0 37 0.6 46 0 60 0.6 74 0 82 0.3 
299 29 0 35 0.5 36 0.5 83 0.4 
362 2 0.3 22 0.5 32 0 93 0.9 
413 2 0.3 7 0.4 34 1 
568 9 0.8 18 0.6 40 0.4 
644 11 0.8 19 0.9 35 0 59 0.3 65 0.8 79 1 90 0.9 98 0.4 
645 2 0.9 9 0 14 0.9 28 0.3 93 0.4 
652 23 0.6 49 0.8 51 0.4 59 0.3 70 0.5 77 0.7 89 0 90 0.7 91 0.4 
669 8 0.5 27 0 41 0.8 45 0.4 56 0.9 80 0.3 96 0 
754 7 0.9 10 0 29 0.9 54 0 63 0 93 0.9 97 0.3 
830 9 0 45 0.9 46 0.3 51 0.7 62 0.4 67 0.5 90 0.3 91 0.5 94 0.3 95 0.6 
936 4 0.5 7 1 9 0.3 23 0 50 0.4 66 0.7 86 0.3 95 0.6 
948 5 0.7 8 0 22 0.9 23 0.9 27 0.6 87 0 89 0 96 1 
989 7 0.8 15 0.8 34 0.5 61 0.7 64 1 76 0 82 1 91 0.9 
1075 10 0.8 12 0.6 24 0.3 36 0.3 46 0 51 0.5 52 0.6 59 0.8 92 0.7 96 1 
1218 2 0.8 13 0.3 37 0 55 0.3 64 0.4 69 0.5 78 0 
1265 0 0.8 6 1 13 0.3 31 0.4 40 0.9 46 0.3 85 0 97 0.3 
1299 60 0 
1372 48 0.5 55 0.8 87 1 89 0 98 0.3 
1416 7 1 47 0.3 48 0.6 64 0 98 0.3 
1453 5 0.4 88 0.5 
1554 6 0 19 0.8 27 0.8 34 0.5 
1643 12 0.4 13 0 19 0.9 23 0.8 47 0 76 0 95 0 99 0.3 
1693 17 0 66 0 70 0.3 77 1 89 0 
1789 5 0.8 19 0.3 53 0 54 0.8 67 0.6 68 0 84 0.5 88 0 89 0 90 0 
1897 47 0.4 54 0.8 73 0.5 82 0.6 90 0.9 94 0.6 95 0 
2309 1 0.7 24 1 29 0.6 42 1 46 0.9 75 0.8 91 0 
2342 10 0.4 19 1 24 0.8 35 0.5 58 0.9 63 0.9 89 0.6 
2415 4 0.3 6 0.3 14 0.6 19 0.8 20 0.8 79 0.3 80 0 98 0.5 
2432 1 0 19 0.5 21 0 24 0 41 0.5 44 0.7 47 0.6 49 0.4 76 0.8 98 0 
2434 23 0 77 0 84 0.7 
2440 57 0 
2454 8 0.7 10 0.9 17 0.5 42 1 51 0 56 0.3 65 0 73 0.8 81 0.3 91 0 
2591 0 0 4 0 12 0.4 21 0 22 0.9 46 0.4 57 0.8 79 0 80 0.3 
2619 14 0.3 26 0.6 30 1 62 0 76 0.8 88 0 90 0.8 
2624 81 0 
2662 3 0 25 0.8 42 0 43 0.4 63 0.8 73 1 88 0.3 
2809 90 0 
2828 2 1 5 0.3 15 0.5 22 0 23 0.5 27 0.8 64 0.9 91 0 97 0.8 
2834 89 1 
2862 6 0.5 55 0.6 64 0.4 
2998 9 0 11 1 13 0.8 62 0 86 0 91 0.8 
3029 35 0 52 0 66 0.4 97 0.8 
3104 0 0.4 19 0.7 20 0.8 45 0.5 66 0 83 0.9 
3520 1 0.7 6 0.4 
3664 25 1 37 0.6 56 0.6 74 0.3 
4342 99 0.5 
4445 13 0.7 25 0.8 28 0.9 37 0 39 0.8 47 0.8 49 0.5 57 0 72 0.7 93 0.6 
4453 13 0.7 36 0.5 68 1 71 0.4 
4511 5 0.7 11 1 18 0.7 20 0.7 30 0.8 33 0 52 0.7 62 0.8 
4542 24 0.9 45 0.9 51 0.8 71 0.9 82 0.3 84 0.7 
4652 0 1 1 0 12 1 17 0 33 0 39 0 91 0.8 
4832 0 0 16 0 40 0.7 48 0 89 0 
4880 7 0 10 0.7 22 0.8 23 0.8 24 0.7 32 0 50 0 73 0 80 0 99 0.7 
4895 41 0 46 0 59 0.4 78 0.7 79 0.4 83 0.3 84 0 95 0 99 0.7 
4933 7 0 44 0.6 45 0.9 58 0 76 0.3 86 0.9 90 0.6 91 0.7 
5037 7 0 10 0.5 33 0.7 53 0.6 58 0.9 62 0.3 63 0.9 89 0.7 91 0.5 
5195 54 0.7 93 0 98 0.7 
5231 22 0 38 0.5 39 0 47 1 48 0.5 91 0.8 96 0.6 
5384 2 0.7 
5455 21 0.8 73 1 80 0.9 
5502 41 0.3 52 0.4 76 0.5 77 0 83 0.4 
5669 3 0.7 5 0.6 25 0 33 0.8 41 0.6 50 0.9 53 0.9 75 0.4 76 0.4 99 0.3 
5698 0 0.4 30 0.4 37 0.9 38 0.9 41 0.9 47 0.6 76 0.3 
5712 30 0.6 70 0.9 97 0.3 
5752 4 0 18 0 19 0.8 36 0.3 46 0.5 48 0 71 0 72 1 75 1 81 0.6 
5772 3 0.4 15 0.6 38 0 87 0.4 89 0.8 
5958 2 1 11 0.4 39 0 67 0.8 95 0 97 0 
6032 9 0.8 17 0 28 0 31 0.5 33 0.9 48 0.8 73 0.4 87 0 99 0.8 
6040 21 0 31 1 36 0.3 47 0.6 54 0.9 57 0.7 67 0.6 68 0.3 83 0.5 
6090 1 0.9 5 0.4 28 0.3 46 0.3 49 1 50 0.7 80 0.5 
6482 6 0.4 10 0.9 12 0 37 0.9 45 0 57 0.3 60 0.6 62 1 66 0.9 
6791 0 0.4 2 0.8 7 0.7 17 0 19 0.8 22 0.9 77 0.9 82 0.7 92 0.7 
6825 10 0.7 34 1 39 0.6 81 0 84 0.3 
6880 39 1 57 0.6 66 0.5 76 0.8 94 0.4 
7076 36 0.9 41 0.7 44 0 50 0 56 0 79 0 85 0.7 95 0.8 
7093 81 0.4 
7168 2 0.4 7 0.5 17 1 39 0.8 68 0.3 85 0.4 
7402 15 0 66 0.3 74 0.9 81 1 
7526 7 0.6 24 0.8 25 1 52 0.3 70 0.3 
7923 8 0.8 22 0.8 37 0 62 0 
8264 14 0.6 40 0.8 42 0.3 47 0.5 
8349 16 0 21 0.9 32 0 41 0.4 52 1 55 0.5 56 0.4 62 0.5 94 0 
8385 6 0.8 65 0.3 67 0.9 
8538 81 0 
8555 45 0 49 0.3 52 0.7 84 0 93 0 
8846 10 0.5 50 0.9 75 0.6 
8859 43 0 47 1 52 0.6 53 0.8 68 0.6 74 0.8 
9039 21 0 55 0.6 64 0.7 74 0 79 0.6 94 0.7 
9092 1 0.3 5 0.7 33 0 49 0 50 1 63 0 71 0 
9204 32 0.3 73 0.3 82 0 
9274 12 0 25 0.4 31 0 64 0 87 0 
9280 17 0.6 35 0.5 58 0.9 75 0.7 95 0 
9649 7 0.3 18 0.6 26 0.3 27 0.9 46 0 55 0.7 62 0.3 89 0 91 0 97 0.3 
9713 18 0.7 49 0.9 79 1 
