100
119 0 0.7 1 0.3 28 0.4 36 0 41 0.8 42 0.4 61 0.3 73 0 
127 1 0.5 9 0.6 11 1 57 0.7 76 0 88 1 
166 20 0 40 0.7 44 0.9 49 0.5 50 0.8 66 0 80 0.7 82 1 84 0.4 93 0.6 
296 1 0 10 0 12 0.8 17 0 29 0.4 40 0 59 0.4 67 0 71 0.9 
336 20 0.9 28 0.6 29 0.5 33 0.9 65 0 76 0 
373 78 0.5 90 0 
467 16 0.9 21 0.4 23 0 25 0.4 32 1 34 0.6 41 1 59 0.9 63 0.5 72 0.6 
549 5 0.6 9 1 12 0.8 16 0.5 61 0 62 0.5 63 0 80 0.4 87 0.3 94 0.7 
794 12 0.8 
976 35 0.3 49 0.5 57 0.4 78 0.9 
1128 44 0 49 0 73 0.4 
1132 22 0.5 31 0 88 0.9 96 0.7 
1179 6 0.4 29 0 38 1 42 0.5 48 0.4 58 0.8 87 0.7 99 0.8 
1216 44 0.8 82 0.8 89 0.8 90 1 
1339 17 0.3 52 0 
1390 71 0 
1527 3 0.3 6 0.9 13 0 23 0 30 0 36 1 56 0 85 0.4 91 1 
1595 69 0 80 0 
1614 32 0 37 1 43 0.5 65 0.6 84 0.4 86 0.6 92 0.3 
1703 1 0.5 36 0.5 37 1 57 0 67 1 
1768 7 0 12 0 14 1 33 0.7 46 0.3 52 0.3 74 0 88 0 96 0.5 
1778 29 0.3 40 0 98 0 
1812 6 0.5 12 0.5 58 0.7 59 0.7 65 1 69 0.5 77 0.5 84 0 85 0.6 97 0.5 
1938 12 0.6 19 0.5 46 0 56 0.8 62 0.7 75 0.5 82 0.4 90 0 
2151 6 0.8 25 0.8 45 0.8 51 0 63 0.4 82 0.9 
2160 52 0 83 0.6 93 0.7 
2198 5 0.8 45 0.3 
2235 7 0.5 31 0 76 0.4 
2241 2 0.7 8 0.7 21 0 50 0.4 53 0.7 63 0 64 0.3 73 0.4 83 0 
2270 93 0.6 
2385 9 0.5 20 0.4 79 0.8 80 0.4 
2648 10 0 30 0.4 39 0.4 46 0 51 0 66 0.5 76 0 80 0.6 
2651 13 0.4 41 0 46 0 47 0.8 51 0.4 55 0.5 72 0.6 73 0 86 1 98 0.4 
2656 3 0 5 0.8 41 0.5 48 0 55 0.8 65 0.4 85 0.3 99 0.3 
2689 15 0.8 31 0.9 49 0.3 63 1 66 0 78 0.6 80 0 89 0.3 91 0.3 
2811 2 0.8 5 0 14 0.6 19 0 34 0.7 55 1 56 0 79 0 85 0.8 99 0.6 
2888 18 0.5 28 0.8 37 0.4 75 0.6 80 0 82 0 89 0.3 
2922 97 0 
3074 6 0.5 12 0.9 20 0.7 23 0.4 45 0.6 53 0.4 60 0.6 79 0 
3078 5 0.8 63 0 
3261 2 1 14 0.5 26 0.3 36 0 57 0.5 94 0 96 0 
3371 60 0.3 86 0.4 98 0 
3412 41 0 73 0.4 79 0 
3456 2 0 45 0 96 0.7 
3486 2 0 16 0.9 49 0.6 53 0.9 67 0.8 70 0 90 1 96 0.4 99 0.8 
3547 25 1 40 0 69 0.5 87 0.6 
3708 35 0 69 0.4 
3760 23 0.3 64 0 95 0.3 
3969 10 0.7 22 0.8 27 0.5 64 0.5 76 1 79 0.8 80 0 87 0.3 93 0 97 0.9 
4031 68 0 
4155 1 0 13 0.9 30 0 59 1 65 0 85 0 
4233 2 0 5 0 12 0.6 26 0.9 38 0 88 0.9 
4264 7 0.8 31 0.7 35 0.8 61 0.4 
4811 29 0 32 0 
4942 33 0.3 37 0.4 85 0.7 92 0.3 
4943 3 0 4 0.8 5 0.9 7 0.6 30 0 39 0.9 85 0.5 
4968 70 0.4 77 0.9 86 0.9 
5093 64 0.4 74 0.9 
5130 48 0.5 70 0 
5204 33 0 44 0.4 51 0.7 55 0.3 67 0 75 0 90 0.7 96 0 98 0.6 
5297 0 0.8 40 1 
5326 27 0.7 50 0.4 82 0.9 87 0.8 89 0.5 
5561 27 0.8 59 0 68 0 71 0 96 0 
5785 11 1 33 0.6 48 0 83 0 84 1 88 0.8 
5977 0 0 28 0.3 31 0 36 0.3 83 0 
5996 4 0.7 16 0.7 22 0 56 0.9 58 0.7 80 0.8 81 0 97 0.9 
6030 45 0 
6047 35 1 37 0 84 0.3 
6112 64 0.9 
6297 4 0.8 10 0.9 23 0 26 0 36 0.4 47 0 56 0.6 72 0.7 84 0.7 91 0.3 
6547 5 1 20 0.3 49 0 51 0 61 0.9 96 0 99 0.3 
6807 6 0 7 0.8 22 1 32 0.8 75 0 
6852 13 0.9 16 0.5 22 0.6 56 0 72 1 83 0.9 
6863 19 0.9 46 0.9 76 0 84 0.9 
6971 15 0.4 23 0 
6979 18 0.7 21 1 59 0.9 63 0 96 0.6 
7017 23 0 29 0.4 30 0.6 57 0.8 60 0 79 0.6 80 0 81 0.7 
7158 22 0.7 41 0 45 0.9 52 0.4 60 0.6 61 0.9 66 1 85 0.3 86 0.3 93 0.7 
7382 5 0.9 13 0 16 0 52 0 59 0.8 71 0.5 74 0.3 79 1 81 0 90 0 
7523 5 0.3 13 0.5 14 0 58 0.9 92 0.9 
7688 64 0.9 
7804 1 0.7 11 0 28 1 38 0.8 54 0.8 75 0.5 82 0.7 92 1 
8212 43 0 66 0.7 
8231 91 0.5 
8349 16 0.6 21 0.5 32 0 41 0.9 52 0.7 55 0.4 56 0.8 62 1 94 0.3 
8495 3 0.6 
8508 11 1 50 0.6 71 0 92 0.7 94 0.3 97 0.7 98 0 
8571 6 0.5 14 0.9 15 0.8 16 0.5 32 0 79 0.5 99 0 
8819 7 0.6 9 0.6 34 0.6 56 0 61 0.8 74 0.5 
8922 9 0.9 20 1 31 1 52 0.8 72 0.3 
8980 0 0.8 7 0.8 34 0 78 0.9 93 0.3 
8997 38 0.8 82 0.9 
9171 3 0 6 0.3 87 0 
9243 21 0 23 0.8 30 0.3 38 0.7 52 1 60 1 65 0 66 0 
9486 41 0 45 0 90 0.9 92 0.9 93 0.4 
9562 75 0.5 
9623 15 0 42 0.8 
9677 22 0.3 52 0 68 0.8 80 0.8 92 0 97 0 
9714 1 0.3 2 0.4 9 0 26 0 28 0.4 30 0 32 0.8 37 0 79 0.5 
9731 14 1 22 0.7 45 0.9 52 0.3 54 1 62 1 77 0 79 0.3 84 0 
