100
34 3 0.5 34 1 35 0 45 0.4 87 1 93 0 
56 73 0.4 
138 9 0.7 31 0.9 70 0 94 0.5 
178 8 0.7 55 0.9 83 0.6 
260 4 0.7 13 0.9 16 0.4 21 0.4 28 0.4 47 0.6 51 0 89 0.6 91 0 92 0.9 
267 5 0.4 23 0.3 37 1 48 1 50 0.5 64 0 69 0.4 76 0 99 1 
375 74 0.9 
687 36 0.8 61 0.8 62 0.4 94 0.6 
812 25 0.6 30 0.8 31 0.4 48 0.7 66 0.3 99 0.6 
849 16 0.8 
866 22 0.8 30 1 40 0.8 44 0.4 59 0.5 65 0.6 70 0 73 0 
909 22 1 23 0.6 37 0.5 60 0.9 
914 3 0.5 29 1 34 0 62 0.9 64 0 92 0.6 
994 11 0.4 15 0 22 0.8 43 0 45 0.3 47 0.9 51 0.3 66 0.6 94 0.4 
1089 2 0 6 0 23 0.7 26 0.6 42 1 78 0.6 85 0.5 87 0.5 95 0 
1136 12 0 19 0.7 37 0.5 67 0.8 68 0.6 83 0.6 90 0 
1191 25 0 
1270 32 0.9 37 0.8 55 0.6 86 0.9 96 1 
1380 2 0 5 0.7 14 0 15 1 26 0.7 63 0.7 64 0 79 1 
1538 25 1 59 0.3 
1629 31 0 76 0.5 79 0 
1637 7 0.8 23 0.9 30 0 88 0.9 
1652 73 0.7 87 0 
1662 4 0.3 20 0.4 30 0.6 51 0.8 68 0 
1903 6 0.9 14 0 38 0.6 54 0 58 0 93 0.5 
1981 28 0 29 0.5 53 0.4 60 0.5 85 0.8 88 0.8 99 0.3 
2025 0 0.6 3 1 11 0.6 82 0.6 84 0.8 92 0.9 96 0.9 
2027 17 0 23 0.7 58 0 82 0.3 92 0.4 96 0.6 
2131 61 0.6 72 0.6 73 0.3 78 0.7 96 0.6 
2167 28 1 49 0 77 0 79 0.3 
2205 37 0.8 38 0 42 0.8 45 0.3 77 0.6 81 0 88 0.4 
2323 31 0.6 36 0.3 45 1 69 0.4 
2373 38 0.8 
2435 8 0.6 13 0.5 14 0 22 0.3 37 0.6 61 0.6 79 0.8 82 0.7 
2630 4 0.4 49 0 67 0.7 78 0.7 80 0.9 87 0.3 
2829 7 0.3 
2865 13 0.6 32 0.8 40 1 54 0.7 65 0.5 93 0.9 
2881 34 0.9 
3030 6 0.6 16 0 19 0 30 0 32 1 66 0.5 68 0 82 1 88 0.5 97 0.5 
3082 21 0 29 0 34 0.5 55 0.6 64 0.9 68 0.3 
3346 3 0.6 15 0.3 47 0 48 0.8 75 0.8 95 0.8 
3384 40 0 43 0.3 48 0.7 78 0.9 
3415 13 0 14 0.4 37 0 68 0.3 78 1 82 0.8 
3466 18 0.8 56 1 79 0.9 96 0.3 
3711 3 0 19 0.4 20 0.8 22 0.6 23 1 79 0.4 87 0 
3733 5 0.9 7 1 38 1 58 0 78 1 84 0.3 88 0 
3881 0 0 5 0.6 30 0 43 0 64 0.6 76 0 97 0.8 98 0 
3909 9 1 23 0 32 0.5 33 0.8 79 0.4 
4142 17 0 47 0.9 54 0.6 62 0 76 0 
4233 2 0.5 5 0.8 12 0.8 26 0.7 38 0.8 88 0.3 
4292 2 0.7 13 0.6 17 0 53 0.3 57 1 74 0.6 99 1 
4417 31 0.5 38 0.7 43 0 52 0 65 0.9 83 0 90 0.7 
4676 2 0.6 5 0.4 17 0 26 0 34 1 44 1 50 0.8 89 0.4 97 0.4 
4680 27 0.3 29 0.7 50 0 63 0.4 
4709 36 0.5 
4904 36 0.8 55 0 62 0.7 66 0.6 72 0.9 76 0 86 0.8 
5082 7 1 59 1 
5168 18 0.3 
5330 3 0.5 9 0.6 15 0.3 26 0.7 56 0.6 62 0 99 0 
5657 16 0 31 0.9 49 0 94 0.6 
5715 6 0.6 20 1 55 1 62 0.8 75 0 
5721 38 0.8 
5765 2 1 11 0.3 49 1 
5866 2 0 65 0 66 0.8 
5874 7 0.9 16 0.6 19 0.7 22 0 57 0.5 89 0 90 0.6 
5929 4 0.7 17 0.7 18 0.7 36 0.9 52 0 57 0.4 62 0.9 79 0 87 0 90 0.3 
5981 1 0 15 0 30 0.3 56 0.4 57 0.5 58 0.7 82 0 92 0.9 94 1 
6041 0 0.7 12 0 37 0.9 78 1 96 0 
6113 6 0.5 14 0.4 31 0.9 48 0 64 0.8 98 0.4 
6337 9 0 26 0.5 32 1 36 0 43 0 66 0 70 0.6 81 0.3 99 0.5 
6459 15 0 22 0 48 0.4 51 0.7 53 0 55 0.7 64 0.3 81 1 
6498 9 0 31 0.4 32 0.9 37 0 41 0 53 0.4 59 0.3 60 0.6 84 0.4 99 1 
6750 6 0 16 0.8 26 0.6 28 0.4 35 0 37 0 47 0.4 58 0.8 72 0.8 
6986 0 0 1 0 29 0.8 45 0.7 48 0 61 0.9 92 0 99 0.7 
7054 26 0 39 0 43 0.8 44 0.9 51 0.8 53 0.4 55 1 61 0 78 0 91 0.5 
7167 29 0.9 65 0.7 66 0 91 0 94 0.3 
7302 36 0 40 0.7 49 0 60 0 
7381 2 1 14 0 21 0.4 93 0 95 0.4 
7417 15 0 17 0.4 43 0.8 75 0.9 
7451 6 0.5 16 0.6 41 0.4 52 0 59 0 80 0 88 0 
7465 0 0 53 0 99 0.3 
7629 18 0.6 44 0 
7694 41 0.9 67 0.4 83 0 95 0.6 
7839 4 1 45 0.4 51 0.6 52 0 55 0.6 64 0 93 0 94 0.6 97 1 
7873 26 0.4 27 0.9 51 0.5 57 0 60 0.4 78 0.3 79 0.9 80 0.8 85 0.3 
8009 1 1 16 0 34 0.3 35 0 70 0 72 0.4 99 0.9 
8032 0 0.6 3 0.5 5 0.7 14 0.5 16 0.9 32 0.9 39 0.8 46 1 83 0 91 0 
8240 9 0 18 0.3 34 0 36 0.9 81 0 
8267 86 0 
8847 3 0 8 0.4 27 0.4 47 0.4 60 0 86 0.8 98 0.3 
8854 5 1 45 0.9 60 0.3 75 0.3 83 1 94 0.5 
8885 22 0 
8939 16 0.9 18 1 19 0 21 0.8 22 0.5 41 0.6 45 0.6 89 0 
9043 4 0.5 7 1 19 0 23 0.4 24 0 34 0.6 37 0 74 0.3 88 0.5 91 0.9 
9077 1 0.4 2 0.9 5 0 7 0.4 10 0.7 19 0.8 49 0.6 86 0.3 94 0.3 97 0.5 
9116 11 0.4 22 1 29 0 35 0.8 36 0 65 0.3 82 0 88 0.8 97 0.7 
9237 3 0.6 5 0.6 11 0.3 13 0.7 29 0.8 34 0.7 63 0.8 83 0 92 0 97 0.8 
9507 24 0 
9795 4 0 11 0.6 19 0 26 0.6 28 0 38 0 72 1 92 0 
9934 3 1 4 0.6 16 0.7 30 0.6 44 0 71 0.7 78 1 96 0 
