100
20 1 0.9 15 0.9 22 0.8 30 0.6 36 1 43 0 77 0.6 82 0.5 85 0 91 0.4 
37 15 0.5 19 0.5 
48 3 1 29 0 42 0 71 0 76 0.4 78 0.6 85 0.4 91 0 
97 5 0.8 9 1 13 0.7 16 0.3 54 1 62 0.4 
144 3 0 13 0.6 15 0.3 37 0.7 65 0.7 82 0.8 
184 24 0 36 0 38 0.4 66 0 
198 0 0.4 5 0.3 23 0.4 37 0 52 1 56 0.5 80 0.8 82 1 89 0.5 93 0.5 
259 72 0 87 1 
313 22 0.4 33 0.8 
460 26 1 35 0.6 53 0 67 0 70 0 93 1 98 0.5 
495 1 0.9 25 0.6 50 0.4 52 0 77 0.6 
532 4 0.8 74 0.9 85 0.4 
560 9 0 20 0 38 0.7 53 1 54 1 
620 36 0.4 
646 5 0.4 21 1 39 0 60 1 68 1 72 0.7 79 0.6 80 0 82 0 97 0 
723 10 0.4 72 0.5 79 0.4 98 0.6 
1022 72 0 
1117 18 0.6 
1253 12 0 44 1 51 0.8 62 1 65 1 90 0.6 91 1 92 0.7 
1349 11 0.5 57 0 68 0 77 0.9 94 0.3 98 1 
1399 11 0.9 28 0.5 39 0 49 0.9 50 0 65 0.4 67 0 
1485 7 0 49 0 74 0.6 81 1 
1580 5 0.9 8 0.9 22 0 28 1 52 0.8 60 0 71 0.8 90 1 
1645 32 0 
1699 4 0.9 8 1 18 1 61 0 
1758 0 0 21 0.8 66 0.6 91 0.7 
1769 16 0 22 0.3 27 0.9 35 0.7 56 0.9 79 0.7 97 0.4 
1919 3 1 19 0.8 26 0.8 40 0.5 45 0.9 60 0.3 61 1 
1957 9 0 11 0 97 0.3 
2063 27 0.5 36 0.4 44 0.7 45 1 55 0.5 73 0.7 83 0.8 99 0.9 
2416 9 0 21 0 25 0.5 35 0.7 52 0.6 99 0 
2552 16 1 19 0 48 0.9 58 1 66 0.6 97 0 99 0.7 
2559 11 0.9 14 0 24 0.3 49 0 50 0 74 0.6 99 0.5 
2603 1 0.5 19 0.7 38 0 58 0.7 65 0.7 77 0 89 0.4 
2815 13 0.5 17 0.4 69 0 98 0.3 
2834 89 0.7 
2848 1 0.4 42 0.9 46 0.9 56 0.6 59 0 82 0.7 
2995 36 1 49 0 51 0.3 58 0.3 63 0.4 70 0.9 72 0 
3152 6 0.5 23 0 42 0.6 67 0.9 78 0 85 0 
3166 2 0.5 11 0.5 13 0.5 18 0.6 34 0 35 0 60 0 81 1 90 0 91 0 
3259 32 0.6 37 0.4 42 0.6 49 0.4 
3274 78 0 
3504 11 0 22 0.4 51 0.7 54 0 88 1 90 0.3 98 0.5 
3674 7 0.8 
3865 11 0.6 43 0.8 59 0 66 0.8 67 1 68 0 73 0.6 
3876 78 0.8 
4205 17 1 26 0.8 44 0.9 54 0.7 62 0 63 0.6 64 0 77 0.9 89 0.6 90 0 
4481 2 0.8 4 0.9 30 0.5 71 0 72 0.7 90 0 
4585 12 0 17 0.7 32 0.9 39 0.3 57 0.5 60 1 68 1 86 0.8 92 0 93 0.5 
4682 0 0 2 1 9 0.4 13 0.4 16 0.4 43 0.6 75 0.9 94 0.9 
4683 8 0.4 13 0.5 17 0.5 24 0.4 56 0.5 58 0.3 85 0.5 
4714 7 0 25 0.6 31 0 37 0.6 38 1 42 0 46 0.5 50 0.4 81 0.6 92 0.9 
4728 15 0 19 0.3 43 0.4 86 0.3 96 0 
4791 31 0.5 33 0 52 0.3 66 0 67 0.7 
5026 2 0 44 1 70 0 77 0 92 0.7 
5085 13 1 18 0.3 28 0.7 29 0.7 49 0.8 52 0.6 54 0 58 0.8 
5315 46 0.6 
5505 48 0.3 52 0.4 61 0.9 70 0.7 73 0.8 94 0 
5632 15 1 18 0.8 23 0.8 25 0.6 33 0 39 0.5 43 0.5 45 1 53 0.5 75 0.4 
5687 4 0.7 21 0.9 28 0.7 33 0.7 45 0 65 0.4 89 0.9 90 0.9 
5720 37 0.7 
6042 62 0.5 84 0.7 88 0 
6063 9 0.9 17 0 30 0.4 45 0.7 68 0.3 69 0 82 0 99 0.8 
6133 63 0.3 
6143 32 0.8 35 0.4 58 0.6 60 0.4 61 0.5 76 0.7 82 0 98 0.3 
6387 0 0.4 30 0.4 98 0.4 
6395 6 0.8 17 0.3 28 0.7 31 1 36 0.5 38 0.7 49 1 68 0.6 80 0 81 1 
6549 87 0.6 96 0.5 
6947 21 0 73 0 
7180 52 0 60 0.4 64 1 74 0.5 81 0.8 
7183 5 0 87 0.7 
7192 6 0.8 7 0.4 13 1 18 0.4 24 0.6 33 0.3 46 0.8 54 0 65 1 72 0 
7545 5 0.8 19 0 33 0 37 0 39 0 46 0 87 0.7 
7596 0 0 8 0 12 0.7 13 0.3 20 0 28 0.4 36 0.4 75 0.3 85 0.3 
7676 34 0.6 50 0.3 53 1 55 0.6 63 0 64 0 81 0.5 83 0.7 89 0.8 90 0.6 
7711 6 0 25 0.3 37 0.7 72 0.4 80 1 
7901 97 0 
7982 39 0 74 0.6 96 0.3 
8145 54 0 85 0.8 
8410 4 0 53 1 64 0.4 92 1 
8494 24 1 27 0.6 57 0 62 0.3 
8642 4 0.8 16 0.8 18 0.9 23 0.4 27 0.9 50 0.5 62 0.4 63 0 90 0 97 0.9 
8646 46 0 53 0 59 0 68 0.6 
8749 0 0 6 0 11 0.9 53 0.6 
8783 13 0.6 24 0.5 43 0.5 
8810 6 0.9 45 0 68 0.4 99 1 
8939 16 0.4 18 0 19 0.7 21 0 22 0.4 41 0.9 45 0.8 89 0 
9002 30 0.4 42 0.8 67 0 71 0.9 97 0.8 
9057 82 1 
9106 2 0.8 20 0.9 30 0.6 38 0.5 60 0.8 64 0 78 0.7 
9113 19 0 28 0.9 34 0.7 43 0 51 0.5 65 0.4 68 0.4 85 0.7 91 0.8 
9283 39 0 68 0.8 90 0.6 92 0 97 1 
9419 25 0.9 28 0.8 43 0.3 46 0.8 57 0.5 58 0 86 0.9 88 0.9 92 0.6 
9572 0 0.9 21 0.6 49 0.3 55 0.7 65 0.4 86 0.6 
9636 15 0.7 45 0.7 67 0 
9748 1 0.5 55 0 56 0.4 68 0.6 78 1 93 0.6 95 1 
9752 40 0.3 58 0.5 78 0 
9773 26 0 63 0.6 84 0.8 93 0.6 
9890 45 0.8 
9950 28 0.5 50 1 97 0.4 
