100
17 6 0.3 15 0.8 62 0.3 85 0 
199 8 0.8 12 1 21 0 30 0.8 41 0.7 60 0.5 61 0.6 87 0.6 95 0 
263 17 1 39 0.5 52 0.5 53 0.8 78 0.3 81 0 83 0 
286 25 0.8 48 0.5 51 0 55 1 56 0.6 64 0 86 0 90 0 93 0 
291 32 0.4 38 1 40 0.5 90 0.3 
323 3 0.3 14 0 20 0.6 48 0.4 72 1 
405 45 1 80 0.3 
571 16 0.3 32 0.7 33 0.8 69 0.3 
622 2 0 21 0 28 0.7 43 0.8 60 0.4 92 0.5 96 0 
679 52 0.8 71 0 82 1 
755 28 0.7 33 0.6 85 0.7 92 0.9 97 0.5 
775 0 0 53 0.3 66 0 80 0.4 90 0 96 0 
794 12 0.9 
834 2 0 10 0.9 40 0 53 0.9 54 0 78 0.7 
1024 9 0.5 18 0.5 29 0 33 0.6 81 0 99 1 
1054 69 0.7 78 0.3 
1057 16 0.5 33 0 35 0.6 37 1 40 0.9 49 0 50 0 59 0.3 76 0.8 99 0.4 
1067 3 0.5 31 0.9 47 0.8 48 0.5 60 0 67 0.8 71 0 73 0 91 0 
1201 11 0.3 13 0.7 28 0 35 0 
1239 20 0.4 26 0.3 40 0 74 0.6 95 0.8 
1324 24 1 55 0.5 97 0.9 
1375 5 0.3 46 0.4 82 0.9 98 0.8 
1411 15 0.9 20 0 23 1 29 0.5 83 0.4 88 0.3 91 0.4 95 0 97 0.3 
1442 0 0.5 3 0.7 19 0 25 0 27 0.3 28 0.3 39 0.9 52 0 74 0.4 
1507 1 0.6 8 0.8 12 0.6 17 0 25 0 49 0.8 
1643 12 0.5 13 0.7 19 0 23 0.3 47 0 76 0 95 0.6 99 0.7 
1748 1 0.5 11 0.5 12 0.5 30 0.4 50 0.7 51 0.5 67 0.8 76 0.3 84 0.3 88 0.5 
1776 3 0 47 0 54 0.9 62 1 68 0 70 0.7 89 0.8 
1818 4 0.9 58 0 98 0.5 
1871 7 0.9 11 0.7 13 0.5 18 0.5 23 1 64 0.7 86 0 87 0 
1954 23 0.7 50 0.4 72 0.3 74 0.5 
1964 32 0.7 33 0.8 39 0 70 1 75 0.6 81 0.4 84 0.5 
2016 7 0.7 36 1 37 0.3 65 0.5 84 0.9 86 0.8 94 0.8 96 0 97 0.4 
2026 1 0.6 11 0 20 1 33 0 56 0.7 71 0.8 89 0.9 95 0.3 
2493 3 1 4 1 8 0.4 11 0 17 0 38 0.9 39 0.9 47 0.3 79 0.7 84 0 
2678 75 1 
2688 36 0.7 64 0.7 
2860 7 0.5 46 0.3 50 0.4 94 0.6 
2892 13 0 23 0 30 0.3 43 0.5 77 0.7 88 0.9 
2971 0 0 22 0 37 1 76 0 77 0.8 84 0 87 0 
3018 9 0.6 30 0 53 0 55 0 70 0.8 
3057 3 0.9 28 0 39 0.5 52 1 66 0 73 0 
3096 30 0.3 38 0.8 69 0.5 72 0 83 0.4 84 1 
3370 20 0 25 0 29 0.3 36 0.5 54 1 55 0.5 64 0.6 82 0.7 91 0.3 
3488 3 0 43 0.5 44 0.6 
3768 10 0 17 0 19 0.3 26 1 44 0.3 48 0 59 0.5 99 0 
3835 0 0.9 6 0.7 10 0.4 15 0.9 37 0 43 0.6 52 0 61 0.3 79 0 91 0.6 
3909 9 1 23 0.6 32 0.5 33 0 79 0 
4043 31 0.3 74 0.8 94 0.4 
4195 5 1 6 0.6 84 0.6 
4203 11 0.3 15 0.5 18 0.7 19 1 40 0.5 46 0.6 57 0 64 0.8 69 0 77 0 
4265 25 0.4 
4283 1 0 2 0.8 6 0 13 0.3 38 1 
4417 31 0 38 1 43 0.3 52 0 65 0.9 83 0 90 0.9 
4481 2 1 4 0.9 30 0 71 1 72 0 90 0.9 
4498 24 0 40 1 
4559 25 1 36 0.5 59 0 63 0.4 69 0.3 71 0.3 78 0.8 
4610 99 1 
4691 2 0 33 0 47 1 54 0.5 73 0.8 76 1 77 0 83 1 96 0.8 
4810 3 0.6 11 1 17 0 20 0.5 30 0.3 58 0.5 77 0.7 78 0.4 88 0 
4847 69 0.7 72 0.9 91 0.3 
4866 7 0.5 19 0.9 43 0 60 0.5 71 0.7 93 0.8 
5103 1 0.7 6 0.6 43 0.3 46 0.6 71 0.5 73 0.5 
5160 5 0.9 13 0.3 42 0.4 44 0.8 52 0.7 57 0 61 0.4 67 0.6 77 0.8 83 0.8 
5334 13 0 25 0.5 27 0 37 0 42 0 51 1 94 0.4 
5452 27 0.4 77 0.9 87 0.3 
5772 3 0 15 0 38 0.3 87 0.9 89 0.8 
5836 7 0.5 31 0 51 0.4 55 0 56 0 67 0 74 0.8 75 0.9 88 0.7 
6330 49 0 
6623 35 0.7 
6637 6 0.8 29 0.4 34 1 40 0 55 1 72 0 84 0 
6722 3 1 5 0 25 0.3 38 1 41 0.5 46 0.3 76 1 77 0 
6869 55 0 58 0 71 0 97 0.8 
6993 16 0 17 1 44 1 47 0.4 48 1 52 0 61 0 67 0.7 85 0.5 
6999 52 0 54 0.7 70 0.9 
7122 69 0.4 
7413 43 0.8 75 0 
7481 40 0.8 42 0.5 55 0 
7563 2 0 4 0.6 22 0.5 34 0 35 0.5 76 1 84 0 93 0.9 97 0.8 
7699 29 0.7 78 0 82 0 
7815 2 0 28 1 
7850 23 0 32 0.5 44 0.5 45 0.7 48 0.6 66 0.7 69 0.8 
7904 13 0 15 1 60 0 
8156 43 0 51 1 54 1 73 0.8 81 0.9 84 0 85 0 
8209 21 0.5 
8317 23 1 31 0 41 0.4 44 0.6 48 1 56 0.4 76 0.9 
8533 5 0.8 16 0.8 17 0.7 21 0.8 40 0.4 45 0.7 70 1 88 0.7 91 0.5 
8622 0 0.6 11 0.4 14 0.5 21 0.3 51 0.8 85 1 92 0.7 95 0 
8719 22 0.7 45 0 46 1 47 0.4 58 0 70 0.7 
8813 3 0.3 20 0.6 57 0 94 0 95 0.5 
8827 20 0.6 21 0 24 0 36 0.4 49 0 59 0.8 65 0.9 
8942 90 0.8 
8953 60 0 62 0.8 64 0 79 0.5 
9057 82 0.6 
9234 7 1 28 0.8 46 0 50 0 52 0.4 66 0.9 69 1 75 0 85 0 
9268 5 0.8 54 0 80 0 99 0 
9315 0 0.3 13 0.4 25 0.9 61 0 69 0.6 77 0 
9396 6 0 12 0.7 61 0.8 66 0.9 75 0 82 0 
9413 6 0.7 35 0.6 53 0.7 96 0 
9575 0 0 9 0.5 49 0 60 1 62 0.4 66 0.5 69 0.3 74 0.7 75 0 84 0.3 
