100
178 8 0.4 55 1 83 0.9 
237 4 0.6 24 1 29 0 48 0.7 52 0.5 57 0 59 0.5 62 0 89 1 
397 17 0.4 30 0.3 61 0.9 85 0.7 94 0 95 0 96 0.8 
401 26 0 36 0.6 53 0.9 68 0.7 76 0.9 83 0 87 1 91 0 97 0.7 
412 8 0.9 10 0 34 0 38 0.6 44 0.9 45 0 50 0 66 0.7 90 0.8 98 0.4 
430 26 0.9 44 0.5 81 0.4 85 0.6 91 0.5 
483 28 0.3 54 0 57 0 72 0.4 77 0.4 86 0 90 0.4 97 0.5 
484 35 0.3 49 0.9 52 0 81 0.8 95 1 
540 4 0 5 0.7 27 1 34 1 45 0 87 0 92 0.4 93 0.9 94 0.7 99 0.6 
567 0 0.3 12 0.9 21 1 32 0.4 41 0.5 44 1 51 1 71 0.9 89 0.9 
583 30 0.9 81 0 
733 2 0 5 1 11 0 12 0 23 0.4 71 0.3 
737 36 0.3 43 0.3 46 0.4 59 0.4 69 1 90 0.8 
1124 3 0.4 4 0.7 35 0 43 0.3 54 0.3 65 0.6 72 0 81 0 84 0 85 0.9 
1226 0 0.6 24 0.7 25 0.7 32 0.7 45 0.5 50 0.5 85 0.8 87 0 92 0 96 0.5 
1280 6 0.4 12 0 26 0.4 57 0.6 63 0.5 68 1 91 1 
1366 0 0.5 3 0 10 0.9 25 0 31 0.4 49 0 73 0.9 98 0.4 
1458 13 0.3 26 0.4 49 0.8 61 0.3 77 0.9 87 0.7 
1492 50 0.4 
1515 10 0.7 17 0.8 26 0.3 28 0 38 0.9 58 0 62 0 67 0.5 72 0.8 88 0.6 
1697 17 0.7 43 0.7 58 0 
1822 8 0 9 0.4 15 0.6 33 0.4 35 0.7 59 0.4 63 0 76 0 94 0 
1931 6 0.9 24 0 52 0.8 61 0.4 71 1 
2021 1 0.5 2 0 4 0 13 0.3 23 0.9 45 0.9 47 0.8 57 0 71 0.4 93 0.4 
2069 25 1 34 0 55 0.9 60 1 72 0.3 73 0.3 
2118 4 0 
2165 3 0 24 0.3 28 0 
2390 5 0 39 1 45 0.9 61 0.4 83 0 
2426 4 0.6 11 0.3 45 0.7 46 0.3 62 0.7 67 0.7 
2649 0 0.8 5 0 37 0 49 0.6 57 0.7 69 0.7 
2666 4 0.5 29 0.6 
2882 20 0.8 26 0.4 39 0 50 0 57 0.5 73 1 92 0.7 96 0.8 
2886 6 0.5 32 0 66 0.8 
2911 10 0 56 0.3 74 1 83 0 
2997 0 0 5 0.9 35 0 37 0.4 84 0.3 
3112 4 0.5 13 0 36 0.4 53 0.9 56 0 61 0 66 0 
3175 11 0.3 21 0.7 26 0.8 30 0.7 52 0 61 0 70 0.4 83 0 
3272 3 0.6 20 0.6 21 0.7 32 0.5 37 0.6 44 0.7 52 0.6 53 0.6 
3422 5 0.8 18 0 21 0 35 0.5 44 0.4 46 0.3 53 0.8 63 0.8 64 1 82 0.3 
3431 8 0.3 68 0 91 0.4 
3723 3 1 7 0.4 14 1 36 0 49 0 59 0.6 63 0.4 66 0 69 0.3 
3985 25 0 36 0.7 47 0.8 51 1 72 0.8 
4026 64 0 
4059 8 0 12 1 22 0.5 34 0 35 0.8 67 0 93 1 
4307 1 0 3 0 5 0.4 6 0.7 52 0 63 0 74 0 75 0 84 0.6 
4604 0 0 10 0.3 14 0.5 56 0.5 62 0.6 89 0 90 0.4 
4674 25 0 30 0.4 33 0.7 37 0.8 51 1 59 0.6 70 0.8 85 0.7 
4995 13 0.3 23 0.3 57 0.7 59 0.8 61 0.8 71 0.4 92 0.3 95 0 99 0 
5043 14 1 26 0.3 36 0.9 37 1 46 0.8 68 0.6 72 0.6 74 0 78 0 85 0 
5054 10 0 52 0.8 56 0 69 0.9 
5067 10 1 43 0.9 79 1 85 0 95 0 98 0 
5114 10 0.9 11 0.8 23 0 
5154 2 0 17 1 24 1 61 0.5 62 0 80 1 81 0 90 0.8 
5221 42 1 97 0 
5614 1 0.8 4 0.9 23 0 88 0 
5629 39 0.7 63 1 
5659 34 0 
5674 8 0.8 29 0.3 34 0.4 48 0.9 61 0.8 67 0.5 77 0.6 
5815 0 0 30 0.5 50 0 59 0.7 
6040 21 0.6 31 0.3 36 0.9 47 0.6 54 1 57 0.3 67 0 68 0 83 0.7 
6218 3 1 11 0.5 12 0 17 0 22 0 31 0 51 0 69 0.6 89 0.7 90 0 
6432 31 0.3 82 0 
6493 1 1 58 0.9 61 0 72 0.4 75 0 77 0.6 89 0 95 0 99 0.7 
6635 25 1 81 0.6 
6842 5 0 51 0.8 58 0.7 76 0 81 0 
6912 77 0.4 
6918 2 0.3 20 0.7 26 0 36 0.5 47 1 56 0 60 0.6 
6934 6 0.4 17 0.7 71 0.3 
6943 9 0.8 21 0.7 25 0 34 0 38 0 53 0.7 54 0.8 
7023 22 0.8 34 0 
7073 13 0.3 57 0.6 78 0 96 0.7 
7216 17 1 62 0.4 
7336 3 0.3 8 0.4 16 0 20 0.3 27 0.8 63 0.7 85 0.9 
7367 5 0.6 7 0.9 17 0 26 1 76 0 96 0.4 
7514 14 0 20 0.4 54 0.8 61 0.9 70 0 71 0.3 73 0 74 1 76 0.5 77 0.5 
7561 6 0.5 37 0 71 0.7 
7697 21 1 
7829 8 0.5 14 0.7 17 0.7 20 0.5 23 0.6 24 0 30 0.7 51 0 82 0 95 0.3 
7831 38 0 62 0.5 71 0.9 98 0.9 
7852 38 1 76 0 
7923 8 1 22 0.5 37 0.5 62 0.6 
7952 42 0 61 0.9 85 0 
7971 14 0 25 0.6 42 0.3 47 0 61 0 70 0 94 0.8 
8001 18 0.3 23 0 88 0.7 
8154 22 0.7 41 0 
8695 9 0.7 19 0.9 21 0.9 26 0 38 0.7 53 0 56 0.9 68 0 81 0.7 85 0.6 
8752 8 0.5 9 0.6 23 1 35 0.6 39 0.3 51 0.7 
9033 3 0.7 9 0.3 19 0 40 0 47 0.7 54 0.6 71 0.8 81 0.7 84 0.8 
9162 1 0.5 9 0.9 17 0.5 22 0.8 64 0.9 70 0 
9259 24 0.7 
9401 2 0.4 34 1 36 0.9 37 0.3 41 0.9 90 1 
9537 26 0.7 30 1 37 0.8 45 0.3 50 0.3 98 0.5 
9543 36 0.9 41 0.8 77 0 
9549 44 0.5 50 0.9 51 0 63 0 91 0.8 
9574 9 0.7 11 0.8 40 0 81 0.9 86 0.9 90 0.4 94 0 
9611 19 0.7 21 0.8 22 0.3 53 0.3 62 0.5 69 0.5 81 0 95 0 
9761 4 0 22 0 28 0.3 40 0 63 1 66 0 
9796 32 0.5 34 0 81 0.4 91 0.6 
9898 2 0 4 1 41 0 60 0.6 71 0.9 83 0.7 91 0.6 93 0 95 0.6 
9907 1 0 3 0.9 39 0.5 72 0 
