100
104 6 0.5 10 0.5 47 0 51 0 92 0.6 
317 39 0.8 
354 8 0 78 0.6 82 0.4 83 0.3 85 0 99 0 
369 14 1 37 0 41 1 76 0.7 
383 18 0.5 40 0 55 0 57 0.5 79 0.6 94 0.6 
494 44 0.6 57 0 75 0.9 
512 8 0.5 24 0.3 27 1 35 0.4 49 0.3 64 0 83 0.4 85 0.7 86 0 
853 8 1 31 0.4 
901 39 0.9 82 0 89 0.7 
1079 4 0.4 15 1 22 1 33 0.8 59 0.7 94 0.3 
1145 12 0 39 0.4 43 0.7 53 1 64 0 71 0.9 96 0.4 
1169 17 0.7 20 0.5 22 0.5 37 0.8 46 0 66 0.3 83 0.6 
1203 2 0 4 0.9 8 0.5 27 0.5 44 0.8 46 0.3 50 0.7 62 0.5 95 0.5 97 0.8 
1268 6 0.6 25 0.9 34 0.7 71 0.3 79 0.5 86 1 
1288 61 0.6 77 0 
1337 25 0.9 
1389 1 0.7 8 0.9 53 0.5 82 0.7 
1588 0 0 6 0 25 0 28 0.9 32 1 41 0.8 56 0.8 73 0 79 0.5 89 0.4 
1802 18 0.5 28 0.8 50 0.7 59 0 76 0.8 79 0.8 87 0.4 
1919 3 0.5 19 0.3 26 0 40 0.7 45 0.9 60 0.7 61 0.7 
1937 10 0 24 0.9 67 0.8 73 0 80 0.9 
2070 31 0 50 0.9 52 0 57 0 64 0.9 81 0.7 
2076 5 1 6 0.8 25 0.6 30 0 38 0.7 43 0.4 77 0.7 90 0.9 94 0.7 
2090 7 0 8 0.3 19 0 23 0.7 29 0 49 0.4 82 0.9 
2147 2 0.5 11 0.7 13 0.6 25 0 44 0 55 1 63 0.9 68 0.9 94 0 
2233 8 0.3 42 0.7 48 0.9 58 0.3 61 0.3 75 0.9 94 0.4 
2298 23 0.3 24 0 25 0.9 30 0.3 37 0 67 0.9 70 0.3 74 1 78 0.8 99 0.3 
2322 10 0.7 15 0.6 25 0 64 0.6 90 0.3 96 0.4 
2526 1 0 6 0.5 28 0 34 1 38 0.7 43 0.4 58 0.8 90 0.4 
2555 12 0 24 0.7 41 0.6 43 0 46 0.4 50 1 65 0.8 68 0.5 96 0.9 
2655 51 0.3 66 1 
2721 3 0.6 42 0.4 64 0.7 77 0.9 87 0.3 91 0 96 1 
2800 93 0 
2801 7 0.8 12 0.6 58 0.9 64 0 74 0.7 81 0.9 
2945 5 0 20 0.4 30 0 33 0.6 46 0.7 68 0.9 79 0.8 85 0.5 94 1 
2980 23 0 27 0.8 86 0 88 0.6 98 0 
3018 9 1 30 0.6 53 0 55 0.3 70 0 
3028 73 0.3 85 0.3 
3047 30 0.6 54 0 
3140 21 0 78 0.4 90 0 
3164 22 0 29 0.4 59 0.9 67 0.8 68 0.7 74 1 85 0.4 
3171 0 0.5 23 0.5 34 0 39 0.8 80 0 82 1 87 0.4 88 0.8 
3215 8 0 17 0.8 27 0.5 52 0 65 0.9 71 0 75 0.6 90 0.6 97 0.6 
3246 9 0.4 31 0.3 38 0 47 0 
3595 39 0.5 63 0.9 71 0 
3798 7 0.5 16 1 67 0.8 83 0.3 
3804 16 0 22 0.3 42 0.8 43 0.6 50 0 65 0 69 1 84 0.4 96 0 
3870 3 0.6 4 0.8 8 0.5 9 0 36 0.3 44 0.7 50 0.4 72 0.4 77 0.3 82 0 
4318 6 0 9 0 14 0 18 0.6 54 0.3 60 0.7 72 0.3 87 1 
4320 27 0 29 0.3 31 0 49 0.3 56 0.8 80 0 90 0 
4362 33 0.7 40 0 51 0.3 59 0.8 65 0.9 69 0.3 87 0.4 92 0.8 98 0.6 
4526 28 0.6 39 0.6 83 0.6 86 0.8 
4607 21 0.8 61 0 83 0 84 0.4 91 0.9 
4687 23 0 26 0.7 27 0 45 1 57 0.8 79 0.8 82 0.5 
4688 77 0.6 81 0.5 
4750 6 0.5 10 0.4 48 0.6 
4841 15 0.3 23 0 36 0.6 51 0.5 64 0.7 65 0 66 0.8 70 0.9 82 0.6 99 0.3 
4890 5 0.5 29 0 46 0.9 55 0.8 
5171 35 0.5 
5313 14 0.3 74 0 
5385 5 0.8 14 0.8 30 0.5 36 1 45 1 47 0.4 52 0 67 0.5 97 0.5 
5706 7 0.3 27 0 30 0 31 0.8 43 0.4 50 1 55 1 58 0.6 59 0.4 92 0 
5751 5 0.7 13 0.7 25 1 55 0.4 69 0 88 0.5 90 0 
5827 23 0 25 0.5 28 0.4 32 0.7 37 0.5 50 0.7 51 0 71 0.6 
6014 52 0.8 76 0 
6273 6 0.7 14 0.9 20 0 35 0 54 0.6 64 0.8 76 0.9 
6329 9 1 17 1 26 1 56 0.9 62 0.4 73 1 78 0 89 0.8 91 0.3 96 0.7 
6492 8 0.7 
6529 16 0 63 0.8 66 0.4 72 0.3 85 0.8 
6634 8 1 11 0 18 0.3 25 0 30 0.3 48 1 49 0 68 0.5 74 1 80 0.7 
6751 22 0.6 32 0 44 0 49 0.8 56 0.3 69 0.7 
7093 81 1 
7320 4 0 18 1 27 0.5 64 0.8 70 1 74 0.8 78 0.5 88 1 
7347 41 0.9 94 0 
7469 5 1 7 0.8 17 0.5 18 0 57 0 61 0.5 75 0 80 0.4 93 0 
7714 8 0.3 15 0 22 0.8 88 0.7 92 0.4 94 0 97 0 
7895 4 0.9 14 0.8 16 0.4 32 0.7 47 0.5 64 0 65 0.4 67 0.5 70 0.5 89 0.4 
8150 42 1 64 0.4 
8153 17 0 35 0.9 46 0.3 73 0.4 92 0.8 
8205 26 0.5 36 1 69 0 
8267 86 0.5 
8373 34 0.6 48 0.4 49 0.7 50 0 56 0.4 70 0.3 72 0.4 92 0.9 96 0.9 97 0.9 
8621 0 0.3 13 0 15 0.8 74 0.4 85 0.8 94 0 97 0.3 
8765 11 0 13 0.7 22 0.4 30 0.4 47 0.9 48 0 53 0 71 0 92 0 
8980 0 0.3 7 0.3 34 0.9 78 0.5 93 0.5 
9014 12 0.6 40 0.4 57 0.8 58 0.5 70 1 91 0.8 
9055 9 0.7 11 1 21 0 29 0.6 32 0.3 41 0 55 1 69 0.8 78 0.5 
9107 5 0.8 6 0 7 0 24 0.3 39 0.3 41 0.7 42 1 45 0.3 54 0.9 64 0.7 
9155 0 0.3 75 0.5 79 0.8 91 0 
9173 0 0.6 39 0.6 49 0 56 0 
9176 19 0.5 30 0.9 31 0 76 0.5 80 0 85 0 
9178 45 0.6 67 0.4 
9182 31 0.6 42 0.6 53 0.4 59 0 67 0.6 68 0.5 85 0 99 1 
9287 0 0.4 2 0.7 52 0.9 56 0.7 58 0 61 0.4 86 0 93 0.9 
9483 55 0 60 0.8 65 0.5 69 0.5 75 0.6 76 1 
9561 9 0 21 0.8 29 1 35 0.9 60 0.3 72 0 77 0.3 87 0.3 92 0.8 97 0.4 
9574 9 0 11 0 40 0 81 0.6 86 0.6 90 0.4 94 0 
9596 21 0.7 24 0 72 0.7 92 0.6 
9725 2 0.5 67 1 79 1 84 0 97 0.9 
9889 6 1 16 0.4 27 0 57 0.8 59 0.9 93 0 
