100
110 21 0.5 22 0.6 35 0.6 91 0.9 
116 5 0.9 13 0.9 23 0.4 48 0.6 89 0.7 96 0.3 
280 13 0.7 50 0.7 52 0.3 
286 25 0.7 48 0.9 51 0 55 0.3 56 0.8 64 0 86 1 90 0.7 93 0.9 
384 1 0.7 27 0.3 35 0.9 38 0.6 50 0.5 61 0 70 0.6 79 0.4 86 0 
434 16 0.3 19 0.5 26 0 53 0 70 0.4 71 0.4 74 0.3 87 0 94 1 
446 5 0 64 0 69 0.9 83 0.8 
452 47 0 50 0.4 64 0 
584 0 0.8 5 0.5 15 0.7 49 0.8 93 0.7 
718 8 0.6 17 0.7 26 0.7 43 0.7 74 0.9 79 0.4 
751 24 0 25 0.6 27 0.5 54 0 83 0.7 86 0 93 0.8 97 0.8 
786 11 0.4 29 0.8 32 0.9 38 0.5 40 0.5 53 0.3 55 0.5 75 0.5 78 0.4 89 0.6 
811 13 1 14 0.4 42 0.5 72 1 92 1 94 0.6 99 0 
1061 8 0.7 19 0 21 0.5 34 0.3 35 1 52 0.5 60 0.7 65 0 72 0.4 74 0.4 
1203 2 0 4 0.4 8 1 27 0 44 0 46 0.5 50 0.7 62 0.6 95 0.5 97 0.5 
1323 0 0 20 0.9 52 1 83 0.3 94 0.7 
1330 24 0.6 48 0.3 52 0 60 0.5 62 0.9 
1503 49 0 66 1 98 0 
1642 28 0 36 0.3 66 0.9 75 0.4 91 0.5 93 0.3 
1710 3 0 41 0.5 88 0.4 
1842 9 0.6 10 0.8 37 0.4 51 0.7 55 0.7 58 0 67 0.8 72 0.7 94 0.4 98 1 
1881 0 0.8 3 0.5 11 0.8 41 0.8 60 0 74 0.4 95 0.7 
1914 2 0.4 24 0.6 56 0 67 0.4 69 0 
1948 27 0.8 32 0.8 40 0.9 54 0 67 0.9 68 0.4 82 0.4 
2011 11 0.6 44 0.9 87 0 93 0.4 
2119 42 0.3 53 0.7 98 0.4 
2215 61 0.9 
2268 17 0 41 0.6 68 0.4 76 0.5 
2329 9 0.4 14 0 33 0 46 0.4 96 0 98 0.9 
2413 8 0.5 27 0.5 76 0 
2459 6 1 16 0.3 29 0 72 0.4 73 1 75 1 85 0.5 94 0 
2593 21 0 53 0.7 67 1 
2751 15 0 16 1 20 0 28 0.7 43 0.9 55 0.8 63 0 65 0 67 0.6 76 0 
2757 2 0.6 3 0 22 0.4 49 0.6 75 0 
2823 33 0.7 
2898 82 0 
2952 32 0.4 50 0 51 0.3 55 0.4 67 0.6 68 0.9 94 0 
3145 19 0.4 32 1 34 0 36 0 72 0 88 0.9 98 0 
3629 5 0 39 0.7 45 0.7 65 0.3 66 0.4 71 0.6 83 0.4 
3670 7 1 40 0 44 0.9 62 0.9 
3677 4 0.9 
3924 11 0.8 44 0.3 77 0.7 78 0 
4087 6 0 30 0.3 32 0 35 0.4 42 0.3 44 0 48 0.6 77 0.4 89 0.8 97 0.6 
4093 21 0.5 30 1 31 1 74 0.8 92 0.8 
4196 4 0.9 23 0 26 0.7 65 1 82 0.4 85 0 88 0.6 93 0.6 94 0.5 
4317 19 0.7 26 0.3 32 0.4 46 0.9 56 0.8 63 0.4 65 0 82 0.7 90 0.7 
4393 4 0 5 0.4 36 0.3 40 0.5 
4456 6 1 
4480 6 0.7 50 0.9 61 0.3 84 0 
4493 16 0 21 0.4 31 0.3 41 0.3 45 0.9 48 0.6 51 0.6 58 0.5 63 0.5 84 0.8 
4649 6 0.7 10 0.5 30 0.5 46 0.9 69 0.9 83 0.9 
4780 36 1 40 0 61 1 68 0.8 91 0.5 94 0 
5138 4 0 6 0.7 27 0.4 45 0.8 50 1 53 0 61 0 62 1 94 1 
5551 1 0.7 17 0.7 27 0.8 43 0.8 69 0 70 0.6 89 0.8 
5670 38 0.6 80 0.6 
5743 7 1 38 0.3 44 0 54 0 56 1 70 0.5 78 0.3 
6038 1 0 21 1 42 1 82 0.8 91 0.8 
6147 6 0 19 0.9 27 0.8 29 0.5 33 0.3 34 0 40 0.8 48 0.8 
6152 22 0.6 23 0.4 26 0 36 0.9 60 0.7 65 0.6 89 0.5 90 0.4 
6295 8 0.8 21 0.7 25 0.9 40 0 61 0.7 71 0.6 98 0.4 
6320 6 0.9 8 0.8 11 0.4 18 0.5 47 0.7 53 1 71 0.9 75 0.3 81 1 
6395 6 0 17 0.5 28 0.3 31 0 36 0.4 38 1 49 0.7 68 0.8 80 0.3 81 0 
6423 62 0.3 68 0 
6516 4 0.8 
6568 9 0.7 27 0.5 59 0.3 
6669 30 0.6 31 0.9 36 0 68 0.9 81 1 83 0.5 99 0.7 
6682 0 0.3 7 0.4 80 0.3 86 0.7 
6726 5 0.6 27 0 87 0.6 94 0 
6779 35 0 41 1 70 1 97 0 
6848 2 1 55 0 
6887 1 0.4 14 0.7 50 0.4 58 0 80 1 92 0 
6926 5 0 8 0.9 53 0.7 72 0 82 0 97 0.4 
6991 16 0.4 22 1 34 0.4 39 0.9 44 0.7 57 0 68 0.7 83 0.6 93 0.8 95 0.8 
7315 39 0.7 51 0 64 0 67 0.7 76 0.4 
7342 29 1 47 0 75 0.6 91 0.6 
7359 24 0.3 47 0.4 57 0.6 62 0 69 0.3 79 0.3 83 0.3 86 0 
7369 44 0.6 50 0 78 0.4 82 0.7 85 0 92 0.8 95 0.3 99 0.9 
7436 55 0.4 
7555 17 0.9 26 0 31 0.7 59 0 80 0.7 92 0.4 95 0.6 
7580 18 0.5 
7681 11 0.5 18 0.5 21 1 32 0 34 0.6 44 0.9 66 0.9 67 1 88 1 98 0.7 
7765 15 0.5 33 0.8 37 0.9 45 0.4 54 0.9 77 0 91 1 95 0 
7821 11 0.8 13 0.8 27 0 34 0 35 0.5 45 0.3 50 0.3 54 0 86 0.9 
7966 1 0.6 27 0.5 47 0.3 53 0.6 57 0.3 63 0.4 67 0 72 0.4 83 0 87 0.3 
8082 42 0.6 51 1 69 0.7 73 0.5 
8141 42 0 43 0.7 53 0.3 66 0.4 90 0.5 
8160 24 1 39 0 83 0.5 84 0.3 86 0.5 
8216 2 0 5 1 7 0 16 0.8 52 0.3 54 0 70 0 80 0.6 89 0.6 94 1 
8400 41 0.5 
8535 4 0.6 26 0.4 27 0.6 30 0.9 40 0 70 0 81 1 94 0 
8543 2 0 16 0 76 0 79 0 84 0.6 96 0.4 
8973 24 0.4 59 0.4 64 0 73 0.8 79 0.4 98 0.8 
9137 22 0 
9264 1 0.6 2 0 56 0.7 
9341 44 0 46 0.8 59 0.3 94 0.5 
9351 5 0.7 6 0.3 16 0.6 26 1 28 0.4 33 0 61 0 70 1 71 0.6 91 0.5 
9661 40 0 62 0.3 83 1 90 0.6 94 0.8 
9737 80 0 
9815 7 0.6 8 0.8 11 0.6 15 0.3 34 0 37 0.8 71 0 73 0 80 0 85 0.8 
9984 5 0.3 14 0 38 0.9 88 0 
