100
211 4 0 11 0.7 14 0.7 23 0.3 27 0.8 30 0.5 37 0.8 88 0.5 97 0.5 
355 4 0.5 5 0.3 14 0 29 1 42 0.6 56 0.3 60 0.5 73 0.4 77 0 
407 5 0.3 22 0.8 34 0.7 38 0.5 42 0.7 51 0.8 55 0 59 0 97 0.5 
627 45 0.5 
713 2 0.5 8 0 36 0.6 54 0.6 88 0 
848 40 0 62 0.8 68 0.9 70 0 74 0.8 76 0 79 0.8 93 0.3 95 0.8 
893 11 0.7 14 0.9 76 0 
1035 7 0.3 80 0 85 0 96 0.4 
1136 12 0.8 19 0.3 37 0.8 67 0.9 68 0.9 83 0 90 0.7 
1155 5 0.7 7 0.9 16 1 18 0 25 0.9 47 0.9 66 0.3 98 0.4 
1205 14 0.8 15 0 20 0.7 27 0.7 33 0.9 36 0.4 78 0.4 80 0.4 99 0.6 
1338 18 0.7 55 0 
1416 7 0.9 47 0.6 48 0 64 0.5 98 0.4 
1446 31 0.9 90 0.9 
1465 28 0.9 50 0.4 54 0.5 99 0.3 
1586 12 0.3 15 0.9 18 0.5 24 0.5 50 0 87 0.8 88 0 
1875 0 1 7 0.6 19 0 35 0.9 36 0.5 50 0.9 51 0.4 69 0 81 0 85 0.6 
1958 9 0.3 60 0.7 94 0.6 
2126 2 1 7 1 36 0 44 0.8 54 0.4 56 0.3 82 1 88 0 
2141 9 0.5 21 0.3 76 0 96 0.6 99 0.7 
2385 9 0.8 20 0 79 0.4 80 1 
2432 1 0.4 19 0.8 21 0 24 1 41 0.7 44 0.9 47 0.4 49 0.8 76 0.4 98 0.5 
2474 12 0.6 35 0 42 0.5 46 0 48 0 74 1 88 0.5 94 0.6 98 0.7 
2509 11 0.9 15 0.3 31 0 52 0.9 96 0.9 98 0.6 
2576 1 0.7 11 0.8 28 0.8 33 0 72 0 89 0.4 97 0.9 
2594 9 1 24 0.7 37 0.5 49 0 52 0.8 54 0 59 0.3 65 0.9 97 0.6 
2676 0 0.9 24 0.4 44 0.4 51 0 63 0.4 81 0.9 84 0.5 87 0.6 94 0 
2751 15 0.4 16 0.3 20 0 28 0 43 0.3 55 0.3 63 0 65 0.4 67 0.6 76 0.7 
2772 77 0.4 
2991 1 0.3 25 0.6 34 0.6 38 0.7 86 0 91 0.6 98 0.7 
3113 7 0 47 0 71 0.5 
3234 7 0 12 0.8 29 0.6 52 1 82 0 86 0.6 
3317 9 0.7 11 0.3 21 0.8 50 0 60 0.4 90 0.8 
3318 12 0 55 0.5 56 0.3 57 0 66 0.9 82 0.8 90 0 
3365 12 0.9 19 0.8 26 0 71 0.9 79 0.9 80 0 
3768 10 0.8 17 0.3 19 0.6 26 0.5 44 1 48 0.6 59 0.5 99 0.9 
3773 1 0.5 3 0.9 4 1 12 0.4 15 0.7 34 0.7 58 0.8 81 0.3 93 0.4 
4016 39 0 72 0 94 0.7 97 0.7 
4021 50 0.9 87 0 
4347 4 0 19 0.5 21 0.8 27 0.3 40 0 44 0 53 0 77 0 85 0.4 
4408 81 0 
4415 20 0.4 45 0.9 77 0.8 80 0 89 0.6 92 0.5 
4446 4 0 33 0.9 47 0 53 0.9 58 0.5 74 0 77 0.6 84 0.7 85 0.6 
4543 28 0.9 45 0.7 50 1 65 0.8 87 0.9 91 0.8 
4558 13 0 16 0.9 24 0.6 39 0.6 47 0.9 61 0.9 71 0 97 0.8 98 0.5 
4571 24 0.4 28 0.5 37 0 43 0.6 44 0 55 0 65 0.7 81 0.7 91 0 
4642 5 1 36 0 42 0.3 52 0.9 55 0 68 1 76 0.6 89 0 94 0.4 
4644 36 0.8 56 0.8 
4652 0 0.8 1 0.6 12 0 17 0 33 0.3 39 0.9 91 0 
5170 4 0 27 1 40 1 64 0.9 
5180 2 0.5 8 0 18 0 
5274 9 0.5 29 0 31 0 32 0.9 47 0.8 57 0.4 80 0.5 
5285 6 0 34 0.8 44 0.5 46 0.6 50 0 53 0.5 59 0.7 61 0.8 86 0.8 
5609 4 0 5 0 11 0.4 21 0.7 28 0.4 35 0 36 0.6 43 0.5 69 0.9 
5644 6 0.8 14 0.6 32 0 35 0.4 41 0.3 44 0 
5694 44 0.9 
5729 28 0.9 49 0 
5929 4 0.5 17 1 18 1 36 0.8 52 0.6 57 0 62 0.8 79 0 87 0.5 90 0.5 
5973 52 0.3 54 0.3 
6052 13 0 15 0.3 18 0 33 0.4 45 0.9 71 0 79 0.7 86 0.7 89 0.7 95 0 
6073 12 0.8 18 0.3 19 0 30 0.3 34 0.4 40 0.5 50 0.8 68 0.8 87 0.9 
6345 0 0.6 23 0 32 0.5 34 0.8 46 0 58 0.6 66 0.6 
6351 39 0.8 44 0 46 0.9 54 1 75 0.9 78 1 80 0 83 0 96 0 
6389 6 1 80 0 
6422 12 0.9 
6484 23 0.9 31 0.9 39 0 50 0.3 81 0.8 88 0.7 
6591 15 0.9 24 0.5 54 0.9 74 1 90 0 
6662 21 0 35 0.7 36 1 
6691 33 0.7 81 0.8 92 0 95 0.5 
6823 3 0.9 18 0.5 22 0 29 0.6 48 0.7 63 0.6 64 0 95 0.6 
6873 7 0.8 
6899 25 0 37 0.7 53 0 56 0 60 0.6 62 0.7 78 0.7 
6930 11 0.9 16 1 82 0.8 83 0 99 0.5 
6952 8 0.3 23 0.6 42 0.5 50 0.9 56 0.3 59 0.7 60 0.7 75 0.4 76 0.3 83 0 
7002 3 1 13 0.8 29 0.5 58 0.9 68 0 91 0.4 97 0.5 
7040 18 0 37 0.6 41 0 52 0 58 0.5 
7071 29 0 37 0.7 52 0.7 69 1 80 0.4 97 0.7 
7091 5 0.4 6 0 15 0.8 24 0 25 0.8 26 0.9 31 0.6 52 0.7 83 0 
7353 40 0.5 68 0.5 
7355 8 0.3 15 0.9 21 0.5 40 0.7 49 0.8 61 0.6 79 0 
7382 5 0.4 13 0 16 0 52 0.6 59 0 71 0.3 74 0.8 79 0.6 81 0 90 1 
7558 6 0.3 19 1 72 0.9 75 0 88 0.6 
7621 23 0.8 41 0.5 71 1 93 0.6 
7703 6 0.6 13 0 20 0 23 0 68 0 74 0.6 77 0.5 83 0.4 84 0 94 0.6 
7706 12 0.4 16 0.9 27 0 69 0.5 71 0.7 
7838 35 0 54 0 
7993 8 0.3 26 0.6 29 0.7 70 0.8 75 0 78 0.3 92 0 
8008 36 0 71 0.3 
8043 0 0.6 23 0.3 28 0.7 33 0 82 0 
8158 4 0 10 0.7 12 0.7 22 0 24 1 37 0.3 81 1 98 0.5 
8235 29 0 34 1 38 0.9 53 0.6 60 1 
8445 27 0 38 0.9 51 0 
9056 33 0.3 93 0 
9413 6 0.5 35 0.3 53 0 96 0.6 
9433 43 0.3 
9580 4 0.5 27 0.8 54 0.5 
9608 43 0.7 89 0 
9643 4 0.3 24 0 65 0 74 0.3 84 0 
9673 8 0.4 20 1 49 0.5 61 0.4 65 0.5 84 0.8 
9834 43 0 88 0 
