100
48 3 0.4 29 1 42 1 71 0.8 76 0.8 78 0.6 85 0.4 91 0 
223 30 0 
226 14 0 31 0.5 37 0.4 39 0 41 0 42 1 44 0.5 47 0.8 94 0.4 99 0 
299 29 0.5 35 0 36 0 83 0.6 
362 2 0.3 22 0.7 32 0.5 93 0.7 
413 2 0.9 7 0 34 0 
446 5 0 64 0.9 69 0.5 83 0 
469 46 0.3 49 0.3 71 0.4 83 0.7 
476 12 0.7 19 0 23 0.5 30 1 37 0.6 49 0.4 75 0.8 79 1 
509 39 0.4 42 0.8 91 0 92 1 
510 35 0.4 49 0.3 93 0.7 
518 90 0.4 
668 8 0.7 33 0.3 47 0.8 55 0 79 0.4 89 0.9 
684 39 0 72 0.8 
746 0 0 16 0.7 20 1 31 0.7 88 0.5 
863 8 0.4 29 0 35 0.3 51 0.4 65 0 66 0.8 86 0.3 87 0.8 89 0.7 
880 4 0 5 0.9 49 0.6 54 0.3 59 0 68 0.3 77 0 88 0 
1047 15 1 83 0.8 
1267 0 0 18 0.5 29 0.3 34 1 57 0.5 63 0.3 88 0.4 
1285 5 0 20 0 37 0.6 41 0.4 63 0.6 71 0 
1296 16 0.9 39 0.5 84 0.5 
1320 11 0.6 16 0.7 61 1 
1346 8 0.4 15 0.8 46 1 50 0.5 58 0.5 99 0.8 
1417 47 0.3 
1420 12 0 
1504 58 0 60 0 81 0.8 94 0.3 
1628 18 0.3 29 0 47 0 48 0.4 61 0.8 70 0.7 80 0 
1787 6 0 13 0.6 51 1 93 0.5 
1816 31 0.5 35 0.5 49 0 64 0.8 98 0.5 
1832 10 1 29 0.8 41 0.5 43 0.6 44 0.5 49 0 
1888 62 0.3 67 0.4 
1962 72 0 
2053 9 0.8 14 0.6 15 0.3 42 0.8 48 0.9 83 0.9 
2070 31 0.4 50 0 52 0 57 0.3 64 0.8 81 1 
2152 3 0.4 72 0.9 
2155 8 0.7 20 0.7 41 0.8 48 0.3 54 0 56 0.4 71 0.7 73 0.9 
2164 2 1 30 0 59 0.5 69 0 70 1 73 0.4 91 0.5 98 0.5 
2380 0 0.4 9 0 21 0 34 0 53 0.3 68 0.5 85 0.8 89 1 90 0 
2419 14 0.4 24 0 38 0 59 0.8 64 0.6 
2425 68 0.7 93 0.3 
2462 6 0 7 0 17 0.3 19 1 46 0 57 0.5 65 0.6 69 0.4 78 1 86 0 
2518 15 0.9 24 0 31 0 81 0.5 86 0.6 98 0.9 
2647 14 0.9 23 0.8 59 0.6 68 0 
2692 42 0 66 0 
2765 22 0 26 0.9 27 0.3 32 0.7 35 0.3 45 0.6 69 0 85 0.8 91 0 
2883 4 0.9 33 0.8 51 0.9 83 0.5 
2886 6 0.5 32 1 66 0 
3000 13 0.4 42 1 45 0.6 73 0 97 0.3 
3022 41 0 49 0 85 0 
3039 12 0.8 15 0.7 31 0.6 47 0.8 53 0.4 67 0 88 0 
3099 11 1 18 1 23 0 44 0.8 
3222 18 0.8 39 0.3 60 0.6 
3276 11 0.4 19 1 33 0 37 0.5 42 0 44 0 64 0.6 69 0.8 76 0 85 0 
3411 12 1 26 0.5 38 0 47 0 55 0.6 69 0.5 84 0 88 0 
3510 25 0.8 29 0.4 41 0 98 0.4 
3534 6 0.8 70 0 
3845 33 0.8 34 0.3 42 0.6 50 0.3 82 0.7 84 0.5 
3986 9 1 23 0.4 26 0.5 78 0.3 84 0.8 
4210 1 0.4 83 0 98 1 
4285 0 0 5 0.5 15 0.3 17 0 43 0.5 72 0.9 78 0.8 
4379 14 0.9 43 1 75 0.6 78 0.9 89 0.3 
4529 38 0.4 42 0.3 61 0.6 92 0.3 
4545 52 0.8 60 0.9 93 0 96 0.4 
4836 4 0.4 30 0.9 34 0.9 39 0 49 0.7 54 0.7 68 0.3 95 0 
4913 16 0.9 37 0.3 43 0.6 52 0.3 56 0.3 70 0.5 75 0.5 
5074 64 0.3 66 0.3 71 0.8 72 0 77 0 90 0.5 99 0 
5174 8 0.5 23 1 35 0.3 37 0.4 44 0.6 66 0 69 0 96 0 
5425 3 1 9 0.8 32 0.5 62 0.6 76 0.9 84 0.8 98 1 
5835 19 0.5 21 0 27 0 39 0.6 48 0.6 79 1 96 0.8 
6323 14 0.3 33 0.8 61 0 
6401 50 0 70 0.4 82 0.9 
6527 13 0.6 24 1 57 0 58 0.3 67 0.7 72 0.3 78 0.7 87 0.4 
6623 35 0.5 
6630 44 0.7 76 0 
6686 2 0 7 1 13 0.8 21 1 54 0.6 67 0.7 70 0.4 79 0.8 80 0.7 91 0.4 
6882 5 0.5 25 0.5 33 0 35 0.7 41 0.5 69 0.9 72 0.9 80 1 93 0 
6956 29 0.8 45 0 47 0.9 85 0.4 90 0 
7221 14 0.5 21 1 26 1 43 1 44 0 46 0 49 0 55 0.6 82 0.9 
7228 44 0.7 93 0.7 
7240 1 0.4 21 0.8 39 1 57 0.6 61 0.4 63 0 68 0.9 84 0.8 85 0.8 99 0.7 
7256 1 1 5 0.8 6 1 61 0.5 64 0.3 96 0.8 
7473 2 0 31 0.9 37 0.4 54 1 80 1 88 0 90 0 
7554 17 0.8 21 0 33 1 40 1 44 1 87 0.6 
7619 14 0.6 15 0.7 42 0.3 55 1 65 0 70 1 84 0.6 96 0.5 97 0.6 
7695 27 0.6 87 0.6 
7996 0 0.4 48 0.3 56 0.4 59 0.9 79 1 82 0.5 
8267 86 0 
8278 9 0 33 0 37 0 48 0 55 0.3 59 0 98 0.5 
8310 13 0 37 0.8 94 0.5 96 0.9 
8338 14 0 34 0.7 51 1 55 0.9 63 0.8 90 0 
8392 60 0.7 
8525 5 0.3 58 0.6 
8718 21 0.4 33 0 37 1 39 0 60 0.9 86 0 
9499 34 1 
9517 47 0.5 88 0.6 
9621 3 0.4 32 0.5 41 0.8 61 0.6 
9716 3 0.3 20 0.4 65 1 82 0.3 99 0 
9795 4 0.9 11 0.7 19 0 26 0.4 28 0 38 0 72 1 92 0 
9810 41 0.3 49 0.7 
9844 21 0.4 25 0.4 27 0.4 34 0 46 0.7 51 0.4 76 1 
