100
37 15 0.7 19 0.5 
75 5 0.4 10 0 11 0.5 17 0.8 26 0.5 42 0.8 72 0.3 
282 0 0.5 10 0.4 58 0.3 61 0.4 83 0 92 0.8 96 0.6 99 0 
298 4 1 5 0 13 0.8 35 0.5 37 0.3 41 0 48 0.8 63 0.6 71 0.7 98 0.4 
306 1 0.8 26 0.9 47 0 77 0 94 0 97 0.7 
388 3 0.9 23 0.9 24 0.6 32 0.8 73 0 78 0.3 81 1 89 0.7 96 0.8 
896 3 0.3 8 0.7 16 0.6 54 0.7 62 0.8 73 0 82 0.7 86 0 87 0 89 0.6 
938 97 0.4 
1031 80 0.8 
1089 2 0.8 6 0.9 23 0.3 26 0 42 1 78 0.9 85 0 87 0 95 0.7 
1119 34 0.4 35 0.7 87 0.8 
1236 7 0 38 0.6 79 0 
1336 3 0 9 0.9 11 0.9 28 0 57 0.3 64 0 
1423 2 0.3 5 1 22 0.5 38 0 76 0.8 84 0.6 
1454 2 1 3 1 11 0 42 0 47 0.6 59 1 77 0.5 85 0.9 97 0 
1472 10 0 29 0.7 46 0.8 54 0.4 61 0.6 84 0.8 
1623 6 0 12 0.8 22 0.7 23 0.5 29 0.4 49 0.9 55 0.5 59 0.9 74 0.6 99 0.8 
1693 17 0.9 66 0.9 70 0.3 77 0.6 89 0.5 
1737 41 0 43 0.7 62 0.8 64 0.8 66 0.3 70 0 
1799 81 0.6 
1845 20 0.9 42 0.5 72 0.4 89 1 
1869 2 0.4 13 1 16 1 17 0.8 25 0.5 26 0.3 27 0.5 49 0.6 70 0.7 91 0.8 
1889 80 0.9 
1989 31 0.3 46 1 50 0.8 
2184 11 0.7 28 0.7 80 0 
2193 22 0 83 0.5 
2198 5 0 45 0 
2201 16 0.8 20 0.6 38 0 41 0.4 44 0 56 0.9 71 0 82 0.7 87 0 
2204 25 0 40 0 53 0.6 81 0.8 90 0 
2208 15 0 41 0.7 92 0.5 
2672 12 0.7 19 0.7 44 0.8 
2682 3 0 18 0 19 0.8 20 1 24 0 27 0 69 0.9 76 0.3 90 0.6 
2854 11 0.8 41 0.4 44 0.3 
3054 36 0.4 50 0.9 52 0 63 0.5 98 0 
3281 1 0.7 10 0.6 11 0.6 29 0.9 36 0.7 55 0 58 0.3 82 0.5 93 0.7 99 0.4 
3311 43 0 47 0.5 63 0.8 69 0 71 0 84 0.4 87 0.9 92 1 
3360 41 0.3 77 0 
3395 79 0.9 
3460 2 0.7 49 0.9 63 0.4 68 0.8 71 0.9 73 0 85 0 
3962 74 0 
4015 51 0 84 1 
4019 55 0.5 68 0.9 71 0.8 95 0 
4104 5 0.9 14 0.9 30 0.8 31 0.4 61 0.5 97 0.7 
4296 10 0.5 19 0 22 0.3 44 0.7 75 0.6 
4322 13 0.9 19 0 23 0.5 28 0.9 36 0.9 39 0 
4406 38 0.4 
4492 2 0.9 14 0.3 30 0 36 0.5 58 0 
4639 9 0.6 24 0.5 41 0.3 46 0.6 84 0.7 
4927 47 0.3 64 0.8 70 0.8 
5120 46 0.7 
5124 38 0.4 88 0.4 
5141 7 0.8 18 0.9 70 0.4 73 0.6 86 0 97 0 
5508 23 0.6 26 0.9 30 0.4 60 0 65 0 70 0.8 85 0.4 94 0.7 98 0.7 
5576 9 0.3 20 0.7 48 0.8 49 1 55 0.3 60 0.7 65 0.5 
5613 52 0.3 
5741 7 0.7 26 0.7 29 0.7 45 0.5 49 0.4 58 0 59 0.7 68 0.4 
5992 0 0.7 22 0 34 0.8 38 0 39 0.7 41 0.9 47 0.6 62 0.8 68 0 95 0.6 
6005 5 0 
6034 1 0.4 9 0.6 93 0.6 
6104 11 0.9 26 0.3 34 0.9 38 0.9 56 0.7 74 0.3 77 0.9 
6138 29 0.6 38 0 42 0.8 54 0 78 0.4 84 1 88 0 96 0.7 
6163 12 0.4 33 0.8 36 0.9 39 0.8 
6209 9 0 16 0 30 0 31 0 35 0.8 39 1 42 1 51 0.3 57 0.9 
6252 7 0.5 23 0.7 29 0 37 0 51 0.5 73 0 85 0.4 90 0.6 
6356 28 0.3 49 0.8 80 0 
6488 15 0.7 24 0 28 0.8 45 0.5 48 0.3 59 0.9 77 0.9 79 0 89 0.6 99 0.9 
6709 9 0.3 30 0.9 35 0 59 0 66 0.3 91 0.8 
6771 19 0.3 30 0.9 34 0 39 0 65 0.3 80 0.5 96 0 
6794 53 0 
7023 22 0.9 34 0 
7100 4 0 5 0.9 50 0.6 
7299 27 0.3 39 0.9 55 0.4 78 0.4 
7420 19 0 76 0 88 0 97 0 
7859 32 0.5 46 0 
7876 18 0.7 19 0 21 0.7 39 0 69 0 71 1 76 0 85 0.7 94 0.6 
8073 24 0.4 37 0 38 0.9 44 0.3 70 0.9 87 1 
8181 29 0.7 38 0.4 73 0.7 86 0.8 
8236 14 0.9 30 0 46 0.9 48 0 81 0 
8256 78 0.5 83 0.4 
8258 4 0 17 0.6 44 1 45 0.5 65 0.4 72 0 76 0.3 78 0.3 87 0 
8260 1 1 16 0 35 0 65 0.7 74 0.7 75 0.8 88 0.5 99 0.4 
8328 8 0 10 1 26 0 33 0 39 0 57 0.6 84 0 
8366 16 0 54 0.7 63 0.8 
8425 21 0 26 0.5 69 0.4 76 0.4 85 0.5 
8427 23 0.7 84 0.7 
8507 25 0.9 29 0 
8605 15 0.9 33 0.4 59 0.6 61 0.5 
8824 4 0.3 30 0.9 55 0.5 68 0 74 0 
8889 14 0.5 15 0 24 0 29 0.8 42 0.5 56 0.5 68 0.3 71 0.4 86 0.8 89 0 
8952 5 0.3 43 0.5 51 0.8 
9023 3 0.5 10 0.4 12 0 18 0 44 0.6 48 0 87 0.9 88 0.7 93 0 
9110 2 0 10 0.7 36 0.7 38 0.5 39 0.7 79 0 
9125 61 1 67 0.9 88 0.5 
9260 21 0 
9303 2 0.3 7 0 10 0.3 15 0 17 0 25 0.8 26 0.9 39 0 54 1 85 0 
9312 64 0.5 
9532 78 0.9 
9562 75 0.7 
9798 5 0.8 7 0 15 0.4 29 0.3 31 0.5 34 0 64 0.9 66 0 75 0.9 
9984 5 0.5 14 0.3 38 0.3 88 0 
