100
359 6 0.3 9 0 44 0.3 59 1 80 0 
396 7 0.6 26 0.6 46 0.5 51 0.8 56 0.7 58 0.6 63 0.5 64 0 92 0.3 
605 2 0.8 16 0.7 27 1 61 0.7 95 0.6 97 0 
701 5 0.6 6 0 12 0.7 21 0.3 24 0.4 32 0.8 56 0.6 76 0 93 0.9 
862 0 0 8 0 21 0.6 22 0.8 27 1 29 0 42 0.4 46 1 72 0.9 89 0.7 
973 5 1 22 0.4 23 0.5 35 0.6 50 0.9 67 0 77 0.8 82 0.8 88 0 
1184 8 0 
1200 2 0.9 8 0.5 43 0.7 46 0.3 50 0.8 53 0 85 0.4 94 0 
1382 31 0.8 64 0.9 67 0.4 79 0.3 
1416 7 0.5 47 1 48 0.7 64 0.4 98 1 
1483 28 0 37 0 47 0.5 48 1 86 0 
1587 9 0.4 42 0.3 47 0.6 55 0.5 76 0 77 0 
1724 12 0.4 37 0 41 1 68 0.5 71 0 
1735 35 0.5 36 0.7 38 1 56 0.8 60 0.8 83 1 97 0.6 
1780 6 0.6 
1811 15 0 39 0 70 0.9 
1871 7 0.7 11 0.7 13 0.9 18 0.8 23 0.6 64 0 86 0.7 87 0 
1897 47 0 54 1 73 0.4 82 0 90 0.7 94 0.8 95 0.6 
2004 0 0.9 51 0.4 
2144 17 0 61 1 73 1 78 0.9 87 0.6 
2212 20 0.5 37 0.7 39 0.4 50 0 53 0 54 0.9 75 0.3 85 0 91 0 
2243 2 0.4 21 1 28 0.9 39 1 55 0 79 0 96 0.7 
2257 15 0 20 0.5 25 0.9 31 0.6 68 0 80 0.3 94 0 
2286 43 0.4 74 1 
2326 4 1 17 0.3 25 0.7 
2439 57 0 97 1 
2489 5 0.3 14 0.8 22 0.5 31 0 34 0.9 63 1 88 0.3 95 0.8 
2499 5 1 23 0 28 0.8 61 0 62 0.5 66 0 74 0.5 80 1 88 0.4 95 0.5 
2532 11 0 13 1 61 0.8 62 0.5 78 0 96 0.8 97 0.9 
2719 72 0.7 80 0.5 83 0.3 97 0.7 
2724 1 0 14 0 23 0.5 39 0.5 62 0.6 75 1 94 0 
2738 3 0.7 39 0.8 46 0.4 71 0 81 0 
2838 24 0.3 48 0 51 0.5 58 0 63 0.8 69 0 92 0.5 97 0 
3076 18 0.8 23 0 51 0.5 88 0.5 97 0.5 
3158 13 0.6 64 0 96 0.9 
3169 25 0 34 0 47 0.6 56 0.7 
3184 5 0.6 13 0 20 0 
3265 33 0.3 38 0.9 73 0 77 0.4 83 0.6 90 0.8 
3271 2 0.4 31 0.6 32 0.6 35 0.4 56 0.3 61 0.9 62 0.3 77 1 81 0 
3646 11 1 33 0.4 63 0 78 0 79 0.7 
3836 6 0.6 73 0.3 87 1 
4113 16 0.5 39 0.4 54 0.8 76 0.6 83 1 
4172 45 0.3 84 0 
4317 19 0.4 26 1 32 1 46 0.6 56 0.9 63 0.7 65 0.6 82 0 90 0.4 
4486 1 0.8 8 0 38 0.6 60 0 69 0.7 79 0.4 89 0.7 
4561 9 0.6 14 0.5 
4669 39 0.6 73 0 91 0.4 
4731 10 0.6 37 0.9 56 0.6 63 0 
4987 23 0.8 25 0 83 0.8 
4990 32 0.9 40 0 95 1 
5005 4 0.9 22 0 43 0.9 71 0.9 80 0.4 
5311 2 0.8 7 1 11 0.7 16 1 18 0.3 23 0.4 41 0.7 67 0.4 
5340 13 0.6 23 0.6 25 0.3 51 0.7 56 0.3 82 0.5 
5508 23 0 26 1 30 0.6 60 0 65 0 70 0.7 85 0.8 94 0 98 0.5 
5512 49 0.9 
5712 30 0 70 0.7 97 0 
5926 32 0.4 34 0.6 84 0 
5978 43 0.7 48 0 61 0.3 62 0.3 79 0.5 89 0 
6024 0 0 16 0.6 40 0.8 54 0.6 56 0.5 60 0 61 0.8 76 0.7 77 0 
6055 21 0 23 1 38 0.3 45 0.5 46 0.3 58 0 66 1 73 0.7 76 0.6 88 0.6 
6078 0 1 5 0.7 32 0.5 95 0.8 
6179 14 0.4 34 1 59 0.9 79 0 89 0.9 99 0.8 
6257 30 0.9 42 0.5 53 0 71 0.8 72 0 85 0.9 96 0 
6271 15 0.5 41 0.4 43 0 54 0.3 55 0.3 58 0.3 74 0.8 75 0.9 92 0.6 93 0.6 
6308 35 0.9 57 0.4 94 0.3 95 0.6 
6373 45 0.6 55 0.4 86 0.8 91 0 
6530 14 0.8 19 0.3 20 0.4 27 0.5 34 0.6 43 0 76 0.3 90 0.8 
6573 10 0.5 22 0.5 35 0 52 0 67 0.6 68 1 87 0.6 99 0 
6829 1 0.6 4 0.9 5 0.4 38 0.4 43 0 50 0 68 1 70 0.9 
6860 17 0.3 45 0 58 0.6 96 0.4 
7015 0 0.8 4 0.9 34 0.9 53 0.8 55 0.5 57 0.4 62 1 70 0 90 0 99 0 
7018 7 0 24 0.4 30 0.5 41 0.9 48 0 
7089 3 0.6 8 0 44 0.4 49 0.3 75 0 98 0.9 
7126 7 0.5 49 0.5 67 1 70 1 72 0 89 0.6 
7137 5 0.7 9 0 13 0.7 19 0.7 47 0.7 54 0.8 80 0 
7535 1 0 3 0 28 0 59 0.8 62 0.9 74 0.9 
7679 20 0 23 0.5 27 0 36 0.3 39 0.9 57 0.3 96 0.5 
7739 14 0.3 28 0.6 41 0.9 68 0.8 70 0.5 90 0.7 
7746 10 0.5 65 0 71 0 
7964 19 0 48 0 62 0.8 70 0.7 92 0.4 98 1 
8020 14 0.6 41 0.8 43 0.4 44 1 58 0.7 86 0.8 92 0.6 96 0.5 
8042 17 1 20 0.6 47 0.6 52 0 62 0.4 69 0.7 72 1 89 0.9 
8157 1 0 7 0 
8239 13 0.4 30 0.9 42 0.3 51 0.5 62 0 69 0.5 72 0.5 81 0.6 
8488 14 0.8 
8510 41 0.4 51 0.5 54 0 59 0.8 89 0.4 91 0.5 95 0.6 
8527 38 0.6 50 0.8 
8634 2 0.8 5 0.4 8 0.7 10 0.4 29 0.3 68 0.4 
8685 3 0.4 7 0 26 0 42 0.4 68 0.7 76 0.5 90 0.7 97 0.8 
8784 27 0 45 0.3 53 0.8 91 0.4 98 0.5 
9018 2 0.4 15 1 19 0.3 35 0.4 41 0.3 52 0.7 55 0.9 86 0.6 96 0.3 
9239 4 0 23 0.5 24 0.6 38 0.6 54 0.8 75 0.8 83 0.7 98 0 
9309 3 0 10 0 41 0.7 57 0.3 58 0.5 85 0 94 0.6 
9515 5 1 14 0.8 19 0.7 22 0.6 37 0 59 0.7 61 0.5 69 0 79 0.7 
9626 8 0.5 9 0.4 14 0.7 29 0.9 32 0.6 38 0.5 40 0.6 51 0.8 66 0.9 71 0.8 
9661 40 1 62 1 83 0 90 0.8 94 0.5 
9692 11 1 18 0 19 0 23 0.8 42 0.5 73 0 78 0.4 87 0 93 0.9 
9731 14 0.4 22 0.5 45 0 52 0.4 54 0.9 62 0 77 0.8 79 0 84 0.7 
9776 4 0 30 0.9 31 0 44 0.9 72 0.9 73 1 
9884 2 1 13 0 22 0 33 0 52 0.3 80 1 88 0.5 
