100
48 3 0.8 29 0 42 0 71 1 76 0.4 78 0.5 85 0.4 91 0 
130 13 1 23 0.3 26 0 53 0.3 69 0.4 76 0 
193 22 0.3 68 0.9 
306 1 0 26 0 47 0.9 77 0.8 94 0 97 0 
352 4 0.3 16 0.7 24 0.5 35 0.7 38 0.5 40 0.3 41 1 58 0.9 92 0 
582 20 1 28 0.9 31 0 49 0 66 0 67 1 69 0.5 75 1 88 1 97 0 
607 8 0.6 15 0 31 0.9 40 0.8 68 0.3 89 0 90 0.8 92 0.3 93 0 98 0.7 
617 10 0 18 0.9 32 0.8 33 0 46 0 95 0.4 
783 44 0 47 0.6 
893 11 0 14 0.6 76 1 
1033 21 0.6 44 0 50 0.5 86 0.8 
1040 12 0.4 44 0 52 0 56 0.7 65 0.8 96 0.8 
1043 1 0.7 15 0.6 39 0.9 58 0 
1227 68 0.7 98 0.6 
1491 2 0 11 0.9 14 1 19 0.4 54 0 58 0.9 
1497 12 0 46 0.7 72 0 90 0.9 
1520 78 0 81 0.8 84 0.8 85 0.8 91 0.3 
1683 17 0.8 88 0.5 
1773 68 0.4 76 0 80 0.4 
1790 26 0 40 0.3 53 0.5 64 0.8 
1953 1 0.9 5 0 14 0 24 0 62 0.3 64 0.7 87 0.6 
1957 9 1 11 0.8 97 0 
2033 85 0.3 
2103 21 0.7 23 0 34 0.6 36 0.6 40 0.3 99 0 
2313 14 0 44 0 50 0.5 56 0.9 57 0 61 0.8 63 0 84 0.6 92 1 97 0.6 
2446 72 1 
2449 11 0 16 0.8 33 0.8 44 0.6 56 0.6 81 0.5 82 0.9 97 0.4 
2510 12 0.3 32 0 55 0.6 60 0.7 65 0.4 79 0.8 85 0.6 87 0.6 99 1 
2544 69 0.9 
2591 0 0.6 4 0.3 12 0.4 21 1 22 0.7 46 0.9 57 0 79 0.4 80 0.6 
2684 18 0.8 
2794 23 0.9 43 0 49 0.5 68 0 85 0.9 91 0.3 93 0 
2912 24 0.9 28 0 75 0 
3229 10 0.9 21 0 54 0 63 0.9 71 0.7 74 0.6 79 0 88 0.5 
3245 31 0.7 89 0 
3315 1 0.8 23 0.7 31 0.6 40 0 63 0 76 0.9 84 0 85 0.3 87 0.4 88 0.5 
3336 38 0 89 0.5 
3508 37 0 63 0.9 83 0.4 
3514 27 0 56 0.3 
3813 3 0.4 7 0.9 53 0.5 58 0.4 60 0 69 1 72 0 
3917 36 0.5 40 0.4 45 0.7 53 1 
4035 54 0.3 55 0.9 57 0.3 66 0.4 
4039 2 0.7 5 0.9 6 0.8 11 0 22 0.5 50 0.4 66 0 77 0.5 91 1 
4257 17 1 19 0.8 54 0 69 0.4 85 0.7 
4432 74 0 75 0.4 
4466 9 0 13 0 23 0 26 0 34 0.6 37 1 47 0.8 88 0.4 96 0 
4481 2 0.9 4 0 30 0.4 71 0 72 0 90 0 
4489 14 0.6 19 0.3 41 0 90 0 
4658 38 0.4 90 1 
4757 14 0.6 25 1 28 0.8 33 0 37 0.3 40 0.5 53 0.3 72 0 73 0.7 74 0.6 
4849 0 1 2 0 32 0.8 36 0 48 0.4 70 0.5 72 0 78 1 
5093 64 0.8 74 1 
5113 2 0.8 4 0.9 6 0 44 0 50 0 67 0.6 94 0.7 99 0 
5327 4 0.8 10 0.4 37 0.5 59 0.8 73 0.5 74 0.9 
5523 18 0.7 21 0.3 25 0.5 35 0.3 49 0.8 60 0 72 0.3 96 0 
5850 4 0.6 47 0.8 65 0.8 
6162 5 0 7 0 16 0.8 24 0 39 0.7 55 0.7 85 0.8 89 0.9 
6203 38 0 48 0 61 1 70 0 
6214 12 0 34 0 56 0.6 69 0.7 71 0.4 
6351 39 0.4 44 1 46 0.5 54 0.9 75 0.7 78 1 80 0.7 83 1 96 1 
6421 20 0 40 0.8 71 0.7 74 0.8 
6436 18 0.9 24 0.3 25 0 61 0.9 76 0.5 88 0.3 92 0.3 97 0.3 
6546 3 1 5 1 88 1 
6549 87 1 96 1 
6573 10 0.3 22 0.7 35 0.3 52 0.4 67 0.6 68 0.6 87 0 99 0.6 
6676 21 0 40 0.8 74 0 81 0.5 
6924 4 0.9 17 0 35 0.8 36 0 64 0 70 0 99 1 
6992 12 0.8 85 0.9 99 0 
7053 2 0 15 0.4 32 0.3 35 0.8 50 0.3 61 1 75 0 80 0.5 81 0.5 95 0 
7229 31 0 35 0.5 76 0.7 98 0.3 
7233 3 0 22 0.5 
7237 1 0.4 7 0.9 18 1 
7390 3 0 9 0 36 0.9 42 1 43 0 55 0.6 60 0 65 0 66 0 97 0.9 
7491 22 0.6 26 0 31 0 71 0.6 76 0.9 97 1 
7513 37 0 43 0.8 71 0.8 
7635 55 0.3 
7652 0 0.7 7 1 14 1 18 0.6 26 0 30 0 38 0.3 55 0.4 58 0 82 0 
7827 16 0.4 18 0 22 1 62 0.5 70 0.5 
7968 14 0.3 28 0.5 32 1 41 0 46 0 49 0 84 0.7 
7995 42 1 50 0.3 59 0.9 
8016 25 0.7 85 0.5 
8051 3 0.4 7 0.6 20 0 29 1 50 0.4 62 0.3 64 0.5 80 0.8 90 0 
8092 16 0.7 17 0.6 39 0 84 0 86 1 95 0.9 
8116 53 0 59 1 72 0 85 0 
8120 5 0.6 6 0 26 0.3 36 0.4 72 0.6 74 0 79 0.4 80 1 
8130 93 0 97 0 
8311 29 0 49 0 52 0 71 0.9 82 0.4 87 0.9 
8480 2 0.6 9 0.5 15 0.8 30 0.5 58 0 71 0 
8598 14 0.3 24 0.8 25 0 31 0 38 0.5 51 0.7 64 0 68 0.6 82 0.4 89 0.6 
8632 6 0.9 17 0.4 27 0.5 49 0.5 69 0.8 79 0.3 96 0.5 98 1 
8818 29 1 95 0 
8828 12 0.4 16 0 90 0.4 
9048 2 0 28 0.5 29 0.9 36 0.6 40 0.6 53 0.8 70 0 74 0.6 76 0.6 99 0.6 
9115 32 0.8 
9183 3 0 7 0.7 32 0.7 34 0.9 37 0.6 54 1 72 0.3 73 0.9 89 0.4 99 0.7 
9339 62 0 
9391 28 0.5 44 0.8 
9520 19 0.8 33 0 50 0 69 0 82 0.5 
9670 16 0.8 31 0.5 44 0.3 55 0.6 78 0.5 90 0.6 
9725 2 0 67 1 79 0.4 84 0.5 97 1 
