100
48 3 0 29 0.7 42 0 71 1 76 0 78 0.6 85 0 91 0.3 
82 52 1 60 0 70 1 75 0.4 
223 30 0 
323 3 0.4 14 0 20 1 48 0.9 72 0.9 
435 84 0.3 90 0.6 
451 4 0 29 0.7 30 1 34 0.5 35 0.4 39 0.7 43 0 92 0.5 
585 9 0 13 0 14 0.3 29 0.4 37 0.4 59 0.5 70 0 
742 12 0 31 0.7 36 0 39 0.3 58 0.7 87 0 
908 26 0.9 46 0.8 68 0.8 
964 20 0.4 21 0 24 0.7 53 0.4 66 0 72 1 77 0.7 89 0 90 1 91 0.5 
1146 18 0.7 43 0.3 55 0 81 0.6 
1164 5 0.6 18 0.6 20 1 24 0.3 27 1 29 0.7 35 0.4 41 0.7 72 0.4 
1185 48 0.7 
1226 0 0 24 0.4 25 0 32 0.5 45 0.6 50 0.3 85 0 87 0.4 92 1 96 0.5 
1228 16 0.5 78 0.5 
1301 12 0.6 16 1 18 0.9 51 0.5 53 0.6 57 0.7 91 0.7 
1322 36 0 37 0.4 41 0.7 49 0.6 56 1 58 0 60 1 
1390 71 0.7 
1587 9 0.9 42 0 47 1 55 0.5 76 0.6 77 0.5 
1626 29 0.8 34 0 51 0 60 1 65 0.8 67 0 72 0.4 96 0.4 97 0.3 98 0.8 
1631 19 0.6 75 0.4 76 0.5 
1808 18 0.5 27 0.4 50 0 64 0.8 77 0.6 82 1 
1919 3 0.4 19 0.6 26 0.9 40 0 45 0 60 0.5 61 0.8 
2077 0 0.3 6 0.5 14 1 18 0.9 32 0.8 64 0.8 83 0.5 
2161 85 0.4 
2172 19 0 32 0.8 37 0 83 0.8 89 0.9 92 0 
2212 20 0.9 37 0.8 39 0.5 50 0.8 53 0.8 54 0 75 0 85 0 91 0.4 
2286 43 0.4 74 0.4 
2422 42 0.4 58 0.3 85 0 92 0.9 95 0.3 96 0.5 97 0.8 
2472 86 0.5 
2521 4 0 40 0 48 0 61 0.4 66 0.4 76 0.4 86 0 91 0 
2601 14 0.6 30 0.6 38 0.7 39 1 47 0.7 52 0.6 72 1 90 0.5 99 0 
2624 81 0 
2638 22 0.4 72 0.7 80 0 
2653 7 0 98 0.7 
3006 74 0.8 87 0.4 
3064 90 0 
3077 6 0 
3182 16 0.9 62 1 76 0 93 0.5 
3189 74 0.9 
3615 14 0 17 1 26 0 27 0.4 36 0.9 68 0.5 
3719 49 0.6 78 0 
3728 15 1 19 0.7 52 0.8 56 0.9 
3965 7 0.4 37 0.7 43 1 46 0.9 50 0 55 0.3 78 0.8 83 0 97 0 
4063 3 0.8 6 0.3 12 0.7 20 0.9 75 0 77 0 79 0 
4228 96 0.3 
4282 31 0.3 42 0.7 83 0.9 
4284 4 0.9 28 0.4 33 0.9 62 0 63 0 95 0.3 96 0.9 
4287 17 0.4 18 1 26 0.3 34 0.3 40 0.3 98 0 
4558 13 0 16 0.3 24 0 39 1 47 0.4 61 0.7 71 0 97 0.4 98 0.9 
5039 15 0.8 16 0.8 17 0 26 0.8 38 0 47 0 56 0.3 67 0.3 85 0 96 0.3 
5081 27 0 59 0.5 72 0 73 0 93 0.7 
5098 27 0.5 35 0.8 43 0.7 54 0.8 65 0.7 95 0 
5112 52 0.3 79 0 
5252 6 0.6 19 0 60 0.3 
5508 23 0 26 0.9 30 0.7 60 0.4 65 0 70 0 85 0 94 0.8 98 0 
5519 1 1 3 0.8 25 0.5 31 0.6 42 0.7 47 0 55 0.9 78 0.9 
5662 4 0 6 0 13 0.5 25 0 32 0.4 60 0 66 0.3 71 0.9 
5705 32 0.4 37 0.6 44 0.9 63 0.4 66 0 68 0 92 0.5 95 0.3 
5734 8 0.4 21 0 24 0 29 1 42 0.6 51 0.6 64 0.6 74 0.9 90 0 
5874 7 0.3 16 1 19 0.6 22 0 57 0.7 89 0.5 90 0.8 
5948 16 0 34 0.8 69 1 72 0 76 0 81 0.9 
6028 5 1 10 0.6 19 0 
6163 12 0.5 33 0.4 36 0.8 39 0.9 
6282 4 0.5 6 0.9 12 0 55 0 64 0.5 
6351 39 0 44 0.7 46 0.7 54 0 75 0 78 0.5 80 0.6 83 0.4 96 0.9 
6360 7 0.3 15 0 29 0 47 0 61 0.3 72 0 76 0.9 90 0 91 0.8 
6462 8 0.6 21 1 47 0.4 67 0 85 0.5 
6465 2 1 21 0.8 37 0.4 55 0.7 71 0.8 72 0.7 
6605 9 0 49 0.6 57 0 64 1 80 0 82 0.9 83 0.9 92 0 
7128 1 0.5 3 0.5 5 0.4 11 0.5 19 0.7 26 1 54 0.5 58 0.7 73 0.7 74 1 
7193 76 1 77 0.5 98 0 
7300 16 0 54 0 59 0 79 0 87 0.9 
7318 1 0.8 12 0.9 
7403 2 0.9 25 0.4 29 1 39 0.3 51 0.5 71 0.6 73 0 77 0.8 83 1 93 0.5 
7586 9 0.9 11 0 16 0.6 19 0.9 32 0 79 0.3 98 0 
7605 14 0.8 28 0.8 92 0.3 95 0.6 
7634 30 0.3 55 0.5 56 0 73 0.6 74 0 
7670 35 0 41 0.6 42 0.3 66 0 67 0 70 0.6 
7671 50 0.7 61 0 
7774 3 0.6 6 0.9 13 0.3 18 0.3 20 0 35 0.5 42 0 44 0.9 57 0.3 79 0.9 
7813 11 0.7 13 0.6 70 0.4 
7955 20 0.7 30 1 39 0.5 81 0.8 99 0.5 
8070 5 0.7 9 0 14 0.5 16 0.9 49 0 51 0 60 0.7 62 0.4 90 0.9 
8180 24 0.9 38 0.8 75 1 
8255 4 0.8 11 0 42 0.7 47 0.4 69 0 
8385 6 0 65 0 67 0 
8549 0 0.7 2 0.7 14 0.9 16 0 27 0.8 51 0.3 67 0 72 0.4 83 0 
8614 2 0 7 0.9 22 0 27 0 41 0.5 45 0.5 71 0.6 87 0.3 90 1 99 0.5 
8825 39 0.9 57 0.6 70 0.4 73 0.5 89 0 
8920 8 0.3 41 1 65 0.7 67 0 74 0 90 0.9 91 0.6 95 0.8 96 0 
9040 19 0 44 0.8 51 0 70 0 78 0.8 82 0 
9048 2 1 28 0.4 29 0 36 0.6 40 0 53 0 70 0.8 74 0.5 76 0.4 99 1 
9144 2 0.5 7 0.6 42 1 48 0.4 74 0.9 84 0.3 91 0.3 96 0.3 
9147 1 0 14 0.5 43 0 53 0.8 55 0.8 57 0.6 72 0.5 75 1 
9433 43 0.8 
9523 6 0.8 22 0.4 37 0.5 42 0 48 0.4 
9645 6 0.3 24 1 29 0.4 69 0.3 75 0.7 96 0 
9861 18 0 19 0.9 
9862 9 0.7 45 0 73 1 
