100
5 18 0.4 43 0.6 57 0 83 0.8 95 0.7 96 0 98 0.8 
86 45 0 50 0.8 56 0.4 57 0.4 58 0 78 0.7 
177 47 0.4 
290 11 0.9 17 0.9 22 0.3 34 0 60 0 89 0.7 97 0.3 
353 39 0 66 0.7 68 0.6 
801 4 0.7 5 0.6 18 0.5 37 0.8 63 0.8 66 0.6 72 0.8 
823 94 0.7 
868 27 0 
1140 16 0.3 23 1 26 0.9 32 0.6 44 0 66 0.3 73 0.4 75 0.7 85 0.3 
1160 51 0.7 62 0.3 69 0.3 96 0.9 
1166 5 0.4 13 0.4 17 0.3 20 0 25 0 45 0 49 0 59 0.5 84 0.5 
1199 7 0.7 20 0 24 0.6 25 0.3 51 0.8 76 0 
1331 6 0.8 39 1 47 0 52 0.4 57 0 74 1 78 0.4 90 0 
1353 32 0 36 1 44 0.9 46 0 51 0.9 57 0.3 65 0.6 74 0.8 
1553 10 0.7 23 1 63 0.8 66 0 78 1 
1644 50 0.4 83 1 
1702 23 0.5 28 1 43 0.9 48 1 59 0.5 63 0.9 
1875 0 0.8 7 0.6 19 0.6 35 0.5 36 0 50 0.5 51 0.8 69 0 81 0.3 85 1 
1973 5 0.4 8 1 9 0.3 11 0.7 21 0.6 31 0 35 0.4 49 0.8 59 0.5 65 1 
2139 16 0 33 0.6 34 0 62 0.6 70 0.6 84 0.9 89 1 
2282 51 0 
2344 15 0.7 20 0.6 37 0 40 0.8 59 0 72 0.7 79 0.6 85 0 
2361 15 0.5 32 1 33 0.8 52 0 56 0.4 62 0 69 0 71 0 95 0.8 
2435 8 0.5 13 0.3 14 0 22 0.3 37 0.9 61 0.6 79 1 82 0.9 
2601 14 0.8 30 0.5 38 0.8 39 1 47 0 52 0.9 72 0.3 90 0.7 99 0.6 
2666 4 0 29 0 
2667 20 0.5 
2732 4 0.9 57 0.6 
2791 56 0.3 66 0.4 82 0.4 90 0.4 
2828 2 0.3 5 0 15 0.5 22 1 23 0.7 27 0.7 64 0.3 91 0 97 0.4 
2880 3 1 8 0 39 0.5 42 0.9 87 0.6 
2883 4 0.9 33 0 51 0 83 0.6 
3033 20 0.4 27 0.4 56 0.5 78 0.7 80 0.6 89 0 
3156 8 0.8 11 0 31 0.4 33 0.8 
3246 9 0.8 31 0.9 38 1 47 0.3 
3270 4 1 5 0 8 0.5 37 1 93 0.5 95 1 
3284 17 0.5 30 0.3 33 0.3 64 0 66 0.4 86 0.5 
3407 12 0.8 31 0 
3451 75 0.6 
3646 11 0.4 33 0.7 63 0.6 78 0 79 1 
3714 10 0.6 17 0 70 1 
3746 22 0 41 0 46 0 92 0.5 
3762 28 0.7 38 0.8 74 0.6 
3897 17 0.5 34 0.7 
4161 2 0 70 0.3 78 0.5 89 0.5 
4393 4 0 5 0.6 36 1 40 0 
4598 8 0.8 11 0 40 0 58 0.5 66 0 68 0.4 81 0.6 
5117 2 0.3 28 0.6 30 1 74 1 80 1 
5188 49 0.7 
5280 31 0.3 36 0 69 0 
5545 8 0.4 37 0 51 0 54 0.8 60 0.3 64 0.4 
5559 0 0.8 57 0.4 58 1 81 0.3 97 0 
5593 14 0 41 0.3 59 0.5 67 0 72 0.8 77 0.7 
5603 19 0 36 0.8 44 0.5 91 0.7 
5927 11 0.8 29 0.8 85 0.8 
5934 93 0.6 
5969 13 0 15 1 43 0.8 66 0.4 74 0.6 82 0.7 92 0.5 95 0.4 
6083 1 0 
6262 18 0 27 0.9 38 0 46 0.8 47 1 50 0.8 63 0 74 0 
6315 1 0.5 2 0.3 7 0.6 57 0 62 1 76 0.7 82 0.3 88 0.9 92 0 
6355 82 0.9 89 0 
6533 4 0.8 5 0.3 60 0.4 80 0 
6568 9 0.9 27 0.7 59 0.3 
6777 22 0.3 57 1 63 0.7 67 0 71 0.8 91 0 98 1 
6825 10 0.8 34 0.9 39 0 81 0.5 84 0.9 
6840 35 0.4 
7020 8 0.3 13 0 23 0.8 47 0.9 53 0 58 0.6 64 0.6 
7176 50 0 87 0.8 96 0.6 
7236 74 1 
7270 1 0.5 7 0.9 21 0 41 0.6 61 0.9 65 0 74 0.5 94 1 
7304 6 0 26 0.3 88 0.4 98 0.5 
7560 16 0.5 36 0.8 43 0 52 0 57 0.3 58 0.7 59 0.4 64 0 79 0.7 
7581 5 0.7 40 0.5 57 0 
7588 2 0.7 19 0.9 36 0 57 0.8 68 0.8 
7796 14 0.8 36 0.3 54 0 71 0 80 0 89 0.5 90 0 99 0 
7872 44 0.9 47 0.6 49 0.8 53 0.3 57 0.3 65 0.5 70 0.9 76 0 99 0 
7952 42 0.7 61 0 85 0.7 
8031 0 0.5 8 0.5 15 0 60 0 78 0.4 82 0.6 
8164 5 0.6 11 0.3 12 0.3 50 0.3 64 0.3 69 0 72 0.9 
8225 10 0 36 0.7 63 0.7 
8483 40 0.3 41 0.3 58 0.8 95 0.3 96 0.4 
8559 31 0.4 55 0.5 64 0.9 85 0.7 
8702 7 0.9 10 1 25 0.8 49 0.4 69 0.7 
8709 5 0.7 8 0.5 26 0.6 28 0.5 44 0 82 0.4 84 0.9 95 1 
8802 1 0.9 6 0.4 51 0.5 
8917 6 0.3 10 0.7 51 0.3 82 0.5 83 0 87 0.6 
8930 69 0.7 86 0.6 
8965 13 0.5 14 0.3 22 0.9 48 0.3 64 0 68 0.3 69 0.4 86 0.8 87 0.8 88 0 
9068 16 0.5 21 0 36 0.9 44 1 47 0 58 0.7 65 0.9 84 0.9 86 0.9 94 1 
9081 8 0.6 16 1 23 0.9 27 0.3 33 0 47 1 61 0.6 88 0.6 96 0.7 
9315 0 0 13 1 25 0.6 61 1 69 0.5 77 0.4 
9405 8 0.8 14 1 35 0 40 0.6 44 0.9 82 0.5 86 0.4 
9458 11 0 19 0.6 22 0 42 0 43 0.3 54 0 66 0.8 
9539 5 0 21 0.7 48 0.9 62 1 65 0 69 1 
9570 76 0.5 
9584 11 0.5 52 0 69 0.5 79 0 92 0 
9627 7 0.4 17 1 18 0.8 25 0.7 44 0.6 52 1 65 0.9 76 0 77 0 84 0.6 
9700 2 1 
9799 12 0 33 0 37 0.7 49 0.7 50 0 61 0.7 75 0 96 0.9 
9845 65 0 90 0.5 96 0.5 
