100
36 4 0.4 11 0.7 21 0 33 0.7 41 0.8 53 0.6 55 0.8 57 0.5 78 0 97 0.3 
108 28 0 
317 39 0.3 
456 44 0.5 51 0.9 59 0 82 0.6 83 0.8 
516 6 0.4 13 1 25 0.7 61 0.7 66 1 77 0 
541 13 0.8 14 0.3 25 0 29 0.5 50 0.3 54 0 82 1 90 0.4 92 0.5 
609 15 0 23 0.8 41 0.3 52 0 62 0.6 67 0.3 70 1 95 0.4 
642 2 0.3 3 0.9 28 0.8 37 0.7 41 0.3 54 0.6 
717 5 0.6 17 0.8 41 0.5 53 0.7 57 0.3 81 0 82 0.6 
810 16 0.7 33 0.6 64 0 68 0.9 
833 26 0.9 29 0.7 44 0.6 54 0 61 0 72 0.3 
895 0 0.8 7 0.7 12 0.7 46 0 91 0.3 
910 13 0.5 15 0.7 49 0.8 58 0.7 60 0.8 69 0.7 74 0.4 
966 10 0.6 13 0.5 30 0.7 56 0.8 74 0.9 80 0.5 81 0.7 90 0 
1126 17 0.5 20 0 
1150 35 0 78 0 
1172 25 0.4 
1185 48 0.3 
1495 65 0.7 75 0.5 
1593 22 0.4 33 0.6 35 0.6 47 1 54 0.5 63 0.7 78 0.9 
1604 1 0.6 12 0.9 21 1 22 0.4 32 0 33 0.3 44 0 48 0 58 0 94 0 
1670 10 0.7 65 0.8 82 0.6 
1816 31 0 35 0.6 49 0.5 64 0.5 98 0.6 
1970 42 0 58 0.9 66 0 75 0 
2025 0 0 3 0.4 11 0 82 0 84 0 92 0 96 0 
2145 20 0 41 1 49 1 73 0.4 81 0.3 
2156 19 0.7 36 0.9 41 1 77 0 
2253 19 0.9 25 0 26 0.5 44 0.3 48 0 51 0 
2273 1 0.9 22 0.4 26 0 27 0.5 28 0.7 58 0.8 67 0 72 0.8 81 0 88 0 
2293 34 1 37 0.8 44 0 64 0.7 70 0 98 0 
2441 26 1 66 0.5 
2489 5 0 14 0 22 0.8 31 0.7 34 0.8 63 1 88 0.4 95 1 
2630 4 0 49 0.3 67 0 78 0.8 80 0.5 87 0.4 
2670 10 0.6 76 0.9 77 0.5 
2836 10 0.5 69 0.8 75 0.6 93 0.3 
2924 28 0.9 63 0.7 
3054 36 0.8 50 0.6 52 0 63 0.6 98 0.8 
3055 2 0.9 3 0 7 0.4 11 0.4 39 0.3 
3272 3 0.9 20 0.8 21 0 32 0.5 37 0.9 44 0.4 52 0.6 53 0.6 
3367 7 0.7 8 0.8 11 0.4 22 1 31 0.6 61 0.7 63 0.8 64 0.7 86 1 
3843 4 0.7 6 0.8 
3998 47 0.6 51 0 52 0.7 64 0.3 65 0 69 0.5 71 0.9 75 0.7 86 0.3 87 0 
4047 4 0.5 9 0 15 0.8 25 0.5 33 0.6 68 0.7 70 0.8 79 0 86 0.6 87 0 
4129 6 0.7 13 0 29 1 47 0.7 54 0 55 0.6 64 0.6 73 0.7 
4274 2 0.8 18 0.6 19 0.4 43 0 47 0.7 59 0.5 71 0.9 83 0 
4405 14 0 54 0 82 0.7 96 0.8 
4656 7 0.3 11 1 16 0.5 23 1 34 0 58 0.4 76 0.5 79 0 82 0.7 
4698 23 0.6 25 0 34 0.4 45 0.9 79 0.4 87 0.7 
4748 9 0 10 0.6 17 0.3 21 0.4 29 0.4 53 0.4 67 0.9 69 1 77 0 84 0.9 
4776 37 0 54 0 60 0.4 62 0.6 
4968 70 0.7 77 0.6 86 0.6 
4990 32 0.7 40 0.4 95 0.8 
5103 1 0.6 6 0.4 43 0.6 46 0 71 0 73 0.5 
5137 28 0 35 0.3 48 0.6 58 0.8 88 0 
5189 19 0.9 30 0 58 0.8 
5471 23 0.3 55 0.5 78 0.6 95 0.4 
5589 2 0.3 10 0.8 13 1 18 0.9 49 0.8 79 0.3 97 0.7 
5651 76 0.9 85 0.5 98 0.5 
5739 33 1 49 0.8 58 0.3 62 0.6 72 0.6 
5971 4 0.9 37 0.8 42 0.7 76 0.9 94 0 
6028 5 0.6 10 1 19 1 
6209 9 0.8 16 0.3 30 0.5 31 0.8 35 0.8 39 0.6 42 0.3 51 0.8 57 0.3 
6367 32 0.3 56 0.9 68 0 78 0.5 87 0.4 
6410 7 0.9 51 0.5 66 0.3 76 0.4 
6439 14 1 55 0.9 80 0.3 93 0.4 
6483 29 0.5 51 0 57 0.3 58 0.7 87 0 94 0.4 
6538 14 0.7 16 0 20 0.6 34 0 50 0 63 0.6 75 0.5 93 0.3 98 1 99 0.8 
6581 29 0.4 53 0 58 0.4 70 0.6 94 0.9 
6633 14 0.6 16 0 20 0.7 30 0.6 38 0 43 0 50 0.4 68 0 93 0.7 
6749 0 0 8 0.4 16 0 25 0.6 28 0.6 45 0.8 52 0.7 56 0 
6752 88 0.6 90 0 
6788 2 1 3 1 55 0 67 0.5 88 0.6 
6869 55 0 58 0.9 71 0.6 97 0.3 
6916 54 0 55 0.8 86 0.3 89 0 
7578 30 0.4 42 0.4 
7595 94 0.8 95 0 
7646 4 0.5 9 0 21 0.4 33 0.9 49 0.9 61 1 74 1 85 0 91 0.3 98 0 
7706 12 0 16 0.5 27 0.8 69 0.8 71 1 
7714 8 0.8 15 0.4 22 0.5 88 0.8 92 0.5 94 0.6 97 0.6 
7775 10 0.8 40 1 69 0.9 
7839 4 0.6 45 1 51 0.4 52 0.8 55 0.3 64 0 93 0.4 94 0 97 0.5 
7938 16 0.3 54 0 98 0.9 
8082 42 0 51 0.9 69 0.4 73 0.8 
8280 1 0.8 9 0 26 0.3 29 0 33 0 38 0.7 66 0 82 0.7 
8435 37 0 75 0 
8460 6 0 19 0.6 20 0.6 51 0.8 64 1 72 0.3 73 0.8 74 0.8 86 0 90 0 
8869 61 0 71 0.8 77 0.3 
9210 10 0 25 0.9 47 0.9 60 0.6 66 0.9 86 1 
9220 28 0.7 61 0.6 64 0.3 67 0.5 71 0.3 86 0 93 0.4 
9265 7 0.6 36 0.8 43 0 51 0.4 84 0.7 93 1 
9315 0 0.6 13 0 25 0.4 61 0.4 69 0.4 77 0.6 
9353 2 1 49 0.4 53 0 71 0 76 0.5 91 0 
9393 27 0.3 78 0 81 0.8 98 0 
9435 46 0 
9609 8 1 9 0.5 37 0.9 56 0.7 90 0.6 
9615 21 0.5 38 0.3 86 0 
9631 62 0.9 
9814 84 0.7 
9865 51 0.4 59 0.6 63 1 
9938 2 0.5 51 0.9 52 0.9 58 0.4 85 0.3 
