100
46 18 0.9 
66 27 0.6 32 0.7 55 0.7 81 0.4 
247 9 0.8 45 0.3 73 0.3 88 0.6 93 0.4 96 0.8 
273 94 0.3 
286 25 1 48 0.3 51 0 55 0.8 56 0.5 64 0 86 0.5 90 0.9 93 0 
350 0 0.7 11 0 14 1 23 0 57 0 88 0.7 
403 74 0.4 
537 18 0.7 31 0.6 51 0.9 84 0 
544 2 0.5 13 0.7 26 0.6 44 0.8 53 0.4 57 0 60 0.9 69 0.6 82 0.5 
791 3 0.9 8 0 66 0.4 86 1 88 0.4 
888 16 0.3 70 1 
889 11 0 17 0 23 0.8 46 0.3 52 0.3 80 0.7 82 1 98 0.6 99 0 
948 5 0.3 8 0.3 22 0.7 23 1 27 0.5 87 0.6 89 0.6 96 0.3 
1099 19 0.6 65 0 69 0.9 83 0 
1160 51 0 62 0.3 69 0 96 0.6 
1204 0 0.3 8 0.4 15 1 49 0.4 58 0.4 60 0.4 67 0 74 0 84 0.5 98 0.7 
1292 27 0 42 0.7 57 1 62 0.8 82 0 
1329 2 0.3 14 0.5 15 0 36 0.5 48 0 77 0 
1349 11 0.9 57 1 68 0 77 0.6 94 0.7 98 0.5 
1373 5 0.4 45 0 63 0.9 70 0.5 71 0.3 79 0.3 95 0.7 98 1 
1651 10 0 13 0 25 0 46 0.6 83 0.9 
1679 0 1 10 0 27 0.3 45 0.6 57 0.7 59 0 83 0 
1687 36 0.5 
1689 11 0.9 13 0.4 23 0.4 33 0.3 37 0.8 40 0 51 0.6 61 1 68 0.4 75 0 
1816 31 1 35 0.7 49 0 64 0.7 98 0 
1872 23 0.6 53 0.8 
1875 0 1 7 0.5 19 0.7 35 0.9 36 0.5 50 0.8 51 0.4 69 0.3 81 0.8 85 0.6 
1909 1 0.7 2 0.4 8 0 24 0 56 0.5 67 1 92 0.4 
2033 85 0.6 
2085 3 0.9 17 0 28 1 32 0.3 40 0.7 54 0.7 67 0.6 94 0.8 99 0.6 
2139 16 0.7 33 0.7 34 0.8 62 0 70 0.6 84 0 89 0.3 
2240 6 0 9 1 24 0 36 0.6 40 0.3 45 0.3 51 0.4 59 0 73 0.8 
2297 15 0.9 16 0.7 45 1 73 0.6 82 0 89 0.8 
2391 7 0.8 
2509 11 0 15 0.8 31 0 52 0.3 96 0.5 98 1 
2571 23 0.4 25 0 33 0 45 0 54 0.5 65 0.4 66 1 75 0 88 0.9 
2639 14 0.7 49 0 83 0.3 
2670 10 0.9 76 0.9 77 0.7 
2791 56 0.5 66 0 82 0 90 0.7 
2951 4 0 22 0.6 48 0.8 60 0.9 76 0.9 
3001 6 1 19 0 30 0.7 32 0.9 43 0 51 0.5 53 0.9 57 0 61 0.6 95 0.3 
3083 48 0 85 0.6 89 0.9 
3091 97 0.9 
3211 37 0.9 
3285 11 0 30 0.6 44 0.3 59 0 66 0.3 72 0.8 73 0.3 74 0.5 
3339 0 1 1 0.4 38 1 45 0.5 59 0 70 1 89 0 
3341 18 0.8 25 0.8 62 0 98 0.5 
3516 12 0 13 0.5 21 0 42 0 59 0.8 60 1 68 0 69 0.5 79 0.5 98 0.7 
3603 17 1 20 0.6 35 0 47 0.9 49 0.8 80 1 87 1 
3627 2 0.5 22 0.4 33 0.5 39 0 41 0.5 52 1 63 0.9 66 0 80 0.6 84 0.6 
3631 80 0.7 
3825 93 0.5 
3938 53 0 89 0.4 
4173 3 0.7 14 0 56 0.3 67 0.5 80 0.5 
4331 7 0.9 8 0 32 0.8 43 1 52 0.3 59 0 71 0.3 72 0.5 81 0.9 
4339 9 0.5 25 0.7 41 0.6 59 0 62 0.9 91 0.6 
4614 9 0.5 13 0 25 1 33 0 36 0 43 0.6 46 0.8 53 0 57 0.8 58 0.9 
4728 15 0.8 19 0.6 43 0.3 86 0.3 96 0.7 
4860 27 0.3 34 0 53 0.5 71 0.4 76 0 79 1 
5122 9 0.9 14 0.8 15 0.9 63 0 68 0.5 71 0 77 0.3 82 0 
5517 28 0.6 38 0 58 0.8 60 0.4 71 0.6 89 0.5 97 0.6 
5539 54 0.8 70 0.3 75 0.6 
6001 10 0 28 0.6 29 0 35 0.3 45 0 48 0.6 52 0.8 57 0.8 92 0 
6034 1 0.8 9 0.5 93 0.3 
6138 29 0.6 38 0.7 42 0.4 54 0.9 78 0.6 84 0 88 0 96 0 
6327 10 0.6 14 0 30 0 36 0.9 39 0 45 0.4 81 0.3 85 0 
6337 9 0 26 0 32 0.6 36 0 43 0 66 0.8 70 0 81 0.8 99 0.3 
6390 17 1 20 0.4 35 0.4 44 0 46 0 52 0.3 55 0 68 0.6 
6495 16 0 54 0.3 91 0.9 95 0.4 
6536 26 0.9 55 0.5 
6556 1 0 27 0.4 65 0.5 99 1 
6673 39 0 40 0.9 86 0.6 
6937 16 0 25 0.7 26 0.7 29 1 33 0.7 47 0.7 56 0.4 88 0.3 
6971 15 0.5 23 0.3 
7096 10 0.9 26 0.3 38 0.3 44 0 49 0.3 54 0 90 0.9 91 0 
7169 23 0.9 51 0.5 68 0.9 87 0.3 
7220 18 1 19 0.4 27 1 30 0.8 47 1 51 0.9 68 0.9 84 1 86 1 
7226 22 0.9 46 0.5 60 0.7 69 1 
7256 1 0.8 5 0 6 0.7 61 0.7 64 0.9 96 0.3 
7353 40 0.3 68 0.6 
7465 0 0 53 0.6 99 0.3 
7515 11 0.7 12 0.7 41 0 47 0.8 50 1 56 0.7 63 1 85 0.3 97 0.6 
7565 8 0.9 36 0.3 57 0.3 76 0 80 1 84 0.6 86 1 
7594 1 0 22 0.5 77 0 99 0 
7673 44 1 94 0.3 
7805 51 1 81 0.9 
7843 6 0 9 0.5 25 0.3 43 0.4 75 0 88 0.4 90 0.5 93 0.9 
8182 25 1 53 0 
8189 9 0.8 14 0.8 21 0.3 38 1 73 0.9 88 0.5 
8338 14 0.8 34 1 51 0 55 0.8 63 1 90 0.3 
8371 41 0.9 
8481 39 0.5 94 0 
8503 9 0 12 0.8 15 0 22 1 33 0.8 41 0 55 1 56 0.3 81 0.5 95 0.7 
8970 31 0.4 63 0.7 70 0.4 82 0.3 88 0.5 
9063 2 0.7 3 0.8 40 0 51 0.5 63 0.8 67 0 81 0.6 
9493 5 0.5 16 0.6 23 1 38 0.8 42 0.8 61 0.7 67 0.8 70 0.5 
9798 5 0.7 7 0.5 15 0 29 0.5 31 0.4 34 0.3 64 0 66 0 75 0.4 
9817 1 0 37 0 43 0.5 58 0.5 97 0 99 0 
9882 35 0.7 40 0.7 42 0.4 67 0.8 68 0.4 72 0.3 93 0.7 
9895 13 0.4 18 1 61 0.5 89 0 98 0.7 
