100
233 97 0.9 
316 22 0.9 37 0.9 39 0 48 0 77 0.4 
339 33 0.7 43 0.8 74 0.4 84 0.5 
382 4 0.8 17 0 28 0.4 30 0 44 0.4 55 0.3 87 0.8 99 1 
453 15 0.8 64 0.7 87 0.7 99 0.9 
466 0 1 23 0.7 31 0.3 32 0 34 0 44 0.7 58 0.4 68 0 73 0.9 94 0.3 
519 24 0.4 27 0.9 47 0.3 80 0.6 
578 5 0 6 0.9 10 0.3 57 0.6 63 0.7 66 0 85 0 90 0 94 0.6 
636 10 0.8 35 0.8 42 0.5 52 0.4 66 0.3 71 0.5 90 0 94 0.3 
652 23 0.4 49 0 51 0.5 59 0 70 0.4 77 0.3 89 0.3 90 0.8 91 0.3 
676 3 0.3 37 0.6 93 0.7 
677 26 0.9 32 0.9 38 0.3 42 0.9 74 1 77 0.3 
711 3 0.7 19 0.8 31 0.9 51 0.7 56 0.8 71 0.6 72 0 76 0.4 85 0 93 0.3 
858 10 0.8 21 0.8 37 0.7 40 0.9 54 0 57 0 71 0 
979 48 0.5 64 0 71 0.3 
1007 34 0 72 0 
1076 45 1 
1116 3 0 16 0 22 0.5 41 0.8 71 0 88 0.4 
1271 31 0.4 32 0.8 80 0.9 98 0.7 
1325 11 0 27 0 84 0.7 92 0.9 
1345 0 0.6 2 0 7 0 11 0.8 15 0.4 21 1 23 0.4 50 0.5 62 0.6 95 0.6 
1366 0 0.7 3 0.9 10 0 25 0.8 31 0.7 49 0.8 73 0.4 98 0.4 
1423 2 0.6 5 1 22 0 38 1 76 0.5 84 0.6 
1522 20 0.3 27 0.4 31 0 33 0.5 50 0.9 58 0 69 0.5 
1536 44 0.3 48 0 51 0.9 65 0.8 80 0.9 87 1 90 0 95 0.4 99 0.8 
1558 29 0.8 30 0.5 38 0.6 47 1 48 0.8 52 0 56 0.4 60 0.6 63 0 87 0 
1588 0 0.7 6 0 25 0.5 28 0.5 32 0 41 0.7 56 0 73 0 79 0 89 0.5 
1682 91 0.5 
1736 1 0 4 0 7 0.7 9 0.9 18 0.8 25 0.9 30 1 40 0 72 0.4 97 0 
1864 67 0 
2107 5 1 16 0.7 29 0.7 37 0 53 0.6 55 0.5 70 0.9 75 0.4 
2116 12 0 42 0.4 62 0 79 0.9 
2242 17 0 23 0.4 26 0.5 59 0 94 0.7 
2258 22 0.6 35 0.8 57 0.6 60 0 62 0 88 0.7 89 0.7 
2390 5 0.4 39 0.9 45 0 61 0.4 83 0.4 
2589 94 0.5 
2603 1 0.5 19 0.8 38 0 58 0.6 65 0 77 0 89 0 
2605 18 0.6 70 0.4 95 0 
2632 2 0.8 40 0 47 0.7 67 0.7 87 0 
2763 13 0 19 0 25 0.9 38 0.5 67 0.5 72 0.3 89 0 
2825 88 0.8 
2851 12 0.5 67 0.7 70 1 87 0.5 92 0.3 94 1 99 1 
3006 74 0 87 0.7 
3198 94 0.8 
3384 40 0.3 43 0.3 48 0.4 78 0.6 
3507 0 0.4 14 1 16 0 18 0 32 0.8 53 0.7 78 0.5 
3515 6 0 21 1 59 0.5 68 0 
3690 21 0.9 30 0.4 95 0.4 
3698 20 1 26 0.6 61 0.6 86 0.5 87 0 94 1 
3850 11 0.4 16 0 44 0.9 56 0.5 88 0.8 
4101 15 0.5 23 0.3 33 1 40 0 61 0.8 67 0.9 69 0.9 74 0.4 84 0.6 93 0 
4179 8 0.4 42 0 90 0 93 0 99 0.4 
4205 17 0 26 0.4 44 0.6 54 0.4 62 0.5 63 0.5 64 0 77 0.8 89 0.7 90 0.5 
4332 4 0.5 24 0.9 25 0 45 1 69 0.8 80 0.7 95 0.3 
4339 9 0.7 25 0.3 41 0 59 0.3 62 0.5 91 0.8 
4367 17 0 37 0.9 47 0 51 0.7 68 0.7 72 0 85 0.4 89 1 
4401 33 0.9 37 0.7 56 0.5 59 0.9 60 0.4 93 0.3 96 0.5 
4903 14 0.5 28 0 34 0.9 41 0 43 0.9 47 0.9 54 0.4 99 0 
5483 1 0 18 0.5 50 0.9 
5689 11 0 23 0 38 0.4 47 0.3 
5754 7 0 20 0 47 0 88 0.9 
5801 74 0.3 87 0.3 
5889 30 0 41 0.3 50 1 54 0.8 61 0.7 64 0.8 67 0.7 
6016 0 0.8 48 1 74 0 91 1 98 0.7 
6079 37 0.4 40 0.5 41 0 82 0.7 94 1 97 0 98 0 
6137 9 0 22 0.5 26 0.8 28 0.5 50 0.4 68 0.3 80 0.7 82 0.6 91 0 93 1 
6153 3 0 21 0.9 37 0.6 94 1 
6332 9 0.6 26 0 45 0.9 50 0.8 
6446 89 0.7 
6448 25 0.7 29 0.4 54 0.3 55 0.6 57 0.6 63 0.6 75 1 81 1 83 0.3 99 0 
6499 34 0 
6588 18 0 42 0.8 47 0.7 55 0.5 
6649 4 0.3 8 0.9 31 1 39 0.7 67 0.3 92 0.8 95 0.4 
6676 21 0.7 40 1 74 0 81 0.5 
6863 19 0.9 46 0.9 76 0 84 0.6 
6958 0 0.7 17 0.8 25 0.6 33 0.5 59 0.3 61 0.9 64 0 85 0 
6979 18 0 21 0.8 59 0.8 63 0 96 0.3 
6985 16 0.6 21 0.4 23 0.8 44 0.8 66 0.9 79 0.3 
7149 18 0.5 22 0.6 37 0.5 65 0 74 0.7 75 1 89 1 95 0 
7567 9 0 28 0.9 30 0.6 34 0 44 0.6 55 0 78 0 85 0.3 98 1 
7674 6 0 20 1 31 0.6 47 0 48 0.5 54 0 64 0 69 0.5 85 0 94 0.3 
7736 2 0.7 83 0.9 91 0.7 97 0.5 
7774 3 0.8 6 0.8 13 0.6 18 0.5 20 0.6 35 0.8 42 0.7 44 1 57 1 79 0.3 
7829 8 0.3 14 0.7 17 0.4 20 0.9 23 0.5 24 0.3 30 0 51 0 82 0 95 0.7 
7834 63 0.8 98 0.5 
8038 9 0.4 22 0.5 40 1 47 0.6 49 0.3 52 0.3 67 0 76 1 79 0 86 0.4 
8249 12 0.4 31 0.8 54 0.6 57 0.5 58 0.5 67 0.9 
8293 19 0 29 0.8 40 0 61 0 
8681 36 0.9 47 0.5 
8805 19 0 79 0 96 0 
9046 11 0 14 0 32 0.8 
9205 16 0 20 0 22 0 37 0.4 41 0.4 45 0 62 0.4 
9307 21 0.5 22 1 28 0.5 39 1 53 0.4 62 0.3 74 0.8 79 0.5 80 0.5 
9387 14 0.9 48 0.5 62 0 
9467 35 0.3 78 0.4 94 0.3 
9500 9 0 15 0 62 0.7 
9694 33 0 43 0.9 61 0 68 0 
9717 25 0 38 0.5 44 0 53 0.3 61 0.7 67 0.4 72 0.7 85 0 91 0.3 96 0 
9791 28 0 
9972 12 0.3 14 0.8 15 0 17 0.4 36 0.8 42 0.8 44 0.6 56 0.7 80 0.9 85 0.8 
