100
64 27 0.6 50 0.6 69 0 81 1 
131 6 0.4 11 0.7 16 0.3 25 0 28 0.5 41 1 91 0.8 
148 39 0.7 
180 14 0 18 0.5 20 1 35 0.6 72 0 94 0 98 0 
789 55 0 
805 22 0.6 29 0.5 33 0.3 35 0 68 0.4 75 0.7 94 0.6 
942 57 0 66 0.6 73 1 83 0.9 86 0 
1122 1 0.8 8 0.6 11 0.4 13 0.7 15 0.9 
1127 21 0 27 0.4 43 0.4 45 0 47 0 67 0.4 
1206 6 0.9 47 0.4 51 0.9 60 0 79 0.8 83 0 
1263 34 0.5 40 0.7 57 0 75 0 82 1 
1338 18 0 55 0 
1397 15 0.5 24 0.6 45 0.5 63 0.5 73 0.9 85 0.3 94 0 97 0.6 
1413 2 0.3 11 0.9 28 0.3 44 0.4 72 0 83 1 88 0.7 97 0.6 
1490 2 0.7 24 0.9 45 0.6 49 0 52 1 56 0.7 74 0.4 88 0.5 94 0.6 
1506 1 0.6 
1535 4 0 41 0 47 0.6 63 0 65 0.5 70 0.5 75 0.3 
1562 26 0 86 0.8 
1646 17 0.6 18 0 33 0 57 0 97 0.6 
1681 11 0 18 0.8 35 0.9 72 0 80 0.8 83 0.8 84 0 98 0.5 
1725 52 0 55 0.3 56 0.7 64 0.9 
1730 16 0.7 52 0.4 94 0 
1781 5 0.6 7 0.4 12 0.3 14 0.7 57 1 71 0.9 
2058 3 0.4 9 0.5 14 1 15 0.5 18 0 24 0.9 26 0.5 34 0.8 48 0.9 58 0.9 
2107 5 1 16 0.8 29 0.9 37 0.5 53 0.8 55 0.9 70 0.5 75 0 
2296 0 0.3 8 0 13 0 30 0 47 0 83 0 
2407 4 0.4 29 0.9 55 0 
2495 18 0.9 33 0.6 66 0 
2551 29 1 32 0.3 47 0.9 85 0.8 87 0.4 96 0.8 
2586 13 0.7 14 0.6 41 0.3 62 0.3 70 1 97 0 
2628 3 0.7 5 0.7 34 0.8 46 1 65 0.9 77 0.5 86 0.8 87 0.3 99 0.3 
2681 4 0.4 40 0.8 50 0.3 60 0.6 68 0 89 0 97 1 
2705 11 0.7 27 0.5 45 1 65 0.4 94 0 
2724 1 0 14 0 23 0.7 39 0 62 0.8 75 0.5 94 0.8 
3008 1 1 3 0.8 26 0.5 62 0.4 67 0 69 0.5 88 0.9 89 0 
3098 13 0.7 56 0.5 62 0.5 89 0.9 90 0.9 91 1 
3344 38 0.4 46 0 51 0.8 
3625 4 0.6 16 1 21 0 38 0.7 52 0.7 56 0 71 0.8 77 0.6 79 0 80 0.3 
3738 11 0.6 15 0.4 18 0.9 23 0 35 0 50 0 60 0.3 70 0 86 0.5 93 0.4 
3923 7 0 14 0.5 65 0.8 70 0.3 72 1 
3961 10 0.3 23 0.4 66 0 
4027 12 0.7 21 0.3 23 0.7 30 1 67 0 83 0 96 0.4 99 0.8 
4276 18 0.3 
4283 1 0 2 0.5 6 0.8 13 0.8 38 0.7 
4603 5 0.3 40 1 69 1 
4609 45 0.7 
4738 2 1 5 0.8 6 0.7 7 0 12 0.9 33 0.6 56 0.7 85 0.4 
4801 0 0 9 0 34 0 38 0 39 0.9 59 0.5 65 0 97 0.6 
4863 50 0.4 56 0.8 
5002 22 0.6 58 0 
5084 70 0 73 0.4 
5218 16 0.5 28 0 46 0.7 48 0 51 0.5 64 0 70 0.5 81 0.5 
5272 0 0.3 27 0 
5305 10 0 40 0.3 51 0.9 52 0.7 77 0.9 91 0 99 0 
5393 13 0.7 31 0 41 0 53 0.6 64 0 88 0.7 
5495 10 0.6 20 0.8 53 0.4 74 0.8 97 0 
5571 12 0 29 1 40 0.5 47 0 48 0 54 0.9 57 0 80 0.8 89 0.9 90 0 
5905 19 0 45 0 71 0.9 86 1 87 0.8 97 0 
5995 4 0 16 0 24 1 33 0.3 34 0.9 37 0.8 49 0 63 0 67 0.5 70 0.3 
6161 33 1 51 0.5 54 0.9 68 0.8 69 1 74 0 75 0 77 0 80 0.5 94 0 
6265 30 0.5 35 0 40 0.7 52 0.3 83 0.6 89 0.4 91 0.8 
6298 5 1 36 0 57 0.3 84 0 96 0.9 
6440 22 0 36 0.8 70 0.7 83 0.5 
6453 2 0.8 15 0.9 28 0.3 56 0 65 0.4 90 0 96 0.5 
6487 5 0 9 0.6 30 0.9 34 0.9 35 0 61 0.7 91 0.9 
6790 4 0.3 12 0.9 25 0.3 59 0.3 74 0.6 87 0 91 0.7 99 0.6 
6987 95 0.8 
6999 52 0.7 54 0.9 70 1 
7195 22 1 39 0.6 66 0 75 0.4 95 0.8 96 0.3 99 0 
7242 6 0.6 
7324 10 0 12 0.3 16 0.8 29 0.4 40 0.5 46 0 48 1 80 0.4 
7350 64 0.8 
7356 8 0.4 10 0.7 34 0 35 1 46 0 66 1 79 0 93 0 
7412 0 0.9 32 0.6 46 0 52 0 65 0.8 80 0.4 88 0.4 89 0 97 0.3 98 0.3 
7416 25 1 54 0.9 
7507 17 0 22 0.4 27 0.8 64 1 67 0.5 74 0.8 78 0.3 89 0 97 0.9 
7629 18 0.8 44 1 
7747 74 1 
7863 3 0.9 5 0.8 18 0.3 22 0.8 39 0.8 40 0.5 50 0.8 57 0.3 61 0.9 72 0 
8089 90 0.7 
8194 21 1 25 0.4 34 1 38 0.8 40 0.8 53 0.4 
8466 9 0 10 0.8 43 0.9 61 0.5 77 0.3 89 0 96 0.4 
8549 0 0.5 2 0.9 14 0.6 16 0.3 27 0 51 0.7 67 0.9 72 0.7 83 0.5 
8581 19 1 48 0 53 0 59 0.6 68 0.9 74 0.9 
8638 47 0.7 68 0.3 71 0 84 0.6 91 0.7 92 0.5 
8766 7 0.7 9 0.5 15 0 37 0.4 44 0 52 0.6 55 0.8 58 0 77 0 94 0 
8915 15 0 17 0 30 0.7 41 0.6 54 0.7 80 0.7 
8926 10 0 12 0.6 52 0.3 55 0.4 58 0 
9035 30 0.3 
9041 23 0.9 53 0.8 59 0 86 0.9 
9208 4 0.7 11 0 21 0.4 29 0.5 46 0.5 65 0.5 77 0.5 83 0.4 
9216 4 0 13 0 21 0.4 56 1 
9243 21 0.5 23 0.4 30 0.3 38 0.8 52 0 60 0.6 65 0.5 66 0.8 
9254 23 0.7 27 0 29 0.9 30 0.6 34 0.7 54 0 79 0.4 
9454 7 0.3 8 0 12 0.4 20 0.9 29 0 49 1 50 0.6 59 0.4 95 0.4 
9531 10 0 33 0 50 0 51 0.9 74 0.4 88 0.6 96 0.7 
9582 9 0 24 0 27 0 38 0.7 50 0.7 59 1 87 0.5 92 0.6 
9597 12 0.6 27 0.8 33 0.6 45 0.7 50 0 55 1 74 0 
9621 3 0 32 0.6 41 0.7 61 0 
9949 13 0.7 44 1 71 1 
