100
44 5 0.4 14 0.3 29 0 76 0.7 85 0 91 0.5 98 0.4 
154 5 0.4 9 0 11 0.7 13 0 28 0.4 30 0 74 0.8 76 0.3 83 0.7 91 0.8 
216 4 0 8 0 35 0.6 37 0.8 
274 4 0.7 13 1 38 0.5 50 0.3 52 0.5 67 0 68 0 72 0.7 82 0.4 88 0.5 
302 4 0.8 11 0.7 22 0.7 65 1 75 1 80 0 89 0.7 94 0 
364 11 1 
441 40 0.9 52 0.5 69 0.9 83 0.6 88 0 95 0.3 
498 5 0.8 7 1 17 0 31 1 55 0.3 75 0.4 79 0.9 
569 20 0 
645 2 0.7 9 0 14 0 28 0.6 93 0 
750 6 1 28 0.6 40 0.3 64 0.3 90 0.7 94 0 
805 22 0.6 29 0 33 0.3 35 0.6 68 0.3 75 0.8 94 0.4 
986 5 0.9 14 0 27 0.5 37 0 53 0.4 66 0 83 1 84 0.9 
1186 30 0.4 41 0.7 96 0 
1211 18 0.4 27 0.5 28 0.9 36 0 68 0.5 71 0 88 1 
1274 11 0 37 1 49 0 59 0.4 69 0.3 84 1 93 0.4 
1301 12 0 16 0.5 18 0.4 51 0 53 0 57 0.3 91 0 
1333 27 0.4 
1416 7 0.8 47 0.9 48 0.9 64 0 98 0 
1461 35 0.9 37 0.8 41 0 45 0 58 0.7 75 0.5 77 1 
1482 9 0.3 22 0.5 23 0.4 46 0.8 
1518 24 0 36 0 54 0.7 62 1 67 0.6 85 0 87 0.5 90 0 99 0.9 
1643 12 0.6 13 0.6 19 0.9 23 0.6 47 0.8 76 0.7 95 0.9 99 0 
1666 18 0.8 32 0 40 0 44 0 46 0.3 48 0.4 81 0 92 0.4 94 0 
1725 52 0.4 55 0.6 56 0.5 64 0.8 
1731 14 0.8 57 1 88 0.7 
1757 54 0.8 71 0.8 
1889 80 0.9 
1910 2 0.4 7 0 28 0.8 56 0.9 62 1 76 0.7 86 0.8 92 0.7 
2019 6 0 11 0.3 22 0.6 37 0.4 39 0.4 49 0.6 58 0.8 87 0.5 91 0 96 0.7 
2022 93 0.8 
2092 11 0.6 15 0 39 0 51 0.8 67 0.7 70 0 
2196 77 0.6 
2290 14 0.6 24 0 64 0 
2448 32 0.9 77 0.7 90 0.6 92 0 
2466 21 0.5 28 0.5 38 0 46 0.3 56 0 69 0 78 0.7 84 0.5 
2584 25 0.6 62 0 89 0 
2726 19 0.6 46 0.5 57 0.8 82 0 
2773 11 0.5 12 0 44 0.4 47 0.5 52 0.8 56 0.3 61 1 73 0.6 74 0.4 93 0.3 
2883 4 0 33 0 51 0.4 83 0 
2895 90 0.5 
2942 34 0 64 0 
2995 36 0.7 49 0.8 51 0.7 58 0 63 0.5 70 0.5 72 0.8 
3140 21 0.4 78 0.3 90 0 
3173 31 0.3 86 0.4 93 0.4 98 0.5 
3209 31 0.6 47 0.5 61 0.8 
3351 10 0 17 0 19 0.3 22 0.6 28 0 41 0.3 44 1 63 0 81 0.5 84 0.9 
3703 3 0.4 10 0.5 22 0.4 27 0.9 28 0 36 0.9 37 1 52 0.9 64 0.9 68 0.6 
3712 4 0.4 
3714 10 0 17 0.5 70 0.6 
3884 71 0 86 1 
3958 39 1 90 0.7 
3978 47 1 67 0.3 88 0.5 92 0 
3993 12 0.5 22 1 26 0 27 1 53 0.6 67 0.3 89 0.3 90 0.9 
4120 1 0 12 0.5 15 0.9 41 0 69 0 89 0.8 92 0.9 
4333 7 0.6 
4432 74 0.9 75 0 
4593 19 0.6 22 0 57 0.6 72 0.4 78 0 
4832 0 0.4 16 0.5 40 0 48 0.9 89 0.9 
5055 6 0.8 37 0.4 50 0.8 52 0.6 58 0.6 67 0.5 70 0.6 79 1 92 0 
5100 11 0.5 21 0.5 35 1 48 0.9 75 0.7 
5154 2 0.8 17 0.6 24 0 61 0.3 62 0.9 80 0.4 81 0.5 90 1 
5166 1 0.8 3 0.8 25 0 29 0.7 67 0 77 0 
5295 38 0.8 61 0 99 0.6 
5624 10 0.9 12 1 36 0.6 38 0.3 76 0 
5720 37 0.8 
5923 23 0 24 0 35 0 38 0.5 74 0.3 97 1 
6165 20 0.6 27 0 32 0 39 0.5 78 0.3 81 0 86 0.3 90 0 96 0.6 
6349 0 0.4 6 0.8 10 1 24 0.6 51 0.6 62 0.8 67 0.6 77 0.4 97 0.9 
6387 0 0.8 30 0.8 98 0.4 
6557 16 1 
6935 40 0 60 0.3 
7319 7 0.7 10 0.4 19 0.6 21 0.6 41 0 64 0.4 76 0.7 99 0 
7370 10 0.9 12 0.4 26 0 39 0 54 0.4 56 0 70 0 78 0.7 82 0.9 
7572 14 0.3 48 0.9 
7585 26 0.9 47 0.5 72 0.8 83 0.6 92 0.8 
7609 24 0 26 1 45 0 55 0.4 74 1 77 0 
7709 36 0.3 
7732 30 0.9 
7752 34 0.7 81 0.8 95 0.8 
7974 14 0 27 0 35 0.4 37 0.7 43 0.4 64 0.5 68 0.8 71 0.6 
8156 43 0.9 51 0.6 54 0.3 73 0.7 81 0.5 84 1 85 0.5 
8199 0 0.8 8 0 40 0 77 0.6 83 0.9 
8200 7 1 13 0.6 14 0.8 27 0 35 0 64 0.7 76 0.7 83 0.4 
8453 0 0.5 1 0 9 0.8 21 0 45 1 47 0 59 0.6 82 0 
8529 8 0.4 23 1 46 0 48 0.5 85 0.3 88 0.4 
8561 22 0.8 33 0 51 0.6 52 0 59 0 82 0.6 84 0.4 
8727 7 0.7 15 0.9 27 0.4 29 0.5 57 0.7 81 0 97 0.7 
8773 7 1 16 0.5 35 0.8 46 0 48 0.4 51 0.7 57 0.6 79 0 97 0.7 
8857 38 0.9 49 0.3 
8888 3 0.7 10 0 35 0 40 0.4 45 0.4 56 0.9 58 0 64 0.7 83 0 
8961 2 0.4 43 0.7 61 0.5 69 0.8 77 0.8 83 0.4 91 0 99 0 
9003 15 0 42 0.9 77 0.5 89 0.6 
9098 9 0 12 0 22 0 33 0.9 40 0.4 43 0 50 0.7 68 0.8 79 0.3 95 0.9 
9296 2 0.5 18 0.8 25 0.9 42 1 44 0.3 95 0.8 99 0 
9476 3 0.8 36 0.8 41 0.3 74 1 81 0 88 0.3 
9513 3 0.4 16 0 30 1 34 0.9 37 0.3 38 0 58 0 61 0 63 0 
9696 4 0.3 15 0.6 29 0.9 31 0.6 39 0.9 52 0.6 61 0.8 78 0.6 85 0.9 
9788 27 1 41 0 45 0.6 55 0 57 0 63 0.6 94 1 97 0.9 
9822 31 1 34 0.7 46 1 83 0 88 1 
