100
31 10 0.6 19 0.7 42 0.8 65 0.3 67 0.7 71 0.3 81 0.7 95 1 
392 0 0 9 0.8 36 0.5 44 0.8 85 0.3 
432 1 0 14 1 29 0.7 32 1 78 0 80 0 85 0.5 87 0.8 92 0.6 
433 15 0.6 59 0 
507 9 0 27 0.7 
518 90 0.3 
680 30 0 44 0.4 51 0.4 53 1 57 0.6 72 0.5 
837 18 0.9 61 0.5 71 0 
891 7 0.6 11 0 14 0 98 1 
967 9 0 17 0.7 23 0 32 0.7 41 0 46 0.8 
1008 4 0.9 79 0.8 84 0 
1071 8 0.9 9 0.3 17 0 33 0.6 64 1 72 0.7 
1087 19 0.3 68 0.4 83 0 
1245 1 1 18 0.7 28 0 30 0.3 35 0.7 53 1 69 0.3 89 0 96 0 
1248 6 0.9 45 0.7 56 0 62 0.9 69 0.5 73 1 80 0.3 83 0.3 87 0.6 88 0.9 
1297 8 0.6 11 0.7 86 0.5 
1450 8 0 11 0.7 46 0 48 0.9 56 0.3 60 0.3 62 1 68 0.3 71 0.6 
1626 29 0.9 34 0 51 0 60 0.8 65 0 67 0.5 72 0.4 96 0.3 97 1 98 0.6 
1698 5 0.5 8 0 14 0 52 0.8 67 0 86 0.4 
1772 6 0.8 47 0.4 55 0 70 0 72 0.7 
1793 8 1 24 0.4 48 0 55 0 60 0.4 64 0 71 0 77 0.9 78 0.7 
1861 15 0 
2322 10 0.6 15 0 25 0.3 64 0.7 90 0 96 0.6 
2385 9 0.5 20 0 79 0.4 80 1 
2413 8 0.8 27 0.4 76 0.8 
2423 5 0.7 29 0.7 38 0.6 47 0.5 51 0.9 60 0 66 0.5 76 0.7 
2484 0 0.6 6 0.8 15 0 22 0.7 30 0.6 45 0.3 48 0 54 0.7 67 0.8 85 0.8 
2560 4 0.9 17 0.5 23 0 43 0.3 46 0 59 0.3 63 0.8 70 0.9 99 0.5 
2597 1 1 16 0 22 1 25 0 81 1 83 0 
2646 5 0.3 10 0 31 0.5 54 0.8 55 1 68 1 77 0.8 82 0.8 
2754 6 0.5 29 0.5 31 0.9 53 0.8 56 0 60 1 62 0 74 0.8 89 0 92 0 
2807 10 0.4 22 0.3 51 1 70 0.8 74 0.6 88 0 89 1 92 0.4 94 0 
2823 33 0.6 
2835 11 0 28 0 63 0.7 94 1 
2843 9 0 10 0.6 27 0.5 43 0.9 66 1 75 0.7 86 0 87 0 
2907 5 0.9 25 1 32 0.6 45 1 53 1 64 0.3 76 0 96 0.5 
2959 11 0.4 48 0.8 58 0.6 62 0.7 83 0 84 0 
3346 3 0.7 15 0.9 47 0.9 48 1 75 0.6 95 0.7 
3432 9 0.8 20 0 31 0.8 40 0 47 0 
3469 4 0 11 0.8 16 1 23 0.4 44 0 64 0 77 0.9 83 0.8 91 0.4 
3485 29 0.5 33 0 39 0.9 62 0.9 71 0.7 72 0 81 0 99 1 
3494 1 0 6 0 27 1 47 0.7 48 0.5 63 1 65 0.6 66 0.5 68 0.4 76 0.7 
3684 38 0 
3885 0 1 3 0.3 26 0 67 0 77 0.6 99 0.7 
4003 3 0.7 21 0 28 1 33 1 34 0 
4190 7 0.9 22 0 26 0.8 51 0.6 55 0.4 84 0 98 0 
4407 14 0.9 15 0.5 19 0 25 0 30 0 69 0 70 1 72 0 84 0.8 91 0.9 
4470 8 0.9 10 0.5 32 0.8 37 0.3 43 0.7 57 0 74 0.7 86 0.6 91 0 
4491 53 0.7 
4573 10 0 19 1 20 0.9 30 0.9 44 0.5 57 0.6 58 0.8 68 0.5 92 0 93 0.3 
4648 7 0 13 0.4 16 0.9 23 1 45 0.9 53 0.3 73 0.5 
4701 2 0.6 48 0 
4767 14 0.6 38 1 64 0.5 98 0 
4771 26 0 43 0.6 47 0.8 50 0 51 0.6 62 0.6 85 0.7 
4965 27 0 29 0.4 31 1 41 0.6 50 0.6 52 0.3 60 0.8 72 0 92 0.9 99 0.9 
4973 17 0.7 32 0 55 0.9 97 0.5 
5105 0 0 6 0 10 0.4 33 0.8 66 0.5 86 0.6 
5358 29 0.5 31 0 46 0.4 68 0.8 82 0.5 86 0.7 94 0.5 
5438 52 1 55 0 59 0.7 
5546 11 0.8 26 0 34 1 60 0.6 61 0 68 0.4 
5675 24 0.4 27 0.9 71 0.5 78 0 
5682 36 0.9 43 0.3 60 1 62 0 68 0.6 81 0.7 99 0 
5698 0 0.5 30 0 37 0 38 0.6 41 0 47 0.5 76 0 
5729 28 0 49 0.3 
5994 17 0.7 18 0.5 24 0.9 25 0.8 27 0.6 33 0 99 0 
6023 2 0 17 0 59 0.9 68 0.7 77 0.7 81 0 85 0 96 0.4 
6344 5 0 6 0 18 0 19 0.6 21 0.3 36 0 45 0.7 60 0.4 66 0.3 93 0 
6396 27 0 39 0 
6412 27 0.7 64 0.5 92 1 
6562 27 0.6 36 0 56 0.6 83 0.8 87 0.5 90 0.7 91 1 95 1 
6676 21 0.6 40 0.6 74 0.7 81 0 
6691 33 0.7 81 0.8 92 0 95 0.7 
6719 0 0.3 14 0 40 0.3 46 0.9 66 0.9 72 1 81 0.7 90 0 
7071 29 1 37 0.4 52 0 69 0.8 80 0 97 0 
7142 35 0.5 
7264 3 0 11 0.9 23 0.3 55 0.3 69 0.4 80 1 87 0.5 99 0.5 
7351 16 1 75 1 
7437 6 0.5 23 0 85 0.3 
7499 28 1 
7649 12 0.5 16 0 26 0.5 35 0.4 40 0 78 0.6 80 0 84 0.7 
7705 30 0.7 51 0 54 1 66 0.5 95 1 98 0 
7714 8 0.9 15 0.6 22 0.4 88 0 92 0 94 0 97 0.6 
7756 18 0.6 29 0.7 34 0.6 76 0.9 99 0.4 
7815 2 0.7 28 0.7 
8305 24 1 89 0.6 
8365 6 0.5 14 0 16 0.8 22 0 37 0.4 38 0.9 62 0 85 0.5 94 0.5 99 0.8 
8528 91 0 
8691 1 0.5 49 1 51 0.7 60 0.6 65 0.4 79 0.7 89 0.9 
8821 25 0.3 54 0.9 75 0 
8853 19 1 44 1 46 0.3 72 0.7 
9078 3 0.5 6 0.4 19 0.6 21 0.9 35 0.6 43 0.9 53 0.3 71 0.8 76 0.8 77 0.3 
9151 7 0 9 0.3 16 0.4 21 1 22 0 36 0.9 45 0.6 62 0 66 0.7 
9298 37 0.3 59 0.4 75 0.9 89 0 
9308 12 0.3 23 0 36 0.7 45 0.7 59 0 64 0.6 69 0.7 78 0 85 1 
9435 46 0.4 
9461 0 0.8 8 0.7 41 0 52 0.8 62 0 72 0.3 84 0.4 92 0.6 95 0.6 
9506 7 1 15 0.5 21 0.7 34 0.7 45 0.9 53 0 63 0 81 0.8 83 0.4 85 0.9 
9536 5 0 13 0.3 
9877 7 0.5 34 0 36 0 38 0.5 53 0 54 0.8 56 0.4 57 0.5 70 0 82 0.7 
9896 3 0.9 13 0 34 0.3 51 0.8 71 0.6 78 0 84 1 88 0.7 93 0.6 95 0 
