100
113 9 0.8 37 1 54 0.4 73 0.9 74 0.9 75 0 
175 5 0.8 7 0.4 33 0.4 38 0.3 44 0.7 45 1 79 0.3 88 0.8 97 0.7 
296 1 0.3 10 0 12 0 17 0 29 0 40 0 59 0.7 67 1 71 0.4 
345 2 0.4 16 0.4 33 0.4 42 1 43 0.3 62 0 83 0.6 94 1 
365 51 0 68 1 91 0.6 
444 23 0.7 31 1 43 0.3 73 0.3 97 0 
701 5 0 6 0 12 0 21 0 24 0 32 1 56 0.6 76 0.4 93 0.4 
746 0 0.3 16 0.4 20 0.7 31 0.3 88 1 
1020 0 0.3 2 0.5 6 0.6 8 0.7 27 0.7 68 1 75 0.7 97 0 
1025 44 0 72 0.6 86 0.5 92 0.3 
1029 14 0 18 0.5 
1032 8 0 11 1 35 1 38 1 41 1 49 0.6 59 0.9 73 0 85 0.5 86 0.9 
1106 17 0.9 27 1 51 0.3 80 0.4 92 0.4 
1260 5 0.6 46 0.7 
1269 9 0.4 10 0 14 1 47 0 50 0.4 59 0.3 90 0.9 
1380 2 0.3 5 0.6 14 0.4 15 0.5 26 0.5 63 0.5 64 0.4 79 0.3 
1397 15 0 24 0.6 45 0.6 63 0.8 73 0.4 85 0 94 0.5 97 0 
1584 12 0.9 19 0.7 25 0.6 30 0.3 44 0.5 49 0.6 58 0.3 74 0.9 78 0 
1791 46 0.4 61 0.3 99 0.6 
1803 31 0.5 40 1 42 0.4 59 1 82 0.3 86 0.9 87 0.6 
1852 3 0.9 6 1 7 0 42 0.4 86 0 
2033 85 0 
2098 5 0.8 28 0.8 46 0.7 66 0.9 85 0.5 
2109 51 0.6 86 0.3 88 0.8 
2112 23 0.4 37 0.8 44 0.5 63 0.4 94 0.8 95 0.7 97 0.7 
2159 1 0.6 3 0.4 11 0 13 1 36 0.7 49 0.6 50 0.6 63 0.4 76 0.8 82 0.3 
2261 18 0.6 35 0.9 43 0.6 45 0.9 81 0 
2276 24 0 30 1 37 0.4 48 1 60 0.9 67 0.3 82 0.9 93 0.8 
2315 7 1 11 0 17 0.4 34 0 59 0.6 89 0.9 93 0.9 94 0.5 96 0 
2390 5 0.9 39 0 45 0.3 61 0.3 83 0.5 
2416 9 1 21 0.8 25 0 35 0.9 52 1 99 0 
2542 3 1 16 0.6 26 0 27 0.7 66 0.5 69 0.9 77 0 89 0.5 
2570 1 1 23 0 24 0.4 37 1 38 0.4 46 0.5 71 0.5 
2597 1 0.8 16 0.4 22 0.4 25 1 81 0 83 1 
2643 5 0.9 14 0.4 49 0.9 82 1 94 0 98 0 
2646 5 1 10 0.9 31 0 54 0.5 55 0.8 68 0 77 0.8 82 0.8 
2755 12 0.5 17 1 24 1 45 0 48 0.6 66 0.3 69 0.5 80 0.5 90 0.7 97 0 
2763 13 0.9 19 0.3 25 0.7 38 0 67 0 72 0.5 89 0.9 
2808 89 0.5 
3064 90 0 
3073 2 0.5 13 0 31 0.9 52 0.8 69 0.8 74 1 89 0 94 0.7 98 0.5 
3089 15 0.9 71 1 91 0.7 
3207 10 0.5 39 1 43 0.6 60 1 66 0.8 77 0.3 83 0.7 88 0 93 1 
3234 7 0.6 12 0 29 0 52 0.9 82 0.4 86 0.3 
3335 2 0 
3424 21 0 45 0.8 48 0.5 79 0.5 87 0.5 91 0.8 92 0.4 94 0.5 
3508 37 0.5 63 0.3 83 0.3 
3724 18 0.3 20 0.9 34 1 53 0.4 88 0 91 0 94 0.8 
3726 66 0.4 
3810 27 0.7 40 0.6 54 0.4 97 0 
3909 9 0 23 0.6 32 0.8 33 0.6 79 0.7 
3938 53 0.7 89 0.3 
4497 8 0.3 9 0 16 0.5 43 0 64 0 86 0 87 0.3 89 1 97 0.7 
4984 26 0.6 44 0.8 
4988 13 0.7 19 0.4 22 0.7 39 0.7 47 0.9 80 0.5 81 0 82 0.5 87 0.8 98 0 
5081 27 0.3 59 0 72 0.8 73 0.3 93 0.6 
5185 47 0.7 56 0.6 99 0 
5211 31 0.3 46 1 48 0 75 0.7 
5222 6 0 16 0.8 
5391 11 0.7 14 0.9 15 0 60 0.5 72 0.8 90 0.9 
5433 11 0.9 17 0 57 0 58 0.3 60 0.4 61 0.4 
5607 34 0.9 35 0.3 63 0.3 76 0.8 
5738 3 0 5 0.8 24 1 46 0.8 48 0.8 52 0.3 56 1 66 0.3 86 0.8 89 0.4 
5811 5 0.6 19 0.6 36 0 59 0.3 60 0 64 0.4 89 0 95 1 
6035 92 0.5 
6091 37 0 91 0.3 
6119 32 0.8 
6257 30 0.3 42 0.7 53 0 71 1 72 0 85 0.5 96 0.4 
6318 13 0 27 0.9 44 0.3 56 0.9 68 0 72 0.7 73 0.7 75 0.9 80 0.6 
6643 32 0 73 0 78 0.5 
6652 0 0.7 8 0.5 13 0.4 28 0.8 37 0 68 0.7 90 0.6 
6673 39 0 40 0 86 0.5 
6711 19 0.5 32 0.4 
6785 4 0.9 6 0 12 0.6 18 0.7 39 0.5 71 0 73 0.9 
6857 25 0.4 
6921 24 0.9 33 1 38 0.7 60 0.8 68 0 78 1 79 0.5 
7038 16 0.3 21 0 23 1 58 0.9 63 0 68 0.5 71 1 74 0.6 91 0.6 
7191 15 0.9 16 0.7 53 0 69 0.9 73 1 82 0.6 84 0 89 0.5 98 0.7 
7194 18 0.3 20 0 24 0.3 48 0.9 50 0 55 0.3 58 0.4 78 0.7 97 0.8 99 0.7 
7310 4 1 8 0.6 12 0 38 0 73 0 84 0.9 
7390 3 0.6 9 0.7 36 0.8 42 0 43 0 55 0.4 60 0 65 0 66 0.4 97 1 
7457 12 0.7 36 0.5 39 0 55 0 57 0.4 58 0.5 69 0.3 76 1 90 0 99 0.6 
7541 3 0.3 61 0.3 
7726 0 0.5 24 0 
7879 40 0.7 70 0.4 
7914 4 0 26 0 29 0.5 40 0.6 47 0.4 56 0.3 61 1 67 0.7 
7922 3 0 28 0 48 0.9 59 0.6 65 0.8 76 1 78 0.8 
7983 15 0 23 0.9 38 0.3 41 0.8 72 0 79 0 95 0 
8013 7 0.6 11 0.9 21 0.4 41 1 44 0.9 87 1 99 0 
8235 29 0.8 34 0 38 0 53 0.8 60 0.3 
8376 4 1 7 0.9 17 0.8 27 0 28 0.4 30 0 61 0.7 82 0.9 
8464 6 0.9 24 0.9 32 0.3 42 0.5 58 0 
8624 32 0 33 0 35 0 38 0 61 0.9 72 0 87 1 98 0.5 
8641 38 0 51 0.8 77 0.6 86 0 
8665 6 0.3 36 0 59 1 60 0.5 
8722 56 0 58 0.7 63 0 97 0 
8835 13 0.8 14 0.8 
8921 2 0 21 1 32 1 38 0.5 55 0.4 63 0.9 67 0.3 69 1 77 0.9 96 0.6 
9434 3 0.5 7 0 9 0.9 24 0.7 49 0.8 57 0.6 60 0 
9994 6 0.9 46 0.6 54 0 84 0 89 0 
