100
62 49 0 62 0 70 0 73 0.7 
222 11 0 21 0.7 31 0.3 60 0.7 70 1 78 0.8 81 0.3 85 0.5 
282 0 0.5 10 0 58 0 61 0 83 0 92 0.5 96 0 99 0 
467 16 0.6 21 0 23 0.6 25 0.4 32 0.4 34 0.4 41 0.6 59 0 63 0.5 72 0.4 
565 12 0.8 23 0 25 0.5 38 1 55 0.3 56 0.4 58 0.5 65 0.5 76 0.8 92 0.4 
721 4 0.3 8 1 20 0.9 37 0.6 48 0.9 64 1 73 1 95 0.5 96 0.4 
758 34 0.4 48 0.5 60 0.6 
921 16 0.8 95 0.8 
954 1 0.3 9 0.4 24 0.6 25 0.9 31 0.5 37 0.7 39 0.5 47 1 86 0.4 94 0.3 
1023 6 0.4 7 0.4 43 0.4 51 0.7 60 0.4 64 0 73 0 79 0 93 0 
1030 3 0.3 12 0.3 27 0.3 48 0.4 71 0.8 80 0.4 85 0.6 
1131 64 0.7 
1373 5 0.6 45 0.6 63 1 70 1 71 0.3 79 0.8 95 0.8 98 0 
1429 24 0 27 1 42 0 51 1 91 0.7 
1452 2 0 5 0.6 19 0.9 25 0.8 32 0 61 0.4 64 1 82 0.8 
1787 6 0 13 0.8 51 0.9 93 0 
1859 13 0.6 16 0 41 1 59 0.4 79 0.6 85 0 
1975 16 0.7 
2010 3 0.8 14 0.7 29 0.5 38 0.6 49 0 68 0.7 73 0 74 0.5 86 0.8 
2017 4 0.9 15 0 26 0.6 27 0 32 0 35 1 48 0 
2240 6 0.4 9 1 24 0.8 36 0 40 1 45 0.7 51 0.5 59 1 73 0.5 
2372 0 0.6 13 0 16 1 28 0 34 0.3 37 0 50 0.9 62 0.9 78 0.7 84 0.9 
2387 1 0.6 31 0.3 45 1 49 1 73 0 81 0.7 98 1 
2391 7 0 
2423 5 0.5 29 0.5 38 0.3 47 0.5 51 1 60 0.6 66 0 76 0.7 
2745 21 0.9 32 0.9 36 0.9 49 0.5 58 0 73 0 76 1 79 1 80 0.4 82 0.3 
2923 46 0 70 0 
3002 36 0.9 
3096 30 0 38 0 69 0 72 0.3 83 0 84 0.9 
3256 1 0.6 44 0.6 
3596 0 0.7 11 0.8 20 0.7 22 0.5 25 0.6 39 0 49 0 62 0.9 84 0 93 0 
3656 1 0.8 38 1 71 0.3 96 0 
3720 11 0.7 20 0.5 30 0 95 0 
3735 6 0.8 13 0.6 14 0 34 0 39 0.6 58 0.3 69 0.3 88 0.7 
3802 21 0.4 40 0.8 55 0.7 60 1 67 0.4 70 0 78 0 85 0.5 92 0.9 
3882 1 0.7 19 0.6 66 0.4 96 0.3 
3883 30 0.5 48 0.8 73 0 81 0.6 
4241 22 0.4 36 0.8 37 0.7 42 0 49 0.6 94 0.3 
4299 19 1 23 1 39 0.4 61 0 71 0.8 89 1 
4328 6 0.6 26 1 80 0 86 0.8 
4460 11 0 36 0.8 39 0.8 64 0 65 0.3 67 0.6 82 1 93 0.9 
4548 30 0.6 71 0.7 99 0.6 
4617 39 0.5 
4629 3 0 18 0 40 1 53 0.5 63 1 70 0 71 0.7 98 0.4 
4691 2 0.9 33 0.3 47 0 54 0 73 0 76 0.7 77 0 83 0 96 0 
5164 1 0 27 0.3 64 0 
5340 13 0.6 23 0.6 25 0 51 0 56 0.3 82 0.9 
5362 12 0.8 23 0.4 25 0 35 0.5 40 0 44 0.3 46 0.5 82 0 94 0.7 
5364 87 0.8 
5394 0 0.4 18 0 42 0.8 67 0 68 0.5 
5766 25 1 58 0.5 72 0.6 80 0.9 82 0.3 
5956 27 0 
6031 26 0.6 43 0.7 
6081 5 0.7 8 1 16 0.9 18 1 19 0.3 21 0 25 0.7 39 0.4 49 0.8 59 0.3 
6106 5 0.3 6 0.4 8 1 11 1 16 0.7 22 0.7 74 0.6 91 0 
6261 7 0.5 27 0.6 75 0.8 
6262 18 0.5 27 0.7 38 0.8 46 0.9 47 1 50 0.4 63 0.4 74 0 
6438 16 0.3 74 0.9 
6542 11 0.3 19 0.6 26 0 
6611 11 0.9 13 0.4 25 1 33 0.3 47 0.5 58 0 67 0 73 0.7 96 0 97 0.8 
6696 65 0.9 70 0.9 
6758 60 0.9 
6802 24 0.4 54 0.7 70 1 
6815 7 0.4 9 0 43 1 48 1 68 0 69 0 
6836 13 0 16 0.5 24 0.8 39 0.7 59 0.4 63 0 64 0.7 66 0.6 73 0.7 89 1 
6840 35 0.9 
6880 39 0.8 57 0 66 0 76 0 94 0.4 
7260 9 0.9 34 0.6 39 0.3 51 0.9 62 0.7 73 0.3 84 0.5 85 0.9 97 0.4 
7379 13 0.4 
7424 13 0.6 28 0.9 82 0 
7458 81 1 
7490 19 1 22 0.7 24 0.8 28 0.7 58 0 64 0 82 0.5 83 0.8 86 0.8 
7737 2 0.9 92 0.6 
7779 23 0 67 0.8 71 1 73 1 88 1 93 0.5 
7800 4 0.7 30 0.3 95 0.6 
7816 4 0 16 0.9 20 0.3 30 0.3 38 0.5 59 0.6 64 0 
7819 15 0.7 31 0.5 38 0.6 43 0.9 72 0.3 93 0.9 
7852 38 0.6 76 0 
8012 1 1 16 0.8 29 0 51 0 52 0.9 56 0 65 0.4 68 0 74 0.7 78 0 
8134 13 0 18 0 34 0 35 1 46 0 51 0.5 69 0.8 70 1 94 0.9 99 0 
8153 17 0 35 0.3 46 0.6 73 0.3 92 0.5 
8274 0 0.5 23 0.5 31 0 32 0 88 0.5 
8401 27 0 
8454 13 1 30 0.3 42 0.9 66 0.7 
8465 20 0.5 34 1 40 0.5 71 0.5 97 0 98 0.3 
8702 7 1 10 0 25 0 49 0.8 69 0.6 
8748 4 1 10 0.7 39 0 71 0.3 73 0 87 0.7 91 1 94 0.4 
8920 8 0.4 41 0 65 0 67 1 74 0.8 90 0 91 0.8 95 0.8 96 0.6 
8955 38 1 40 0.7 57 0.7 59 0.8 91 0.7 
9171 3 0 6 0.6 87 0.4 
9187 26 0.7 29 0.4 93 0.9 96 0.5 
9190 92 0.8 
9240 68 0 
9409 8 1 61 0 71 0 77 0.4 82 0 87 0.5 
9484 48 0.3 89 0.4 
9604 2 0 15 0 46 0 48 0.3 76 0 80 0.5 93 0 
9730 26 0.6 75 0.9 99 0.8 
9836 5 0.5 20 0.5 40 0.8 54 0.4 61 0 63 0.7 76 0.5 90 0.4 
9881 26 0.8 39 0.8 62 0.7 80 0 85 0.9 90 0 
9953 21 0.7 27 1 68 0.6 69 0.9 70 0 72 1 76 0.4 
