100
102 40 0.9 55 0 
162 45 0.5 82 1 
293 1 0.6 16 0.6 41 1 47 0.4 59 0.8 81 0.9 91 0.5 93 0.8 95 0.8 
356 61 0.4 
550 36 0 64 0.5 86 0.5 
569 20 0.3 
593 42 1 45 0 53 0.8 55 0.9 72 0 
777 20 0.3 27 0.3 48 0.7 52 0 58 0.7 69 0.6 72 0 75 0.9 98 0.5 
867 9 0.9 17 0.9 33 0.5 40 0.6 51 0 68 0 78 0.8 79 0.7 86 0.6 
961 4 0.8 59 0.8 76 0.6 82 0.8 84 0.6 
1070 32 0.4 39 0.6 48 0.5 49 1 58 0.7 65 0 84 0.3 91 0.6 
1185 48 0.8 
1232 62 0.3 
1372 48 0 55 1 87 0.9 89 0 98 0.7 
1456 2 0.6 31 0.6 37 0.7 
1556 14 0.9 45 0.7 65 0.7 86 0.8 
1592 67 0.7 
1662 4 0 20 0 30 0.5 51 0 68 0.6 
1738 33 0.4 44 0.7 45 0.4 74 0 93 0.4 
1796 20 0 45 0.7 54 0.4 72 0.5 91 1 98 0.8 
2079 3 0 16 0.3 62 0 67 0 82 0.3 84 0 91 0.8 92 1 93 0.5 
2105 21 0.8 35 0.3 43 0.6 58 0.5 72 0.8 73 1 90 0 91 0.9 93 0 
2159 1 0.3 3 0.3 11 1 13 0.8 36 0.8 49 0.5 50 1 63 0 76 0.7 82 1 
2251 17 0 
2271 8 0 19 0 25 0.8 28 0 34 0.8 62 0 71 0.9 72 0.4 73 0.3 99 1 
2302 0 0.3 25 0.6 34 0.9 43 0 64 0.8 80 1 88 0.6 
2341 12 0.5 62 1 70 0.7 91 0 
2373 38 1 
2446 72 0 
2513 2 0.4 19 0.7 21 0 42 0.3 59 0 76 0.5 89 0 
2516 1 0.9 70 0.6 84 0.9 90 0.7 
2570 1 0.3 23 0.4 24 0.3 37 1 38 0.5 46 0.3 71 0.9 
2652 8 0.7 11 0 30 0 37 0 49 0.5 80 0 
2673 11 0 12 1 22 1 23 0.6 38 0.7 60 0.3 81 0 86 0 
2780 1 0.5 3 0.5 52 0 70 0.5 74 0.5 92 0.3 93 0 
2802 57 0.9 72 0.3 78 1 84 0.9 
2815 13 0.7 17 0.8 69 0.6 98 0 
2887 1 1 6 0.5 13 0 41 0.7 55 0.6 60 0.7 65 0.3 82 0.6 
2899 33 1 34 0 36 0 63 0.6 69 0 75 0.5 78 0.3 86 0.3 91 0.7 
2912 24 0.5 28 0.4 75 0.3 
3549 8 1 16 0 42 0.9 47 0 69 0.5 
3569 41 0 94 0.8 
3712 4 0 
3825 93 0.6 
3880 0 0 33 0.9 56 0 60 0.4 85 1 93 0.9 95 0.4 
3891 22 0.6 27 0.5 46 0 49 0 63 0.4 
4001 14 0.5 
4164 17 0 28 0 32 0 50 1 67 0.4 72 0.7 79 0.3 83 0 
4439 2 0.9 
4528 13 0.7 22 1 36 0.6 43 0 44 0.5 51 0.9 52 0.9 65 0.6 97 0 98 0 
4573 10 1 19 0.9 20 0.9 30 0.5 44 1 57 0.6 58 0 68 0.5 92 1 93 1 
4718 11 0.7 15 0.8 55 0.4 64 0 74 0 86 0.8 93 0.8 98 0.5 
4881 0 1 11 0.3 15 0.9 17 0.4 20 0 50 0.3 60 0.9 76 0.6 98 0 
4936 20 0.9 24 0.5 29 0 41 0 45 0.4 59 0 60 0 75 1 
4956 6 0.8 11 0.7 46 0.3 65 0.5 96 0 
4964 8 0.3 9 0.9 38 0.5 41 0 42 0.6 61 0 78 0.3 
5210 18 0.5 47 0.5 49 0 89 0.8 
5327 4 0.5 10 0.8 37 0.7 59 0.8 73 0.8 74 0.7 
5387 48 0.6 62 0.6 66 0.5 92 1 
5388 20 0.7 
5465 4 0 27 0.3 61 0 98 0.8 
5582 3 1 16 0.9 37 0.3 43 0.7 50 0.5 68 0.9 69 1 71 0.8 75 0.6 
6168 14 0.8 16 0.6 23 0.3 25 0 61 0.5 73 0.8 81 0 92 0.5 
6357 36 0.8 46 0.3 76 0 80 0.3 96 0.9 
6399 14 0.9 43 0.5 50 0 91 0.5 99 0 
6511 14 0.4 34 0.6 36 1 57 0.7 63 0 75 1 85 0 90 0.8 94 1 96 0 
6614 9 0 27 1 36 0.6 38 0.8 61 0.9 70 0 75 0.5 
6680 3 0 57 0.5 
6907 24 0.4 62 0.6 84 1 
6936 11 0 14 0 38 0.7 50 0.4 58 0 63 0 66 0.9 96 1 
6951 10 0.3 16 0.7 37 0.6 46 0 64 0.4 69 0.5 
7042 22 0.7 45 0.7 55 0.3 57 0.4 91 0.9 
7136 7 0.6 11 0.6 37 0.7 52 0.5 56 0.3 68 0.7 97 0.8 
7319 7 0.6 10 1 19 0.6 21 0.8 41 0.4 64 1 76 0.7 99 0 
7474 92 0 
7523 5 0.8 13 0.7 14 0 58 0.4 92 0.8 
7574 39 0.4 72 0.4 
7585 26 0.6 47 0.4 72 0.8 83 1 92 0 
7619 14 1 15 0.8 42 0.9 55 0.9 65 0.6 70 0.5 84 0.3 96 0.8 97 0.4 
7655 18 0.5 29 0 32 0 49 0.3 78 0.3 
7739 14 0.6 28 0.7 41 0 68 0 70 0.6 90 0.4 
7743 14 0.8 18 0.9 19 0.7 28 1 57 0 82 0 83 0.3 86 1 
7912 14 1 22 1 26 0.7 37 0.7 40 1 59 0.3 69 0.4 86 1 
8171 7 0.8 10 0.6 12 0.9 19 0.6 37 0.9 54 0.6 57 0 72 0 85 0.9 88 0 
8231 91 0 
8304 13 0.5 
8396 48 0.3 88 0.9 
8502 47 1 54 0.7 56 0.8 62 0.3 69 0 76 0 87 0.3 91 0.4 
8606 13 0.8 15 0 17 0.5 36 0.3 58 0 59 0.8 74 0.8 80 0.4 94 0.9 96 0.7 
8650 8 0 12 0.6 17 0.6 45 0.4 77 0.4 82 0.9 84 0 85 1 87 0.6 
8912 9 0.3 42 0 49 0.3 60 0.7 93 0.8 94 0.4 95 0 
8920 8 0 41 0 65 0.5 67 0 74 0 90 0 91 0.9 95 0.9 96 0.9 
9051 0 0.7 30 1 45 0.5 65 0 70 0.8 75 0.3 95 0.4 
9109 34 0.8 39 0.7 62 0.5 77 0.7 87 0 98 0 
9135 26 0.8 59 0 
9289 53 0.4 64 0 84 0 89 0.5 
9425 10 0.8 25 0.8 37 1 58 0.7 62 0.7 66 0.7 
9447 46 1 72 1 
9451 31 0 33 0.4 43 0.8 56 0.9 68 0.5 69 0 
9864 7 0 34 0.4 37 0.4 47 0.8 50 0.5 72 0.6 77 0 85 0.4 89 0.8 93 1 
