100
145 61 0.5 
221 63 0.5 86 0.4 
662 16 0 54 0.7 
676 3 0.6 37 0.9 93 0.4 
693 59 0.3 
1341 0 0 10 0.8 40 0.8 55 1 64 0.4 72 0.3 73 0.8 96 0.5 
1350 14 0.6 38 0.6 68 0.9 91 0.5 
1502 67 0.5 
1651 10 0.4 13 0.4 25 0.3 46 0.6 83 0.9 
1689 11 0.9 13 0.8 23 0 33 0.7 37 0 40 0 51 0.3 61 0.5 68 0 75 0.3 
1711 57 0.5 
1723 30 0.4 31 0.4 53 0 81 0.5 85 0.7 
1810 3 0.4 24 0 57 0.3 
1976 66 0.3 91 0.4 
2094 3 1 33 1 87 0 91 0.3 93 0.4 
2115 4 1 7 0.9 32 1 45 0.5 59 0.8 84 0.3 85 0 89 0.8 94 0.9 99 0.8 
2153 1 0.4 12 0 24 0 35 0.6 38 1 54 0.8 75 0.9 91 0.6 
2159 1 1 3 0 11 0.8 13 0 36 0.9 49 0.9 50 0.5 63 0.9 76 0 82 1 
2188 63 0.9 
2283 0 0 2 0.3 27 0.8 38 0 62 0.5 
2366 2 0.8 8 0.5 10 0 14 1 15 0.3 18 0 20 0.4 21 0 52 0.5 61 0 
2578 17 0.4 94 1 
2589 94 0 
2650 6 0.5 29 0.9 46 0.5 74 0.6 89 0 
2802 57 0 72 1 78 0.3 84 0 
2857 84 0.6 96 1 
2872 20 0.5 26 0.3 75 0.3 95 0.4 
2884 14 0.9 48 0 49 0.7 57 0.9 68 0 72 0.9 85 0.9 94 0.3 95 0.5 
2889 34 0 52 0 
3014 4 0 26 0.9 28 0.7 33 0.5 73 0 74 0.3 
3074 6 0.8 12 0 20 0 23 1 45 0.8 53 0.8 60 1 79 1 
3122 0 0 4 0 5 0.4 33 0.7 36 0 39 0.8 44 0 47 0.6 66 0.5 95 0 
3130 27 0.5 
3182 16 0.7 62 1 76 0 93 0 
3238 5 0.8 32 1 46 0.7 94 0 95 1 96 0 
3377 9 0.7 39 0.6 40 0 42 0.3 86 0.4 
3404 4 0.3 8 0.6 20 0.6 46 0.6 54 0.3 63 0.7 81 0.5 83 0.3 84 0.3 
3440 17 0.3 64 0.5 
3516 12 0 13 0.7 21 0.8 42 0 59 0.7 60 0.9 68 0 69 0 79 0.7 98 1 
3590 5 1 31 0.4 66 0.4 77 0.5 90 0.6 96 0 
3735 6 1 13 0.4 14 0 34 0.8 39 0 58 0.4 69 0.5 88 0.9 
3897 17 1 34 0.6 
3989 41 1 55 0 63 0.5 81 0.3 
4090 8 0 14 0.3 16 0.8 31 0 50 1 53 0.8 71 0.8 75 0.4 94 0.6 98 0.7 
4111 92 0.7 
4182 28 0.4 67 0.4 
4369 15 0.4 18 0.5 38 0.6 84 0.4 
4702 21 0.4 
5194 4 0 8 0 65 0 82 0 86 0.8 
5299 20 0 61 0 
5368 6 1 21 0 38 0.8 50 1 61 0.9 63 0.8 64 0.5 84 1 
5388 20 0 
5476 14 0 37 0.9 49 0.7 60 0.6 65 0 73 0.7 97 0.5 
5636 6 0.7 20 0.4 28 1 44 0.8 68 1 87 0.7 88 0.8 94 0 
5967 0 0 1 0 17 1 21 0 24 0 50 0.4 90 0.6 93 1 94 0.8 95 0.9 
6047 35 0.3 37 0 84 0.9 
6190 0 0 15 0.3 47 0.5 54 0.7 69 0 86 0.7 88 0.8 98 0.9 
6801 3 0.9 7 0 37 0.3 38 0 39 0.8 44 0 93 0.8 95 0.3 
6817 16 0.6 96 0.3 
6953 0 0.8 6 0.8 17 0.5 18 1 22 0.3 29 0.7 47 0 74 0.6 94 0.7 98 0.7 
7032 22 0.5 48 0.3 58 0.3 64 0.7 
7097 51 0 69 1 87 0.8 99 0.3 
7122 69 0 
7233 3 0 22 0.9 
7252 7 0.4 35 0.5 44 1 46 0.8 53 0 78 0.6 87 0.4 94 0.4 
7270 1 0 7 0.5 21 0.5 41 0.3 61 0.8 65 0.6 74 0.7 94 0.6 
7297 7 0.9 68 0.9 71 1 92 0.4 95 0 
7350 64 0.5 
7382 5 0 13 0.7 16 0.8 52 0.3 59 0.8 71 0.8 74 0.5 79 0.8 81 0.3 90 0 
7399 2 0.7 6 0.7 22 0.5 29 0.3 54 0 63 0.6 89 0.3 97 0.3 
7507 17 0 22 0.8 27 0.5 64 0.8 67 0.6 74 0.7 78 1 89 1 97 0.4 
7895 4 0.3 14 0.6 16 0.6 32 0.3 47 0.7 64 1 65 0 67 0 70 0 89 0.9 
7911 15 0.7 25 0.7 48 0.7 49 0 59 0 65 0 66 0.8 69 0.4 78 1 96 0.7 
7912 14 0.3 22 0 26 0.7 37 0.3 40 0.4 59 0.6 69 0 86 0.6 
7934 1 0.9 25 0.3 40 0 53 0.6 57 0.8 66 0.3 
8066 6 0.5 8 1 18 0.3 25 1 61 0.6 62 0.9 71 0 95 0.4 96 0.8 
8140 3 0.9 9 0.5 78 0.5 
8218 79 0.4 81 0.6 
8260 1 0 16 0.7 35 0.5 65 0.9 74 0 75 0.3 88 0.6 99 0.8 
8318 4 0.5 23 0.7 99 0 
8339 36 0.7 38 0 48 0.5 49 0 63 0.7 74 0 83 0.9 90 0.4 
8364 11 0.4 19 0.9 37 0 59 0.9 88 0 
8480 2 0 9 0.5 15 0 30 0.9 58 0.6 71 0 
8546 11 0.9 12 0 34 0.4 46 0.7 48 0.9 64 0.6 70 0 79 0 84 0 85 1 
8552 5 0.7 6 0 7 0.9 30 0.5 43 0.4 60 1 98 0.6 99 0.3 
8651 22 0 78 0.9 98 1 
8957 18 0.9 64 0.4 82 0.5 
9028 21 0.8 39 0.7 92 0.3 
9058 6 0.4 16 0.5 19 0 36 0 50 0 57 1 59 0.8 67 1 99 0.6 
9120 19 0 43 0.4 48 0.7 57 1 58 0.9 75 0.4 93 0.9 
9174 15 0 50 0.8 65 0.4 69 0 
9272 19 0.5 20 0 32 0.4 
9310 8 0.3 10 0.3 15 0.7 29 0.4 58 1 59 0 75 0.8 90 1 
9425 10 0 25 0 37 0 58 0.9 62 0 66 0 
9474 4 0.7 26 0.9 36 0.4 51 0.7 89 0.3 94 0.6 
9542 3 0.4 5 0 20 1 27 0 45 0 58 0.4 87 0.5 95 0.4 
9615 21 0.8 38 0.3 86 0 
9677 22 0.8 52 0.3 68 0.7 80 0.4 92 0.6 97 0 
9754 9 0.5 19 0.6 23 0 28 0.8 33 0.8 37 0.9 53 0 65 0.7 85 1 98 0 
9847 11 0 
