100
8 11 0 29 0.9 41 0.6 78 0 88 0.6 
58 45 0 
97 5 0 9 1 13 0.5 16 0.7 54 0.4 62 0 
188 3 0.3 12 0.8 38 0.5 72 0.8 74 0 87 0.5 88 0.5 
359 6 0.6 9 0.8 44 0.7 59 0.9 80 0.9 
465 20 0.8 37 0.6 39 0 49 0 50 0.4 74 0.4 
517 2 0.9 6 0 18 0.7 19 0.4 34 0.8 46 0.8 77 0 86 0.6 98 0 99 0 
600 1 1 22 0.5 43 0.9 56 0.3 
692 70 0.9 72 0.3 73 0.4 80 0.7 85 0.3 89 0.9 96 0 99 0 
748 17 0.8 19 0 52 0.4 58 0 74 0 84 0 93 0.8 97 0.8 99 0.6 
780 15 0 70 0 
792 99 0.6 
870 65 0.9 87 1 
902 17 1 22 0.5 30 0 52 1 54 0.9 79 0.5 
932 4 0 81 0 
992 3 0.7 12 0.5 44 0.8 56 0.5 63 0.3 73 0.9 75 1 90 0 97 0.8 98 0 
1129 12 0.9 48 0.4 58 0.4 88 0.9 92 1 97 0.5 
1169 17 0.8 20 0.9 22 0 37 0 46 0.4 66 0.6 83 0.4 
1282 3 0.9 
1291 14 0 
1367 3 0.5 21 0.3 34 0 48 0.3 52 0.7 64 0 67 0 85 0.9 86 0.4 
1715 13 0.6 45 0.6 98 1 
1759 0 0.4 3 0 6 0 9 1 10 0.8 17 0.7 56 1 72 0.9 79 0.8 82 0.6 
1767 5 0.6 15 0.3 22 0 27 0 35 0.6 40 0 78 0.7 83 0 87 0 
1783 16 0 18 0.5 32 0.3 47 0 77 0 81 1 93 0.7 
1837 4 0.5 27 0 28 0 48 0.3 60 0 63 0.5 94 0.8 95 0.8 96 0 99 0 
1972 3 0.4 10 0.4 34 0.6 46 0.7 47 0.6 69 0.4 87 0 
1986 18 0 29 0 31 0.5 34 0.7 60 0.3 70 1 73 0.4 95 1 
2007 24 0 25 0.7 29 0 78 0.3 
2018 35 0 43 0.8 
2033 85 0.6 
2043 12 0.7 21 0.5 23 0.4 32 0.7 35 0.8 37 0.3 43 0 51 0.9 93 1 99 0.3 
2071 56 0 58 0.3 65 0 70 0.9 
2231 16 0.4 27 0.7 35 0 
2331 12 0.6 17 0 23 0.5 52 0 54 0 59 0.6 85 1 86 0 95 0.6 
2392 11 0.9 20 0.9 
2527 1 0.3 31 0 34 0.3 38 0.7 43 0 54 0 55 0.4 59 1 83 0.6 86 0.6 
2617 3 0.5 5 0.6 7 0.4 22 0 23 0.3 46 0.6 54 0.8 66 0.4 76 1 79 0.8 
2645 64 0 
2718 46 0.3 92 1 
2826 8 0.6 12 0.8 29 0.9 31 0.9 74 0.3 99 0.6 
2862 6 0 55 0 64 0.6 
2892 13 0.9 23 0 30 0 43 0.7 77 0 88 0.6 
2931 40 0.8 86 1 88 0.7 97 0 99 0.3 
3199 3 0.3 13 0 16 0.9 40 0.8 58 0.6 
3294 6 1 7 0.3 37 1 53 1 59 1 61 0.7 65 1 73 0.9 81 1 86 0.5 
3712 4 0 
4087 6 0.7 30 0 32 0 35 0.9 42 0 44 0.9 48 0.5 77 0 89 0.6 97 0 
4120 1 0 12 0.6 15 0 41 0.5 69 0.9 89 0.5 92 0.4 
4594 99 0.9 
4698 23 1 25 0.9 34 1 45 0 79 0.4 87 0 
4717 50 0.9 63 0.5 84 0.6 
4726 9 0 10 0 45 0.5 50 0.4 53 0 64 0.4 79 0 87 1 
4732 15 0.4 33 0 37 0.5 38 0.6 43 0.7 53 0.4 57 0 67 0.6 76 0.5 
4785 0 0.5 14 0.9 40 0.4 45 0.3 96 0.3 
4843 9 1 50 0.7 64 0.3 
5000 27 0 
5217 4 0 12 1 33 0 37 0 
5414 13 0.8 
5579 13 0 21 0.5 49 0.9 51 0.7 64 1 65 1 
5738 3 0 5 1 24 0.4 46 0 48 0.9 52 0 56 0 66 0 86 0.4 89 0.3 
6025 2 0 36 0.5 58 0.8 63 0 66 0 
6101 62 0.7 77 0.6 
6126 6 0.4 12 0.7 26 0.5 48 0.9 52 0 56 0.9 73 1 79 0.3 89 0.6 
6193 22 0.3 27 0.3 29 0.8 39 0.9 50 0 91 0.8 94 0.4 97 0.6 
6278 29 0.6 33 0.3 37 0.8 43 0.7 46 0.5 57 0.3 75 0.9 91 0.6 96 0.3 
6472 10 0 31 0 34 0.9 38 0.3 76 0.7 95 0.8 98 0 99 0.3 
6505 16 0 30 0.7 78 0 81 0 
6549 87 1 96 0.4 
6556 1 0 27 0.7 65 0 99 0.5 
6598 10 1 29 0 30 0.8 39 0.9 41 0.7 51 0 56 0 61 0.4 
6718 41 0.7 
6736 10 0 39 0.8 42 0 65 0.7 76 0.9 90 0 92 0.4 96 0 
6806 0 0 
6948 10 0.4 31 0.8 51 0.6 85 0.6 
7114 2 0.5 40 0.8 45 0.8 
7129 12 1 30 0.9 35 0 42 0.5 43 0.6 52 0.4 59 0 83 0.4 
7216 17 0.6 62 0.7 
7232 2 0.3 7 0.5 23 0.8 25 0.8 27 0.4 32 0.4 38 1 67 0.4 68 0.4 
7373 12 0 
7379 13 0 
7469 5 0 7 1 17 0.3 18 0 57 0.7 61 0.4 75 0 80 0.7 93 0 
7573 2 0.7 11 0.7 24 0 50 0.3 61 0.4 65 0.4 91 0.5 
7884 57 0.6 
7891 29 0.5 46 0.9 49 0.4 68 0.6 97 0.8 
7964 19 0 48 0.9 62 0.5 70 0.4 92 1 98 0.3 
8069 0 0 21 0.4 48 1 50 0.4 68 0 89 0.9 
8115 4 0 12 0.3 15 0.4 19 0.4 20 0.6 39 0.4 44 0.5 58 0.9 70 0.7 83 0.9 
8142 15 0.7 20 0.7 36 0.6 48 0.7 54 0 59 0.8 65 0 66 0.9 81 0.3 89 1 
8405 10 0.7 27 0.8 46 0 68 0.4 85 1 94 0.7 
8455 89 0.4 
8504 5 0.8 
8551 5 0 16 0.8 32 0.5 35 0.8 80 0.9 94 1 98 0.7 
8883 3 1 31 0.8 43 0.5 69 1 71 0 86 0.9 92 0.4 
8939 16 0.6 18 0.7 19 0 21 0 22 0 41 0.9 45 0 89 0.6 
9047 3 1 6 0.3 9 0.3 23 0.4 25 0.3 28 0 31 0 78 0.6 83 0.9 
9255 9 0 24 0 65 0.3 84 1 
9266 0 0.8 12 0.3 28 0 35 0.4 38 0 48 0.9 60 0.4 61 0.5 80 0.8 98 0.7 
9287 0 0.5 2 0.7 52 1 56 0 58 0.8 61 0.3 86 0.3 93 0.5 
9872 28 0.6 39 0 60 0.7 61 0.6 
