100
18 77 0.5 
96 0 0 2 0.7 37 1 53 0.5 68 0.6 
248 4 0.6 5 0 28 0 46 0 55 0.4 70 0 82 1 93 1 95 0.7 
252 3 0.7 28 0.6 32 0.3 51 0.7 59 0.5 62 0.6 82 0.9 
263 17 0.4 39 0.5 52 1 53 0.5 78 0 81 0.9 83 0 
286 25 0.6 48 0.6 51 1 55 0.8 56 0.9 64 0.7 86 0.9 90 1 93 0.6 
557 50 0.7 86 1 
586 0 0 1 0 18 0.6 30 0.8 37 0.6 93 0.3 
625 10 0.6 14 1 23 0.5 24 0.4 25 0 26 0.8 33 0.8 48 0.3 68 0 
720 0 0.8 2 0 6 0 38 0 50 0 71 0 93 0.9 99 0.5 
824 17 0.9 36 1 59 1 
825 54 0.7 80 0 97 0.3 
936 4 0.9 7 0.5 9 0.6 23 1 50 0.4 66 0 86 0.6 95 0.5 
1017 18 0 37 1 40 0.7 52 0 54 0.5 63 0.5 74 0.8 
1032 8 0.9 11 0 35 1 38 0.8 41 0.8 49 0 59 0.6 73 0.8 85 0.9 86 1 
1115 54 0.8 
1129 12 0.4 48 0.7 58 0.3 88 0.5 92 0 97 0.6 
1284 89 0.7 
1305 80 0.8 87 0.9 
1362 2 0 18 0.9 23 0 37 0 38 0 39 0.5 56 0 67 0.7 88 0 98 0.5 
1400 17 0.6 47 0.4 71 0.5 
1484 8 0 18 0.5 24 0.8 28 1 31 0 55 0.7 68 0.8 
1506 1 1 
1535 4 0.5 41 0.7 47 0.8 63 0.5 65 0 70 0.4 75 0.5 
1547 78 0.3 
1627 48 0.6 69 0.9 70 0 76 0.7 84 0 89 0.7 90 0.8 
1695 12 0.8 
1814 45 0.3 46 0.8 55 0.9 86 0.3 98 0.7 
1823 3 0.6 46 0.4 47 0.9 61 0 72 0.3 96 0 
1900 6 0.8 15 0.6 29 0.6 37 0.6 47 0.7 62 0.3 72 0 76 1 79 0.8 89 0.4 
2007 24 0.8 25 0.4 29 0 78 0.3 
2043 12 0 21 0.3 23 0.8 32 0 35 0 37 0.5 43 0.6 51 0.9 93 0.7 99 0.8 
2048 43 0.9 52 0 
2063 27 0.5 36 0.6 44 0.9 45 0.9 55 0.6 73 0 83 0.4 99 0 
2262 2 0.5 18 1 22 0.7 34 0 42 0.7 77 0.8 78 0 82 0.6 84 0.4 85 0 
2322 10 0 15 0 25 1 64 0 90 0.3 96 0.9 
2329 9 0.5 14 0 33 0.8 46 0 96 0.6 98 1 
2345 8 0.3 26 0 39 0 62 0.4 75 0.7 83 0.3 96 0.3 98 0.4 99 0 
2387 1 0 31 0 45 0.9 49 0.3 73 1 81 0.7 98 0.9 
2612 55 0 
2646 5 0 10 0.9 31 0 54 0.7 55 1 68 0 77 0.3 82 0.7 
2647 14 0 23 0.4 59 0.5 68 0.5 
2654 6 0 8 1 17 0.8 36 0 59 0.5 65 0 76 0 85 0.7 88 0.4 93 1 
2664 2 1 4 0.5 15 0.9 21 1 24 0 34 0 65 0.9 74 0.3 75 0.9 78 1 
2670 10 0.3 76 0.5 77 0.7 
2712 23 0.4 36 0.5 47 1 53 0 66 0.7 67 0 73 0 
2749 10 0.4 60 0.8 68 0.8 
2866 2 0 19 0.6 42 0.6 53 0.4 61 0 64 0 71 0.4 80 0.4 
3039 12 0 15 0.5 31 0 47 0.4 53 0 67 0.9 88 1 
3077 6 0 
3229 10 0 21 1 54 0 63 0.9 71 0.3 74 0.3 79 0 88 0 
3275 1 0.3 31 0.3 
3317 9 0.6 11 0.4 21 0.9 50 0 60 0.9 90 0 
3610 94 0.9 
3886 12 0 16 0.3 49 0.5 53 0.8 56 0.5 59 0 75 0.4 93 0.6 99 0.4 
4538 59 0.5 73 0.3 
4730 28 0 63 0 
4742 0 0.8 12 0.9 16 0 82 0.5 
4898 18 1 47 0.3 50 0 54 0.3 63 0 99 0 
5325 11 0.8 47 0.7 49 1 63 0.9 
5326 27 0.5 50 1 82 0.7 87 0.8 89 0.8 
5449 10 0.6 13 0.5 17 0.5 28 0 48 1 57 0 77 1 
5744 9 0.5 30 0 35 1 44 0.5 48 0.8 54 0.5 60 0.6 68 0.5 81 0 86 0.5 
5791 2 0.8 13 0.4 25 0.4 44 0 57 0.4 63 0.4 67 0 71 0.3 91 0 96 0 
6139 11 0.4 12 0 22 0.6 23 0.7 43 0 60 0.4 
6328 2 0.4 22 0.4 65 0.6 84 0.3 88 0.6 99 0 
6492 8 0 
6691 33 0.8 81 0 92 1 95 0 
6726 5 0.4 27 0.7 87 0.4 94 0 
6815 7 0 9 1 43 0 48 0 68 0 69 1 
6968 1 0.6 2 1 5 0.3 11 0.9 20 0.5 69 0.9 76 0.6 84 0 
6978 29 1 77 0.4 
7035 30 0.4 41 0.5 42 0.9 50 0.4 61 0 67 0.9 70 0.7 76 1 79 0.5 96 0.3 
7071 29 0.6 37 1 52 0.8 69 0.3 80 0 97 0.9 
7178 9 0.5 40 0.8 57 0.5 88 0.8 
7513 37 0.8 43 0.7 71 0.3 
7554 17 0.6 21 0 33 0 40 0.8 44 1 87 0.3 
7730 4 0.7 8 0 41 1 
7862 1 1 2 0.9 6 1 13 0.3 58 0.9 61 0.4 91 0 93 0.6 
7880 20 1 36 0 44 0.8 51 0.5 65 0.3 73 0.8 78 0 
7987 86 0.8 
8016 25 0.8 85 0.4 
8122 26 0.3 
8218 79 0.4 81 0.4 
8373 34 0.7 48 0.6 49 0.3 50 0.3 56 0.6 70 0.7 72 0 92 0.9 96 0.9 97 0.3 
8419 4 0.4 19 0 28 0.9 34 0.9 45 0.7 60 0.9 
8542 0 1 4 0 20 0 21 0 31 0.3 39 0.5 43 0.8 56 0.6 
8617 3 0 13 0.4 52 0.9 97 0 
8764 26 0 51 0.9 
8848 11 0.6 51 0.6 54 0.7 67 0.4 74 0.6 75 0.3 79 0.4 92 0.7 94 0 97 0.8 
8903 13 1 24 0.3 30 0.8 36 0 65 0.5 74 0.6 78 0.8 
8906 1 0 10 1 14 0.5 32 0.4 38 0.3 53 0.9 54 0 70 0.5 87 0 
9057 82 0.6 
9274 12 0.6 25 0 31 1 64 1 87 0.3 
9333 1 0.5 5 0.7 
9720 42 0.9 48 1 84 0.3 
9815 7 0.5 8 0.9 11 0 15 1 34 0.4 37 0.4 71 0.8 73 0.5 80 0 85 0 
9824 5 0.6 12 0.7 17 0.6 28 0.4 30 0 62 0 74 0.3 80 0.4 83 0.4 94 0.3 
9922 58 0 71 0 
9984 5 0.7 14 0.7 38 0 88 0 
