100
63 0 1 8 0 17 0.9 20 0.7 49 0.6 73 0.7 95 0.7 97 0 
77 2 0 29 0.9 41 0.9 44 0.3 47 0.8 50 0.5 86 0.4 99 0.9 
130 13 0.7 23 0.6 26 0.6 53 0.6 69 0.4 76 0.4 
156 33 0 97 0.8 
202 21 1 37 0.7 56 1 64 0.7 67 0.4 72 0 75 0.7 83 0 
280 13 0.4 50 0.9 52 0 
373 78 0 90 0.9 
395 33 0 40 0 47 0.9 58 0 66 0.7 67 0 99 0.6 
586 0 0.5 1 0 18 0 30 0 37 0 93 0.4 
642 2 0.9 3 0.3 28 0 37 0.8 41 0.5 54 0.6 
713 2 0 8 0.6 36 0.5 54 0.4 88 0.6 
955 29 0 38 0 74 0.5 
1006 34 0.5 36 0.3 54 1 90 0 
1126 17 0.4 20 1 
1196 34 0 36 0.4 38 0.6 39 0.4 85 0.6 90 0 98 0 
1377 0 0.8 69 0.4 72 0 
1448 0 0.8 23 0.3 45 0.3 46 0 51 1 79 0.7 95 0 
1544 20 0.9 32 1 33 1 46 0.5 51 0.8 55 0.3 69 0.3 79 0.6 94 0.8 
1606 28 0.4 
1682 91 0.6 
1766 34 0.4 81 0.6 98 0.9 
1772 6 0.3 47 0 55 0.3 70 0.4 72 0.4 
2127 28 0.7 31 0 33 0.9 36 0.6 40 0.4 53 0 54 0 72 1 86 0 
2133 3 0.3 20 1 46 0 50 0.9 53 0 66 0.8 76 0.5 78 0 90 0.7 
2139 16 0.4 33 1 34 0.4 62 0 70 0 84 0.4 89 1 
2181 14 0.3 24 0.5 36 0.9 45 0.3 72 0 92 0.5 97 0 
2261 18 0.9 35 0.9 43 0.7 45 0.3 81 0.5 
2281 11 0.4 19 0.3 
2357 24 0 56 0.3 59 0 68 0.3 
2376 8 0.4 67 0.8 84 0 
2394 13 0.5 19 0 77 0.9 
2497 7 0 8 0.8 20 1 21 0.8 25 1 28 0.5 49 0.3 71 0.7 94 0.4 98 0.5 
2507 3 0.4 24 1 61 0.9 
2510 12 0.3 32 0.5 55 0.5 60 0.3 65 0 79 0.4 85 0.5 87 0.6 99 0.7 
2547 15 0 92 0.7 98 0.7 
2780 1 0.4 3 0 52 1 70 0.7 74 0.4 92 0 93 0.6 
2809 90 0.4 
2857 84 0 96 0 
2932 10 0.8 22 0.7 25 0.9 33 0.8 53 0.9 71 0 87 0.4 
3120 4 0 13 0.9 14 0 16 0 17 1 63 0.5 93 0.3 95 0 
3163 11 0.6 58 0.9 81 0.7 
3300 4 0.9 7 0.7 26 0 31 0.8 55 0.9 70 0 96 0 
3310 13 0.6 20 0.9 21 0.5 47 0.7 72 0.7 80 0.3 88 0 97 0.4 
3396 3 0 21 0.3 94 0 
3441 11 0.5 49 0.8 73 1 84 1 
3634 4 1 7 0.8 11 0.9 54 0.9 63 0.6 87 0 
3670 7 0 40 1 44 0 62 0.8 
3952 6 0.4 11 0.8 26 0.9 27 0.7 66 0.4 74 0.7 80 0.5 92 1 97 0.4 99 0 
3968 7 0 8 0 46 0.4 75 0.5 
4373 10 0.8 28 0.4 33 0.9 37 0.4 58 1 84 0.6 96 1 
4413 2 0.6 17 0 37 0 42 0 52 0 62 0.8 74 0.9 75 0.8 84 0.9 
4595 13 0.9 18 0 21 0.7 22 0.4 75 0.4 88 0.3 95 0 
4648 7 0.4 13 0.7 16 0.9 23 0.8 45 1 53 0.4 73 0.4 
4667 31 0 67 0.4 87 0.9 97 0.5 99 0 
4926 7 0.7 17 0 18 1 64 0.6 75 0.3 78 0.4 88 0 93 0.5 
4942 33 0.6 37 1 85 0.5 92 1 
5188 49 0 
5190 39 0.6 72 0.9 
5203 33 0.4 42 0.5 44 1 46 0 60 0.5 93 0.4 
5331 16 0.8 19 0 24 1 42 0.4 68 1 74 1 77 0.7 86 0 91 0.6 
5338 0 0 20 0 33 0.6 57 0.3 74 0.7 89 0.3 
5340 13 0.9 23 0.6 25 1 51 0 56 0.4 82 0.7 
5355 84 0.5 
5456 40 0.4 86 0.6 90 0.8 98 0.4 
5537 57 0.5 
5798 29 0.8 54 0.9 57 0.4 61 0.6 91 0.9 
5958 2 0.4 11 0.6 39 0 67 0 95 0.5 97 0.4 
6339 2 0 31 0.9 55 0 65 0.6 70 0 77 0 81 0.3 86 0 95 0.7 
6348 38 0 
6350 1 0.3 8 0.9 22 0.5 35 0.7 38 0 57 0.4 67 0.8 77 1 80 0.7 84 0 
6536 26 0 55 0.9 
6941 48 0 87 0.7 
6971 15 0.5 23 0.4 
7052 32 0.5 46 0 61 0 
7064 74 0.6 
7123 19 0.5 22 0.3 65 0.6 
7155 0 1 6 0 10 0.3 30 0 65 0.3 83 0 85 0 97 0.5 
7235 24 0.6 29 0.6 60 0.4 70 0.5 
7333 0 0.7 11 0.6 23 0.4 44 0 58 0 74 0 
7420 19 0.9 76 0.6 88 0 97 0.6 
7544 4 0 
7598 13 0.8 23 0 37 0.8 50 0.4 75 0 84 0.6 87 0.3 
7998 35 0.8 40 0 68 0.7 69 0.5 83 0.8 
8041 0 0 43 0.9 59 0 81 0.6 84 0.9 
8196 3 0.7 15 1 45 0 
8262 42 0.4 69 0 85 0 
8486 11 0.4 14 0.9 21 0.9 32 1 64 1 71 0.6 73 0 
8791 3 0.9 4 0.7 21 1 60 0 66 0 73 0.9 78 0.3 85 0.4 87 0.5 96 0.3 
8910 42 0 56 0 75 0.3 99 1 
8923 10 0.6 26 0.7 47 0.8 53 0.4 58 0.9 63 0.5 
9073 2 0.3 15 0.3 43 1 45 0.3 62 0.3 66 0.9 68 0 76 0.9 93 0.9 99 0 
9134 2 0.8 9 0.4 28 0.6 90 1 99 0 
9153 7 0.4 28 0 44 0 45 0.7 47 0 73 0.5 81 0 82 0.9 95 0 
9175 47 0 52 0.3 65 0.3 74 0 84 0 90 0.4 97 0 
9182 31 0.5 42 0 53 1 59 0 67 0.3 68 0.8 85 0.9 99 0.7 
9447 46 0.9 72 0 
9476 3 0.4 36 0.3 41 0.3 74 0.5 81 0.9 88 0.9 
9630 1 0.9 18 0 33 0 65 0.6 69 0.8 86 0.8 
9860 19 0.4 90 0.5 
9997 12 0.7 17 0 34 0 53 1 54 0.7 97 0.3 
