100
67 43 0.5 92 0.3 
265 2 0.8 35 0.6 88 0.5 91 0.7 
313 22 0.5 33 1 
617 10 0.6 18 0 32 0 33 0.7 46 0 95 0.8 
624 10 0.5 36 0 42 1 66 0 83 0 86 0.4 94 0 
627 45 0.7 
733 2 0 5 0 11 1 12 0.4 23 0.3 71 0.9 
837 18 0.7 61 1 71 0.8 
860 24 0.8 54 0.6 75 1 
921 16 0.5 95 1 
946 23 0.5 32 0.5 35 0.8 40 0.5 61 0.3 65 0.4 75 0 88 0.3 89 0.9 
966 10 0.5 13 0 30 0.7 56 0 74 0 80 0.7 81 0.4 90 0 
1095 14 0 16 0.8 26 0.9 83 0.5 
1152 66 0.5 67 0.5 68 0 89 0 91 0.5 
1240 7 0.6 14 0.4 27 0 30 0.9 39 0.9 57 0.7 66 0 71 0 
1308 3 0.3 49 0.5 50 0 54 0.5 61 0 65 0 78 0 85 0.4 90 0 
1365 64 0.5 
1409 16 0.5 20 0.8 46 0 73 1 76 0.9 79 0 
1559 3 0.4 18 0.5 55 0.3 64 1 65 0 69 0.7 75 0.9 92 0.6 93 0 94 0.7 
1580 5 0.8 8 0.8 22 0 28 0.4 52 0.6 60 0.8 71 0.6 90 0.4 
1595 69 0.7 80 0 
1616 23 0.3 45 0.5 48 0.9 
1640 2 0.4 6 1 8 0.5 25 1 27 1 81 0.4 84 0 93 0.8 
1685 11 0.6 
1692 10 0.6 15 1 75 0.4 77 1 80 0 
1749 27 0.8 41 0.5 
1829 2 0.3 20 0.4 26 0 44 0 49 0.9 74 0.7 86 0.3 87 0 88 0.4 99 1 
2011 11 0 44 0.3 87 0 93 0.4 
2070 31 0.9 50 0 52 0 57 0.3 64 0.9 81 1 
2123 0 0.3 1 0 7 0 9 0.8 28 0.8 52 1 62 0.4 68 1 75 0 
2140 2 0.9 23 0 26 0 33 0.8 34 0 55 1 61 0 90 0.6 99 0.6 
2274 13 0.7 31 0 53 1 
2323 31 0.4 36 0.6 45 1 69 0.6 
2541 0 0.9 38 0.8 39 0 45 0 53 0.5 94 0.5 
2578 17 0.8 94 0.4 
2690 11 0 24 0.3 35 0.6 39 0.5 51 0.7 62 0.9 78 0.3 82 0.5 
2761 15 0 64 0 
2779 6 0 17 0.9 30 0 63 0.8 89 1 95 0 
2799 46 0 54 0.6 
2812 20 0.7 46 0 
2825 88 0.6 
2858 17 0.9 88 0.8 
2884 14 0.3 48 0.5 49 1 57 1 68 0.6 72 0 85 1 94 0.5 95 0 
2943 7 0 14 0.4 16 0.5 52 0.3 57 0.8 63 0.9 68 0.5 91 0 94 0.9 
3090 2 0.7 23 0.8 32 0.3 67 0 83 0.8 86 0 
3230 25 0 59 0 82 0.4 
3386 15 0.3 51 0.8 73 0.3 
3702 73 0.7 86 0.9 93 0 
3770 35 0.4 
3972 5 0 26 0.8 48 0.8 74 0.7 87 0.4 90 0.7 
4086 9 0 10 0.6 17 0.4 36 0.7 79 0.8 
4176 8 0.3 24 0.5 84 0.8 86 0.7 89 0.4 91 0.5 93 0.6 
4278 17 0.8 
4674 25 0.9 30 0 33 0.8 37 0.6 51 1 59 0.7 70 0.8 85 1 
4896 16 0.3 20 0.6 27 1 28 0 31 0.4 50 0 51 0.9 80 0.7 95 0.6 
5051 10 0.5 30 1 39 1 54 1 57 0.4 72 0.8 
5089 1 0 5 0.9 53 0.4 64 0 69 0 75 0.3 84 0.4 85 0.7 
5096 2 0.7 6 0.9 8 1 11 0 19 0.3 23 0.6 38 1 44 0.8 
5114 10 0 11 0 23 0.5 
5188 49 0.6 
5236 1 0 9 0.6 26 0.8 33 0.3 45 0 47 0 81 0.5 84 0 95 0.7 99 0 
5272 0 0.3 27 0.4 
5506 8 0.8 30 0.8 35 0 46 0.9 
5546 11 0.5 26 0.8 34 0.4 60 0.8 61 0.3 68 0.9 
5601 1 0.9 33 0.8 38 0.4 47 0 52 0.8 76 0.6 77 0.6 88 0.5 
5637 27 0 60 0.7 
5713 2 0 9 0.9 55 0 59 0.8 60 0 
5797 20 0.9 34 0 45 0.5 55 0.7 61 0 81 0.4 
5968 3 0.8 
5974 34 0.6 36 0.5 59 0.3 91 0.3 
6178 12 0.8 18 0.6 34 0.5 37 0.4 53 0.9 62 0.5 93 1 96 0.5 
6190 0 0.6 15 0.8 47 0.7 54 0.6 69 0 86 0 88 0.7 98 0.5 
6203 38 0 48 0 61 0.4 70 0.6 
6357 36 0.8 46 0 76 0 80 0 96 0.8 
6673 39 0 40 0.9 86 0.8 
6734 2 0.7 8 0 50 0.7 53 0.9 54 0.7 92 0.8 
6747 5 0 14 1 29 0 41 0.3 58 0.9 64 0 76 0.8 82 0 89 0.8 99 0 
6903 55 0.3 70 0 80 0.8 
7063 24 0.3 37 0 65 0 69 0.8 88 0.9 90 0.7 
7096 10 0 26 0.6 38 1 44 0 49 0 54 0 90 0 91 0.5 
7132 14 0.4 15 0 26 0.8 48 0.6 52 0.9 57 0 62 0.4 67 0 76 0.9 
7171 25 0.4 38 0.7 96 0 
7401 4 0.5 42 0.9 88 0.3 91 0 
7595 94 0.5 95 0 
7680 12 0.8 36 0.9 54 0.7 67 0.5 72 0.6 76 0 77 1 82 1 91 0.6 99 1 
7843 6 0.7 9 0.6 25 0.4 43 0.8 75 0 88 0.3 90 0.9 93 0 
7974 14 0.9 27 0 35 0 37 0.3 43 0.8 64 0.9 68 0.9 71 0.3 
8167 3 0.5 29 1 32 0.9 51 0 89 0.5 
8325 39 0 51 0.8 64 0.6 80 0.6 
8541 1 1 2 0 11 0 40 0.4 43 0.5 56 0.9 75 0.3 97 0 
8675 0 0.8 3 0.5 14 1 20 0 40 0.8 67 0.9 77 0.4 96 0.5 
8859 43 0.6 47 0 52 0.4 53 0 68 0.5 74 0 
9134 2 0 9 0 28 0 90 0 99 0.4 
9323 14 0.9 68 0 
9352 0 0 34 0 87 0.7 
9357 98 0.8 
9652 37 0.9 41 0.7 50 0 92 0 98 0 
9720 42 0 48 0.9 84 0.5 
9750 4 0 35 0 38 0.8 75 0 91 0 92 0.6 
9894 0 0.6 6 0.9 25 0 30 0.6 32 0.9 39 1 52 0 55 0.3 58 0 95 0.5 
