100
199 8 0.8 12 0 21 0.9 30 0.7 41 0.4 60 0.6 61 0.3 87 1 95 0 
323 3 0 14 0.7 20 0.7 48 1 72 0.8 
404 56 0.7 
580 6 0.5 16 0.7 35 0.6 37 1 55 0.9 67 0.4 89 0.5 93 0.7 
685 2 0.5 42 0.3 50 0.4 53 0.4 79 0.7 83 0.5 88 0 
762 43 0.9 75 0.6 99 1 
776 1 0.5 7 0.4 33 0.5 39 0.4 69 0 76 0.9 
1015 13 0.5 
1258 30 0 36 0 54 0.8 59 0.4 75 0.5 79 0.4 82 1 87 0.9 
1392 26 0.7 29 0.9 46 0.5 53 0.7 66 0.6 68 0.3 77 0.9 81 0 93 0 
1411 15 0 20 0 23 0.8 29 1 83 0.5 88 0.8 91 0.5 95 0 97 0.3 
1418 8 0.7 19 0.6 22 1 38 1 65 0.9 72 1 80 0.3 88 0.9 98 0.9 
1681 11 0.3 18 0.3 35 0.6 72 0.3 80 0 83 0.3 84 0.4 98 0 
1851 8 0.5 12 0.6 16 0 30 0.3 43 0.6 82 0.6 
1874 23 0 34 0.4 42 0.4 47 0.7 51 0.5 61 0.5 62 0.4 89 0.7 99 0.3 
1877 13 0.9 34 0 52 0 
1886 71 0.7 83 0.4 
1924 4 0.8 7 0.7 22 0 27 0.7 30 0.7 31 0 61 0.7 63 0 66 0.3 73 0.7 
2050 34 0.4 77 0.6 
2171 22 0.5 42 0.4 53 0.7 68 0.3 
2199 17 0.4 19 0.6 26 0 39 0 47 0.5 67 0.9 70 0 76 0.7 87 0.6 
2203 10 0.9 23 0.9 32 0.7 36 0.6 67 1 76 0.4 77 0.8 86 0.9 94 0.7 99 0.5 
2235 7 1 31 0 76 1 
2243 2 0.3 21 0.5 28 1 39 0.3 55 0.5 79 0.7 96 0 
2250 7 0.4 27 0.9 60 0 70 0.5 
2368 29 0 36 0.3 45 0 77 0 
2501 15 0.6 16 0.7 23 0 59 0.9 72 0.7 86 0.7 
2555 12 0.8 24 0.5 41 0 43 0.8 46 0 50 0.4 65 0.3 68 1 96 0.7 
2726 19 0.3 46 0.3 57 0.8 82 0 
2759 63 0.5 72 1 
2807 10 0.5 22 0 51 0.4 70 0 74 0.7 88 1 89 0.5 92 0.5 94 0.8 
2918 1 0 4 0 10 0.5 18 0.7 23 0 47 0.3 86 0.6 91 0 92 0.9 96 0.5 
3108 66 0 70 0.7 94 0 
3157 11 0.7 13 1 65 0 71 1 93 0.3 
3230 25 1 59 0.6 82 0.4 
3273 13 0 22 0 96 0 
3301 33 0.4 42 1 43 0.7 52 0.7 89 0.6 
3347 27 0.9 96 0.7 
3501 77 0.5 86 1 
3663 7 0.4 38 0.6 47 0 59 0.9 
3715 3 0 11 0.8 12 0.9 31 0.6 69 0.9 76 0.4 90 0.8 91 1 
3778 9 1 66 0 86 1 
3885 0 0.6 3 0.3 26 1 67 0 77 0 99 0.7 
3893 18 0.7 31 0 45 0 47 1 55 0.3 85 0.6 88 0 96 0.8 
3963 33 0.6 47 0 56 0.3 
3968 7 0 8 0 46 1 75 0 
3988 12 0.7 24 0.7 25 0 33 0 73 0.7 80 0 81 0.8 
4164 17 0.4 28 0.4 32 0 50 0.9 67 0 72 0.7 79 0.8 83 0.5 
4186 7 0.9 18 0.6 41 0 51 1 71 0.9 72 0.9 78 0.8 80 0 82 0.6 94 1 
4223 7 0.8 25 0 33 0.5 36 0.3 40 1 66 0 93 0.4 
4309 16 0.9 28 0 41 0.4 47 0.5 54 0.4 60 0.6 
4414 33 0.4 53 1 67 0.7 84 1 
4416 13 0.6 24 0.5 32 0 68 0.4 70 0.3 82 0.5 90 0 
4435 14 1 20 0.7 43 0.7 52 0 53 0 65 0 83 0.5 84 0 
4697 15 0 24 1 28 0.4 67 0.3 75 0.8 79 1 86 0 98 0 
4713 35 0 43 0 76 0.7 
4781 8 1 28 0.5 34 0.5 39 0.6 61 0 63 0.5 74 0.7 84 0.5 85 0.6 
4785 0 1 14 0.8 40 0 45 0.3 96 0.6 
4802 0 0.5 5 0.3 16 0.5 45 0.5 46 0 69 0.7 76 0.5 79 0.3 94 0.7 97 0 
4968 70 0.4 77 1 86 0.6 
5138 4 0.5 6 0 27 0 45 0.6 50 0.8 53 1 61 0 62 0.4 94 0 
5368 6 1 21 0 38 0 50 0 61 1 63 0.7 64 1 84 0.4 
5584 4 1 11 0 13 0.3 28 0.8 43 0 68 1 76 0.8 86 0 97 0 
5639 20 0.4 29 1 30 0 66 0.5 72 0.3 
5645 54 0.8 94 0.3 
5682 36 0.5 43 1 60 0 62 0.3 68 0.7 81 0.4 99 0.9 
5714 68 0.5 87 0 
5840 4 0.6 41 0.9 87 0 
6111 13 0.6 19 0.7 23 0 55 0.7 61 0.3 74 0.5 
6143 32 0.5 35 0 58 0.4 60 0.3 61 0.5 76 0.8 82 0.6 98 0.7 
6154 9 0.9 12 0.8 27 0.3 28 0.9 35 0 73 0.3 78 0.4 
6557 16 0 
6714 28 0 37 0.4 62 0.4 69 0.3 73 0.4 82 0.8 
6845 14 0.9 57 0 62 1 64 0.4 89 0 
7093 81 0 
7168 2 0.7 7 0 17 0.7 39 0.7 68 0.7 85 0.9 
7226 22 0.4 46 1 60 0 69 0.7 
7427 18 0.4 21 0.8 
7490 19 0.9 22 0.3 24 0 28 0.8 58 0 64 0 82 0 83 0.5 86 0.7 
7649 12 0.9 16 0.8 26 1 35 0.5 40 0 78 0.9 80 0.7 84 0.5 
7711 6 0.5 25 0.3 37 0.3 72 0.6 80 0 
7746 10 0.8 65 1 71 0 
7808 8 0.7 17 0 21 0.7 70 0.8 87 0 99 1 
7848 35 0.9 41 0.8 
7946 28 0.4 90 0 
8004 1 0.9 8 0.6 26 0.4 29 0 42 0.4 45 0 56 1 57 0.4 94 0.7 
8179 7 0.9 57 0.6 82 0 85 0.7 90 0.4 
8373 34 0 48 0.9 49 0.3 50 1 56 0 70 0 72 0.4 92 0.7 96 0.4 97 0 
8379 40 0.7 59 0.4 77 0.4 80 0.9 
8778 20 0 22 0.3 25 0.7 31 1 34 0.3 54 0 59 0.3 72 0 
8805 19 0.9 79 0.6 96 0.5 
9160 1 0.4 3 0.3 6 0.8 19 0.8 36 0 37 0.9 66 0.6 69 0.7 88 0 96 0.4 
9198 33 1 46 0 49 0.4 59 0.7 91 0.5 
9246 6 0.4 7 0.7 50 0.3 58 0 61 0.9 84 0.8 85 0.3 95 0 
9247 29 0 82 0.4 98 0 
9590 31 0.3 
9721 93 1 96 0.7 
9863 8 0.4 
9866 80 0.4 
9906 28 0 32 0 51 1 90 0.7 91 0 
