100
73 28 0.7 84 0.4 
205 25 0.4 
237 4 0.7 24 0 29 0.8 48 0.6 52 0.9 57 0.8 59 0.3 62 0 89 0.4 
383 18 0.8 40 0.5 55 0.4 57 0.7 79 0.4 94 0.3 
461 2 0 5 1 16 0 19 0.3 29 0.8 37 0.9 49 0 50 0 82 0.5 83 0.5 
509 39 0.4 42 0 91 0 92 0.6 
654 7 1 10 0.6 46 0.9 47 0.9 55 0.9 77 0.8 84 0 88 0.4 94 0 
682 19 0.4 81 0.4 87 0.7 91 1 
686 2 0 15 0.7 27 0.5 31 0.6 35 0.4 71 0.7 78 0 
899 42 0.9 95 0.6 
940 40 0.9 90 0.9 94 0.3 
957 3 0.4 49 0.7 50 0 82 0 86 0.6 
1013 25 0.8 37 0.5 56 0 60 0.8 93 0.3 96 0.7 
1061 8 0 19 0 21 0.3 34 0 35 0.5 52 0.4 60 0.4 65 0.6 72 0 74 1 
1198 12 0.3 37 0.7 53 0.4 54 0.5 58 0 81 0.3 82 0.7 93 0.3 
1254 2 0.7 47 0.5 48 0 49 1 61 0.4 92 0.6 
1322 36 0.9 37 0 41 0.3 49 0 56 0 58 0.9 60 0.6 
1523 14 0 58 0.6 70 0.5 99 0.7 
1642 28 0 36 0 66 0.6 75 0 91 0.8 93 0.9 
1836 21 0.3 71 0.6 83 0.5 98 0.4 
1867 8 0.3 10 0.6 27 0 50 0.3 
2036 8 0 34 0 68 0 83 1 
2126 2 0.7 7 0.4 36 0.4 44 0 54 0.6 56 0.9 82 0 88 0.7 
2221 8 0 49 0.7 52 0.6 65 1 93 0.5 97 0 98 0 
2289 5 0.5 83 0 
2451 9 0.4 11 0.7 
2467 48 0.6 
2678 75 0 
2700 0 0.9 9 0.9 34 0.4 38 0 42 0.5 53 0.9 75 0.3 85 0 99 0.7 
2759 63 0.5 72 0.8 
2760 59 0.7 
2767 6 0.8 10 0.7 17 0.5 37 0.7 41 0 44 0.9 52 0.5 56 0.8 70 0.6 76 0.6 
2772 77 0.3 
2833 18 0.8 
2860 7 0 46 0.5 50 0.7 94 0.8 
2874 1 0.9 15 0.9 36 0 42 0 54 0.7 78 0 87 0.4 
3015 7 0.3 36 0.8 53 0.5 63 0 64 0.5 70 0 71 0.7 96 0.3 
3191 9 0.7 21 0.4 27 0 34 0.8 39 0.9 43 0 44 0.4 52 0.4 80 0.4 
3330 2 0.4 15 0 18 1 46 0 66 0.8 68 0.8 72 0.9 93 0.3 
3605 12 0 17 1 21 0 56 0.4 79 0.3 85 0 
3835 0 0.9 6 0.9 10 0.8 15 0.4 37 1 43 1 52 0.6 61 0.5 79 0.6 91 0.8 
3875 0 0.5 5 0.7 13 1 34 0.7 49 0.5 
4053 17 0 18 0.6 40 0.8 47 0.7 50 0.9 63 0 69 0.3 93 0.5 
4069 1 0.6 18 0.8 24 0.6 32 0.9 52 0.9 82 0 92 0 94 1 95 0.6 98 0 
4140 21 0.8 54 0.6 
4152 21 0.6 60 0.5 66 0.6 84 0.3 91 0.7 
4229 14 0 20 0.9 21 0.4 27 0.5 28 0.4 51 0 62 0 69 0 92 0.6 98 0.9 
4402 25 0.8 54 0.4 64 1 71 0.7 83 0 84 0.9 93 0.6 98 1 
4418 67 0.7 77 0.4 
4430 15 0 25 0 33 0 50 0.7 57 0.3 68 1 72 0.3 77 0.8 79 0.3 93 0.7 
4523 6 0 14 0 21 0 30 1 32 0.6 35 0.8 50 0.4 56 0.7 63 0.8 73 0.4 
4615 5 0.7 17 0.3 29 0 41 0.6 64 1 69 0.3 74 0.3 91 0.4 94 0.8 98 0.6 
4684 39 0.3 57 0.6 75 0 77 0.3 85 0.8 
4750 6 0 10 0.8 48 1 
4790 3 0 26 0 34 0.8 38 0 60 0.6 64 0.6 84 0.9 94 0.8 
4828 3 0.3 14 0.7 32 0.9 33 0 68 0 95 0 99 0 
4829 0 0.7 63 0.9 91 0 92 0.3 
4834 1 0.7 9 0.5 20 0 28 1 31 0.7 48 0 50 0.4 74 0.3 78 0.8 88 0.3 
5625 22 0.3 51 0 55 0 69 0 73 0.7 99 0.8 
5802 23 0.7 94 0 
5891 25 0 32 0.9 40 0.9 59 1 66 0.8 89 0.5 
6049 8 0.9 34 1 93 0 
6054 6 0.4 26 0.5 31 0.5 40 0.8 81 0.5 85 0.5 
6218 3 0.3 11 0 12 0.9 17 0.3 22 0.9 31 0 51 0.3 69 0.8 89 0.9 90 0 
6333 12 0.6 56 0 62 0 69 0.7 72 0 75 0 77 0.6 82 0.9 95 0.5 
6441 0 0.7 1 0.7 20 0.3 44 0.6 
6448 25 0.8 29 0.9 54 0.9 55 0 57 0.9 63 0 75 0.5 81 1 83 0.9 99 0 
6570 71 0.6 
6587 33 0.7 78 0.3 86 0.7 95 0.9 
6618 34 0.9 82 0.8 89 0.6 95 0 
6703 2 1 31 0.8 64 0 93 0 
6868 31 1 34 0.8 37 0.3 55 0 67 0 73 0.3 76 0.7 85 1 99 0.5 
7048 58 0.6 65 0.5 80 0.4 93 0.8 
7155 0 0.9 6 0 10 0.8 30 0.4 65 0 83 1 85 0.7 97 0.6 
7157 45 0.3 95 0.5 
7221 14 0 21 0 26 0.5 43 0.6 44 0.6 46 0.7 49 0.3 55 0 82 0.9 
7524 14 0.6 
7669 38 1 88 0.9 89 1 
7799 3 0.6 39 0 46 0.4 54 0 67 0.6 70 0 94 0.5 98 0.8 
7811 1 1 13 0.5 19 0.4 44 0 64 0 74 0 88 0.8 98 0.8 
8163 1 0 17 0.9 33 0.3 96 0 
8232 13 0.8 23 0.4 97 1 
8272 8 0 40 0.3 56 0.4 58 0.4 60 1 78 0 88 0 
8430 5 0.6 10 1 25 0.4 68 0.8 82 0.7 92 0 97 0.9 98 0.7 
8652 26 0.3 
9101 32 0.8 62 0.4 65 0.7 66 0.4 72 0.6 75 1 85 0.8 97 0 
9220 28 0.3 61 0 64 0.3 67 1 71 0.8 86 0.6 93 1 
9242 15 0.8 18 0 32 0.7 
9261 5 0.9 12 0.4 14 0 23 0.6 40 0 78 0 86 0.5 
9414 7 0.9 9 0 12 0 
9424 7 0 27 0.3 30 0.4 44 0.7 50 0.7 64 0.7 73 0.8 92 0 
9452 0 1 
9638 31 0.6 43 0.7 78 0.5 82 0.8 83 0.3 
9649 7 0.8 18 0.5 26 0.4 27 0 46 0 55 0 62 0.3 89 0.5 91 0.3 97 0 
9673 8 1 20 0.8 49 0.9 61 0.4 65 0 84 0 
9786 3 0 11 0 20 0.4 24 1 39 0 42 1 74 0.8 94 0.7 95 0.4 
9803 22 0.9 27 0.9 51 0.7 67 0.7 74 0 85 0.8 
9887 59 0.8 84 0.4 95 0.5 96 0.8 
9976 2 0 9 0.9 30 0.9 31 0.5 36 0.4 37 1 57 0.5 58 0.3 60 0.5 76 1 
9980 19 0.4 27 0.5 28 1 29 0.8 32 0.5 48 0.8 57 0.4 61 0 64 0.8 95 0 
