100
20 1 0.8 15 0 22 0 30 0.4 36 0.8 43 0.3 77 0.3 82 0.3 85 0.9 91 0.9 
182 9 0.6 52 0.6 54 0.7 64 0.3 92 1 96 0.9 
213 1 1 
227 37 0.7 49 0 87 0 92 0 
551 5 0 7 0.8 11 0.4 15 0.5 24 0.8 26 0.4 29 0.5 55 0 64 0.9 76 0.8 
560 9 0 20 1 38 0 53 0.5 54 0.6 
714 11 0.5 35 0.6 46 0 
768 14 0.3 16 0.3 33 0 34 0.7 38 0.8 74 0.4 79 0.3 
814 21 0.5 27 0.3 43 0.4 55 0 71 1 81 0 
887 39 0.8 62 0 65 1 96 0.3 
905 61 0 66 0.5 74 0.4 77 0.8 85 0.7 97 0.8 
958 14 0.4 49 0.5 68 0.9 
1006 34 0.9 36 0 54 0.7 90 0.7 
1157 3 0.9 5 0.3 14 0 18 1 24 0.9 38 0.8 60 0 85 0 86 0.9 95 0.4 
1269 9 0 10 0 14 0 47 0 50 0.5 59 0.7 90 0.7 
1278 8 0.5 55 0.4 
1425 29 0 34 0.6 39 0 49 0 51 0.7 55 0 68 0.3 70 0.8 77 0.9 
1570 21 0.8 88 0.9 
1572 10 0 41 0.6 61 0 63 0 64 0.6 
1594 9 0 13 1 25 0 58 0.4 
1599 28 0.6 29 0.7 49 0.8 52 0.3 63 0.7 67 0.7 74 1 
2026 1 0.5 11 0.4 20 0 33 0.8 56 0.4 71 0 89 0 95 0 
2262 2 1 18 0.6 22 0.3 34 0 42 1 77 0.3 78 0.3 82 0 84 0.3 85 0 
2391 7 0.7 
2393 4 0 11 0.8 12 0.8 18 0 41 0.5 54 0.6 59 0.8 74 0.9 76 0.8 91 0.3 
2504 34 0 70 0.9 
2742 0 0.4 5 0 24 0 75 0.4 
2795 13 0.7 38 0 48 0 49 1 55 0.9 71 0.9 75 0.4 84 0.5 
2813 9 0 12 0 15 0.8 31 0.5 43 0.6 57 0 61 0 77 0.4 97 0.6 
2837 27 0 35 0.8 42 0.5 47 1 68 0.7 72 1 73 0.7 
2860 7 0.5 46 0.3 50 0.8 94 0.6 
3111 2 0 16 0 28 0 30 0.9 50 0.7 69 0.7 72 0.7 82 0.5 92 0.5 
3115 10 0.5 67 0.4 
3294 6 0.8 7 1 37 0.5 53 0 59 0.6 61 0.5 65 0.4 73 0 81 0.6 86 0 
3348 65 0.3 71 0.8 78 0.3 99 1 
3358 5 0 13 0.9 14 0.8 48 0 61 0 63 1 89 0 96 1 
3416 5 1 53 0 55 0.6 63 0.4 71 0 72 0.4 74 0 75 0.5 87 0.3 
3431 8 1 68 1 91 0.4 
3614 32 0.5 42 0 
3958 39 0 90 0.6 
4000 34 0.8 51 0 
4015 51 0.5 84 0.4 
4046 23 0 37 0.7 51 0.6 53 0.9 54 0.6 56 1 64 0.6 77 0.4 96 0 97 0.4 
4105 18 0.6 35 0.9 38 0.5 50 0.7 59 0 60 0 65 0 75 0.7 98 1 
4180 32 0 37 0.6 44 0.4 66 0.8 67 0 69 0.4 77 0.4 81 0.9 91 0 95 0 
4253 6 0 11 0 26 0.4 32 1 54 0.8 57 0.4 75 1 
4364 38 0 79 0.4 
4398 18 0 21 0.8 33 0.4 75 0 85 0.8 96 0.5 
4457 10 0 23 0 42 0 62 0.9 
4527 1 0.6 3 0.5 50 0 58 0.9 
4578 19 0.8 29 0.9 50 0 66 0.3 84 1 
4697 15 0.4 24 0.5 28 0.6 67 1 75 0.8 79 0.4 86 1 98 0.4 
4754 1 0.5 12 0.3 
4966 22 0.5 27 0.6 31 0 37 0.4 72 0.9 77 0.4 80 0.9 81 0.4 88 0 99 0.8 
5076 2 0.3 11 0.9 39 0.7 58 0.3 64 0.8 83 0.7 90 0.6 
5101 7 0 59 0 65 1 66 0 70 0.4 74 0.8 93 0 
5145 3 0 15 0 58 0.3 73 0 
5654 0 0.5 17 0.8 41 0.4 42 1 48 0.7 56 0 70 0.9 77 0.3 94 0.9 98 0 
5673 6 0 8 0 27 0.4 41 0.9 56 0 61 0.5 73 0 87 0 90 1 
5779 15 0 21 0.9 53 0.5 56 0.7 62 0.9 94 0.9 96 0.8 98 0.3 
5819 7 0.3 98 0.5 
6162 5 0.7 7 0.9 16 0 24 0.9 39 0 55 0.5 85 0.7 89 0.8 
6206 42 0.6 43 0.9 46 0.6 59 0.4 70 0.6 
6307 52 0.7 
6685 12 1 80 0 88 1 91 0.7 
7223 0 0.9 3 0.7 7 0 22 0 26 0.4 30 0.7 46 0 55 0.7 
7241 4 0.9 23 0.6 48 0.5 63 0.4 84 0 98 0.6 99 0 
7633 26 0 36 0.4 50 0.7 63 0.7 65 0.6 69 0 85 1 
7890 8 0.5 38 0 56 0.7 86 0.9 
7891 29 0.8 46 1 49 0.6 68 0 97 0 
7939 1 0.3 3 0.3 9 0.8 29 0 45 0.4 53 0.6 62 0.3 82 0.8 96 0 
7988 20 1 
8055 76 0 91 0.9 
8107 60 0 
8145 54 1 85 1 
8208 10 0 11 0.7 12 0.6 55 0.5 59 0 60 0 65 1 80 0.3 95 0 
8302 15 0.7 
8318 4 0.9 23 0.5 99 0.9 
8460 6 0 19 0.8 20 0.5 51 0.6 64 0.7 72 0 73 0.5 74 1 86 0.3 90 0.4 
8607 51 0.9 66 0 92 0.6 
8810 6 0.8 45 0 68 0.4 99 0.5 
8837 2 0 
8896 25 0.7 60 0.7 
8905 3 0.5 9 0.7 16 0 72 1 79 0.9 93 0.4 
9028 21 0 39 0.7 92 0.8 
9030 9 0.7 16 0.7 18 0.4 27 0 29 0.7 39 0 55 0 86 0.6 
9088 8 0 79 0.4 85 0 
9117 42 0.3 49 0.5 54 0.3 70 0.9 72 0.5 74 0 79 0.4 83 0.6 96 0.9 
9155 0 0.8 75 0 79 0.9 91 0.8 
9182 31 0.8 42 0.9 53 0.6 59 0 67 0 68 0 85 0.9 99 0.7 
9243 21 1 23 0.8 30 0.3 38 0.7 52 0.9 60 0.8 65 0.9 66 0 
9244 6 0.5 45 0.7 61 0.8 66 0.4 84 0.3 94 0.9 
9303 2 0.7 7 0.9 10 0.7 15 0 17 0.3 25 0.5 26 0.8 39 0 54 0 85 1 
9330 10 0.6 16 0 37 0.8 42 0 46 1 55 0.7 72 0.3 
9424 7 0.6 27 0.6 30 0.8 44 0.5 50 0 64 0 73 0 92 0 
9426 38 0.5 71 0.7 82 0.7 98 0.9 
9651 3 0.6 8 0.3 48 0.5 49 0 51 0.6 57 0.4 59 0.8 65 0 77 0.5 
9747 1 1 23 0.6 99 0.3 
9972 12 0.6 14 0.8 15 0.9 17 0 36 0.8 42 0 44 0.8 56 0.5 80 0.9 85 0.5 
9999 43 0.4 53 0 58 0.7 79 0.9 93 0.7 
