100
58 45 0.8 
95 33 0 45 0.6 52 1 66 0.8 83 0 90 0.9 
139 0 0.4 10 0.8 28 0.7 30 0.3 45 0 47 0.4 58 0.6 69 0 92 0.5 
141 53 0.4 64 0 83 0 
156 33 0.9 97 0 
179 54 0.7 63 0.6 
336 20 0 28 0.7 29 0.4 33 0.5 65 0.5 76 1 
378 74 1 85 0.8 88 0 90 0.9 
381 16 0.7 26 0.9 45 0.4 79 0.7 83 0.4 86 0 91 0.6 96 0.8 
430 26 0.6 44 0.3 81 0.6 85 0.6 91 0 
473 3 0 40 0.6 43 0.3 55 0.9 57 0 66 1 73 0 80 0.7 86 0.8 87 0.9 
484 35 0 49 0 52 0.5 81 0.3 95 0.8 
503 57 0.4 69 0.8 78 0.4 84 0 85 0.3 
589 1 0.5 18 0.4 28 0.6 30 0.4 35 0.3 44 0.5 49 0.7 97 0.7 
643 21 0.3 79 0 
713 2 0 8 0 36 0.3 54 0.8 88 0.4 
788 38 0.3 52 0.7 75 0.8 
815 3 0.8 65 0.5 81 0.4 
863 8 0.7 29 0.4 35 1 51 1 65 0.7 66 0 86 0.8 87 0.6 89 0.5 
1043 1 0 15 0.4 39 0 58 0.8 
1044 89 0.6 
1278 8 0.9 55 0.8 
1404 76 0.6 
1494 23 0.9 28 0 43 0 53 0 
1604 1 0 12 0.7 21 0 22 0.8 32 0.8 33 0.6 44 0.5 48 0.8 58 0.5 94 0.8 
1627 48 1 69 0.7 70 0.6 76 1 84 0.5 89 0 90 0.9 
1682 91 0.9 
1700 14 0 50 0.4 52 0.8 58 0.5 75 0 76 0.8 81 1 92 0.9 97 0.5 
1729 11 0.3 34 0.6 55 0.6 63 0.4 71 0.5 81 0.9 
1886 71 0.9 83 1 
1931 6 0.4 24 0.5 52 0.5 61 0.7 71 0.3 
1946 11 0.3 22 0.7 27 0 41 1 56 0.6 78 0.4 87 0.4 
2065 11 0.5 29 0.5 48 0 
2101 8 0.3 25 0.7 32 1 36 1 58 0.7 60 0.8 77 0 96 0.4 
2111 7 0.5 32 0.4 55 0.8 57 1 62 0.6 73 1 
2149 4 0.9 
2177 0 0.4 7 0.4 20 0.9 28 0 30 0.8 75 1 
2251 17 0 
2253 19 0.4 25 0.8 26 0.4 44 0.6 48 0.6 51 0.6 
2586 13 0 14 0 41 0 62 1 70 0 97 0.9 
2922 97 0 
3102 11 0.8 44 1 52 0.4 67 0.8 81 0.3 96 0.9 
3111 2 0.4 16 0.9 28 0 30 0.6 50 0.7 69 0 72 0.5 82 0.4 92 0 
3227 1 0 21 1 29 0.3 52 0 53 0 76 0.5 
3291 19 0 48 0.9 61 0.4 65 0 75 0 84 0.7 87 0 99 0.5 
3321 21 0 37 0.8 62 0.9 65 0 75 1 77 0.9 
3334 4 0 7 0.3 29 0.6 34 0.4 40 0 51 0 63 0.6 81 0.3 92 0.7 97 0.8 
3349 56 1 89 0.6 
3449 43 0.6 53 0.6 59 0.4 73 0.9 
3579 0 0.7 10 0 13 0 18 0 22 0.9 34 0.9 40 0.3 55 0 89 0.9 
3726 66 1 
3834 8 0.6 12 0.8 21 0.8 43 0.5 49 0.7 51 0 55 0 94 0.7 
3861 0 0.4 10 0 12 1 24 0.3 38 0.6 89 0.5 91 0.6 93 0.3 94 0.7 
3938 53 0.3 89 0.5 
3983 6 0.6 13 0 27 0.3 33 0 36 1 42 0.3 63 0 82 0.4 85 0.4 99 0.3 
3994 28 0.6 42 0 45 1 81 1 95 0 
4318 6 0.6 9 0.8 14 0 18 0.3 54 0 60 0 72 0.5 87 0.4 
4578 19 0.7 29 0.5 50 0.7 66 0 84 0.8 
4723 7 0.4 10 0.5 11 1 36 0 38 0.3 44 0 58 0.6 
4730 28 0.5 63 0 
4815 26 0.4 38 1 48 1 52 0 68 0.3 
5149 28 0.9 29 0.8 36 0.6 44 0 53 0.6 68 0 69 0.6 76 0.5 79 0.9 81 1 
5319 95 0.6 
5419 2 0.6 11 0.7 16 0 23 0.8 32 0.7 39 0.7 49 0 53 0.8 54 0 85 0.9 
5661 6 1 20 0.7 31 0.3 36 0.7 55 1 59 0 82 0.9 99 0.4 
5662 4 0.4 6 0 13 0.4 25 1 32 1 60 0 66 0.9 71 0.4 
5763 17 0.8 19 1 30 0.4 34 0 65 0 72 0.3 78 0.7 81 1 
5955 45 0 75 0.6 
6041 0 0.7 12 0.4 37 0 78 0 96 0 
6120 3 0.6 5 0.9 46 0.4 53 0 56 0.9 68 0.8 74 0 91 0.8 93 0.3 
6148 1 0.4 21 0.9 51 0.9 60 0.6 82 0 
6356 28 0.3 49 0.8 80 0.3 
6551 5 0 7 0.3 9 0 39 0.8 58 0 60 1 64 0.3 69 0.5 73 0.9 94 0.7 
6621 16 0.4 25 0 40 0.4 47 0.4 51 0.5 58 0.9 84 0.7 96 1 
6668 5 0.4 9 0 30 0.9 72 0.6 76 0.6 89 0.4 
6695 81 0 
6965 64 0 
7616 12 0.7 30 0.4 31 0.7 32 0 37 0.8 57 1 62 0.4 96 0.7 
7675 1 0 52 0 61 0.6 
7750 49 0.5 
8091 2 0.7 14 0.9 24 0.9 39 0 51 1 57 1 59 0 73 0.8 74 0.6 
8182 25 0.4 53 1 
8496 28 0 50 0.7 83 0.4 93 0.9 
8519 74 0.6 89 0.4 95 0.7 
8592 7 0.6 41 0.5 43 0.3 46 0.3 66 0.5 70 1 72 0 75 0.3 87 1 99 1 
8664 25 0.8 28 0 32 0.3 43 0 50 0 81 0 84 0.5 92 0.6 95 0 96 0 
8838 12 0.6 
9200 18 0.5 42 0.3 55 0 62 0.4 69 0.9 70 0.6 95 0.6 
9237 3 0.9 5 0.9 11 0.9 13 0 29 0.4 34 0.9 63 0.4 83 0.6 92 0.7 97 0.4 
9308 12 0.8 23 0 36 0.8 45 0.6 59 0.5 64 0.3 69 0 78 1 85 0.7 
9456 2 0 12 0.8 44 0.6 63 0.7 
9469 16 0.9 25 0.8 56 1 
9476 3 0 36 0 41 0.3 74 0.5 81 0.6 88 0.7 
9600 33 0.4 37 0 46 0.8 50 0.9 55 0 60 0.8 62 0.3 
9687 33 1 39 0 56 0.8 57 0 58 0.4 70 0.7 86 0.5 90 0 94 0.4 
9705 0 0.7 29 0.7 42 0.9 45 0.8 61 0.5 65 0.6 78 0.3 
9795 4 0.7 11 0 19 0.7 26 0.6 28 0 38 0 72 0 92 0.4 
9819 0 0 2 0.7 6 0.6 26 0.6 37 0 55 0.8 68 0.3 95 1 
9837 27 1 
9952 6 0.9 19 0 28 0.8 30 0.4 43 1 61 0.9 79 0.8 
