100
0 67 1 97 0.8 
72 2 0.5 8 0.6 23 0 33 0 38 0.3 86 0 94 1 
197 36 0.5 54 0 72 0.4 73 0.9 91 0 
309 7 0.7 20 0.8 23 0 37 0.8 48 0.4 61 0.4 64 0 69 0 91 0.5 
379 0 0.9 9 0.7 21 0.9 34 0.3 53 0.3 66 0.4 83 0.3 
407 5 0.3 22 0 34 0.8 38 0.3 42 0 51 0.8 55 0.6 59 0.6 97 0.3 
458 1 0 6 0.3 11 0 27 0 49 0.8 51 0.4 56 0 71 0.6 97 0.7 
517 2 1 6 0.4 18 0.9 19 0 34 0.4 46 0 77 0.6 86 0.9 98 0.4 99 0 
646 5 0.8 21 0 39 0.4 60 0.5 68 1 72 0.6 79 0.6 80 0.5 82 0 97 1 
652 23 0 49 0 51 0.9 59 0 70 0.7 77 0 89 0.5 90 0.7 91 0.6 
775 0 0.8 53 0.9 66 0.9 80 0.5 90 0.7 96 0.8 
832 21 0 46 0.9 54 0.3 
839 0 0.3 4 0.6 21 0.8 23 0.7 27 0.6 77 1 87 0 
1147 37 1 74 0.8 
1320 11 1 16 0.7 61 0.6 
1464 31 0.9 96 0.6 
1522 20 0 27 1 31 0.8 33 0 50 0.8 58 1 69 0.5 
1577 68 0 
1659 26 0.4 
1739 0 0.9 53 0.5 55 0.8 64 0.6 
2214 1 0.6 13 0.7 42 0.3 67 0 68 1 72 0.3 88 0.8 
2257 15 0.4 20 0.8 25 0.9 31 0.4 68 0 80 0.3 94 1 
2278 0 0.8 3 0.5 21 0.4 27 0 57 0.7 78 0.5 82 0.6 
2289 5 0.5 83 1 
2419 14 0 24 0.4 38 0.7 59 0.4 64 0 
2467 48 0.4 
2480 43 0 
2704 19 0.7 23 0.9 31 0 39 0.7 43 0.8 69 0.7 71 0.9 78 0 79 0 
2763 13 0.8 19 0 25 0.8 38 0.4 67 0 72 1 89 0.8 
2832 15 0 26 1 34 0.7 35 0.7 51 0 56 0.7 59 0 75 0 97 0 99 0.5 
2948 19 0.3 45 0 48 0.5 54 0.5 61 0.8 72 0.6 79 0 
2953 35 0.7 
2986 20 0.7 25 0.6 54 0.5 60 0.5 61 0 69 0.7 79 0.4 88 1 91 0.9 96 0 
3048 34 1 82 0.7 
3071 15 0 43 0.6 57 0 60 0.7 62 0 68 1 75 0.6 84 0.9 91 0.5 
3148 55 0.7 
3223 8 0.7 12 0.5 19 0.7 
3224 54 0.4 
3435 6 0.7 
3457 4 1 5 0.4 14 0.6 45 0.7 61 0 66 0 67 0 71 0 72 0.9 
3688 31 0 41 0 66 0.8 97 0.9 
3746 22 0 41 0.6 46 0 92 0.5 
3940 13 0.9 17 0.6 32 0.8 35 0 44 0.3 93 0.3 
3969 10 0.6 22 0 27 0.5 64 0 76 0.7 79 0.9 80 0.9 87 0.7 93 0.3 97 0 
3986 9 0.5 23 0.9 26 0.9 78 1 84 0.8 
4175 0 0 8 0.8 23 1 25 0.4 49 0.5 71 0 73 0 76 0 85 0.5 87 0 
4308 7 0.5 
4362 33 0 40 0.9 51 0 59 0.8 65 0.4 69 0.7 87 0 92 0 98 0.8 
4397 33 0.9 47 0 56 0 
4550 1 0.3 5 0.4 20 0.9 42 0.9 45 0.3 89 0 
4565 0 0.6 22 0.6 40 1 
4757 14 0.5 25 0 28 0 33 0 37 0 40 0.9 53 1 72 0.5 73 0.3 74 0.9 
4970 9 0.3 13 0.9 22 0.7 23 0.7 25 1 31 0.7 53 0 90 0.4 
5050 36 0.5 67 0.9 70 0.6 
5121 12 0.3 31 0.3 44 0.3 46 0.6 53 1 69 1 
5160 5 0.8 13 0.9 42 0.7 44 0.4 52 0.6 57 0.6 61 0.6 67 0.8 77 1 83 0.3 
5284 11 1 46 0.5 70 1 73 0.7 97 0 
5291 41 0.9 48 0.5 51 0 62 0.7 73 0.5 78 0 84 0.6 86 0 
5401 28 1 
5403 3 1 9 0.6 26 0.4 29 0.5 31 1 67 0.6 69 0 87 0 
5498 7 0.6 14 0.8 33 1 36 0 96 0.8 
5517 28 0.6 38 1 58 0.3 60 0.3 71 0.8 89 0.8 97 0.3 
5779 15 0 21 0.9 53 0 56 0.4 62 0.5 94 0 96 0.9 98 0.8 
5910 10 0.5 17 1 37 0 53 0.8 68 0.5 70 0.5 74 1 89 0 
6169 35 0 68 0.4 
6190 0 0.3 15 0 47 0.5 54 0.5 69 0.5 86 0.7 88 0 98 0.8 
6317 4 0.8 12 0 42 0.5 57 1 78 0.9 81 0 
6337 9 0 26 0.4 32 0.7 36 0 43 0.4 66 0 70 0.5 81 0.8 99 0.6 
6403 24 0 26 0.7 29 0 32 0 76 0.6 
6557 16 0 
6605 9 0.8 49 0.9 57 0.4 64 1 80 0.9 82 0.9 83 0.3 92 0.5 
6732 3 0 16 0.5 21 1 32 0.3 50 0.8 65 0.9 92 0 
7026 26 0.7 27 0.8 42 0.4 47 0.6 54 1 58 0.9 82 0 
7426 7 0.9 34 0.4 
7568 15 0 27 1 61 0 96 0.9 
7648 31 0.7 40 0.3 43 0.3 61 0 78 0.3 
7699 29 0.4 78 0.4 82 0.4 
7753 92 0.9 
7870 3 0 28 0 91 0 96 0 
7873 26 0 27 0.7 51 0 57 0.9 60 0.3 78 0.8 79 0.9 80 0.5 85 0 
7886 11 1 42 0 44 0.4 91 0.7 
7913 1 0 45 0.3 75 0 
7978 32 1 50 0.5 55 0.9 66 0 72 0 79 1 95 0.9 
8060 62 0.3 74 0.4 
8154 22 0.9 41 0.4 
8226 41 0 53 0.4 
8300 18 0 33 0.7 41 0.7 43 0.4 70 0.5 73 0.4 84 0 92 0.8 
8589 27 0 
8606 13 0 15 0.7 17 0.7 36 0.5 58 0.5 59 0.8 74 1 80 0.5 94 0 96 0.4 
8810 6 1 45 0.3 68 0 99 0.5 
8875 2 0.4 41 0.9 55 0.5 97 0.7 98 0.3 
8892 25 0.4 37 0 41 1 97 0.8 
8976 7 0.8 22 0.5 86 1 
9042 58 0.5 76 1 
9181 78 0 93 0.7 
9215 18 0.9 26 0.7 36 0 40 0.8 45 0.3 48 0.8 56 0.5 61 0.3 87 0.9 
9539 5 0 21 0.8 48 0.5 62 0.8 65 0 69 0.9 
9823 22 0 28 0.6 64 0.6 
9928 29 0.8 60 0 71 0 82 0.5 94 1 
9956 0 0.7 18 0 24 0.6 31 0.3 33 1 45 0.5 77 0.7 
