100
9 45 0.8 55 0.5 62 0.5 83 0 87 0.3 
238 8 0.7 41 1 42 0.4 44 0.6 51 0.5 63 0.4 79 0.4 98 0 
377 7 0 9 1 85 0 
469 46 1 49 0.3 71 0.6 83 0.7 
648 32 0.4 33 0 44 0.7 48 0.6 67 0.8 73 1 
768 14 0.8 16 0 33 1 34 0.4 38 0 74 0.9 79 0.9 
866 22 0.8 30 0 40 0 44 0.9 59 0.4 65 0.3 70 0.6 73 0.4 
1050 4 0.9 9 0 20 0.9 52 0.9 54 0 85 0.6 
1056 4 0.9 25 0.6 30 0.7 48 0.8 55 1 58 0 62 0.9 71 1 83 1 
1089 2 0.4 6 1 23 0.9 26 0.3 42 0.3 78 0.3 85 0.9 87 0 95 0.8 
1268 6 0.9 25 0 34 0 71 0.5 79 1 86 0.5 
1360 26 0.7 65 1 
1392 26 0 29 0.7 46 0.7 53 0.6 66 0 68 1 77 0.7 81 0.4 93 0.5 
1682 91 0 
1705 12 0 55 0.6 
1725 52 0 55 0 56 0.7 64 0 
1989 31 0 46 0 50 0.6 
2209 13 0.8 
2276 24 0.3 30 0 37 0.8 48 0.9 60 1 67 0.8 82 0.3 93 0.4 
2288 1 0 8 0 54 0 74 0.7 
2428 0 0.9 1 0.3 14 0 19 0.5 36 1 49 0.4 61 0.4 68 0.4 94 0 97 0.3 
2517 11 1 25 1 32 0 37 0 63 0.3 84 0.7 
2606 38 0.4 56 0 
2610 1 0 8 0.5 40 0.9 44 0.5 51 0.4 80 0.4 86 0 
2632 2 0 40 0 47 0.7 67 0 87 0.9 
2743 0 0 10 0.5 15 0 17 0.3 27 0 33 0 40 0 56 0.3 83 0.9 98 0 
2885 43 0.7 82 0 
3041 23 0 29 0.6 69 0.9 75 0.5 
3049 23 0.6 24 0 32 0 59 0.4 81 0.6 83 0.3 
3177 8 0.5 14 0 42 1 45 0.3 65 0.8 94 0.5 99 0 
3189 74 0.9 
3230 25 0 59 0.5 82 0 
3298 38 0 56 0.3 64 0.6 89 0 90 0.7 
3325 3 0.5 10 0 32 0.8 48 0.8 67 1 74 0.3 94 0.4 
3337 15 0 22 0 50 0.9 54 0 62 0 63 0.5 71 0 94 0 97 0.5 
3376 25 0 36 0.6 43 1 62 0 69 0.4 70 0.3 79 0.9 87 0.7 
3397 13 0.7 19 0.8 21 0 26 0 33 1 36 0.6 52 0.4 62 0.5 68 0 
3408 46 0.9 47 0 64 0.4 83 1 88 0.3 97 0.7 99 0 
3487 8 0 60 0 63 0.9 66 1 70 0.3 73 0.9 89 0.5 91 0.5 
3553 15 0.3 25 0.9 29 1 54 0.6 77 0.9 
3571 9 0 46 0 61 0.9 64 0 70 0 79 0.4 89 0.4 
3731 6 0.5 35 0 51 0.5 59 0.5 64 0.8 70 1 87 0.9 94 0.7 
3777 4 0 6 0.9 
4279 1 0 33 1 42 0 76 0.7 91 0.5 
4318 6 0.4 9 0 14 0.9 18 0 54 0 60 0.6 72 0.4 87 0.3 
4336 6 0.3 28 0.7 31 0 54 0.5 64 0.7 67 0.7 89 0 92 0.9 
4367 17 0 37 0 47 0.5 51 0 68 0.9 72 0 85 0.6 89 0 
4825 9 0 22 0 34 0.3 50 0.7 83 0.5 
4875 5 0.6 13 1 19 0 21 0.4 35 0.7 47 0.4 94 1 
4956 6 0 11 0 46 0 65 0.9 96 0 
5048 11 0.3 15 0.6 25 0 30 0.5 31 0 48 0.7 77 0.5 87 0.5 
5062 0 0.4 21 0.5 30 0.4 48 0.3 90 0.3 
5190 39 1 72 0 
5231 22 0.6 38 0 39 0.5 47 0.7 48 0.4 91 0 96 1 
5284 11 0 46 0 70 0.4 73 0.8 97 0 
5315 46 0.7 
5338 0 1 20 0.7 33 0 57 0.7 74 1 89 0.7 
5467 1 1 4 0.8 7 0.5 40 1 43 0.5 48 0 71 0.6 83 0.3 86 0.8 92 0.5 
5712 30 0.9 70 0 97 0 
5780 11 0 14 0 39 0.4 48 0 70 0 85 0.8 86 0.9 97 0.4 
5843 12 0 20 0.5 52 0 53 0.4 69 0 80 0 83 0.7 88 0.4 96 0 99 0.9 
5922 60 0.9 
6006 54 0 
6077 44 0 
6105 20 0 25 0.6 47 0 48 1 69 0 87 0.8 93 0.7 
6161 33 0.4 51 0.8 54 0.3 68 0.8 69 0.6 74 0.7 75 0 77 0.5 80 1 94 0 
6180 3 0 39 0.3 75 0 76 0 84 0.8 96 0 
6306 0 0 49 0.4 97 0.7 
6619 2 0 50 0.5 89 0.7 
6620 2 0 23 0.3 35 0 42 0 69 0 88 0.6 90 0.8 92 0.8 
6778 2 0 3 0 15 0 17 0 28 0.5 34 0 48 0.9 65 0.3 70 0.6 95 0.3 
6789 23 0.7 51 0 92 0.4 
7007 8 0 10 0.7 20 0 80 0.8 
7102 0 0.5 9 0.6 48 0.3 56 0 82 0.6 92 0 94 0.4 
7143 12 0.7 19 0.3 41 0.3 
7148 15 0 23 0.9 27 0.5 64 1 74 0.6 76 0.6 89 0 
7167 29 0 65 0.7 66 1 91 0 94 0 
7227 7 0.6 49 0.4 
7240 1 0 21 0.8 39 0 57 0 61 0.6 63 0 68 0.3 84 0.4 85 1 99 0 
7323 16 0.8 31 0 62 0.9 85 1 86 0.6 91 0.7 
7424 13 0 28 0.6 82 1 
7464 33 0.3 
7520 9 0.3 15 0.7 25 0 44 0.9 88 0 89 1 
7694 41 0 67 0.4 83 1 95 0 
7783 7 0.3 22 1 56 0.7 59 0.6 
7850 23 0.4 32 0.5 44 1 45 0.5 48 0 66 0.6 69 0.7 
7956 53 0.3 
8255 4 0.5 11 0.3 42 0 47 0.6 69 0.8 
8275 92 0.3 
8365 6 0.8 14 0.3 16 0 22 0.8 37 0.6 38 0 62 0 85 0 94 0.9 99 0.6 
8875 2 1 41 0 55 1 97 0 98 0.7 
9160 1 0.5 3 0.6 6 0 19 0.4 36 0.9 37 0 66 0.6 69 0.7 88 0.7 96 0.3 
9185 15 0.4 28 0 32 0.9 34 0.8 64 1 85 0 
9229 7 0.5 12 0 47 0.6 55 0 68 0.6 77 0 80 0.3 96 0.6 
9405 8 0.8 14 0 35 0.9 40 0.6 44 0.9 82 0.7 86 0.6 
9459 9 0 15 0.3 21 0.7 40 0 63 1 64 0.8 79 0.7 
9663 2 0.9 57 0.6 66 0.4 76 0.5 77 0 87 0.5 90 1 
9834 43 0 88 0.8 
9925 10 0.9 58 0.4 
9993 9 0 15 0.3 18 1 27 0 34 0.7 37 0 59 0.4 70 0 99 0.8 
