100
131 6 0.3 11 0.6 16 0.8 25 0.8 28 0.4 41 0.6 91 0.5 
230 6 0.9 19 0.6 49 0.3 53 0.9 76 0 78 0 80 0.8 92 0.8 93 0.6 94 0.8 
267 5 0 23 0.8 37 0 48 0 50 0.5 64 0.8 69 0.8 76 0.3 99 0.9 
458 1 0.7 6 0.8 11 0 27 0.5 49 0.4 51 0 56 0 71 0.6 97 0.6 
519 24 0.7 27 0.7 47 0.8 80 0.7 
540 4 0 5 0.8 27 0.8 34 0.8 45 0.4 87 0.7 92 0.4 93 0.7 94 0.5 99 1 
556 22 0.7 38 0 39 0.5 54 1 60 0.8 63 0.7 76 1 
570 22 0.8 25 0.5 53 0.8 63 1 64 0.7 86 0.3 
617 10 1 18 0.8 32 1 33 0.3 46 0.7 95 0.4 
629 19 0 89 0.8 93 0 
737 36 0.4 43 0.6 46 0.9 59 0.5 69 0 90 0.3 
852 33 0 49 0.4 51 0.3 60 0.8 75 0 77 0.9 78 0 83 0 91 0.8 99 0.5 
880 4 0 5 0 49 0.4 54 0.4 59 0.3 68 0.9 77 0.8 88 0 
882 5 0 29 0.3 65 0.4 
1077 24 0.3 44 0.9 49 0 52 1 65 0 68 1 76 0.5 83 0.9 90 0.3 95 0.5 
1175 0 0 9 0.3 14 0 18 0.7 30 0.6 51 0 80 0.8 82 0.6 
1235 15 0.3 22 0.9 24 1 26 0.5 35 0.9 55 0.4 71 0.9 81 0.6 98 0.4 
1283 0 0.8 6 0.8 52 0.3 55 0.7 63 0.5 96 1 
1347 6 0 13 0 19 0.8 65 0.7 69 0 77 0.6 82 0 84 0.9 86 0.4 90 0 
1589 6 0.4 11 0.5 20 0.6 35 0.7 39 0.5 88 0 89 0.4 99 0.9 
1600 2 0 
1612 22 0.5 24 0.9 28 0.7 30 0.5 56 1 87 0.4 89 0 97 0.7 
1751 3 0.8 17 0 25 0.7 51 0.8 57 0.6 67 0.6 75 0.8 
1783 16 0 18 0.8 32 0 47 0.5 77 0.5 81 0.7 93 0.3 
1830 9 0.4 18 0.3 30 0.5 44 0.6 73 0.5 93 0.4 
1853 65 0.6 87 0.9 
1919 3 0.6 19 0.3 26 0.4 40 0 45 0.4 60 1 61 0.7 
1941 31 0.5 54 0.7 65 0 
2053 9 0.8 14 0.7 15 0.3 42 0 48 0.3 83 0.9 
2191 11 0.7 37 0.3 45 0 
2284 5 0.5 14 0.6 25 0.6 33 0 63 0 71 0.8 72 0.9 83 0.6 
2300 0 0.5 34 0.9 
2302 0 1 25 1 34 1 43 0 64 1 80 1 88 0.7 
2712 23 0.8 36 0 47 0.5 53 0.4 66 0 67 0.4 73 0 
2781 2 0 57 0.4 62 0 66 0.9 87 0.3 91 0.8 92 0 96 0.4 
2801 7 1 12 0.8 58 0.4 64 1 74 0.4 81 0.4 
3346 3 0.3 15 0.4 47 0 48 0 75 0.9 95 0.5 
3399 21 0.5 29 0 38 0.4 
3438 38 0 41 0 54 0.6 97 0.9 
3628 11 1 34 0.8 40 0.3 43 0.9 53 0.6 63 0.9 77 0.8 81 0.4 82 0 97 0.6 
3908 80 0.9 85 0.7 
3990 1 0 9 1 41 0.6 50 0.4 73 0.7 80 0.8 95 0.7 
4100 10 1 35 1 36 0.8 50 0.4 80 0.7 92 1 
4171 10 0.7 22 0 38 0.4 52 0.7 53 0.3 60 0.3 72 0.9 80 0 81 0 91 0.3 
4196 4 0 23 1 26 0.3 65 0.6 82 0.7 85 0.4 88 0.7 93 1 94 0.6 
4213 4 0 27 0.5 36 0 53 0 58 0.9 93 0.3 
4357 4 0.5 17 0.6 25 0.5 39 0.4 40 0 75 0.4 86 0 92 0.3 
4431 43 0.5 72 0.9 73 0.5 78 0 85 0.8 90 0.4 
4749 3 0.7 9 0 33 0.3 34 0.7 40 0.6 55 0 66 0.9 78 1 90 0.3 96 0.5 
4772 17 1 37 0.4 38 1 57 0.9 
4865 6 0.7 8 0 23 0.9 31 0 35 0.3 94 1 96 0 
4960 1 0.6 8 0.7 19 0 24 0 34 0 69 0.6 76 0 96 1 
4971 28 0.9 45 0 54 0.8 61 0 65 1 
5238 1 0.7 2 0 5 0 65 0 
5369 15 0 32 0.6 34 0.9 41 0 71 0.3 72 0.6 
5417 5 0.5 10 0 12 0 23 0.4 28 0.9 48 0.4 60 0 
5445 23 0 26 0.4 47 0.7 61 0.7 64 0.3 75 0 
5488 19 0.3 48 0.7 78 0 
5509 4 0.7 5 0.8 16 1 30 0.5 46 0.6 52 0.4 61 0.6 70 0.4 79 0.4 88 0 
5525 2 0.4 23 0 41 0 51 0.9 69 0 79 1 
5623 20 0.7 47 0 91 0.9 
5709 7 0.3 9 0.9 70 0.8 
5798 29 1 54 0.4 57 0 61 0.6 91 0.7 
5933 36 0.6 50 0.6 87 0.3 89 0 
6145 0 0 10 0.7 11 0 18 0.5 24 0 26 0.6 29 0.8 39 0.7 76 1 
6152 22 0.9 23 1 26 0.3 36 0 60 1 65 0 89 0.7 90 0 
6207 22 1 35 0.9 
6234 38 0.6 
6335 38 0.9 48 0.6 54 0 59 0.5 62 0.4 64 0.7 80 0.3 83 0.5 87 0.6 88 0 
6401 50 0 70 0 82 0 
6466 33 0 44 1 51 0 63 0 85 0.8 99 0.4 
6468 19 0.3 29 0.5 51 0 54 0 59 0 71 0.4 79 0.3 
6480 24 0 52 0.5 56 0.8 71 1 
6498 9 0.6 31 0.3 32 1 37 0.9 41 0.7 53 0 59 0.5 60 0.6 84 0.9 99 1 
6516 4 0.5 
6711 19 0.3 32 0.4 
6922 10 0 11 0.7 29 1 39 0.8 46 0.9 60 0.4 71 0.4 75 0.8 84 0.4 
6933 11 0.3 42 0.6 51 0.9 
6988 1 0 9 0.4 14 0.6 16 0 47 0 57 0.8 90 0.9 
7027 75 0 77 0.5 87 0.3 
7041 4 0 7 0 9 0.8 32 1 38 1 45 0.3 53 0.9 83 0.4 88 0 
7050 28 1 54 0 86 1 
7124 3 0 22 0.8 26 0.8 43 0.4 54 1 63 0 67 0.4 91 0.6 95 0 
7276 89 0.3 
7327 14 0 21 0.3 27 0.3 72 0.6 83 0.3 84 0 95 0 97 0.3 
7347 41 0.7 94 1 
7463 32 0 38 0 
7740 29 0.9 97 0.8 99 0.8 
7775 10 0.3 40 0 69 0.9 
8062 9 0.9 46 0.4 56 0.4 77 0.4 83 0.7 91 0.9 
8265 8 0.3 69 0.9 
8495 3 0 
8757 26 0.9 67 0 96 1 
8893 47 0.5 85 0.3 
8943 10 0.8 13 0.6 14 0.7 28 0 42 0.6 57 0.3 71 0.7 78 0 85 0.5 90 0 
9195 0 0.6 7 0.7 9 0.8 10 0.5 
9576 1 1 3 0.9 9 0.4 12 0.7 30 0.3 66 0.4 81 1 82 0.5 
9734 9 0.8 73 0.4 
9739 26 0.9 32 0.5 50 0 51 0 56 0.9 57 0 61 0.8 86 0.6 87 0.3 93 0.3 
9808 67 1 83 0.3 
