100
135 52 0.3 57 0.9 66 0.4 88 1 93 0.5 
181 21 0 30 0.7 33 1 61 0 79 1 82 0.4 
185 9 0 13 1 17 0.6 19 0.4 30 0.9 32 0.3 35 0 58 1 83 0 88 0.8 
361 11 0 17 0.5 22 1 28 0.8 60 0.7 87 0 90 0 95 0.3 
484 35 0.4 49 0.7 52 1 81 0 95 1 
550 36 0.4 64 0.6 86 1 
618 1 0.8 10 0.5 47 0.8 
666 25 0 26 0.6 45 0 50 0 78 0.8 89 0 
681 13 0.5 21 0.6 29 0.6 47 0.6 83 0 87 0.7 95 0.7 99 0.5 
708 0 0.9 50 0.5 56 0.6 64 0.6 90 0.6 
766 3 0.9 22 0.7 45 0 60 1 69 0 70 0.8 78 0 84 0 94 0.8 
910 13 0.6 15 0.6 49 0.5 58 0.5 60 0.3 69 0.7 74 0.8 
1070 32 0.6 39 0 48 0 49 0.3 58 0.7 65 0.5 84 0.8 91 0 
1163 23 0 71 0 79 0 
1202 2 0 9 0.8 15 0.5 18 0.5 34 0 75 1 76 0.5 77 0.6 93 0.5 
1261 68 0.9 77 0.5 92 0.7 
1345 0 0.7 2 0.4 7 0.9 11 0.7 15 0 21 0.7 23 0 50 0 62 0.6 95 0.5 
1369 10 0.3 41 0.5 45 0.5 49 0.9 78 0 79 0.8 87 0.6 88 0.9 
1437 27 0.5 28 0.9 41 0.5 48 0.5 67 0.6 98 0.5 
1487 2 0.9 5 0.3 14 1 36 0.4 50 0.6 55 0.3 57 0 74 0.4 82 0.8 97 0.7 
1524 3 0.5 51 0.6 63 0 64 0 91 0.8 
1537 13 0.3 21 0.8 26 0.8 34 0 38 0.6 75 0.7 82 1 83 0.6 87 0.9 94 1 
1696 5 0.3 16 0.9 25 0 33 0.8 41 0.7 55 0 64 1 83 0 
1829 2 0.8 20 0 26 0 44 1 49 0 74 0.5 86 0 87 0.3 88 0.3 99 0.4 
2088 6 0.6 12 0 21 0.9 28 0 31 0.5 44 0 61 0 73 1 
2093 6 0.4 61 0 82 0.9 96 0.3 
2117 49 0.5 53 0.4 
2196 77 0 
2215 61 0.7 
2230 3 1 56 0.8 99 0.9 
2431 33 0.4 76 0 79 0 91 0 92 0 
2578 17 0 94 0.6 
2648 10 1 30 0.9 39 0.4 46 0.6 51 0.5 66 0.5 76 0.8 80 0 
2702 9 0 56 0.6 67 0 72 0 79 0.5 80 0 95 1 99 0.3 
2730 29 0.3 53 0.8 
2827 12 0.7 13 0.5 36 0.5 43 0.3 47 0.5 48 0 70 0 71 0 86 0 87 0.5 
2863 47 0 70 0.7 88 0.8 
2893 6 0 60 0.3 97 0.5 
3080 11 0 22 1 31 0 32 0.7 42 0.9 48 0.7 63 1 67 0 70 0 85 0.8 
3097 68 0.6 
3172 20 0.9 24 0.7 
3398 26 1 39 1 
3433 87 0 
3719 49 0.3 78 0 
3979 6 0.9 15 0.3 24 0 29 0 59 0.8 63 0.3 73 0.4 78 0 
4033 4 0.9 15 1 25 0 
4047 4 0 9 0.6 15 0.5 25 0 33 0.8 68 0.8 70 0 79 0.3 86 0.9 87 0 
4112 15 0 18 0.7 23 0.3 40 0 54 0.8 69 0.9 76 0.3 78 0.8 
4295 4 0.4 30 0.5 52 1 56 0.7 63 0.5 75 0.3 79 1 81 1 
4331 7 0 8 0.3 32 0.6 43 0.6 52 0.5 59 0.3 71 0.9 72 0.3 81 0.5 
4338 54 0 55 0 62 0.6 78 1 79 0.3 80 1 
4548 30 0.8 71 0 99 0.8 
4578 19 0.8 29 1 50 0.4 66 0.6 84 1 
4836 4 0 30 0 34 0.8 39 0.8 49 0.4 54 0.4 68 0.9 95 0 
4934 17 0 22 1 23 0 29 0.4 60 0.4 86 0 
5196 10 0 59 0.6 
5301 1 0.9 34 0.8 96 0.5 98 0.6 
5407 1 0.4 14 0.4 20 0.9 52 1 
5502 41 0.7 52 0.6 76 0 77 0.7 83 0.8 
5527 60 0.6 72 0.5 
5558 0 0.7 25 1 30 1 38 0.8 39 0.5 56 0 63 1 71 1 
5717 1 0 17 1 21 0.8 80 0.8 98 0.6 99 0.9 
5912 50 0.3 53 0.4 67 0 
6129 12 0.7 13 0 26 0 30 0 48 1 63 0 74 0.4 
6145 0 0.8 10 0.8 11 1 18 0 24 0.5 26 0 29 1 39 1 76 0.9 
6147 6 0.6 19 0.9 27 0.3 29 0 33 0 34 0 40 0.7 48 0.9 
6611 11 0 13 0 25 0.7 33 0.5 47 0.6 58 0 67 0.3 73 0.6 96 1 97 0.9 
6716 13 0.4 19 0.4 29 0.9 46 0 53 0.4 54 0 58 0.9 71 0 81 0.8 85 0.5 
6767 20 0.6 24 0.4 27 0 36 0.7 49 0 
6852 13 1 16 0.4 22 0 56 0.9 72 0.7 83 0.6 
6993 16 0 17 0 44 0.7 47 0.9 48 0.9 52 0 61 0 67 0.7 85 0.7 
7296 71 0.3 
7332 14 0 28 0 60 0.8 67 0 72 0.4 95 1 
7541 3 0.5 61 0.9 
7581 5 0.8 40 0.3 57 0 
7744 8 0.9 22 0.9 29 0 41 0.3 48 0.4 71 0 78 0.6 86 0.3 90 0.3 98 1 
7754 8 0 13 0.3 17 0.6 52 0.8 53 0.6 60 1 68 0 76 0.8 91 0.4 98 1 
7865 7 0.8 14 0.7 28 0.6 38 0.3 
7943 61 0 
8115 4 0.4 12 0.7 15 0.4 19 0.4 20 1 39 0 44 0.6 58 0.5 70 0.4 83 0 
8141 42 1 43 0.5 53 0.5 66 0 90 0 
8148 11 0.8 13 0 27 0.6 33 0.8 39 0 45 0 46 0.5 49 0.8 66 0 74 0.9 
8171 7 1 10 0.7 12 0.8 19 0.6 37 0.5 54 0.4 57 1 72 0.9 85 0.3 88 1 
8326 46 0.5 58 0.3 
8333 5 0.5 9 0.5 24 0 29 0 34 0.8 39 0.3 51 0.8 71 0.4 84 0 91 0.9 
8421 8 0.4 40 0.4 41 0.7 60 0.7 87 1 95 0.8 
8456 1 0 10 0.3 19 0.7 22 0.7 32 0.5 77 0.3 78 0.4 
8917 6 0.5 10 0 51 0.8 82 0.9 83 0.7 87 0.9 
9052 11 0.5 78 0.5 97 0.4 
9092 1 0.4 5 0 33 1 49 0.5 50 1 63 1 71 0.7 
9144 2 0.3 7 1 42 0.4 48 0.3 74 0.3 84 0 91 0 96 0.8 
9178 45 0 67 0 
9181 78 0.8 93 0 
9269 5 0.6 10 0.9 12 0.8 51 0 93 1 
9361 37 0.6 49 0.6 88 0.6 
9400 18 0.9 71 0.4 84 0.7 
9422 15 0.5 36 0.9 37 1 55 0 73 0.9 
9431 22 0.5 69 0.4 70 0.7 81 0.5 92 0.5 93 0.3 
9666 60 0 88 0.6 
9998 48 0.3 49 0 
