100
87 10 1 54 0 59 0 62 0.5 69 0 71 0.6 72 0 92 0 
89 56 0.6 96 0 97 0.5 
159 0 0 11 0.9 15 0.6 17 0 18 0.4 22 0.6 64 0.6 75 0.8 90 0 96 0.3 
273 94 0 
312 95 0.3 
366 8 0.3 26 0.8 31 0 65 0.8 71 0.7 76 0.3 99 0 
449 14 1 19 0.3 27 0 33 0.9 40 0.5 48 1 53 0 84 1 86 0.6 
527 36 0.7 50 1 65 0.6 80 0.5 
557 50 0.3 86 0.6 
564 10 0.3 11 0.9 22 0.8 49 0.6 53 0 65 0.5 87 0.7 89 0.6 94 0 
658 5 0.4 23 0.9 35 0.8 48 0 75 0.5 
674 91 0.5 
854 1 0.6 8 0 25 0.9 26 0 37 0.6 51 0.8 74 0.3 89 1 
1173 51 0.3 
1520 78 0 81 0.4 84 0.7 85 0.3 91 0.7 
1629 31 0.5 76 0.8 79 0 
1679 0 0.4 10 0.8 27 0.9 45 0.4 57 0.8 59 0.6 83 0 
1860 11 0.8 12 0.8 13 0.3 19 0 21 0 57 1 74 0.5 95 0.6 
1869 2 0 13 0 16 0.5 17 0 25 0.6 26 0 27 1 49 0.9 70 0.3 91 0 
1952 12 0.4 16 0.8 19 0 74 0 84 0.5 88 0 
2036 8 0 34 1 68 0 83 0.7 
2044 19 0.6 26 1 63 0 71 0.9 90 0.6 
2108 0 0.3 29 0.7 42 0.3 46 0 85 0.4 
2116 12 0 42 0.3 62 0 79 0.6 
2118 4 0 
2190 0 0.5 11 0.5 28 0.4 37 0.8 69 0.6 79 0.5 80 0.7 
2249 18 0.7 
2531 22 0 24 0.4 36 0.4 43 0.3 64 0.5 
2599 0 0.3 26 0.8 46 0.5 53 0.9 73 0 79 0.8 80 0.8 90 1 
2674 8 0.9 17 0.5 78 0.3 84 0 90 0.6 98 0.8 
2850 0 1 79 0.4 
2902 1 0.6 17 0.5 18 0.5 24 0 27 0.8 50 0.5 57 1 79 0 
2915 3 0.7 62 0.9 91 0.8 
2969 5 0.4 21 0.5 
3051 32 0 45 0.9 47 0 50 0.9 67 0.4 88 0.8 96 0.7 
3125 39 0 51 0 56 0.3 59 0 61 0.8 64 0.6 70 0 78 0.6 90 0.5 
3295 4 0.4 26 0 29 0 37 0 45 0.3 48 0.9 54 0 72 0.8 83 0.4 
3469 4 0.4 11 0.7 16 0.5 23 0 44 0.3 64 0.6 77 0.7 83 0 91 0.6 
3480 5 0.5 
3850 11 0.7 16 1 44 0.4 56 1 88 0 
4168 23 0.9 25 0.7 40 0 45 1 52 0 55 1 56 0 98 0.8 
4174 21 0 24 0 25 0.3 34 0.4 39 0.5 40 0.7 65 0 74 0 86 0.4 87 1 
4178 20 0 47 0.9 70 0.7 
4253 6 0.6 11 1 26 0.8 32 0 54 0 57 0.7 75 0.8 
4644 36 0.4 56 0.9 
4653 52 0.5 57 0.8 70 1 
4655 24 0.8 55 0.7 60 1 
4681 23 0.4 30 0.5 75 0.8 79 0.3 
4718 11 0.9 15 0.5 55 0 64 0.6 74 0 86 0.6 93 0.3 98 0.7 
4819 22 0.9 48 0.5 52 0 64 0.5 
4886 4 0.5 40 0 94 0.8 
4936 20 1 24 0.9 29 0.4 41 0.7 45 0.4 59 0.7 60 0 75 0 
4944 5 0 22 0.7 24 0 39 0.5 47 0.7 59 0.5 66 0.9 82 0.9 89 0.4 93 0.6 
5057 41 0.4 
5225 10 0 15 0.3 16 0.9 23 0.8 38 0 73 0 81 0.3 90 0.3 94 0 95 0.7 
5537 57 0.6 
5585 2 0.8 
5689 11 0.3 23 0.3 38 0.4 47 0.8 
5719 7 0 12 0.9 28 0.8 38 0.5 41 0.8 52 0.5 53 0.7 83 0 
5978 43 0 48 0.6 61 0.6 62 0.7 79 0.6 89 0 
6213 0 0.5 33 0.8 
6237 22 0.5 67 1 72 0.4 
6243 5 0.9 7 0.5 14 0 26 0.9 62 0.9 64 0.6 70 0 71 0 82 0.8 91 0.6 
6326 39 0 60 0.7 82 0 84 0.5 
6330 49 0.5 
6362 47 0 50 0.8 56 0 57 0.3 60 0.6 65 0 82 0 84 0.9 
6519 15 0.8 16 0.7 28 0 73 0 82 0.4 98 0.8 
6556 1 0.9 27 0.4 65 0.7 99 0.5 
6717 9 0 18 0.8 22 0.4 27 0.4 34 0.6 39 0.5 61 0 69 0.5 88 0.9 
6775 12 1 50 0.5 65 0.4 92 0.4 
7020 8 0.8 13 0.6 23 0.7 47 0.9 53 0 58 0.4 64 0.3 
7045 23 0.3 45 0.4 46 0.7 51 0 64 0.4 70 0.3 74 0.9 
7346 17 0.7 47 0.4 52 0.3 59 0.9 86 0 
7445 5 0 38 0.3 45 0.5 51 0 57 0.7 60 0.8 65 0.9 79 0 86 0 
7526 7 1 24 1 25 0 52 0.7 70 0 
7537 2 0.5 3 1 
7538 38 1 53 0.4 54 0.3 67 0.6 68 0 70 0.3 83 0 85 0.9 90 0.8 
7656 7 0.6 13 1 18 0.6 33 0.5 50 0.6 54 0.6 75 0.8 77 0.6 92 0.8 98 0.4 
7719 44 0.6 66 0 85 0.5 
7847 60 0.8 65 0.5 
7849 50 0.5 63 0.9 74 0.3 85 0.7 
7910 35 0.6 56 0.8 
8048 34 0 36 1 40 0.8 47 0 83 0.7 
8199 0 0.9 8 1 40 0.7 77 0.8 83 0.4 
8513 31 1 
8572 17 0.4 29 0.8 45 0.3 59 0.3 62 0 83 0 88 0.9 90 0.9 
8638 47 0.4 68 0 71 0.8 84 0 91 0 92 1 
8656 6 0.5 27 1 35 0.4 51 0.3 58 0.6 61 0.7 
8816 14 0.7 36 0.6 45 0.9 
8895 62 0 77 0.9 81 0 
8952 5 0.8 43 0.6 51 0 
9034 23 0 88 0 
9121 34 0.3 63 0.5 
9142 12 1 14 0.7 26 0 38 0 48 0.8 59 0 81 0.8 91 0.5 95 0 
9329 5 0 15 1 25 0 50 0.7 55 0.9 77 0.7 83 0 85 0.5 86 0.9 95 0.4 
9336 8 0 25 0.6 48 1 59 0.6 71 0.5 72 0.6 89 0.7 99 0 
9374 14 0.5 67 0.3 
9409 8 0.6 61 0.6 71 0.7 77 0.9 82 0.3 87 0 
9520 19 0.5 33 0.3 50 0.6 69 0.7 82 0.6 
9822 31 0.4 34 0.4 46 0.7 83 0 88 0.6 
