100
24 86 0.6 88 0.6 
133 41 0.9 
157 49 1 73 0.8 92 0.5 95 0.5 
272 1 0 20 0 24 0.3 45 0.6 48 0 70 0.4 79 0.9 93 0.6 94 1 
300 2 1 46 0.5 63 0.7 65 0.4 72 0 
330 32 0.8 34 0.7 57 0.6 72 1 
376 17 0.6 28 0 45 0.6 82 0 
680 30 0.5 44 0 51 0.4 53 0.3 57 0 72 0 
697 37 0.6 57 1 
711 3 0 19 0 31 0 51 0.5 56 0 71 0 72 0.4 76 0.9 85 0.3 93 0 
735 46 0 83 0 98 0.8 
748 17 0 19 0.5 52 0 58 0.6 74 0 84 0.3 93 0.4 97 0 99 0.4 
922 68 0.7 88 0.8 94 0.7 
1022 72 0.7 
1248 6 0 45 0.3 56 0.9 62 0 69 0.7 73 0 80 0.4 83 0.8 87 0.7 88 0.4 
1260 5 0.8 46 0.3 
1551 3 0.4 25 0 37 0 45 0.8 65 0 78 0.4 
1634 63 0.4 87 1 
1645 32 0.5 
1687 36 0 
2060 3 0 13 0.3 19 0 29 0.7 34 0.8 67 0 70 0.7 89 1 
2078 5 0.4 67 0.6 75 0 98 0.5 
2181 14 0.8 24 0.6 36 0 45 1 72 1 92 0.8 97 0 
2222 1 0.7 12 0.6 54 0.4 57 0.3 66 0 76 0 82 0.6 85 0.3 99 1 
2245 38 0.3 62 0.6 64 0 80 0 
2302 0 0 25 0.7 34 0.5 43 0.9 64 0.9 80 0.6 88 0 
2357 24 0 56 0.5 59 0.8 68 0.7 
2415 4 0.3 6 0.5 14 0 19 0.3 20 0.8 79 0.9 80 0 98 0.7 
2419 14 0.3 24 0.9 38 0 59 0.5 64 0.5 
2432 1 0.9 19 0 21 0.7 24 0.9 41 0.5 44 0 47 0 49 0.6 76 0.4 98 0.8 
2587 16 0.9 52 0.7 59 0.9 
2611 36 0 44 0 80 1 
2685 17 0.5 
2783 3 0 26 0.4 68 0.8 76 0.7 93 0.8 
2825 88 0 
2881 34 1 
3051 32 0 45 0.4 47 0.6 50 0.3 67 0.8 88 0.3 96 0 
3077 6 0.5 
3109 8 0.8 9 0.9 31 0.9 52 0 80 0.7 88 0.8 95 0 
3165 9 1 11 0.6 57 0.9 
3190 20 0.6 27 0.8 35 0 38 1 40 0 44 0 76 0.8 83 0.6 88 1 99 0 
3421 3 0.8 4 0.9 16 1 46 0.4 57 0 67 0 80 0 87 0 88 1 94 0.8 
3490 37 0.9 71 1 
3609 0 0 5 0.9 8 1 15 0 18 0.6 30 0.7 69 0.6 86 0.7 
3709 5 0.9 16 0.4 40 0.7 54 0 55 0.5 71 0.3 90 0.6 
3915 21 0 59 0.5 62 0 77 0.8 81 1 96 0 
4186 7 0.3 18 0 41 0.8 51 0.5 71 0 72 0.8 78 0 80 0.4 82 0 94 1 
4211 24 0.9 35 0.3 38 0 39 0.7 51 0 58 0.5 70 1 87 0 95 0.6 
4350 99 0.6 
4384 0 0.6 26 0.8 40 0 94 0 
4460 11 0.6 36 0 39 1 64 0.8 65 0 67 0 82 0.5 93 0.8 
4704 78 0 
4788 24 0 45 0.5 58 0.7 
4804 28 0.7 36 0 44 0.4 64 0.6 73 0 99 0 
4908 27 0 28 1 32 0.7 44 0.4 45 0.3 54 1 80 0.7 
5096 2 0 6 0.6 8 0.8 11 0.8 19 0.7 23 0.8 38 0.8 44 1 
5260 11 0 39 0 44 0.5 48 0 73 0.3 85 0.9 90 0.9 95 0.8 
5271 29 0.5 41 0.5 82 0.3 
5422 14 0.5 61 1 
5730 0 1 13 0 15 0.5 24 0 35 0.7 54 0 72 0.8 78 0 88 0 95 0.9 
5809 5 0.9 11 0 16 0.9 24 0.3 61 0 74 0.3 77 0 82 0 89 0.4 
5851 3 0.9 53 0.5 55 0.3 74 0 75 0.8 78 0 96 1 
5908 6 1 26 1 45 0.6 46 0.8 79 1 80 0.9 
5936 70 0.8 96 1 
6046 13 1 52 0.7 58 0.6 97 0.4 
6089 15 0 33 0 41 0 54 0.3 56 0.6 73 0.9 79 0.9 96 1 
6106 5 0 6 1 8 0.7 11 0 16 0 22 0.6 74 0 91 1 
6131 8 0.4 14 0.4 23 0 36 1 44 0.8 64 0 98 0.5 
6317 4 0 12 0.6 42 0.8 57 0.6 78 0.6 81 1 
6492 8 0.7 
6598 10 0 29 0.3 30 0.9 39 0.9 41 0.6 51 0 56 0.9 61 0 
6644 14 0 22 0.3 33 0.9 79 0.5 84 0.8 85 0.8 
6724 11 0.4 20 0.7 31 1 36 0.9 44 0 66 0.4 68 0 94 0 
6858 8 0 13 0.9 16 0.3 17 0.4 19 0.9 54 0.6 82 0.9 
6883 3 0.7 65 0 
6912 77 0 
7013 15 0.9 27 0 44 0.8 51 0.8 72 1 99 0 
7467 2 0.5 5 1 46 0.8 50 0.9 74 0.5 79 0.5 96 0.6 97 0.7 99 0 
7599 11 0.8 41 0.4 50 0 54 0.6 62 1 63 0 64 0 69 0 90 0 98 0 
7799 3 0.6 39 0 46 0.4 54 0.6 67 0.3 70 0 94 0 98 0.5 
8042 17 0.3 20 1 47 0.3 52 0.3 62 0.8 69 0.6 72 0 89 0.7 
8079 8 1 11 0 27 0.9 55 0.6 62 0 83 0.4 94 0.5 
8237 11 0.5 13 1 52 0.9 69 0.5 77 0.4 
8352 39 1 
8604 67 0.7 70 1 73 0.3 85 0.3 86 0.9 91 0 99 1 
8610 6 0.9 15 0.6 45 0.8 95 0 
8709 5 0.6 8 0 26 0.4 28 0.6 44 0.4 82 1 84 0.8 95 0 
8763 48 0.5 54 0.9 68 0.3 80 0.6 87 0.8 96 0.3 
8820 30 0.6 43 0.7 
8823 0 0.5 20 0.9 40 0.4 64 0 75 0.7 79 0.4 
9066 12 0.6 14 0.6 18 0 21 0.3 22 0.6 47 0 78 0 90 0.7 98 0.5 
9473 46 0.9 49 0 52 0 72 0.4 90 0.9 
9489 23 0 42 0.3 50 0 65 0.5 
9673 8 0.8 20 0.7 49 0 61 0.4 65 0.6 84 0.6 
9691 10 0.8 13 0 14 0.4 16 0 36 0.5 43 0.7 52 0 85 0.3 87 1 
9789 13 0.9 48 0.5 96 0.8 97 0.3 
9797 8 0.7 9 0 21 0 24 0.3 40 0 70 0.3 79 1 
9876 19 0.6 21 0.9 24 0 44 0.9 52 0 56 0.8 73 0.3 82 0 83 0.3 87 0.3 
9889 6 0.5 16 0.5 27 0.9 57 0 59 0 93 1 
9903 6 1 64 0.4 65 0 68 0 70 0.6 79 0 
