100
91 14 0 57 0.7 90 0.6 
282 0 1 10 0.3 58 1 61 0 83 0.8 92 0.9 96 0.9 99 0.8 
367 12 0.9 38 0 40 1 57 0.6 84 0 94 0.7 
448 18 0.8 20 0.7 23 0.4 33 1 40 0.8 67 1 82 1 
498 5 0 7 0.5 17 0 31 0.8 55 0.5 75 0 79 0.7 
600 1 0.6 22 1 43 0.7 56 0 
691 3 0.4 4 0.6 7 0.6 40 0.4 69 0.8 84 0 93 1 
754 7 0.6 10 0.9 29 0.8 54 0 63 0.6 93 1 97 0.3 
763 16 0 17 1 19 0 26 0.6 34 0.4 43 0.6 55 0.4 68 0.8 92 0 
848 40 1 62 0.8 68 1 70 0 74 0 76 1 79 0 93 0.9 95 0 
876 0 0.6 2 0 10 0 31 0.8 40 0.5 51 0.3 65 0.5 71 0 83 0.8 
948 5 0.5 8 0.3 22 0.4 23 0.6 27 0.9 87 0.9 89 0.3 96 0.8 
1032 8 1 11 0.7 35 0 38 0.6 41 1 49 0.3 59 0.6 73 0.6 85 0.5 86 0.7 
1178 23 0 96 0 
1345 0 0 2 0.9 7 0.7 11 0 15 1 21 1 23 0 50 0 62 0.7 95 0.7 
1410 0 0.8 74 0.4 86 0 
1529 39 0.9 88 0.6 
1707 15 0.7 32 0.4 40 0.9 41 0.6 44 0.6 68 0.6 74 0 89 0 99 0.8 
1752 4 0 26 0.3 52 0.3 58 0.3 83 0.9 96 0.6 
1828 1 1 10 0.3 27 0.3 42 0 87 1 92 0.6 
1850 4 0 12 0.8 34 0.4 38 0.5 48 0.9 59 0.3 61 0.5 74 0.7 87 0.3 
2014 8 0.8 10 0.6 27 0.8 32 0.4 41 0.4 49 0.8 64 0.7 82 0 89 0.5 95 0.8 
2165 3 0 24 0.5 28 0 
2196 77 0.8 
2202 47 0.8 
2257 15 0 20 0.3 25 0.3 31 0 68 0.5 80 0.9 94 0 
2314 6 0.6 9 0.5 52 1 62 0 
2333 1 0.6 35 0 78 0 84 0.8 
2401 2 0.6 41 0.3 57 1 81 0.9 83 0.8 
2468 9 0.9 46 1 75 0.8 
2522 22 0 48 0.7 
2536 58 0 65 0 74 0.7 81 0.3 
2554 0 0.4 41 1 57 1 85 0 
2720 55 0.9 86 0.8 
2760 59 0.7 
2829 7 0.7 
3181 37 0.9 65 0.9 78 0.7 
3196 16 0.4 25 0.8 29 0.3 36 0 82 0.6 85 0.3 91 1 
3216 62 0 67 0 69 0.9 70 0.3 89 0.9 91 0.4 97 0.4 
3291 19 0.5 48 0.8 61 0.7 65 0.6 75 0.5 84 0.5 87 0 99 0.5 
3300 4 0 7 0.7 26 0 31 0.4 55 1 70 0.6 96 0.3 
3519 5 0.7 14 0.6 36 0 
3660 3 0 13 0.3 25 0.8 
3842 4 1 18 0.5 26 0 
3931 30 0 32 0.8 35 0.8 44 1 96 1 
3979 6 0 15 0.5 24 0.6 29 0.7 59 0.7 63 0.5 73 1 78 0 
4130 7 1 18 0.5 20 0.6 23 0.7 27 0.8 29 0.5 38 0 74 0.4 95 0.8 
4145 10 0.6 19 0.9 30 0.5 70 0.8 81 0.9 83 0 97 0 
4181 15 1 28 0 34 0.7 50 0.7 
4262 56 0.9 70 0.7 
4320 27 1 29 0.8 31 0.8 49 0.9 56 0.7 80 0.5 90 0.9 
4345 3 0 38 0.4 
4503 60 0 
4771 26 0.7 43 1 47 0.5 50 1 51 0 62 0 85 0 
4870 17 0 25 0 52 0 54 0 66 0 67 0.9 72 0 81 0.7 83 0.3 
4961 1 1 16 0.9 18 0 35 0 39 0.8 40 0 57 0.8 59 0 89 0.6 91 0 
4979 7 0 56 0.8 77 0 96 0.8 
5015 2 0.7 22 0.7 49 0 62 0.4 75 1 79 0 80 0.5 87 0.8 
5042 1 0.4 21 0.6 29 0 80 1 97 0.3 
5090 10 0 18 0.6 29 0.7 31 1 39 0.4 65 0.5 93 0.3 98 0 
5519 1 0.4 3 0.6 25 0.5 31 0.7 42 1 47 0.7 55 1 78 0.3 
5574 3 0.4 18 0.4 20 0 38 0 48 0.3 61 1 63 0.4 90 1 
5822 11 0.9 46 0.6 69 0.7 85 0.7 99 0 
5838 14 0.9 22 0 25 0.9 30 0.7 47 0.6 49 0 66 1 69 0.8 73 0.6 75 0 
5910 10 0.9 17 0 37 0.8 53 0.5 68 0.9 70 0 74 0.9 89 0.4 
5934 93 0.3 
6043 26 0.7 31 0.5 43 0.8 51 0 64 0 67 0 77 0 78 0.7 91 0 
6047 35 0 37 0.6 84 0.9 
6068 5 0 12 0.7 81 0 85 0 
6577 52 0 59 0.3 60 0.8 82 0 
6682 0 0.4 7 0.5 80 0 86 0.7 
6703 2 0.7 31 0.3 64 0.6 93 0 
6755 28 0 
6876 5 0 20 0.5 33 0 43 0 64 0.4 75 0.7 81 0.3 
7219 2 0.4 10 0.6 58 0.3 66 0.6 75 0.3 83 1 
7354 42 0 44 0.6 60 1 64 0.4 65 1 67 0.7 71 0.8 74 0.7 87 0.8 91 0.8 
7488 8 0.6 17 0.3 35 1 83 0 96 0 
7502 55 0.6 87 0.7 
7509 2 0 12 0 39 0.5 43 0 78 0.8 
7565 8 1 36 0.8 57 0.4 76 0.7 80 0.8 84 0.4 86 0.4 
7706 12 0.6 16 0 27 0.7 69 0 71 0.3 
7792 10 1 23 0.6 38 0 46 0.4 49 0.3 64 0 65 0 76 0.9 77 0.8 
7793 5 0 23 0.3 27 0.3 37 0 38 0.6 43 0.4 87 0.3 
8155 21 0.7 27 0.9 50 0.8 58 1 61 0.3 67 0.3 73 0.4 81 0 
8196 3 0.9 15 0 45 0.4 
8530 6 0.3 47 0.6 61 0.8 62 0.4 65 0 88 0.5 
8610 6 0.9 15 1 45 0.5 95 0 
8702 7 0 10 0.7 25 0 49 0.9 69 0.3 
8784 27 0.7 45 0.9 53 0 91 0.6 98 0.7 
8796 3 0.3 34 0.6 72 0.6 77 0.3 81 0 
8838 12 0.9 
8908 35 0.9 40 0 47 0.3 66 0.4 82 0.8 97 0.7 
9159 11 0 
9340 14 0 
9396 6 1 12 1 61 0 66 0.9 75 0.7 82 0 
9484 48 0 89 0.5 
9505 99 0.5 
9512 25 0.7 28 0.9 57 0 58 0.6 63 0.8 66 0 70 0 80 0.3 89 0.7 
9569 4 1 13 0.5 25 1 50 0.4 74 0.7 88 0.9 
9767 26 0 48 0.4 53 0.5 55 0.9 61 1 66 0.4 94 0 
