100
68 60 0.6 86 0.6 95 0.8 
73 28 0 84 0.7 
79 11 0.4 33 0 36 0 41 1 50 0 81 0 86 0.7 
122 32 0.5 35 0.7 44 0.7 55 0.6 56 1 60 0 78 1 86 0 92 0.9 
169 10 0.3 54 0.5 69 0.6 
177 47 1 
180 14 0.5 18 0.3 20 0 35 0.9 72 0.7 94 1 98 0.6 
186 44 0.6 85 0.5 
336 20 1 28 0.4 29 0.5 33 0.9 65 0.6 76 0 
442 71 1 
562 11 0.3 17 0.9 33 0.8 46 0 49 0.4 51 0 81 0.6 86 0.8 
622 2 1 21 0.9 28 0.8 43 0.3 60 0.7 92 0 96 0.9 
893 11 0 14 0 76 1 
957 3 0.7 49 0.4 50 0 82 0 86 0.7 
973 5 1 22 0.7 23 0 35 0.3 50 0 67 0.7 77 0.9 82 0.9 88 0.6 
1067 3 0.3 31 0.4 47 0.9 48 0.3 60 0.9 67 0.4 71 0.7 73 0 91 0.7 
1163 23 0.5 71 0 79 0 
1267 0 1 18 1 29 0.6 34 1 57 0.7 63 0 88 0 
1442 0 0.3 3 0.8 19 0.3 25 0.6 27 0 28 0.6 39 0.9 52 0 74 0 
1468 52 0.5 69 0 
1667 2 0 9 0.4 58 1 70 0.3 83 0.8 98 0.7 
1802 18 0 28 0.3 50 0.6 59 0 76 0.7 79 0 87 0 
1897 47 0.3 54 0.5 73 0.9 82 0.3 90 0 94 0.3 95 0.5 
1901 22 1 39 0 57 0.5 
2038 34 0.7 
2167 28 0 49 0.3 77 0.9 79 0.8 
2209 13 0 
2259 5 0.3 17 0.8 28 0.7 34 0.8 36 0 64 0.9 86 0.7 94 0.7 
2317 13 0 
2367 8 0.5 13 0.6 25 0.9 39 0.5 43 0 49 0.5 62 0.6 68 0.7 74 0.9 94 0 
2450 84 0.4 88 0.9 
2479 1 1 2 1 18 0.9 21 0 44 0.7 48 0.5 95 0.6 
2504 34 1 70 0.9 
2753 13 1 20 0.8 35 0.8 47 0 52 0.3 56 0.4 59 0.6 61 0.9 78 0.4 84 1 
2778 2 1 5 1 8 1 22 0.6 29 0 52 0.4 73 0.8 92 0 
2859 5 0.8 10 0.7 44 1 50 0.8 85 0.4 
2928 21 0.6 45 0 53 0.9 57 0 60 0.3 72 0 86 0.3 92 0.9 93 0 97 1 
3046 9 0.3 12 0.5 22 0.8 95 0.7 
3078 5 0 63 0 
3205 15 0.5 31 1 81 0 83 0.7 99 1 
3214 6 0.4 50 0.9 64 0.7 68 0.5 69 0 91 1 
3329 78 0.3 
3364 8 0.3 21 0.6 26 0 27 0.6 74 0 97 0.3 
3366 2 0 3 0.8 21 0.6 32 0.3 46 0.7 54 0 61 0 86 0.8 92 0.8 95 0.9 
3486 2 0.5 16 0.9 49 0.8 53 0.9 67 0.7 70 0 90 0.9 96 0.9 99 0 
3488 3 0 43 0.3 44 0 
3528 10 0.8 14 0 18 0 31 0.4 44 0 51 0.7 77 0 89 0.6 
3706 7 0.4 89 0 
3785 4 0 31 0 39 0.4 69 0.3 73 0.6 82 1 93 0.3 95 0.7 96 0.4 
3816 0 0.9 5 0.5 20 0.6 44 0.3 69 0 78 0.9 95 0.7 96 0.4 
3937 31 0 97 0.7 
4022 9 1 41 0 63 0.3 92 0 97 0.4 
4027 12 0 21 0.5 23 0.8 30 0.4 67 1 83 0.9 96 0.4 99 0.9 
4055 33 0 51 0.3 60 0 90 1 
4129 6 0.8 13 0.3 29 0.8 47 0.6 54 0.7 55 0.3 64 0.3 73 0.3 
4167 13 0 14 1 18 1 21 0.6 25 0.7 29 1 49 0.6 57 0.3 90 0.7 
4229 14 0.4 20 1 21 0 27 0.6 28 0.3 51 0.6 62 0.8 69 0.3 92 0 98 1 
4490 9 0.8 37 0.5 
4721 1 0.6 36 0 41 1 76 0.9 91 0.6 
4800 20 0 21 0.9 26 0.6 44 0.9 49 0.3 58 0.7 62 0.5 65 0.7 71 1 
4833 20 1 24 0.5 38 0 90 0 93 0.5 99 0.7 
5033 2 0.9 19 1 34 0 51 0.4 70 0 
5058 59 0.6 85 0 86 0.9 
5073 5 0.6 6 1 7 0 13 0.9 15 0.6 47 0 62 0 88 0.8 
5319 95 0.9 
5584 4 0.6 11 0.8 13 0.9 28 0.4 43 0.7 68 0.5 76 0.3 86 0.6 97 1 
5633 17 0.7 64 0 72 0 81 0.8 86 0.9 
5660 11 0.5 28 0.8 
5756 15 0.6 29 0.9 56 0.6 
5782 10 0.4 19 0.4 24 0.6 51 0 57 0.9 60 0.9 61 0.4 63 0.7 68 0 91 0.3 
5876 7 0.6 12 0.8 14 0 51 0.4 62 0.8 84 0.9 95 0.8 
6001 10 0.9 28 0.6 29 0.7 35 0.9 45 0 48 0 52 0.9 57 0.5 92 0.9 
6028 5 0.9 10 0.7 19 0 
6100 2 0.5 9 0.5 37 0.5 45 0.8 50 0.3 56 1 60 0.8 90 0.4 
6449 32 0.9 83 0 
6551 5 0.5 7 0.6 9 0 39 0 58 0 60 0.6 64 0.8 69 0.6 73 0.9 94 0.8 
7022 3 0 8 0.9 25 0.4 33 0.4 62 0.3 68 0.7 78 0.5 88 0 
7081 29 1 37 0 47 0.9 54 0.9 60 1 64 0 78 0.8 
7359 24 0.6 47 0.4 57 0 62 1 69 0.9 79 0.3 83 0.9 86 0.9 
7365 19 0.6 26 0.3 44 0.3 45 0.3 78 0.9 
7497 5 0 18 0.4 38 0.7 40 0 45 0.5 65 0.5 
7542 25 0 37 0.3 40 0.7 82 0.4 86 0.4 
7602 24 0.3 41 0 43 0.7 46 0 58 0.5 64 0.6 72 0.3 73 1 96 0.3 
7624 15 0 16 0 32 0 48 0.3 64 0 65 0.3 70 0.9 71 0 84 0.6 
7745 28 1 44 0.3 50 0.5 57 0 69 0.5 77 0 99 1 
8251 61 0.3 
8364 11 0.5 19 0.5 37 0 59 0.7 88 0 
8416 9 0 14 0.6 80 0 
8472 23 0.7 33 0.5 34 0.8 48 0.6 55 0.5 58 0 67 0.8 89 0.3 90 0.5 
8602 22 0.3 36 0 74 0.8 79 0 81 0.4 
8703 43 0.3 
8817 0 1 48 0.5 61 1 81 0 95 0.5 97 0 
8867 0 0 50 1 72 0.9 91 0 
9157 19 0 22 0 32 0.8 45 0.3 99 0.5 
9452 0 0.3 
9739 26 0.8 32 0.5 50 0.3 51 1 56 0.7 57 0.5 61 0.6 86 0 87 0.4 93 0 
9741 6 0.5 30 0.9 33 0 36 0.3 40 0 
9828 15 0 28 1 36 0.5 37 0.8 69 0.7 
9877 7 0 34 0.5 36 0.3 38 0.8 53 0 54 0.7 56 0 57 0.3 70 0.3 82 0.7 
9970 6 0.5 13 0.3 21 0.7 22 0.8 23 0.3 33 0 66 0.8 86 0.8 90 0.5 
