100
28 96 0 
203 8 0.5 18 0 25 0.7 
360 37 0.6 56 0.5 73 0 
606 2 0.5 22 0.5 67 0.9 82 0.6 
616 0 1 3 0 15 0.3 21 1 22 0.6 32 0.3 38 0.5 41 0.4 56 0.9 59 0.8 
635 1 0.9 3 0.7 5 0 16 0.8 20 0 57 0.7 64 0 82 0.9 87 1 
649 0 0.8 4 0.5 13 0.3 25 0.3 38 0.8 46 0.8 69 0.8 70 0.8 74 0.6 
727 18 0.9 20 0.9 27 0 34 0.7 82 0 91 0.6 95 0.6 99 0.4 
907 5 0.6 6 1 29 0 46 0.9 54 0.7 65 0.5 68 0.7 88 0.8 95 0 
944 18 0.9 42 0.5 57 0.3 60 0 68 0 80 0 91 0.7 
988 16 0.7 21 0.5 48 0 54 1 74 0.5 84 1 
1012 6 0 14 0.7 23 0 31 0 62 0 65 0.4 77 0.7 82 0.5 93 0.8 
1042 19 0.4 22 0.4 29 0 39 0 90 0.4 91 0.7 99 0.9 
1095 14 0.4 16 0.4 26 1 83 0.6 
1145 12 0.7 39 0.6 43 0 53 0 64 0.8 71 0.5 96 1 
1207 4 0.6 10 0 24 1 31 0.7 39 0.9 40 0.8 46 0.9 73 0.7 98 0 99 0.7 
1224 18 0.5 21 0 48 0 
1287 16 0 
1354 10 0.9 16 0.9 32 0.3 56 0.6 
1375 5 0 46 0.7 82 1 98 0.3 
1388 6 0.3 9 0 15 0.9 33 0.5 81 0.4 82 1 83 0.7 90 0 
1432 10 0 17 0.3 23 0.3 53 1 59 0.4 60 0.5 70 1 82 0 
1436 3 0.9 
1519 12 0 15 0 34 0.3 54 0 71 0.3 
1535 4 0.3 41 1 47 0.5 63 0.4 65 1 70 1 75 0 
1585 13 1 21 0.8 22 0.9 53 0.6 66 0 73 0.8 75 0.9 81 0.9 89 0 91 0 
1660 8 0.4 11 1 23 0.7 25 0.3 40 0 50 0 57 0 58 0.9 60 0.8 84 0.3 
1767 5 0 15 0 22 0.7 27 0 35 0 40 0 78 0.7 83 0.8 87 0.4 
1802 18 0.6 28 0 50 0.7 59 0 76 0.5 79 0.8 87 0.5 
1822 8 0 9 1 15 1 33 0.3 35 0.6 59 1 63 0.3 76 0.5 94 1 
1830 9 0 18 0 30 0.9 44 0.3 73 0 93 0.3 
2053 9 0.8 14 0.5 15 0.6 42 0.9 48 0.6 83 0 
2098 5 0 28 0 46 1 66 0 85 0.4 
2151 6 0 25 0.7 45 0 51 0 63 0.7 82 0.7 
2176 17 1 31 0.6 45 1 69 0 72 0 88 0.5 92 0.3 
2185 20 1 21 0.6 24 0.7 30 0 34 0 43 0.4 75 0.4 78 0.3 80 0.3 83 0.8 
2204 25 0 40 0.5 53 0.7 81 0 90 0.6 
2211 15 0.3 94 1 
2371 1 0.5 41 0.9 56 0.4 92 0.6 94 0 
2468 9 0.5 46 0.3 75 0.4 
2609 26 0.8 41 0 43 1 57 0.4 78 0.7 
2749 10 0 60 0 68 0.8 
2766 6 0 12 0 14 0.7 20 0.3 31 0.4 38 0.9 87 0.9 92 0.5 96 0 97 0.7 
2840 28 1 40 0 47 0.3 56 1 
2969 5 0.4 21 0.3 
3000 13 0.5 42 0 45 0 73 0.9 97 0.6 
3182 16 0.9 62 0.6 76 0 93 1 
3216 62 0.9 67 0.4 69 0.8 70 0.7 89 0 91 0.6 97 0.6 
3384 40 0 43 0.3 48 0.4 78 1 
3392 0 0.4 34 0 35 0.6 38 0 46 0.8 51 0 67 0 70 0.7 71 0 97 0.5 
3451 75 0 
3694 30 0.4 59 0.8 63 1 73 0.8 81 0.6 86 0.6 90 0.9 96 0.4 
3769 55 0.5 63 0.7 78 0 
4286 66 0.8 92 0.8 
4354 18 0.3 49 0.9 54 0.4 58 0.5 73 0.4 74 0.6 98 0 
4708 33 1 45 0.5 71 0.8 83 0.9 93 0.4 
4914 8 0.8 78 0.8 88 0.5 
4960 1 0 8 0 19 0.5 24 0.3 34 0 69 0 76 1 96 0.8 
5037 7 0 10 0.6 33 0.6 53 0.9 58 0.4 62 0.6 63 0.9 89 0.5 91 0.5 
5057 41 0 
5173 16 0.6 63 0.5 
5402 26 0.6 47 0 66 0.5 78 0.7 
5499 28 0.6 48 1 64 1 94 0.3 
5539 54 0 70 0.8 75 0.3 
5571 12 0 29 1 40 0.8 47 0.3 48 1 54 0.7 57 0.8 80 0.8 89 0.7 90 0.4 
5630 2 0.9 24 1 27 1 56 1 76 0.7 84 0.8 95 0 
5685 7 0.8 23 0 30 0.5 57 1 73 0.3 80 0 
5736 4 0.5 28 0.8 39 1 57 0.7 70 0 84 0.5 87 0.3 96 0.6 
5751 5 0.6 13 0.5 25 0 55 0.5 69 1 88 0 90 0 
5781 8 0 19 0.3 36 0.4 40 0 47 0.6 62 0.5 64 0 66 0 82 0.5 
5790 22 0.5 66 0.6 74 0.4 92 0 
5888 71 0.9 
6101 62 0 77 0 
6147 6 0 19 0 27 0.4 29 0.9 33 0.9 34 0.6 40 0.4 48 0 
6162 5 0.8 7 1 16 0 24 0.6 39 0 55 0.9 85 0 89 0.9 
6174 1 0 9 0 29 0.4 30 0.8 47 0 51 0.4 64 0.5 
6493 1 0 58 0.5 61 0.6 72 0.5 75 0.6 77 0 89 0.9 95 0.8 99 1 
6590 22 0.7 31 0.4 48 1 60 0.8 62 0.9 73 0.5 
7074 4 0.8 27 0.6 33 0.7 36 1 44 1 69 0.5 75 1 91 0 96 0 
7258 2 0.8 9 0 33 0.8 42 0.9 65 0.3 77 1 84 0 
7261 4 0.7 19 0.8 33 1 60 0 70 0.9 72 0.4 82 0.5 98 0.6 
7593 44 0.7 
7792 10 0.9 23 1 38 0 46 0 49 0.8 64 0.7 65 0.3 76 0.6 77 0.8 
7825 45 0.5 68 0.6 81 0 89 0 95 0.5 99 0.7 
8129 5 0.5 9 0.5 14 0.3 16 0.9 32 0.6 47 0.6 48 0 
8201 26 0.6 32 0 41 0.9 47 1 67 0.9 86 0.7 96 0.5 
8235 29 0.8 34 0 38 0 53 0 60 0.5 
8290 37 0.4 46 0.7 66 1 83 0.3 85 0 86 0 92 0 
8369 19 0.3 24 0.5 26 0.8 39 0.3 51 0.4 53 0.8 58 0.8 78 0.5 
8434 5 0.8 36 0 39 0.8 52 0 54 0 64 0.5 
8544 22 0.3 43 1 47 0.6 58 0 64 1 88 0.5 
9045 20 0.4 33 0.6 45 0.3 52 0 91 0 95 0.6 
9249 46 0.6 74 1 
9258 14 0.3 39 0.4 59 0 
9511 2 1 20 0 89 0.7 97 0.7 
9662 9 0.8 24 0.3 36 0.4 43 0.4 60 0.8 74 0.9 75 0.8 84 0.3 97 0.4 
9664 5 0.7 20 0.6 21 0 42 0.9 56 0.6 89 0 93 1 
9721 93 0.5 96 0.3 
9773 26 0 63 0 84 0.7 93 0.9 
9948 13 0.8 52 0.6 53 0 65 0.7 67 0 98 0 
