100
5 18 0.9 43 0.9 57 0 83 0 95 0 96 0.7 98 0.8 
99 3 0.7 29 0 30 0 52 0.6 56 0.6 63 0.9 72 0.5 77 0 98 0.3 
169 10 0.5 54 0.3 69 0.8 
324 56 0 84 0.6 
430 26 0.5 44 0.9 81 0.7 85 0.5 91 0.3 
494 44 0.4 57 0.6 75 0.7 
631 18 0.8 55 0 
771 7 0.3 17 1 50 1 68 0.8 70 0 71 0 72 0.3 
787 13 0.7 35 0.7 37 1 94 0 95 0.4 
886 1 0.7 4 0 44 0.9 45 0.4 49 0.9 67 0.9 83 0 96 0.4 
946 23 0.7 32 0.3 35 0.5 40 0.6 61 1 65 0 75 0.9 88 0.9 89 0.9 
948 5 0 8 1 22 0.7 23 0.4 27 0.5 87 0 89 0.8 96 0.8 
1130 3 0.5 21 0.7 24 0.3 37 1 42 0.5 45 0.7 47 0.7 74 0 92 0.9 
1144 35 0.7 39 0.3 66 0.6 
1203 2 1 4 0.8 8 1 27 0.9 44 0 46 0.8 50 0.8 62 0.5 95 0.6 97 0.3 
1378 26 0.8 38 0.9 47 1 48 0.7 59 0 60 0.7 96 0.4 
1567 1 0 23 0 30 0.8 64 0.8 70 0.9 81 0.4 90 0.5 97 0.5 
1612 22 0 24 0 28 0.6 30 0.8 56 0.5 87 0.9 89 0.8 97 0.9 
1709 13 1 80 0 
1795 35 0.8 43 0.4 63 0.3 91 0.3 
1878 21 0 29 0.6 60 0.9 72 0.5 75 0 79 0 87 0.5 96 0 97 0 
1908 15 0 20 0.3 27 1 43 0 44 0.6 45 1 53 0.9 76 0.4 79 0 
1926 13 0 38 0.8 40 0.9 53 0.8 82 0 95 0 
1986 18 0.7 29 0.8 31 0.9 34 0.7 60 0 70 0 73 0.9 95 0 
2229 16 0 28 0.5 49 0.6 73 1 
2236 15 0 18 0.4 68 0.4 75 0.6 92 0.3 94 0.3 95 0 
2241 2 0.3 8 1 21 0.5 50 0.8 53 0.7 63 1 64 1 73 0 83 0 
2256 3 0.8 12 0.6 15 0 19 0.9 24 0.6 26 0 32 0 46 0.4 60 0.6 81 0.8 
2385 9 0.6 20 1 79 1 80 0 
2447 6 1 13 0.3 26 0.7 27 0 38 0.6 47 0.7 64 0.3 
2482 71 0.7 81 0.8 84 0.3 
2514 28 0.3 67 0 
2552 16 0 19 0.7 48 0.4 58 0.5 66 0 97 0.3 99 0 
2804 7 0 19 0.6 72 0 76 1 
2876 9 0.4 31 1 75 0.3 85 0 
2915 3 0 62 0.4 91 0.7 
3020 2 0.6 4 0 13 1 19 0.5 29 0 37 0.8 48 0.7 55 0.3 92 0 
3189 74 0 
3338 1 0.3 37 1 45 0.5 55 0 63 0.4 72 0.5 75 0 81 0.3 82 0.7 
3539 20 0.8 
3577 52 0 68 1 78 1 
3768 10 0.9 17 0.4 19 0.8 26 0.4 44 1 48 0.8 59 0 99 0 
3776 25 1 
3828 2 0.6 33 0 81 1 
3835 0 0.6 6 0.4 10 0.8 15 0.7 37 0.4 43 0.7 52 1 61 0 79 1 91 0.9 
4041 18 1 
4043 31 0.4 74 0.9 94 0.7 
4045 37 0.7 62 0.3 66 0.5 71 0.6 80 0.7 82 0.5 95 0 
4122 0 0.5 2 0 25 0.3 31 0 43 0.7 44 0.9 88 0.3 
4200 6 0.7 42 0.6 
4227 9 0 10 0.3 25 0.4 26 0.3 35 0.9 49 0.9 96 0.7 
4232 2 0.3 27 0.5 29 0.6 39 0.7 49 0.7 50 0.4 87 0.9 
4241 22 0.6 36 0.6 37 0.8 42 0 49 1 94 0 
4283 1 0.5 2 0.5 6 0 13 0 38 0.7 
4431 43 0 72 0 73 0 78 0.7 85 0.4 90 0.5 
4569 94 0 
4596 1 1 8 0 18 1 29 0 57 0 64 0.9 
4606 26 0 89 0.3 93 0.7 
4620 19 0.4 36 0.7 45 0.7 51 0 53 0.4 55 0.3 
4689 19 0.6 24 0 35 0.3 56 1 71 0.3 
4700 9 0 13 0 18 0.5 22 0.8 37 0 64 0.3 72 0.4 73 0 76 0 
4756 4 0.6 18 0 20 0 31 0 32 0.8 34 0 38 0.8 61 0 89 0.7 97 0 
4844 6 0.9 31 0 53 0.8 57 0 84 0 85 0.7 
4861 16 0.5 47 0.9 65 0.4 67 0 95 0.6 
4946 9 1 44 0.3 51 0.7 61 1 88 0 94 0.9 
5156 3 0 27 1 34 0.9 36 0.7 38 0 40 0 61 1 75 0 
5290 62 0 79 0.9 98 0.8 
5626 3 0.5 11 0.8 26 0.6 35 1 39 0.7 61 0 71 0.4 87 0.5 92 0 
5627 31 0 45 0.4 
5947 28 0.7 57 0.9 66 0 74 0.3 84 0.8 
6000 6 1 7 0.8 10 0 22 0.8 51 0.9 66 0.6 82 0.8 85 0.4 96 0.6 
6057 6 0.7 9 0.7 57 0.9 65 0 74 0.9 95 0 97 0.7 
6128 3 0.3 60 0.3 
6217 93 0.3 
6241 53 0 95 0.3 
6282 4 0.6 6 0.7 12 0 55 0 64 0.5 
6313 0 0.3 2 0.4 25 0 52 0.8 66 0.5 83 0.8 88 0.4 95 1 
6660 8 0 33 0 35 0.4 45 0.8 51 0 60 0.4 85 0 
6674 8 0.9 15 0.5 18 0.3 22 0 26 0 31 0 62 0.7 81 0.9 92 0.3 
6741 22 0.8 
6892 38 0 51 0 61 0.6 64 1 70 0.4 72 0.4 80 0 90 0 
6922 10 0.6 11 1 29 0.9 39 0 46 0.6 60 0.9 71 0.9 75 0 84 0.8 
7072 8 0.3 17 1 25 0.3 47 0.7 54 0.3 55 0 71 1 89 1 99 0.6 
7103 15 0 37 0.3 45 0.5 50 0.5 60 1 75 0.6 85 0 97 0.3 
7154 50 0.5 
7507 17 0.7 22 0 27 0.4 64 0.7 67 0.9 74 0.8 78 0.8 89 0.6 97 0.3 
8094 4 0.6 39 0.3 52 0 57 0.7 76 0.6 
8286 59 1 79 1 
8386 80 0.6 
8816 14 0 36 0.3 45 0.4 
8976 7 0.6 22 0 86 0 
8992 19 0 25 1 30 1 38 0.8 66 0.7 73 0 77 0 83 0.3 92 0.5 94 0.8 
9026 5 0 6 0.8 10 0.8 12 0.9 44 0.6 56 0.7 61 1 68 0.4 88 0.5 
9043 4 0.4 7 0.5 19 0.9 23 0.9 24 0.9 34 0.4 37 1 74 0 88 0.9 91 0.3 
9172 23 0.6 25 0.7 31 0.4 46 0.4 56 0 59 0.6 71 0 77 0 
9215 18 0.9 26 0.3 36 0 40 0.6 45 0.4 48 0 56 0 61 0.5 87 0.9 
9450 16 0.3 30 1 67 0.8 
9531 10 1 33 0.4 50 0.3 51 0.5 74 0.8 88 0.6 96 0.5 
9683 7 0.4 13 0 65 0.3 90 0 
9896 3 0 13 0.5 34 0.7 51 0.7 71 1 78 0.8 84 0.3 88 1 93 0.7 95 0.7 
