100
56 73 0.7 
100 17 1 
136 9 1 33 0.5 35 0.5 
405 45 0.5 80 0 
430 26 0 44 0.6 81 0.8 85 0.3 91 0 
432 1 0.6 14 0.7 29 0.3 32 0 78 0 80 0 85 0.5 87 0.6 92 0 
618 1 0.4 10 0.3 47 0.3 
731 4 1 20 0.5 25 0.8 26 1 30 0.9 31 0 33 0 46 0.7 53 0 66 0 
817 6 0.7 13 0 18 0.6 23 0.8 24 0.7 35 0.7 36 0.9 41 0 72 0.8 77 0.7 
826 11 0.9 14 0.4 29 0.7 31 0.7 55 0.8 75 0.8 80 0 84 0.8 96 0.5 
1023 6 0.5 7 0.7 43 0.7 51 0.5 60 0.9 64 0.5 73 0.8 79 0.9 93 0.4 
1034 7 0.9 33 0 34 1 46 0.9 73 0.8 
1164 5 0.4 18 0.4 20 0 24 1 27 0.7 29 0.7 35 0.5 41 0.7 72 0.8 
1298 23 0.9 48 0.7 68 0.8 77 0 90 0.6 94 0.8 
1328 2 0 7 0 13 0 36 0.9 38 1 40 0.3 55 0 63 0 71 0 91 0.8 
1384 5 0.3 40 0.7 41 0.6 44 0.9 53 1 55 0 
1488 3 0.5 17 0.9 48 0.6 60 0.9 61 0.5 80 0.5 88 0 92 0.5 
1605 10 0.6 19 0.8 42 0.4 43 0 45 0.5 46 1 49 1 53 0.5 84 0 
1703 1 0.5 36 0.5 37 0.7 57 0.5 67 0 
1800 98 0.6 
1813 19 0.5 26 0.9 51 0 
1826 7 0 41 0 95 0.8 
1921 11 0.4 70 0.5 84 0.9 99 0.4 
1942 15 0.9 20 0 39 0.3 61 0 62 0.4 65 0.8 79 0.7 
1974 0 0.5 2 1 9 0.7 43 0 45 0.8 47 0.8 50 0 71 1 90 0.8 
2013 16 1 58 0.6 64 1 65 0.9 68 0.9 72 0 85 0 90 0.3 
2140 2 0 23 0.8 26 0 33 0.5 34 0.6 55 0.4 61 0.4 90 0 99 0.4 
2270 93 0.3 
2275 0 0.6 20 0.4 43 0.3 55 0 67 0.7 98 0.3 
2337 1 0 5 0.7 33 0.5 44 0.6 45 0.9 49 0.4 80 0.7 
2415 4 0 6 0.5 14 0.9 19 0 20 0.7 79 1 80 0 98 0.7 
2490 9 0.6 95 0 96 0 
2628 3 0.9 5 0.3 34 0 46 0.5 65 0.7 77 0 86 0.4 87 0.8 99 0.4 
2746 8 0.4 
2750 93 0.6 
2896 3 0 11 0 24 0 32 0.8 73 0.5 
2959 11 0.7 48 0.4 58 0 62 0.6 83 0.6 84 0.6 
3003 2 0.6 
3181 37 0.6 65 0.6 78 0.5 
3252 12 1 25 0 34 0.9 53 0.8 59 0.9 81 0.5 93 1 
3500 20 0.6 77 0 92 0 
3581 10 0.3 41 0 93 0.3 97 0.6 
3595 39 0.6 63 0 71 0.8 
3600 43 0.8 44 0.5 45 0 52 0.3 58 0 62 0 84 0 87 0.9 97 0.4 
3874 1 1 3 0.3 9 0.9 19 1 39 0.9 48 0.3 63 0 77 0.3 92 0 96 0 
3929 28 0.3 55 0 85 0.3 
4062 1 0.9 4 0 16 0 33 0 58 0.4 59 0.3 92 0 99 0.7 
4068 97 0.5 
4104 5 0.8 14 0.3 30 0.3 31 0.3 61 0.8 97 0.9 
4133 4 0.5 20 0.3 40 0.4 51 0.6 60 0.9 78 0.7 94 0 
4145 10 1 19 0.6 30 0.7 70 0.9 81 0 83 1 97 0.7 
4340 18 0.6 46 0 80 0.4 81 0.8 85 0.4 
4528 13 0.8 22 0.3 36 0.5 43 0.3 44 0.9 51 0.7 52 0.8 65 0.5 97 0.7 98 0 
4650 21 0 25 0.9 82 0.6 
4656 7 0 11 0 16 0.7 23 0.4 34 0.3 58 0.3 76 0.4 79 0.3 82 1 
4930 12 0.9 45 1 82 0 
5249 97 0.8 
5383 9 0 13 0 14 0.5 32 0 
5466 9 0.3 16 0 23 1 38 0.7 40 0.5 43 0 46 0.9 59 0.9 96 0 
5691 25 0 31 0.9 32 0 61 0.3 80 0 98 0.4 
5783 34 0 42 0.6 49 0 57 0.5 59 0.7 74 0.6 81 0.9 91 0 92 0.6 
5923 23 0.7 24 0.9 35 0.8 38 1 74 0.9 97 0 
5953 1 0.9 8 0.6 16 0.9 36 0.9 59 0.7 60 0.9 61 0.6 73 0.9 81 0.9 88 0 
6051 39 0 50 0 53 0.4 65 0.9 68 0 95 0.6 
6086 14 0.8 35 0.4 40 0.9 60 0.5 
6441 0 0.8 1 0.6 20 0.3 44 0.3 
6597 8 0.4 12 0.6 34 0.6 52 1 
6685 12 0.4 80 0 88 0.3 91 0.8 
6961 22 1 29 0 36 0.6 40 0.3 53 0 59 0 87 1 
7029 4 0.9 28 0 48 0 52 0 55 0 62 1 68 0.9 70 0 86 0.3 88 0.7 
7033 23 1 24 0 34 0.5 41 0.4 71 0.3 83 0.3 
7190 34 0 42 1 
7191 15 0.5 16 0.5 53 0 69 0.4 73 0 82 0.3 84 1 89 0 98 0.9 
7216 17 0.6 62 0.5 
7220 18 0.4 19 0.3 27 0.9 30 0.8 47 1 51 0 68 0.4 84 0 86 0.9 
7307 2 0 6 0 27 0.9 67 0.8 69 0 94 0.5 
7426 7 0 34 1 
7461 11 0.8 21 0.3 24 0.4 29 0.9 74 0.6 93 0 
7487 4 0.4 12 0.5 14 1 25 0.7 40 1 49 0 67 0.6 
7595 94 0.9 95 0.3 
7677 17 0.5 25 0.6 50 1 62 0.3 68 0.7 71 0 75 1 90 1 96 0.4 
7687 21 0.5 28 0.9 30 0.4 32 0 49 0 63 0.7 71 1 83 0.4 
7765 15 0.8 33 0 37 0 45 0 54 0 77 0.4 91 0.9 95 0 
7799 3 0.6 39 1 46 1 54 0.5 67 0.6 70 0.6 94 0.5 98 0.6 
8091 2 0.4 14 0.4 24 0.4 39 0 51 0 57 0 59 0 73 0.6 74 0.8 
8376 4 0.4 7 0 17 0 27 0.5 28 0 30 0 61 0 82 0.3 
8618 0 0 51 1 62 0.8 63 0 65 0.3 74 0 
8664 25 0.4 28 0 32 0.3 43 0 50 0.8 81 0.5 84 0 92 0.4 95 1 96 0 
8722 56 0 58 0.5 63 0 97 1 
8746 7 0.4 16 0 17 0.3 26 0.4 36 0.5 37 0 43 0.3 69 0 82 0 99 0.5 
8788 2 0.7 20 0 34 0.5 40 0 48 0.6 58 0.3 72 0 83 0.5 
8850 15 0.4 33 0 35 0.8 46 0.8 54 0.5 64 0.6 68 0.9 86 0 95 0.5 
9061 4 0.3 12 0.5 13 0.9 20 0.7 88 1 
9228 5 0 20 0.9 22 0.4 33 0.6 96 0.4 
9396 6 0 12 0.8 61 0.4 66 0 75 1 82 0 
9537 26 0.4 30 0 37 0.7 45 0 50 0.4 98 0.9 
9624 4 0 18 0 23 0.7 28 0.5 42 0.4 54 0.4 74 0.7 
9640 1 0.3 59 0 65 0.3 97 0 
9772 8 0.5 10 0 11 0.9 22 0.5 29 0.4 38 1 50 0.5 58 0.5 72 0 95 0 
9883 4 0.9 7 0.5 24 0.9 33 0.7 37 0.5 39 0.7 48 0.4 66 0.4 84 0.8 
