100
40 8 0 30 0 39 0.7 42 0.6 44 0.8 56 0 62 1 70 0.7 84 0 87 0.9 
140 56 0.8 61 0.7 76 1 
191 2 0.9 26 0 60 0 63 0.7 66 0.6 
302 4 0.6 11 0.4 22 0.8 65 0 75 0.6 80 0.8 89 0 94 0.5 
486 51 0 54 0.9 
606 2 0.6 22 0.8 67 0 82 0 
622 2 0.5 21 0.8 28 1 43 0.5 60 0.5 92 1 96 0.9 
669 8 0 27 0.7 41 0.4 45 0 56 0.8 80 0.4 96 0.3 
679 52 0 71 0 82 0.6 
731 4 0.6 20 0.9 25 0.9 26 0 30 1 31 0 33 0.8 46 0.4 53 0.9 66 0.6 
823 94 0.5 
854 1 0 8 0 25 0.4 26 1 37 0.5 51 0 74 0.7 89 0.5 
1001 6 0.8 7 0 20 0.3 31 0.8 54 0 57 0.3 74 0 92 0.4 
1084 7 0.4 24 0.5 47 1 64 0.4 70 0.7 84 0 
1121 0 0 21 0.5 70 0.6 74 1 
1226 0 0 24 0.4 25 0.4 32 0.8 45 1 50 0 85 0 87 0 92 0.8 96 0.8 
1304 12 1 61 0 65 0 66 1 
1325 11 0.4 27 0.9 84 0 92 0 
1369 10 0 41 0.3 45 0.9 49 0 78 0 79 0.6 87 0 88 0.4 
1383 10 1 67 0 94 1 99 0.6 
1407 7 1 12 0.8 29 0.3 52 0.3 61 0 75 0 86 0 
1426 0 0.6 9 0 23 0.7 28 0.9 38 0.3 46 0 47 0.7 51 0.8 55 0.9 61 0.7 
1429 24 0.6 27 0.9 42 0.8 51 0.9 91 0.7 
1440 6 0 58 0.6 84 0.6 
1507 1 0 8 0.4 12 0.6 17 0.9 25 0.3 49 0.7 
1625 22 0.6 26 0.6 42 0.9 67 0.9 80 0.8 
1647 27 0 29 0.9 45 0.7 
1660 8 0.7 11 0.3 23 0.9 25 0 40 0.5 50 0.6 57 0.8 58 0.8 60 0.3 84 0.4 
1748 1 0.8 11 0 12 0.8 30 0.8 50 0.4 51 0.6 67 0.5 76 0.9 84 0.5 88 0.6 
1806 0 0 16 0.4 24 0.7 39 0.6 55 0.6 83 0 
1846 22 1 24 0 63 0.4 
2037 6 0.8 40 1 42 0.5 80 0.4 85 0 
2077 0 0.6 6 0.4 14 0 18 0 32 0 64 0.8 83 0 
2402 0 0 14 0.7 20 0 30 0 39 0 75 0 92 0.8 99 0.9 
2515 19 0 45 0.6 57 0 80 0.3 
2687 0 0 27 0.6 34 0.6 66 1 
2863 47 0.9 70 0 88 0 
2874 1 0.4 15 0.5 36 0.8 42 0.8 54 0 78 1 87 0.5 
3121 22 0.3 23 0.8 37 0.7 45 0.3 67 0.3 80 0.7 88 0.9 
3187 3 0.9 5 0.3 20 0.5 44 1 76 0.7 88 1 
3189 74 0.7 
3232 74 0.9 94 0.5 
3259 32 0.3 37 0 42 0.7 49 0.5 
3394 9 0.9 27 0.9 35 0.5 47 0.5 63 0.5 66 0.4 69 0 72 1 
3405 8 0.8 15 0.8 42 0.8 48 1 71 0.4 91 0.5 93 0.4 95 0.3 
3543 19 0.5 41 0.6 43 0 45 0.3 65 0.7 75 0 
3587 23 0.6 38 1 41 0.3 49 0 
3687 17 0.3 
4042 5 0.4 15 0.7 25 0.6 43 0.4 78 0.4 80 1 
4237 14 0.6 18 0.7 27 0.6 54 0 61 0.5 64 0 74 0 80 0.7 93 0 
4279 1 0.9 33 0 42 0.3 76 0.8 91 0 
4375 40 0 47 0.9 54 0.9 
4507 14 0.3 17 1 18 1 19 0.3 20 1 31 1 40 0 59 0.6 62 0 81 0.7 
4703 5 0 16 1 17 0 38 0.9 45 0.8 59 0 62 0 
4788 24 0.9 45 0.8 58 0 
5143 10 0.7 22 0.8 30 0.5 34 0.5 72 0.4 87 0.9 
5147 17 0 47 0 57 0.5 62 0 85 0 98 0.4 
5273 5 0.3 38 0 41 0 48 0 65 0.8 72 0 92 0.9 
5375 86 0.5 
5383 9 0.8 13 0 14 0.8 32 0 
5663 17 0.6 20 0.6 38 0.5 46 0.6 88 0.9 98 0.4 
5666 11 0.5 17 0.3 31 0.4 62 0.7 98 0.9 
5816 23 0.8 99 1 
6007 5 0.8 8 1 27 0.7 44 0.4 45 0.6 53 0.4 63 0 72 0.3 97 0 
6063 9 0.4 17 0.7 30 0.4 45 0 68 0.5 69 0.4 82 0 99 0.8 
6081 5 0.3 8 0.6 16 0.5 18 0.4 19 0.6 21 0 25 0.9 39 0 49 1 59 0.8 
6208 1 0.5 11 0.5 17 0.5 22 0.6 28 0.9 37 0.9 67 0.9 86 0.7 90 0.8 
6491 10 0.9 46 0.3 60 0.7 65 0.6 68 0.7 70 0.6 72 0 90 0.3 
6667 10 0.7 17 0.7 31 0 34 0.8 40 0.5 43 0.3 48 0 59 0 61 0.3 96 0 
6759 53 0 82 1 83 0.4 94 0.8 95 0.3 
6798 1 0 5 0.8 
7075 5 0.9 15 0 20 0.9 34 0.3 40 0.7 41 0.9 62 0.5 63 0.3 65 0.5 85 0 
7110 6 0.5 13 0.8 38 0.8 45 0.4 46 0.4 58 0.9 96 0.5 
7204 33 0.7 36 0.9 49 0.8 76 0.5 
7230 43 0 73 0 90 0 
7495 16 0 50 0 58 0.7 
7537 2 0.9 3 0.3 
7550 31 0.4 
7849 50 0 63 0.6 74 0.3 85 0.5 
8065 79 0.5 
8118 19 0.8 26 0.9 37 0.7 38 0.9 66 0.6 73 0.3 
8131 35 0 39 0.5 97 0.6 
8134 13 0 18 0 34 0 35 0 46 0.4 51 0.7 69 0 70 0 94 0.9 99 0 
8213 9 0 20 0.7 23 0.3 33 0.3 35 1 39 1 57 1 60 1 95 0.3 
8242 12 0.8 16 0 17 0.6 28 0.7 49 0.7 58 0.3 85 0.6 98 1 
8255 4 0.7 11 1 42 0 47 0 69 0.5 
8278 9 0.3 33 0 37 0.4 48 0.4 55 0.5 59 0.6 98 0.9 
8362 32 0 66 0.8 70 0.7 74 1 76 0.4 95 0.5 
8363 5 0.7 18 0 31 1 32 0.7 33 0 55 0.8 56 0.9 66 0 68 0.3 93 0 
8566 30 0 
8608 1 0.9 38 0.3 
8745 62 1 95 0.7 
9143 4 0.6 40 0 44 0 50 0.9 51 0.8 72 0.9 76 0 79 0 82 0.7 94 0.6 
9355 8 1 15 0 19 0 32 0.3 67 0 68 0.9 72 0 74 0 79 0 91 1 
9388 13 0.8 21 0 22 0.9 39 0.4 51 0 76 0.7 78 0 82 0 90 0 93 0 
9465 26 0.5 32 0 34 0 44 0 50 0 59 0.7 
9482 43 0.4 99 0.9 
9508 27 0.8 49 0.5 96 0.7 99 0 
9539 5 1 21 0.3 48 0 62 0.4 65 0 69 0.5 
9888 11 0.6 14 0.7 28 0.8 37 0 41 0.7 51 0 58 0.5 91 0 
