100
256 6 0.3 8 0.9 43 0.8 45 0 69 0 71 0 78 0.9 85 0 
286 25 0.5 48 0.7 51 0.7 55 0.9 56 0.9 64 0.8 86 0.9 90 0.3 93 0 
369 14 0.3 37 0 41 0.6 76 0 
402 7 1 39 0.7 40 0 73 0 74 1 87 1 88 0.5 89 0.4 
561 6 0.7 7 0.4 60 0.7 65 0.7 77 1 95 0.9 
591 4 0.6 24 0.4 66 0.7 78 0.9 
716 2 1 19 0.7 24 0.8 44 0.9 51 0 72 0.6 84 0.4 
781 9 0 61 1 63 0 77 0 81 0.4 86 0.3 89 0.4 96 0.5 99 0 
822 7 0.6 16 0.8 18 0.9 20 0.7 42 0 44 0.9 85 0.8 92 0 94 0.8 97 1 
937 15 0 37 0 76 0.6 81 0.4 83 0.7 
973 5 0.8 22 0.6 23 0.5 35 0.5 50 0.7 67 1 77 0.3 82 0.7 88 0.4 
1088 10 0.9 37 0 45 0.7 47 1 52 0 54 0.6 61 0.3 65 0.3 69 0 78 0.6 
1140 16 0 23 0.4 26 0 32 0.8 44 1 66 0.6 73 0.8 75 0.5 85 0.3 
1174 98 0 
1331 6 0.7 39 0.9 47 0.3 52 1 57 0.7 74 0.6 78 0.9 90 0 
1344 25 0.7 33 0.8 40 0.4 64 0 86 0.5 96 0.6 
1536 44 0.7 48 0 51 0 65 0.6 80 0.9 87 0.3 90 0.6 95 0.3 99 0.5 
1544 20 0.4 32 0 33 0.5 46 0.8 51 0 55 0 69 0 79 0 94 0.3 
1663 2 0.5 15 0.7 20 0.8 27 0.5 62 0 74 0 97 0 
1799 81 1 
2014 8 0.6 10 0 27 0.7 32 0 41 0.7 49 0 64 0 82 0.4 89 0 95 0.3 
2198 5 0 45 0.6 
2220 2 0.7 5 0.9 7 0.3 13 0.4 24 0.8 36 0.7 83 1 
2226 31 0.9 36 0 77 0.5 96 1 
2288 1 0.7 8 0.8 54 0.9 74 1 
2314 6 1 9 1 52 0 62 0 
2412 47 0.8 77 1 87 0.5 
2542 3 0.6 16 0 26 0.8 27 0.7 66 0 69 0 77 0.4 89 0.8 
2584 25 0.7 62 0.9 89 0.5 
2589 94 0.8 
2719 72 0.6 80 0.5 83 0 97 0.9 
2734 15 0.6 17 0.8 19 0 51 0.8 52 1 70 0.9 84 1 
2911 10 0.4 56 0.4 74 0 83 0.3 
2936 32 0.8 45 0.8 57 1 
3008 1 0.8 3 0 26 0.4 62 1 67 0.6 69 0.9 88 0 89 0.6 
3068 26 0 29 0 35 0 38 0.5 39 0.4 72 0.4 
3155 13 0.6 28 0.9 42 0.3 44 0.9 55 0 71 0 76 0 80 0.6 83 0.7 96 0.3 
3188 4 0.5 8 0.6 29 0.4 31 0.6 76 0 79 0 89 0.7 
3253 20 0.8 24 0.3 51 0 57 1 62 0 92 0 95 0.4 
3468 1 0 70 0.6 73 0 
4095 5 0.5 35 0.5 38 0.8 50 0.5 51 0.5 60 0.6 77 0.3 86 0.5 87 0.6 
4233 2 0.7 5 0.3 12 0.8 26 0.3 38 0 88 0 
4244 62 0 65 0.6 69 0 71 0.4 
4452 98 0.4 
4503 60 0.9 
4763 0 0.9 14 0.4 19 0.8 39 1 57 0.8 80 0.4 
4786 7 0.4 9 0 11 0.8 29 0 54 0.4 80 0 86 0.8 
4990 32 0.8 40 0 95 0.4 
5026 2 1 44 1 70 1 77 0.9 92 0 
5180 2 1 8 0 18 0.8 
5274 9 1 29 0.3 31 1 32 0.6 47 0 57 0.9 80 0 
5488 19 0 48 0.4 78 0.9 
5565 59 0 98 0 
6000 6 0 7 0.9 10 0.5 22 0.5 51 0 66 0.7 82 0.9 85 0.5 96 0.7 
6032 9 0.5 17 0.3 28 0 31 0.8 33 0 48 0.4 73 0.8 87 0.5 99 1 
6123 43 0 51 0.7 85 0.7 
6341 4 0.9 14 0.9 67 0 79 0.9 
6372 23 0.6 44 0.9 
6426 81 0.7 94 0.8 
6478 22 0.9 25 0.3 40 0.4 57 0.4 
6832 9 0 78 1 90 0.9 96 0.5 
6874 24 0 28 0.8 37 0 48 0.3 
7034 3 0.6 9 0.4 17 0.4 52 1 61 0.5 70 0.4 73 0.4 83 0.8 
7041 4 1 7 1 9 0 32 0.5 38 0 45 0 53 1 83 0.7 88 0.5 
7053 2 1 15 0.9 32 0.5 35 0 50 0.6 61 0 75 0.9 80 0.8 81 0.9 95 0.9 
7203 29 0.6 31 0.3 32 0.6 66 0.4 79 0.9 92 0.9 99 0.3 
7241 4 0 23 0.6 48 0 63 0 84 0 98 0 99 0.3 
7358 28 1 44 0.5 45 0 54 0 99 0.8 
7402 15 0.4 66 0.3 74 0.7 81 1 
7466 40 0.7 
7476 0 0.6 2 0 14 0.9 40 0.4 47 0 66 0 80 1 85 0.3 91 0 
7478 2 1 
7482 8 0.5 48 0 66 0.9 98 0.7 
7638 12 0 15 0.3 24 0.3 31 0.7 33 0.8 39 0 
7684 6 0.4 38 0.6 57 0 64 0.3 
7766 21 0.8 60 0.6 61 0.6 71 0 86 0.5 
7903 38 0 
8057 3 0.9 6 0.7 26 0.9 35 0.5 37 0 44 0.8 53 0.5 71 0.6 81 0 98 0 
8160 24 0.9 39 0.8 83 0 84 0 86 0 
8186 32 0.3 59 0 
8348 0 0 8 0.7 15 0.7 22 0 33 0.6 63 0.3 77 0.7 83 0 97 0.5 
8358 5 0 32 0.5 64 0.7 80 0 
8474 1 0.6 5 0.7 16 0 22 0 25 0.9 26 0.9 35 0.3 45 0.3 92 0.7 
8680 12 1 30 0 53 0 58 0.3 
8688 11 0.9 29 0.4 44 1 71 0.6 72 0 93 1 96 0.8 
8706 21 0.6 28 0 88 0.8 
8810 6 0.5 45 0.9 68 0.7 99 0.4 
8814 7 0.5 43 0.6 75 0.3 96 0.5 
8896 25 0.4 60 0.6 
8940 19 0.8 20 0 33 0.8 46 0.8 48 0.6 55 0 60 0 77 0.4 79 0.3 86 0.9 
9051 0 0.3 30 0.8 45 0.8 65 0.9 70 1 75 0 95 0.8 
9180 8 0.9 14 0.6 20 0 21 1 26 0 31 0 34 0 93 0.4 95 0.9 
9541 4 0.3 28 0.6 44 0.4 45 0 57 0.6 69 0 70 0.7 80 0.9 84 0.9 
9592 33 0.4 44 0.6 91 0.8 
9651 3 0 8 1 48 0.4 49 0.7 51 0 57 0.8 59 0.4 65 0.7 77 0.9 
9654 1 0.8 23 0.5 32 0.9 35 0.7 39 0.5 71 0.6 77 0.8 97 0 
9709 11 0.7 29 0.6 41 0.3 43 0.7 47 0 
9854 3 0 13 0.7 15 0 27 1 34 0 51 0.5 85 0.4 93 1 97 0.5 98 1 
9950 28 1 50 0.3 97 1 
9967 26 0.5 31 0.3 48 0.3 50 0.9 56 0 71 1 
