100
73 28 0.6 84 0.9 
131 6 0.3 11 0 16 0.6 25 0.5 28 0.4 41 0.4 91 0.7 
143 0 0.5 5 0.4 12 0.5 51 0 59 0.4 64 0 79 0.6 92 0.3 98 0 
174 15 0.9 20 0.3 52 0 54 0.6 55 0.3 64 0.3 72 0.3 81 0.8 91 0.3 94 0.8 
262 3 0.7 10 0.6 16 0.4 42 1 70 0 71 0 79 0.5 87 0.8 89 0.3 
426 30 0 34 0.4 35 0 46 0.6 71 0.6 72 0.7 79 0.3 80 0.7 90 0.9 
433 15 0.8 59 0 
435 84 0 90 0.3 
447 26 0 29 0.7 42 0.7 68 0.4 72 0.6 85 0.7 88 1 93 0.8 
572 0 0.7 4 1 18 0.9 38 0.8 75 0.6 
844 41 0 99 0.8 
878 5 0.8 10 0.9 36 0 47 0 49 0.3 70 0.6 75 0 79 0.6 96 0.5 99 0.7 
909 22 0 23 0.5 37 0 60 0.4 
960 4 0.7 7 0.7 
1013 25 0 37 0 56 0.8 60 0 93 1 96 0 
1133 65 0 90 1 
1201 11 0 13 0.8 28 0 35 0.7 
1203 2 0.5 4 0 8 0.8 27 0 44 0.3 46 1 50 0 62 1 95 0.3 97 0.3 
1318 41 0.6 
1530 13 1 21 0.8 38 0.5 40 0.4 49 0.8 55 0.6 82 0.5 84 0.8 89 0.5 95 0.4 
1588 0 0 6 0 25 0.4 28 0.9 32 1 41 0 56 0 73 1 79 0.3 89 0.7 
1621 8 0.6 87 0.7 
1669 9 0.7 10 0.5 60 0.9 
1747 22 0.4 58 0.4 85 0.9 
1823 3 0.6 46 0.8 47 0.7 61 0.3 72 0 96 0.5 
1878 21 0.8 29 0 60 0 72 0.8 75 0.4 79 0.8 87 0 96 0.9 97 0.7 
1921 11 0.7 70 0.8 84 0 99 0.8 
2000 13 1 21 0.6 42 0 43 1 47 0.7 53 0 59 0 85 0.3 94 0.4 
2092 11 0.7 15 0.3 39 0 51 0.4 67 0 70 0.5 
2385 9 0 20 1 79 0.8 80 0 
2573 3 0.9 33 0 69 1 72 0 76 0.7 95 0.9 
2623 4 0.9 29 0 
2719 72 0 80 1 83 0.3 97 0.3 
2775 2 0.8 21 0 22 0.3 32 0 40 0.7 50 0.8 64 0 75 0 91 0 
2800 93 0.8 
3178 64 0.8 84 0.9 
3237 3 0.7 10 0.8 37 0.7 61 0.3 62 0.4 85 0.7 89 0 93 0.8 98 0.4 
3333 6 0.6 38 0.6 45 0.8 
3371 60 0.9 86 0.9 98 0.3 
3538 11 0 31 0 38 0 62 0.4 78 0.3 79 0.5 81 0.9 
3715 3 1 11 0.3 12 1 31 0.9 69 0 76 0 90 0.3 91 0.8 
3770 35 0.3 
3789 36 0 72 0 
3869 22 0 40 0 51 0.8 73 0.8 
3916 4 0.5 11 0 35 0.6 66 0 72 1 
4015 51 0.6 84 0 
4130 7 0.9 18 0.3 20 0.3 23 0 27 0.3 29 0.9 38 0.7 74 0.9 95 0.8 
4251 65 0 92 0.7 
4283 1 1 2 0.3 6 1 13 0.7 38 1 
4341 18 0 32 0.5 61 0.4 65 0 78 0.5 92 1 
4442 11 0.6 27 0.7 28 0 36 0 37 0 45 0.9 55 0.6 63 0 64 0.7 89 0.8 
4801 0 0.4 9 0.5 34 1 38 0.4 39 0.8 59 0.5 65 0 97 0.4 
4902 7 0 18 0 20 0 32 0.8 59 0.5 64 0 72 0.7 76 0.6 85 0 
4943 3 0.4 4 0.9 5 0.3 7 1 30 0 39 1 85 0.7 
4949 97 0.9 
4993 29 0 30 0.5 32 0.6 35 0.9 
5026 2 0.6 44 0 70 0.8 77 0.5 92 0 
5203 33 1 42 0 44 0 46 0.8 60 0 93 0.8 
5227 91 0.3 
5309 2 0.4 6 1 13 0.8 22 0.8 27 0 55 0.5 89 0.8 94 0.4 
5388 20 1 
5397 2 0.4 19 1 23 0.3 57 0 77 0 81 0.3 88 0.4 95 0.3 
5706 7 0.9 27 0.8 30 0 31 0.6 43 0 50 0.3 55 0 58 0.5 59 1 92 0 
5800 38 0.6 41 1 66 0.6 80 0.5 88 0.5 94 1 95 0 97 0.6 
5915 0 0.3 6 0.7 21 0.9 22 0 24 0.8 27 1 46 0.6 67 0.7 85 0.4 99 0.6 
6213 0 0.8 33 0.4 
6512 18 0.3 22 1 30 1 70 0.8 71 0.9 83 0.5 
6591 15 0.8 24 0.8 54 0.3 74 0.5 90 0.5 
6600 30 0.6 84 0 89 1 
6627 8 0.3 11 0 28 0.6 32 0.6 42 0.7 61 0 62 0.7 67 0.4 75 0.8 90 0.4 
6632 5 0.9 18 0.5 31 0.9 58 0 61 0 67 0.6 83 0.4 
6752 88 0 90 0.8 
6757 95 0.4 99 0 
6763 22 0.3 47 1 79 0.7 
6943 9 0 21 0 25 0.3 34 0.6 38 0.9 53 0.5 54 1 
6999 52 0.5 54 0.9 70 0.5 
7047 28 0.5 34 0.6 58 0.9 67 0 81 0 85 0.7 89 0.5 91 0 
7113 38 0.5 
7266 13 0 18 0.4 20 0.6 34 0.4 72 0.7 75 0 88 0.5 
7610 6 1 12 0 14 0 51 0.7 80 0 81 0 
7796 14 0 36 0.7 54 0.5 71 0.4 80 0.3 89 1 90 0 99 0 
7823 4 1 23 0.8 28 0.7 31 0 35 1 
7867 5 0.7 13 0.4 26 0.6 42 0.9 60 0.4 93 0.3 98 0.7 
7977 25 0.5 43 0 53 0.5 77 0.6 85 0.4 89 0.8 91 0 
8151 29 0.8 61 0.6 81 0.5 92 0.9 
8202 92 0.4 
8222 15 0 32 0.6 48 0 66 0.6 69 0.7 81 0.7 
8350 1 0.6 19 0.7 26 0.5 33 0.5 51 0.4 58 0 77 1 86 0.9 94 0.9 
8497 8 0 12 0.9 18 0.3 19 0.4 21 0.4 23 0.8 26 1 46 0 93 0.3 
8599 7 0.9 21 0.4 26 0.5 33 0.4 48 0 78 0 79 0.6 
8645 64 0 
8682 5 0.5 8 0.8 30 0.8 45 0.5 73 1 99 0.9 
8910 42 0 56 0.4 75 0 99 0.4 
9238 13 0.9 39 0 41 1 44 0.8 66 0.7 72 0.6 73 1 77 0.7 99 0.9 
9347 0 0.9 24 0 33 0.3 42 0 60 0.3 71 0.7 82 0.8 92 0.5 96 0.6 99 0.9 
9442 12 1 16 0 20 0.3 34 0.9 65 0.4 66 1 73 0 83 0.8 85 0.3 96 1 
9459 9 0.5 15 0.7 21 0.6 40 0.7 63 0.7 64 0.6 79 0.8 
9624 4 0 18 0 23 0.7 28 1 42 0.7 54 0.4 74 0.4 
9876 19 0 21 0.5 24 0.8 44 0.4 52 0.4 56 0.8 73 0.3 82 0 83 0.3 87 0.5 
9948 13 0.9 52 0 53 0.5 65 0.4 67 0 98 0.8 
