100
49 66 0.9 67 1 71 0.5 83 0 84 0.7 86 0.3 99 0.7 
92 7 1 8 0 29 0.8 92 1 
122 32 0.4 35 0.7 44 0.9 55 0 56 0.7 60 0.5 78 0.7 86 0.5 92 0.5 
147 33 0 37 0.6 44 0.6 51 0.3 53 0 58 0.5 60 0 77 0.5 80 0.7 83 1 
172 6 0.7 13 0.5 25 1 54 0.8 58 0.4 87 0.5 90 0.9 96 0.7 
284 72 0.7 87 0.4 
448 18 0.3 20 0.6 23 0.4 33 0 40 0 67 0.6 82 0.7 
543 12 0.7 31 0.9 42 0.6 56 0.6 65 0.8 80 0.8 
892 31 0.8 42 0.3 51 0.4 82 0.3 95 0.9 99 0 
1013 25 0 37 0.8 56 0.3 60 0.8 93 0 96 0.6 
1029 14 0.5 18 0.5 
1140 16 0.3 23 1 26 0.5 32 1 44 0.3 66 1 73 0.4 75 0 85 0.3 
1210 61 0 97 0 
1296 16 0.9 39 0.9 84 0 
1356 4 0.7 14 0.4 23 0.7 38 0.9 40 0.8 62 0.8 64 0.3 71 0.9 82 0.7 
1391 31 0 78 0.5 
1428 31 0.3 39 0.4 54 0.3 57 0 74 0.7 75 0.4 77 0.4 81 0.7 
1479 16 0.3 18 0.3 31 0.8 34 0.3 35 0 49 0.8 52 0.9 53 0 64 0 90 1 
1518 24 0.3 36 0.7 54 0 62 0.3 67 0.5 85 0.3 87 0 90 0.4 99 0.7 
1533 5 0.5 28 0.4 92 0.9 95 0.8 
1685 11 0.8 
1814 45 0 46 0 55 1 86 0.4 98 0.8 
1906 40 0.8 50 0.3 54 0.5 56 0.6 69 0.8 85 0.5 98 0.7 
1983 42 0.4 46 1 49 1 52 1 77 0.6 89 0.8 
2071 56 0.3 58 0.5 65 0 70 0.6 
2105 21 0.3 35 0.3 43 1 58 0 72 0 73 0.5 90 0.5 91 0.3 93 0.9 
2113 3 0.4 4 0 6 0 22 0 28 0 35 0.8 57 0.9 65 0 72 0.5 92 0 
2128 86 0 
2157 4 0.5 5 0.8 31 0.6 32 0.3 36 0 45 0 49 0.4 51 0.8 70 0 86 0 
2205 37 0.6 38 0.9 42 0.7 45 0.5 77 0.7 81 0 88 0.6 
2439 57 0.4 97 0 
2468 9 1 46 0.7 75 0.5 
2628 3 0.6 5 1 34 0.7 46 0 65 0.9 77 1 86 0.8 87 0 99 0 
2813 9 0.8 12 0.3 15 1 31 0.7 43 0 57 0 61 0 77 1 97 0.5 
2858 17 0.5 88 0.8 
3130 27 0.3 
3201 16 0 19 0.8 26 0.7 27 0 29 0.6 38 0 71 0.4 81 0.5 95 0.5 
3373 48 0.7 61 0.8 
3384 40 0.3 43 0.3 48 0.4 78 0.7 
3640 38 0.5 48 1 60 0.9 69 0 72 0.4 83 0 92 0.3 
3649 19 0 27 0.3 35 1 41 0 54 0 60 0.7 66 0.5 73 1 85 0 90 0.3 
3707 35 0.9 46 0.9 64 0 66 0.9 70 0.4 72 1 90 0.8 
4086 9 0 10 0.8 17 0 36 0.8 79 0.4 
4177 0 0 92 0.3 93 0 
4255 47 0.5 60 0.3 
4295 4 0.5 30 0.5 52 0 56 0.9 63 0.7 75 0 79 0 81 0.8 
4309 16 0.8 28 1 41 0.8 47 0.7 54 0 60 0 
4354 18 0.5 49 1 54 0.4 58 0 73 0 74 1 98 1 
4456 6 0 
4481 2 0.6 4 0.6 30 0.5 71 0.6 72 0 90 0.6 
4499 35 0 68 0.7 88 0 
4570 0 0 5 0 21 0.8 56 1 60 0.8 69 0.4 72 0 84 0.7 97 0.9 
4863 50 0 56 0 
5188 49 0.3 
5189 19 0.8 30 0.8 58 0 
5424 33 0.6 87 0.6 96 0.9 
5428 4 0.5 46 0.9 59 0 
5461 20 0.3 26 0 27 0.9 42 0.4 63 0.5 
5487 1 0 2 0.3 11 0.4 35 0.3 54 0.4 69 0 71 0 79 0 85 0 
5532 1 0.6 2 0.6 11 0 62 0.8 91 0 93 0.5 99 0.6 
5678 29 1 71 0.3 74 0.9 
5891 25 0.9 32 0.9 40 0.6 59 0.9 66 0.7 89 0 
6004 4 0.4 42 1 80 0 
6056 6 0.9 37 0.4 40 0 47 0.9 61 0.4 97 0.9 99 0 
6086 14 0.7 35 0 40 0 60 0.8 
6116 20 0.5 22 0.6 
6217 93 1 
6300 85 0.3 
6441 0 0 1 0.5 20 0.3 44 0.8 
6501 7 0 13 0.6 16 0.3 38 0.3 45 0.5 60 0.5 64 0.5 67 0.7 68 0.6 93 0.5 
6640 7 0 
6676 21 0.4 40 0.5 74 0.9 81 0.7 
6748 82 0.3 97 0.4 
6762 27 0.3 
6810 14 0.6 75 0 
6878 29 0.8 45 0.9 49 0.6 68 0.8 89 0.6 
7276 89 0.7 
7334 43 1 48 0.4 51 0 80 0 
7357 58 0.8 
7428 19 0.9 56 0.4 92 0.4 
7707 0 1 21 0 31 0.5 60 0.4 82 0.9 85 0 
7911 15 0.3 25 0.6 48 0 49 0.7 59 1 65 0 66 0.8 69 0.7 78 1 96 0 
8070 5 0.7 9 0 14 0.8 16 0 49 1 51 0.4 60 0 62 0.9 90 0 
8174 23 0.8 34 0.9 56 1 66 0.6 69 0.9 
8231 91 0.6 
8299 23 0 24 0.9 35 1 51 0 54 1 55 0 57 0 77 0.8 84 0.5 96 0.8 
8468 17 0.3 24 0.9 40 0.7 49 0.6 90 0.7 
8505 7 0.4 32 0.6 35 0.9 39 0 40 0.3 78 0.8 79 0 
8524 13 0.5 23 0.4 35 0 41 0.7 47 1 55 0.6 64 1 80 0 89 0.9 
8526 10 0 11 0.9 34 0 36 0.4 59 0.7 85 0.9 93 1 
8535 4 0.7 26 0.7 27 0 30 0.5 40 0.7 70 0.8 81 0 94 0 
8691 1 1 49 1 51 0 60 0 65 0.9 79 0.9 89 0 
8720 5 0.5 46 0.9 74 1 86 0.6 89 0 
9077 1 0.8 2 0.6 5 1 7 0.3 10 1 19 0 49 0.4 86 0.7 94 0 97 0.7 
9246 6 0 7 0 50 0.6 58 0 61 0 84 0 85 0.3 95 0.4 
9274 12 0 25 0.7 31 0 64 0.8 87 0.5 
9440 19 0.3 39 0.7 47 0 52 0.8 87 0.7 
9894 0 0.4 6 0 25 0.6 30 1 32 0.5 39 0.5 52 0.4 55 0.9 58 1 95 0.7 
9934 3 0.4 4 1 16 0.7 30 0 44 0 71 0 78 0.9 96 0.4 
9974 22 0 40 0.6 52 0.3 72 0.3 73 0 98 0 99 0.5 
