100
4 2 0.6 7 0.4 18 0 22 0.5 30 0.4 36 0.5 57 0.9 68 0.6 
31 10 0 19 0 42 0.7 65 0.3 67 0.6 71 0.6 81 0.7 95 0.6 
53 58 0.6 84 1 
247 9 0.4 45 0 73 0.6 88 0.3 93 0 96 0.5 
438 30 1 66 0.8 85 0 91 0.8 
546 6 0 55 0.4 
578 5 0 6 0.4 10 0.6 57 0.7 63 0.4 66 0.7 85 1 90 0 94 0 
772 0 0 24 0.7 60 1 70 0.5 
790 13 0.6 30 0.5 34 0 42 0.7 63 0.7 66 0.3 70 0.6 74 0 98 1 
798 3 0 40 0.9 46 0 48 0.8 57 0 64 0 72 0.5 90 0.9 
871 3 0.9 18 1 
883 5 0 15 0.5 16 0.6 22 0.8 25 0 31 0.8 68 1 72 0.8 94 0.4 
945 9 1 32 0.6 33 0 
977 0 0 6 0.3 8 0.4 75 0.6 77 0.3 
1031 80 0.7 
1110 24 0.4 25 0 28 0.6 39 0 43 0 70 0.8 73 0.6 80 0.8 86 0.6 89 0.5 
1146 18 0 43 0.6 55 0 81 0.4 
1165 4 0 12 0 13 0.6 30 0.9 35 0.4 67 0 91 0.5 92 0.7 98 0.5 
1320 11 1 16 0.8 61 0.8 
1423 2 1 5 0.8 22 0.5 38 0 76 0.8 84 0.6 
1449 22 0 77 0.4 
1551 3 0.7 25 0.7 37 1 45 0 65 0 78 0 
1726 9 0.9 21 0.9 27 0.5 45 0.4 54 0.3 57 0.7 69 0.7 90 0.5 95 0.4 99 0 
1727 14 0.8 50 0 52 0.4 62 0.9 65 0 73 0.4 77 0.4 97 0.6 
1882 12 0.5 38 0.4 64 0.7 93 0 
2047 8 0.5 31 0.5 44 0.5 55 0.5 77 0.6 
2054 36 0.9 58 0 78 0.8 
2115 4 0.7 7 0.6 32 0 45 0.7 59 0.7 84 0 85 0.9 89 0 94 0 99 0.3 
2181 14 0 24 0.8 36 1 45 0.8 72 0.4 92 0.4 97 0 
2213 24 0.5 49 0.6 70 0.8 95 0 
2294 4 0.4 55 1 62 0.6 65 0.8 70 0 74 0.8 85 0 97 0.8 
2299 2 0.4 3 0.4 37 0 43 1 82 0.5 
2343 30 0.8 33 0 35 0 43 0.6 64 0.3 90 0.3 93 0.8 
2406 28 0.4 45 1 47 0 66 0 71 0.5 72 0.6 
2468 9 0.7 46 1 75 0.8 
2548 15 0.4 55 0.3 60 0.6 72 0.9 82 0.4 93 0.4 99 0.7 
2592 10 0.3 14 0.8 19 0.8 40 0.7 53 0 57 0.8 64 0.3 77 0.8 
2682 3 0.9 18 0 19 0.7 20 0.8 24 0.7 27 1 69 0.6 76 0.6 90 0 
2894 23 0 95 0.6 
3006 74 0 87 0.9 
3028 73 0.6 85 1 
3125 39 0 51 1 56 0.8 59 0.5 61 0.4 64 0.4 70 0.8 78 0.4 90 0 
3198 94 0.4 
3258 7 0.7 14 0.4 21 0 41 0.7 60 0 78 1 81 0.8 88 0 89 0.3 98 0.6 
3332 12 0.6 
3360 41 0.8 77 0 
3450 28 0.3 52 0.9 54 0.3 66 0.5 83 0.7 89 0.7 
3557 1 0.9 17 0 28 0.6 90 1 96 0.6 
3644 39 0.8 44 0.5 
3656 1 0.3 38 0.9 71 1 96 0.8 
3685 31 0 
3790 5 0.7 12 0 20 0.6 35 0.4 53 0.4 86 1 97 0.4 
3846 2 0.4 33 0.9 46 0.5 54 0.9 55 0.8 57 0 92 0.7 95 0.3 
3980 4 0.4 21 1 28 0.6 36 0.3 40 0.3 49 0.8 52 0 67 0 87 0.7 
4179 8 0 42 0 90 1 93 1 99 0.8 
4205 17 0.9 26 1 44 0.5 54 0.5 62 0.8 63 0.5 64 0.5 77 0.4 89 0 90 0.3 
4437 17 0.3 79 0 86 0 88 0.9 
4586 1 0.8 5 0.3 26 0.4 86 0.3 87 0.7 
4609 45 0 
4612 0 0.9 17 0.8 35 0 38 0.4 44 0 48 0.6 91 0 92 0.4 96 0 
4815 26 0 38 0.5 48 0.7 52 0.3 68 0.9 
5211 31 0.7 46 0.7 48 0.7 75 0.8 
5234 55 0.9 73 0 77 0.3 86 0.3 
5354 6 0.4 8 0.3 29 0 31 0.5 35 0 44 1 58 0.9 64 0 92 0 
5797 20 1 34 0.4 45 0 55 0.7 61 0.9 81 0.9 
6523 23 0.3 28 0.9 29 1 56 0.3 65 0.6 
6612 12 0 31 0.5 51 0 
6775 12 1 50 0.4 65 0 92 0.4 
6842 5 0 51 0.4 58 0 76 0.3 81 0 
6867 43 0 83 0 
6921 24 0 33 0.7 38 1 60 0.4 68 0 78 0.5 79 0.3 
7012 16 0 22 0.4 44 0 55 0.8 64 0.3 82 0.9 85 0 97 0 
7425 8 0.3 
7588 2 1 19 0 36 0.3 57 0.8 68 0 
7781 34 0.8 
7816 4 0 16 1 20 0.3 30 1 38 0.8 59 0.4 64 0.5 
7945 27 0.9 41 0.7 54 0.5 68 0.3 69 0.5 73 0 75 0 85 0.8 93 0.7 
8129 5 0.5 9 0 14 0.9 16 0 32 0.5 47 0.5 48 1 
8150 42 0 64 0 
8297 2 0.3 73 0.4 92 0.7 
8491 7 0.7 17 1 27 0.7 48 1 72 0.8 87 0 88 0.5 99 0 
8550 7 0 17 0.5 23 0.6 36 0 55 0.8 60 1 73 0.3 74 0.6 92 0.9 
8554 52 0.8 
8585 5 0.8 18 0.9 38 0.8 45 0.8 47 1 76 0.6 82 0 
8606 13 0.5 15 0.6 17 0 36 0.4 58 0.5 59 0.7 74 0.6 80 0.3 94 0 96 0.9 
8832 36 0 65 0.3 
8854 5 0.5 45 0.7 60 1 75 0 83 0 94 0.3 
8960 1 0 6 0 7 0.3 25 0 53 0.6 78 0.9 98 0.8 
9068 16 0.5 21 0.9 36 0.3 44 0 47 0.5 58 0 65 1 84 0.8 86 0.3 94 0.4 
9082 15 0.4 18 0.3 28 0.6 33 0.4 40 0 48 0.5 65 0.3 79 0.8 84 0 87 0 
9261 5 0.8 12 0.9 14 1 23 0.3 40 0.9 78 0 86 1 
9570 76 0.4 
9654 1 0.9 23 0.4 32 0.8 35 0.6 39 0.9 71 0.3 77 0 97 0.6 
9679 15 0.7 41 0 62 0.7 
9805 5 0 26 0.8 38 0 44 0.3 47 1 54 0.8 65 0.8 68 0.7 84 0 94 0.5 
9882 35 0 40 0 42 0 67 0 68 0.3 72 0.4 93 0.4 
9903 6 0 64 0.4 65 0 68 1 70 0 79 0.7 
9906 28 0.5 32 0 51 0 90 0.4 91 0.5 
9913 22 1 24 0.3 39 0.6 61 0.3 92 0.3 98 0 
9969 89 0.4 
