100
252 3 0 28 0.8 32 0 51 0.8 59 0.8 62 0.6 82 1 
310 63 0.3 96 0 
393 14 0.7 53 0.5 57 0 60 0.8 72 0.3 84 0.3 97 0.7 
425 27 0.6 38 0.6 39 0.9 
458 1 0.8 6 0.4 11 0.7 27 0.9 49 0.3 51 0.9 56 1 71 0.9 97 0 
479 1 0 13 0.6 18 0.5 27 0 43 0.5 70 0.5 92 0.3 94 0.7 
541 13 0 14 0 25 1 29 0 50 0.6 54 1 82 0.6 90 0.7 92 0 
572 0 1 4 0.9 18 0.5 38 0.8 75 0.4 
682 19 0.7 81 0.3 87 0.5 91 0.7 
811 13 0 14 0.3 42 0 72 0.5 92 0.6 94 0.4 99 0.5 
901 39 0.4 82 0.6 89 0.7 
923 45 0.4 69 0.9 
937 15 0.5 37 0.7 76 1 81 0.8 83 0 
972 8 0.4 12 0 24 0 37 0.8 47 0.4 48 0.7 61 0 83 0.3 84 0.4 85 0.5 
996 9 0 12 0.9 47 0 56 0.6 57 0.3 58 0.8 81 0.5 89 0.8 
1038 13 0.7 38 0 74 0.6 83 0 
1182 34 0 
1190 9 0.7 40 0 69 0.4 
1265 0 1 6 0.9 13 0.8 31 0.8 40 0.9 46 0.9 85 0 97 0.4 
1336 3 0 9 1 11 0 28 0.5 57 0.3 64 0.5 
1381 4 0.5 5 0.8 56 0.3 69 1 77 0 84 0 88 0 98 0.9 
1417 47 0.9 
1451 15 0 37 0.9 
1518 24 0.8 36 0.9 54 0.4 62 0.9 67 0.3 85 0.9 87 0.3 90 0.4 99 0.4 
1576 18 0 28 0.6 32 0.4 48 0.6 58 0.3 60 0.7 99 0.4 
1591 23 1 27 0.4 34 0.3 44 0 52 0.7 58 0.9 63 0.9 65 0 70 0.5 94 0 
1592 67 0.3 
1639 0 0.6 5 0.6 15 1 16 0.5 26 0.6 57 0.6 58 1 90 0.5 
1684 99 0.8 
1788 6 0.3 21 0.9 23 0.3 34 0.6 52 0.9 73 0 76 0.9 77 0.9 83 0.4 
1800 98 1 
1892 8 0.4 13 0.5 32 0 61 0.4 64 0 71 0.8 79 0 85 0 91 0.9 96 0.4 
2026 1 0 11 0 20 0 33 0 56 0 71 0.3 89 0.5 95 0 
2302 0 0 25 0.9 34 0.9 43 0.5 64 0.8 80 0 88 0 
2483 28 0.5 40 0.4 62 0.7 80 0.4 97 0.3 
2539 12 0.7 13 0.6 19 0 22 1 93 0.7 97 0.5 
2560 4 0.9 17 0 23 0.5 43 1 46 0.7 59 0.7 63 1 70 0.5 99 0.3 
2618 8 0.5 
2627 13 0 20 0.3 33 0.3 34 0 54 0.5 62 0 86 0 
2736 71 0 
2809 90 0.7 
2922 97 0.4 
3157 11 0.5 13 0 65 0 71 0 93 0.5 
3177 8 0.5 14 0 42 0.9 45 0.9 65 0 94 0.5 99 0.8 
3204 11 0.3 20 0.8 25 0.8 34 0 56 0.3 65 0.9 66 0 91 0.6 95 0.6 98 0.3 
3261 2 0.4 14 0.3 26 0.6 36 0 57 0.5 94 0 96 0.7 
3335 2 0.4 
3439 11 0.8 12 0.4 18 0.6 29 0 32 0.3 41 0.9 51 0 95 0.5 
3515 6 0.8 21 0 59 0.3 68 0 
3600 43 0.3 44 1 45 0.3 52 0.5 58 0.9 62 0.6 84 0.9 87 0.5 97 0 
3621 33 0.6 42 0 47 0.5 62 0.8 75 0 
3727 18 0.4 43 0 51 0.3 59 0 73 0.3 99 0.8 
4026 64 0.5 
4072 24 0.9 63 1 66 0.8 84 1 
4148 24 0 40 0.4 41 0.6 48 0.3 56 0.5 58 0.7 65 0.4 71 0.4 72 0.9 95 0.5 
4201 20 0.5 27 0 71 0.7 90 1 93 1 99 0.7 
4488 2 0.8 26 0 30 0 67 0.5 68 0.9 73 0 98 0.8 
4534 3 0.4 5 0.7 6 0.4 22 0 50 0.8 76 0.9 85 0 94 0.5 97 0.5 98 0.6 
4541 7 0 10 1 56 0.3 75 0 92 0.3 
4554 4 0 41 0.8 47 0 55 1 
4701 2 0.4 48 0.8 
4898 18 0.6 47 0.9 50 0 54 0 63 0.9 99 0 
4904 36 1 55 1 62 0 66 0 72 0 76 0.6 86 0.5 
4949 97 0.6 
5142 17 0 19 0.8 28 0.7 30 0 78 0 
5193 9 0.9 15 0.5 35 0.7 40 0.8 46 0.3 51 0 56 0.3 70 0.9 76 0 85 0 
5390 6 0 12 0.7 21 0.8 29 0 63 0 67 0.9 76 0.4 83 0.7 87 1 96 0 
5684 4 1 5 0.6 25 0.7 29 0 39 0.6 53 0.3 61 0 64 0.7 92 0.7 97 0.4 
5796 36 0.9 37 1 43 0.9 45 0.3 72 0.6 79 0.8 82 0 90 0 95 0 
6296 18 0 29 0.4 30 0.3 42 0.7 52 0 89 0 98 0.8 
6344 5 1 6 0.8 18 0 19 0.9 21 0 36 0 45 0 60 0.6 66 0.8 93 0 
6374 0 0.6 1 0 7 0.7 11 0.7 23 0 55 1 58 0 72 0 78 0.8 
6486 54 0.5 82 0 
6729 6 0 17 0.3 49 0.6 57 0.6 67 0 75 0 
6772 33 0.5 43 0.3 70 0.4 85 0.8 
6855 17 0.4 37 0.9 
6893 37 0 41 0 47 0.9 50 0.5 59 0 94 0.8 96 0.6 99 0.7 
6911 6 0 70 0.8 96 0.4 
6919 4 0 8 0.5 14 0 28 1 40 0.7 45 0 54 0.7 80 0.6 92 0.8 
7055 30 0.6 60 0.6 80 0 93 0 95 0.8 
7297 7 0.9 68 0.9 71 0.9 92 0.5 95 0 
7552 9 0.3 14 0.7 18 0 26 0.9 29 1 47 0 67 0.3 70 0 82 0.4 89 0.6 
7702 4 0.4 13 1 15 0 43 0.6 52 1 55 0 65 0 77 0.3 
7727 0 0.4 21 0.7 46 0.8 51 0.7 93 0.8 
7772 1 0 7 0.9 11 0 17 0.6 30 0.9 55 1 56 0.6 70 0.3 82 0 
7831 38 0.8 62 0 71 0.7 98 0.6 
8164 5 0 11 0.6 12 0.6 50 0.4 64 0 69 0.5 72 0.5 
8487 21 0.6 32 0 85 0.7 
8531 3 0.7 35 0.5 36 1 43 0.6 51 0.8 58 0 68 0 79 0.7 96 0.7 
8688 11 0.3 29 0 44 0 71 0 72 0.6 93 0.8 96 0.3 
8936 7 0 19 0.9 26 0.9 29 0 47 1 55 0.3 70 0.8 82 0.5 
8973 24 0 59 0.6 64 0.8 73 0.7 79 0.9 98 0 
8984 51 0 64 0 98 0.7 
9057 82 0.9 
9184 6 0.5 21 0.7 24 0.3 68 0 85 0.3 91 0.3 
9204 32 1 73 0.4 82 0.8 
9725 2 0.4 67 1 79 0 84 0.5 97 0.4 
9776 4 0.6 30 0.9 31 0.3 44 0 72 1 73 0.5 
9970 6 0.3 13 0 21 0 22 0.8 23 0.9 33 0 66 0.3 86 0 90 0 
9990 54 0 57 0.8 61 0.7 87 0.8 91 0.5 92 0.4 
