100
205 25 0.4 
264 8 0.3 13 0.6 37 0.6 46 0.8 60 0 74 0 82 0.8 
292 23 1 35 1 49 1 60 1 70 0 80 0.7 96 0 99 0.8 
451 4 0.4 29 0.3 30 0.7 34 0 35 0 39 0.3 43 0.8 92 0.6 
470 14 0.6 18 0.5 19 0.6 33 0 41 0 50 1 61 0.3 70 0.5 85 0.3 95 1 
553 0 0.3 9 0 59 0.9 60 0.4 61 0.3 67 0.3 77 0.9 
617 10 0.5 18 0.5 32 1 33 0.4 46 0.5 95 0.6 
688 17 1 33 0.9 51 0.3 70 0.6 73 0.8 77 0.9 80 0.3 81 0.7 
763 16 1 17 0.8 19 0 26 1 34 0 43 0.8 55 0.7 68 0.6 92 0.7 
766 3 1 22 0 45 0.3 60 0.3 69 0.3 70 0.9 78 0.8 84 0.6 94 0.6 
805 22 0.7 29 1 33 0.5 35 0 68 0.3 75 0.9 94 0.4 
860 24 0.3 54 0.9 75 0.7 
917 9 0.3 15 0.7 37 0.4 42 0 84 0.4 97 0.7 
1029 14 0.7 18 0 
1103 79 0 
1105 11 0.5 31 0.4 50 1 80 0.5 81 1 95 0.8 97 0.6 
1155 5 0.3 7 1 16 0 18 0.5 25 0.5 47 0.5 66 0.3 98 0.8 
1176 8 0.8 11 0.7 13 0.7 14 0.8 30 0.7 38 0.3 40 0.4 57 0.7 60 0.6 79 1 
1212 8 0.6 38 0 41 0.6 52 0.5 
1343 33 0.5 50 0.6 84 0.3 99 0.7 
1409 16 0 20 0.8 46 0 73 0.5 76 0.9 79 0 
1745 42 0.6 54 0.3 59 0.7 68 0.7 70 0 76 0.8 84 0 90 0.4 
1791 46 0 61 0.5 99 0.3 
1896 46 0.9 60 0 62 0 71 0.3 87 0.8 96 0.9 98 0 
1901 22 0 39 0.3 57 0.4 
1928 8 0.4 25 0.7 36 0 54 0.9 55 0.4 70 0.7 96 0.4 
1954 23 0.4 50 0.5 72 0.3 74 0.5 
2008 5 0.7 6 0.6 15 1 46 0.7 47 0.3 52 0.8 
2039 4 0 11 0.4 28 0.5 29 0.3 59 1 62 0.5 71 0 73 0.5 
2064 55 0 75 0.8 90 0.9 93 0.8 94 0.6 
2117 49 0.9 53 0.7 
2168 6 0.8 15 0 32 0.9 52 0.6 65 0 
2543 1 0.6 3 0.7 21 0.3 29 0.7 34 0.3 72 0 75 0.5 79 0 89 0.4 
2583 0 0 6 0.4 16 0.7 64 0.4 65 0.7 
2765 22 0.8 26 0.3 27 0.7 32 1 35 0.6 45 0.4 69 0.8 85 0.6 91 0 
3104 0 0.4 19 0 20 0.7 45 0.3 66 1 83 0 
3138 11 0 39 0.4 49 0.9 60 0.4 92 0.6 96 0.8 
3293 0 0 20 0 22 0.9 23 0.6 36 0.7 41 0 60 0.9 62 0.9 97 0.9 99 0 
3377 9 0.5 39 0.5 40 0 42 0 86 0.9 
3471 27 0.5 
3633 26 0.4 47 0.9 56 0.6 
3691 4 0.5 22 0 23 0 64 0.9 69 0.9 70 0.9 72 0.5 87 0 98 0.6 
3786 4 0 13 0 14 0 49 0 74 0 91 0 
3989 41 0.5 55 0.5 63 0.9 81 0.6 
3999 17 0 19 0 27 0 48 0.3 49 0.8 96 0.4 
4040 13 0 52 0 54 0.7 61 0.4 65 0.6 68 0 83 0.8 89 0 91 0.8 
4052 23 0.6 45 0 49 0.7 53 0.8 74 0.9 
4085 1 0.7 4 0 22 0.3 40 0.5 43 0.6 53 0.9 64 0 66 0.9 86 0.8 95 0.4 
4342 99 0.5 
4418 67 0.9 77 1 
4602 0 0 39 0 60 0.4 61 0.6 
4613 4 0.9 16 0.5 76 0.9 83 0.7 89 0 95 0.3 99 1 
4752 27 0 46 0 74 0.3 
4816 34 0.8 35 0.5 37 0 38 0.9 45 0.5 58 0.6 64 0.8 73 0 80 0.5 90 0.9 
4957 28 0 32 0.4 35 0.6 45 0.7 58 0.5 62 0.9 95 0.9 
5149 28 0 29 0 36 0.5 44 0.9 53 0 68 1 69 0.6 76 0.3 79 0.8 81 0.8 
5233 2 1 24 0 42 0 60 1 64 0.3 91 0.9 95 0.3 96 0.4 
5249 97 0.3 
5366 63 0.7 65 0 82 0 
5493 1 0.6 40 0 98 0.4 
5601 1 0 33 0.9 38 0.9 47 0 52 0.9 76 0.9 77 0.8 88 0 
5703 9 0.4 99 0.6 
6074 19 0 
6081 5 0 8 0.8 16 1 18 0.5 19 0.7 21 0 25 0.5 39 0.8 49 0 59 0 
6588 18 0.9 42 0.5 47 0 55 0.5 
6973 15 1 23 0 24 0.5 60 0.8 
7066 6 0.5 52 0.8 62 0.5 82 0.8 96 0 
7158 22 0.7 41 1 45 0 52 0.7 60 0.7 61 0 66 0 85 0.4 86 0.8 93 1 
7259 2 0.3 3 0.6 10 0 22 0.8 25 0.5 35 0 48 0 68 1 76 0.5 98 0.5 
7360 12 0.8 62 0.5 75 1 83 1 87 0.6 88 0.3 89 1 
7546 63 1 70 0.5 
7682 94 0 
7730 4 0.9 8 0.9 41 0.7 
7797 0 0 18 0 53 0 58 0 59 0 66 0.6 92 1 96 0.6 98 0.6 
7827 16 0.3 18 0.9 22 0.4 62 0 70 0.7 
7866 0 0 88 0.7 
7888 21 0.6 32 0.8 33 0 51 0.7 
7959 18 0.4 25 0.9 34 0.3 70 0.7 75 0.3 77 1 78 1 81 0.7 89 0 98 1 
8106 4 0.8 26 0.7 45 0 77 0.3 
8151 29 0 61 0.9 81 0.6 92 0 
8199 0 0 8 0.4 40 0 77 0.3 83 0.9 
8220 0 0.4 45 0.6 66 1 
8275 92 0.6 
8355 27 0.9 42 0 81 0 83 0 
8417 17 0.6 59 0.4 63 0.4 68 0.9 80 0 82 0.6 83 0.7 89 0 93 0.9 
8487 21 0.9 32 0.7 85 0 
8907 50 0.8 81 0.8 
9112 37 1 57 1 69 0 83 0 95 0.9 
9196 91 0 
9303 2 1 7 0 10 0.8 15 1 17 0.5 25 0.6 26 0 39 0.5 54 1 85 0 
9494 7 0.3 20 0.5 41 0.4 51 0.3 68 0 
9539 5 0.9 21 1 48 0 62 0 65 0 69 0.4 
9654 1 0.3 23 0 32 0 35 0 39 0 71 0.4 77 0 97 0.9 
9661 40 0.6 62 0.9 83 0.6 90 0 94 0 
9662 9 0 24 1 36 0.8 43 0.6 60 0.8 74 0.8 75 1 84 0.3 97 1 
9696 4 0.6 15 0.9 29 0.9 31 0 39 1 52 0.3 61 0.8 78 0.8 85 0 
9730 26 0 75 0.6 99 0.7 
9829 59 0.5 61 0.6 84 0.9 86 0.6 
9931 11 0.8 16 1 18 1 33 0 48 0.5 82 0.5 88 0.9 
9970 6 0 13 0.4 21 0.9 22 0.3 23 0 33 0.7 66 0.3 86 0 90 0.3 
