100
1 69 0 
33 10 0 16 0.8 21 0.3 28 1 42 0.3 49 0.3 56 0.3 64 0 85 0.5 96 0 
117 1 0 19 0.6 47 0.5 70 0 77 0 83 0.7 88 1 96 0.8 97 1 
214 17 0.7 77 0.5 94 1 
218 9 0 13 0.3 34 0.5 43 0 54 0 59 0 60 0 94 0 95 0.7 
254 38 0.3 49 0.8 54 0.7 63 0.5 65 0 99 0.3 
257 47 0.4 69 0.9 79 0.5 82 0.4 90 0 
304 6 0 8 0.9 13 0.7 20 0.6 28 0 45 0.6 58 0.3 68 0.4 91 0.8 95 0.8 
341 12 0.3 16 0.9 39 0.4 46 1 49 0.4 51 0 72 1 80 0.6 
530 3 0 24 0.7 41 0.9 44 0.4 46 0.8 56 0 65 0 76 0 86 0 91 0.5 
657 24 0.7 68 0.4 76 0.6 
701 5 0.4 6 1 12 0.9 21 0.6 24 0 32 0.8 56 0.3 76 0 93 0.3 
767 10 0 38 0.9 
839 0 0.6 4 0.7 21 0.7 23 0 27 0 77 0.9 87 0.9 
846 54 0.9 67 0.4 
1069 15 1 34 0 36 0 79 0 81 0 83 0 
1145 12 1 39 0.6 43 0.3 53 0.7 64 0 71 0.8 96 0.7 
1230 49 0.4 70 0.5 79 0.4 80 0 94 0.3 97 0 
1259 18 0.6 47 0 48 0.5 51 0.4 66 0.5 70 0 90 0.4 
1387 19 0.4 36 0.9 41 0.9 73 0.3 78 0.3 92 0.7 94 0 99 0 
1403 8 0.5 16 0.4 22 0.3 23 0.6 36 0.8 54 0.9 57 0.6 67 0 77 0 
1416 7 0.7 47 0.7 48 0.7 64 0.6 98 0.6 
1547 78 0.3 
1560 17 0.5 19 0.9 43 0 89 0.7 
1573 7 0 9 0.6 13 0.5 17 0.3 28 0.3 39 0.8 42 0.5 58 0.6 76 0.5 
1671 70 0.8 
1704 10 0 87 0 
1726 9 0.4 21 0.5 27 0.9 45 0.5 54 0.6 57 0.6 69 0.9 90 0.5 95 0 99 0.8 
1786 10 1 15 0.8 21 0.3 
1791 46 0.8 61 0.3 99 0.5 
1797 3 0 23 0.5 25 1 68 0 87 1 
2055 11 0.7 23 0.6 34 0.5 39 0.7 52 1 58 0 68 0 90 0.9 
2125 13 0.5 33 0 55 0.8 76 0 83 0.3 
2403 16 0 
2419 14 0.9 24 0.3 38 0.4 59 0 64 0.4 
2474 12 0 35 0 42 0.8 46 0.9 48 0 74 0 88 0 94 0.3 98 0.7 
2480 43 0.9 
2489 5 0 14 0 22 1 31 1 34 0.8 63 0.8 88 1 95 0.9 
2658 35 0.3 40 0.9 46 0 52 0 92 0 94 0 
2669 2 0.9 8 0.3 28 0.6 30 0.5 49 0.4 59 0 85 0.4 92 0.7 96 0.6 
2778 2 0.7 5 0.9 8 0.9 22 0 29 0.9 52 0.8 73 0.4 92 0.6 
3009 14 0 
3028 73 0.4 85 0.6 
3029 35 0.9 52 0.7 66 0.5 97 0 
3085 29 0 59 0.8 87 0.4 97 1 
3421 3 0.3 4 0 16 1 46 0.3 57 0 67 1 80 0 87 0.8 88 0.7 94 1 
3691 4 0.8 22 0 23 0.4 64 0.5 69 0.4 70 0 72 0 87 0 98 1 
3728 15 0.8 19 0.8 52 0.6 56 0.4 
3771 17 0 30 0.3 33 0.9 73 0.4 94 0 95 1 
3843 4 0 6 0.4 
3897 17 0.9 34 0 
3901 8 1 9 0.6 10 0 22 0.5 31 0.5 46 0.3 50 0.3 61 0.6 75 0.5 78 0.3 
4119 6 0 12 0.4 34 0.9 66 0.7 96 0 
4172 45 0.9 84 0.4 
4692 11 0 30 0.5 69 0.8 90 0.5 
4711 4 0.5 8 0 13 0.9 
4786 7 0.8 9 0.3 11 0 29 0.4 54 0.8 80 0.4 86 0.7 
4797 12 0.8 64 0.9 93 0.3 
4870 17 0 25 0 52 0 54 0 66 0 67 0.6 72 0.8 81 0.9 83 0 
5017 9 0.8 22 0.9 34 0.8 43 0.5 44 0.3 45 0.3 71 0.7 82 0 93 0 
5121 12 0.3 31 0.8 44 0 46 0.7 53 0.6 69 0.3 
5411 13 0.3 14 0 76 0 79 0 81 0.3 
5486 13 0 20 0.3 41 0 71 0.6 92 0.9 
5585 2 0.4 
5827 23 0.7 25 0.4 28 0.8 32 0.6 37 0 50 1 51 1 71 0.6 
6344 5 0 6 0 18 0.5 19 0.3 21 0 36 0.9 45 0.7 60 0 66 0 93 0.5 
6484 23 0.9 31 0.3 39 0 50 0 81 0.3 88 0.3 
6557 16 0.4 
6591 15 0.3 24 0 54 0.5 74 0.3 90 0.5 
6688 1 0 24 0 42 1 46 0 51 0.3 55 0.8 60 0.7 
6787 9 0 36 1 59 0.3 60 0.3 
6910 6 0 13 0.9 21 0.3 26 0.9 32 1 82 0 97 0.4 
7151 2 0.9 5 0 19 0.6 65 1 72 0 91 0.4 93 0.7 
7177 35 0 53 0 63 0.6 
7310 4 0.8 8 0.9 12 0.3 38 0 73 0 84 1 
7364 12 1 83 0 
7405 6 0 53 0 55 0.5 
7441 20 0.7 23 1 39 1 54 0.8 66 0.8 74 0 76 0.5 87 0.8 98 0 99 0.9 
7450 11 1 21 0.8 
7720 10 0.4 11 0.5 14 0.7 20 0 41 1 46 0 51 1 58 0 75 0.3 98 0 
7818 96 0.6 
7872 44 0.7 47 0.4 49 0.8 53 0.7 57 0 65 0 70 0.8 76 0.5 99 0.8 
8095 2 0.5 10 0.5 19 0.6 39 0 45 0.8 51 0 73 0.6 79 0.3 87 0.6 
8193 7 1 10 0.4 22 0.8 27 0.9 45 0 54 0.3 74 0.8 84 0 97 0.6 
8201 26 0.6 32 0.6 41 0 47 0 67 1 86 0.6 96 0 
8311 29 0.5 49 0.8 52 0.7 71 0.8 82 0 87 0.6 
8397 5 0 24 0.8 26 0.5 32 0.3 42 0 47 0.8 61 0.7 88 1 
8657 0 0.8 26 0 40 0.9 42 0 49 0.7 70 0.8 85 0.4 89 1 
8880 16 0 17 0 28 1 34 0 57 0.6 70 0.4 71 0.9 82 0 97 0 99 0 
8922 9 0.7 20 1 31 0 52 0.7 72 0.4 
8928 14 0.8 
8935 42 0.4 43 0 44 0.3 62 0.9 91 1 93 0.9 
9010 10 0.4 13 0 42 0.6 53 1 73 0.4 87 0 91 0.3 
9162 1 0.5 9 0.5 17 0.3 22 0 64 0.6 70 0 
9209 64 0.3 83 0.9 
9226 21 0 22 0 67 0.3 93 0.6 94 0.8 96 0.3 
9436 4 0.6 15 1 25 0.9 53 1 61 0 67 0 75 0.4 
9692 11 0.4 18 0.4 19 1 23 0 42 0 73 0 78 0 87 0.3 93 0.4 
9841 3 0.8 43 0 48 1 58 0.5 64 0.7 76 0.8 79 0.5 83 0 91 0.3 
9866 80 0.6 
