100
40 8 1 30 0.5 39 0.9 42 1 44 0.6 56 0 62 0.9 70 0 84 0 87 0.9 
88 5 0 21 0.9 37 0.4 73 0.6 83 0.3 85 0.4 96 0.7 
221 63 1 86 0.3 
226 14 0 31 1 37 0 39 0.5 41 0.9 42 1 44 0 47 0.8 94 0.7 99 0 
401 26 0 36 0.3 53 0.4 68 0 76 1 83 0.4 87 0.7 91 0.4 97 0.9 
511 26 0.3 43 0.5 47 0 50 0 58 0.6 
544 2 0.8 13 1 26 0.3 44 0.9 53 0.8 57 0 60 0.4 69 0.7 82 0.3 
578 5 0 6 0.4 10 0.9 57 0.3 63 0.9 66 0 85 0 90 0.3 94 0.4 
753 0 0 20 0.8 25 0 63 0.5 70 0.5 77 0.5 91 0 
778 4 0.8 28 0 34 0.9 37 0.6 47 0 58 0.4 60 0.4 75 0 88 0.9 
817 6 0.8 13 0.5 18 0 23 0 24 0.3 35 0.4 36 0.7 41 0.5 72 0 77 0.8 
902 17 0.8 22 0.4 30 0.5 52 0 54 0.5 79 0.5 
987 34 0.6 44 0 46 0.5 52 0.7 55 0 56 0.3 66 0.7 
1086 10 0.3 21 1 24 0.7 31 0.6 34 0 38 0.4 41 0 57 0.8 71 0.5 79 0.5 
1224 18 0 21 0.4 48 0 
1298 23 0.5 48 0.6 68 0 77 1 90 0.8 94 0.6 
1415 26 0.6 55 0 96 1 
1567 1 0.9 23 0.7 30 0.9 64 1 70 0.3 81 0 90 0 97 1 
1701 87 0 
1779 19 0.6 22 0.6 25 0.7 30 0.7 39 0 48 0.4 53 0.6 81 1 99 0.7 
1794 1 0.3 19 0 22 0.5 58 0.5 
1821 11 1 40 0.5 44 0 58 0.7 61 0.5 66 0 74 0.6 98 1 
1834 59 0 62 0.3 
1945 17 0 42 0.5 55 0 59 0 68 0.7 80 0.3 81 0.5 95 0 
1949 4 0.8 31 0.6 49 0.8 64 0.7 77 0 89 1 96 0 98 0.7 
1950 16 0.6 58 0.5 82 0.6 86 1 
1957 9 0.9 11 0.3 97 0.5 
2184 11 0.4 28 0.4 80 1 
2210 3 0 43 0.5 88 0.5 
2257 15 0 20 0 25 0.5 31 0.9 68 0.5 80 0 94 1 
2299 2 0.4 3 0 37 0 43 0.5 82 0 
2326 4 1 17 0.4 25 0.5 
2450 84 0.5 88 0.5 
2451 9 0.8 11 0 
2585 14 0.5 24 1 33 0.5 53 0.3 74 0 93 0 
2690 11 0.6 24 0 35 0.9 39 0 51 0.5 62 0.7 78 0 82 0.8 
3169 25 0.8 34 0.6 47 0.9 56 0.8 
3296 11 0.3 13 0.4 37 0.6 41 0.7 51 1 81 0.8 82 0 94 1 
3364 8 1 21 0.9 26 0.7 27 0.4 74 0.9 97 0 
3469 4 0 11 0 16 0.6 23 0.4 44 0 64 0.8 77 0.8 83 0 91 0 
3602 18 0 
3773 1 0.8 3 0.9 4 0.6 12 0.9 15 0.8 34 0.8 58 0.6 81 0.4 93 0 
3873 6 0.5 22 0.7 62 0.7 66 0.9 86 0 94 0.4 
3892 18 0.5 65 0.8 68 0 88 0.5 92 0.3 93 0 94 0.3 99 0.5 
4031 68 0.8 
4107 48 0.7 77 0.3 
4370 4 0.7 13 0.3 15 0.9 25 0 47 0.3 89 1 
4508 46 0.7 
4528 13 0 22 0 36 0.9 43 1 44 1 51 0.9 52 0.6 65 0.5 97 0.3 98 0 
4768 2 0.9 6 0.7 54 0 
4861 16 0 47 0.7 65 0 67 0.4 95 0 
4988 13 0.9 19 0.4 22 0.9 39 0.3 47 0.6 80 0 81 0 82 0.6 87 0.7 98 0.5 
5075 4 0.5 16 0.5 19 0.6 25 1 28 0 33 0.5 46 0.3 59 0.8 79 0.9 88 0.9 
5161 41 0.6 78 0.8 
5339 33 0 84 0.8 
5391 11 0.9 14 0.5 15 0 60 0.3 72 0 90 0 
5439 31 0.5 41 0.8 90 0.3 
5583 2 0.6 19 0.7 29 0.7 41 0.8 75 0.4 77 0.3 
5834 2 1 27 0 28 0.3 29 0.7 50 1 66 0.9 99 0.5 
5841 2 0 7 0 37 0.4 
5986 36 0 
6046 13 0.6 52 0.9 58 0.6 97 0 
6125 31 0.3 38 0.8 42 0 43 1 50 0 51 0.8 74 0.3 79 0.4 84 0 88 0.4 
6222 15 1 20 0.9 
6287 97 0.3 
6355 82 0 89 0.8 
6733 86 0 
6752 88 0 90 0.4 
7057 83 0.3 84 0.7 
7268 0 0.3 6 0.3 9 0.9 12 0 35 0.4 38 0 60 0.4 73 0 80 0.8 92 0.3 
7327 14 0.6 21 0.4 27 0 72 0.3 83 0.6 84 0 95 0.8 97 0.9 
7389 7 0.8 81 0.9 98 0.7 
7437 6 0.3 23 0.9 85 0.5 
7454 22 0.7 31 0.4 36 0.8 62 0.7 86 1 
7484 25 0.3 59 1 68 0.6 75 0.7 80 0.4 83 0.7 87 0 
7555 17 1 26 0.4 31 0 59 0.7 80 0 92 0 95 0 
7588 2 1 19 0 36 1 57 0.5 68 0.5 
7632 25 1 47 0.9 89 1 
7761 21 0.9 
7799 3 0 39 0 46 0.9 54 0.8 67 0.3 70 0 94 0.7 98 0 
7858 21 0.6 28 0.8 38 0.5 42 0 46 0.8 64 0 90 0.3 
7928 53 0.7 86 0 
8212 43 0.9 66 0.7 
8232 13 0 23 0 97 1 
8379 40 0.4 59 0.8 77 0 80 0 
8573 4 0.8 40 0 
8631 7 0.5 17 0.3 30 0.6 62 0.6 72 0.8 76 0.6 
8652 26 0.8 
8726 29 0 51 0.8 87 0.6 
8737 24 0 25 0.3 27 0.4 67 0.6 80 0 99 0 
8780 11 1 13 0 18 0.6 20 0 25 0 34 0.7 67 0.5 73 0.4 75 0.3 99 0 
8802 1 0.3 6 0.9 51 0.8 
8847 3 0 8 0 27 0.7 47 0.8 60 0.3 86 0.9 98 0 
9061 4 1 12 0.6 13 0 20 0.4 88 0.6 
9239 4 0.9 23 0 24 0.5 38 0 54 0 75 0.4 83 0.8 98 0.4 
9526 17 0.3 29 0 31 0.4 83 0.4 87 1 95 0 98 0.3 
9676 13 0 17 0 
9708 8 0.6 15 0 22 0.6 46 1 66 0 69 0.8 71 0.4 80 0.8 91 0.6 
9784 3 0.7 10 0 12 0.4 23 0.5 49 0 50 0.4 62 0.6 83 0 86 0.5 98 0 
9904 24 0 73 1 
