100
83 5 0 8 0.5 13 0.5 21 0.7 37 0.5 42 1 55 0.3 60 0.8 85 0.4 
97 5 0.5 9 0 13 0 16 0.5 54 0.6 62 0 
350 0 0 11 0.8 14 0.6 23 0.3 57 0.9 88 0.3 
593 42 0.8 45 0 53 0 55 0.4 72 0.3 
679 52 0.6 71 1 82 0.5 
772 0 0.6 24 0.4 60 0.9 70 0.7 
803 17 0.4 24 0.5 30 0.4 31 0 37 0 96 0.9 
858 10 0.7 21 0.5 37 0 40 0.4 54 0 57 0 71 0 
948 5 0.4 8 0 22 0 23 0.9 27 0.5 87 0.5 89 0.6 96 0.6 
952 7 0.5 20 0.9 23 0.6 35 0 39 0.4 41 0 58 0.6 67 0 81 0.8 84 0.4 
962 17 0 20 0.6 50 0.3 53 0.3 93 0.8 
963 5 0 17 0.8 20 0.8 40 0.8 46 0.6 60 0 73 0.3 
972 8 0 12 0.3 24 0.4 37 0.9 47 0.3 48 0 61 0.7 83 0.3 84 0.5 85 0.9 
1025 44 0.3 72 0.4 86 0.9 92 0.5 
1159 59 0.7 96 1 97 0.4 
1170 0 0.7 19 0.5 45 0 60 0.9 79 0.6 80 0.5 84 0.7 89 0.8 97 0.5 
1268 6 0.3 25 1 34 0.5 71 0.3 79 0.5 86 0.8 
1302 17 0.5 28 0.7 42 0 61 0.9 79 0.5 
1382 31 0.6 64 1 67 0.6 79 1 
1551 3 0.5 25 0.5 37 0.8 45 0 65 0 78 0.3 
1568 44 0 48 0.9 
1860 11 0 12 0 13 0.6 19 1 21 0.9 57 0.7 74 1 95 0 
1869 2 0.4 13 0 16 0 17 0.6 25 1 26 0.9 27 0.9 49 0 70 0.8 91 0.7 
1964 32 0.4 33 0 39 0.5 70 0 75 0 81 1 84 0.6 
1987 34 0.3 52 0.5 66 0.4 
2018 35 0.8 43 0.8 
2035 47 0.7 58 0 79 0.8 
2182 7 0 13 0.3 19 0.6 27 1 34 0 78 0.3 83 0 90 0 
2236 15 0.9 18 1 68 0 75 0.9 92 0.9 94 0 95 0 
2275 0 0.8 20 0.6 43 0.5 55 0 67 0.4 98 0.4 
2323 31 0.6 36 0.3 45 0.7 69 0.4 
2376 8 0.7 67 0 84 0 
2470 48 0.4 86 0.4 
2627 13 0.4 20 0.3 33 0.9 34 0.7 54 0 62 0.9 86 0 
2628 3 0.3 5 0 34 0 46 0 65 0.7 77 0.7 86 1 87 0.5 99 0.3 
2694 6 0.5 46 0.6 73 0 82 1 
2800 93 0 
2874 1 0 15 0 36 0 42 0.4 54 0 78 0.7 87 1 
3110 22 0 
3230 25 0 59 0.6 82 0 
3246 9 0.5 31 0.4 38 0.7 47 0.3 
3511 24 0.4 27 1 42 0.9 56 0.9 59 0.8 64 0 65 0.8 98 0.8 
3892 18 0.3 65 0.9 68 0.4 88 1 92 0.6 93 0.8 94 0.9 99 0.8 
4340 18 0.4 46 0.7 80 0.8 81 0.6 85 0 
4427 15 0 16 0.7 20 0.3 22 0.4 27 0.4 34 0 77 0 86 0.5 
4649 6 0 10 0.3 30 0.4 46 0.5 69 0 83 0.3 
4691 2 0.6 33 0 47 0 54 0.3 73 0 76 0.5 77 0 83 0 96 0 
4770 42 0.6 
5041 13 0.9 25 1 45 0.9 61 0 78 0.4 84 0.8 87 0.5 99 0.4 
5084 70 0 73 0.8 
5092 7 0.3 35 0 44 0 89 0.4 94 0.9 
5205 52 0.3 59 0.7 61 0 
5373 8 0.4 9 0 13 0.3 86 0.9 94 0.3 
5422 14 0 61 0 
5445 23 0.4 26 0.3 47 1 61 0.8 64 1 75 0.9 
5471 23 0.9 55 0.7 78 0.7 95 0 
5537 57 0 
5713 2 0.4 9 0.3 55 0.9 59 0 60 0.8 
5970 79 0 95 0.8 96 0.9 
6023 2 0.5 17 0.8 59 0.3 68 0 77 0.3 81 0 85 0.7 96 0.3 
6095 16 0 40 0.5 44 0.7 81 0.5 83 0.5 99 0.4 
6121 31 0 44 0 69 0.7 90 0 
6256 7 0 14 1 18 0 53 0.5 55 1 61 1 71 0.7 72 0.5 80 0.6 89 1 
6490 25 0.5 52 0 
6493 1 0.4 58 0.4 61 0 72 0 75 0.8 77 0.7 89 1 95 0.5 99 0.5 
6606 17 0.6 22 0.9 26 0.4 37 0.4 39 0.9 55 0.8 56 0.9 
6655 12 0.5 20 0.8 95 0.5 
6721 18 0.7 34 0.6 36 0.6 40 0.9 43 0.5 53 0.8 70 1 72 0.9 87 0 
6864 19 0.8 57 0.5 84 0.9 87 0.5 97 0.9 
6943 9 0.5 21 0 25 0.6 34 0.3 38 1 53 0.3 54 0.3 
7075 5 0 15 1 20 0.5 34 0 40 0.9 41 0.3 62 0.8 63 0.7 65 0.9 85 0.7 
7148 15 0.4 23 0.4 27 0.3 64 0 74 1 76 0 89 1 
7240 1 0.6 21 0.3 39 0.9 57 0.9 61 0.5 63 0.9 68 0 84 0.8 85 0.9 99 0 
7348 47 0.9 66 1 69 0 
7367 5 0.4 7 0 17 0.9 26 0.5 76 0.5 96 0.6 
7515 11 1 12 0.8 41 0.7 47 0.8 50 0.7 56 0.9 63 0.5 85 0 97 1 
7827 16 0.5 18 0.3 22 0.8 62 0.3 70 0.3 
7901 97 1 
7990 10 0.3 
8002 4 0 9 0.7 16 0.7 21 0.4 39 0.6 71 0.8 80 0.9 83 0.8 
8040 11 1 51 0.6 
8362 32 0.6 66 0.7 70 1 74 0 76 0.6 95 0 
8387 14 1 
8404 7 0 10 0.4 13 0 22 0.8 53 0.4 71 0.4 81 0.5 82 0.6 
8527 38 0.6 50 0.7 
8599 7 0.7 21 0.7 26 1 33 0.8 48 1 78 0.9 79 0 
8869 61 0.5 71 0.3 77 0 
8948 1 0.9 28 0.8 39 0.5 80 0 
8987 17 0.3 31 0.5 50 0 67 0.4 90 0.5 
9169 15 0.8 71 0.8 72 0.7 73 0 84 0.8 
9216 4 0 13 0.5 21 0 56 0.7 
9327 4 0.7 12 0.6 15 0.4 17 0.3 32 0.3 45 0.4 60 0 88 0 
9462 88 0.9 
9486 41 0.3 45 0.4 90 0 92 0.6 93 0.7 
9552 13 0.7 62 0 
9565 69 0.8 
9696 4 0.6 15 0.3 29 0.8 31 0 39 0.5 52 0.4 61 0.9 78 0 85 0.3 
9710 24 0 70 0 
9766 6 0.7 17 0.6 
9902 0 0.6 1 0.4 12 0 19 0 29 0.9 71 0.5 79 0 
