100
75 5 0.5 10 0 11 1 17 0.8 26 0.6 42 0 72 0.5 
82 52 0.8 60 0.9 70 0.5 75 0.8 
143 0 1 5 0.6 12 1 51 0.5 59 0 64 0.8 79 1 92 0.9 98 0 
219 18 0.3 38 0 
260 4 0.6 13 0.7 16 0.3 21 1 28 0 47 0.6 51 0.7 89 0.7 91 0 92 0.6 
412 8 0 10 0.4 34 0.5 38 0.5 44 0 45 0.9 50 0.7 66 0.4 90 0.4 98 0.3 
424 13 0.6 26 0.8 38 0.9 54 1 68 0 76 0 98 0.6 
482 62 0.6 
622 2 1 21 0 28 0.8 43 0.9 60 0.6 92 0.9 96 0.7 
655 0 0 2 0 4 0.6 28 0.4 40 0.8 44 0.9 81 0.8 89 0.8 
675 8 0 15 0.7 33 0.7 41 0.4 45 0.8 82 0.4 88 1 91 0.8 
807 26 0.8 36 1 49 0.8 53 0.6 73 0 77 0.4 86 0.8 95 0.4 
925 15 0 24 0.5 25 0.4 31 1 41 0.8 74 0.3 76 0.5 77 0.5 96 0.7 99 0.5 
1222 10 0 13 0.5 15 0.4 
1260 5 1 46 0.6 
1486 57 0.9 
1572 10 0 41 0.3 61 0.6 63 0.7 64 0.6 
1613 31 0.5 
1664 14 0.4 77 0.8 88 0.6 
1668 0 0.4 9 0.8 12 0.7 19 0.7 64 1 83 0.3 
1843 6 0.5 10 0.8 12 0 19 0 31 0 44 0.6 46 0 48 0.5 74 0 93 0.7 
1902 39 0.6 40 0 62 0 91 0.5 99 0 
1907 5 0.5 8 1 40 0.9 64 0.7 70 0.5 85 0.8 89 0.3 94 0 98 0.9 
1945 17 0.9 42 0 55 0.4 59 0.4 68 0 80 0.4 81 0.6 95 0.3 
1986 18 0.3 29 0.3 31 0.7 34 0.4 60 0.4 70 0.5 73 0.4 95 0.3 
2006 85 0 86 0.6 
2185 20 0.6 21 0.7 24 0 30 0.4 34 0.9 43 1 75 0 78 0.9 80 0.3 83 0.9 
2238 5 0.3 15 0 28 0.6 38 0.4 42 0 43 0.3 62 0 68 1 79 0 94 0.3 
2254 15 0 39 0 95 0.9 
2499 5 0.8 23 0.6 28 0.4 61 0 62 0 66 0.7 74 0.6 80 1 88 0.5 95 0.9 
2740 1 0 38 0.4 56 0.9 94 0.4 
2813 9 0.7 12 0 15 0 31 0.6 43 1 57 0.5 61 1 77 0.3 97 0.5 
2887 1 0.7 6 0.3 13 0.6 41 1 55 0.3 60 0.6 65 1 82 1 
2924 28 0.8 63 0.5 
2993 15 0.9 18 0 24 0 49 0 56 0 61 0.3 62 0.3 
3013 25 0 44 0 53 1 63 1 86 0.9 97 1 98 0.3 
3162 4 0.8 25 0.8 29 1 42 0.8 48 0.5 88 0.5 91 0.8 96 0.4 97 1 98 0 
3199 3 0.6 13 0.9 16 0 40 0 58 0 
3290 5 0 9 0.4 33 0 51 0.8 61 0.5 64 1 85 0.7 89 0.9 
3538 11 0.3 31 0.8 38 0.7 62 0 78 0 79 0.9 81 0.7 
3550 1 0.5 10 0.8 59 0 62 0.7 95 0.7 96 0.5 
3677 4 0.8 
3689 20 0.3 64 0.8 71 0.6 75 0.5 
3699 24 0 
4096 13 0.8 14 0.8 16 0.7 91 0.8 
4179 8 1 42 0.6 90 0 93 0.8 99 0 
4465 35 0.5 44 1 60 0.3 66 0.3 75 0.7 86 0 
4605 8 0.5 44 0 53 0.5 66 0 73 0 79 0.5 
4651 17 0.9 41 0.4 58 0.6 82 0 87 0.3 
4733 37 0.9 39 0.8 87 0 
4866 7 0.6 19 0 43 0.3 60 0.3 71 0 93 0 
4907 34 0 
5048 11 0 15 0.3 25 0.6 30 0.8 31 0.5 48 0 77 0.5 87 0.8 
5089 1 0.7 5 0.4 53 0 64 0 69 0 75 0.7 84 0.9 85 0.3 
5236 1 0.4 9 0.6 26 0 33 1 45 0.7 47 0.7 81 0 84 0 95 0.4 99 0 
5285 6 0.8 34 0.8 44 0.7 46 0.9 50 0.3 53 0.9 59 0 61 0.5 86 0.5 
5575 34 1 
6126 6 0.4 12 0.5 26 0.9 48 0.4 52 0 56 0.8 73 0.5 79 0.8 89 0 
6330 49 0.9 
6565 5 0.6 12 0.6 40 1 47 0 74 0.9 
6738 1 0.3 13 0.7 14 0 15 0 44 0.7 73 0.3 99 0 
6759 53 0.9 82 0.9 83 0.9 94 0.9 95 0.5 
6813 2 1 55 0.9 57 0 81 0 84 0.3 90 0 
6842 5 0.9 51 0.9 58 0.7 76 0.8 81 0 
6879 2 0 14 1 35 0 46 0.4 49 0 54 0.7 72 0.7 75 0.9 84 0.7 85 0.9 
6907 24 1 62 1 84 0.7 
7283 28 0 42 0.6 80 0 
7323 16 0.8 31 0.7 62 0.5 85 0.6 86 1 91 0.8 
7345 80 0.5 
7364 12 0.5 83 0.6 
7541 3 0.5 61 0.5 
7563 2 0.8 4 0.5 22 0.5 34 0.9 35 0.8 76 0 84 0.3 93 0.4 97 0.9 
7588 2 0 19 0.7 36 0.9 57 0.8 68 0.7 
7622 45 0.8 
7706 12 0 16 1 27 0 69 0.7 71 0.7 
7939 1 0 3 0 9 0 29 0 45 0.8 53 0 62 0.3 82 0.6 96 1 
7941 6 0.5 10 0.9 13 0.5 18 0.5 23 0.9 54 1 62 0.3 66 0 88 1 97 0.9 
8094 4 0 39 0.3 52 0.6 57 0 76 0 
8150 42 0 64 0 
8162 30 0.9 68 0 
8180 24 1 38 0 75 0.5 
8306 1 0 8 0 10 0 21 0 60 0.8 62 0 67 0.7 77 0.5 99 0.5 
8312 26 1 44 0.3 48 0 72 0 91 0.5 
8347 3 0.6 8 0.8 16 0 20 0 46 0 49 0.4 90 0 93 0.7 94 0 
8531 3 0.4 35 1 36 0.9 43 0.8 51 0 58 0 68 0.7 79 0 96 0.3 
8716 16 0.9 73 0.4 76 0.5 
8759 88 0 
8910 42 0.8 56 0.4 75 0.4 99 0.8 
9156 2 0.8 4 0 10 0.3 13 1 29 0 32 0.6 47 1 71 0.8 
9182 31 0.8 42 1 53 0.5 59 0 67 0.5 68 0 85 0.4 99 0 
9311 0 0.6 24 0 25 0 46 1 74 0.4 90 0 
9371 8 0.8 37 0.3 61 0 
9425 10 0 25 0.8 37 0.6 58 0.8 62 0.6 66 0.9 
9464 8 0 58 0.7 
9592 33 0.7 44 0.3 91 0.9 
9640 1 0 59 0.5 65 0 97 0 
9641 22 0.7 44 0.7 58 0 72 0 73 0.7 83 0 92 0.8 
9783 23 0.5 42 0.4 71 1 82 0.5 94 0.9 
9924 7 1 11 0 41 1 45 0.9 72 0 97 0.7 
9934 3 0.6 4 1 16 0.5 30 0 44 0 71 0.4 78 0.7 96 0.8 
