100
113 9 0.6 37 0 54 0 73 0.6 74 0.3 75 0.5 
195 11 0.4 22 0.8 32 0.6 47 0.9 79 0 
217 9 0.3 18 0 27 0.9 41 0.6 48 0.3 52 0.9 63 0.9 87 0 89 0.3 96 0.3 
249 17 0.3 26 0.6 47 0.3 54 0.6 55 0.7 70 0.9 76 0.9 79 0.6 
253 97 0.8 
369 14 1 37 0 41 0.7 76 1 
749 18 0.7 21 1 51 0.6 52 0.9 64 0 
762 43 0.6 75 0 99 0.9 
912 1 1 9 0.4 22 0.5 50 0.9 73 1 79 0 80 0.8 
920 8 0.6 23 0.4 31 0 39 0.4 49 0.6 50 0.8 51 0.6 57 0.8 66 0.8 
987 34 0.4 44 0.6 46 0.7 52 0 55 0.6 56 0.7 66 1 
991 15 0.6 30 0 34 0.7 40 0.7 49 0.8 61 0 67 0.5 
995 21 0 
1193 4 0 6 0 18 0.6 75 0.8 88 0.5 89 0 97 0 99 1 
1238 48 0.8 69 0.6 
1375 5 0.7 46 0.3 82 0 98 0.4 
1380 2 0.6 5 0.4 14 1 15 0.7 26 0.6 63 0.3 64 0.6 79 0.6 
1389 1 0.9 8 0.3 53 0.5 82 0 
1403 8 0.7 16 0.5 22 0 23 0.5 36 0.9 54 0 57 0.3 67 0.3 77 0 
1477 30 0.8 41 0.5 43 0.5 52 0.7 57 0.6 
1625 22 1 26 0.6 42 0.6 67 0.3 80 0.5 
1661 14 0.8 39 0.8 58 0 
1760 71 0.7 98 0.5 
1786 10 0.4 15 0.7 21 0.6 
1878 21 0 29 1 60 0.6 72 0.3 75 1 79 0.3 87 0.4 96 0 97 0.8 
2163 5 0.9 55 0 74 1 75 0.3 
2237 55 0.8 82 0 92 0.9 
2378 81 0.4 
2402 0 0.4 14 1 20 0 30 0 39 0.7 75 0.6 92 0 99 0.4 
2406 28 0.7 45 0.6 47 0.3 66 0.8 71 0.8 72 0.5 
2518 15 0 24 0.9 31 0.5 81 0.5 86 0.6 98 0.5 
2528 5 0.8 18 1 65 0.5 78 0 
2587 16 0 52 0 59 0.3 
2643 5 0.7 14 0 49 0.7 82 0 94 0 98 0 
2654 6 0 8 0 17 0.4 36 1 59 0 65 0 76 0.9 85 0.4 88 0 93 1 
2706 16 0.6 
2862 6 0.7 55 0.6 64 0 
3037 1 0.8 8 0.7 18 0.4 72 0.7 89 0.6 
3236 4 0.7 41 0 
3322 6 0 19 0.4 25 1 29 0 61 0 74 0.3 81 0.6 89 0.6 95 0.3 99 0.9 
3374 12 0.8 20 0.3 30 0.6 36 0.4 
3380 12 0.6 18 0.9 34 0.3 37 0.8 38 0.5 41 0 69 0.9 85 0 86 0 98 0.6 
3492 4 1 26 0.9 61 0 67 0.9 77 0 
3500 20 0 77 1 92 1 
3538 11 0.9 31 0 38 0.8 62 0.8 78 0.7 79 0 81 0 
3611 2 0 7 1 
3683 77 0.7 
3794 5 0.4 17 0.9 43 0 69 0.3 72 1 
3825 93 0.4 
3963 33 0.8 47 0.9 56 0 
3979 6 0.7 15 0 24 0.4 29 0.6 59 0 63 0.6 73 0.4 78 0 
4004 38 1 
4366 11 0 64 1 73 0.5 
4458 36 0.4 40 0.6 52 0.3 64 0.3 
4476 36 0.3 37 0.6 83 0 86 0 
4580 5 0.5 11 0.9 27 1 48 1 49 0.7 69 0.3 71 0.5 80 0.9 82 0.6 
4600 20 0.8 30 1 34 0.8 
4743 68 0.6 
4829 0 0 63 0.8 91 0.4 92 1 
4890 5 0.7 29 0.3 46 0.8 55 0.6 
5183 26 0.6 39 0 51 0.7 65 0.3 
5195 54 0 93 0.5 98 0.5 
5423 10 0.7 
5430 2 0.9 7 0.6 15 0.4 27 0.6 33 0.6 63 0.8 75 0.6 79 0 
5958 2 0.9 11 0 39 1 67 0.4 95 0.8 97 1 
5989 1 0 3 0.9 4 1 20 1 31 0.8 49 0.7 55 0.8 82 0.3 
6006 54 0 
6153 3 0.9 21 0.4 37 0 94 0.9 
6365 60 0 70 0 73 0 
6449 32 0.3 83 0.5 
6507 63 0 78 0 
6556 1 1 27 0 65 0.7 99 0.6 
6651 35 0.8 36 0.4 45 0.5 
6778 2 0 3 0.4 15 0.6 17 0.9 28 0.9 34 0.4 48 1 65 0.3 70 1 95 0.3 
6992 12 0 85 0.5 99 0.4 
7078 58 1 
7168 2 0.4 7 0 17 0.9 39 0.8 68 0.4 85 0.4 
7227 7 0.7 49 0 
7261 4 0.3 19 0.9 33 0.9 60 0.8 70 1 72 0 82 0.7 98 0 
7569 6 0.9 9 0.6 13 0.5 18 0.7 38 0.9 48 0.3 
7599 11 0.9 41 0.3 50 0.5 54 0.7 62 0.9 63 0.6 64 1 69 0.5 90 0.6 98 0.4 
7604 2 0.8 7 0.9 13 0 27 0.4 28 0 30 0.6 46 1 62 0.4 76 0.6 94 1 
7610 6 0.6 12 0 14 0.5 51 1 80 1 81 0 
7626 1 0.4 6 1 58 0 59 0 69 0.3 
7679 20 0.3 23 0 27 0.8 36 0.7 39 0.9 57 0.9 96 0.8 
8114 23 0.8 46 0.3 88 0.9 
8326 46 0.7 58 0.4 
8330 0 0 17 0.8 30 0.8 65 0.9 76 0.5 77 0.6 97 0.9 
8649 62 0.6 
8765 11 0.9 13 0 22 0.9 30 0.8 47 0 48 0.6 53 0.6 71 0.8 92 0.7 
8828 12 0 16 0.3 90 0.7 
9385 3 1 46 0.9 64 0.9 71 0.7 79 0.9 
9397 8 0 15 0.6 25 0.4 44 0.4 53 0.6 57 0 
9461 0 0.6 8 0.8 41 0 52 0 62 0 72 0.6 84 0.4 92 0.8 95 0.3 
9547 64 0 86 0.6 
9797 8 0.5 9 0.3 21 0.9 24 1 40 1 70 0.8 79 0.5 
9946 0 0.7 11 0.6 18 0.7 22 0.4 26 0.6 39 0 45 0.6 80 0.8 
9966 42 0 46 0 48 1 65 0.3 72 0.9 88 0 89 0.3 94 0.5 
9983 33 1 61 0.5 
9988 15 1 17 0.5 22 0.5 42 1 77 0.7 
