100
256 6 0 8 0.4 43 0.5 45 0.5 69 0.9 71 0.8 78 0.3 85 0.9 
298 4 0.3 5 0.7 13 0.6 35 0.3 37 0.6 41 1 48 0 63 1 71 0.9 98 0.8 
473 3 0.9 40 0 43 0 55 0.3 57 0.7 66 0 73 0.9 80 0.8 86 0.4 87 0.5 
542 9 0.8 18 0.8 33 0.5 36 0 39 0.4 47 0 65 1 71 0.4 75 0.3 91 0.7 
577 2 0.8 6 1 18 0.4 19 0.9 49 0.4 52 0.6 54 0.9 80 0.4 
599 80 0.6 83 1 
666 25 0.7 26 0.3 45 1 50 0.9 78 0.9 89 0.9 
884 76 0 99 0.6 
979 48 0.4 64 0.6 71 0 
1055 21 0 45 0.9 
1086 10 0 21 0 24 0.4 31 0 34 0.7 38 0 41 0.9 57 0.5 71 0.7 79 0.6 
1107 3 0 
1135 41 0.6 70 0.3 
1235 15 0.5 22 1 24 0.4 26 0 35 1 55 0.4 71 1 81 0 98 0.3 
1361 32 0 53 0.5 59 0.6 65 1 69 0.5 
1395 27 0.5 47 0 57 1 60 0.5 87 0.3 88 1 90 0.6 96 0.8 
1451 15 0.9 37 1 
1505 10 0.6 24 0 34 0 76 0.9 88 0 91 0 
1605 10 0.9 19 0.8 42 0.8 43 0.3 45 0.6 46 0 49 0.5 53 0 84 0.9 
1707 15 0 32 0 40 0 41 0 44 0 68 0.4 74 0.8 89 0 99 0.8 
1711 57 0.3 
1944 7 0.9 46 1 50 0.5 62 1 64 0.8 67 0 
2068 7 0 29 0.3 65 1 68 0.5 78 0 81 0.9 84 0.9 88 0 
2071 56 0.3 58 0 65 0.9 70 0.5 
2125 13 0.3 33 0.6 55 0.7 76 0.3 83 0 
2153 1 0 12 0 24 0 35 0.9 38 0.3 54 0 75 0.9 91 0.6 
2166 0 0.9 23 0.5 42 0.9 45 0 90 0.8 92 1 
2167 28 0.5 49 0.9 77 0.3 79 0 
2216 13 0.4 35 0 42 0.5 53 0.8 
2302 0 0 25 0.7 34 0.7 43 0.9 64 0 80 0 88 0.9 
2425 68 0.4 93 0 
2453 1 0 27 0 
2481 8 0.6 20 0.3 43 0.5 93 0.8 98 0.8 
2560 4 0.4 17 0.6 23 0.8 43 0.6 46 0.3 59 0.7 63 0.6 70 0.6 99 1 
2621 12 0 40 0.8 
2660 16 1 17 0.5 26 0.3 34 0.6 
2797 14 0.5 79 0.3 
2807 10 1 22 0.8 51 0.9 70 0.6 74 0.6 88 0.7 89 0.4 92 0.9 94 0.5 
2963 18 0.7 21 0 26 0.7 39 0.6 52 0 72 0 
2975 16 0.4 17 0 39 0.7 50 0 62 0.3 66 0 79 1 98 0.5 
3080 11 0.8 22 0.8 31 0.8 32 0.4 42 0 48 0.9 63 0.9 67 0 70 0 85 0.8 
3107 5 0 6 0.7 10 0.3 11 0.4 31 0.8 46 0.4 69 0 78 0 91 0.4 92 1 
3125 39 0.6 51 0.5 56 0.7 59 0.5 61 0.9 64 0 70 0.9 78 0.4 90 0 
3291 19 0 48 0.6 61 0 65 0.5 75 0.7 84 1 87 0.6 99 0.7 
3310 13 0.8 20 0.3 21 0.4 47 0.8 72 0 80 0.7 88 0 97 0 
3406 11 0 13 1 14 0.9 33 0 39 0 79 0.8 80 0.9 86 0 92 0.7 99 0.9 
3545 3 1 4 0 23 0.5 26 0.3 37 0 93 0.7 
3574 1 0.6 25 0.3 27 0 35 0 71 0.4 73 0.3 
3692 65 0.8 81 0.3 
3999 17 1 19 0.8 27 0.9 48 0.4 49 0.6 96 0.4 
4017 3 0.7 29 1 34 0 37 0 47 1 50 1 56 0.8 65 0.7 78 0.6 
4091 11 1 20 0.6 34 1 38 0.5 48 0.4 67 0.5 82 0.3 
4222 20 0.4 28 0 54 0 55 0 70 0.4 
4398 18 0.3 21 0 33 0.7 75 0.3 85 0.4 96 0 
4538 59 0.4 73 0.3 
4613 4 0.8 16 0 76 0 83 0.5 89 0.5 95 0.6 99 1 
4761 7 0.6 30 0.8 57 0.5 63 0.7 89 0.4 
4917 17 0.8 33 0.6 
4943 3 0.9 4 0 5 0 7 1 30 0 39 0.7 85 1 
4961 1 0.9 16 0.7 18 0.8 35 0.3 39 0.9 40 0.4 57 0 59 0.3 89 0.7 91 0 
5375 86 0.9 
5461 20 0.8 26 0 27 0 42 0.3 63 0.7 
5620 10 0.8 46 0.7 55 0.5 91 0.3 
5810 4 0.8 30 1 45 0.5 58 0.4 66 0 86 1 89 0.4 
5817 37 0 44 0.7 47 0.3 48 0.7 49 0 62 0 69 0.5 73 0.6 78 0.5 85 1 
6032 9 0.5 17 0.8 28 0 31 1 33 0.4 48 0.6 73 0 87 0.5 99 0.7 
6054 6 0 26 0.5 31 0.9 40 0.6 81 1 85 0.3 
6213 0 0 33 0 
6221 3 0.6 53 1 55 0.4 59 0 
6285 12 0.9 29 0 54 1 88 0.3 93 0.4 
6295 8 0.8 21 1 25 0.5 40 0 61 0.9 71 0.7 98 0.3 
6472 10 0.8 31 0.3 34 0.9 38 0.5 76 0.5 95 0 98 0.8 99 0 
6483 29 0.8 51 0.7 57 0 58 0.6 87 1 94 0.4 
6501 7 0.9 13 0.8 16 0 38 0.9 45 0.8 60 0.5 64 0.8 67 0 68 0.4 93 0.7 
6554 2 0 19 0 22 0.6 25 0 55 0.5 65 0.5 70 0 76 0 83 0.3 
6671 25 0 74 0 
6887 1 0.9 14 0.7 50 0.9 58 0.9 80 0.4 92 0.8 
6925 17 0.9 20 0.5 29 0 49 0.5 51 0.8 82 0.4 89 0.6 91 0.4 92 1 
6938 32 0.4 45 0.8 46 0.6 70 0.7 79 1 81 0 97 0 
7047 28 0.7 34 0 58 0.5 67 0 81 0 85 0 89 0.8 91 0 
7336 3 0 8 0.9 16 0.9 20 0.8 27 0.9 63 0.9 85 0.7 
7348 47 0.4 66 0.5 69 0.3 
7349 76 0.9 
7552 9 1 14 0.9 18 0.9 26 0 29 0.3 47 0.5 67 0.7 70 0 82 0.3 89 0.7 
7700 24 0 33 0.5 37 0 84 0 
7707 0 0.8 21 0 31 0.6 60 0.4 82 1 85 0.3 
7827 16 0.6 18 0.3 22 0.3 62 0 70 0.4 
7876 18 1 19 0.8 21 1 39 0.5 69 0.9 71 0.6 76 1 85 0.5 94 0.6 
8195 6 0.9 15 0.7 31 0.5 38 1 67 0.8 73 0.6 85 1 89 0 90 0.4 95 0.6 
8522 1 1 31 0 33 0.4 72 0.9 96 0.7 
8552 5 0.9 6 0.7 7 0.7 30 0.3 43 0.4 60 0.5 98 0.8 99 0.4 
8558 40 0.9 51 0.9 56 0.4 68 0 73 0 75 0.3 76 0 81 0 92 0.9 99 0.3 
8667 4 0.8 49 0.5 55 0 65 0.8 83 0.6 
8699 13 0.5 15 0.6 22 0.9 25 0.5 69 0.7 73 0.7 89 0 91 0 
8731 11 0.4 18 0.8 22 0 34 0.5 36 0 42 0.4 
8833 9 1 25 0 26 1 51 0.5 59 0.7 64 0.5 76 0 88 0 
9293 34 0.5 46 0 60 0.7 74 0.6 
9539 5 1 21 0.7 48 0.3 62 0.4 65 0.7 69 0 
9707 14 0.9 36 0.9 
9963 26 0.6 76 0 88 0.5 
