100
1 69 0.7 
107 0 1 15 0.7 33 0.9 42 0.9 70 0.6 79 0.6 80 0 91 0.6 
144 3 0.7 13 0.3 15 0 37 0.8 65 0.8 82 0 
447 26 0.8 29 1 42 0.7 68 0.8 72 0.6 85 0.3 88 0.4 93 0.6 
562 11 0 17 0.3 33 0 46 0.7 49 0.9 51 0.7 81 0.7 86 0.5 
594 17 0.5 31 0.5 47 0.7 58 0.9 74 1 75 0.4 88 0.7 
656 7 1 54 0.4 66 0 70 0.8 71 0 91 0.8 
893 11 0 14 0.6 76 0.8 
964 20 0.7 21 0.8 24 0.8 53 0.9 66 0 72 0 77 0 89 0.4 90 0.9 91 0 
985 28 0.7 44 0.7 55 0.4 
1090 15 0.7 85 0.4 
1144 35 0 39 0.7 66 0 
1340 7 0.4 8 0.7 9 0 75 0 81 0 86 0 
1450 8 0 11 0.5 46 0 48 0.7 56 0 60 0.6 62 0.8 68 0.8 71 0.5 
1589 6 0.3 11 0 20 0.3 35 0.5 39 0.4 88 0.4 89 1 99 0 
1609 1 0.7 12 0 19 0 29 0.5 51 0.4 53 0.7 59 0.7 77 0.4 81 0.6 99 0 
1688 4 0.6 22 0.3 25 0.7 45 0.5 46 0 76 0.3 99 0.8 
1724 12 0.7 37 0 41 0 68 0.9 71 0.3 
2031 7 1 14 0.6 23 0.3 44 0 64 0 69 1 
2054 36 0.3 58 1 78 0.9 
2076 5 1 6 0 25 0 30 0 38 0 43 0 77 0 90 1 94 0.7 
2166 0 0.3 23 0.8 42 0.5 45 0 90 0.9 92 0.6 
2182 7 0.6 13 0.6 19 0.6 27 1 34 0 78 0 83 0.5 90 0.4 
2383 6 0 23 0.8 33 0.4 38 0.8 43 0.4 77 0.7 81 0.9 89 1 90 0 
2396 45 0 48 0 57 0.8 60 0.7 63 0.9 71 0.4 83 0.3 
2461 2 1 5 1 18 0 22 0.4 24 0 42 0.5 55 0.5 58 0 79 0 92 0.8 
2475 26 0 43 0.9 50 0.6 62 1 76 0 99 0.3 
2491 33 0.6 56 1 61 0 67 0.5 72 0.5 78 0.8 
2495 18 0.7 33 0.3 66 1 
2547 15 0.7 92 0.7 98 0.4 
2623 4 0.5 29 0 
2703 4 0.4 9 1 45 0.5 60 1 98 0.8 
2723 17 0.8 25 1 31 0.4 51 0.8 53 0.9 54 0.4 64 1 83 0.8 88 0 93 0.7 
2906 11 0.4 14 0.7 15 0.8 66 0 80 0.4 91 0.5 94 0 
2965 12 0.7 16 0 31 0.9 44 0.3 47 1 62 0.8 
3063 31 0.3 76 0.6 
3078 5 0.6 63 0.9 
3080 11 0.8 22 0 31 0.7 32 0.5 42 0.7 48 0.7 63 0 67 0.6 70 0.8 85 0 
3119 64 0.6 65 0.7 80 0.6 
3136 7 0 8 0 17 0 19 0.6 52 0.7 57 1 60 0 72 0.9 77 1 79 1 
3148 55 0.4 
3169 25 1 34 0 47 0.8 56 0 
3556 0 0.8 41 1 55 0.4 68 0.6 
3591 0 0.5 28 0.4 41 0.5 54 0 72 0.7 78 0 82 0.3 
3612 4 1 81 0.7 
3837 25 0.5 46 0 60 0.8 74 1 88 0.8 89 0 
3871 9 0.9 42 0 58 0.3 73 0 88 0.9 97 0.9 
4119 6 0.5 12 0 34 0 66 0 96 0.3 
4520 9 0.4 15 0.9 20 0.9 25 1 26 0.4 47 0.5 48 0 80 0 97 0 
4534 3 0.8 5 0 6 0 22 0.4 50 0.5 76 0 85 0.6 94 0.3 97 0.5 98 1 
4580 5 0 11 0 27 0.5 48 0 49 0.8 69 0 71 0 80 0 82 0 
4648 7 0.7 13 0.9 16 0.8 23 0 45 0.8 53 0 73 0 
4713 35 0.4 43 0.3 76 0 
4719 16 0.9 21 0.7 37 0.4 38 0 45 0.6 55 0.9 57 0.5 65 0 75 0.8 
5053 21 0.3 54 0 87 0.3 92 0.9 
5086 1 0.9 12 0.8 18 0.5 37 0 42 0 43 0.6 85 0.7 
5349 78 0.8 
5751 5 0.9 13 0.7 25 0.8 55 0 69 0 88 0.5 90 1 
6074 19 0.4 
6108 56 0.3 73 0.3 75 0.3 
6152 22 0.9 23 0.7 26 1 36 0.7 60 0.7 65 0.6 89 0.8 90 0.6 
6159 7 1 97 0.3 
6188 8 0.4 40 0 
6220 41 0.6 51 0 60 0.9 79 0.9 83 0.3 85 0 
6231 0 0.6 7 0.8 15 0.8 34 0 59 0 87 0.9 
6262 18 0 27 0 38 0.9 46 0 47 0 50 0.3 63 0 74 0 
6466 33 0.3 44 0.8 51 0.8 63 0.4 85 0.9 99 0.7 
6470 5 0.9 13 0 30 0 35 0.7 36 0 37 0 39 0.3 77 0 91 0.4 
6647 24 0.3 
6888 64 0 
6961 22 1 29 0.9 36 0.5 40 0.5 53 0.3 59 0.5 87 0 
6968 1 0 2 0.9 5 0.8 11 0 20 0.8 69 0.9 76 0.8 84 0.5 
7029 4 0.5 28 0.8 48 0 52 0.3 55 0.4 62 0.4 68 0 70 0.5 86 0.7 88 0.3 
7109 12 0 27 0.8 43 0.3 63 1 77 0.7 81 0.7 84 0.5 98 0.3 
7246 41 0 48 1 55 0 61 0.8 
7456 2 0 45 0.6 48 0.4 54 0.9 83 0.4 91 0.7 96 0 
7838 35 0.7 54 0.4 
7957 5 0.9 12 0.3 21 0.6 22 0.4 46 0.8 49 1 73 0.3 81 1 82 0.8 95 1 
8043 0 0.6 23 0.6 28 0 33 0 82 1 
8082 42 0.3 51 0.3 69 0 73 0.8 
8296 5 0.8 10 1 15 0.4 33 0 43 0 87 0.6 94 0.8 96 0.3 98 0.7 
8390 0 0.9 19 0.5 24 0 25 0 32 0.6 36 0 71 1 80 0.3 91 0.6 
8391 25 0.7 
8493 29 0 35 0 37 0.8 63 0.3 72 0.4 
8598 14 0.7 24 0.6 25 0.3 31 0 38 0.6 51 0.9 64 0.7 68 0 82 0.4 89 0 
8682 5 0.5 8 0 30 0.4 45 0.8 73 0.7 99 0 
8724 16 0 62 0 94 0.6 
8750 3 0.6 4 0.8 11 0 13 0.8 30 0 36 0.7 71 0 86 0 91 0.7 98 0.5 
8793 28 0.6 44 0 70 0.3 71 0 80 0.4 94 0.5 
8811 11 0 14 0 22 0.3 25 0.3 37 0 48 0 65 0.5 74 0.6 90 0.7 
8883 3 0 31 0 43 0.7 69 0.6 71 0.7 86 0 92 0.7 
8891 46 0.4 80 1 
9335 51 0.7 54 0.6 57 0 58 0.6 67 0.5 70 0.4 89 0.5 97 1 
9501 6 1 22 0.7 27 0.5 35 0.6 91 0.7 
9518 12 0.8 16 0.9 53 0.3 
9537 26 1 30 0.5 37 1 45 0.4 50 0.9 98 0 
9632 1 0 22 0.5 69 0.4 
9830 23 0.3 30 0.8 47 1 55 0 64 0 79 0 89 0.9 93 0 
9866 80 0 
9960 10 0 11 0.4 24 0.7 26 1 46 0.6 49 0.9 51 0.4 60 0 67 0.9 
