100
10 29 0.6 85 0.6 
42 2 1 20 0.6 36 1 61 0.6 73 0.4 76 0.9 78 0.4 83 0 87 0.6 89 0 
50 16 0.5 79 0.8 
91 14 0 57 0.8 90 0.5 
178 8 0.3 55 1 83 0.3 
186 44 0.8 85 0.9 
374 40 0.6 59 0.8 71 0.5 79 0.8 83 0.9 85 0.5 89 0.6 90 1 
410 6 0.5 12 1 18 0.5 45 0.5 62 1 77 0.4 94 0.4 95 1 97 0 
520 15 0.6 35 0 50 0.3 
657 24 0.8 68 0.8 76 0.7 
944 18 0.3 42 0 57 0.8 60 0.3 68 0.6 80 0.7 91 0.8 
995 21 0 
1306 23 0.4 33 0 48 0 55 0.3 57 0.9 74 0.8 81 0.8 94 0 
1348 4 0 11 0.8 18 0.5 23 0.4 59 0.3 76 0 85 0 95 0.6 
1453 5 0 88 0.8 
1541 68 0.6 82 0.4 91 0.4 
1557 3 0.4 30 0 61 0 75 0.9 83 0.5 86 0 92 1 96 0.3 
1681 11 0 18 0 35 0.8 72 0.9 80 0.5 83 1 84 0.6 98 1 
1808 18 0.6 27 0 50 0.6 64 0 77 0.5 82 1 
1901 22 0 39 0 57 0.9 
1931 6 0.6 24 0.9 52 0.6 61 0.7 71 0.7 
1942 15 0 20 0.5 39 0.8 61 1 62 0.4 65 0 79 0 
2143 1 0.7 20 0.9 22 0.3 62 0.3 67 0.9 73 0.9 81 0.6 94 1 
2148 13 0.3 31 0.3 36 0.4 66 0 
2211 15 0 94 0.4 
2280 88 0.9 
2361 15 0 32 0.6 33 0 52 0.6 56 0 62 1 69 0.6 71 0.3 95 0.8 
2459 6 0.7 16 0.9 29 0 72 0.8 73 0.8 75 0.3 85 1 94 0.4 
2462 6 0.6 7 0 17 0.9 19 1 46 0.7 57 0 65 0 69 0 78 0.7 86 0 
2464 7 0 
2657 1 0.9 5 0 74 0 77 0.3 88 0 
2673 11 0.8 12 0.5 22 0.9 23 0 38 0.8 60 0 81 0.5 86 0.7 
2748 12 0 
2799 46 0 54 0.6 
2845 42 0.3 95 0.5 
2896 3 0.4 11 0 24 1 32 0.3 73 0.5 
3044 42 0 44 0.6 52 0 56 0.9 60 0.3 71 0.9 78 0.8 
3109 8 0 9 0.7 31 0.3 52 0 80 0.6 88 0 95 0 
3125 39 0.8 51 0 56 0.9 59 0.3 61 0.8 64 0.4 70 0 78 1 90 0.9 
3212 14 0.5 21 0.7 35 0.7 36 0.8 76 0.3 87 1 
3398 26 0.9 39 0.6 
3583 0 0.9 7 0.8 24 0 46 0.3 58 0 91 0.3 
3651 20 0 30 1 31 0.9 70 0 
3694 30 0.7 59 0 63 0 73 0.9 81 0.5 86 0.5 90 0 96 1 
3701 7 0.7 10 0 22 0.9 72 0.4 75 0.7 
3734 7 0.8 52 0.7 55 1 72 0.5 73 0.3 75 0.5 90 0 
4443 27 0.3 28 0.8 42 0.8 52 0.9 53 0.8 55 0.6 64 0.8 68 0 81 0 89 0.6 
4551 2 0 6 0.3 13 0.5 16 0 36 0.4 41 0 56 0.9 63 0.8 72 0.5 
4566 1 0 8 0.4 11 0.7 12 0.4 54 0.6 56 0.7 57 0 84 0.9 
4649 6 0.4 10 0 30 0.7 46 0.6 69 0.3 83 0.8 
4695 3 0 18 0 22 0 47 0.8 49 0.5 63 1 64 0.7 66 0 99 0.5 
4829 0 0.9 63 0.3 91 0.6 92 0.6 
4914 8 1 78 0.6 88 0 
4960 1 0.3 8 0 19 1 24 0 34 1 69 0.3 76 0 96 0.6 
5083 5 0 14 0.7 17 0.6 35 0.8 41 0 52 0 64 0.5 68 0.8 76 0.8 90 0.5 
5156 3 0.4 27 0.9 34 0 36 0.8 38 0.8 40 0.5 61 0.8 75 0.6 
5325 11 0.5 47 1 49 0 63 0 
5436 1 0.3 7 0 9 0.6 42 0 48 0.7 65 0.5 79 0.3 82 0.7 89 0.6 96 0.7 
5452 27 0.6 77 0.4 87 0.7 
5490 13 0 34 1 35 0 49 0 50 0 56 0.6 57 0.8 
5519 1 0 3 0.7 25 0 31 0.4 42 0.4 47 0.5 55 0.3 78 1 
5582 3 1 16 0.8 37 0 43 0.4 50 0.9 68 0.4 69 0 71 0 75 0 
5869 4 0.4 14 0 15 0.5 27 0.4 57 0 68 0 81 0.8 96 0.6 
5919 83 0 
5946 2 0 4 0.5 55 0.5 77 0 79 0.4 90 0.3 
5980 3 0 7 0 15 0.9 18 0.4 23 0.9 27 0.7 46 0.5 53 0.7 73 0 95 0.5 
6027 3 0.7 6 0.3 47 0.8 52 0.8 99 0.8 
6133 63 0 
6147 6 0.3 19 0.9 27 0.8 29 1 33 0 34 0 40 0 48 0.8 
6246 59 0.8 
6367 32 0.8 56 0.3 68 0.5 78 0.4 87 0.9 
6399 14 1 43 0 50 0.7 91 0.9 99 0.8 
6400 17 0.6 22 0 26 1 39 0 40 0 92 0.3 95 0.8 
6897 5 0.8 25 0 27 0.5 35 0.4 52 0.9 63 0 70 0.8 
6908 9 0 30 0 57 0.8 
7080 13 0 27 1 
7118 23 0.4 32 0 41 0 76 1 77 0.6 78 0.5 87 0.5 
7279 9 1 14 0.5 29 0 58 0.4 83 0.9 88 0 
7388 8 0.3 21 0.8 26 0.3 42 1 47 0.3 83 0 
7415 65 0.5 
7623 8 0.6 28 0 33 1 42 1 57 0.3 80 0.9 
7747 74 0.7 
7907 5 0 14 0.8 33 0 42 0.5 45 0 62 0.9 78 0.7 84 0 85 0.7 88 0.3 
7928 53 0.7 86 0.5 
7954 63 1 
8099 4 0.4 9 0.7 33 0.7 42 1 51 0.4 60 0.9 69 0 76 0 92 0.7 94 0.3 
8142 15 0.3 20 0.8 36 0.4 48 0.7 54 0.8 59 0.6 65 0.7 66 0.9 81 0.3 89 0.3 
8150 42 0.9 64 0.8 
8539 4 0.5 11 0.9 16 0.7 20 0 24 0 64 0 66 0.9 74 0.6 
8621 0 0 13 0 15 0 74 0.7 85 0.6 94 0 97 0 
8848 11 0.8 51 0.5 54 0.9 67 0 74 1 75 0.4 79 0.9 92 0 94 0 97 0 
9235 2 0.5 10 0.8 19 0.3 22 0.5 26 0.7 
9289 53 0.4 64 0.9 84 0.3 89 0.6 
9310 8 0.7 10 0.3 15 0 29 0 58 0.5 59 0.3 75 0.7 90 0.3 
9386 12 0 51 1 63 0.4 80 0 
9399 4 0.7 14 0.4 30 0.8 57 0.3 62 0 65 0.4 71 0.6 79 0 
9620 10 0 57 0.8 63 0.5 67 0.5 
9649 7 0.8 18 0.6 26 0.5 27 0.7 46 0.3 55 0 62 0.9 89 0.8 91 0.7 97 0.8 
9933 2 0.9 22 0.7 24 0 59 0 97 0.9 
9935 3 0 76 0.8 96 0.7 99 0.6 
