100
95 33 0 45 0.9 52 0.6 66 0.8 83 0 90 0.5 
133 41 0.3 
244 23 0 25 0.6 27 0.6 58 0 
310 63 0.4 96 1 
403 74 0 
529 70 0.5 86 0.9 
554 0 0.3 9 0.4 32 0.3 42 0 43 0.8 51 0.4 56 0.5 93 1 
673 0 0 40 0.9 41 0.7 56 0.7 59 0 70 1 78 0.7 79 0.6 
693 59 0.5 
720 0 0.5 2 0.6 6 0.7 38 0.7 50 0.3 71 0.3 93 0.6 99 0.8 
797 0 0 22 0.9 28 0.8 36 0.9 41 0 46 0.3 59 1 
1062 2 0.7 29 0.6 
1263 34 0.5 40 0.5 57 0.8 75 0.7 82 0 
1287 16 0.4 
1332 5 0.6 15 0.3 25 0.4 39 0.7 66 0.8 76 0 94 0.4 95 0.8 
1355 3 0 24 0.6 26 0.8 47 0.8 72 0.4 73 0 
1547 78 0.8 
1580 5 0.5 8 0.9 22 0 28 0 52 1 60 0.5 71 0.3 90 0.6 
1644 50 0.6 83 0.7 
1797 3 0.5 23 0.8 25 0.4 68 0.9 87 0 
1802 18 1 28 0.4 50 1 59 1 76 0 79 1 87 0.3 
1863 28 0 
2305 45 0.4 
2402 0 0.5 14 1 20 0.9 30 1 39 0.7 75 0 92 0.4 99 0.4 
2564 25 0.3 32 0.8 66 0.3 81 0.7 85 0 86 0 89 0 94 0.7 97 0 
2613 7 0.4 85 0.5 
3057 3 0 28 0.9 39 0.5 52 0 66 0.6 73 0.6 
3320 26 0 
3333 6 0 38 0.5 45 0 
3423 9 0.7 16 1 65 0.4 77 0.4 93 1 
3984 50 0.9 
3990 1 0.8 9 0 41 0.5 50 0.4 73 0.9 80 0 95 0 
4062 1 0.9 4 0.4 16 0 33 0.5 58 0.8 59 1 92 0.3 99 0.5 
4074 13 0 30 0 33 0.6 39 0.6 
4118 43 0 48 0.7 
4149 24 0.4 29 0.4 30 0.4 41 0.9 58 1 65 0.8 71 0.5 94 0.8 
4305 3 0.9 11 1 32 0.6 49 0.4 84 0.3 95 0 
4326 8 0.9 11 0.3 22 0.7 26 0.7 59 0.7 68 0.6 73 0 85 0.7 97 0 
4542 24 0.9 45 0 51 0.7 71 0 82 0 84 0 
4839 7 0.9 43 0.3 54 0 63 0.3 70 0.4 78 0.9 91 0 99 1 
4912 1 0.4 12 0.3 32 0.9 
5051 10 1 30 0 39 0.8 54 1 57 0.7 72 0.3 
5101 7 0 59 1 65 0.8 66 0 70 0.3 74 0.8 93 0.8 
5156 3 0 27 0 34 0.3 36 0.8 38 0.3 40 1 61 0.3 75 1 
5197 75 0 97 0.9 
5293 39 0 
5338 0 0.4 20 0 33 1 57 0 74 0.5 89 0.3 
5596 25 0 29 0.5 64 0.8 89 0.3 
5830 18 0.6 25 0.9 43 0.3 83 0 95 0 97 0 
5852 40 0.3 41 0 
5965 45 0.5 75 0.3 88 0.6 94 1 
5966 10 0 24 0.3 33 0 42 0.7 43 0.7 63 0.5 73 0 80 0.9 82 0 97 0.8 
5987 22 0.6 33 0.8 71 0.6 85 0.7 99 0.9 
6388 32 0.5 42 0 59 0 67 0 
6552 80 0.4 88 0 98 0 
6786 37 0 40 0.5 41 0 75 0.8 
6808 7 0.5 15 0.4 37 0 52 0.3 73 0.8 75 0.6 77 0.4 80 1 
6949 33 0 80 0.9 82 0 94 0.3 
7003 22 0 38 0.9 43 0 57 0.7 71 0 75 0.9 78 0 90 0.7 
7005 17 0 21 0.7 25 1 46 0.5 95 0.8 96 0 
7101 4 0.4 11 0 35 1 56 0 89 0.7 90 0.7 
7338 11 0.7 22 0.5 36 0 52 1 60 0 64 0.4 71 1 96 1 
7415 65 0.4 
7444 3 0.8 18 0 86 0.9 
7566 4 0.8 7 0.6 26 0.6 52 0.8 72 0.3 
7577 4 0 16 0.5 17 0 34 0 67 0.5 73 0.6 76 0.4 94 0 
7661 44 0.7 74 1 81 0.5 
7677 17 0 25 0.3 50 0 62 0.7 68 1 71 0.8 75 0.9 90 0 96 0 
8014 0 0.4 4 0.7 38 0.8 56 0.3 77 0.7 81 0 90 0.4 91 0.9 
8019 4 0.9 13 0.6 15 0.7 25 1 44 0.9 46 0.4 51 0.7 82 1 
8023 6 0.5 8 0.7 62 0.6 63 1 66 0 99 0 
8095 2 0 10 0.8 19 0 39 0 45 0.5 51 0.4 73 1 79 0 87 0.8 
8098 22 0.9 50 1 57 0 74 0.3 88 0.3 98 0.4 
8102 18 0 22 0 90 1 
8136 9 1 14 0.3 40 0 71 0.5 73 0.3 75 0 
8185 44 0.7 47 0.9 56 0.7 98 0.9 
8451 3 0.8 7 0 22 0 27 0 38 0 39 0.6 43 0.5 69 0.3 75 0.4 
8552 5 0.8 6 0.5 7 0.4 30 0.3 43 0.3 60 0 98 0 99 0.8 
8591 14 0.5 24 0 32 0 45 0 48 0.7 52 0.7 55 0.9 57 1 60 0 87 0.5 
8594 15 0 26 0.5 51 0.5 64 0.5 76 0 79 0.9 91 0 
8604 67 0.7 70 0.9 73 0.8 85 0 86 0.3 91 0 99 0.5 
8612 8 1 9 0.9 57 0 
8617 3 1 13 0 52 0.8 97 0.5 
8667 4 0.5 49 0.8 55 0.5 65 0.9 83 0.9 
8683 7 0 60 0.3 85 0.6 92 0 
8735 24 0.9 36 0 46 0.3 50 0.6 57 0.9 64 0.7 73 0 
8743 8 0 29 0.4 32 0.9 81 0.9 94 0 
8885 22 0 
8933 0 0.9 34 1 44 0.5 54 0 72 0.4 80 0 82 0.8 
8969 8 0.7 28 0.4 42 0.4 49 1 65 0 77 0.9 81 0.6 86 0.6 95 1 
9357 98 0.3 
9393 27 0.9 78 0.6 81 0.8 98 0.7 
9452 0 0.4 
9509 18 0.8 20 0.6 43 0.6 54 0 66 1 79 0 
9609 8 0 9 0.9 37 0.8 56 0.6 90 0.8 
9682 8 0 9 0.8 45 0 48 0.9 
9731 14 0.9 22 0 45 0.3 52 0.8 54 0.8 62 1 77 0.3 79 0.8 84 0 
9737 80 0.8 
9793 1 0.6 31 0 32 0 43 0 54 0.7 67 0.9 73 0.9 90 1 
9950 28 0 50 1 97 0.4 
