100
86 45 0.4 50 0 56 1 57 0.9 58 0 78 0.7 
117 1 0.9 19 0.3 47 1 70 0.4 77 0.8 83 0.8 88 0.4 96 1 97 0.8 
193 22 0 68 0.9 
240 15 0.8 23 0 39 0.5 60 0 77 0.4 87 0 90 1 
292 23 0.7 35 0.7 49 0.8 60 0.9 70 1 80 0.4 96 0.4 99 0.7 
411 38 0.4 45 0.3 69 1 
564 10 0.7 11 1 22 0.7 49 0.9 53 0.9 65 0.5 87 0.4 89 0.6 94 0.3 
587 10 0.3 29 0.5 31 0 37 0.4 50 0 58 1 80 0.8 
608 1 0.6 4 0.3 15 0.7 19 0.6 32 0.6 64 0.6 66 0.6 69 0.9 70 0.4 96 0.8 
656 7 0 54 0 66 0 70 0.3 71 0 91 0.8 
661 3 0.5 42 0.6 43 0 
696 16 0.9 33 1 58 1 75 0.7 96 1 
711 3 0.4 19 0.9 31 0.5 51 0.5 56 0.9 71 1 72 0 76 0.6 85 1 93 0.9 
828 0 0.6 7 0.8 24 0.3 31 0.7 34 0.9 51 0.9 68 0.6 78 0 86 0.7 92 1 
887 39 0 62 0.7 65 0 96 0.5 
914 3 1 29 0.8 34 0 62 0 64 0.8 92 0 
1038 13 0 38 0.5 74 0 83 0.3 
1065 32 0.8 56 0 61 0.5 68 0.6 82 0.7 85 0.8 91 0.7 
1113 1 0 16 0.5 29 0.3 49 0.7 64 0.7 68 0.3 71 0 82 0 
1119 34 0 35 0 87 0.5 
1382 31 0.8 64 0.8 67 0 79 0.4 
1451 15 0.7 37 0.5 
1462 80 0.4 89 0.6 
1517 56 0.9 92 0 
1540 0 0 6 0 13 0.7 15 0 17 0.6 51 0.7 70 0.7 75 1 80 0.9 87 0.9 
1542 9 0.3 20 0.3 24 0 76 0.4 81 0.7 
1803 31 0.7 40 0.3 42 0 59 0.7 82 0.8 86 0.7 87 0.7 
1995 35 0 37 0.9 39 0 45 0 64 1 77 0.5 
2018 35 0.4 43 0.7 
2157 4 0 5 0.5 31 0.4 32 0.5 36 0.7 45 0.4 49 0 51 0 70 0 86 0.5 
2263 18 0 24 0.5 31 0.6 44 0 87 0.8 
2358 4 0.9 10 0.4 50 0 56 0.9 65 0.7 
2379 12 0.9 49 0.9 69 0.7 70 0 75 0.3 79 0.6 96 0 
2408 5 0.3 11 0 13 0 26 0.8 31 0.5 45 0.8 53 0 61 0.3 82 0.6 90 0.8 
2423 5 0 29 0.8 38 0 47 0.8 51 0 60 0 66 0.4 76 0.6 
2433 4 1 14 0.4 27 0.4 33 0.8 36 0.5 57 0.6 82 0 91 0 
2526 1 0.6 6 0 28 0.7 34 0.8 38 0.9 43 0 58 0 90 1 
2640 16 0.5 29 0.4 41 0.4 72 0 75 0.7 85 0.3 
2641 31 0 38 0.8 44 0.9 61 0.7 71 0.5 
2836 10 0 69 0.6 75 0.4 93 0.9 
2934 8 1 29 0.7 32 0.7 46 0.3 51 0.8 72 0.9 
2943 7 0.5 14 0.3 16 0 52 0.7 57 0 63 0.4 68 0.4 91 0.3 94 0 
2957 1 0.8 4 0.8 8 0 18 0 26 0.6 56 0.7 78 0.6 
3151 12 0.3 20 0.4 25 0.7 30 1 31 0.6 37 0.4 65 0 78 0 
3310 13 0.8 20 0 21 0.3 47 0 72 0.6 80 0.6 88 0.6 97 0.4 
3407 12 0.3 31 0 
3566 16 0.4 21 0 23 0.5 24 0 25 0 37 0 41 0.8 46 0.3 47 1 
3594 0 0 2 0.5 17 0 18 0 42 0.7 46 1 64 0 74 0.9 83 1 93 0 
3721 3 0.8 4 0.5 17 0 28 1 51 0.8 63 0 69 1 92 0 
3737 2 0 27 0.9 31 0.7 
3751 4 0.6 8 0 26 0.7 38 0 44 0.6 46 0.6 52 0.8 61 0 74 0.6 89 0.8 
3866 88 0.3 
3875 0 1 5 0 13 0.4 34 0.4 49 1 
4060 70 0.3 84 0.5 
4201 20 0.3 27 0 71 0.8 90 0 93 0.9 99 0.8 
4212 15 1 22 0.4 23 0.4 24 0.8 25 0.3 40 0.4 46 0.9 56 0.3 74 0 96 1 
4277 14 0.7 17 0.9 26 0.4 34 0.5 82 0 
4420 27 1 31 0.5 38 0.9 54 0 71 0.6 79 0.8 88 0.9 
4428 6 0 21 0.3 49 0 62 0.3 69 0 75 0.7 
4508 46 0.4 
4877 33 0.3 65 1 67 0.6 81 0.7 92 0 
5226 4 0.5 14 0.8 22 0.4 25 0.5 51 0.6 60 0 88 0.5 90 0 92 1 98 0.7 
5363 12 0.4 22 0 57 0 61 0.8 64 0 66 0.7 96 0.8 99 0 
5428 4 0.8 46 0.7 59 0 
5430 2 0.8 7 0.9 15 0.4 27 0.8 33 0 63 0 75 0 79 0 
5693 37 1 49 0.3 
5871 15 0.9 24 0 56 0 84 0.6 94 0.4 
5883 1 0 10 0.8 14 0.7 15 0 26 1 31 0 35 0 39 0 73 0.7 77 0 
5984 11 0.4 65 0.4 69 0 88 0 
5988 1 0.6 2 0.5 41 0.3 55 1 64 0.3 65 0.5 73 0 87 0.7 98 0.4 
6613 80 0.5 
6661 37 0.5 41 0 78 0 81 0 87 0.5 96 0.7 
6842 5 0.3 51 1 58 0.4 76 0.5 81 0.8 
6976 22 0 
7319 7 0.9 10 0 19 0.7 21 1 41 0.5 64 1 76 0.3 99 0.9 
7595 94 0.6 95 0.3 
7614 90 0.4 
7640 48 1 72 0.3 90 0.9 
7691 3 1 6 0 14 0 36 0.4 75 0.6 
7721 0 0.8 33 0 34 0.9 41 0.3 50 0 55 1 73 0.8 89 1 90 0 94 0.8 
7894 1 0.3 38 0.7 46 0 48 1 49 1 66 0 67 0 85 0.7 99 0.5 
8078 0 0 14 0.4 21 0.6 22 1 28 0.9 31 0 38 1 49 0 53 0 90 0 
8123 7 0.7 9 0.5 21 1 22 0.7 53 0 66 0.9 68 0.3 74 0.7 88 0.8 89 0.4 
8183 89 0 95 0.5 
8304 13 0.8 
8332 22 0.4 35 0.5 
8532 8 0 53 0.8 86 0.8 91 0 
8561 22 0.6 33 0 51 0.4 52 0.6 59 0 82 0 84 0 
8569 82 0.5 
8861 11 0 14 0.3 16 0.9 35 0 68 0.7 74 0.3 78 0.4 94 0.6 
8863 20 0.8 52 0.8 54 0.8 64 0.4 67 0.6 87 0.8 94 0.8 
9019 6 0.5 41 0.4 43 0.9 77 0.6 82 0.8 
9074 56 0.5 67 0.6 
9128 52 0 
9137 22 0 
9194 17 0.5 24 0.5 32 0 36 0.5 47 0.3 49 0.3 52 0.5 63 0 90 0.6 94 0 
9783 23 0.3 42 0.6 71 0.4 82 0.4 94 0 
9970 6 0.9 13 0 21 0 22 0.4 23 0.5 33 1 66 0.6 86 0.5 90 0.8 
9977 1 0.7 8 0 16 1 22 0.6 35 0.4 46 0.6 55 0.4 67 0.3 75 0 96 0 
9980 19 0 27 0.9 28 0 29 0.8 32 0.5 48 0 57 0.9 61 0.8 64 0.6 95 0.4 
