100
25 6 0.8 36 0.9 47 0 56 0 61 0 68 0.5 99 0.4 
51 48 1 51 0.6 56 0.5 57 0 63 0 85 0.8 92 0.3 
112 12 0.7 22 1 30 0 32 0 40 0 53 0 62 0.7 81 0.4 86 0.8 98 0.7 
172 6 0.4 13 0.4 25 0.6 54 0 58 0.7 87 0 90 1 96 0.9 
223 30 0 
260 4 0.7 13 0.3 16 0.4 21 0 28 0.5 47 0.5 51 0.4 89 1 91 0.5 92 0 
419 29 0.8 35 1 51 1 
468 0 0.9 18 0 60 1 
626 44 0 52 0.5 84 1 95 0.6 
630 11 0 21 0.8 29 0.3 40 0.5 52 0.6 82 0 86 0.7 95 0 
632 7 0.4 18 0.8 35 0.9 52 0.4 
688 17 0 33 0.9 51 1 70 0 73 1 77 0.9 80 0.4 81 0 
759 26 0.6 45 0.3 69 1 70 0.3 
786 11 0.6 29 0.5 32 0.4 38 0.4 40 0 53 0.6 55 0.3 75 0.6 78 0.8 89 0.5 
868 27 0.7 
914 3 0.3 29 0.3 34 0.7 62 0 64 0.5 92 0.7 
1009 69 0.8 
1047 15 1 83 0 
1088 10 0.6 37 0.3 45 0.9 47 0.3 52 0.9 54 0.4 61 0.7 65 0.5 69 0.5 78 0.7 
1129 12 0.5 48 0.9 58 0.6 88 0.3 92 0.4 97 0.9 
1358 1 0 45 0 95 1 
1386 4 0 9 0.7 18 0.9 26 0.4 40 0.6 43 0 
1661 14 0.8 39 1 58 0 
1686 26 0 46 0.3 47 1 87 0 
1870 14 0 44 0.9 96 0.4 
1953 1 0.6 5 0.9 14 0.4 24 0.4 62 0.7 64 0.7 87 0.9 
1992 25 0 37 0 
2034 16 0.3 18 0 46 0.3 66 0 76 0.8 
2072 22 1 37 0.7 42 0 87 0.8 
2088 6 0 12 0.4 21 0.4 28 0 31 0 44 0 61 0.3 73 0 
2191 11 1 37 0.3 45 0 
2236 15 0.5 18 0.7 68 0.4 75 0 92 1 94 0 95 0 
2393 4 0.9 11 0 12 0 18 0.4 41 0 54 0.8 59 0 74 0.9 76 0.7 91 1 
2466 21 0.6 28 0.9 38 0 46 0.3 56 0 69 1 78 0.8 84 0.8 
2592 10 1 14 0.8 19 0.9 40 1 53 0 57 0.8 64 0.3 77 0.8 
2607 8 0.6 15 0 18 0.8 44 0.8 52 0.4 61 0 89 0.9 97 0.8 
2735 65 0 
2756 13 1 14 0 28 0.4 46 0 49 0.8 51 0.4 67 0.9 68 0 
2836 10 0.7 69 0.9 75 0.4 93 0.9 
2917 5 0.7 24 0.8 91 0 
2993 15 0 18 0.8 24 1 49 0.3 56 0 61 0.3 62 0.6 
3289 2 1 30 0 33 0.7 48 0.4 54 0.8 60 1 63 0.5 69 0.7 78 0.3 
3455 22 1 37 0.9 38 0 45 0 59 0.3 62 0.4 
3502 8 0.3 10 0.4 16 0.3 17 0.4 47 0.9 58 0.6 82 0 86 0.5 92 0 
3596 0 0 11 0.5 20 0.8 22 1 25 1 39 0.7 49 0.5 62 0 84 0 93 0.5 
3681 40 0.3 
3804 16 0.8 22 0.9 42 0.8 43 0.8 50 0 65 0 69 0.6 84 0.3 96 0.4 
3933 18 0 41 1 47 0 56 0.6 70 0 80 0.9 
4035 54 0.9 55 1 57 0 66 0.3 
4102 6 0.8 15 0.6 18 1 64 0 
4191 1 0.3 95 0 97 0 99 0 
4237 14 0.9 18 1 27 1 54 0.7 61 0.7 64 1 74 0.4 80 0 93 1 
4842 10 0.3 47 0 71 0 91 0.3 
4970 9 0.9 13 1 22 0 23 0.3 25 1 31 1 53 0 90 0 
5184 43 0.4 47 0.9 66 0.4 72 1 83 0.3 84 0.9 87 0.7 98 0.9 
5322 35 0 51 0.3 99 0.4 
5391 11 0.7 14 0 15 0.4 60 0.3 72 0.7 90 0.5 
5462 13 0.6 17 0.4 33 0 37 0.9 48 0.9 53 0.6 56 0.8 70 0.8 71 0 77 0 
5507 4 0.9 9 0.6 37 0.8 41 0 53 0.3 69 0 78 0 79 0.6 94 0 
5531 0 1 4 0 6 0.5 41 0.6 43 0 57 0 94 0.9 95 0.3 
5616 9 0 17 1 49 0.8 62 0.9 
5675 24 0.5 27 0 71 0.4 78 0.5 
5793 7 0.6 38 0.4 42 0.8 48 0 56 0.9 
6028 5 0.5 10 1 19 0.4 
6084 2 0.3 27 0.4 28 0.4 41 0.4 64 0 73 0.8 75 0.8 80 0.7 87 0.3 91 0 
6134 17 0.3 46 0.7 90 0 96 0 99 0.8 
6259 6 0.6 20 0.6 21 0.3 22 0.3 41 0.6 56 0.3 78 0.3 92 0 
6484 23 0.6 31 0.4 39 0.3 50 0.9 81 0 88 0.4 
6498 9 0.6 31 0.6 32 0.9 37 1 41 0 53 0.7 59 0.7 60 0.5 84 0.5 99 0 
6576 24 0.3 
6765 14 0 36 0.5 76 0.4 85 0.9 
6853 41 0.4 60 0 78 0 79 0.5 86 0.6 93 0 
7032 22 0.5 48 0 58 1 64 0.8 
7211 23 0.8 51 1 
7232 2 0.9 7 0 23 0 25 0.9 27 0 32 1 38 0.6 67 0.8 68 0.4 
7377 8 0 23 0 28 0 37 0 
7439 3 0.6 19 0.8 55 0.8 89 0 
7648 31 0.6 40 0.8 43 0 61 0.4 78 1 
7899 17 0.4 
8239 13 0.8 30 0.7 42 1 51 0 62 0.7 69 0.9 72 0 81 0.4 
8517 10 0 13 0.8 38 0.5 57 0.6 59 0.9 79 0 87 0.7 95 0 
8602 22 0.5 36 0.6 74 0.7 79 0.5 81 0 
8659 18 0.9 27 0.5 44 0 65 0.8 69 0 
8839 30 0 37 0 
8907 50 0 81 0.9 
8925 1 0.8 39 0.4 79 1 97 1 99 0.7 
9023 3 0 10 0 12 0.9 18 0.8 44 0.9 48 0 87 0.7 88 0 93 0.5 
9061 4 0.9 12 0 13 0.6 20 0.7 88 0.3 
9073 2 0 15 1 43 0.5 45 0 62 0.6 66 0.9 68 0 76 0.6 93 0.7 99 1 
9179 3 0.9 4 1 37 0.4 61 0.3 86 0.9 
9338 17 0.4 
9433 43 0.8 
9486 41 0.4 45 0 90 0 92 0.5 93 0.8 
9507 24 0.7 
9514 17 0.6 20 0.4 61 0.8 65 0.3 70 1 
9671 13 0 25 0 60 0 97 0.4 
9751 13 0 23 0.7 29 0.5 41 1 44 0.3 49 0.6 93 0 96 0.7 
9767 26 0.3 48 0 53 0 55 0 61 0.7 66 0.8 94 0.9 
9768 12 0.5 93 0.6 
9965 77 0.9 88 0 
