100
141 53 0.6 64 0.9 83 0 
143 0 1 5 0.9 12 1 51 0 59 0.9 64 0.4 79 0.9 92 1 98 0 
294 21 0.6 43 0.4 49 0 
326 3 0 6 0.8 20 0.5 55 1 79 0.9 
332 74 0.6 
367 12 0.3 38 0.5 40 0.5 57 0.4 84 0.4 94 0.3 
455 0 0.7 6 0 41 0 53 0.3 73 0.4 79 0.9 80 0.3 
586 0 0.9 1 0.3 18 0 30 0 37 0.3 93 0.5 
680 30 0.9 44 0.9 51 0 53 0 57 0.9 72 0.6 
736 23 0.9 71 0 99 0.4 
1182 34 0 
1326 34 0.4 36 1 61 0.6 67 0.4 74 0.9 77 0.8 78 1 82 0 84 0 
1338 18 0.3 55 0.7 
1359 20 0.6 21 0.9 39 0.9 48 0 49 0.7 59 0.3 64 1 74 0.9 
1391 31 0.7 78 0.8 
1518 24 1 36 0.6 54 0.7 62 0.3 67 0.8 85 0.3 87 1 90 0.3 99 0 
2084 25 0.3 57 0.8 60 0.8 74 0.7 
2192 13 0 19 0 23 0.3 29 1 34 0.8 44 0.3 
2237 55 0.6 82 0.6 92 0.3 
2291 34 0 
2324 13 0.8 27 0.5 30 0 62 0.3 81 1 
2334 0 0.9 10 0.4 19 0 40 0.7 44 0.3 54 0.7 72 0.4 74 0.7 79 0.9 85 0 
2370 22 0 43 0 
2591 0 0 4 0.7 12 0.5 21 0.3 22 0.9 46 0.7 57 1 79 0.8 80 0.5 
2634 1 0.4 39 0 42 0 58 0.6 59 0.4 64 0.4 67 0.7 68 0 87 0.5 91 0.4 
2780 1 0 3 0 52 0.3 70 0.9 74 0 92 0.4 93 0 
2788 39 0 60 0 72 0.8 
2923 46 0 70 1 
3143 2 0 16 0.7 48 0 52 0.5 60 0.6 67 0 68 0.3 69 0.8 
3262 7 0.4 24 0.5 31 0.9 88 0 92 0.7 95 0.7 
3272 3 0.5 20 0.6 21 0 32 0 37 0.3 44 0.7 52 0.6 53 0.8 
3293 0 0.7 20 0.4 22 0.8 23 0.7 36 1 41 1 60 0.5 62 0.9 97 0.4 99 0.6 
3327 3 0 16 0.4 22 0.3 47 0.8 53 0.6 77 0 96 0.8 
3504 11 0 22 0.5 51 0 54 0.7 88 0.8 90 0 98 0.9 
3568 21 1 38 0 77 1 90 1 93 0 
3606 3 0.3 6 0 12 0.5 15 1 20 0 39 0 52 1 64 0.3 66 0 
3881 0 1 5 0.4 30 0.7 43 1 64 0.8 76 0.4 97 0.6 98 1 
3923 7 0 14 0.6 65 0.7 70 0.7 72 0.4 
3944 41 0 50 0.7 51 0.7 82 0.6 94 1 
4222 20 0 28 0 54 0 55 0 70 0.9 
4508 46 0 
4612 0 0 17 0.8 35 1 38 0.6 44 0 48 0 91 0.9 92 0.5 96 0.4 
4699 13 0.6 31 0.9 65 0.6 72 0.9 85 0 94 0.3 
4700 9 0 13 0.5 18 0 22 0.9 37 0.8 64 0 72 0.8 73 0.5 76 0.5 
4772 17 0.7 37 0.6 38 0 57 0 
4876 22 0.3 26 0.3 29 0.9 42 0.8 64 1 73 0 93 0.6 95 0.4 
5126 12 0.6 38 0 40 0.7 44 0 65 1 78 1 90 0.7 93 0.5 97 0.7 
5129 3 0.4 68 0 70 0 
5310 10 0.3 27 0.5 29 0 82 0 85 0.6 
5428 4 0 46 1 59 0 
5444 13 0.9 35 0.5 41 0.8 47 0.5 66 0.7 82 0.9 
5539 54 0 70 0 75 0 
5571 12 0.9 29 0.3 40 0 47 0.3 48 0.3 54 0.7 57 0.8 80 0.9 89 0.6 90 0 
5587 1 0 6 0.6 23 0 33 0.3 49 0.5 
5652 3 0 24 0 50 0.8 59 0.8 68 0.9 74 1 93 0.5 
5657 16 0 31 0 49 0 94 0 
5766 25 0.8 58 0 72 0.4 80 1 82 1 
5781 8 0 19 0 36 0.9 40 1 47 0.5 62 0.8 64 0.8 66 0.9 82 0.6 
5809 5 0.9 11 0.8 16 0.8 24 0 61 0 74 0 77 0.9 82 0.8 89 0.3 
5927 11 0.9 29 0 85 0 
5960 3 0.4 11 0.8 13 1 25 0.6 29 0.5 41 0 53 0.8 62 0.5 84 0.6 90 0 
6015 0 0.5 7 0.3 14 0.7 49 0.9 61 0.4 66 0 72 0.3 77 0.5 98 0.6 
6019 19 0.9 22 0.4 40 0.4 51 0.3 59 0 68 0.9 87 0.9 
6061 59 0.9 
6120 3 0.6 5 0 46 0.7 53 0.6 56 0.6 68 0.7 74 0.3 91 0 93 0.3 
6348 38 0.8 
6725 9 0.3 18 0.5 20 0 39 0.9 42 0 66 0.5 73 0.8 77 0.6 81 0.7 92 0.8 
6895 1 0.9 21 0.4 27 1 59 0.4 70 0.5 72 0 81 0.8 83 0 
6978 29 0.6 77 0.9 
7010 15 0 22 0.6 25 0.7 63 0.6 65 0.9 94 0 
7039 17 0.6 37 0.9 44 0.7 45 0.5 48 0 71 0 75 0.8 99 0 
7073 13 0 57 0.6 78 0.6 96 0.6 
7084 1 0 7 0.3 13 0 67 0 74 0.4 84 0.6 87 0.7 
7453 9 0.6 26 0.6 53 0.5 74 0.4 79 0 83 0 99 0 
7522 1 0.7 18 1 22 0.8 62 0.6 71 0 74 0.5 85 0.3 
7574 39 0.6 72 0.4 
7872 44 0.7 47 0.5 49 0 53 0.7 57 0.3 65 0.4 70 1 76 0.9 99 0.6 
7930 4 0.8 19 0.5 38 0.8 67 0.4 83 0.6 84 1 87 0.7 91 0.9 96 0.6 
8105 97 0 
8117 17 0 39 0 47 0.5 
8236 14 0 30 0 46 0 48 0.6 81 0.5 
8355 27 0.7 42 0.3 81 0 83 0.8 
8458 9 1 12 0.3 20 0.7 21 0.5 33 0 48 0 54 0.6 87 1 
8538 81 0.4 
8661 6 0 16 0.8 61 0 86 0.9 94 0 
8722 56 0.6 58 0.7 63 0.5 97 0.7 
8724 16 0 62 0.3 94 0.5 
8732 39 0 50 0 58 0.5 
8812 8 0.7 38 0 44 0 93 0 
8922 9 0 20 0.9 31 0.4 52 0.7 72 0.6 
8924 27 0.7 39 0.6 43 0.5 
8961 2 0 43 1 61 1 69 0.4 77 0.8 83 0.6 91 0 99 0 
9034 23 1 88 0.7 
9112 37 0.9 57 0.9 69 0.8 83 0 95 0.9 
9322 0 0 5 1 
9378 5 0.9 37 0 
9403 8 0 14 0.3 25 0 35 0.7 67 0.9 68 0 76 0.5 
9405 8 0.9 14 0.9 35 1 40 0.6 44 0.7 82 0.7 86 0 
9880 0 0.6 1 0.4 9 0 16 0.3 20 0.6 71 0.4 86 0.6 91 0.5 98 0.5 
9889 6 0.6 16 1 27 0 57 0.7 59 0.9 93 0.6 
