100
13 50 0 
28 96 0 
97 5 0.7 9 0.5 13 0.6 16 0.7 54 0.7 62 0 
183 4 0.9 28 0.8 29 0.6 30 0.6 45 0.7 61 0.6 74 0.8 77 0 80 0.8 91 0 
241 8 0 13 0.6 37 0 71 0.5 90 0.5 
376 17 0 28 0.8 45 0.9 82 0.5 
495 1 0.6 25 0 50 0.9 52 0.5 77 0 
515 15 0.8 30 0.9 34 0 40 0 44 0.7 57 0 94 0.7 
563 4 0.7 9 0.5 10 0.4 12 0.5 55 0.8 58 0 62 1 67 0.7 
610 1 0 5 0.4 20 0 22 0.5 52 0.8 
627 45 0.6 
680 30 0.5 44 0.4 51 0.4 53 0 57 0.5 72 0.3 
774 29 0 38 1 54 1 92 0.3 
1091 17 0.6 66 0.8 
1112 6 0.8 65 0 66 0 
1374 3 0 8 0.3 99 0 
1563 3 0.7 23 0 34 0.7 38 0 47 1 53 0.3 89 1 97 0.6 
1610 21 0 51 0 63 0.5 77 0.3 84 0.4 
1997 42 0.6 60 0 
2072 22 0 37 0 42 0.4 87 0.6 
2104 9 0 13 0.7 14 0.8 40 0.3 63 0 68 0 85 1 93 0 
2107 5 0 16 0 29 0.6 37 0.5 53 0.9 55 0.7 70 0.4 75 0.7 
2135 31 0 42 1 64 0.5 65 1 69 0.4 86 0.5 96 0 
2315 7 0.9 11 0 17 0.8 34 0.4 59 0.7 89 0.9 93 0.5 94 0 96 0 
2328 9 1 10 0.9 20 0.5 24 0 27 0.8 55 1 66 0.6 
2498 3 0.8 24 0.8 44 0.3 
2723 17 0.5 25 1 31 0.9 51 0.6 53 0.5 54 0.3 64 0.3 83 0.6 88 0 93 0.7 
2778 2 0 5 0.6 8 0.4 22 0.5 29 0 52 0.8 73 0.7 92 0 
2944 7 0.4 44 0 48 0.7 75 0.4 79 1 
3007 13 0.5 35 0.6 45 0.6 50 0.6 72 0.7 
3058 4 0.4 24 0.4 35 0.6 50 0.5 87 0.8 89 0 96 1 99 1 
3154 38 0.3 47 0.8 73 0.3 84 0 
3189 74 0.6 
3205 15 0.9 31 0 81 0 83 0.3 99 0.9 
3294 6 0.5 7 0.4 37 0.5 53 0.9 59 0.9 61 0 65 0.6 73 0.4 81 0.7 86 0.8 
3400 6 0.7 10 0.5 54 0.9 92 0 99 0.8 
3438 38 0.8 41 0 54 0.6 97 0.6 
3625 4 1 16 0.9 21 0 38 0.5 52 0 56 0 71 0 77 0 79 0.3 80 0 
3837 25 0 46 0.3 60 0 74 0.7 88 0.4 89 0.4 
4066 3 0 27 0 29 0.8 36 0.7 
4076 7 0.4 9 1 19 0.4 22 0.3 29 0.5 37 0.5 63 0.8 87 0.3 88 0.8 
4158 9 0 16 0 32 0.9 35 0.4 39 1 60 0 79 0 84 0.9 92 0.3 98 0 
4240 9 0 34 0.9 39 0.9 53 1 74 0.8 76 0.6 
4343 10 0 22 0.3 72 0.4 76 0.4 88 0.4 96 0.6 
4509 4 0.9 61 0.8 68 0.6 84 1 98 0 
4546 67 0 86 0 
4554 4 0 41 0 47 0.4 55 0.5 
4620 19 0.8 36 0.8 45 0.8 51 0 53 0.3 55 0.6 
4680 27 0 29 0.8 50 0.7 63 0.6 
4727 53 0.5 
4803 56 0 58 0.6 
4861 16 0 47 0 65 0.9 67 0.6 95 0 
4935 43 0 
4961 1 0 16 0.8 18 0.9 35 0.9 39 0.8 40 0 57 0 59 0.3 89 0 91 0 
5050 36 0.9 67 0.8 70 0.7 
5085 13 0.8 18 0 28 0.4 29 0.5 49 0.5 52 0 54 0.9 58 0.8 
5360 4 0 15 1 23 0.4 28 0 31 0 40 0.7 48 0 60 1 71 0.3 99 0 
5536 17 0 23 1 30 0.4 43 0.5 88 0.4 
5655 0 0.9 23 0 28 0.6 32 0.9 35 0.3 62 1 66 0.6 68 0 86 1 88 0.3 
5690 7 0 47 0.8 
5703 9 0 99 0.5 
5895 5 0 38 0 65 0 84 0 
6067 26 0.3 29 0.9 75 0.4 85 0 89 0.9 
6202 9 0.6 18 0.7 27 0.9 28 0.4 40 0 44 0.5 47 0.4 77 0 95 0.9 
6263 10 0.7 12 0.4 31 0 80 0.9 82 0.9 
6271 15 0.4 41 0 43 0.6 54 0 55 0.4 58 0 74 0.3 75 0.6 92 0.8 93 0.3 
6315 1 1 2 0.5 7 1 57 0.9 62 1 76 0.6 82 0 88 1 92 0 
6368 21 0.4 24 0 58 0.4 
6440 22 0.6 36 0.4 70 0.7 83 0 
6705 21 0 89 0.8 92 0.7 93 0.8 
6851 11 0 28 0 66 0.5 67 0 70 0.6 94 0.9 
7002 3 1 13 0.8 29 0.6 58 0.6 68 0.9 91 0.4 97 0 
7018 7 0.5 24 0.6 30 0.8 41 0 48 0.6 
7139 6 0.6 8 0 26 0.6 67 0 79 0.8 90 0.7 97 0.6 
7260 9 0 34 0.5 39 0.5 51 0.7 62 0.3 73 0.9 84 0.3 85 0 97 0 
7378 12 0.4 28 0.6 30 0.8 35 0.4 51 0.6 78 0.3 82 0.4 84 1 94 0 
7431 23 0 56 0 59 0.3 69 0 71 1 
7517 4 0 39 0.4 61 0.8 74 0.9 77 0.3 79 0.7 98 0.4 
7590 50 0 56 0.3 65 0 66 0.8 67 0 72 0.9 
7704 0 0.5 10 0.9 37 0.6 95 0 
7710 27 0 28 0.9 50 1 61 0.6 66 1 77 0 82 1 84 0.5 99 0.9 
7755 10 0.6 13 0.9 14 0.3 16 0.7 41 0.5 73 0.8 84 0 92 0.3 
7803 7 0.7 55 0.3 69 0 88 0.3 90 0.9 95 0.9 96 0.5 
7811 1 0.5 13 0.6 19 0.5 44 0.4 64 0 74 0 88 0.4 98 0.4 
7820 14 0.7 28 0 30 0 43 0.6 51 0 58 0.6 68 0 71 0.8 
7867 5 0.7 13 0 26 0 42 0.6 60 0 93 0 98 0.9 
7918 4 0.7 23 0 31 0.4 32 0.5 48 0.4 59 0 67 1 71 0.8 93 0.7 
7964 19 0.5 48 0 62 0 70 0.5 92 0 98 0 
8133 16 0.4 74 0.3 81 1 93 0 
8137 7 0.6 9 0.7 14 0.9 18 0.6 20 0.9 27 0 72 0.9 85 0.9 87 1 
8204 44 0 89 0 
8209 21 0.3 
8331 42 0.7 46 0 55 0 67 0.5 69 0.6 
8393 3 0.3 5 0.3 12 0 16 0 17 0.9 19 1 39 0 65 0.8 
8422 17 0.4 31 0.3 99 0 
8639 1 0.7 2 0.7 8 0.3 16 0.7 44 0 59 0.6 68 0.8 90 1 91 0.8 92 1 
8845 18 0.3 74 0 75 0.3 84 0 96 0.6 
9304 28 0 38 0.7 49 0.7 59 0.5 78 0.9 90 0.9 
9399 4 0.3 14 1 30 0.5 57 0.5 62 0.7 65 0.6 71 1 79 0.7 
9951 3 0 10 0 38 0 55 0.5 72 0.7 90 0.4 91 0 
