100
9 45 0.7 55 0.9 62 0 83 0.7 87 0 
159 0 0.8 11 0.7 15 0.8 17 0 18 0 22 0 64 0.9 75 0 90 0.4 96 1 
191 2 0 26 0.9 60 0.8 63 0 66 0.9 
312 95 1 
412 8 0.8 10 0 34 0 38 0 44 0 45 0.9 50 0.7 66 0.7 90 1 98 0 
526 0 0.9 11 0 18 0 32 0 50 0.8 54 0.7 74 0.7 92 0 93 0 96 0.8 
534 44 0.4 
648 32 0.5 33 0.9 44 0.7 48 0.5 67 0 73 0.6 
659 50 1 88 0.3 
675 8 0.9 15 0.3 33 0.8 41 0.7 45 1 82 0 88 0.6 91 0 
721 4 0.4 8 0 20 0.8 37 0.5 48 0 64 0.4 73 0 95 0.7 96 0.6 
738 71 0 
888 16 1 70 0.5 
895 0 0.9 7 0.8 12 0.5 46 0.6 91 0.8 
911 10 0.6 22 0.6 31 0.7 46 0.5 70 0.6 91 1 
955 29 0 38 0.7 74 0.8 
1048 29 0 32 0.9 37 0.4 39 0.4 
1136 12 0 19 0 37 0 67 0.4 68 0.7 83 0.3 90 0.9 
1229 20 0 30 0.7 40 0 43 0.6 45 0.7 61 0.9 84 0.5 90 0 
1262 31 0.9 38 0 41 0.5 
1271 31 0 32 0.5 80 0.7 98 1 
1341 0 0.9 10 0 40 0.3 55 0.5 64 0.6 72 0 73 0.8 96 1 
1363 21 0.5 77 0.4 
1417 47 1 
1420 12 0.7 
1562 26 0.3 86 0.9 
1630 26 0.6 41 0.7 58 0.7 66 0.3 
1750 9 0 37 0.8 44 0.7 45 0.5 47 0.8 61 0.8 70 0 73 0.9 77 0.5 86 0.3 
1838 34 0.8 
1847 2 0 21 0.5 38 0.3 51 0.7 83 0.7 
2052 17 1 34 0.7 35 0.3 38 1 55 0.8 81 0.9 89 0.4 
2084 25 0 57 0.5 60 0 74 0 
2102 19 0.7 30 0.4 45 0.8 54 0.5 67 0.8 
2168 6 0 15 0.5 32 0.9 52 0.7 65 0.8 
2274 13 0.8 31 0 53 0.5 
2301 2 0.7 13 0 19 0.8 28 0.9 59 0 60 0 88 0 91 0.7 95 0.5 96 0.8 
2408 5 0.5 11 0 13 0.3 26 0.5 31 0.5 45 0.9 53 0 61 0 82 0 90 0 
2474 12 0.6 35 0 42 0.7 46 0.6 48 0.8 74 0.4 88 0 94 0.9 98 0.7 
2616 23 0 66 0 75 0.3 81 0.3 94 0.9 
2622 9 0 49 0.3 68 0.5 
2725 12 0.3 16 0.5 17 0.4 20 0.9 34 0 43 0.6 83 0.3 87 0.8 94 0.3 
2798 4 0.9 12 0.5 13 0.3 19 0.8 53 0.6 60 0 66 0.8 94 0 
2981 2 0.7 10 0.5 33 0.8 63 0.4 
3249 16 0.7 23 0.3 48 0.8 70 1 90 1 96 0.9 
3498 6 0.6 9 1 17 0.3 18 0.7 26 0.6 51 0.4 79 0 80 0.8 84 0 90 0 
3577 52 1 68 0 78 0 
3667 32 0.8 97 0.5 
3790 5 0 12 0.9 20 1 35 0.6 53 0 86 0 97 0.3 
3810 27 0.5 40 0.7 54 0.3 97 0.3 
3888 5 1 11 0.7 17 0.9 39 0 67 0 74 0.7 77 0.9 89 0.7 
3938 53 0 89 0.3 
4027 12 0.6 21 0.5 23 0 30 0.6 67 0 83 0.6 96 0.6 99 1 
4293 7 0 36 0.4 39 0.3 48 0.7 53 0.4 60 0 85 0 91 1 92 0.4 
4357 4 0.3 17 0.5 25 0.9 39 0.4 40 0.4 75 0.6 86 0.9 92 0.4 
4413 2 0 17 0 37 0 42 0 52 0.8 62 0.4 74 0.7 75 0.8 84 1 
4482 9 0 62 0.6 65 0.4 
4576 22 1 32 0.5 59 0.7 61 0.4 92 0.4 
4613 4 1 16 0.3 76 0.8 83 0.8 89 0 95 1 99 0.7 
4678 1 0.8 33 0.3 43 1 44 0.3 55 0.9 71 0.9 81 0.6 90 0.4 
4831 2 0.5 29 0.5 33 0.8 48 0 66 0 74 0 83 0 
4874 36 0.3 41 0 65 0.9 66 1 71 1 
5334 13 0.9 25 0.5 27 0.7 37 0 42 0.8 51 0.8 94 0.8 
5642 1 0.8 18 0.9 47 0 90 0.9 96 0 
5701 25 0 33 0.8 48 0.6 56 0.3 
5727 9 0.5 38 0 42 0.8 63 0.7 64 1 
5737 14 0.4 17 0 25 0.9 33 0 42 0.8 43 0.7 
6183 10 1 15 0.9 25 0 75 0 98 0 
6201 8 0 27 0.4 
6477 37 0.6 47 0.3 88 0 
6815 7 0.4 9 0 43 0.5 48 0 68 0.5 69 1 
6864 19 0.8 57 0.5 84 0.5 87 0.9 97 0.9 
6934 6 1 17 0.4 71 0 
6941 48 0.4 87 0.5 
7170 37 0.6 39 0.6 
7408 1 0 6 0.9 7 0.7 42 0.8 56 1 87 1 89 0.3 
7521 35 0 44 0.3 
7598 13 0 23 0.4 37 0.7 50 0.7 75 0.7 84 0.9 87 0 
7719 44 0 66 0 85 0.8 
7874 0 0 24 0.3 39 0.5 
7986 12 0.8 22 0.3 28 0.3 31 0.3 35 0.8 39 0.3 41 0.5 46 0.3 52 0.3 59 0.3 
8003 3 0.5 17 0 41 0 49 0.6 51 0 52 0.5 61 0.3 91 0.6 95 0.3 
8066 6 0.3 8 0 18 0.8 25 1 61 0.6 62 0.3 71 0.9 95 0.5 96 0.8 
8076 6 0 28 0 35 0.8 52 0.6 59 0.9 73 0.7 92 0.3 96 0.8 97 0.7 
8233 7 0.9 58 0 63 0.9 70 0 74 0.9 95 0.8 98 0.5 
8333 5 0.5 9 0.4 24 1 29 0 34 0.8 39 0 51 0.4 71 0 84 0.8 91 0.8 
8480 2 0.5 9 0.7 15 0.5 30 0.9 58 0.3 71 0.3 
8548 18 0.5 20 0 22 0 38 0.3 43 0 59 0.7 66 0.7 80 1 90 0 92 1 
8580 28 0.8 69 0.8 96 0.5 
8621 0 0.5 13 0.8 15 0 74 0.3 85 0 94 0.5 97 0 
8981 9 0 29 0.5 
9120 19 0.7 43 0.3 48 0 57 0.6 58 0 75 0.3 93 0.4 
9326 2 0 55 0.8 60 0 65 0.9 73 1 
9332 2 0.5 7 0 11 0 14 0 18 0 42 0 54 0.4 67 0.6 89 0.8 99 0.9 
9352 0 0.9 34 0.4 87 0.3 
9386 12 0 51 0.7 63 1 80 0.5 
9497 17 0.3 33 0.4 51 0.5 74 0.8 83 0 97 0.3 
9558 1 0 39 0 51 0 55 0 59 0.4 65 0.3 72 0.9 74 0.9 89 0.3 
9682 8 0.9 9 0 45 0.9 48 0.3 
9708 8 0 15 0.9 22 0.8 46 0.8 66 0.3 69 0.3 71 0.8 80 0.9 91 0.5 
9873 1 0.3 15 0 72 0 75 0 
