100
31 10 0.8 19 0.9 42 0 65 1 67 0 71 0 81 0.3 95 0.3 
77 2 0 29 0 41 0 44 1 47 0.8 50 0.8 86 0 99 0.9 
132 27 1 53 0.9 55 0.5 
144 3 1 13 0 15 0.9 37 0 65 1 82 0 
365 51 0 68 0.4 91 0.9 
424 13 0.4 26 0.4 38 0.7 54 1 68 0.9 76 0.5 98 0.5 
451 4 0.7 29 0.5 30 1 34 0.7 35 0 39 0.3 43 0.3 92 0.7 
467 16 0.6 21 0 23 0.4 25 0.6 32 0 34 0.4 41 0.6 59 0.6 63 0.8 72 0.8 
480 13 0.6 26 0.8 33 0.7 62 0.3 88 0.3 94 0.4 
495 1 0.3 25 0.3 50 0.5 52 0 77 0 
587 10 0.4 29 0.6 31 0 37 0.3 50 0 58 0.7 80 0 
627 45 0 
651 47 0.6 94 0 
781 9 0 61 0.5 63 0 77 0 81 0.6 86 0 89 1 96 0 99 0.7 
786 11 1 29 0.3 32 0.5 38 0.7 40 0.6 53 1 55 0.8 75 1 78 1 89 0.9 
800 24 0.7 25 0 35 0 62 1 69 0.5 92 0 
895 0 0 7 0.3 12 0.8 46 0 91 0 
1072 19 0.8 26 0.5 42 1 51 0.5 68 0 71 0 72 0.7 79 0.5 
1075 10 0.3 12 1 24 0.4 36 1 46 0 51 0.7 52 0.4 59 0.3 92 0.7 96 0.6 
1150 35 0.6 78 0.3 
1259 18 0.5 47 0.6 48 0.8 51 0.7 66 0.6 70 0.7 90 0.8 
1363 21 0.3 77 0.9 
1444 11 0.4 42 0.7 60 0.3 
1504 58 0.3 60 0.4 81 1 94 1 
1690 1 0.9 11 0.9 
1740 17 0.6 22 0.9 27 1 32 0.3 54 0 60 1 73 0.8 
1941 31 0.3 54 0.5 65 0.5 
1943 50 0.6 84 1 
1972 3 0.5 10 0 34 0 46 0 47 0 69 0 87 0 
2048 43 0.8 52 0 
2146 5 0.6 31 0 83 0.5 
2282 51 0 
2308 2 0 4 0 10 0.7 13 0.6 
2389 19 0.6 40 0 43 0 63 0.5 71 0.3 83 0.8 
2434 23 0 77 0.9 84 0.5 
2493 3 0 4 1 8 0.7 11 0.6 17 0.7 38 0.3 39 1 47 0.5 79 0.3 84 0 
2583 0 0.7 6 0.3 16 0.5 64 0.6 65 0.8 
2678 75 0 
2843 9 0 10 0.5 27 0 43 0.5 66 1 75 0 86 0.3 87 0.5 
2869 28 0.9 56 0.8 69 1 80 0.7 93 0.5 
3081 3 0.3 8 0.8 9 0.8 37 0.7 40 0.4 59 0 64 0.3 73 1 93 0.5 
3224 54 1 
3273 13 0 22 0 96 0 
3465 6 0.5 8 0.6 12 1 36 0 43 0.7 50 0 51 0.5 53 0 66 0.7 88 0 
3505 0 0.7 6 0.5 8 0 10 0.6 21 0.8 37 1 57 0.9 71 0.5 83 0 86 0 
3508 37 1 63 0.4 83 0.4 
3518 4 0.6 26 0 80 1 
3658 26 0.7 42 0 56 0.5 61 0.4 82 0.7 89 0 98 0.7 
3685 31 0.5 
3686 12 0.9 13 0 71 0.5 78 0 
3821 6 0 12 1 23 0 26 0 49 0.3 82 0.7 88 0.3 
4064 29 0.8 49 0 54 0 59 0 67 0.8 91 0.6 97 1 
4128 9 0.9 27 0 40 0.4 42 0.4 50 0.5 69 0.3 74 0 
4137 89 0.4 
4163 93 0 
4306 9 0.7 22 0.9 27 0.7 35 0 39 0.6 57 0.3 66 0.8 70 0.6 
4413 2 0.3 17 1 37 0 42 1 52 0.8 62 0 74 0.8 75 0.4 84 0.9 
4428 6 0 21 0.7 49 0.4 62 0 69 0.3 75 0.5 
4561 9 0.4 14 0.7 
4723 7 0.5 10 0.7 11 0 36 0.6 38 0.9 44 0.8 58 0.3 
4784 13 0.4 51 0.9 75 0 85 0 
5235 4 0.3 59 1 87 0.8 93 0 
5258 0 0.8 16 0 38 0.9 41 0.4 69 1 76 0.9 78 0.6 94 0.6 
5270 31 0.7 
5498 7 0.8 14 0.6 33 0.6 36 0 96 0 
5728 7 0.5 23 0.6 
5835 19 0 21 0.9 27 0.8 39 0.8 48 0.3 79 0.3 96 0.6 
6082 32 0.6 74 0.7 78 0 82 0.8 
6125 31 0.7 38 1 42 0 43 0 50 0 51 0.9 74 0.9 79 0.6 84 0.7 88 0.3 
6205 24 0 50 0 62 0.9 68 0 71 0.5 72 0.6 85 0.9 90 0.6 
6229 19 0.6 46 0 57 0 66 0.3 69 0.8 72 0.5 73 0 91 0.7 98 0.8 
6302 8 0.8 26 0.3 57 0 74 0.7 80 1 
6317 4 0.9 12 0 42 0.5 57 0 78 0.9 81 0.6 
6505 16 0.3 30 0 78 0.8 81 0.6 
6716 13 0.4 19 0 29 0 46 0 53 0.8 54 0.4 58 0.7 71 0 81 0.8 85 0.8 
6907 24 0.7 62 0.9 84 0.6 
6939 63 0.9 
6966 37 0 
6995 4 0.5 8 0.3 34 0 90 0 91 0.7 97 0.6 
7191 15 0.4 16 0 53 0.8 69 0.7 73 0 82 0.8 84 0 89 1 98 0.3 
7267 73 0.3 98 0 
7524 14 1 
7783 7 0.8 22 0.3 56 1 59 0 
7938 16 1 54 0 98 1 
8175 69 0.7 86 0.7 
8181 29 0.6 38 0.7 73 0.5 86 0 
8348 0 0.3 8 0.5 15 0.4 22 0.9 33 0.6 63 0.8 77 0.8 83 0.8 97 0.4 
8355 27 0.7 42 0.6 81 0.8 83 0.8 
8491 7 0.7 17 0.3 27 0 48 0 72 0.8 87 0.3 88 0 99 0.8 
8585 5 0.8 18 1 38 0.4 45 0 47 0 76 0.5 82 0.7 
8716 16 0.5 73 0.7 76 0.3 
8857 38 0 49 0.9 
9132 25 0.6 33 0 39 0.5 46 0.9 61 0.4 70 0.4 80 0 86 0.6 
9210 10 0.9 25 0 47 0.8 60 0 66 0 86 0.8 
9226 21 0 22 0.5 67 0.7 93 0.4 94 0 96 0 
9309 3 0 10 0 41 0.3 57 0.8 58 0.9 85 0 94 0.9 
9427 11 0 29 0 47 0.5 51 0 57 0.4 79 0.5 94 0 
9440 19 0.7 39 0 47 1 52 0.7 87 0.8 
9463 8 0.3 13 0.6 14 0 39 0.4 51 0 52 0.7 56 0 62 0.7 78 0 88 0.8 
9594 10 0.7 41 1 68 0.7 87 0.5 90 0.5 
