100
40 8 0.8 30 0.7 39 0.6 42 0.7 44 0.5 56 0.8 62 0.4 70 0.6 84 0.3 87 0 
174 15 0 20 0.7 52 0.4 54 0.8 55 0.3 64 0.4 72 0 81 0.4 91 0 94 0.7 
202 21 0 37 0.8 56 0.4 64 0.4 67 0 72 0.5 75 0.8 83 0.4 
216 4 0.3 8 0.5 35 0 37 0.7 
230 6 1 19 1 49 0.8 53 0.5 76 1 78 0.6 80 0 92 0.6 93 0.9 94 0 
250 14 0.5 85 0 91 0.7 97 0 
306 1 0.6 26 1 47 0.8 77 0.7 94 0 97 0 
458 1 0.6 6 0 11 0.4 27 0.8 49 0.3 51 0.9 56 0.9 71 0.5 97 0.5 
487 9 0.5 36 0.4 47 0 93 0.8 
551 5 0.3 7 0 11 0.4 15 0 24 0 26 0 29 0.6 55 0.7 64 0 76 1 
556 22 0.4 38 0.6 39 0.9 54 0.8 60 0 63 0.6 76 0.8 
709 8 0.8 95 0.5 
873 26 1 49 0.8 50 0.6 51 0 67 0 74 0 86 0.9 
1054 69 0.5 78 1 
1617 30 0.3 31 0.4 59 0 61 0.8 67 0 68 0.3 85 0 
1665 30 0.3 45 1 50 0.8 87 0 89 0 
1699 4 0 8 0 18 0.6 61 1 
1952 12 0 16 0 19 0.8 74 0.6 84 0.5 88 0.4 
2041 3 0.4 23 0 32 0.9 63 0 70 0.9 
2043 12 0 21 1 23 1 32 0.6 35 0 37 0.5 43 0 51 0.3 93 0 99 0.6 
2120 7 0.7 42 0.3 60 0.8 79 0.3 
2157 4 0.3 5 0.5 31 0.8 32 0.3 36 0.8 45 0.9 49 0.7 51 0 70 0 86 0.6 
2164 2 0.6 30 0.9 59 0 69 1 70 0.7 73 0 91 0 98 0.3 
2273 1 0 22 0 26 0.5 27 0 28 0 58 0.9 67 0 72 0.7 81 0 88 0.7 
2282 51 0.4 
2420 23 0.4 47 0.4 48 0 61 0.6 67 0.8 77 0.9 78 0.5 79 0 99 0.9 
2434 23 0.5 77 0.4 84 0.6 
2598 2 0.5 40 0.7 47 0.5 59 0.3 76 0.4 
2746 8 0.4 
2752 14 1 33 0.4 40 0.8 61 0.5 63 0 66 0.3 
2753 13 0.3 20 0.5 35 0 47 0.8 52 0 56 0.5 59 0.6 61 0 78 0.5 84 1 
2767 6 0.7 10 0 17 0 37 0 41 0.5 44 0 52 0.7 56 0.3 70 1 76 0 
2804 7 0 19 0.8 72 1 76 1 
2827 12 0.5 13 0.9 36 0.5 43 0 47 0.6 48 0.4 70 0.3 71 0 86 0.8 87 0.5 
2842 6 0.4 14 0.9 31 0.4 55 0.9 69 0 70 0.8 81 0.9 
3043 1 1 2 0 8 0.3 60 0.6 70 0.4 94 0.9 
3103 11 0.5 23 0.7 36 0.8 46 0.4 48 0 64 0.6 88 0.4 96 0 
3251 2 0.7 14 0.3 17 0.9 33 0.4 37 0.7 45 0.4 46 0.7 63 0.4 89 1 
3294 6 0.4 7 0 37 0.5 53 0 59 0.3 61 0.9 65 0.3 73 0 81 0.4 86 0 
3299 9 0.6 25 1 46 0.7 56 0.5 91 0.7 92 0.9 95 0.3 
3303 13 0.7 30 0 36 0.5 47 0 67 0.7 83 0.5 86 0.6 
3375 3 0 10 0.7 34 0.7 
3455 22 0.8 37 0 38 0.7 45 0.4 59 0.4 62 0.8 
3506 1 1 8 0.6 72 0 
3538 11 0 31 1 38 0 62 0.7 78 1 79 0.8 81 0.7 
3604 11 0.9 82 0.9 
3661 13 0.4 51 0.4 
3734 7 0 52 0.8 55 0.7 72 0 73 0 75 0.3 90 0.3 
3785 4 0 31 0.3 39 0.7 69 0.3 73 0.5 82 0 93 1 95 0 96 0.5 
3864 9 0.6 14 0 34 0 48 0.9 65 1 
3971 4 0.4 35 0.9 37 0 47 0.8 53 0 
4023 81 0.7 
4083 19 0.7 58 0.7 63 0.9 78 0.7 
4141 17 0.4 
4155 1 0.4 13 0.5 30 0.6 59 1 65 0.5 85 0.3 
4220 10 0 56 0 70 0 
4245 15 0 17 1 27 0.8 30 0.9 31 0.5 41 0.5 43 1 65 0.6 68 0.3 80 0.5 
4707 1 0.7 18 0.3 25 0 35 0.9 40 0 42 1 53 0.6 57 0.4 
4712 1 0.7 12 0.3 36 0.7 38 0 40 0.3 60 0 62 0 75 0.8 95 0.4 
4942 33 0.9 37 0 85 0.7 92 0.4 
5034 2 1 80 0.9 
5139 2 0 16 0.9 85 0 94 0.6 99 0.3 
5247 90 0.3 91 0 97 0.9 
5395 16 0.3 20 0.5 39 0 50 0.5 51 0.5 62 0.7 67 0 
5514 87 0.4 
6142 22 0.4 25 0 26 0.8 44 0.7 58 0.5 68 0.6 72 0.7 93 0.4 
6244 2 0 3 0.6 5 0 16 1 46 0.9 65 0 73 0.7 90 0.7 
6328 2 0.4 22 0 65 0.8 84 0.6 88 0.7 99 0.7 
6468 19 0.6 29 0 51 0.8 54 0.5 59 0 71 0 79 0 
6475 1 0.3 16 0.6 24 0 73 1 75 0 88 0.7 91 0.5 94 0.5 95 0.3 97 0 
6481 37 0 45 0 56 0.3 64 1 90 0 93 0 
6641 7 0.6 8 0.6 18 0.6 33 0.3 65 0 66 0 94 1 95 0.4 
6659 2 0.9 27 0 56 0.6 61 0.9 71 0.6 79 0.8 81 0.9 82 0.4 94 0.6 95 0.5 
6753 0 0 34 0.8 35 0.6 39 0 42 0 54 0.5 75 0.9 
6943 9 0 21 0.9 25 0 34 1 38 0.8 53 0.9 54 0.4 
7036 14 0 97 0 
7079 60 0 93 0 
7121 13 0 18 0 23 1 
7310 4 0.4 8 0 12 0.7 38 0 73 0.6 84 0.3 
7358 28 0.9 44 0.3 45 0.3 54 0 99 0.4 
7439 3 0 19 0 55 0.7 89 0.6 
7475 0 1 2 0.5 20 0.7 28 0 42 0.8 50 0.8 54 0.5 
7575 15 0.7 37 0 42 1 56 0 58 0 90 1 
7746 10 0 65 0.8 71 0 
8111 20 0.6 
8124 10 0.7 59 0.8 80 0.7 
8133 16 0 74 1 81 0.4 93 0.5 
8228 39 0.8 50 0.4 69 0.6 83 0 94 0 
8259 21 0 74 0 92 0.4 96 0.9 
8303 78 0.7 87 0.3 
8459 1 0.7 28 0 38 0.7 41 0.4 56 0.3 59 0.7 67 0.5 79 0.3 85 0 89 0.3 
8460 6 1 19 1 20 0.7 51 0.7 64 0.9 72 0 73 0.6 74 0 86 1 90 0.8 
8721 5 0 22 0.4 38 1 61 0.9 68 0.8 80 1 90 0.4 91 0 96 0.3 
8863 20 0.8 52 0.9 54 0 64 0 67 0.9 87 0 94 0 
8932 4 0.4 37 0 
9024 24 0.6 28 0.4 32 0.3 38 0.7 49 0.7 59 0.4 66 0.8 69 0 76 0.7 88 0.4 
9026 5 0.3 6 0 10 0.4 12 0.4 44 0.6 56 0.4 61 0.3 68 0 88 0 
9051 0 0 30 0 45 0.9 65 0.3 70 0 75 0.4 95 0.3 
9144 2 0.7 7 0 42 0.6 48 1 74 0 84 1 91 0.9 96 0.6 
9525 68 0 
