100
35 0 0 6 0.9 16 1 20 0.9 52 0 53 0.4 59 0.3 73 0 93 0.6 
43 6 1 20 0 26 0 35 0.6 41 0.7 53 0 77 0.7 84 0.3 86 0.8 
58 45 0 
166 20 0.9 40 0 44 0 49 0 50 0 66 0.4 80 0 82 0.3 84 0.4 93 0 
276 2 0 5 0 19 0.9 20 0.5 36 0.7 43 0.8 46 0 55 0 78 0.7 97 0.9 
332 74 0 
595 39 0 60 0 83 0.8 
695 1 0.9 11 0.7 23 0 35 0 36 0 49 0.9 68 0.5 73 0.9 98 0.5 
794 12 0.3 
907 5 0.5 6 0.9 29 0.8 46 0 54 0 65 0.8 68 0 88 0 95 0.6 
935 1 0.9 11 1 28 0.6 59 0 64 0.4 77 0.8 
980 0 0 20 0 57 0.6 58 0.5 69 0.6 78 0.3 94 0.9 98 0.6 
1079 4 0.7 15 0.6 22 0.5 33 0.7 59 0.4 94 0.5 
1099 19 0.8 65 0 69 0.4 83 0 
1157 3 0 5 0.6 14 0.6 18 0.6 24 0 38 0.8 60 0.8 85 0 86 0.8 95 0.4 
1171 51 1 52 0.4 69 0.3 
1244 7 0.3 25 0 40 0 55 0.4 72 0.8 81 0.4 82 0.6 87 1 90 0.9 
1295 35 0.4 36 0.8 50 0.9 71 0.7 83 0 88 0 89 0.6 94 0 
1367 3 0.7 21 1 34 1 48 0.4 52 0.6 64 0.3 67 1 85 0 86 0.9 
1514 0 0.5 22 1 46 0.6 68 0 82 0.4 86 0.8 87 0.5 97 0 99 0.6 
1620 97 0.5 
1699 4 0.4 8 0.6 18 0 61 0.8 
1827 0 0.8 35 0 57 0.6 
1953 1 0.9 5 0.6 14 1 24 0.4 62 0 64 0 87 0 
2060 3 1 13 0.3 19 0.6 29 0 34 0 67 0.8 70 0.4 89 0.4 
2066 39 0.5 
2299 2 0.8 3 0 37 1 43 0.6 82 0.9 
2387 1 0.5 31 0.7 45 0.9 49 0.9 73 0.3 81 0 98 1 
2565 4 0.5 34 0.3 49 1 50 0 66 0.5 73 0.4 78 0 94 1 96 0.4 97 0.9 
2609 26 0 41 0 43 0.8 57 0.8 78 0.7 
2673 11 0.8 12 0.7 22 0.4 23 0 38 0.4 60 0.8 81 0.5 86 0.6 
2692 42 0.3 66 0 
2735 65 0.8 
2924 28 1 63 0 
2977 22 0 40 0 61 0.5 76 0 92 0 
3002 36 0 
3356 18 1 22 0.4 32 1 37 0.3 47 0 67 0.7 73 0.6 84 0.4 85 0 89 0.4 
3403 17 0.7 37 0.9 43 0.6 
3506 1 0 8 0.6 72 0 
3541 72 0.7 86 1 
3547 25 0.9 40 0.9 69 0.6 87 0.9 
3594 0 0.8 2 0 17 0.3 18 0.3 42 1 46 0 64 0.9 74 0.5 83 0.4 93 0.3 
3669 18 1 21 0.9 47 0.5 
3683 77 1 
3700 36 0 45 0.7 51 0.5 53 1 85 0.9 96 0 
3931 30 1 32 0.3 35 0 44 0.7 96 1 
3990 1 0.7 9 1 41 0.3 50 0.7 73 1 80 0 95 1 
4055 33 0.3 51 0.9 60 1 90 0.3 
4056 8 0.4 15 0.3 32 0.9 50 0 58 0.7 77 1 94 0 
4222 20 0.5 28 0.9 54 0.3 55 0.3 70 1 
4349 17 0.6 28 1 32 0.7 38 1 60 0.7 75 0.6 84 0.6 93 0 
4604 0 1 10 0 14 0.7 56 0.3 62 0.8 89 1 90 1 
4652 0 0.3 1 0.3 12 0 17 0 33 0 39 0.4 91 0 
4671 13 0.3 32 0.8 42 0 48 0.6 58 0.4 66 0.9 
4735 41 0.9 97 0.7 
5274 9 0 29 0.7 31 1 32 0.6 47 0.9 57 0.8 80 0 
5292 7 0.9 17 0 19 0.8 38 0.8 42 0 52 0.3 67 0.6 74 0.4 79 0.4 94 0 
5306 31 0.4 
5440 6 0.3 28 0.3 85 1 
5523 18 0 21 0.4 25 0.4 35 0.8 49 0.9 60 0.5 72 0.3 96 0.7 
5600 1 0.3 19 0.3 41 0.7 46 0.4 52 0 58 0.6 85 0.7 87 0 
5669 3 0.5 5 0.6 25 0.4 33 0 41 0.5 50 0 53 0 75 1 76 0.9 99 0 
5777 5 0 10 0.9 14 0 47 0.7 50 0 52 0.4 62 0.7 86 0.9 88 1 
5854 36 0 73 0 91 0.6 
5913 69 0.3 
5937 0 0.7 12 0.8 33 0.8 35 0.3 72 0 78 1 96 0 
5975 4 0.4 17 0.6 28 0.5 61 0 84 0 
6169 35 0.4 68 0 
6317 4 0 12 0.9 42 0.8 57 0 78 0 81 0 
6420 64 0.7 
6446 89 0.7 
6511 14 0.4 34 0.6 36 0 57 0 63 0.9 75 0.4 85 0.7 90 0.7 94 0.4 96 0.3 
6674 8 0.6 15 0.5 18 0.5 22 1 26 1 31 0 62 0.7 81 0.4 92 1 
6680 3 0.7 57 0 
6811 24 0.5 27 0 30 0 51 0.4 63 0.6 64 0.7 80 0 91 0.3 
7304 6 1 26 0.7 88 0.8 98 0 
7549 0 0 6 0.6 22 1 56 0 74 0 97 0.3 
7585 26 0 47 0 72 0 83 0.9 92 0.6 
7978 32 0.4 50 0 55 0.6 66 0.6 72 0.7 79 0 95 0 
8018 0 0.5 4 1 15 0.6 30 0 36 1 57 0.4 62 0.4 63 1 73 0 75 0.8 
8082 42 0.7 51 0.3 69 0.6 73 0.3 
8236 14 0 30 0.3 46 0.8 48 0 81 0.3 
8302 15 0.6 
8429 8 0.5 20 0.5 62 0 96 0.7 
8437 26 0.7 27 0 52 0 60 0.9 86 0.9 91 0.7 
8517 10 0 13 0.7 38 0.3 57 0 59 0.8 79 0 87 0.4 95 1 
8523 14 0.3 16 0.3 56 0.4 58 0.3 63 0 69 0.4 71 0.3 81 0 
8597 6 0.3 30 0 43 0 59 0 60 0.5 
8664 25 1 28 0 32 0.9 43 0 50 0.4 81 0.9 84 1 92 0 95 0 96 0.8 
8766 7 0 9 0.5 15 0.6 37 0.6 44 1 52 0 55 0.5 58 0.7 77 0 94 0 
8973 24 0.3 59 0.9 64 0.6 73 0 79 0.3 98 0.3 
9050 16 0.3 25 0.5 33 0.9 64 0 67 0.8 98 0.3 
9164 26 0 53 0.9 55 0.5 61 0 
9371 8 0 37 0 61 0 
9377 1 0.7 4 0.6 5 0 48 0.5 51 0.3 56 0.5 61 1 91 0 
9411 0 0 1 0.3 19 1 27 0.4 44 0.5 89 0.3 96 0 97 0.6 
9558 1 0.6 39 0 51 1 55 0.5 59 0.9 65 0.8 72 0 74 0 89 0.8 
9772 8 0 10 0.3 11 0 22 0 29 0.3 38 0.6 50 0.5 58 0 72 0.3 95 0.8 
9827 3 0.6 28 0.8 33 0 36 1 60 0 67 0.5 71 0 87 0.7 88 0 89 0 
9863 8 0.6 
