100
0 67 0 97 0 
226 14 0 31 0.7 37 0.6 39 0.5 41 0 42 1 44 0 47 0.3 94 0 99 0.4 
321 3 0.8 5 0.4 18 0 22 0 66 0.8 74 0.8 
406 0 0 8 0 22 0.8 43 0 82 0 90 0.4 
583 30 0.7 81 0.6 
661 3 0 42 0.5 43 0 
901 39 0.3 82 0 89 0.8 
1072 19 0 26 0.8 42 0.5 51 1 68 0 71 0.7 72 0 79 0 
1134 13 1 62 0.6 63 0 
1368 23 0.7 45 0.6 61 0.6 80 0.7 
1395 27 0.9 47 0.6 57 0.6 60 0.3 87 0.5 88 1 90 0 96 0.3 
1536 44 0.7 48 0.3 51 1 65 1 80 1 87 0.6 90 0.9 95 0.5 99 0 
1835 18 0.5 
1842 9 0.3 10 0.9 37 0.5 51 0.7 55 0 58 0.8 67 0.5 72 0.5 94 0.8 98 0 
1922 20 1 40 0.4 49 0.7 55 0 56 0.6 82 0.5 
1931 6 0.4 24 0 52 0.8 61 0.8 71 0.6 
1984 8 0 27 0.9 29 1 40 0.9 50 0.7 59 0 62 0.3 76 0.6 95 0.6 99 0 
2001 5 0 11 0.9 35 0.7 
2138 7 0.4 40 0 78 0.9 
2271 8 0.6 19 0 25 0.7 28 0.9 34 0 62 0 71 0.8 72 0 73 0.6 99 0 
2299 2 0.5 3 0.6 37 0 43 0.4 82 0.9 
2328 9 0 10 0.7 20 0 24 0 27 1 55 0 66 0.8 
2343 30 0.9 33 0.5 35 0.5 43 0 64 1 90 0 93 1 
2378 81 1 
2407 4 1 29 0.3 55 0 
2453 1 0.8 27 0.3 
2586 13 0 14 0.8 41 0.3 62 0.7 70 0.9 97 0.9 
2700 0 0.3 9 0 34 0 38 0.5 42 0.7 53 0.8 75 0.6 85 0.5 99 0 
2764 4 0.4 14 0.5 26 0.7 63 0.9 70 0.6 90 0.6 
2860 7 0.7 46 0.5 50 0.3 94 0.3 
2871 49 0.6 60 1 63 1 72 0.6 77 1 81 0.5 
3000 13 0 42 0.8 45 0.7 73 0.5 97 0.7 
3006 74 1 87 0.4 
3008 1 0.6 3 0.8 26 0.8 62 0 67 0.8 69 0.3 88 1 89 0.4 
3051 32 0.8 45 0.4 47 0.3 50 0.4 67 0.3 88 0.5 96 1 
3086 16 0.9 22 0 46 0 59 0 82 1 83 0.5 
3090 2 0.7 23 0.6 32 0 67 0.6 83 0.9 86 0 
3360 41 0.9 77 0.5 
3631 80 0.7 
4030 25 1 95 0.9 
4044 3 0.5 15 0.7 18 0 27 0.4 76 0.5 82 0.8 83 0 88 1 94 0 
4077 26 0.7 27 0.8 31 0.9 55 0.5 99 0.9 
4244 62 0.9 65 0.9 69 0.8 71 0.7 
4331 7 0.3 8 0 32 0.9 43 0.6 52 0.5 59 0.9 71 0.6 72 0.5 81 0.7 
4402 25 0.3 54 0.7 64 0 71 0.6 83 0.9 84 0 93 1 98 0.5 
4434 2 1 3 1 53 1 60 0.6 63 0.4 67 0.8 
4440 6 0.7 71 0.9 99 0.8 
4461 0 0.9 5 0.9 25 0.4 85 0.8 87 0.3 91 0.8 
4467 64 0.7 79 0.3 89 0.8 
4481 2 0 4 0.5 30 0.5 71 0.7 72 0.8 90 0 
4688 77 0.5 81 1 
4741 31 0.8 44 0.7 56 0.3 
4937 0 0.6 16 0 
4969 2 0.9 4 0.6 22 0.5 31 0 81 0.4 
4997 1 0.8 4 0.9 7 1 9 0 23 0 46 0.3 61 0.7 67 0 98 0 
5136 2 0.9 11 0 14 0.9 18 0 19 0.4 47 1 51 1 55 0.9 68 1 97 0 
5281 81 0.8 84 1 
5309 2 0 6 0 13 0 22 0.5 27 1 55 1 89 0 94 0 
5315 46 0.9 
5363 12 0 22 0.9 57 0.9 61 0.6 64 0.7 66 0 96 0 99 1 
5446 1 0 7 0.8 13 0 34 0 35 0 56 0 62 0.4 74 0 83 0.4 91 0 
5594 6 0.5 10 0.5 38 0.7 44 0.8 46 0.4 
5656 0 0.8 8 1 15 0 50 1 51 0.9 67 1 69 0 73 0 
5787 9 0.3 
5957 6 1 9 0.4 16 0 27 0.3 60 0.7 97 0 
6014 52 0 76 0.4 
6151 8 0.6 22 0.5 83 0.8 
6229 19 0 46 0.3 57 0 66 0.9 69 0.9 72 0 73 0.5 91 0.9 98 0.9 
6334 64 0.5 88 0.5 
6363 83 0.9 92 0.4 
6402 11 0.6 33 0.5 39 1 46 0 61 0 65 0.6 66 0.6 74 0 94 0 
6622 4 0.6 49 0.6 52 0.4 73 0 
6718 41 0.7 
6734 2 0.8 8 0.7 50 0 53 0 54 0.9 92 0 
7054 26 0.8 39 0.5 43 1 44 0.6 51 0 53 0.7 55 1 61 1 78 0.7 91 0.3 
7164 15 0.7 22 0.3 23 0.7 59 0.9 61 0.7 71 0.8 72 0.6 82 0.4 91 0.4 
7220 18 0 19 0 27 0 30 0.4 47 0.8 51 0 68 1 84 0.9 86 0.9 
7237 1 0 7 0.4 18 1 
7245 25 0.8 66 0 94 0 
7312 26 0.3 68 0.8 69 0 
7574 39 0.3 72 0.5 
7617 53 0 90 0.4 93 0.9 97 0 
7742 11 0.9 34 0.6 
8100 53 0 91 0 
8237 11 0.7 13 0.3 52 0.9 69 0.5 77 0.5 
8248 23 0.5 25 0.4 33 1 38 0.5 39 0.3 52 0.3 61 0.5 62 0.7 68 0.3 69 0 
8433 7 0 10 1 16 0.5 24 0.6 43 0 52 0.3 78 0.3 
8524 13 0.3 23 0.9 35 0.6 41 0.7 47 0.7 55 1 64 0.8 80 0.9 89 0 
8857 38 0.3 49 0.6 
9023 3 0.7 10 0.7 12 0.8 18 0.8 44 0 48 0.6 87 0.9 88 0 93 1 
9072 3 1 12 0.8 15 0 21 0 27 0.5 60 0.3 64 1 73 0 81 0 
9121 34 0.4 63 0 
9311 0 1 24 0 25 0.4 46 0.5 74 0.5 90 0.5 
9377 1 0 4 0 5 0.9 48 0.9 51 1 56 0.7 61 0.3 91 0.5 
9457 6 0.8 58 0.6 92 0.8 
9467 35 0.4 78 0.9 94 0.3 
9508 27 0 49 0.8 96 0.5 99 0 
9514 17 0.7 20 0.3 61 1 65 0.7 70 0.5 
9635 21 0.5 28 0.7 61 0 77 0.4 85 0.3 87 0 
9840 2 0 3 0.8 21 0 34 0.6 62 0.6 66 0 70 0 74 1 78 0.9 93 0.4 
