100
301 5 0.6 
370 12 0.6 34 0 36 0 44 0.8 65 0 70 0.7 92 0 95 1 
374 40 0.4 59 0 71 0.3 79 0.5 83 0 85 0.4 89 1 90 1 
402 7 0.8 39 0.5 40 0.7 73 0 74 1 87 0.4 88 0.8 89 0.5 
438 30 0.8 66 0.5 85 0.7 91 0 
443 49 0 54 0.7 
485 1 0.5 22 0 44 0 56 0.8 
508 18 0.5 68 0 71 0.5 75 0 
592 1 0.7 5 0.8 19 0 21 0.8 68 0.3 88 0.4 90 0.5 
696 16 0.6 33 0.5 58 0.7 75 0.5 96 0 
753 0 0.5 20 0 25 0 63 0 70 1 77 0 91 0.7 
806 0 0.3 1 0.8 7 0.6 36 0 53 0.7 70 0.5 75 0 82 0.6 86 0 
993 30 0 39 0.7 41 0 46 0 47 0.4 51 0.3 67 0 69 0.5 
1121 0 0.7 21 0.9 70 0.8 74 0.6 
1262 31 0.5 38 0.4 41 0.4 
1273 20 0.7 
1323 0 0.8 20 0.7 52 0 83 0 94 0.4 
1372 48 0.9 55 0.3 87 0.4 89 1 98 0.7 
1416 7 1 47 0.5 48 0.7 64 0.7 98 0 
1516 19 0 36 1 92 0.3 
1664 14 0.9 77 0 88 0 
1714 15 0 20 0.5 23 0.7 41 1 44 0.9 45 0 53 0.3 
1801 30 0.3 34 0.9 42 0.4 44 0.6 52 0.7 53 0.3 73 0 80 0.3 
1861 15 0 
1880 6 0 45 0 98 0.6 
2033 85 0.6 
2193 22 0.3 83 0.3 
2255 7 0.8 45 0.9 50 0.6 66 0 68 0.3 69 0 92 0 
2408 5 0.4 11 0.6 13 0.4 26 0.6 31 1 45 0.7 53 0 61 0 82 0 90 1 
2441 26 0.6 66 0.8 
2470 48 0.3 86 0 
2508 21 0.6 23 0.6 76 0 78 0.4 79 0 
2771 90 0.8 
2836 10 0.6 69 1 75 0 93 0.5 
2842 6 0 14 0.7 31 0.6 55 0 69 0.3 70 1 81 0 
2853 8 0.3 20 1 38 0 44 1 51 0 67 0 
2951 4 0.4 22 0 48 0 60 1 76 0 
3139 5 0.6 34 0 40 1 58 0 75 0 
3304 4 0.4 9 0.5 17 0.4 42 0 52 0.7 60 0.4 85 0 
3322 6 0.4 19 0 25 0.8 29 0.8 61 0.9 74 0 81 0.7 89 0.3 95 0 99 1 
3369 23 0.5 38 0 39 0.8 45 0 
3545 3 0.7 4 0 23 0 26 0.4 37 0.7 93 0.9 
3547 25 1 40 1 69 0.3 87 0.6 
3552 1 0 39 0.3 44 0 70 0.6 84 0.3 
3590 5 0 31 0.6 66 1 77 0.9 90 0.9 96 0.6 
3677 4 0 
3695 17 1 21 0.5 22 0.4 30 0.4 46 0.6 59 0.4 64 0 96 0.4 
3827 58 0 
3848 16 0.4 43 1 48 0 62 0.3 71 0.6 85 0.4 94 0.5 
3901 8 0.8 9 0 10 0.5 22 0 31 0.5 46 0.3 50 0.7 61 0.4 75 0.5 78 0.7 
4224 38 0.4 
4266 22 0.5 31 0.6 87 0.5 
4341 18 0.4 32 0.5 61 0.8 65 1 78 0.9 92 0 
4517 43 0.7 
4597 17 0 21 0.9 22 1 49 0 63 0.8 
4692 11 1 30 0.4 69 0.4 90 0.9 
4815 26 0.9 38 0.3 48 0.8 52 0 68 0.4 
4891 4 0.6 9 0 25 0 61 0.4 99 0 
4899 2 0.4 21 0 22 0 28 0.4 29 0.7 69 0.5 86 0.9 89 0.7 99 0.7 
4911 49 0.4 75 0.6 84 0.6 
5251 16 0.9 29 0.7 67 0.3 
5577 5 0 28 0.6 30 0.7 79 0.3 86 0 97 0 
5636 6 0.7 20 0.6 28 0.8 44 1 68 0 87 0 88 0 94 0 
5719 7 0.3 12 0.6 28 0.7 38 1 41 0.5 52 0.3 53 0.6 83 0.4 
6140 1 0.5 17 0.5 33 0.6 37 0.5 42 0 44 0.4 54 0.7 71 0 
6228 0 0.6 
6251 11 0.3 47 0.6 60 0.9 
6261 7 0.6 27 0.7 75 0 
6294 23 1 43 0.5 47 1 64 0.9 87 0.9 91 0 98 0 
6302 8 0.3 26 0 57 0.7 74 0.8 80 0 
6355 82 1 89 0 
6788 2 0 3 0 55 0.6 67 0.9 88 0 
6826 27 0.6 30 0.6 37 0 39 0 70 0.5 83 0.8 99 0.7 
6851 11 0.3 28 0.6 66 1 67 0.3 70 0 94 0.9 
7309 41 0.8 83 0.9 
7479 3 0.7 9 0.4 35 0.5 50 0.3 54 0.3 55 0.9 59 0.9 76 0.3 
7488 8 0.7 17 0 35 0 83 0.6 96 0 
7499 28 0.8 
7847 60 0.4 65 0.4 
7905 0 1 52 0 56 0.5 82 1 
7959 18 0.4 25 0 34 0.8 70 0.6 75 0.9 77 0.5 78 0.5 81 0.5 89 0.9 98 0.9 
8133 16 0.4 74 0.7 81 0.5 93 0 
8259 21 0.4 74 0.4 92 0 96 0 
8405 10 0.7 27 0 46 0 68 0 85 0 94 0.6 
8448 64 0 
8632 6 0.3 17 1 27 0.8 49 0 69 1 79 0.7 96 0.4 98 0.3 
8701 10 0.5 21 0.6 37 0.3 82 0 89 1 
8812 8 0 38 0 44 0 93 0.6 
8865 4 0 18 0.6 41 0.9 50 1 79 0.5 98 0.8 
8939 16 0.7 18 0.5 19 0.8 21 1 22 0.7 41 0.9 45 0.8 89 0.5 
8956 19 0 83 0 
8967 13 0.9 15 0.7 47 0 53 0.5 65 0.7 70 0.3 77 0.9 79 0.7 
9050 16 0.8 25 0.8 33 0.5 64 0 67 0 98 0 
9272 19 0.7 20 0 32 0.9 
9554 83 0.5 
9594 10 0.9 41 0 68 0 87 0.6 90 0.5 
9597 12 0 27 1 33 0.6 45 0.3 50 0.3 55 0.8 74 0 
9873 1 0.3 15 0.7 72 0.5 75 0.3 
9904 24 0.7 73 0.7 
9910 7 0.6 
