100
90 34 0.3 84 0 88 0.7 
184 24 0.3 36 0.8 38 0 66 0.3 
193 22 0.9 68 0.3 
242 39 0.5 56 0.7 74 1 80 0.5 99 0.6 
334 39 0 
478 57 0.4 62 0 81 0 
662 16 0.5 54 0 
677 26 0 32 0.8 38 0.4 42 0 74 0.3 77 0 
868 27 0 
1335 28 0.9 46 0.5 47 1 76 0.4 
1377 0 1 69 0 72 0.4 
1385 33 0.5 93 0.5 
1401 8 0.6 
1417 47 0 
1491 2 0.4 11 0.6 14 0 19 1 54 1 58 0 
1629 31 0 76 0.9 79 1 
1667 2 0.5 9 0.7 58 0.3 70 0.6 83 0.6 98 0.7 
1752 4 0.5 26 0.4 52 1 58 0 83 0 96 0.7 
1760 71 0.9 98 0.6 
1979 2 0.3 40 0.4 52 1 57 0.7 62 0.6 86 0 88 0.9 99 0.9 
2010 3 0 14 0.5 29 0 38 0 49 0.5 68 1 73 0.7 74 1 86 0.9 
2021 1 0 2 0.8 4 0.4 13 0 23 0.6 45 0.6 47 0.6 57 0 71 0.3 93 0.7 
2039 4 0.8 11 0.7 28 0.3 29 0.6 59 0.6 62 0.9 71 0.9 73 0.8 
2060 3 0.8 13 0.6 19 0.3 29 0.4 34 0 67 0.8 70 0.7 89 1 
2080 20 0 78 1 
2289 5 0.9 83 0.5 
2368 29 0.5 36 0 45 0.3 77 0 
2404 4 0 43 0.8 98 0 
2552 16 0 19 0.3 48 0 58 0.4 66 0.5 97 0 99 0.4 
2558 8 0.5 13 0.5 26 0.6 56 0.9 57 1 60 0 71 0.3 72 0 94 0.5 
2977 22 0.3 40 0.5 61 0 76 0.4 92 0 
3159 1 0.3 51 0 57 0.4 95 0.6 
3278 41 1 
3282 27 0.6 38 1 66 0 90 0 97 0.9 98 0 
3465 6 0.3 8 1 12 0.3 36 0.4 43 0.4 50 0.7 51 0 53 0 66 0.7 88 0.3 
3547 25 0 40 0 69 1 87 0.5 
3567 1 0.4 27 0.6 35 0 69 0.4 
3581 10 0.5 41 1 93 0 97 0 
3832 7 0.9 19 0 21 0 45 0 72 0.8 81 0.7 85 0.8 
4088 10 0.6 23 0.8 41 0.7 45 0 48 0.8 67 0.3 88 1 93 0.8 94 1 98 0.5 
4112 15 0.3 18 1 23 0.7 40 0.4 54 0 69 0 76 0 78 0 
4291 24 0 
4457 10 0.4 23 0.9 42 0.3 62 1 
4682 0 0 2 0.5 9 0.6 13 0.5 16 0.7 43 0.6 75 0.4 94 0.4 
4789 25 0 40 0.5 56 0.6 62 0 91 0.3 
5096 2 0.6 6 1 8 0 11 0 19 0 23 0 38 0 44 1 
5179 41 0.8 48 0.9 51 0.3 
5209 88 0.8 
5271 29 0 41 0.9 82 0.3 
5319 95 1 
5432 56 0.6 78 0.8 
5567 0 1 8 0 13 0.7 58 0 69 0.6 74 0.8 85 0.8 88 0 92 0.9 99 0.5 
5695 11 0 17 0.9 41 0 69 0.7 
5871 15 0.3 24 0.6 56 0 84 0.6 94 0.4 
5900 9 0.8 17 0.4 18 1 22 0.7 25 0.3 28 0 31 0.8 55 0.8 79 0.6 86 0.7 
5988 1 0 2 0.4 41 0.4 55 0.8 64 0.8 65 1 73 0 87 0 98 0.5 
6029 20 0 81 0.5 96 0 
6049 8 0.4 34 1 93 0.7 
6086 14 0 35 1 40 0.5 60 0 
6106 5 0.9 6 0.8 8 0.7 11 1 16 0 22 0 74 1 91 0.3 
6119 32 0.9 
6121 31 0.3 44 0.8 69 0 90 0.6 
6198 32 1 36 1 51 0.4 84 1 
6249 3 0 9 0.6 29 0 47 1 63 0.8 80 0.5 86 0 91 0.3 
6257 30 0 42 0.5 53 0 71 0.5 72 0.6 85 0.7 96 0.8 
6404 15 0.7 16 0 17 1 67 0.4 69 0.9 86 0.8 
6661 37 0 41 0 78 0.9 81 0.8 87 0 96 0.9 
6871 8 0 18 0 19 0.5 58 0 89 0.7 99 0.9 
6983 2 0 10 0.7 71 0.3 73 0 93 1 
7200 4 0.4 10 0.7 22 0 29 0.3 35 0.7 37 0 38 0.7 67 0 74 0.3 76 0.3 
7319 7 0 10 0.6 19 0.6 21 1 41 0.8 64 0.7 76 1 99 0.5 
7348 47 1 66 0 69 0.7 
7361 2 0.6 63 0.4 81 0.3 89 1 95 0.7 
7375 10 0.3 93 0 
7383 7 0.3 45 0 58 0 98 0.6 
7432 62 1 
7449 61 0 63 1 
7467 2 0.8 5 0.3 46 0.8 50 0 74 0 79 0 96 0.7 97 0 99 0 
7635 55 0.9 
7710 27 0.8 28 0 50 0.8 61 1 66 0.4 77 0 82 0.9 84 0 99 0 
7780 6 0.7 16 0.5 20 0.9 51 0 52 0.3 75 0.8 80 0.5 87 0 97 0.3 
7974 14 1 27 0 35 0.3 37 0.7 43 0.9 64 0 68 0.3 71 0.4 
8029 14 0.6 16 0.7 31 0.3 49 0.6 58 0 60 1 
8111 20 0.5 
8195 6 0.6 15 0.7 31 0.8 38 0 67 0.4 73 1 85 1 89 0.4 90 0 95 0 
8316 10 0 21 0.4 29 0.7 68 0.7 78 0.9 92 0 
8659 18 0.8 27 0.5 44 0.6 65 0.5 69 0.7 
8675 0 0.6 3 0.3 14 1 20 1 40 0.4 67 0.3 77 0.4 96 1 
8952 5 0.7 43 0 51 0.4 
9169 15 0.9 71 0 72 0 73 0.9 84 0 
9229 7 1 12 0.5 47 0.8 55 0.3 68 0.7 77 0 80 0.4 96 0.9 
9264 1 0 2 0.7 56 0.6 
9285 15 0.9 32 0.6 52 0.6 56 0.4 70 0 85 0.8 89 0.9 94 0.3 96 0.7 98 0 
9298 37 0.7 59 1 75 0 89 0.6 
9355 8 0 15 0 19 0.3 32 0 67 0 68 0.7 72 0.3 74 0.5 79 0.6 91 0 
9410 16 0.5 17 0 26 0.7 43 0.7 75 0 95 0.4 96 0.4 
9446 3 0.3 4 0.9 18 0.5 25 0.5 29 0.4 77 0.7 79 0 85 0.9 90 0 91 0.3 
9455 17 0.8 23 0.9 
9906 28 0.3 32 0 51 0 90 1 91 0 
9985 8 0 18 0.4 27 0 45 0 56 0.3 64 0.8 65 0.5 66 0.9 72 0 
