100
120 3 1 5 0.3 35 0 37 0.5 
125 24 0 27 1 48 0.9 53 0 94 0.8 
338 15 1 22 0.6 34 1 47 0.7 48 0.3 68 1 78 0.7 
355 4 0 5 0.4 14 0 29 0.3 42 0.8 56 1 60 0 73 1 77 0 
477 9 0 33 0.9 40 0.6 51 0.3 64 0.8 
482 62 0.3 
499 29 1 48 0.6 79 0 
743 26 0.6 36 0 64 0 69 1 85 0.9 99 0 
761 39 0 72 0.4 84 0 85 0.4 86 0 90 0.8 98 0.8 
867 9 0 17 0 33 0.7 40 0 51 0.3 68 0 78 0 79 0 86 0.6 
1004 30 0 39 0 51 0 53 0.3 60 0.6 79 0.3 80 0 84 0.4 95 0 
1005 1 0 22 0.8 29 0 31 0.7 44 0.8 51 0.7 58 0.5 66 0 74 0 90 0.9 
1087 19 0.4 68 0.4 83 0.3 
1092 28 0.8 30 0.7 33 0.5 46 0.5 
1147 37 0.8 74 0.8 
1320 11 0.5 16 0.5 61 0 
1386 4 0 9 0.3 18 0 26 0.5 40 0.6 43 0.3 
1401 8 0 
1450 8 0.6 11 0.7 46 0.5 48 1 56 0 60 0.8 62 0.6 68 0 71 0.7 
1678 35 1 42 0 58 0.9 65 0 70 0.3 88 0.9 89 1 91 0.3 93 0.8 
1847 2 0 21 1 38 0 51 0.8 83 0.6 
1867 8 0.8 10 0.9 27 0.8 50 0.8 
1932 67 0 
2023 8 0.5 19 0 37 0.3 42 0.9 44 0.7 48 0.5 60 0.4 64 0 65 0 79 0 
2031 7 0.8 14 0 23 0.7 44 0.8 64 0 69 0.5 
2213 24 0.3 49 1 70 0.9 95 0.5 
2282 51 0.6 
2697 2 0.8 7 0 21 1 48 0 83 0 91 0.5 94 0.7 97 0 
3112 4 0 13 0.3 36 0.5 53 0.4 56 0.6 61 1 66 0.6 
3203 11 0.9 23 0 24 0.5 33 0.5 62 1 83 0.8 
3217 18 0.8 33 0 46 1 52 0.8 59 0 67 0.9 93 0.7 
3266 42 0 52 0.8 67 0.9 72 0 74 0.8 75 0.6 97 0 
3627 2 0.6 22 0.4 33 0 39 0 41 1 52 0 63 0 66 0.9 80 0.7 84 0.9 
3895 49 0.5 50 0.7 77 0.5 88 0.7 96 0.5 
3977 6 0 17 0.5 20 0 27 0.9 30 0 34 0.3 37 0.5 38 0.3 45 0.5 81 0.5 
3992 2 0.7 29 0.7 38 0.5 42 0.9 67 0.5 73 0 80 0.8 82 0.4 86 0 90 0 
4066 3 1 27 0.8 29 0.6 36 0.7 
4077 26 0 27 0.4 31 0 55 0.8 99 0 
4247 1 0.3 15 0.7 16 0.7 29 0.4 35 0.9 36 0.9 42 1 59 0.7 63 0.9 
4300 9 0 60 0.5 77 0.9 82 0 
4307 1 0.6 3 0.3 5 0.9 6 0.3 52 0.6 63 0 74 0.7 75 0.8 84 0.3 
4485 3 1 12 0 15 0 25 0 26 0.4 29 0.7 36 0.8 70 1 79 0.5 97 0.6 
4591 7 0.5 12 0 31 0 62 0 71 0.5 75 0.6 82 0.8 92 0.7 
4596 1 0.4 8 0 18 0.3 29 0 57 0.9 64 0 
4606 26 0 89 0.3 93 0.4 
4647 0 0.6 11 0 59 0.7 87 0 
4795 4 0 7 0.3 12 0 51 0.4 53 0.5 55 0.6 60 1 67 0 81 0.9 94 1 
4846 62 0.9 
5019 15 0.6 39 0 54 0.8 96 0.7 
5142 17 0.7 19 0 28 0.7 30 0.7 78 1 
5252 6 0.8 19 0.7 60 0.4 
5302 15 0.6 30 0 42 0.6 
5348 15 0.8 28 0.5 45 0.3 49 0.7 50 0.3 72 0.5 81 1 
5387 48 0 62 0 66 0.5 92 0.3 
5394 0 0.9 18 0.5 42 0.7 67 0.9 68 0.3 
5512 49 0.6 
5802 23 0 94 0.5 
5833 16 1 25 0 67 0.7 72 0.4 96 1 
5890 3 0 14 0.4 
5915 0 0 6 0.9 21 0.8 22 0.8 24 0.3 27 0.4 46 0.3 67 0.5 85 0.8 99 0.5 
6066 0 1 70 0.5 80 0 
6080 17 1 20 0 47 0.5 51 0.9 81 0.8 
6135 20 0 50 0.5 69 0.4 80 0.3 81 0 91 0 92 0.5 94 0.9 96 0.8 
6193 22 0.9 27 0 29 0 39 0.9 50 0.6 91 0.6 94 0 97 0.9 
6204 22 0 
6571 17 0.7 36 0 44 0.9 45 0.8 50 0.8 61 0 76 0.8 94 0 97 0 99 0 
6736 10 0.5 39 0.7 42 0.7 65 0.8 76 0 90 0.7 92 0.9 96 0.4 
6787 9 0.5 36 0 59 0.6 60 0.5 
6936 11 0.6 14 0.3 38 0.8 50 0 58 0.3 63 0 66 1 96 0.3 
6966 37 0.5 
7124 3 0.4 22 0.9 26 0.5 43 0.9 54 0 63 0.6 67 0 91 0 95 0.8 
7197 8 1 22 0 24 0.7 43 0.8 57 0 68 0.6 70 1 79 0.3 80 0.8 
7342 29 1 47 0 75 0.5 91 0.9 
7358 28 0.6 44 0.9 45 0.3 54 0 99 0 
7442 11 0.4 17 0.3 50 0 52 0 53 0.8 55 0 76 0.3 
7458 81 0 
7569 6 0.9 9 1 13 1 18 0.9 38 0.4 48 0.5 
7618 3 0.8 8 0.9 19 0.4 24 0.3 28 0.4 37 0 54 0.6 65 0.4 68 0.6 94 0.7 
7638 12 0.5 15 0.3 24 1 31 0.5 33 0.8 39 0 
7640 48 0.9 72 1 90 0.6 
7764 16 0.4 17 0 41 0.6 45 0.5 53 0.5 91 0.9 
7782 1 0.3 4 0 32 0.7 51 0.7 52 0.3 80 0 96 0.7 97 0.8 
7824 0 0.8 26 0.4 51 0.8 72 0.6 
8011 48 0.6 70 0 76 0 
8096 15 0 50 0.5 71 0.7 74 1 
8097 7 0.3 13 0 18 0.3 22 0.6 24 0.9 54 0.5 77 0.7 79 0.4 
8256 78 0 83 0 
8441 3 0.5 74 0.5 97 0 
8617 3 0 13 0 52 0.9 97 0.8 
8854 5 0 45 0.3 60 0.9 75 0.6 83 0.9 94 0 
8888 3 0.4 10 0 35 0.5 40 0.4 45 0.3 56 0 58 0.6 64 0 83 0.6 
8972 27 0.8 58 0.8 63 0 
8984 51 0 64 0.9 98 0 
9013 11 1 27 0.8 30 0 31 1 58 0 77 0 
9153 7 0.8 28 0 44 0.6 45 0 47 0.8 73 0.9 81 0.9 82 1 95 0.4 
9322 0 0.9 5 0.7 
9627 7 0 17 0.8 18 0 25 0 44 1 52 0.7 65 0 76 0.3 77 0.4 84 0.8 
9776 4 0.4 30 0 31 0.6 44 0 72 0 73 1 
9870 16 0.4 27 0.4 29 0 45 0.7 56 0.3 58 0 68 0 90 0.4 
9934 3 0 4 0 16 0.3 30 0.8 44 0 71 0 78 0.4 96 0.7 
