100
7 3 0.7 9 0.4 51 0 60 0.7 69 0.3 
21 31 1 71 0.9 74 0.8 93 0 94 1 96 0.5 
70 96 0 
109 10 0.6 17 0.7 54 0 65 1 68 1 75 0.9 76 0.6 84 0.3 
164 7 0 52 0 59 0.4 
452 47 0.4 50 0.7 64 0 
490 3 0 22 0.3 40 0.6 66 0 86 0.5 
643 21 0.4 79 0.3 
689 59 0.4 
841 5 0.7 61 0 99 0.8 
852 33 0.3 49 1 51 0.4 60 1 75 0.7 77 0 78 0.6 83 0.6 91 1 99 0 
918 13 0.8 18 0 19 0.6 28 0.9 41 0.9 76 0.7 98 0.9 
958 14 0.9 49 0.7 68 0.8 
1070 32 0 39 0 48 0.7 49 0 58 0.7 65 0.8 84 0 91 0.8 
1113 1 0.9 16 0.9 29 0.7 49 0.6 64 0.9 68 1 71 0 82 0.8 
1280 6 0.8 12 0 26 0.5 57 1 63 0.5 68 0 91 0.9 
1404 76 0.3 
1627 48 0 69 1 70 1 76 0 84 0 89 0.6 90 0.3 
1930 2 0.9 3 0.7 43 0.9 49 0 53 0.3 57 0.6 74 0.8 89 0 98 0.9 
2085 3 0.3 17 0.7 28 0.3 32 1 40 0.7 54 0 67 0.4 94 0.7 99 0 
2157 4 0.6 5 0.8 31 0 32 0.6 36 0 45 0 49 0 51 0.7 70 0 86 0 
2164 2 0 30 0.4 59 1 69 0 70 1 73 0.8 91 0.3 98 0.3 
2358 4 0.7 10 0.7 50 0.8 56 0.8 65 1 
2440 57 0.7 
2442 10 0 22 1 23 0.7 56 1 68 0.7 
2448 32 0.6 77 0.8 90 0.6 92 0.9 
2509 11 0 15 0.5 31 0.3 52 0.4 96 0.9 98 0 
2554 0 0 41 0.9 57 0.9 85 0.8 
2621 12 0.3 40 0.7 
2680 1 0.7 8 0 12 0.6 32 0.8 55 0 65 0 86 0.3 90 0.9 97 0.9 
2806 41 0.6 42 0.3 51 0 69 0.6 82 0.5 
2921 46 0.6 53 0.8 66 0.3 73 0.6 93 0 
2975 16 0 17 0 39 0.9 50 0.8 62 0.7 66 0.5 79 0.9 98 0.9 
3195 76 0.6 98 0.7 
3296 11 0.3 13 0.9 37 1 41 0 51 0.5 81 1 82 0.6 94 0.8 
3508 37 0.9 63 0 83 0.4 
3513 10 0.5 18 0.3 31 0.7 33 0.5 44 0.5 46 0.7 61 0.4 68 1 75 0.9 97 0.7 
3544 4 0 14 0.9 23 0.6 25 0.9 38 0.7 47 0 55 0 62 0.4 89 0.8 93 0.7 
3585 6 0 20 0 
3874 1 0.8 3 0.6 9 0 19 0 39 0.6 48 1 63 0 77 0.8 92 0.5 96 0.5 
3980 4 0.8 21 0 28 0.8 36 0 40 0.8 49 0 52 0.9 67 0 87 0.4 
4038 20 1 44 0 48 0 65 0 
4046 23 0.7 37 0.9 51 0.4 53 0.8 54 0.4 56 0.9 64 0.4 77 0.4 96 1 97 0.5 
4056 8 0.6 15 0.8 32 0.5 50 0.3 58 0 77 0.3 94 0.5 
4117 23 0.3 54 0.3 57 0 82 0 
4159 13 0 18 0.8 26 0.8 34 1 61 0.5 
4169 42 0.6 
4485 3 0.5 12 0.3 15 0.4 25 1 26 0 29 0.8 36 0.8 70 0.7 79 0.4 97 0.6 
4489 14 0.9 19 1 41 0 90 0.7 
4537 8 0.5 14 0.7 39 0 48 0.5 
4568 58 0.3 77 0 
4668 2 0.8 68 0.8 98 0.6 
4762 2 0 3 1 4 1 29 0.3 59 0 77 0 87 0.4 88 0.6 94 0 
4777 7 0 11 0.3 14 1 25 0.7 28 0 60 0.6 71 0.9 80 0.6 95 0 
5391 11 0.8 14 0.4 15 0.8 60 0 72 0 90 0.9 
5407 1 0 14 0.3 20 0.7 52 1 
5666 11 0 17 0.9 31 0.3 62 0 98 0.9 
5880 6 0.7 35 0.9 48 0 50 0 97 1 
5913 69 0.7 
5942 17 0.3 55 0.3 
6049 8 0 34 0.3 93 1 
6066 0 0.4 70 0 80 0.7 
6075 8 0.3 96 0 
6124 11 0.5 13 0.3 38 0.7 70 1 92 0.5 93 0 
6596 3 0.8 4 0 34 0.7 43 0.5 66 0.5 70 0.4 71 1 
6598 10 0.5 29 0.6 30 0.5 39 0.7 41 0.7 51 0 56 0.5 61 0 
6618 34 0.8 82 0.7 89 0.9 95 0.9 
6778 2 0 3 1 15 0 17 0.8 28 0.3 34 0 48 0 65 0.7 70 0.7 95 0.3 
7010 15 0.9 22 0.6 25 0.7 63 1 65 0.9 94 0.9 
7027 75 0 77 0.9 87 0.8 
7235 24 0.7 29 0.3 60 0.3 70 0.3 
7347 41 0 94 0.7 
7531 64 1 80 0.7 90 0.4 
7658 10 0 90 0.3 
7704 0 0.9 10 0.3 37 0.6 95 1 
7830 36 1 
7873 26 0.6 27 0.6 51 0.4 57 0 60 0 78 0.3 79 0 80 0.4 85 0.7 
7927 25 0.8 
8245 25 0.5 29 1 35 0.9 36 0 44 0.7 49 0.3 63 0.5 71 0.7 74 1 85 0 
8466 9 0 10 1 43 0.5 61 0.5 77 0.3 89 0.7 96 0 
8581 19 0.3 48 0.9 53 0 59 1 68 0.9 74 0.5 
8599 7 0 21 0.8 26 1 33 0 48 0.3 78 0 79 1 
8752 8 0.9 9 0.3 23 0.6 35 0.3 39 0.8 51 0 
8759 88 1 
8782 39 0 47 0.5 76 0 82 0.5 90 1 94 0.9 99 0.8 
8807 11 0.3 26 0.6 34 1 
8866 39 0.8 54 0.6 57 0.4 58 0.7 82 0.8 87 0.8 89 1 97 0 99 0 
9079 34 0.9 36 0.4 43 1 44 0.4 58 0 59 0.5 70 0.8 88 0.7 95 0.9 
9224 44 0.3 
9504 28 0.8 37 0.8 46 0.9 50 0 52 0 55 0.7 57 1 79 0.7 93 0 
9624 4 0 18 0 23 0.5 28 0.4 42 0.7 54 1 74 0.6 
9626 8 0.6 9 0 14 0.3 29 0 32 0.5 38 0.8 40 1 51 0 66 0.8 71 0 
9634 8 0 9 0 26 1 35 1 44 0.8 58 0 59 0 82 0.3 94 0 
9676 13 0.3 17 0.6 
9701 22 0.7 32 0 39 0.4 73 0.4 
9728 6 0.7 8 1 11 0.7 59 0.4 85 0.8 86 0.5 
9826 12 0 21 0.8 27 0.5 44 0.7 45 0 58 0.5 69 1 82 0.6 85 0.6 96 0.8 
9835 27 0 51 0 52 1 55 1 80 0 87 0 
9912 3 0.9 11 0 38 0 46 0.4 67 0.5 78 1 84 0.6 88 0 98 0.8 
9981 10 0 11 0.8 28 0 37 1 56 0.5 60 0 77 0 78 0.8 88 0 99 0.5 
