100
48 3 1 29 0 42 0.3 71 0.4 76 0.4 78 0.9 85 0.3 91 0.4 
249 17 0.5 26 0.3 47 0 54 0.9 55 0.5 70 1 76 0.9 79 0.8 
267 5 1 23 0.4 37 1 48 0 50 0.4 64 0.6 69 0 76 0.5 99 0 
376 17 1 28 0.5 45 0.9 82 0.4 
387 27 0.3 33 0.5 38 1 49 0.6 65 1 87 0.7 
499 29 0.7 48 0.9 79 0 
524 0 0.7 
533 75 0.4 96 0 
696 16 0.8 33 0 58 0 75 0.3 96 0 
728 7 0.9 42 0 
760 44 0.7 63 0.7 
922 68 0.8 88 0.5 94 0.4 
929 5 0.4 8 1 30 0 43 0 57 0.4 76 1 81 0.9 
936 4 0.5 7 0 9 0.8 23 0.8 50 0 66 0.3 86 0 95 0.4 
946 23 0.4 32 0.8 35 0 40 0.5 61 1 65 1 75 0 88 0.3 89 0.6 
1199 7 0 20 0 24 0 25 1 51 0.4 76 0 
1227 68 0 98 0.6 
1263 34 0 40 0 57 0.6 75 0 82 0 
1299 60 0.3 
1409 16 0 20 0.4 46 0.3 73 0 76 0.3 79 0.9 
1420 12 0.7 
1425 29 0.5 34 0.3 39 1 49 0.8 51 0.7 55 0.5 68 0.7 70 0.5 77 0.4 
1696 5 0.3 16 0 25 0.7 33 0.6 41 0.7 55 0.6 64 0.6 83 0.9 
1830 9 0 18 0.5 30 0 44 0 73 0.6 93 0 
1908 15 0.6 20 0.9 27 0 43 0.6 44 0.8 45 0 53 0.8 76 0.3 79 0.8 
1923 37 0.3 75 0.4 78 0.3 
2081 6 0.6 9 1 39 0.5 64 0.4 69 1 92 0.8 
2120 7 0.5 42 0.7 60 0.4 79 0.5 
2203 10 0.9 23 0 32 1 36 0.6 67 0.5 76 0 77 0.7 86 0.7 94 0 99 0.5 
2412 47 1 77 0.5 87 1 
2436 30 1 36 0.3 41 0 42 1 63 0.8 76 0 79 0 
2468 9 1 46 0 75 0.9 
2562 37 0.4 
2683 39 0 41 0.8 74 0 85 0 
2741 86 0 
2747 62 0.6 
2767 6 0.3 10 0 17 0 37 0 41 0.7 44 0.5 52 0.8 56 0.3 70 0 76 0.7 
2839 41 0.5 91 0 
3136 7 0.7 8 0.3 17 1 19 1 52 0.8 57 0.3 60 0.5 72 0.7 77 0.5 79 0 
3303 13 0.7 30 0.5 36 1 47 0.9 67 0.9 83 0.8 86 0.8 
3336 38 0.5 89 0 
3364 8 0.7 21 0 26 0 27 0.7 74 0 97 0.5 
3417 13 0.9 
3464 57 0.8 
3657 24 0.7 27 0.6 37 0.4 42 0.5 44 0 70 0.6 75 0.4 77 0 90 0.3 97 0 
3690 21 0 30 0 95 0 
3799 6 0.7 11 1 13 0.6 14 0.6 28 0.6 99 0.3 
3868 54 0 
3940 13 1 17 0.7 32 0.3 35 0.9 44 0.4 93 0.3 
4050 66 0 87 0.4 
4060 70 0 84 0 
4470 8 0 10 0.7 32 0.7 37 0 43 0 57 0.4 74 0.5 86 0 91 0.4 
4624 27 0 28 0.5 66 0.7 69 1 86 0 87 0.7 90 1 
4900 0 0 5 0 14 0.4 29 0.4 31 0 33 0.5 34 0.3 39 0.9 97 0 
4922 20 1 79 0.4 90 0.6 
5043 14 0.8 26 0 36 0.8 37 0 46 0 68 0 72 0.3 74 0.3 78 0.7 85 0 
5245 13 0.5 15 0.3 38 0.9 48 0.3 50 1 51 0.5 57 0.3 60 0.7 
5420 63 0 65 1 80 0 
5582 3 0.7 16 0.5 37 0.6 43 0.6 50 0.6 68 0.5 69 0.5 71 0.7 75 1 
5652 3 0 24 0.4 50 0.8 59 0.8 68 0.3 74 0 93 0.9 
5728 7 0.9 23 0.8 
5766 25 0 58 0.6 72 0 80 0.6 82 0.8 
5972 44 0.7 87 0 91 0.3 
6080 17 0.9 20 0.7 47 0 51 0 81 0 
6098 3 0.9 20 0.6 27 0.6 38 0.8 42 0.7 67 0.5 85 0 98 0.6 
6253 5 0 33 0.7 38 0 49 0 62 0.9 66 0.6 68 0.6 77 0.9 86 0.4 94 0 
6271 15 0 41 0.4 43 0.3 54 1 55 0 58 0.7 74 0.9 75 0.8 92 1 93 0 
6287 97 1 
6351 39 0 44 0.5 46 0.7 54 0.8 75 0.3 78 1 80 1 83 1 96 0 
6630 44 0 76 0.6 
6691 33 0.3 81 0 92 0.5 95 0 
6750 6 0.7 16 0 26 0.5 28 0.6 35 0 37 0.7 47 0.6 58 0.5 72 0.6 
6789 23 0.3 51 0.6 92 0.9 
6838 7 0.9 11 0 12 0 13 0.8 28 0.4 50 0.9 64 0.8 65 0.9 72 1 77 0.3 
6895 1 0.3 21 0.4 27 0.9 59 0 70 0.8 72 0.7 81 1 83 0.9 
6935 40 0 60 1 
7096 10 0 26 0.4 38 1 44 0.8 49 0.9 54 0 90 0 91 0 
7152 37 0.4 61 1 
7288 34 0.4 36 0.8 38 0 42 0.4 49 0.6 76 0.4 79 1 89 0.7 96 0.6 
7368 25 1 
7540 5 0.7 30 1 42 0.3 44 0.3 65 0.4 71 0.8 79 0.7 94 0.5 
7551 5 0.7 29 0.5 56 0 86 0 
7568 15 0.6 27 0.5 61 0.8 96 0.6 
8073 24 0 37 1 38 0.5 44 0.3 70 0 87 0 
8099 4 1 9 0.3 33 0.7 42 1 51 0.6 60 0.7 69 0.5 76 1 92 0.4 94 0.8 
8475 11 0.3 29 0.4 32 0.3 45 0 57 0.5 67 0.3 86 0.9 91 0.3 96 0.4 
8628 39 0.4 
8727 7 0.8 15 0.5 27 0.3 29 0.5 57 0.9 81 0.4 97 0.4 
8729 5 0.6 
8842 3 0.9 24 0.6 25 0.9 28 0.9 38 0.3 82 0 94 0 
8852 75 0.6 
9190 92 0 
9233 4 0.3 33 0.4 67 0 86 1 
9247 29 0.7 82 0.5 98 0.6 
9325 10 0.7 27 1 77 0.7 
9368 7 0 8 0.4 69 0 73 0 
9487 22 0.9 30 0.5 37 0.8 43 0.6 53 1 58 0.8 79 0.4 
9502 22 0.5 50 0 56 0 62 1 65 0.5 71 0.6 77 1 82 0.5 97 1 99 0.4 
9611 19 1 21 0 22 1 53 0.7 62 0.6 69 0.8 81 0 95 0.5 
9982 23 1 39 0.4 69 0 88 0.3 91 1 93 0 94 0 
