100
8 11 0 29 0.9 41 0.8 78 0.9 88 0.5 
107 0 0.3 15 0 33 0.7 42 0.7 70 0 79 0.5 80 0.3 91 0.8 
142 23 0.8 63 0 69 0.8 
148 39 0 
280 13 1 50 0 52 0.5 
291 32 0 38 0.8 40 0.8 90 0.4 
416 8 1 11 1 16 0.9 19 0.8 53 0.7 58 0.5 64 0.8 74 1 
476 12 0 19 0.4 23 0.4 30 0 37 0.3 49 0 75 0 79 0 
543 12 0.8 31 0.7 42 0 56 0.9 65 0.6 80 0.4 
558 1 0 19 0 28 0.4 30 0.5 32 0 36 0 40 0.3 95 0.4 
698 2 0.4 5 0.3 29 0 38 0.9 90 0 
704 0 0.5 24 0 83 0 85 0.8 87 0 
720 0 0.9 2 0.8 6 0.8 38 0.3 50 0 71 0.6 93 0.3 99 0 
745 2 0.4 15 0.6 17 0 64 1 67 0 70 1 72 0.9 97 0 99 0.4 
769 61 0 98 0.5 
775 0 0 53 0.8 66 0 80 0.7 90 0 96 0 
804 9 0.5 14 0.6 17 0.8 25 0 74 0.6 98 0.7 
879 36 0.9 95 0.7 
1026 11 0.4 17 0.8 21 0 42 0 51 0.6 66 0.8 88 0 90 0 
1072 19 0.6 26 0.7 42 0.6 51 0.4 68 1 71 0.5 72 0 79 0.5 
1142 14 0.7 17 0 33 0 64 0 68 0.9 74 0.5 92 0.8 98 0.5 
1302 17 0.7 28 0.8 42 0 61 0 79 0.6 
1328 2 1 7 0.9 13 0.8 36 0.6 38 0.9 40 0.7 55 0.8 63 0 71 0 91 0.4 
1434 5 0.8 6 0 
1547 78 1 
1663 2 0 15 0 20 0 27 0.9 62 0.8 74 0.4 97 0.8 
1783 16 0.8 18 0 32 0.7 47 0.6 77 0.4 81 0 93 0.6 
1927 1 0.9 19 0 32 0.8 33 0 75 0.9 
1975 16 0.3 
1976 66 0.4 91 0.3 
2123 0 0 1 0.5 7 0.5 9 0 28 0.7 52 0.7 62 0.4 68 1 75 0.7 
2278 0 0.9 3 0 21 0.4 27 0.3 57 0.6 78 0.8 82 1 
2364 4 0.7 8 0.6 42 0 44 1 55 0.8 71 0.9 74 0.9 79 0.6 87 1 89 1 
2370 22 0 43 0.5 
2398 0 0.7 3 0.8 11 0 27 0.7 33 0 40 0.8 69 0.9 73 0 98 0.6 
2521 4 0.3 40 0.5 48 0.9 61 0 66 0.5 76 0.3 86 0 91 0.8 
2816 50 1 77 1 
2854 11 0 41 0.6 44 0 
2888 18 0 28 0.5 37 0 75 0.8 80 1 82 0.8 89 0 
2893 6 0.9 60 0 97 0.5 
3120 4 0 13 1 14 0 16 0.3 17 0.4 63 0 93 0.9 95 0.7 
3193 11 0.5 21 1 34 0.8 71 0 75 1 82 0 88 0 
3283 46 0 78 1 
3296 11 0.8 13 0.4 37 0.8 41 0 51 0.6 81 0.3 82 0.3 94 0 
3419 17 0.5 50 0 68 0.6 
3590 5 0.6 31 0.6 66 0.5 77 0 90 0.7 96 0.4 
3703 3 0 10 0.9 22 0.5 27 1 28 1 36 0 37 0.4 52 0.4 64 1 68 0 
3833 12 1 66 0.6 68 0.8 86 0.9 92 0 
3889 8 1 24 0 33 0 46 0.6 82 0.7 84 0.4 91 0.9 94 0 98 0.9 
3892 18 0.3 65 0.5 68 0.8 88 0.3 92 0 93 0.5 94 1 99 0.5 
3946 1 0.6 13 1 14 0.9 33 0.5 37 0 39 0 58 0.4 60 0 
4009 8 0.7 33 0.5 54 1 81 0 94 0 
4037 16 0.4 32 0.8 37 0.6 43 0.6 72 0.3 81 0.5 82 0.6 84 0.7 
4214 52 0.4 91 0.3 
4298 6 0.7 13 1 
4372 7 0 25 0.7 35 0.7 41 0.3 43 0.7 50 0.3 52 0.6 67 0.6 81 0 
4394 4 0.5 36 0.9 84 1 85 0.3 92 0.8 94 0.8 
4415 20 0.8 45 0.6 77 1 80 0.8 89 0.4 92 0.8 
4444 13 0 34 0.6 37 1 51 0.6 86 0.5 89 0 91 0.7 97 0.6 
4468 9 1 92 0.5 99 0.9 
4682 0 0 2 0 9 0 13 0 16 0.9 43 0.3 75 0.5 94 0.5 
4836 4 0.4 30 0.3 34 0 39 0 49 0.8 54 0 68 0.4 95 0.8 
4990 32 0.3 40 0.6 95 0.7 
5141 7 0 18 0 70 0 73 0.7 86 0.9 97 0.4 
5489 3 0.5 5 0.3 28 0.6 34 1 35 0 39 0.8 62 0.7 71 0 89 0 
5561 27 0.6 59 0 68 0.7 71 1 96 0 
5773 4 0.7 18 0.6 21 0.5 53 1 68 0 78 0 88 0.6 
6138 29 0 38 0.4 42 0.5 54 0 78 0.8 84 0.3 88 0.4 96 0.7 
6297 4 0.4 10 0 23 0 26 0.6 36 0.8 47 0 56 0.3 72 0 84 0.8 91 0 
6438 16 0 74 0.5 
6486 54 0 82 0.7 
6573 10 0.4 22 0 35 0.6 52 0 67 0.9 68 0.6 87 0 99 0.7 
6603 5 0.4 8 0.8 11 0 31 0.3 42 0 54 0 65 0.8 74 0.7 
6636 45 1 
6685 12 0.9 80 0.3 88 0.4 91 0.3 
6928 10 1 
7025 49 0 50 0 61 0 64 0.7 70 0.7 71 0.7 
7122 69 0 
7435 96 0.4 
7629 18 0.6 44 0.5 
7700 24 0.8 33 0.3 37 0.3 84 0.6 
7840 91 0 
8496 28 0 50 1 83 0 93 0.8 
8580 28 0 69 0 96 0 
8591 14 0.9 24 0 32 0 45 0.3 48 0.3 52 0.4 55 0.5 57 0.5 60 0.8 87 0 
8738 40 0.8 
8832 36 0.4 65 1 
8852 75 0.8 
8899 10 0.4 14 1 16 0 52 0 54 0.4 62 0 68 0 82 0.9 90 0.3 98 0.7 
9091 0 0.7 23 0 54 0.8 64 0.3 65 0.4 77 0.7 78 0.8 
9132 25 0 33 0 39 0.9 46 0.6 61 0.6 70 0.7 80 0.5 86 0.4 
9279 32 1 58 0 
9301 0 0 2 1 28 0.7 35 0 58 0 76 1 93 0.5 
9314 2 0.4 3 0 15 0 19 0.9 26 0.8 48 0.7 50 0.6 56 0.9 86 0.8 90 0.7 
9391 28 0.8 44 0.5 
9548 11 0.6 75 0.7 
9584 11 0.5 52 0 69 0 79 0.9 92 1 
9747 1 0.6 23 0.9 99 0.6 
9804 6 0.5 18 0.7 54 0 55 0.7 75 0.8 95 0.5 96 0.9 97 0.5 
9932 9 0.8 36 0.8 98 0 
