100
54 68 0.5 81 0.5 85 0 
202 21 0 37 0.8 56 0.6 64 0 67 0.3 72 0 75 0.6 83 0.6 
289 2 0.9 40 0 49 0.6 74 0.8 85 0.9 90 0 
405 45 0.5 80 0 
794 12 0 
1102 8 0 90 0.5 
1141 11 0.5 12 0.8 20 1 33 0.9 47 0.9 56 0 86 1 89 0 90 0.7 95 0.4 
1269 9 0.6 10 0.7 14 0.3 47 0.8 50 1 59 0.4 90 0.3 
1327 18 0.5 22 0.3 33 0 49 0 53 0.3 76 0 78 0.7 93 0.5 
1339 17 0.5 52 0 
1390 71 0.6 
1424 27 0 75 0.9 76 0 
1479 16 0.9 18 0 31 0.4 34 0.9 35 1 49 0.8 52 0.7 53 0.5 64 0.6 90 0 
1482 9 0.9 22 0.8 23 0.9 46 0.5 
1530 13 0.5 21 0 38 0 40 1 49 0.9 55 0.9 82 0.9 84 0 89 0 95 0 
1543 21 0 30 0.5 42 0.3 55 0.6 57 0.3 93 0.8 95 0.4 
1569 2 0.8 5 0 8 0.8 20 0.9 26 0.6 42 1 49 0 99 1 
1667 2 0.9 9 0.6 58 0 70 0.9 83 0.6 98 0.7 
1771 0 0.4 4 1 11 0 12 0 21 1 54 0.9 94 0.6 
1830 9 0.7 18 0.4 30 0.6 44 1 73 0.3 93 0 
1850 4 1 12 0.3 34 0.6 38 0 48 0.4 59 0.9 61 0 74 0.8 87 0.4 
1967 65 0.3 
1972 3 0.9 10 0.4 34 0.5 46 0.3 47 0.5 69 0 87 1 
2070 31 0.3 50 0.3 52 0 57 0.4 64 0 81 0.3 
2121 27 0.4 29 0.3 30 0 88 0 
2134 26 0.7 44 0.7 55 0.8 79 0.9 89 0.6 
2154 17 0.9 19 0.3 35 1 67 0.4 68 0.8 85 0.8 
2274 13 0.8 31 0.7 53 0 
2560 4 0.4 17 0.8 23 0.4 43 0.8 46 0.6 59 0 63 0.4 70 1 99 0.8 
2779 6 0.7 17 0 30 0 63 0 89 1 95 0 
2865 13 0.9 32 0.4 40 0.6 54 0 65 0.6 93 0.3 
2892 13 0.4 23 0.6 30 0.7 43 0 77 0.8 88 0.8 
2947 1 0.5 10 0.8 15 0.5 
2974 17 0.9 92 0.7 
3211 37 0.5 
3225 27 0.3 28 0 
3256 1 0 44 0.6 
3308 12 0.6 
3449 43 0.3 53 0 59 0.5 73 1 
3521 12 0.6 15 0.3 17 1 22 0.8 27 0.3 36 0.6 41 0 73 0 75 0.3 95 0.9 
3606 3 0.9 6 0.8 12 0 15 0.4 20 0.6 39 0.6 52 0 64 1 66 0.7 
4288 21 0 38 1 39 0 46 0 53 0.4 60 0 73 0.7 77 0.4 
4541 7 0.5 10 0.3 56 0.9 75 0 92 0.6 
4573 10 0 19 0.3 20 0 30 0.6 44 0.7 57 0 58 0 68 0 92 0.3 93 0.7 
4613 4 0.3 16 1 76 0.7 83 0.6 89 0.5 95 0.3 99 0.7 
4628 8 0.9 18 0.4 31 0.9 33 0.3 36 0 40 0.5 53 0 89 0.6 90 0.5 
4881 0 0.4 11 0.4 15 0.5 17 0.7 20 0 50 0.3 60 0.5 76 0 98 0 
5050 36 0.8 67 0.3 70 0.8 
5128 35 0.4 55 0.3 63 0.3 73 0.8 76 0.3 86 0.7 97 0.5 
5226 4 0.3 14 1 22 0 25 0 51 0 60 1 88 1 90 0 92 1 98 0.8 
5577 5 0.5 28 0 30 0 79 0.9 86 0.6 97 0 
5624 10 0.7 12 1 36 0.5 38 0.4 76 0.6 
5665 32 0.7 60 0.9 97 1 
5680 20 0.7 25 0 26 0.5 31 0.8 36 0.5 71 0.4 77 0.8 82 0.9 
5719 7 0.6 12 0.6 28 0.9 38 0.5 41 0.6 52 0.7 53 0.3 83 0 
5795 16 0.8 31 0.4 68 1 69 0.5 85 0.6 
5884 16 0.7 23 0.8 34 0.4 49 0.9 63 0.7 64 0.5 70 0.8 81 0 86 0.5 
5894 0 0.9 10 0.6 13 1 22 0.3 39 0 41 0.6 74 0.9 75 0.4 92 0 
6124 11 0.9 13 0.6 38 0.8 70 0 92 0.8 93 0 
6191 29 0 60 0 76 0.4 94 0 
6194 18 1 19 0 32 0.7 36 0.8 37 0 42 0.5 47 0.8 66 0.4 74 0.6 94 0.4 
6404 15 0.8 16 0.8 17 1 67 0 69 0.9 86 1 
6427 23 0.6 42 0.9 48 0 91 0.5 
6429 3 0.5 
6496 10 0.6 85 0.8 
6527 13 0.4 24 0.5 57 0.7 58 1 67 1 72 0.9 78 0.8 87 0 
6593 10 0.9 12 0.6 21 0.3 53 0.3 58 0 62 0.7 
6634 8 0 11 0 18 0.8 25 0.7 30 0 48 0.6 49 0 68 0 74 0 80 0.7 
6722 3 0 5 0.7 25 1 38 0 41 0.5 46 0.8 76 0.9 77 0.7 
6750 6 0.6 16 0.7 26 0.6 28 0.7 35 0 37 0 47 0 58 0 72 0 
6764 9 0 59 0.9 62 0.6 
6903 55 0.5 70 0.4 80 0 
7249 27 0.7 55 0 56 0.6 70 0.3 86 0.4 91 0.6 95 0 
7256 1 0 5 0.6 6 0.9 61 0.7 64 0.6 96 0.4 
7354 42 0.6 44 1 60 0 64 0.8 65 0.3 67 0.8 71 0 74 0 87 0 91 0 
7412 0 0.3 32 0.8 46 0.8 52 0.8 65 0.7 80 0 88 0.5 89 0.7 97 0.5 98 0.6 
7442 11 0 17 0.7 50 1 52 0 53 0.7 55 0 76 0.4 
7471 25 0.6 26 0.9 30 0.5 38 0.5 53 0 80 0 89 0.8 
7482 8 0 48 0 66 0.3 98 0.9 
7525 40 0.7 54 0.5 
7641 13 0 16 1 26 1 30 0.8 36 1 74 0.3 84 0.8 92 0.7 
7768 5 0 12 0 14 0.4 30 0.8 33 0 35 1 48 0.3 63 0.7 79 0.3 91 0.7 
7842 1 0.6 
7904 13 0 15 1 60 0.8 
8020 14 0.8 41 1 43 0 44 0 58 0.7 86 0.6 92 0 96 0 
8027 2 0.9 25 0 26 0.8 52 0.5 53 1 54 0.4 70 0 
8053 2 0.6 15 0.9 62 0 
8066 6 0.3 8 0 18 0.4 25 0.4 61 0.8 62 0.3 71 0.8 95 0 96 0.9 
8167 3 0.7 29 0.7 32 1 51 0.8 89 1 
8678 28 1 
8820 30 0.7 43 0.9 
8854 5 0 45 1 60 0.3 75 0 83 0 94 0.5 
8881 0 0.5 16 0.4 77 0.7 98 0.3 
8976 7 0.5 22 0.4 86 0 
9183 3 0.7 7 0 32 0 34 0 37 0.4 54 0.4 72 1 73 0.3 89 0.5 99 0.8 
9477 77 0.4 
9547 64 0.7 86 0 
9674 15 0.8 18 0 27 0 44 0.7 53 0.3 87 0.8 98 0 
9886 15 0.6 41 0.4 47 0.7 54 0 62 0 65 0.4 78 0.8 
9913 22 0.4 24 0.8 39 0.4 61 0.5 92 0.8 98 0.4 
