100
165 6 0 36 0.5 98 0.8 
209 2 0.8 23 0 27 0.5 57 0 
432 1 0 14 0.9 29 0.7 32 0.7 78 0.8 80 0 85 0 87 0.4 92 0.9 
469 46 0.6 49 0.4 71 0.3 83 0 
684 39 0 72 1 
737 36 1 43 0.4 46 0.4 59 0.6 69 0 90 0.4 
740 15 0.9 
886 1 0 4 0 44 0.3 45 0.5 49 0.8 67 0 83 0 96 1 
1019 1 1 5 1 23 0.7 26 0.3 36 0.9 41 0 74 0.6 
1046 2 0.6 37 0.5 69 0 90 0.5 99 0.4 
1136 12 0 19 0.9 37 0.7 67 0.9 68 1 83 0 90 0.5 
1244 7 0.3 25 0.6 40 1 55 0.9 72 0 81 0.9 82 0 87 0.4 90 0.3 
1321 5 0.9 11 0.6 18 0.7 34 0.5 42 0 54 0.4 60 0.3 67 0.4 69 0 79 0.8 
1442 0 0 3 0.9 19 0.5 25 0.5 27 0.8 28 0.9 39 0.5 52 0.4 74 0.7 
1466 66 0.7 
1659 26 0 
1741 36 0 48 0.3 49 0.6 53 0.4 95 1 
1876 6 0 27 1 44 0.7 81 0.3 
1898 26 0.6 60 1 62 0.5 67 0 69 0 76 0.6 78 0.6 79 0.4 84 0 
1919 3 0.7 19 0 26 0.7 40 0 45 0.7 60 0 61 0.6 
2072 22 0 37 0 42 0 87 0.9 
2212 20 0.3 37 0.9 39 0.9 50 0.4 53 0 54 0 75 0 85 0 91 0.4 
2305 45 0.5 
2535 5 0.4 12 0.5 32 0 43 0.8 57 0.6 67 0 69 0.8 76 0 89 1 98 0 
2540 32 0 45 0.5 95 0 
2583 0 0.8 6 0.8 16 0 64 0.6 65 0.9 
2600 41 0 55 0.5 58 0 80 0.4 
2622 9 0.7 49 0.4 68 0 
2663 8 0.7 26 0.7 36 0 60 0 
2715 8 0 26 1 54 0.3 58 0.5 98 0.7 
2742 0 0.5 5 0 24 0.5 75 0 
2771 90 0 
2799 46 0 54 0.9 
2812 20 0.4 46 0 
2861 2 0.4 12 0.9 26 0.8 31 0.8 49 0.3 68 1 71 0 73 0.9 
2882 20 0.6 26 0 39 0.7 50 0 57 1 73 0 92 0.7 96 0.4 
2911 10 0.6 56 0 74 0.9 83 0.7 
3018 9 0.3 30 0 53 0.3 55 0 70 0.3 
3139 5 0.6 34 0 40 0.6 58 0 75 0.8 
3486 2 1 16 0.5 49 0 53 0.4 67 0 70 0 90 0.3 96 1 99 0.4 
3543 19 0 41 1 43 1 45 0 65 0.3 75 0.9 
3647 7 0.7 45 0.4 55 0 91 0.8 
3735 6 0 13 0.3 14 1 34 0.3 39 0.3 58 0 69 0.5 88 0.4 
3744 1 0.6 3 0 14 0.4 21 0.6 32 0.8 47 0 93 0 94 0.6 97 0 
3773 1 0 3 0.6 4 0 12 0.3 15 0.3 34 1 58 0 81 0.7 93 0.7 
3843 4 0.9 6 0.6 
3870 3 0.5 4 0 8 0.8 9 1 36 1 44 0 50 0.6 72 0.7 77 0.5 82 0.4 
4106 61 0.9 63 0.7 
4121 19 0 34 0.3 38 0.9 45 0.6 66 0.7 67 0 80 1 87 0.5 
4200 6 0 42 0.4 
4361 10 1 39 0.7 45 1 47 0.4 92 0 96 1 
4393 4 0 5 0.4 36 0.3 40 0.8 
4556 1 0 4 0 67 0 69 0.6 
4634 5 1 18 0.5 24 0.8 25 0 30 1 55 0.6 67 0.6 85 0.3 95 0.6 
4761 7 0.3 30 0.4 57 1 63 0.9 89 0.4 
4910 15 0 18 0.7 19 0 24 0.6 55 1 82 0.9 83 0 98 0 
4914 8 0.3 78 0.3 88 0.6 
4956 6 0.3 11 0 46 0 65 0.7 96 1 
5216 8 0.9 21 0 44 0.5 56 0 66 0.4 72 0.3 73 1 74 0.5 75 0.9 98 1 
5298 4 0 9 0.6 12 0 17 0.5 19 0.9 22 0 60 0 
5510 24 0.4 81 0 96 0.9 
5664 16 0.6 84 0.5 
5691 25 0 31 0.8 32 0 61 0 80 0.6 98 0.7 
5704 10 1 47 0.3 
5970 79 0.9 95 0.3 96 0.9 
6067 26 0 29 0.6 75 0 85 0.7 89 0 
6264 8 0 33 0 40 0 54 0.8 73 0.3 77 0.8 78 0 80 0.8 95 0 
6453 2 0.7 15 0 28 0.7 56 0.3 65 0.9 90 0 96 0 
6523 23 1 28 0 29 1 56 0.4 65 0 
6528 13 0 57 1 61 0.5 67 0 86 1 90 0.9 97 0 
6597 8 1 12 0 34 0 52 0.4 
6862 19 0 46 0 75 0.4 90 0.7 94 0.8 
6920 0 0.9 2 0.8 20 0.4 39 0 41 0 47 0.9 73 0.9 83 0.7 89 0.3 98 0.8 
7139 6 0.4 8 0 26 0.7 67 0.9 79 0.3 90 0.5 97 0.5 
7443 8 1 27 0.4 65 0.4 
7456 2 1 45 1 48 0.4 54 0.9 83 0.7 91 0.3 96 0 
7621 23 0 41 0.6 71 1 93 0.9 
7635 55 0.7 
7896 16 0 19 0.4 35 0 45 0.4 51 0 74 0 75 0 87 0 96 0.5 
7926 23 0.8 31 0 38 0.8 39 0.7 53 1 74 0 
8154 22 0.5 41 0.3 
8251 61 0.9 
8340 17 0.5 37 0.8 63 0 88 0.5 
8352 39 0.4 
8365 6 0.5 14 0 16 0.5 22 0.7 37 0.9 38 0.3 62 1 85 0.8 94 1 99 0.7 
8487 21 0.8 32 0 85 0.7 
8574 34 0.9 56 0.8 
8607 51 1 66 0.9 92 0.9 
8837 2 1 
8915 15 0.4 17 0 30 0 41 0.4 54 1 80 0 
8929 58 1 
8948 1 0.5 28 0.4 39 0.8 80 1 
9036 0 0.8 6 0 21 0.7 51 0.5 74 0.9 84 0 85 0 
9046 11 1 14 0.4 32 0.6 
9082 15 0.3 18 0 28 0 33 0 40 0.4 48 0.6 65 0.5 79 1 84 0 87 0.5 
9390 36 0.8 41 1 70 1 74 0 77 0.4 81 0.4 91 0 
9431 22 0.6 69 0.9 70 0.9 81 0.3 92 0.7 93 1 
9513 3 0 16 0 30 0 34 1 37 0.4 38 0.4 58 0.5 61 0.6 63 1 
9730 26 0 75 1 99 0.6 
9784 3 0 10 0.4 12 0.6 23 0 49 0.5 50 0 62 0.3 83 0.9 86 0 98 0.8 
