100
81 0 0.7 9 0.5 13 0.9 21 0.3 22 0 44 0 69 0.6 84 0 87 0.4 91 0.9 
150 10 0 16 0.5 31 0.5 38 0.7 55 0 78 0.9 
189 4 0 89 1 
231 21 0.7 37 1 93 0.4 
243 13 0.5 30 0.7 31 0.9 46 0.3 51 1 82 1 84 0.8 87 0.5 
279 22 0.4 27 0.3 37 0.5 62 0.9 67 0 73 0.3 
329 1 0.5 
646 5 0.3 21 0.8 39 0 60 0 68 0.6 72 0.5 79 0 80 0 82 0.4 97 0.9 
661 3 0.6 42 0.3 43 0 
686 2 0 15 0.9 27 0 31 0 35 0 71 0 78 0 
761 39 1 72 0.6 84 0 85 0.4 86 0.3 90 0.4 98 0 
952 7 0 20 0 23 1 35 0.6 39 0.6 41 0 58 0 67 0.4 81 0.4 84 1 
976 35 0.5 49 0.3 57 0.4 78 0 
998 10 0.9 23 0.4 38 0.3 62 0.5 63 0.8 86 0.4 
1013 25 0.6 37 0.8 56 0.8 60 0 93 0.6 96 0.5 
1015 13 0.4 
1090 15 0.4 85 0.5 
1146 18 0 43 0 55 0 81 0 
1288 61 0.8 77 0.9 
1415 26 0.8 55 0.8 96 0.5 
1522 20 0 27 0.7 31 0.3 33 0.4 50 0.5 58 1 69 0.9 
1571 32 0.7 
1630 26 0.6 41 0.6 58 0.9 66 0 
1811 15 0 39 0 70 0.9 
2152 3 0.3 72 0.4 
2173 28 0.4 36 0.5 71 0.3 98 0.4 
2214 1 0.9 13 0.8 42 0 67 0 68 0 72 1 88 0 
2247 54 0.6 
2308 2 0.9 4 1 10 0.8 13 0.7 
2319 23 0.7 85 0.6 87 0.3 
2409 19 1 
2427 90 0.6 
2556 9 1 10 0.9 21 0.8 24 0.4 25 0.6 45 1 53 0 81 0 
2561 1 0.7 13 0 40 0.7 43 0.8 48 1 49 0.6 58 1 87 0.3 89 0.5 98 0 
2607 8 0.5 15 1 18 0.3 44 0.8 52 0 61 0 89 0.7 97 0.6 
2629 11 0 27 0.5 46 0.6 75 0.3 85 0 89 0.6 97 0 
2697 2 0.5 7 0.3 21 0.8 48 0.5 83 0 91 1 94 0 97 0.5 
2848 1 0 42 0.9 46 0.5 56 0.9 59 0 82 0 
2953 35 0.8 
3068 26 0.4 29 0.5 35 0 38 0.6 39 1 72 0.6 
3154 38 0.4 47 0.3 73 0.7 84 0.3 
3214 6 0.9 50 0.7 64 0.5 68 1 69 0.6 91 0 
3247 6 0.4 30 0.4 44 0.4 56 1 
3283 46 0.6 78 0 
3402 20 0.7 23 0.8 37 0.6 40 0 42 0.5 59 0.5 73 0.4 80 0.9 91 0.7 
3441 11 0.9 49 0 73 0 84 0.3 
3529 7 0.9 10 0.5 33 0.5 46 0.3 58 0.4 73 1 75 0 89 0 93 0.3 
3572 3 0.7 4 0.5 9 0 54 1 68 0.3 69 1 83 0.4 84 0.8 88 0 
3664 25 0.9 37 0.3 56 0.4 74 0.3 
3730 90 0.9 
3902 1 0.6 13 1 37 0.4 
3929 28 0.8 55 0 85 0.7 
4128 9 0.6 27 0 40 0.4 42 0.3 50 0 69 0.9 74 0.7 
4163 93 0.5 
4265 25 0.4 
4468 9 0 92 1 99 1 
4505 84 0.4 
4560 14 1 38 0.6 79 0 
5405 0 0.6 18 0.5 61 0.6 66 0.5 73 0.9 77 0 82 1 
5482 5 0.3 27 0 37 0.4 41 0 45 0.7 68 0.4 92 0.3 96 0.7 
5526 18 0.7 42 0.5 46 0.7 64 0.3 72 0 77 0.7 99 0.3 
5561 27 1 59 0.5 68 1 71 0.7 96 0.4 
5638 43 0.5 58 0.5 59 0.9 83 0.9 
5976 15 0.8 69 0 72 0.9 75 0.9 86 0.9 
6052 13 0.7 15 0.7 18 0 33 1 45 0.8 71 0.9 79 0.9 86 1 89 0.5 95 0.7 
6071 6 0.3 33 0 62 0 65 0.6 80 0 85 0.6 89 0.3 91 0.3 
6124 11 0.6 13 0 38 0.8 70 0 92 0 93 0.5 
6229 19 0.4 46 0.8 57 0.6 66 0.3 69 0.4 72 0.8 73 0 91 0 98 0.6 
6366 42 0 
6463 13 0.3 24 0.7 35 0.8 37 0.8 45 0.8 86 0.5 87 0.3 90 0 91 0.3 
6518 34 1 86 0 
6521 14 0.3 35 0.3 87 0.7 88 0 90 1 
6911 6 0.6 70 0 96 0 
6956 29 0.7 45 0.9 47 0.8 85 0.9 90 0.5 
6991 16 1 22 0 34 0 39 0.4 44 0 57 0 68 0.3 83 0 93 0.9 95 0.9 
7153 30 1 44 0.6 56 0 65 0.3 86 0 
7161 8 0 15 0.8 17 0.7 20 0.3 21 0 49 0.9 69 0.8 
7170 37 0.6 39 0 
7208 25 0 95 0.5 
7261 4 0.5 19 0 33 1 60 0.9 70 0.5 72 0 82 0.6 98 1 
7727 0 0.9 21 1 46 0 51 0.4 93 0 
7744 8 1 22 0.3 29 0.7 41 0 48 0.6 71 0.5 78 0 86 0.9 90 0 98 0.7 
7838 35 0.3 54 0.4 
7855 47 0.8 
7876 18 1 19 0.8 21 0.9 39 0.7 69 0 71 0 76 0 85 0.6 94 0.7 
8269 90 0.5 
8447 5 0.7 11 0 19 0 42 0 48 0.6 91 0 
8542 0 0 4 0 20 1 21 1 31 0.4 39 0.7 43 0.6 56 0.4 
8631 7 1 17 0 30 0.9 62 0.5 72 0.9 76 0 
8727 7 1 15 0 27 0.3 29 1 57 0.6 81 0.8 97 0.5 
8944 17 0.3 52 0.5 71 0.7 88 0 
8967 13 0 15 0.8 47 1 53 0 65 1 70 1 77 0.8 79 0.6 
8997 38 0 82 0.5 
9079 34 0.4 36 0.4 43 0.7 44 0 58 0.8 59 0.6 70 0.6 88 0 95 0.8 
9149 2 0 4 0 7 0.4 10 0.3 29 0.5 44 0.3 45 0 77 0.4 95 0.6 
9192 4 0.3 11 0.3 23 0 29 0.4 61 0.5 63 0.6 75 0 
9476 3 0.9 36 0.3 41 0.3 74 0.6 81 0 88 0 
9525 68 0.7 
9614 18 0.6 19 0.7 22 0 52 0.8 73 0.8 77 0.3 
9713 18 0.9 49 0.5 79 0 
