100
120 3 0 5 0 35 1 37 0.6 
169 10 0.3 54 0 69 0.4 
340 7 0.3 9 0.6 53 0 
358 28 0.7 29 1 40 0 70 0.6 82 0.7 
376 17 0.5 28 0.6 45 0.7 82 0.3 
473 3 0 40 0.7 43 0 55 0.8 57 0.8 66 1 73 0.5 80 0.3 86 0.6 87 0 
526 0 1 11 1 18 0 32 0.7 50 0 54 0.3 74 0 92 0 93 0 96 0.9 
532 4 0 74 0.6 85 0 
667 27 0.6 85 0.9 
727 18 0.3 20 0 27 0.8 34 0 82 0.3 91 0 95 0.3 99 0.7 
744 8 0.5 9 0 13 0 31 0 66 0.5 73 0.9 78 0.7 79 0.3 82 0.9 
911 10 0.9 22 0.4 31 0.5 46 0.9 70 0 91 0.9 
1176 8 0.7 11 0.8 13 0 14 0.4 30 0 38 1 40 0 57 0.6 60 0 79 0 
1335 28 0 46 0.7 47 0.5 76 0.9 
1340 7 0.6 8 0 9 0.3 75 0.9 81 0 86 0.8 
1416 7 0.5 47 0 48 0.4 64 1 98 0 
1584 12 0 19 0.9 25 0 30 0.5 44 0 49 0.9 58 0.9 74 0.3 78 0 
1636 0 0.5 32 0.6 94 0 
1751 3 0.9 17 0.7 25 0.8 51 1 57 0.5 67 0.7 75 0.7 
1760 71 0.7 98 0.3 
1834 59 0 62 0.4 
1861 15 1 
1899 1 0.7 
1956 4 0.6 5 0.5 28 0.9 38 0.7 51 0 62 0.8 88 0 89 0.5 96 0.5 
2076 5 0.9 6 0.8 25 0.5 30 0 38 0 43 0 77 0.3 90 0.3 94 0.9 
2133 3 0.7 20 1 46 0.9 50 0.8 53 0.7 66 0.8 76 0 78 1 90 1 
2152 3 0 72 0 
2166 0 0 23 0.7 42 0.6 45 0.4 90 0.9 92 0 
2207 10 0.9 12 0.6 21 0.8 36 0.8 44 1 49 0.9 57 0 73 0.9 91 0.3 
2270 93 0 
2379 12 0.3 49 0.6 69 0 70 0 75 1 79 0.7 96 0 
2388 88 1 
2526 1 0.9 6 0.9 28 0.5 34 0.8 38 0.7 43 0.3 58 0 90 0.7 
2542 3 0.5 16 0 26 0.3 27 0 66 0.4 69 0.3 77 0.3 89 0.5 
2619 14 1 26 0.5 30 0.6 62 0.3 76 0.8 88 0 90 0.5 
2645 64 0.3 
2701 10 0 18 0 24 0.9 27 0.5 67 0.5 85 0.3 
2731 94 0.8 
2933 19 0.4 84 0.8 96 0 
3137 73 0.8 
3314 11 0 14 0 21 0.3 23 0 41 0.5 56 0.4 73 1 76 0.3 88 0.6 97 0 
3531 5 0.6 10 0.6 13 0.3 41 0.9 69 0.5 75 0.3 79 0.3 93 0.8 99 0.4 
3646 11 0.8 33 0.5 63 0.8 78 0.5 79 0.6 
3819 9 0.3 12 0.4 22 0 24 0.6 26 0.4 28 1 36 0.7 56 0.8 60 0 90 0 
3949 57 0.3 
4102 6 0 15 0 18 1 64 0 
4139 7 0.8 53 0 91 0.5 
4161 2 0 70 0.8 78 1 89 0.8 
4244 62 0.8 65 0.9 69 0.9 71 0 
4497 8 0.7 9 0.8 16 0.9 43 1 64 0.8 86 0 87 0 89 0.5 97 0.3 
4707 1 0 18 0.5 25 0.6 35 0.4 40 0.3 42 0 53 0 57 0.3 
4724 26 0.4 28 0 31 0.8 62 0.5 65 0 95 0.7 
4847 69 0.8 72 0 91 0 
4888 11 0.6 52 0.5 57 0.4 61 0 69 0.4 71 1 72 0 90 0 
5179 41 0.5 48 0.8 51 0.3 
5239 2 0.6 4 0.3 7 0.8 52 0.3 62 0.3 73 0.8 86 0 96 1 99 0.4 
5272 0 0.3 27 0.6 
5287 5 0 14 0.5 27 0.4 55 1 70 0.7 72 0.7 74 0.6 80 1 99 0.6 
5289 4 1 9 0 13 0.5 31 0 35 1 47 0.9 56 0.5 59 0.9 73 0.9 79 0.4 
5320 1 0.6 10 0.4 22 0 37 0.5 45 0.6 57 0.7 71 0.3 79 0.7 80 0.9 82 0.8 
5478 10 0.3 20 0 43 0.4 57 0.5 69 0.6 77 0.4 93 0 
5610 27 0 
5665 32 1 60 0.5 97 0.3 
5710 25 0.3 55 0.6 86 0.7 
5886 18 0.7 39 0.6 95 0 
5992 0 0.6 22 0 34 1 38 0.5 39 0.7 41 0.3 47 0.8 62 0.8 68 0.5 95 0.8 
6164 1 0.5 4 0.4 7 0 32 0.4 50 0 
6198 32 0.9 36 0 51 0.3 84 0.3 
6241 53 0 95 0.4 
6247 3 0.9 14 0.7 87 0.3 
6277 2 0.9 20 0.9 21 1 50 1 52 0 54 0.7 57 0.9 75 0.4 
6376 90 0.7 
6891 25 1 39 0.8 45 0.8 47 1 56 0.9 82 0.3 
6995 4 0.5 8 0.4 34 0.9 90 0.7 91 0.8 97 0.9 
7323 16 0.4 31 0.3 62 0 85 0 86 0.4 91 0.6 
7335 9 0.3 25 0.4 56 0.8 85 0.3 
7483 4 0.3 15 0 32 0 51 0.7 56 0.6 63 0.6 81 0.7 95 1 
7544 4 0 
7739 14 0 28 0.7 41 0.8 68 0.7 70 0.7 90 0 
7852 38 0 76 0.7 
7868 13 1 20 0 61 0.9 70 0.3 71 0.5 77 0.8 80 0.4 85 0 
7870 3 0.4 28 0.5 91 0 96 0.5 
8202 92 0.9 
8481 39 0.6 94 0 
8524 13 0 23 0.8 35 0.3 41 0.6 47 0.9 55 0.7 64 0.6 80 0.4 89 1 
8600 74 0 82 0.9 93 1 94 1 
8728 7 0 99 0.3 
8787 24 0.4 78 0 
8913 39 0.4 52 0 71 0.4 88 0.8 
8956 19 0.6 83 0 
9008 16 0.4 52 0 97 0.8 
9058 6 1 16 0 19 0.3 36 0.6 50 0.4 57 0.8 59 0.4 67 0 99 0 
9207 45 0 55 0.9 57 0.4 73 0.5 85 0.7 
9375 15 0.6 31 0.6 49 0 61 0.9 74 0 84 0.8 
9388 13 0.5 21 0 22 0 39 0 51 0 76 0.3 78 0.9 82 1 90 0.3 93 0.4 
9535 25 0.8 
9584 11 0.6 52 0.9 69 0.8 79 0.9 92 1 
9636 15 0.8 45 0.7 67 0.7 
9696 4 0.8 15 0 29 0.9 31 0.6 39 0.7 52 0.7 61 0.9 78 0.4 85 0.5 
9782 5 0.3 13 0 22 0.4 45 1 51 0.7 53 0.4 56 1 73 0.7 81 0.3 92 0 
