100
98 55 0.5 61 0.3 63 1 74 0.7 94 0.4 97 0.5 
130 13 0.9 23 0 26 0.8 53 0.7 69 0 76 0 
164 7 0 52 1 59 0 
251 52 0.4 
253 97 0 
297 79 0 
440 1 0.4 7 0.7 8 0.9 17 0.4 35 0 39 0.3 55 1 72 0 73 0 77 0.3 
463 15 0 27 0 38 0 53 0.8 61 1 65 0 67 0 93 1 
555 25 0.5 57 1 
678 7 0.5 10 0.9 24 0 26 0 43 0.9 44 0 49 0.3 86 1 92 0 
776 1 0 7 0.4 33 0.9 39 0.9 69 0 76 0.9 
783 44 0 47 1 
817 6 0 13 1 18 0.3 23 0.7 24 0.8 35 0.3 36 0.5 41 0.3 72 0.3 77 0.6 
895 0 0 7 0.9 12 0.6 46 0.8 91 0.6 
930 11 0 14 0.6 16 0.8 40 0 42 0.7 76 0.5 77 0 88 0.6 
937 15 0 37 0.5 76 0.5 81 0.3 83 0.6 
1217 12 1 24 0 63 0.8 
1336 3 0 9 0.8 11 0.5 28 0.7 57 0.3 64 0 
1408 3 0 27 0.3 31 0 35 0.5 56 0.6 57 0 77 0.3 83 0.7 89 0 91 0 
1457 7 0 44 0.7 45 0 54 0.7 56 0.3 91 0.5 92 0.9 97 0 
1506 1 0.8 
1560 17 0.9 19 0.4 43 0 89 0 
1781 5 0 7 0.4 12 0.3 14 0.8 57 0.8 71 0.7 
1828 1 0 10 0 27 0.8 42 0 87 0.4 92 0.5 
1943 50 0.5 84 0.6 
2035 47 0 58 0.3 79 0 
2112 23 0 37 1 44 1 63 0.4 94 0.7 95 0.5 97 0.3 
2204 25 0.8 40 0 53 0.5 81 1 90 1 
2218 28 0 36 0.6 37 0 41 0 42 0.9 43 0.7 56 0 66 1 90 0.6 94 0 
2235 7 0.5 31 0.3 76 0.4 
2328 9 0.9 10 0.3 20 0.8 24 0.5 27 0 55 0.6 66 0.4 
2465 11 1 50 0 59 1 78 0 
2487 25 0.3 44 0.7 56 0.7 65 0.8 67 0.9 68 0.5 75 1 95 0 99 0.3 
2506 18 0 26 0.3 52 0.8 66 0.3 77 0 90 0.4 93 0.7 
2577 8 0.4 22 0.3 39 0.3 43 0.3 66 1 76 0 79 0.9 88 0.8 97 0.4 
2593 21 0.9 53 0 67 0.7 
2806 41 0.3 42 0.6 51 0.7 69 0.5 82 0.5 
3326 1 0.5 45 0.9 
3518 4 0 26 0.6 80 0.6 
3535 10 0.8 22 0.8 35 0.5 45 0.4 61 0.5 67 0.8 91 0 98 0.5 
3590 5 0.6 31 0 66 0.8 77 0.8 90 0.3 96 0.5 
3734 7 0 52 0.9 55 0.5 72 0.3 73 0.4 75 0.3 90 0.5 
4263 11 0 21 1 56 0.3 62 0.3 
4266 22 0 31 0 87 0.8 
4348 10 0.5 51 1 65 0.9 87 0.4 
4353 32 0.9 58 0 75 0.5 78 0.7 89 0.7 
4467 64 0 79 0 89 0.7 
4560 14 0 38 1 79 0.7 
4622 44 1 
4654 52 0 
4811 29 0.8 32 0.4 
4814 25 0 38 0.5 41 0.7 43 0 46 1 55 0.7 56 0.5 77 0.3 78 0 
4944 5 0.6 22 0.5 24 0 39 0.3 47 0.5 59 0.8 66 0.9 82 0 89 0 93 0.6 
4984 26 0.4 44 0.6 
5286 7 0 10 0.8 15 0 25 0 47 0.9 80 0.3 
5436 1 1 7 0.3 9 0 42 0 48 0.7 65 0.9 79 0.4 82 0 89 1 96 0.3 
5578 6 0 12 0.3 13 0 14 0.4 34 0.3 56 0.5 84 0.4 
5683 14 0.9 23 0 65 0.7 67 0.4 69 1 89 0.5 95 1 
5712 30 0.7 70 0.9 97 0.4 
5714 68 0.8 87 0 
5729 28 0.7 49 1 
5896 25 0 38 1 86 0 96 0 
5901 34 0 79 0.8 81 0.4 82 0.3 85 0.9 87 0 92 0.4 
5989 1 0 3 0 4 0.6 20 0.6 31 0.3 49 0 55 0.4 82 0.9 
6028 5 0.3 10 0.7 19 0 
6164 1 1 4 0 7 0.7 32 0.7 50 0.5 
6290 2 0 7 0.5 37 0 42 0.3 64 0.3 90 0.8 94 1 99 0.6 
6364 12 0.7 58 0.3 75 0 78 0 91 0.7 
6431 16 0.5 44 0.7 46 0.8 49 0.5 61 0.6 67 0 96 0 
6452 17 0 18 0.3 49 0.6 77 0.4 87 0 95 0.9 96 0.4 98 0.8 
6466 33 0 44 0.7 51 0 63 0.4 85 0 99 0 
6495 16 0 54 0.4 91 0 95 0 
6724 11 0.8 20 0.7 31 0.3 36 0.7 44 0.7 66 0.6 68 0.4 94 0.6 
6938 32 1 45 1 46 0.6 70 0.8 79 0.6 81 0.9 97 1 
7236 74 0 
7357 58 0 
7470 5 1 12 0.6 28 0.6 39 0 42 0 67 0.5 73 0.5 74 0 80 0 81 0.8 
7544 4 0 
7641 13 0 16 0.9 26 1 30 0.3 36 0 74 0.3 84 0.3 92 0.7 
7670 35 0.6 41 0.7 42 0 66 0.6 67 0.5 70 0 
7679 20 0.7 23 0.5 27 0.3 36 0.8 39 0 57 0.8 96 0.3 
7684 6 0.3 38 0.8 57 0 64 0.9 
7855 47 0.8 
8265 8 1 69 0.6 
8331 42 0.8 46 0 55 0.7 67 0.9 69 0.5 
8361 89 0.5 
8457 1 0 18 1 29 0.4 36 1 41 0.4 45 0.6 74 0.4 78 0 82 0.6 
8486 11 0.6 14 0 21 0.3 32 0.4 64 0.8 71 0.8 73 0.7 
8701 10 0.4 21 0.4 37 0 82 0.6 89 0.3 
8883 3 0 31 0.4 43 0.8 69 0.4 71 0.4 86 0.4 92 0.9 
8997 38 0.7 82 0 
9032 6 0 29 0 35 0.3 
9038 49 0 74 0.7 89 0.5 
9262 2 0.8 4 0.9 29 0.3 30 0 39 0.3 64 0 66 0.8 76 0.8 
9264 1 0.3 2 0.8 56 0.4 
9355 8 0.3 15 0.5 19 0.4 32 0.3 67 0 68 0.5 72 0.8 74 0.9 79 0.6 91 0.9 
9481 3 0.6 22 0.9 25 0 50 0.9 58 0.3 70 0.5 74 0.3 75 0.6 88 0.4 
9606 14 0.6 59 1 61 0 63 0 
9652 37 0.4 41 1 50 0 92 0 98 0.9 
9779 30 0 39 0.9 73 0.8 
