100
4 2 0.4 7 0 18 0.6 22 0.3 30 0.7 36 0 57 0.3 68 0.8 
288 34 0.6 35 0.9 38 0.3 58 0.5 67 0.8 71 0 
293 1 0.4 16 0.8 41 1 47 1 59 0 81 0 91 0.3 93 0.6 95 0.4 
321 3 0.4 5 0.9 18 0.5 22 0.6 66 0.5 74 0 
654 7 0 10 0 46 0.3 47 0.5 55 0.6 77 0 84 0.6 88 0.5 94 0.3 
794 12 0.7 
808 6 1 21 0.5 45 1 52 1 62 0.5 63 0 75 0.6 94 0.5 
1017 18 0 37 0.4 40 0.3 52 0 54 1 63 0.4 74 0.3 
1020 0 0.3 2 0 6 0 8 0.9 27 0.8 68 0.8 75 0 97 0.3 
1028 16 1 27 0.5 53 0.3 89 0.5 
1132 22 1 31 0.8 88 0.4 96 0.9 
1150 35 1 78 0 
1152 66 0 67 0.6 68 0 89 0.4 91 0.8 
1204 0 0.4 8 0 15 0.7 49 0 58 1 60 0.4 67 0.9 74 0.8 84 1 98 0.5 
1252 6 0 90 1 
1302 17 0 28 1 42 0.6 61 0.9 79 0.4 
1416 7 0.4 47 0.9 48 0.3 64 0.7 98 0 
1448 0 0 23 0.7 45 0.8 46 1 51 1 79 0.7 95 0.4 
1450 8 0 11 1 46 0.5 48 0 56 0.4 60 0.4 62 0.8 68 0.6 71 0 
1545 13 0 69 0.6 93 1 
1581 0 0.5 4 0.9 13 0 41 0.7 56 0.5 60 0 90 0.6 
1587 9 0 42 0 47 0 55 0.9 76 0.5 77 0.4 
1594 9 0 13 0 25 0.9 58 0 
1675 21 0 28 0.3 42 1 51 0.9 72 0 89 0.9 97 1 
1682 91 0 
1728 2 0.7 12 0.5 22 0 40 1 80 0 91 0.9 
1741 36 0.4 48 0.3 49 0.7 53 0.6 95 0.5 
1770 4 1 8 0 28 0.8 74 0 75 1 83 0.4 
1893 14 0.6 19 0.7 42 0.7 57 0.7 59 0.8 61 0.7 77 0.9 79 0.8 85 0 
1916 22 0.8 94 0 
2041 3 0.9 23 1 32 1 63 0.7 70 0.4 
2113 3 0.4 4 1 6 0.8 22 0.4 28 0 35 0.5 57 0.5 65 0 72 0 92 0.7 
2320 7 0.7 19 1 22 0.7 42 0.6 50 0.5 64 0.7 84 0.5 90 0 92 0.6 
2389 19 0.5 40 0.9 43 0 63 0.7 71 0.4 83 0.9 
2487 25 0.8 44 0.7 56 0 65 0 67 0.7 68 0.8 75 0 95 0 99 0.7 
2542 3 0 16 0 26 0.3 27 1 66 0 69 0.6 77 1 89 0.4 
2793 19 0 56 0 
2848 1 1 42 0 46 0.7 56 0.8 59 0.7 82 0 
2857 84 1 96 0 
3080 11 0.5 22 1 31 0.3 32 0.4 42 0.4 48 0 63 0.5 67 0.4 70 0.4 85 0 
3370 20 0.6 25 0 29 0.4 36 0.3 54 0 55 0 64 0.8 82 1 91 0 
3501 77 1 86 0.5 
3752 66 0.9 81 0 87 0.8 91 0 
3755 12 0.5 31 0 32 0.5 39 0.6 43 0.6 53 0.3 95 0 
3756 2 0.5 4 0.7 12 0.9 13 0 14 0.8 34 0.8 57 0.5 64 0.8 83 1 85 0.5 
3777 4 0.8 6 0.3 
3824 15 0.5 27 0 35 0 66 0.9 77 0 84 0.8 85 0 91 0 
4119 6 0.5 12 0 34 0.8 66 0.3 96 0.6 
4441 7 0.9 10 0.3 16 0.5 30 0.8 41 0.3 42 0.7 49 0.3 78 0.5 86 0.5 90 0.9 
4514 59 0.3 61 0 62 0.5 64 0.4 74 0.6 88 0 96 0.7 
4665 32 0.4 35 0.6 38 0 70 0 85 1 
4761 7 0.3 30 0.7 57 0.9 63 0 89 0.6 
4825 9 0.7 22 0 34 0.9 50 1 83 0.3 
4830 14 1 15 0 27 0.7 33 0 41 0.7 45 0.4 54 0.3 60 0.9 66 0 99 0.5 
5033 2 0.5 19 0 34 0.6 51 0 70 0.4 
5109 14 0.6 15 0 23 0 41 0.3 45 1 46 0 50 0 63 0.3 90 0.8 
5120 46 0.8 
5134 5 0 10 0.7 14 0 31 0.6 49 0.7 63 0.4 74 0 83 0.5 88 0.9 94 0.3 
5139 2 0 16 0.5 85 0 94 0.3 99 0.5 
5215 0 0 20 0.4 22 0.6 30 0 35 0.9 92 0 
5230 19 0.8 22 0 24 1 25 0 43 0.9 82 0.4 92 0.4 99 0 
5280 31 0.7 36 0 69 0.4 
5298 4 0 9 0 12 0.4 17 0.3 19 0.6 22 0 60 0 
5318 56 0.9 58 0.3 
5451 3 0 17 0.7 47 0.9 67 0.6 73 0 85 0 
5692 1 0 7 0.7 59 0.3 60 0.3 76 0 87 0 90 0.3 
5699 39 0.9 
5877 97 1 
5995 4 0.7 16 0.3 24 0.6 33 0.9 34 1 37 0.7 49 0.5 63 1 67 0 70 0.7 
6456 47 0.8 
6789 23 0.3 51 0.6 92 0 
6794 53 0.7 
6844 20 0.4 
6884 6 1 28 0.5 31 1 32 0 40 0 62 0.9 73 0 98 0.9 
6958 0 0.6 17 0.8 25 0.8 33 0 59 0 61 0.9 64 1 85 0.7 
7034 3 0 9 0.5 17 0.3 52 0.6 61 0.7 70 0.4 73 1 83 0 
7062 1 0.4 30 1 54 1 71 0.3 78 1 
7095 14 0.6 19 0.7 32 0.3 49 0 51 0.6 64 0.6 81 0.9 
7111 10 0.6 11 0.9 22 1 26 0 43 0.4 80 0.8 85 0.8 
7191 15 0.3 16 0 53 0 69 0.7 73 0 82 0.4 84 0.7 89 0 98 0.9 
7267 73 1 98 1 
7350 64 0.8 
7519 2 0.5 3 0.5 25 0.6 29 0 54 0 
7550 31 0.9 
7655 18 0 29 0.5 32 0.7 49 0.5 78 1 
7665 3 0.5 15 0.3 18 0 36 0 39 0 
7695 27 0.4 87 0.3 
7854 6 0.8 7 0 
7898 35 0.6 53 0.6 59 0 66 0 72 0.4 79 0 87 0.9 89 0.3 96 0.5 98 0.4 
8122 26 0.8 
8156 43 0.4 51 0.8 54 0.9 73 0 81 0 84 0.9 85 0 
8232 13 0 23 0.7 97 0 
8271 5 0 21 0.9 26 0.8 33 0 34 0 54 0.3 86 0.6 95 0.5 97 0.5 98 0.8 
8662 0 0 16 0.7 35 0.4 65 1 72 0.8 78 1 98 0 
8694 10 0.4 44 0.8 52 0.7 75 0.3 80 0.3 
9606 14 0.7 59 0.3 61 1 63 0.8 
9684 18 0.8 37 0.3 75 0 77 0.3 82 0 95 0.8 
9777 20 0 
9899 47 0 72 0.9 
9999 43 0.6 53 0.5 58 0.9 79 0.4 93 0 
