100
86 45 0.7 50 0 56 0.5 57 0.8 58 0 78 0 
90 34 0 84 0.6 88 0.4 
199 8 0 12 0.6 21 0.7 30 0.4 41 0 60 0.8 61 0 87 0 95 0 
237 4 1 24 0.3 29 0.4 48 0 52 0 57 0.9 59 0.5 62 0 89 0.5 
386 5 0.7 17 0.4 55 0 68 1 76 0 78 0.6 88 0 
421 18 0.3 23 0.3 42 0.4 43 0.9 46 0.7 57 0.7 61 0.3 77 0.3 
449 14 0.7 19 0 27 0.9 33 0.4 40 0.7 48 0.6 53 0 84 0.8 86 0.8 
494 44 1 57 0 75 0.5 
757 4 0 28 0.9 48 0.8 91 1 
821 8 0.8 12 1 51 0.9 87 0.7 
1192 2 0 26 0 46 0.4 72 0.7 94 0.4 
1272 15 0.3 22 1 31 0 36 0.3 56 0.4 57 0.5 58 0 65 0.3 86 1 88 0 
1297 8 0 11 0 86 0.7 
1518 24 0.5 36 0.4 54 0.9 62 1 67 0.9 85 0.3 87 0.7 90 0.6 99 0.6 
1638 72 0 
1655 64 0 
1834 59 0 62 0 
2073 49 0.4 85 0.4 95 0 
2140 2 1 23 0.4 26 0 33 0 34 0.3 55 0.7 61 0.9 90 0 99 0.6 
2186 13 0.9 15 0 45 0.5 58 0.9 94 0 99 0 
2195 24 0.7 25 0.8 35 0.4 67 0.7 87 0.9 
2283 0 0.5 2 0.7 27 0 38 1 62 0.3 
2357 24 0 56 0 59 0.7 68 0.3 
2502 54 0.7 56 0.4 57 0.4 62 0.7 78 0.4 
2518 15 1 24 0 31 0 81 0.8 86 0.7 98 0.7 
2786 12 0.9 17 0 20 0.9 39 0.9 52 0.5 67 0.3 70 1 75 0.9 
2905 5 0.8 96 0.9 
3248 55 0.6 69 0.7 
3272 3 0 20 0.3 21 0.9 32 0.4 37 0.4 44 0.4 52 0.8 53 0 
3302 13 0.8 
3340 54 0 
3410 8 0.8 51 0.5 70 0 89 0.9 90 1 
3573 49 1 
3582 21 0.9 67 0.8 
3736 19 0 57 0.6 66 0.5 78 0.3 79 0.7 84 0.7 87 0 91 1 95 0.8 
3835 0 0.6 6 0.9 10 0.8 15 0.5 37 0.9 43 0.3 52 0.6 61 0.7 79 0 91 0.4 
3963 33 0.9 47 0.4 56 0 
4055 33 0 51 1 60 0 90 0.3 
4472 27 0.7 32 0.6 44 0 49 0.4 68 0.9 72 0.4 74 0 82 0 85 0 
4817 45 0.4 
4835 2 1 8 0 29 0 53 0 60 0.7 61 0.4 74 0.6 
4989 1 0 5 0 20 0.8 23 0 37 0.7 77 0.8 82 0.5 84 0 86 0.5 92 0 
5055 6 0.5 37 1 50 0.4 52 1 58 1 67 0.5 70 0.5 79 1 92 0 
5083 5 0 14 0.8 17 0.7 35 0.6 41 0.4 52 0.6 64 0.4 68 0.9 76 0.5 90 0 
5281 81 0.5 84 0.8 
5395 16 0.9 20 0.5 39 0.7 50 0 51 0.4 62 0.5 67 0.8 
5511 1 0 10 0.8 11 0 30 0 41 0.9 43 0.4 70 0 73 1 80 0.6 93 0.8 
5719 7 0 12 0.3 28 0.9 38 0 41 0.3 52 0.4 53 0.5 83 0 
6073 12 0 18 0 19 0.3 30 0 34 0.5 40 0.5 50 0.5 68 0.5 87 0.5 
6078 0 0.9 5 0.4 32 0 95 0 
6089 15 1 33 0 41 0.4 54 0 56 0.4 73 0.3 79 0.9 96 0.5 
6157 13 0.6 22 0.4 47 0.6 52 1 68 0.6 71 0.7 75 0.4 76 0.8 79 0.7 83 0.6 
6226 33 0.5 48 1 
6289 64 0.7 
6322 29 0.6 31 1 34 1 35 0.6 44 0 69 0.8 71 0.5 94 0.4 
6332 9 0.7 26 0.5 45 0.9 50 0.6 
6379 44 0.8 65 1 89 0.5 
6430 26 0.3 45 0.8 64 0.5 
6441 0 0.6 1 0 20 0.7 44 0.7 
6554 2 0 19 0.6 22 0.8 25 0 55 0.4 65 0.8 70 0.6 76 0 83 1 
6600 30 0 84 0 89 0.7 
6766 15 0 60 0.8 89 1 
6901 0 1 6 0.7 8 0.3 12 0.4 50 0 56 0.8 57 0.3 78 0.5 88 0.7 
6915 21 0 61 0.5 84 0.5 86 0 96 0.4 
7035 30 0.4 41 0.8 42 0.8 50 0 61 0.4 67 0 70 0 76 0.7 79 0 96 0 
7044 3 0 4 0 12 0 14 0 15 0.9 22 0.4 26 1 39 0.4 75 1 78 0.3 
7295 13 0.3 15 0.8 38 0.4 49 0.8 71 0 72 0 74 0.8 87 0.4 96 0.4 99 0.5 
7560 16 0.5 36 0 43 0.6 52 0.4 57 1 58 0.9 59 0 64 0.9 79 1 
7982 39 0.3 74 0.7 96 0.5 
8022 7 0.7 17 0.7 33 0.4 42 0 55 0.9 62 0.6 91 1 
8150 42 1 64 0.4 
8212 43 1 66 0 
8235 29 0.7 34 0.8 38 0.6 53 0.3 60 0.6 
8243 20 0.4 44 0 51 0.7 80 0 97 0.8 98 0.9 
8275 92 0 
8325 39 0.9 51 0 64 0 80 0.7 
8420 4 0.3 69 0.8 
8626 26 0.5 56 0 80 0 93 0.6 
8667 4 0.4 49 0.7 55 1 65 0.4 83 0.5 
8692 12 0.9 17 0.5 33 0.6 75 0.8 76 0 
8759 88 0.4 
8790 23 0.8 39 1 45 0.3 46 0 53 1 54 0.3 57 0.5 63 1 68 0.4 
8878 4 0.7 5 0 25 0 36 0.4 42 0 43 1 80 0 82 0.7 89 0.9 90 0.5 
8888 3 0.7 10 0.3 35 0.3 40 0.7 45 0 56 0.4 58 0 64 0.3 83 0.3 
8952 5 0.5 43 0 51 0.6 
8969 8 0.8 28 0.3 42 1 49 0 65 0.8 77 0.8 81 0.5 86 0.4 95 0.3 
9022 4 0.8 15 0.7 32 0.5 54 0.7 96 0.6 
9031 70 0.3 73 0 97 0.7 
9053 23 0.5 28 0 44 0 58 0.8 67 0 68 0.6 77 0 89 0.4 90 0 
9078 3 0.7 6 0 19 0.9 21 0 35 0.5 43 0.9 53 0.6 71 0.5 76 0 77 0 
9260 21 0.8 
9301 0 0 2 0.4 28 0.8 35 0.8 58 0.7 76 0.3 93 1 
9358 15 0.6 17 0.3 34 0.5 46 0.7 49 0.7 56 0.3 61 0.5 75 0.8 
9385 3 0 46 0 64 0 71 0.5 79 0.9 
9516 5 0.9 6 1 10 0 22 0.3 47 0.6 52 0 70 0.6 74 1 86 0.4 88 0.7 
9664 5 0 20 0.3 21 0.7 42 0.4 56 0 89 0 93 0 
9672 4 0.4 7 1 20 0.9 35 0 64 0.9 78 0.7 88 0.6 95 0.7 
9815 7 0.5 8 0.9 11 0.9 15 0.4 34 0 37 0.4 71 0 73 0 80 0.8 85 0 
9882 35 0.4 40 0.4 42 0.5 67 0 68 0.4 72 0.9 93 0.4 
9971 83 0.8 
