100
10 29 0 85 0.3 
19 12 0.3 23 0.4 33 0.4 44 0.5 66 0.6 72 0 73 0.8 
104 6 0.6 10 0.3 47 0 51 0.3 92 0.3 
131 6 0.7 11 1 16 0.4 25 0.7 28 0.3 41 0.7 91 0.7 
405 45 0.8 80 0.8 
442 71 0.8 
579 28 1 68 0.7 95 0 
585 9 0.5 13 0.7 14 1 29 0 37 0.9 59 0 70 1 
605 2 0.9 16 0.5 27 0.9 61 0.6 95 0.5 97 1 
760 44 0 63 0.9 
793 70 0.3 
865 33 0.8 35 0 53 1 
924 59 0 65 0 83 1 99 0.5 
930 11 0.5 14 0.4 16 0.7 40 0 42 0 76 1 77 0 88 1 
968 6 0.3 10 0.8 30 0.5 
1102 8 0 90 0.4 
1294 6 1 14 0.4 62 1 78 0 87 0.5 90 0.6 
1475 16 0.9 26 0.5 27 0 34 0.4 46 0.5 57 0 59 0.9 62 0 81 0.7 
1482 9 0.9 22 0.6 23 0.8 46 0.3 
1513 4 0.8 35 0 43 0.6 46 0 76 0.9 88 0.4 
1606 28 0.3 
1647 27 0.5 29 0.5 45 0.7 
1755 3 0.8 23 0.6 37 0.8 64 1 75 0 80 0.9 85 0 88 0.7 89 0.5 98 0.8 
1814 45 0.4 46 0.5 55 0 86 0.7 98 0.3 
2110 4 0.4 11 0.5 26 0.5 28 0 50 0 57 0.8 89 0 91 0.4 
2126 2 1 7 0 36 0.4 44 0.9 54 0.4 56 0.8 82 0.3 88 0 
2195 24 0.4 25 0 35 0 67 0.3 87 0.4 
2339 55 0 
2341 12 0.6 62 0.8 70 0.5 91 0.5 
2475 26 0.3 43 0.4 50 0.7 62 0 76 0.4 99 0 
2521 4 0 40 0 48 0 61 0.9 66 0.3 76 0.4 86 0.4 91 1 
2755 12 0.8 17 0.7 24 0.8 45 0.3 48 1 66 0.3 69 1 80 0 90 0.9 97 0 
2821 10 0 28 0 41 0.7 45 0.9 63 1 65 1 72 0 99 0.6 
3101 15 0 20 0.8 42 0 58 0 
3160 32 0 48 0.6 58 0.9 65 0 
3532 13 0 14 0.5 23 0.4 33 0.6 40 1 43 0.3 57 0.3 61 0.8 78 0 
3541 72 0 86 0.9 
3722 20 0 45 0.9 56 1 94 0 99 0 
3743 8 0.4 26 0 70 1 71 0 73 0.4 81 0 92 0.4 95 0.8 98 0.7 
3800 58 0 
3864 9 0 14 0.7 34 0 48 0.4 65 0.9 
4037 16 0.6 32 0.7 37 1 43 0 72 0.8 81 0.5 82 0 84 0.6 
4052 23 0.5 45 0.5 49 1 53 0 74 0.7 
4226 11 0.9 13 0 19 0.4 47 0 82 0 
4621 9 0.3 11 0 46 0 55 0.8 65 0.9 85 0.4 92 1 
4690 53 0.5 90 0.4 92 0.8 
4955 13 0 24 0.7 37 0 38 0.8 44 0.5 52 1 60 0.7 68 0 74 0.7 76 0 
5002 22 0.8 58 0.8 
5060 11 0.8 13 0 18 0 59 0.8 60 0 
5166 1 0.5 3 0.7 25 0.6 29 0 67 0.5 77 0 
5185 47 0.5 56 0.6 99 0.4 
5300 4 0.6 27 0.9 28 0.9 32 1 42 0.4 69 0 85 0.8 90 0.3 95 0 98 0.5 
5314 1 1 4 0.6 19 0 29 0.5 32 0.8 39 1 47 0.5 52 0.6 74 0.4 
5376 4 0 20 0 58 0.5 69 1 70 0.8 93 0 96 0.8 97 0.9 98 1 
5441 12 0.3 17 0.4 18 0 26 0.5 78 0.9 87 0 
5687 4 0.3 21 0.3 28 0.4 33 0.8 45 0.4 65 0.9 89 0.3 90 0 
5779 15 0.7 21 0.6 53 0 56 0.3 62 0.8 94 1 96 0.9 98 0 
6046 13 0 52 0.9 58 0.4 97 0.7 
6080 17 0.4 20 0 47 0.7 51 0.4 81 0.8 
6117 59 1 
6317 4 0.4 12 0.6 42 0.7 57 0.9 78 0.4 81 0.9 
6474 5 0.4 6 1 31 1 39 0.6 40 1 46 0.7 
6734 2 0.9 8 0.4 50 0.8 53 0.9 54 0.5 92 0 
6820 31 0.9 
7018 7 0.4 24 0.7 30 0.5 41 0.9 48 0.7 
7034 3 0.6 9 0 17 0.8 52 0.3 61 0.9 70 0 73 0 83 0 
7059 10 0.3 32 0.5 34 0.9 39 0.6 41 0 68 0 98 0.6 
7272 19 0.4 20 0.5 30 0 36 0.7 38 1 75 0.6 91 0.3 94 0 
7283 28 0.5 42 0.8 80 1 
7342 29 0.9 47 0.7 75 0 91 0.4 
7376 28 0 
7418 2 0 9 0 37 0 50 0 56 0.8 61 0 62 0.4 64 0.3 65 1 75 0 
7512 16 0.3 17 0.6 56 0.6 88 1 93 0 
7689 20 0.6 43 1 49 0 68 0.5 73 0.3 78 0.3 
7711 6 0 25 0 37 0.4 72 0.7 80 0 
7733 9 0 10 1 18 0 25 0.4 32 1 33 0 39 0.6 79 0.9 86 1 87 0.8 
7851 13 0 57 0.8 99 0.3 
7938 16 0.8 54 0 98 0 
7944 24 0 
8037 6 0.3 24 0.3 30 0.4 42 0.6 45 0.4 52 0.4 71 1 
8045 8 0 24 1 30 1 45 1 54 0.6 58 0.6 63 0.9 70 0.5 85 0.9 98 0.9 
8206 10 0.3 13 0.8 14 0.4 54 1 97 1 
8421 8 0.5 40 0.6 41 0.8 60 0 87 0.6 95 1 
8538 81 0.8 
8545 1 0.7 7 0.8 
8573 4 1 40 1 
8731 11 1 18 1 22 0.6 34 0.4 36 0.5 42 0 
8742 6 1 45 0.3 51 0.7 56 0.9 79 0.5 83 0.5 88 0 
8957 18 0.6 64 0.9 82 0.7 
8961 2 0.8 43 0 61 0.6 69 0.7 77 1 83 0.5 91 0.4 99 0.5 
9071 6 1 15 0.3 25 0.3 36 0.6 
9202 21 0.5 32 1 62 0.6 76 0.7 78 0 86 0.7 96 0.4 
9318 92 0.5 
9330 10 0 16 0.3 37 0.9 42 0.4 46 0.9 55 0.5 72 0 
9336 8 0.8 25 0 48 0.4 59 0.8 71 0.8 72 0.4 89 0.4 99 0.3 
9372 6 0.8 37 0.5 73 0 86 0.7 96 0.7 
9426 38 0.4 71 0 82 1 98 0.3 
9481 3 0.4 22 0.4 25 0.6 50 0.6 58 0.9 70 0.3 74 0.9 75 0 88 0.9 
9713 18 0.3 49 0.6 79 0.9 
9973 18 0.8 23 0.5 58 0.5 
