100
96 0 1 2 0.7 37 0.8 53 0.3 68 0.8 
125 24 0 27 0 48 0.9 53 0.6 94 0 
156 33 0 97 1 
167 12 0.5 82 0.3 
333 9 0.6 12 1 91 1 
369 14 0 37 0.8 41 0.7 76 0.6 
430 26 0.7 44 0.8 81 0.3 85 0.4 91 1 
666 25 0 26 0 45 0 50 1 78 0 89 0.8 
687 36 0.8 61 0.6 62 0.6 94 0.8 
812 25 0.8 30 0 31 0.4 48 0.5 66 0.5 99 0 
842 0 0.4 4 0.8 28 0.5 46 0.3 83 0 87 0.6 98 0.7 
911 10 0.7 22 0.5 31 0.7 46 0.4 70 0 91 1 
1033 21 0.9 44 0.6 50 1 86 0.8 
1116 3 0 16 0.3 22 0 41 0.3 71 0.4 88 0 
1134 13 0.9 62 0.6 63 0.6 
1236 7 0 38 0.8 79 0.7 
1284 89 0 
1412 17 0.7 18 0.4 22 0.4 34 0.4 71 0.9 72 0 77 0 87 0 92 0 
1494 23 0.4 28 0.8 43 0 53 0 
1546 15 0.8 22 0.3 29 0.8 98 0.7 
1560 17 0 19 0.3 43 0.5 89 0.3 
1639 0 0 5 0.4 15 1 16 1 26 0.4 57 0.6 58 0 90 0 
1685 11 0.3 
1693 17 0.5 66 1 70 0.6 77 0.9 89 0.9 
1737 41 0.3 43 0.6 62 0.7 64 0.7 66 0.7 70 0.3 
1755 3 0.6 23 0.3 37 0.8 64 0.9 75 0.8 80 0.3 85 0.7 88 0.3 89 0.9 98 0 
1781 5 0 7 0 12 0.6 14 0.6 57 0.3 71 0.8 
1785 1 0.9 25 0 27 0.3 35 1 42 0 70 0 72 0 97 0.3 
1804 4 0.3 7 0.8 8 0.3 17 0.8 42 0.5 50 0.7 53 0 72 0 82 0.7 
1823 3 0.8 46 0.6 47 0.9 61 0.3 72 0.9 96 0.3 
2015 14 0.7 35 0.8 97 0 
2046 37 0 54 0.8 60 0 69 0 
2061 5 0.8 19 0.5 27 0.5 45 0.6 56 0.7 85 1 89 0.4 
2227 36 0.4 66 0 68 0 93 1 
2262 2 0 18 1 22 0.5 34 0.8 42 1 77 0.5 78 0.9 82 0.8 84 0 85 0.5 
2333 1 0 35 0 78 0.6 84 1 
2385 9 0 20 0 79 0.7 80 0.7 
2393 4 0 11 0 12 0 18 0 41 0.3 54 0.3 59 0.6 74 0 76 0.8 91 0.4 
2409 19 0.5 
2433 4 0.8 14 0.4 27 0.5 33 0.4 36 0.7 57 0.4 82 0.8 91 0.9 
2553 9 0.8 14 0.7 25 0.3 34 0.8 48 0 81 0.5 
2642 53 0.3 92 0.7 
2701 10 0.9 18 0.8 24 0.3 27 0.6 67 0 85 0 
2804 7 0 19 0.6 72 0.9 76 0.6 
2896 3 0.8 11 0 24 0 32 0.4 73 0 
3042 5 0.4 30 1 31 0.5 37 0.7 52 0.3 62 0.4 69 0 78 0.3 92 0.4 96 0 
3145 19 0.8 32 0.3 34 0.4 36 1 72 0.8 88 0.8 98 0.7 
3384 40 0.6 43 0.5 48 0.6 78 0 
3493 1 0 15 0.8 33 0.4 37 0.4 42 1 50 0 71 0 
3504 11 0.8 22 0 51 0.3 54 1 88 0.7 90 0.7 98 0.4 
4027 12 0.5 21 0.5 23 1 30 1 67 0 83 0 96 0.7 99 0.5 
4349 17 0 28 0.5 32 1 38 0.3 60 0.3 75 1 84 0.8 93 0.7 
4460 11 0.4 36 0 39 0.7 64 0.8 65 0.4 67 0.4 82 0.8 93 0.5 
4669 39 0 73 0.5 91 0.6 
4750 6 0 10 0.9 48 0.4 
4866 7 0.4 19 0 43 0.7 60 0 71 0.8 93 0.4 
5263 1 0.8 70 0 91 0.7 98 0.8 
5283 14 0.8 67 0 88 1 
5329 5 0.6 14 0.9 28 0.6 56 0.5 81 0.4 96 1 97 0.6 99 0.7 
5340 13 0 23 0.5 25 0 51 0.6 56 1 82 0.4 
5370 11 0.8 16 0.6 71 1 
5514 87 0 
5629 39 0.3 63 0.9 
5709 7 0 9 0.9 70 0 
5755 4 0 8 0.6 51 0.9 55 0.3 63 0.5 82 1 85 0.3 
5872 4 0 10 0.3 70 0.8 76 0.3 88 0 96 1 
6015 0 0.7 7 0.4 14 0 49 0.7 61 0.3 66 1 72 0.8 77 1 98 0.4 
6238 18 0.7 63 0 
6344 5 0.3 6 0 18 0.4 19 0.9 21 0.6 36 0.3 45 1 60 0.9 66 1 93 0.4 
6489 41 1 65 0.9 87 0 91 0.3 94 1 98 0.8 
6493 1 0.5 58 1 61 0 72 0.3 75 0.6 77 0 89 0.9 95 0.7 99 1 
6555 11 0.9 18 0 23 0.8 50 1 60 0 79 0 88 0.9 90 0.9 
6846 90 0.4 96 0 
7064 74 0.8 
7259 2 0.7 3 0 10 0.4 22 1 25 0.9 35 0.7 48 0.3 68 0.7 76 0 98 1 
7338 11 0.8 22 0.5 36 0.3 52 0 60 0.8 64 0.3 71 1 96 0.6 
7428 19 0.8 56 0.5 92 0.5 
7440 1 0.8 
7460 1 0 68 0.5 
7544 4 0.4 
7569 6 0.6 9 0 13 0.9 18 0 38 1 48 0.3 
7647 10 0.6 97 0.5 
7655 18 0.5 29 1 32 0.3 49 0 78 0 
7812 4 1 28 0.5 55 0 84 0 
8020 14 0.6 41 0.3 43 0.5 44 1 58 0 86 0 92 0.9 96 0 
8126 8 1 17 0 45 0 48 0.3 58 0 70 0.7 73 0.7 79 0.9 87 0 95 0.8 
8217 0 0.7 1 0 4 0.7 8 0.4 31 0.5 32 1 83 0.3 86 0.8 91 0.9 
8621 0 0.3 13 0.9 15 0 74 0 85 0.3 94 0.6 97 0.7 
8664 25 0.3 28 0 32 0.5 43 0.8 50 0.5 81 0.5 84 0.9 92 0.9 95 0 96 0 
8711 5 1 
8885 22 0.7 
8943 10 0 13 0 14 0.3 28 0.5 42 0.5 57 0.7 71 0 78 0 85 0 90 0 
9259 24 1 
9319 3 0.5 9 0 18 0.5 29 0.7 48 0.7 68 0 70 0.5 83 0.6 85 0.7 86 1 
9389 0 1 37 0.3 41 0.8 58 0 63 0.4 69 0.3 84 0 
9434 3 1 7 0.6 9 0.9 24 0.7 49 0.9 57 1 60 0.7 
9435 46 0.9 
9753 17 0.7 38 0.6 41 1 42 0.6 72 0.5 79 0.3 84 0.5 97 0.3 
9932 9 0 36 1 98 0.8 
9963 26 0 76 0.4 88 0 
