100
109 10 0 17 1 54 0.5 65 0.3 68 0.4 75 0.6 76 1 84 0 
217 9 1 18 0.3 27 0 41 0 48 0.7 52 0.9 63 0.9 87 0 89 0 96 0.7 
220 0 0.4 19 0.8 42 0.9 48 0.8 65 0.5 80 0.7 94 0.4 97 0 
252 3 0.8 28 0.5 32 0.8 51 0.3 59 0 62 0.9 82 1 
318 4 1 28 0.9 69 0.6 77 0.8 96 0 
403 74 0.8 
662 16 0.5 54 0.4 
746 0 0.4 16 0.4 20 0.5 31 0 88 0 
802 0 1 8 0.9 45 0.3 54 1 74 1 90 0.5 
852 33 0 49 0.9 51 0.3 60 0.6 75 0.3 77 0.6 78 0.4 83 0 91 0.5 99 0.6 
1110 24 0.6 25 0 28 0.8 39 0.6 43 0 70 0.4 73 0 80 0.8 86 0.7 89 0.3 
1134 13 0.7 62 0.8 63 0.5 
1208 4 0.4 6 1 14 0 16 0 26 0.4 41 1 52 0.5 53 0.4 56 1 68 0.3 
1275 3 0.9 19 0.7 21 0.9 30 0.9 33 0.7 49 0 60 0.8 83 0.5 95 0.4 
1445 30 0.9 48 0.9 
1627 48 0.7 69 0.5 70 1 76 0.4 84 0.5 89 0.5 90 0.3 
2004 0 0.3 51 0 
2086 12 0.8 16 0.6 25 0 31 0.4 73 0 89 0.5 98 0.3 
2129 6 0 11 0.9 
2148 13 0.7 31 0.8 36 0 66 0.5 
2244 9 1 29 0 40 0.4 68 1 76 0 91 0 92 1 
2246 12 0.5 19 0.6 28 0.9 79 0.6 86 0 
2268 17 0.9 41 0.3 68 0.4 76 0.6 
2305 45 1 
2385 9 0.6 20 0.6 79 0.8 80 0 
2417 7 0.8 18 0 30 0 43 0 62 0.9 88 0.5 
2437 6 0 12 0.5 57 0.8 84 0 93 0 
2518 15 0.7 24 0 31 0.7 81 0.8 86 0.4 98 0.7 
2560 4 0.5 17 0.4 23 0.5 43 0.8 46 0.4 59 0 63 0.7 70 0 99 0.9 
2649 0 0.9 5 0 37 0 49 0 57 0.8 69 0.4 
2773 11 0.3 12 0.6 44 0 47 0.3 52 0 56 0 61 0.7 73 0 74 0 93 0.8 
2822 33 0.8 34 0.6 51 0 
2876 9 0.9 31 0.7 75 0.5 85 0.3 
2944 7 0 44 0.9 48 0.4 75 1 79 0.8 
2971 0 0.8 22 0.9 37 0.9 76 0 77 0.4 84 0 87 0.7 
3036 12 0.6 16 0.4 48 0 49 0.4 62 0.5 72 0.7 96 0.4 
3082 21 0.7 29 0.5 34 0.5 55 0 64 0 68 0.9 
3200 40 0 
3542 55 0.4 68 0.4 71 0 
3568 21 0 38 0.4 77 0.5 90 0.6 93 0.6 
3841 0 0 5 0.6 10 0 19 0.8 35 0.7 38 0 54 0.6 55 0.4 62 1 68 0.5 
3915 21 0.5 59 0.5 62 0.8 77 0 81 0 96 0.7 
4381 87 0.9 
4460 11 0 36 1 39 0 64 0 65 1 67 0.8 82 0.5 93 1 
4506 20 0 21 0.8 44 0.9 56 1 90 1 
4513 2 0 24 0.9 38 0.6 43 0.3 44 0 60 0.5 72 0.9 78 0.3 
4634 5 0.4 18 0.5 24 1 25 0.8 30 0 55 0.5 67 0 85 0.9 95 0.4 
4727 53 0 
4838 10 0 15 0.4 27 0.9 39 0.6 44 0.3 60 0.7 
4859 79 1 
5051 10 0.8 30 0 39 0.4 54 0.3 57 0.8 72 0 
5153 74 0.6 75 0 76 0.7 94 0 98 0.9 
5307 21 0.7 69 0 77 0.7 87 0.3 
5309 2 0.9 6 0.9 13 1 22 0 27 0 55 0.3 89 0 94 0 
5618 9 0.5 17 0.3 36 0.9 40 0.7 45 0.4 48 1 74 1 75 0 94 0.5 
5816 23 0.7 99 0 
5829 32 0.9 60 0.6 74 0.6 85 0.3 
5898 9 0.6 35 1 44 0 47 0.7 64 0.3 65 0.9 
6264 8 0.3 33 1 40 0 54 0.3 73 0 77 0 78 0.5 80 0 95 0 
6322 29 0.7 31 0.3 34 0 35 0 44 0.9 69 0.3 71 0.3 94 0.4 
6423 62 0.5 68 0.4 
6519 15 0.6 16 0 28 0.8 73 0.9 82 0 98 0.5 
6525 4 0.6 12 0 13 0 40 0 52 0.6 72 0.5 
6557 16 0.6 
6560 9 0 62 0 97 0.3 
6606 17 0 22 0.4 26 0.5 37 0.9 39 0.7 55 0.3 56 0.8 
6620 2 0.8 23 0 35 0.3 42 0.9 69 0.7 88 0.7 90 1 92 0.6 
6728 10 0.9 15 1 24 0 62 0.5 64 0.6 86 0.5 88 1 
6876 5 0 20 0.8 33 0 43 0.9 64 0 75 0.4 81 0.7 
6929 17 0.3 22 0.5 29 1 34 0 67 0.4 68 0.4 82 0 98 0 
7144 13 0.5 72 0.5 
7210 16 0.5 29 0.8 65 0 
7311 16 0.7 17 1 28 1 33 0.6 68 0.7 80 0 81 0.5 
7409 16 0.6 61 0.6 62 0.9 65 0.7 97 0 
7421 36 0.5 57 0.5 70 0 
7445 5 0.8 38 1 45 0 51 0.7 57 0.7 60 0.6 65 1 79 0.4 86 0 
7453 9 0 26 0 53 0.5 74 0.9 79 0 83 1 99 0.7 
7539 10 0.4 20 0.6 52 0.6 78 0.7 99 0.5 
7626 1 0.8 6 0 58 0.7 59 0.9 69 0.3 
7637 30 0 
7716 9 1 31 0 32 0 66 0 78 0.8 86 0.3 89 0.4 95 0 99 1 
7779 23 0.7 67 0.8 71 0 73 0.7 88 1 93 0.4 
7977 25 0.5 43 1 53 0.5 77 0.7 85 0.6 89 0.9 91 1 
8009 1 0.3 16 0.4 34 0 35 0.4 70 0.3 72 0.9 99 0 
8086 3 0 5 0 14 0.9 48 0 52 0.5 82 0.8 83 0.8 95 0.6 99 1 
8103 97 0 
8337 39 0.9 67 0.7 83 0.4 92 0.9 
8454 13 0.9 30 0.3 42 1 66 0.4 
8491 7 0 17 0 27 0 48 0 72 0.3 87 0.6 88 0.7 99 0.5 
8513 31 0.3 
8687 6 0.9 50 0.6 58 0.6 71 0.4 90 0.5 
8692 12 0.9 17 0 33 1 75 0 76 0.3 
8702 7 0.9 10 0 25 0.7 49 0.9 69 0 
8732 39 1 50 0 58 0 
9211 25 0.4 54 0 70 0 72 0.7 
9467 35 1 78 0.6 94 1 
9468 40 0.9 50 0 70 0 75 0.5 91 0.4 
9510 2 1 22 0.4 35 0.5 43 0.6 54 0.3 65 0.3 68 0.7 82 0.9 85 0.3 93 0 
9585 6 0.3 32 0.5 95 0.5 
9813 4 0.6 23 0 42 0.4 55 1 63 0.9 72 0 81 1 85 0.3 
