100
99 3 0.7 29 1 30 0.7 52 0 56 0 63 0.4 72 0.4 77 0 98 0 
118 3 1 68 0 
322 34 0 41 0.5 42 0.7 70 0.9 84 0.6 97 0.3 
514 10 0.7 17 0 19 0 28 0.8 30 0 43 0.6 48 0.5 75 0.4 78 0.9 96 1 
671 0 0 7 0 22 0.9 23 0.8 25 0.8 78 0.3 86 0.8 
821 8 0 12 0.3 51 0.3 87 0.3 
1526 80 0.4 90 0.6 97 0.6 
1585 13 0.7 21 0.7 22 1 53 1 66 1 73 0.7 75 0.4 81 0.8 89 0 91 0.5 
1604 1 0.6 12 0 21 0 22 0 32 0.9 33 0.6 44 0.3 48 0.8 58 0.3 94 0.9 
1662 4 0 20 0.7 30 0.9 51 0 68 0 
1837 4 1 27 0 28 0.7 48 0 60 0.4 63 0.6 94 0.9 95 0.5 96 0.5 99 0.6 
1973 5 0.4 8 0.6 9 0.5 11 1 21 0 31 0 35 0.5 49 0.3 59 0.3 65 1 
1979 2 0 40 0.6 52 0 57 0.5 62 0.6 86 0 88 0.4 99 0.6 
2118 4 0.3 
2164 2 0 30 0.5 59 0 69 0.6 70 0.6 73 0.3 91 0 98 0 
2181 14 0.4 24 0.8 36 0.4 45 0.7 72 0.3 92 1 97 0.3 
2202 47 0 
2349 27 1 57 0.7 61 0.7 78 0 91 0.5 93 0.7 
2439 57 0.4 97 0.4 
2486 39 0.9 50 0.7 69 0.5 70 0.6 71 0 
2553 9 0.4 14 1 25 0.8 34 0 48 0 81 0.6 
2587 16 1 52 0 59 0.8 
2789 19 0 25 0.6 51 0.9 81 0 82 0.7 
2812 20 0.7 46 0.5 
2825 88 0 
2857 84 1 96 0.7 
2896 3 0.3 11 0.9 24 0.6 32 0 73 0 
3164 22 0 29 0 59 0 67 0.8 68 0.4 74 0.6 85 0.4 
3181 37 1 65 0.8 78 0.7 
3275 1 0.9 31 0.3 
3277 88 0.5 
3295 4 0 26 0.5 29 0 37 0.8 45 0.4 48 0 54 0.7 72 1 83 0 
3345 25 0.3 37 0.5 43 0.5 66 0.9 75 0.8 89 0.5 
3403 17 0 37 0.3 43 0.8 
3599 11 0.8 30 0 42 0.6 54 0 56 0.6 60 0 77 0.4 
3661 13 1 51 0.3 
3723 3 0 7 0.5 14 0.3 36 0 49 0.9 59 0 63 1 66 0 69 0 
3769 55 0 63 0.6 78 0.6 
3903 8 0 19 0.9 20 0.9 24 0 34 0 77 0.6 90 0.5 92 0.5 
3991 17 0.5 25 0 32 0 33 0.4 38 0.3 57 0 80 0.8 89 0.8 96 0.9 
4094 5 0.9 8 1 12 0 19 0.5 25 0 36 0 62 0.9 92 0.3 
4292 2 0 13 0.7 17 0.7 53 0.3 57 0 74 0.8 99 0.4 
4360 1 0.9 22 0.3 23 0 46 0.5 55 0.6 69 0 73 0.4 96 0.6 
4431 43 0.9 72 0.6 73 0.8 78 0.6 85 0 90 0 
4591 7 0.4 12 0.8 31 0.7 62 0.4 71 0.3 75 0.3 82 0.9 92 0.8 
4638 13 0 38 0.8 83 0.5 94 1 97 0.3 98 0.6 
4743 68 0.4 
4805 30 0.6 33 0.7 51 0 57 1 86 0.9 
4876 22 0 26 1 29 0.9 42 0 64 0.6 73 0 93 0.9 95 0.5 
5098 27 0.9 35 0.6 43 0.8 54 0.4 65 0.4 95 1 
5285 6 0.9 34 0.6 44 0.6 46 1 50 0 53 0.8 59 1 61 0.4 86 0.7 
5320 1 0 10 0 22 0.6 37 0 45 0 57 0.3 71 0 79 0.7 80 0 82 0 
5445 23 0.9 26 0.9 47 0.9 61 0.6 64 0 75 0.8 
5493 1 1 40 0.5 98 0.5 
5559 0 0.4 57 0 58 0.3 81 0 97 0 
5690 7 0.5 47 0.7 
5768 7 0 30 0.4 42 0 44 0.4 50 0 
5854 36 0 73 0.7 91 1 
6029 20 0.6 81 0.5 96 1 
6107 70 0.3 99 0.5 
6308 35 0.4 57 0 94 0.9 95 0.5 
6373 45 1 55 0.5 86 0 91 0.4 
6399 14 0.5 43 0.6 50 0 91 0.4 99 0.5 
6452 17 0.5 18 0.3 49 0.8 77 0 87 0.4 95 0 96 1 98 0 
6582 3 0 18 0 45 0.9 
6706 25 0.8 36 0 48 0.9 50 0.7 97 0 
6778 2 1 3 0.7 15 0.3 17 1 28 0 34 0 48 0.4 65 0.6 70 0 95 0 
6837 8 0 35 0.8 58 0 74 0.5 
7060 3 0.7 16 0.7 37 0.5 49 0.8 68 0 80 0.9 
7094 3 0 5 0.8 15 0.8 40 0.5 41 0 43 1 54 0 67 0 80 0.6 86 0.4 
7369 44 0.7 50 0.6 78 1 82 0 85 0 92 1 95 0.6 99 0 
7594 1 0 22 0.3 77 0 99 0.9 
7871 64 0.8 73 1 
7932 8 0.9 18 0 48 0.6 58 0.8 67 0.4 77 1 83 0.8 93 0.7 
8095 2 0.7 10 0.9 19 0 39 0.8 45 0.9 51 0.3 73 0.7 79 0.4 87 0.7 
8238 23 0.9 30 0 90 0 
8307 14 0.4 24 0.5 43 0.4 67 0.7 
8350 1 0.5 19 0.5 26 0.8 33 0 51 0.7 58 0.3 77 0.5 86 0.4 94 0 
8393 3 0.8 5 0.8 12 1 16 0.6 17 0 19 1 39 0 65 0.5 
8444 5 0.3 6 0 14 0.8 44 0.9 61 1 66 0.6 78 0.7 89 0 
8470 56 0.7 59 0.9 70 0.7 83 0.9 
8491 7 0.4 17 0.5 27 0.4 48 0.3 72 0 87 0.6 88 0 99 0.7 
8543 2 0.9 16 0 76 0.8 79 0.4 84 1 96 0.8 
8566 30 0.4 
8682 5 0.9 8 0.5 30 0.6 45 0.6 73 0 99 0.5 
8721 5 0 22 0.7 38 0.3 61 0.4 68 0.8 80 0.8 90 0.9 91 0 96 0.7 
8896 25 0 60 0.4 
8972 27 0.5 58 0.4 63 0.8 
8994 13 0.6 14 0.7 25 0.8 28 0.8 51 0.8 53 0 
9202 21 0.8 32 0.8 62 0.3 76 0 78 1 86 0.7 96 0.6 
9228 5 0 20 0 22 0.3 33 0.9 96 0 
9278 13 0.9 33 0 48 0.6 66 0 78 0.3 
9392 23 0.9 56 0.9 65 0.3 76 0.8 83 0.3 
9484 48 0.3 89 0.7 
9680 28 0.5 37 0.3 45 0.5 
9692 11 0 18 0 19 0.4 23 0 42 0.9 73 0.4 78 0.6 87 0.9 93 0.8 
9737 80 0.5 
9738 27 0.6 46 0 94 0.5 
9802 85 0.6 
9844 21 0 25 0.9 27 0.6 34 0.9 46 0.6 51 0.5 76 0 
