100
46 18 0 
49 66 0.4 67 1 71 0.8 83 0.3 84 0.3 86 0.7 99 0.9 
99 3 0.6 29 0.5 30 0 52 0 56 0.9 63 0 72 0.3 77 0 98 0.3 
131 6 1 11 0.9 16 0 25 0 28 0.8 41 0.6 91 0.5 
152 98 0 
188 3 0 12 1 38 0 72 0 74 0.6 87 0.4 88 0 
349 14 0.6 37 0.8 45 0.7 47 0 51 0.4 66 1 69 0 72 0.7 81 0 99 0 
450 15 0.9 59 0 60 0.3 73 0.7 
487 9 0 36 0.4 47 0.3 93 0.7 
674 91 0.9 
724 63 0 69 0 87 1 
726 19 0 48 0.3 95 0.7 
735 46 0.6 83 0.8 98 0 
848 40 0.7 62 0.5 68 0.8 70 0.7 74 0.7 76 0 79 0.3 93 0.6 95 0.7 
1023 6 0.7 7 0 43 0 51 0.9 60 0.9 64 0 73 0 79 0.8 93 0.8 
1041 9 0 44 0.7 68 0.5 74 0.9 90 0.9 99 0 
1061 8 0 19 0.6 21 0.9 34 0.4 35 0.5 52 0.9 60 0.4 65 0.5 72 0 74 0 
1207 4 0.5 10 0 24 0.8 31 0.3 39 0 40 0.7 46 0.9 73 0 98 0.7 99 0.3 
1223 40 0.5 47 0.3 51 0.3 57 0.3 74 0 77 0.9 89 0.5 
1233 28 0 90 0.6 
1347 6 0.5 13 0.3 19 0 65 1 69 0.3 77 0 82 0.9 84 0.5 86 0.9 90 0 
1355 3 0.8 24 0.6 26 0.5 47 0.4 72 0 73 0.4 
1359 20 0 21 0.6 39 0.3 48 1 49 0 59 0.4 64 0.7 74 0 
1629 31 1 76 0 79 0.4 
1636 0 0.6 32 0.3 94 0.9 
1789 5 0.5 19 0.4 53 0 54 0 67 1 68 0.9 84 0.6 88 0.7 89 0.6 90 0.9 
1818 4 0 58 0.3 98 0 
1873 14 0 24 0.6 27 0 34 0.4 59 0.4 
1917 20 0 71 0.8 92 1 
1935 11 0.9 18 0.6 27 0.8 36 0.4 39 0.8 59 0.8 
1950 16 0 58 0.4 82 0.3 86 0.9 
2024 2 0 10 0 24 0.3 43 0.3 
2037 6 0.5 40 0.8 42 0 80 0.8 85 0 
2111 7 0.4 32 0.3 55 0.6 57 0 62 0.7 73 0 
2217 4 0.3 18 0.5 27 0.3 42 0.7 43 0.5 56 0.3 79 0.7 81 1 91 0.8 
2455 3 0.5 24 0.4 59 0.8 60 0.9 62 0.8 71 0.7 75 0.9 80 1 83 0.4 
2484 0 0 6 0.7 15 0.4 22 0 30 0 45 0.8 48 1 54 1 67 0.4 85 0 
2616 23 0.3 66 0 75 0 81 0.5 94 0 
2646 5 0 10 0.8 31 0.8 54 0.8 55 0 68 0.3 77 0 82 1 
2668 23 0 25 0.9 31 0.4 41 0.9 42 0.7 44 0 59 1 69 1 
2679 38 0 39 0.8 70 0 93 0.3 
2688 36 0.6 64 0.6 
2724 1 0.8 14 0 23 0.8 39 1 62 0.8 75 0.7 94 0.3 
2734 15 0 17 0.6 19 0.6 51 0.5 52 0.6 70 0.8 84 0 
2775 2 0.8 21 0 22 0.6 32 0.6 40 0.9 50 0 64 1 75 0.7 91 0 
2796 7 0.8 24 0.5 33 0.8 35 0 36 0.5 42 0 44 0.3 63 0.3 66 0 76 0 
2905 5 0 96 0 
2922 97 0.3 
3205 15 1 31 0.8 81 0 83 1 99 0 
3337 15 0.9 22 0.4 50 0.7 54 0.8 62 0 63 0 71 0 94 0.9 97 0.3 
3451 75 0.3 
3542 55 0.6 68 1 71 0.6 
3572 3 0.9 4 0.3 9 0.9 54 0.6 68 1 69 0.9 83 0.5 84 0 88 0.5 
3636 30 0.9 40 0.6 42 0.6 46 0 50 0.9 77 0 80 0.6 85 0 90 0.8 
3660 3 0.7 13 0 25 0.3 
3717 42 0 43 0 58 0.8 66 0.6 68 1 71 1 77 0 
3736 19 0 57 0.4 66 0 78 0 79 0 84 0.8 87 0 91 0 95 0 
3887 41 0 45 0.7 65 0.6 69 0.8 
4039 2 0.6 5 0.9 6 0 11 0.5 22 1 50 0 66 0.8 77 0.3 91 0 
4101 15 0.3 23 0.5 33 1 40 1 61 0.8 67 0.6 69 0 74 0.3 84 0 93 0.9 
4147 13 0.6 45 0 47 0 49 0.6 51 0 56 0.5 58 0.4 59 1 75 1 97 0.4 
4333 7 0.9 
4340 18 0 46 0.4 80 0.7 81 0 85 0 
4420 27 0.7 31 0 38 0.3 54 0 71 0 79 0 88 0.4 
4556 1 0.8 4 0.6 67 0.5 69 0.3 
4807 5 0 76 0 90 0 
5023 7 0.4 24 1 35 0 36 0.7 71 0.4 80 0.9 
5185 47 0.3 56 0.4 99 0 
5209 88 0.7 
5243 45 0.4 69 0 
5297 0 0 40 0 
5601 1 0.9 33 0 38 0.5 47 0.8 52 0.8 76 0.5 77 1 88 0 
5696 56 0 61 0.4 65 0 82 0.3 
5930 1 0.9 25 0 97 0.7 
5940 37 0.8 73 0 
6075 8 1 96 0.4 
6140 1 0.7 17 0.9 33 0.6 37 0 42 0.8 44 0 54 0 71 0 
6181 14 0.7 22 0.4 45 0.4 55 0.8 72 1 78 0 
6182 3 0.8 5 0.8 24 0 54 0.4 
6256 7 0.3 14 0 18 0.9 53 0.8 55 0.6 61 0.5 71 0 72 0 80 0.9 89 0.5 
6413 0 0.6 20 0.7 41 0 51 0 58 0.6 62 0.3 81 0.6 99 0 
6950 8 0.3 10 0.8 37 0.9 53 0.3 72 0 76 1 93 0.9 97 0.7 
6970 0 0.5 9 1 13 0.5 38 0 56 0.9 69 0.7 72 0.6 77 0.5 85 0.8 88 0.7 
7140 17 0.5 23 0 30 0 48 1 53 0.8 81 0.9 84 0.5 91 0.4 96 0.6 98 0.3 
7284 83 0 89 0.8 
7544 4 0.7 
7951 4 0 11 0.9 13 0.3 16 0 23 0.8 28 0 52 0.8 84 0.9 
7959 18 0.7 25 0.8 34 0 70 0 75 1 77 0 78 0.9 81 0 89 0.7 98 0.6 
8118 19 0.4 26 0.7 37 0 38 0 66 0.4 73 1 
8605 15 1 33 0.5 59 0.7 61 0 
8833 9 1 25 0 26 0.4 51 0.9 59 1 64 1 76 0.4 88 0.6 
8927 23 0 24 0 27 1 69 0.5 79 0.9 86 0.6 
8960 1 0 6 0 7 0 25 0 53 0.3 78 0.4 98 0.4 
9120 19 0.5 43 0 48 0.3 57 0.9 58 0.3 75 0 93 0.5 
9142 12 0.3 14 0 26 0 38 0.7 48 0 59 0.5 81 0.5 91 0 95 0 
9425 10 0.8 25 0.7 37 1 58 0.7 62 0.5 66 0 
9426 38 0.8 71 0 82 0.4 98 0 
9605 14 0.4 26 0 28 0.6 91 0 
9686 3 0 62 0.9 
9919 9 0.9 32 0.8 40 0 46 0.9 76 0.3 87 0.5 
