100
185 9 0.4 13 0.3 17 0.3 19 0.4 30 0.3 32 0.6 35 0 58 0.3 83 0.5 88 0 
186 44 0.5 85 0.5 
204 82 0.7 96 0.6 
252 3 0.8 28 0.3 32 1 51 0 59 0.7 62 0.8 82 0.3 
420 0 0.7 12 0 20 0 23 1 35 0 48 0.6 58 0.9 63 0.7 81 0.5 
428 27 0.3 44 0.3 46 0.5 54 0 85 0.4 
631 18 0 55 0.7 
802 0 0.4 8 0.5 45 0 54 0.6 74 0.7 90 1 
819 38 0.3 
823 94 1 
965 13 0.3 23 0.7 30 0.3 35 0 53 0.5 62 0.7 65 0.6 69 1 75 0.5 85 0.8 
1046 2 0 37 0.5 69 0.9 90 0.6 99 0.8 
1085 42 0.6 48 1 54 0 57 0.7 65 1 67 0.6 73 0 93 0 
1163 23 1 71 0 79 0.5 
1235 15 1 22 0 24 0.6 26 0 35 0.3 55 1 71 0.9 81 0 98 0 
1294 6 0 14 0 62 0.7 78 0 87 0 90 1 
1494 23 0.5 28 0.6 43 0.7 53 0.3 
1560 17 0.8 19 0 43 1 89 1 
1598 56 0.7 82 0.4 
1804 4 0.8 7 0 8 0.9 17 0 42 0.4 50 0 53 0.8 72 0.7 82 1 
1805 8 0.6 75 0.6 85 0 
1869 2 0 13 0.3 16 0.8 17 0.8 25 0 26 0.3 27 0.4 49 0 70 1 91 0 
1914 2 0.8 24 0.4 56 0 67 1 69 1 
2069 25 0.9 34 0.9 55 0 60 0 72 0.4 73 0.4 
2112 23 0.3 37 0.7 44 0 63 0.9 94 0 95 0 97 0.3 
2161 85 0.3 
2272 32 0 47 0.3 
2285 79 0.8 
2319 23 0.7 85 0 87 0.5 
2651 13 0.6 41 0.8 46 0 47 0.3 51 0.8 55 0.8 72 0.5 73 0 86 0.5 98 0.6 
2666 4 0.3 29 0.8 
2743 0 0.4 10 0.3 15 0 17 1 27 0 33 0 40 0.6 56 0.8 83 0.3 98 0.6 
2793 19 0 56 0 
2831 23 1 29 0.5 40 0.4 58 0.3 64 0 70 0 84 0 95 0 98 0 
2859 5 0.3 10 0.5 44 1 50 0.8 85 0.3 
2926 31 0.7 34 0 40 0.9 66 0 68 0 
2935 16 0.5 37 0.5 47 0.9 66 0.5 71 0 92 0 97 1 
2986 20 0 25 0.4 54 0.7 60 0.9 61 0.9 69 1 79 0.4 88 0 91 0.6 96 0.5 
3016 3 0.4 25 0.8 63 0.9 
3023 33 0.9 46 1 81 0.6 82 0.8 88 0 91 0 97 1 
3110 22 0.5 
3129 19 0.6 57 0.5 59 0.5 88 0.8 
3162 4 0.6 25 0.9 29 0.5 42 0 48 0.7 88 0 91 1 96 0.9 97 0.8 98 0.7 
3266 42 0 52 1 67 0.8 72 0.6 74 0.4 75 0 97 0.6 
3315 1 0 23 0.6 31 0.7 40 1 63 0.7 76 0.9 84 0.3 85 0.4 87 0.8 88 0.4 
3544 4 0.9 14 0.7 23 0 25 1 38 0.3 47 0 55 0.9 62 0.9 89 1 93 0.6 
3579 0 0.4 10 0 13 0 18 0.8 22 0 34 0.6 40 0.6 55 0.9 89 0.4 
3776 25 0.5 
4102 6 0.7 15 0 18 0.3 64 0 
4194 16 1 
4278 17 0 
4317 19 0.8 26 0.3 32 1 46 0.3 56 0.6 63 0.4 65 0.3 82 0.7 90 0.8 
4701 2 0.6 48 0.3 
4787 5 0 26 0.6 43 0.4 71 0.5 94 0.3 99 0.4 
4800 20 0 21 0.7 26 0.3 44 0.5 49 1 58 0.3 62 0.9 65 0.9 71 0.3 
4805 30 0 33 0.6 51 0.6 57 0 86 0 
4890 5 0.9 29 0.7 46 0.5 55 0.5 
5229 39 0.7 49 0 51 0.8 
5383 9 0 13 0.9 14 0 32 0.7 
5423 10 0.5 
5475 30 0.4 94 1 
5498 7 0.9 14 0 33 0.5 36 1 96 0 
5738 3 0 5 1 24 0 46 0.8 48 0.7 52 0.8 56 0.6 66 0.5 86 0.3 89 0 
5740 13 0 15 0.6 16 0 36 0 41 1 57 0.7 60 0 79 0 80 0.3 87 0.3 
5772 3 1 15 0.7 38 0 87 0.6 89 0.7 
5821 22 0.6 23 1 31 0.6 33 0.3 39 0.7 71 1 95 0.7 
5856 13 0.5 45 0 47 0.9 79 0 85 0.3 99 0.9 
5934 93 0.4 
6334 64 0 88 0.9 
6371 0 0.8 36 0.3 75 0.6 82 0.9 96 0.9 
6517 24 0.8 29 0.5 42 0.3 46 1 88 0.8 
6765 14 0.3 36 0.8 76 0 85 0.4 
6773 10 0.6 35 0.3 62 0 63 0.8 68 0.9 72 0.4 79 0.7 80 0.3 88 0.3 
6906 13 0 38 0.5 47 1 75 0 89 0.6 
6923 1 0.8 5 0 20 0 25 0 28 0.5 69 0 74 0 92 0.4 
6966 37 0 
7007 8 0.8 10 0.6 20 0.6 80 0.4 
7458 81 0.5 
7490 19 0.7 22 0.9 24 0.8 28 1 58 0.4 64 0.5 82 0.3 83 0 86 0 
7544 4 0.4 
7683 33 0.9 47 1 70 0 72 0 80 0.9 95 0.9 
7690 10 0.4 16 0.4 27 0.6 56 0 75 0.7 
7726 0 0 24 0 
7847 60 0.9 65 0.3 
7904 13 0.4 15 0.7 60 0 
7933 12 0.6 27 0.5 43 0.8 78 0.9 80 1 88 0.5 99 0 
8398 47 0 58 0.8 72 0 
8440 4 0.5 7 0 17 0.9 43 0 45 0.9 48 0.5 49 0 62 0.7 78 0.5 90 0 
8733 28 0.6 41 0.5 52 0.7 60 0.7 65 0.6 82 0.3 94 0.3 
8946 67 0.6 72 0.6 80 0.3 97 0 
9109 34 1 39 0.5 62 0.4 77 1 87 0.7 98 0.9 
9262 2 0 4 0.4 29 0.9 30 0 39 0.7 64 0.8 66 0.6 76 0.6 
9332 2 0 7 0.6 11 0 14 0 18 0 42 0 54 0 67 1 89 0.3 99 0.6 
9367 7 0 9 0.7 14 0.3 21 0.4 23 0.8 38 0 47 0 57 0.4 66 1 87 0 
9547 64 0.3 86 0.6 
9586 1 0.5 7 0.3 37 0.8 54 0.7 56 0.7 59 0.5 67 0.4 83 0.9 
9639 14 0.4 20 0.9 57 0.9 89 0.6 
9805 5 0 26 0 38 0.9 44 0.7 47 0 54 0.5 65 1 68 0.5 84 0 94 0.9 
9911 23 0 43 0.7 65 0 
9958 10 0.8 47 0.9 
