100
5 18 0 43 0.4 57 0.8 83 0.9 95 0.8 96 0 98 0 
77 2 0.7 29 1 41 0 44 0.8 47 0.7 50 0.4 86 0.8 99 0.4 
257 47 0.5 69 0 79 0 82 0.8 90 0.3 
261 27 0.7 29 0.9 60 0 68 0.8 86 0.3 88 0 89 0 
290 11 0.8 17 1 22 0.5 34 0 60 0.7 89 0.3 97 1 
500 0 0 16 1 28 0 35 0.5 51 0.8 74 0.6 90 0.3 95 0 98 0.3 
714 11 0.9 35 0.8 46 1 
1059 1 0.7 11 0.7 15 0 24 0.6 64 0.4 80 0.3 
1168 4 0.4 10 1 24 0 39 0.3 66 0.5 74 0.4 83 1 87 0.5 88 0.7 95 0 
1170 0 0 19 0 45 1 60 0 79 0.3 80 0.3 84 0 89 1 97 0.5 
1256 9 0.8 11 0.4 20 1 22 0.9 25 0.3 51 0 66 0.6 
1296 16 0 39 1 84 0.6 
1316 4 0.8 9 1 34 0.8 37 0 47 0 56 0.7 63 0.8 68 1 71 0.8 85 0.9 
1441 6 0.8 28 0 45 1 65 0.4 66 0 73 0.8 87 0.3 
1444 11 0.3 42 0.6 60 0 
1500 0 0.6 23 0.9 26 0.7 42 0.4 58 0.4 66 0.6 68 0.3 77 0 79 0.4 
1504 58 0 60 0 81 0.5 94 0 
1540 0 0.7 6 0 13 0.5 15 0 17 0.7 51 0.6 70 0 75 0 80 0 87 0.3 
1547 78 0 
1557 3 0.3 30 0.6 61 0.6 75 0.3 83 0 86 0.9 92 0 96 0.7 
1574 16 0 17 0.5 22 0.5 35 0 43 0 66 0.7 74 0.4 75 0.3 89 0.9 
1680 15 0.6 18 0.8 43 0 44 0.4 58 0.8 
1691 10 0.8 50 0.3 51 0.6 64 0.5 
1696 5 0 16 0.5 25 0.7 33 0 41 0 55 0.7 64 0.7 83 0.7 
1743 9 0.3 46 0.4 57 0.6 62 0.6 71 0.8 77 1 92 0.7 95 1 
1778 29 0 40 0.8 98 0.5 
1831 50 1 
1864 67 0.9 
1911 28 0.7 39 0.3 88 0 
1995 35 0.4 37 0 39 0.9 45 0 64 0.6 77 0 
2015 14 0 35 0.3 97 0.6 
2053 9 0 14 0 15 1 42 0.9 48 0.5 83 0.9 
2203 10 0.6 23 0.8 32 0 36 0 67 0.7 76 1 77 0.7 86 0.6 94 0.6 99 0.7 
2382 10 0.9 32 0 35 0.9 46 0.9 49 0.4 56 0 73 0.8 82 0.4 99 0 
2530 5 0.4 23 0.4 32 0.6 33 0.6 36 0.4 44 0 56 0 59 1 63 1 82 0.3 
2685 17 0 
2723 17 0.6 25 0.3 31 0.9 51 0.7 53 0.5 54 0.8 64 1 83 0.4 88 0.8 93 1 
2743 0 0.4 10 0.6 15 0.6 17 0.5 27 0.9 33 0.5 40 0.6 56 0.9 83 0 98 0.9 
2840 28 0.4 40 0.8 47 0.9 56 0.8 
2892 13 0 23 0.8 30 0.3 43 0 77 0.9 88 0 
2920 2 0.3 51 0.4 
2973 23 0.6 31 0 38 0 49 0 
2992 5 0.7 15 1 28 0.3 34 1 39 1 
3143 2 0 16 0 48 0.6 52 0.4 60 0.8 67 0.7 68 0.3 69 0 
3202 47 0 65 0 
3315 1 1 23 0.5 31 0 40 0.5 63 0.7 76 0.3 84 0.7 85 0.5 87 0 88 0.6 
3512 19 0.8 26 0.9 39 0.8 82 0.5 
3803 2 1 7 0.7 67 0.8 71 0 73 0.3 80 0 84 0 85 0 94 0.7 97 0.4 
3809 17 0 19 0.4 32 0 37 0 43 0 57 0 62 0.4 69 0.9 78 0 85 1 
3886 12 0 16 0 49 0.7 53 0.7 56 0 59 0.4 75 0 93 0.8 99 0.7 
4177 0 0.3 92 0.5 93 0.8 
4568 58 0 77 0 
4593 19 0 22 0 57 0 72 0 78 0.3 
4602 0 0.7 39 0.9 60 1 61 0 
4827 5 0.3 38 0.3 43 0.9 57 0.4 62 0.9 72 1 
4871 27 0 51 0.8 71 0.8 86 1 
4899 2 0 21 0.3 22 1 28 0.8 29 0.3 69 0.8 86 0.5 89 0 99 0 
4967 5 0.3 17 0.4 31 0.4 35 0 39 0.5 42 0 51 0 
5063 34 0.7 
5230 19 0.7 22 0.8 24 0.5 25 0 43 0.3 82 0.8 92 0.8 99 0.6 
5249 97 0.6 
5398 19 0.9 36 0 44 0.5 49 0.8 54 0.8 
5416 1 0.9 
5461 20 0.7 26 0.7 27 0 42 0.8 63 0 
5623 20 0 47 0.3 91 0.6 
5664 16 0 84 0 
5891 25 1 32 0.3 40 0.7 59 0 66 0.7 89 0 
5935 15 0 17 0.5 38 0.9 44 0 66 0 68 0.9 69 0.5 74 1 86 0.4 92 0.7 
6132 21 0 43 0.6 44 0.5 67 1 
6147 6 1 19 0 27 0.9 29 0.9 33 0 34 0.8 40 0.6 48 0.5 
6294 23 0.9 43 0 47 0 64 0.5 87 0 91 0.8 98 0.9 
6506 2 0 7 1 12 0.9 16 0.5 26 0.7 45 0.7 53 0 80 0.8 
6605 9 0 49 0.3 57 0.8 64 0.9 80 1 82 0.7 83 0.7 92 0.6 
6787 9 0.3 36 0.9 59 0 60 0 
7023 22 0.6 34 0.8 
7026 26 0 27 0.3 42 0.7 47 0.9 54 0 58 0.6 82 0.9 
7163 41 0.5 94 0.5 
7226 22 0.9 46 0.6 60 0 69 0 
7331 89 0 
7371 33 0 42 0.7 50 0.5 55 0.5 76 0 
7441 20 0.8 23 0 39 0 54 0 66 0.3 74 0 76 0 87 0 98 0.3 99 0.3 
7456 2 0 45 0.8 48 0.8 54 0 83 0 91 0.7 96 0.9 
7480 90 0.4 94 0.7 
7818 96 0.6 
7839 4 0.8 45 0.7 51 0.7 52 0.8 55 0.6 64 0.4 93 0.5 94 0 97 0.6 
8197 6 0.9 9 0.7 20 0 
8234 17 0.4 59 0.5 69 0.4 74 1 94 0.8 
8618 0 0.8 51 0.9 62 0 63 0 65 0 74 0.4 
8666 1 0.8 3 0.3 19 0.9 57 0 60 0.7 73 0.6 74 0.3 95 0 98 0.8 
8935 42 0 43 0 44 0.7 62 0.8 91 0.4 93 0.3 
8967 13 0 15 0.5 47 1 53 0 65 0.3 70 0.7 77 0.9 79 0.4 
9015 4 0.3 15 0 17 1 78 0.4 
9214 34 0.7 56 0 66 0 
9217 14 0.5 19 0 40 0 64 0.9 
9317 60 0.7 62 0.9 68 0.8 97 0.5 99 0.8 
9443 5 0.6 21 0.4 49 0.7 50 0.3 63 0.3 75 0.7 80 0.8 84 0.3 90 0 96 0.6 
9528 7 0.3 38 0.5 53 1 64 0.4 66 0.8 95 0.6 
9816 20 0 21 0.8 33 0.7 53 0 57 0.9 60 0.9 78 0.8 84 0 
9821 66 0.7 
9863 8 0 
