100
152 98 0.4 
155 85 0 95 0.5 
183 4 0 28 1 29 0.7 30 0.6 45 0.3 61 0.8 74 0 77 0.7 80 1 91 0 
286 25 0 48 0 51 1 55 0 56 0.3 64 0.3 86 0.9 90 0.5 93 0 
312 95 1 
359 6 1 9 0.4 44 0 59 0.5 80 0 
439 24 0 61 0.4 65 0 
572 0 0.4 4 0 18 0.4 38 0.6 75 0.5 
575 53 0.9 62 0.5 92 0.8 
707 0 0.7 4 1 5 0.7 25 0 30 0.3 34 0.7 45 0.3 49 0.4 85 0.4 91 0 
722 0 0.4 5 0.8 6 0.7 7 0.4 28 0 31 0.7 34 0.5 53 0.9 54 0.4 
799 70 0 
1049 14 0.5 90 0.4 
1068 20 0.9 
1351 4 0 9 0.8 34 0.6 40 0 50 0.8 65 1 74 0.5 78 0 99 0 
1367 3 0.9 21 0.8 34 0.9 48 0.4 52 0.4 64 0.9 67 0.5 85 0 86 0.6 
1374 3 0.8 8 0.6 99 0 
1405 94 0 
1458 13 0.7 26 0.3 49 0 61 0.8 77 0.4 87 0.6 
1571 32 0.7 
1657 8 0.3 9 0.6 20 0.4 34 0.8 50 0.9 79 0.4 85 0.8 87 0.6 
1847 2 0.5 21 0 38 0.9 51 0.9 83 0 
1915 2 0.3 40 0.3 41 0 54 0.6 55 1 73 0.9 92 0.3 
1940 6 0 17 0.6 40 0.4 63 0.6 90 1 98 0.3 
2085 3 0.5 17 0.5 28 0 32 0.5 40 0.4 54 0.7 67 0.7 94 0.7 99 0.8 
2317 13 0.3 
2326 4 1 17 0 25 0.9 
2364 4 0 8 0.3 42 0.3 44 0.4 55 0.9 71 0.5 74 0.8 79 0 87 0.6 89 0.8 
2575 1 0.6 41 0.9 54 0.9 60 0.5 81 0.3 84 0 85 0 87 1 
2669 2 0.3 8 0.3 28 0 30 1 49 0 59 0.3 85 0.9 92 0.3 96 0 
2757 2 0 3 1 22 0 49 0 75 0 
2778 2 0.5 5 0.3 8 0 22 0.8 29 0.4 52 1 73 0.4 92 0 
2782 0 0.8 3 0.6 25 0 30 0.9 34 0.9 42 0.6 50 0 70 0.8 93 0.7 96 0.8 
2817 22 1 24 0.8 32 0.8 35 0 54 1 56 0.9 58 0.8 69 0.3 77 0.5 88 0 
2832 15 0.7 26 0 34 0.9 35 0.8 51 0.4 56 0.5 59 0.8 75 1 97 0.5 99 0 
2998 9 0.7 11 1 13 0.7 62 0.9 86 0.8 91 0.9 
3294 6 0.6 7 0.8 37 1 53 1 59 0.3 61 1 65 0.4 73 0 81 0.5 86 0.9 
3376 25 0 36 0.5 43 0.8 62 0.5 69 0 70 0.8 79 0 87 0.6 
3510 25 0.9 29 1 41 0.7 98 0.5 
3561 3 0.4 9 0 72 0.3 94 0.5 
3599 11 1 30 0.9 42 0 54 0 56 1 60 0.8 77 0.9 
3644 39 0.6 44 1 
3726 66 0.9 
3849 5 0 16 0.4 21 0 28 0.7 50 0.9 65 0.6 
3987 4 0.4 10 0.6 12 0 40 1 46 0.6 83 0.3 96 0.3 
3989 41 0 55 1 63 0.3 81 0.9 
4061 7 0.6 30 0 31 0.4 82 0.7 89 0.4 95 0 
4115 15 1 27 0.4 30 1 41 0.9 42 0.8 45 0.7 50 0.7 67 0.3 92 0.8 
4166 6 0 37 0.5 39 0.4 46 0 66 0.5 76 0.6 86 0 88 0.9 95 0.9 98 0 
4355 7 0.9 32 0.7 47 0.4 49 0 55 0.7 70 0.3 75 0.3 86 0 
4393 4 0.3 5 0.9 36 0 40 0 
4576 22 0.3 32 0 59 0.5 61 0.8 92 0 
4664 9 0.3 15 0.6 70 0.6 95 0.4 
4709 36 0.5 
4746 3 0.5 10 0 81 1 
4762 2 0.5 3 0.7 4 0.3 29 0 59 1 77 0.9 87 0 88 0.6 94 1 
4876 22 1 26 1 29 0 42 0 64 0 73 0.4 93 0 95 0.9 
4939 3 0.8 9 0 53 0.6 76 0.6 85 0.4 
5197 75 0.6 97 0.5 
5360 4 0 15 0.3 23 0.4 28 0.4 31 0.5 40 0 48 0 60 0.3 71 0.8 99 0.9 
5390 6 0 12 0.4 21 0 29 0.9 63 0.8 67 0.8 76 0.4 83 0.9 87 1 96 0 
5509 4 0.8 5 0.6 16 0.9 30 0 46 0.5 52 0.3 61 1 70 0.9 79 0.7 88 0.3 
5559 0 0.5 57 0.5 58 0 81 1 97 0.9 
5578 6 0 12 0 13 0 14 0.9 34 0 56 0 84 0.9 
5702 10 0 11 0.6 34 0.7 72 0.3 95 0.7 
5729 28 0 49 0.4 
5797 20 0.5 34 0 45 0.7 55 0.6 61 0.6 81 0.4 
6093 13 0.8 28 0 48 0.5 50 0.4 61 0 80 0.3 89 0.4 
6547 5 0 20 1 49 0.3 51 0.8 61 0.3 96 1 99 0 
6853 41 0.5 60 0.3 78 0.6 79 0.4 86 0.7 93 0.9 
6916 54 0.7 55 0 86 1 89 0.5 
6971 15 0 23 0.8 
7256 1 0.5 5 0.9 6 0 61 0 64 0.7 96 0.6 
7269 38 0.5 43 0.7 62 0 
7329 12 0.8 19 0 36 0 45 0.4 60 0.9 80 0.9 86 1 
7447 0 1 1 1 14 0.8 28 0.5 34 0.9 70 1 73 0 74 0 88 0 
7460 1 0.3 68 1 
7461 11 0 21 0.8 24 0 29 0.8 74 0.5 93 0.8 
7651 75 0.5 
7654 94 0.4 
7780 6 0.3 16 0.8 20 0.3 51 0.4 52 0.7 75 0.3 80 0.5 87 0 97 0.4 
7876 18 0.9 19 0.3 21 0 39 0.8 69 0.3 71 0 76 0 85 0.4 94 0.6 
7917 20 0 21 0 26 0.3 33 0.8 43 0.7 57 0.4 62 0.9 72 0 90 1 
7936 11 0.6 16 0.6 25 0.8 42 0.6 49 0 75 0 87 0 
8010 9 0.9 32 0 54 0.3 72 0.6 
8019 4 0.7 13 0.5 15 0.3 25 0.7 44 0.6 46 1 51 0 82 0.5 
8111 20 0.4 
8135 19 1 39 0 61 0 90 0.8 
8145 54 0.3 85 0 
8392 60 0 
8496 28 0 50 0.6 83 0 93 0.6 
8813 3 1 20 0.4 57 0.4 94 0.9 95 0 
9160 1 0.5 3 0.8 6 0 19 0.3 36 0.4 37 0.9 66 1 69 0.5 88 0.4 96 0.6 
9221 16 0.9 42 0.3 45 0.3 55 0.7 62 0.4 77 0.9 98 0.3 99 0.3 
9284 21 0.9 23 0.5 27 0.3 33 0.9 45 0.4 58 1 59 0.5 84 0.9 
9325 10 0.4 27 0.3 77 0.4 
9469 16 0.7 25 0.4 56 0.5 
9931 11 0 16 0.6 18 0.9 33 0.8 48 0.4 82 0.9 88 0.4 
9988 15 0.9 17 0.3 22 0.8 42 0.9 77 0.6 
9993 9 0.7 15 1 18 1 27 0.6 34 0 37 0.8 59 0.7 70 0 99 0 
