100
23 4 0.3 11 0 19 1 57 0.8 61 0.3 65 0 74 0 86 0 
97 5 0.6 9 0 13 0 16 0.8 54 0 62 0.4 
172 6 1 13 0.5 25 0.4 54 0 58 0.3 87 0.3 90 0.5 96 0 
178 8 0.6 55 0.7 83 0.9 
288 34 0 35 0.4 38 0 58 0.9 67 0.4 71 0.3 
289 2 0 40 0 49 0 74 0 85 0 90 0 
293 1 0.7 16 0 41 0 47 0.4 59 0 81 0.5 91 0.3 93 0.5 95 1 
404 56 0.8 
413 2 0 7 1 34 0.3 
428 27 0 44 0.4 46 0.6 54 0.4 85 0.6 
613 44 0 46 0 99 0.8 
676 3 0.9 37 0 93 0.8 
677 26 0.5 32 0.3 38 0.9 42 0 74 0.6 77 0.9 
745 2 0 15 0 17 0.6 64 0.6 67 0 70 0.9 72 0.3 97 0.7 99 0.5 
760 44 0.3 63 0.7 
864 13 0 20 0.3 67 0 71 0 77 0 90 0.6 94 1 
903 3 0 20 0.9 67 0.7 86 0 91 0.4 93 0.3 
1032 8 0.7 11 0.3 35 0.5 38 0 41 0.8 49 0.3 59 0 73 0.3 85 0.8 86 0.9 
1074 12 0.6 20 0.5 46 0 62 0.7 
1181 3 0.7 77 1 
1302 17 1 28 0 42 0.6 61 0.3 79 0.7 
1341 0 0.6 10 0.8 40 0.8 55 0 64 0.6 72 0.7 73 0.5 96 0.8 
1369 10 0.3 41 0.5 45 0.3 49 0.6 78 0.9 79 0.6 87 0.9 88 0 
1436 3 0 
1441 6 0.9 28 0.5 45 0 65 0 66 0.5 73 0 87 0.6 
1689 11 0.7 13 0 23 0.9 33 0.8 37 0.6 40 0.8 51 1 61 0.3 68 0.6 75 0 
1753 2 0 5 0.6 33 0.9 38 0 40 0.5 45 0.5 48 0 68 0 83 0.4 98 0.7 
1824 47 0.3 65 1 92 0.9 94 0.5 96 0.3 
2034 16 0.6 18 1 46 0.4 66 0.4 76 1 
2158 11 0 
2212 20 0.7 37 0.6 39 0.6 50 0 53 0.5 54 0 75 0.4 85 0 91 0.8 
2335 64 0.9 
2364 4 0 8 0.4 42 0.8 44 0.8 55 1 71 0.4 74 0 79 0.3 87 0.5 89 0.6 
2620 7 0.4 32 0.8 36 0.9 44 0 55 0.7 62 0.6 80 1 92 0 97 0 98 0.5 
2893 6 0 60 0 97 0.3 
3021 29 0 34 0.4 47 0 59 0.7 89 1 
3048 34 0 82 0 
3102 11 0.7 44 0.6 52 0.6 67 0.8 81 1 96 0.3 
3108 66 0.6 70 0 94 0 
3114 36 0.9 48 0 49 0 56 0.8 81 0.9 
3426 1 0.8 28 0 32 0.7 33 1 35 0.8 64 0.5 67 0 70 0.8 92 0.8 
3598 10 0.6 18 0 62 0.9 83 1 84 0.6 
3796 10 0.6 11 1 16 1 20 1 81 0.3 
3978 47 0.5 67 0.6 88 0.6 92 0.6 
4004 38 0.9 
4265 25 0.7 
4291 24 0.4 
4460 11 0.3 36 0.7 39 1 64 0.9 65 0.8 67 1 82 0 93 0 
4988 13 0.4 19 0.7 22 0.5 39 0.5 47 0.8 80 1 81 0 82 0 87 0 98 0.5 
5106 16 0 61 0.3 
5252 6 0.5 19 0 60 0.6 
5312 14 0.5 17 1 39 0.5 87 0.3 94 0.4 
5495 10 0.7 20 0 53 0.9 74 0.4 97 0 
5624 10 0.7 12 0.3 36 0.8 38 0.4 76 0.6 
5747 21 0.4 25 0.4 
5755 4 0.3 8 0.6 51 0.5 55 0 63 0.4 82 0.5 85 0.6 
5777 5 0 10 0 14 0.5 47 1 50 0.7 52 0.4 62 0 86 0.8 88 0.8 
5815 0 0.7 30 0.4 50 0.8 59 0 
6098 3 0.4 20 0.3 27 0.9 38 0.8 42 0.5 67 0.5 85 0 98 0.5 
6121 31 0.4 44 1 69 0.4 90 0.6 
6144 30 1 36 0 41 0.5 90 0 99 0.3 
6166 5 0.8 11 0 12 0.8 14 1 31 0.8 63 0.6 79 0.8 88 0.3 91 0.3 95 0 
6371 0 0 36 0 75 0 82 0.6 96 0.8 
6557 16 0.4 
6624 7 0 21 0.6 27 0.6 45 0 49 0.3 66 0.7 77 1 93 0 99 0.5 
6629 17 0.8 32 0 79 0.8 
6686 2 0.9 7 0.8 13 0.8 21 0 54 0.4 67 0.7 70 0 79 0.6 80 0.5 91 0.9 
6699 3 0.5 57 0.8 59 0.9 
6802 24 0.3 54 0.3 70 0.4 
6962 4 0.4 18 1 24 0.8 41 0.8 76 1 
6975 16 0 35 1 52 0 67 0.4 98 0.8 
7179 46 0.3 71 0 89 0.4 
7552 9 0.4 14 0 18 0.7 26 0.3 29 0.5 47 0 67 0.4 70 0.6 82 0 89 0 
7628 29 0 
7769 19 0.4 24 0 25 0 70 0.5 76 0 91 0.3 99 0 
7802 5 1 8 0 44 0.6 58 0.3 
7868 13 0.5 20 0 61 0 70 0 71 0.6 77 1 80 0.7 85 0 
7875 19 0.9 20 0 48 0.3 79 0.7 81 1 94 0 
8139 7 0.9 23 0 34 0 63 1 90 0.5 95 0.9 
8246 2 0.3 21 0.8 23 1 48 0.6 65 0.8 69 0.3 
8411 0 0.3 58 0.3 60 0 91 0.7 
8639 1 0.8 2 0.4 8 0.3 16 0 44 0 59 0.9 68 0 90 0.3 91 1 92 0 
8881 0 1 16 0.5 77 0.4 98 0.3 
8890 14 0 52 0.5 56 0.4 70 0.4 80 0.5 
9064 2 0.8 9 0.3 17 0 23 0.9 34 0 42 0.5 86 0.3 
9089 6 0 46 0.6 
9102 21 0 
9260 21 0.5 
9295 3 0 
9303 2 0 7 0.5 10 0.8 15 0.4 17 0 25 0.3 26 1 39 0.7 54 0.6 85 0.7 
9359 8 0.9 16 0.7 18 0 19 0.9 31 0.3 40 0 42 1 48 0.6 63 0.3 91 0.4 
9384 12 0.3 20 0.3 73 0 84 0.3 89 1 97 0 
9405 8 0 14 0 35 0 40 0 44 0.9 82 0.5 86 0.6 
9438 2 0.3 14 0.6 28 0.7 29 0.4 34 0.9 38 0 69 0.3 99 0.9 
9465 26 0 32 0.5 34 0.6 44 0 50 1 59 0 
9542 3 0.6 5 1 20 0.8 27 0.6 45 0.3 58 0.9 87 0.5 95 1 
9649 7 0 18 0.8 26 1 27 0.6 46 0.4 55 0.4 62 0.6 89 0 91 0.7 97 0.3 
9696 4 0.3 15 0.3 29 0 31 0.6 39 0 52 0 61 0.4 78 0.4 85 0.9 
9728 6 0.5 8 0.5 11 0.8 59 0 85 1 86 0.6 
9801 32 0.8 35 0 
