100
42 2 0 20 0 36 0 61 0 73 0.4 76 0 78 0.4 83 0.7 87 1 89 0.9 
86 45 0 50 0.7 56 1 57 0.7 58 1 78 0.4 
123 20 0.3 
201 0 0 20 0 48 0 52 0.7 59 0 61 0.5 81 0.8 
376 17 0.6 28 0 45 0 82 0 
448 18 0 20 0 23 0 33 1 40 0.6 67 0.5 82 0 
571 16 0.4 32 0 33 0.3 69 0 
656 7 0.5 54 0.4 66 0.6 70 0 71 0.6 91 0.7 
679 52 0.6 71 0.8 82 1 
758 34 0.9 48 0 60 0.7 
881 24 0.6 27 0.5 91 0.7 95 0.5 96 0.5 
946 23 0 32 0.5 35 0.8 40 0 61 0 65 0.6 75 0.3 88 0 89 0.6 
1012 6 0 14 0 23 0.7 31 0 62 0.7 65 0.8 77 0 82 0 93 0 
1097 16 0 43 1 70 0.5 73 0 95 0.5 
1356 4 1 14 0.8 23 0.9 38 0 40 0.6 62 0.9 64 0 71 0.8 82 0.4 
1395 27 0.4 47 0.7 57 0.4 60 0.3 87 0.9 88 0 90 0.6 96 1 
1507 1 0.7 8 0 12 0 17 0.4 25 0.4 49 0.4 
1563 3 0.7 23 0.6 34 0.5 38 0.3 47 0.8 53 0.5 89 0.3 97 0 
1567 1 0.9 23 0.3 30 0.4 64 0 70 0.8 81 0.9 90 0 97 0 
1568 44 0 48 0.3 
1605 10 0.8 19 0 42 0.9 43 0.3 45 0.5 46 0.3 49 0 53 0 84 0.7 
1623 6 0.3 12 0.3 22 0.7 23 0.6 29 0.3 49 0.9 55 0 59 0.6 74 0.3 99 0.5 
1882 12 0.7 38 0.4 64 0.9 93 0.4 
1991 82 0.7 
2009 7 0.5 24 0 46 0 60 1 61 0.4 74 0.5 83 0 86 0 96 1 99 0.3 
2096 0 0 2 0.5 25 0.7 41 0 52 0 82 0 92 0.8 98 0.8 
2148 13 0 31 0.5 36 0.6 66 0.8 
2164 2 1 30 1 59 0.6 69 0.5 70 0.6 73 0.9 91 0.5 98 0 
2245 38 0.4 62 0.8 64 0.5 80 0.7 
2333 1 0.6 35 0.3 78 0 84 0.4 
2363 4 0.3 13 1 18 0.5 47 0.4 50 0.5 59 0 74 0.3 78 0.4 84 0.5 96 1 
2533 1 0.9 7 0.7 13 1 28 0.8 45 0.6 46 0.9 53 0.7 84 0.4 93 0.7 
2598 2 0 40 0.8 47 0 59 0.7 76 0.6 
2676 0 0.5 24 0 44 1 51 0 63 0.5 81 0 84 0.6 87 0.7 94 0.8 
2845 42 0.9 95 0.4 
2877 1 1 46 0.4 73 0.3 79 0.9 90 0.5 
3093 0 0.7 7 0 17 0 48 0 63 0.8 66 0 72 0 73 0 98 0 
3183 8 0.4 14 1 21 0 40 0.7 43 0.4 51 0 71 0.3 92 0.6 
3233 11 0 14 0.3 15 1 28 0.7 66 0.6 69 0.9 71 0.6 78 0 81 0.8 
3245 31 1 89 0 
3259 32 0.6 37 0.9 42 0 49 0.3 
3386 15 0.8 51 0.7 73 0.4 
3573 49 0.8 
3584 0 0.3 5 1 10 0.8 51 0.9 55 0 57 0 75 0.5 83 0.7 93 0.5 96 0.8 
3603 17 0.5 20 0 35 0.9 47 0.9 49 0 80 0 87 0.7 
3729 26 0.6 40 0 80 0.3 
3906 6 0 9 0 10 0.9 23 0.7 28 0.9 32 0.7 33 1 43 0.3 66 0 76 0.3 
4007 5 0.7 13 0.8 53 1 57 0.8 59 0.9 69 0.8 90 0.6 
4222 20 0 28 0.4 54 1 55 0.3 70 0.7 
4296 10 0.7 19 0 22 0.6 44 0.3 75 0.8 
4458 36 0.7 40 0.9 52 1 64 0.6 
4467 64 0 79 1 89 0.6 
4536 4 0.7 10 0.8 11 0.6 12 0.3 15 0.8 22 0.7 34 1 70 0.6 
4591 7 0.8 12 0.7 31 0 62 0.8 71 0.6 75 0 82 0.7 92 0.6 
4764 4 0.7 64 0.7 66 0 
5003 39 0 57 0.9 65 0.5 93 0.3 
5034 2 0.5 80 0.7 
5065 10 0.6 25 0.4 37 0.3 53 0 68 0.8 
5147 17 0.8 47 0 57 0.9 62 0.9 85 0.9 98 0.3 
5232 17 0 20 1 27 0 36 0.4 53 1 62 0 85 0.4 87 0 
5645 54 0.5 94 0 
5651 76 0.4 85 0.5 98 0.4 
5890 3 0.6 14 0.8 
5926 32 0.8 34 0.5 84 0.4 
6161 33 0.9 51 1 54 0 68 0.9 69 0.9 74 1 75 0.3 77 0.4 80 0.9 94 0.4 
6890 8 0.8 22 0 23 0.3 43 0.9 61 1 68 0.5 97 0.3 
6955 25 0.9 40 0.4 58 0 71 0.7 81 0.5 
7009 77 0.7 
7012 16 0 22 0.8 44 0.4 55 0.4 64 0.7 82 1 85 0.6 97 0.7 
7018 7 0.3 24 0 30 0.5 41 0.5 48 0.3 
7078 58 0.9 
7088 13 0.5 76 0.8 
7281 4 0.7 32 1 40 0 82 0 94 0.9 
7379 13 0.8 
7835 4 0.3 16 0.3 72 0.4 
7972 50 0.8 62 0.3 63 0.5 85 1 88 0 
7982 39 0.7 74 0.9 96 0.5 
8028 2 0 15 0.3 59 0.7 66 1 83 0.4 84 0 87 0 
8112 1 0.5 14 0.3 15 0 46 0 72 0.5 76 0.4 78 1 81 0.6 90 0.5 
8167 3 0.9 29 0.3 32 0 51 0.7 89 0 
8248 23 0.5 25 0 33 0.9 38 0.7 39 0.7 52 0.7 61 0.9 62 0.9 68 0.4 69 0.8 
8366 16 0.8 54 0 63 0.8 
8470 56 0 59 0 70 0.8 83 0.6 
8611 84 0.3 
8644 89 0.7 91 0.9 
8682 5 0.6 8 0 30 0.6 45 0.6 73 0.3 99 0.7 
8764 26 0.4 51 1 
8789 13 0.5 16 0 25 0 42 0.8 44 0 47 0.4 55 0 61 0.7 97 0 
8832 36 1 65 0.7 
8840 19 0.7 31 0.9 84 1 
9059 4 0.4 62 1 70 1 
9061 4 0.7 12 0.6 13 0.3 20 0.7 88 0 
9125 61 0 67 0.5 88 0.6 
9221 16 1 42 0.5 45 1 55 0.4 62 0.3 77 0.6 98 0.3 99 0.4 
9302 1 0.9 6 0 44 0 45 0.3 56 0 71 0.7 79 0.5 86 0 94 0.8 
9514 17 0.6 20 0 61 0.6 65 0.5 70 0.4 
9620 10 0.9 57 0 63 0 67 0.5 
9634 8 0 9 0 26 0.5 35 1 44 1 58 0 59 0.7 82 0.5 94 0.9 
9857 0 0 2 0 8 0.8 19 0.6 24 0 50 0.3 51 1 52 0.6 78 0 98 0 
9868 27 0 33 1 49 0.7 51 0 73 0.9 82 0 87 0.6 98 0.6 
