100
12 9 0.6 23 0.7 48 0.3 79 0 89 0.6 
101 5 0.4 12 0.9 37 0.7 
510 35 0.6 49 0.8 93 0.9 
534 44 0.5 
544 2 0 13 0.7 26 0 44 0 53 0.9 57 0.5 60 0 69 0 82 0.8 
587 10 0 29 0 31 0 37 0 50 1 58 0.7 80 0.5 
624 10 0 36 0.5 42 0.7 66 0 83 0.7 86 0.4 94 0.4 
637 2 0.8 13 0.3 35 1 45 0 59 0.9 65 0.5 98 0.7 
828 0 0.7 7 1 24 0 31 0.8 34 1 51 0.3 68 0.3 78 1 86 0.3 92 0 
852 33 0.6 49 1 51 0.8 60 0 75 0 77 0 78 0.4 83 0.9 91 0 99 0.6 
867 9 0.5 17 0.5 33 0.8 40 1 51 0 68 0.5 78 1 79 0 86 0.5 
992 3 0.9 12 0.8 44 0 56 0.6 63 0.8 73 0.3 75 0.9 90 0.4 97 0.4 98 0 
1035 7 0.8 80 0 85 0.6 96 0.8 
1143 5 0.8 52 0 54 0.8 58 0.4 80 0 86 0.4 90 0.3 99 0.9 
1145 12 0 39 0.6 43 0.6 53 0.7 64 0.9 71 0 96 0.5 
1152 66 0.7 67 0 68 0 89 0 91 0.6 
1193 4 0.7 6 1 18 0.3 75 0.4 88 0.5 89 0.6 97 0.7 99 0.8 
1228 16 0.9 78 0.6 
1412 17 0.9 18 0.9 22 0 34 1 71 0 72 0 77 0.6 87 0.8 92 0.4 
1729 11 0.7 34 0.6 55 0.3 63 0.6 71 0.8 81 0.5 
1787 6 0.5 13 0.6 51 0 93 0.3 
1844 10 0 40 0.5 48 1 91 0 
1914 2 0 24 0 56 0.8 67 0 69 0 
1986 18 0.7 29 0.7 31 0 34 1 60 0 70 0 73 0.5 95 0.5 
2036 8 0 34 1 68 0 83 0.5 
2053 9 0 14 0.8 15 0 42 0 48 0 83 0.4 
2087 8 0 44 0 56 0 62 0.5 73 1 88 0.4 
2122 97 0.3 
2128 86 0.8 
2153 1 0 12 0.6 24 0 35 1 38 0 54 0 75 0 91 0 
2190 0 0 11 0 28 0 37 0.5 69 0 79 0.3 80 0 
2295 2 0.9 15 0.3 56 0 89 0.3 
2355 69 0 77 0.8 80 0.6 
2424 13 0 16 0.4 36 0.6 40 0.9 53 0 64 0.9 
2557 23 1 24 1 33 0.7 37 0 81 0 93 0.6 
2604 58 0.7 66 0.8 97 1 
2714 5 0.4 56 0 
2722 3 0.4 8 0.3 15 0.6 48 0.9 66 0.7 72 0.3 82 1 85 0.4 86 0.6 91 0.3 
3026 23 0 26 0 33 0 58 0.5 72 0.8 74 0.9 87 0.3 89 0 
3036 12 0.5 16 0 48 0 49 0 62 0.9 72 0 96 0.7 
3066 27 0 60 0.5 
3104 0 0.8 19 0 20 0 45 0.9 66 0 83 0.3 
3407 12 0 31 1 
3496 1 0 12 0 28 0 74 1 89 0.4 93 0.8 
3688 31 0.4 41 0.9 66 0.6 97 0.4 
3771 17 0.8 30 1 33 0.5 73 0.6 94 0 95 0.8 
3793 3 0 19 0.9 39 0.5 66 0 73 1 88 1 96 0.4 
3814 10 0.6 23 0.4 40 0 41 0.3 70 0 81 0.5 
3840 23 1 27 0.4 50 0.6 68 0 72 0.9 80 0 82 0.6 95 0.7 
3968 7 0.7 8 0.6 46 0.3 75 0 
4022 9 0.9 41 0.6 63 0.8 92 0.6 97 0 
4210 1 0.4 83 0.5 98 0 
4215 13 0 33 0 48 0.3 74 1 95 0.8 
4218 2 0.7 62 0 65 0.6 70 0.7 
4237 14 0.6 18 0.3 27 0.5 54 0 61 0.5 64 0 74 0.9 80 1 93 0.3 
4249 54 0 66 0.8 
4282 31 0 42 0.7 83 0.6 
4353 32 0.7 58 0.3 75 0.9 78 0 89 0.4 
4401 33 0.9 37 0.3 56 0 59 0.3 60 0 93 0.7 96 0.5 
4510 26 0 42 0.3 52 1 
4549 2 0 29 0.5 62 0.9 
4753 6 0.9 8 0.7 57 0.9 
4898 18 0.8 47 0 50 1 54 0.8 63 0.7 99 0.3 
5051 10 0 30 0 39 0 54 0 57 0.3 72 0 
5237 3 0.3 7 0.3 12 0.6 13 0.9 15 0 34 0 50 1 52 0.8 60 0.4 
5437 20 0 
5630 2 0.6 24 0.3 27 0.7 56 0.6 76 0.9 84 0 95 0.8 
5636 6 0.4 20 0.4 28 0 44 0 68 1 87 0.4 88 0.6 94 0.5 
5680 20 0 25 0 26 0 31 0.7 36 0.9 71 0.9 77 0.7 82 0.9 
5755 4 0.6 8 0 51 0 55 0.4 63 1 82 0 85 0.9 
5788 11 0 24 0.8 34 0.3 40 0 43 0.7 58 0 76 0.8 84 0 86 0.3 97 0.7 
5930 1 0.6 25 1 97 0.9 
5983 28 0.7 53 0 54 0.7 59 0.4 60 0.5 
6103 26 1 33 0 42 0 75 0 85 0.5 91 0 93 0 
6120 3 0 5 0.7 46 0.7 53 0.3 56 0.9 68 0 74 0.9 91 1 93 0.5 
6170 4 0.4 13 0.4 27 0.6 29 0 30 0.5 35 0.3 43 0 59 0.6 61 0.6 
6511 14 0 34 0.3 36 0.4 57 0 63 0.9 75 0 85 0 90 0 94 0 96 0.3 
6802 24 1 54 0.8 70 0.9 
6860 17 0.8 45 0.3 58 0.8 96 0.8 
6962 4 0.7 18 0.3 24 0 41 0.5 76 0 
6999 52 0 54 0.7 70 0.6 
7074 4 1 27 0.3 33 0.5 36 0.9 44 0.3 69 0.3 75 0.3 91 1 96 0.8 
7149 18 0.5 22 1 37 0.6 65 0 74 1 75 0.7 89 0.3 95 0.9 
7200 4 0.6 10 0.9 22 0 29 0 35 0 37 0.3 38 0.8 67 0.9 74 0.4 76 0.3 
7268 0 0.9 6 0.7 9 0.8 12 0.9 35 0.3 38 0.5 60 0.9 73 0.6 80 1 92 0 
7556 0 0.5 7 0 15 1 23 0.5 73 0 79 1 88 0 96 0.6 
7582 36 1 75 0 
7607 46 0.9 59 0.9 65 0.9 96 1 
7722 5 0.3 8 0 9 0.7 16 0.5 51 0.3 59 0.9 60 0.3 95 0 
8050 6 0 15 0.5 18 0.5 26 0.6 30 0 36 0.9 78 0.7 
8120 5 1 6 0.5 26 0.8 36 1 72 0.7 74 0.6 79 0.3 80 0 
8384 9 0 49 0.4 81 0 84 0.6 95 0.4 
8633 7 0 33 0.5 45 0.5 52 0.7 53 0.8 76 0.7 83 0.6 85 0 
8634 2 0 5 0.5 8 0.6 10 0.4 29 0.7 68 0.8 
8779 10 0 14 0.5 24 1 25 0.5 35 0 37 0.4 55 0 84 0 87 1 
8816 14 0 36 0.7 45 0 
9350 1 0 23 0 25 0 60 0.7 65 0 69 0.7 70 0 74 0.4 96 0 
9513 3 0.7 16 0.4 30 0 34 0.8 37 0.4 38 0.8 58 0.4 61 0 63 0.3 
9711 15 0.7 27 0 58 0.3 72 0 90 0.7 
9971 83 0.3 
