100
67 43 0 92 0 
99 3 0.3 29 0.6 30 1 52 0 56 0.7 63 0.9 72 0.9 77 0.5 98 0.6 
220 0 0.3 19 0.5 42 0.9 48 0.5 65 0.9 80 0 94 0 97 0 
417 19 0 23 0.7 33 0.8 35 1 41 0.9 42 0 60 0 62 0.8 73 0.3 77 0.8 
618 1 0.4 10 0.6 47 0.4 
654 7 0.7 10 0.6 46 0.7 47 1 55 0.3 77 0 84 0.4 88 0 94 0.6 
656 7 0 54 0.6 66 0.6 70 0.3 71 0.8 91 0.6 
805 22 1 29 0.4 33 0 35 0.6 68 0.7 75 0.6 94 0.8 
873 26 0.7 49 0.5 50 0.9 51 0.3 67 0 74 1 86 0.6 
920 8 0.5 23 0.7 31 0.3 39 0 49 0 50 0.9 51 0 57 0.5 66 0.5 
1119 34 0.8 35 0.4 87 1 
1168 4 0.8 10 1 24 0 39 0 66 0.5 74 0 83 0.6 87 1 88 0.4 95 0.7 
1195 3 0 5 0.5 25 0.7 26 0.6 29 0 39 0 74 0.7 78 0.4 86 0 90 1 
1287 16 0.7 
1463 21 0.7 38 0.6 52 0.4 92 0.9 94 0.7 
1495 65 0.5 75 0.4 
1549 44 0 75 0 81 0.7 91 0.5 
1615 4 0.5 96 0.3 97 0.5 
1658 45 0 58 0.4 74 0 85 0.3 90 0 95 0.5 99 0.5 
1700 14 0 50 0.7 52 0.4 58 0 75 0 76 0.3 81 0 92 0 97 0.3 
2048 43 0 52 0.4 
2055 11 0.6 23 0 34 0.3 39 0 52 0 58 0.6 68 0.4 90 0 
2060 3 0 13 0.6 19 0.4 29 0 34 0.6 67 0.9 70 0 89 0.7 
2065 11 0.3 29 0 48 0.6 
2131 61 0 72 0.6 73 0.9 78 0.8 96 0.7 
2241 2 1 8 0.7 21 0.5 50 0.9 53 0.4 63 0.9 64 0.3 73 0.5 83 0 
2287 3 0.6 9 0.9 15 0.8 71 0.6 
2396 45 1 48 0.4 57 0.8 60 0.5 63 0.3 71 0.8 83 1 
2417 7 0 18 0.9 30 0.7 43 0 62 0 88 0.8 
2557 23 0.3 24 1 33 0.5 37 0.4 81 0 93 0.8 
2575 1 0.3 41 0.7 54 0 60 1 81 0.9 84 0.8 85 0.6 87 0.6 
2640 16 0.5 29 0.4 41 0.5 72 0.5 75 0.6 85 0 
2969 5 0 21 0.4 
3036 12 0.5 16 0.4 48 0 49 0 62 0.9 72 0.9 96 0.3 
3171 0 0.9 23 0.9 34 1 39 0.9 80 0.9 82 0.4 87 0.3 88 1 
3191 9 0.4 21 0 27 0.7 34 1 39 0.6 43 0.6 44 0.9 52 0 80 0.8 
3417 13 0 
3423 9 0 16 0.3 65 0.5 77 0.9 93 0.4 
3575 1 0.9 17 0 19 0.3 28 0.8 49 0 51 1 56 0.6 65 0.4 69 0.3 93 0 
3647 7 1 45 0.5 55 0 91 0.9 
3652 33 0 48 0.8 99 0.8 
3663 7 0 38 1 47 0.8 59 0.5 
3668 5 0.3 19 0 27 0 49 0 
3697 13 0.7 25 0.6 30 0 35 0 54 0.4 79 0.3 
3778 9 0.9 66 0.6 86 0.9 
3876 78 0.6 
3987 4 0.6 10 0 12 0 40 1 46 0.8 83 0 96 0 
4004 38 0.4 
4013 27 0.7 47 0.9 62 0 
4079 1 0 8 0.9 18 1 48 0 60 0.4 79 0 94 0.6 
4160 23 0.5 
4253 6 0.3 11 0.4 26 0.4 32 0.8 54 0.5 57 0.4 75 0 
4289 23 0.8 25 0 52 0.6 53 0.6 
4449 1 0.8 4 1 52 0.4 59 0 63 0.6 86 0 90 1 92 0.9 
4458 36 0.3 40 0.7 52 0.8 64 1 
4679 21 0.6 23 0.6 57 0.4 59 0.5 62 1 75 0 90 1 
4853 25 0.4 51 0.7 90 0.9 
4933 7 0.8 44 0 45 0.9 58 0 76 0.7 86 0.6 90 0.3 91 0.8 
4982 8 0 12 0.4 14 0.9 22 0.3 26 0 31 0.3 63 0.3 71 1 91 0.8 
5057 41 0.7 
5140 27 0 42 0.4 45 0.8 52 0.4 
5168 18 0.6 
5173 16 0.7 63 0.3 
5178 3 0 48 0.7 55 0.5 
5312 14 0.8 17 0 39 0.6 87 0.6 94 0.9 
5375 86 0.4 
5446 1 0.6 7 0.5 13 0 34 1 35 0.8 56 0.8 62 0.8 74 0.7 83 0.8 91 1 
5709 7 1 9 0.7 70 0 
6067 26 0 29 0 75 0 85 1 89 0.4 
6090 1 0.9 5 0.8 28 0.7 46 0 49 1 50 0.4 80 0.3 
6119 32 0.5 
6326 39 0.4 60 0.4 82 0.9 84 0 
6467 89 0.6 
6734 2 0 8 0.9 50 0.3 53 0.9 54 0.8 92 0 
6754 61 0 87 0.3 88 0.7 91 0.4 
6872 5 0 40 0.6 53 0 79 0.4 
6996 11 0 15 0.4 35 0.4 40 0.7 43 0.9 78 0.7 88 0.8 
7365 19 0 26 0.5 44 1 45 0.3 78 0 
7445 5 0.9 38 0 45 0.5 51 0.4 57 0.5 60 0 65 0 79 0.5 86 0 
7653 36 0.9 46 0.7 
7845 13 0.4 21 0.4 35 0.5 59 0 65 0.8 85 0.6 
7976 25 0.8 50 0.6 57 0.4 89 0 93 0.3 
7985 6 0.6 13 0.8 16 1 19 1 41 0.8 42 0 48 0.7 69 0.5 99 0.3 
8064 5 0 31 0 56 0.8 
8138 23 0 24 0 36 0.9 50 0.5 53 0.5 54 0.7 58 0.6 71 0 78 0 95 0.5 
8191 7 0.5 17 0.6 29 1 48 0.9 68 0 72 0 86 0 93 1 97 0.8 
8339 36 1 38 0.5 48 0.4 49 0 63 0 74 0.6 83 1 90 0.7 
8354 0 0.7 12 0 15 0 17 0.4 40 0 54 0.5 65 0 90 0.9 91 0 
8605 15 0.8 33 0.4 59 0 61 0 
8643 1 1 9 0.8 57 0.3 59 0.3 60 0 65 0.9 75 0.6 77 0.7 82 0.5 
8780 11 0 13 0.7 18 0.7 20 0.9 25 0 34 0 67 0.6 73 0.3 75 0.8 99 0 
8830 14 0.7 40 0.3 61 0 68 0.7 69 0.3 71 0 77 0.3 83 1 88 0.9 
8932 4 0.3 37 0 
8967 13 0 15 0.4 47 0.3 53 0.4 65 0 70 0.9 77 0.3 79 1 
9240 68 0.6 
9369 61 0 79 0.6 83 0 
9618 7 1 8 0 15 0 40 0.3 49 0 58 0.3 63 1 71 0.8 83 0 89 1 
9640 1 0.3 59 0 65 0.4 97 0 
9785 31 0.3 51 1 53 0 58 0.8 64 0.4 66 0.8 71 0.9 92 0 94 0.8 
9793 1 0.8 31 0.4 32 0.8 43 0.3 54 0.5 67 0.3 73 0 90 0.4 
