100
62 49 0.9 62 0 70 0 73 0 
115 12 0 23 0.9 58 0.5 64 0.4 94 0 98 0.5 
149 65 0.5 88 0.5 92 0.9 
307 29 0 57 0.4 
345 2 0 16 0.4 33 0.9 42 0.6 43 1 62 0.6 83 0.6 94 0 
396 7 0.5 26 1 46 0.4 51 1 56 0 58 0.4 63 0.4 64 0.9 92 0.3 
499 29 0.4 48 1 79 0.6 
524 0 0.6 
633 29 1 86 0.9 
723 10 0.6 72 0 79 0.3 98 0.4 
790 13 0.5 30 0.3 34 1 42 0.3 63 0.8 66 0.7 70 0 74 0.4 98 1 
870 65 0.7 87 0.7 
986 5 1 14 0.9 27 0.9 37 0.7 53 0.4 66 0.5 83 0.5 84 0.4 
1317 26 0.8 
1361 32 0.6 53 0 59 0 65 0 69 0.4 
1395 27 0.5 47 0 57 0.8 60 0.7 87 0 88 0.9 90 0.4 96 0.9 
1453 5 0.3 88 0.6 
1518 24 0 36 0.9 54 0.9 62 0 67 0.3 85 0 87 0 90 0.8 99 0 
1679 0 1 10 0.9 27 0.3 45 0.7 57 1 59 0.9 83 0 
1723 30 0.5 31 0 53 0.8 81 0.5 85 0 
1783 16 0 18 0 32 0 47 0 77 1 81 1 93 0.4 
2057 2 0.3 47 0 52 1 98 0 
2170 9 0.5 20 0.6 21 0.8 23 0 25 0.7 56 0.3 60 0 69 0.4 74 0.6 81 0.8 
2203 10 0.7 23 0.7 32 0.6 36 0 67 0.9 76 0 77 0 86 0.6 94 0.9 99 0.5 
2236 15 0 18 0.5 68 0 75 0 92 0.3 94 0.4 95 0.7 
2516 1 1 70 1 84 0.4 90 0.8 
2580 3 1 48 0.4 59 0 61 0.3 67 0.8 75 0.9 78 0.3 92 0.7 
2739 3 0.3 18 0.5 30 0.6 34 0 47 0.6 67 0.3 70 0.5 79 0.6 82 1 
2751 15 1 16 0 20 0 28 0.3 43 0.7 55 0.5 63 0 65 0 67 0.3 76 0.8 
2755 12 0 17 1 24 0.4 45 0.6 48 0.9 66 0.4 69 0.5 80 0 90 0 97 0.8 
2769 11 0 17 0.8 24 0.7 25 1 42 0.7 69 1 74 0.9 91 0.8 
2838 24 0.7 48 0 51 0.4 58 0.3 63 0.5 69 0.4 92 0.9 97 0 
2863 47 0.7 70 0.7 88 0 
2889 34 0.8 52 0.5 
3062 55 0.5 99 0.9 
3084 6 0.6 12 0.6 31 0 39 0.4 86 0.9 88 0.5 
3173 31 0 86 0.3 93 0.3 98 0 
3267 50 0 
3269 12 0.8 18 0 33 0.3 52 0.9 57 0.7 67 1 85 0 90 0.4 94 0 97 0.9 
3274 78 0 
3299 9 0 25 0.6 46 0.9 56 0.3 91 0.3 92 1 95 0.7 
3303 13 0 30 0.8 36 1 47 0 67 0.8 83 0.3 86 0 
3444 36 0.6 40 0 55 0.8 73 0.8 77 0.5 80 0 96 0.8 
3535 10 0.3 22 0 35 0.5 45 0 61 0 67 1 91 0.4 98 0.5 
3590 5 0.6 31 0.8 66 1 77 0 90 0.3 96 0.7 
3612 4 0 81 0 
3717 42 0.9 43 0 58 0.9 66 0.3 68 0.6 71 0.6 77 0 
3886 12 0 16 1 49 0.8 53 0.8 56 0 59 0.3 75 0.5 93 0 99 0 
3905 1 0.9 24 0.4 33 0.5 77 0 83 0 94 0 
3920 81 0.3 93 0 95 0.7 97 1 
3935 18 0.3 83 0.9 86 0 
3978 47 0.6 67 0.4 88 0 92 0.5 
4045 37 0 62 0 66 0 71 0.8 80 0.3 82 0 95 0.5 
4090 8 0.4 14 0.7 16 1 31 0.7 50 0.7 53 0 71 0.5 75 0.6 94 0.3 98 0.6 
4393 4 0.6 5 0 36 1 40 0.3 
4415 20 0.8 45 0.8 77 0.7 80 0.5 89 0.4 92 0.5 
4509 4 0.8 61 0.5 68 0 84 0 98 0.5 
4544 0 0 31 0.5 32 1 49 0 57 0 63 0 70 0.7 85 0.8 86 0.7 95 0.5 
4995 13 0.8 23 0.3 57 0.6 59 0.3 61 0.8 71 1 92 0 95 0.3 99 1 
5070 49 0.6 50 0 56 0.6 77 0.9 
5456 40 1 86 0 90 0 98 0.6 
5485 18 0 22 0.5 23 0.8 62 0.9 80 0 88 0.3 95 0.7 
5705 32 0.4 37 0.6 44 0.4 63 0.4 66 0.8 68 0.7 92 0.7 95 0 
5746 93 0 
5749 1 0.7 23 0.6 36 0.5 59 0.4 70 0.5 
5804 28 0.4 31 0 41 0.6 68 1 84 0.9 
5836 7 0 31 0.7 51 0.9 55 0 56 0.4 67 0 74 0.3 75 0.5 88 0 
5891 25 0.8 32 0 40 0.5 59 0.8 66 0.9 89 0.4 
5914 2 0 47 0 52 0.9 58 0.9 61 1 
6262 18 0.4 27 0.9 38 0.8 46 0 47 0 50 0.3 63 0.8 74 0.9 
6335 38 0.7 48 0 54 0.5 59 0.3 62 0 64 0.4 80 0 83 0.9 87 0.4 88 1 
6405 34 0 50 0.3 55 0 56 0.5 69 0 71 0 73 0.5 83 0.9 
6726 5 1 27 0 87 0.5 94 0.3 
6997 76 0.6 83 0.4 85 0.8 
7120 8 1 40 0.9 45 0.9 62 1 93 0.8 
7121 13 0 18 0.6 23 0.8 
7252 7 0.6 35 1 44 0.9 46 0.5 53 0 78 0 87 0.5 94 0.6 
7489 9 0.6 27 0.6 38 0.9 62 0 65 0.4 73 0.3 78 0 81 1 90 0.6 99 0.4 
7490 19 0.3 22 0.6 24 0.6 28 0.5 58 0.4 64 0.9 82 0.8 83 0.6 86 0 
7602 24 0.6 41 0 43 0 46 0 58 0 64 0.9 72 0.4 73 0 96 1 
7627 26 0.3 49 0.4 53 0.7 59 1 61 0.3 77 0.7 97 0.9 
7664 4 0.3 12 0.3 16 0.6 42 0.8 46 0 50 0 63 0.9 64 0.9 74 0 76 0.8 
7765 15 0.3 33 0.8 37 0 45 0.9 54 0 77 0 91 0 95 0.9 
7803 7 0 55 0.7 69 0.6 88 0.6 90 0.3 95 0 96 0.3 
7840 91 0.6 
8064 5 0 31 0 56 0.3 
8148 11 1 13 0.4 27 0 33 0 39 1 45 0.3 46 0.6 49 0.3 66 0.9 74 1 
8186 32 0.9 59 0.5 
8680 12 0.5 30 0.5 53 0.7 58 0.5 
8717 13 0 32 0.3 35 0 52 0 
8842 3 0.8 24 0.7 25 0.5 28 0.5 38 0.8 82 0.6 94 0.7 
9067 50 0 76 0.9 
9076 4 0.4 27 1 28 0.9 37 0.3 92 0.6 
9216 4 0.7 13 0.8 21 0.7 56 0.4 
9489 23 1 42 0.7 50 0.4 65 0.8 
9538 3 0.7 19 0.4 60 0 
9764 67 0.4 
9806 0 1 30 0.5 80 0.8 83 0 88 1 
9897 71 0 88 0 91 0.4 99 0.8 
9971 83 0.5 
