100
21 31 0.9 71 0.8 74 1 93 0 94 0 96 0.5 
175 5 0.5 7 0 33 0.8 38 0 44 1 45 0 79 0 88 0 97 0.4 
180 14 0.3 18 0 20 1 35 0 72 0.8 94 1 98 0.5 
195 11 0.4 22 0.6 32 0 47 0.7 79 0 
231 21 0.8 37 0.4 93 0 
408 4 0.4 19 0 26 0.6 34 1 39 0 53 0.4 
668 8 0 33 0.4 47 0 55 1 79 0 89 0 
884 76 0 99 1 
1157 3 0.8 5 0.4 14 0 18 0 24 0.4 38 0.5 60 0.7 85 0.4 86 0 95 1 
1181 3 0 77 0.4 
1214 10 0.3 17 0.4 32 0.9 58 1 68 0.4 79 0.3 
1266 4 0 30 0.8 32 1 34 0.4 46 0.3 60 0.6 64 0.3 81 0.9 85 0 87 0 
1279 25 0.4 51 0 74 0.4 84 0.4 87 0.6 94 0.6 97 0.4 
1362 2 0 18 0.9 23 0 37 0 38 0.7 39 0 56 0.3 67 0 88 0.9 98 0.5 
1425 29 0 34 0 39 0.4 49 0 51 0.6 55 0 68 0.7 70 0.8 77 0 
1439 51 0.5 58 0.5 65 0.6 73 0.4 80 0.9 86 0 90 0 
1484 8 0.4 18 0.3 24 1 28 0.8 31 0.8 55 0.4 68 0.4 
1621 8 0 87 0.7 
1630 26 1 41 0.9 58 0.4 66 0.7 
1631 19 0.7 75 0.5 76 1 
1669 9 0.8 10 0.9 60 0.5 
1679 0 0.5 10 0 27 0.7 45 0.5 57 0.8 59 0.3 83 0.7 
1985 5 0 16 0.6 43 1 49 0 67 0.5 98 0 
2214 1 0 13 0 42 0 67 1 68 0 72 0.5 88 0.7 
2308 2 0.9 4 1 10 0.3 13 0 
2414 53 0.4 
2446 72 0.3 
2727 15 0 23 0.4 44 0.5 49 0.9 51 0.7 55 0 71 0.7 72 0 79 0.3 
2729 24 0.3 32 0.4 38 0 42 1 61 0 
2813 9 0.9 12 0 15 0.3 31 0 43 0 57 0 61 0 77 0 97 1 
3024 10 0.9 24 0.5 41 0.8 50 0 74 0.9 93 1 95 0.5 97 0 
3057 3 0.4 28 0.4 39 0.8 52 0.9 66 0 73 0.7 
3235 37 0.6 
3460 2 0.4 49 0.3 63 1 68 1 71 1 73 0 85 0.8 
3530 15 0.8 18 0.3 33 0.4 41 0.3 50 0.3 64 1 67 0.5 72 0.6 73 0 
3558 4 0 13 0.9 73 0 76 0.3 95 0.8 
3606 3 0.9 6 0 12 0.4 15 0.6 20 1 39 1 52 0.3 64 0.8 66 0.7 
3798 7 0.9 16 1 67 0.5 83 1 
3939 24 0 35 0.8 47 0.7 51 0.6 67 0.3 
4023 81 0.9 
4041 18 0.6 
4052 23 0.6 45 0 49 0 53 0 74 0.3 
4086 9 0.6 10 0.3 17 1 36 1 79 0 
4419 36 0.8 
4439 2 0.3 
4767 14 1 38 0.7 64 0 98 0.4 
4904 36 0 55 0.4 62 0.4 66 0.4 72 0.7 76 0.5 86 0.7 
5062 0 0 21 1 30 0.6 48 0 90 0.5 
5138 4 0.4 6 0 27 0.8 45 0 50 0 53 0.8 61 0.3 62 0 94 0 
5257 89 1 
5279 33 0.4 
5389 1 0.3 26 0.3 93 0 
5477 33 0 71 0 80 0.5 82 0.3 
5513 6 0 30 0.6 84 0 94 0 
5672 35 0 72 0 91 0.4 
5831 23 0.7 98 0.7 
6030 45 0 
6049 8 0 34 0.4 93 0 
6105 20 0.4 25 0.5 47 0.7 48 0.5 69 0 87 1 93 0 
6166 5 0.6 11 0.7 12 0.4 14 1 31 0 63 0.8 79 0.8 88 0.6 91 0 95 0.9 
6196 10 0.5 13 0.8 24 0.5 26 0 32 0 54 0.5 63 0.7 81 0.4 
6199 53 0.9 56 0 
6566 23 0.7 40 0 41 0.7 43 0.7 73 0.3 
6624 7 1 21 0.7 27 0.7 45 0 49 0 66 0 77 0.7 93 0.9 99 0.3 
6903 55 0.5 70 0.6 80 0.8 
7158 22 0.6 41 0 45 0 52 0.4 60 0 61 0 66 1 85 0.3 86 0.9 93 0.7 
7192 6 0.8 7 0.3 13 0.9 18 0 24 0.7 33 1 46 0.5 54 0 65 0.3 72 0 
7236 74 0.8 
7315 39 1 51 0.7 64 0 67 0.5 76 0.4 
7329 12 0.3 19 0.4 36 0.8 45 0.5 60 0 80 0.4 86 1 
7343 22 0.5 53 0 69 0.4 
7546 63 0 70 0.4 
7634 30 0 55 0.3 56 0.6 73 1 74 0.3 
7749 47 0.4 50 0 54 0.3 87 0.6 
7812 4 0.8 28 0 55 0.6 84 0.7 
7818 96 0.4 
7999 3 0.3 8 0.8 14 0.8 20 0.8 31 0.8 69 0 82 0.6 
8031 0 0.8 8 0.7 15 0 60 0.9 78 0.5 82 0 
8060 62 0.7 74 0 
8087 27 0.8 53 0.8 
8204 44 0.5 89 1 
8252 10 0.7 11 0.5 35 0 39 0.3 51 0 81 0.3 82 0.5 94 1 
8552 5 0.9 6 0.8 7 0.7 30 1 43 0.4 60 0.7 98 0.4 99 0.5 
8568 27 1 50 0 75 0.9 
8649 62 1 
8775 0 0.3 6 0.7 11 0 16 0.4 18 0.9 47 0.6 62 0 91 0.9 92 0.4 
8845 18 0.5 74 0 75 0 84 1 96 0.3 
8870 3 0.8 30 0.5 57 0 62 0.7 76 0.8 77 0.8 80 0 85 0.8 91 0.4 98 0.7 
8905 3 0.4 9 0 16 0 72 0 79 0.9 93 0.4 
8920 8 0.8 41 1 65 0 67 0.3 74 0.4 90 0 91 0.3 95 0.7 96 1 
9014 12 0 40 0.8 57 0 58 0.9 70 0.7 91 0.4 
9094 2 1 13 1 37 0 54 0.9 64 0.5 69 0.9 71 0.7 78 0 88 1 96 0.3 
9146 29 0 32 0.9 54 0.4 69 0 80 0.8 83 0.5 91 0.8 
9275 6 0.5 49 0 53 0 68 0.7 
9437 44 0.5 68 0.7 
9535 25 0 
9717 25 0.4 38 0.7 44 0.5 53 0.9 61 0.7 67 0 72 0 85 0.3 91 0.7 96 0.5 
9859 8 0.5 23 0.6 34 0 44 0 
9920 23 1 43 0.6 77 0 80 0 99 0.3 
9934 3 0.6 4 0.4 16 0.6 30 0.5 44 0.3 71 0.6 78 0.3 96 0.5 
