100
89 56 0 96 0.5 97 1 
111 71 0.6 
156 33 0 97 0.3 
282 0 0.5 10 0.8 58 0 61 0.7 83 0.3 92 1 96 0.5 99 0 
355 4 0.5 5 0.4 14 0.6 29 0.5 42 0.6 56 0 60 0.9 73 0.8 77 0 
384 1 0.6 27 0.8 35 0 38 0 50 0.5 61 0.6 70 0.4 79 0.6 86 0 
466 0 0.6 23 0 31 0 32 0.9 34 0 44 0.4 58 0 68 1 73 0.7 94 0.4 
595 39 0 60 0.8 83 0.8 
652 23 0 49 0.8 51 0.7 59 0.4 70 0.9 77 0.8 89 1 90 0.3 91 0.3 
707 0 0.6 4 0.7 5 0.8 25 0 30 0.5 34 0 45 0.5 49 0 85 0 91 0.4 
739 0 0.7 40 1 42 1 48 0.9 53 0 66 0 70 1 73 0 99 0.6 
905 61 0.3 66 0.3 74 0.3 77 0 85 0 97 0.9 
911 10 0.5 22 0.3 31 0.9 46 0.5 70 0.5 91 0.4 
946 23 0 32 0.3 35 0 40 0.7 61 0.5 65 0.9 75 0.8 88 0 89 0.9 
953 27 0 52 1 53 0.8 55 0.5 57 0 59 0.4 87 0.9 
954 1 0.3 9 0 24 0.5 25 0.7 31 0 37 1 39 0.9 47 0 86 0.6 94 0.8 
1027 0 0.7 6 0 
1088 10 1 37 0.3 45 0.9 47 0.7 52 0.8 54 0.9 61 0.3 65 0.6 69 0.5 78 0 
1157 3 0.3 5 0 14 0 18 0.5 24 0 38 0.9 60 1 85 0.9 86 1 95 0.6 
1192 2 0.5 26 0.3 46 0.3 72 0 94 0.5 
1244 7 0.8 25 1 40 0.7 55 0.8 72 0.4 81 0 82 0.9 87 1 90 0.7 
1278 8 0.7 55 0.7 
1357 4 0 41 0.3 50 0.4 56 0.3 58 0 61 0.5 68 0.4 85 1 98 0.9 
1363 21 0.9 77 0.8 
1411 15 0 20 0.4 23 0.4 29 0.6 83 0.7 88 0 91 0 95 1 97 0.9 
1509 9 0.8 13 0 57 0 60 0.8 77 1 
1512 0 0.6 13 0.9 42 0.7 74 0.7 75 0.4 83 0.6 85 0.5 
1522 20 0.9 27 0.4 31 0 33 0 50 0.5 58 1 69 0.4 
1526 80 0.7 90 0 97 1 
1529 39 0.3 88 0.8 
1554 6 0 19 0 27 0 34 0.4 
1585 13 0.9 21 0.8 22 0 53 0 66 0.8 73 0 75 0.6 81 0.9 89 0.4 91 0.5 
1702 23 0 28 0.5 43 0.6 48 0.5 59 0.8 63 0.5 
1719 13 1 14 0.5 17 0.9 27 0 28 0.4 32 0.8 36 0 67 1 73 0.5 96 0.4 
1909 1 0.8 2 0 8 1 24 0 56 0.3 67 0.7 92 1 
1916 22 0.5 94 0.5 
1961 25 0.7 40 0.7 63 1 66 0 
2048 43 0 52 0.4 
2180 22 0.3 28 1 33 0.3 68 0.4 78 0.7 
2356 65 0 70 0 
2367 8 0.5 13 0.6 25 0 39 0 43 0 49 0.4 62 0.4 68 0.4 74 0.5 94 0.5 
2408 5 0.4 11 0 13 0 26 0 31 0 45 0.4 53 1 61 0.7 82 0.5 90 0 
2455 3 0 24 0 59 0.3 60 0 62 0.9 71 1 75 0.7 80 0.3 83 0.6 
2462 6 0 7 0.5 17 0.6 19 1 46 0 57 0.7 65 0.6 69 0 78 0 86 0.7 
2477 98 0 
2507 3 0.6 24 0 61 0.5 
2508 21 0.6 23 1 76 0.6 78 0 79 0.4 
2531 22 0 24 0.3 36 0 43 0.3 64 0.5 
2827 12 0 13 0.6 36 0 43 0 47 0 48 0.4 70 0.6 71 0.7 86 0 87 0 
2859 5 0.5 10 0 44 0 50 0 85 0.5 
3083 48 1 85 0.4 89 0 
3179 45 0.5 
3197 29 1 
3372 5 0.3 20 0.9 21 0 28 0 44 0.3 76 0.6 88 1 99 0 
3475 7 0.4 50 0.3 52 0 63 0 69 0 79 1 
3663 7 0.6 38 0 47 0 59 0.4 
3776 25 1 
4126 4 0.3 11 0.4 38 0 40 0 45 0.6 59 0 76 0.4 
4128 9 1 27 1 40 0 42 0.9 50 0.6 69 0 74 0.4 
4200 6 0 42 0.4 
4402 25 1 54 0 64 1 71 0.7 83 0.9 84 0.4 93 0.6 98 0 
4560 14 0.5 38 0.6 79 0 
4609 45 0.9 
4647 0 0.3 11 0.5 59 0 87 0 
4758 4 1 21 0.6 25 0 30 0.7 38 0.8 54 0 56 0 58 1 69 0.3 
4788 24 0.8 45 0 58 0.3 
4841 15 0 23 0.7 36 0 51 0.6 64 0 65 0.6 66 0.6 70 0.7 82 1 99 0.4 
4857 10 0.9 36 0.3 41 1 78 0.7 
5326 27 0.7 50 0.4 82 0.3 87 0.7 89 0.3 
5379 43 0.4 68 0.9 74 0 83 1 
5638 43 0.7 58 0.3 59 0 83 0 
5914 2 0 47 0.6 52 0 58 0.8 61 0.3 
5948 16 0.7 34 0.5 69 0.9 72 0.7 76 0.5 81 0.8 
6108 56 0.4 73 0 75 0.6 
6172 11 0 27 0.5 71 0.5 75 0.7 
6198 32 0.4 36 0.7 51 0.4 84 0.4 
6311 24 0.6 26 0.7 48 0.3 95 0.6 
6426 81 0.5 94 0.7 
6503 7 0.8 25 0.8 47 0 48 0 61 1 78 0.9 86 0.4 89 0.3 96 0.3 98 0.6 
6615 3 0.6 25 0 28 0 48 0.3 58 0.9 65 1 66 0.8 84 1 91 1 
6905 5 0.8 16 0.5 
6971 15 0.9 23 0.7 
7096 10 0 26 0.7 38 0.3 44 1 49 0.4 54 1 90 0.6 91 0 
7461 11 0.3 21 0 24 0.4 29 0 74 0.6 93 0.9 
7490 19 0.5 22 0.4 24 0.8 28 0.5 58 0.5 64 0 82 0 83 0.6 86 0 
7524 14 1 
7666 4 0.5 12 0.6 57 0.5 
8030 43 0.3 83 0.5 96 1 
8072 10 1 49 0.5 68 0.6 73 0.3 98 0.4 
8337 39 0.8 67 0.9 83 0.5 92 0 
8475 11 0 29 0.6 32 0 45 0 57 0.9 67 0 86 0.4 91 0.6 96 0 
8608 1 0.7 38 0.4 
8727 7 0 15 0.3 27 0 29 0.8 57 1 81 0 97 0 
8736 16 0 21 0 29 0.3 43 0.4 50 0 70 0 83 0 87 0.4 
8923 10 0.9 26 0 47 0.7 53 0.5 58 1 63 0.6 
9408 7 0.7 13 0.9 29 0.5 85 0.7 
9664 5 0.3 20 0.7 21 0.3 42 0.5 56 0.7 89 0 93 0 
9704 5 0 10 0.6 20 0 32 0.3 54 0.6 67 1 68 0.7 90 0.7 
9743 3 0 22 0.4 57 0.6 73 0.4 84 0.3 
9858 8 0.7 33 0.7 34 0.8 53 0.8 93 0 
