100
9 45 0.5 55 0.7 62 0.9 83 0.4 87 0 
35 0 0 6 0.4 16 0.4 20 0 52 1 53 0.6 59 0.6 73 0 93 0.3 
185 9 0.3 13 0 17 0 19 0 30 0 32 0.8 35 0.3 58 0.4 83 0.5 88 0.4 
268 6 1 12 0.4 29 0.6 59 0.8 73 0.6 80 0.6 
271 8 0 29 0.9 35 0 41 0.5 69 0 72 0.3 
309 7 0.7 20 0.8 23 0.9 37 0.9 48 0.9 61 0.8 64 1 69 0.5 91 0.3 
374 40 0.6 59 0 71 0.3 79 0 83 0.3 85 0 89 0.4 90 1 
612 7 0.7 22 0.4 37 0.7 38 0.5 41 0 45 0.7 66 0 
761 39 0 72 1 84 0.6 85 0.3 86 0 90 0.8 98 0 
810 16 0.4 33 1 64 0.6 68 0 
839 0 0.6 4 0 21 0.6 23 0.4 27 0 77 0.3 87 0 
852 33 0.4 49 0.7 51 0 60 0 75 0.4 77 0.8 78 1 83 0.6 91 0 99 0 
867 9 0.7 17 0 33 0.5 40 0.7 51 0.7 68 0 78 0.9 79 1 86 0.5 
889 11 0 17 0.5 23 0.7 46 0.8 52 0.3 80 0 82 0 98 0.9 99 1 
1061 8 0 19 0.3 21 0 34 0.4 35 0.8 52 0.4 60 0 65 1 72 0 74 0.3 
1178 23 0 96 0 
1288 61 0.9 77 0.3 
1585 13 0.4 21 0.9 22 0.9 53 0.5 66 0.9 73 1 75 0 81 0 89 0 91 0 
1614 32 0 37 0.3 43 0 65 1 84 0.7 86 0.6 92 0.8 
1687 36 0.9 
1721 13 0.8 62 0 96 0 
1775 18 0 22 0.5 43 0.4 47 0.9 78 0 
1782 1 0.7 2 0 43 0 53 1 54 0 65 0.3 71 0.6 85 0 99 1 
1786 10 0 15 0.3 21 0.8 
1913 18 0.6 
1997 42 1 60 0.7 
2182 7 0.3 13 0 19 0 27 0 34 0.6 78 0.5 83 0.4 90 0 
2213 24 0 49 0.8 70 0.4 95 0.8 
2257 15 0.7 20 0 25 1 31 0.7 68 0 80 0.7 94 0 
2320 7 0.5 19 0.6 22 0.3 42 0.3 50 1 64 0.7 84 1 90 0.9 92 0.5 
2342 10 0.9 19 0.5 24 0 35 0 58 0.4 63 0.4 89 0.8 
2421 4 0 26 0.3 69 0.6 74 0 88 1 
2433 4 0.9 14 0.4 27 1 33 0.6 36 0 57 0.6 82 0.6 91 0 
2440 57 0.7 
2581 2 0 37 0.6 53 0.6 83 0 91 0.7 
2623 4 1 29 0.4 
2727 15 0.3 23 0.6 44 0 49 0.9 51 0.5 55 0 71 0.5 72 0.5 79 0.6 
2772 77 0.8 
2974 17 0.8 92 0.4 
3113 7 0.5 47 0 71 1 
3161 15 0.3 37 1 46 0.8 56 1 63 0 81 0.6 97 0.4 
3195 76 0 98 0 
3303 13 1 30 1 36 0 47 0.3 67 0.9 83 0.8 86 0.4 
3381 27 1 30 0.7 31 0.4 53 0.4 98 0.9 
3739 28 0 32 0.3 33 0.7 38 0 58 0.4 87 0.9 88 0.9 99 0.8 
3764 9 0.4 13 1 25 0.4 34 0 64 1 74 0 75 0 76 0.6 77 0.8 
3997 20 0 21 0 22 0.7 51 0 55 0.7 57 1 71 0.6 
4114 33 0 39 0.4 46 0.7 56 0.9 
4138 0 0 
4148 24 0.6 40 0.3 41 0.8 48 0.4 56 0.8 58 1 65 0 71 0 72 0.6 95 0.8 
4181 15 0.7 28 0.6 34 0 50 1 
4351 8 0.8 22 0.9 30 1 59 0.5 72 0.8 75 0.9 
4547 10 0 14 0.6 21 0.6 54 0.6 60 0.4 85 0.9 94 1 
4816 34 0.7 35 0.9 37 0.9 38 0 45 0.3 58 0.3 64 0 73 0 80 0.9 90 0.5 
4993 29 0.8 30 1 32 0.5 35 0 
5039 15 0 16 1 17 0.5 26 1 38 1 47 0.7 56 0.3 67 0.3 85 0 96 0.5 
5367 12 1 20 0.9 46 0 49 0 62 0.8 89 0.5 
5398 19 1 36 0 44 0.8 49 0.9 54 0.6 
5524 16 0.5 21 1 22 1 23 0 29 0 38 0.3 47 0 57 0 83 0.3 90 0 
5676 3 0.6 23 0.3 62 0.5 91 0.8 95 0.4 96 0.7 98 0 
5824 16 0.5 20 0 23 1 41 0.5 47 0.5 53 1 57 0.4 64 1 
5867 93 0 
5938 2 0 15 0.4 19 0 85 0 
6020 7 0.4 39 0.6 44 0.5 
6448 25 0 29 0 54 0.5 55 0.3 57 0.5 63 0.8 75 0.8 81 0 83 0.3 99 0.8 
6473 0 0.5 15 0.8 34 0 53 0.8 84 0 93 0.8 99 0.3 
6504 12 0.9 42 0.8 94 0.9 96 0.7 97 0 
6607 1 0.5 3 0 26 0.3 29 0.5 72 0 88 0.3 
6625 6 0.7 8 0.9 14 0 24 0.9 30 0 42 0.9 70 1 83 0.8 96 0.5 
6687 24 0.5 28 0.8 45 0.6 75 0.4 87 0.5 99 0 
6798 1 0.6 5 0.4 
6808 7 0.5 15 0 37 0.7 52 0 73 0.7 75 0.9 77 1 80 0 
6866 12 0.9 43 0 46 0 52 0 79 0 86 0.9 93 0.4 
6924 4 0 17 0.3 35 0.8 36 0 64 0.4 70 0 99 0 
6944 3 0.7 19 0 89 1 94 0.8 98 0.7 
7378 12 0.7 28 0.8 30 0.8 35 0.4 51 0.6 78 0.7 82 0.3 84 0.4 94 0 
7414 4 0.4 5 0 16 0.9 35 0.3 44 0 69 1 73 0.4 74 0 99 0 
7496 7 0 15 1 23 0.8 28 0.7 33 0.5 65 0.6 
7754 8 0.7 13 0 17 0 52 0.4 53 0.6 60 0.6 68 0 76 0.7 91 1 98 0.8 
7901 97 0.6 
7965 10 0.8 25 0.5 29 1 34 0.5 36 1 46 0.7 71 1 81 0.3 96 0 
8004 1 1 8 0.6 26 0 29 0 42 0.5 45 0.9 56 1 57 0.5 94 0 
8005 7 0.4 21 0 29 0.3 35 0.4 55 0.5 58 1 79 0 80 0 89 0.6 98 0 
8368 14 0 31 0.8 32 0.8 54 1 56 0.5 68 0.3 69 0.7 88 1 95 0 
8455 89 0 
8511 12 0.4 34 1 44 0 65 0.8 75 0.8 78 0 95 0.5 
8791 3 0.9 4 1 21 1 60 0.7 66 0.9 73 0 78 0 85 0.4 87 0.6 96 1 
8823 0 0.9 20 0.8 40 0.9 64 0.8 75 0 79 0.8 
8860 80 0 
8902 0 0.9 1 0.6 16 0.9 34 0.4 40 0 43 0.9 61 0.6 71 0.3 
8915 15 0 17 0.7 30 0 41 0.5 54 0 80 0.7 
8973 24 0.9 59 0.6 64 0.3 73 0.9 79 1 98 1 
9027 84 0.4 98 0.3 
9058 6 0.4 16 0.9 19 0.5 36 0 50 0.8 57 0.4 59 0.8 67 0 99 0.9 
9211 25 0.6 54 0.5 70 0.6 72 0.6 
9240 68 0.9 
9263 2 0 24 0.5 48 0.9 78 0.5 
9604 2 0.9 15 0.7 46 0 48 0.3 76 0.3 80 0 93 0.4 
9731 14 0.7 22 0.7 45 0 52 0.9 54 0.8 62 0.3 77 0.8 79 0.8 84 0.4 
9765 5 0 13 1 43 1 45 0 61 0.7 65 0.9 84 0.9 85 0.3 92 0 93 0.4 
