100
52 22 0.3 45 0 56 0 
358 28 0.4 29 0.5 40 0.5 70 0.5 82 0.7 
436 37 0.6 55 0.6 72 0.3 
519 24 0.9 27 0.8 47 0 80 1 
607 8 0.7 15 1 31 0 40 0 68 0.7 89 0.6 90 0.3 92 0.9 93 0.8 98 0.3 
733 2 0 5 0.6 11 0.3 12 0.6 23 0 71 0 
808 6 0.9 21 0 45 0 52 0.5 62 0.5 63 0.8 75 0.8 94 0.3 
895 0 0.5 7 0.5 12 0.8 46 0.6 91 0.9 
1036 70 0.4 71 0 
1136 12 0.7 19 0 37 1 67 0.7 68 0.4 83 0 90 0.9 
1323 0 0.7 20 0.5 52 0.7 83 0.6 94 0 
1471 65 0.7 72 0.4 96 0.4 
1808 18 0.6 27 0 50 0 64 0.9 77 0.3 82 0.5 
1893 14 0.5 19 0 42 0.8 57 0 59 0.4 61 0.5 77 0.4 79 0 85 1 
1952 12 1 16 0.8 19 0.7 74 0.7 84 0.5 88 1 
1958 9 0.8 60 0.6 94 0.4 
1978 17 0.8 21 0.6 33 0.6 38 0.6 40 0 46 0.7 59 1 62 0.7 88 0.3 91 0.9 
2266 15 0 
2358 4 0.4 10 0 50 0.3 56 0 65 0 
2418 5 0.3 16 0.9 25 0 39 0.3 43 0.6 49 0 54 0.7 83 0.7 85 0.7 98 0 
2471 13 0.5 22 0 24 0.7 62 0.4 77 0.3 88 0 94 0.9 
2502 54 0.3 56 0.8 57 1 62 0 78 0.4 
2605 18 0.9 70 0 95 0.6 
2664 2 0.6 4 0.8 15 0.8 21 0 24 0 34 0 65 0 74 0.5 75 0 78 0.5 
2779 6 0 17 0.9 30 0.8 63 0.6 89 0.9 95 0 
2807 10 0 22 0 51 0.7 70 0.3 74 0.4 88 0.8 89 0.6 92 0.7 94 1 
2862 6 0 55 0.8 64 0.4 
2967 47 0 
3038 33 1 63 0 81 0.7 84 0 
3205 15 0.8 31 0 81 0 83 0.5 99 0.6 
3210 58 0 65 0 72 0.6 83 0 
3324 15 0 35 0 40 0.7 41 0.9 42 0.6 49 0.6 53 0 60 0 98 1 99 0.5 
3589 15 0.7 16 0.5 19 0.7 24 0.5 61 1 64 0.7 76 0.5 86 0.4 99 0.6 
3805 9 0.3 10 0 16 1 33 0.3 66 0.4 68 0.9 71 0.8 91 0.4 97 0.9 
3889 8 0.6 24 0.5 33 0.4 46 0.5 82 0.7 84 0.5 91 0 94 0.7 98 0.8 
3971 4 0 35 1 37 0.8 47 0.5 53 0.7 
4196 4 0.6 23 0.4 26 0 65 0.7 82 0.8 85 0 88 0.9 93 1 94 0.3 
4308 7 0.3 
4417 31 0.8 38 0.8 43 0.9 52 0.8 65 0.9 83 0 90 0.9 
4472 27 0.4 32 1 44 0 49 0.6 68 0.7 72 0.4 74 0 82 0.4 85 0.4 
4571 24 0 28 0 37 0.7 43 0.8 44 0 55 0.4 65 0.3 81 0.7 91 0.9 
4574 10 0.9 52 0 77 0.3 85 0.8 86 0 
4599 16 0.6 22 0 47 0.4 59 0 66 0 78 0.6 83 0.4 87 1 93 0 95 0.9 
4721 1 1 36 0 41 0.4 76 0.4 91 0.3 
5113 2 0 4 0.3 6 0.8 44 0 50 0 67 0.3 94 0 99 0.8 
5114 10 0 11 0.4 23 0.7 
5136 2 0.3 11 0 14 0.4 18 0 19 0 47 0.9 51 0.9 55 0 68 0.3 97 0.8 
5238 1 0.9 2 0.5 5 0.9 65 0.6 
5244 29 0.9 86 0 
5262 32 0.3 93 0 
5289 4 0.9 9 0.5 13 0.9 31 0 35 0.8 47 0.4 56 0 59 0.8 73 0 79 0.9 
5302 15 1 30 0 42 0.3 
5401 28 0.7 
5425 3 0.8 9 1 32 0.7 62 0.6 76 0 84 0 98 0.4 
5430 2 0.8 7 0.6 15 0.3 27 0.3 33 0.5 63 0 75 1 79 1 
5457 0 0.5 7 0.6 38 0 51 0.5 63 0.9 65 0.5 70 0.7 84 0.3 88 0.6 
5469 21 1 23 0.5 26 0 31 0 34 0.5 60 0.8 64 0.3 86 0.7 88 0.8 
5491 39 0.7 85 0.7 90 0 
5502 41 0 52 0.7 76 0 77 0.3 83 0.3 
5763 17 0 19 0.9 30 0.7 34 0.5 65 0.5 72 0.3 78 0 81 0 
5940 37 1 73 0.6 
6101 62 0.8 77 0.6 
6219 17 0.6 18 1 43 0.6 93 0 
6387 0 0.6 30 0.6 98 0.9 
6535 49 0.7 67 0.8 
6561 13 0.7 48 0.6 54 0 81 0.4 87 0.4 94 0.3 
6688 1 0.9 24 0.5 42 0.5 46 0.4 51 0 55 0.5 60 0.9 
6926 5 0.6 8 0.5 53 0.9 72 0.9 82 0.9 97 0.5 
6939 63 0 
7022 3 0.7 8 0.7 25 0.3 33 0 62 0.6 68 0.9 78 1 88 1 
7171 25 0 38 0.4 96 0.6 
7287 12 1 18 0.5 26 0.5 34 0.9 37 0.5 72 0 88 0 
7574 39 0.9 72 0 
7590 50 0.5 56 0.4 65 0.7 66 0 67 0.7 72 0.5 
7635 55 1 
7664 4 0.9 12 0.8 16 0.3 42 0.5 46 0.4 50 0.3 63 0.3 64 0.5 74 1 76 0.5 
7739 14 0 28 1 41 0.8 68 0 70 0 90 0.4 
7915 64 0 79 0 
7927 25 0 
7955 20 0.6 30 0 39 0.7 81 0.4 99 0.3 
8049 3 0.8 10 0.9 33 0.3 41 0.3 55 0.7 75 1 81 0.9 86 0 
8235 29 0.6 34 1 38 0.5 53 1 60 0.5 
8258 4 0.4 17 0.4 44 0 45 0.7 65 0.7 72 0.5 76 0 78 0 87 0.3 
8391 25 0.7 
8568 27 0 50 0 75 0.4 
8804 18 0.6 25 0 38 0.3 94 0.4 
8865 4 0.5 18 0.8 41 0.9 50 0.8 79 0 98 0.8 
8995 11 0.7 17 0 25 0 30 0.7 59 0.9 62 0 68 0.9 90 0 
9049 11 0 40 0.6 50 0.3 63 0.7 67 0.8 70 0.6 93 1 
9363 47 0.6 50 0.9 62 0.3 
9432 67 0 68 0 
9512 25 0.6 28 0.4 57 0 58 1 63 0.4 66 0.8 70 0.9 80 1 89 0 
9545 35 0 
9549 44 0 50 0.9 51 0.3 63 0.4 91 1 
9577 24 0.5 28 0.9 39 1 45 0.5 57 0 66 1 68 0.8 83 0 91 0.8 93 0.8 
9634 8 0.4 9 1 26 0 35 0 44 0.9 58 0.4 59 0.5 82 0.3 94 0 
9697 61 0.9 72 0 91 0.3 
9800 17 0 18 0 27 0.3 37 0.6 87 0 96 1 
9828 15 0.8 28 0.5 36 0 37 0.6 69 0.8 
9883 4 0.4 7 0.5 24 0.4 33 0.7 37 0.5 39 0.9 48 0.7 66 1 84 1 
