100
244 23 0 25 0.9 27 0.5 58 0.7 
289 2 0 40 0.4 49 0.8 74 0.5 85 0 90 0.8 
403 74 0.3 
482 62 0 
502 3 1 5 0.7 11 0.8 18 0.7 33 0.9 55 0.7 89 0 
598 57 0.8 60 1 62 0.4 64 0.8 98 0.9 
652 23 0.6 49 0 51 0.7 59 0 70 0 77 0.5 89 0.7 90 0.7 91 0 
945 9 0 32 0 33 0.4 
1021 8 0 20 0.6 21 0.7 28 0.4 75 0 
1060 0 0 16 0.3 17 0.9 21 0.8 24 0.6 49 0 54 0.3 98 0.6 
1083 9 0.5 11 0.5 50 0.6 53 1 74 0.6 82 1 99 0.9 
1393 36 0.9 85 0.6 
1547 78 0.8 
1632 4 0.4 10 0.6 33 0.8 64 0.4 65 0.8 75 0.8 80 1 
1744 9 0.4 18 0.8 33 0.3 39 0 48 1 51 1 55 0 63 0.6 92 0.5 
1758 0 0.3 21 0 66 0.3 91 0.3 
1822 8 0 9 0.4 15 0 33 0.5 35 0.7 59 0.8 63 0 76 0.7 94 0.3 
1962 72 1 
2029 0 0.5 8 0.9 21 0.5 26 0.5 38 0 45 1 65 0.8 94 0.7 
2059 29 0.8 61 1 65 0.8 76 0.6 81 0 90 0.3 92 0.8 97 0.8 
2100 1 0.8 28 0 42 0.6 48 0.8 49 0.8 64 0.8 88 0.8 90 0.4 93 0.8 
2454 8 0 10 0.6 17 0.7 42 1 51 0.6 56 0.5 65 0 73 0.6 81 1 91 0.9 
2522 22 1 48 0.3 
2558 8 0.7 13 0.7 26 0.8 56 0.5 57 0.7 60 0.4 71 0 72 0.8 94 0.6 
2582 23 0.7 27 0.7 36 0 53 0 57 0.6 64 0.6 67 0.9 90 0 
2649 0 1 5 0.7 37 0.6 49 0.8 57 0 69 1 
2691 2 0 14 0 24 0.9 34 0.4 69 0.5 70 0 78 0.8 80 0.8 82 1 93 0.6 
2725 12 0.4 16 0.5 17 0.8 20 0.8 34 0 43 0.9 83 0.5 87 0 94 1 
2773 11 1 12 0.8 44 0.4 47 0 52 0 56 0.9 61 0 73 0 74 0.5 93 0.9 
2795 13 0.8 38 0 48 0.8 49 0.5 55 0 71 0 75 0.6 84 1 
2878 21 0.4 
3050 2 0.5 21 0 30 0 53 0.3 58 0.3 65 0.4 70 0.5 74 0.3 86 0.6 94 0.7 
3226 1 0.4 31 1 53 0 64 0.7 69 0 
3258 7 0 14 0.6 21 0 41 0.6 60 0.9 78 0.6 81 0.9 88 0 89 0.7 98 0 
3264 13 0.4 15 0.6 26 0.4 31 0 42 0.9 66 0.7 77 0.6 83 0 
3286 0 0.8 3 0.4 9 0.4 27 0 46 0.3 59 0.6 60 0 62 0 70 0.6 97 0.3 
3451 75 0 
3590 5 0.4 31 0.9 66 0 77 0 90 0.7 96 0 
3851 16 0.6 46 0.7 59 0 74 0.9 77 0.8 92 0.8 
3876 78 1 
3883 30 0 48 0 73 0.6 81 1 
3927 4 0 12 0.8 34 0.3 58 0 64 1 70 0 85 0.7 86 1 91 0.7 
4091 11 0.3 20 1 34 1 38 0.5 48 0.4 67 0 82 0.8 
4253 6 0 11 0.8 26 0.8 32 0.5 54 0.3 57 0.9 75 0 
4342 99 0.6 
4454 32 0.7 95 0.6 
4507 14 0.8 17 0 18 0.8 19 1 20 0.6 31 0.8 40 0 59 0 62 0.3 81 0.7 
4532 22 0 29 0 34 0.5 35 0 36 0.9 44 0.8 
4600 20 0.9 30 0 34 0 
4727 53 0.6 
4789 25 0 40 0.9 56 0.9 62 0 91 0 
4901 3 0 16 0.8 31 0 82 1 
4974 2 0.9 7 0 12 0.3 19 0.4 22 0 29 0.5 47 0 84 0.5 
4996 5 0.9 15 0 25 1 30 0 44 0 52 0.5 55 0 66 0 69 0.4 
5054 10 0.6 52 0 56 0.6 69 0.3 
5100 11 0.4 21 0.4 35 0.5 48 0.8 75 0.6 
5295 38 0.5 61 0.8 99 0.9 
5381 6 0 8 0.9 17 1 40 0 44 0.3 71 0.6 88 0.9 
5460 21 0.3 
5623 20 0.6 47 0.8 91 0.9 
5652 3 0.8 24 0.6 50 0.4 59 0.6 68 1 74 0.5 93 1 
5692 1 0.9 7 1 59 0.3 60 0.9 76 0 87 0.5 90 0 
5771 18 1 28 0.6 38 0.8 57 0 58 0 70 0.6 72 0 84 0 87 0.5 92 0.3 
5962 33 1 45 0 82 0.3 98 0 
6071 6 1 33 1 62 0.9 65 0 80 0.5 85 0.5 89 0.8 91 0.9 
6093 13 0 28 0.3 48 0.3 50 0.8 61 0 80 0 89 0.4 
6120 3 0.6 5 0 46 0 53 0.9 56 0 68 0.4 74 0 91 1 93 0 
6145 0 0.8 10 0 11 1 18 0.5 24 0.5 26 0.5 29 0.7 39 0.3 76 0.9 
6304 8 0.7 34 0.5 47 0.3 56 0.3 78 0.5 84 0.5 
6329 9 0 17 0 26 0.3 56 0.5 62 0.7 73 1 78 0 89 0.3 91 0.3 96 0.8 
6351 39 0 44 0.5 46 1 54 0.8 75 0.9 78 1 80 0 83 0.3 96 0.8 
6572 22 1 27 0 43 1 44 0.4 61 0.8 67 0.4 76 0 94 0.5 
6797 2 0.4 20 0 36 0 37 0.5 42 0 56 0 80 0.8 85 0.5 88 0.3 94 0.9 
6842 5 0 51 1 58 0 76 0 81 0.6 
6931 23 0.7 63 0.8 65 0.3 86 0 88 0.8 
7194 18 0.3 20 0.3 24 0 48 0.3 50 0 55 0.9 58 0.4 78 0.4 97 0.6 99 1 
7344 63 0 76 0.7 78 0.5 
7508 1 0.9 2 0.7 7 0 10 0 13 0.6 53 0.7 64 0.3 75 0 
7576 1 0.8 37 0.5 45 0.3 57 0.6 61 0.3 63 0.8 78 0.5 
7601 5 1 
7750 49 0.6 
7853 1 0.3 18 0.4 34 0.8 46 0.8 52 0.3 76 0 79 0 91 0.9 
7871 64 0.8 73 0.8 
7890 8 0.6 38 0.8 56 0.7 86 0.8 
8011 48 0.9 70 0.3 76 0.5 
8132 37 0 74 0 
8228 39 0 50 0.5 69 0.8 83 0 94 1 
8459 1 0.7 28 0.5 38 0.7 41 0.5 56 0 59 0.6 67 0 79 0.3 85 0 89 0.8 
8500 9 0 11 0 58 1 59 0 60 0.3 62 0.3 93 0 
8753 27 0.9 65 0 71 0.3 
8757 26 0.8 67 0 96 0.6 
8799 2 0.8 4 0 11 0 40 0 66 0.3 72 0.7 92 0 
8859 43 0 47 0.4 52 1 53 0.7 68 0 74 0.4 
8908 35 0.4 40 0 47 0 66 0 82 0 97 0 
9160 1 0.3 3 0.6 6 1 19 0.9 36 0.3 37 0.8 66 0 69 0.7 88 0.5 96 0 
9205 16 0 20 0 22 0.6 37 0.4 41 0.8 45 0.9 62 0.8 
9335 51 0 54 0.7 57 0 58 0.8 67 0 70 0.8 89 0 97 0 
9505 99 0.9 
9793 1 0.5 31 0 32 0 43 0.4 54 0 67 0.6 73 1 90 0 
9984 5 0 14 0.3 38 0 88 1 
