100
263 17 0.3 39 0 52 0.4 53 0.8 78 0 81 0.3 83 0.3 
433 15 0 59 0.4 
454 51 0 
590 4 0 
636 10 0.9 35 1 42 0.3 52 0 66 0 71 0.8 90 0.7 94 0.9 
685 2 0 42 0.5 50 0.9 53 0.5 79 0.4 83 0.5 88 0.6 
692 70 0.3 72 0.7 73 0.6 80 1 85 0.8 89 0.6 96 0 99 1 
698 2 1 5 0.5 29 0.6 38 0.4 90 0.3 
708 0 0.3 50 1 56 0 64 0 90 0.7 
786 11 0 29 1 32 0.4 38 0 40 0 53 0.6 55 1 75 0.6 78 0.3 89 0.3 
801 4 0.8 5 1 18 1 37 1 63 1 66 0.6 72 0.5 
838 2 0.9 21 0.6 45 0 46 0.4 50 0.6 66 0.8 
912 1 0.3 9 0 22 0 50 1 73 1 79 1 80 0.5 
951 16 0 30 0.8 31 0 50 0 57 0 
956 39 0.8 58 0.9 79 0.8 96 1 
1028 16 0.3 27 0 53 0.7 89 0 
1037 10 0.7 16 0 17 0.4 41 0 43 0.3 44 0.7 62 0.3 83 0.6 84 1 
1067 3 0.9 31 0.9 47 0.4 48 0 60 0 67 0 71 0 73 0.4 91 0.3 
1178 23 0.9 96 0.4 
1249 50 0.7 52 0.3 
1289 15 0.7 18 0 31 0.5 32 0 34 0.7 38 0.9 43 0.5 84 0.4 93 0.9 
1292 27 0.6 42 0 57 0.4 62 0.6 82 0 
1330 24 0.6 48 0.5 52 0 60 0 62 0.8 
1414 9 0 22 0.3 31 0.8 36 0 62 0 66 1 89 0.8 93 0 99 0 
1534 16 0.8 34 0 64 0.8 68 0.3 91 0 
1594 9 0.8 13 0 25 0.4 58 0.3 
1670 10 0 65 1 82 0 
1735 35 0.9 36 0.4 38 0.9 56 0.3 60 0.8 83 0.9 97 0.3 
1903 6 0.3 14 0 38 0.9 54 0 58 0.8 93 0.6 
1930 2 0.6 3 1 43 0 49 0.6 53 0 57 0 74 0.8 89 0.8 98 0.3 
1998 15 0 
2020 22 0.8 63 0.7 97 0.6 
2115 4 0.5 7 0.9 32 1 45 1 59 0.3 84 0.6 85 0.6 89 0 94 0.8 99 0 
2198 5 0.7 45 0.7 
2275 0 0.6 20 0 43 0.9 55 0 67 0.7 98 0.9 
2394 13 0 19 0.8 77 0 
2543 1 1 3 0.8 21 0 29 0 34 1 72 0 75 0.5 79 0 89 0 
2577 8 0.9 22 0.8 39 1 43 0.4 66 0.5 76 0 79 0.9 88 0.3 97 0 
2619 14 0.3 26 0 30 0.5 62 0.6 76 0 88 0.8 90 1 
2682 3 0 18 0.4 19 0 20 0.7 24 1 27 0.4 69 0.8 76 0.4 90 0.9 
3097 68 0 
3350 90 0.6 
3367 7 0.8 8 0.6 11 0 22 0.7 31 0 61 0.3 63 1 64 0.6 86 0.9 
3460 2 0 49 0.9 63 0.6 68 0.3 71 0 73 0.3 85 1 
3648 4 0.8 56 0 90 0.5 
3933 18 0.5 41 0.5 47 0.3 56 0.7 70 0.3 80 0 
4303 40 0 
4439 2 0.6 
4501 12 1 65 0 
4677 17 1 24 0.6 25 0.8 41 0.7 61 0.3 
4752 27 0.5 46 0.8 74 0.8 
4841 15 0 23 0.7 36 0.4 51 0.9 64 0.7 65 0 66 0.3 70 0.9 82 0.8 99 0.9 
4852 0 0 1 0.4 8 0.4 10 0.5 21 0.5 32 0.5 56 0.3 59 0.3 80 0.8 90 0 
4902 7 0.6 18 0.6 20 0.9 32 0.8 59 0 64 1 72 0.4 76 0.5 85 0.8 
5011 8 0.5 9 0.3 12 0.9 15 0.8 49 0.9 52 0.9 59 0.9 68 0.3 80 0.4 
5036 39 0.3 57 0.5 67 0.7 97 0.7 
5047 7 0 53 0.7 
5094 0 0 45 0.7 46 0.8 
5585 2 0.4 
5796 36 0.5 37 0 43 0.7 45 0.3 72 0.4 79 0.7 82 0 90 0.4 95 0.4 
5843 12 0.5 20 0.3 52 0.4 53 0.3 69 0.7 80 1 83 0.7 88 0.6 96 0 99 0.3 
5878 8 0.5 35 0 69 0.9 
5945 42 1 51 0.4 71 0.7 78 0.5 
6059 12 0.3 20 0.3 23 0.3 37 0.9 57 0.7 73 0.5 
6366 42 0.8 
6556 1 0.6 27 0.9 65 0.3 99 0 
6720 11 0 13 0.6 35 0 57 1 89 0 
6742 71 0.6 
6749 0 0.8 8 0 16 0.9 25 1 28 0.7 45 0.8 52 0.5 56 0.8 
7099 4 0.5 73 0.8 89 0.3 
7134 0 0 30 0.7 61 0.6 62 0.4 71 0.4 80 0.7 
7157 45 0.5 95 0.9 
7190 34 0.4 42 1 
7240 1 0 21 0.6 39 0 57 0 61 0.6 63 0.9 68 0.3 84 0 85 0.7 99 0.5 
7296 71 0.6 
7376 28 0.6 
7507 17 0.7 22 0 27 0.5 64 0.5 67 0.5 74 0.9 78 1 89 0 97 0.3 
7552 9 0.8 14 0 18 0 26 0 29 0.4 47 0 67 0 70 0.8 82 0.7 89 1 
7683 33 0.7 47 0.4 70 0.5 72 0.6 80 0.6 95 0.6 
7908 4 0 29 0 50 0.3 62 0.6 64 0.5 65 0.8 69 0.8 76 0 80 0 92 0 
8015 6 0.8 17 0 37 0.5 45 0.4 60 0.5 67 0.6 77 0.5 93 0.7 
8245 25 0.9 29 0.9 35 0.7 36 0 44 0.7 49 0.6 63 0.3 71 0.9 74 0.8 85 0.8 
8247 13 0.7 42 0.7 53 0 55 0.9 74 0.6 
8251 61 0 
8417 17 0 59 0.5 63 0.9 68 1 80 0 82 0.8 83 0 89 0.7 93 0.6 
8584 32 0.9 37 0.4 55 0 71 1 78 0.4 79 0.5 80 0.7 83 0 93 0.9 
8665 6 0 36 0 59 0.3 60 1 
8704 19 1 35 0.5 87 0.7 
9045 20 0 33 0.8 45 0.7 52 0 91 0.6 95 0 
9095 19 0.5 36 0.3 38 0.6 40 0.8 51 0 67 0 69 0.7 85 0.4 90 0 
9096 9 1 24 0.9 41 0 62 0 64 0 82 0.6 
9148 8 0.3 10 0.9 19 0.5 25 0 29 0.6 31 0 42 0.6 43 0 75 0.7 93 0 
9184 6 1 21 0.3 24 0 68 0.5 85 0.8 91 0 
9186 24 0.6 41 0 48 0 57 0.5 72 0 78 0.3 86 0.5 90 0 91 0 
9488 11 0.4 14 0 31 0 32 0.7 34 0 46 0.7 47 0 81 0.3 83 0.7 
9608 43 0.3 89 0 
9618 7 1 8 0.8 15 0.4 40 0 49 1 58 0 63 0 71 0 83 0.7 89 0 
9739 26 0 32 0.5 50 1 51 0 56 0.7 57 0 61 0.5 86 0 87 0 93 0 
9747 1 0.5 23 0 99 0.8 
9846 17 0.9 21 0.8 24 0.3 36 0.6 80 0 85 1 
