100
74 19 0 45 0.8 52 0.3 56 0.8 85 0.5 
324 56 0.3 84 1 
346 36 0 
403 74 0 
598 57 0 60 0.5 62 0.8 64 0.5 98 0.4 
656 7 0.3 54 1 66 0.8 70 0.6 71 0.5 91 0 
660 16 1 20 0.6 38 0.9 43 0.3 52 0.8 63 0.8 64 0 93 0.3 99 0.6 
713 2 0.7 8 0.9 36 1 54 0.8 88 0.4 
731 4 0 20 0.5 25 0 26 0.3 30 0.4 31 0.5 33 0.4 46 0.8 53 0.3 66 0.7 
1025 44 0 72 0.3 86 0 92 0.8 
1152 66 1 67 1 68 0.4 89 0 91 0.3 
1311 38 0.3 44 1 
1413 2 0.5 11 0.8 28 0.7 44 0 72 1 83 0 88 0.5 97 0.9 
1431 2 0 5 0.7 49 0.7 72 0.6 86 1 88 0 
1533 5 0.4 28 0.3 92 0.6 95 0.5 
1574 16 0.6 17 0.6 22 0.6 35 0.5 43 0.8 66 0 74 0.6 75 1 89 0 
1621 8 0.7 87 0.3 
1690 1 0 11 0.7 
1697 17 0.5 43 0 58 1 
1857 10 0.7 18 0.3 46 0.4 50 0.8 
1985 5 0.4 16 0.6 43 0 49 0 67 0.6 98 0.6 
2045 1 1 6 0.9 20 0.9 22 0.3 46 0.8 49 0.9 56 0.4 61 0.3 98 0.9 
2059 29 0.9 61 0 65 0.9 76 0.4 81 0.5 90 0.3 92 0.7 97 0 
2070 31 0.6 50 0.7 52 0.6 57 0.8 64 0.8 81 0 
2195 24 0.6 25 0.7 35 0 67 0.4 87 0 
2310 69 0.3 
2344 15 0.9 20 0.5 37 1 40 0.6 59 0.5 72 0.5 79 0.4 85 0.6 
2471 13 0 22 0 24 0.8 62 0.9 77 0.5 88 0 94 0 
2474 12 0 35 1 42 0.6 46 0.4 48 0 74 0 88 1 94 1 98 0.9 
2701 10 0.5 18 0 24 0 27 0.9 67 0.9 85 0 
3154 38 0.7 47 0.6 73 0 84 0 
3177 8 0.7 14 0 42 0.7 45 0.3 65 0.3 94 0.4 99 1 
3647 7 0 45 1 55 1 91 0.5 
3713 78 0.8 
3774 20 0 26 0.6 33 0.5 41 0.9 45 0 47 0 86 0.6 93 0 98 0.9 
3853 5 0 66 1 68 0 74 0 83 0 96 0.7 
3963 33 0.6 47 1 56 0.6 
4031 68 0.9 
4055 33 0 51 0.5 60 0.7 90 0 
4066 3 1 27 0.4 29 0 36 0.3 
4090 8 0.3 14 1 16 0.7 31 0.4 50 0.6 53 0.6 71 0.5 75 0.8 94 0 98 0.8 
4108 15 0.3 21 0.4 
4165 9 0.5 22 0.7 56 1 63 0.8 80 0.5 86 0 93 0 95 0.6 
4432 74 0.9 75 0 
4762 2 0 3 0.6 4 0 29 0 59 0.8 77 0.9 87 0 88 0.8 94 0.3 
4850 11 0.6 36 0.7 47 0.9 61 0.5 74 0.9 76 0.3 81 0.8 90 0.6 95 0.4 96 0.8 
5022 56 0.5 58 0 96 0 
5038 28 0.3 56 0.6 72 0.5 
5062 0 0.4 21 0.3 30 0.6 48 0.7 90 0 
5363 12 0.6 22 0 57 0.3 61 0 64 0.9 66 0.7 96 0.7 99 0 
5430 2 0 7 0.9 15 1 27 0 33 0.4 63 0.8 75 0.3 79 0.7 
5432 56 0 78 0 
6029 20 0 81 0.7 96 0.7 
6286 5 0 76 1 93 0.7 95 0.6 96 0 
6341 4 0.5 14 0.8 67 0 79 0 
6396 27 0.7 39 0.5 
6809 19 0 72 0.7 91 0 
6870 4 0.9 10 0.7 20 0.6 30 0 37 0 40 0 59 1 78 0.9 
6976 22 0.6 
6990 13 0.7 17 0.3 24 0.9 32 0 41 0 42 0 49 1 62 0.5 65 0.6 91 0.9 
7034 3 0 9 1 17 0.5 52 0 61 1 70 0.7 73 0 83 0.6 
7072 8 0.7 17 0.5 25 0 47 1 54 0.5 55 0.5 71 0.8 89 0.6 99 0 
7178 9 0.7 40 0 57 0.3 88 0 
7203 29 0.9 31 0 32 1 66 0 79 0 92 0.7 99 0.3 
7244 7 0.5 8 0.6 18 0.4 19 0.3 39 0 43 0.4 45 0.4 57 0 64 1 99 0.8 
7305 15 0 50 0.9 59 0.5 
7315 39 0 51 0.7 64 0.5 67 1 76 0.8 
7316 23 0.6 32 0.5 33 0 52 0.6 63 0.5 94 0 
7499 28 0 
7501 1 0 3 0.5 19 0 27 0.9 37 0.8 62 0.5 65 0.7 76 0.7 79 0.3 98 0.6 
7568 15 0.8 27 0.5 61 0 96 0.3 
7690 10 0.5 16 0.9 27 1 56 0.6 75 0 
7960 0 0.6 8 0.3 11 0.9 27 0 34 0.7 51 0.6 
8055 76 0.5 91 0.8 
8070 5 0.8 9 1 14 0.5 16 0.4 49 0.6 51 0.6 60 0.5 62 0 90 0.4 
8150 42 0.5 64 0 
8184 6 0.5 10 0.4 11 1 21 0.4 36 1 66 0.8 76 0 84 0.3 97 0 
8187 38 0.7 66 0.4 92 0.9 
8258 4 0.6 17 0 44 0.7 45 0.4 65 0.8 72 0 76 0.3 78 0.9 87 0 
8265 8 0.8 69 0 
8332 22 0 35 0.5 
8334 14 0.3 19 1 28 0 29 0.5 44 0.8 47 0 63 0.7 88 0 91 0.6 94 0 
8337 39 0 67 0.7 83 0.5 92 0 
8454 13 0 30 0 42 0.9 66 0.7 
8539 4 0.5 11 0.3 16 1 20 0.7 24 0.4 64 0 66 1 74 0.4 
8546 11 0.9 12 0.3 34 0 46 0.4 48 0.8 64 0.5 70 0.5 79 0.9 84 0 85 0.4 
8644 89 0.3 91 0 
8736 16 0 21 0 29 0.3 43 0.5 50 1 70 0.7 83 0.8 87 0.7 
8778 20 0 22 0.6 25 0.9 31 0 34 0.5 54 0 59 0 72 0 
8834 38 0 46 1 79 0.5 
8957 18 0.5 64 0.4 82 0.7 
9140 15 1 40 0.7 67 0.6 
9208 4 0.4 11 0.7 21 0 29 0.3 46 0 65 0 77 0 83 0.9 
9471 46 0 56 0.7 69 0.3 86 0.7 
9656 9 0 
9680 28 0 37 0.3 45 0 
9682 8 0.7 9 0.3 45 0.9 48 0 
9739 26 0.5 32 0.8 50 0 51 0.3 56 1 57 0.6 61 0.5 86 0.4 87 0.7 93 0.5 
9820 5 1 
9865 51 0.7 59 0.3 63 0.3 
