100
24 86 1 88 1 
39 13 0.9 65 0.9 86 0.5 
189 4 0.4 89 0.9 
293 1 0.3 16 0.6 41 0 47 0.4 59 0 81 0 91 0 93 1 95 0.6 
372 6 0 9 0.5 15 0 19 0.7 24 0 31 0.3 36 0.3 68 0 98 0.8 
393 14 0 53 0.7 57 0.4 60 0 72 0 84 0 97 0 
424 13 0 26 0.9 38 0.8 54 0 68 0 76 0.8 98 0 
470 14 0.5 18 0 19 0.9 33 0.9 41 0 50 0.4 61 0 70 0 85 0 95 0.6 
494 44 0 57 0 75 0.8 
790 13 1 30 0.6 34 0.9 42 0.3 63 0.9 66 0.8 70 0.5 74 0 98 0.4 
793 70 0.9 
895 0 0 7 0.8 12 0.9 46 0 91 0.9 
922 68 1 88 0.9 94 0.5 
1029 14 0.6 18 0.7 
1294 6 0.4 14 0 62 0 78 0.4 87 0.4 90 1 
1319 28 0 36 0.9 66 0.7 77 0.5 78 0.9 
1341 0 0 10 0 40 0 55 0.8 64 1 72 0 73 0.8 96 0.4 
1356 4 0 14 0.4 23 0 38 0.8 40 0.5 62 0 64 0.6 71 0.6 82 1 
1410 0 0 74 1 86 0.3 
1506 1 0.5 
1571 32 0.6 
1653 13 0.3 17 0 33 0.9 45 1 48 0.9 67 0 72 0 79 1 85 0 91 1 
1694 9 0.4 17 0.3 24 0 26 0.4 56 0.9 63 0.4 67 1 75 0 90 1 
1700 14 0.3 50 0.8 52 0.7 58 0.3 75 0 76 0.4 81 1 92 0.9 97 0.6 
1828 1 0.3 10 0.3 27 0 42 0.6 87 0.5 92 0.4 
1848 10 0.8 13 0.3 31 0.6 42 0.6 45 0.5 54 1 55 0.9 76 0 96 0 
1862 0 0.6 16 0.6 44 0.6 84 0.3 
1873 14 1 24 1 27 0 34 0 59 0.7 
1946 11 0.3 22 0.6 27 0.8 41 0.5 56 0.4 78 0.5 87 0.3 
2067 35 0.7 36 0.5 55 0 67 1 79 0.8 
2121 27 1 29 0.7 30 0.4 88 0.6 
2247 54 0.4 
2379 12 0.7 49 0.4 69 0.7 70 0 75 0 79 0.4 96 0.9 
2430 19 0 42 0.4 48 0 56 0.6 67 0.7 84 0.6 96 0 
2431 33 0.4 76 0 79 0.5 91 0.6 92 0.9 
2491 33 0.4 56 0.9 61 0.3 67 0 72 0.8 78 0.6 
2866 2 0.9 19 0.5 42 1 53 0 61 0 64 0.8 71 0 80 0.7 
2940 6 0 15 0.8 35 1 65 0 74 0 79 0.6 80 0 89 0 92 0.8 
2993 15 0 18 0 24 0.5 49 0.4 56 0 61 0.5 62 0.5 
3007 13 0.9 35 0.4 45 0 50 0.4 72 0 
3149 66 0.5 
3384 40 0 43 0.5 48 0.8 78 0 
3400 6 0.3 10 0.6 54 0.9 92 0.9 99 0.3 
3441 11 0.9 49 0.8 73 0.3 84 0 
3543 19 0.3 41 0.5 43 0.8 45 0 65 0.4 75 0 
4034 27 1 98 0 
4092 6 0.3 37 0.4 83 0.9 
4305 3 0 11 0 32 0 49 0.6 84 0.5 95 0.7 
4448 16 1 80 0 85 0 90 0.8 94 0 
4713 35 0.3 43 0.4 76 0.6 
4714 7 0.3 25 1 31 0.9 37 1 38 0 42 0.6 46 0.7 50 0.3 81 0.4 92 0 
4756 4 0.5 18 0.7 20 0 31 0.4 32 0.3 34 0.5 38 0.7 61 1 89 0 97 1 
4762 2 0.4 3 0.5 4 0.7 29 0.6 59 0.5 77 0.5 87 0.8 88 0.9 94 1 
5065 10 0 25 0 37 0 53 0.3 68 0.7 
5161 41 0.8 78 0.4 
5515 9 1 15 1 17 0.7 25 0.8 49 0.8 74 0 77 0 78 0 
5658 96 0.4 
5674 8 0.6 29 0.5 34 0 48 0.9 61 0.5 67 0 77 1 
5852 40 0.6 41 0.3 
5892 18 0.9 88 0.5 90 0.4 97 0 
5940 37 0 73 0.4 
6043 26 0 31 0 43 0.9 51 0 64 0.3 67 0.3 77 1 78 0.4 91 0 
6091 37 0.4 91 0.4 
6139 11 0.9 12 0.9 22 0.6 23 0.6 43 0.6 60 0.9 
6190 0 0 15 1 47 0.7 54 0.4 69 0.8 86 0 88 0 98 0.4 
6393 11 0.3 23 0 46 0.3 50 0 54 0 73 0 78 0.9 
6564 7 0.4 23 0.4 87 0.9 
6574 16 0 22 0.8 30 0.6 42 0.5 62 0 77 0.6 78 0.3 94 0.9 
6708 0 0.4 12 0.7 21 0 34 1 46 0.7 54 0.3 57 0 
6782 16 0.5 22 1 24 0.6 30 0.8 31 0 33 0.8 49 0.6 63 0.6 69 0.8 83 1 
6894 19 0.5 21 0 22 0.9 34 0.5 51 0.4 
6942 12 0.4 16 1 29 1 35 0.8 43 0.3 57 0.9 61 0.9 70 0 87 0.6 90 0.7 
7092 8 0.3 10 1 16 0 47 0 51 0.9 55 0.7 96 1 
7166 13 0 48 1 52 0.6 67 0.6 82 0.6 
7283 28 0.3 42 0.4 80 0 
7506 80 0.4 
7523 5 0.8 13 0 14 0.3 58 1 92 0.3 
7665 3 0.3 15 0 18 0 36 0 39 0.5 
7825 45 0.3 68 0.9 81 0 89 0.4 95 0.5 99 0 
8025 2 0.6 11 0.3 21 0.8 27 0 29 0 61 0.4 
8059 6 0.5 16 0 26 0.7 29 0.3 39 0 41 0.4 46 0.5 59 0.6 85 0.4 
8068 13 0.3 18 0 21 0.6 39 0 45 0.4 57 1 58 0.8 65 1 78 0.9 
8353 21 0.8 52 0.9 74 0.5 77 0.3 
8539 4 0 11 1 16 1 20 0 24 0.6 64 0 66 0.9 74 0.3 
8576 51 0 
8596 8 0 43 0.5 
8682 5 0.6 8 0.9 30 0.7 45 1 73 0.5 99 0.5 
9041 23 0.7 53 0 59 0 86 0 
9094 2 0.5 13 0.7 37 1 54 0.8 64 0.7 69 0 71 1 78 0 88 0.5 96 0.4 
9124 39 0.4 40 0.7 50 0 62 0 68 0.8 69 0 77 0 81 0 94 0.8 99 0.5 
9287 0 1 2 0.5 52 0.5 56 0.8 58 0.3 61 0.4 86 0.4 93 0 
9411 0 0 1 0.3 19 0.8 27 0 44 0.8 89 0.4 96 1 97 0.7 
9504 28 1 37 0.5 46 0 50 0.6 52 0 55 0 57 1 79 0 93 0.9 
9677 22 1 52 0 68 0.4 80 0 92 0.3 97 0.8 
9693 4 0.6 13 1 75 0 
9822 31 0.9 34 0.5 46 0.8 83 0.9 88 0.3 
9832 14 0 20 0.6 24 0 56 0.8 73 0.5 87 0.8 99 0.3 
9839 0 0 4 1 9 0.4 23 0.4 49 0.4 68 0.9 81 1 85 0.9 90 0.5 
9848 1 0.9 11 0.4 14 0.4 32 0 33 0 53 0 62 0.6 94 1 
9926 63 0.9 
