100
21 31 0.4 71 0.4 74 0.4 93 0 94 0 96 1 
30 8 0.8 16 0.6 18 0.5 20 0 30 0.5 53 0 64 0.5 79 0.5 84 0.7 
122 32 0 35 1 44 0.8 55 1 56 0.9 60 0.9 78 0.9 86 0.8 92 1 
142 23 1 63 0.9 69 0.7 
168 22 0.3 26 0.9 38 0.6 39 0.5 83 0.8 
176 40 0 
181 21 0.8 30 1 33 0 61 0 79 1 82 0.7 
208 89 0.9 97 0.5 
356 61 0.8 
427 31 0 32 1 47 0 50 0 64 0.5 66 0 68 0.8 72 0.7 74 0.8 96 0 
446 5 0.4 64 1 69 0 83 1 
486 51 0 54 0.3 
900 30 1 43 0.3 81 0 
1052 0 0 2 0.5 5 0 16 0 32 0.9 38 1 50 1 66 0.3 67 0.6 81 0 
1162 9 0 20 0 28 1 39 0.4 53 0.7 62 0 95 0.5 
1176 8 0 11 0 13 0.9 14 0.8 30 1 38 0 40 0 57 1 60 0.3 79 0.8 
1245 1 0 18 1 28 0.9 30 0.7 35 0.5 53 0.8 69 0.5 89 0.6 96 0.6 
1308 3 0.8 49 0 50 0.9 54 0.7 61 0.3 65 0.3 78 0.8 85 0 90 1 
1399 11 0 28 0 39 0.9 49 0.7 50 0 65 0.4 67 0.8 
1547 78 0 
1548 16 0.9 34 0 64 0.7 89 0 90 0.5 
1567 1 0.4 23 1 30 0.8 64 0.7 70 0.8 81 0.5 90 0.3 97 0.9 
1636 0 0 32 0.8 94 0.8 
1701 87 0.7 
1811 15 0.3 39 0 70 0.7 
1876 6 0 27 0.9 44 1 81 0 
2029 0 0.9 8 0.9 21 0.6 26 0 38 0.7 45 1 65 0 94 0 
2250 7 0.8 27 0.5 60 1 70 0 
2260 24 0.5 40 1 75 0.9 
2275 0 0.7 20 0.4 43 0.7 55 1 67 0.8 98 0.6 
2293 34 0.4 37 0.9 44 0.4 64 0 70 0.6 98 0 
2355 69 0 77 1 80 1 
2437 6 0.5 12 0.8 57 0.3 84 0 93 0 
2668 23 0 25 0.5 31 0.8 41 0.9 42 0.9 44 0 59 1 69 1 
2738 3 1 39 0 46 0.8 71 0 81 0.4 
2816 50 0.4 77 0 
2940 6 0.6 15 1 35 0 65 0.9 74 0.5 79 0.9 80 1 89 0.3 92 0.7 
3038 33 0.4 63 0.9 81 0.6 84 0.4 
3067 27 0.8 36 1 66 0 69 0.6 79 1 91 0.6 
3102 11 0.4 44 0.3 52 0 67 0.9 81 0.7 96 0 
3570 18 0.7 21 0 42 0.9 43 0.8 49 0.9 69 0.4 81 0 84 0.6 
3628 11 0.6 34 1 40 0.9 43 0.4 53 0.5 63 0.4 77 1 81 0 82 0.9 97 0.6 
3739 28 0 32 0.6 33 0.7 38 0.7 58 0.6 87 0.6 88 0.8 99 0.5 
3849 5 1 16 0.9 21 0.9 28 0 50 0.7 65 0.8 
3944 41 0.3 50 0.6 51 0.9 82 0 94 0 
4162 6 0.9 49 0.4 57 0 58 0 68 0.8 69 0 
4486 1 0.8 8 0.7 38 0.8 60 0.4 69 0.6 79 0 89 0.6 
4614 9 0.6 13 0.6 25 0.5 33 0.6 36 0 43 1 46 0.3 53 0 57 0 58 0 
4742 0 0.7 12 0.6 16 0 82 0.9 
4788 24 0.6 45 1 58 0 
4854 7 0.6 27 0.8 48 0.5 55 0.8 77 0 95 0.8 97 1 
4866 7 0.5 19 0.8 43 0.9 60 0.9 71 0.3 93 0.8 
4914 8 0 78 0.6 88 0.4 
5020 13 1 54 0.4 
5040 92 0.7 
5045 4 0 14 0.4 23 0.5 25 0.3 45 0 63 0 70 0.9 87 0.9 
5112 52 0.9 79 0 
5187 29 0 86 0 93 0.4 
5194 4 0.3 8 1 65 0.6 82 0.8 86 0.8 
5323 3 0.8 31 1 40 0.9 43 0.8 51 0 65 0.3 73 0.7 76 0.7 99 0 
5407 1 0.6 14 0.7 20 1 52 0 
5452 27 0.9 77 0.9 87 0 
5896 25 0.8 38 0.7 86 0 96 0.4 
6145 0 0.9 10 0.4 11 0.8 18 0 24 0 26 0.6 29 0 39 0.8 76 0.7 
6160 3 1 9 0.4 72 0.8 79 0.3 81 0.3 92 0 
6275 12 0.5 17 0.4 31 0.7 46 0.4 92 0 94 0.5 
6312 19 0.5 22 0.3 27 0 29 0.4 38 0.3 69 1 
6464 6 0.6 43 0.9 44 0.8 87 0.3 
6479 9 0.8 36 0.7 41 0 56 0.6 61 0 66 0.3 73 0 83 0 
6496 10 0.7 85 0.7 
6683 30 0.5 38 0.4 60 0.8 84 0 94 0.3 
6853 41 0 60 0.9 78 0.6 79 0.4 86 0.6 93 0.6 
6910 6 0.5 13 0.4 21 0.3 26 0.4 32 0.6 82 0.9 97 0 
7145 3 0 49 0.7 69 0.3 92 1 
7193 76 0.6 77 0.4 98 0.9 
7194 18 0 20 0.5 24 0.3 48 0.5 50 0 55 0 58 0.8 78 0 97 0.9 99 0.6 
7218 28 0.9 40 0.4 88 0 
7453 9 0 26 0 53 0 74 0.5 79 0.3 83 0 99 0.8 
7533 8 0.9 12 0.8 19 0.3 27 0.3 35 0 45 0.8 47 0.5 
7549 0 0.9 6 0.6 22 0.4 56 0.8 74 0 97 0.7 
7686 31 0.3 
7720 10 0.5 11 0 14 0.6 20 0 41 0.4 46 1 51 0 58 0.5 75 0 98 1 
7818 96 0.7 
7925 68 0 
7931 8 0.9 16 0.4 18 0 33 0.3 45 0.5 62 1 67 0.3 69 0.4 78 0.6 85 0.5 
7995 42 0.4 50 0.4 59 0.3 
8010 9 0 32 0.6 54 0.4 72 0.6 
8042 17 0.4 20 0.3 47 0.7 52 0.3 62 0.8 69 0 72 0.9 89 0 
8556 55 0.6 60 1 80 0.7 99 0.5 
8624 32 0 33 0.6 35 0 38 0.9 61 0.7 72 0 87 0 98 1 
8748 4 0.4 10 0.8 39 1 71 0.6 73 0.5 87 0.6 91 0 94 0 
8815 10 0.7 14 0.9 64 0.6 85 0.3 88 0.9 
9293 34 0 46 0.7 60 0.8 74 0.8 
9373 7 0.8 11 0.3 21 0 34 0.9 43 0 50 0 
9514 17 0.9 20 0.4 61 0.5 65 0.3 70 0.5 
9519 52 0.3 56 0.9 63 0 77 0.4 85 1 91 0.9 
9641 22 0 44 0 58 0.9 72 1 73 0.8 83 0.3 92 0.9 
9703 14 0.7 
9768 12 0.4 93 0.4 
9871 77 0.5 
