100
47 0 0.6 11 1 39 0 48 0.5 
79 11 0.4 33 0 36 0.3 41 0.7 50 0 81 0.4 86 0.9 
84 11 0.9 
179 54 0 63 0.8 
498 5 0.8 7 0 17 0 31 0.4 55 0.5 75 0.8 79 0.9 
669 8 0.6 27 0.5 41 0.9 45 0 56 0 80 0.7 96 0 
675 8 1 15 0 33 0.4 41 0 45 0.7 82 0.9 88 0 91 0.4 
686 2 0.3 15 0.5 27 0 31 0.8 35 0.4 71 0.8 78 0.8 
694 17 0.9 35 0.8 51 0 69 0 78 0.8 83 0.3 86 1 87 0 
719 21 0 53 0.4 91 0 
772 0 1 24 0 60 0.8 70 0.3 
802 0 0 8 0 45 0.3 54 0 74 0 90 0.4 
803 17 0.9 24 0.8 30 0 31 0.9 37 0.7 96 0.5 
857 39 0 
891 7 0.4 11 0 14 0.8 98 0 
954 1 0.8 9 0.7 24 0.6 25 0.9 31 1 37 0.8 39 1 47 1 86 0 94 0 
1047 15 0 83 0 
1238 48 0.4 69 0 
1464 31 0.7 96 0 
1649 1 0.9 45 0 99 0.7 
1704 10 0.5 87 0 
1797 3 1 23 0 25 0.8 68 0.8 87 0.5 
1876 6 0 27 0.3 44 0 81 0.5 
1950 16 0.9 58 0.3 82 0 86 0.9 
1980 35 0.3 39 0.6 56 0 62 1 65 0 71 0.3 90 0.4 95 1 
1996 0 0.6 16 0 35 0 58 0.4 60 0.5 69 0.9 82 0.9 90 0.9 
2109 51 0.6 86 0 88 0.3 
2113 3 0 4 1 6 0.3 22 0.7 28 0 35 0 57 1 65 0.9 72 0.5 92 1 
2125 13 0.8 33 0.8 55 0.9 76 0.3 83 0.9 
2235 7 0.8 31 1 76 0.3 
2283 0 0 2 0.4 27 0 38 0.4 62 0 
2327 2 0.3 28 0 31 0.8 36 0 39 0.3 42 0.3 50 0.5 62 0 77 0.6 
2423 5 0.7 29 0.6 38 0 47 0.9 51 0 60 0.6 66 0.6 76 1 
2440 57 0.6 
2443 5 0.3 19 0 22 0.4 23 0 55 0.8 66 0.4 76 0.4 78 0.6 86 0 
2632 2 0.8 40 1 47 0.4 67 1 87 0.4 
2655 51 0.7 66 0.5 
2663 8 0.6 26 0.4 36 0 60 0.6 
2681 4 0.6 40 1 50 0.4 60 0.7 68 0.3 89 0 97 0 
2896 3 0.6 11 0.8 24 0.7 32 0.8 73 0 
2906 11 0.7 14 0.7 15 1 66 0 80 0.5 91 0.8 94 1 
3232 74 0.7 94 0 
3313 6 0 20 0.4 22 0.4 28 0.9 40 0.6 69 0.3 77 0.3 91 1 94 0.3 
3317 9 1 11 0.3 21 0 50 0 60 0.6 90 0.5 
3340 54 0 
3409 4 1 18 0.7 38 0.8 49 0.9 72 0.8 89 0.5 94 0 
3442 17 0 21 0.6 41 0.9 48 0.9 65 0.6 69 0 80 0 82 0.9 91 0 
3534 6 0 70 1 
3563 17 0.6 28 0.4 40 1 86 0.7 87 0.6 
3590 5 0.9 31 0.7 66 0 77 0 90 0 96 0.4 
3653 0 0.4 17 0.3 21 1 24 0.9 38 0.5 92 0.3 93 0 96 0.4 
3824 15 0.6 27 0.9 35 0.9 66 0.6 77 0.3 84 0.4 85 0.9 91 1 
3941 1 0 
4187 40 0.8 
4301 0 0.7 12 0.9 21 0.3 25 0.4 59 0 61 0 68 0.6 76 1 88 0 93 0.4 
4348 10 0 51 0.5 65 1 87 0.5 
4510 26 0 42 0.3 52 0 
4706 7 0.4 17 0.9 25 0.6 29 0.5 33 0.7 35 0.9 51 0.9 68 0.7 69 0.5 91 0.5 
4732 15 0.8 33 0.5 37 0.7 38 0.4 43 0.5 53 0.3 57 0 67 0.9 76 0 
4735 41 0.5 97 0.6 
4765 59 0.6 
4862 65 0.9 
5005 4 0.9 22 0.6 43 0 71 0.8 80 0.7 
5170 4 0.3 27 0.9 40 0.6 64 0.8 
5179 41 0.3 48 0.8 51 0.4 
5270 31 0.5 
5425 3 1 9 0 32 0 62 0.4 76 0.3 84 1 98 0.5 
5826 42 0 50 0 64 0.7 75 0.3 82 0.4 
5886 18 0.5 39 1 95 0.5 
5915 0 0.7 6 0 21 0.8 22 0.8 24 0.9 27 0 46 0.3 67 1 85 0.6 99 0.6 
6084 2 0.9 27 0.8 28 0.7 41 0 64 0.7 73 0 75 1 80 0.7 87 0.7 91 0.8 
6090 1 1 5 0 28 0 46 0 49 0.5 50 0 80 0.5 
6368 21 0 24 0.6 58 1 
6618 34 0.6 82 0.7 89 0 95 0 
6820 31 0.6 
7256 1 0.8 5 0 6 0 61 0.6 64 0 96 0.4 
7302 36 0.5 40 0.8 49 0.8 60 0.8 
7494 30 0.7 33 1 35 0 88 0 92 0.6 
8026 29 0.9 
8087 27 0.7 53 0.3 
8088 14 0.5 28 0 77 0 
8269 90 0.6 
8304 13 0 
8474 1 0.4 5 0 16 0.3 22 0.9 25 0.4 26 0.4 35 0.3 45 0.7 92 0 
8517 10 0 13 0 38 1 57 1 59 1 79 0.5 87 1 95 0.8 
8646 46 0.9 53 0.3 59 0 68 0.7 
8648 12 0.3 25 0.8 35 1 53 0 63 0.7 78 0 79 0.4 93 0.5 
8706 21 0.9 28 0 88 0 
8844 6 0 39 0.3 
8850 15 0 33 0.7 35 0.7 46 0 54 0 64 0.6 68 0.7 86 0.6 95 0 
9260 21 1 
9415 4 0 37 0 62 0.6 63 0.5 67 0.4 
9583 7 0.7 13 0.9 36 0 42 0.5 47 0 56 0 66 0.8 95 0.4 
9627 7 0.3 17 0 18 0.3 25 0 44 0 52 1 65 0.5 76 0.5 77 0.9 84 0 
9682 8 0 9 0.6 45 0.3 48 0 
9699 42 0 58 0.7 
9748 1 0.9 55 0.7 56 0.7 68 0.6 78 0.4 93 0 95 0 
9853 16 0 18 0 56 0.6 
9914 19 0 42 0.9 43 0 46 0 52 0.9 54 0.8 62 0.9 67 0.4 70 0.8 78 0.6 
9938 2 0 51 0.9 52 0.9 58 1 85 0.8 
