100
15 4 0.7 9 0 16 0.3 26 0 34 0.8 40 0 60 0.5 
26 10 0.6 23 0.3 44 0 70 0.4 86 0.7 98 0.9 
67 43 0 92 0 
132 27 0.9 53 0.9 55 0.5 
378 74 1 85 0 88 0 90 0.4 
430 26 0.9 44 1 81 0.3 85 1 91 0.6 
436 37 0.6 55 0.5 72 0 
442 71 0.5 
531 7 0 21 0 43 0.4 67 0.6 72 0.3 73 0.6 92 0.4 93 0.9 
729 28 0.3 40 0.7 45 0.7 
947 2 1 17 0.5 40 0.5 44 0.3 66 0.5 69 0 70 0.3 74 0.3 79 0 
994 11 0 15 1 22 0.8 43 1 45 0 47 1 51 0.6 66 0.6 94 1 
1017 18 0 37 0.9 40 0.5 52 0.5 54 0.4 63 0.4 74 0.6 
1020 0 0 2 0 6 0.6 8 0 27 0 68 0.7 75 0.4 97 0.8 
1080 6 0.8 10 0.4 15 0.6 61 0.7 72 0.7 
1105 11 0.6 31 0 50 0.8 80 0 81 0.4 95 0 97 0.6 
1333 27 0.6 
1466 66 0.8 
1518 24 0.8 36 0.8 54 0 62 0.5 67 0.8 85 0.5 87 0.5 90 0 99 0.4 
1792 10 0.6 
2020 22 0.9 63 0.4 97 1 
2062 1 0 5 0.5 36 0.6 45 0.6 61 0 65 0 77 0 88 0.9 98 0.8 
2104 9 0 13 1 14 0.9 40 0.7 63 0.6 68 0.6 85 0.6 93 0 
2313 14 0.3 44 0.8 50 0.9 56 0 57 0.5 61 0.9 63 0.5 84 0.4 92 0.7 97 0 
2412 47 0.9 77 0.4 87 0 
2450 84 0.9 88 0 
2624 81 0.5 
2628 3 0.9 5 0.3 34 0.5 46 0.8 65 0.7 77 0.8 86 0.9 87 0.8 99 1 
2708 0 0.5 18 1 37 0.7 39 0.4 48 0 58 0 88 0.4 99 0.9 
2712 23 0 36 0.8 47 0.7 53 0.8 66 0.5 67 0 73 0.4 
2740 1 0.8 38 0.8 56 0 94 0.6 
2785 85 1 87 0 93 0.7 
2814 13 0 38 0.9 39 0.9 47 0.5 69 0.3 75 0.7 91 0.9 
2937 24 0.5 28 0.7 30 0.5 42 0.5 61 0 63 1 65 0.4 68 0.9 93 0.6 94 0 
2977 22 0.8 40 0.4 61 0.9 76 0 92 1 
3037 1 0.9 8 0.6 18 0.8 72 0.8 89 0.5 
3238 5 0.3 32 0 46 0 94 0 95 0 96 0.4 
3322 6 0.5 19 1 25 0 29 0.9 61 0.7 74 0.4 81 0.7 89 1 95 0.8 99 0.3 
3399 21 0.7 29 0.4 38 0.6 
3643 9 0 47 0 50 0.5 64 0.8 91 0.3 95 0.8 
3900 3 0 7 0.8 9 0 36 0.6 40 0.6 54 0.3 71 0.7 73 0.9 77 0.9 95 0 
3944 41 0.7 50 0.7 51 0.9 82 1 94 0 
3979 6 0 15 0 24 0 29 0 59 0 63 0.9 73 0.5 78 1 
4042 5 0.4 15 0.5 25 0.7 43 0.4 78 0.7 80 0 
4076 7 0.8 9 0.6 19 0.9 22 0 29 0 37 0.3 63 0.8 87 0.5 88 0 
4175 0 0.4 8 0 23 1 25 0.4 49 0.3 71 0.8 73 0 76 0.4 85 0.7 87 0.5 
4180 32 0.3 37 0.3 44 0 66 0.6 67 1 69 1 77 0.8 81 0.6 91 0 95 0.9 
4187 40 0.8 
4407 14 1 15 0.5 19 0 25 0.3 30 0.9 69 0.5 70 1 72 0.5 84 0 91 0.9 
4757 14 0.8 25 0.6 28 0 33 0 37 0.5 40 0.3 53 0 72 0.8 73 0.7 74 0 
4879 2 0.8 22 0.4 23 0 34 0.4 57 1 70 0.6 72 0.4 81 0 93 0.8 
4987 23 0.3 25 0.4 83 0.6 
5088 4 1 69 0.4 81 0 
5271 29 0.8 41 0.9 82 0.7 
5359 8 0.4 14 0.4 21 0 25 0.3 29 0.7 38 0.8 98 0.3 
5410 21 1 46 0.7 60 0 87 0.6 
5857 90 0.5 
5873 7 0.3 30 0.4 51 0.5 60 0.7 85 1 
6022 3 0 14 0.8 19 0.5 78 0.8 84 0 
6224 70 0.4 78 1 89 1 
6319 4 0.3 25 0.4 30 0.4 38 0.9 53 1 58 0.6 
6512 18 1 22 0 30 0.5 70 0.7 71 0.5 83 1 
6652 0 0.9 8 0.4 13 0.4 28 0.5 37 0.4 68 0.8 90 0 
6762 27 0.6 
6882 5 0.5 25 0.7 33 0 35 0.4 41 0.9 69 0.8 72 0.4 80 0.3 93 0 
6991 16 0.8 22 0.9 34 1 39 0 44 0 57 0.8 68 0.6 83 0.8 93 0.3 95 0.3 
7029 4 0.6 28 0.4 48 0.4 52 0 55 0.9 62 0 68 1 70 0 86 0 88 0.5 
7126 7 0.9 49 0.7 67 0.4 70 0 72 0.5 89 1 
7291 2 0.3 5 0 20 0.6 29 0 34 0.7 43 0.8 60 0 89 0.7 
7513 37 0.9 43 0 71 0 
7586 9 1 11 0.9 16 0.9 19 0.4 32 0.8 79 0.9 98 0.3 
7649 12 0.8 16 0.3 26 0.6 35 0 40 0.8 78 0.3 80 0.4 84 0.8 
7662 11 0 15 0 61 0.7 66 0 68 1 74 0.8 77 0.6 90 0.9 92 0.9 
7716 9 0.7 31 0.6 32 0.8 66 0.3 78 0.4 86 0.4 89 0 95 0.6 99 0.7 
7838 35 0.6 54 1 
7906 32 0 
7920 9 0 31 0 35 0.4 57 0.7 62 0.8 
8103 97 0 
8163 1 0.6 17 0 33 0.9 96 0.6 
8167 3 0 29 0.8 32 0.4 51 0.6 89 1 
8306 1 0 8 0.8 10 0.5 21 1 60 0 62 0.9 67 0 77 0.8 99 0 
8526 10 0.5 11 0.3 34 0.4 36 0.7 59 0.3 85 0.8 93 0 
8534 3 0.8 13 0 16 0.4 75 0.5 82 0.3 83 0.5 94 0.8 
8576 51 0.9 
8604 67 1 70 0 73 0.4 85 1 86 1 91 1 99 0.4 
8622 0 0.8 11 0 14 0.3 21 0.5 51 0.7 85 1 92 1 95 0 
8645 64 0 
8906 1 1 10 0 14 1 32 0.8 38 0.8 53 1 54 0.8 70 0 87 0.6 
8946 67 0.9 72 0.6 80 0.7 97 0.5 
8973 24 1 59 0 64 0.6 73 0.3 79 0 98 0.5 
9044 4 0.3 7 0.9 13 1 22 1 48 0.9 96 0 
9050 16 0.3 25 0.3 33 1 64 1 67 0 98 0.4 
9089 6 0 46 1 
9342 11 0.4 80 0.6 
9461 0 0.3 8 0.8 41 0 52 0.9 62 0.7 72 1 84 0.4 92 0 95 0.4 
9539 5 0.7 21 0 48 1 62 0.6 65 1 69 0.5 
9546 16 0.9 40 0.5 84 0.6 93 0.9 
9569 4 0.9 13 0 25 0.5 50 0.5 74 0.9 88 0.9 
9840 2 0.5 3 0.5 21 0.5 34 0.7 62 0.6 66 0.4 70 0.6 74 0 78 0 93 0.9 
9852 8 1 10 0.8 15 0.9 17 0.8 34 0.6 37 0.3 45 0 71 0.4 80 0 96 0.3 
