100
86 45 0.7 50 0.7 56 0.7 57 0.3 58 0.4 78 0.7 
152 98 0.7 
193 22 0.5 68 0.6 
271 8 0 29 0.7 35 0.9 41 0.6 69 0.8 72 0 
451 4 0 29 0.7 30 0 34 0 35 0.5 39 0.3 43 0.6 92 0 
493 1 0 27 0.8 89 0.5 
563 4 0.8 9 0 10 0 12 0.8 55 0.3 58 0.3 62 0.6 67 0.6 
718 8 0 17 0 26 1 43 1 74 0.6 79 0 
760 44 1 63 0.6 
800 24 0.8 25 0.4 35 0.7 62 0 69 0.6 92 0 
903 3 0 20 0.6 67 0 86 0.4 91 0.8 93 0.6 
957 3 0.9 49 0.8 50 0 82 0 86 0.3 
984 1 0.6 4 0 32 0.4 33 1 37 0.4 85 0.5 95 0.8 
1120 18 0 25 0.3 
1306 23 0 33 0.7 48 0.3 55 0.3 57 1 74 1 81 1 94 0.4 
1346 8 0.7 15 0.3 46 0.4 50 0 58 0.3 99 0 
1395 27 0.4 47 0 57 0.7 60 0.3 87 0.5 88 0.6 90 0 96 0.3 
1498 0 0 2 0 17 0.9 32 0.3 49 0.9 51 0 66 0.4 99 1 
1623 6 0 12 0.8 22 0.8 23 0.5 29 1 49 0.4 55 0.6 59 0 74 0.7 99 0.8 
1645 32 0 
1651 10 0.8 13 0.8 25 0.9 46 0 83 0.7 
1656 2 1 4 0.6 11 0.8 39 1 67 0 
1679 0 0.4 10 1 27 0.3 45 0.8 57 0.8 59 0.3 83 0 
1720 20 0.6 37 0 63 0.9 96 0 
1832 10 0 29 0.8 41 0.7 43 0 44 0.6 49 0 
1928 8 1 25 0.4 36 0 54 0.4 55 0.6 70 0.6 96 0.9 
1948 27 0.9 32 0.9 40 0.8 54 0 67 0.6 68 0 82 0 
1966 9 0 85 0.7 
1975 16 0.5 
2046 37 0.7 54 0.6 60 0.8 69 0.6 
2077 0 0.6 6 0.9 14 0 18 0 32 0 64 1 83 0.8 
2094 3 0 33 0 87 0.3 91 1 93 0.7 
2119 42 0 53 0.7 98 0.5 
2298 23 0.9 24 0.7 25 0.8 30 0 37 0 67 0 70 0 74 0 78 0.3 99 0.8 
2437 6 0 12 0 57 0 84 0.4 93 1 
2657 1 0.4 5 0 74 0.5 77 0 88 0 
2686 2 0.7 9 0.9 32 0.6 75 0.8 
2835 11 0.8 28 0.9 63 0 94 1 
2873 27 0 29 0.3 65 0.3 
2886 6 1 32 0 66 0.7 
3041 23 0.5 29 0.7 69 0 75 0.3 
3558 4 0 13 0.9 73 0.4 76 0 95 0.3 
3694 30 0.9 59 0.4 63 0.7 73 0.5 81 0.4 86 0 90 0.3 96 0 
3714 10 0 17 1 70 0.3 
3748 32 0.9 47 0.5 80 0.7 
3938 53 0 89 0.6 
3975 16 0.9 27 0 67 0 74 0.5 
3976 2 0.3 17 0.6 30 0.6 32 0.4 33 0.5 50 0.5 80 0.4 
4037 16 1 32 0.4 37 0 43 0.6 72 0.4 81 0.6 82 1 84 0.3 
4146 69 0.5 
4209 39 1 44 0.7 72 0 81 0.7 
4347 4 0 19 0.6 21 0.4 27 1 40 0.3 44 0 53 0.6 77 0 85 0.7 
4456 6 0 
4523 6 0.7 14 0 21 0.6 30 0.8 32 0.5 35 0 50 0.4 56 0.9 63 0.6 73 0.4 
4552 2 0.6 15 0.9 33 0.6 78 0.7 91 0 
4723 7 0.7 10 0.9 11 0.6 36 1 38 0.4 44 0.4 58 0.9 
4849 0 0 2 0.8 32 0 36 0.4 48 0 70 0.9 72 0.5 78 0.5 
5038 28 0.4 56 0 72 0.5 
5082 7 0.4 59 0.6 
5111 10 0.5 12 0 19 0 31 0.3 55 0.7 74 0.9 85 0 87 0.6 96 0.4 
5143 10 1 22 0.6 30 0 34 0.8 72 0 87 0.8 
5179 41 1 48 0.5 51 0.9 
5293 39 0.3 
5452 27 1 77 0.5 87 0.8 
6067 26 0.5 29 0.6 75 0 85 0 89 0.3 
6142 22 0.3 25 0.8 26 0.4 44 0 58 0.4 68 0.5 72 0.4 93 0 
6281 32 0.7 87 0.5 
6309 72 0 81 0.4 
6385 51 0 57 0 71 0.5 82 0 91 0.5 
6430 26 0.4 45 0.4 64 0.5 
6472 10 0.9 31 0.5 34 0.6 38 0.5 76 0.4 95 0.3 98 0.6 99 0.5 
6475 1 0.5 16 0.8 24 0.5 73 0.8 75 0.7 88 0.7 91 0 94 0 95 1 97 0 
6865 58 0.3 70 0 
7098 24 0.6 38 0 44 0.7 70 1 98 0.7 
7118 23 0.9 32 0 41 0.3 76 0.5 77 0.6 78 0.9 87 0 
7128 1 0.5 3 0.4 5 0 11 1 19 0 26 0.9 54 0 58 0.6 73 0.8 74 0 
7330 46 0.3 
7401 4 0.4 42 0.7 88 0.7 91 0.5 
7518 24 0.5 45 0.8 52 0.7 60 0.9 70 0.9 
7537 2 0 3 0.6 
7865 7 0.4 14 0 28 0 38 0 
7875 19 0.3 20 0.8 48 0.5 79 0.7 81 0.7 94 0.7 
7909 23 0 33 0.9 36 0 62 1 72 0.8 
8409 13 0 19 0.4 21 0 22 0.5 24 0.4 78 0.8 91 0 
8442 7 0.9 13 0.3 19 0.8 53 0.8 69 0.9 
8497 8 0.7 12 0.7 18 0.5 19 0 21 0 23 0.6 26 0.8 46 0.3 93 0 
8647 56 0.7 
8805 19 0 79 0 96 0 
8891 46 0.8 80 0.6 
8895 62 0.4 77 0 81 0.8 
9033 3 1 9 0.8 19 0.9 40 0 47 0.4 54 0.7 71 0.5 81 0 84 0.6 
9187 26 0.9 29 0.6 93 0.6 96 0.6 
9226 21 0.8 22 0 67 0.3 93 0.8 94 0 96 0 
9391 28 0 44 1 
9457 6 0 58 0.9 92 0 
9470 1 0.5 17 1 20 0.8 24 0.9 67 0 
9477 77 0.9 
9540 5 1 18 0.5 28 0 63 1 76 0.7 90 0.5 
9888 11 0.5 14 0.7 28 0.9 37 0.9 41 0.5 51 0 58 0.3 91 1 
9921 5 0 14 1 51 0.9 62 0 63 0.4 85 0.3 
