100
15 4 0.8 9 1 16 0.3 26 0 34 0 40 1 60 0.5 
115 12 0.3 23 0.8 58 0 64 0 94 0.3 98 0.8 
163 6 0.4 18 0.3 31 0.7 54 1 
238 8 1 41 0 42 0.3 44 0 51 0.4 63 0.9 79 0 98 1 
239 19 0.4 51 0.6 
279 22 0.4 27 0.8 37 0.3 62 0.6 67 0 73 0 
329 1 0.5 
423 24 0.3 25 0.5 
445 5 0.5 32 0.5 45 0 63 0.8 74 1 76 0.4 97 0 
500 0 0.4 16 0 28 1 35 0 51 0 74 0 90 0.6 95 0.5 98 0.6 
528 4 0.4 41 0 
818 3 0 8 0 15 0 25 0.9 36 0 65 0.7 74 0.4 77 0 96 0.3 
967 9 1 17 0.5 23 0.5 32 0 41 0.6 46 0.6 
1018 11 0 15 0.7 31 0.9 52 0.3 68 0.8 80 0.8 81 0.9 88 1 90 0 91 1 
1132 22 0.8 31 0.3 88 0 96 0 
1148 1 0.5 4 0.3 20 0.7 24 0.7 29 0 33 0.6 79 0.3 93 0 94 0 99 0 
1546 15 0.6 22 0.6 29 0.4 98 0.3 
1917 20 0 71 0.5 92 0.7 
2053 9 0 14 1 15 0 42 0 48 0.3 83 0.6 
2116 12 0.6 42 0 62 0.7 79 0 
2137 2 0.3 23 0 25 0.3 26 0.4 37 0.8 80 0 84 0.7 87 0 
2367 8 0.4 13 0.6 25 0 39 0.5 43 0.5 49 0.8 62 0.5 68 0.4 74 0.8 94 0.5 
2373 38 0.3 
2491 33 0.7 56 0.9 61 0.3 67 0.7 72 0.9 78 0 
2501 15 0 16 0.6 23 0.8 59 0 72 0.8 86 0.3 
2575 1 0.9 41 0.6 54 0.7 60 0 81 0.3 84 0.5 85 0.9 87 0.8 
2641 31 0.4 38 0 44 1 61 1 71 0.7 
2643 5 0.3 14 0 49 0.8 82 0 94 0.7 98 0.6 
2674 8 0.5 17 0 78 0.8 84 0.8 90 0.5 98 0.3 
2818 13 0.4 14 1 93 0.7 
2827 12 0 13 0 36 0 43 0.5 47 0.7 48 0 70 0 71 0.7 86 0.3 87 0.9 
3018 9 0.8 30 0.8 53 0.5 55 0.9 70 0 
3190 20 0.4 27 1 35 0.9 38 0.9 40 0 44 0.9 76 0.7 83 0.9 88 1 99 0.4 
3382 76 0 92 0.7 94 0 96 0.9 
3433 87 0 
3693 21 0 30 0.5 62 0.8 63 0.9 73 0.8 95 0.7 99 0.6 
3738 11 0.9 15 0 18 0.5 23 0.6 35 0.9 50 0 60 0.9 70 0.3 86 0.8 93 0 
3839 34 0.7 50 1 57 0.8 65 0.7 89 0.3 
3907 1 0 33 0 36 0.4 39 0 55 0.3 81 0.3 
3909 9 0 23 0 32 0 33 0.7 79 0.8 
3963 33 0.9 47 0 56 0 
4007 5 0 13 0.5 53 0.9 57 1 59 0.7 69 0.5 90 0 
4044 3 0.5 15 0.8 18 0.5 27 0.5 76 0.5 82 0.4 83 0.3 88 0 94 0 
4051 17 0 26 0 
4141 17 0.9 
4205 17 0.9 26 0.4 44 1 54 0.7 62 0.7 63 0 64 0 77 0 89 0 90 0 
4478 9 0.9 23 0.8 38 1 40 0 50 0.5 53 1 62 0 64 0.9 86 0 
4521 11 0.5 
4572 5 0.4 17 0 28 0 39 0.5 50 0 75 1 78 0.7 88 0 91 0.4 
4631 0 0.9 20 0.4 30 0 33 0 35 0 42 0 47 1 66 0.7 70 0 83 0 
4750 6 1 10 0.3 48 0.8 
5057 41 0.4 
5079 1 0.4 4 0.3 12 0.5 42 0.7 79 0.3 90 1 
5150 38 0.8 
5178 3 0 48 0 55 0.4 
5186 40 0 
5336 96 0.3 98 0 99 0 
5464 4 0.3 25 0.5 44 0 56 0.3 
5469 21 0.6 23 0.5 26 0.6 31 0.7 34 0.3 60 0 64 0.5 86 0 88 0 
5513 6 0.9 30 0.3 84 1 94 0.6 
5624 10 0.8 12 0.3 36 0 38 0.3 76 0.8 
5642 1 1 18 0.8 47 0.5 90 0.8 96 0 
5746 93 1 
5757 6 1 11 0.9 13 0.3 31 0 35 0 36 0.4 37 0.5 83 0.8 91 0.5 97 0.4 
6048 3 0.6 
6148 1 0 21 0.3 51 0.8 60 0 82 0 
6195 6 0.9 10 0 15 0.6 34 0.9 44 0.7 51 0 59 0.7 75 0.4 
6306 0 0 49 1 97 0.9 
6470 5 0.3 13 0 30 0.9 35 0 36 0.4 37 0 39 0 77 0.4 91 0.9 
6490 25 0.5 52 0.3 
6552 80 0 88 0.4 98 0.4 
6661 37 0.6 41 0 78 0 81 1 87 0.3 96 0.6 
6695 81 0.3 
6839 2 0 20 0 24 0.7 40 0.3 50 0.5 60 0.8 65 1 72 0.6 84 0.8 
6879 2 0 14 0.3 35 0.4 46 0.4 49 1 54 0.9 72 0.9 75 0.3 84 0.4 85 0.9 
7255 1 0 13 0.6 19 0 23 0.5 68 0.9 89 0.4 91 0 92 0.5 
7262 42 0.8 43 0.4 44 0.8 
7276 89 0 
7581 5 0.4 40 0.5 57 1 
7778 8 0.8 30 0.7 54 0.8 69 0 70 0.6 90 0.9 92 0.7 
7796 14 0.4 36 0.8 54 0.3 71 0.7 80 0 89 0.5 90 0.3 99 0.9 
7807 6 0.5 23 0.4 52 0.3 70 0 95 0.4 
7970 4 0.9 9 0 33 0.4 65 0.9 70 0.3 76 0 83 0.6 89 0 91 0 92 0.8 
7978 32 0.7 50 0 55 0 66 0 72 0.9 79 0 95 0.8 
8011 48 0.9 70 0.9 76 0 
8045 8 0 24 0.5 30 0.8 45 1 54 0 58 0.9 63 1 70 0.3 85 0.8 98 0.7 
8196 3 0.6 15 0.9 45 0 
8199 0 0 8 0.3 40 0 77 0.6 83 0.8 
8311 29 0 49 0 52 0.3 71 0.6 82 0.5 87 0.3 
8577 4 1 12 0.7 28 0.8 42 0.8 47 0.6 67 0.5 75 0.7 84 0.8 90 0 93 0 
8761 10 0.4 49 0.9 62 0 
8990 77 1 
9066 12 0.3 14 0 18 0 21 0.6 22 0.6 47 0 78 0.6 90 0 98 0.9 
9251 1 0.6 15 0 17 0 50 0.4 55 0.8 62 0 64 0 65 0 97 0.7 99 0.3 
9260 21 1 
9347 0 0.3 24 0 33 0.3 42 0.9 60 0 71 0.6 82 1 92 0.3 96 0.7 99 0.7 
9461 0 0 8 0.3 41 0 52 0 62 0 72 0.9 84 0.6 92 0.9 95 0.9 
9592 33 0.4 44 0 91 1 
9672 4 0.3 7 1 20 0 35 0.6 64 0.7 78 0.3 88 0.9 95 0 
9972 12 1 14 0.9 15 0.8 17 0 36 0.5 42 0.6 44 0 56 0.3 80 1 85 0.8 
