100
133 41 0 
288 34 0 35 0.7 38 0.8 58 0 67 0.6 71 0.7 
346 36 1 
418 7 0.5 19 0.4 25 1 38 0.9 42 0.7 48 0 52 1 67 0 79 0.8 85 0.8 
444 23 0.6 31 0 43 0.3 73 0.5 97 0 
511 26 0.4 43 0 47 0.7 50 0.8 58 0.8 
692 70 0.4 72 0.3 73 0 80 0 85 0.3 89 0 96 0.4 99 0.9 
857 39 0 
1012 6 0.8 14 0 23 0.3 31 0.6 62 0.8 65 0.3 77 0.6 82 0 93 0 
1082 29 0.8 33 0 55 0.8 89 0.8 
1149 23 0.5 44 0 
1157 3 1 5 0.5 14 0.7 18 1 24 0 38 1 60 0.4 85 0.8 86 0 95 0.3 
1182 34 0.7 
1188 6 0 17 0.5 36 0.8 41 0.7 68 0.9 
1324 24 0.5 55 0.3 97 0.9 
1350 14 0.7 38 0.5 68 0.6 91 0.7 
1385 33 0.8 93 0 
1390 71 1 
1465 28 0 50 0 54 0.5 99 0.9 
1550 49 0 
1594 9 0 13 0.9 25 0.3 58 0.4 
1656 2 0.4 4 0.9 11 0.7 39 0.4 67 0 
1675 21 0.3 28 0.7 42 0.3 51 0.4 72 0.3 89 0 97 1 
1741 36 0.9 48 0.3 49 0.8 53 0.5 95 0 
1822 8 0 9 0.8 15 0.5 33 0.6 35 0.6 59 0 63 0.9 76 1 94 0.9 
1856 20 0 47 0.6 
1913 18 0.6 
1954 23 0 50 0.8 72 0 74 0.7 
2091 4 1 18 0.8 45 0 50 0.9 55 0 59 0.3 
2292 29 1 53 0.8 78 0 90 0.9 92 0 93 0.7 95 0 
2294 4 0.9 55 0.9 62 0.8 65 0.8 70 1 74 0.3 85 0.4 97 0.7 
2673 11 1 12 0.9 22 0.4 23 0 38 0 60 0 81 0.7 86 0.6 
2752 14 1 33 0.5 40 0 61 0.5 63 0.9 66 0.5 
2842 6 0 14 0 31 1 55 0 69 0.7 70 0 81 0 
2851 12 0.6 67 0.7 70 0.7 87 0 92 0.3 94 1 99 0 
3012 1 1 9 0.8 10 1 46 0.6 74 0.8 87 0 96 0.6 
3220 19 0 21 0.9 26 0 62 0 97 0.7 
3305 36 0.7 40 0.8 70 0.5 71 0.8 
3338 1 0.6 37 0.9 45 0.8 55 1 63 0 72 0.7 75 1 81 0.5 82 0 
3358 5 0.3 13 0.3 14 0.3 48 0.5 61 1 63 0 89 0.6 96 0 
3369 23 0.5 38 1 39 0.5 45 0.3 
3374 12 0.8 20 0.7 30 0.7 36 0 
3478 3 0.9 5 0.9 16 0.6 39 0.9 47 0 48 1 57 0.5 60 0.7 66 0 78 1 
3508 37 0.3 63 0.9 83 0.4 
3513 10 0 18 0 31 0.3 33 0.3 44 0.6 46 0.7 61 0.3 68 0.5 75 0 97 0 
3651 20 0.6 30 0.4 31 0.5 70 0 
3693 21 0.6 30 1 62 0 63 0 73 0.6 95 0.7 99 0.9 
3705 6 0.9 25 0.3 30 0.3 44 0.7 46 0.6 66 0.8 90 1 91 1 98 0 
4050 66 0.3 87 0.6 
4105 18 0.6 35 0.6 38 0.9 50 0.5 59 0 60 0.4 65 0.5 75 0 98 0 
4433 51 0.3 
4455 34 0.6 40 0.3 56 0.7 68 0 94 0 
4529 38 1 42 0.4 61 0 92 0 
4718 11 0 15 0.6 55 0 64 1 74 0 86 0.9 93 0.8 98 0.4 
4865 6 0.6 8 0.6 23 1 31 1 35 0.7 94 0.6 96 0.7 
4933 7 0 44 1 45 0.5 58 1 76 0 86 0.5 90 0 91 0.6 
5027 1 0.9 4 0.4 8 0 37 0 51 1 70 0 76 0.8 
5048 11 0.7 15 0.3 25 0 30 0.5 31 0.9 48 0.5 77 0.8 87 0.6 
5143 10 0.4 22 0 30 1 34 0.4 72 0.4 87 0.8 
5573 11 0.5 
5630 2 0.5 24 0.7 27 0 56 0 76 0.6 84 0.6 95 0.3 
5631 12 0.4 16 1 34 0 35 1 79 0.8 80 0.5 
5663 17 0.9 20 0.9 38 0.9 46 0.3 88 0 98 0.8 
5728 7 0.4 23 0.3 
5776 8 0 14 0.8 50 0.7 57 0.6 66 0.8 73 0.7 87 0 91 0.9 92 0.5 96 1 
5790 22 0.9 66 0 74 0 92 0.9 
5860 0 0.9 1 0.4 11 0.6 25 1 27 0.6 53 0.9 66 1 81 0 93 0.4 
5981 1 1 15 0 30 0.5 56 0.8 57 0 58 0.5 82 0.4 92 0.6 94 0 
6212 19 0 62 0.4 91 0.4 
6289 64 0.7 
6444 14 0 15 0.3 19 0.6 46 0.9 74 0.9 93 0 
6469 5 0.5 18 0.6 20 0.9 21 0.8 32 0.9 36 0.5 
6475 1 0.9 16 1 24 0.9 73 1 75 0.9 88 0.4 91 0.7 94 0 95 0.3 97 0.5 
6968 1 0.5 2 0 5 0.5 11 0.5 20 0.8 69 0.9 76 0.8 84 0 
7284 83 0.8 89 0.8 
7356 8 0.5 10 0.7 34 0.4 35 0 46 0 66 0.5 79 0.4 93 0.8 
7474 92 0 
7627 26 1 49 0.7 53 0 59 0.5 61 0.4 77 0.3 97 0 
7689 20 0.4 43 0.8 49 0 68 0.8 73 0 78 0.7 
7865 7 1 14 0.9 28 0.6 38 0.8 
7979 29 0.8 33 0.4 52 0 80 0.6 
8102 18 0.3 22 0 90 0.8 
8189 9 0 14 0 21 0.4 38 0.4 73 0.7 88 0.4 
8202 92 0.4 
8213 9 0 20 0 23 0.7 33 0.5 35 1 39 0 57 0.8 60 0 95 0 
8394 7 0.9 13 1 34 0 35 0.7 62 0.6 67 0.6 73 0.5 89 0.5 
8490 42 0.9 
8502 47 0 54 0.9 56 0 62 0.5 69 0 76 0 87 0.4 91 1 
8571 6 0.5 14 0.5 15 0 16 1 32 1 79 0.8 99 0.4 
8584 32 0.6 37 0.7 55 0 71 0.9 78 1 79 0.8 80 1 83 0.7 93 1 
8780 11 0.9 13 0.4 18 0.3 20 1 25 0.6 34 1 67 0.4 73 0 75 0.6 99 0.4 
8907 50 1 81 0.3 
8954 7 0 9 0.5 10 0 14 0.8 59 0.7 
9056 33 0.4 93 0.5 
9234 7 0.8 28 0 46 1 50 0.9 52 0 66 0.4 69 0.6 75 0.6 85 0.8 
9324 10 0 12 0.8 19 1 37 0.5 49 0.7 60 0.3 90 0.7 
9580 4 0 27 1 54 1 
9793 1 0.7 31 0 32 0.7 43 0.8 54 0.6 67 0.9 73 0 90 0 
9812 80 0.3 
9875 19 0.8 29 0.7 31 0.9 35 1 46 0 48 0 84 0.8 89 0 
