100
216 4 0.9 8 0 35 0.5 37 0.9 
231 21 1 37 0.4 93 0.3 
297 79 1 
319 30 0.8 33 0.9 
366 8 0 26 0.7 31 0.6 65 0.5 71 0.7 76 1 99 0 
403 74 0.5 
410 6 0 12 0.4 18 0 45 0.4 62 0.5 77 0 94 0.3 95 0 97 0.8 
489 18 0 75 0.9 78 0.9 
533 75 0 96 0 
611 6 0.4 52 0.4 58 0 68 1 76 0.7 
628 11 0.6 45 0 61 0.8 65 0.6 
645 2 0.6 9 0.3 14 0.3 28 0 93 0.3 
777 20 0.8 27 0 48 0 52 0.7 58 1 69 0 72 0.3 75 0.4 98 0.3 
832 21 0.3 46 0 54 0.4 
1085 42 0.3 48 0.9 54 0 57 0.6 65 0 67 0 73 0.9 93 0 
1187 5 0 18 0 28 0.9 90 0.3 
1240 7 0.5 14 0.9 27 0.9 30 0.3 39 0.7 57 1 66 0 71 0.5 
1251 30 0.9 
1317 26 0 
1328 2 0.7 7 0.3 13 0.3 36 0.4 38 0.7 40 0.5 55 0 63 0 71 0.4 91 0 
1468 52 0.5 69 0 
1554 6 0.3 19 0.4 27 0.5 34 0 
1569 2 0.8 5 0 8 0 20 0.4 26 0.3 42 0 49 0.4 99 0.8 
1607 1 0.9 24 0.5 25 0.7 27 0 41 0 44 0.9 47 1 52 1 92 0 
1724 12 0.4 37 0.6 41 0 68 0 71 0.8 
1835 18 0 
1945 17 0 42 0.9 55 0.4 59 0.4 68 0.6 80 0.7 81 0.4 95 0 
1953 1 1 5 0 14 0 24 0.8 62 0.3 64 0.8 87 0.6 
2017 4 0.7 15 0 26 1 27 0 32 0.5 35 0 48 1 
2182 7 0.7 13 0.6 19 0.8 27 0.3 34 0 78 0 83 0.5 90 0.3 
2214 1 0.3 13 0.4 42 0.8 67 0.5 68 0.3 72 0.6 88 0.3 
2221 8 0.6 49 0.8 52 0 65 0.8 93 0.4 97 0.3 98 0.6 
2389 19 0.6 40 0.8 43 0.6 63 1 71 0.9 83 0 
2399 16 0.5 
2433 4 0.8 14 0.5 27 0.8 33 0.8 36 0 57 0.3 82 0.4 91 0.9 
2516 1 0 70 0 84 0 90 0.5 
2628 3 1 5 1 34 0.8 46 0 65 0.6 77 0 86 0 87 0.4 99 0 
2749 10 0 60 0.8 68 0.5 
2752 14 0.8 33 0.8 40 0.9 61 1 63 0 66 0 
2809 90 0 
2819 22 0.3 26 0 32 0.4 44 0.3 48 0.7 59 0.4 60 0.3 86 0 99 0.9 
2833 18 0 
2848 1 0.6 42 0.7 46 0.7 56 0.3 59 0 82 0 
3155 13 0.4 28 0.4 42 0 44 0 55 1 71 0.6 76 0.7 80 0.5 83 0 96 0.8 
3350 90 0.9 
3663 7 0.9 38 0.5 47 0.3 59 0 
3672 81 0.5 82 0.9 91 0.9 92 0.7 
3828 2 0.9 33 0.6 81 0.4 
3849 5 0.3 16 0.6 21 0.3 28 0 50 0.5 65 0 
3920 81 0.5 93 1 95 0.6 97 0.9 
3965 7 0.3 37 0 43 0.8 46 0.4 50 0.5 55 0.3 78 0.8 83 0.5 97 0 
4075 12 0.6 87 0.3 89 0.3 
4358 4 0.4 7 0.3 22 0.3 63 1 71 0.5 87 0.8 
4488 2 0.4 26 0 30 0 67 0.4 68 0.5 73 0.6 98 0 
4582 16 0 30 0 31 0.4 32 0.3 36 0.6 39 0.5 
4598 8 0.5 11 0.8 40 0 58 0.9 66 0.4 68 0.7 81 0.7 
4724 26 1 28 0.3 31 0 62 0 65 0 95 0.6 
4915 61 0.7 
4957 28 0 32 0.5 35 0 45 0 58 0.8 62 0 95 0.3 
5064 0 0.5 46 0.7 
5101 7 0 59 0 65 0.8 66 0.3 70 0.5 74 0.7 93 1 
5103 1 0 6 0 43 0.3 46 1 71 1 73 0.4 
5132 58 0.5 
5347 44 0 67 0.8 89 0 
5377 20 0.6 
5403 3 1 9 0.5 26 0.8 29 0.4 31 0.6 67 0.3 69 0 87 0.8 
5687 4 0 21 0 28 0.4 33 0.8 45 0.5 65 0 89 0.6 90 0 
5891 25 0 32 0.7 40 0.9 59 0.9 66 0 89 0 
5954 17 0 23 0.9 45 0 
6035 92 0 
6146 29 0.9 36 0.9 44 0 51 0 55 0.5 84 1 
6207 22 0 35 0.3 
6639 9 0 14 0 17 0.5 48 0.4 57 0.6 61 0.3 63 0 68 0.9 93 0.6 
6671 25 0 74 0.9 
6682 0 0.3 7 0.4 80 0 86 0.6 
6685 12 0 80 0.9 88 0 91 0.6 
7322 3 0.5 4 0.5 9 0 16 0.7 20 0 30 0 40 0 70 0 86 0.3 92 0.4 
7377 8 1 23 0 28 0 37 1 
7400 26 0.3 27 0.7 59 0.9 73 0.8 85 0 89 0 
7561 6 0 37 0 71 0.3 
7612 1 0.3 8 0.6 17 0.4 34 0.9 53 0.5 
7633 26 0 36 0 50 0 63 0.5 65 0 69 0.4 85 0.6 
7645 2 1 4 0.5 9 0.4 17 0 19 0 44 0.5 88 0 
8059 6 0.9 16 0.7 26 1 29 0 39 0 41 0.8 46 0 59 0.9 85 0 
8144 47 0.8 74 1 94 0.6 98 0.8 
8484 12 0.8 46 0 79 0 
8537 35 0.4 98 0.7 
8598 14 0 24 0.5 25 0.7 31 0.8 38 0 51 0.8 64 0.4 68 0.6 82 0 89 0 
8981 9 0.8 29 0.8 
9126 3 0.8 11 0.7 21 0.6 49 0.9 55 0.8 58 0.3 68 0 89 0.3 
9137 22 0 
9206 3 0.8 30 0.5 
9277 23 0 92 0 
9390 36 0.6 41 1 70 0.3 74 0.5 77 0 81 0.3 91 0.3 
9463 8 0.6 13 0 14 0 39 0.6 51 0 52 0.3 56 0.9 62 0 78 0.5 88 0.8 
9483 55 0.9 60 0.8 65 0.6 69 0.9 75 0 76 1 
9717 25 0.9 38 0.3 44 0.8 53 1 61 0.6 67 0 72 0.7 85 0.8 91 0.6 96 0.3 
9770 6 0.8 17 0.9 32 0.3 78 0.8 93 0.3 
9885 29 0.4 36 0.8 
9903 6 0 64 0.9 65 0 68 0.8 70 0.7 79 0 
