100
112 12 0 22 0.3 30 1 32 0.5 40 0.7 53 0 62 0 81 1 86 0.4 98 0 
263 17 0.6 39 0 52 0 53 0.6 78 0.8 81 0.3 83 0.5 
401 26 0.6 36 0.4 53 0 68 0.8 76 0.3 83 0.8 87 0 91 0 97 0.5 
403 74 0.8 
568 9 0.6 18 0.9 40 0 
614 1 0.5 23 0.9 26 0.9 32 0.3 40 0 81 0.3 96 0.9 
618 1 0 10 0 47 0.8 
737 36 0.6 43 0.9 46 0.6 59 0.3 69 0 90 0 
796 27 0 75 0 76 0.9 80 0.6 84 0.9 94 0.3 
805 22 0.8 29 0.9 33 0.8 35 0.8 68 0.3 75 0.6 94 0.7 
839 0 0.6 4 0 21 0.7 23 0.9 27 0.6 77 0.9 87 0 
840 44 0 49 0 
914 3 0 29 0.7 34 0 62 0.4 64 0.4 92 1 
958 14 0.9 49 0.7 68 0 
1002 29 0.7 48 0 54 0.5 63 0.9 93 0 
1011 1 0.9 4 0.6 28 0.9 31 0 78 0.8 93 1 
1276 22 0.8 53 0 56 0.9 93 0.6 
1319 28 0 36 0.5 66 1 77 0.3 78 1 
1405 94 0 
1557 3 0.7 30 0 61 0.6 75 0.4 83 0.6 86 0.9 92 0 96 0 
1583 4 0.7 19 0.7 35 0.8 37 1 65 1 69 0.6 80 0.7 
1712 1 0.3 7 0.8 13 1 15 0.4 16 0 29 1 55 0 83 0.6 89 0.7 
1996 0 0.9 16 0.8 35 0 58 0.8 60 0.7 69 0 82 0.8 90 0.4 
2213 24 0 49 0.6 70 0.4 95 0 
2429 1 0.4 10 0 12 0.7 16 0.7 19 0.8 21 0.3 88 0.8 92 0.5 94 0.5 
2442 10 0.6 22 0 23 0.8 56 0.6 68 0.5 
2492 2 0 3 0.4 16 0 49 0.5 53 0.3 58 0.8 70 0.5 88 0 95 0.3 99 0.7 
2573 3 0.9 33 0.6 69 0.8 72 0 76 0 95 0 
2574 14 0.4 17 0 37 0.8 58 0 62 0.6 78 0.6 88 0 
2616 23 0 66 1 75 0.8 81 0.3 94 0 
2646 5 1 10 0.9 31 0.5 54 0 55 0.8 68 0 77 0.4 82 0 
2706 16 0.4 
2799 46 0 54 0.9 
2855 26 0 33 0 43 0.9 56 1 66 0.5 68 0.8 70 0.6 74 0.6 92 0.9 
2889 34 0 52 0 
2905 5 0.7 96 0 
3102 11 1 44 0.4 52 0.4 67 0.6 81 0 96 0.8 
3766 1 0 11 0.7 39 0 42 0.9 49 0 59 1 83 0 89 0 97 0 
3882 1 0.5 19 0.8 66 1 96 0.8 
3924 11 0.8 44 1 77 0.8 78 0.4 
4023 81 0.5 
4057 49 0 93 1 
4152 21 0.7 60 1 66 0.5 84 0 91 0.4 
4184 10 0.9 
4653 52 0.4 57 0.7 70 0 
4654 52 0.5 
4687 23 0 26 0.4 27 1 45 0.7 57 0.4 79 0.4 82 0.6 
4771 26 1 43 0.8 47 1 50 0.5 51 0.7 62 0.8 85 0.6 
4773 2 0.9 33 1 39 0.3 71 0.6 76 0.6 
4839 7 0.4 43 0.5 54 0 63 1 70 0.3 78 0.6 91 0.8 99 0.5 
4908 27 0.3 28 0.3 32 0.5 44 0 45 0 54 0.7 80 0 
4916 23 0.3 42 0.4 43 0 57 0.3 58 0.9 63 0.8 64 1 93 0.7 
5001 0 0 20 0.6 31 0.5 32 0.4 39 0.6 43 0.9 51 0.9 69 0 97 0.5 
5025 21 0.6 35 1 39 0 69 0.4 78 0.6 79 0 
5109 14 0.7 15 0.9 23 0 41 0.4 45 0.9 46 0 50 0.5 63 0 90 0 
5249 97 1 
5305 10 0.4 40 0 51 0.7 52 0.7 77 0.6 91 0.7 99 1 
5416 1 1 
5576 9 0.7 20 0.8 48 0 49 0.3 55 0.3 60 0.4 65 0 
5666 11 0.3 17 1 31 0.5 62 1 98 0.4 
5960 3 1 11 0.8 13 0.3 25 0 29 0.5 41 0.4 53 0 62 0.7 84 0.7 90 0.3 
6278 29 0.7 33 0 37 0.8 43 0 46 0.7 57 0 75 0.3 91 0 96 0.9 
6326 39 0 60 0.7 82 0.8 84 1 
6329 9 0 17 0.6 26 0.6 56 0.7 62 0.6 73 0.8 78 1 89 0 91 0.4 96 0 
6565 5 0 12 0.9 40 0.6 47 1 74 0 
6660 8 0.9 33 1 35 0 45 0.3 51 0 60 0 85 0 
6757 95 0.9 99 1 
6775 12 0 50 0.5 65 0.7 92 0.5 
7156 18 0.4 38 0 55 0.3 91 0.7 
7211 23 0 51 0.4 
7245 25 0.3 66 1 94 0 
7255 1 0.9 13 0.9 19 0 23 0.6 68 1 89 0.8 91 0 92 0.4 
7407 10 0.4 83 0.4 
7507 17 0.9 22 0.5 27 0.7 64 0.8 67 0.8 74 0.9 78 0.3 89 0 97 1 
7756 18 0.9 29 0 34 0.4 76 0.5 99 0.4 
7912 14 0.4 22 1 26 0.9 37 0 40 0.8 59 0.9 69 0.8 86 0.6 
7994 42 0.5 52 0.9 80 0.8 85 0.3 
8149 47 0 78 0 97 0.6 
8463 20 0.9 37 0.5 46 0.5 57 0 73 0 77 0.3 98 0 
8614 2 0.9 7 0.7 22 0 27 0.4 41 0.9 45 0.9 71 0.9 87 0.9 90 0.3 99 0.8 
8674 3 1 4 0.7 55 0 65 0 90 0.6 
8713 4 1 5 0.4 8 1 17 0.3 21 0.9 54 0 96 0 97 0.5 
8798 12 0.6 24 0.6 
8807 11 0.6 26 0 34 0 
9032 6 0.7 29 0.6 35 0.6 
9066 12 0.9 14 0.4 18 0.8 21 0 22 0.5 47 0.5 78 0.8 90 0.6 98 0.8 
9095 19 0 36 0.7 38 0.6 40 0 51 0.4 67 0 69 0.8 85 0 90 0 
9107 5 0.5 6 0.6 7 0.8 24 0.4 39 0.8 41 0.8 42 0.8 45 0 54 0.7 64 0.8 
9164 26 0.8 53 0 55 0.9 61 0.8 
9194 17 1 24 0.8 32 0.3 36 0 47 0.7 49 0.6 52 0 63 1 90 0.6 94 0.6 
9298 37 0.3 59 0.4 75 0.6 89 0.4 
9362 12 0.9 22 0.9 37 0 43 1 98 0.5 
9439 27 1 31 0.6 42 0 49 0 77 0.7 78 0.3 
9462 88 0.9 
9483 55 0.7 60 0.3 65 0.4 69 0 75 0.3 76 0 
9637 5 0 18 0 22 0 28 0.7 55 0 84 0.4 85 0 88 0.6 90 0 95 0.5 
9669 19 0.9 38 0.9 68 0.8 76 0.6 94 0.5 
9774 4 0 5 1 9 0.4 19 0.6 26 0.5 39 0.5 68 0.9 81 0.6 99 0.8 
9946 0 0 11 0 18 0.8 22 0 26 0.9 39 0.4 45 0.4 80 0 
9950 28 0.4 50 0.8 97 0.3 
