100
30 8 0 16 0.3 18 0.4 20 0.6 30 0 53 0.3 64 0.7 79 0.4 84 0.9 
223 30 0.5 
234 5 0 29 0.8 48 1 58 0.5 79 0.7 87 0 
296 1 0 10 0 12 0.3 17 0.9 29 0.8 40 0.3 59 0.9 67 0.6 71 0.3 
317 39 0 
394 6 0.3 18 0.3 22 1 30 0.6 51 0.3 85 0 88 0.9 90 0 91 0.5 93 0.8 
527 36 0.9 50 0.4 65 0 80 0 
539 1 0.4 32 0.7 36 0 42 0.4 45 0 48 0.9 59 0.9 60 0 77 0.8 78 0 
649 0 0.9 4 0 13 0.7 25 0.6 38 0 46 0 69 0.4 70 0.8 74 0.5 
698 2 0 5 0.3 29 0 38 0 90 0.5 
736 23 0.4 71 0 99 0.7 
757 4 1 28 0 48 0.3 91 0.3 
870 65 1 87 0.3 
885 53 0.3 75 0.4 82 0.4 
955 29 0.8 38 0 74 0.3 
959 13 0.9 49 0.5 86 0 
1305 80 0 87 1 
1411 15 1 20 1 23 0 29 0.4 83 0 88 0 91 0.8 95 0.5 97 0 
1429 24 1 27 0.4 42 0 51 1 91 0 
1447 20 0 25 0 45 1 49 0 76 0.6 83 0 94 0.3 95 0 96 0 
1502 67 0.8 
1689 11 0.9 13 0 23 0.4 33 0 37 0 40 0.3 51 0.4 61 0 68 0.7 75 0.9 
1732 4 0.8 23 0.3 31 0.3 52 0.8 97 0.7 
1742 5 0.9 52 0.3 58 0.4 69 0 71 0.8 74 0.8 75 0.4 82 0.4 86 0.7 94 0.7 
1784 53 0.7 93 0.6 95 0.9 
1865 4 0 32 0.4 40 0.7 72 0.9 73 0 95 0.9 
1866 5 0 16 0.4 42 0 68 0.9 
1900 6 0.5 15 0 29 0.6 37 0 47 0.8 62 0 72 0 76 0.7 79 0.9 89 0.8 
1918 28 0 53 0 54 0 79 0.6 97 0.8 
1969 4 0.6 73 0.9 82 0.5 
2048 43 1 52 0 
2061 5 0.5 19 1 27 0.9 45 0.6 56 0.8 85 0.5 89 0.6 
2268 17 0.4 41 0.6 68 0.8 76 0 
2417 7 0 18 1 30 0.9 43 0.4 62 0 88 0.6 
2453 1 0 27 0.8 
2524 14 0.5 21 0 24 0.8 30 1 33 0 34 0 49 0.6 60 1 97 0.9 
2567 6 0.8 15 0.3 39 1 64 0 84 0 94 0.8 
2585 14 0.8 24 0 33 0.7 53 0 74 0.3 93 0.6 
2589 94 0.4 
2680 1 0 8 0.4 12 0.9 32 0.8 55 0.9 65 0.5 86 0.6 90 0.8 97 0 
2714 5 0.8 56 0.7 
2751 15 0.4 16 1 20 0 28 0.7 43 0.3 55 0.3 63 0.9 65 0.8 67 0 76 0.3 
2872 20 0 26 0.9 75 1 95 0.8 
2889 34 0 52 0.5 
3101 15 0.3 20 0 42 0 58 0.5 
3312 83 0.8 99 0.8 
3350 90 0 
3351 10 0.5 17 0.7 19 0 22 0.3 28 0.8 41 0 44 0.6 63 0.8 81 1 84 0.6 
3506 1 0 8 0.6 72 0 
3555 14 0.7 20 0 24 0.3 27 0.6 39 0.5 53 0.9 66 1 68 0.9 89 1 91 0.8 
3622 34 0.3 
3635 0 0.7 5 0 14 0.9 20 0.9 21 0.7 37 0.9 63 0 77 0 90 0 97 1 
3646 11 0 33 0.9 63 0.4 78 0.5 79 1 
3691 4 0.8 22 0.8 23 0.6 64 0 69 0 70 0.8 72 0.7 87 0.6 98 0.4 
3697 13 0.7 25 0.8 30 0.4 35 0.8 54 0.8 79 0.7 
3732 12 0.4 13 0.6 58 0.4 60 0 75 0.5 82 0.8 85 0 96 0.9 
4262 56 0 70 0 
4328 6 0.6 26 0.4 80 0.5 86 0.5 
4483 0 0.6 4 0.8 40 0.3 47 0 60 1 62 0.8 78 0.4 79 0.9 84 0 
4487 7 0.3 19 0 28 0.5 35 0 36 0.7 40 1 47 0 50 0.9 56 0.5 71 0 
4553 1 0.3 4 0.7 22 0 31 0.8 33 0.8 48 0.9 65 0.3 75 0.5 99 0 
4632 21 0.9 24 0.6 33 0.4 34 0.6 89 0.3 
4821 22 0.9 26 0.4 31 0.8 50 0.7 59 0 61 0.7 77 0.8 88 0.9 98 0 
4942 33 0 37 0.8 85 0.4 92 0.5 
5163 4 0 12 0.5 14 0.7 25 1 30 0 36 0.9 59 0.9 84 0.5 85 0.7 
5887 12 0.6 14 0.3 28 0.6 55 0.7 63 0.4 65 0.3 73 0.5 83 0.4 
5912 50 0.3 53 0.3 67 1 
5932 3 0.5 11 0.7 27 0.7 56 0 60 1 79 0.8 84 0 94 0.7 
5984 11 0.5 65 1 69 0.7 88 1 
6118 8 0.5 88 0 
6472 10 0.4 31 0.8 34 0 38 0.5 76 1 95 1 98 0.4 99 0.7 
6740 15 0.3 87 0 95 0.7 97 0.4 
6805 15 0.5 39 0.8 45 0.3 56 0.9 
6814 0 0.6 6 0 20 0 26 0 29 0 34 0 57 0.5 87 1 98 0.5 
6868 31 0.5 34 0.7 37 0 55 0 67 0.7 73 0 76 0.7 85 0.6 99 0.6 
6869 55 0.7 58 0.4 71 0.5 97 1 
7047 28 0 34 0.7 58 0.6 67 0.6 81 0.6 85 0 89 0.5 91 0.7 
7145 3 0 49 1 69 0.9 92 0.9 
7166 13 0.8 48 0.4 52 0.7 67 0.8 82 0.9 
7239 1 0.4 12 0.5 13 0 40 0.6 41 0.6 47 0.8 64 0.5 
7425 8 0 
7537 2 0.6 3 0.4 
7568 15 0 27 0 61 0.6 96 0 
7574 39 0.7 72 0.9 
7741 10 0.6 45 0.9 61 0.7 92 0.8 
7758 0 1 3 0 85 0 
7776 1 0.5 10 0.5 30 0.9 35 0 41 0.4 62 0 63 0.5 66 0.5 67 0.6 93 0 
8112 1 0.9 14 0.5 15 0.8 46 0.9 72 0 76 0 78 0.8 81 0.4 90 0 
8120 5 0.7 6 0.3 26 0.7 36 0.7 72 0.7 74 0.9 79 0.9 80 0.7 
8587 1 0.3 35 0.5 39 0.5 41 0.5 50 0 67 0.4 84 0.9 86 0.4 92 0 
8727 7 0 15 0.9 27 0.3 29 0 57 0.8 81 0.8 97 0.3 
8787 24 0.5 78 0 
9224 44 0.3 
9392 23 0.7 56 1 65 0.7 76 0.3 83 0 
9599 2 0.9 3 0 50 0.4 54 0.5 85 0 
9656 9 0.4 
9695 16 0 22 0.8 27 0.3 49 1 70 0.6 80 0 85 0 90 0.9 92 0.9 
9700 2 0.3 
9889 6 0.7 16 0.3 27 0.4 57 1 59 0 93 0.4 
9956 0 1 18 0.4 24 1 31 0.5 33 0 45 0 77 0.6 
