100
169 10 0.5 54 1 69 0.3 
296 1 0.8 10 1 12 0.5 17 0.7 29 0.8 40 0.9 59 0.4 67 0 71 0 
364 11 0.6 
443 49 0 54 0.8 
628 11 1 45 0.6 61 0.3 65 0 
652 23 0.4 49 0 51 0.4 59 0 70 0 77 0.9 89 0.3 90 0.6 91 0.4 
704 0 0.9 24 0.7 83 0.4 85 0.6 87 0.6 
731 4 0 20 0.9 25 0.9 26 0.5 30 0.9 31 0.7 33 0 46 0 53 0.3 66 0.7 
759 26 0.3 45 0 69 0.3 70 0 
762 43 1 75 0.9 99 1 
776 1 0.4 7 0.9 33 0 39 0.3 69 0.6 76 0 
930 11 0.4 14 0 16 0.3 40 0 42 0.4 76 0.6 77 0.8 88 0.7 
1077 24 0 44 0 49 0.4 52 0.8 65 1 68 0.5 76 1 83 0.9 90 0 95 1 
1106 17 0 27 0 51 0 80 0.5 92 0 
1132 22 0.6 31 0.6 88 0.3 96 0.4 
1215 1 0.4 2 0.6 6 0.5 61 0.7 64 0 66 0.3 93 0 94 0 
1239 20 0.3 26 0.3 40 0 74 0 95 0 
1308 3 0.8 49 1 50 0.4 54 1 61 0 65 0.3 78 0 85 0.5 90 0.7 
1348 4 0.5 11 0 18 0.4 23 0 59 0.4 76 0.6 85 0 95 0.4 
1356 4 1 14 0.3 23 0.4 38 0 40 0 62 0.8 64 0.3 71 1 82 0 
1395 27 0.5 47 0.9 57 0.6 60 0.5 87 0.6 88 0.8 90 0.3 96 0.4 
1678 35 0.9 42 0 58 0 65 0 70 0.8 88 0 89 0.4 91 0.8 93 0.3 
1688 4 0.4 22 0 25 0 45 0.4 46 0.8 76 0 99 0.3 
1740 17 0.7 22 0.5 27 0.7 32 0 54 0.8 60 0.4 73 0 
1756 11 0.6 42 0.9 52 0.7 60 0.8 80 0.7 89 0.7 93 0.7 98 1 
1758 0 0.3 21 0 66 0.3 91 0.8 
1825 88 1 
2050 34 0.3 77 0 
2064 55 0.9 75 0 90 0.3 93 0.7 94 0.3 
2113 3 1 4 0.4 6 0.4 22 0.3 28 0.4 35 0.8 57 0 65 0 72 0 92 1 
2207 10 0 12 1 21 0 36 0.4 44 0 49 0 57 0.5 73 0 91 0.6 
2364 4 0.7 8 0.5 42 0 44 0.3 55 0.9 71 0.5 74 0.4 79 0.6 87 0.9 89 0.4 
2454 8 0.5 10 0.6 17 0.6 42 0.9 51 0.8 56 0.3 65 0.3 73 0.3 81 0 91 0.3 
2513 2 0.4 19 0.3 21 0 42 0 59 0.7 76 0.3 89 0.8 
2546 25 0.4 82 0.8 93 0.8 
2705 11 1 27 0 45 0.5 65 0 94 0.9 
2727 15 0 23 0.8 44 1 49 0.6 51 0.8 55 0.5 71 0.6 72 1 79 0.6 
2813 9 1 12 1 15 1 31 0.5 43 0.8 57 0 61 0.7 77 0.5 97 0.4 
2820 41 0.4 84 0 
2841 90 0.5 
2923 46 0.4 70 0.3 
3037 1 1 8 0.9 18 0.3 72 0 89 0.5 
3098 13 0 56 0.6 62 0.7 89 0.4 90 0.9 91 0.3 
3132 5 0 16 0 40 0 74 0 91 0 
3297 51 0.8 67 0.4 72 0 
3302 13 0.6 
3480 5 0 
3483 27 0.5 93 0.8 
3495 0 0.4 15 0 25 1 37 0.4 40 0.5 44 0 80 0.9 89 0 91 0 92 0.3 
4200 6 0.9 42 0 
4201 20 0.6 27 0 71 0 90 0.3 93 0.4 99 0 
4398 18 0.8 21 0.4 33 1 75 0.5 85 0 96 0 
4511 5 0.7 11 0.7 18 0.7 20 1 30 0.7 33 0.7 52 0.4 62 0.5 
4576 22 0.9 32 0.5 59 0.4 61 0.9 92 0.5 
4805 30 0.8 33 0.5 51 0.3 57 0.6 86 0 
4929 25 0 30 0.9 59 0.8 
4933 7 0 44 0.7 45 0.7 58 0 76 0.5 86 0 90 1 91 0 
5032 0 0 6 0.6 75 0.3 89 0.4 
5074 64 1 66 0.5 71 0.3 72 0.4 77 0.9 90 0 99 0.9 
5448 8 0.8 17 0 36 0 39 0.6 58 0 63 0 97 0.4 
5531 0 0.5 4 0.6 6 0.7 41 0.8 43 0.8 57 0.7 94 1 95 0.3 
5579 13 0 21 0.9 49 1 51 0.3 64 0.6 65 0.4 
5767 20 0.4 24 0.8 37 0.4 66 0.8 70 0.3 85 0 
5922 60 0.4 
6054 6 0 26 0.9 31 0.8 40 0 81 0.5 85 0 
6267 36 0 49 0.3 54 0.8 56 0 57 0 73 0.6 86 0.8 95 1 
6481 37 0 45 0.9 56 0 64 0.5 90 0.3 93 0 
6493 1 0 58 1 61 1 72 0.5 75 0.8 77 0.5 89 0.8 95 1 99 0.3 
6758 60 0.9 
6898 27 0.6 35 0 41 1 47 0.9 50 0.6 62 0.5 99 0 
7103 15 0.6 37 0 45 0.5 50 0.3 60 0.4 75 0.4 85 0.3 97 0.5 
7124 3 0.3 22 0.7 26 0 43 0 54 0.9 63 0.9 67 0.6 91 0.7 95 0.8 
7389 7 0.3 81 0.7 98 0.9 
7414 4 1 5 0.4 16 1 35 0.6 44 0.3 69 0 73 0.6 74 1 99 0 
7458 81 0.7 
7479 3 0 9 0.7 35 0.6 50 0.9 54 0 55 0.5 59 0.8 76 0 
7525 40 0.4 54 0 
8019 4 0.6 13 0.4 15 0 25 0 44 0.5 46 0.4 51 0.5 82 0.8 
8028 2 0 15 0.5 59 0 66 0.5 83 0.8 84 0.5 87 0.3 
8052 35 0.8 
8308 0 0.7 3 0.3 16 0 27 0.7 39 0.7 65 0.4 91 0.5 
8583 0 1 21 0.6 30 0 45 0 59 0.5 72 0 83 0.8 85 0.8 91 0.8 
8689 0 0 9 0 43 0 44 0.6 52 0.3 62 0.3 73 0.3 78 0.7 93 0.7 97 0.9 
8751 3 0.8 7 0.8 10 0.3 15 0.3 82 0.6 
8775 0 0.8 6 0.6 11 0.3 16 0.6 18 1 47 0.6 62 0.6 91 0 92 0.5 
8869 61 0 71 0.7 77 0.3 
9003 15 0.3 42 0.7 77 0.9 89 0.6 
9138 31 0.5 58 1 70 0.3 
9157 19 0.9 22 0.9 32 0.4 45 0 99 0 
9218 8 0.3 9 0.4 33 0.6 40 0 47 0.4 49 0.7 86 0.9 96 0 98 0.6 
9257 3 0 27 0.7 36 0.5 40 0 45 0 64 0.3 88 0.9 
9390 36 0.9 41 0.8 70 0 74 0.4 77 1 81 0.7 91 0 
9410 16 0 17 1 26 0 43 0.8 75 0.4 95 1 96 1 
9497 17 0 33 0 51 0.8 74 0 83 0.4 97 1 
9627 7 1 17 0 18 0.5 25 0.6 44 0.9 52 0.6 65 0.7 76 0 77 0.6 84 0 
9756 10 0.5 12 0.7 25 0.3 26 0 39 0.7 49 0.7 59 0.3 71 0.5 96 0 
9825 0 0.3 3 0.9 22 0.4 67 0 75 0.9 82 0 86 0.9 
9854 3 0.3 13 0.7 15 0.8 27 0.3 34 0.7 51 0 85 0.8 93 0.9 97 0.5 98 0 
9858 8 0.3 33 0 34 0 53 0.8 93 0.4 
9935 3 0.4 76 0.9 96 0 99 0 
