100
42 2 0.7 20 0.5 36 0.6 61 0.5 73 0 76 0.8 78 0.4 83 0.3 87 0 89 0.3 
204 82 0 96 0.3 
211 4 1 11 0.8 14 0.9 23 0.9 27 0.4 30 0.5 37 0.5 88 0.5 97 0.8 
219 18 0 38 0.4 
254 38 0 49 0.5 54 0.7 63 1 65 1 99 0 
294 21 0.3 43 0.4 49 1 
486 51 0.6 54 0.3 
557 50 0.5 86 0.7 
964 20 0 21 0 24 0 53 0.4 66 0 72 0.5 77 0 89 0.9 90 0 91 0.7 
997 12 0.3 14 0.3 
1004 30 1 39 0.3 51 0 53 0.5 60 0.5 79 0.6 80 0 84 0 95 0 
1188 6 0 17 0.8 36 0 41 1 68 0.7 
1189 1 0.6 5 0.6 10 0.7 37 0.7 41 0.6 78 0.5 
1200 2 0.9 8 0.7 43 0.4 46 0 50 0.6 53 0 85 0.7 94 0.7 
1313 3 0 6 0.3 57 0 60 0.7 71 0.6 72 0.7 80 0.5 90 0 99 0 
1329 2 0 14 0 15 0.7 36 0 48 0.9 77 0.5 
1531 34 0.3 40 0.7 53 0.3 62 0.9 64 0 72 0.7 92 0.8 94 0 
1577 68 0 
1680 15 0.5 18 0.7 43 1 44 0.9 58 0 
1883 5 0.8 7 0 13 0.5 14 0.9 45 0 46 0.3 61 0.6 69 0.6 72 0.5 
2014 8 1 10 0.7 27 0.8 32 0.8 41 0.5 49 1 64 0.9 82 0.9 89 0 95 0.7 
2028 8 0.7 27 0.3 28 0.6 41 0.4 66 0.5 69 0.4 87 0.8 
2110 4 0.5 11 1 26 0.5 28 0.4 50 0 57 0.3 89 0.7 91 0.8 
2115 4 0 7 0.8 32 0.9 45 0 59 0 84 0 85 0.4 89 0.6 94 0 99 0.5 
2297 15 1 16 0.4 45 0.6 73 0 82 0.5 89 0.4 
2405 47 0 
2447 6 0.4 13 0 26 0.9 27 0 38 0.6 47 0.5 64 0.8 
2490 9 0 95 0.8 96 0.5 
2514 28 0.7 67 0.3 
2650 6 0.3 29 0.5 46 0.6 74 1 89 0.6 
2694 6 0 46 0.9 73 0 82 0 
2866 2 0 19 0 42 0.7 53 0 61 0.8 64 0.4 71 0 80 0 
3114 36 0.7 48 0.3 49 0.9 56 0.7 81 0.7 
3377 9 0 39 0 40 0 42 0.8 86 0 
3482 21 1 25 0.8 30 0.9 34 0.9 54 1 81 0.6 84 0.3 98 0 
3703 3 0.3 10 0 22 0.9 27 0.7 28 0.7 36 0 37 0.8 52 0.6 64 0 68 0.8 
3735 6 0.9 13 0 14 1 34 1 39 0.6 58 0.6 69 0.7 88 0.9 
3842 4 0 18 0.7 26 0 
3975 16 0.6 27 0.3 67 0.5 74 0.3 
4064 29 0 49 0.9 54 1 59 0.8 67 0 91 0.8 97 0 
4169 42 0.7 
4306 9 0.3 22 0 27 0.3 35 0.8 39 0.3 57 0.6 66 0 70 0.3 
4310 1 0.5 11 0.9 75 0.9 93 0.6 95 0.5 
4354 18 0 49 0.6 54 0 58 0.3 73 0.5 74 0 98 0 
4580 5 0 11 0.7 27 0.8 48 0.5 49 0.5 69 0.6 71 0 80 1 82 0.7 
4681 23 0.8 30 0.4 75 0 79 0 
5094 0 1 45 0 46 0.5 
5192 7 0.8 46 0.6 71 0.5 81 0 
5218 16 0 28 0.5 46 0.6 48 0 51 0.8 64 0.9 70 0.4 81 0 
5587 1 0 6 1 23 1 33 0 49 0 
5606 1 1 18 0.8 58 0 67 0.7 77 0.3 
5740 13 0.3 15 0.5 16 0 36 1 41 0 57 0.6 60 0.4 79 0.5 80 0 87 0.7 
6029 20 0 81 0.6 96 0.6 
6230 51 0.7 56 0.8 71 0.4 98 0 
6412 27 0.6 64 0.4 92 0 
6603 5 0.3 8 0.8 11 0.3 31 0.5 42 1 54 0.8 65 0 74 0.4 
6630 44 0.7 76 0 
6685 12 0.7 80 0 88 0.4 91 0.3 
6703 2 1 31 0 64 0.4 93 0.4 
6739 5 0.9 13 0.8 48 0.5 55 0 78 0 90 0.9 
7008 63 0 85 0.7 
7043 18 0.8 23 0.3 55 0 77 0 79 0.8 98 0 
7091 5 0.6 6 0.8 15 0.6 24 0 25 1 26 0.6 31 1 52 0 83 0.5 
7147 11 0.7 20 0.3 24 0.3 25 0.5 30 0.6 41 0.7 68 0.9 74 0.3 89 1 
7190 34 0.9 42 0.7 
7200 4 0.5 10 0.6 22 0 29 1 35 0 37 0.7 38 0.8 67 0.8 74 0.7 76 0.8 
7211 23 0.3 51 0.9 
7212 9 1 16 0.4 26 0 50 0.6 55 0.7 67 0.5 69 0.6 76 0.5 83 0.8 95 0.8 
7305 15 0 50 0.7 59 0 
7310 4 0.7 8 0.7 12 0 38 1 73 1 84 1 
7360 12 0 62 0.9 75 0.5 83 1 87 0 88 0.8 89 0.7 
7420 19 0.8 76 0 88 0 97 0.8 
7604 2 0.3 7 0 13 0.7 27 0.7 28 0.6 30 0 46 0 62 0.4 76 0 94 0.4 
7626 1 0.5 6 0 58 0.9 59 0.4 69 0 
7643 8 0 27 1 34 0 49 1 65 0.6 66 0 69 0 70 0.7 76 0 78 0.3 
7650 7 0 21 0.9 24 0.6 37 0.4 43 0.3 44 0 83 0.4 96 0.7 99 1 
7792 10 0.5 23 0.7 38 0 46 0.3 49 0.6 64 0 65 0.7 76 0.3 77 0 
7841 16 0.4 27 0.7 29 0.5 32 0 46 0 61 0.5 75 0.8 83 0.5 
7903 38 0.7 
7991 22 0.7 74 0.5 
8069 0 0 21 0.3 48 0.6 50 0.6 68 0.9 89 1 
8242 12 0 16 0.4 17 0.3 28 0.8 49 0.4 58 1 85 0 98 0.4 
8510 41 0.7 51 0 54 0 59 0.3 89 0 91 0.9 95 0.5 
8738 40 0.5 
8942 90 0.7 
8946 67 0.9 72 0.8 80 0.3 97 0 
8953 60 0.4 62 0.3 64 0.9 79 0.3 
9045 20 0 33 0 45 1 52 0.4 91 0.7 95 0.9 
9104 5 0 14 0.4 32 0 48 0 90 0.4 
9127 10 0 26 0 42 0.8 44 0.6 46 0.3 51 0.7 89 0.8 
9222 72 0.4 
9305 14 0.7 
9430 11 0.5 43 1 46 0.7 49 0 59 0.5 65 0 74 0 81 0.4 
9479 59 0.9 
9629 14 1 26 0.6 35 0.8 42 0.6 45 0.3 61 0.8 
9680 28 0.9 37 1 45 0.6 
9689 7 0 18 0.4 27 0.7 36 0.6 42 0.7 54 0.5 61 1 67 0.8 85 1 86 0.8 
9915 99 0.4 
9925 10 0 58 0.9 
9973 18 0.5 23 1 58 0.3 
