100
371 3 0.9 24 0.8 
376 17 0.7 28 0.9 45 0.4 82 0 
467 16 0.6 21 0 23 0.6 25 0 32 0.3 34 0.4 41 0.4 59 0.4 63 0.4 72 0.7 
584 0 0 5 0.3 15 0.9 49 0.6 93 0 
727 18 0.8 20 1 27 0.6 34 0 82 0.4 91 0.4 95 0.7 99 0.3 
728 7 0.9 42 1 
894 2 0 6 0.6 14 1 59 0.9 66 1 73 0.5 97 0.9 99 0.3 
904 19 0 28 0.6 50 0.5 52 0.6 58 0.7 97 0.7 
1044 89 0.6 
1088 10 0.3 37 0 45 0.3 47 1 52 0.7 54 0 61 1 65 0.6 69 0 78 0 
1155 5 0 7 0.8 16 0 18 0 25 0.4 47 0.3 66 0.6 98 0 
1218 2 0.5 13 0 37 1 55 1 64 0.5 69 0.7 78 0.4 
1383 10 0.9 67 0.8 94 0 99 0.9 
1418 8 0.4 19 0 22 0.6 38 0.9 65 0.4 72 0 80 0.9 88 0.4 98 0.5 
1432 10 0.5 17 0 23 0.7 53 0.3 59 0 60 0.5 70 0.6 82 0.7 
1496 0 0.5 17 0.3 23 0.9 29 0.9 
1712 1 0.5 7 0.5 13 1 15 0 16 0.8 29 1 55 0.7 83 0.9 89 0.5 
1736 1 0.3 4 0.8 7 0 9 0.6 18 0 25 0 30 0 40 1 72 0.7 97 0.9 
1825 88 0.7 
1888 62 0 67 0 
1975 16 0.7 
1990 1 0.9 9 0.6 16 0.8 23 0.8 38 0.4 41 0.9 48 0.7 82 0 84 0.8 92 0 
2278 0 0.8 3 0 21 0.9 27 0 57 0 78 0.8 82 0.6 
2289 5 0 83 0 
2294 4 0.9 55 0.6 62 0 65 0.7 70 1 74 0.3 85 0.7 97 0.4 
2323 31 0 36 0 45 0.5 69 0.9 
2405 47 0.4 
2464 7 1 
2553 9 0.6 14 0.8 25 0.3 34 0.7 48 0 81 0 
2663 8 0 26 0 36 0.9 60 0.7 
2702 9 0 56 0.8 67 1 72 0 79 0.5 80 0.5 95 0.5 99 1 
2704 19 1 23 1 31 0.7 39 0.5 43 0.9 69 0.9 71 0.4 78 0.3 79 0.7 
2708 0 0.3 18 0.5 37 0.8 39 0 48 0.6 58 0 88 0 99 0 
2736 71 0.8 
2760 59 0 
2813 9 0.8 12 0 15 0.8 31 0.7 43 0.6 57 0.4 61 0.7 77 0.7 97 0.8 
2918 1 0.5 4 0.5 10 0 18 0 23 0 47 0 86 0 91 0.7 92 0.5 96 0 
3075 63 0 65 0 89 0.5 91 0.4 98 0.5 
3077 6 0.7 
3082 21 1 29 0 34 0 55 1 64 0.8 68 0 
3244 9 0 27 0 45 0.4 79 0 87 0.6 90 0.9 
3332 12 0.8 
3350 90 0 
3453 10 0 11 0 54 0.4 55 0.4 57 0.7 95 0.7 
3601 18 0 19 0.9 23 0.8 31 0.4 73 0 
3635 0 1 5 0.6 14 0.7 20 0 21 0 37 0.4 63 0.9 77 1 90 1 97 0.6 
3910 17 0.6 
3973 16 0.4 71 0.5 86 0 
3974 0 0.5 44 0.7 55 0.9 69 1 71 0.7 73 0.3 77 0 81 0.3 94 0.9 99 1 
4125 6 0.9 13 1 26 0.9 27 0.4 44 0 45 0.8 67 0 83 0.9 87 0 
4138 0 0 
4196 4 0.7 23 0.6 26 0 65 0.3 82 0.9 85 0.3 88 0.5 93 0.7 94 0.6 
4310 1 0 11 0.3 75 0.9 93 1 95 1 
4358 4 0 7 0 22 0 63 0.8 71 0.4 87 0.5 
4438 4 0.3 22 0.5 29 0 43 0.9 55 0 69 0.4 
4689 19 0.8 24 0.9 35 0 56 0.3 71 0.3 
4770 42 0.6 
4837 55 0.3 
4915 61 0 
4955 13 0 24 0.5 37 0.6 38 0 44 0 52 0.8 60 0 68 0.3 74 0.7 76 1 
5113 2 1 4 0 6 0.4 44 0.7 50 1 67 0.3 94 0 99 0.6 
5485 18 0.6 22 0.9 23 1 62 1 80 0.8 88 0.3 95 0.9 
5544 16 0.9 18 0.3 47 0.6 61 0.7 98 0 
5669 3 0 5 1 25 1 33 0.4 41 0 50 0.4 53 0.8 75 0.7 76 0.3 99 1 
5731 8 0 18 0 23 0.6 25 0.3 65 0 90 0.9 
5745 6 0 10 0.5 11 0.5 14 0.9 19 0 39 0.4 51 0.9 68 0.3 69 0.8 80 1 
5826 42 0.4 50 0.9 64 0.6 75 0.6 82 0.3 
5893 48 1 
6074 19 0 
6186 48 1 
6446 89 0.4 
6452 17 0.9 18 0.3 49 0 77 1 87 1 95 0 96 1 98 0.9 
6550 2 0 10 0 31 0 41 0 48 0.8 80 0.9 
6821 3 0.5 25 0.8 26 0.5 45 0.9 49 0.7 58 1 68 0 89 1 
7272 19 0 20 1 30 0 36 0.8 38 0 75 0 91 0.7 94 0.3 
7370 10 0.4 12 0.8 26 0.8 39 0.8 54 0.5 56 0.4 70 1 78 0.7 82 0.8 
7689 20 0.6 43 0.6 49 0.3 68 0.6 73 0.9 78 0.6 
7706 12 0.7 16 0.9 27 1 69 0 71 0.8 
7749 47 0 50 0.6 54 1 87 0 
8225 10 0.5 36 0.6 63 1 
8260 1 0 16 0 35 0.8 65 0 74 0.4 75 0 88 0.9 99 0 
8550 7 0 17 0 23 0 36 0.7 55 0 60 0 73 0.9 74 0.6 92 0.9 
8616 19 0.4 48 0.6 89 0 
8729 5 0.9 
8730 64 0.6 68 0.9 
8891 46 0.7 80 0 
8896 25 0.3 60 0.3 
8903 13 0 24 0.8 30 0 36 1 65 0 74 0 78 0 
9002 30 0.5 42 0.9 67 0.3 71 0.4 97 0 
9045 20 0.7 33 0.6 45 0 52 0 91 0.9 95 0.4 
9239 4 0.3 23 0.5 24 0.7 38 0.3 54 0.6 75 0.5 83 1 98 0.5 
9262 2 0 4 0.7 29 0.8 30 0.9 39 0.3 64 0.6 66 0.8 76 0.3 
9296 2 0.6 18 0.4 25 0.9 42 0.4 44 0 95 0.4 99 0.6 
9376 11 0 15 0 31 0.7 38 0.8 63 0.5 77 0 
9404 24 0.5 55 0 70 0.7 
9481 3 0 22 0 25 0 50 0 58 0.6 70 0.3 74 0 75 0.5 88 0.5 
9483 55 0 60 1 65 0 69 0.9 75 1 76 0.7 
9686 3 0 62 0.7 
9691 10 0.8 13 0.9 14 0.7 16 1 36 0.4 43 0 52 0.8 85 0 87 0 
9733 19 0 26 0.9 30 0.4 49 0.5 50 0.3 58 0 78 0.4 93 0 
