100
74 19 0.5 45 0.5 52 1 56 0 85 0.6 
192 16 0.4 29 0.5 35 0.8 46 0.5 73 0.3 93 0.9 
303 10 0.4 11 0.7 24 0.6 43 0.5 54 0.7 66 0.7 89 0.6 95 0.3 99 0.5 
395 33 0.7 40 1 47 1 58 0.6 66 0 67 0.4 99 0 
481 11 0 21 0.6 34 0.7 41 0.4 60 0.5 
638 6 0.5 27 0.5 52 0.8 54 0 81 0.8 84 0.9 
730 11 0 24 1 32 0 51 0 58 0.8 77 1 79 0 93 0 96 0 
881 24 0 27 0.5 91 0.4 95 1 96 0.3 
930 11 1 14 0.7 16 1 40 0.8 42 0.7 76 0.4 77 0.4 88 1 
1034 7 0.5 33 0.9 34 0.7 46 0.4 73 0.8 
1226 0 1 24 0.3 25 0 32 0.6 45 0.7 50 0.8 85 0.4 87 0 92 0.9 96 0.9 
1244 7 0.3 25 0 40 0 55 0.8 72 0 81 1 82 0.7 87 0 90 0.9 
1245 1 0.3 18 0.9 28 0.3 30 0 35 0.7 53 0.5 69 0 89 0.3 96 0.4 
1313 3 0.9 6 0.9 57 1 60 0.4 71 0.6 72 0.8 80 0.6 90 0.3 99 0 
1318 41 0.3 
1445 30 0.3 48 0.5 
1520 78 0.4 81 0.9 84 0 85 0.6 91 0.4 
1567 1 0 23 0.4 30 0 64 0 70 0.6 81 0 90 0.4 97 0.6 
1584 12 1 19 0 25 0 30 0 44 0.8 49 0.4 58 0.4 74 0 78 0.8 
1675 21 0 28 0 42 1 51 0.3 72 1 89 0.7 97 0 
1680 15 0 18 0.8 43 0.8 44 0.8 58 0 
1923 37 1 75 0.7 78 0.7 
1952 12 0.5 16 0 19 0.5 74 0.4 84 0.9 88 0 
1966 9 0.9 85 1 
2088 6 0.8 12 0.8 21 0.6 28 0.8 31 0 44 0.6 61 0.9 73 0.7 
2143 1 0 20 0.8 22 0.9 62 0.3 67 0.4 73 0.3 81 0 94 1 
2147 2 0.4 11 0.6 13 0.5 25 0 44 0 55 0.7 63 1 68 0.3 94 0 
2339 55 0 
2342 10 0 19 0.9 24 0.4 35 0.8 58 0 63 0.5 89 0.6 
2424 13 0.7 16 0.6 36 0.6 40 0.6 53 0.8 64 0.9 
2444 5 0 10 0.7 66 0.4 75 0.7 77 0.9 83 1 88 0.6 92 0.9 
2466 21 0.8 28 0.6 38 1 46 0.9 56 0 69 0.8 78 0.8 84 0.5 
2526 1 0.4 6 0 28 0.7 34 0.3 38 1 43 1 58 0.3 90 0 
2742 0 0.8 5 0.9 24 0.6 75 1 
2878 21 0.5 
3186 9 0.4 23 0 46 0 51 0.9 54 0.7 96 0.8 
3224 54 1 
3252 12 0 25 0 34 0.7 53 0 59 0.9 81 0.6 93 0.6 
3315 1 0.3 23 0 31 0.9 40 0.8 63 0 76 0.7 84 0 85 0.3 87 0.7 88 0 
3337 15 0 22 0.5 50 1 54 0.6 62 0 63 0 71 0 94 0.7 97 0.8 
3457 4 0.9 5 0 14 0 45 0.5 61 0.6 66 0.6 67 1 71 0 72 0.6 
3553 15 0.3 25 0.4 29 0 54 0.6 77 0.5 
3691 4 0.5 22 0.7 23 0.4 64 0 69 0.7 70 0.5 72 0.3 87 0.7 98 0.5 
3745 63 0.4 82 0.4 
3810 27 0 40 0 54 1 97 0.9 
3854 5 0 16 0.8 30 0.7 57 0.8 65 0 67 0.7 79 0.3 92 0.4 99 0.4 
3920 81 0 93 0 95 0 97 0 
3922 20 0.7 65 0 
3954 2 0.7 28 1 32 1 34 0.6 36 0 75 0.4 76 0.7 86 0.6 
4209 39 0 44 0 72 0.8 81 0.3 
4222 20 0.9 28 0 54 0.6 55 0 70 0.5 
4262 56 0.8 70 0.4 
4265 25 1 
4309 16 0 28 0.5 41 0.3 47 1 54 1 60 0.4 
4430 15 0.6 25 0.8 33 0.5 50 0.9 57 0.5 68 0 72 0.9 77 0.3 79 1 93 0 
4788 24 0.3 45 0.3 58 0.5 
5090 10 0 18 0 29 0.4 31 0.4 39 1 65 0.7 93 0 98 0.5 
5151 32 0.4 75 0.7 86 0 
5156 3 0.6 27 0.3 34 0.8 36 0.7 38 0 40 0.4 61 0.5 75 0.4 
5163 4 0 12 0.7 14 0 25 0.7 30 0.8 36 0.5 59 0.8 84 0.7 85 1 
5236 1 0.6 9 0.6 26 0.3 33 1 45 0.9 47 0.4 81 0.8 84 0.8 95 0.6 99 0.8 
5310 10 1 27 0.7 29 0 82 0.8 85 0.4 
5342 14 0.5 22 1 31 0.6 44 0.4 53 0.4 57 0 58 0 61 0.9 66 0 83 0.9 
5505 48 0 52 0.9 61 0.3 70 0 73 0.4 94 0.6 
5713 2 0.8 9 0.3 55 0.3 59 0.9 60 0.5 
6036 41 0.4 87 0.5 
6041 0 0.9 12 0.7 37 0.7 78 0.9 96 0.4 
6058 32 0.8 
6059 12 0.7 20 0.6 23 0.8 37 0.4 57 0.8 73 0.6 
6138 29 1 38 0.7 42 0.9 54 0.8 78 0.8 84 0.5 88 0.5 96 0 
6397 4 1 59 0.8 90 0.7 
6572 22 0 27 0.5 43 0.6 44 0 61 0.9 67 0.4 76 0 94 0 
6781 1 0.6 17 1 23 0.9 33 0.4 65 0.8 85 0.7 99 0.4 
6892 38 0.7 51 0 61 0.4 64 0 70 0.6 72 0.7 80 0.4 90 0.6 
6903 55 0.6 70 0.3 80 0.6 
6934 6 0 17 0.5 71 0.9 
7036 14 0 97 0.4 
7507 17 0.8 22 0 27 0 64 0.4 67 0.3 74 0.7 78 0.5 89 0.6 97 0 
7573 2 0.7 11 0.9 24 0.8 50 0 61 0 65 0.4 91 0.5 
7622 45 0.3 
7887 5 0.5 9 0.8 33 0 50 0.7 74 0.6 
7950 49 0.8 76 0 
7981 1 0.9 5 0.9 6 0.6 7 0 16 0.6 17 0 26 0.4 72 0 97 0 
8077 11 0.8 40 0.8 49 0.6 57 0 69 0 71 0 74 0.5 
8459 1 0.8 28 0 38 0.3 41 0.5 56 0.3 59 0.8 67 0 79 0 85 1 89 0.5 
8520 17 0.3 34 0.9 48 0.7 99 0 
8609 11 0.5 34 0.4 35 0.5 61 0 96 0.6 
8693 3 0.5 34 0.4 56 0.7 75 0 84 0.7 
8754 18 0.5 27 0.9 32 0.7 33 0 57 0.3 72 0.3 
8931 20 1 35 0 77 0.9 
9190 92 0 
9419 25 1 28 0.8 43 0 46 0.4 57 0.8 58 0.6 86 0.5 88 1 92 0.9 
9435 46 0.3 
9454 7 0.5 8 0.5 12 0 20 0.9 29 0.4 49 0.3 50 0.8 59 0.4 95 0.3 
9665 2 0 5 0 19 0.6 24 0.3 49 1 62 0.4 66 0.4 78 0 82 0.7 83 0.9 
9724 0 0.7 2 0.3 17 0.8 27 0.6 38 0 63 0 80 0.5 86 1 97 0.4 
9737 80 1 
9845 65 0.9 90 0.7 96 1 
9883 4 0.7 7 1 24 0.6 33 0 37 0.3 39 1 48 0 66 0 84 0.7 
9971 83 1 
