100
58 45 0.3 
108 28 0.8 
387 27 0 33 0 38 0.6 49 0 65 0.3 87 0.9 
532 4 0 74 0 85 0.3 
544 2 0 13 0.3 26 0.5 44 0.9 53 0.6 57 0.4 60 0.9 69 0 82 1 
583 30 0.8 81 0 
607 8 0 15 0.9 31 0.6 40 0 68 0.3 89 0.3 90 0.6 92 0.7 93 0.5 98 0 
626 44 1 52 0.4 84 0 95 0.4 
890 10 0.4 38 0.8 40 0.9 42 0 46 1 52 0.7 62 0 67 1 72 0 81 0.9 
964 20 0 21 0.5 24 0 53 0 66 0.5 72 0.5 77 0 89 0 90 0.4 91 0.4 
972 8 0.3 12 0 24 0 37 1 47 0.6 48 0.4 61 0.9 83 0 84 0.6 85 0 
998 10 0.8 23 0 38 0.4 62 0.3 63 0.5 86 0.9 
1055 21 0 45 0.5 
1091 17 0.8 66 0.8 
1125 11 0.7 35 0 47 0 77 0 82 0.4 
1202 2 0.5 9 0 15 0.4 18 0 34 0.7 75 0 76 0.9 77 0 93 0.8 
1229 20 0 30 0 40 1 43 0 45 0 61 0 84 0.6 90 0.6 
1264 11 0.3 27 0.7 71 0.5 87 0.6 
1297 8 0.9 11 0 86 0.8 
1341 0 0.3 10 0.5 40 0.6 55 0 64 0.3 72 1 73 1 96 0.7 
1349 11 0.9 57 0 68 0.4 77 0.7 94 0 98 0.3 
1423 2 0.7 5 0 22 0.7 38 0.9 76 0 84 0 
1790 26 1 40 0.8 53 1 64 0.9 
1828 1 0 10 0.7 27 0.3 42 0.5 87 0 92 1 
1903 6 0 14 0 38 1 54 0 58 0.9 93 0.8 
1988 26 0.7 31 0 
2171 22 0 42 0 53 0.5 68 0.8 
2350 8 0.5 42 0 68 0.4 93 0.8 
2391 7 1 
2482 71 0.8 81 0 84 0.9 
2647 14 0 23 0.6 59 0 68 0.8 
2677 9 0.3 12 0.7 15 0 31 0.3 32 0.3 51 0.8 57 0.5 59 0 61 0.8 66 0 
2839 41 0.6 91 1 
2889 34 0.5 52 0.9 
3358 5 0.4 13 0.3 14 0 48 0.8 61 0 63 0.9 89 0.6 96 0.3 
3422 5 0.6 18 0.6 21 0.5 35 0.7 44 0 46 0 53 1 63 0.5 64 0 82 0.5 
3516 12 0.8 13 0 21 0.6 42 0 59 0.5 60 0.4 68 0.7 69 0.6 79 0.5 98 1 
3557 1 0.9 17 0.7 28 0.6 90 0.6 96 0 
3760 23 0.7 64 0.6 95 0 
3872 10 1 
4044 3 0.8 15 0.7 18 0.7 27 1 76 0.6 82 0.6 83 0.7 88 0 94 0.8 
4199 0 0.4 3 0.7 78 0.5 90 0 
4253 6 0.3 11 0.7 26 0.7 32 0.9 54 0 57 0.5 75 0 
4433 51 0.3 
4620 19 0.7 36 0.7 45 0.9 51 0 53 1 55 0.4 
4652 0 0.6 1 0.9 12 0 17 0.8 33 0.5 39 0 91 0 
4703 5 0.4 16 0.6 17 0.5 38 0 45 0.8 59 0.5 62 0.5 
4741 31 0.5 44 0.7 56 0 
4849 0 0.5 2 0.7 32 0 36 0 48 0 70 0.3 72 0.5 78 0.4 
5007 3 0 29 0.6 69 0.5 71 0.7 83 0.5 89 0.9 90 0.8 94 0.3 
5111 10 0 12 0 19 0.5 31 0 55 0.5 74 0 85 0.5 87 0 96 0.4 
5261 19 0.5 39 0.3 60 0 80 0.4 98 0.7 
5269 71 0.6 
5313 14 0 74 0.9 
5368 6 0 21 0.6 38 0.9 50 0.3 61 0.7 63 0.7 64 0.7 84 0.9 
5420 63 0 65 0.8 80 0 
5491 39 0.4 85 0.3 90 1 
5696 56 1 61 0.5 65 1 82 0 
5816 23 0.3 99 0 
6033 6 0.8 48 0.7 66 0.8 89 1 
6095 16 0.9 40 0.6 44 0.8 81 0 83 0 99 0.5 
6207 22 0 35 0.3 
6208 1 0.5 11 1 17 0.9 22 0.8 28 0 37 0 67 0.5 86 0.8 90 0.5 
6487 5 0 9 0 30 0.7 34 1 35 0.5 61 0.5 91 0.4 
6494 46 0 50 0.7 58 0.3 66 0.9 93 0.9 
6535 49 0 67 0.8 
6571 17 0 36 0 44 0.5 45 0.7 50 0.4 61 0 76 0 94 0 97 0.8 99 0.3 
6641 7 0.8 8 0 18 0 33 0.7 65 0.8 66 0 94 0.5 95 0.8 
6790 4 0.4 12 0.7 25 0 59 1 74 0 87 0 91 0.4 99 0.9 
6800 50 0.9 59 0 60 0.7 62 0.9 96 0.4 
6934 6 0.6 17 0.3 71 0 
7040 18 1 37 0 41 0 52 0.9 58 1 
7244 7 0 8 0 18 0.5 19 0.5 39 0 43 0.6 45 0.4 57 0.7 64 0.4 99 0.5 
7301 27 0.4 54 0.5 57 1 65 0.5 74 0.7 84 0 92 0.8 95 0.3 
7411 21 0 28 0.8 
7421 36 0.3 57 0 70 0.5 
7490 19 0.8 22 0.5 24 0.5 28 0 58 0.9 64 0 82 0 83 0.3 86 0 
7870 3 0 28 0.7 91 0.8 96 0 
7953 0 0.8 97 0.8 
8025 2 0.4 11 0.4 21 0 27 0 29 0.8 61 0.8 
8053 2 0.8 15 0.5 62 0 
8063 91 0.5 
8158 4 0 10 0.5 12 0 22 0 24 1 37 0.6 81 0 98 0.3 
8236 14 0.6 30 0 46 0.3 48 0.9 81 0.5 
8386 80 0 
8399 4 1 7 0 57 0.7 67 0 68 0.4 73 0.5 85 0 95 0.5 
8533 5 0 16 0.8 17 0.5 21 0.9 40 0.5 45 0.7 70 0.3 88 0.9 91 0.4 
8674 3 1 4 1 55 0 65 0 90 0 
9027 84 0.6 98 0.3 
9068 16 0 21 0.9 36 1 44 0 47 1 58 0.3 65 0.3 84 0.4 86 0.5 94 0 
9070 11 0 22 0 25 0.3 45 0 84 0.7 94 0.8 
9178 45 0 67 0 
9240 68 0.3 
9258 14 0 39 1 59 0.8 
9463 8 0.5 13 0 14 0.9 39 0.9 51 0.4 52 0 56 0.7 62 0.3 78 0.4 88 0.5 
9521 27 1 59 0.6 72 0 75 1 79 0.5 89 0 91 0.9 92 1 97 0.7 98 0.9 
9650 28 0.5 61 1 
9865 51 0.7 59 0 63 0.3 
9877 7 0 34 0.3 36 0 38 0 53 0 54 0 56 0 57 0.3 70 0 82 1 
9986 1 0.3 14 0 46 1 55 1 77 0 96 1 99 0.5 
