100
1 69 0.8 
48 3 0.6 29 0 42 1 71 0 76 0.3 78 0.6 85 0.6 91 0 
282 0 0.9 10 0.9 58 0.4 61 0.3 83 0.5 92 0.8 96 0.5 99 0.3 
293 1 0.5 16 0.8 41 1 47 0.6 59 0.7 81 0 91 0.7 93 0 95 0 
296 1 0.4 10 0.8 12 1 17 0.5 29 0.6 40 0.8 59 0.3 67 0.7 71 0 
332 74 0.6 
399 62 0.9 73 0 77 0 
437 2 0 6 1 19 0 
456 44 0.9 51 0 59 0 82 0.8 83 0.8 
698 2 0.8 5 0.5 29 0.6 38 0.4 90 0.8 
839 0 0.6 4 0.3 21 0.4 23 0 27 0.9 77 0.7 87 0.5 
844 41 0 99 0.5 
876 0 0.8 2 0.7 10 0.4 31 0 40 0.6 51 0.8 65 0.6 71 0.9 83 0.4 
965 13 0 23 0.6 30 0.4 35 0 53 0.7 62 0 65 0.9 69 1 75 0.9 85 0.8 
1023 6 0 7 0.9 43 0.3 51 0 60 0.3 64 0.8 73 0 79 0 93 0.9 
1035 7 0.9 80 0.8 85 0.8 96 0 
1319 28 0.4 36 0.3 66 0.9 77 0 78 1 
1342 4 0 33 0 64 0 99 0.6 
1467 26 0.9 46 0.4 51 0.7 
1546 15 0 22 0.9 29 0 98 0.4 
1556 14 0 45 1 65 0.9 86 0 
1651 10 0.9 13 0.9 25 1 46 1 83 0.7 
1764 4 0.7 
1801 30 0.9 34 0 42 0.4 44 0.6 52 0.4 53 0.5 73 0.8 80 0.8 
2044 19 0 26 0 63 0 71 0.3 90 0.9 
2052 17 0.7 34 0 35 0.4 38 0.8 55 0.8 81 0.3 89 0 
2235 7 0.3 31 0 76 0 
2238 5 0.8 15 0.3 28 0 38 0.9 42 0 43 0 62 0.9 68 0.8 79 0.9 94 0.6 
2436 30 0 36 0.7 41 0.3 42 1 63 0.7 76 0.9 79 0.3 
2498 3 0 24 0.3 44 0 
2531 22 0.9 24 0.5 36 0 43 0.5 64 0.9 
2628 3 0.9 5 0.3 34 0.3 46 0.9 65 0 77 1 86 0 87 1 99 0.8 
2713 9 1 13 0 41 0 89 0.3 
2784 19 0.4 30 0.4 37 0.9 43 0.8 65 1 71 0.9 95 0 
2850 0 0.9 79 0.8 
2939 7 0.7 28 0 35 0.8 39 1 53 0 71 0.6 74 1 
2965 12 0.8 16 0.7 31 0.3 44 0.3 47 0.5 62 0.7 
3051 32 1 45 0 47 0 50 0 67 0.4 88 0.8 96 0.9 
3074 6 0.3 12 0 20 0 23 0.4 45 0 53 0.9 60 1 79 0.3 
3592 6 1 59 0.6 
3603 17 0 20 0.3 35 0.8 47 0.7 49 0.3 80 0.3 87 0 
3679 6 0.5 13 0 23 0.8 50 0.8 61 0.9 62 0.7 63 0.6 69 0 97 0.7 98 0 
3782 10 0 28 1 32 0.7 41 0 87 0 88 0.5 
3785 4 0 31 0 39 0.8 69 0.8 73 0.8 82 0.8 93 0.4 95 0.9 96 0.8 
3816 0 0.8 5 1 20 0 44 0.9 69 0 78 0.4 95 0.8 96 0 
3818 1 0.8 4 0 33 0.3 36 0.5 71 0.6 78 0.4 94 0.6 95 0.7 
3916 4 0.8 11 0 35 0.8 66 0.5 72 0.5 
4030 25 0.7 95 0.4 
4159 13 0.8 18 0.4 26 0.6 34 0.6 61 0.9 
4231 25 0.8 36 0.8 39 0.5 76 1 92 0.8 
4320 27 0.3 29 1 31 0.8 49 0.4 56 0 80 0.7 90 0.5 
4327 0 0 14 1 15 0.3 62 0.4 71 0.6 77 0.4 87 0.7 97 0 
4417 31 0.8 38 0.4 43 0.7 52 0.4 65 0.9 83 0 90 0.3 
4468 9 0.3 92 0.6 99 0.5 
4592 6 0 16 0.8 47 0.9 78 1 95 0.3 
4678 1 0.3 33 0 43 0.7 44 0.6 55 0.6 71 0.6 81 0.8 90 0.4 
4699 13 0.9 31 0.4 65 1 72 1 85 0.3 94 0.9 
4873 40 0.8 42 0 73 1 74 0.3 75 0.8 96 0.7 
5045 4 1 14 0 23 0.4 25 0.7 45 0.5 63 0.6 70 0.8 87 0.5 
5229 39 0.7 49 0.8 51 0.9 
5331 16 0.8 19 0 24 0.6 42 0.3 68 0 74 0.6 77 0 86 0.6 91 1 
5392 44 0.3 65 0.8 70 0.7 98 1 
5502 41 0.3 52 0 76 0.6 77 0 83 0 
5936 70 0 96 0 
5991 37 0.7 46 1 49 0.5 
6000 6 0 7 0.9 10 0.6 22 0.6 51 0.5 66 0.8 82 0.6 85 0.7 96 0.6 
6106 5 0 6 0.4 8 0.9 11 0.6 16 0.8 22 0.4 74 0 91 0.4 
6126 6 0.7 12 0 26 0.6 48 0 52 0.3 56 0.3 73 0.4 79 0.5 89 1 
6471 43 0.4 81 0.8 87 0.4 89 0 
6499 34 0.7 
6751 22 1 32 0 44 0.7 49 0 56 0.8 69 0.7 
6766 15 0.6 60 0 89 0.5 
7176 50 0.4 87 0.8 96 0.4 
7303 29 0.8 
7324 10 0.4 12 0 16 0.4 29 0.8 40 0.8 46 0.5 48 0 80 0.3 
7584 5 0.6 67 0 89 0 91 0 
7634 30 0.9 55 0.5 56 0.8 73 0 74 0 
7823 4 0.7 23 0.7 28 1 31 0.9 35 0 
8289 45 1 
8342 18 0.3 24 0.5 37 0 39 0.3 59 0.5 76 0.7 81 0.5 
8373 34 1 48 0.5 49 0.6 50 1 56 0.3 70 1 72 1 92 0 96 1 97 0.7 
8384 9 0 49 0 81 0.5 84 0.9 95 0.8 
8458 9 0 12 0.7 20 0.6 21 0.8 33 0.6 48 0.5 54 0.7 87 0.7 
8496 28 0 50 1 83 0.5 93 0.4 
8616 19 0.4 48 0 89 1 
8929 58 0.3 
8968 78 1 
9099 86 0.5 
9116 11 0 22 0 29 0.5 35 0.4 36 0.8 65 0 82 0.3 88 1 97 0.9 
9121 34 0.8 63 0 
9122 26 0.4 29 0.4 39 0 41 0.8 46 0.3 49 0.7 74 0 78 0 86 0.5 98 0.9 
9219 18 0.3 26 0.8 27 1 82 1 88 0 92 0 
9423 54 0 55 0 94 0 
9434 3 0 7 0.5 9 0.9 24 1 49 0.7 57 0 60 0 
9490 42 0 46 0.6 78 0.7 85 0 
9633 3 0.9 5 0.7 6 0.7 11 0 30 0.6 46 0.9 51 0 55 0.8 75 0.3 91 0.4 
9711 15 1 27 0.8 58 0.4 72 1 90 0.5 
9751 13 0.9 23 0.8 29 0.4 41 0 44 0.3 49 0.4 93 0 96 0.5 
9754 9 0.9 19 0 23 0 28 1 33 0 37 0 53 0 65 0.7 85 0.9 98 0.7 
9762 18 0.4 32 1 41 0.3 52 0 55 0 62 0.3 74 0.5 76 0.3 
