100
1 69 0.9 
124 7 0 53 0.6 66 0.6 67 0.9 80 0.4 81 0.6 82 0.8 88 0 90 0.8 
288 34 0.6 35 0.3 38 0.4 58 0 67 1 71 0.5 
388 3 0.8 23 0 24 0.3 32 0 73 0 78 0.8 81 0.6 89 0.7 96 0 
438 30 0.9 66 0.4 85 0 91 0.8 
584 0 0.6 5 0.5 15 0.9 49 0.4 93 0.6 
595 39 0.6 60 0.7 83 0.3 
682 19 1 81 1 87 0 91 0.3 
692 70 0.6 72 0.4 73 0 80 0 85 0.3 89 1 96 0.5 99 0 
730 11 0.7 24 0.4 32 0 51 0 58 0.7 77 0.8 79 0 93 0.9 96 0 
829 10 0 17 0.4 25 0 36 0 53 1 70 0.6 80 0.9 
843 7 0.8 38 0.8 84 1 
891 7 0.6 11 0.6 14 0.4 98 0.4 
973 5 0.8 22 0.8 23 0.8 35 0 50 0.8 67 0.5 77 0.3 82 0.5 88 1 
1017 18 1 37 0.6 40 0.7 52 0 54 0.4 63 0.7 74 0 
1156 14 0 18 0.8 23 0.6 47 0.8 53 0.3 93 0.8 95 0.7 
1262 31 0.4 38 0.8 41 0 
1382 31 1 64 1 67 0 79 0 
1392 26 0.4 29 0.4 46 0.7 53 0 66 0.5 68 0.4 77 0 81 0.8 93 0.9 
1520 78 0 81 0 84 0.8 85 0.6 91 0 
1699 4 0.5 8 0.8 18 0.7 61 0.6 
1875 0 0 7 0.6 19 0 35 0.7 36 0 50 0.9 51 0 69 0 81 0.3 85 0.7 
1878 21 0.9 29 0.9 60 0.7 72 0.5 75 0 79 0 87 0.9 96 0.5 97 0.8 
1884 51 0.7 57 0.5 63 0.9 65 0.3 69 0 74 1 77 0.3 78 0.8 89 0.5 93 0 
1887 22 0.9 35 0.7 44 0.3 85 0.3 87 0.5 
2082 14 0.7 20 0.8 23 0.9 28 0 35 0 63 0 67 0.8 77 1 92 0.7 97 0.9 
2173 28 0.7 36 0.5 71 0.5 98 1 
2269 72 0.8 78 1 
2305 45 0.8 
2364 4 0.8 8 0.4 42 0 44 0 55 1 71 0.4 74 0.3 79 1 87 0.6 89 0.4 
2413 8 0.5 27 0.5 76 0.8 
2437 6 0.7 12 0 57 1 84 1 93 0.8 
2686 2 0.8 9 0.8 32 0.3 75 0.6 
2699 4 0 20 0.8 55 1 58 1 88 0.4 90 0 
2905 5 0.8 96 0 
3035 14 0 18 0 36 0.9 38 0.7 78 0.8 83 0.7 84 0.9 
3177 8 0.3 14 0.5 42 0.9 45 1 65 0 94 0.8 99 0.6 
3443 52 0.4 60 0.8 70 0.5 76 0 
3695 17 0.7 21 0 22 0 30 0.3 46 0.4 59 1 64 0.7 96 0.7 
3702 73 1 86 0.8 93 0 
3950 23 1 34 0.3 46 0 56 0.4 57 0.5 64 0.3 81 0.7 84 0.9 
4157 4 0.5 25 1 35 0.9 52 0.6 65 1 74 0 76 0.3 83 0 
4171 10 0 22 0.5 38 0.7 52 0.7 53 0.6 60 0.8 72 0.9 80 0.5 81 0 91 0.7 
4308 7 0 
4340 18 0.3 46 0 80 0.4 81 0.9 85 1 
4511 5 0.5 11 0.5 18 0.4 20 1 30 0.9 33 0 52 0.5 62 0 
4534 3 0 5 0.5 6 1 22 0.3 50 0.3 76 0 85 0 94 0.5 97 0.9 98 0 
4569 94 0.7 
4592 6 0.9 16 0.7 47 0 78 0.3 95 0.3 
4645 7 0 15 0 36 0 37 0.7 65 0 76 0 90 0.6 97 0.4 
4688 77 0 81 0.7 
4715 3 0.4 21 0.8 28 0.5 50 0.7 76 0 
4915 61 0.7 
4968 70 0.3 77 0 86 0.6 
5012 7 0 29 1 65 1 
5231 22 0.5 38 0.5 39 0.5 47 0 48 0.9 91 0 96 0.5 
5362 12 0 23 0 25 0 35 0.8 40 0.5 44 0.4 46 0.3 82 1 94 1 
5637 27 0.3 60 0.7 
5837 81 0.8 88 0 95 0.6 
5918 0 0.5 24 0.6 30 0.3 68 0.8 69 0.3 
5946 2 0.7 4 0.6 55 0.5 77 0.4 79 0 90 0.8 
6066 0 0 70 0.5 80 0.4 
6108 56 0.5 73 0.5 75 0 
6178 12 0 18 0.6 34 0 37 0.6 53 0.8 62 0.3 93 0.8 96 0.5 
6400 17 0 22 0.7 26 0.7 39 0.4 40 0 92 0.3 95 0 
6407 8 0.9 13 0.9 26 1 28 0.3 36 0.8 40 0 46 0.6 69 0.8 
6625 6 0.8 8 0.6 14 0 24 0 30 0 42 0.5 70 0.9 83 0.4 96 0 
6659 2 0 27 0.6 56 0.4 61 0.5 71 1 79 0 81 0.7 82 0.8 94 0 95 0.8 
6718 41 0.8 
6911 6 0 70 0 96 0 
7034 3 0.8 9 0.5 17 0 52 0.9 61 0.9 70 0.6 73 1 83 0 
7081 29 0 37 0.3 47 1 54 0 60 0 64 0 78 0.7 
7519 2 0.4 3 0 25 0.4 29 0.7 54 0.4 
7594 1 0.7 22 0.3 77 0 99 0.5 
7678 33 1 53 0.4 69 0.8 
7774 3 0.6 6 0 13 0.9 18 0.8 20 0.5 35 0.3 42 0 44 0.7 57 0.8 79 0.3 
7892 68 0.8 
7933 12 0.4 27 0 43 0.3 78 0.4 80 0 88 0.6 99 0.5 
8051 3 0 7 0.3 20 0.7 29 0 50 0.9 62 0 64 0 80 0.3 90 0.4 
8148 11 0 13 0 27 0.7 33 0.5 39 0.4 45 0.6 46 0 49 1 66 0 74 0 
8158 4 0.4 10 0.8 12 0.3 22 0.4 24 0.6 37 0.3 81 0.4 98 1 
8163 1 0 17 0.5 33 0.4 96 1 
8172 38 0.3 81 0 92 0.6 
8244 21 0.9 
8482 26 0 45 0 58 0.4 87 0.5 
8490 42 0.8 
8801 14 0.5 40 0 43 0 46 0.9 56 0 58 0 64 0.6 69 0.7 71 0.7 96 0 
8889 14 0.6 15 0 24 0.4 29 1 42 0.3 56 0.6 68 0 71 0.6 86 0.8 89 0.5 
8925 1 0 39 0 79 0.6 97 1 99 0.8 
9056 33 0.5 93 0.9 
9124 39 0.5 40 1 50 0.6 62 0 68 0.5 69 0.8 77 0.8 81 0.6 94 0.6 99 0.9 
9330 10 0.5 16 0.6 37 0.4 42 0.9 46 1 55 0.4 72 0.7 
9370 65 0 78 0 
9462 88 0.9 
9474 4 0.3 26 0.5 36 0.3 51 0.4 89 0.8 94 0.7 
9668 2 0 5 0.3 29 0.7 35 0.4 64 0.7 65 0.6 74 0.5 89 0.4 91 0 
9712 6 0 39 0.8 52 0 63 0.9 70 0 84 0.5 97 0 
9845 65 0.4 90 0.3 96 0.5 
9886 15 0.5 41 0.6 47 0.8 54 0.3 62 0 65 0.8 78 0 
9912 3 0.5 11 0.6 38 0.4 46 0.5 67 0 78 0.3 84 0 88 0 98 0.7 
