100
31 10 0.5 19 0.6 42 0 65 0.9 67 0 71 0 81 0.8 95 0.6 
48 3 0.6 29 1 42 1 71 0.7 76 0.3 78 0.8 85 0.5 91 0.9 
62 49 0.8 62 1 70 0 73 0.8 
387 27 0.5 33 0.3 38 0.5 49 0.4 65 0 87 0.3 
406 0 0.4 8 0 22 0.5 43 0.3 82 1 90 0.6 
494 44 0 57 0.4 75 0 
533 75 0.4 96 0.9 
655 0 0.5 2 0.6 4 0.4 28 0.3 40 0 44 0.5 81 0 89 0.9 
770 2 0 15 0 23 0 71 0.8 86 0 
788 38 0.7 52 0 75 0.4 
853 8 0.8 31 0 
969 10 0.9 22 0.9 60 0.3 78 1 
997 12 0 14 0.5 
1080 6 0.9 10 0.5 15 0.4 61 0 72 0.8 
1087 19 0.5 68 0.5 83 0.4 
1124 3 0.9 4 0.6 35 0.6 43 0.4 54 0.8 65 0.5 72 0.3 81 0.9 84 0.3 85 0 
1312 2 0.8 39 0.4 71 0.4 81 0.7 86 0.8 89 0 
1431 2 0 5 0 49 0.8 72 0 86 0.8 88 0.5 
1485 7 0 49 0.3 74 0.8 81 0.8 
1688 4 0.8 22 0.8 25 1 45 1 46 0 76 0.4 99 0.3 
1873 14 1 24 1 27 0.5 34 0.3 59 0 
2088 6 0 12 0.4 21 0.8 28 0 31 0.4 44 0.7 61 0.9 73 0 
2142 24 0 60 0 89 1 
2169 51 0 
2201 16 0.4 20 0.7 38 0.9 41 0.3 44 0 56 0 71 1 82 0 87 0.6 
2206 17 0 37 0 87 0 
2382 10 0.5 32 0.4 35 0.3 46 0 49 0.6 56 1 73 0.4 82 0.4 99 0.5 
2422 42 0 58 0.6 85 0.9 92 0 95 1 96 0.4 97 0.3 
2429 1 0.3 10 0.6 12 0.3 16 0 19 0.8 21 0.7 88 0 92 0 94 0.4 
2570 1 0.9 23 0.7 24 0.6 37 1 38 0.4 46 0 71 1 
2579 10 0.8 14 0.9 37 0.7 49 0.6 50 0.7 56 0.3 83 0.7 97 0 
2606 38 0.9 56 1 
2655 51 0.9 66 0 
2711 1 0.5 3 0.6 15 0.8 37 0 49 0.9 59 0.4 70 0.4 78 0.3 79 1 88 0.3 
2784 19 0.8 30 0.9 37 0 43 0.3 65 0 71 0.7 95 0.5 
2920 2 0 51 0.3 
2923 46 0.5 70 0.7 
2925 19 1 
2966 10 0.4 18 0.7 25 0.6 33 0.4 49 0.8 50 0.6 66 0.6 76 1 
3096 30 0.8 38 0.8 69 0 72 0.9 83 1 84 0.9 
3233 11 0 14 0.9 15 0.6 28 1 66 0.4 69 0.8 71 0.3 78 0 81 1 
3286 0 0 3 0.3 9 0.9 27 0.5 46 0 59 0.6 60 0.8 62 0 70 0.9 97 0 
3520 1 0 6 0 
3698 20 0.5 26 0.3 61 0.4 86 0.5 87 0.8 94 0.4 
3712 4 0 
4124 0 0 18 1 20 0.5 26 1 51 0.7 63 0.4 76 0 78 0.4 90 0.3 
4156 8 1 18 0.8 24 0.4 37 0.7 45 0.7 73 0.4 76 0.8 88 0 
4158 9 0.9 16 0 32 0.9 35 0.9 39 0.4 60 0 79 0.6 84 0 92 0 98 0.7 
4243 13 0.4 
4435 14 0.6 20 0 43 0.8 52 0.6 53 0.7 65 0.7 83 0.4 84 0 
4511 5 0.9 11 0.8 18 0 20 0.7 30 1 33 0.5 52 0.6 62 0 
4671 13 0.6 32 0.5 42 0.4 48 0.9 58 0.3 66 0.5 
4765 59 0 
5349 78 0 
5350 1 0.3 4 0.6 10 0.7 11 0.9 51 0.8 57 0.3 72 0.5 90 1 
5364 87 1 
5381 6 0.8 8 0.9 17 0 40 0.3 44 0.7 71 0.3 88 0 
5494 14 0.7 31 0.3 43 0.6 84 0.3 
5741 7 0.7 26 0 29 1 45 0.5 49 0.9 58 0.5 59 0 68 1 
5746 93 0.3 
5752 4 0.4 18 0 19 0.9 36 0.9 46 0.8 48 0 71 0.9 72 0 75 0.3 81 1 
5840 4 0.4 41 1 87 0.7 
5982 65 0.8 
6072 8 0.6 26 0.3 44 0.8 45 0 68 0.7 71 0 73 0.6 86 0.8 97 0.5 
6160 3 0 9 0 72 0 79 0.5 81 1 92 1 
6230 51 0.9 56 0.9 71 0.6 98 0.5 
6315 1 0 2 0.7 7 0 57 0.7 62 1 76 0.6 82 0 88 0.5 92 1 
6347 50 0.5 
6509 15 0.3 31 0 47 0.4 53 0.7 66 1 83 0 98 1 
6577 52 0.6 59 0.7 60 0.4 82 0.7 
6616 1 0 37 0.7 60 0.9 
6792 54 0 58 0 90 0.5 98 0.5 
6847 41 0.4 78 0.6 
6953 0 0.9 6 0.9 17 0 18 0.8 22 0.3 29 0.3 47 0.8 74 0 94 0 98 0 
7068 41 0.4 56 0.3 79 0.7 88 0 
7335 9 0.6 25 0.4 56 0 85 0.5 
7341 0 0 4 0.3 15 0.7 20 0 39 0.4 45 0.4 56 0.8 70 0.5 88 0.3 97 0 
7432 62 0.6 
7461 11 1 21 0.6 24 0 29 0 74 0.8 93 0 
7576 1 0 37 0 45 0 57 0 61 0.6 63 0.6 78 0.3 
7615 0 1 2 1 14 0 19 0.8 23 0 81 1 90 1 92 0.5 
7793 5 0.6 23 0.4 27 0.9 37 0 38 1 43 0.3 87 0 
7866 0 0 88 0.4 
7928 53 0.8 86 0.3 
7944 24 0.8 
7955 20 0.4 30 0.7 39 0.5 81 0 99 0.9 
8104 35 0 
8245 25 0 29 1 35 0.7 36 0 44 0.3 49 0.9 63 0.9 71 0.8 74 0.3 85 0.5 
8407 3 0.4 17 0.3 21 0 27 0.3 67 0.6 71 0 73 0 77 0.6 83 0 94 0.6 
8492 10 0.4 19 0 30 0.9 34 0.8 46 0 57 0.4 80 0.6 83 0.3 84 0.3 93 0.3 
8650 8 0 12 0.8 17 0.9 45 0.8 77 0.7 82 0.5 84 1 85 0.4 87 0.4 
8717 13 1 32 0 35 1 52 0.7 
8912 9 0.8 42 0.5 49 0.9 60 0 93 0.4 94 0.8 95 0.6 
9082 15 0.3 18 0 28 0 33 0.4 40 0.5 48 0.4 65 0.3 79 0 84 0 87 0.3 
9293 34 0 46 0.4 60 0.8 74 0 
9514 17 1 20 0 61 0.5 65 0.7 70 1 
9577 24 0.8 28 0.9 39 0 45 0.7 57 0.6 66 0 68 0.8 83 0.8 91 0.6 93 0 
9660 5 0.6 12 1 18 0.8 38 1 99 0 
9805 5 0.5 26 0.6 38 0.5 44 0.7 47 0 54 0.9 65 0.5 68 0 84 0.9 94 0.5 
9927 47 0.4 
