100
43 6 0 20 1 26 0 35 0.3 41 0.5 53 0 77 0.8 84 0.7 86 0 
58 45 0.7 
92 7 1 8 1 29 0 92 0 
144 3 0.7 13 0.6 15 0.5 37 0.5 65 0 82 0.5 
387 27 1 33 0.7 38 0 49 0 65 0 87 0 
392 0 0.7 9 0 36 0.8 44 0.9 85 0.6 
458 1 0.7 6 0.6 11 0 27 0 49 0.8 51 0 56 0.4 71 0 97 0 
479 1 0.4 13 0.6 18 0.7 27 0 43 0 70 0.8 92 0.8 94 0.8 
509 39 0.5 42 0 91 0.4 92 0 
574 7 0.9 20 0.8 62 0.4 92 0.8 
645 2 0.7 9 0 14 0 28 0.7 93 0.9 
701 5 0.7 6 1 12 0.9 21 0.5 24 1 32 0 56 0.3 76 0 93 0 
713 2 0.6 8 0.4 36 0.8 54 0.7 88 0.8 
779 36 1 
951 16 0.5 30 0 31 0 50 0 57 1 
1006 34 0.8 36 0 54 0 90 0 
1085 42 0 48 0 54 0 57 0.3 65 0.5 67 0.3 73 1 93 0.7 
1088 10 0.8 37 0.4 45 0 47 0.5 52 0.5 54 0.8 61 1 65 0.6 69 0.9 78 0 
1109 26 0.7 31 0.4 49 0 73 0.3 75 0.9 96 0.8 
1206 6 0.3 47 0.6 51 0 60 0 79 0.3 83 0 
1240 7 0.9 14 0.6 27 0.8 30 0 39 0.9 57 0 66 0.9 71 0.8 
1425 29 0 34 0.3 39 0.6 49 0.5 51 0 55 0 68 0.4 70 0.5 77 0.7 
1486 57 0.3 
1661 14 0.7 39 0.3 58 0.8 
1696 5 0.9 16 0 25 0 33 0.3 41 0 55 0 64 0.4 83 0 
1882 12 0.8 38 0.8 64 0 93 0.5 
1921 11 0 70 0 84 0.6 99 0.7 
1972 3 0 10 0.6 34 0.5 46 0.5 47 0.8 69 0 87 0.3 
2016 7 0.4 36 0.3 37 0.3 65 0.8 84 0.3 86 0 94 0.6 96 0.5 97 0.6 
2031 7 0.6 14 0.3 23 0.5 44 0 64 0.7 69 0.9 
2035 47 0.7 58 0 79 1 
2164 2 0.7 30 0.3 59 0 69 0.5 70 0.7 73 0.8 91 0.4 98 0.9 
2304 0 0.4 14 0.5 22 0.7 30 0.3 48 0.5 55 0 92 0.7 97 0.7 
2390 5 0 39 0.8 45 1 61 0 83 0.3 
2396 45 0.6 48 0 57 0 60 0.7 63 0.6 71 0.7 83 0.6 
2417 7 1 18 0.7 30 0.3 43 0.9 62 0.3 88 0.5 
2503 51 0.4 56 0 
2565 4 0 34 0 49 0.3 50 0.8 66 0.8 73 0.7 78 0 94 0.7 96 0 97 1 
2591 0 0.8 4 0.4 12 0 21 0.5 22 0.5 46 0.3 57 0 79 0 80 1 
2691 2 0.5 14 0.8 24 0 34 0.4 69 0.9 70 0.3 78 1 80 0.4 82 0.8 93 0.8 
2752 14 0.7 33 0 40 0.9 61 0.9 63 0 66 0 
2845 42 0 95 0.9 
3041 23 0.7 29 0 69 0.9 75 0.3 
3506 1 0.4 8 0.8 72 0.4 
3614 32 0.6 42 0.9 
3692 65 0.5 81 1 
3853 5 0.5 66 0.6 68 0 74 0.4 83 0.9 96 0.4 
3875 0 1 5 0 13 0.6 34 0.6 49 1 
3977 6 0.9 17 0.7 20 0 27 0.6 30 0 34 0.7 37 1 38 0.5 45 1 81 0.7 
4142 17 0.9 47 0.5 54 0.7 62 0.3 76 0 
4190 7 0.7 22 0.9 26 0 51 0.7 55 0 84 0.4 98 0.9 
4513 2 0 24 0.3 38 0.5 43 1 44 0.7 60 0.7 72 0.8 78 0 
4559 25 0.9 36 0 59 0.8 63 0.5 69 0 71 0 78 0 
4599 16 0.3 22 0 47 0.9 59 0.6 66 0.6 78 0.8 83 0.6 87 0 93 0.6 95 1 
4674 25 0.6 30 0.9 33 0.4 37 0 51 1 59 0 70 1 85 0.7 
4830 14 0 15 0 27 1 33 1 41 1 45 0.4 54 0 60 0.4 66 0 99 0.9 
4996 5 0.4 15 0 25 0.7 30 0.6 44 0 52 0 55 0.7 66 0 69 0.3 
5031 52 0.5 53 0.5 57 0.3 73 0.8 
5061 0 1 
5106 16 0.4 61 0 
5508 23 0.7 26 0.4 30 0.7 60 0.4 65 0 70 0.5 85 0.8 94 0 98 0 
5651 76 0 85 0 98 0.5 
5807 13 0.4 21 0.3 23 0.3 33 0 45 0.4 82 0.5 86 1 93 0.8 
5811 5 0.5 19 0.7 36 0.5 59 0 60 0.5 64 0 89 0.9 95 0.4 
5837 81 0 88 0.3 95 0 
5850 4 0.6 47 0 65 0 
5888 71 0 
5946 2 1 4 0 55 0 77 0.4 79 0.9 90 0.8 
6008 1 0.7 6 0.7 13 1 17 0.4 28 0.9 29 0.9 82 0.6 
6336 1 0.9 36 0.6 46 0.8 51 0.5 77 0 
6653 25 0.5 77 0.5 80 0.7 
6754 61 0.4 87 0.8 88 0.8 91 0.7 
6868 31 0.3 34 0 37 0.8 55 0 67 0 73 0.5 76 0 85 0.6 99 0.9 
6963 6 0 16 0 33 0.5 34 0.7 35 0.6 37 0.6 60 0.5 77 0.5 90 1 
6966 37 0.6 
7076 36 0.8 41 0.5 44 0.6 50 0.6 56 0.3 79 0.4 85 0.7 95 0.3 
7157 45 1 95 0 
7264 3 0.9 11 0.9 23 0.6 55 0 69 0 80 1 87 0 99 0.4 
7408 1 0.4 6 0 7 0.8 42 0.7 56 0 87 1 89 0.6 
7411 21 0.7 28 1 
7447 0 0.6 1 0 14 0.7 28 0.3 34 0 70 0 73 0.9 74 0.9 88 0 
7799 3 0 39 0.9 46 0.4 54 0 67 0 70 0 94 0 98 1 
7804 1 0.5 11 0.9 28 0.3 38 0.8 54 0.3 75 1 82 0 92 1 
7995 42 0.6 50 0.8 59 0.5 
8345 74 0 
8526 10 0.4 11 0.8 34 0 36 0.6 59 0.8 85 0.6 93 0.6 
8532 8 0 53 0.8 86 0 91 0 
8540 27 0 44 1 86 0.4 
8546 11 0 12 0.5 34 0.5 46 0 48 0.9 64 0.7 70 0.9 79 0.6 84 1 85 1 
8740 13 0.5 14 0.8 16 0.6 22 1 24 1 26 0 37 0 46 0.8 72 0.7 90 0.4 
8826 5 0 14 0.9 22 0.5 34 0.8 43 0.3 44 0.9 52 0.8 55 0.4 67 0.5 
9072 3 0 12 0.7 15 0.8 21 0.5 27 0.5 60 0.4 64 0 73 0.4 81 1 
9076 4 0.6 27 0 28 0.6 37 0 92 0.7 
9112 37 0.3 57 0.8 69 0.8 83 0.9 95 0 
9194 17 0 24 0.7 32 0.8 36 1 47 0 49 0.7 52 0.7 63 0 90 0.9 94 0.3 
9223 11 0.5 41 0.3 44 0 63 0.7 75 0.5 93 0.4 99 1 
9248 11 0.5 20 0 22 0.3 32 0 55 0 59 0.4 67 0 
9366 21 0.5 29 0.3 35 0.7 44 0 65 0.8 67 0 78 0.5 79 1 
9622 3 0.3 5 0 20 0.9 27 0 30 0.6 32 0 50 0.5 56 0.7 81 0.3 85 0.5 
9955 8 0.9 
