100
38 11 0.3 22 0.5 65 0.6 86 0.4 87 0.9 93 0.6 97 0.9 
57 22 0.5 28 0 44 0 55 1 69 1 74 0.3 77 0.3 
75 5 0.5 10 0.5 11 0 17 0.6 26 0.6 42 0.9 72 0.8 
165 6 0.6 36 0.9 98 0.4 
202 21 0 37 0 56 0.3 64 0 67 1 72 0.6 75 0.3 83 0.7 
313 22 1 33 0 
406 0 0.7 8 0.4 22 0.7 43 0 82 0.8 90 0.3 
407 5 0.9 22 0 34 0.6 38 1 42 0 51 1 55 0.3 59 0.4 97 1 
416 8 0.8 11 1 16 0.5 19 0.8 53 0.4 58 0.7 64 0.9 74 0.5 
680 30 0.3 44 0.3 51 1 53 0.3 57 0 72 1 
691 3 0 4 0.9 7 0 40 1 69 1 84 0.3 93 0.6 
709 8 0.4 95 0 
743 26 0.5 36 0.9 64 1 69 0 85 0.4 99 0 
793 70 0 
894 2 0.3 6 1 14 0 59 0.9 66 0.8 73 0 97 0.5 99 0 
1211 18 0.6 27 0.8 28 0 36 0.3 68 0 71 0.7 88 0 
1249 50 1 52 1 
1426 0 0 9 0.4 23 0.7 28 0.4 38 0.8 46 0.3 47 0.7 51 1 55 0 61 0.5 
1484 8 0 18 0.6 24 0 28 0.9 31 0.7 55 0 68 0.4 
1731 14 0.7 57 0.5 88 0.4 
1805 8 0 75 0.8 85 0.6 
1947 5 0.7 6 0.8 7 0.9 22 0.4 45 1 56 0 81 0.5 84 0 93 1 99 0.5 
1981 28 0.8 29 0.5 53 0 60 0.6 85 1 88 1 99 0.6 
2003 5 0 11 0 14 0.3 19 0.6 73 0.9 96 0.4 
2018 35 0.5 43 0.3 
2048 43 0.6 52 0 
2060 3 0.7 13 0.9 19 0.3 29 0.8 34 1 67 0 70 0.8 89 0.3 
2078 5 0 67 0 75 0.7 98 0.7 
2215 61 0 
2222 1 0.9 12 0.4 54 0.4 57 0 66 0.8 76 0 82 0.6 85 0.9 99 0.5 
2294 4 0.3 55 0.3 62 0.3 65 0 70 0.3 74 0 85 0.7 97 1 
2402 0 0 14 0.5 20 0.6 30 0 39 0 75 0 92 0.3 99 0.3 
2410 10 0 14 0.7 51 0 
2430 19 0.6 42 0.7 48 0.5 56 0.4 67 0.5 84 0 96 0.3 
2467 48 0.3 
2551 29 0.5 32 0.3 47 0.7 85 0.9 87 0.8 96 0 
2616 23 1 66 1 75 0.9 81 0.6 94 0 
2865 13 0.4 32 0.6 40 1 54 0.9 65 0 93 0 
3015 7 0.9 36 0 53 0.6 63 0 64 0.5 70 0.9 71 0.4 96 0.7 
3067 27 0.8 36 0.9 66 0.8 69 0.9 79 0.9 91 0.7 
3218 4 1 37 0.5 38 0 50 0 74 0.5 93 0.7 
3295 4 0.7 26 0.5 29 0.7 37 0.9 45 0.8 48 0 54 0.7 72 0.7 83 0 
3407 12 1 31 0 
3511 24 0.6 27 0.3 42 0 56 1 59 0.6 64 0.8 65 1 98 0.4 
3733 5 0.4 7 0.7 38 0 58 0.7 78 0.9 84 0.8 88 1 
3847 3 0 10 0 26 0.5 27 0.7 29 0 36 0.8 49 0 51 0.4 77 0.8 83 0 
3867 6 0.3 42 0.3 48 0.5 64 0.8 77 0.7 83 0.7 87 0.6 88 0.7 
4127 22 0.9 43 1 47 1 51 0.7 61 0 68 0.7 71 0.8 
4166 6 0.4 37 0.5 39 0 46 0.8 66 0.8 76 0.6 86 1 88 0.3 95 0.5 98 0.3 
4464 3 0 20 0 50 0.5 64 0 68 0.8 88 0.6 95 0.9 
4498 24 0.8 40 0.4 
4502 12 1 33 0.5 41 0.3 83 0.4 95 0.4 
4506 20 0.6 21 1 44 0.4 56 0.9 90 0 
4508 46 0.6 
4864 94 0.8 
5117 2 0 28 0.9 30 0.4 74 0 80 0.6 
5201 63 0.7 89 0.3 95 0 
5232 17 0.4 20 0.4 27 0.9 36 1 53 0.9 62 0.5 85 0 87 0.7 
5267 21 0.8 41 1 90 1 
5292 7 0.5 17 0 19 0.8 38 0.6 42 0.6 52 0 67 0.6 74 0.6 79 0.4 94 0 
5347 44 0.4 67 0.8 89 0.6 
5431 19 0.3 26 0.4 28 0.8 43 0 49 0.4 50 1 77 0.8 88 0.6 95 0.3 
5464 4 0 25 0 44 0.7 56 0.9 
5470 6 0.6 14 0.9 17 0 22 0 32 0 40 0 51 0 61 0.9 79 0 
5501 8 0.6 31 0.4 48 0 65 0.9 72 0.6 81 0.4 82 0 85 0.5 92 0.4 98 0.5 
5585 2 0.6 
5759 1 0.7 4 0.3 37 0 45 0.8 47 1 69 0.4 85 0.8 92 0.4 
5834 2 0.3 27 0.4 28 0.4 29 0 50 0.3 66 0.8 99 0.7 
5854 36 0.4 73 0.6 91 0 
6164 1 0.6 4 0 7 1 32 0 50 1 
6235 21 0.6 51 1 65 0 95 0.8 98 0 99 0.3 
6257 30 0.7 42 0.7 53 0.4 71 0.3 72 1 85 0 96 0.3 
6408 5 0.4 23 0.6 47 0.6 79 0.4 87 0.6 93 0.8 
6490 25 0 52 0.3 
6513 41 0.9 96 0.9 
6618 34 1 82 0.5 89 0 95 0.8 
6670 9 0.9 12 0.9 
6882 5 0 25 0 33 0.3 35 0.7 41 0.5 69 0.8 72 0.8 80 0.3 93 0.6 
7113 38 0.3 
7152 37 0 61 0.5 
7376 28 0 
7597 15 0.7 19 0.9 25 1 57 0.5 73 0 
8151 29 0.9 61 0.5 81 0 92 0.8 
8319 20 0 23 0.5 36 1 39 0.9 48 0.5 49 1 
8323 34 0.8 36 0.8 56 0.7 61 1 62 0.7 66 0.8 85 0 94 0.9 99 0.9 
8335 6 0.9 51 0.4 60 1 69 0.5 
8351 22 0 51 0.6 80 0 87 1 89 0.9 
8427 23 0.8 84 0.5 
8624 32 0 33 0.9 35 0 38 0.4 61 0.7 72 0 87 0.6 98 0.8 
8682 5 0.9 8 0.3 30 0.5 45 0.7 73 0.6 99 0.9 
8695 9 0.9 19 0 21 0.9 26 1 38 0.8 53 1 56 1 68 0.7 81 1 85 0.4 
8854 5 0 45 0.4 60 0.9 75 0.8 83 0.9 94 0 
9053 23 0 28 0 44 0.3 58 0 67 0.3 68 0.4 77 0 89 0 90 0.7 
9090 1 0.6 22 0.9 27 0.5 60 0 67 1 85 0.4 90 0.4 93 0 96 0 
9127 10 0 26 0.5 42 1 44 0.4 46 0.5 51 1 89 0.8 
9213 14 0.6 15 0.6 32 0 62 0.5 73 0.8 78 0 
9309 3 0 10 0.8 41 0 57 0.6 58 0 85 0.3 94 0.9 
9538 3 0.9 19 0.6 60 0.5 
9600 33 1 37 1 46 0 50 0 55 0.9 60 1 62 0.7 
9635 21 0.6 28 0 61 0.7 77 1 85 1 87 0 
