100
33 10 0.3 16 0 21 0 28 0.7 42 0.8 49 0.5 56 0 64 0.3 85 0.5 96 0.4 
51 48 0.6 51 1 56 0.9 57 0.9 63 0.7 85 0 92 0 
168 22 0.8 26 0 38 0.9 39 0.9 83 0.8 
266 26 0 
418 7 0.9 19 1 25 0.9 38 0.5 42 1 48 1 52 0.6 67 0.5 79 0.5 85 0.9 
419 29 0.6 35 0 51 0.3 
440 1 0.5 7 0.9 8 0 17 0 35 0.6 39 0 55 0 72 0.3 73 0 77 0 
445 5 0.9 32 0.8 45 0.7 63 0.3 74 0.7 76 0 97 0.7 
541 13 0.6 14 0.6 25 0.9 29 0 50 0.5 54 0.6 82 0 90 1 92 0.6 
658 5 0.7 23 0 35 0 48 0.8 75 0.6 
681 13 0.7 21 0 29 0 47 0.9 83 0 87 0.4 95 0 99 0.6 
696 16 0 33 0.9 58 0 75 0.5 96 0.7 
697 37 0.6 57 0.4 
753 0 0 20 0 25 0 63 0.4 70 0.9 77 0.3 91 0 
761 39 0 72 0.7 84 0 85 0.5 86 0 90 0.5 98 0.3 
972 8 0.8 12 0 24 0.9 37 0.8 47 0.8 48 0 61 0.6 83 0.9 84 0 85 0.6 
982 14 0.9 26 0.7 48 1 89 0 
989 7 0.7 15 0.8 34 0.8 61 0.8 64 0.7 76 0.7 82 0.8 91 0.3 
1021 8 0 20 0.7 21 0.9 28 0.7 75 0.7 
1199 7 0.4 20 0 24 0.6 25 0 51 0.6 76 0.7 
1290 0 0.4 86 0 
1351 4 0.3 9 0.5 34 0.6 40 0.8 50 0 65 0.9 74 0.4 78 0.8 99 0.9 
1404 76 0 
1529 39 0 88 0.4 
1548 16 0.5 34 0.3 64 0.8 89 0.6 90 0.5 
1645 32 0.4 
1657 8 1 9 0 20 0.6 34 0.5 50 0 79 1 85 0.5 87 1 
1672 21 0 45 0.4 48 1 52 0.9 55 0.7 60 0.3 64 0.5 74 0 88 0.3 99 0.8 
1697 17 0.3 43 0.9 58 0.7 
1704 10 0 87 0.3 
1745 42 0.3 54 1 59 0.6 68 1 70 0.6 76 0.6 84 0 90 0.4 
1758 0 0 21 0.9 66 0.9 91 1 
1947 5 0.7 6 0 7 0 22 1 45 0.8 56 0 81 0.6 84 1 93 0.6 99 0.3 
1994 95 0.7 
2002 20 0.3 28 0.6 38 0 63 0.9 73 0.4 86 0.9 
2020 22 1 63 0.7 97 0.3 
2111 7 0 32 0.4 55 0 57 1 62 0.5 73 0.4 
2156 19 0.8 36 0.4 41 0.8 77 0.4 
2176 17 0.6 31 0.5 45 0.7 69 0 72 0.8 88 0.6 92 0.4 
2438 10 0.7 29 0 42 0 52 0.3 57 0.3 61 0.9 67 0.3 
2465 11 0 50 0.7 59 0 78 0.4 
2474 12 0.6 35 0 42 0.3 46 0.4 48 0.7 74 0.8 88 0 94 0.7 98 0.6 
2552 16 1 19 0.5 48 0.3 58 0 66 0 97 0.9 99 0 
2893 6 0 60 0.4 97 0.4 
2904 5 0 37 0 47 0.3 74 0.6 83 1 84 1 98 0.3 
2915 3 0 62 0.4 91 0.8 
3075 63 0 65 0.3 89 0 91 0 98 0 
3084 6 0.5 12 0 31 0.9 39 0.8 86 0.3 88 0 
3104 0 0 19 0 20 0.8 45 0.7 66 0.7 83 0.5 
3307 34 0.7 43 0 
3524 5 0 21 0.4 23 0.3 33 0.5 41 0 43 0.8 74 1 78 0.3 95 0 96 0 
3569 41 0.4 94 0.4 
3592 6 0.7 59 1 
4133 4 0 20 0.7 40 0.6 51 0.6 60 0.3 78 0 94 0.5 
4339 9 0 25 0.4 41 0.8 59 0.5 62 0.5 91 0.5 
4341 18 0 32 0.3 61 0 65 0 78 0 92 0.8 
4354 18 0.6 49 0 54 0.6 58 0.9 73 0.3 74 0.9 98 0.7 
4529 38 0.5 42 0 61 0.7 92 0.5 
4601 8 0 29 0 32 0 43 0.3 78 0.5 85 0.5 
4624 27 1 28 0.3 66 1 69 0.5 86 0.4 87 0.6 90 0 
4665 32 0.5 35 0 38 0.6 70 0 85 0.3 
4763 0 0.9 14 1 19 0 39 0.4 57 1 80 0.6 
5026 2 0.3 44 0.5 70 0.5 77 0 92 0.8 
5064 0 0 46 0.4 
5115 26 0.6 32 0 
5170 4 1 27 0.4 40 0.3 64 0.7 
5200 6 0 17 0.3 27 0.6 29 0.4 32 0.3 48 0 49 0.3 72 0.5 87 0.6 98 0.4 
5250 29 1 32 0.3 64 1 
5283 14 0.7 67 0.4 88 0.8 
5457 0 0.4 7 0.4 38 0.5 51 0 63 0.9 65 0 70 0.8 84 0 88 0.9 
5466 9 1 16 1 23 0 38 0.7 40 0.8 43 1 46 0.8 59 0.8 96 1 
5473 9 0.7 39 0.4 80 0.7 90 1 
5670 38 0 80 1 
5714 68 0.6 87 0.9 
6395 6 0 17 0.5 28 0.3 31 0.7 36 0.4 38 0.6 49 0.9 68 0.6 80 1 81 0.9 
6446 89 0.8 
6480 24 0.9 52 0.3 56 0 71 0.6 
6640 7 0.8 
6848 2 0.9 55 0 
6901 0 0.3 6 0.8 8 0.8 12 0 50 0.3 56 0.4 57 0 78 0.8 88 1 
7106 3 0 33 0 65 0.4 68 0.8 91 0 
7173 1 0 6 0.5 18 0.9 27 0 54 0 95 0.7 
7252 7 0.6 35 0 44 1 46 0.7 53 0.7 78 0 87 0.3 94 0.7 
7379 13 0 
7641 13 1 16 0.9 26 0.3 30 0 36 0 74 0 84 1 92 0.4 
7703 6 0 13 0.5 20 0.7 23 0.7 68 0.8 74 0.7 77 0.4 83 1 84 0.6 94 0.3 
7894 1 1 38 0.7 46 0.8 48 0 49 1 66 0.8 67 0.8 85 0 99 0.3 
7967 4 0.6 66 0.9 70 0.6 
8049 3 0 10 0.4 33 0.9 41 0 55 0 75 0.7 81 0 86 0 
8076 6 0.8 28 0 35 0.9 52 0.5 59 0.4 73 1 92 1 96 0.5 97 0.4 
8281 63 0.5 65 1 
8408 13 0 29 0 33 0.8 37 1 40 0.3 55 0 91 1 96 0.4 
8453 0 0 1 0.6 9 0.6 21 0.3 45 0.9 47 0 59 0.9 82 0.8 
8455 89 0.6 
8463 20 1 37 0.9 46 0.5 57 0 73 0.5 77 0.8 98 0.9 
8501 4 0 5 0 13 0 32 0 35 0.7 62 0.4 70 0 
9547 64 0.4 86 0.4 
9898 2 0.9 4 0.9 41 0.4 60 0 71 0.3 83 0.9 91 0.6 93 0.3 95 0.5 
9908 61 0 
9929 10 0.7 24 0 39 0.3 45 0 47 0.8 48 0.6 91 0 93 1 98 0.4 
