100
32 1 0 10 1 13 0 14 0.5 23 0.5 41 0 50 0 66 0.9 
376 17 0 28 0.4 45 0.7 82 0.5 
395 33 0.4 40 0.9 47 0.8 58 0 66 0.6 67 0 99 1 
691 3 0.4 4 0 7 0.8 40 0 69 0.8 84 0.3 93 0.7 
755 28 0.9 33 0.5 85 0.7 92 0.6 97 0.9 
777 20 0 27 0.6 48 0.5 52 0.7 58 0.6 69 0 72 0.3 75 0 98 0.9 
789 55 0 
1080 6 0.4 10 0 15 0.3 61 0.7 72 0 
1130 3 0 21 0.8 24 0 37 0.8 42 0.8 45 0 47 0 74 0.9 92 0.4 
1163 23 0.5 71 0.3 79 0 
1195 3 0.6 5 0.3 25 0.9 26 0 29 0.6 39 0.5 74 1 78 0.7 86 0.9 90 0.7 
1231 27 0.4 30 0.9 46 0.7 49 0.3 53 0.5 58 0.6 64 0.8 85 0.8 
1321 5 0.6 11 0.4 18 0 34 0.8 42 0.4 54 0.5 60 0.7 67 0.8 69 0.6 79 0 
1330 24 0.4 48 0.3 52 0 60 0.8 62 0.6 
1426 0 0.8 9 0 23 0.3 28 0.4 38 0.8 46 0.3 47 0.3 51 0 55 0.9 61 0.8 
1515 10 0 17 1 26 0.4 28 0.4 38 0.5 58 1 62 0.4 67 0 72 0.6 88 0 
1528 3 0.4 24 0 47 0.3 50 0.6 51 0.9 55 0.7 73 0.5 85 0.4 
1601 42 0 48 0.6 57 0.8 
1647 27 0.3 29 0.7 45 0 
1715 13 0.9 45 0 98 0 
1732 4 0.7 23 0.4 31 0.8 52 0 97 0 
1796 20 0 45 0.4 54 0.9 72 0.6 91 1 98 0 
1965 20 0.8 32 0.3 61 1 81 0.7 93 0.7 
2160 52 0.4 83 0.5 93 0.6 
2225 19 0 28 0 41 1 45 1 61 0.6 80 0.3 96 0.5 
2349 27 1 57 0.6 61 0.4 78 0.3 91 0 93 0 
2381 8 0.8 21 0.4 23 0.6 38 0 55 0.6 56 1 74 0.7 80 1 84 0.9 
2492 2 1 3 0.7 16 0.6 49 0.9 53 0.3 58 1 70 0 88 0 95 0.4 99 0.6 
2562 37 0.3 
3005 5 0 14 0 32 0 43 0.7 60 0 86 0.7 
3127 0 1 14 0 20 0.9 33 0.9 52 0 56 0.5 61 0 75 0 
3174 98 0.9 
3355 1 0.4 32 0.5 35 0.6 42 0 76 0.6 89 0.3 95 0 
3406 11 0.9 13 0.8 14 1 33 0.4 39 0 79 0.9 80 0.5 86 0 92 0.5 99 0.7 
3457 4 0.6 5 0.7 14 0.4 45 1 61 0.6 66 0.8 67 0.6 71 0.5 72 0.9 
3721 3 0.8 4 0.7 17 0 28 0.6 51 0.6 63 0 69 1 92 0 
3850 11 0 16 0.6 44 0 56 0 88 0 
3978 47 0.9 67 0 88 0.7 92 0.9 
3999 17 0.7 19 0.9 27 0.9 48 1 49 0.4 96 0 
4127 22 1 43 0.7 47 0.9 51 0 61 0.7 68 0 71 0 
4211 24 0.3 35 0.3 38 1 39 0 51 0.3 58 0.4 70 0 87 0.5 95 0.8 
4232 2 0.3 27 0.6 29 0 39 1 49 0 50 0.3 87 0 
4280 3 0.8 32 0.8 39 0 94 0.7 
4299 19 0 23 0.3 39 0.5 61 0.9 71 0.6 89 0.6 
4447 33 0 
4518 9 0.9 11 0.3 13 0.4 42 0.3 46 0.9 
4602 0 0.7 39 0.8 60 0.4 61 0.8 
4758 4 0 21 0.7 25 1 30 0.5 38 0 54 1 56 0.3 58 0.7 69 0.4 
4807 5 1 76 0 90 0.6 
4848 79 0.6 
4953 21 0.7 35 0.5 49 0.4 53 0.9 90 0.6 
5324 14 0.8 40 1 
5644 6 0.7 14 0.7 32 0.3 35 0.3 41 0.9 44 0.6 
5655 0 0.9 23 0.9 28 0.9 32 0.7 35 0.7 62 0.5 66 0.9 68 0 86 0.9 88 0.7 
5882 74 0.4 
5972 44 0.4 87 0 91 0 
6010 5 0.9 18 0.4 31 0.3 34 0.8 39 0.9 42 0.9 70 0.9 90 0.9 
6118 8 0.5 88 0.7 
6264 8 0 33 0.3 40 0.4 54 0.9 73 0.9 77 0.8 78 0 80 0 95 0 
6291 15 0.5 30 1 50 0 63 0.3 68 0 91 0.4 96 0.4 
6340 45 0.4 63 1 71 1 
6652 0 0.8 8 0.3 13 0 28 0 37 0.9 68 0 90 0.7 
6924 4 0.9 17 0 35 0.4 36 0.3 64 0 70 0 99 1 
7031 17 1 60 0.4 64 0.6 
7116 33 1 56 1 57 0 66 0.3 80 0 98 0.8 
7123 19 0.3 22 1 65 0.8 
7183 5 0.7 87 0.7 
7319 7 0.6 10 0.6 19 0.8 21 1 41 0.9 64 0 76 0 99 0.8 
7430 6 0.6 9 0 19 0.4 30 0 31 0 53 0.9 70 1 79 0.6 97 0.6 
7450 11 0.5 21 0.4 
7512 16 0 17 0 56 0.9 88 0 93 1 
7559 29 0.8 34 0.8 52 0.8 67 0.3 82 0.4 96 0 
7626 1 0.9 6 0.3 58 0.7 59 0.3 69 0.3 
7638 12 0.6 15 0.3 24 0.5 31 0.4 33 0.9 39 0.3 
7681 11 0.4 18 0 21 0.7 32 0 34 1 44 0.5 66 0 67 0.6 88 0 98 0.5 
7729 7 0 8 0.6 13 0.4 26 0.5 52 0.7 55 0 74 1 
7858 21 0.8 28 0.6 38 1 42 0.8 46 0.4 64 0.6 90 0.3 
7893 2 0 7 0.9 14 0.7 27 0.3 40 0.3 
7963 1 1 23 0.8 27 0.8 74 1 99 0.8 
8043 0 0.5 23 0 28 0 33 0 82 0.7 
8239 13 0.4 30 0.4 42 0.8 51 0 62 0.4 69 0.7 72 0.8 81 0 
8349 16 0.6 21 0.5 32 0.5 41 0.7 52 0.5 55 0.3 56 0 62 0.9 94 1 
8399 4 0 7 0.6 57 0.9 67 0.9 68 0.5 73 0.3 85 1 95 0 
8426 4 0 5 0.5 9 1 26 0.4 59 0.5 66 0 82 0.7 89 0 
8721 5 0.4 22 0 38 0.9 61 0.9 68 0 80 0 90 0.4 91 0 96 0.4 
8743 8 0.3 29 0 32 0.6 81 0.6 94 0.9 
8800 3 0.7 23 0.5 59 0.5 65 0.4 76 0 82 0.9 83 0.6 95 0.6 
8886 9 0 23 0.6 62 0.3 64 0.4 72 0 
8974 7 1 8 0.5 19 0 29 0.3 49 0.4 53 0.6 54 1 68 0.4 82 0 94 0 
8992 19 0.6 25 1 30 1 38 0.6 66 1 73 0 77 0.9 83 0 92 0 94 0.9 
9043 4 0 7 0.5 19 0.6 23 0 24 0.6 34 1 37 0 74 1 88 0.7 91 0.6 
9072 3 0 12 0.5 15 0.3 21 0 27 1 60 0 64 0.8 73 0.6 81 0.9 
9117 42 0.5 49 0 54 0.5 70 0.8 72 1 74 1 79 0.8 83 0.5 96 0 
9209 64 0 83 0.6 
9407 19 0.8 20 0.9 43 0.9 48 0 49 0.3 50 0.3 
9501 6 0 22 1 27 1 35 0 91 0 
9578 6 0.4 12 0 13 0 46 0.3 58 0 66 1 80 0.7 95 1 
9703 14 0.4 
9741 6 0.6 30 0.5 33 0 36 1 40 1 
9864 7 0.4 34 0.9 37 0.3 47 1 50 0 72 0.4 77 0 85 0.4 89 0.8 93 0.4 
