100
133 41 1 
200 22 0.3 28 0 62 0.3 76 0.7 86 0.3 
203 8 0 18 0.7 25 0.6 
209 2 0.5 23 0.8 27 0.3 57 0.5 
304 6 0.5 8 0.9 13 0 20 0.6 28 0.4 45 0.7 58 1 68 0.7 91 0.7 95 0 
337 13 0.3 20 0.9 39 0.5 83 0 
341 12 0.9 16 0.4 39 0.3 46 0.5 49 0.8 51 0.3 72 0 80 0 
342 6 0 19 0.3 26 0 33 0 52 0 81 0.9 
666 25 0 26 0.8 45 0 50 0.6 78 0.8 89 0.5 
704 0 0 24 0 83 0.4 85 0.6 87 0.9 
895 0 0 7 0.8 12 0.9 46 0.8 91 0.7 
967 9 0.4 17 0.8 23 0.5 32 0.7 41 0.7 46 0.5 
973 5 0.4 22 0.5 23 0.3 35 0.4 50 0.4 67 0.3 77 0.8 82 0.7 88 0.5 
1001 6 0 7 0.3 20 1 31 0.9 54 0.5 57 1 74 1 92 0.8 
1066 2 0.3 6 0.7 62 0.7 72 0 74 0.6 
1095 14 0.5 16 0.4 26 0.7 83 0 
1182 34 0 
1393 36 0.3 85 0.9 
1420 12 0.4 
1646 17 0.6 18 0 33 0 57 0 97 0.6 
1857 10 0 18 0.5 46 0 50 0.8 
1887 22 0 35 0.6 44 0.7 85 0.4 87 0.9 
1965 20 0.6 32 0.4 61 1 81 0.7 93 0.7 
2241 2 0.3 8 0.4 21 0.3 50 0.3 53 0.7 63 0.7 64 0 73 0.7 83 0.5 
2275 0 0.6 20 0.5 43 1 55 0 67 0 98 0.9 
2292 29 0 53 0.7 78 0.4 90 1 92 0.5 93 0.6 95 0.5 
2343 30 0.7 33 1 35 0 43 0 64 0 90 0 93 0.9 
2354 37 0.4 
2364 4 0 8 1 42 0.8 44 0 55 0.3 71 0.6 74 0 79 0.4 87 0.5 89 0.5 
2386 9 0 13 0.8 14 0 17 0 28 0.4 39 0.9 54 0 63 0.8 
2443 5 0.3 19 0.8 22 0.8 23 1 55 0.7 66 0.6 76 1 78 0.3 86 0 
2744 16 0.5 
2785 85 0.6 87 0 93 0.4 
2815 13 0.9 17 1 69 0 98 0.4 
2939 7 0 28 0 35 0 39 0 53 0 71 0.8 74 0.8 
2981 2 0.6 10 0.4 33 0 63 0.8 
3161 15 0 37 0.8 46 0 56 0.3 63 0.9 81 1 97 0.3 
3181 37 0 65 0.6 78 0.5 
3182 16 1 62 0.7 76 0.9 93 0.9 
3328 12 0 23 0 24 1 42 0.6 54 0 61 0.6 78 0.3 89 0 
3329 78 0 
3396 3 0.9 21 0 94 0.8 
3486 2 0 16 0.7 49 0.7 53 1 67 1 70 0.5 90 0.9 96 0.3 99 0.9 
3532 13 0.7 14 0 23 0.8 33 0.4 40 0.4 43 0.7 57 0.4 61 0 78 0.9 
3586 89 1 
3618 3 0.4 4 1 6 0 20 0.6 37 1 48 0.7 
3763 51 0 
3978 47 0.5 67 0 88 1 92 0.5 
3987 4 0.3 10 0.3 12 0.8 40 0 46 0.3 83 0 96 0.6 
3998 47 0.8 51 0.3 52 0 64 0.9 65 0 69 0.3 71 0 75 0.6 86 0.6 87 0.7 
4012 0 0.4 9 0.9 11 1 18 0.3 22 0.6 23 1 47 0.9 77 0.7 78 0.7 87 0.3 
4352 9 1 31 0.7 38 0.6 49 1 60 0.3 65 0.8 67 0.4 77 0 81 1 93 0 
4402 25 0.8 54 0.6 64 0.5 71 0.4 83 0.8 84 0 93 0.7 98 0.5 
4410 82 0.3 
4779 0 0.8 5 0.5 7 0.3 17 0.5 18 1 32 0 34 0 76 0.4 
4855 40 0.8 
4877 33 0 65 0.7 67 0 81 0.8 92 0.3 
5422 14 0 61 0.3 
5439 31 0.6 41 0.8 90 0 
5508 23 0 26 0.3 30 0.7 60 1 65 0.3 70 0.7 85 0 94 0.4 98 0 
5616 9 0.6 17 0.8 49 0.4 62 0 
5824 16 0 20 0.7 23 0.8 41 0.3 47 1 53 0.4 57 0.7 64 0.4 
6023 2 0.7 17 0.5 59 0.5 68 0.6 77 0 81 0 85 0.4 96 0.5 
6166 5 0.4 11 0.6 12 0 14 0 31 0.4 63 0.3 79 1 88 0.7 91 0.5 95 0.9 
6264 8 0.6 33 0.3 40 1 54 1 73 0.4 77 0.7 78 0 80 0.3 95 0.3 
6580 1 0.7 11 0.9 14 0.4 49 0.6 85 0.8 86 0.3 88 0.7 
6585 5 1 
6992 12 0 85 0.9 99 0.9 
7051 12 0.9 27 0.5 75 0.4 91 0 
7228 44 0.5 93 0.3 
7253 22 0.6 70 0.4 91 0.8 
7275 21 0.7 30 0.5 52 0.4 74 0.4 82 0.8 91 0.8 94 0.6 
7544 4 0 
7555 17 0 26 0.5 31 0 59 0.5 80 0.8 92 0.7 95 0.4 
7632 25 0.3 47 0.7 89 0.7 
7788 72 0 73 0.4 
7913 1 0.6 45 0 75 1 
7982 39 0 74 0.3 96 0 
8109 10 0.9 14 0.4 40 0.6 47 0 55 0.4 68 0.9 
8197 6 0.8 9 0.4 20 0 
8314 17 1 24 0.6 69 0 70 0.4 77 1 88 0.5 98 0 
8341 2 0.4 22 1 23 0 24 0.7 25 0.8 29 0.3 46 0.5 67 0.3 77 0.3 84 1 
8348 0 0.7 8 0.9 15 0.6 22 0.9 33 0.8 63 0.8 77 1 83 0.3 97 0 
8444 5 0.6 6 0.7 14 0 44 0.7 61 0.6 66 0.9 78 0 89 0.6 
8471 11 0.4 
8491 7 1 17 0.9 27 0.6 48 0.8 72 0 87 0.8 88 0.9 99 0.8 
8671 4 0 55 0 57 0.9 79 0.3 
8768 12 0.7 54 0.6 55 0 71 0.6 
8844 6 1 39 0.7 
8857 38 0.8 49 0.9 
8969 8 0.9 28 0.4 42 0 49 0.6 65 0 77 0.7 81 0.7 86 0.8 95 0 
9158 1 0.9 10 0.6 16 0.3 18 0 39 0 56 0 59 0.5 77 0 85 1 
9226 21 1 22 0 67 0.6 93 0 94 0.8 96 0 
9364 11 0.5 32 1 37 0.6 79 0 80 0 81 0.4 82 0.8 83 0 90 0.4 96 0 
9403 8 0 14 0.8 25 0.4 35 0.7 67 0.9 68 0 76 1 
9432 67 1 68 0 
9461 0 0.6 8 0.8 41 0.8 52 0.6 62 0 72 1 84 1 92 0 95 0.6 
9523 6 0.5 22 0.9 37 0.6 42 0.5 48 0.8 
9795 4 0 11 0 19 1 26 0 28 0.6 38 0 72 0 92 0.9 
9952 6 0.8 19 0 28 0.3 30 0 43 0.5 61 0.4 79 0.3 
