100
70 96 0 
144 3 0.6 13 0.4 15 0.7 37 0.7 65 1 82 0.4 
180 14 0.8 18 0.6 20 0.6 35 0.8 72 0.9 94 0.4 98 0 
386 5 0.6 17 0 55 0.9 68 0 76 0.4 78 0.9 88 0 
506 0 0.8 10 0 18 1 39 0.7 64 0 81 0 90 0 
515 15 0.5 30 0.6 34 0.4 40 0 44 0.9 57 0.9 94 0.3 
641 10 0 20 0.3 21 0.6 37 1 46 0.8 64 0 72 1 75 0.8 76 0 97 0.7 
650 14 0.8 20 0.5 21 0.7 58 1 60 0.8 70 0.6 
802 0 0.3 8 0.3 45 0.7 54 0.9 74 0.9 90 0 
831 22 0.4 23 1 28 0 44 0.6 62 0.8 70 0.5 78 0 80 0.7 97 0.9 
881 24 1 27 0.8 91 0.6 95 0.6 96 0 
941 3 0.8 20 0.5 70 0 
1105 11 0.8 31 0.4 50 0.4 80 0.8 81 0 95 0 97 0.7 
1366 0 0.7 3 0.4 10 0.6 25 0.7 31 0.3 49 0 73 0.5 98 0.9 
1527 3 0.9 6 0 13 0.6 23 1 30 0.3 36 0.7 56 0.6 85 0.5 91 1 
1543 21 0.4 30 1 42 0 55 0.4 57 0.7 93 0.7 95 1 
1613 31 1 
1638 72 0.6 
1651 10 0 13 1 25 0 46 0.4 83 0.8 
1724 12 0 37 1 41 0.7 68 0.5 71 0.9 
1750 9 0.7 37 0.4 44 1 45 0 47 0.5 61 0.6 70 0 73 0.9 77 0.3 86 0 
1764 4 1 
1768 7 0.8 12 0.5 14 0.5 33 0 46 0 52 0.4 74 0.4 88 0.7 96 0 
1777 1 0.4 39 0.4 60 0.9 82 0.3 94 0.4 
1785 1 0.8 25 0 27 0.6 35 0.8 42 0.8 70 0.3 72 0.3 97 0.6 
1793 8 0 24 1 48 0.5 55 0.8 60 0.6 64 0 71 0.9 77 0 78 1 
1934 6 0 99 0.4 
2024 2 0.9 10 0.6 24 0 43 0 
2332 66 0.7 85 0 
2454 8 0 10 0.6 17 0 42 0 51 0 56 0.4 65 0.5 73 0.4 81 0.7 91 1 
2566 43 0 64 0 79 0.4 
3191 9 0.8 21 0.9 27 0.3 34 1 39 0 43 0.3 44 0.8 52 0.9 80 0.9 
3470 13 0.7 26 0.7 35 0 50 0.5 52 0.5 70 0.5 78 0.7 95 0.9 
3554 6 0.8 30 0.8 70 0.5 71 0.3 
3877 9 0 16 0.3 23 0.9 34 0 50 0.7 51 0.6 59 0.6 63 0 98 0 
4222 20 0 28 0 54 0 55 0 70 0.9 
4247 1 0 15 0.5 16 0.7 29 0.4 35 0.7 36 0.9 42 0 59 0.6 63 0 
4353 32 0.4 58 0.6 75 0.9 78 0 89 0.6 
4361 10 0.7 39 0.4 45 0.8 47 0.4 92 0.4 96 0.8 
4431 43 0.4 72 0 73 0.9 78 1 85 0.9 90 0.4 
4501 12 0.9 65 0 
4569 94 0.8 
4611 2 0.9 18 0 35 0 87 0.6 95 0.3 
4690 53 0.6 90 0 92 0.4 
4991 16 0.6 29 0.7 31 0.3 61 0.8 76 0 95 0.6 
5003 39 0.6 57 0 65 0.9 93 0.8 
5088 4 0 69 0 81 0.9 
5101 7 0.5 59 0 65 0.5 66 0.9 70 0 74 0.9 93 0.7 
5218 16 0.5 28 0.6 46 0.4 48 0.8 51 0.6 64 0.5 70 0 81 0.8 
5585 2 0.4 
5628 18 0.4 34 0.9 37 1 40 0.9 42 0 44 0.3 45 0.8 56 0.7 80 0.6 95 0.6 
5849 0 0 12 0.3 19 0 41 0.5 43 0.4 74 0.4 91 0 
5911 25 0 38 0.5 39 0.7 48 0.9 80 0 82 0.9 
6098 3 0 20 1 27 0 38 0.8 42 0.3 67 0 85 0.5 98 0 
6109 3 0.6 
6239 19 0.8 21 1 64 0.4 
6245 7 0 25 1 30 0.3 41 0.7 51 0.9 58 0 75 0 84 0.8 91 0.3 94 0.9 
6376 90 0.6 
6410 7 0.3 51 0.6 66 0.3 76 0.9 
6441 0 0.4 1 0.6 20 0.7 44 0.5 
6541 85 0 
6761 15 0.7 36 0 37 0.4 90 0 
6981 0 0.4 1 0.3 16 0 17 0.7 24 0 41 0.9 51 0.7 57 0.3 68 0.5 87 0.8 
7072 8 0 17 0 25 0 47 0 54 1 55 0.3 71 0.5 89 0 99 0.9 
7074 4 0.5 27 0.9 33 0.4 36 0.3 44 1 69 0.8 75 0.8 91 0.6 96 0.3 
7240 1 0.8 21 0.9 39 0 57 0.3 61 0.6 63 0.8 68 0.7 84 0 85 0.7 99 0.6 
7299 27 0.8 39 0 55 0.3 78 0.5 
7452 27 0.7 34 0 46 0.8 48 0.8 49 0.7 50 0 59 0.5 68 0.9 72 0.9 
7905 0 1 52 0.5 56 0.4 82 0 
7982 39 0.8 74 1 96 0.8 
8040 11 0.6 51 0.7 
8078 0 0 14 0.3 21 0.3 22 0.5 28 1 31 0 38 0.8 49 0.4 53 0.4 90 0.8 
8111 20 0.3 
8154 22 0.9 41 0.9 
8363 5 0.3 18 1 31 0.3 32 0.3 33 0 55 0.5 56 0.6 66 0.9 68 0 93 0 
8415 14 0.7 19 0.7 23 0.6 30 0 53 0.7 61 0 67 0 68 0.3 
8445 27 0.8 38 0.3 51 0 
8536 9 0 10 0.8 28 1 39 0 52 0 58 0.4 71 0 77 0 98 0.5 
8836 5 0.4 16 0.7 56 1 86 0.9 
8844 6 0.5 39 1 
8873 58 0.7 79 0.9 
8909 4 0.4 23 1 36 0.3 50 0.7 56 0 62 0.3 66 0.9 69 0.3 75 0.9 
9103 13 0 19 0 29 0 61 0 96 0 
9113 19 0.4 28 0.8 34 0.4 43 0 51 0.7 65 0.5 68 1 85 0.9 91 0 
9154 17 0.7 28 0 39 0.5 47 0 69 0.7 71 0.8 80 0.5 91 0 
9193 2 0 95 0.7 
9303 2 0.8 7 1 10 0 15 0.7 17 0 25 0.6 26 0.8 39 0.9 54 0 85 1 
9312 64 0.9 
9325 10 0.8 27 0.8 77 0.6 
9418 11 0.5 
9488 11 0.9 14 0.9 31 0.7 32 0.7 34 0 46 0.3 47 0.6 81 1 83 0 
9598 60 0 76 0 79 0.8 98 0 99 0.9 
9667 8 0.8 30 0.3 35 0.4 39 0.6 52 0.3 53 0.3 78 0.4 79 1 
9750 4 0.5 35 0.6 38 0 75 0 91 0.3 92 0 
9797 8 0.5 9 0.5 21 1 24 1 40 1 70 0.6 79 0.4 
9836 5 0.6 20 0.9 40 0 54 0 61 1 63 0.9 76 0.7 90 0.3 
9888 11 0 14 0.5 28 0.7 37 0.4 41 0.6 51 1 58 0 91 1 
9916 13 0 29 1 42 0 52 0.9 70 0.9 83 0.5 84 0 86 0 99 0.4 
9963 26 1 76 0.5 88 0.8 
9978 3 0 8 0.7 10 0.8 18 0.3 34 0.5 46 0.7 75 0.7 82 0 
