100
35 0 0 6 0 16 0.5 20 0.9 52 0.3 53 0 59 0.9 73 0.6 93 1 
38 11 0.9 22 0.4 65 0 86 0.9 87 0 93 0.6 97 0 
118 3 0 68 0.6 
151 15 0.5 95 0.5 
275 5 0.7 10 0.9 19 0 28 0.5 31 0 43 0.3 90 0 
422 49 0.9 50 0.3 64 0 67 0.5 90 0.4 
451 4 0 29 0 30 0 34 0.5 35 0.6 39 0.4 43 0.9 92 0.6 
508 18 0.3 68 0 71 0 75 0 
622 2 0 21 0.8 28 0.4 43 0.7 60 0.4 92 0.9 96 0 
783 44 0.3 47 1 
837 18 0.6 61 0 71 0.5 
849 16 0.9 
858 10 0.5 21 0 37 0.4 40 0.3 54 0.3 57 0.3 71 0.6 
884 76 0.3 99 0 
1062 2 0.4 29 0.6 
1069 15 0.6 34 0.3 36 0.5 79 0.5 81 0 83 0.3 
1132 22 0.5 31 1 88 0 96 0.4 
1226 0 0 24 0.4 25 0.7 32 0.9 45 0.4 50 0 85 1 87 0.5 92 0.9 96 0.6 
1255 15 0.4 21 0.8 22 0.9 34 0.4 75 0.3 84 0.7 
1376 17 0 
1679 0 0 10 0.6 27 0.5 45 0.9 57 0.8 59 0.5 83 0.3 
1685 11 0.7 
1699 4 0 8 0 18 0.7 61 0 
1803 31 0 40 0 42 0 59 0 82 0.8 86 0.3 87 0 
1942 15 0.4 20 0.3 39 0.7 61 0.9 62 0.8 65 0 79 0.8 
2142 24 0 60 0.3 89 0.5 
2179 23 0 28 0.8 38 0.4 86 0 
2204 25 0.7 40 0.5 53 0.6 81 0.5 90 0.9 
2237 55 0.7 82 0.8 92 0.3 
2281 11 0 19 0 
2327 2 0.5 28 0.5 31 0.7 36 0.3 39 0 42 0 50 0.8 62 0.6 77 0 
2503 51 0 56 0.3 
2545 22 0.8 39 0.6 57 0.4 64 1 89 0.9 
2777 32 0.5 37 1 83 1 
2780 1 0.4 3 0.6 52 0.3 70 0.5 74 0.8 92 0.6 93 0.6 
2832 15 0.5 26 0.5 34 0.5 35 0.4 51 0 56 0.5 59 0.4 75 0.8 97 0.5 99 0.6 
2901 44 0.3 52 0.7 
2936 32 0.8 45 0.3 57 0.3 
2981 2 0.7 10 0 33 0.7 63 0.7 
3104 0 0.4 19 0 20 0.3 45 0 66 0.5 83 0 
3434 14 0 
3443 52 0 60 1 70 0 76 0 
3470 13 0.3 26 1 35 0.6 50 0.9 52 0.4 70 0 78 0.4 95 0 
3650 6 0.7 56 0.8 67 0.4 91 0.6 
3744 1 0 3 0.3 14 0 21 0.7 32 0 47 1 93 0.9 94 0.7 97 0.9 
3756 2 0.4 4 0 12 0 13 0.4 14 0.6 34 0 57 0 64 0.4 83 0.6 85 0.8 
3796 10 0.6 11 0.5 16 0.5 20 1 81 0.6 
3863 25 1 45 0.9 
3915 21 0.6 59 1 62 0.7 77 0.4 81 0.8 96 0 
3965 7 0 37 0.3 43 0 46 0.5 50 0 55 0 78 0.3 83 0.9 97 0 
3978 47 0.4 67 0 88 0.6 92 0.9 
4184 10 0 
4326 8 0.7 11 0.7 22 0.8 26 0 59 0 68 0.3 73 0.6 85 0 97 0.4 
4525 18 0 21 0.7 23 0 49 0.4 62 0.8 63 0 72 0.9 73 0.6 
4591 7 0 12 0.3 31 0.6 62 0.3 71 0.8 75 0 82 0.6 92 0.5 
4700 9 1 13 0.6 18 0 22 0.6 37 0 64 0.4 72 0.9 73 0.9 76 1 
5052 0 0.6 21 0.9 35 0.5 46 0.5 47 0.3 54 0 74 0.6 95 0.5 97 0.9 
5359 8 1 14 0.7 21 0 25 0 29 0 38 1 98 0 
5391 11 0.4 14 0.9 15 0.8 60 0.3 72 0.9 90 0.7 
5519 1 0.8 3 0.8 25 0 31 0.6 42 0 47 0.5 55 0.8 78 0.8 
5913 69 0.8 
6275 12 1 17 0 31 0 46 0.3 92 0.6 94 0 
6361 58 0.5 61 0 
6837 8 0.4 35 0 58 0 74 0.5 
6851 11 1 28 0 66 0.6 67 0 70 0 94 0.3 
7130 8 0 31 0.8 32 0.7 36 0.4 62 0 74 0.4 81 0.6 83 0.5 85 0.9 87 0.8 
7176 50 0 87 0.8 96 0.8 
7408 1 0 6 0 7 0.8 42 0.6 56 0.5 87 0.4 89 0.4 
7419 10 0.9 13 0.3 62 0.7 77 0.8 80 0 81 0.8 
7432 62 0.9 
7498 6 0.6 35 0.3 36 0.8 60 0 78 0.7 79 0 89 0 
7500 3 0.3 
7532 19 0 37 0 39 0.4 66 0 67 0.8 73 1 75 0.4 81 0 
7569 6 1 9 0.3 13 1 18 0.3 38 0.6 48 0.4 
7602 24 0.6 41 1 43 0.6 46 0 58 0.3 64 0.9 72 0 73 0.5 96 0.3 
7688 64 0.8 
7841 16 0.5 27 0 29 0.5 32 0.9 46 0.4 61 0 75 0 83 0.5 
7875 19 0 20 0.8 48 0.6 79 0.4 81 0.7 94 0.4 
7930 4 0 19 0.8 38 0.3 67 0 83 0.7 84 0.7 87 0.9 91 0.7 96 0.9 
7949 9 0.7 15 0.3 48 0.3 53 0.9 98 0.3 
7983 15 0.6 23 0.3 38 0.4 41 0 72 0 79 1 95 0 
8189 9 1 14 0.8 21 0.6 38 1 73 0 88 0.5 
8295 81 0.6 
8465 20 1 34 0.7 40 0 71 0 97 0 98 0 
8527 38 0 50 0.9 
8555 45 0 49 0.8 52 0.8 84 0.6 93 0.6 
8694 10 0.4 44 0.8 52 0.6 75 0.7 80 0.3 
8700 18 0.3 68 0.4 72 0.4 
8748 4 0.3 10 0.9 39 1 71 0.3 73 0.6 87 0 91 0.3 94 1 
8920 8 0.5 41 0.3 65 0.6 67 0 74 0.5 90 0.5 91 0.9 95 0.3 96 0.5 
8936 7 0 19 0.9 26 0.8 29 0.5 47 0.4 55 0.5 70 0.4 82 0.4 
8973 24 0.5 59 1 64 0.6 73 0.8 79 0.7 98 0.5 
9022 4 0.9 15 0.5 32 1 54 0.6 96 0 
9314 2 0.5 3 0 15 0.8 19 0.3 26 0 48 1 50 0.7 56 0.4 86 1 90 0 
9631 62 1 
9709 11 0.3 29 0 41 0 43 0.7 47 0.9 
9749 52 1 
9769 12 0 40 0.9 44 0.9 52 0.8 56 0.5 76 0.9 96 0.8 
9906 28 1 32 1 51 0.9 90 0.6 91 0.8 
9907 1 0 3 0.8 39 0 72 0.4 
