100
37 15 0.8 19 0.7 
143 0 0.9 5 0.3 12 0.5 51 0.7 59 0.3 64 0.8 79 0.8 92 0 98 0.8 
255 11 0.7 
348 0 0 3 0 40 0.8 44 0.4 49 0.7 90 0.7 
598 57 0 60 0.8 62 0.4 64 0.8 98 0.9 
611 6 0.3 52 1 58 0.8 68 0.4 76 0.3 
664 3 0.6 39 0.3 70 0.8 76 0.9 83 0.4 97 0.5 
704 0 0.3 24 0.9 83 0.7 85 0.4 87 0.4 
729 28 0.9 40 0.6 45 0 
763 16 0 17 1 19 0.5 26 0.7 34 0 43 0 55 0 68 0.3 92 0.8 
792 99 0.3 
798 3 0.9 40 1 46 0.6 48 0.9 57 0.6 64 0.5 72 0 90 0 
868 27 0.5 
1033 21 0.3 44 0.6 50 0.5 86 0 
1077 24 1 44 1 49 0.7 52 0.4 65 1 68 0.5 76 0.5 83 0.8 90 1 95 0.3 
1139 6 0 23 0.3 36 0.5 87 0.4 88 0 
1233 28 0 90 0.6 
1451 15 0.5 37 0 
1605 10 0.5 19 0.8 42 0.3 43 0 45 0.8 46 0.5 49 0.6 53 0 84 1 
1610 21 0.4 51 0 63 0.4 77 0.9 84 0 
2206 17 0.6 37 0.9 87 0.7 
2238 5 0.3 15 0.9 28 0.7 38 0 42 0 43 0.7 62 1 68 0 79 0 94 0.7 
2251 17 0 
2274 13 0 31 1 53 0.6 
2305 45 1 
2357 24 1 56 1 59 0.7 68 0.4 
2366 2 0.7 8 0.9 10 0.3 14 0.6 15 0.6 18 0 20 0 21 0 52 0.9 61 0.5 
2546 25 0.3 82 0 93 0.8 
2600 41 0 55 0.3 58 0 80 0 
2744 16 0.4 
2817 22 0 24 0.6 32 0.8 35 0.6 54 0.9 56 0 58 0.5 69 0.3 77 1 88 0 
2885 43 0.4 82 0.4 
2889 34 0.3 52 0 
2985 4 0 5 0.3 18 1 23 0.8 27 0.5 57 0.8 69 0.8 86 0.8 96 1 97 0.5 
2991 1 0.3 25 1 34 0.4 38 0.6 86 0.7 91 0.3 98 0.4 
3081 3 0.3 8 0.6 9 0 37 0 40 0.4 59 0.6 64 0 73 0 93 0 
3192 4 0.6 5 0.4 9 0 23 0.4 34 0 40 0.3 62 0.5 81 1 84 0 98 0 
3296 11 0.9 13 1 37 1 41 0.3 51 0.8 81 0.5 82 0.5 94 0 
3297 51 0.7 67 1 72 0.8 
3299 9 0.3 25 0 46 0.7 56 0 91 0.9 92 0 95 0.9 
3502 8 0 10 0 16 0 17 0 47 0.3 58 0.9 82 0.8 86 0.7 92 1 
3794 5 0.3 17 0 43 0.3 69 0.5 72 0.3 
3850 11 0.4 16 0 44 0.3 56 1 88 1 
3881 0 0.9 5 0.5 30 0 43 0.9 64 0.5 76 0.4 97 0 98 0.6 
4069 1 0.7 18 0.5 24 0.7 32 0.5 52 0 82 0.4 92 0.5 94 0.6 95 0.7 98 0.4 
4099 14 0.9 16 0.5 33 0 34 1 38 0.6 62 0.7 63 0.4 69 1 89 0 
4185 7 0 24 0 38 0.7 46 0.4 54 1 70 0.8 90 0.5 
4196 4 0 23 0.8 26 0 65 1 82 1 85 0.5 88 0 93 0 94 0.3 
4203 11 0 15 0.3 18 0.7 19 0 40 0.5 46 0.4 57 0 64 0.6 69 0.8 77 0.7 
4227 9 1 10 0.9 25 0.5 26 0.9 35 0.7 49 0 96 0.6 
4639 9 0.7 24 0.6 41 0.3 46 0.9 84 0.5 
4664 9 0 15 0.8 70 0.5 95 0.8 
4689 19 0 24 0.5 35 0 56 0.3 71 0 
4807 5 0.5 76 0.9 90 0.5 
4817 45 0.4 
4837 55 0 
4917 17 0 33 0.7 
4950 1 0 17 0.9 46 0 51 0.4 53 0.4 72 0 90 1 91 0.5 
5101 7 0.4 59 0 65 0 66 0.4 70 0 74 0.7 93 1 
5234 55 0.5 73 0.7 77 0.7 86 0.5 
5432 56 0.3 78 0.7 
5552 11 0.8 30 0.9 55 1 61 0 70 0 76 0.5 78 1 90 0.7 
5655 0 0.9 23 0.4 28 0.3 32 0.7 35 0.7 62 0.8 66 0.6 68 0.6 86 0.3 88 0 
5784 3 0 17 0.6 21 0 78 0 
5833 16 0 25 0.9 67 0.7 72 0 96 0.5 
5956 27 0 
6199 53 0.9 56 0.3 
6344 5 0 6 0.7 18 0.3 19 0 21 0 36 0 45 0.6 60 0 66 0.7 93 0 
6353 10 0.8 26 0.3 69 0 85 0.7 
6371 0 0.9 36 0 75 0.6 82 0.7 96 0 
6389 6 0.8 80 0 
6646 4 0 36 0.7 40 0.9 43 0.9 69 0 73 0.9 75 1 76 0 88 0 
6699 3 0.6 57 0.3 59 1 
7070 4 0.5 13 0.8 15 0.5 17 0.9 27 1 41 0 84 0.7 
7080 13 0.9 27 0.4 
7192 6 0.8 7 0.4 13 0 18 0.9 24 1 33 0 46 0 54 0.3 65 0.5 72 0 
7256 1 0.3 5 0.8 6 0.7 61 1 64 0.6 96 0 
7563 2 0.5 4 0 22 0 34 0.5 35 0.3 76 0.7 84 0.8 93 0.6 97 0 
7636 26 0 58 0.9 71 0 
7809 5 0 15 0.7 50 0.4 70 0 
7810 7 0.7 45 0.3 53 0.5 67 0.7 70 0.6 77 0.6 99 0 
7819 15 0 31 0.9 38 0 43 0.4 72 0.5 93 0.6 
7951 4 0.7 11 0.7 13 0.8 16 0.9 23 0.5 28 1 52 0 84 0.7 
8006 67 0.4 71 0 84 0.9 88 0.5 
8223 68 0 
8294 13 0.9 21 0.5 23 0.7 27 0.4 44 0.3 57 1 65 0 66 0.4 74 0.5 85 0 
8324 0 0 1 0 7 0.5 31 0.5 45 0.9 55 0.9 61 0.7 87 0 92 0.7 
8426 4 0.4 5 0.8 9 0.6 26 0.7 59 0.9 66 0.4 82 0 89 0.5 
8567 5 0.6 12 0.4 28 0.9 37 0.4 66 0 68 0 77 0.6 87 0.9 89 0.7 96 0.6 
8609 11 0.9 34 0.7 35 1 61 0 96 1 
9001 0 0 6 0.6 28 0 40 0.6 53 0 67 0.5 68 0 69 0 83 0.9 
9049 11 0.7 40 0 50 1 63 0.4 67 0.6 70 0.7 93 0.7 
9144 2 0.9 7 0.7 42 1 48 0.3 74 0 84 0.3 91 0.7 96 0.7 
9194 17 1 24 0.3 32 0 36 0.8 47 1 49 1 52 0.4 63 0 90 0.3 94 0 
9336 8 0.7 25 1 48 0.4 59 0 71 0.7 72 0.5 89 0.7 99 1 
9682 8 0 9 0.3 45 0.5 48 0.8 
9724 0 0.8 2 0 17 0.3 27 0.5 38 0.9 63 0.3 80 0.7 86 1 97 0 
9783 23 0.6 42 0 71 0.6 82 0.9 94 0.8 
9916 13 0 29 0.5 42 0.9 52 0.6 70 0 83 0 84 0 86 0.5 99 0 
9996 40 0.6 68 0.3 78 0.6 
