100
128 70 0.5 75 0.6 93 0.5 
129 14 0.5 25 0.5 42 0 48 0.9 56 0 61 0.4 68 0 
376 17 0.8 28 0.4 45 1 82 0.8 
404 56 0.7 
583 30 0.7 81 0 
811 13 0.8 14 0.5 42 0 72 0 92 0.3 94 0.9 99 0 
914 3 0 29 0.8 34 0.5 62 0 64 0.4 92 0.7 
1175 0 0.6 9 0.8 14 0 18 0.3 30 0.3 51 0.9 80 1 82 1 
1198 12 0.5 37 1 53 0.7 54 0.8 58 0 81 0 82 0.9 93 0.6 
1272 15 0 22 0.8 31 0.5 36 0.9 56 0.6 57 0.4 58 0.5 65 0 86 1 88 0.7 
1403 8 0.6 16 0 22 0.5 23 0 36 0 54 1 57 0.8 67 0.9 77 0.3 
1553 10 0 23 1 63 0.6 66 0.4 78 0.3 
1627 48 0.5 69 0.9 70 0.9 76 0.9 84 0.9 89 0.7 90 0.5 
1635 23 0 33 0.6 62 0 63 0.8 67 0.9 
1705 12 0.9 55 0.9 
1711 57 0.8 
1857 10 0.8 18 0 46 0.9 50 0 
1889 80 0 
1926 13 1 38 0.8 40 0.7 53 0.8 82 0.7 95 0.4 
2242 17 0.5 23 0.9 26 0.9 59 0 94 0.3 
2292 29 0 53 0.5 78 0.4 90 0.5 92 0.3 93 0.4 95 0.9 
2343 30 1 33 1 35 0 43 0 64 0.5 90 0 93 0.8 
2355 69 0 77 0.9 80 0.4 
2575 1 1 41 1 54 0 60 0.8 81 0.6 84 0.8 85 0 87 0.3 
2602 80 0.3 
2722 3 0.3 8 1 15 0.8 48 0 66 0 72 0.4 82 0.6 85 0 86 0.6 91 0.7 
2924 28 0.4 63 0.6 
3007 13 0 35 0 45 0.4 50 0.8 72 0.3 
3196 16 0.3 25 0 29 0.6 36 0.6 82 0.8 85 0.6 91 0 
3200 40 0.4 
3341 18 0.6 25 0.5 62 0 98 0 
3439 11 0 12 0.4 18 0 29 0.5 32 0 41 0.7 51 0.6 95 0.3 
3460 2 0 49 0.9 63 0.9 68 0.7 71 0 73 1 85 0.6 
3661 13 0.3 51 1 
3944 41 0.4 50 0.9 51 0.6 82 0.8 94 0 
4060 70 0 84 0.7 
4137 89 0.7 
4337 22 0 33 0 44 0.9 48 0 62 0.5 76 0 84 0 89 0 90 0.3 
4369 15 0 18 0 38 0.4 84 0 
4480 6 0.9 50 0.9 61 0.8 84 0 
4566 1 0 8 0.3 11 0.8 12 0.8 54 0.4 56 0.9 57 0 84 1 
4604 0 0.8 10 1 14 0.6 56 0.8 62 0.6 89 0.5 90 0 
4836 4 1 30 0 34 0.3 39 1 49 0.7 54 0.5 68 0 95 0.4 
4837 55 0 
4921 20 0.8 82 1 
4984 26 1 44 0 
5110 49 0.4 
5270 31 0.7 
5303 15 0 53 0.7 
5370 11 0 16 0.5 71 0.3 
5704 10 0.6 47 0.8 
5930 1 0.4 25 0.6 97 0.6 
5931 27 0.3 37 0.3 55 0 60 0.7 82 0.8 88 0 
5949 27 0.8 35 0.9 43 0.7 75 0.4 85 0 
5988 1 0.5 2 0 41 0.5 55 1 64 0 65 0 73 0 87 0 98 0 
5993 4 0 17 0.4 
6028 5 0.5 10 0 19 0 
6249 3 0.7 9 0.9 29 0 47 0 63 0.5 80 0 86 0.5 91 0 
6290 2 0 7 0 37 0.3 42 0.3 64 0.4 90 1 94 0.8 99 0 
6388 32 0.5 42 0.5 59 0.7 67 0.5 
6611 11 0.5 13 0.7 25 0.9 33 1 47 0.6 58 0 67 1 73 0.5 96 0.7 97 0 
6680 3 1 57 0 
6700 22 0 46 0.6 78 0 89 0.9 93 0 
6845 14 0.5 57 0 62 0 64 0.3 89 0.7 
6897 5 0.8 25 0.6 27 0 35 0.7 52 0 63 1 70 0 
7136 7 0 11 0 37 0 52 0.6 56 0 68 0.6 97 0 
7285 0 0.4 13 0.4 22 1 68 0.3 79 0.6 
7349 76 0.7 
7445 5 1 38 0.8 45 0.4 51 0.8 57 0.9 60 0.7 65 0.9 79 0.4 86 0 
7541 3 1 61 0.8 
7557 3 0.7 7 0.7 23 0.5 27 0.5 31 0.8 46 0.6 53 0.5 61 0.3 70 0 83 0.6 
7558 6 0.9 19 1 72 0.3 75 0 88 0 
7604 2 0.3 7 0.9 13 0.8 27 0.8 28 0.8 30 0.4 46 0.5 62 1 76 0.4 94 0.7 
7645 2 0 4 0 9 1 17 0.7 19 0 44 0.6 88 0 
7920 9 0.3 31 0.4 35 0 57 0.3 62 0.3 
7994 42 0.8 52 0.6 80 0 85 0 
8134 13 0.3 18 0 34 0.9 35 0.7 46 0 51 0 69 0.9 70 0.8 94 0.3 99 0.5 
8216 2 0.9 5 0.5 7 0.7 16 0.8 52 0 54 0 70 0.7 80 0.6 89 0.9 94 0.9 
8383 40 0.5 58 0.6 72 1 76 0 89 0.7 96 0.8 
8399 4 0.6 7 0.9 57 0 67 0.9 68 0.5 73 0.4 85 0.3 95 0 
8468 17 0 24 0 40 0.3 49 0 90 0.6 
8504 5 0.3 
8601 19 0.4 
8652 26 0.4 
8937 21 0 46 0 55 0.5 80 0 85 0.4 96 0.7 
8946 67 0.6 72 0 80 0.7 97 0.8 
8965 13 0.6 14 0.4 22 0.3 48 0 64 0.9 68 0.8 69 0.6 86 0 87 0.8 88 0.8 
9160 1 0 3 0.4 6 0.6 19 0.3 36 0.4 37 0.9 66 0.4 69 0.8 88 0.8 96 0.4 
9166 30 0 83 0.6 92 0 
9216 4 1 13 0.7 21 0 56 0.8 
9336 8 0 25 0.8 48 0.5 59 0 71 0.8 72 1 89 0.9 99 0 
9376 11 0 15 0 31 1 38 1 63 0 77 0.7 
9536 5 0 13 0.5 
9668 2 0 5 0.8 29 0.9 35 0.6 64 0.8 65 0.7 74 0 89 0.6 91 0.4 
9683 7 0 13 0 65 0.5 90 0.8 
9711 15 0.7 27 0.6 58 1 72 0.7 90 0.3 
9827 3 0 28 0.4 33 0.7 36 0.7 60 0.8 67 0.8 71 0 87 0.8 88 0 89 0.8 
9838 7 0.3 28 0 30 0 63 0 75 0 86 0 91 0 
9884 2 0 13 0.5 22 0.9 33 1 52 0 80 1 88 0.3 
9991 9 1 12 0.6 13 1 34 0.4 57 0 69 1 74 0 89 0.5 94 0.3 
