100
45 12 0.6 49 0.3 
97 5 0 9 0.7 13 0.4 16 0.8 54 0.5 62 0.6 
329 1 0.4 
342 6 0.4 19 0.4 26 0.9 33 0.7 52 0.4 81 0 
371 3 0.8 24 0.9 
549 5 0.7 9 0.9 12 0.4 16 0.3 61 0 62 0.9 63 0 80 0.6 87 0.8 94 0.8 
712 16 0.4 19 0 45 1 66 1 75 0.3 77 0.8 94 0.5 
763 16 0.9 17 0.9 19 1 26 0.7 34 0.3 43 0 55 0.6 68 0 92 0.6 
815 3 1 65 0.6 81 0.9 
897 15 0.3 17 0.4 20 1 61 0.6 68 0.6 86 0.8 95 0.9 99 0 
912 1 0.7 9 0 22 0.3 50 0.3 73 0.4 79 1 80 0 
935 1 0.5 11 0.9 28 0 59 0.9 64 0 77 0.7 
938 97 0 
1284 89 0.8 
1423 2 0.8 5 0.3 22 0.3 38 0.8 76 0.5 84 1 
1477 30 0.7 41 0.4 43 1 52 0.7 57 0.4 
1691 10 0.7 50 0 51 0.3 64 0 
1773 68 0.8 76 0.9 80 0.4 
1825 88 0.7 
2159 1 0.9 3 0.7 11 0 13 0.4 36 0.4 49 0 50 0 63 0.7 76 0 82 0.7 
2311 13 0.7 16 0 17 0.9 19 0.4 22 0 73 0.9 77 0.4 81 0.5 86 0 95 0.5 
2441 26 0.7 66 0.6 
2468 9 0.8 46 0 75 0.7 
2552 16 0 19 0 48 0.4 58 0.9 66 0 97 0 99 0.3 
2565 4 0.5 34 0.3 49 0.5 50 0.5 66 1 73 0.3 78 0.4 94 0 96 0.6 97 0 
2587 16 0.5 52 0 59 0.3 
2609 26 1 41 1 43 0.6 57 0.3 78 0.5 
2726 19 0 46 0.9 57 0.9 82 0 
2884 14 0.6 48 0.9 49 0.5 57 0.6 68 0.3 72 0.3 85 0.8 94 0.5 95 0.6 
2922 97 0.7 
2929 54 0.8 83 0.8 95 0.8 
3320 26 0.5 
3402 20 0.4 23 0.8 37 0 40 0.5 42 0.5 59 0 73 0 80 0.4 91 0.5 
3485 29 0.4 33 0 39 0.8 62 0.4 71 0.4 72 1 81 0.3 99 0 
3519 5 0 14 0.7 36 0 
3613 52 0 58 0.4 63 0 
3650 6 0 56 0 67 0.5 91 0 
3666 11 0.9 38 1 46 1 65 0.8 79 0 84 0.3 89 0.7 98 0.6 
3765 39 0.5 40 0 51 0 89 0 
3767 2 0.3 15 0.8 
3879 7 0.8 22 0.5 63 0 75 0 83 0.3 84 0.6 97 0.3 
4204 10 1 36 0 38 1 56 0 69 0.9 73 0 76 0 98 0.3 
4211 24 0.9 35 0.6 38 0.5 39 0.3 51 0 58 0 70 0.4 87 0 95 0.9 
4474 3 0 5 0.4 13 0 26 1 66 0 84 0.3 97 1 
4556 1 0 4 0.6 67 0.8 69 0 
4590 21 0.6 31 0.7 65 0.4 92 0.8 
4695 3 0.5 18 0.7 22 0.8 47 0.7 49 0.8 63 1 64 0 66 0.7 99 1 
4781 8 1 28 0.7 34 0.5 39 0 61 0 63 0.3 74 0 84 1 85 0.5 
4809 2 0 9 0 16 0 
4883 15 0 19 0.4 39 0 52 0 59 0.9 61 0.7 75 1 85 0.5 86 0.3 94 0.8 
5170 4 0.6 27 0.4 40 0 64 0 
5247 90 0 91 0.6 97 0.3 
5464 4 0.5 25 0.9 44 1 56 0.4 
5558 0 0.5 25 0 30 0.4 38 1 39 0.4 56 0 63 0 71 0.3 
6135 20 0.8 50 1 69 0.3 80 0.7 81 1 91 0.9 92 0.4 94 0.8 96 0.7 
6145 0 0 10 1 11 0.4 18 0.8 24 0.6 26 0 29 0 39 0.3 76 0.4 
6151 8 0 22 0.4 83 0 
6257 30 0.8 42 0 53 0 71 1 72 0.7 85 0.3 96 0.6 
6323 14 0.5 33 0.3 61 0 
6524 8 0.4 49 0 51 0.5 69 0.6 80 0 94 0.7 
6544 14 0.7 65 0 70 0.7 72 0.6 
6568 9 0.8 27 0.9 59 0.5 
6863 19 0 46 0.8 76 0 84 0.3 
6900 11 0.3 47 0.3 95 0 
6912 77 0 
6930 11 0.7 16 0 82 0.4 83 0.5 99 0.6 
7111 10 0 11 0.6 22 1 26 0 43 0 80 0.4 85 0.4 
7254 1 0 11 0.3 24 1 28 1 36 0 64 0.7 75 0.9 78 0.7 94 0.7 95 1 
7341 0 0.5 4 0.3 15 0.5 20 0 39 1 45 0 56 0.3 70 1 88 0.3 97 0 
7395 11 0.6 28 0 40 0.7 
7421 36 0.4 57 0.5 70 0 
7472 25 0 26 0 32 0 50 0.3 51 0 55 0.6 57 0 62 0.7 81 0.9 87 0 
7476 0 0 2 1 14 0.5 40 0.8 47 0.7 66 0.9 80 0.5 85 0 91 0.5 
7611 74 0 75 0.5 88 0 
7623 8 0 28 0.7 33 0.8 42 0.5 57 0.4 80 0.8 
7682 94 0 
7987 86 0 
8367 0 0.3 10 0.8 15 1 55 0.3 56 0.4 88 0.7 90 0.8 
8374 66 0.3 85 0.7 93 0 
8488 14 0.9 
8508 11 0.6 50 0.7 71 0.6 92 0 94 1 97 0 98 0.6 
8531 3 0.4 35 0.4 36 0 43 1 51 1 58 0 68 0.8 79 0.5 96 0 
8564 3 0.3 17 0.9 22 0 26 0.4 41 0 
8596 8 0.9 43 0 
8612 8 0.7 9 0.3 57 0 
8615 62 0 88 0.4 
8673 14 0.7 54 0.9 69 0 88 0.7 
8761 10 0.7 49 0.7 62 0.9 
8772 22 0 63 0.9 80 0 81 0.8 83 0.5 94 0 
8858 15 0 18 1 32 0.8 33 0.5 66 0.4 76 0 84 0.8 
8964 42 0.9 83 0 
9195 0 1 7 1 9 0 10 0.8 
9247 29 0 82 0.6 98 0 
9539 5 0 21 0.3 48 0 62 0.5 65 0.6 69 0.3 
9650 28 0.3 61 0 
9776 4 0.4 30 0 31 0.7 44 0.9 72 0.7 73 0.5 
9789 13 0.7 48 0.4 96 0 97 0.5 
9875 19 0 29 1 31 0.8 35 0.7 46 0 48 0.8 84 0.9 89 0 
9949 13 0.5 44 0 71 0.7 
9984 5 0 14 0.7 38 0 88 0 
