100
1 69 0.4 
279 22 0.3 27 0.7 37 0.7 62 0.5 67 0.5 73 1 
298 4 0.4 5 0.3 13 0 35 0.8 37 0.5 41 0 48 0.3 63 0.9 71 0.9 98 0.7 
329 1 0.6 
337 13 0 20 0.9 39 1 83 0.8 
485 1 0.7 22 1 44 0 56 0.9 
513 1 1 20 1 27 0 65 0.6 72 0.3 77 0 94 0 99 0 
613 44 0 46 0.5 99 0.9 
757 4 0.8 28 0 48 0 91 0 
860 24 1 54 0.9 75 0.3 
901 39 1 82 0 89 0.5 
906 0 0.6 6 0 30 0.9 34 0.4 35 0.8 37 0 39 1 66 0.7 67 0.6 81 0.3 
1179 6 0.5 29 0.5 38 0 42 0 48 0 58 0 87 0.5 99 0.7 
1188 6 0 17 0 36 0 41 0.5 68 0.9 
1260 5 0.8 46 0 
1262 31 0 38 0.8 41 0.8 
1320 11 1 16 0.5 61 0.4 
1326 34 0 36 0 61 0.9 67 0.9 74 0.7 77 0 78 0 82 0 84 0 
1427 8 1 18 0 27 1 44 0.8 49 0.9 50 0.8 61 0.3 62 0.9 76 0.8 88 0.8 
1504 58 0.5 60 0.4 81 0 94 0 
1663 2 1 15 0.5 20 0.9 27 0.9 62 0 74 0 97 0 
1668 0 0.9 9 1 12 0.7 19 0.4 64 0.4 83 1 
1807 14 0.3 31 0 36 0 
1840 53 0.9 69 0.5 
1899 1 0.7 
1988 26 0 31 0.7 
2182 7 0.4 13 0.7 19 0.8 27 0 34 0.4 78 0.6 83 0.7 90 0 
2351 48 1 
2355 69 0.3 77 0.3 80 0 
2457 9 0.6 44 0.6 87 0.7 
2732 4 0 57 0 
2761 15 0.4 64 0 
3065 5 0 8 1 18 0.6 30 0.9 51 0 54 0.6 94 1 
3076 18 0.7 23 0.6 51 0.9 88 0 97 0.4 
3156 8 0.4 11 1 31 0 33 0 
3205 15 0.8 31 0.7 81 0.9 83 0 99 0 
3292 5 0.6 14 0.3 35 0 66 1 71 1 80 0.8 89 1 
3503 31 0 56 0 96 0 
3800 58 0.5 
3825 93 0.6 
3908 80 0.7 85 0.3 
4157 4 0.8 25 1 35 0.6 52 0.4 65 0.8 74 0 76 0 83 0.9 
4171 10 0.3 22 0.9 38 0.6 52 0.8 53 0 60 0 72 0 80 1 81 0.6 91 0.6 
4292 2 0.3 13 0.9 17 0 53 0 57 0.7 74 0 99 0.7 
4471 3 0.9 47 0.9 50 0.8 52 0.5 64 0.6 
4568 58 0.3 77 0.9 
4597 17 0.3 21 0 22 0.5 49 0 63 0 
4845 8 0.7 33 0.3 35 0 59 0.3 87 0.3 
4878 2 0.7 3 1 7 0.4 23 0 33 0 34 0.9 50 1 58 1 78 0.6 97 0.3 
4918 16 1 17 0.3 26 0.5 35 0 51 0.4 68 0.4 84 0.4 96 0.9 
5052 0 0.3 21 0 35 0.4 46 0.9 47 0 54 0.6 74 0.9 95 0.6 97 0.3 
5126 12 0.3 38 0 40 0.8 44 0 65 0 78 0 90 0 93 0 97 0.9 
5156 3 0 27 0 34 0.9 36 0.3 38 0 40 0.3 61 0 75 0 
5326 27 0 50 0.9 82 0 87 0.5 89 0 
5440 6 0.8 28 0.5 85 0.8 
5511 1 1 10 0.4 11 0.9 30 0 41 0.5 43 0.3 70 0.9 73 0.7 80 0.8 93 0.8 
5657 16 0 31 0.5 49 0.9 94 0.7 
5665 32 1 60 0.3 97 0.3 
5682 36 0.3 43 0.5 60 1 62 0.9 68 0.4 81 0.3 99 0.3 
5781 8 0.7 19 0.5 36 0.6 40 0.5 47 0 62 0.9 64 0.9 66 0 82 0 
5817 37 0 44 0.4 47 0.8 48 0.9 49 1 62 0.8 69 0.3 73 0 78 0.6 85 0 
5938 2 0.7 15 0.5 19 1 85 0.5 
6058 32 0.3 
6110 32 0.4 60 0.9 
6215 3 0.5 8 0.3 21 0.3 27 0 38 0.7 45 1 61 0.9 67 1 93 0 
6228 0 0.5 
6255 4 0.3 26 0.5 65 0.9 96 0.9 
6278 29 0.7 33 0 37 0 43 0.3 46 0.3 57 0.7 75 0.7 91 0.4 96 1 
6518 34 0.4 86 0 
6660 8 0.3 33 0.8 35 0.4 45 0.6 51 0.3 60 0.6 85 0.7 
6686 2 0.5 7 0.9 13 0.4 21 0.6 54 0.5 67 0.5 70 0.7 79 0.3 80 0.5 91 0.4 
6856 31 0 33 0 39 0.6 47 0.4 70 0.5 73 0.9 74 0.5 83 0 86 1 
6980 49 0 
7010 15 0.6 22 0.8 25 0.7 63 0.8 65 1 94 0.7 
7057 83 1 84 0 
7151 2 0 5 0.5 19 0 65 0.9 72 0 91 0.8 93 0 
7302 36 0.6 40 0.4 49 0 60 0 
7441 20 0.7 23 0.3 39 0.6 54 0.4 66 0.7 74 0.7 76 0.9 87 0 98 0.3 99 0 
7677 17 0.5 25 0 50 0.8 62 0.7 68 0 71 0 75 0.6 90 0.5 96 0 
7866 0 0.4 88 0.7 
7958 2 1 20 0.8 47 0.7 58 0.3 63 0 74 0.9 92 0.9 98 0.3 
8179 7 1 57 1 82 0 85 1 90 0.7 
8270 36 0.8 37 0.5 45 0.9 54 0.3 64 0.8 69 1 94 1 97 0 
8428 17 0.4 20 0 43 1 68 1 83 0.7 89 0 
8505 7 0.3 32 0.3 35 0.5 39 1 40 1 78 0 79 0.9 
8634 2 0.6 5 0 8 0.7 10 0.6 29 0.5 68 0 
9011 3 0.8 6 0.5 31 0 45 1 52 0 60 0.4 61 0.7 87 0.5 99 0.5 
9079 34 0.9 36 0.3 43 0.9 44 0.9 58 0.7 59 0.5 70 0.7 88 0.7 95 0.5 
9227 19 0 26 1 28 0 33 0.6 36 0.8 51 0.4 73 0.9 77 0 80 0.3 98 1 
9228 5 0.4 20 0.5 22 0 33 0.5 96 0.8 
9252 14 0.4 18 1 31 0.8 49 0 65 0.6 
9268 5 1 54 0 80 0.3 99 0.3 
9328 45 0 47 0 57 0.5 67 0.5 89 1 96 0.8 
9359 8 0 16 0.3 18 0.6 19 0.8 31 0.6 40 0.3 42 0.5 48 0 63 0 91 0.5 
9447 46 0.3 72 1 
9451 31 0.8 33 0.3 43 0 56 0.7 68 0.8 69 0.5 
9481 3 0.9 22 0 25 0 50 0.6 58 0.4 70 0.6 74 0 75 0.9 88 0.8 
9547 64 0 86 0.5 
9656 9 0 
9791 28 0.5 
