100
2 12 1 20 0.4 41 0.9 54 0.3 78 0.8 
13 50 0.9 
37 15 0.4 19 0 
194 22 0.3 
198 0 0 5 0.4 23 0.5 37 0 52 0 56 0.3 80 0.7 82 0.4 89 0.8 93 0.8 
204 82 1 96 0 
459 14 0 17 0.9 21 0 37 0.8 61 0.4 65 0 69 0.3 70 0.5 80 0.6 
680 30 0 44 0 51 0.3 53 0.7 57 1 72 0.4 
706 14 0.4 20 0.9 67 0.9 70 0 73 0 74 0.6 79 0 92 0 
778 4 0.8 28 1 34 0.3 37 0.8 47 0 58 0.4 60 0.9 75 0 88 0.3 
931 3 0 6 0 9 0.9 13 0.7 15 0.6 26 0 52 0.7 55 0.8 56 0.9 80 0.8 
959 13 1 49 0 86 0.4 
1014 27 0.4 64 0.7 
1169 17 0.9 20 0.5 22 0.4 37 0.9 46 0.3 66 0.6 83 0.5 
1178 23 0.9 96 0.6 
1334 86 0.8 
1345 0 0 2 1 7 0.6 11 0.5 15 1 21 1 23 0.6 50 0.9 62 0 95 0.6 
1379 10 0.7 20 0.5 46 0.4 67 0 93 0.6 98 0.5 99 1 
1446 31 0.8 90 0.3 
1788 6 0.6 21 0 23 0.5 34 1 52 0.3 73 0 76 0.9 77 1 83 0.5 
1886 71 0.7 83 0.9 
1945 17 0 42 0.7 55 0.7 59 0.8 68 0.9 80 0.9 81 0.7 95 0 
1964 32 0.7 33 0 39 0 70 0.9 75 0.3 81 0 84 0 
2048 43 0.9 52 1 
2075 11 1 14 0.6 16 0 24 1 58 0.9 72 0.4 82 0.5 90 0 
2156 19 0.6 36 1 41 0.6 77 0.5 
2173 28 0.7 36 0 71 0.9 98 0 
2196 77 0.3 
2225 19 0.4 28 0.8 41 0 45 0.8 61 0.6 80 0.5 96 0.7 
2315 7 1 11 0.5 17 0.4 34 0.3 59 0.8 89 0.6 93 0 94 1 96 0.7 
2430 19 0.7 42 0.4 48 0.3 56 0.5 67 0.9 84 1 96 0.3 
2477 98 0 
2822 33 0.6 34 0 51 1 
2846 35 0.8 59 0 76 0 
2863 47 0.7 70 0 88 0 
2920 2 0.5 51 0.4 
2924 28 0.4 63 0.9 
2980 23 0.9 27 0.6 86 0.8 88 0.9 98 0.9 
3069 0 0.5 7 0.9 13 0.8 39 0.3 47 0.4 51 0.5 56 0.8 80 0.5 90 0.5 
3131 37 0.4 43 0 
3236 4 0.6 41 0 
3280 41 0.9 56 0.9 
3289 2 0.8 30 1 33 0.5 48 0.6 54 0.3 60 0 63 0 69 0.9 78 0.5 
3394 9 0 27 0.7 35 0.5 47 0.8 63 0.6 66 0 69 0.4 72 0.9 
3423 9 1 16 0 65 0.9 77 0.5 93 0.8 
3436 73 0.4 81 0.6 82 0.6 
3556 0 0.9 41 0.7 55 1 68 0.7 
3713 78 0.8 
3739 28 0 32 0.9 33 0.4 38 0.9 58 0 87 0 88 0.9 99 0.5 
3759 20 0.6 86 0 
4072 24 0 63 0.7 66 0.3 84 0.6 
4250 2 1 8 0.7 15 0.9 25 0.3 53 1 60 0.6 
4257 17 0.3 19 0.5 54 1 69 0 85 0.5 
4270 61 0 99 0 
4805 30 1 33 0.3 51 0.5 57 0.8 86 0 
4834 1 0 9 0.4 20 0 28 0.3 31 0.6 48 1 50 0 74 0 78 0.5 88 0.6 
5218 16 0.9 28 0.4 46 0.5 48 0.8 51 0 64 0.6 70 1 81 0.6 
5337 2 0.7 11 0.5 22 1 35 0.3 46 0.5 59 0.8 75 0.5 95 0 
5400 5 0.7 10 0 18 0.8 25 0 31 0 43 0.6 
5418 4 0.7 48 0.4 68 0 
5432 56 1 78 0.8 
5436 1 0 7 0 9 0 42 0.6 48 0.3 65 0 79 0 82 0.3 89 0.7 96 0.7 
5575 34 0.4 
5660 11 0.7 28 1 
5852 40 0.6 41 0 
5933 36 0.9 50 0.7 87 0.7 89 0.5 
6051 39 0.8 50 0 53 0.5 65 0 68 0.9 95 0.7 
6097 35 0 58 0.8 59 0.5 72 0.8 
6127 0 0 3 0.4 4 0 7 0.5 13 0.9 60 0.6 
6155 1 0.6 39 0 68 0 77 0 94 0.4 
6526 22 0 76 0.5 77 1 82 0.3 
6529 16 0 63 0 66 0.4 72 1 85 0 
6596 3 0 4 0.4 34 0.3 43 0 66 1 70 0.7 71 0 
6641 7 0 8 1 18 0.7 33 0.5 65 0.4 66 0 94 0.8 95 0.5 
6741 22 0.9 
6754 61 0 87 1 88 0.5 91 0.3 
6802 24 0.3 54 0.4 70 0.4 
6857 25 0.8 
6894 19 0.9 21 0.6 22 0.6 34 0.8 51 0.6 
7200 4 0 10 0.9 22 0.6 29 0.4 35 0.4 37 0 38 1 67 0.3 74 0.4 76 0 
7287 12 0.5 18 0 26 0.3 34 0 37 0 72 0.4 88 0.9 
7463 32 0 38 0.5 
7464 33 0.4 
7535 1 0.6 3 0.5 28 0.4 59 0 62 0.9 74 0.5 
7765 15 0.4 33 0.4 37 0 45 0.6 54 0 77 0.7 91 0.5 95 0.8 
7797 0 0 18 1 53 0 58 0.7 59 0 66 0 92 0.3 96 1 98 1 
7846 29 0.7 43 0.4 52 0.9 85 0.3 
8127 9 0.4 25 0.8 27 0.6 37 0.3 62 0.9 65 0 66 0 78 0.6 87 0.5 
8145 54 0.4 85 0.5 
8298 16 0.8 49 0.7 50 0.3 94 0 
8344 16 0.3 22 0.6 27 0 31 0.6 58 0.8 80 0 
8543 2 0.4 16 0.4 76 0 79 0 84 0.4 96 0 
8841 5 0 56 0 82 0 94 0.4 
9049 11 0.4 40 0.4 50 0.7 63 0 67 0 70 0.8 93 1 
9397 8 0.6 15 0 25 1 44 1 53 0 57 0.7 
9416 4 0 14 0 39 0.6 48 0.3 54 0.8 58 0 68 0 91 1 96 0.6 
9438 2 0 14 1 28 0 29 1 34 0.9 38 0 69 0.4 99 0.3 
9552 13 0.8 62 0.6 
9595 37 0.6 
9691 10 1 13 0.8 14 0.8 16 0.5 36 0 43 0 52 0.3 85 0.8 87 0.7 
