100
27 9 0.6 20 0 38 1 41 0.6 46 0.9 64 0 
137 0 0.5 3 0.9 29 0.5 50 0 66 0.8 
218 9 1 13 0 34 0.5 43 0.6 54 0.4 59 0.5 60 0 94 0.3 95 0.4 
307 29 0 57 0 
440 1 0.5 7 0.4 8 0.4 17 0.6 35 0 39 0 55 0.3 72 0.5 73 0 77 0.7 
448 18 0.5 20 0.8 23 0.4 33 1 40 0.8 67 0.7 82 0.6 
692 70 0.6 72 0.7 73 0 80 0.7 85 0.8 89 1 96 0.6 99 0.7 
701 5 1 6 0 12 0.3 21 0 24 0.6 32 0 56 0.4 76 0.8 93 0.7 
748 17 0 19 0.8 52 0.4 58 0 74 0 84 1 93 0.7 97 1 99 0.7 
754 7 0.9 10 0.4 29 0.5 54 0.8 63 0 93 0.9 97 0.7 
881 24 0 27 0 91 0.6 95 0 96 1 
896 3 0 8 0.6 16 0 54 0.8 62 0 73 0.9 82 1 86 0 87 0 89 1 
970 5 0.6 9 0.3 63 0.8 93 0.4 
1138 6 0.7 18 1 29 0.5 
1169 17 0 20 0.7 22 0.8 37 0.3 46 0.8 66 0.8 83 0 
1267 0 0 18 0 29 0.5 34 0 57 0.5 63 0.9 88 0.4 
1350 14 0.3 38 0.6 68 0 91 1 
1371 3 0.8 4 0 16 1 27 0 30 0.8 37 0.6 52 0 65 0.3 84 0 
1452 2 0.3 5 0.7 19 1 25 1 32 0.4 61 0.4 64 0 82 0.7 
1464 31 0.6 96 0.7 
1619 13 0 20 0.3 22 1 23 0 57 0 72 0 77 0 93 0 95 0.7 
1698 5 0.9 8 0 14 0.3 52 0.9 67 1 86 0.6 
1739 0 0.3 53 0.8 55 0 64 0.7 
2105 21 0.5 35 0 43 0.8 58 0.9 72 1 73 0.4 90 0.3 91 0.3 93 0.5 
2107 5 0 16 0 29 0.7 37 0.6 53 0 55 0.3 70 0.7 75 0 
2159 1 0.3 3 0 11 0.7 13 0 36 0 49 1 50 0.8 63 0.7 76 0.5 82 0.5 
2292 29 0.6 53 1 78 0.5 90 0.7 92 0 93 0.5 95 0.3 
2417 7 0 18 0.3 30 0 43 0 62 0.9 88 0.8 
2430 19 0.3 42 0.7 48 0 56 0.6 67 0 84 0.4 96 0.3 
2436 30 0.5 36 0.9 41 0.9 42 0.7 63 0.5 76 0 79 0.4 
2503 51 0.5 56 0.8 
2561 1 0.7 13 0 40 0 43 0.6 48 0 49 0.3 58 0 87 0.5 89 0.6 98 1 
2635 47 0 63 0 88 0.7 
2747 62 0 
2994 31 1 36 0.4 55 0.5 
3013 25 0.6 44 1 53 0.3 63 0 86 0.3 97 0.5 98 0.8 
3053 8 0 10 0.4 13 0.8 29 0.3 68 0.5 81 0 86 0.6 92 0 
3090 2 0 23 0.9 32 0.3 67 0.8 83 0 86 0.6 
3143 2 0.9 16 0.9 48 0.7 52 0.4 60 1 67 0.6 68 0.6 69 0 
3144 1 0.3 28 0 32 0.5 39 0.5 41 0.9 58 1 82 0.6 84 0.4 86 0 97 0 
3281 1 0.7 10 0.5 11 0.8 29 0.6 36 0.3 55 0 58 0 82 0.5 93 0.9 99 0.9 
3375 3 0.7 10 0.6 34 1 
3486 2 0 16 0.7 49 0 53 0.8 67 0 70 0 90 0.3 96 0.6 99 0 
3619 0 1 19 0.7 22 0.5 27 0.8 66 0 75 0 77 0.9 78 0.5 95 0.8 97 0.6 
3701 7 0.4 10 0 22 0.6 72 0.3 75 0.6 
3795 13 0.3 41 1 67 0.9 
3812 15 0 16 0.9 49 0 52 0.6 59 0.3 99 0.8 
4100 10 0.3 35 0.3 36 0.3 50 0 80 0 92 0.5 
4352 9 0.7 31 0 38 0.9 49 0 60 0 65 0.9 67 0.5 77 0.4 81 0.5 93 0 
4569 94 0.9 
4751 25 0.3 
4833 20 0 24 0.8 38 0.8 90 0 93 0 99 0 
4916 23 0 42 0 43 0.7 57 0.7 58 0.4 63 0.4 64 0 93 0 
5035 13 1 28 0.8 31 0.5 50 0.8 67 0 76 0.3 82 0.6 87 0.3 93 0.9 
5165 11 0.4 18 0 27 0.6 29 0.6 37 0.9 72 0 82 0 
5176 8 0.5 61 1 
5265 19 0.5 76 0 91 0 
5298 4 0 9 0 12 0.6 17 0.5 19 0.6 22 0.8 60 0.8 
5311 2 0.7 7 0.7 11 0 16 0.9 18 0 23 0.6 41 0.3 67 0.6 
5436 1 0.7 7 1 9 1 42 1 48 0.9 65 1 79 0.7 82 0 89 1 96 0.8 
5527 60 0.9 72 0.4 
5798 29 0.5 54 0 57 0 61 0 91 0.7 
5918 0 0 24 0 30 0.4 68 0.9 69 0.5 
6108 56 0.6 73 0.6 75 0.5 
6139 11 0.5 12 0.6 22 0 23 0.7 43 0.3 60 0.5 
6318 13 0.6 27 0 44 0.7 56 1 68 0.9 72 0.7 73 0.8 75 0.7 80 0.4 
6398 6 0 8 0.9 13 0.6 15 0.6 19 0.8 30 0.6 67 0.4 82 0 88 0.5 94 0.8 
6442 51 0.4 79 0.7 82 0 87 1 95 0.8 96 0.4 
6480 24 0.8 52 0.3 56 0.4 71 0.5 
6488 15 0.7 24 0 28 0 45 0 48 0.3 59 0 77 0.3 79 0.4 89 0 99 0.3 
6657 22 1 86 0.9 
6665 1 0.9 51 0.7 54 0.9 60 0.4 
6853 41 0.3 60 0.7 78 0.7 79 0 86 0.9 93 0.8 
6956 29 0 45 0.7 47 1 85 0.6 90 0 
7067 10 0 
7127 7 0 23 0.6 26 0.5 28 0.4 30 0.5 42 1 61 1 80 1 85 1 95 0.5 
7148 15 0 23 0.8 27 0.9 64 0 74 0.8 76 0 89 0.3 
7419 10 0 13 0.3 62 0.8 77 1 80 0.5 81 0 
7618 3 0 8 0.4 19 0.8 24 0.9 28 0 37 0 54 0.8 65 1 68 0 94 0.6 
7622 45 0 
7635 55 0 
7773 19 0 28 0.8 34 0 38 0 45 0.9 84 0 85 1 95 0.4 
8227 24 0 38 0.8 45 0.5 56 0.4 73 0.5 83 0 84 0 97 0.8 
8242 12 0 16 0.6 17 1 28 0 49 0.5 58 0.3 85 1 98 0 
8269 90 0.8 
8382 1 0.5 75 1 85 1 95 0.6 
8418 16 0.4 19 0 24 0.5 26 0.4 69 0.6 
8497 8 0.3 12 0.6 18 0.3 19 0.9 21 0.6 23 0.7 26 0 46 0.4 93 0.3 
8557 11 0.7 24 0 42 0.5 86 0.6 87 0 
8642 4 0 16 0 18 0.6 23 0.4 27 0 50 0.3 62 1 63 0.7 90 0 97 0.6 
8724 16 1 62 0 94 0.4 
8841 5 0.6 56 0 82 0.7 94 0.6 
8924 27 0.4 39 0.7 43 0.3 
9102 21 0 
9213 14 0.3 15 0.8 32 0 62 0 73 0.7 78 0 
9295 3 0 
9411 0 0 1 0 19 0.5 27 0.8 44 0.6 89 0 96 0.7 97 0.6 
9723 2 1 17 0.5 31 0.3 39 0.7 61 1 76 0 
9861 18 0.6 19 0.7 
9867 91 0 
