100
56 73 0.4 
184 24 0 36 0.9 38 0 66 0.6 
211 4 0.6 11 0 14 0 23 0.3 27 0.6 30 0 37 0.9 88 0.6 97 0.5 
268 6 0 12 0.9 29 0.8 59 0.6 73 0.9 80 0 
388 3 1 23 0.3 24 0.6 32 0.3 73 0.5 78 0.3 81 0.8 89 0.3 96 0.6 
399 62 0 73 0.3 77 0.8 
577 2 0.7 6 1 18 0.6 19 1 49 0.4 52 0.9 54 0 80 0.4 
1087 19 0.7 68 0.6 83 1 
1160 51 0 62 0.5 69 0.6 96 0 
1241 14 0 49 0.9 
1246 27 0 35 0.3 75 0.6 87 0 89 0.7 93 0.7 
1485 7 0 49 0.3 74 0.9 81 0.7 
1506 1 0.5 
1693 17 1 66 0 70 0.6 77 0.9 89 0 
1719 13 0.6 14 0.6 17 0.3 27 0.5 28 0.9 32 0.5 36 0.8 67 0.3 73 0 96 0.7 
1836 21 0.8 71 1 83 0 98 0.9 
1933 4 0.6 31 0.3 43 0.7 55 0.6 65 1 90 0.5 
2218 28 0.3 36 0.3 37 0 41 1 42 0.4 43 0 56 0 66 0.4 90 0.3 94 0 
2222 1 0 12 0.6 54 0 57 1 66 0.8 76 0.4 82 0 85 0.7 99 0.7 
2266 15 0 
2320 7 0 19 0.4 22 0 42 0.3 50 1 64 0.5 84 0.6 90 0.9 92 1 
2461 2 0 5 0.9 18 0.5 22 0 24 0.5 42 0 55 0 58 0.3 79 0 92 0.5 
2647 14 0.9 23 0.5 59 0.7 68 0.9 
2678 75 0.6 
2872 20 0.4 26 0.6 75 0.8 95 0.3 
2883 4 0 33 0 51 0 83 1 
2922 97 0 
2947 1 0.3 10 0 15 0 
3113 7 0 47 0 71 0.3 
3171 0 0.4 23 0 34 0.4 39 0.6 80 0 82 0.5 87 0.3 88 0.8 
3347 27 0.9 96 0.3 
3433 87 0 
3485 29 0.5 33 0.9 39 0.5 62 0.7 71 0.9 72 0 81 0 99 0.9 
3645 8 0.8 9 0 77 0.5 89 0.8 
3805 9 0 10 0 16 0 33 0.7 66 0 68 0.4 71 0.4 91 0.5 97 0.3 
3833 12 0.9 66 0.9 68 1 86 0 92 0 
3842 4 0.8 18 0.5 26 0.8 
3914 2 0.6 6 0.5 13 0 35 1 48 0.9 62 1 79 0.7 89 0.9 97 0.4 
4091 11 0.5 20 0.5 34 0.7 38 0.7 48 0.4 67 0 82 0.8 
4315 11 0.7 17 0.4 34 0.6 49 0.6 79 0.7 
4426 20 0 
4449 1 0 4 0.3 52 0.5 59 0 63 0.7 86 0.8 90 0.3 92 0 
4469 5 0.5 40 0.9 42 0.4 44 0 
4518 9 0 11 0.7 13 0 42 0.4 46 0 
4607 21 0.9 61 0.7 83 0 84 0.8 91 0 
4654 52 0 
4704 78 0.8 
4823 5 0.3 30 0 52 0.5 62 0.3 69 0 77 0.8 78 0.4 83 0 92 1 93 0.8 
5223 0 0.9 1 1 14 0.3 17 0.6 22 0.6 24 0.7 30 0.7 47 0 65 0.3 88 0 
5300 4 0 27 0.7 28 0 32 0 42 0.4 69 0.6 85 0.8 90 1 95 0.4 98 0 
5354 6 0.8 8 0 29 0.5 31 0.4 35 1 44 0.8 58 0.6 64 0 92 0.8 
5404 5 0.5 15 0.5 25 0.6 32 0.8 33 0 41 0 48 0.6 57 1 82 0 
5515 9 0.4 15 0.6 17 0 25 0.3 49 0.9 74 0 77 0.4 78 0.7 
5782 10 1 19 0.3 24 0.3 51 0 57 0.3 60 0.8 61 0 63 0 68 0.8 91 0.8 
5794 49 0.6 
6080 17 0 20 0.6 47 0.5 51 0.7 81 0.3 
6121 31 0.4 44 0.5 69 0 90 0.5 
6157 13 0.9 22 0.8 47 0.3 52 0.3 68 0 71 0 75 0.8 76 0 79 0.5 83 0.9 
6203 38 0.3 48 0.7 61 0 70 0 
6334 64 0.4 88 0.7 
6499 34 0.5 
6508 31 0.8 63 0 78 0.7 96 0 
6724 11 0 20 1 31 0.9 36 0.5 44 0.5 66 0.8 68 0.6 94 0.4 
6897 5 0.7 25 1 27 0.5 35 0.3 52 0 63 1 70 0.7 
7220 18 0 19 0.4 27 0.9 30 0.6 47 0.7 51 0.5 68 1 84 0 86 0.3 
7256 1 0 5 0.4 6 0 61 0.9 64 0.6 96 0 
7295 13 0.4 15 0 38 0.4 49 0.3 71 1 72 0 74 1 87 0 96 0 99 0.8 
7344 63 0.9 76 0.7 78 0.8 
7362 4 0.5 33 1 66 0.9 70 0.8 78 0 83 0.4 87 0.7 88 0.4 
7574 39 0.8 72 0.3 
7577 4 0.6 16 1 17 0.8 34 0.8 67 0.7 73 0 76 0 94 0.4 
7667 10 0.5 25 0 99 0 
7681 11 0.7 18 0.6 21 0.6 32 0.4 34 0.8 44 0.3 66 0.6 67 0.4 88 0.5 98 0 
7686 31 0 
7762 16 0 21 0.4 57 0 76 0.6 94 0.8 
7802 5 0.8 8 0 44 0.4 58 0.4 
7849 50 0.7 63 0 74 0.5 85 0.7 
7859 32 0.6 46 0.9 
7866 0 1 88 0 
7870 3 0.4 28 0.4 91 0.5 96 0.7 
8093 3 0.5 9 0 18 0.5 65 0.4 78 0.9 80 0.5 98 0.5 
8118 19 0.5 26 0.5 37 0.6 38 0.8 66 0 73 0 
8308 0 0 3 0.5 16 0.6 27 0.8 39 0.3 65 0 91 0.7 
8352 39 0 
8381 63 0 
8672 37 0.3 69 0.5 88 1 
8725 13 0 63 0.9 85 0.7 93 0 97 0 
8801 14 0 40 0.7 43 0.7 46 0.7 56 0.5 58 0.9 64 0.6 69 0.4 71 0 96 0.8 
8858 15 0.5 18 0.5 32 0.8 33 1 66 0.5 76 0 84 0 
8895 62 0.8 77 0 81 0.3 
8916 4 0.6 12 0.3 14 0.6 23 1 54 0.7 70 0 81 0.7 82 0.4 94 0 98 0.4 
8957 18 0.4 64 0.8 82 0 
9164 26 0.8 53 1 55 1 61 1 
9226 21 0.7 22 0.8 67 0 93 0.7 94 0.5 96 0.6 
9414 7 0 9 0.9 12 0.6 
9527 0 0 31 0 36 0.5 40 0.7 42 0.4 96 0.4 
9577 24 0.5 28 0.4 39 0.4 45 0.8 57 0.6 66 0 68 0 83 0 91 0.5 93 0 
9584 11 0.3 52 0 69 0 79 0 92 0.6 
9770 6 0 17 0.6 32 0.7 78 1 93 0.7 
9967 26 0.3 31 0.3 48 0.7 50 0.6 56 0.5 71 0.6 
