100
387 27 0.3 33 0 38 0 49 0 65 0.7 87 1 
661 3 0.6 42 0.9 43 0.4 
705 11 0.7 36 0 37 0 46 0 65 0.5 
715 16 0 20 0.4 30 0.6 41 0.9 58 0.5 61 0.3 70 0.6 77 0 81 0.7 
776 1 0.3 7 0.4 33 0.6 39 0 69 0.3 76 0.4 
780 15 0.6 70 0.6 
971 43 0 94 0.3 97 0.5 
996 9 0.7 12 0.6 47 0.7 56 0.4 57 0.4 58 0.4 81 0.6 89 0.3 
1049 14 0.9 90 0.4 
1133 65 0.8 90 0.4 
1137 5 0.6 30 0.8 80 0 
1448 0 0.3 23 0.9 45 0 46 0.9 51 1 79 0.8 95 0.7 
1474 9 0.6 29 1 
1496 0 0.5 17 0.7 23 0 29 0 
1507 1 1 8 0.7 12 0.8 17 1 25 1 49 0.5 
1529 39 0.8 88 0 
1689 11 0.5 13 0 23 0.3 33 0 37 0.8 40 0.5 51 0.7 61 0.9 68 0.5 75 0.3 
1757 54 0 71 1 
1872 23 0.9 53 0.7 
1895 0 0.7 5 0 6 0.9 46 0.3 50 0.6 58 1 62 0 81 0.4 94 0.5 
2050 34 0.6 77 0.8 
2062 1 0 5 0.7 36 0.6 45 0.4 61 0 65 0.3 77 0.9 88 0.9 98 0.3 
2072 22 0 37 0.9 42 0.3 87 0.6 
2243 2 0.7 21 0.7 28 0.5 39 0.3 55 0.9 79 0.9 96 0 
2245 38 0.9 62 0.7 64 0.4 80 0.8 
2317 13 0.5 
2505 29 0 43 0.6 63 0.6 70 0.5 
2530 5 0 23 0.9 32 0 33 0.5 36 0.7 44 0.4 56 0 59 0.6 63 0 82 0 
2543 1 0 3 0 21 0.8 29 0.8 34 0 72 0.9 75 0.3 79 1 89 0.8 
2579 10 0.4 14 0.5 37 0 49 0.7 50 0.3 56 0.5 83 1 97 1 
2655 51 0 66 0 
2659 27 0 37 0.7 43 0 47 0.6 77 0.7 84 0.5 85 0.5 88 0.3 
2680 1 0 8 0 12 0 32 0 55 0.8 65 0 86 0.8 90 0.5 97 0 
2754 6 0 29 0 31 0.3 53 0.9 56 0.6 60 1 62 0 74 0 89 1 92 0.6 
2959 11 0 48 1 58 0 62 0 83 0 84 0.9 
3009 14 0.6 
3304 4 0.3 9 0.7 17 0.4 42 0.7 52 0.8 60 0 85 0.8 
3435 6 0.8 
3576 66 0.9 70 0 
3617 68 0.3 78 1 
3628 11 0.7 34 0 40 0 43 0.3 53 0.7 63 0.6 77 0 81 1 82 0.5 97 0.8 
3687 17 1 
3711 3 0.6 19 0.3 20 0.8 22 0 23 0.7 79 0.5 87 0.3 
3826 50 0 63 0.3 
4038 20 0.9 44 0.3 48 0 65 0 
4049 52 1 85 1 88 0.7 
4123 45 0.4 48 0.8 
4390 17 0 27 1 35 0 47 0.6 51 0.3 64 0.8 89 0.6 95 0 
4483 0 1 4 0 40 0.8 47 0.3 60 0.3 62 0 78 0.8 79 0 84 0 
4507 14 0 17 0.6 18 0 19 0.9 20 0.4 31 0.3 40 0.8 59 0.5 62 0.4 81 0 
4558 13 0.9 16 0.7 24 0.3 39 1 47 1 61 0.7 71 0.4 97 0.8 98 1 
4574 10 0.9 52 0.9 77 0.8 85 0.5 86 0.5 
4649 6 0 10 0.5 30 1 46 0.9 69 0 83 0.7 
4675 27 0.3 
4708 33 0.7 45 0 71 0 83 0.9 93 0.6 
4913 16 0 37 0 43 0.9 52 0 56 0 70 0.8 75 0.8 
4944 5 0 22 0.3 24 0 39 0.5 47 0.3 59 0.3 66 0.7 82 0.8 89 1 93 0.8 
5178 3 0 48 0.6 55 0.4 
5341 27 0 37 1 42 0.6 45 0.9 78 0.8 
5529 9 0.4 20 0.5 25 0.5 31 1 53 0 79 0.7 
5559 0 0 57 1 58 0.6 81 0 97 0.8 
5757 6 0.6 11 0 13 0.8 31 0 35 0.9 36 0.9 37 0 83 1 91 0 97 0.9 
5797 20 0 34 0.4 45 0.7 55 0.4 61 0.4 81 0.7 
6005 5 0.4 
6057 6 0.6 9 0.7 57 0.3 65 1 74 0.8 95 0 97 0 
6096 47 0.4 81 0 85 0 89 0.4 
6180 3 0 39 0 75 0 76 0 84 0.5 96 0.8 
6273 6 0.9 14 0 20 0 35 0 54 1 64 0.6 76 0.7 
6391 27 0.8 40 0 62 0.6 63 0 
6457 5 0.4 22 0.6 23 0.9 58 0.8 60 0.4 70 0 77 1 82 0.3 90 0 
6787 9 0.7 36 0.7 59 0.9 60 1 
6866 12 0 43 0 46 0.4 52 0.4 79 0 86 0 93 0.7 
6961 22 0.5 29 1 36 0.4 40 0 53 0 59 0.9 87 0 
6967 0 0.9 17 0 22 0.7 28 0.5 52 1 57 0.7 74 0 76 0 80 0.7 97 0.7 
7061 12 1 21 0 96 0 
7259 2 0.6 3 0.7 10 0 22 0.4 25 1 35 0 48 0.8 68 0.8 76 0.4 98 0.4 
7309 41 0.9 83 0.6 
7489 9 1 27 0.3 38 0.9 62 0.7 65 0 73 0.9 78 0.5 81 0 90 0 99 0.8 
7508 1 0.6 2 0.3 7 0.7 10 0.5 13 0 53 0.6 64 0 75 0.7 
7591 0 0.4 36 0 56 0 
7633 26 0 36 0.8 50 1 63 0.3 65 0.6 69 0 85 0.3 
7724 39 0 83 1 
7892 68 1 
8133 16 0 74 0.3 81 0.4 93 0 
8143 7 0.7 18 0 33 0.8 34 0 56 0.6 58 0 80 0.4 
8290 37 0 46 0.4 66 0.7 83 0.8 85 0.5 86 0.4 92 0.7 
8403 3 0.8 10 0.4 25 0 38 0 48 0.8 61 0.5 72 1 73 0.3 92 0.4 96 0.5 
8512 7 0.3 37 1 38 0.5 74 0 94 0.6 
8648 12 0.9 25 0.8 35 0.7 53 0 63 0 78 0 79 0 93 0 
8835 13 0.9 14 0.4 
8960 1 1 6 0.6 7 0.7 25 0.4 53 0.8 78 0.8 98 1 
9007 7 0 24 0 32 0.5 47 0.7 49 0.7 84 0 88 0.7 
9016 0 0.7 33 0.5 54 0 
9277 23 0.4 92 0.3 
9323 14 0.7 68 0.8 
9335 51 0 54 0.6 57 0.8 58 0 67 0 70 0.4 89 0 97 0 
9519 52 0.6 56 0.3 63 0.8 77 0 85 0.7 91 0.6 
9541 4 1 28 0.8 44 0 45 0.4 57 0.4 69 0 70 0.3 80 0.5 84 0 
9713 18 0.7 49 0 79 0.3 
9829 59 0.6 61 0.4 84 0.5 86 1 
