100
3 6 1 19 1 63 0.3 67 0 81 0 96 0 
220 0 0.9 19 0.4 42 0.8 48 0 65 0 80 0 94 0.7 97 0.9 
287 12 0.7 18 1 25 0.6 37 0 45 0 52 0 53 0.6 66 0.3 73 0.4 98 0 
360 37 0.4 56 0.4 73 0.4 
409 8 0.7 10 0.8 45 0.5 62 0.7 72 0 81 0 
417 19 0.9 23 0.9 33 0 35 1 41 0 42 0 60 0 62 0.3 73 0 77 0.3 
421 18 0.4 23 0.9 42 0.8 43 0 46 0.6 57 1 61 0.3 77 0.9 
521 25 0 38 0 55 0.9 66 0 81 0.7 92 0.7 97 0 
523 25 0.7 60 0.3 
574 7 0.5 20 0 62 0.5 92 0.9 
599 80 0.9 83 0.8 
701 5 0.6 6 0 12 0 21 0.6 24 0 32 0.9 56 1 76 0.6 93 0.6 
897 15 0.6 17 0.3 20 0.6 61 0.8 68 0 86 0.3 95 1 99 0.3 
937 15 0.4 37 0.6 76 0.3 81 0 83 0 
1175 0 0.6 9 0 14 0.5 18 0.9 30 0.7 51 0.5 80 0.5 82 0.5 
1233 28 0.7 90 0.5 
1240 7 0.3 14 1 27 0.8 30 0 39 0.7 57 0.3 66 0 71 0 
1252 6 0.5 90 0.6 
1441 6 0 28 0.8 45 0.5 65 0 66 0.7 73 0.8 87 0.3 
1455 33 0.6 39 0 50 0.8 53 0 78 0.9 97 0.6 
1460 15 0.9 23 0 63 0.8 64 0.5 65 0.4 77 0.6 79 0.3 86 0 90 0.7 
1491 2 0 11 0.4 14 0 19 0.6 54 0.7 58 0 
1531 34 0.3 40 0.8 53 0.3 62 0.6 64 0.3 72 0 92 0.9 94 1 
1625 22 0.6 26 1 42 0.5 67 0 80 0.9 
1651 10 0.6 13 0 25 0.9 46 0.7 83 0 
1754 15 0.5 25 1 31 0.7 32 0.3 82 0 
1833 44 0.4 46 0.5 92 0.4 
2030 2 1 12 0 16 0 28 1 
2105 21 0 35 0 43 0.8 58 0 72 0.3 73 0.4 90 0.9 91 0.4 93 0.3 
2108 0 0.8 29 1 42 0.4 46 1 85 0.4 
2219 25 0 
2355 69 0.3 77 0.5 80 0.5 
2550 43 0 
2564 25 1 32 0.5 66 0.8 81 0.4 85 0 86 0.7 89 0.9 94 0.5 97 0 
2657 1 0 5 0.6 74 0 77 0 88 0.8 
2669 2 0.6 8 0.4 28 0.3 30 0.4 49 0.6 59 0.8 85 0.4 92 0 96 0 
2675 8 0 22 0.5 57 0 59 0.3 73 0.4 95 0.3 
2690 11 0.3 24 1 35 0 39 0.9 51 0.6 62 0.7 78 0.6 82 1 
2752 14 0.8 33 0.5 40 0.3 61 0.5 63 0.6 66 0 
2785 85 0.8 87 0 93 0 
2876 9 0.5 31 0 75 0.4 85 0 
2897 40 0.9 75 1 88 0.3 
2970 18 0.8 40 0.3 42 0 51 0.4 79 0.3 89 0.4 97 0.3 
3080 11 0 22 0.6 31 0.4 32 0.8 42 0 48 0.9 63 0.8 67 0 70 0.7 85 0.5 
3145 19 0 32 0.4 34 0 36 0.5 72 0.8 88 0.6 98 0.4 
3171 0 0.3 23 0 34 0.6 39 0.3 80 0.7 82 0.4 87 0.3 88 1 
3311 43 1 47 0.6 63 0 69 1 71 0.3 84 0.8 87 0.5 92 0 
3500 20 0.8 77 0.8 92 0 
3624 9 0 56 0.3 90 0 98 0.7 
3625 4 0.5 16 1 21 0 38 0 52 0.5 56 0 71 0.5 77 0 79 0.9 80 0.6 
4031 68 1 
4313 9 0.9 36 0.7 57 0.3 75 0.5 88 0.7 
4340 18 0.7 46 0 80 0.7 81 0.4 85 0 
4405 14 0 54 0.8 82 0 96 0 
4620 19 0 36 1 45 0.5 51 0.7 53 0.4 55 0.8 
4711 4 0.4 8 0.5 13 0.4 
4763 0 0 14 0.7 19 0.8 39 0 57 0.5 80 0.8 
4830 14 0 15 0.3 27 0 33 0.7 41 0.5 45 0.3 54 0.3 60 0.8 66 0.7 99 1 
4875 5 0.7 13 0.7 19 0 21 0.9 35 0.4 47 0 94 0.9 
4900 0 1 5 0.5 14 0.5 29 1 31 0.8 33 0.3 34 0 39 0 97 0.8 
4930 12 0.3 45 0.4 82 0.7 
5055 6 0.3 37 1 50 0 52 0.4 58 0 67 0.3 70 0.8 79 0.3 92 0.7 
5136 2 0.6 11 0.6 14 0.3 18 0.3 19 1 47 0 51 0 55 0.9 68 0.4 97 0.6 
5447 8 0.9 78 0.8 87 0.9 
5661 6 0.6 20 0 31 0 36 0 55 0.3 59 0.7 82 0.4 99 0.5 
5751 5 0.8 13 0.3 25 0.5 55 0 69 0 88 0.4 90 1 
5798 29 0.5 54 1 57 0.7 61 0 91 0 
5975 4 0.8 17 1 28 0.7 61 0 84 0.7 
6051 39 0 50 0.8 53 0.6 65 0 68 0.4 95 0 
6073 12 0.6 18 0.3 19 0.7 30 0.5 34 0 40 0 50 0.7 68 0.6 87 1 
6137 9 0.7 22 0.6 26 1 28 0.4 50 0.8 68 0.9 80 0.6 82 0.3 91 1 93 0 
6152 22 0.9 23 0.4 26 0 36 0.3 60 1 65 0.7 89 0 90 1 
6206 42 0.4 43 0.5 46 0.6 59 0.6 70 0 
6290 2 0.8 7 0 37 0.8 42 0 64 0 90 0.8 94 0.7 99 0.6 
6345 0 0 23 0.5 32 0 34 0 46 1 58 1 66 0.3 
6474 5 0.9 6 0.7 31 0 39 0.7 40 0 46 0 
6509 15 0.3 31 0.8 47 0 53 0.7 66 0.9 83 1 98 0.9 
6648 2 0.5 7 0.9 40 0.8 41 1 64 0.4 75 0 77 0.3 99 0.7 
6675 2 0.4 72 0.4 
6849 69 0.5 90 0.8 
7248 25 1 60 0 72 0.5 
7515 11 0.6 12 0 41 0 47 0.6 50 0.7 56 0.6 63 0.9 85 0.9 97 0.9 
7735 23 0 27 0 59 0.3 88 0.9 
7830 36 0 
7835 4 0.3 16 0.8 72 0.3 
8138 23 0.8 24 0.9 36 0.3 50 0.9 53 0.3 54 0 58 0.4 71 0.7 78 0.8 95 0.5 
8234 17 0.8 59 0.8 69 0.8 74 0 94 0.8 
8249 12 0.4 31 0.4 54 0.6 57 0.9 58 0.3 67 0.8 
8361 89 1 
8390 0 0.4 19 0.5 24 0 25 0 32 0.7 36 0.3 71 0 80 0.6 91 0.8 
8606 13 0 15 0.6 17 0 36 0.7 58 0.4 59 0.3 74 0.5 80 0 94 1 96 0 
9392 23 0.6 56 0.3 65 0.8 76 0.8 83 0.3 
9478 6 1 48 0.4 52 1 53 0.5 63 0.8 72 0.4 81 0 
9481 3 0.4 22 0.9 25 0 50 0.7 58 0.7 70 0.6 74 0.5 75 0 88 0.3 
9639 14 0 20 0 57 0.7 89 0.6 
9702 11 0.5 18 0.6 43 1 78 0 
9710 24 0 70 0.8 
9817 1 0 37 0.6 43 0.3 58 0.4 97 0 99 0.8 
9936 1 1 3 0 7 1 51 0 53 0.8 65 0.3 70 0.7 72 0.7 73 0.8 88 0.9 
9969 89 0.7 
