100
44 5 1 14 0.7 29 0 76 0.3 85 0.3 91 0 98 0.7 
95 33 0.6 45 0.9 52 0.3 66 0.7 83 0 90 0 
153 2 0 19 0 80 0.8 88 0.3 
253 97 0.7 
259 72 0.5 87 0 
360 37 0.8 56 0.3 73 0.5 
453 15 0.4 64 0 87 0.3 99 0.9 
659 50 0.9 88 0 
787 13 0.4 35 0.7 37 0.5 94 0.7 95 0.3 
855 39 1 56 0.4 70 0 79 0 81 0.7 
1020 0 0.9 2 0 6 0.3 8 1 27 0 68 0 75 0.7 97 0.5 
1030 3 0 12 0.8 27 1 48 0 71 0.9 80 0 85 0 
1247 7 0.7 12 1 26 0 43 0.9 54 0.6 70 0.6 72 0 88 0 
1372 48 0 55 1 87 0 89 0.8 98 0.7 
1447 20 0 25 0.9 45 0 49 0 76 0.9 83 1 94 0.4 95 0 96 0.8 
1591 23 1 27 0.9 34 0.5 44 0 52 0.6 58 1 63 0 65 0.8 70 0 94 0.3 
1603 35 0.8 58 0.4 60 0 68 0.4 85 0.9 
1680 15 0 18 0.5 43 0 44 0.5 58 0.9 
1697 17 0.9 43 0.3 58 0 
1714 15 0.7 20 0.5 23 0 41 0.4 44 0.6 45 0 53 0 
1903 6 0.9 14 0 38 0.3 54 0.7 58 0.8 93 0.7 
1915 2 0.8 40 0.3 41 0 54 0 55 0.5 73 0.6 92 0.4 
1954 23 0.8 50 0.5 72 0.9 74 0.9 
2025 0 0 3 0 11 0.7 82 0.7 84 0.3 92 0.4 96 0 
2290 14 0.7 24 0.3 64 0.5 
2514 28 0 67 0.5 
2589 94 0 
2688 36 0 64 0 
2703 4 0 9 0.3 45 0.8 60 0 98 0.4 
2958 4 0.8 26 0.9 
3017 54 0.4 60 0 75 0.9 90 0 
3063 31 0 76 1 
3165 9 0.7 11 0 57 0.7 
3235 37 0.3 
3456 2 0.6 45 0 96 0.9 
3488 3 0 43 1 44 0.9 
3631 80 0.7 
3640 38 0.4 48 1 60 0 69 0 72 0.9 83 0.7 92 0.6 
3847 3 0.8 10 0.8 26 1 27 0.6 29 0 36 0.7 49 0.4 51 0.8 77 0 83 0 
3849 5 0.6 16 0 21 0.3 28 0.5 50 0.8 65 0.4 
3971 4 0.6 35 0 37 0.3 47 1 53 0.4 
3992 2 0.3 29 0.5 38 1 42 0.6 67 0 73 0.7 80 0 82 0.8 86 0 90 0 
4030 25 0.4 95 0.8 
4100 10 0.5 35 0.6 36 0.8 50 0 80 0.9 92 0.9 
4107 48 0.8 77 0 
4140 21 0.5 54 0.9 
4218 2 0 62 0.4 65 0.7 70 0.5 
4253 6 0.6 11 0 26 0 32 0 54 0.6 57 0 75 0.4 
4275 4 0.6 14 1 25 0 34 0 36 0 37 0 52 0.3 63 0.3 66 0.9 
4298 6 0.4 13 0 
4383 20 0.6 39 0.7 60 0.4 79 0 81 0 86 0 
4559 25 0.9 36 0.3 59 0 63 0 69 0.7 71 0.9 78 1 
4568 58 0 77 0.5 
4759 5 0.9 19 0.9 28 0.7 40 0 43 0.7 51 0 55 0.6 
5200 6 0.3 17 0.3 27 0.7 29 0 32 0 48 0 49 0.4 72 1 87 0.7 98 0.5 
5522 15 0.5 41 0.7 53 1 59 0.7 60 0.6 64 0.7 90 0.3 
5559 0 0.6 57 1 58 0.8 81 0.8 97 0 
5595 19 0.7 24 0 35 0.6 42 0 52 0.8 58 0.3 66 0 77 0 97 0.8 
5620 10 0.6 46 0 55 0.5 91 1 
5640 7 0.6 17 0.8 20 0.9 39 0.8 51 0.5 85 0.7 
5649 6 0.6 13 0.7 19 0.4 33 0 38 0 40 0 52 0.5 53 0 78 0 94 0.6 
5758 26 0.8 89 0 
5833 16 0.9 25 0.8 67 1 72 0.5 96 0.3 
6007 5 0.6 8 0.6 27 0 44 0.4 45 0.9 53 0.9 63 0 72 0 97 0.3 
6012 17 0 26 0.6 89 0 90 0.9 
6569 10 0.4 17 0.6 42 0.3 54 0 70 0 
6748 82 0.5 97 0 
7038 16 0.5 21 0.9 23 0.3 58 0 63 0 68 1 71 0.5 74 0.8 91 0.6 
7079 60 0.7 93 0.6 
7203 29 0.5 31 0 32 0.3 66 0.6 79 0.5 92 0 99 0 
7312 26 0 68 0.5 69 0.5 
7647 10 0.9 97 0.6 
7960 0 0.8 8 0.6 11 0.4 27 1 34 0.7 51 0.8 
7967 4 0.6 66 0.7 70 0.3 
8160 24 0.7 39 0 83 0.8 84 0.8 86 0 
8179 7 0 57 0.3 82 0.7 85 0.9 90 1 
8203 4 0.6 30 0 51 1 56 0.8 
8306 1 0 8 0 10 0.5 21 0 60 0.8 62 0.3 67 0.3 77 0.9 99 0.9 
8324 0 0.3 1 0.8 7 0.3 31 0.5 45 0.7 55 0 61 0.5 87 0.7 92 0.4 
8387 14 0 
8556 55 0.8 60 0.8 80 0.4 99 0.3 
8624 32 0 33 0.3 35 0.4 38 0.6 61 0.3 72 0.7 87 0.3 98 1 
8665 6 0.8 36 0.3 59 0.6 60 0 
8686 3 0.8 23 0.8 28 0 33 0.7 40 0.5 53 0.7 57 0 82 0.7 
8696 54 0 67 0.9 
8724 16 0.6 62 0.5 94 0 
8793 28 0.6 44 0 70 0 71 0.5 80 0.9 94 0.5 
8823 0 1 20 0.3 40 1 64 0.9 75 0.3 79 0 
8904 2 0.6 19 0.9 23 0 50 0.9 58 0.5 76 0.4 84 0 87 0 
8950 29 0.8 30 0.6 43 0 71 0.8 82 0 91 1 99 0.5 
9247 29 0.5 82 1 98 0.6 
9263 2 0.6 24 0 48 0.4 78 0.6 
9335 51 0.8 54 0 57 0 58 0.5 67 0.7 70 0.9 89 0 97 0.4 
9414 7 0.9 9 0.6 12 0.5 
9442 12 1 16 0 20 0.6 34 0.9 65 0 66 0.3 73 0.7 83 0.6 85 0.9 96 0.9 
9465 26 1 32 0 34 0 44 0.3 50 0.4 59 0 
9553 37 0 
9601 6 0.4 17 0.4 36 0.9 37 0.8 64 0.5 65 0.7 67 0.5 75 0 81 0.9 
9644 25 0 29 1 56 0.9 72 0.3 88 0.8 
9701 22 1 32 0.6 39 0.9 73 0.3 
