100
26 10 0 23 0.5 44 0.6 70 0 86 0.6 98 0.8 
47 0 1 11 0 39 0.7 48 0.9 
158 24 0.8 37 0 50 0.4 58 0.8 60 0 66 0.3 72 0.6 75 0 78 0 79 0.8 
362 2 0.7 22 0.7 32 0 93 0.9 
485 1 0.5 22 0.4 44 0 56 0 
520 15 0.7 35 0.3 50 0 
595 39 0.6 60 0.8 83 0 
628 11 0.9 45 0 61 0 65 0 
644 11 0.7 19 0 35 0 59 0.6 65 0.9 79 0.8 90 0.3 98 0 
854 1 0 8 0.8 25 0 26 0 37 0 51 0 74 0 89 0 
1205 14 0 15 0.6 20 0.6 27 0.5 33 0.4 36 0 78 0 80 0.9 99 0 
1298 23 1 48 0.8 68 0.9 77 0.6 90 1 94 0 
1301 12 0.5 16 0.6 18 0.9 51 0.4 53 0.3 57 0.4 91 0.6 
1307 29 0.3 97 1 
1413 2 0.7 11 0.7 28 0 44 0.6 72 0.8 83 0.3 88 0.8 97 0.6 
1577 68 0.6 
1689 11 0.7 13 0.6 23 0.9 33 0.4 37 0.7 40 0 51 0 61 0.4 68 0 75 0.6 
1791 46 0.8 61 0.9 99 0 
1859 13 0 16 0.6 41 0.4 59 0.7 79 1 85 0.9 
1997 42 0 60 0.8 
2207 10 0.4 12 0.4 21 0.7 36 0.7 44 0.6 49 0.7 57 0.5 73 0.9 91 0.7 
2256 3 0.7 12 0 15 0.7 19 0.6 24 1 26 1 32 0.3 46 0 60 1 81 0.7 
2280 88 0.4 
2397 13 0.5 31 0.8 32 0.4 41 0.3 45 0.4 61 0.8 62 0.6 69 0.8 71 0.5 84 0.8 
2426 4 0.9 11 0 45 1 46 0.5 62 0.8 67 0 
2625 32 0.3 
2732 4 0.3 57 1 
2737 64 0.3 69 0 95 0.8 
2893 6 0 60 1 97 0 
2902 1 0.8 17 0.7 18 0.5 24 0.8 27 0.7 50 0 57 0.9 79 1 
2976 21 0.7 34 0.3 85 0.8 96 0.9 99 0.4 
3038 33 0.7 63 0.5 81 0 84 0.5 
3246 9 0.3 31 0.7 38 0 47 0 
3291 19 1 48 0.7 61 0.7 65 0.6 75 0.3 84 0 87 1 99 0 
3312 83 0 99 0 
3462 15 0.5 22 0.7 32 0.4 36 0.7 39 0 59 0.7 95 0.6 
3469 4 0 11 0 16 0.9 23 0.3 44 0.5 64 0 77 0.9 83 0.9 91 0 
3510 25 0 29 0 41 0.3 98 0 
3515 6 0.4 21 0.3 59 0.5 68 1 
3651 20 0 30 0 31 1 70 0.6 
3697 13 0.5 25 0.6 30 0.9 35 0 54 0 79 0.4 
3789 36 0.8 72 0.6 
3844 9 0 23 0 24 0 32 0.7 37 0.7 47 0.8 60 0.3 97 1 
3846 2 0.9 33 0 46 0.8 54 0.4 55 1 57 0 92 0.5 95 0.4 
3864 9 0 14 0.5 34 0.5 48 0.9 65 0 
3869 22 0.4 40 0 51 0.9 73 0 
3886 12 0.5 16 0.7 49 0.7 53 0.4 56 1 59 0.7 75 1 93 1 99 0 
4004 38 0.4 
4046 23 0 37 0 51 0.6 53 0.9 54 0.5 56 0.7 64 0.8 77 0.8 96 0.7 97 0.3 
4119 6 1 12 0.3 34 0 66 0.6 96 0 
4226 11 0 13 0 19 0.6 47 0.8 82 0 
4437 17 0 79 0 86 0.5 88 0.8 
4454 32 0.5 95 0 
4638 13 0.8 38 0.5 83 0.5 94 0.5 97 0.6 98 0.5 
4658 38 0.9 90 0.9 
4707 1 0.6 18 0 25 0.5 35 0 40 0.8 42 0 53 1 57 1 
4735 41 0.8 97 0.8 
4850 11 0 36 0 47 0.6 61 0.3 74 0.9 76 0.8 81 0.9 90 0.5 95 0.6 96 0.9 
4975 3 0.3 
5007 3 0 29 1 69 0.6 71 0.4 83 1 89 0 90 0.4 94 0 
5125 11 0 21 1 54 0.6 57 0.4 63 0.4 74 0.6 79 1 80 0.7 96 0.3 
5193 9 0.7 15 0 35 0 40 0 46 0.3 51 0.9 56 0.9 70 0.5 76 0 85 0.7 
5574 3 0.3 18 1 20 0 38 0.9 48 0.3 61 0.7 63 0.6 90 0.8 
5616 9 1 17 0.7 49 1 62 0.4 
5895 5 0.3 38 0 65 0 84 0 
5932 3 0 11 0.7 27 0.5 56 0.3 60 1 79 0.6 84 0 94 0.3 
5975 4 0.4 17 0.4 28 0.9 61 1 84 0 
6128 3 0.3 60 1 
6159 7 0 97 0.3 
6267 36 1 49 0 54 0 56 0.8 57 0.5 73 0 86 0 95 0.9 
6333 12 0 56 0 62 0 69 0.7 72 1 75 0.3 77 0.6 82 0 95 0.6 
6514 5 0.8 13 0.5 19 0.6 25 1 42 0.9 53 0.9 57 1 70 0.7 77 0.9 
6662 21 0 35 0 36 1 
6754 61 0.7 87 0.7 88 0.6 91 0.6 
6830 4 0.6 10 0.9 20 0 47 0.9 69 0.6 73 0.6 98 0 
6934 6 0.9 17 0.7 71 0.5 
7017 23 0.3 29 1 30 0.6 57 0.6 60 0.9 79 0.6 80 0.4 81 0.7 
7106 3 1 33 0 65 0 68 0.5 91 1 
7120 8 0.6 40 0.6 45 0.9 62 0.6 93 0.3 
7187 14 0.8 53 0.5 
7219 2 0.9 10 0 58 0 66 0 75 0 83 0.4 
7418 2 0.4 9 0.7 37 0 50 0.3 56 1 61 0.6 62 0.5 64 0.3 65 0 75 0.4 
7711 6 0.7 25 0.5 37 0.3 72 1 80 0.8 
7813 11 0.6 13 0.4 70 0.4 
7960 0 0.5 8 0.5 11 0.3 27 0.3 34 0 51 0.5 
8008 36 0.3 71 0.5 
8193 7 0.4 10 0.4 22 0 27 0.9 45 0.6 54 0 74 0.9 84 0.7 97 1 
8240 9 0 18 0.4 34 0.9 36 1 81 1 
8381 63 0.3 
8605 15 1 33 0.9 59 0.8 61 0.5 
8627 19 1 89 0 
8868 0 0 26 0.6 43 0.7 64 0.4 71 0 79 0.6 99 0.9 
8891 46 0.7 80 0 
8965 13 0.3 14 0 22 0.8 48 0.6 64 0.4 68 0.5 69 0.3 86 0 87 0.9 88 1 
9558 1 0 39 0.4 51 0.4 55 0.7 59 0.7 65 0.4 72 0.3 74 0 89 0 
9594 10 0 41 0 68 1 87 0 90 0.6 
9615 21 1 38 0.9 86 0 
9838 7 0.7 28 0.9 30 0.7 63 0.9 75 0.3 86 0.9 91 0 
9896 3 0.9 13 0.8 34 0.4 51 0 71 0 78 1 84 0.7 88 1 93 1 95 0.9 
9926 63 0.6 
