100
161 9 0.4 21 0.9 36 0.7 66 0 94 0.8 
320 24 0.6 30 0.5 40 1 94 0 
462 4 0.5 11 0 28 0 35 0.9 47 0 63 0.9 87 1 
481 11 0.3 21 0.6 34 0.6 41 0.9 60 0.3 
594 17 0.5 31 0.6 47 0.4 58 0.6 74 0 75 0.9 88 0.9 
630 11 1 21 0.6 29 0 40 0 52 0 82 0.3 86 0 95 0.3 
671 0 0.7 7 0.5 22 0.5 23 0 25 0 78 0 86 0.4 
711 3 1 19 0 31 0.5 51 0.3 56 0.4 71 0.7 72 0 76 0.9 85 0.3 93 0 
902 17 0.9 22 0.3 30 0 52 0 54 0 79 0.6 
930 11 0 14 0 16 0.4 40 0.8 42 0.9 76 0.3 77 0.8 88 0.7 
1156 14 1 18 0 23 0.3 47 0 53 0.5 93 0.4 95 0 
1223 40 0.6 47 1 51 0.6 57 0.7 74 0 77 0.6 89 0.8 
1241 14 0.4 49 0 
1309 41 0.6 57 1 71 0.6 78 0.6 82 0.5 94 0.8 
1321 5 0.4 11 0.9 18 0.3 34 1 42 0.9 54 0.8 60 0.6 67 0 69 0.5 79 0.7 
1359 20 0.5 21 0 39 0.7 48 0 49 0.5 59 0 64 0 74 0 
1363 21 0 77 0.3 
1433 8 0.5 20 0.9 48 0.4 
1437 27 0.8 28 0.5 41 0.5 48 0 67 0 98 0.9 
1519 12 0.6 15 0 34 0 54 0.6 71 0.9 
1529 39 0.5 88 1 
1535 4 1 41 0.7 47 0 63 0 65 0 70 0.3 75 0.7 
1556 14 0.4 45 0.8 65 0 86 0 
1603 35 0.8 58 0.6 60 0.5 68 0.9 85 0.9 
1764 4 0.9 
1882 12 0.4 38 0.6 64 0 93 0.7 
1948 27 0.6 32 0 40 0.6 54 0.3 67 0.3 68 0.5 82 0.8 
1977 17 0 88 0.3 
2018 35 0.6 43 0.9 
2064 55 0 75 1 90 0.3 93 0.5 94 0.5 
2068 7 0 29 0.3 65 0.4 68 1 78 0.6 81 0 84 0 88 0.7 
2086 12 0 16 0.7 25 0.6 31 0.3 73 0.7 89 1 98 0.8 
2096 0 0.7 2 0.3 25 1 41 0 52 0.7 82 0.7 92 0.3 98 0.8 
2097 11 0.6 
2217 4 0.3 18 0.5 27 0.7 42 0.8 43 0 56 0.9 79 0.3 81 0.3 91 0 
2294 4 0.4 55 0.8 62 0.4 65 0.6 70 0.7 74 0 85 0.3 97 0.5 
2524 14 0 21 0.7 24 0 30 0 33 0.8 34 0 49 0 60 0.3 97 0.9 
2590 0 1 6 0.4 23 0.9 26 0.6 37 0.8 61 1 69 0.6 
2611 36 0.3 44 0.8 80 0.5 
2708 0 0.9 18 0.3 37 0.7 39 0.8 48 0 58 0.8 88 0.8 99 0.9 
2748 12 0 
2771 90 0.7 
2967 47 0 
3145 19 0.6 32 0.9 34 1 36 1 72 0.6 88 0 98 0.9 
3270 4 1 5 1 8 0.4 37 0.7 93 0.4 95 1 
3434 14 0.5 
3469 4 1 11 0.6 16 0.4 23 0 44 0 64 0.4 77 0.4 83 0.3 91 0.9 
3588 37 0.7 50 0 77 0.5 
3641 53 0.8 60 0.5 
3803 2 0 7 0.8 67 0.5 71 0.5 73 0.8 80 0.6 84 0.7 85 1 94 1 97 0.5 
3945 1 0.9 11 0 26 0.5 43 0.4 58 0.9 71 0 74 0.3 82 0.9 90 0.7 
4061 7 0.3 30 0.8 31 0.7 82 0.5 89 0.4 95 0.5 
4169 42 0 
4330 0 0.3 18 0.9 39 0.9 66 0 77 0 79 0.5 81 0 97 0.3 
4502 12 0.3 33 0.8 41 0 83 0 95 0 
4683 8 0.8 13 0 17 0.3 24 0.6 56 0.5 58 0.8 85 0.8 
4819 22 0 48 0 52 0.8 64 0.5 
5068 6 0.4 18 0 46 1 48 0 55 0.5 67 0.4 82 0.7 92 0.6 97 1 98 0.8 
5159 75 0.4 
5273 5 0.8 38 0.6 41 0 48 1 65 0.3 72 0.5 92 1 
5380 79 0 94 0.4 
5444 13 0.5 35 0.8 41 0.7 47 0 66 0.9 82 0.8 
5507 4 0 9 0.3 37 0.4 41 0 53 0 69 0.8 78 0.8 79 0.8 94 0 
5580 11 0 16 0.8 35 0.7 44 0.6 46 0 48 0.8 98 0.6 99 1 
5779 15 1 21 0 53 0.9 56 1 62 0.4 94 0.6 96 0 98 0 
5918 0 0.9 24 0.5 30 0.3 68 0.6 69 0.8 
5949 27 1 35 0.9 43 0.6 75 0.5 85 0.6 
6079 37 0.5 40 0 41 1 82 0.8 94 0.7 97 0.3 98 0.4 
6080 17 1 20 0.5 47 0.9 51 1 81 0.3 
6097 35 0 58 0.9 59 0 72 0.7 
6198 32 0.3 36 0.4 51 0.9 84 0 
6294 23 0.4 43 0 47 1 64 0.4 87 0 91 0 98 0.4 
6295 8 0.7 21 0 25 0.8 40 0 61 0.6 71 0.8 98 0 
6527 13 0 24 1 57 0.7 58 0 67 0.7 72 0.5 78 0.4 87 0.9 
6740 15 0.4 87 0.8 95 1 97 0.9 
6857 25 0 
7102 0 0 9 0 48 0 56 0.7 82 0.8 92 0.5 94 0 
7250 38 0.5 43 0.3 49 1 86 0.9 
7491 22 0.9 26 0.3 31 0.9 71 0 76 0.5 97 0.5 
7516 11 0.6 40 0.7 62 0.9 
7667 10 0.5 25 0 99 0.4 
7686 31 0.6 
7691 3 0 6 0 14 1 36 0.7 75 0.7 
7734 85 0.5 99 0.9 
7776 1 0.4 10 1 30 0.9 35 0.3 41 0 62 0.3 63 0 66 0 67 0.9 93 0.6 
8118 19 1 26 0.6 37 0.3 38 1 66 1 73 0.8 
8254 0 0 14 0.7 31 0 36 0 67 0 78 0.4 85 0 89 0.4 
8304 13 1 
8453 0 0 1 0.7 9 0 21 0 45 0.7 47 0.6 59 0.6 82 0.4 
8477 1 0 5 0 6 0 53 0.6 84 0.6 98 0 
8513 31 1 
8607 51 0 66 0.7 92 0.6 
8722 56 0.5 58 0.5 63 0.4 97 0 
8814 7 0.6 43 1 75 0 96 1 
8818 29 0.5 95 0.6 
9514 17 0.8 20 0.6 61 0.3 65 0 70 0.8 
9641 22 0 44 0 58 0.8 72 0.3 73 0 83 0.6 92 0.7 
9689 7 0 18 0.9 27 0.6 36 0.5 42 0.5 54 0.9 61 0 67 0 85 0 86 0.3 
9757 0 0.6 6 0.7 38 0.7 43 0.5 58 1 
9786 3 1 11 0.7 20 0.9 24 0.8 39 0.9 42 0.8 74 0 94 0.7 95 0.8 
