100
25 6 0.9 36 0 47 0 56 0.8 61 0 68 0 99 0 
30 8 0.4 16 0.4 18 0.7 20 0 30 0 53 0.9 64 0.9 79 0.7 84 1 
63 0 0.6 8 0.3 17 0 20 0.7 49 0.9 73 0.5 95 0.5 97 0 
111 71 0.9 
127 1 1 9 0 11 0.7 57 0.5 76 0.3 88 0.7 
129 14 0 25 0.6 42 0 48 0.3 56 0.8 61 0.6 68 0.9 
194 22 0 
198 0 0.3 5 0.4 23 0.8 37 0.7 52 0 56 0 80 0 82 0.8 89 0.4 93 0 
280 13 0.3 50 0 52 0 
293 1 1 16 0.8 41 0.5 47 0.7 59 0.3 81 0.6 91 0 93 0 95 0.9 
317 39 0.8 
467 16 0.3 21 0.5 23 0.8 25 0.8 32 1 34 1 41 0.3 59 0.3 63 0.4 72 0 
551 5 1 7 0.4 11 0.8 15 0.3 24 0.3 26 0.6 29 0 55 0 64 0.6 76 0.5 
597 12 0.8 33 0.7 
684 39 0.9 72 0.4 
714 11 0 35 0.6 46 0 
879 36 0 95 0.3 
1005 1 0.3 22 0.7 29 0 31 0.9 44 0 51 1 58 0.5 66 0 74 0.9 90 0.5 
1122 1 0.3 8 0.5 11 1 13 0.5 15 0.9 
1161 7 0.4 10 0.3 
1205 14 0 15 0.3 20 0.5 27 0.9 33 0 36 0.6 78 0.9 80 0.7 99 0 
1237 0 0 2 1 15 0.7 18 0.9 24 0 44 0.4 48 0.4 93 0.4 
1286 38 0.9 52 0 75 0.8 83 0.4 87 0.4 98 0.5 
1338 18 0.7 55 0.5 
1464 31 1 96 0.3 
1575 20 0 
1725 52 0.7 55 0.7 56 0.4 64 0.7 
1757 54 0.3 71 0 
1803 31 0 40 0 42 0.6 59 0.8 82 0 86 0.7 87 1 
1963 66 1 77 0.7 91 1 94 0 
1986 18 0 29 0.8 31 0.3 34 0 60 0.3 70 0 73 0.4 95 0.4 
2008 5 0.3 6 0.9 15 0 46 0.6 47 0.6 52 1 
2017 4 0.5 15 0.4 26 0.8 27 0.3 32 1 35 0 48 0.6 
2123 0 0.7 1 0.8 7 0.6 9 0 28 0.4 52 1 62 0.9 68 0 75 0.6 
2275 0 0 20 0 43 0 55 0.9 67 0 98 0 
2444 5 0.6 10 0.5 66 0.7 75 0.9 77 0.8 83 0.7 88 0.5 92 0.4 
2452 17 0.9 22 0 41 0.6 48 0.3 59 0 63 0.7 66 0.9 86 0.7 96 0.4 
2508 21 0.9 23 0.4 76 0.3 78 0.9 79 0.4 
2607 8 0 15 0 18 0 44 0.8 52 0.3 61 0.5 89 0.3 97 0.7 
2703 4 0.3 9 0.5 45 0.5 60 0.8 98 0.8 
2721 3 1 42 0.3 64 0.3 77 0 87 0.3 91 0.5 96 0.6 
2729 24 0 32 0.3 38 0.9 42 0.9 61 0.8 
2742 0 0 5 0.4 24 1 75 0.4 
2749 10 0.3 60 1 68 1 
2805 2 0.4 6 0.8 46 0.6 51 0.4 53 0 82 0.3 93 0.6 97 0.5 
3082 21 0 29 0 34 0 55 0.4 64 0.3 68 0 
3110 22 0.5 
3267 50 0 
3347 27 0.7 96 0 
3483 27 0.4 93 0.5 
3736 19 0.7 57 0.5 66 0.6 78 0 79 0 84 0.9 87 0.5 91 0.5 95 0.7 
3793 3 0 19 0 39 1 66 0 73 0 88 0 96 0.5 
4800 20 0.8 21 0 26 0 44 0.9 49 0 58 0 62 0 65 0.6 71 0 
4822 10 0.4 26 0.6 44 1 48 0 64 0.7 74 0 79 0.5 
5062 0 0.8 21 0 30 0.8 48 0 90 0.5 
5100 11 0 21 0.3 35 0.5 48 0.4 75 0 
5269 71 0.6 
5689 11 1 23 0.9 38 0 47 0 
5694 44 0.5 
5720 37 0.5 
5833 16 0.9 25 0 67 0.7 72 0 96 0 
5895 5 0 38 0.3 65 0 84 0.3 
5920 1 0.6 19 0 23 0 42 0.7 45 0.6 49 0.6 82 0.8 88 0 
6183 10 0.4 15 0 25 0 75 0.8 98 1 
6424 1 0.9 2 0.5 12 0.4 21 0.7 55 0.8 57 0.6 65 1 67 0.8 96 0 
6456 47 0.6 
6604 11 0.5 19 1 40 0.3 56 0.8 66 0.3 68 0.7 71 0.7 76 1 93 0.6 94 0 
6693 16 0.7 31 0.6 37 1 57 0 63 0.8 77 0.5 
6835 2 0 7 0.6 27 0.6 39 0.6 41 0 47 0.3 80 0.6 84 0 85 0.6 88 0.6 
6999 52 0.8 54 0.8 70 0 
7072 8 0.7 17 1 25 0.3 47 0.3 54 0.5 55 0.3 71 0 89 0.8 99 0 
7142 35 0.4 
7205 1 0 38 0.6 45 0.4 57 0.8 63 1 82 0.8 92 1 
7371 33 1 42 0 50 0 55 0.6 76 0 
7642 20 0 27 0.7 28 0.3 30 0.4 38 0.8 59 0.6 68 0.5 77 0 87 0.5 88 1 
7700 24 0.5 33 0 37 0.7 84 0.3 
7920 9 0.7 31 0.7 35 1 57 0.9 62 0.8 
8040 11 1 51 0.7 
8047 56 0 61 0.8 70 0.6 73 0.5 84 0 93 0.6 
8208 10 0.9 11 0 12 0 55 1 59 0 60 0 65 0.5 80 0 95 0.8 
8278 9 1 33 0.6 37 0 48 0 55 0 59 0.6 98 0.3 
8290 37 0.6 46 0 66 1 83 0.5 85 0.8 86 0 92 0.9 
8388 16 0 21 1 27 0 41 0 51 1 54 0.6 67 0 
8392 60 0.5 
8571 6 0 14 0.9 15 0.9 16 1 32 0.4 79 0 99 0.8 
8577 4 0.4 12 0 28 1 42 0 47 0.4 67 0.6 75 0.4 84 0.4 90 0.4 93 1 
8647 56 0.6 
8688 11 0.3 29 0.3 44 0.4 71 0 72 0.4 93 0 96 0.7 
8775 0 0.6 6 1 11 0.3 16 0.5 18 0.6 47 0 62 1 91 0.5 92 0.5 
9065 75 0.9 
9115 32 0 
9194 17 0 24 0.6 32 0.5 36 0.4 47 0 49 0.3 52 0 63 0.6 90 0.5 94 0 
9487 22 1 30 0.6 37 0.3 43 0.8 53 0.9 58 0 79 0 
9523 6 0.9 22 0.5 37 0 42 0.9 48 1 
9564 6 1 11 0.6 49 0.7 58 1 70 0.7 81 1 
9565 69 0 
9747 1 0 23 0 99 0.7 
9788 27 1 41 1 45 0 55 0.6 57 0.4 63 0.9 94 0 97 0 
9993 9 0.4 15 0.6 18 0.7 27 0.8 34 0.7 37 0.9 59 0.5 70 1 99 0 
9997 12 0.4 17 0 34 0.7 53 0.3 54 0 97 0.6 
