100
16 16 0 23 0.4 34 0.7 66 0 76 0.9 91 0.8 92 0 
59 18 0.8 20 0.5 47 0 53 0 56 0.8 64 0.8 81 1 86 0.8 96 0.4 99 0.8 
103 41 0.3 68 0 73 1 90 0.9 91 1 93 0.5 
144 3 0.6 13 0.3 15 0.6 37 0.5 65 0 82 1 
146 8 0 39 0 61 0.6 75 0.5 91 0.3 
377 7 0.9 9 0.9 85 0 
515 15 1 30 0.5 34 0 40 0.7 44 0.3 57 0.7 94 0.8 
525 9 0.4 21 1 37 0.5 71 0.3 73 0.3 89 1 95 0.5 96 0 
571 16 0.7 32 0.7 33 0.7 69 0.4 
891 7 0.9 11 0 14 1 98 0 
1076 45 0.3 
1223 40 0.7 47 1 51 0 57 0.3 74 0 77 0.4 89 0.5 
1303 1 1 36 0.7 38 1 66 0.7 83 0.8 87 0.8 89 0 95 0.5 
1326 34 0.9 36 0.4 61 1 67 0.9 74 0.7 77 0.5 78 0 82 0 84 0 
1345 0 0 2 0.6 7 0.3 11 0.9 15 0 21 0.8 23 0.4 50 0.3 62 0.6 95 0 
1358 1 0 45 0.8 95 0 
1365 64 0.5 
1414 9 0.6 22 0 31 0.4 36 0 62 0 66 0.7 89 0 93 0.6 99 0.5 
1436 3 0.9 
1626 29 0.8 34 0 51 0.5 60 0.5 65 0.5 67 0.9 72 0.5 96 0 97 1 98 0 
1700 14 0.9 50 0 52 0 58 0.7 75 0.6 76 0.3 81 0.5 92 0.7 97 0 
1713 6 0.5 71 0.8 
1769 16 0.5 22 0.4 27 0.6 35 0.8 56 1 79 0.9 97 0.6 
1812 6 0.7 12 0.3 58 0.9 59 1 65 0.5 69 0.8 77 0.6 84 0 85 0.8 97 0 
1881 0 0.9 3 0.5 11 0.6 41 0 60 0.4 74 0 95 0.4 
1969 4 1 73 0.7 82 0.9 
2053 9 1 14 0.7 15 0 42 0 48 0.7 83 0.4 
2089 48 0.4 75 0.9 97 0.7 
2284 5 0.7 14 0.7 25 0.8 33 1 63 1 71 0 72 0 83 0 
2458 22 0.8 40 0.6 
2579 10 0.4 14 0 37 0.6 49 0.9 50 0 56 0.5 83 0.3 97 0.7 
2717 47 0 56 0.5 58 0 66 0.6 
2763 13 0 19 0.9 25 0.4 38 0 67 0.3 72 0.7 89 1 
2807 10 0.7 22 0 51 0 70 0 74 0.5 88 0.7 89 0.3 92 0.5 94 0.7 
2847 2 0.7 6 0 19 0.7 21 0.6 46 0 66 0 69 0.5 74 1 
2877 1 0.5 46 0.3 73 0.3 79 0.9 90 0.5 
2920 2 0 51 0 
2956 3 0.7 7 0 8 0.4 13 1 25 0.8 29 1 30 0.9 53 0 59 0.8 69 0.8 
3031 10 0 45 0.8 51 0.3 54 0.6 
3035 14 0.6 18 0 36 0.7 38 0 78 0.4 83 0.8 84 0 
3045 4 1 37 0.7 48 1 57 0.6 64 0.5 68 1 71 0.3 93 0.6 98 0.6 
3074 6 0.5 12 0.3 20 0.6 23 0.5 45 0.9 53 0.3 60 0.7 79 0.8 
3079 17 0.6 29 0.5 54 0.8 
3209 31 0.5 47 0.8 61 0.3 
3322 6 0 19 0.3 25 0 29 1 61 0 74 0 81 0.4 89 0.4 95 0.3 99 1 
3337 15 0 22 1 50 0.5 54 0.7 62 0.4 63 0.6 71 0 94 0.3 97 0.4 
3399 21 0 29 0.7 38 0 
3474 2 0.6 18 0.8 26 0 33 0 64 0.4 66 0.4 70 1 89 0.6 98 0.3 
3675 77 0 85 0.6 97 0 
4027 12 0.8 21 0.4 23 0.7 30 0 67 0.8 83 0.5 96 0.6 99 0 
4235 12 0.8 20 0.5 37 0.9 42 1 48 1 56 0 66 0.9 74 0 84 0.9 99 0.6 
4263 11 0.5 21 0.6 56 0.5 62 0.7 
4637 19 0 26 0.5 31 0.9 46 0 97 0.4 
4907 34 0 
4937 0 0.8 16 0.3 
4938 46 0.8 64 0 89 0 92 0.3 
4993 29 0 30 0.8 32 0.3 35 0 
5036 39 0.9 57 0.5 67 0 97 0 
5172 9 0 15 0.4 74 0.4 77 1 87 0 88 0.8 
5431 19 0 26 0.9 28 0.3 43 0.4 49 0.6 50 1 77 0 88 0.5 95 0 
5510 24 0.6 81 0.5 96 0.3 
5643 39 0 45 0 53 0.3 67 0.8 86 0 
5725 1 0 18 1 32 0 45 0 54 0 73 0.6 81 0.6 88 0.3 91 0.5 99 1 
5766 25 0 58 0 72 0.6 80 0 82 0.3 
5842 2 0 3 0.6 27 0.6 29 0 95 0.9 99 0.8 
5888 71 0 
5912 50 0.4 53 0.3 67 0 
5994 17 0 18 0.7 24 0 25 0.5 27 1 33 0.4 99 0.3 
6093 13 0.9 28 1 48 0.9 50 0.6 61 0 80 0.7 89 0.5 
6111 13 0.9 19 0.9 23 0.6 55 0.3 61 0.5 74 0.9 
6114 5 0.4 7 0.6 11 0.8 36 1 41 0.6 85 0.6 88 1 
6124 11 0.7 13 0.3 38 0.5 70 1 92 0 93 0.4 
6390 17 0.7 20 0 35 0.9 44 0.7 46 0.7 52 0.8 55 0 68 0.5 
6640 7 0 
6764 9 0 59 0.3 62 0.5 
6773 10 0.6 35 0.6 62 0.5 63 0 68 0 72 0.4 79 1 80 0.9 88 0.7 
6804 6 1 10 1 33 1 36 0.5 40 0.3 47 0.5 52 0.7 54 0 74 0.4 
6839 2 0.8 20 0.5 24 0.8 40 0 50 0 60 1 65 0 72 0.4 84 0.4 
6849 69 0.3 90 1 
6879 2 0.7 14 0 35 0.9 46 0.5 49 0.5 54 0.6 72 0 75 0 84 0.4 85 0.3 
7043 18 0.8 23 0.7 55 0.7 77 0.4 79 0.6 98 0.7 
7356 8 0.8 10 0.7 34 0.4 35 0 46 0.7 66 0 79 0.6 93 0.9 
7412 0 0.7 32 0.6 46 0.7 52 0 65 1 80 0.8 88 0.9 89 0.5 97 0.9 98 0.9 
7772 1 0 7 0.9 11 0.7 17 0.9 30 0.6 55 0.5 56 0 70 1 82 0.4 
8028 2 0 15 1 59 0 66 0.9 83 0 84 0.5 87 0.6 
8125 42 0.5 59 0.8 66 0.6 75 0.6 
8307 14 0 24 0.4 43 0.3 67 0.4 
8498 2 0.4 3 0 51 0.8 70 1 91 0.7 93 0 
8702 7 0 10 0.6 25 0.9 49 0 69 0.8 
8873 58 0 79 0 
8991 14 1 25 0 34 0 51 0.9 56 1 75 0.5 84 0 
9173 0 0 39 0 49 0.8 56 0 
9183 3 1 7 0 32 0.9 34 0.4 37 0.8 54 0.5 72 0.7 73 0 89 0.6 99 0.5 
9218 8 0.9 9 0.5 33 0 40 0 47 0.5 49 0.7 86 0.5 96 0.4 98 0 
9249 46 0 74 0.5 
9363 47 0 50 0 62 0 
9703 14 0 
9726 22 1 94 0.9 
9817 1 0 37 0.4 43 0.5 58 1 97 0.7 99 0.9 
9992 52 0.9 81 0.6 
