100
55 29 0 47 0 82 0.8 
84 11 1 
213 1 1 
231 21 0 37 0.6 93 0.6 
260 4 0.8 13 1 16 0.7 21 0.3 28 0.8 47 0 51 0.3 89 0.5 91 0 92 0.8 
397 17 0.5 30 0.9 61 0 85 0 94 0 95 1 96 0.3 
410 6 0.3 12 0.4 18 0.7 45 1 62 0.3 77 0 94 0.5 95 0 97 0 
421 18 0.9 23 0.3 42 0.5 43 0.4 46 0.8 57 0.7 61 0.6 77 0.6 
450 15 0.7 59 0 60 0.5 73 0.8 
458 1 0.6 6 0.6 11 0 27 0.4 49 0 51 0.8 56 0.9 71 0.7 97 0.7 
770 2 0.4 15 0.6 23 0.5 71 0.5 86 0 
915 13 0 38 0 40 0 64 0.8 91 0 96 0.7 
1040 12 0 44 0.4 52 0 56 0 65 0 96 0.3 
1063 37 0 41 0 51 0 73 0 84 0.9 
1139 6 0.8 23 0 36 0.7 87 1 88 0.8 
1315 73 1 91 0.9 
1329 2 0.9 14 0 15 0.6 36 0.4 48 0.5 77 0.7 
1373 5 0.6 45 0 63 0.5 70 0.4 71 0.6 79 0 95 0 98 0.6 
1390 71 0.9 
1394 7 1 13 0 15 0.6 41 1 54 0.8 64 0.3 84 0 
1455 33 0.8 39 0.3 50 0.9 53 1 78 0.6 97 0 
1510 71 0 
1513 4 1 35 1 43 0.4 46 0 76 0 88 0 
1711 57 0.3 
1763 8 0.5 28 0.7 34 0.5 57 0.5 70 0.7 71 0 90 0 
1837 4 0 27 0.9 28 0.7 48 0.6 60 0 63 0.6 94 0.4 95 0 96 0.9 99 0 
1856 20 1 47 1 
1878 21 0 29 0 60 0.6 72 0.4 75 0 79 0.6 87 0.7 96 0.7 97 1 
1993 17 0.5 39 0.9 53 0.8 65 0 94 1 
2102 19 0 30 1 45 0.8 54 0.3 67 1 
2182 7 0 13 0.8 19 0 27 0 34 1 78 0.3 83 0.8 90 0.5 
2263 18 0.7 24 0 31 0 44 0.9 87 0.7 
2545 22 0 39 0 57 0.9 64 0.7 89 0.3 
2677 9 0.9 12 0.3 15 0.5 31 0.4 32 0 51 0 57 1 59 0.8 61 0 66 0.7 
2800 93 0.4 
2861 2 0.4 12 0.6 26 0 31 0.8 49 0 68 0.3 71 0.3 73 0 
2917 5 0.8 24 0.8 91 0.4 
2930 7 0.5 19 0.3 37 0.3 65 0 77 0.7 81 0 
3022 41 1 49 0 85 0 
3083 48 0.6 85 0.9 89 0 
3100 3 0.5 20 0.3 21 0.6 28 0.9 50 0.4 59 0.8 64 0.4 80 0.3 
3157 11 1 13 1 65 1 71 0.6 93 0.4 
3240 9 0.3 52 0.5 60 0 92 1 
3275 1 0 31 0.8 
3417 13 0 
3450 28 0 52 0.8 54 0.5 66 0 83 0.5 89 0 
3467 10 0.9 69 0.9 93 0 94 0.7 
3535 10 0.8 22 0 35 0.4 45 0.9 61 0.9 67 0.5 91 0 98 0 
4017 3 1 29 0 34 0.4 37 0.6 47 0.6 50 0.6 56 0.3 65 1 78 1 
4066 3 0.3 27 0.3 29 0.6 36 1 
4088 10 0.5 23 0 41 0.8 45 0.3 48 0.7 67 0 88 0.3 93 0.5 94 0.5 98 0.5 
4337 22 0.9 33 0.9 44 1 48 0.9 62 0.5 76 1 84 0.3 89 0 90 0.9 
4362 33 0 40 0.9 51 0.3 59 0 65 0 69 0.4 87 1 92 0 98 0.5 
4427 15 0 16 0.3 20 0.5 22 0 27 0.9 34 1 77 0.4 86 0.6 
4450 92 1 
4583 38 0.9 
4669 39 0.8 73 0.5 91 0.4 
4778 11 0.6 42 0.8 53 0 59 0 64 0 82 0 88 0.5 97 0.5 
4872 24 0 30 0.4 56 1 86 1 92 1 98 1 
5051 10 0.7 30 0.5 39 0.4 54 0.4 57 0.5 72 0 
5339 33 0 84 0.5 
5365 7 0.8 28 0 30 0 31 0.5 59 0.9 77 1 92 0 93 0 96 0.4 
5380 79 0.6 94 0.7 
5415 10 0 12 0.6 52 0 61 0.8 67 0.8 75 0 77 0.7 79 0.7 92 0.8 98 0.7 
5460 21 0.5 
5687 4 0.5 21 0.4 28 0.6 33 0 45 0.7 65 0 89 0.8 90 0 
5954 17 0.5 23 0.8 45 0.3 
5984 11 0.7 65 0.7 69 0 88 0.9 
6029 20 0.3 81 0.4 96 0.4 
6072 8 0.7 26 0.7 44 0.7 45 0.3 68 0 71 1 73 0.9 86 0 97 1 
6333 12 0 56 0.4 62 0 69 0.5 72 1 75 0.5 77 0.3 82 0.9 95 0.4 
6355 82 0.9 89 0.8 
6479 9 0.3 36 0.6 41 0 56 0.7 61 0 66 0.6 73 0 83 0.5 
6491 10 0.3 46 0 60 0.6 65 1 68 0.6 70 0.6 72 0 90 0.8 
6698 2 0 16 0 20 0.6 36 0.9 38 0.5 61 0.9 64 0.7 80 0 81 0.4 98 0.7 
6823 3 0.4 18 1 22 1 29 0.3 48 0.7 63 0.8 64 0.3 95 0.6 
7006 51 0 53 0 58 1 67 0.8 69 0 70 0.4 88 0.7 91 1 95 0.5 98 0.9 
7248 25 1 60 0 72 0.5 
7263 2 0.7 21 0 25 0.4 29 0 47 0.4 66 0 76 0.4 98 0.6 
7373 12 0.5 
7448 3 0.6 9 0 12 0.4 14 0.7 22 0.8 38 0 58 0.8 79 0.6 97 0.6 
7602 24 0.9 41 0.6 43 0 46 1 58 0.3 64 0.4 72 0 73 0.5 96 0.3 
7622 45 0.9 
7751 26 0.7 35 0.8 87 0.5 
7947 3 0.8 7 0 40 0.3 43 0 51 0.4 52 1 58 0 70 0.6 71 0.6 72 0.5 
8080 35 0 
8242 12 0 16 0.4 17 0.6 28 0.8 49 0.3 58 0 85 0 98 1 
8317 23 0.6 31 1 41 0 44 0.5 48 0.3 56 0 76 0.7 
8415 14 0.3 19 0 23 0.7 30 0.3 53 0.7 61 0.9 67 0.9 68 0.7 
8697 1 0.5 2 1 11 0.8 16 0.6 21 0 27 0.4 50 0.7 63 0.8 69 0.7 89 0.4 
8746 7 0.9 16 0.8 17 0.8 26 0 36 0.7 37 0 43 0.4 69 0.9 82 0.8 99 0.8 
9090 1 0 22 1 27 1 60 0 67 0.7 85 1 90 0 93 0.7 96 0.8 
9222 72 0.5 
9273 25 0 83 0.4 
9656 9 0.5 
9827 3 0.3 28 0.4 33 0.5 36 1 60 0.9 67 0.6 71 0 87 0.7 88 0.5 89 0 
9830 23 0.8 30 0 47 0.5 55 0 64 0.6 79 0.7 89 0.8 93 0.3 
9869 3 0.6 9 0.9 15 0.5 42 0 74 0.5 85 0 96 0.7 98 0.5 
9923 9 0.4 32 0.8 49 0.6 55 0 56 0.6 
9954 27 0 
