100
102 40 0.8 55 0.5 
104 6 0 10 0.6 47 0 51 0.5 92 0 
254 38 0.5 49 0.7 54 0.9 63 0 65 0 99 0 
281 0 0.4 4 0.7 5 1 27 1 30 0.7 38 0.9 46 1 63 0.8 
445 5 0.8 32 0.7 45 0 63 0.5 74 1 76 0.4 97 0.5 
628 11 0.3 45 0.6 61 1 65 0.6 
638 6 0 27 0 52 0 54 0.8 81 0.3 84 0.5 
871 3 0.5 18 1 
951 16 0 30 0.3 31 0.7 50 0 57 0.7 
974 1 0.9 29 1 44 0 45 0.4 60 0.3 75 0.7 80 0.3 
990 18 0.9 28 0 39 0.6 45 0.4 77 0.5 88 0.3 
999 17 0.8 20 0 32 1 39 0.5 44 0 56 0.8 68 0.3 76 0.8 81 0.6 
1011 1 0.5 4 1 28 0 31 0.6 78 0 93 0.7 
1013 25 0 37 0.7 56 0 60 0.9 93 1 96 0 
1056 4 0 25 0.8 30 0 48 0.4 55 0 58 0.6 62 0.8 71 0.3 83 0.4 
1067 3 1 31 0.8 47 0.9 48 0.5 60 0.9 67 0 71 0.6 73 0 91 0.3 
1103 79 0.7 
1286 38 0 52 0.9 75 0.3 83 0.4 87 0.8 98 0.5 
1449 22 0.7 77 0.5 
1455 33 0.7 39 0 50 0.9 53 0.3 78 0 97 1 
1658 45 0.7 58 0.7 74 0 85 0.7 90 0 95 1 99 0.7 
1914 2 0 24 0.4 56 0 67 0.8 69 0.3 
2019 6 0.5 11 0.6 22 0 37 0 39 0 49 0.6 58 0 87 0.8 91 0.7 96 1 
2057 2 0.4 47 0.9 52 0 98 0 
2099 16 0 48 0 55 1 57 1 74 0.9 90 0.4 
2188 63 0.6 
2197 40 0 60 0 
2203 10 0 23 1 32 0.5 36 0 67 0 76 0.3 77 0 86 0 94 0.3 99 0.5 
2245 38 0.7 62 0 64 0.7 80 0.8 
2247 54 0 
2458 22 0.9 40 0.8 
2549 10 0 20 0.4 23 0.8 46 0.4 61 0.4 63 0 67 0.5 73 0.5 75 0.7 85 0.3 
2650 6 0.6 29 0.4 46 0.5 74 0.9 89 0 
2699 4 0.4 20 0.5 55 0.7 58 0.8 88 0 90 0.7 
3144 1 0 28 0.5 32 0 39 0 41 0.3 58 0 82 0.6 84 0 86 0.3 97 0.7 
3300 4 0 7 0.6 26 0.8 31 0.9 55 0 70 0.3 96 0 
3440 17 0.5 64 0 
3476 43 0 80 0.4 
3561 3 0 9 0 72 0.8 94 1 
3647 7 0.4 45 0.4 55 0.3 91 0 
3717 42 0.3 43 0.8 58 0.7 66 0.8 68 0.7 71 0.7 77 0.5 
3750 59 0.8 
3980 4 0 21 0.3 28 0 36 0.6 40 0.3 49 0.7 52 0.8 67 0.3 87 0 
4119 6 0.4 12 0 34 0.5 66 0.9 96 0 
4122 0 0.9 2 0.7 25 0.8 31 0 43 0 44 0.9 88 0.7 
4280 3 1 32 0.5 39 1 94 0.8 
4665 32 0 35 0 38 0.6 70 0 85 0 
4706 7 0.9 17 0.7 25 0.9 29 0.4 33 0 35 0.8 51 0.6 68 0.3 69 0.4 91 0 
4804 28 0.4 36 0 44 0 64 0.3 73 0.3 99 0.3 
4912 1 0.4 12 1 32 0.9 
5015 2 0.7 22 0.5 49 0.6 62 0.8 75 0.6 79 1 80 1 87 0 
5093 64 0.5 74 0.9 
5110 49 0.9 
5228 0 0 17 0 25 0.9 40 1 45 0.9 77 0 92 0.8 
5240 31 0.5 54 1 90 0.5 95 0.9 
5270 31 0.6 
5381 6 0.4 8 1 17 0 40 0 44 1 71 0.3 88 0.6 
5748 6 0.7 7 0.9 9 0.7 25 0.3 26 0.4 29 0.3 47 0.8 50 0.8 84 0 92 0.9 
5813 62 0 
5938 2 0.3 15 1 19 0.4 85 1 
6023 2 0.3 17 0.6 59 0 68 1 77 0 81 0.4 85 0.4 96 0 
6030 45 0.6 
6088 28 0.4 83 0.5 86 0 97 0.8 
6166 5 0.8 11 0.6 12 1 14 0 31 0.6 63 0 79 0 88 0.3 91 0 95 0.3 
6615 3 0.5 25 0.7 28 0 48 0.8 58 0 65 0 66 0.8 84 0.3 91 0.6 
6708 0 0.8 12 0.3 21 0 34 0.6 46 0.8 54 0 57 0 
6815 7 0.5 9 0.4 43 0 48 0.4 68 0.8 69 0.8 
6871 8 0.9 18 0.6 19 0.5 58 0.7 89 0 99 0.5 
6905 5 0 16 0.5 
6957 27 0 36 0.9 47 0 72 0 75 0.8 80 0.7 82 0 
7078 58 0 
7102 0 1 9 0.4 48 0.9 56 0.6 82 0.8 92 0.7 94 0.4 
7134 0 0.3 30 0 61 0.9 62 0.8 71 0.7 80 0 
7161 8 0.4 15 0.6 17 0.4 20 0.4 21 1 49 0.4 69 0.3 
7360 12 0.9 62 0.3 75 0.6 83 0.4 87 0.4 88 0 89 0.8 
7474 92 0.4 
7500 3 0.8 
7539 10 0.7 20 0 52 0 78 0 99 0.6 
7622 45 0 
7625 32 0 54 1 65 0 
7668 19 0 34 0.7 46 0 47 1 74 0.6 83 0 94 1 
7727 0 0.7 21 0 46 0.3 51 0.6 93 1 
7804 1 0 11 0.4 28 0 38 0.8 54 0.8 75 0.5 82 0 92 0.9 
7898 35 0 53 0 59 0 66 0.8 72 0.8 79 0.5 87 0 89 0.7 96 0 98 0.5 
7905 0 0.4 52 0 56 0.5 82 0.5 
7989 20 0.4 35 0.5 37 0.7 65 0.3 81 0.3 89 0.8 98 0.5 
8097 7 0 13 0.6 18 0 22 0.8 24 0.8 54 0.9 77 0.3 79 0.6 
8500 9 0 11 0.7 58 0.8 59 0 60 0 62 0.4 93 0 
8639 1 0.4 2 0 8 0.4 16 0.6 44 0 59 0.4 68 0 90 0 91 0.5 92 0.3 
8965 13 0.5 14 1 22 1 48 1 64 0.3 68 0.9 69 0.8 86 0.3 87 0.3 88 0.9 
9001 0 0 6 0.3 28 0.9 40 0 53 0 67 0.6 68 0.7 69 0 83 0 
9117 42 0 49 0 54 0.7 70 1 72 1 74 0.5 79 0.3 83 0 96 0.8 
9223 11 0.3 41 0.5 44 0.3 63 0.4 75 1 93 0.7 99 0.8 
9333 1 0 5 0.7 
9646 5 0.8 12 0.5 17 0.3 28 0 30 0.8 69 0.5 81 0.9 92 0 
9808 67 0 83 0 
9902 0 0.7 1 0.7 12 0.4 19 0 29 0.6 71 0 79 0 
9929 10 0.5 24 0 39 0 45 0 47 0.6 48 0.4 91 0 93 0 98 0.3 
9991 9 0 12 0 13 0 34 0.5 57 0 69 0.5 74 0.8 89 0 94 0 
9994 6 0.6 46 0.5 54 0.5 84 0.8 89 0.4 
