100
358 28 0 29 0 40 0.9 70 0 82 0.4 
752 6 0 11 0.5 33 0 34 0 37 0.9 52 0.8 61 0 67 0.5 74 1 82 0.9 
1002 29 0 48 0 54 0.4 63 0.7 93 0.5 
1030 3 1 12 0.3 27 0 48 0.7 71 0.7 80 0.9 85 0.9 
1092 28 0 30 0.8 33 0.8 46 0.3 
1144 35 0.5 39 1 66 0 
1168 4 0 10 1 24 0 39 0 66 0 74 0.8 83 0.6 87 0.6 88 0.8 95 1 
1184 8 0.9 
1191 25 0 
1202 2 0 9 1 15 0 18 0 34 0.4 75 0.9 76 0.7 77 1 93 0.7 
1219 50 0.4 86 0.6 
1320 11 0.9 16 0.4 61 0.3 
1383 10 0.4 67 1 94 0.8 99 1 
1449 22 0.8 77 0.8 
1554 6 0 19 0.3 27 0 34 0.9 
1650 0 0.8 2 0.6 58 0.7 
1749 27 0 41 0.7 
1842 9 0 10 0 37 0.3 51 0 55 0.7 58 0 67 0 72 0.5 94 0 98 0.9 
1952 12 1 16 0.8 19 0.5 74 0.5 84 0.8 88 0.8 
1994 95 0.5 
2178 6 0.5 22 0.3 47 0 66 0.8 73 0.8 78 0.4 
2202 47 0.8 
2312 6 0.9 11 0.5 19 0.7 31 0.8 95 0 
2340 7 0 43 0.4 75 0 99 0.3 
2365 84 0 87 0.4 89 0.7 97 0.4 
2403 16 0.8 
2470 48 0.5 86 0.9 
2665 3 0.4 6 0 39 0.8 53 0 97 0.3 
2750 93 0 
2789 19 0.8 25 0 51 0.6 81 0 82 0 
2876 9 0.4 31 0.8 75 0.8 85 0 
2897 40 0 75 0 88 0.8 
2904 5 0.8 37 0.3 47 0.4 74 0.7 83 0 84 0 98 0.9 
2985 4 1 5 0.3 18 0.4 23 0.9 27 0.5 57 0 69 0 86 0.8 96 0.5 97 0 
3059 40 0 48 0.6 62 0.6 
3073 2 0.6 13 0 31 0.6 52 0.6 69 1 74 0 89 0.9 94 0.7 98 0.3 
3081 3 0.9 8 0 9 0.4 37 0 40 0.7 59 0 64 0 73 0 93 0.9 
3123 9 0 10 0.3 19 0 43 0 78 0.7 87 0 92 0 
3145 19 0 32 0.7 34 0.6 36 0.7 72 0.3 88 0 98 1 
3247 6 0.8 30 0.4 44 0 56 0.3 
3267 50 0.3 
3277 88 0.8 
3567 1 0 27 1 35 0 69 0.7 
3570 18 0.5 21 0.7 42 0 43 0.4 49 0.5 69 0.4 81 0 84 0.5 
3587 23 0.3 38 0.3 41 0.9 49 0.4 
3768 10 1 17 0 19 0.5 26 0.6 44 1 48 1 59 1 99 0 
3815 4 1 9 0.9 19 0.6 20 0 46 0.5 64 0.3 86 0.9 
3852 17 0.6 26 1 29 0 69 0.7 81 0 92 1 95 0.7 
3853 5 0.4 66 0 68 0.9 74 0 83 0.5 96 0 
3854 5 0.3 16 0.8 30 0.5 57 0.4 65 0.7 67 0 79 0 92 0 99 0.3 
3966 10 0.6 14 0.6 32 1 41 0.5 49 0.3 63 0.4 65 0.5 92 0.8 
3989 41 1 55 0.5 63 0.4 81 1 
3997 20 0.5 21 0 22 0.3 51 1 55 0.5 57 0.5 71 0 
4034 27 0 98 0.7 
4039 2 0 5 0.4 6 1 11 0.4 22 0.8 50 0 66 0.6 77 1 91 0.5 
4067 11 0 17 0 56 0 59 0 71 0.8 72 1 85 0.5 93 0.8 99 0.4 
4187 40 1 
4601 8 0.7 29 0 32 0.4 43 0.8 78 0 85 0.8 
4717 50 0.9 63 1 84 0.9 
5016 26 0 44 0.4 72 0.8 85 0.6 94 0.6 
5053 21 0.5 54 0.6 87 0.8 92 0.8 
5265 19 0.8 76 0 91 0 
5373 8 0 9 0.5 13 0.3 86 0 94 0.9 
5575 34 0 
5637 27 0 60 0 
5703 9 0.8 99 0 
5855 3 0.3 15 0.6 18 1 34 0.7 45 0.6 56 0 57 0.4 83 0 85 0 91 0.5 
6005 5 0 
6043 26 0.8 31 0 43 0.9 51 0.3 64 0 67 0.3 77 0.3 78 0 91 0.3 
6368 21 0.3 24 0.8 58 0 
6394 9 0 21 0.8 25 0.7 30 0.4 34 1 84 0 
6407 8 0 13 1 26 0 28 0.3 36 1 40 0.3 46 0.3 69 0.5 
6512 18 1 22 0.3 30 0.8 70 0.7 71 0.9 83 1 
6808 7 0.9 15 0.4 37 0 52 0 73 0.9 75 0.9 77 0 80 0.9 
6813 2 0 55 0 57 0.4 81 0.9 84 0.6 90 0 
6814 0 0.3 6 0.3 20 0 26 1 29 0 34 0.5 57 0.8 87 0.5 98 0.4 
6879 2 0.3 14 1 35 0 46 0.7 49 0 54 0.5 72 0.9 75 0.5 84 0 85 0 
6925 17 0 20 0.9 29 0 49 0.5 51 0 82 0.5 89 0.6 91 0.8 92 1 
7020 8 0 13 0.7 23 0.3 47 0.7 53 0.7 58 0.7 64 0.9 
7306 24 0.8 31 0.3 37 0.7 54 0.5 66 0 68 0.8 81 0.6 87 0 
7471 25 0.9 26 0.7 30 0.5 38 0 53 0.3 80 0.4 89 0.6 
7551 5 0 29 1 56 0.4 86 0 
7742 11 0.6 34 0 
7938 16 0 54 0 98 0.5 
7965 10 0 25 0.8 29 0.7 34 0 36 0 46 0 71 0 81 1 96 0.6 
8109 10 0 14 0.5 40 0 47 1 55 0.7 68 1 
8170 14 0.9 22 0.9 57 0 61 0.7 
8239 13 0.6 30 0.8 42 0.9 51 0 62 0.7 69 0.9 72 1 81 0.5 
8267 86 0.5 
8298 16 0.9 49 0.8 50 0.4 94 0 
8325 39 0.8 51 0 64 0 80 0 
8384 9 0 49 0 81 0 84 0 95 0.8 
8641 38 0.4 51 0.4 77 0.3 86 0.6 
8931 20 0.8 35 0 77 0 
9135 26 1 59 0.6 
9233 4 0 33 0.9 67 0.4 86 0.4 
9508 27 0.8 49 0.5 96 0.9 99 0.5 
9724 0 0.7 2 0.8 17 0 27 0 38 0.8 63 0 80 0.4 86 0.9 97 1 
9913 22 0.9 24 0.4 39 0 61 0.5 92 0.4 98 0.7 
9988 15 0.5 17 0.3 22 0.9 42 0.5 77 0.9 
