100
3 6 0.6 19 0.7 63 0.8 67 1 81 1 96 0.4 
112 12 0.6 22 0 30 0.4 32 0.4 40 0.4 53 0 62 0.3 81 0.5 86 0.8 98 0.8 
120 3 0 5 0 35 0.8 37 0.9 
292 23 0.7 35 0.3 49 0.8 60 0.7 70 0.6 80 0 96 0.8 99 1 
361 11 0.6 17 0.4 22 0.7 28 0.8 60 1 87 0.3 90 0.8 95 0.8 
377 7 0.5 9 0 85 1 
771 7 0.7 17 0.6 50 0.9 68 0.9 70 1 71 0.7 72 0 
792 99 0.7 
868 27 0.3 
974 1 0.9 29 0 44 0.3 45 0.4 60 0.5 75 0.5 80 0.9 
1259 18 1 47 0.4 48 0.6 51 1 66 0.7 70 0.4 90 1 
1286 38 0.9 52 0.9 75 0.6 83 0.6 87 1 98 0.5 
1415 26 0 55 0.9 96 0.8 
1417 47 0 
1526 80 0.3 90 1 97 0 
1613 31 0 
1731 14 0.4 57 0.4 88 0.6 
1745 42 0 54 0.9 59 0.4 68 0.5 70 0.5 76 0.6 84 0.8 90 0 
1794 1 0.4 19 0 22 0.3 58 0.4 
1849 1 0 7 0 21 0.6 34 0.7 35 0 57 0 71 0.6 72 0.6 74 0.7 82 0.4 
1928 8 0.9 25 1 36 0.8 54 0.4 55 1 70 0.4 96 0.9 
1959 9 0.7 11 0.8 57 0 81 0.5 
1967 65 0.9 
1990 1 0 9 0 16 0.9 23 0 38 0.9 41 0 48 0 82 0 84 0.5 92 0 
1992 25 0.4 37 0.5 
2016 7 1 36 0.8 37 0.3 65 0 84 0.8 86 0.7 94 0 96 0.7 97 0.6 
2018 35 0.7 43 0.4 
2038 34 0 
2064 55 0.3 75 0.4 90 0.4 93 0.7 94 0.6 
2074 3 0.4 8 0 21 0.6 28 1 29 0 36 0.9 59 0.9 74 0 83 0 
2112 23 0.9 37 1 44 0 63 0.7 94 1 95 0.3 97 0.5 
2117 49 0 53 0 
2140 2 0 23 0.7 26 0 33 0 34 0 55 0 61 0.7 90 0.3 99 0.7 
2266 15 0 
2317 13 0.5 
2384 49 0.7 52 0.6 80 0.4 
2415 4 0.7 6 0.3 14 0.8 19 0.4 20 0.6 79 0 80 0 98 1 
2458 22 0.8 40 0.3 
2496 26 0 38 0.8 69 0.4 94 0.4 
2524 14 0 21 0.7 24 0.7 30 0 33 0.9 34 1 49 0 60 0 97 0.7 
2545 22 0.8 39 0.7 57 0 64 0.6 89 0.7 
2767 6 0.6 10 0 17 0 37 0 41 0 44 0.8 52 0 56 0.4 70 0 76 0 
3029 35 0.4 52 0 66 1 97 1 
3144 1 0.4 28 0.8 32 0.5 39 0.5 41 0 58 0 82 0.9 84 0.5 86 0.5 97 0.8 
3663 7 0.9 38 0.7 47 0 59 0 
3742 48 0 61 0 
3775 12 0 21 0.8 32 0.8 65 0.3 87 0.3 89 0.7 90 0.4 96 0.7 
3802 21 0 40 0 55 0.8 60 0.3 67 0.8 70 1 78 0.5 85 0.8 92 0.5 
3956 7 0 27 0.6 36 0.6 38 0.4 39 0.7 55 0 65 0 78 0.5 94 0 
3996 35 0 39 0.4 43 0.4 78 0.8 85 0.5 
4134 4 0 18 0.9 40 0.6 43 0.8 54 1 59 0 81 0.3 83 0 87 0.6 90 0 
4353 32 0.8 58 0.6 75 0 78 1 89 0 
4378 20 0 37 0 68 1 94 0.5 
4394 4 0 36 0.3 84 1 85 0.8 92 1 94 0.4 
4532 22 0 29 0.9 34 0.6 35 0.5 36 0.5 44 0.9 
4607 21 1 61 0.8 83 0.4 84 0.7 91 0.4 
4773 2 0.6 33 1 39 0.9 71 0 76 0.8 
5028 1 0.7 6 0 18 0.6 20 0 32 0.3 45 0.6 73 0.9 82 0 91 0 
5148 6 0.5 18 0 37 0 85 1 
5337 2 0.3 11 0 22 0.5 35 0.7 46 0 59 0.8 75 0.4 95 0.8 
5364 87 0 
5745 6 0.5 10 0 11 0.6 14 0.9 19 1 39 0.4 51 0.8 68 0.5 69 0.8 80 0.7 
6029 20 1 81 0.6 96 0.3 
6256 7 0 14 0.7 18 0 53 1 55 0.6 61 0.6 71 0.4 72 0.4 80 0.8 89 0.8 
6271 15 0 41 0.9 43 0 54 0.8 55 0.3 58 0 74 0.5 75 0 92 0.5 93 0 
6319 4 1 25 0 30 0.4 38 0 53 0.3 58 0.3 
6353 10 0.6 26 1 69 0.5 85 0.5 
6547 5 0.4 20 0.3 49 0 51 0.9 61 1 96 0.6 99 0.7 
6610 78 0.9 
6698 2 0.8 16 0.3 20 0.4 36 0.9 38 0 61 0 64 0.7 80 0.3 81 0 98 0.9 
6814 0 0 6 1 20 1 26 0.5 29 1 34 1 57 0.3 87 0.6 98 0 
6821 3 0.6 25 0 26 0 45 0.5 49 0.4 58 0.7 68 0 89 1 
6870 4 0.5 10 0.6 20 0 30 0.6 37 0.8 40 0.7 59 0.3 78 0.5 
6877 9 0.7 19 1 21 0.3 32 0.9 65 0.5 71 0.8 95 1 
7057 83 0.3 84 0.6 
7097 51 0.8 69 0 87 0 99 1 
7131 37 0 
7415 65 0.8 
7422 5 0 13 0.6 35 0 44 1 46 0 47 0.4 55 0.9 73 0.9 75 0 
7654 94 0.6 
7793 5 0.9 23 0.4 27 0 37 0 38 0 43 0.6 87 0.6 
7799 3 0.8 39 1 46 1 54 0 67 0.7 70 0 94 0.5 98 0.7 
7841 16 0.9 27 0.8 29 0.6 32 0.8 46 0.4 61 0.8 75 0.3 83 1 
7954 63 0.4 
8061 18 0.8 47 0.4 64 0.3 96 1 
8176 8 0.7 20 0.6 24 0.7 60 0 74 0.4 78 0.4 89 0.3 92 0.6 95 0.4 
8320 19 0 91 0.9 
8321 0 0.8 21 0.9 31 0.9 33 0.8 45 0.4 53 0.9 
8460 6 1 19 0 20 0.8 51 0 64 0 72 0 73 0.5 74 1 86 0.3 90 0.4 
8540 27 0.5 44 0.6 86 0.8 
8599 7 0.3 21 1 26 0.8 33 0.5 48 1 78 0.6 79 0.4 
8779 10 0.8 14 1 24 0.4 25 0 35 0.8 37 0.7 55 0.7 84 1 87 0.4 
9303 2 0 7 0 10 0.8 15 0.4 17 0 25 0.7 26 0.4 39 0.8 54 0 85 0.4 
9418 11 0.9 
9475 70 0.8 
9578 6 0.3 12 1 13 0.5 46 0.9 58 0.4 66 0 80 0.4 95 0 
9582 9 0.3 24 0.9 27 0 38 0 50 0 59 0.7 87 0.9 92 0.3 
9668 2 0.4 5 0 29 0 35 0 64 0 65 0.3 74 0 89 0.8 91 0.8 
9808 67 0.8 83 0.4 
9884 2 0.7 13 0 22 0.5 33 1 52 0.7 80 0.4 88 0.3 
