100
58 45 0.4 
123 20 0.8 
135 52 0.6 57 0.6 66 0.4 88 0.3 93 0.4 
167 12 0 82 0 
171 6 0 22 0.6 33 1 37 0.3 62 0 75 0 96 0 
224 25 0.9 28 0.8 46 0 61 0 67 0 70 0.3 75 0 85 0.7 89 0.4 
293 1 0 16 0.4 41 0.5 47 1 59 0.4 81 0.4 91 0.6 93 0 95 0.6 
301 5 1 
363 22 0.3 
495 1 0 25 0.7 50 0.5 52 0.4 77 0.5 
553 0 0.3 9 0.3 59 0 60 0.8 61 0 67 0 77 0.6 
630 11 0.3 21 1 29 1 40 0.3 52 0.3 82 0.5 86 0.8 95 0.6 
697 37 0 57 0.5 
745 2 0.9 15 0.5 17 0.7 64 1 67 0.7 70 0.9 72 0 97 0.6 99 0.3 
752 6 0.5 11 0.7 33 0 34 0 37 0.8 52 0.9 61 0 67 0.9 74 0.6 82 0.7 
761 39 0.4 72 0.7 84 0.7 85 0.6 86 0.3 90 0.6 98 0.7 
983 6 0.9 13 0.9 18 0 31 0.7 55 0.5 
1150 35 0.4 78 0 
1170 0 0.4 19 1 45 0.5 60 0 79 0.9 80 0.5 84 0.5 89 0.8 97 0.3 
1237 0 0.7 2 0.6 15 0.4 18 0.9 24 0.5 44 0.8 48 0.5 93 0.9 
1276 22 0.5 53 0.9 56 0.8 93 0.4 
1581 0 0 4 0.6 13 0.8 41 0.9 56 0 60 0.8 90 0.6 
1589 6 0.8 11 0 20 0 35 0.3 39 0.5 88 0 89 0 99 0.8 
1660 8 1 11 0.5 23 0.5 25 0.6 40 0.7 50 0.8 57 0.6 58 1 60 0.6 84 0 
1738 33 0.7 44 0 45 0 74 0.7 93 1 
1745 42 0 54 0 59 0 68 0.5 70 0 76 0.5 84 0.7 90 0 
1831 50 0.8 
1924 4 0 7 1 22 0 27 0.6 30 0.5 31 1 61 0 63 0 66 0.4 73 0.3 
1927 1 0 19 0 32 0.7 33 0 75 0.8 
2049 25 0.8 34 0.7 
2184 11 0.7 28 0.9 80 0 
2270 93 0 
2315 7 0 11 0.3 17 0 34 0.4 59 0 89 0.6 93 0.5 94 0 96 0.5 
2317 13 0.7 
2446 72 0 
2659 27 0.7 37 0.6 43 0.7 47 0.9 77 0.9 84 0.7 85 0.3 88 1 
2753 13 0.9 20 0.8 35 0.3 47 0 52 0.8 56 0 59 0 61 0 78 0 84 0 
2779 6 0.8 17 0 30 0.5 63 0 89 0.3 95 0.5 
2859 5 0.3 10 0.8 44 0.8 50 0.4 85 0.8 
3041 23 0.9 29 0 69 0 75 1 
3169 25 0 34 0.5 47 0 56 0 
3353 16 0.5 21 0.5 45 0 50 0.6 55 0.7 61 0 96 0.3 
3369 23 0 38 1 39 0.8 45 0.5 
3482 21 0 25 0.5 30 0.4 34 0.3 54 1 81 0.7 84 0 98 0.6 
3569 41 0.5 94 0.3 
3760 23 0.4 64 0.5 95 0 
3894 11 0.8 16 0 18 0 37 0 44 0.4 73 0.5 84 0.7 92 0.5 93 0.5 97 0 
3930 11 0.6 15 0.5 17 0 24 0.3 31 0.3 67 0.3 89 0.4 
3944 41 0.6 50 0.9 51 1 82 0.7 94 0 
4051 17 0.7 26 0.3 
4133 4 0 20 0.6 40 1 51 0.8 60 0.4 78 0.5 94 0.4 
4378 20 0 37 0 68 1 94 0 
4578 19 0 29 0.8 50 0.4 66 0 84 0.5 
4688 77 1 81 0.8 
4752 27 0.5 46 0 74 0.3 
5140 27 0.7 42 0.5 45 0.7 52 0.6 
5276 1 0.7 6 0.3 18 0.5 25 0 27 0.5 57 0 82 0.5 
5604 10 0.8 20 0.7 33 0.7 43 0.5 64 0 71 0.9 91 0.5 94 0 
5622 25 0.3 31 0.7 57 0.7 
5911 25 0.9 38 1 39 0.7 48 0.5 80 0 82 0.6 
6056 6 0.7 37 0.9 40 0.5 47 0.8 61 0 97 0.8 99 0 
6184 1 0 54 0 99 0.4 
6330 49 0.5 
6343 0 1 53 0.4 64 0.7 70 0.6 76 1 81 0 
6407 8 0.5 13 0.6 26 0.4 28 0 36 0.6 40 0 46 0.6 69 0.5 
6529 16 0.8 63 0.4 66 0 72 0.8 85 0.7 
6734 2 0.7 8 1 50 1 53 1 54 0.3 92 0 
6780 4 1 11 0 12 0 31 0 59 0 71 0.7 72 0 81 0 98 0 99 0 
7031 17 0.7 60 0 64 0.8 
7055 30 0.6 60 0.3 80 0.7 93 0.8 95 0 
7086 7 0.3 20 0 26 0 33 0.4 45 0 61 0.6 
7281 4 0.9 32 0.6 40 0 82 0.3 94 0.8 
7356 8 0.9 10 0.9 34 0.6 35 0.5 46 0.5 66 0.4 79 0.3 93 0 
7359 24 0.7 47 0 57 0 62 0.4 69 0.3 79 0.9 83 0.5 86 0.5 
7539 10 0.3 20 0.9 52 0.4 78 1 99 0.3 
7653 36 0 46 0.3 
7792 10 0.7 23 0 38 0.5 46 0.8 49 0 64 0 65 0.7 76 0.7 77 0.7 
7882 1 0.6 4 1 42 0 48 0 62 1 68 0 95 0 
7895 4 0 14 0 16 0.9 32 0.7 47 0 64 0 65 0.7 67 1 70 0.8 89 0.9 
7926 23 1 31 0.3 38 0 39 0.9 53 0 74 0.7 
7980 52 0.3 53 0 66 1 67 0.3 
8224 9 0 21 0.8 31 1 46 0.8 51 0.5 96 0 
8236 14 0 30 0 46 0.5 48 0.4 81 0 
8574 34 0 56 0.4 
8579 42 0 72 0.4 94 0.4 
9069 12 0.5 31 0 64 0 
9073 2 0.9 15 0.7 43 0.6 45 0.7 62 0.7 66 0.3 68 0 76 0.8 93 0.4 99 0.6 
9111 43 0.6 73 0.6 
9145 33 0 38 1 86 0.6 
9188 14 0 22 1 32 0.6 49 0.5 60 0.3 61 0.3 65 0.7 98 0.7 
9281 0 0.9 1 1 13 0.4 36 0.6 40 0 50 0 53 0.5 64 0.3 89 0 
9355 8 0.5 15 0 19 0.6 32 0 67 0.4 68 0.5 72 0 74 0.6 79 0 91 0.9 
9365 14 0.6 16 0.5 20 0.4 30 1 42 0.3 72 1 77 0.3 89 0.5 
9420 1 0.6 16 0 32 0.4 51 0.9 66 0.8 88 0 
9486 41 0.7 45 0 90 0.7 92 0.7 93 0.7 
9511 2 0.8 20 0 89 0 97 0 
9547 64 0 86 0.3 
9594 10 0.4 41 0 68 1 87 0.8 90 0.5 
9599 2 0.5 3 0 50 0.7 54 0 85 0.6 
9789 13 0.9 48 0.6 96 1 97 0.8 
