100
24 86 0 88 1 
43 6 1 20 0.6 26 0.9 35 0.4 41 0 53 0 77 0.7 84 0.6 86 1 
203 8 0.8 18 0 25 0.7 
206 3 0 46 0 75 0.8 86 0.9 93 1 
278 40 0 68 0.6 
349 14 1 37 0 45 0.5 47 0.9 51 0.6 66 0.6 69 0.9 72 0.8 81 0.8 99 0.7 
417 19 0 23 0.6 33 0.5 35 0.3 41 0 42 0.7 60 0 62 0.3 73 0.3 77 0.8 
465 20 0.4 37 1 39 0.3 49 0.9 50 0.6 74 0 
482 62 0.3 
531 7 0.6 21 0.7 43 0.4 67 1 72 0 73 0.7 92 0 93 0 
621 37 0 44 0.8 47 0 56 0.6 75 0 93 0 
647 21 1 33 0.3 75 0.3 91 0 
747 8 0.9 30 0.6 48 0.5 65 0.6 83 1 84 0.5 87 0.6 
1121 0 0 21 0 70 1 74 0.4 
1151 53 0.4 
1401 8 0.8 
1402 1 0.5 14 0.4 28 0 33 0.5 37 0.7 42 0 55 0.8 57 0.7 80 0 94 0 
1428 31 0 39 0 54 0 57 0.4 74 0 75 0.6 77 0 81 0.6 
1462 80 0.6 89 0 
1633 6 0 12 0.7 22 1 30 0.4 68 0 74 0 76 0 83 0 
1867 8 0 10 0.8 27 1 50 0.8 
1878 21 0 29 0.4 60 0 72 0 75 0.3 79 1 87 0 96 0 97 0.4 
1882 12 0.7 38 0.7 64 0 93 0 
1910 2 0 7 0.3 28 0.7 56 0.4 62 0.3 76 0.6 86 0 92 0.9 
1912 7 0.3 14 0.5 38 0 39 0.4 67 0.7 70 0.8 71 0.6 72 0.5 88 0 98 0.9 
1941 31 0.4 54 0.9 65 0.6 
1978 17 0.9 21 0.6 33 0 38 0.9 40 0 46 0.9 59 0.9 62 0.3 88 0 91 0.4 
2254 15 0.5 39 0.4 95 0.8 
2288 1 0.5 8 0.3 54 0.7 74 0 
2498 3 0.4 24 0 44 0.6 
2612 55 0 
2617 3 0.9 5 0.8 7 0 22 0.7 23 1 46 0.4 54 0 66 1 76 0.7 79 0.6 
2654 6 0.7 8 0.5 17 0.9 36 0 59 1 65 0.4 76 0.8 85 0.6 88 0 93 0 
2852 11 0 33 0 85 0.4 91 0.7 
2952 32 0 50 0.9 51 0 55 0.9 67 0.3 68 1 94 1 
2967 47 0.8 
2988 84 0.9 
3178 64 1 84 0.6 
3215 8 0.7 17 0 27 0.9 52 0 65 0.8 71 0 75 0.6 90 0.6 97 0.9 
3241 50 0.4 
3270 4 1 5 0 8 0.3 37 0.3 93 0 95 0.9 
3547 25 0.5 40 0 69 0.8 87 0 
3559 6 0 8 0 14 0.6 28 0.5 31 0.7 64 0.7 77 1 
3737 2 0.5 27 0.6 31 0.3 
4065 61 0 71 0.3 
4074 13 0.8 30 0.8 33 0.4 39 0 
4121 19 0 34 1 38 0 45 0.5 66 1 67 0.4 80 0.4 87 0.5 
4515 9 0.7 32 0.4 77 0 78 0 
4558 13 0 16 0 24 0.7 39 0 47 0.4 61 0.7 71 0 97 0 98 0.9 
4848 79 0.8 
4886 4 0.5 40 0.3 94 0.6 
4887 54 0.8 60 0 64 0.3 75 0.8 88 0.9 
4914 8 0.7 78 0 88 0.3 
4915 61 0.8 
5231 22 0.4 38 1 39 0.5 47 0.6 48 0.4 91 0.8 96 0.6 
5392 44 0 65 0.6 70 0.3 98 0.3 
5414 13 0.6 
5422 14 0.9 61 0.6 
5568 20 0.3 51 0.4 71 0.9 84 0 87 0.5 96 0.8 
5591 18 0.3 30 0 39 0.6 46 0 53 0.4 74 0.5 83 0.8 94 0.8 
5601 1 0.6 33 0 38 1 47 0 52 0.6 76 0 77 0.9 88 0 
5706 7 0.8 27 0 30 0.9 31 0.9 43 0 50 1 55 0 58 0.6 59 0 92 0.5 
5974 34 0 36 0 59 0.3 91 0.8 
5975 4 1 17 0 28 0 61 1 84 0.6 
6006 54 0.7 
6258 2 1 55 0.4 63 0.5 74 0 75 0 78 0.3 90 0.8 91 0.6 96 0.8 
6354 12 0 14 0.4 15 0 27 0.4 52 0 60 0.4 65 0.3 70 0.4 84 0.8 
6509 15 0.7 31 0.9 47 0.9 53 0.3 66 0.6 83 0.3 98 1 
6623 35 0 
6642 2 0 6 0 11 0.4 12 0.9 14 0.5 19 0 43 1 63 0.8 97 0.9 
6898 27 0.6 35 0 41 0.7 47 0 50 0.9 62 0.6 99 0.9 
6986 0 0.4 1 0.8 29 0.7 45 1 48 1 61 0.3 92 0.8 99 1 
7122 69 0 
7157 45 0.6 95 0.3 
7322 3 0 4 1 9 0.8 16 0.6 20 0.9 30 0 40 0.9 70 0.4 86 0.8 92 1 
7428 19 0 56 0.6 92 1 
7464 33 0.6 
7483 4 0 15 0.4 32 0 51 0.5 56 0 63 0 81 1 95 0.3 
7511 28 0.5 41 0 51 0.7 84 0.6 
7529 11 0 29 0 
7590 50 0.4 56 0.5 65 0.7 66 0.4 67 0.4 72 0 
7680 12 0.7 36 0.8 54 0.7 67 0.9 72 0 76 0.7 77 0.3 82 1 91 0.9 99 0.9 
7686 31 0 
8041 0 0.7 43 0.3 59 0 81 0.4 84 0.4 
8103 97 0 
8161 2 0.4 9 1 16 0 19 0.9 70 0 76 0 77 0 85 0 
8166 20 0 37 0.6 48 0.6 54 0.6 57 0.8 71 0.4 78 0.8 86 0.7 99 0.6 
8172 38 0 81 0.6 92 0.4 
8729 5 0 
8778 20 0 22 0.3 25 0.6 31 0 34 0 54 0.5 59 0.7 72 0.4 
8812 8 0 38 0 44 0.9 93 0.8 
8992 19 0.4 25 0.4 30 0 38 0 66 0.5 73 0 77 0 83 0 92 0 94 0.8 
9007 7 0.3 24 0.8 32 0 47 0 49 0 84 0.4 88 0.4 
9206 3 0 30 0.9 
9377 1 0.5 4 0.6 5 0.7 48 0.9 51 0.6 56 0.6 61 0 91 0.9 
9391 28 0 44 0 
9409 8 1 61 0.4 71 0 77 0.4 82 0 87 0 
9767 26 0.8 48 0.7 53 0 55 1 61 0.6 66 0.5 94 0.7 
9897 71 0.6 88 0.3 91 0 99 0.8 
9929 10 0 24 0.3 39 0.9 45 0.6 47 0 48 0.3 91 1 93 0.8 98 0 
