100
13 50 0 
72 2 0.4 8 0 23 0 33 0.5 38 0.4 86 0.5 94 1 
295 12 0 41 0.6 48 0.7 
310 63 0 96 0.7 
552 22 0.7 28 0.7 55 1 
557 50 0.7 86 0 
571 16 0.8 32 0.3 33 0.3 69 0.3 
655 0 0.7 2 0.9 4 1 28 1 40 0.3 44 0.3 81 0.9 89 0.6 
719 21 1 53 0 91 0.6 
943 11 0.6 16 0 24 0 49 0.4 51 0.9 88 0.3 
970 5 0 9 0.4 63 0.5 93 0.3 
1038 13 1 38 0 74 0 83 0.4 
1146 18 0.8 43 0.3 55 0 81 0.8 
1217 12 0 24 0.5 63 0.5 
1388 6 0 9 0.5 15 0.4 33 1 81 0.6 82 0.8 83 0 90 0.5 
1399 11 0.3 28 0 39 0 49 1 50 0.6 65 0.5 67 0 
1455 33 0.3 39 0 50 0 53 0.5 78 0.7 97 0 
1513 4 0 35 1 43 0.3 46 0.5 76 1 88 0 
1549 44 0.9 75 0 81 0.9 91 0 
1866 5 0.6 16 0 42 0.6 68 0 
1954 23 0.3 50 0.8 72 0 74 0.3 
1979 2 0.6 40 0.6 52 0.3 57 0.8 62 0.7 86 0 88 0 99 0 
2032 17 0 61 0 94 0 
2097 11 0.9 
2139 16 1 33 0.7 34 0.4 62 0 70 0.3 84 0.6 89 0 
2155 8 0.6 20 0.5 41 0.6 48 0.6 54 0 56 0.5 71 0.7 73 0.3 
2194 24 1 67 0.3 77 0.8 97 0.8 
2386 9 0.4 13 0.9 14 0.3 17 0 28 1 39 0.8 54 0 63 0.6 
2401 2 0.9 41 0.8 57 1 81 0 83 0.8 
2404 4 0.8 43 0.6 98 0 
2441 26 0.4 66 0 
2462 6 0.7 7 1 17 0.7 19 0.4 46 0 57 0.6 65 1 69 0.7 78 0.9 86 0.7 
2613 7 0.8 85 0 
2639 14 0.4 49 0 83 0.7 
2647 14 0.7 23 0.9 59 0.9 68 0.9 
2679 38 0.5 39 0.6 70 0.6 93 0.7 
2724 1 0.9 14 0.4 23 0.4 39 0.5 62 0.4 75 1 94 0.8 
2860 7 1 46 0.9 50 1 94 0.8 
2875 8 0.7 19 0.7 22 0.5 25 0.8 46 0.5 63 0.4 64 0 
2950 2 0.6 7 0.4 11 0.5 19 0 49 1 57 0 68 0.3 73 0 83 0.7 85 0.5 
2959 11 0 48 0.3 58 0.4 62 0.9 83 0 84 0.5 
2977 22 0 40 0.5 61 0.6 76 0.4 92 0.6 
3136 7 0.5 8 0.8 17 0.7 19 0 52 0.6 57 0.7 60 0.7 72 0.9 77 1 79 0.3 
3349 56 0 89 0.9 
3447 58 0.5 
3518 4 0.6 26 0 80 0.9 
3601 18 0 19 0.6 23 0 31 0.5 73 1 
3671 5 0 11 0.9 18 0.3 47 0.7 57 0 66 0.3 86 0 96 0.8 
3730 90 0.4 
3810 27 0.8 40 0.6 54 0.7 97 1 
3969 10 0.7 22 0.8 27 0.5 64 0.9 76 0.9 79 0.6 80 0.4 87 0.7 93 0.4 97 0 
4094 5 0.8 8 0.3 12 0.5 19 0 25 0 36 0.8 62 0 92 0 
4136 24 0.5 36 0 48 0.4 
4368 72 0.3 78 0.8 
4403 20 0 68 0.3 72 0.3 75 0.5 77 0 90 0 
4587 9 0.7 19 0.7 20 0 34 0.7 52 0 
4967 5 0.6 17 0.9 31 0.3 35 0.4 39 0.9 42 0.5 51 0.3 
5015 2 0.7 22 1 49 0 62 0.7 75 0.5 79 1 80 0.8 87 0.5 
5126 12 0.4 38 0 40 0.3 44 0.9 65 0.3 78 1 90 0.8 93 0 97 0.3 
5280 31 0 36 0.8 69 0.8 
5296 7 0.5 17 1 29 0.3 96 0.8 98 0.6 
5470 6 0.9 14 0.3 17 0.6 22 0.7 32 0 40 0 51 0.8 61 0.9 79 0.7 
5478 10 0.9 20 0 43 0.7 57 0 69 0 77 0 93 0.4 
5729 28 0.6 49 0.9 
5740 13 1 15 0 16 0.8 36 0 41 0.5 57 0.3 60 0.5 79 0 80 0 87 0.9 
5780 11 0.4 14 0.5 39 0 48 0 70 0.3 85 1 86 0.4 97 0.5 
5789 4 0.7 28 0 31 0.5 32 0.9 62 0.6 68 0.5 91 0.8 93 0 95 0.5 
6092 4 0.9 
6096 47 0.3 81 0.9 85 0 89 0.4 
6139 11 0 12 0.3 22 0.3 23 0.5 43 0.7 60 0.9 
6170 4 0.9 13 1 27 0.6 29 1 30 0.4 35 0 43 0.5 59 1 61 0.9 
6271 15 0.5 41 0.9 43 1 54 0.9 55 0.5 58 0 74 0.6 75 0.3 92 0 93 0.5 
6324 36 0 42 0 72 0.9 81 1 94 0.7 
6373 45 0.7 55 0.7 86 0.3 91 0.3 
6510 9 0.9 38 0 54 0.8 68 0 70 0.3 
6567 12 0.4 37 0.6 39 0.3 42 0 98 0 
6694 46 0.4 49 0.9 70 0.6 78 0 
6836 13 0 16 1 24 0 39 1 59 0 63 1 64 0 66 0.6 73 1 89 0 
7230 43 0 73 0.3 90 0.7 
7265 62 0 91 0 94 0.8 
7341 0 0.4 4 0.5 15 0 20 1 39 0.4 45 0.9 56 0.8 70 0.8 88 0.9 97 0.9 
7478 2 0.6 
7579 31 0 
7589 16 0.9 34 0.6 38 0 45 0.6 68 0.6 98 0 
7909 23 0.6 33 0 36 0 62 0.5 72 1 
8208 10 0 11 0 12 0.8 55 0 59 0.3 60 0.6 65 0.9 80 0.5 95 0.9 
8467 2 0 13 0.9 38 1 40 0.9 46 0.3 51 0 61 0 68 0.9 79 1 87 0.7 
8650 8 1 12 0.4 17 1 45 0.7 77 0.7 82 0 84 0.9 85 0 87 1 
8728 7 0.9 99 0.5 
8864 3 0.9 8 0 13 0 
8910 42 0.3 56 0.3 75 1 99 0 
9114 1 1 85 0.9 
9147 1 0.5 14 0.9 43 0.3 53 0.6 55 0.9 57 0 72 0.4 75 0.4 
9189 2 0.9 12 0.5 16 0.3 37 0.5 49 0.4 57 0.6 
9298 37 0 59 0.4 75 0.9 89 0 
9393 27 0 78 0 81 0.4 98 1 
9410 16 0.5 17 0 26 1 43 0.8 75 0.9 95 0.5 96 0.5 
9747 1 0.9 23 0 99 0.3 
9825 0 1 3 0 22 0.4 67 0 75 0 82 0.5 86 0.8 
9999 43 0 53 0.5 58 0.7 79 0.8 93 0 
