100
134 11 0.4 18 0 57 0 66 0.7 70 0.8 96 0 
241 8 0.6 13 0 37 0 71 0.4 90 0.5 
288 34 0.4 35 0.9 38 0 58 0.7 67 0.9 71 0 
366 8 0.8 26 0.9 31 1 65 0 71 0.9 76 0 99 0 
441 40 0.5 52 0 69 0.5 83 0 88 0.7 95 0.9 
444 23 0.7 31 0 43 0.5 73 0.3 97 0.4 
484 35 0.6 49 0 52 0.8 81 0.4 95 0 
778 4 0.7 28 0 34 0.5 37 0 47 1 58 0.5 60 1 75 0.6 88 0.5 
840 44 0.3 49 0 
956 39 0 58 1 79 0.7 96 0 
962 17 0 20 0.7 50 0 53 0.9 93 0.4 
983 6 0.9 13 0.5 18 1 31 0.4 55 0.3 
1058 6 0 19 0.6 27 0.5 31 1 44 0 58 0 75 0.7 81 0 
1277 1 0 38 0 82 0.4 
1436 3 0 
1490 2 0.9 24 0.8 45 0.5 49 0.4 52 0 56 0 74 0.7 88 0.7 94 0.7 
1526 80 0 90 1 97 0.6 
1561 32 0.5 82 0.3 96 0 97 1 
1690 1 0.6 11 0 
1749 27 0.5 41 0.3 
1789 5 0 19 0.6 53 0.7 54 0.3 67 0.3 68 0.5 84 0 88 0 89 0 90 0.6 
1829 2 0.7 20 0.6 26 0 44 0.4 49 0.6 74 0 86 0.9 87 0 88 0 99 0 
1969 4 0.5 73 0 82 0.6 
2104 9 0.6 13 0.9 14 0.7 40 0 63 0.4 68 0 85 0.3 93 0.5 
2109 51 0 86 0.7 88 0.6 
2166 0 0.5 23 0.5 42 0.3 45 0.4 90 0.6 92 0.3 
2349 27 0.3 57 0.6 61 0.7 78 0 91 0.9 93 0.9 
2380 0 0.3 9 0 21 0 34 0.9 53 0.9 68 1 85 0.7 89 0.9 90 0.6 
2382 10 0.9 32 0.9 35 0 46 0.8 49 1 56 0.8 73 0.4 82 0.7 99 0.4 
2407 4 0.5 29 0.6 55 0.8 
2448 32 0.9 77 0 90 0.3 92 1 
2488 50 0 55 0.5 87 0.5 
2493 3 0.5 4 0.7 8 0.3 11 0 17 0.6 38 0.5 39 0 47 0 79 0 84 0 
2505 29 0.9 43 0 63 0.4 70 0.9 
2510 12 0.7 32 0 55 1 60 0 65 0.9 79 1 85 1 87 0.6 99 1 
2599 0 0.5 26 0.9 46 0.4 53 0 73 0 79 0.9 80 0 90 0 
2649 0 0.6 5 0.5 37 0.3 49 0.5 57 0 69 0.7 
2753 13 0.7 20 0.4 35 0.4 47 0 52 0.9 56 0.8 59 0 61 0 78 0.7 84 1 
2806 41 0.9 42 0.6 51 0.4 69 0.3 82 0.3 
2858 17 0 88 0 
2940 6 0 15 0.8 35 0 65 0.3 74 0.6 79 0 80 0.5 89 0.8 92 0 
2983 10 0.7 14 0.6 42 0.7 46 0.8 51 0.5 57 0.8 62 0.7 65 0 96 0.9 
3023 33 0.8 46 0.3 81 0.4 82 0.8 88 0.9 91 0.7 97 0 
3216 62 0.5 67 0 69 0.4 70 0.7 89 0.4 91 0 97 0.6 
3312 83 0.3 99 0.5 
3515 6 0.7 21 0.8 59 0.9 68 0.5 
3554 6 0.9 30 0.8 70 0.4 71 0.6 
3582 21 0.5 67 0.3 
3610 94 0.3 
3838 4 0.9 29 0 31 1 67 0.7 72 0 85 0.9 
4018 37 0.7 63 0.5 71 0.4 79 0.7 
4027 12 0.9 21 1 23 0.8 30 0.5 67 0.5 83 0 96 0 99 0 
4149 24 0 29 0 30 0.9 41 0.4 58 0.8 65 0.4 71 0.7 94 0.7 
4200 6 0 42 0.9 
4390 17 0.6 27 1 35 0.7 47 0.4 51 1 64 0.6 89 0.4 95 1 
4524 6 0.7 45 1 53 0.7 78 0 84 1 
4551 2 0.3 6 0.7 13 0 16 0 36 0.6 41 0 56 0.9 63 0.7 72 0.6 
5067 10 0.7 43 0 79 0 85 0 95 0.6 98 0.8 
5317 14 0.7 20 0.7 30 0.6 35 0.6 58 0.7 84 0.6 86 0 89 0.7 
5458 10 0 28 0.9 53 0.6 57 0.7 82 0.9 99 0.7 
5549 2 1 8 0.4 55 0.7 
5677 75 0.3 
5696 56 1 61 0.6 65 0.9 82 0.9 
5968 3 0.6 
6592 8 0.7 13 0.6 25 1 32 0 46 0.9 63 1 
6608 23 0.6 29 1 38 0.6 64 0 68 0.6 74 0.3 
6631 3 0.7 37 0.7 45 0.6 83 0.3 97 0.7 98 0 
6714 28 0.7 37 0 62 0.9 69 0.7 73 0.3 82 0.8 
6808 7 0.7 15 0.8 37 0 52 0 73 0 75 0.7 77 0 80 0.5 
6867 43 0.3 83 0.5 
6884 6 1 28 0 31 0 32 0.3 40 0 62 0 73 0.9 98 0.9 
6962 4 0.7 18 1 24 0.4 41 0 76 0.3 
7010 15 0.3 22 0.9 25 0 63 0.5 65 0.4 94 0.4 
7143 12 0.8 19 0 41 0.9 
7159 1 0 6 1 11 0.3 16 1 18 0 22 0.3 80 0.8 82 0 90 0 99 0 
7404 30 0.7 45 0.8 57 0.5 85 0 94 0.3 
7411 21 0.8 28 0.3 
7495 16 0.6 50 0 58 0.3 
7792 10 0 23 0.3 38 0.8 46 0.4 49 0.3 64 0 65 0.7 76 0.3 77 0.6 
8205 26 0.8 36 0.8 69 0.6 
8270 36 0 37 0.9 45 0.7 54 0.6 64 0.4 69 1 94 0.9 97 0.8 
8292 6 0 36 0.8 64 0.9 66 0.6 71 0 
8309 7 0.8 19 0 43 0 48 0.8 49 0.4 65 0 75 0 83 0.3 95 0.3 
8337 39 1 67 0 83 0.8 92 1 
8502 47 0 54 0 56 0.3 62 0.4 69 0.6 76 0.3 87 0.5 91 0.7 
8558 40 0.5 51 0 56 0.3 68 0 73 0.6 75 0.8 76 0 81 0.5 92 0 99 0.5 
8836 5 0 16 0.5 56 0.8 86 0.9 
8930 69 0.4 86 0 
8942 90 0.5 
9019 6 0.3 41 0.4 43 0.3 77 0.4 82 0.6 
9072 3 0 12 1 15 0.4 21 0.3 27 0.3 60 0.9 64 0.9 73 0.5 81 0.5 
9075 17 0.3 
9221 16 0.5 42 0.3 45 0 55 1 62 0.8 77 0 98 0.3 99 0 
9228 5 0.7 20 0 22 0 33 0.3 96 1 
9606 14 0 59 0.3 61 0.6 63 0 
9650 28 0.3 61 0 
9696 4 0.3 15 1 29 0 31 0 39 0 52 1 61 0.5 78 0.6 85 0.5 
9726 22 0.5 94 0.4 
9762 18 0.8 32 0.5 41 0.3 52 0.3 55 0.3 62 0.4 74 0 76 0.3 
9797 8 0.5 9 0 21 1 24 0 40 0.9 70 0 79 0.7 
