100
3 6 0.5 19 0.7 63 0.4 67 1 81 0.9 96 0 
12 9 0.6 23 0.3 48 0.7 79 0.7 89 0.5 
41 8 0.5 35 1 40 0.6 41 1 42 0 77 0.5 92 0.4 
190 5 0.6 22 1 44 0.9 46 0.6 61 0.9 79 0.7 
197 36 0.8 54 0.5 72 0 73 0.4 91 0.7 
231 21 0 37 1 93 0.9 
377 7 0.4 9 0.7 85 0.7 
394 6 0.3 18 1 22 0.7 30 0 51 0.8 85 0.3 88 0.4 90 0.6 91 0 93 0 
438 30 0 66 0.4 85 0.4 91 0.8 
606 2 0.6 22 0 67 0.7 82 0.5 
647 21 0 33 0.4 75 1 91 1 
766 3 0.4 22 0 45 0.4 60 0 69 0.8 70 0.6 78 0.5 84 1 94 0 
800 24 0.3 25 1 35 0.8 62 0.8 69 0.5 92 0.7 
860 24 0.9 54 0.6 75 0 
893 11 0.8 14 0.8 76 1 
1026 11 0.4 17 0.7 21 1 42 0 51 0.5 66 0.5 88 0 90 1 
1108 3 0.7 5 0 8 0 13 0 41 0.9 44 0 45 0 94 0.8 98 0.4 
1109 26 0.5 31 0 49 1 73 0 75 0.8 96 0.4 
1253 12 0.4 44 0.4 51 0.7 62 1 65 0.8 90 0.5 91 0 92 0.6 
1309 41 0.4 57 0.5 71 1 78 1 82 0.8 94 0.7 
1365 64 0.7 
1375 5 1 46 0.5 82 0.6 98 1 
1468 52 0 69 0 
1586 12 0.5 15 0 18 0.9 24 0.7 50 0.3 87 0 88 0 
1600 2 0.5 
1612 22 1 24 0.6 28 0.6 30 0 56 0.8 87 0 89 0 97 0.7 
1616 23 0 45 0.7 48 0.5 
1625 22 0 26 0.3 42 0.5 67 0.4 80 0.3 
1638 72 0.8 
1754 15 0.4 25 0.4 31 0.8 32 0 82 0 
1804 4 0 7 0.6 8 0 17 0.3 42 0.8 50 0.9 53 0.3 72 0.9 82 0 
1848 10 0.3 13 0 31 0 42 0.6 45 0.6 54 0 55 0.4 76 1 96 0 
1940 6 0.5 17 0 40 0.3 63 0 90 0 98 0.3 
2076 5 0.7 6 0.8 25 0 30 1 38 0.9 43 0.4 77 0.8 90 0 94 0 
2106 1 0 7 1 15 1 25 1 48 0 51 0 64 0 72 0 95 0 
2331 12 0.6 17 0 23 0.9 52 0.7 54 0.6 59 0.6 85 0.3 86 0 95 0.7 
2428 0 0 1 0.9 14 0.6 19 0.8 36 0.6 49 0.5 61 0.6 68 0.6 94 0.6 97 0 
2612 55 0.9 
2714 5 1 56 0.4 
2725 12 0.8 16 0 17 0.6 20 0.8 34 0.4 43 0.5 83 0 87 1 94 1 
2809 90 0.5 
3005 5 0 14 0 32 0.3 43 0 60 0 86 0.3 
3042 5 0.3 30 0.4 31 0.3 37 0.3 52 0.4 62 0.8 69 0.5 78 0 92 0.3 96 0 
3055 2 0.5 3 0.4 7 0.6 11 0 39 0 
3092 14 0.9 18 0.8 28 0 38 0.5 43 0.4 62 0 73 0 
3127 0 0.9 14 0.9 20 0.6 33 0.9 52 0 56 0 61 0.5 75 0.4 
3230 25 1 59 0.6 82 0.6 
3267 50 0 
3513 10 0.9 18 0 31 0.9 33 0 44 0 46 0 61 0 68 0.6 75 0.4 97 0.6 
3631 80 0.6 
3767 2 0.3 15 0 
3768 10 0.6 17 0 19 0.7 26 0.6 44 0 48 0 59 0.4 99 0.6 
4289 23 0.8 25 0.9 52 0.5 53 0.3 
4371 3 0.4 11 0.4 12 0.8 35 0.3 42 0.9 92 0.6 
4447 33 0 
4840 9 0.4 22 1 43 0.7 71 0.5 
5027 1 0.4 4 0.5 8 0.3 37 0.3 51 1 70 0.3 76 0.4 
5057 41 0.9 
5210 18 0.6 47 0.3 49 0 89 0.6 
5424 33 1 87 1 96 0.3 
5498 7 0 14 0.6 33 0 36 0 96 0 
6026 25 0.9 
6032 9 0.8 17 0.8 28 0 31 0 33 1 48 0 73 0.5 87 0.9 99 0.5 
6182 3 0 5 0.8 24 0.7 54 0 
6515 33 0.3 58 0.8 84 0.6 
6538 14 0.7 16 0.5 20 0 34 0.9 50 0.3 63 0.4 75 0 93 0.8 98 0.7 99 0.5 
6627 8 0.8 11 0.4 28 0 32 0.8 42 0 61 0.9 62 0.9 67 1 75 0.5 90 0 
6632 5 0.4 18 0.6 31 0.6 58 0 61 0 67 0.6 83 0.6 
6691 33 0.4 81 1 92 1 95 0.3 
6943 9 0.8 21 0.6 25 0.6 34 0.9 38 0.8 53 0 54 0.6 
6973 15 0.6 23 0 24 0 60 0.4 
7081 29 0.8 37 0 47 1 54 0.9 60 0.9 64 0.3 78 0 
7255 1 0.7 13 0.7 19 1 23 0 68 0 89 0.6 91 0 92 0 
7347 41 0.6 94 0.8 
7529 11 0.9 29 0.9 
7566 4 0.4 7 0.7 26 0.5 52 0 72 0 
7620 8 0 22 1 36 0.9 45 0 80 0.4 86 1 93 0.6 
7787 50 0.5 66 0 83 0 
7899 17 0.4 
8128 14 0.7 86 0.5 
8271 5 0 21 1 26 0.4 33 0 34 0 54 0.3 86 1 95 0 97 0 98 0.9 
8374 66 0.8 85 0.5 93 1 
8569 82 0.7 
8670 10 0.8 19 0.5 36 1 44 0.6 53 0 62 0.3 97 0.8 
8688 11 0 29 1 44 0.4 71 0.8 72 0.4 93 0.5 96 0.9 
8827 20 0.4 21 0.8 24 0.3 36 0.4 49 0.9 59 1 65 0.4 
9081 8 0.6 16 0.9 23 0 27 0.7 33 0.4 47 0.5 61 0.9 88 0.9 96 0 
9221 16 0.7 42 0.3 45 0.6 55 0.9 62 0.8 77 0.4 98 0.4 99 0.5 
9235 2 0.3 10 1 19 0.7 22 0.6 26 0.3 
9286 50 1 
9289 53 0 64 0 84 0.7 89 0 
9298 37 0.8 59 0 75 0 89 0.6 
9330 10 0 16 0.5 37 0.3 42 0.3 46 0.4 55 0.3 72 0.6 
9390 36 0.4 41 0.7 70 0.4 74 0.8 77 0.3 81 0 91 0 
9400 18 0.8 71 1 84 0.9 
9572 0 0.6 21 0.9 49 1 55 0.4 65 0 86 0.9 
9618 7 0.5 8 0.4 15 0 40 0.4 49 0.3 58 0 63 0.9 71 0.4 83 0 89 0 
9647 1 0.3 7 0.7 19 0 51 0.8 59 0 63 0.4 83 0.6 87 0 94 0 
9886 15 0.7 41 0.7 47 0.9 54 0.9 62 0.3 65 1 78 0.4 
9933 2 0 22 0 24 0 59 0 97 0.6 
