100
45 12 0 49 0.4 
236 82 0.8 
298 4 0.5 5 0 13 0 35 0.9 37 1 41 0 48 0 63 0.5 71 0.9 98 0 
304 6 0 8 0.8 13 0.8 20 1 28 0 45 0 58 0 68 0 91 0.7 95 0.3 
334 39 1 
436 37 0 55 0.9 72 0.8 
513 1 0.4 20 0 27 0.8 65 0.4 72 0 77 0.8 94 0.4 99 1 
518 90 0 
523 25 1 60 0.8 
589 1 0 18 1 28 0.4 30 0.6 35 0 44 0.6 49 0.5 97 0 
602 13 0.4 19 0 27 0.3 43 0.7 66 0.4 97 0.7 
698 2 0.6 5 0 29 0.5 38 0.5 90 0.9 
738 71 0.7 
767 10 0 38 0.4 
792 99 0.3 
810 16 0.7 33 0 64 0.9 68 0.9 
915 13 0.4 38 0.6 40 0 64 0 91 1 96 0 
944 18 0 42 0 57 0.5 60 0.4 68 0.3 80 0.9 91 0 
1016 2 0.3 10 0 28 0 43 0 51 0.8 56 1 62 0.3 71 0 94 0.8 98 0.9 
1042 19 1 22 0 29 0.3 39 0.9 90 0.6 91 0.5 99 0.6 
1207 4 0.7 10 0.6 24 1 31 1 39 0.4 40 0.9 46 0 73 0 98 1 99 0 
1278 8 0.7 55 0 
1712 1 0.6 7 0.6 13 1 15 0 16 0.5 29 0.4 55 0.4 83 0.8 89 0.4 
1841 19 0 33 0.5 82 0.4 
1871 7 0.9 11 0.8 13 0.3 18 0.4 23 0.4 64 0 86 0 87 0.7 
1911 28 0.9 39 0.4 88 0.6 
2010 3 0.6 14 0.8 29 0.5 38 1 49 0 68 0.4 73 0.3 74 0.5 86 0.8 
2077 0 0.9 6 0.4 14 0 18 0.4 32 0.8 64 0.9 83 0.8 
2093 6 0.5 61 0 82 0 96 0.5 
2130 24 0.5 34 0.3 39 0.3 
2159 1 0.3 3 0.3 11 0 13 0 36 0 49 0.9 50 0.8 63 0.6 76 0 82 0.4 
2188 63 0 
2190 0 0.3 11 1 28 0.3 37 0.3 69 0.4 79 0.6 80 0 
2196 77 0 
2237 55 0.4 82 0 92 0.4 
2314 6 0.5 9 0.4 52 0.3 62 0.8 
2315 7 0.4 11 0 17 0.7 34 0.5 59 0.8 89 0 93 0.6 94 1 96 0.4 
2326 4 0.6 17 0.5 25 0.9 
2383 6 0 23 0.5 33 0.4 38 0.3 43 0.3 77 0 81 0.3 89 0.4 90 0.6 
2424 13 0.9 16 0.7 36 0.6 40 0.6 53 0.3 64 0.7 
2518 15 0.4 24 0.8 31 0.9 81 0.6 86 0.6 98 0.7 
2619 14 0.4 26 0.5 30 0 62 0.6 76 0.9 88 0.9 90 0.7 
2770 6 0.8 15 0.9 21 0.7 32 0.5 37 0.4 47 0.4 55 0.3 67 0.6 77 0.3 
2849 8 0.5 10 0.5 35 0 38 0.7 41 0.7 50 0.7 74 0.8 
2953 35 0 
3073 2 0 13 0 31 0.8 52 0.8 69 0.9 74 1 89 0.8 94 1 98 0 
3436 73 1 81 0 82 0 
3580 21 0 23 0 24 0.5 27 0.6 37 1 48 0 70 0.9 77 0.8 88 0.5 
3642 74 0.9 
3775 12 0.8 21 0.6 32 1 65 0.9 87 0.4 89 0.3 90 0 96 0.5 
3913 2 0.4 30 0.4 49 0.5 58 0.8 66 0 
4146 69 0 
4355 7 0 32 0 47 0.9 49 0.8 55 0.6 70 0.6 75 0 86 0.8 
4362 33 0.7 40 0.3 51 0.4 59 1 65 0 69 0.4 87 0 92 0 98 0 
4578 19 0 29 0.4 50 0.8 66 0 84 0 
4794 8 0.8 10 0.7 22 0.9 38 0 62 0.3 67 1 71 0.4 83 0.9 92 0.7 
5040 92 0 
5194 4 0.7 8 0.5 65 0.3 82 0.4 86 0.3 
5259 7 0.3 22 0.9 41 0 44 1 52 0.3 66 0 69 0.9 76 0.8 80 0 95 0 
5296 7 0.9 17 0.3 29 0.5 96 0.4 98 0 
5523 18 0.6 21 0 25 0.5 35 0.8 49 0.5 60 0.5 72 0 96 0 
5655 0 0.6 23 0.9 28 0 32 0 35 0.7 62 0 66 0.7 68 0.3 86 0.4 88 0 
5718 0 0 6 0 8 0.5 47 0.5 66 0.6 71 0 80 0.7 88 0.3 89 0.3 
5965 45 0.3 75 0.3 88 0 94 0.9 
5977 0 0.8 28 0.7 31 0 36 0 83 0.7 
6412 27 0.7 64 1 92 0.5 
6624 7 0.5 21 0.7 27 0.4 45 0.4 49 0.5 66 0 77 0.6 93 0.4 99 0.4 
6667 10 0 17 0.3 31 0.8 34 0.5 40 0.8 43 1 48 0 59 0.5 61 0.3 96 0.4 
6908 9 0.8 30 0.5 57 0 
7132 14 0.3 15 0.3 26 0.8 48 1 52 0.7 57 0.8 62 0.5 67 0.6 76 0.8 
7178 9 0.9 40 0.9 57 0.5 88 1 
7248 25 0.4 60 0.4 72 0.6 
7276 89 1 
7281 4 0 32 0.6 40 0.7 82 0.7 94 0.7 
7379 13 0.8 
7396 2 0.3 9 0 13 0.5 25 0.4 77 1 80 0.8 87 0.5 89 0.5 
7541 3 0 61 0.7 
7704 0 1 10 0 37 0.8 95 0 
7708 3 0.5 5 0.4 14 0.9 19 0.5 26 0.5 41 0 51 0.7 63 0.5 68 0.4 94 0.5 
7743 14 0.5 18 0.3 19 0.9 28 0.9 57 0 82 0.8 83 0 86 0 
7801 44 0.7 70 0.4 71 1 99 0.3 
7846 29 0 43 0 52 0 85 1 
8044 16 1 23 0.9 37 1 38 0 96 0.7 
8095 2 0.9 10 0.5 19 0.4 39 0 45 0.3 51 1 73 0.3 79 0.7 87 0.7 
8115 4 0 12 0 15 0.5 19 0.7 20 0.6 39 0.6 44 0.9 58 0.8 70 0.6 83 0 
8216 2 1 5 0.3 7 0.9 16 0.3 52 0 54 0.7 70 0 80 0.8 89 1 94 0 
8385 6 0.9 65 0.8 67 0.9 
8555 45 0 49 0.3 52 0.5 84 0.3 93 1 
8737 24 0 25 1 27 0.4 67 0.6 80 0 99 0.7 
8844 6 0 39 0 
9022 4 0.6 15 0.4 32 0.8 54 0.3 96 0.7 
9243 21 0.3 23 0.8 30 0.4 38 1 52 0.4 60 0 65 0.7 66 0.6 
9255 9 0 24 1 65 1 84 0 
9466 1 0 17 0.8 49 0.9 56 0.9 83 0 88 0 96 0 97 0.7 99 0.5 
9518 12 0 16 1 53 0.4 
9632 1 0.5 22 0.7 69 0.4 
9695 16 0.8 22 0.5 27 0.8 49 0.6 70 0.3 80 1 85 0.5 90 0.5 92 1 
9700 2 0.7 
9714 1 0.9 2 0.5 9 0 26 0.8 28 0 30 0.6 32 0 37 0.7 79 0.7 
9940 48 0.6 67 0 71 0.3 77 0.7 82 0.3 89 0.3 
