100
121 56 0.9 88 0.3 
396 7 0.8 26 0.6 46 0.5 51 0.9 56 0 58 0.3 63 0.8 64 0 92 0.8 
539 1 0.5 32 0.5 36 0.5 42 0.7 45 0 48 1 59 0 60 1 77 0 78 0.5 
596 14 0.4 16 0.6 17 0 41 0.4 54 1 77 0.5 78 0 
602 13 0.5 19 0.6 27 0.7 43 1 66 0 97 0.6 
726 19 0.4 48 0 95 0 
773 20 0.5 51 0.3 78 0.8 91 0.6 
828 0 0.6 7 1 24 1 31 0 34 0 51 0.9 68 0 78 0.6 86 0.4 92 0 
840 44 0 49 0.4 
1084 7 0.7 24 0 47 0 64 0.6 70 0.4 84 0.3 
1324 24 0 55 0.3 97 0 
1417 47 0 
1476 16 0.6 32 0 40 1 61 0.3 
1587 9 0.3 42 0.4 47 0 55 0.8 76 0.9 77 0.4 
1613 31 0.6 
1646 17 0.9 18 0 33 0 57 0.3 97 0.4 
1704 10 0 87 0 
1755 3 0.4 23 0.4 37 0 64 0.7 75 0.7 80 0.9 85 0.7 88 1 89 0.3 98 1 
1885 27 0.7 45 0 84 1 91 0.5 
1898 26 0.5 60 0 62 0.8 67 1 69 0.6 76 0.9 78 0 79 0.7 84 0.8 
1903 6 0.4 14 0 38 0 54 0.8 58 0.8 93 0.4 
1937 10 0 24 0 67 1 73 0.6 80 0.4 
2073 49 0 85 0.8 95 0 
2169 51 0.7 
2170 9 0.8 20 0.8 21 0.4 23 0.7 25 0.9 56 0.7 60 1 69 0.9 74 1 81 0.5 
2319 23 0.8 85 0.3 87 0 
2344 15 0.8 20 0.3 37 0 40 0 59 0.3 72 0 79 0.5 85 0.8 
2409 19 0 
2430 19 0.3 42 0.8 48 0.3 56 0 67 0.3 84 0 96 0 
2469 0 0.6 3 0 60 0.4 
2597 1 0.9 16 0.6 22 0.9 25 0.5 81 0.6 83 0.6 
2649 0 0.3 5 0 37 0 49 0.3 57 0.6 69 0.9 
2674 8 0.4 17 1 78 0.6 84 0.6 90 0 98 0.3 
2981 2 0 10 1 33 0.9 63 0.4 
3066 27 0.7 60 0.4 
3170 24 0.7 53 0.5 61 0 84 0.5 
3174 98 0 
3454 4 0.7 20 0.8 32 0.6 49 0.5 58 0 64 0.6 66 0 
3570 18 0 21 1 42 0.8 43 0.5 49 0.7 69 0.5 81 0.3 84 0 
3602 18 0.3 
3805 9 0.6 10 0.4 16 0.6 33 0.6 66 0.3 68 0.8 71 0.3 91 0.7 97 0.8 
3833 12 0 66 0.6 68 0.7 86 0 92 0 
4117 23 0.5 54 1 57 0 82 1 
4141 17 0 
4305 3 0 11 0.7 32 0 49 0.5 84 1 95 0.4 
4481 2 0 4 0.6 30 0.3 71 0 72 0.3 90 0 
4675 27 0 
4701 2 0.8 48 0.8 
4814 25 0.9 38 0 41 0.9 43 0.8 46 0 55 1 56 1 77 0 78 0.5 
4924 3 0.4 31 0.5 51 0.3 52 0.7 54 0.7 66 1 74 0.6 82 0.3 86 0.6 92 0.4 
4950 1 0.3 17 0 46 0.3 51 0 53 1 72 0 90 0.5 91 0.5 
4989 1 0.8 5 0.5 20 0.3 23 0.9 37 0.9 77 0 82 1 84 0 86 1 92 0 
5068 6 0 18 0.8 46 0 48 0.8 55 0 67 0.4 82 0.8 92 0.8 97 0.3 98 0 
5149 28 0.3 29 0 36 0.7 44 0 53 1 68 1 69 1 76 0 79 0.9 81 0.3 
5261 19 0.4 39 0.8 60 0.6 80 0.8 98 0.7 
5411 13 0 14 0 76 0.6 79 0.4 81 0.4 
5576 9 0 20 0.3 48 0.3 49 0.4 55 0.6 60 0 65 0 
5613 52 0 
5810 4 0.5 30 1 45 0.3 58 0.6 66 0 86 0 89 0.4 
5812 40 0.6 80 0 
5912 50 0.7 53 0.9 67 0.9 
5968 3 0 
6142 22 0.7 25 1 26 0.4 44 0.6 58 0.8 68 0.4 72 0 93 0.8 
6162 5 0.7 7 0.6 16 0.5 24 1 39 0.9 55 0.6 85 0.4 89 0.6 
6187 3 0.9 37 0 40 0.5 53 0.9 69 0.6 75 1 90 0 91 0 
6195 6 0.8 10 0 15 0 34 1 44 0 51 0.7 59 0 75 0 
6337 9 0 26 0.6 32 0.8 36 0 43 0.3 66 0.4 70 0.5 81 0 99 0.5 
6499 34 0.9 
6508 31 0.8 63 0.9 78 0.9 96 0.8 
6674 8 0.3 15 0 18 0.6 22 0.4 26 0.7 31 0 62 0.6 81 0.8 92 0.8 
6947 21 1 73 1 
7051 12 0.9 27 0.7 75 0 91 0 
7110 6 0.4 13 0.8 38 0 45 0 46 0 58 0.5 96 1 
7391 54 0.7 71 1 81 1 90 0.8 96 0.8 
7435 96 0 
7464 33 0 
7760 14 0 25 1 40 0 43 0.9 64 0 81 0 88 0 90 0.3 94 0.3 
7794 0 0 2 0.7 28 0 67 1 93 0.4 
7807 6 0.9 23 0.7 52 0.5 70 0.8 95 0.6 
7834 63 0 98 0.9 
7840 91 1 
7999 3 0.5 8 0 14 0 20 0.5 31 0.9 69 0.9 82 0 
8023 6 0.6 8 0 62 0 63 0.4 66 1 99 0.7 
8124 10 0.7 59 0.5 80 0.6 
8404 7 0 10 0 13 0.9 22 0.7 53 0 71 0.6 81 0 82 0.5 
8501 4 0.4 5 0.3 13 0.9 32 0.4 35 0 62 0.6 70 0.8 
8515 19 0.5 
8820 30 1 43 0.5 
8930 69 0.3 86 0.8 
8948 1 0 28 0.4 39 0.8 80 0 
9045 20 0 33 0.9 45 0.5 52 0.3 91 0 95 1 
9352 0 0 34 0.9 87 0.5 
9449 37 0 99 0.3 
9462 88 0 
9538 3 0 19 0.9 60 0.6 
9568 26 0.5 28 0.4 
9733 19 0 26 0.5 30 0.5 49 0.6 50 0 58 0 78 0 93 0.4 
9930 6 0.3 12 0.5 16 0.4 40 0.9 43 0.5 50 0 52 0.5 65 0 80 0 85 0.4 
9952 6 0.5 19 0.7 28 0.4 30 0 43 0.6 61 0 79 0.8 
9986 1 0.9 14 0.7 46 0 55 0.7 77 0.6 96 0.5 99 0 
