100
163 6 0 18 0 31 0.3 54 0.7 
251 52 0.6 
450 15 1 59 0.7 60 0 73 0.5 
549 5 0.7 9 0.7 12 0.6 16 0.4 61 0.9 62 0.9 63 0.6 80 0 87 0.8 94 1 
600 1 1 22 0 43 0.9 56 0.5 
614 1 0.6 23 0.7 26 0 32 0 40 0 81 0 96 0.5 
796 27 1 75 0 76 0.5 80 1 84 0.3 94 0.3 
922 68 1 88 0.9 94 0.4 
988 16 0.9 21 0.9 48 0.9 54 0 74 0.3 84 0.7 
1188 6 0.6 17 0.5 36 0 41 0.6 68 0.8 
1292 27 0.8 42 0.5 57 1 62 0.3 82 0.6 
1297 8 0.3 11 0.4 86 0 
1306 23 0.5 33 0.7 48 0 55 0.5 57 0.8 74 0.5 81 0.9 94 1 
1506 1 0 
1692 10 0.3 15 0 75 0.4 77 0.7 80 0.4 
1727 14 0 50 0.9 52 0.4 62 0.3 65 0.7 73 1 77 0.8 97 0.5 
1779 19 0.9 22 0 25 0.8 30 0 39 0 48 0.8 53 0.3 81 0.8 99 0.8 
1855 12 0.3 16 0.7 63 0.6 68 0.8 79 1 
1865 4 0.9 32 0 40 0.8 72 0.9 73 0.4 95 0.4 
2052 17 0 34 0.8 35 0.7 38 1 55 0.9 81 0.9 89 0.8 
2316 9 0.4 51 0 72 1 81 0.4 86 0.3 88 0 99 0 
2364 4 0 8 0.3 42 0.9 44 1 55 1 71 0.8 74 0.4 79 0.4 87 0.8 89 0.5 
2407 4 0 29 0.8 55 0.5 
2473 7 0.9 16 0 23 0 41 1 61 0.9 
2707 82 0 
2734 15 1 17 0.9 19 0.4 51 0.5 52 0.7 70 0.4 84 0 
2778 2 0 5 0.9 8 0.9 22 0.3 29 0.4 52 0 73 0 92 0 
2800 93 0.5 
2905 5 0.7 96 0.4 
3005 5 0 14 0 32 0.7 43 0 60 0 86 1 
3075 63 1 65 1 89 0.6 91 0.6 98 0.3 
3177 8 0.6 14 0.8 42 0 45 0 65 0 94 0 99 0.7 
3221 17 0.7 62 0.4 66 0 90 0.9 
3601 18 0.9 19 0.7 23 0.9 31 0.3 73 0.9 
3881 0 0 5 0.6 30 0.5 43 0.6 64 1 76 0.7 97 0 98 1 
3939 24 0.9 35 0.6 47 0.7 51 0.4 67 0 
4012 0 0.7 9 0.6 11 0.3 18 0.5 22 1 23 0.4 47 0.7 77 0.5 78 1 87 0 
4021 50 0.4 87 0.4 
4065 61 0.4 71 1 
4107 48 0.4 77 0.7 
4141 17 1 
4195 5 0.8 6 0.5 84 0 
4255 47 0.6 60 0 
4383 20 0.3 39 0.7 60 0.6 79 0.3 81 0 86 0.8 
4428 6 0.9 21 0.6 49 0 62 0.7 69 0 75 0.3 
4442 11 0.4 27 0.5 28 1 36 0.9 37 0 45 0 55 0.5 63 0.4 64 1 89 0.6 
4737 5 0.8 28 0.8 43 0 78 0.8 
4783 12 0 23 1 31 0 44 0 47 0.9 72 0.7 77 0.5 92 0.3 
4800 20 0.7 21 0.3 26 0.3 44 1 49 0.8 58 0 62 1 65 0 71 0 
4865 6 0 8 0.4 23 0.9 31 1 35 0.9 94 0.8 96 1 
4869 8 1 24 0.9 35 0 51 0.8 53 0.8 92 0.4 97 0.7 
4916 23 0.7 42 0.4 43 0.5 57 0.9 58 0.3 63 0 64 0.9 93 0.9 
4944 5 0.9 22 0 24 0.5 39 0.3 47 0.5 59 0.5 66 0 82 0.7 89 0.8 93 0 
4978 3 0.9 14 0.6 26 1 43 0.9 47 0 48 0.9 60 0.5 68 0.5 75 0.6 81 0 
5087 24 0.4 29 0.6 50 0.7 51 0.7 
5185 47 0.7 56 0.4 99 0.3 
5221 42 0.4 97 0 
5258 0 0 16 0.7 38 0.6 41 0 69 0 76 0.6 78 0.9 94 0.5 
5460 21 0.3 
5536 17 0.6 23 0 30 0.5 43 0.4 88 0.6 
5824 16 0.4 20 0 23 0.4 41 0.4 47 1 53 0.7 57 0.6 64 0.9 
5840 4 0.3 41 0.7 87 0.3 
6179 14 0.6 34 0.4 59 0.7 79 0.4 89 0.7 99 1 
6223 3 1 25 0 40 0.6 55 0.9 60 0.5 66 0.5 72 0.5 73 0.9 81 0.6 82 0.9 
6344 5 0 6 0 18 0 19 0.7 21 0.7 36 0.4 45 0.6 60 0 66 0.3 93 0 
6380 18 0.5 28 1 76 0.4 88 0.8 93 0.9 98 0.7 
6532 6 0.8 38 0.9 62 1 69 0.8 70 0 71 0.4 76 0.3 80 0.3 84 0.3 
6593 10 0.5 12 0 21 1 53 0.7 58 0 62 0.9 
6690 10 1 20 0.5 28 0 73 0.8 77 0.3 90 0 96 1 
6724 11 0 20 0.9 31 0 36 0.7 44 1 66 0.6 68 1 94 0 
7343 22 0.3 53 0.9 69 0.6 
7347 41 0 94 0.9 
7538 38 0 53 0.6 54 0.4 67 0.4 68 0 70 0 83 0.5 85 0.5 90 0.6 
7545 5 0.5 19 0 33 0.8 37 0.8 39 1 46 0.5 87 0.4 
7686 31 0 
7819 15 0.8 31 0.3 38 0.3 43 0.6 72 0.4 93 0.7 
7834 63 1 98 0.5 
7852 38 0 76 0.3 
8113 69 0.9 
8125 42 0 59 0.6 66 0.8 75 0.7 
8190 8 0 18 0.6 33 0 43 0.7 45 0.8 73 0 93 0 
8203 4 0.7 30 0.6 51 0 56 0 
8276 16 0 22 0 45 0 70 0 79 0.5 80 0.9 95 0 
8301 6 1 15 0 19 0.9 24 0 53 0.6 55 0 70 0 78 0.7 88 1 95 0.8 
8743 8 0.6 29 0.9 32 0 81 1 94 0 
8758 39 0.6 46 0 50 0 86 0 98 0.5 
8788 2 0.7 20 0.5 34 0.3 40 0 48 0 58 0.5 72 0 83 0.6 
8871 24 0.5 28 1 37 1 38 0.3 61 0 79 0.8 85 1 88 0 
8951 27 0 39 0.3 41 0 49 0.3 50 0.5 65 0 88 0.3 93 0.4 
9142 12 1 14 0.4 26 0 38 0.6 48 0.3 59 0.3 81 0.7 91 0 95 0.5 
9170 12 0.4 61 0.7 67 1 86 0.6 
9239 4 0.8 23 0.7 24 0.8 38 0.6 54 0.5 75 0.3 83 0 98 0 
9261 5 0.7 12 0.7 14 0.3 23 0 40 0.3 78 0 86 0.6 
9445 8 0.9 11 0.4 12 1 18 0 28 0 46 0.4 60 0.8 67 1 90 0.5 93 0.7 
9783 23 0 42 0.3 71 0 82 0 94 0.3 
9825 0 0.8 3 0.5 22 0.6 67 0.4 75 0 82 0 86 0 
9909 8 0 
9919 9 0 32 0.4 40 0.8 46 0 76 0 87 0.9 
9971 83 0.4 
9998 48 0 49 0.3 
