100
9 45 0 55 0 62 0.3 83 0.5 87 0.6 
70 96 0.6 
109 10 0.9 17 1 54 0.5 65 0.5 68 0.3 75 0.6 76 0.5 84 0.5 
301 5 0 
456 44 0 51 0.7 59 0 82 0.7 83 0.4 
458 1 0.7 6 0.4 11 0.5 27 0.5 49 0.6 51 0 56 0.8 71 0.6 97 0 
462 4 0.5 11 1 28 0.3 35 0 47 0.7 63 0.8 87 0.3 
479 1 0.4 13 0 18 0.5 27 0.3 43 1 70 0.4 92 0 94 0.9 
714 11 0.5 35 0.4 46 0.9 
798 3 0.9 40 0 46 0.4 48 0 57 0.9 64 0.7 72 0.8 90 0 
1068 20 0.3 
1085 42 0 48 0 54 0.5 57 0.5 65 0.5 67 0.7 73 0.7 93 0 
1157 3 0.5 5 0 14 0.9 18 0.9 24 0.8 38 0.6 60 0.4 85 0.7 86 0.3 95 0 
1265 0 1 6 0.5 13 0.6 31 0.5 40 0.8 46 0.4 85 0.5 97 0 
1471 65 0.6 72 0.9 96 0.9 
1541 68 0 82 0.6 91 1 
1710 3 0 41 0.9 88 0.4 
1766 34 0.4 81 0.3 98 1 
1803 31 0.5 40 0.4 42 0.5 59 0 82 0.4 86 0.8 87 1 
1874 23 0.4 34 0.7 42 0.4 47 0.6 51 0.6 61 0.6 62 0.7 89 0.4 99 0.7 
1933 4 1 31 0.6 43 0 55 1 65 0.7 90 0 
2102 19 0.9 30 0 45 0.9 54 0.8 67 0.5 
2131 61 0.3 72 0.8 73 0.9 78 0 96 0.8 
2198 5 0 45 0.9 
2293 34 0.3 37 1 44 0.7 64 0.5 70 1 98 0.5 
2363 4 0 13 0.3 18 0 47 0 50 0.5 59 0 74 0 78 0.8 84 0.8 96 0 
2372 0 0.5 13 0.3 16 1 28 0.5 34 0 37 0.8 50 0.6 62 1 78 0 84 0 
2524 14 0 21 0.3 24 0.3 30 0.3 33 0.8 34 0 49 0.9 60 0.6 97 0.7 
2557 23 0.7 24 0.5 33 0.5 37 0.8 81 0.6 93 0.4 
2586 13 0 14 0.9 41 0 62 0 70 0.3 97 0 
2596 0 0.4 6 0.5 9 0.6 14 0.9 18 0.5 34 0.7 40 0 65 0 70 0.3 72 0.7 
2719 72 0.8 80 0.9 83 0.4 97 0.5 
2971 0 0.7 22 0 37 0.8 76 0.8 77 0.3 84 0.3 87 0.3 
2981 2 0 10 0.6 33 0.3 63 0.6 
3291 19 0.3 48 0.7 61 0 65 0.5 75 0.8 84 1 87 1 99 0.9 
3298 38 0.7 56 0 64 0 89 0.8 90 0.3 
3461 13 0.9 25 0.4 
3539 20 0 
3842 4 0 18 0.7 26 0.3 
4089 48 0.9 77 0.3 78 0.7 91 0.8 
4142 17 0.6 47 0 54 0.7 62 0.6 76 0 
4169 42 0.9 
4248 10 0 20 0.6 26 0.6 65 0.9 92 0 97 0.6 
4426 20 0 
4449 1 0.8 4 0.9 52 0.5 59 0 63 0.9 86 0.3 90 0.8 92 0.8 
4453 13 0.8 36 0.8 68 0.5 71 1 
4471 3 0.8 47 0 50 0.8 52 0.5 64 0 
4489 14 0 19 0.8 41 0.8 90 0.5 
4559 25 0.7 36 0.5 59 0.9 63 0.7 69 0 71 0.3 78 0.9 
4735 41 0 97 0 
4826 7 0.6 10 0.5 31 0 33 0 48 1 51 0.8 63 0.6 70 0.8 
5101 7 0.6 59 0.9 65 0 66 0 70 0.3 74 0.6 93 0.7 
5213 2 0.3 6 0.5 9 0 27 0 57 0.6 60 0.9 70 0 76 0.9 80 0.5 91 0.9 
5302 15 0.9 30 0.3 42 0.4 
5377 20 0.4 
5439 31 0 41 0.6 90 0.5 
5481 10 0.4 16 0.9 19 1 24 0 72 1 
5525 2 0.7 23 0 41 0.8 51 0.8 69 0.7 79 0 
5552 11 0.6 30 0 55 0 61 0.5 70 1 76 0.7 78 0.8 90 0 
5553 22 0.5 27 0.6 44 0.8 75 0 
5593 14 0.8 41 0.6 59 0 67 0.9 72 0 77 0.4 
5833 16 0 25 0.9 67 1 72 0 96 0 
6202 9 0.8 18 0.5 27 0.8 28 1 40 0.9 44 0 47 0.8 77 0.9 95 0.9 
6237 22 1 67 0.5 72 0 
6290 2 0.8 7 0.7 37 0.8 42 0.6 64 0 90 1 94 1 99 0.9 
6420 64 0.6 
6535 49 0.7 67 0.5 
6736 10 0 39 0.4 42 0.3 65 0 76 0 90 0.8 92 0.7 96 0.3 
6812 56 0.6 
6910 6 0 13 0.7 21 1 26 0 32 0.3 82 0.8 97 1 
7157 45 0 95 0.6 
7248 25 0.7 60 0.7 72 0.7 
7392 9 0.7 12 0.6 20 0.7 29 0.7 39 0 52 0.4 78 0 80 0.7 91 0.9 
7503 8 0 10 0.4 52 0.7 90 0.8 99 0.9 
7549 0 0.9 6 0.3 22 0.6 56 0 74 0.9 97 0.3 
7565 8 0.7 36 0.6 57 0.8 76 0.9 80 0 84 0.5 86 0.4 
7600 4 0.8 39 0.4 
7640 48 0 72 0.3 90 1 
7982 39 0.4 74 0.5 96 0.9 
8018 0 0.3 4 0.3 15 0.6 30 0 36 0.7 57 0.6 62 0.4 63 1 73 0.7 75 0.6 
8167 3 1 29 0.9 32 0.8 51 0 89 0.3 
8191 7 0.9 17 0.6 29 0.6 48 0.3 68 0.8 72 0.9 86 0.5 93 0 97 0.5 
8319 20 0 23 0 36 0.7 39 0.4 48 0.3 49 0 
8374 66 0 85 0 93 0 
8502 47 0.8 54 0.4 56 0.4 62 0.3 69 0.3 76 0.9 87 0 91 0.5 
8558 40 0.8 51 0.7 56 0 68 0.8 73 0.6 75 0.4 76 0.6 81 1 92 0 99 0.3 
8576 51 0 
8659 18 0.7 27 0 44 0.5 65 0.5 69 0.8 
8663 2 0.6 7 0 9 0.5 12 0.7 22 0.7 24 0.7 40 0.9 43 0 82 0.7 85 0.4 
8668 22 0.7 26 0 29 0.7 30 0 56 0.6 57 0.8 81 0.6 82 0 88 0.5 96 0 
8925 1 0 39 0.9 79 0 97 0.9 99 0.8 
8944 17 0.5 52 0 71 0.4 88 0 
8950 29 0.4 30 0.6 43 0.6 71 0.7 82 0.8 91 0.9 99 0.8 
9012 98 0.9 
9206 3 0.8 30 0.9 
9242 15 0 18 0.3 32 0 
9263 2 0 24 0.9 48 1 78 0 
9328 45 1 47 0 57 0.4 67 0 89 0.4 96 0.8 
9916 13 0 29 0.8 42 0 52 0 70 0.3 83 0.9 84 1 86 0.9 99 0.6 
9995 5 0.7 7 0.9 21 1 60 0.5 66 1 72 0.8 74 0.9 85 0.7 90 0.4 
