100
103 41 0 68 0 73 0.6 90 1 91 0.3 93 0.7 
181 21 0.5 30 0.6 33 0 61 0.8 79 0.8 82 0.6 
253 97 0.4 
276 2 0.5 5 0 19 0 20 0.8 36 0 43 0.9 46 0.3 55 0.5 78 0.9 97 0.5 
283 1 0.8 28 0.3 54 0.9 84 0.7 87 0.7 
360 37 0.9 56 0.9 73 0.5 
375 74 0.8 
503 57 0.9 69 0.3 78 0 84 0.7 85 1 
563 4 0 9 0.9 10 0 12 0.3 55 0.8 58 0.7 62 0.6 67 0 
628 11 0.9 45 0.9 61 1 65 1 
899 42 0.8 95 0 
935 1 0.4 11 0.5 28 0.6 59 0 64 0.3 77 1 
964 20 0 21 0 24 0 53 0.8 66 0 72 0.9 77 0.5 89 0.9 90 0.4 91 0 
1185 48 0.7 
1279 25 0.9 51 0.4 74 0 84 0 87 0.7 94 0.3 97 0.4 
1297 8 1 11 0 86 0.8 
1564 31 0.8 57 1 69 0.7 86 0.8 87 0.8 93 0.9 94 0.6 
1690 1 0.5 11 0 
1691 10 0.5 50 1 51 0 64 0.7 
1728 2 0.7 12 0 22 0.8 40 0.7 80 0 91 0.4 
1767 5 0.6 15 0 22 0 27 0.8 35 0.8 40 0 78 0.9 83 0 87 0 
1802 18 0.9 28 0.6 50 0.4 59 0 76 0.4 79 0 87 0.8 
1826 7 0.7 41 0.3 95 0 
1858 32 0 
2092 11 0.3 15 0.9 39 0.7 51 0.6 67 0 70 0.8 
2108 0 0.9 29 0.7 42 0 46 0.3 85 0.5 
2148 13 0.5 31 0.8 36 0.9 66 0.8 
2232 33 0 42 0.8 50 0 60 0 78 0.9 95 0 
2494 12 0.5 13 0 36 0.9 43 0 
2560 4 1 17 0.5 23 1 43 0.5 46 0.5 59 1 63 0.4 70 0.5 99 1 
2580 3 0.3 48 0 59 0.3 61 1 67 1 75 0.3 78 0 92 0.5 
2695 11 0 15 1 22 0 58 0 63 0 76 0 89 0.7 97 0 
2794 23 0 43 0.3 49 1 68 1 85 0 91 0.9 93 0.7 
2914 9 0.9 32 0.8 46 0.5 
3236 4 0.7 41 1 
3424 21 1 45 0.4 48 1 79 0.3 87 0.9 91 0 92 0.5 94 0.7 
3501 77 0.9 86 0.3 
3560 27 0.5 47 0.4 66 0.9 
4183 7 0 41 0.4 63 0.6 77 0.4 83 0.4 96 0.9 
4254 95 0 
4350 99 0.4 
4601 8 0.3 29 0 32 0.5 43 0.6 78 0.6 85 0.8 
4758 4 0 21 0.9 25 0.7 30 1 38 0.5 54 0 56 0 58 0 69 0.4 
4895 41 0.8 46 0.5 59 0 78 0.7 79 0 83 0.5 84 0 95 0.9 99 0.3 
4921 20 0.6 82 0 
5010 1 0.9 21 1 22 0.8 25 0 30 0.9 83 0 91 0.8 95 0.9 96 1 
5605 6 0.9 8 0.8 44 0.6 87 0 88 0.3 89 0 
5726 24 0 25 0.5 70 0.3 
5829 32 0.5 60 0.7 74 0 85 0.9 
5884 16 1 23 0.9 34 0.3 49 0 63 0.8 64 0 70 1 81 0.9 86 1 
5929 4 0.9 17 0.3 18 0.3 36 0.4 52 0.6 57 0.5 62 0.6 79 0.6 87 0.6 90 0.6 
6058 32 0 
6125 31 0 38 0.9 42 0.8 43 0 50 0.6 51 1 74 0.7 79 0.5 84 0 88 0.6 
6315 1 0 2 0.9 7 1 57 1 62 0.9 76 0.9 82 0.5 88 0.5 92 0.4 
6388 32 1 42 0.8 59 0.9 67 1 
6389 6 0 80 0.4 
6797 2 0.8 20 0.9 36 0.9 37 0 42 1 56 0.9 80 0 85 0 88 0.6 94 0.6 
6841 13 0.6 15 0 46 0.8 54 0.6 60 1 73 0.8 86 0.4 90 1 
6857 25 0.6 
6936 11 0.8 14 0.8 38 1 50 0 58 1 63 1 66 0 96 0.3 
7012 16 0.7 22 0 44 0.8 55 0.7 64 0.4 82 0 85 1 97 1 
7031 17 0 60 0 64 0 
7205 1 0.4 38 0.7 45 0.3 57 0.3 63 0 82 0.7 92 0 
7322 3 0.6 4 0.8 9 0 16 0.7 20 0 30 1 40 0.3 70 0 86 0.9 92 0.7 
7327 14 1 21 0.7 27 0.3 72 0.8 83 0.5 84 0 95 0.7 97 0.3 
7351 16 0 75 0.4 
7365 19 0.3 26 0 44 1 45 0.8 78 1 
7415 65 0.3 
7502 55 0.4 87 0.7 
7628 29 0.3 
7736 2 0.7 83 0 91 0.9 97 0.3 
7858 21 0.3 28 1 38 0.6 42 0.6 46 0 64 0 90 0 
7890 8 0 38 1 56 0 86 0.6 
7894 1 0.3 38 0.8 46 0.4 48 0 49 0.9 66 0.6 67 0.3 85 0.3 99 0 
8012 1 0 16 0 29 0.4 51 0.4 52 1 56 1 65 0.8 68 0.4 74 0 78 0.9 
8028 2 0 15 0 59 0 66 0 83 0.3 84 0.3 87 0 
8075 5 0.4 95 0 
8192 3 0.7 27 1 54 1 75 0.5 89 0 91 0.7 
8446 10 0.6 64 0.4 68 0 75 0.4 96 0 
8500 9 0.4 11 0.7 58 0.6 59 0.4 60 0.4 62 0.9 93 0 
8548 18 0.6 20 0.8 22 0.9 38 0.9 43 0.8 59 0 66 0.5 80 0.3 90 0.6 92 0.9 
8576 51 0.3 
8706 21 0.5 28 0.7 88 0.4 
8795 64 0 
8807 11 0.4 26 0.3 34 0.9 
9178 45 0.4 67 0 
9269 5 0.4 10 1 12 0 51 1 93 0 
9303 2 0.3 7 0 10 0.8 15 0.4 17 0 25 0.6 26 0.6 39 1 54 0.9 85 0.3 
9309 3 0.3 10 0 41 0 57 0.8 58 1 85 0.5 94 0 
9329 5 0.7 15 0 25 0 50 0.6 55 0.6 77 0.5 83 1 85 0 86 1 95 0.5 
9410 16 0.7 17 0.5 26 0.3 43 0 75 0.7 95 1 96 1 
9432 67 1 68 0.7 
9515 5 0.3 14 0.9 19 0.5 22 0.9 37 0.8 59 0 61 0.5 69 1 79 0.9 
9553 37 0.4 
9586 1 0.3 7 0.4 37 0.9 54 0 56 0.6 59 0.9 67 0.5 83 0.3 
9617 7 0 16 0.6 22 0.6 42 0.6 53 0.8 55 0.5 73 0 87 0 
9702 11 0.6 18 0.8 43 0.8 78 0 
9756 10 1 12 0 25 0.4 26 0.9 39 0 49 0.8 59 0 71 1 96 0 
9991 9 0 12 0.6 13 0.6 34 0.5 57 0.9 69 0.4 74 0 89 0 94 0.6 
9995 5 1 7 0.5 21 0.7 60 0 66 0.4 72 0.5 74 0.3 85 0.7 90 1 
