100
64 27 0 50 0 69 0.5 81 0 
260 4 0.9 13 0.8 16 0.5 21 0.8 28 0.3 47 1 51 0.3 89 0 91 0.6 92 0.5 
463 15 1 27 0 38 1 53 0.9 61 0.5 65 0.9 67 0.7 93 0 
521 25 0 38 0.6 55 1 66 0.8 81 0.7 92 0 97 0.5 
664 3 0.4 39 0 70 0.8 76 0.9 83 0 97 0.9 
755 28 0.5 33 0.7 85 0.5 92 0.3 97 0.3 
1026 11 0 17 0 21 1 42 0.6 51 0.8 66 0.9 88 0.5 90 0.3 
1052 0 0 2 0.5 5 0.4 16 0 32 0.8 38 0.3 50 0.5 66 0.6 67 0.9 81 0 
1153 52 0.5 53 0.7 59 1 83 0 88 0.3 
1229 20 0.7 30 0.8 40 0 43 0 45 0.8 61 1 84 0.7 90 0.3 
1282 3 0.3 
1586 12 1 15 0.5 18 0.5 24 0.4 50 0 87 0 88 0.3 
1593 22 0 33 0 35 0.5 47 1 54 0.9 63 0.8 78 1 
1683 17 0.8 88 0.8 
1736 1 0.4 4 0.7 7 0.8 9 0 18 0.7 25 0.8 30 0.7 40 0 72 0 97 0.9 
1841 19 0.5 33 0.8 82 0.5 
2021 1 0.7 2 0.6 4 0 13 0.8 23 1 45 0.3 47 0.5 57 0.5 71 0.5 93 0 
2027 17 0.9 23 0.6 58 0.4 82 0.6 92 0 96 0.6 
2093 6 0.7 61 0.7 82 0.6 96 0.7 
2123 0 0.8 1 0 7 0 9 0.9 28 0 52 0.9 62 0.9 68 1 75 0.3 
2141 9 0 21 0.5 76 0.6 96 0.5 99 0.8 
2169 51 0.8 
2268 17 0 41 0.7 68 0.7 76 0.8 
2280 88 0.8 
2324 13 1 27 0 30 1 62 0.7 81 0.5 
2379 12 0 49 0 69 0.4 70 0.8 75 0 79 0.5 96 0.5 
2414 53 0 
2488 50 0.4 55 1 87 0.9 
2638 22 0 72 0.7 80 0.8 
2724 1 0.7 14 0 23 1 39 0 62 0.8 75 0.9 94 0.4 
2762 3 0.3 61 0.6 70 0.3 76 0 98 0.9 
2833 18 0.3 
2848 1 0.7 42 0.6 46 0 56 1 59 0 82 0.6 
2987 16 0.7 36 0.7 48 0.5 85 1 89 0.5 93 0.6 
3007 13 0 35 0.8 45 0.3 50 0.8 72 0.5 
3081 3 0 8 0 9 0 37 0.3 40 0.9 59 0 64 0.9 73 0.3 93 0 
3110 22 0.4 
3265 33 0.4 38 0 73 0.9 77 0.9 83 0 90 0.4 
3313 6 0.6 20 0.8 22 0 28 0.3 40 0.5 69 0.5 77 0 91 0 94 0 
3353 16 0 21 0.3 45 1 50 1 55 0 61 0.5 96 0 
3363 32 0 44 0.3 48 0.9 56 0.3 64 0.7 69 0.5 86 0 98 0.4 
3395 79 0 
3474 2 0.3 18 1 26 0.8 33 0.7 64 0.8 66 1 70 0.4 89 0.3 98 0.4 
3814 10 0.7 23 0.7 40 0 41 0.6 70 0 81 0.8 
4056 8 0.9 15 0 32 0.4 50 0 58 0.3 77 0 94 0.7 
4074 13 0.4 30 0 33 1 39 0.7 
4148 24 0 40 0.6 41 0.5 48 0.5 56 0 58 0.9 65 0.4 71 0 72 0.4 95 0 
4265 25 0 
4345 3 0.5 38 0.4 
4740 3 0.5 9 0.9 16 0.8 22 0 40 0.3 41 0 50 0.9 61 0.7 73 0 81 0.5 
4942 33 0.6 37 1 85 0 92 1 
5014 34 0 54 0 66 0 84 1 
5138 4 0.8 6 0.5 27 0.6 45 0.6 50 0.4 53 0.8 61 0.4 62 0.9 94 0 
5139 2 0.3 16 0 85 0.8 94 0.4 99 0.6 
5231 22 0.4 38 0 39 0.3 47 0 48 0.4 91 0.7 96 0.7 
5319 95 0 
5338 0 0.5 20 0.3 33 0.4 57 0.7 74 0.5 89 0 
5443 32 0 82 0 
5653 31 0 43 0.3 48 0.7 79 0 81 1 87 0 91 0.6 
5655 0 1 23 1 28 0.8 32 0.3 35 0.8 62 0.7 66 0.4 68 1 86 0.4 88 0.9 
5686 28 0 37 0.6 
5712 30 0.8 70 0.8 97 0 
5716 1 0.3 30 1 42 0 43 0.9 44 0.4 51 0.8 53 1 57 0 67 1 
5836 7 0.8 31 0 51 0.5 55 0.3 56 0.3 67 0 74 0.5 75 0.3 88 0.4 
5885 26 0.5 55 1 
6014 52 0.5 76 0 
6387 0 0.4 30 0 98 0.3 
6426 81 0 94 0 
6429 3 0.5 
6632 5 0 18 0 31 0.6 58 0.8 61 0.7 67 0.6 83 0.6 
6655 12 0.9 20 0.7 95 0 
7006 51 0 53 0 58 1 67 0.9 69 0 70 0.9 88 0.8 91 0 95 0 98 0.4 
7193 76 0.9 77 0 98 0.7 
7298 20 0.7 52 1 83 0.6 
7769 19 0.7 24 0.4 25 0.7 70 0.4 76 0.6 91 0.8 99 0.8 
7904 13 0 15 0.3 60 0.3 
8394 7 0.5 13 0.9 34 0.4 35 0 62 0.5 67 0.6 73 0.5 89 0 
8412 27 1 30 0.9 50 0.8 57 0 71 0.7 
8459 1 0.6 28 0 38 0 41 0 56 0 59 0.4 67 0.3 79 0 85 0.4 89 0.5 
8506 5 0.4 32 0.8 62 0 97 0.7 98 1 
8534 3 0.7 13 0 16 0.7 75 0.8 82 0 83 1 94 0.3 
8665 6 0.3 36 0.4 59 0.7 60 0.8 
8672 37 0.9 69 0.8 88 0 
8732 39 0 50 0.4 58 0.9 
8805 19 0.9 79 0 96 0.5 
8818 29 0.4 95 0.8 
8844 6 0.5 39 0.5 
9093 9 0.8 19 0.7 28 0 31 0.3 38 0.5 47 0.8 73 0.7 81 0.9 84 0.7 94 0 
9123 2 0 67 1 
9132 25 0.9 33 0.7 39 0 46 0 61 0.8 70 0 80 1 86 0.5 
9153 7 0 28 0.3 44 0.5 45 0.8 47 0.8 73 0 81 0 82 0.3 95 0 
9172 23 0.9 25 0 31 0 46 0.3 56 0.5 59 0.9 71 0.8 77 0.5 
9257 3 0.3 27 0.4 36 1 40 0.4 45 1 64 0.6 88 0 
9279 32 0 58 0 
9807 63 0.4 98 0.9 
9812 80 0.7 
9824 5 0 12 0.6 17 0 28 0.5 30 1 62 0 74 0.5 80 0.9 83 0.9 94 0.8 
9834 43 1 88 0 
9862 9 0.3 45 0.5 73 0 
9895 13 0 18 0 61 0 89 0 98 1 
