100
8 11 1 29 0 41 0 78 0 88 0.6 
66 27 0.6 32 0.5 55 0.3 81 0.3 
194 22 0 
217 9 0.4 18 0.6 27 0.6 41 0.5 48 0 52 0 63 0.9 87 0.3 89 0 96 0.7 
277 3 0.5 17 0.3 20 0.6 44 0 49 0.7 67 0.4 84 0.9 92 0.7 
327 2 0 12 0 18 0.4 33 0.6 65 0.4 94 0.8 
371 3 0.3 24 1 
374 40 0 59 0 71 0.5 79 0 83 0.7 85 1 89 0.7 90 0 
391 54 0.5 91 0 
423 24 0.8 25 0.4 
560 9 0.8 20 0.5 38 0 53 0.5 54 0.4 
699 1 0 31 0.5 50 0 76 0 
771 7 0.5 17 0 50 0.3 68 0.9 70 0.7 71 0.7 72 0 
799 70 0.7 
864 13 0.7 20 0 67 0.7 71 0 77 0 90 0 94 0 
1057 16 1 33 0.3 35 0.9 37 0.5 40 0.7 49 0.3 50 0 59 0.7 76 1 99 0.7 
1217 12 0.9 24 0 63 0.5 
1287 16 0.4 
1432 10 0 17 0.4 23 0 53 0.4 59 1 60 0.5 70 1 82 1 
1461 35 0 37 0.8 41 0.9 45 0.8 58 0.9 75 0.4 77 0.5 
1474 9 0.9 29 0.7 
1682 91 0.5 
2055 11 0.7 23 1 34 0 39 0.4 52 1 58 0.7 68 0.9 90 0 
2072 22 0.7 37 0.5 42 0.9 87 0 
2075 11 0 14 0.3 16 0.4 24 0.5 58 0.4 72 0.9 82 0.8 90 0.6 
2170 9 0.8 20 0.7 21 0.8 23 0 25 0.6 56 0.9 60 0 69 0.9 74 0.8 81 0.4 
2261 18 0 35 0.8 43 0.7 45 0 81 0.9 
2269 72 0.6 78 0.3 
2280 88 0 
2322 10 0.9 15 1 25 0.9 64 0.7 90 1 96 1 
2330 17 0.4 23 1 44 0.8 50 0 58 0.3 
2457 9 0.7 44 0.4 87 0 
2479 1 1 2 0 18 0 21 1 44 0 48 0.3 95 0 
2613 7 0.3 85 1 
2652 8 0.9 11 0 30 0.6 37 1 49 0.8 80 0 
2653 7 0.6 98 0.7 
2663 8 1 26 0.9 36 0.4 60 0.5 
2758 4 0.6 16 0.8 20 0.6 73 0 74 0.7 90 0.4 
2782 0 0.6 3 1 25 0.4 30 0.7 34 0.5 42 0 50 0.4 70 0 93 0.3 96 0 
2832 15 0.6 26 0.5 34 0.5 35 0.3 51 0.5 56 0.3 59 0 75 0.4 97 0 99 0.9 
3006 74 0.6 87 0.7 
3284 17 0 30 0.8 33 0 64 0.8 66 0.6 86 1 
3445 18 0 22 1 
3486 2 0.6 16 0.3 49 0.3 53 0 67 0.3 70 0.3 90 0.6 96 0.3 99 0.8 
3522 2 0.8 15 1 28 0.9 31 0.8 54 0.3 61 0.9 66 0 68 0.8 93 0 
3606 3 0.5 6 0.7 12 0.7 15 0.5 20 0.3 39 0.8 52 0 64 0 66 0.3 
3639 0 0 7 0.7 25 0 30 0 37 0 43 0.8 62 0.8 65 0.7 78 0 95 0.6 
3645 8 0.4 9 0 77 0.7 89 0 
3779 39 0.7 79 0 
3882 1 0 19 0 66 0 96 0.6 
3899 78 0 
3917 36 0.4 40 0.5 45 0.5 53 0.3 
3945 1 0 11 0.9 26 0 43 0.7 58 0.6 71 1 74 0.8 82 0.5 90 1 
4046 23 0.7 37 1 51 0.4 53 0.7 54 0.8 56 0 64 0.4 77 0.4 96 0.5 97 0.9 
4140 21 0.7 54 0.4 
4319 88 0 
4390 17 0.7 27 0 35 0.4 47 1 51 0.3 64 0 89 1 95 0.7 
4495 85 0.5 86 0.3 
4844 6 0.3 31 0 53 0.8 57 0.5 84 0.3 85 0.6 
4947 11 0 21 0.3 30 0 40 0 46 0.7 59 1 62 0.4 63 0.4 87 0.4 93 0.8 
5161 41 0.6 78 0.7 
5194 4 0.9 8 1 65 1 82 0.5 86 0 
5396 53 0 82 0.5 
5883 1 0.4 10 0 14 0 15 0.8 26 0.5 31 0 35 0.5 39 0 73 1 77 0.9 
5900 9 0.5 17 0 18 0.9 22 0.4 25 0 28 0.3 31 0 55 1 79 0.7 86 0 
6173 51 0.6 77 0 
6353 10 0 26 0 69 0.3 85 0 
6430 26 0.3 45 0 64 0.8 
6462 8 0.9 21 0.4 47 0.9 67 0.3 85 1 
6497 13 0.6 28 0.9 29 0 46 0.3 50 0.3 61 0 74 0.8 
6596 3 0.4 4 0 34 0.6 43 0.5 66 0 70 1 71 0.4 
6632 5 0 18 0.6 31 0 58 0.4 61 0.4 67 0 83 0.6 
6770 33 0.3 61 0.3 65 0.9 73 1 80 0.8 
6839 2 0 20 0 24 0.7 40 0.9 50 0 60 0 65 0.7 72 0.4 84 0.5 
6916 54 0.7 55 0 86 0 89 0 
6995 4 0.4 8 0 34 0.3 90 0.9 91 0.7 97 0.6 
7159 1 0 6 0.6 11 0.3 16 0.7 18 0 22 0.8 80 1 82 0.4 90 0.8 99 0 
7264 3 0.3 11 1 23 0.4 55 0.5 69 0.6 80 0 87 0 99 0 
7421 36 0.8 57 0.4 70 1 
7568 15 0.5 27 0.3 61 0.6 96 1 
7614 90 0.4 
7713 21 0.7 35 0 75 0.3 86 0.6 
7735 23 0.9 27 0.6 59 0.5 88 0.7 
7988 20 0.7 
8157 1 0.4 7 0.7 
8270 36 0.7 37 0 45 0.3 54 0.8 64 1 69 0.7 94 0.9 97 0.4 
8316 10 0 21 0.9 29 0.5 68 0.3 78 0 92 0.4 
8547 21 0.5 43 0.7 46 0 51 0 59 0.9 65 0.4 74 0 79 0.5 85 0.4 
8589 27 0 
8610 6 0 15 1 45 0 95 0.7 
8633 7 0 33 0.5 45 0.4 52 0.7 53 1 76 0.3 83 0.9 85 0.3 
8641 38 0.8 51 0.6 77 0.6 86 0.3 
8826 5 0.8 14 0.5 22 0.4 34 0.8 43 0 44 0 52 0.3 55 0.7 67 0 
9144 2 0.4 7 1 42 1 48 0 74 0 84 0.4 91 0 96 0.3 
9197 4 0 13 0 36 0.6 46 0.7 53 0 66 0.7 67 0.9 83 0.6 84 0.9 93 0.4 
9500 9 0.6 15 0.4 62 0.3 
9620 10 0.9 57 0 63 0.7 67 0.5 
9696 4 0.3 15 0 29 0.9 31 0 39 0 52 0.6 61 0.4 78 0 85 0 
9879 1 0 21 0 62 0.7 66 0.6 71 0 72 0.3 75 0.8 76 0.3 
9979 14 0.8 16 0 35 0.9 39 0.9 53 0.9 70 0 74 1 77 0.9 
