100
49 66 0.7 67 0.8 71 1 83 0 84 0.5 86 0 99 0 
203 8 0.5 18 0.5 25 1 
339 33 0 43 0 74 0.6 84 0.8 
349 14 0.4 37 1 45 0 47 0.9 51 0.4 66 0.8 69 0.5 72 0.4 81 0 99 0 
358 28 0.6 29 0.3 40 0.9 70 0 82 0.5 
435 84 0.8 90 0 
468 0 0.9 18 0 60 0.8 
605 2 0.7 16 0.6 27 0.6 61 0.5 95 0.7 97 0.5 
665 10 0.8 14 0 27 0 44 1 46 0.9 51 0.3 57 0.5 75 0.3 
684 39 0.4 72 0.7 
753 0 0.6 20 0.8 25 0 63 1 70 0.3 77 0.4 91 0.8 
945 9 0 32 0 33 0 
1060 0 0.8 16 0.9 17 0.6 21 0.7 24 0 49 0 54 0.7 98 0.3 
1184 8 0 
1242 17 0.4 25 0.5 28 0.6 33 0.3 34 0 36 0.7 48 0 71 0 74 0 82 0 
1315 73 1 91 0.9 
1365 64 0 
1391 31 0.6 78 0 
1510 71 0.5 
1664 14 0.3 77 0.4 88 0 
1871 7 0.5 11 0 13 0.3 18 0.7 23 0.9 64 0.5 86 0.9 87 0.6 
1872 23 0.4 53 0.7 
1874 23 0.9 34 1 42 1 47 1 51 1 61 0.4 62 1 89 0.5 99 0.5 
1989 31 0 46 0 50 0 
2007 24 1 25 0.6 29 0.7 78 0.9 
2046 37 0 54 0.8 60 0.3 69 0.4 
2122 97 0 
2174 26 0.7 31 0.5 46 0.8 63 0.5 86 0.8 
2197 40 0 60 0.7 
2556 9 0.8 10 0 21 0.7 24 0.4 25 0 45 0.9 53 0 81 0 
2619 14 0.9 26 0.9 30 0 62 0.7 76 0 88 0.3 90 0.3 
2647 14 0.5 23 0.8 59 0 68 1 
2768 22 0.9 32 0.9 52 0.5 98 0.4 
2780 1 0.7 3 0.8 52 0 70 1 74 0.4 92 0 93 0.8 
2922 97 0.3 
3047 30 0.9 54 0 
3138 11 0.3 39 0 49 0 60 0 92 0 96 0 
3314 11 0.5 14 0.9 21 0.8 23 0.9 41 1 56 0 73 0.3 76 0 88 0.5 97 0 
3403 17 0.6 37 0.4 43 0.7 
3413 11 0.4 27 0.5 53 0.7 
3504 11 0.8 22 0 51 0.7 54 0.8 88 0 90 0.6 98 0.5 
3587 23 0.7 38 0.5 41 0.5 49 1 
3680 92 0 
3725 28 0 29 0 30 0 34 0.8 38 0.9 41 0.5 49 0 67 0 94 0.5 
3886 12 0 16 0.5 49 0.9 53 0.3 56 0 59 0 75 0.4 93 0.8 99 0 
3903 8 0.7 19 0.4 20 0.8 24 0 34 0.8 77 1 90 0.3 92 0 
3982 24 0.8 61 0.5 74 0.7 75 0.6 
4220 10 1 56 0.3 70 0 
4239 13 0.4 15 0.8 22 0.3 29 0.8 32 0.5 49 1 63 0.5 76 0.3 98 0.8 
4289 23 0.5 25 0.9 52 1 53 0.3 
4433 51 0.9 
4606 26 0 89 0.5 93 0.9 
4764 4 0.5 64 0 66 0 
4861 16 0.7 47 0.8 65 0.8 67 0.4 95 0 
4882 0 0.9 38 0.8 48 0.9 54 0 57 0.7 76 0 89 0.3 93 0 96 0.4 
4893 0 0.6 12 0.3 38 0 62 0.3 73 0 98 0 
4937 0 0.3 16 0.3 
5042 1 0.9 21 0.9 29 0 80 0 97 0.3 
5371 5 0 62 0.8 73 0.9 74 0.4 83 0.6 84 0.9 96 1 
5420 63 0.3 65 0.8 80 0.5 
5770 5 0.5 9 0.8 15 0.7 20 0.9 26 0 67 0.8 84 0.5 
5832 2 0.7 6 0.8 24 0 34 0.8 35 0 41 0.6 47 0.4 54 0.8 
5958 2 0.5 11 0.6 39 0 67 0 95 0.3 97 0.4 
6009 91 0.7 96 0.3 
6013 19 0.5 46 0.5 54 0 74 0 96 0.8 97 0.5 
6207 22 0.6 35 0.4 
6214 12 0.8 34 1 56 0 69 0 71 0.3 
6229 19 0.3 46 0 57 1 66 0 69 0 72 0 73 0 91 0.8 98 0 
6251 11 0.8 47 0.7 60 0.5 
6454 92 0.3 
6473 0 0.4 15 0.8 34 0.7 53 0 84 0.5 93 0.4 99 0.5 
6601 7 0.4 10 0.5 14 0 42 0 44 0.8 83 0 97 0 
6617 22 1 32 0.3 39 0.6 63 0.6 70 1 77 0 
6677 8 0 11 0.3 45 0.8 52 1 66 0.8 70 0.5 77 0.7 84 0 
6802 24 0.8 54 0 70 1 
7098 24 0.5 38 0.3 44 0.5 70 0.4 98 0.7 
7146 41 0.8 64 0.8 
7167 29 0 65 0.7 66 0.8 91 0.7 94 0 
7216 17 0.3 62 0.4 
7240 1 0 21 0.3 39 0 57 0 61 0 63 0.4 68 0.9 84 0 85 0 99 0.5 
7250 38 0 43 0.3 49 0 86 0 
7450 11 0.3 21 0.6 
7591 0 0.7 36 1 56 0.4 
7683 33 0.5 47 0 70 0.3 72 1 80 0 95 0 
7695 27 0.6 87 0.7 
7743 14 0.5 18 0.6 19 0.5 28 0.6 57 0 82 0.7 83 0.7 86 0.7 
8004 1 0 8 0.3 26 0 29 0.5 42 0.8 45 0 56 0.7 57 0.6 94 0.6 
8027 2 0 25 0.6 26 0 52 0 53 0 54 0.3 70 0 
8039 78 0.8 79 0.9 81 0.6 91 0.7 98 0 
8066 6 0.7 8 0.4 18 0 25 0.3 61 0.4 62 0 71 0.5 95 0.6 96 0.3 
8113 69 0.6 
8402 4 0.6 
8844 6 0 39 0.9 
8865 4 0.8 18 0.6 41 0 50 0 79 0 98 0.5 
9127 10 0.4 26 0 42 0.3 44 0.8 46 0.9 51 0 89 0.7 
9286 50 1 
9323 14 0 68 0.5 
9390 36 0 41 0.7 70 0 74 0.8 77 0.9 81 0 91 0.4 
9677 22 0 52 0.9 68 0.6 80 0.8 92 0.5 97 0.7 
9856 15 0.3 35 0.3 53 0.6 
