100
113 9 0.3 37 1 54 0.6 73 0.9 74 0 75 0 
146 8 0.4 39 1 61 0.6 75 0.4 91 0.4 
162 45 0 82 0.9 
193 22 1 68 0 
209 2 0 23 0.4 27 0.8 57 0.7 
261 27 0.5 29 0 60 0 68 0.9 86 0.8 88 0.3 89 0.4 
325 0 0.7 7 0.4 48 0.6 68 0.5 75 0 
394 6 0 18 0.8 22 1 30 0 51 0 85 0 88 0 90 0.7 91 0 93 1 
402 7 0 39 0.7 40 0.9 73 0.3 74 1 87 0.8 88 0.6 89 1 
410 6 0.7 12 0 18 0.7 45 0.8 62 0.4 77 0.9 94 0.4 95 0.5 97 0 
502 3 0.6 5 0 11 0.7 18 0.6 33 0.4 55 0.6 89 0 
518 90 0.8 
543 12 0 31 0 42 0.9 56 0 65 0.5 80 1 
635 1 0 3 0.6 5 0 16 0.6 20 0 57 0 64 0.3 82 0.8 87 1 
667 27 0.5 85 0 
930 11 0.8 14 0.3 16 0 40 0 42 0 76 0.8 77 0.5 88 1 
951 16 0.3 30 0.9 31 0 50 0 57 0 
1090 15 0 85 1 
1147 37 0.8 74 0.3 
1231 27 0 30 0 46 0.8 49 0 53 0.3 58 0 64 0.7 85 0.6 
1318 41 0.9 
1586 12 0 15 0.6 18 0.9 24 0.9 50 0 87 1 88 0.9 
1665 30 0 45 0.5 50 0.4 87 0 89 0.6 
1685 11 0 
1732 4 0 23 0.9 31 0 52 0 97 0 
1799 81 0 
1891 11 1 20 0.3 26 0 74 0.7 
1901 22 1 39 0.6 57 0.8 
1935 11 0.9 18 0.8 27 0 36 0.8 39 0.3 59 0.4 
2041 3 0.9 23 0 32 0 63 0.3 70 0 
2200 22 0.3 30 0.9 68 0.5 
2231 16 0 27 1 35 0 
2658 35 0.5 40 0.7 46 0.5 52 0.8 92 0.8 94 0.4 
2680 1 0.7 8 0 12 0.6 32 0.7 55 0 65 0.8 86 0.8 90 0 97 0.7 
2696 14 0.8 24 0.4 31 1 40 0.3 94 0 
2706 16 0.8 
2775 2 1 21 0.9 22 0.5 32 0.3 40 0 50 0 64 0.3 75 0.5 91 0 
2794 23 0.5 43 0.5 49 0.6 68 0.4 85 0 91 0.7 93 0.4 
2972 27 0 92 0.8 
3183 8 0.6 14 0 21 0.5 40 0.4 43 0 51 1 71 0.6 92 0.9 
3256 1 0.9 44 0.4 
3411 12 1 26 0.3 38 0.6 47 0.7 55 0.9 69 0.6 84 0.3 88 0 
3593 26 0.9 92 0.9 
3606 3 0.6 6 0.8 12 0 15 0.7 20 0.7 39 0 52 0.7 64 0.8 66 0 
3744 1 1 3 0.8 14 0.5 21 0.6 32 0 47 0.5 93 0.9 94 0 97 0 
3849 5 0.4 16 0.9 21 0 28 0.3 50 0 65 0.8 
3909 9 0.9 23 1 32 0 33 0.5 79 0.8 
3953 48 0.9 
4234 15 0 16 0.8 19 0.5 31 0 37 0.7 42 0 58 0.6 67 0.6 93 0.4 94 0.9 
4237 14 0.8 18 0.8 27 0.6 54 0.3 61 0 64 0.7 74 0 80 0.5 93 0 
4243 13 0 
4245 15 0 17 0.3 27 0.8 30 1 31 0.9 41 0.7 43 0 65 0.9 68 0.5 80 0.5 
4254 95 0 
4263 11 0 21 1 56 0.7 62 1 
4694 34 0.3 55 0.5 61 1 68 0.8 
4793 31 0 55 0.3 
4803 56 0 58 0.6 
5294 33 0.5 77 1 
5401 28 0.5 
5483 1 0.7 18 1 50 0 
5609 4 0.3 5 0 11 0 21 0.6 28 0.7 35 0.4 36 0.5 43 0.3 69 0.4 
5655 0 0.8 23 0 28 0.5 32 0.9 35 0.7 62 0.7 66 0.5 68 0.8 86 0 88 0.6 
5707 32 0 41 0 56 0.6 67 0.5 76 0.9 82 0 90 0 92 0 
5927 11 0.9 29 0.6 85 0.7 
6075 8 0 96 0 
6379 44 0.4 65 0 89 0.8 
6433 7 0.8 24 1 28 0.8 37 0.3 88 0.6 97 0 
6500 15 0.4 29 0 41 0.3 50 0.6 70 0.3 77 0 
6545 9 0 13 0 17 0.8 54 0 63 1 70 0.3 87 0.4 
6711 19 0.9 32 0 
6894 19 0.9 21 0.5 22 0 34 1 51 0 
6994 10 0.9 30 0.6 48 0.3 59 0 62 0.5 89 0.9 
7148 15 0.5 23 0.8 27 1 64 0.5 74 1 76 0.3 89 0.8 
7189 3 0.7 16 1 21 0.5 30 0.8 59 0 97 1 
7325 0 0 34 0 35 0.4 41 1 45 0 46 0.7 59 0.6 84 0 98 0 
7337 14 0.9 80 1 83 0 
7369 44 0.8 50 0.5 78 0 82 0.5 85 0.9 92 0.8 95 1 99 0 
7450 11 0 21 1 
7471 25 0 26 0 30 0.3 38 1 53 0.3 80 0 89 0.8 
7503 8 0 10 1 52 0.9 90 0.3 99 0 
7562 52 0.9 90 0.3 98 0 
7565 8 0 36 0.8 57 0.8 76 0.4 80 0.6 84 0.8 86 0.5 
7575 15 0 37 0.4 42 0 56 0.9 58 1 90 0.5 
7879 40 0.4 70 0 
7945 27 0 41 0 54 0 68 0.8 69 1 73 0 75 0.7 85 1 93 0 
8104 35 1 
8118 19 0.7 26 0 37 0.9 38 0 66 0.6 73 0.3 
8195 6 0.6 15 0 31 0.5 38 0.6 67 0.4 73 0 85 1 89 0.3 90 0.6 95 0.5 
8298 16 0.7 49 0.9 50 1 94 0.7 
8299 23 0.5 24 0.7 35 1 51 0 54 0.9 55 0.4 57 0.6 77 0 84 0.5 96 0 
8545 1 1 7 0.6 
8819 7 0.9 9 0 34 0.4 56 1 61 0 74 0.9 
8992 19 0 25 0.4 30 0.5 38 0 66 0.3 73 0.9 77 0 83 0.9 92 0.5 94 1 
9217 14 0.8 19 1 40 0.4 64 0.5 
9388 13 0 21 0.4 22 0.7 39 0 51 0.9 76 0 78 0 82 0 90 1 93 0.8 
9434 3 0.3 7 0.9 9 0.6 24 0 49 0.7 57 0.6 60 0 
9667 8 0.3 30 0.9 35 0.8 39 0.5 52 0.7 53 0.6 78 0.3 79 0.6 
9767 26 0.9 48 0.3 53 1 55 0.4 61 0.4 66 0 94 0.3 
9816 20 0 21 0.3 33 0.8 53 0.6 57 0.9 60 0 78 0.7 84 0.6 
9836 5 0.4 20 0.4 40 0.8 54 0.6 61 1 63 0.7 76 0.5 90 0.3 
