100
21 31 0 71 0.4 74 0 93 0 94 0.6 96 0.3 
200 22 0.5 28 0 62 0 76 0.7 86 0.9 
225 2 0.5 50 0 82 0.3 
285 21 0.7 32 0.8 36 0.3 43 0.7 75 0.9 83 0 84 0 
343 6 0.4 20 0.9 44 0.9 74 0.4 88 0.6 89 0.3 
379 0 0.9 9 0.9 21 0.3 34 0 53 0.9 66 1 83 0.7 
450 15 0.7 59 0.4 60 0.8 73 0 
471 25 0 28 0.8 68 0 75 0 82 0 85 0.8 88 0.4 92 0.3 98 1 
552 22 0.8 28 0.6 55 0.4 
672 24 0.6 57 0.3 64 0.9 
770 2 0.3 15 0.6 23 0.9 71 0 86 0.5 
851 4 0.6 7 0.9 9 0.9 25 0.7 52 0.6 57 0.3 58 0.5 67 0.3 78 0.9 86 0.9 
914 3 0 29 0.7 34 0.4 62 0 64 1 92 0 
996 9 0.5 12 0 47 0.4 56 0.6 57 0.9 58 0.7 81 0.8 89 0 
1230 49 0 70 0.9 79 0.8 80 0.4 94 0.7 97 1 
1231 27 0.3 30 0.5 46 0 49 1 53 1 58 0.6 64 0.4 85 0.6 
1232 62 0.6 
1445 30 0.3 48 0.5 
1811 15 1 39 0 70 0.6 
1931 6 0.7 24 0.8 52 0 61 0 71 0.8 
1962 72 0 
2072 22 0.8 37 0 42 0.9 87 0 
2148 13 0 31 0.7 36 0.9 66 1 
2258 22 0.7 35 0 57 0.5 60 0.3 62 1 88 0.9 89 0 
2339 55 0 
2355 69 0.9 77 0.3 80 0.3 
2458 22 0 40 0.8 
2522 22 0.8 48 0 
2599 0 0 26 0.8 46 0 53 0.8 73 0.7 79 0.6 80 0.4 90 0.6 
2646 5 1 10 0.4 31 0.4 54 0.5 55 0 68 0.6 77 0.6 82 0.4 
2696 14 0 24 1 31 0.6 40 0 94 0.6 
2720 55 0 86 0.9 
2785 85 0.5 87 0 93 0.9 
2792 8 1 
2854 11 0.7 41 0.8 44 0.3 
2885 43 0.9 82 0.9 
2926 31 0.9 34 0.3 40 0.8 66 0 68 0.8 
2982 8 0.7 30 0.3 35 1 38 0.8 50 0.7 86 0 92 0.5 
2988 84 0 
2994 31 0.4 36 0.9 55 0.5 
3119 64 0.6 65 0 80 0 
3196 16 0 25 0.5 29 0.3 36 0.9 82 0.7 85 0.6 91 0.6 
3430 11 0 26 0.6 92 0.4 
3707 35 1 46 0 64 0.4 66 0 70 0 72 0.3 90 0.6 
3756 2 1 4 0 12 0 13 1 14 0.3 34 0.9 57 0 64 0.9 83 1 85 0 
3793 3 0 19 0 39 0.4 66 0.6 73 0 88 0 96 0.3 
3854 5 0 16 0.3 30 0 57 0.3 65 0.3 67 0.3 79 0 92 0.7 99 0 
3925 12 0.5 26 0.7 31 0.6 91 0 
3984 50 0.6 
4053 17 0.6 18 0.7 40 0.4 47 0.5 50 0 63 0.4 69 1 93 0.7 
4137 89 0.9 
4148 24 0.6 40 0 41 0.3 48 0.6 56 0 58 1 65 0.5 71 1 72 0.7 95 0 
4735 41 0.9 97 0.8 
4762 2 0 3 0.9 4 0.9 29 0.5 59 0 77 0 87 0.8 88 0.8 94 0.4 
4823 5 1 30 0 52 0 62 0.6 69 0 77 0.9 78 1 83 1 92 0 93 0 
5002 22 0.9 58 0.6 
5196 10 0.9 59 0 
5223 0 0 1 0.8 14 0.3 17 0 22 0.7 24 0.4 30 1 47 0 65 0.3 88 0.6 
5370 11 0.9 16 0.4 71 0.4 
5429 8 0 17 0.5 27 0.4 33 0.9 56 0 76 0 78 0 95 0.8 
5570 71 1 
5594 6 0.9 10 0.3 38 0.5 44 0 46 0.8 
5598 16 0 18 0.7 19 0.6 22 0.8 26 0.6 80 0.8 81 0.6 86 0 
5603 19 0.5 36 1 44 0.8 91 0.7 
5634 16 1 41 0.3 45 0 58 0.4 75 1 82 0.5 83 0.9 97 0.6 
5645 54 0 94 0.6 
5651 76 0 85 1 98 0.4 
6166 5 0.6 11 0 12 0 14 0 31 0.5 63 0 79 0.4 88 1 91 1 95 1 
6383 9 0 14 1 18 0.9 24 0.4 30 0.7 38 1 53 0.9 54 0.3 72 0.4 91 0 
6410 7 0.9 51 0.8 66 0 76 0 
6414 20 0.9 36 0.4 39 0.6 45 0.8 55 0.5 79 0.8 82 0.5 85 0.3 88 0.4 
6623 35 0.7 
6701 20 0 25 1 
6994 10 0.7 30 0.6 48 0.6 59 0.4 62 1 89 1 
7170 37 0 39 0 
7317 22 1 58 1 92 0.3 
7465 0 0.6 53 0.6 99 0 
7540 5 1 30 0.6 42 1 44 0.8 65 1 71 0.9 79 0.6 94 0.8 
7637 30 0.9 
7745 28 1 44 0.9 50 0 57 0.9 69 0.9 77 0 99 0 
7759 8 0.3 9 0 11 0 26 1 32 1 37 0 40 0.8 42 0.6 68 0.3 82 0 
8058 0 1 
8145 54 1 85 0 
8209 21 0.3 
8285 28 0.9 64 0.4 70 0 73 0.5 90 0 
8396 48 0 88 0.6 
8434 5 0.3 36 0 39 0.5 52 0.7 54 0.8 64 0.3 
8517 10 0.5 13 0.9 38 0.4 57 0.7 59 0.4 79 0.3 87 0 95 0.8 
8534 3 0.5 13 0.8 16 0 75 0 82 0.9 83 0.8 94 1 
8709 5 0.7 8 0.6 26 0.7 28 0.4 44 0 82 0.7 84 0 95 0.8 
8803 25 0.6 
8863 20 0.3 52 0.6 54 0.6 64 0 67 0.4 87 0.4 94 0.3 
8865 4 0.8 18 0.5 41 0.7 50 0.3 79 0.8 98 0.8 
9198 33 0.4 46 0.6 49 0.4 59 0.8 91 0.8 
9213 14 1 15 0.9 32 0.4 62 0.7 73 0.5 78 0.8 
9247 29 0.3 82 0.6 98 0.9 
9281 0 0.4 1 0 13 0.5 36 0.9 40 0.6 50 0 53 0.9 64 0.7 89 0.5 
9317 60 0.6 62 0 68 0.5 97 0.6 99 0.8 
9414 7 0.9 9 0 12 0.4 
9947 29 0 33 0.9 68 0.6 87 0.5 
