100
78 3 0 4 0.8 8 0 27 0.6 32 0.8 61 0 87 0.8 97 0 
97 5 0.8 9 0.9 13 0.6 16 0 54 0 62 0.4 
453 15 0 64 0.3 87 0.5 99 0.3 
548 25 0.7 45 0 
562 11 1 17 0.5 33 0.7 46 0 49 0.9 51 1 81 0.3 86 0.6 
756 17 0.9 27 1 50 0 68 0.6 
901 39 0.5 82 1 89 0.8 
904 19 0.8 28 0.5 50 0.3 52 0.8 58 0 97 0.3 
944 18 0.7 42 0 57 0 60 0.3 68 0.9 80 0.3 91 0.3 
951 16 0.9 30 0.5 31 0 50 0.9 57 0 
1014 27 0.7 64 1 
1040 12 0.7 44 0.5 52 0.8 56 0.5 65 1 96 0.8 
1150 35 0.4 78 0.5 
1176 8 0.5 11 0.4 13 0.9 14 0 30 0.6 38 0.4 40 0.6 57 0.7 60 0.3 79 0.4 
1206 6 0.6 47 0.8 51 0 60 1 79 0.4 83 0.8 
1267 0 0.7 18 0.9 29 0 34 0 57 0.9 63 1 88 1 
1524 3 0.8 51 1 63 0.5 64 1 91 0.4 
1651 10 0.8 13 0 25 0.5 46 0.9 83 0.6 
1715 13 0.3 45 0.6 98 1 
1793 8 0 24 0.4 48 0.6 55 0.5 60 1 64 0.8 71 0 77 0.4 78 0.5 
1863 28 0.3 
1919 3 0.8 19 0 26 0.3 40 0.6 45 0.6 60 0.9 61 0.5 
2041 3 0.6 23 1 32 0 63 0 70 0.7 
2050 34 1 77 0 
2134 26 0 44 0 55 0.8 79 0.9 89 0.4 
2165 3 0 24 0.8 28 0 
2247 54 0.3 
2344 15 0.3 20 0 37 1 40 0.3 59 0.7 72 1 79 0 85 0.5 
2465 11 0.4 50 1 59 0.4 78 1 
2684 18 0 
2750 93 1 
2908 5 0.6 17 0.9 41 1 54 0.4 77 0 
3383 4 0.6 10 0.4 13 0 15 0 16 0 27 0.8 28 0.4 45 0.8 57 0 68 0.3 
3583 0 0.8 7 1 24 1 46 0.3 58 1 91 0.6 
3587 23 0.4 38 0.4 41 0.3 49 0 
3784 31 0 39 0.7 60 1 89 0.9 95 0.5 
3878 3 1 68 0 81 0 
3958 39 0 90 0.7 
4004 38 0.7 
4030 25 0 95 0 
4065 61 0.8 71 0.8 
4108 15 0 21 0.3 
4237 14 1 18 0.5 27 1 54 0 61 0 64 0.8 74 0 80 0 93 0.3 
4263 11 0.5 21 1 56 0.6 62 1 
4371 3 1 11 0 12 0.8 35 0.5 42 0.3 92 0 
4518 9 0.7 11 0.4 13 0.6 42 0.3 46 0.5 
4685 2 0.9 12 0.8 41 0.4 44 0 54 0 80 0.4 96 0.5 
4838 10 0.6 15 0 27 0.8 39 0.3 44 0.9 60 0 
4839 7 0.5 43 0.4 54 0.4 63 0.8 70 0 78 0.3 91 0.9 99 0.8 
4954 8 0.7 11 0 12 0.3 18 0.3 20 0.4 32 0 44 0 
4958 24 0 39 0.3 45 0.7 66 1 87 0 
5032 0 0.3 6 0.8 75 0.7 89 1 
5046 42 0.9 
5095 60 0.4 63 0 69 0 86 0.5 95 1 
5123 12 0 36 0.9 38 0.8 51 0 59 0.8 71 0.6 75 0.3 96 0.8 
5192 7 0.3 46 0.4 71 0.8 81 0.7 
5233 2 0.7 24 0.6 42 0.3 60 0.3 64 1 91 0.5 95 0.3 96 0 
5543 30 0.5 32 0 41 1 42 0 43 0.9 48 0.7 58 1 65 0.9 78 0.3 87 0.6 
5572 2 0 7 0.6 21 0.4 30 0 35 0.6 57 0.4 71 0 94 0.6 99 0 
5635 38 0.4 58 0 86 0.4 87 0.3 
5649 6 0.4 13 0 19 0.3 33 0.7 38 0.5 40 0.4 52 0.4 53 0.3 78 0 94 0.3 
5718 0 0.8 6 0.8 8 0 47 0.8 66 0 71 1 80 1 88 0 89 0 
5742 34 0.3 46 0.8 65 0.9 80 0 97 0 
5764 3 0.6 7 1 
5786 5 0.9 17 0 18 0.9 23 0 31 0.5 38 0 40 0.5 57 0.6 92 0.8 
5913 69 0 
5961 7 0.5 
5990 2 0.3 13 0.6 35 0.7 58 0.9 67 0.3 72 0 75 0.9 
6019 19 1 22 0.3 40 0.5 51 0.3 59 0 68 0 87 0 
6040 21 1 31 1 36 0.5 47 0.6 54 0 57 0.5 67 0.3 68 0 83 0.3 
6204 22 1 
6317 4 0.5 12 0 42 0.8 57 0 78 0 81 0.3 
6378 4 0.9 
6659 2 0.8 27 0.3 56 1 61 0.3 71 0.7 79 0.4 81 1 82 0.6 94 0.5 95 0.5 
6688 1 1 24 0.6 42 0.4 46 0.4 51 0 55 0.8 60 0.6 
6805 15 0.5 39 0.5 45 0.9 56 0.5 
7037 36 0.6 62 0 75 0.7 77 0 81 0 
7219 2 0.5 10 0.4 58 0.6 66 0.3 75 0.4 83 0.7 
7339 26 0 43 0.9 
7422 5 0.6 13 0 35 0.8 44 0.5 46 0.6 47 0.6 55 0.4 73 0.5 75 0.3 
7464 33 0.8 
7489 9 1 27 0 38 0.8 62 0.5 65 0.6 73 0.9 78 0.8 81 0.7 90 1 99 0.6 
7654 94 0.8 
7682 94 0 
7725 10 0.8 34 0 54 0 65 0 83 0.4 
7995 42 0.6 50 0.4 59 0.3 
8051 3 0.4 7 0.8 20 0.3 29 0.9 50 0.6 62 0.7 64 0.3 80 0.8 90 0 
8139 7 0.8 23 0.6 34 0.7 63 0 90 0.4 95 0.3 
8181 29 0.4 38 0 73 0.8 86 0.8 
8355 27 0 42 0.8 81 0.9 83 0.5 
8469 11 0.6 
8471 11 1 
8946 67 0 72 0.6 80 0.6 97 0.4 
9041 23 0.4 53 0 59 0 86 0 
9422 15 0.3 36 0.6 37 0.4 55 0.9 73 0.6 
9531 10 0 33 0 50 0 51 0.7 74 0.8 88 0 96 1 
9538 3 0.3 19 0.4 60 0 
9818 18 0.9 94 0 
9919 9 0.3 32 0.3 40 0 46 0.3 76 0.6 87 0 
9995 5 0 7 0 21 0.5 60 0 66 0 72 0.9 74 0.3 85 0.3 90 0 
