100
64 27 0 50 0.3 69 0.8 81 0 
139 0 0.6 10 0 28 0 30 0.8 45 0.5 47 0.3 58 0.3 69 0.3 92 0.9 
176 40 0.3 
291 32 0 38 0.8 40 1 90 0 
391 54 0.7 91 0.6 
510 35 0 49 0.5 93 0 
625 10 1 14 0.6 23 0 24 0.7 25 0.7 26 0.6 33 0.5 48 0.7 68 0.6 
685 2 0 42 0.5 50 0.6 53 0.5 79 1 83 0.3 88 0.8 
754 7 1 10 0.6 29 0.8 54 0 63 0.8 93 0.5 97 1 
792 99 0.4 
861 6 0 17 0 21 1 65 0.4 76 0 84 0.5 87 0.5 93 0.8 97 0.3 
918 13 0 18 0.7 19 0.5 28 0.4 41 0 76 0.3 98 0 
965 13 0.8 23 0.5 30 0.3 35 0 53 0 62 0.9 65 0.9 69 0.4 75 0.4 85 0.4 
972 8 0.5 12 1 24 0 37 0 47 0.3 48 0 61 0.8 83 0 84 0 85 0.3 
1029 14 0.7 18 0.8 
1265 0 0.4 6 0 13 0.4 31 0.5 40 0.6 46 0.5 85 0 97 0.6 
1277 1 0.5 38 0.5 82 0.5 
1472 10 0 29 0.7 46 0.6 54 0.9 61 0 84 0 
1518 24 0.3 36 1 54 1 62 0.3 67 0.5 85 0.9 87 0.9 90 0.5 99 0 
1642 28 0.9 36 0 66 0.7 75 0 91 0.6 93 0.7 
1657 8 0.4 9 0.7 20 0 34 1 50 0.6 79 0.6 85 0.6 87 0.3 
1668 0 0.5 9 0 12 1 19 1 64 0 83 0 
1675 21 0.9 28 0.8 42 0.8 51 0 72 0.4 89 0.5 97 0.9 
1801 30 0.5 34 0.9 42 0.9 44 0.5 52 0.9 53 0 73 0.6 80 0 
1942 15 0.6 20 0 39 0.4 61 0.8 62 0 65 0.5 79 0 
1985 5 0.7 16 0 43 0 49 0.5 67 0.3 98 0 
2175 31 0 41 0 51 0.4 58 0.7 60 1 61 0 74 1 82 0.9 
2304 0 1 14 0.6 22 0.8 30 1 48 1 55 0.7 92 0 97 0 
2365 84 0 87 0 89 0.4 97 0.6 
2434 23 0.7 77 0.4 84 0.4 
2585 14 0 24 0.5 33 0 53 0.9 74 0.6 93 0.8 
2586 13 0.7 14 0 41 0.9 62 0 70 1 97 0.5 
2594 9 0.3 24 0.5 37 0.5 49 1 52 0.5 54 0.6 59 0.6 65 0.5 97 0.4 
2610 1 0 8 0.7 40 0.6 44 0.6 51 1 80 0 86 0.3 
2780 1 1 3 0.7 52 0 70 0 74 0.3 92 0.3 93 0.5 
2947 1 1 10 0.8 15 0.7 
2949 90 0.5 94 0 96 0.3 
3010 7 0.5 23 0 24 0.7 29 0 35 0.7 36 0.5 92 0.7 
3011 10 1 24 0.5 32 0 34 0 62 0.8 63 0 64 0 85 0.9 86 1 
3115 10 0 67 1 
3217 18 0.7 33 0 46 0.7 52 0.3 59 0.5 67 1 93 0 
3325 3 1 10 0.6 32 1 48 0.4 67 0 74 0.7 94 0.8 
3393 4 0.5 7 0.3 8 0 20 1 25 0 42 0 71 0 89 0.4 
3412 41 0 73 0.4 79 1 
3608 23 0.7 31 0.8 36 0.4 48 0.9 74 0.8 96 0.6 98 0.5 
3746 22 0.7 41 0.3 46 0.5 92 1 
3790 5 0.3 12 0.5 20 0.5 35 0.9 53 0.4 86 0.4 97 0.3 
3910 17 0.6 
3913 2 0.8 30 0 49 0.7 58 1 66 0.5 
4014 7 0.8 8 0.7 39 0.6 86 0.5 97 0.6 
4059 8 0.6 12 0.6 22 0.9 34 0.9 35 0.6 67 0.6 93 0 
4107 48 0.6 77 0.5 
4179 8 0.4 42 0.8 90 0.8 93 0.6 99 0.5 
4190 7 0.6 22 0.6 26 0.7 51 0.9 55 0.7 84 1 98 0.9 
4229 14 0 20 0.9 21 0.6 27 0.4 28 0.8 51 0.7 62 0.4 69 0.7 92 0 98 0 
4329 1 0.7 15 0.5 19 0.8 31 0.6 36 0.8 51 0.4 52 0.5 88 0 92 0 
4404 5 0.9 15 1 16 0.8 22 0 54 0 65 0 72 0.9 77 0.5 
4806 2 0 65 1 70 0.6 
4920 0 0.6 5 0.8 16 0.8 26 0 30 0 36 0.6 66 0.8 68 1 86 0.9 98 0 
5019 15 0 39 0.6 54 0.3 96 0.4 
5128 35 0.9 55 0.8 63 0.3 73 0.3 76 0.5 86 0.3 97 0.4 
5326 27 0 50 0.5 82 0 87 0 89 1 
5670 38 0.5 80 1 
5710 25 0.7 55 0.6 86 0 
5711 9 0.3 17 0.9 21 0.8 33 0 44 0.4 54 0.8 58 0.9 84 0 85 1 91 0.9 
5883 1 0.3 10 0.4 14 0.6 15 0.7 26 0 31 1 35 0 39 0.8 73 0 77 0.9 
5894 0 0.7 10 0.5 13 0.3 22 0.7 39 0 41 0.4 74 0 75 0.6 92 0.8 
5923 23 0.4 24 0.7 35 0 38 0.6 74 0 97 0.4 
6082 32 0 74 0.7 78 0.4 82 0 
6133 63 0.5 
6175 21 0.8 84 0.3 
6216 4 0.7 11 0 17 1 27 0 29 0 48 0 56 0.4 
6303 9 1 10 0 17 0.4 52 0.4 
6363 83 0.6 92 0 
6382 6 0.9 10 0.9 16 0 22 0.7 39 0.6 56 1 76 0 82 0.3 87 0.3 88 0.3 
6619 2 0.4 50 0 89 0 
6723 3 0.8 12 0 20 0.4 24 0 25 0.6 37 0.8 70 0.3 81 0.3 98 0.8 
6784 8 0 11 0.5 13 0 23 0.3 58 0 74 0.3 77 0.8 80 0.3 86 0 
6838 7 0.6 11 0.6 12 0.4 13 0.4 28 0 50 0.5 64 0 65 1 72 0 77 0.4 
7038 16 0.9 21 0 23 0.3 58 0.6 63 1 68 0.5 71 0.6 74 0 91 0 
7119 29 0 35 0 38 0.5 61 0.6 
7535 1 0.8 3 0 28 0 59 0.6 62 1 74 0.3 
7546 63 0.4 70 1 
7615 0 0.3 2 0.8 14 0.8 19 0.6 23 0 81 0.3 90 0 92 0 
7811 1 0 13 0.6 19 0.4 44 1 64 0.4 74 0.6 88 0.4 98 0.9 
7863 3 0.7 5 0 18 0.7 22 0.5 39 0 40 0.4 50 0 57 0 61 0.3 72 0 
7928 53 0.5 86 0 
8155 21 0.6 27 0 50 0.4 58 0 61 0.8 67 0 73 0 81 0 
8302 15 0 
8581 19 0 48 0 53 0.6 59 0 68 0.3 74 0.8 
8668 22 0.7 26 0.5 29 0.8 30 0.3 56 0.3 57 0.5 81 0.8 82 0.9 88 1 96 0.6 
8987 17 0.3 31 0.4 50 0.7 67 0.9 90 0.3 
9125 61 0 67 0.8 88 0 
9134 2 0.7 9 0.3 28 0 90 0.7 99 0.7 
9351 5 0.8 6 0.6 16 0.5 26 0.6 28 0.4 33 0.9 61 0.8 70 0.8 71 0.7 91 0 
9389 0 0.8 37 0.5 41 0.6 58 1 63 0.7 69 0 84 0 
9509 18 0 20 0.7 43 0 54 0 66 0.7 79 0.9 
9728 6 0 8 0 11 1 59 0 85 0 86 1 
9948 13 0 52 0.5 53 1 65 0 67 0 98 0 
9958 10 0.9 47 0 
