100
52 22 0.7 45 1 56 0 
161 9 1 21 1 36 0 66 0.9 94 0.6 
261 27 1 29 0.6 60 0.9 68 0.3 86 0.9 88 1 89 0.7 
286 25 0.6 48 0.8 51 0 55 0.6 56 1 64 0.7 86 0.4 90 0 93 0.4 
343 6 0.4 20 0.6 44 1 74 0 88 0.4 89 0 
350 0 0.4 11 0 14 1 23 0.5 57 1 88 0 
354 8 0.4 78 0 82 0.4 83 1 85 0.9 99 0.6 
377 7 0.9 9 0 85 0 
384 1 0.8 27 0 35 0.6 38 0.3 50 0.4 61 0 70 1 79 0.5 86 0.4 
546 6 0.4 55 0 
695 1 1 11 0.5 23 0 35 1 36 0.4 49 0 68 0.8 73 1 98 0.7 
702 25 0 32 0 83 0.5 99 0.6 
743 26 0 36 0.3 64 0.4 69 0.8 85 0.7 99 0.4 
798 3 0 40 0 46 0.8 48 0 57 0.7 64 0.4 72 0 90 0.6 
817 6 1 13 0.6 18 1 23 0.6 24 0.6 35 0.6 36 0 41 0.9 72 0.7 77 0.6 
911 10 0 22 0.6 31 0.7 46 1 70 0 91 0 
924 59 0.4 65 0 83 0 99 0.5 
1057 16 0.9 33 0.5 35 1 37 0 40 0.4 49 0 50 1 59 0 76 0.9 99 0.6 
1139 6 1 23 0.7 36 0 87 1 88 0.4 
1185 48 0.9 
1208 4 0 6 1 14 0.7 16 0 26 0 41 0.4 52 0 53 0.8 56 0 68 0 
1304 12 0.5 61 0.5 65 0.9 66 0 
1403 8 0.3 16 0.4 22 0.5 23 0.8 36 0.9 54 0.7 57 0.4 67 0.3 77 1 
1433 8 0.4 20 0.8 48 0 
1476 16 0.4 32 0 40 0.3 61 0 
1532 34 0.8 83 0 
1545 13 1 69 0 93 0.7 
1569 2 1 5 0.9 8 0.4 20 0.8 26 0.7 42 0 49 1 99 1 
1656 2 0 4 0.8 11 0.8 39 0.7 67 0 
1737 41 0.3 43 0.6 62 0 64 0.3 66 0.4 70 0.3 
1824 47 0 65 0.5 92 0.5 94 0.9 96 0.9 
1984 8 0.5 27 0.6 29 0 40 0.9 50 0 59 0.6 62 0.7 76 1 95 0.4 99 0 
2119 42 0.5 53 0.6 98 0.4 
2388 88 1 
2595 11 0 35 0 49 0.3 
2723 17 0 25 0.5 31 0 51 0.8 53 0.8 54 0 64 0.7 83 0.4 88 0.8 93 0.6 
2870 63 0 69 1 90 0.9 95 0.5 
2969 5 0.9 21 0.4 
2975 16 0.6 17 0.6 39 0 50 0.9 62 0.8 66 0.5 79 1 98 1 
3053 8 0.3 10 0.9 13 0.3 29 0 68 0.7 81 0.4 86 0.6 92 0.8 
3089 15 1 71 0.8 91 0 
3131 37 0.6 43 0 
3137 73 0.9 
3157 11 0 13 0.7 65 0 71 0.4 93 0 
3357 11 1 38 0 47 0.5 73 0.3 90 0 
3426 1 0 28 0.7 32 0.6 33 0.3 35 0.9 64 0.9 67 1 70 0 92 0 
3447 58 0.4 
3606 3 0.8 6 0 12 0 15 0 20 0.5 39 1 52 0.8 64 0.5 66 0 
3674 7 0.8 
3976 2 0.9 17 0.4 30 0.4 32 0 33 1 50 0.4 80 1 
4010 4 1 26 0.6 37 0.7 43 0.5 49 0.3 51 0.8 
4025 11 0 22 0.3 49 0 95 1 
4219 22 0.6 28 0.4 29 0 63 0.3 
4342 99 0 
4432 74 0.5 75 0 
4509 4 0.7 61 0 68 0 84 0 98 0.7 
4592 6 0.7 16 0.4 47 0 78 0.3 95 0.7 
4647 0 0.4 11 0.5 59 0 87 0.5 
4658 38 0.5 90 0 
4837 55 0.5 
5005 4 0 22 0 43 0.4 71 0.6 80 0 
5075 4 0.6 16 0.4 19 0.5 25 0.7 28 0 33 0.6 46 0.4 59 0.5 79 0.6 88 0.5 
5377 20 1 
5449 10 0.6 13 0.6 17 0 28 0 48 0.9 57 0 77 1 
5529 9 0.5 20 0.8 25 0.8 31 0.8 53 0 79 0.9 
5645 54 0.8 94 0 
5817 37 0 44 0 47 0.9 48 0 49 0.3 62 0.4 69 0.5 73 0.6 78 0.7 85 0.3 
5945 42 0.4 51 0.5 71 0.4 78 0.5 
6101 62 0.3 77 0 
6177 32 0.5 46 0.6 60 0.7 67 0.4 74 0.6 80 0 83 0.5 85 0 
6468 19 0.9 29 1 51 0 54 0.4 59 0.4 71 0.7 79 0 
6480 24 0.7 52 0.3 56 0 71 0 
6603 5 0 8 0 11 0.7 31 0 42 0.7 54 0.4 65 0 74 0.6 
6629 17 0 32 0 79 0.3 
6670 9 0.8 12 0.9 
6818 12 0.5 19 0 20 1 22 0.9 27 0.6 54 0.8 60 0 76 0.6 78 0.4 90 0.7 
6926 5 0 8 0.6 53 0.5 72 0.5 82 0 97 0.3 
6941 48 0.3 87 1 
6952 8 0.7 23 0.8 42 0 50 0 56 0.8 59 0 60 0 75 0 76 0.4 83 0 
7128 1 0.9 3 0.3 5 0.8 11 0.8 19 0 26 0.7 54 0 58 0 73 0 74 0 
7166 13 0.9 48 0 52 0.9 67 0.9 82 0.6 
7342 29 0.6 47 0.6 75 0 91 0.9 
7362 4 0 33 0 66 0.3 70 0.3 78 0.6 83 0.8 87 0 88 0.5 
7418 2 0.8 9 0.4 37 0.9 50 0 56 0 61 0.6 62 1 64 0.8 65 0.9 75 0.4 
7795 11 0.7 36 0.6 38 0.7 40 0.6 69 0.8 82 0 92 0 96 0.4 98 0.4 
7857 3 0.8 7 0.6 45 1 61 0.4 80 0.7 97 0.4 
7955 20 0 30 0.6 39 0.3 81 0.3 99 0 
8501 4 0 5 0.7 13 0 32 0 35 0 62 0.5 70 0.6 
8512 7 0.4 37 0.4 38 0.6 74 1 94 0.4 
8591 14 0.8 24 0.6 32 0.5 45 0 48 0.8 52 0 55 0 57 0 60 0.4 87 0.9 
8804 18 0.8 25 0.8 38 0.7 94 0.5 
8805 19 0 79 0.6 96 0 
9115 32 0.6 
9170 12 1 61 0.5 67 0.6 86 0.5 
9233 4 0 33 0.5 67 0 86 0 
9418 11 0.7 
9458 11 0.9 19 0.3 22 0.6 42 0.8 43 0 54 0 66 0 
9469 16 0 25 0.4 56 0 
9572 0 0.6 21 1 49 1 55 0.4 65 0.3 86 0 
9925 10 0.3 58 0 
