100
74 19 0.6 45 0.5 52 0.5 56 0.4 85 0.4 
94 5 0.4 14 0.4 22 0.9 59 0.6 85 0.3 90 0 
131 6 0.4 11 0.9 16 0 25 0 28 0.3 41 1 91 0.9 
219 18 0.3 38 1 
222 11 0 21 0 31 0.3 60 0 70 0.6 78 1 81 0 85 0.7 
248 4 0.8 5 0.8 28 0 46 0 55 0 70 0.7 82 0 93 0.7 95 0 
257 47 0.9 69 0 79 0 82 0.7 90 0.7 
275 5 0.7 10 0.4 19 0.5 28 0.9 31 0 43 0 90 0.9 
278 40 0 68 1 
412 8 0 10 0 34 0.9 38 0.9 44 0.4 45 1 50 0.8 66 1 90 0 98 0.3 
633 29 0.4 86 0.5 
686 2 0.6 15 0 27 0.3 31 0 35 0 71 0.9 78 1 
697 37 0 57 0 
889 11 0.8 17 0 23 0.3 46 1 52 0.4 80 0.5 82 1 98 0.3 99 0.5 
913 16 0.3 18 0 23 0.5 31 0.8 54 0.4 
970 5 0 9 0.5 63 1 93 0.6 
1013 25 1 37 0.6 56 0.8 60 0 93 0.6 96 0.7 
1079 4 1 15 0.7 22 0 33 0 59 0.5 94 0 
1175 0 0.7 9 0.9 14 0 18 1 30 0 51 0 80 0.4 82 0 
1296 16 0.7 39 0 84 0.8 
1316 4 0.9 9 0.5 34 0 37 1 47 1 56 0.9 63 1 68 0.5 71 1 85 0.5 
1404 76 0.7 
1422 40 0 
1557 3 0.5 30 0 61 0.6 75 0.8 83 0.5 86 1 92 0 96 0.5 
1715 13 0.6 45 0.9 98 0 
1945 17 0.9 42 0 55 0.4 59 0.4 68 0.5 80 0.5 81 0.8 95 0.6 
2043 12 0.6 21 0.7 23 0 32 1 35 0.6 37 1 43 0 51 0.7 93 0 99 0.3 
2049 25 0.7 34 0.5 
2293 34 0.8 37 0.6 44 0.8 64 1 70 0.3 98 0.8 
2438 10 0.6 29 0.3 42 0 52 0.5 57 0.9 61 0.8 67 0.7 
2469 0 0 3 0.3 60 0 
2550 43 0 
2636 11 0.4 62 0.3 63 0 69 0.3 76 1 84 0 
2703 4 0 9 0.3 45 0 60 0.3 98 0.5 
2781 2 0.7 57 0.3 62 0.6 66 0.7 87 0.3 91 0 92 0 96 0 
2839 41 0.3 91 0.7 
2934 8 0.5 29 0.8 32 0 46 1 51 0.5 72 0 
3074 6 0 12 0 20 0.8 23 0.8 45 0.7 53 0 60 1 79 0.9 
3297 51 0 67 0 72 1 
3433 87 0.6 
3451 75 0.5 
3597 1 0.9 
3603 17 0.7 20 0 35 0.5 47 0.5 49 0 80 0.8 87 0.7 
3616 35 0 39 0.4 41 0 48 0.7 83 0 86 0.4 91 1 
3720 11 0.3 20 0.8 30 0 95 0 
3769 55 0.4 63 0 78 0.9 
3950 23 0.9 34 0.9 46 0.8 56 0.7 57 0.6 64 0.8 81 0 84 0.5 
3962 74 0.6 
4082 2 1 7 0.6 18 0.7 21 0.5 31 0 34 0.3 54 0.6 
4176 8 0 24 0.8 84 0.6 86 0.4 89 0.5 91 0.9 93 0 
4327 0 0 14 0.6 15 0 62 0.5 71 0.3 77 0.3 87 0.4 97 0.3 
4366 11 0.7 64 0 73 0.4 
4370 4 0.9 13 1 15 0.4 25 0 47 0 89 0 
4607 21 0.8 61 0.5 83 0.9 84 0.3 91 0.8 
4711 4 0.5 8 0.7 13 0.9 
4746 3 0 10 0 81 0.3 
4840 9 0.4 22 1 43 0 71 0.9 
4858 14 1 41 0.8 51 0.4 53 0.8 61 0.4 69 1 82 0.6 85 0.6 
4923 14 0 51 0.7 
4961 1 0.8 16 1 18 0.7 35 0.4 39 0 40 0.7 57 0.9 59 0.3 89 0.6 91 0 
5020 13 1 54 0 
5050 36 0.3 67 0.8 70 0.9 
5099 50 0.9 72 0 
5181 4 0.4 8 0 49 0.6 54 0.3 58 0 63 0.9 
5324 14 0.5 40 1 
5416 1 0.9 
5429 8 0 17 0.4 27 0.7 33 0.6 56 0.3 76 0 78 1 95 0.7 
5495 10 0.4 20 0 53 0 74 0.7 97 0.8 
5819 7 0.9 98 0 
5879 37 1 45 0.5 70 0 82 0 95 0.3 
6009 91 0.6 96 0.8 
6353 10 0.4 26 0.6 69 0.6 85 0.5 
6376 90 0 
6511 14 0 34 0 36 0.6 57 0.6 63 0 75 0.5 85 0.3 90 0.4 94 0.8 96 1 
6728 10 0.3 15 0.9 24 0 62 1 64 0.3 86 0.9 88 0.3 
6758 60 0.9 
6831 5 1 8 0.6 78 0 
6843 4 0.4 7 0.5 13 0 60 0 71 1 84 0.7 
6859 63 0.8 
6898 27 0.8 35 0.6 41 0.8 47 0 50 0 62 0.4 99 0.4 
6931 23 0.3 63 0 65 0 86 0.4 88 0.9 
7118 23 0.5 32 0 41 0.6 76 0 77 0.7 78 0.7 87 1 
7408 1 0.6 6 0 7 0 42 0.3 56 1 87 0.7 89 0.6 
7433 13 0 51 0 62 0.8 77 0.8 88 0.8 94 0.8 
7452 27 0.3 34 0 46 0.5 48 1 49 0 50 0 59 0 68 1 72 0.4 
7725 10 0.3 34 0 54 0.3 65 0 83 0.5 
8023 6 0.9 8 0.6 62 1 63 0.3 66 0.3 99 0.6 
8366 16 0.4 54 0.7 63 0.9 
8628 39 0.8 
8686 3 0.4 23 0 28 0.6 33 0.8 40 0.6 53 0 57 0 82 0.4 
8782 39 0.8 47 0.6 76 0 82 0.7 90 0.8 94 0.8 99 0 
9147 1 0.5 14 0.3 43 0.5 53 0.9 55 0 57 0.5 72 0 75 0.6 
9204 32 0.7 73 0 82 0.4 
9254 23 0 27 0 29 1 30 0.3 34 0.4 54 0 79 0 
9275 6 0 49 0 53 0.6 68 0.7 
9497 17 0.5 33 0.4 51 0.4 74 0.3 83 0.3 97 1 
9594 10 0.9 41 0.9 68 0.8 87 0 90 0 
9654 1 0.5 23 0.5 32 0 35 0 39 0.7 71 0.5 77 0 97 0 
9916 13 0.7 29 0.4 42 0.9 52 0 70 0.5 83 0 84 1 86 0.6 99 0.3 
9926 63 0.5 
