100
36 4 0.3 11 1 21 0.6 33 0.8 41 0 53 0.6 55 0 57 0.3 78 0 97 0.6 
101 5 0.4 12 0.4 37 1 
156 33 1 97 0.6 
273 94 0.8 
485 1 0 22 0.7 44 0 56 0 
511 26 0.5 43 0 47 0.3 50 0.8 58 1 
605 2 0.7 16 0.6 27 0.3 61 0 95 0.7 97 0 
612 7 0.7 22 0.9 37 0.4 38 0.7 41 0.7 45 1 66 0 
615 18 0 34 0.7 51 0.3 63 1 79 0 85 0.5 
735 46 0.9 83 0 98 0 
929 5 1 8 0.3 30 0 43 0.3 57 0 76 0 81 0.3 
958 14 0.4 49 0.3 68 0.3 
1228 16 0.9 78 0.7 
1251 30 0 
1264 11 0.5 27 0.7 71 0.6 87 0.3 
1456 2 0.3 31 0.5 37 0.4 
1469 20 0.8 22 0.5 96 0.3 97 0.8 
1529 39 0 88 0.8 
1654 9 0.3 21 0.6 36 0.8 39 0.9 42 0.6 49 0.3 74 0.8 85 0.7 94 0.9 99 0.8 
1758 0 0.3 21 0.9 66 0.6 91 0.3 
1832 10 0.3 29 0.9 41 0.9 43 0.8 44 0.6 49 0 
1833 44 0 46 0.4 92 0.7 
1908 15 0 20 1 27 0.3 43 0 44 1 45 0.9 53 0 76 0.8 79 0 
2286 43 0.5 74 0 
2538 41 0.3 47 0.9 72 0.7 94 0.7 
2572 1 0.5 2 0 26 0 52 0.3 
2631 53 1 82 0.9 
2680 1 0.7 8 0.5 12 0.5 32 0 55 0 65 0 86 0.3 90 0.9 97 0.7 
2713 9 1 13 0.6 41 0 89 0.8 
2784 19 0.6 30 0.4 37 0.5 43 0.7 65 1 71 0.8 95 0 
2989 21 0 52 0.4 63 0.4 84 0 93 0.8 
3037 1 0 8 0.5 18 0.6 72 0.6 89 1 
3099 11 0.6 18 0.4 23 1 44 0.6 
3127 0 0 14 0.7 20 0 33 0.8 52 0 56 0 61 0.5 75 0 
3130 27 0.5 
3236 4 0.8 41 0 
3281 1 0 10 0.5 11 0.5 29 0.5 36 0.3 55 0.6 58 0.5 82 0.8 93 0.6 99 0 
3613 52 0.8 58 0 63 0 
3808 45 0.3 72 0.3 85 0.9 
3938 53 0.4 89 0.3 
4076 7 0.9 9 0.5 19 1 22 0.6 29 0 37 0.8 63 0.8 87 0.5 88 1 
4078 28 0.5 32 0 57 0.3 96 0.4 
4206 9 0 10 0 28 0 38 0.6 40 0.8 64 0.8 82 0.9 85 0.4 88 0 93 0.7 
4234 15 0.9 16 0 19 0 31 0 37 0.3 42 0 58 1 67 0.3 93 0.6 94 0.9 
4280 3 0 32 0.8 39 0 94 0.9 
4344 21 0.4 57 0.8 
4376 52 0.3 
4611 2 1 18 0 35 0.9 87 0.3 95 0.8 
4714 7 0.6 25 0 31 0 37 0.9 38 0.7 42 0.3 46 0 50 0.5 81 0 92 0.9 
4760 31 0.5 37 0.7 54 0.7 67 0 74 0.7 98 0.7 
4893 0 1 12 0.9 38 0.5 62 0.5 73 0.4 98 0 
4957 28 0.3 32 0 35 0.8 45 0.7 58 0.8 62 0.5 95 0 
4962 3 0.7 8 0.4 27 0.9 48 0 60 0.8 87 0 95 0.3 98 0 
5041 13 1 25 0 45 0 61 0 78 0.8 84 0 87 0.9 99 0.9 
5089 1 0.4 5 0.8 53 1 64 0.5 69 0.7 75 0.3 84 0 85 0.7 
5276 1 0.9 6 0 18 0.5 25 0.6 27 0.6 57 0 82 0 
5310 10 0.4 27 0 29 0.8 82 0.9 85 0 
5436 1 0.6 7 0.8 9 0.4 42 0 48 0.6 65 1 79 0 82 0.4 89 0 96 1 
5486 13 0.3 20 0.7 41 0.8 71 0.9 92 0.8 
5524 16 0 21 0.7 22 0 23 0.8 29 1 38 1 47 0 57 0 83 0 90 0 
5577 5 1 28 0.3 30 0.8 79 0.9 86 0 97 0 
5681 82 0.3 
6124 11 0.7 13 0.9 38 0 70 0.5 92 0.9 93 0.7 
6324 36 0.5 42 1 72 0.6 81 0.8 94 0.7 
6357 36 0.7 46 0 76 0 80 0.4 96 0.5 
6645 57 0.8 69 0 81 0.9 90 0.9 
6747 5 0.6 14 0.3 29 1 41 0.4 58 0.4 64 0.6 76 0 82 0.7 89 0.6 99 1 
6778 2 1 3 0.6 15 0.4 17 1 28 0 34 0.7 48 0 65 0.3 70 0.8 95 0 
7002 3 0 13 0.9 29 0.9 58 0.4 68 1 91 0 97 0.8 
7303 29 0 
7476 0 0.8 2 0.4 14 0.9 40 0 47 0.6 66 0 80 0 85 0 91 0.4 
7493 0 1 5 0 7 0.4 29 0.6 30 0.6 33 0.8 86 0.4 92 0.5 98 0.5 
7748 23 0.5 44 0 45 0 
7777 39 0.5 52 0.9 54 1 64 0.3 98 0.9 
7941 6 0.6 10 0.9 13 0.7 18 0.5 23 0 54 0.8 62 0.5 66 0 88 0.4 97 0.4 
8006 67 0 71 0.4 84 0 88 0 
8026 29 0.9 
8097 7 1 13 0.5 18 1 22 0.7 24 0.4 54 0 77 0.8 79 1 
8145 54 0 85 0.4 
8246 2 0.9 21 0.8 23 0.4 48 0.3 65 0.7 69 0.9 
8341 2 0.8 22 1 23 0.8 24 0.6 25 0.5 29 0 46 0 67 0 77 0 84 0.9 
8364 11 1 19 0 37 0.5 59 0.3 88 0.9 
8394 7 0.7 13 0.5 34 1 35 0 62 0.7 67 0.9 73 0.6 89 0.6 
8609 11 0.3 34 0.6 35 0 61 0.8 96 0 
8706 21 0.8 28 0.7 88 0.7 
8773 7 0.8 16 0.7 35 1 46 0.9 48 1 51 0.6 57 0.9 79 0 97 0.4 
8792 5 0.6 13 0 14 0 21 0.8 25 0.4 37 0.7 47 0.9 81 0 
8807 11 0.5 26 1 34 0 
9003 15 1 42 0 77 1 89 0.5 
9027 84 0 98 0 
9193 2 0.5 95 0.9 
9225 36 0 77 0.7 
9370 65 0.7 78 0 
9404 24 0.8 55 0.4 70 0.9 
9452 0 0.3 
9462 88 0.6 
9469 16 0.4 25 0.8 56 0.6 
9501 6 0 22 0.3 27 1 35 0.5 91 0.7 
9600 33 0.3 37 0 46 0.4 50 0.9 55 0.8 60 0.3 62 1 
9650 28 1 61 1 
