100
165 6 1 36 0.7 98 0.7 
183 4 0 28 0.3 29 0 30 0.9 45 1 61 0.5 74 0.8 77 0.8 80 0.8 91 0.6 
347 10 0.9 29 0.5 41 0.5 47 0.7 67 0 79 0 85 0.3 93 0.9 95 0 
368 22 0.8 
377 7 1 9 0.3 85 0 
379 0 0.3 9 0.4 21 0 34 0.7 53 0 66 0.7 83 0 
573 4 0.8 13 0.4 37 1 
630 11 0.9 21 0.8 29 0 40 0 52 1 82 0.8 86 0.3 95 0.7 
695 1 0.6 11 0.9 23 0.5 35 0.5 36 0.4 49 0.9 68 0.5 73 1 98 0.7 
904 19 1 28 0 50 0.8 52 0.8 58 0.8 97 0 
979 48 0.7 64 0.8 71 0 
1131 64 0.8 
1196 34 1 36 0.4 38 0.7 39 0 85 0 90 0 98 0.7 
1202 2 0.4 9 0 15 0 18 0.9 34 0 75 0.4 76 0.5 77 0 93 0 
1242 17 0.6 25 1 28 0.8 33 0.9 34 0 36 0.6 48 0 71 0.4 74 0 82 0.9 
1258 30 0.4 36 0.7 54 0 59 0.5 75 0.3 79 0 82 0 87 0.9 
1289 15 0.8 18 0 31 1 32 0.5 34 0.4 38 0.3 43 0.9 84 0.4 93 0.6 
1417 47 0.3 
1527 3 0.7 6 0 13 0.6 23 0.8 30 0 36 1 56 0 85 0.6 91 0.7 
1554 6 0.4 19 0 27 0 34 0.8 
1591 23 0.5 27 0 34 0 44 0.7 52 1 58 0.6 63 1 65 0.9 70 0 94 0.7 
1618 6 0 10 0 11 0 24 0.9 41 0 51 0.7 60 0 64 0.9 73 0 96 0.6 
1716 19 0 20 0 47 0.3 
1776 3 0.5 47 0.3 54 0 62 0.5 68 0 70 0.3 89 0.8 
1874 23 0.9 34 0 42 0.3 47 0 51 0.4 61 0 62 0.6 89 0.3 99 0.9 
1972 3 0.6 10 0.6 34 0.6 46 0 47 0 69 0 87 0.4 
2011 11 0 44 0.9 87 0 93 0.9 
2115 4 0.9 7 0 32 1 45 0.4 59 0 84 0 85 0.3 89 0 94 0 99 0.9 
2153 1 0.9 12 0.6 24 0.4 35 0 38 0.9 54 0.8 75 0.5 91 0 
2274 13 0.8 31 0.7 53 0.9 
2365 84 0.5 87 0.9 89 0 97 1 
2374 3 0.5 23 0.8 32 0 90 0.3 
2428 0 0.3 1 1 14 0.8 19 0.7 36 0.7 49 0.3 61 0.3 68 0.9 94 0.6 97 0 
2502 54 0.6 56 1 57 0 62 0.8 78 0.4 
2509 11 0.7 15 0.8 31 0.6 52 0 96 0.6 98 0.8 
2529 12 0 27 0 39 1 40 0.3 75 0 95 0.3 
2544 69 0 
2638 22 0 72 0 80 0 
2669 2 0 8 0.7 28 0.9 30 0.8 49 0.4 59 0.9 85 0 92 0.6 96 0.8 
2713 9 0 13 0 41 0 89 0.4 
2777 32 0 37 0.4 83 0.5 
2835 11 0.4 28 0.3 63 0.6 94 0.3 
2953 35 0 
3102 11 0 44 0 52 0.8 67 1 81 0.8 96 0.3 
3401 81 0.9 88 0 
3483 27 0 93 0.8 
3574 1 0.8 25 0 27 0.3 35 0.6 71 0.8 73 0.4 
3691 4 0.4 22 1 23 1 64 0.7 69 0.5 70 0.3 72 0.7 87 1 98 1 
4059 8 0.3 12 1 22 0.8 34 0 35 0 67 0.8 93 0 
4256 16 0.5 35 0 44 0.9 
4375 40 0.4 47 1 54 0.3 
4403 20 0.8 68 0.9 72 1 75 0.4 77 0.7 90 1 
4464 3 0.4 20 0.9 50 0 64 0.4 68 0.5 88 0.3 95 0 
4757 14 0 25 0.6 28 0.4 33 0.4 37 0.4 40 0.3 53 0.4 72 0.7 73 0.5 74 0 
5047 7 1 53 0.5 
5062 0 0.7 21 0.8 30 0 48 0.5 90 0 
5085 13 0 18 0 28 0.4 29 0 49 0 52 0.7 54 0 58 0 
5369 15 0.6 32 0.8 34 0 41 0 71 0.3 72 0 
5395 16 0.6 20 0 39 0.6 50 1 51 1 62 0.6 67 0.6 
5548 97 0.9 
5569 16 0 31 0.5 69 0 
5572 2 0.8 7 0 21 0.6 30 0.8 35 0 57 0.8 71 1 94 0.6 99 0.9 
5589 2 1 10 0.3 13 0.3 18 0.7 49 0 79 0 97 0.5 
5677 75 0.6 
5953 1 0.6 8 0.3 16 0 36 1 59 0 60 0 61 0.6 73 0.6 81 0.6 88 0 
6057 6 0 9 0 57 0.6 65 0 74 0 95 0.4 97 0 
6249 3 1 9 0.3 29 0.8 47 1 63 0.9 80 0 86 0.5 91 0.7 
6253 5 0 33 0.8 38 0.6 49 0.8 62 0.3 66 0.4 68 0.3 77 0.9 86 1 94 0.9 
6505 16 0.4 30 0 78 0.7 81 0.6 
6559 5 0.7 22 0 32 0.3 40 0 47 0.6 49 0.6 58 0.7 67 0.6 68 0 71 0.6 
6598 10 0.3 29 0.9 30 1 39 1 41 0.7 51 0.9 56 1 61 0.6 
6919 4 0.6 8 0 14 1 28 0.7 40 0.3 45 0 54 0.9 80 0 92 0.3 
7181 25 0 27 0.7 29 0.5 35 0.4 51 0.9 57 0.4 73 0.4 77 0 
7202 86 0 
7387 2 0 6 0.8 22 1 48 0 59 0 67 0 77 0.8 85 0 88 0.9 90 1 
7736 2 0.9 83 0.5 91 0.5 97 0 
7842 1 0 
7948 8 0.8 69 0.8 
8103 97 1 
8116 53 0 59 0.5 72 1 85 0 
8253 12 0.3 17 0.5 40 0 41 0.5 42 0.8 44 0.7 59 0.9 80 0.3 92 0.4 94 0.6 
8362 32 0.4 66 0 70 0 74 0.6 76 1 95 0.8 
8438 14 0.8 53 0 81 0 82 1 97 0 
8499 9 0.9 10 0 22 0 48 0 49 0.4 53 0.3 72 0.6 97 0 
8508 11 1 50 0 71 0.8 92 0 94 0.9 97 0.3 98 0.7 
8579 42 1 72 0 94 0.8 
8586 39 0.8 86 0.8 
8674 3 0 4 0.5 55 0.6 65 0 90 0.8 
8800 3 0 23 0.9 59 0.9 65 0.7 76 0.8 82 0.8 83 0.5 95 0 
8821 25 0.5 54 0.7 75 0.4 
8841 5 0.6 56 0.4 82 0 94 0 
9068 16 0.4 21 0.6 36 0.7 44 0 47 1 58 0.7 65 0.5 84 0 86 0.8 94 0 
9120 19 0.5 43 0.3 48 0.9 57 0.6 58 1 75 0.3 93 1 
9327 4 0.6 12 0.4 15 0.8 17 0.4 32 0.9 45 0.6 60 0.7 88 0.3 
9457 6 0.4 58 0.7 92 0 
9514 17 0.9 20 0.7 61 0.6 65 0.8 70 0.8 
9515 5 0.9 14 0 19 0.9 22 0.6 37 0.3 59 0.5 61 0 69 1 79 0.3 
9535 25 0.4 
9554 83 0.8 
9804 6 1 18 0.5 54 0.9 55 0 75 0.9 95 0 96 0 97 1 
