100
9 45 0.4 55 0.7 62 0 83 0 87 0.4 
207 7 0 13 0.4 19 0.6 38 0 39 0.8 68 0.3 81 1 89 0.3 
562 11 0.7 17 0 33 0.4 46 0 49 0.9 51 0.8 81 0.8 86 0 
613 44 0 46 0.5 99 0.7 
616 0 0 3 0.7 15 0.7 21 0.5 22 0.8 32 0.9 38 0.8 41 0 56 1 59 0.9 
664 3 0 39 0 70 0.3 76 0 83 0.4 97 0.4 
700 80 0.8 
732 1 0 22 0.9 26 0 38 0.6 40 0.6 72 0.4 84 0.5 92 0.7 98 0.9 
832 21 0 46 0 54 1 
880 4 0 5 1 49 0 54 0.9 59 0.6 68 0.5 77 0.9 88 1 
1072 19 0.5 26 0.6 42 0.6 51 0 68 0.9 71 0.4 72 0.3 79 0.8 
1176 8 0.9 11 0 13 0.7 14 0.3 30 0.5 38 0.3 40 0.5 57 0 60 0.3 79 0 
1231 27 0.6 30 1 46 0.5 49 0 53 0 58 0.3 64 0.7 85 0 
1312 2 0.9 39 0.8 71 0.5 81 0 86 0.3 89 0.7 
1356 4 1 14 0.3 23 0.5 38 0.9 40 0.5 62 0.6 64 0 71 0.6 82 0.6 
1396 14 0.9 53 0.4 64 0.3 77 0.9 84 0 
1505 10 0.7 24 0.9 34 0.7 76 1 88 0.3 91 0 
1541 68 0 82 0.7 91 0.8 
1586 12 0.3 15 0.3 18 0 24 0 50 0.7 87 0.5 88 0.5 
1630 26 0.5 41 0.5 58 0.4 66 0.5 
1659 26 0.7 
1728 2 0.9 12 0.7 22 0 40 0.7 80 0 91 0.6 
1809 10 1 40 0.7 66 0 
1881 0 0 3 0.9 11 0.7 41 0.9 60 0.9 74 0.8 95 0.5 
2127 28 0.9 31 0.6 33 1 36 0.6 40 0.7 53 0.6 54 0.5 72 0.3 86 0 
2211 15 0.8 94 1 
2273 1 0.8 22 0.8 26 0.6 27 0.5 28 0.5 58 0.3 67 0 72 0.8 81 0.5 88 0.3 
2285 79 0.6 
2325 19 0 26 0.8 38 0.9 60 0.7 72 0 80 0.6 83 0.8 88 0.6 96 0.9 
2380 0 0.6 9 0.6 21 1 34 0.3 53 1 68 0.9 85 0 89 0.4 90 0 
2416 9 0 21 0.7 25 0.4 35 0.6 52 0.3 99 0.3 
2713 9 0.9 13 0.5 41 0.5 89 0 
2796 7 0.4 24 1 33 0 35 0.6 36 1 42 0 44 0 63 0.3 66 0.4 76 0.5 
2877 1 0 46 0.5 73 0.3 79 0.8 90 0.6 
2904 5 0.7 37 0.3 47 0.5 74 0 83 0.5 84 0.8 98 0 
2939 7 0.4 28 0.3 35 0 39 0.9 53 0 71 0 74 0.8 
3007 13 0 35 0.9 45 0 50 1 72 0.6 
3023 33 0 46 1 81 0.3 82 0.9 88 0.5 91 0 97 0.4 
3026 23 0.5 26 0.8 33 0 58 0.3 72 0.7 74 0.7 87 0.6 89 0.4 
3067 27 0.6 36 0 66 0.3 69 0 79 0 91 0.9 
3520 1 1 6 0.8 
3641 53 0 60 0.5 
3681 40 0 
3901 8 0.7 9 0.7 10 0.3 22 0.7 31 0.4 46 0 50 0.3 61 0.5 75 0.5 78 1 
3949 57 0 
4232 2 0.4 27 0.4 29 0 39 0.7 49 0.4 50 0.8 87 0.5 
4253 6 0.6 11 0.8 26 0.8 32 0 54 1 57 0.3 75 0.8 
4255 47 0.6 60 0.5 
4564 1 0 81 0.6 99 0.6 
4601 8 0.7 29 0 32 0.7 43 0.4 78 0.9 85 0.5 
4669 39 0.3 73 0.5 91 0 
4757 14 0 25 0 28 0.6 33 1 37 0 40 1 53 0.8 72 0 73 1 74 1 
4980 18 0.4 40 0.5 73 0.7 80 0.8 85 1 90 0.5 
5043 14 0 26 0 36 0.9 37 0.7 46 0.6 68 0 72 0.8 74 0.4 78 0.6 85 0.4 
5086 1 0.6 12 0.7 18 0.6 37 0.9 42 0.3 43 0.7 85 0.6 
5256 1 0.8 48 0.7 50 0.7 52 0 62 0.4 79 0.8 86 1 
5336 96 0.6 98 0.5 99 0.7 
5368 6 0.8 21 0 38 0.7 50 0.9 61 1 63 0.6 64 1 84 0.6 
5478 10 0.8 20 1 43 0.9 57 0 69 0.5 77 0.7 93 0.9 
5514 87 0 
5616 9 1 17 0.6 49 0.3 62 0.5 
5756 15 0 29 0 56 1 
5883 1 1 10 0.5 14 0 15 0 26 0.8 31 0.6 35 0 39 0.9 73 0.5 77 0.9 
5901 34 0.5 79 0.9 81 0.8 82 0 85 1 87 0 92 0 
6073 12 0.5 18 0.7 19 0 30 0.4 34 0 40 0.3 50 0.4 68 0 87 0.7 
6271 15 0.3 41 0 43 0 54 0.8 55 0.3 58 0.9 74 0.5 75 0.5 92 0.9 93 0.7 
6324 36 0.5 42 0.9 72 0 81 0.6 94 0.4 
6435 0 0.4 8 1 24 0.4 47 1 48 0.5 63 0.5 73 0 75 0.6 89 0.9 98 0.7 
7297 7 0 68 0 71 0.5 92 1 95 0.9 
7424 13 0.8 28 0.4 82 1 
7525 40 0 54 0.7 
7544 4 0 
7604 2 0.3 7 0.4 13 1 27 0.5 28 0.4 30 0 46 0.8 62 0 76 0.5 94 0.9 
7611 74 0.7 75 0.5 88 0.6 
7733 9 0.5 10 0.5 18 0.3 25 0.3 32 0.8 33 0.4 39 1 79 0.4 86 0.4 87 0.3 
7769 19 0 24 0 25 0.9 70 0.7 76 0.5 91 1 99 0.7 
7822 2 1 33 0.4 42 0 64 0.4 
8020 14 0.8 41 0 43 0.3 44 0.9 58 0.4 86 0.8 92 0 96 0 
8190 8 0.3 18 0.3 33 0.5 43 0.5 45 0.6 73 0.4 93 0.4 
8371 41 0.8 
8386 80 0.5 
8391 25 0 
8492 10 0.4 19 1 30 0.9 34 0.9 46 1 57 0 80 0.7 83 1 84 0.3 93 1 
8497 8 0.3 12 0 18 0.6 19 0.7 21 0.9 23 0.3 26 0.3 46 0 93 0.4 
8537 35 0.4 98 0.8 
8588 0 0 2 0.7 5 0 10 0.3 55 0.3 86 0.8 88 0.5 92 0.7 99 0.4 
8598 14 1 24 0 25 0.8 31 0.4 38 0.9 51 0.6 64 0.7 68 0 82 0.9 89 0.6 
8697 1 0 2 0 11 0.4 16 1 21 0.4 27 0 50 0.7 63 0.4 69 0.7 89 0 
8728 7 0.7 99 0.5 
8990 77 0 
8997 38 0.6 82 0.8 
9007 7 0.9 24 1 32 0 47 0.4 49 0 84 0.6 88 0.6 
9158 1 0.8 10 0.4 16 0.9 18 0.5 39 0 56 0.4 59 0.3 77 0.4 85 0.4 
9429 16 0.9 20 1 31 0 34 0.6 45 0 72 0.4 81 0.7 95 0.3 97 0.6 99 0.9 
9533 0 0 12 0.6 13 0.7 23 0 26 0 59 0.3 68 0 75 0.3 80 1 90 0 
9568 26 0.9 28 0.7 
9627 7 0.5 17 1 18 0.3 25 0 44 0.8 52 0.3 65 0.8 76 0.8 77 0.4 84 0 
9767 26 0.9 48 0.8 53 0 55 0.4 61 0.5 66 0.5 94 1 
9865 51 0.6 59 0.8 63 0.7 
9987 40 0.3 
