100
8 11 0.5 29 0.7 41 0.6 78 0.3 88 0.8 
13 50 0.3 
40 8 0 30 0.3 39 0.4 42 0.7 44 0.8 56 0.5 62 0.4 70 0.4 84 0 87 0.3 
240 15 0.3 23 1 39 0 60 0 77 0.3 87 0 90 0 
253 97 0.6 
286 25 0.4 48 0.3 51 0 55 0 56 0.5 64 0 86 0.3 90 0.4 93 0.8 
348 0 0.9 3 0 40 0.5 44 0.8 49 0.4 90 0.7 
354 8 1 78 0.3 82 0.7 83 0.3 85 0 99 0.5 
467 16 0.8 21 0 23 0 25 0.6 32 0.9 34 0.8 41 1 59 0 63 0.4 72 0 
478 57 0.3 62 0.8 81 0 
541 13 0.5 14 0.8 25 0.4 29 0 50 0 54 0.9 82 0 90 0.6 92 1 
590 4 0.7 
634 16 0.8 25 0.8 29 0 31 0.8 37 0.8 44 0.3 51 0 
801 4 0 5 0.7 18 0.4 37 0 63 0.4 66 0.6 72 0.4 
811 13 1 14 1 42 0.3 72 0.9 92 0.5 94 0 99 0.7 
835 5 1 96 0.5 
867 9 1 17 0.7 33 0.5 40 0.5 51 0.6 68 0.8 78 0.5 79 0.8 86 0.8 
941 3 0.5 20 0 70 0 
1040 12 1 44 0.5 52 0 56 0 65 0.4 96 0.4 
1082 29 0 33 0 55 0 89 0.3 
1158 4 0.8 43 0.6 59 0 62 0 68 0.6 69 1 85 0.5 95 0.7 
1202 2 0.9 9 0 15 0.9 18 0 34 1 75 0.6 76 0.4 77 0.9 93 0.5 
1221 7 0.9 15 0.9 54 0.7 59 1 69 0.9 72 0 77 0 98 0.8 
1337 25 0 
1338 18 0.8 55 0.4 
1598 56 0 82 0.6 
1687 36 0.4 
1720 20 0.7 37 0.4 63 0 96 0.6 
1970 42 0.8 58 0.4 66 0.7 75 0 
2028 8 0 27 0.5 28 0.3 41 0 66 0.3 69 0.8 87 0 
2036 8 0 34 1 68 0.5 83 0.9 
2052 17 0.9 34 0.3 35 0.4 38 0.7 55 0.3 81 0.5 89 0.4 
2173 28 0.6 36 0.4 71 0.6 98 0.5 
2366 2 0.7 8 0 10 0 14 1 15 0.4 18 0.3 20 0.7 21 0.9 52 0.9 61 0.3 
2367 8 0.8 13 1 25 0.7 39 0.8 43 0 49 0.3 62 0 68 0.3 74 0 94 0.9 
2513 2 0.7 19 0.8 21 0 42 0.4 59 0.6 76 0 89 0.8 
2620 7 0 32 0.9 36 0.5 44 0.6 55 0.6 62 0.7 80 0.8 92 0.3 97 0.3 98 0.5 
2705 11 0.9 27 0.6 45 0 65 0.5 94 1 
2758 4 0 16 0.5 20 0 73 0 74 0.3 90 0.7 
2913 72 0.9 76 0 99 0 
2924 28 0 63 0.8 
3054 36 0.3 50 0.3 52 0.6 63 0.5 98 0.3 
3097 68 0.7 
3232 74 0 94 0.4 
3278 41 0.5 
3330 2 0.3 15 0 18 0.4 46 0.9 66 0 68 0.7 72 0.9 93 0.6 
3405 8 0.7 15 0.3 42 0.4 48 0 71 0.6 91 0.8 93 0.5 95 0.7 
3491 27 0 28 0.7 34 1 42 0 53 0.5 62 0.8 63 0.5 89 0.5 92 1 96 0.3 
3548 4 0 26 0.6 39 0.4 59 0.6 96 1 
3583 0 0.5 7 0 24 0 46 1 58 0.6 91 0.5 
3679 6 0 13 0.3 23 0.9 50 0 61 1 62 0.3 63 0.4 69 0.5 97 0.5 98 0.6 
3752 66 0.6 81 0.3 87 0.6 91 0.6 
3840 23 0.8 27 1 50 0 68 0.9 72 0.3 80 0.4 82 0.4 95 0 
3998 47 0.8 51 0 52 1 64 0.9 65 0.9 69 0.8 71 0.6 75 0.9 86 0.6 87 0 
4117 23 0.5 54 1 57 1 82 0 
4361 10 0.7 39 0.8 45 0 47 0 92 0.6 96 0 
4397 33 1 47 0.3 56 0.9 
4415 20 1 45 1 77 0 80 0.9 89 0.4 92 0 
4420 27 0.9 31 0.9 38 0 54 0 71 0.6 79 0.5 88 0.5 
4667 31 0.6 67 0.8 87 0.8 97 0.6 99 0 
4903 14 0.6 28 0 34 0 41 0.3 43 0 47 0.3 54 0 99 0 
5131 2 0.5 11 0.3 25 0.5 30 0.9 33 0.3 37 0.4 44 0.9 91 0.3 
5220 43 0 63 0.7 65 0.7 72 0 80 0.7 87 0 
5313 14 0 74 0.9 
5436 1 0.5 7 0.3 9 0.9 42 0.9 48 0 65 0.4 79 0.8 82 0.8 89 0.7 96 0.5 
5492 1 0 16 0 37 0.7 50 0 64 0.5 71 0 74 0.9 87 0 
5559 0 0.9 57 0.6 58 0.8 81 0.8 97 0.3 
5770 5 0 9 0.6 15 0 20 0.5 26 0 67 0.6 84 0.3 
5843 12 0.6 20 1 52 1 53 0 69 0 80 0.9 83 0.7 88 0.9 96 0.4 99 0.5 
6184 1 0.9 54 0.4 99 0.7 
6329 9 0.4 17 0 26 0 56 0 62 0.9 73 0.4 78 0.3 89 0.5 91 0 96 1 
6426 81 0.3 94 0.9 
6708 0 0.6 12 1 21 0.8 34 0.4 46 0.3 54 0 57 0.5 
6717 9 0 18 0.4 22 0 27 0.4 34 0.6 39 0.6 61 0.6 69 0.6 88 0.8 
6815 7 1 9 0 43 0.5 48 0.4 68 0.7 69 0.4 
7136 7 1 11 0.8 37 0.4 52 0.8 56 0 68 0.5 97 0.8 
7166 13 0.6 48 0 52 1 67 0.6 82 0 
7221 14 0.9 21 0 26 0.9 43 0.9 44 0 46 1 49 0.5 55 1 82 0.4 
7300 16 0.7 54 0 59 0.7 79 0.4 87 0.5 
7324 10 0 12 0.6 16 0.3 29 0 40 0.9 46 0.8 48 0.6 80 0 
7406 39 0 41 0 45 0.3 56 0.4 58 0 64 0 71 0.3 78 1 96 1 
7442 11 0.7 17 0.6 50 0.6 52 0 53 0.7 55 0.7 76 0.4 
7522 1 0.9 18 0 22 0 62 0 71 0.6 74 0.5 85 0 
7689 20 0.6 43 0.7 49 0 68 0.6 73 0.5 78 0.3 
7920 9 0.9 31 0.7 35 0 57 0.3 62 0 
8004 1 0.4 8 1 26 0.7 29 0.7 42 0.9 45 0 56 1 57 0.4 94 0.4 
8056 6 0 12 1 29 0.5 46 0 62 0 73 0.8 85 0.5 87 0.9 89 0.9 
8119 0 1 31 0.8 32 0.9 54 0.6 57 0 68 1 94 0.6 
8120 5 0.4 6 1 26 0.8 36 0.7 72 0.9 74 0 79 0.7 80 0.7 
8390 0 0.8 19 1 24 0.7 25 0.5 32 0 36 0.3 71 0.4 80 0 91 0.5 
8396 48 0.9 88 0.4 
8401 27 0.5 
8410 4 0.5 53 0.9 64 0.9 92 0.4 
8988 2 0.7 5 1 15 0.7 31 0 36 0.8 41 0.4 46 0.4 66 0.5 72 0 
9150 6 1 9 0.3 43 0.7 44 0.7 46 0.4 82 0.3 88 0 97 0 98 0.3 99 0.4 
9203 0 0.9 3 0.4 18 0 26 0.6 28 0 33 0.9 37 0 41 0 48 0 
9262 2 0.6 4 0.4 29 0.7 30 0.6 39 0.8 64 0.7 66 0.8 76 0 
9432 67 0.8 68 0 
9619 3 0.6 27 0.9 75 0.8 84 0.3 86 1 97 0.8 
9818 18 0.8 94 0.8 
