100
37 15 0.9 19 0.3 
240 15 0 23 0.3 39 0.7 60 0.5 77 0 87 0 90 0.4 
359 6 0 9 0.9 44 0.6 59 0.9 80 0 
378 74 0.3 85 0.5 88 0 90 0 
463 15 1 27 0.8 38 0 53 0.4 61 0.7 65 0.5 67 0.4 93 0.6 
487 9 0.3 36 0.6 47 0 93 0 
488 0 0 55 0.3 61 0 73 0.4 
514 10 0.4 17 0.4 19 0.8 28 0.7 30 0.7 43 0 48 1 75 1 78 0.4 96 1 
539 1 0.5 32 0.6 36 0 42 0 45 0.6 48 0.7 59 0 60 0.5 77 0 78 0.4 
641 10 0.3 20 0 21 0.7 37 0.3 46 0.7 64 0 72 0 75 0.8 76 0.8 97 0.9 
649 0 0.4 4 0.4 13 0 25 1 38 0.6 46 0 69 0.6 70 0 74 0.7 
873 26 0.3 49 0.5 50 1 51 0.5 67 0.8 74 0.8 86 0.3 
1006 34 0.3 36 0.3 54 0.3 90 0.6 
1184 8 0 
1225 17 0 
1343 33 1 50 0 84 1 99 0.6 
1453 5 0.7 88 0 
1553 10 0.8 23 0.9 63 0 66 0.9 78 0 
1588 0 0 6 0.5 25 0.4 28 0.7 32 0.5 41 0.7 56 0.7 73 0.9 79 0.9 89 0.6 
1606 28 0.4 
1663 2 0 15 1 20 0.9 27 0.8 62 0 74 0 97 0.9 
1748 1 0.7 11 1 12 1 30 0 50 0.8 51 0.4 67 0 76 0.9 84 0.8 88 0 
1964 32 0.5 33 0 39 0 70 0.6 75 0 81 0.8 84 0.3 
2104 9 0 13 0.5 14 1 40 0.8 63 0.4 68 0.8 85 0.5 93 0.3 
2158 11 0.5 
2341 12 0.8 62 0.6 70 1 91 0 
2388 88 1 
2410 10 0.8 14 0 51 0 
2458 22 0.8 40 1 
2658 35 0.3 40 0.6 46 0 52 0.5 92 0 94 0 
2908 5 0.4 17 0.5 41 0.5 54 0.3 77 0 
2978 26 0.9 27 0.5 47 0.6 56 0.6 74 0 83 0.8 89 0 97 0 
3041 23 0.9 29 1 69 0.4 75 0.7 
3068 26 0.5 29 0.3 35 0.3 38 0.6 39 0 72 0.3 
3111 2 0.9 16 0.8 28 0.4 30 0 50 0.4 69 0 72 0.3 82 0.4 92 0 
3128 6 0.9 33 0.5 38 0.9 49 0.3 50 0 58 0.3 82 0.9 93 0.4 
3131 37 0.3 43 1 
3198 94 0.3 
3236 4 0.5 41 0.9 
3242 28 0.7 91 0.7 
3539 20 0.4 
3671 5 1 11 1 18 0 47 0.6 57 0 66 0 86 0.9 96 0.4 
3792 18 0.9 24 1 79 0.6 
3798 7 0.4 16 0.3 67 0.9 83 0 
3875 0 0 5 0.4 13 0.9 34 0.6 49 0 
4077 26 0 27 0.5 31 0.7 55 1 99 0 
4373 10 0 28 0.4 33 0 37 0.5 58 0.6 84 0 96 0.3 
4380 11 0 46 0.7 53 0 55 0.8 65 0 69 1 73 0.4 81 0.8 88 0 
4418 67 0.3 77 0 
4444 13 1 34 0.3 37 0.9 51 0.5 86 1 89 0 91 0 97 0.3 
4585 12 0.5 17 0 32 0 39 0.5 57 0.5 60 0.6 68 0 86 0.8 92 0.4 93 0.6 
4831 2 1 29 0.4 33 0 48 0.3 66 0.3 74 0 83 0 
4965 27 1 29 1 31 0.3 41 0.7 50 0.5 52 0.6 60 0.3 72 0 92 0 99 0 
4982 8 1 12 0 14 0.9 22 0 26 0.5 31 0.3 63 0.5 71 0.4 91 0.8 
5049 7 0.8 15 0 48 0.4 71 0 73 0 77 0.9 
5067 10 0.8 43 0 79 0.5 85 0 95 0.7 98 0.5 
5292 7 0 17 0.8 19 0.4 38 0.6 42 0 52 0.9 67 0.5 74 0.8 79 0 94 0.3 
5397 2 0.9 19 0.9 23 0.9 57 0.4 77 0.8 81 0.3 88 0 95 0.7 
5459 10 0.3 43 0.6 56 0 58 0 76 0.3 
5478 10 0.6 20 0.8 43 0.6 57 0 69 0 77 0 93 0.6 
5572 2 0.7 7 0 21 0.6 30 0.7 35 0.9 57 0.9 71 0 94 0.3 99 0 
5763 17 1 19 0 30 1 34 0.7 65 0.7 72 0.8 78 0 81 0.8 
5793 7 0.9 38 0.6 42 0.5 48 0.7 56 0.8 
6112 64 0.7 
6166 5 0 11 0.6 12 0 14 1 31 0.3 63 0.7 79 0.7 88 0.4 91 0 95 0.3 
6183 10 0.8 15 0.9 25 0 75 1 98 0.9 
6339 2 0.5 31 0.5 55 0.7 65 0.5 70 0.4 77 0 81 1 86 0 95 0.7 
6459 15 0.6 22 0.3 48 0.7 51 0.9 53 0 55 0.3 64 0 81 0.5 
6685 12 0.5 80 0.8 88 0.5 91 0 
6785 4 0.6 6 0.8 12 0.5 18 0.5 39 0.9 71 0.7 73 1 
6790 4 0 12 0 25 0.5 59 0.4 74 0.3 87 0.3 91 0.4 99 0.3 
6908 9 0.8 30 0 57 0.8 
6997 76 0.9 83 0.7 85 0.6 
7268 0 0.6 6 1 9 0.4 12 1 35 0 38 0.5 60 0.6 73 0 80 0.9 92 0 
7287 12 0.3 18 0.6 26 0.7 34 0.5 37 0.5 72 0 88 0 
7293 27 1 32 0.5 34 0 37 1 40 0.7 60 0.7 69 0.7 70 0.6 96 0 
7311 16 0.9 17 0.5 28 0.8 33 0 68 0 80 0.6 81 0.8 
7360 12 0 62 1 75 0.5 83 0.4 87 0 88 0.5 89 1 
7433 13 0.5 51 0.9 62 0.5 77 1 88 0 94 0 
7460 1 0.5 68 0.9 
7543 79 0.5 
7642 20 0.7 27 0 28 1 30 0.7 38 0 59 0.4 68 0.3 77 0.6 87 0.6 88 0.8 
7655 18 0.7 29 0.9 32 0 49 0.4 78 0.5 
7683 33 0 47 0.4 70 0.8 72 0 80 0 95 0 
7725 10 0 34 0.7 54 0.8 65 0.9 83 1 
7950 49 1 76 0.9 
7962 59 0.6 
7991 22 0 74 0 
8200 7 0.5 13 0.9 14 0.5 27 0.9 35 0 64 0 76 0.4 83 0.9 
8347 3 0 8 0.8 16 0.8 20 0 46 1 49 0.5 90 0 93 0.6 94 0 
8382 1 0.9 75 0 85 0 95 0.8 
8417 17 0 59 0.4 63 0.8 68 0.9 80 0.7 82 0.9 83 0.9 89 0.8 93 0.4 
8744 7 0 8 0.6 37 0.5 41 0.8 49 0.5 56 0.7 62 0.8 77 0.9 81 0 86 0 
9072 3 0.5 12 0.5 15 0.7 21 1 27 0.3 60 0.8 64 0.3 73 0.9 81 0.4 
9273 25 0.4 83 0 
9553 37 0.7 
9628 56 0.4 59 0 
9706 19 0 36 0.4 53 0.7 55 0.4 67 0 75 0.9 78 0.5 92 0.8 
9755 1 1 20 0.7 49 0 58 0.4 64 0.6 81 0.8 84 0.4 
9914 19 1 42 0 43 0.8 46 0.6 52 0.6 54 0.3 62 1 67 1 70 0 78 0.8 
