100
29 33 0 48 0 
113 9 0.4 37 0.6 54 0 73 0.4 74 1 75 0.7 
155 85 0.9 95 0.5 
301 5 0.6 
371 3 0 24 0.5 
500 0 0 16 0.6 28 0.8 35 0.9 51 0 74 0.5 90 0 95 0.9 98 0 
621 37 0 44 1 47 0.3 56 0 75 0.6 93 0.6 
715 16 1 20 0 30 1 41 0 58 0.5 61 0.6 70 0 77 1 81 0.6 
811 13 0.3 14 0 42 0.9 72 0.5 92 0.4 94 0.9 99 0.8 
898 0 0 45 0.8 82 0.7 
984 1 1 4 0.9 32 0.8 33 0.4 37 0.5 85 0.7 95 0 
1053 10 0.7 
1069 15 0.8 34 0.6 36 1 79 0.4 81 0.4 83 0 
1138 6 0.5 18 0.4 29 0.9 
1482 9 0.4 22 0.4 23 0.9 46 0 
1587 9 0.4 42 0 47 1 55 0 76 0.3 77 0.3 
1591 23 0.5 27 0.5 34 1 44 0.7 52 0.3 58 0.6 63 0.4 65 0.6 70 0 94 0 
1693 17 1 66 0 70 0 77 0 89 0.5 
1722 1 0 13 0 15 0 29 0 39 0.8 50 0.5 65 0 73 0 75 0 88 0.3 
1767 5 0.5 15 0 22 0.8 27 0.3 35 0.9 40 0 78 0 83 0.8 87 0 
1770 4 0.8 8 0.9 28 0.9 74 0.9 75 0.8 83 0.3 
1933 4 1 31 0.3 43 0.4 55 0.9 65 0.5 90 0.6 
2014 8 0 10 0 27 0 32 1 41 0 49 0 64 0.5 82 0 89 0.9 95 0 
2019 6 0.8 11 0.9 22 0 37 0 39 0.7 49 0.6 58 0.3 87 0.4 91 0 96 0.5 
2057 2 0.5 47 0 52 0.8 98 0 
2065 11 0.9 29 0.8 48 0 
2331 12 0 17 0.7 23 0.8 52 0 54 0.9 59 0.3 85 0.4 86 1 95 0.5 
2350 8 0.7 42 0 68 0.4 93 0.6 
2532 11 0.3 13 0.8 61 0 62 0 78 0.9 96 0.3 97 1 
2548 15 0.4 55 0.4 60 0.9 72 0.4 82 0.4 93 0 99 1 
2614 5 0 21 0.3 64 0.4 75 0 76 0.4 82 0 
2634 1 0.5 39 1 42 0.3 58 0.4 59 0.3 64 0.7 67 0 68 0.7 87 0.9 91 0.9 
2753 13 1 20 0.4 35 0.4 47 0.4 52 0.8 56 0 59 0.7 61 0.5 78 0 84 0.8 
2813 9 0 12 0 15 0.9 31 0.5 43 0.5 57 0 61 0.7 77 0.3 97 0.5 
2886 6 0 32 0.4 66 0 
2991 1 0 25 0 34 0 38 0.7 86 0 91 0.6 98 0.4 
3122 0 0.6 4 0.5 5 0.9 33 0.4 36 0.8 39 0 44 0 47 0.5 66 0 95 1 
3291 19 0.9 48 0.9 61 0.4 65 0.8 75 1 84 0 87 0.9 99 0.5 
3539 20 0 
3568 21 0 38 0.9 77 0 90 0 93 0 
3718 12 0.6 14 1 53 0.5 74 0 88 0.5 
3828 2 0.6 33 1 81 0 
3890 30 1 41 1 72 0.7 
4034 27 0 98 0.4 
4245 15 0 17 0.8 27 0.3 30 0 31 0 41 0.6 43 0.4 65 0.5 68 1 80 0 
4304 24 0 41 0 51 0.9 66 0 80 0.5 
4339 9 0.4 25 0.7 41 0.5 59 0 62 0.7 91 0.6 
4355 7 0 32 0.7 47 0.3 49 0.9 55 0.7 70 0 75 0.4 86 0.9 
4391 83 0.9 94 0.6 96 0.4 
4408 81 0.4 
4462 8 0 9 0 16 0.5 25 0 34 0.3 63 0.7 73 0.3 81 0 91 0.8 
4750 6 0 10 1 48 0.4 
4822 10 0.6 26 0.7 44 0.6 48 0 64 0.3 74 0.4 79 0.8 
4961 1 0 16 0 18 0 35 0.8 39 0.7 40 1 57 0 59 0.6 89 0.8 91 0.4 
5320 1 0.6 10 0.9 22 0.6 37 0.6 45 0 57 0 71 0.6 79 0.3 80 0.6 82 0.8 
5407 1 0.5 14 1 20 0.4 52 0.8 
5636 6 0.7 20 0 28 0.8 44 0.4 68 0.7 87 0 88 0.7 94 0.7 
5865 22 0.9 30 0.8 32 0 41 0.7 46 0 86 0.5 87 0 91 0.6 92 0 
6123 43 0.7 51 0.4 85 0.6 
6153 3 0.7 21 0 37 0 94 0.3 
6475 1 0.4 16 0.4 24 0.3 73 1 75 0.6 88 0.3 91 0.7 94 0.8 95 0.8 97 0 
6492 8 0.6 
6533 4 0 5 0.6 60 0.7 80 0 
6723 3 0.4 12 0.3 20 0.7 24 0.4 25 0.3 37 0.8 70 0.9 81 0.7 98 0.8 
6771 19 0.3 30 0 34 0 39 0.6 65 0 80 1 96 0.7 
6793 1 0 17 0 29 0 39 0.5 41 0.3 42 0.7 71 0.9 89 0.5 
6860 17 0 45 0 58 0.5 96 0.7 
6882 5 0.5 25 0.6 33 0.4 35 0.8 41 0.4 69 0.8 72 0 80 0 93 0.5 
7012 16 0.6 22 0 44 0 55 0 64 0.9 82 0.3 85 1 97 0 
7083 10 0.8 20 0.3 55 0.7 69 0.3 75 0.5 88 0.3 90 0.5 97 0.7 
7130 8 0 31 0 32 0 36 0.6 62 0.4 74 0 81 0.5 83 0.5 85 0.6 87 1 
7370 10 0.7 12 0.7 26 0.8 39 1 54 0.3 56 0 70 0.6 78 0.6 82 0.7 
7434 2 0.7 84 0 90 0.7 96 0 
7474 92 1 
7505 2 0.3 3 0 11 0.7 28 0 54 1 61 0.8 83 0.4 88 0.3 
7524 14 0 
7738 23 0.4 52 0.6 53 0 71 0 
8017 9 0.8 36 0 70 0.5 79 1 91 0.4 
8018 0 0.6 4 0 15 0.5 30 0.4 36 0.6 57 0.3 62 0 63 1 73 0 75 1 
8097 7 0.3 13 0 18 0 22 0 24 0 54 0.4 77 0.5 79 0 
8163 1 0.4 17 0.6 33 0 96 0.7 
8201 26 0 32 0.4 41 0.5 47 0.6 67 0 86 0.6 96 0 
8267 86 0 
8576 51 0.6 
8672 37 0.5 69 0.3 88 0 
8881 0 0.5 16 0.7 77 0.8 98 0 
8975 1 0 23 0.7 24 0 30 0.5 38 0.9 77 0.3 84 0 94 0 99 0 
9055 9 0.9 11 0.3 21 0 29 0 32 0.8 41 0 55 0.4 69 0 78 0.3 
9077 1 0 2 0 5 0.6 7 0.4 10 0 19 0.8 49 0.9 86 0 94 0.7 97 0.7 
9101 32 0.9 62 0.4 65 0.5 66 0 72 0.4 75 0.4 85 1 97 0.9 
9213 14 0 15 0 32 0.6 62 0.4 73 0.7 78 0.8 
9321 14 0.6 18 0 50 0.9 53 0.6 55 0.8 72 0.9 73 0 85 0 86 0 90 0 
9601 6 0.4 17 0.6 36 0.3 37 0.4 64 0.4 65 0.7 67 0 75 0 81 0 
9650 28 0.7 61 0 
9684 18 0 37 0.4 75 0.8 77 0.6 82 0 95 0 
9770 6 0.6 17 1 32 0 78 0.4 93 0 
9775 31 0.7 45 0 48 0.9 52 0 65 1 68 0.7 85 0.8 90 0.7 94 0 
9855 7 0.7 12 0.9 60 0.4 
9922 58 0.5 71 0 
9935 3 0.7 76 0 96 0.6 99 0.6 
