100
28 96 0.4 
30 8 0 16 0.6 18 0 20 0.6 30 0.5 53 0.4 64 0 79 0.7 84 1 
259 72 0.4 87 0.5 
347 10 0 29 0.3 41 0.9 47 0 67 0.4 79 0.6 85 0.4 93 0.7 95 0.3 
365 51 0 68 0 91 0 
406 0 0.3 8 0.6 22 0 43 0.6 82 0.7 90 0.5 
489 18 0.9 75 0.9 78 0.8 
548 25 0 45 0.3 
660 16 0.6 20 0.7 38 0.3 43 0 52 0 63 0.5 64 0 93 0.4 99 0.7 
825 54 1 80 0.6 97 1 
826 11 0.7 14 1 29 0.3 31 0 55 0.5 75 0.9 80 0 84 0.4 96 0.9 
840 44 0.8 49 0 
1028 16 0.7 27 0 53 0.7 89 0 
1245 1 0.3 18 0.5 28 0 30 0 35 0.6 53 0.3 69 0 89 0.5 96 0 
1364 1 1 8 0 18 0 23 0.5 51 0.3 88 0.3 91 0 
1394 7 0 13 0 15 0.4 41 0.8 54 0.9 64 0.4 84 0.4 
1408 3 0.8 27 0.5 31 0 35 0.6 56 0.4 57 0.5 77 0.6 83 0.9 89 0.5 91 0.6 
1417 47 0.3 
1437 27 0.7 28 0.7 41 0.8 48 0 67 0 98 0.6 
1809 10 0 40 0.8 66 0.9 
1823 3 0 46 0.9 47 0.6 61 0.7 72 0.8 96 0.6 
1905 20 0 21 0.3 25 0 32 0.6 56 0.8 60 0 65 0.5 66 0 72 0.5 75 0 
1914 2 0.5 24 0.8 56 0.6 67 0.3 69 0.3 
2049 25 0.9 34 0.8 
2134 26 0 44 0.7 55 0 79 0.4 89 1 
2190 0 0.4 11 0 28 0.8 37 0.8 69 0.6 79 0.8 80 0.3 
2278 0 0.4 3 0.3 21 0.3 27 0.6 57 0.4 78 0 82 0.4 
2398 0 0 3 0 11 0.3 27 0.5 33 0 40 0.9 69 0.6 73 1 98 0 
2412 47 0.8 77 0 87 0.8 
2463 14 0.3 16 0.4 34 1 41 0 47 0.5 53 0 67 0.3 68 0 
2559 11 0.5 14 0 24 0 49 0.7 50 0 74 0.8 99 0.9 
2617 3 0.8 5 0.9 7 0.9 22 0.5 23 0 46 0.3 54 0.7 66 1 76 0 79 0.8 
2716 9 0.5 13 0.5 20 0.4 28 0 42 0.9 48 0.3 61 0.7 70 0.8 75 0 80 0 
2764 4 0.5 14 0 26 0 63 1 70 0 90 0.7 
2973 23 0 31 0.4 38 1 49 0.8 
3051 32 0.9 45 1 47 0 50 0.5 67 0 88 0.8 96 0 
3188 4 0.4 8 0.7 29 0.3 31 0.3 76 0 79 0.6 89 0.6 
3454 4 0.9 20 1 32 0 49 0.6 58 0.4 64 0.3 66 0.6 
3498 6 1 9 1 17 1 18 0 26 0.9 51 0 79 0.4 80 0 84 0 90 0.4 
3634 4 0.8 7 0.5 11 0.4 54 0 63 0.8 87 0.4 
3732 12 0.9 13 0.7 58 0.4 60 0.8 75 0 82 0.4 85 0.4 96 0.4 
3816 0 0.9 5 0.8 20 0.3 44 0.9 69 0.7 78 0.7 95 0 96 1 
3930 11 0 15 0.3 17 0.5 24 0.9 31 0.5 67 0.8 89 0.7 
3949 57 0.9 
4075 12 0 87 0.6 89 0.4 
4319 88 0.4 
4384 0 0 26 1 40 0.9 94 0.6 
4512 5 0 48 0.9 
4588 55 0 87 0.6 
4603 5 0 40 0 69 0.9 
4712 1 0 12 0 36 0 38 1 40 0.3 60 0.6 62 0.4 75 0.4 95 0.8 
4746 3 0.9 10 0.4 81 0.7 
5061 0 0.5 
5083 5 0.3 14 0 17 0.9 35 0.5 41 0.8 52 0.4 64 0 68 0.3 76 0.5 90 0.5 
5156 3 0.6 27 0 34 0.4 36 0.3 38 0 40 0.7 61 1 75 0 
5188 49 0.9 
5191 42 0.8 94 0.7 
5208 6 0.4 19 0.9 22 0.4 50 0 54 0.3 61 0 69 0.6 73 0.3 
5350 1 0 4 0.4 10 0.7 11 0.9 51 0.9 57 0.8 72 0.5 90 0.9 
5439 31 0.6 41 0.3 90 0.7 
5465 4 0.4 27 0.4 61 0.4 98 0.4 
5483 1 1 18 0.5 50 0.4 
5673 6 0 8 0.3 27 0 41 0.3 56 0 61 0 73 0.8 87 0 90 0 
5751 5 0.4 13 0.8 25 0 55 0.6 69 0.7 88 0.7 90 0 
5768 7 0.5 30 0 42 0.5 44 1 50 0.4 
5855 3 0.3 15 0.3 18 0.5 34 0.7 45 0.6 56 0.7 57 0.8 83 0 85 0.9 91 0 
5863 34 0.9 41 0 45 0.8 46 0 50 1 66 1 80 0.7 93 0.3 
5896 25 0.4 38 1 86 0 96 0.5 
6006 54 0.7 
6112 64 0 
6328 2 0.7 22 0 65 0 84 1 88 0 99 0.7 
6497 13 0.7 28 0.7 29 0 46 0.6 50 0.3 61 0.5 74 0.3 
6534 0 0.9 39 0.3 51 0 52 0 70 0.8 71 0 80 0.6 92 0 
6669 30 0.9 31 0 36 0.8 68 1 81 0 83 0 99 0.7 
6673 39 0 40 0 86 0.7 
6693 16 1 31 0.6 37 0 57 0.5 63 0 77 0.8 
6869 55 0 58 0 71 0.4 97 1 
6874 24 0.3 28 1 37 0 48 0.6 
6973 15 0.4 23 0 24 0 60 0.5 
7080 13 0.4 27 0 
7326 19 0.5 20 0.6 30 0.3 32 1 33 1 51 0.9 55 0 78 0.4 97 0.7 99 0.3 
7414 4 0.7 5 1 16 0 35 0 44 0.4 69 0.6 73 0.5 74 0.6 99 0.6 
7697 21 0.8 
7755 10 0.8 13 0.8 14 0 16 0.6 41 0 73 0.5 84 0 92 0 
8024 20 0.9 35 0 37 0.7 42 0.7 52 0.3 57 0 80 0.9 
8071 42 0.3 44 0.8 65 0.3 
8222 15 1 32 1 48 0 66 0.6 69 0.8 81 0.4 
8241 27 0 37 0.5 76 1 77 1 91 0.8 
8355 27 0.4 42 0 81 0.3 83 0.6 
8455 89 0.3 
8528 91 0 
8561 22 0.6 33 0.6 51 1 52 0.5 59 0 82 0.5 84 0 
8656 6 0.9 27 1 35 0.7 51 0.8 58 0.7 61 0.9 
9012 98 0.4 
9125 61 1 67 0.9 88 0.5 
9163 8 1 38 0.4 58 0.7 59 0.8 
9384 12 0.6 20 0 73 1 84 0.8 89 0.3 97 1 
9611 19 0.8 21 0.7 22 0.7 53 0.4 62 1 69 0.7 81 0.9 95 0 
9753 17 0.5 38 0.3 41 0 42 0.9 72 1 79 0.5 84 1 97 0.5 
9769 12 0 40 0.6 44 0.4 52 0.8 56 0.3 76 0 96 0.3 
