100
15 4 0.3 9 0 16 0.7 26 1 34 0.4 40 0.8 60 0.4 
20 1 0.6 15 0.7 22 0 30 0.4 36 0.9 43 0.8 77 0.9 82 0 85 0.5 91 0 
152 98 1 
323 3 0.9 14 1 20 0 48 0.4 72 0.6 
415 2 0.5 4 0.4 5 0.3 29 0.3 59 0.8 
430 26 0.8 44 0 81 0.6 85 0.3 91 1 
497 24 0.7 32 0 55 0 59 0.6 69 0 76 0.8 77 0.3 84 0.5 99 1 
510 35 0 49 0.3 93 0.9 
526 0 0.6 11 0.9 18 1 32 0 50 0.6 54 0.7 74 0 92 0.8 93 0.7 96 0 
706 14 0.3 20 0.8 67 0.6 70 0.4 73 0.5 74 0 79 0.6 92 0.6 
768 14 0.9 16 0.7 33 0 34 0.8 38 0.5 74 0.8 79 0 
1171 51 0.4 52 0.7 69 0.5 
1219 50 1 86 0.6 
1257 7 0 8 0 11 1 15 0.8 28 1 73 0.3 75 0.9 88 1 99 0.8 
1312 2 0.9 39 0 71 0 81 0.5 86 1 89 0 
1319 28 0.7 36 0 66 0 77 0.5 78 0.5 
1327 18 0 22 0.6 33 0 49 0 53 1 76 0.9 78 0.8 93 0.9 
1474 9 0 29 0.7 
1497 12 0.9 46 1 72 0.4 90 0.3 
1542 9 1 20 1 24 0 76 0 81 0.9 
1742 5 0.3 52 0.6 58 0.4 69 0.8 71 0.5 74 0.6 75 1 82 0.6 86 0.5 94 0 
1783 16 0 18 0.6 32 0.8 47 0.6 77 0.8 81 0 93 0.3 
1787 6 0.5 13 0.5 51 0 93 0.3 
1795 35 0.3 43 0.9 63 0.9 91 0 
1838 34 0.5 
1850 4 0.8 12 0 34 0.7 38 0.7 48 0.4 59 0 61 1 74 0.9 87 0 
1915 2 0.7 40 1 41 0.7 54 0.3 55 0.7 73 0 92 1 
1927 1 0.8 19 0.9 32 0.6 33 0 75 1 
1981 28 0.6 29 0.6 53 0 60 0 85 0 88 0 99 0.9 
2043 12 0.8 21 0 23 0.3 32 0 35 0.4 37 0.3 43 0 51 0 93 0.8 99 0.8 
2051 3 0 11 0.7 23 1 
2265 8 0.3 32 0.9 49 1 72 0.9 96 0.6 
2404 4 1 43 0 98 0 
2488 50 0 55 0 87 0.3 
2534 25 0.7 26 0.4 37 0 38 0.5 43 0.5 67 0.4 79 0.9 86 0.9 89 0.8 
2816 50 0.3 77 0.7 
2822 33 0 34 0.7 51 0.6 
2957 1 1 4 0 8 0.8 18 0 26 0.6 56 0.6 78 0.3 
3061 32 0.3 48 0.7 56 0.5 60 0.9 87 0.6 91 0.6 94 0.9 
3536 3 0.3 54 0.8 83 0 84 0.7 99 0.8 
3820 11 0.8 27 0 38 0.9 58 0.3 81 0.3 90 0.3 93 0.7 
3881 0 0.3 5 0.6 30 0.6 43 0.3 64 0 76 0.4 97 0.4 98 0 
4095 5 1 35 0.4 38 1 50 0 51 0.5 60 0.8 77 1 86 0.3 87 0.6 
4107 48 0.8 77 0.8 
4207 0 0 1 0.4 28 0.9 38 0 43 0.3 63 0.3 71 0.3 77 0 80 0.3 99 1 
4309 16 0.3 28 0.6 41 0.3 47 0.5 54 0 60 0.4 
4379 14 0 43 1 75 0.6 78 0 89 0 
4388 28 0.4 29 0.8 41 0.4 51 0.8 91 0.8 92 0 99 0.7 
4471 3 0.8 47 0 50 0.5 52 0.9 64 0 
4513 2 0 24 0 38 0.4 43 0 44 0.5 60 0 72 0.3 78 0.7 
4616 52 0 
4801 0 0.6 9 0 34 1 38 0.4 39 0.4 59 0.7 65 0.9 97 0.4 
5066 75 1 
5330 3 0.8 9 0.5 15 0.6 26 0.4 56 0.5 62 0.9 99 0 
5375 86 1 
5937 0 0.6 12 0 33 0.5 35 0.7 72 0 78 0.6 96 0.4 
6035 92 0 
6366 42 1 
6414 20 0.6 36 0.6 39 0 45 0.7 55 0.3 79 0.6 82 0.6 85 0.4 88 0 
6481 37 1 45 0.6 56 0 64 0.4 90 0 93 1 
6631 3 0 37 0 45 1 83 0.5 97 0.3 98 0.5 
6652 0 0.9 8 0 13 0.5 28 0.6 37 0.4 68 0.8 90 0 
6765 14 0.4 36 0.9 76 0.8 85 0.6 
7015 0 0 4 0 34 0 53 0.6 55 0.7 57 1 62 0.3 70 0.7 90 1 99 0.8 
7147 11 0.5 20 0 24 0.5 25 0.3 30 0.4 41 0.3 68 0.6 74 0.9 89 0.9 
7156 18 0.6 38 0.7 55 0 91 0 
7166 13 0.5 48 0.7 52 0.6 67 0.4 82 1 
7173 1 0.4 6 0 18 0 27 0 54 0.7 95 0.3 
7192 6 0.9 7 0 13 0.6 18 0.8 24 0.4 33 0.5 46 0.8 54 0.5 65 0.9 72 0.9 
7315 39 0.3 51 0 64 0.7 67 0.9 76 0.3 
7357 58 0.4 
7377 8 0 23 0.8 28 0.7 37 0 
7539 10 0 20 0.7 52 0.8 78 0.4 99 0 
7731 17 0.6 46 1 62 0 87 0.3 90 0.6 93 1 
7833 21 0 29 0.4 
8091 2 0.7 14 0.7 24 0 39 0.6 51 0.6 57 0.4 59 0.5 73 0.5 74 1 
8198 23 0 32 0.4 43 0.5 49 0 63 0.6 75 0.7 77 0.5 85 0.4 94 0 99 0.7 
8236 14 0 30 0.3 46 0 48 0.3 81 0.5 
8272 8 0.5 40 0.4 56 0.3 58 0.6 60 0 78 0.5 88 0.6 
8493 29 0 35 0.7 37 0.3 63 0 72 0.5 
8570 3 0.9 35 0 39 1 78 0 89 0.4 91 0.7 94 0.3 
8594 15 0.4 26 0 51 0.9 64 0.4 76 0.8 79 0.5 91 0.6 
8656 6 0.6 27 0.6 35 0.7 51 0.6 58 0.4 61 0.9 
8672 37 0.8 69 0.5 88 0.5 
8777 29 0.6 35 1 40 0 45 0.4 55 0 63 0.9 67 0.9 69 1 90 0.7 
8814 7 0.9 43 0 75 1 96 0.7 
8815 10 0.5 14 0.7 64 0 85 0.9 88 0 
8839 30 1 37 0.3 
9146 29 0.3 32 0.6 54 0 69 0.6 80 0.4 83 0 91 0.7 
9232 8 0.8 19 0.9 61 0.8 
9460 7 0 31 0.7 37 0.7 52 0.3 60 0.3 67 0 
9627 7 0.7 17 0.6 18 0.6 25 0 44 0.9 52 0.8 65 0.7 76 0.7 77 0.8 84 0 
9706 19 0 36 0.7 53 0.3 55 0.5 67 1 75 0.9 78 0.5 92 1 
9772 8 0 10 0 11 0.8 22 1 29 0.8 38 0 50 0.8 58 0.9 72 0.3 95 0.4 
9791 28 0.4 
9800 17 0.6 18 0 27 0 37 1 87 0.9 96 0.6 
9826 12 0.5 21 0.7 27 0.6 44 0 45 0.6 58 0.9 69 0.9 82 1 85 0 96 0 
9894 0 0.7 6 1 25 0.5 30 0 32 0.4 39 0.5 52 0.4 55 0.6 58 0 95 0.9 
9929 10 0.4 24 0 39 1 45 0.4 47 0.4 48 0 91 0.3 93 0 98 0.9 
9962 18 0 48 0 87 0.9 95 0.4 
