100
57 22 0.7 28 0.3 44 0 55 0 69 0.6 74 0.4 77 0.3 
64 27 0.5 50 0 69 0.5 81 0.8 
107 0 0 15 0.9 33 0.4 42 0.4 70 1 79 0.9 80 1 91 0.8 
160 22 0 33 0.3 40 0.3 43 0.8 98 0.7 
431 43 0 
462 4 0.6 11 1 28 0.8 35 0.5 47 0.9 63 0.6 87 0 
535 9 0.3 25 0.9 33 0 35 0.5 40 1 42 0 83 0 88 0.3 93 0 
684 39 0.6 72 0.5 
732 1 0 22 0.8 26 0 38 0.7 40 0.5 72 0.3 84 1 92 0.8 98 0.8 
815 3 0.7 65 0.4 81 0.9 
1046 2 0.8 37 0.6 69 0.8 90 0 99 0.7 
1077 24 0 44 0.6 49 0.9 52 0.3 65 0.8 68 0.6 76 0 83 0 90 1 95 0.3 
1098 18 0.7 21 0.5 63 0.7 94 0.7 
1132 22 0 31 1 88 0.9 96 0 
1139 6 0.5 23 0.7 36 1 87 0.4 88 0.3 
1180 9 1 37 0.6 75 0.7 80 0.9 
1328 2 0.5 7 0.3 13 0.6 36 0 38 0.7 40 0.7 55 0 63 1 71 0 91 0.7 
1404 76 0.5 
1551 3 0.4 25 0.3 37 0.6 45 0.8 65 0.6 78 0.8 
1659 26 0.9 
1669 9 0.3 10 0.3 60 0 
1672 21 0.8 45 0 48 0.7 52 0.6 55 0.6 60 0.8 64 0.3 74 0.4 88 0 99 0.9 
1742 5 0 52 0.9 58 0 69 0 71 0.6 74 1 75 0.5 82 0 86 0.4 94 0.7 
2057 2 0.9 47 0.3 52 1 98 0.6 
2087 8 0 44 0 56 0.8 62 0.6 73 0.8 88 0.3 
2111 7 0 32 1 55 0.3 57 0.4 62 1 73 0 
2173 28 0.4 36 0.9 71 0.7 98 0.8 
2180 22 0.5 28 0.4 33 0.6 68 0.6 78 0.4 
2181 14 0.5 24 1 36 0.5 45 0.7 72 0.4 92 0 97 0.4 
2271 8 0 19 0 25 0.8 28 0.5 34 0.5 62 0.7 71 0 72 0.3 73 0 99 0 
2497 7 1 8 1 20 0 21 0.7 25 0.7 28 0.8 49 0 71 0.3 94 0.5 98 0.6 
2549 10 0.5 20 0 23 0.8 46 0.6 61 0.3 63 0.5 67 0 73 0.6 75 0.5 85 0.9 
2682 3 1 18 0 19 0 20 1 24 0 27 1 69 0.7 76 0.3 90 0 
3296 11 0 13 0.6 37 0.9 41 0 51 0.3 81 0.8 82 0.7 94 0.9 
3493 1 0 15 0 33 0 37 0.3 42 0 50 0 71 0.7 
3593 26 0 92 0.4 
3666 11 0.5 38 0 46 0.4 65 0.7 79 0.9 84 0 89 0 98 1 
3691 4 0.5 22 0 23 0.4 64 0 69 0.8 70 0 72 1 87 0.9 98 0.3 
3776 25 0.4 
3865 11 0 43 0.8 59 0.9 66 0.4 67 0.3 68 0.7 73 0 
3899 78 0 
3904 1 0.5 7 0.6 23 0.7 33 1 35 0.9 43 0.5 61 0.3 68 0 71 0.7 97 0.7 
3999 17 0 19 0.8 27 0.9 48 0.4 49 0 96 0.4 
4061 7 0.5 30 0.9 31 0.6 82 0.6 89 0.8 95 0.7 
4142 17 0.6 47 0.7 54 0 62 0.3 76 0.9 
4176 8 0 24 0.6 84 0.5 86 1 89 0.4 91 0 93 1 
4260 28 0.6 66 0 91 0.7 97 0 
4709 36 0.9 
4914 8 0.5 78 0.7 88 0.9 
4927 47 1 64 0.4 70 0 
5117 2 0.6 28 0.4 30 0.8 74 0.3 80 0.9 
5207 14 0 20 0 22 1 30 0 39 0 47 0.9 51 0 54 0.3 65 0.4 70 0.9 
5452 27 0 77 0.6 87 0.4 
5502 41 0 52 1 76 0 77 0 83 0.9 
5541 10 0 39 0.5 54 0 56 0.8 58 0 60 0.9 76 0.6 77 0.7 93 0.4 
5618 9 0.4 17 0 36 0.4 40 0 45 0.5 48 0 74 0.5 75 0 94 0.6 
5626 3 0 11 0.3 26 0.6 35 0.7 39 1 61 1 71 0.3 87 1 92 0.6 
5691 25 0.7 31 0.6 32 0.9 61 0 80 0.8 98 0.5 
5742 34 0.4 46 0.6 65 0 80 0 97 0.4 
5771 18 0 28 0.4 38 1 57 0.7 58 0.8 70 0.8 72 0 84 0.3 87 0.6 92 0 
5883 1 0.6 10 0.9 14 0.8 15 0 26 1 31 0.5 35 0 39 0.5 73 0.3 77 0 
6045 5 0 66 0 67 0.3 95 0.7 
6058 32 0 
6087 10 0.9 20 0.8 22 1 49 0.9 52 0.9 53 0.3 66 1 67 0 92 0.4 
6365 60 0 70 0 73 0.9 
6570 71 0.5 
6655 12 0.8 20 0.5 95 0 
6751 22 0.3 32 0.9 44 0.8 49 0.4 56 0.9 69 0 
6806 0 0 
6966 37 0 
6996 11 0.4 15 0.5 35 1 40 0.7 43 0.3 78 0.8 88 0 
7113 38 0 
7147 11 0.6 20 0.7 24 0.5 25 0 30 0 41 0.6 68 0 74 0.9 89 1 
7150 13 0 16 0 24 1 28 0.6 32 0 34 0 47 0.9 62 0.5 70 0.4 
7160 19 0.8 
7366 30 0.6 50 1 55 0.6 64 0 
7610 6 0.4 12 0.9 14 0.7 51 0.7 80 0 81 0.3 
7733 9 0 10 0 18 0.9 25 0.3 32 0.5 33 0.9 39 0.4 79 0.8 86 0.4 87 0.7 
7752 34 0 81 0.9 95 0 
7788 72 0 73 0.5 
7833 21 0.5 29 0 
8005 7 0 21 0.3 29 1 35 1 55 0.5 58 0 79 0 80 0 89 0 98 0.3 
8044 16 0.6 23 1 37 0.7 38 0.4 96 1 
8135 19 0 39 0 61 0 90 0.6 
8336 19 0.5 28 0 70 0.6 92 0.8 
8337 39 0.4 67 0 83 0.8 92 0.6 
8387 14 0.7 
8449 14 0.4 34 0.8 56 0.5 69 1 
8718 21 0.3 33 0 37 0.6 39 1 60 0.9 86 0.4 
8722 56 1 58 0 63 0 97 0.3 
8781 14 0.4 25 0.8 49 0.8 51 0.8 62 1 66 0.6 96 0.6 99 0.5 
8813 3 0 20 0.6 57 0.5 94 0.6 95 0 
8822 32 0.8 43 0.9 90 0.5 
8833 9 0 25 0 26 0.8 51 0.4 59 0 64 0 76 1 88 0 
9078 3 0.8 6 0.5 19 0.4 21 0.4 35 0 43 0.9 53 0 71 0.7 76 0 77 0.4 
9088 8 0.3 79 0 85 0 
9123 2 0.7 67 0.8 
9643 4 0.9 24 0.6 65 0 74 0 84 0 
9742 10 0 19 0.8 32 0 50 0.3 68 1 72 0.8 89 0 
9990 54 0.8 57 0 61 0.6 87 0 91 0 92 0.4 
