100
71 7 1 17 0.6 42 0.6 59 0.3 76 0.5 79 0.7 85 0.6 95 0.5 
73 28 1 84 0.3 
192 16 0.9 29 0.7 35 0.8 46 1 73 0.4 93 0.8 
269 6 0 10 0.7 21 0 31 1 33 0.6 44 0 57 0 84 1 91 0.8 96 0 
352 4 0.3 16 0.9 24 0.6 35 0.5 38 0 40 0 41 0.3 58 0 92 0.3 
367 12 0.8 38 0.7 40 0.6 57 0.6 84 0 94 0.9 
669 8 0.4 27 0.7 41 0.7 45 0.7 56 0.3 80 0.8 96 0.4 
716 2 0.8 19 0.4 24 0.3 44 0.5 51 0 72 0 84 0 
734 1 0.8 13 0 22 0.8 28 0.3 70 0.4 89 0 95 1 
833 26 0.9 29 0.6 44 0 54 0.7 61 0.8 72 0.6 
854 1 1 8 0 25 0.8 26 0.4 37 0.9 51 0.9 74 0.6 89 0.3 
951 16 0.4 30 0.5 31 1 50 0.6 57 0.6 
999 17 0.5 20 0 32 0.7 39 0.9 44 0 56 0 68 0.4 76 0 81 0.3 
1080 6 0.9 10 0 15 0.3 61 0 72 0.4 
1118 13 0.5 33 0.6 37 0.9 
1295 35 0.8 36 0.9 50 0 71 0 83 1 88 0.4 89 0 94 0.5 
1303 1 0.5 36 0.9 38 1 66 0 83 0.4 87 0.3 89 0.5 95 0.3 
1406 4 0 16 0 33 0.6 37 0 47 0 51 1 65 0.9 90 0.3 97 0.4 
1455 33 0.7 39 0.9 50 0.3 53 0.5 78 0.7 97 0 
1648 24 0.6 30 0 34 0 40 1 42 0 55 0.9 75 0.9 83 0 92 0.5 
1681 11 0 18 0.6 35 0.8 72 0.7 80 0.7 83 0.7 84 0 98 0.7 
1695 12 0.5 
1766 34 0.6 81 0.5 98 0 
1903 6 0.3 14 0.7 38 0.6 54 1 58 0.6 93 0.6 
1910 2 1 7 0.6 28 0.4 56 0.5 62 0.6 76 0 86 0.5 92 0.7 
2050 34 0.7 77 1 
2060 3 1 13 0.7 19 0.9 29 0 34 0 67 0.3 70 0.3 89 0.3 
2118 4 0.4 
2226 31 0.8 36 0.7 77 0.4 96 0.8 
2256 3 0.8 12 0.4 15 0.7 19 0.9 24 0.8 26 0 32 0.7 46 0.8 60 1 81 0.3 
2285 79 0 
2293 34 1 37 0 44 0.8 64 0.6 70 0.8 98 0 
2297 15 0.6 16 0 45 0 73 0.6 82 0 89 0.8 
2342 10 0.6 19 0 24 0.5 35 0.5 58 1 63 1 89 0 
2501 15 0 16 0.9 23 0.3 59 0.3 72 0.8 86 1 
2547 15 0.8 92 0 98 0 
2914 9 0.5 32 0.3 46 0.8 
2939 7 0.6 28 0.5 35 0.7 39 0.9 53 0.3 71 0.5 74 0 
2948 19 0.3 45 0.7 48 0.8 54 0.6 61 0 72 1 79 0.9 
3195 76 0.4 98 0 
3287 12 1 24 0.8 96 0.5 
3476 43 0.4 80 0.7 
3546 4 0.6 11 0.6 25 0.3 36 0.4 44 0.7 67 0 68 0 
3575 1 0.3 17 0 19 0.8 28 0.5 49 0.5 51 0.4 56 0.7 65 0 69 0 93 0.5 
3668 5 0.7 19 0.6 27 1 49 0.5 
4210 1 0.7 83 0 98 0.7 
4263 11 0.8 21 0 56 0.6 62 0.8 
4315 11 0.6 17 0.7 34 0.8 49 0 79 0.8 
4431 43 0 72 1 73 0.4 78 0 85 0 90 0.6 
4581 30 0 40 0 65 0.3 
4598 8 0.9 11 1 40 0.3 58 0.6 66 0.3 68 0.6 81 0.3 
4619 7 0 20 0.5 33 0.9 51 0 53 1 57 0 77 0.6 
4632 21 1 24 0.7 33 0 34 0.5 89 0.5 
4739 22 0 26 0.6 27 0.9 43 0.5 44 0.5 46 0.8 65 0.5 75 0 99 0 
4804 28 0.6 36 0.8 44 0.9 64 0.4 73 0.3 99 0.8 
4885 2 0.5 9 1 15 0 39 0.6 44 0.6 50 0.7 58 0 70 0 93 0.7 94 0.7 
4894 24 0.8 58 0 
5026 2 0.8 44 0.7 70 0.8 77 0.9 92 1 
5168 18 0.6 
5215 0 0.6 20 0.7 22 0.5 30 0.6 35 0.5 92 1 
5586 36 0.8 50 0 52 0.6 96 0.9 
5751 5 0.8 13 0.8 25 0.6 55 0.3 69 0 88 0.4 90 0.3 
6355 82 0.7 89 0.8 
6410 7 0 51 0 66 0.8 76 1 
6411 19 0 51 1 
6422 12 0.4 
6838 7 0 11 0.3 12 1 13 1 28 0.4 50 0.7 64 0.6 65 0.8 72 0.7 77 1 
6887 1 0.3 14 0.5 50 0 58 0.3 80 0.7 92 0.6 
6903 55 1 70 0 80 0.8 
6952 8 0.8 23 0 42 0.9 50 0.6 56 1 59 0.7 60 0 75 0.9 76 0 83 0.4 
6986 0 0.7 1 0 29 0.9 45 0.5 48 0.9 61 0 92 0 99 0 
7000 1 0 5 0.7 30 0.7 38 0.7 46 0.9 78 0.4 91 0.9 
7022 3 0 8 0.7 25 0.8 33 1 62 0.8 68 0.8 78 0 88 1 
7442 11 0 17 0 50 0.9 52 0.7 53 0.5 55 0 76 0.5 
7622 45 0 
7664 4 0.4 12 0 16 0.8 42 0.3 46 0.3 50 0.3 63 0 64 0.5 74 0.3 76 0 
7723 12 0 19 0 31 0.4 32 1 40 0.3 41 0.5 72 0.4 73 0.3 
7758 0 0.5 3 0 85 0.3 
7902 10 0.4 17 0.9 33 0.6 47 0.6 62 0.9 77 0.4 87 0.9 91 0 
7987 86 0 
8052 35 1 
8159 23 0.8 28 0 52 0.5 60 0.8 87 0.7 92 0.9 95 0 96 0 
8218 79 0 81 0.4 
8473 3 0 14 0.6 26 0.3 43 0.4 65 0.6 66 0.7 
8491 7 0 17 0 27 0.3 48 0 72 0.5 87 0 88 0 99 0.8 
8575 38 0.3 58 0.9 73 0.3 
8617 3 0.5 13 0.4 52 0.6 97 0 
8675 0 0.6 3 0.5 14 0.3 20 0 40 0.7 67 0.6 77 1 96 0.7 
8776 38 0.4 55 0.3 64 0.4 66 0.8 
8846 10 0.5 50 0.8 75 0.6 
8851 14 0.8 32 0.5 
8854 5 0.3 45 0 60 0.8 75 0.8 83 0.9 94 0 
8932 4 0.5 37 0.7 
9094 2 0.3 13 0 37 0.7 54 0.7 64 0.9 69 0.5 71 0.7 78 1 88 0.5 96 0 
9164 26 0 53 0 55 0.7 61 0.7 
9247 29 0.5 82 1 98 0.3 
9251 1 0.6 15 0.8 17 0 50 0.5 55 0 62 1 64 0 65 0.8 97 1 99 0 
9278 13 0 33 0.8 48 0.6 66 0.6 78 0.7 
9417 2 0.4 13 0.6 19 0 37 0 48 0.9 65 0 75 0 82 0.9 
9565 69 0.3 
