100
13 50 0.4 
335 4 0.7 35 0 53 0 97 1 
641 10 0.3 20 0 21 0.7 37 0.5 46 1 64 0.9 72 0 75 0.5 76 0.7 97 0.4 
724 63 0.4 69 0.5 87 0.5 
805 22 0 29 0.5 33 0.3 35 0 68 0.4 75 0.8 94 0 
906 0 0.6 6 0.7 30 0.5 34 0.9 35 0.7 37 0 39 0.6 66 0 67 0 81 0 
954 1 1 9 0.4 24 0.7 25 0.8 31 0.4 37 0.4 39 0.8 47 1 86 0 94 0.7 
1027 0 0 6 0 
1080 6 0 10 0 15 0.6 61 0.9 72 0.9 
1236 7 1 38 0.9 79 0.9 
1238 48 0.6 69 1 
1247 7 0.5 12 0.7 26 0 43 0 54 0.5 70 1 72 0.5 88 0.8 
1470 21 0.3 37 0.4 66 0.7 69 1 77 0.7 
1570 21 0 88 0.6 
1735 35 0.5 36 0.4 38 0 56 0.7 60 0.7 83 0.5 97 0.5 
1745 42 0.3 54 0.4 59 0.6 68 0.5 70 0.8 76 0 84 0.3 90 0.4 
1749 27 0.5 41 0 
1760 71 0.8 98 0 
1842 9 0.7 10 0.7 37 0.5 51 0.6 55 0.7 58 0 67 0 72 0.5 94 0.4 98 0 
2001 5 0 11 0.7 35 0 
2006 85 1 86 0 
2028 8 1 27 0.9 28 0.5 41 0 66 0.6 69 0 87 0.9 
2064 55 0.7 75 0.9 90 0.7 93 0.5 94 0.5 
2085 3 0.3 17 0.3 28 0 32 1 40 0.8 54 0.8 67 1 94 1 99 0 
2242 17 0 23 0.6 26 0.5 59 0.4 94 0 
2253 19 0 25 0.9 26 0.5 44 0 48 0.5 51 0.5 
2393 4 0 11 0 12 0 18 0.4 41 0.9 54 0.3 59 0 74 0.7 76 1 91 0.6 
2619 14 0 26 0.8 30 0.7 62 0 76 1 88 0.5 90 0.3 
2816 50 0.9 77 0.7 
2853 8 0.4 20 0 38 1 44 0.8 51 0 67 0.5 
2879 18 0.9 71 0.8 
2892 13 0 23 0.9 30 0.3 43 1 77 0.8 88 0.5 
2929 54 1 83 0.7 95 0 
3028 73 0.6 85 0.5 
3171 0 0 23 0 34 0.7 39 0.3 80 0.5 82 0.4 87 0.9 88 0.9 
3227 1 0.7 21 0.8 29 0.5 52 0.7 53 0.7 76 0 
3258 7 0.6 14 0.5 21 0.6 41 1 60 0.9 78 0.8 81 0.8 88 0.9 89 0 98 1 
3294 6 0.8 7 0.6 37 0 53 0.7 59 1 61 0 65 0.4 73 0.5 81 0.4 86 0.9 
3488 3 1 43 1 44 0.7 
3494 1 0.5 6 0 27 0.8 47 0.3 48 0.8 63 0.8 65 0 66 0.3 68 0.9 76 0.4 
3531 5 0 10 0.9 13 0 41 0.7 69 0.5 75 0.3 79 0 93 0 99 0.3 
3654 0 0.8 8 0 25 1 29 0.9 38 0.7 44 0.3 
3736 19 0 57 0 66 0.7 78 1 79 0.7 84 0.5 87 0.9 91 1 95 0.5 
3767 2 0 15 0.8 
3894 11 0.4 16 0 18 0.8 37 0.7 44 0.9 73 0.3 84 0 92 0 93 0 97 0 
3963 33 0 47 0.6 56 1 
4084 85 0.4 89 0.7 94 0.9 
4211 24 0.4 35 0.6 38 0.3 39 0.8 51 0.4 58 0.7 70 0.6 87 0 95 0.7 
4246 7 0.8 12 0.4 63 0.4 80 0.5 87 0 88 0.4 96 0.7 
4258 1 0.7 21 0.7 74 0.9 
4377 6 0.6 28 0.9 33 0.9 70 1 72 0.3 99 0.8 
4538 59 0 73 0 
4657 57 0 97 0.3 
4830 14 0.9 15 0.4 27 0.6 33 0 41 0 45 0.7 54 0.5 60 0.4 66 0.6 99 0.8 
4940 3 0 17 0 19 0.9 43 0.6 92 1 
4998 30 1 
5089 1 0 5 0.9 53 0.5 64 0 69 0.5 75 0.5 84 0.8 85 0 
5172 9 0 15 0.4 74 0.6 77 0.4 87 0.8 88 0.4 
5199 24 0.7 33 0 74 0.6 88 0 
5331 16 0 19 0.7 24 0 42 0.9 68 0 74 0 77 0.5 86 0.8 91 0.9 
5501 8 0.4 31 1 48 0.8 65 0 72 0.6 81 0.7 82 0.3 85 0.3 92 0 98 0.8 
5512 49 0.6 
5524 16 0 21 0.6 22 0.5 23 0 29 0.7 38 0.7 47 0.3 57 0.4 83 0 90 0.9 
5595 19 0.6 24 0.4 35 0.5 42 0.8 52 0.9 58 0.9 66 0.4 77 0 97 0.4 
5633 17 1 64 0.8 72 1 81 0.7 86 0 
5847 34 0.5 42 0 70 0.6 
5913 69 0 
5960 3 0.9 11 0 13 0 25 0.7 29 0 41 0 53 0.8 62 0.9 84 0.7 90 0 
6136 24 0.5 34 0.9 60 0.9 66 0 
6243 5 0 7 0.9 14 0 26 0 62 0.4 64 0.7 70 0 71 0.7 82 0.4 91 0.5 
6364 12 0 58 0.4 75 1 78 0.5 91 0 
6470 5 0 13 0 30 0 35 0.7 36 0.4 37 0.9 39 0.9 77 1 91 0 
6585 5 0.5 
6873 7 0.5 
6974 20 0.9 24 0.6 25 0.4 29 0.9 51 0 64 0.3 66 0.8 94 0.4 
7088 13 0.7 76 0.5 
7103 15 1 37 0.4 45 0.4 50 0.5 60 0.9 75 0 85 0.6 97 0.5 
7221 14 0 21 0.3 26 0 43 0 44 1 46 0.5 49 0 55 0.9 82 0.8 
7245 25 0.9 66 0.4 94 0 
7478 2 0 
7516 11 0 40 1 62 0.3 
7665 3 0.8 15 0 18 0.3 36 0.5 39 0.8 
7691 3 0.8 6 0 14 0 36 0.8 75 0.5 
7695 27 0.5 87 0.3 
7757 2 0.5 5 0 10 0.3 25 0 73 0 
7780 6 0.6 16 0.7 20 0.6 51 0 52 0.6 75 0.9 80 0.3 87 0.9 97 0.9 
7818 96 0.5 
8063 91 0.7 
8107 60 0.8 
8133 16 0.7 74 0.5 81 0.3 93 0.8 
8252 10 1 11 0.6 35 0.9 39 0 51 0 81 0.4 82 0.8 94 0.9 
8345 74 1 
8398 47 0.9 58 0.5 72 0.5 
8633 7 0 33 1 45 0.7 52 0.3 53 1 76 0.5 83 0.6 85 0.9 
8814 7 0.8 43 1 75 0.6 96 0.8 
8990 77 0.8 
9031 70 0 73 0.7 97 0 
9077 1 0.4 2 0.7 5 0.9 7 0 10 0 19 0.9 49 0 86 0.5 94 0 97 1 
9562 75 0 
9893 15 0.5 32 0.5 
