100
190 5 0.6 22 0.8 44 0.3 46 0.6 61 0.6 79 0 
223 30 0.6 
253 97 0 
343 6 0.5 20 0.9 44 0.7 74 0.7 88 0.3 89 0 
420 0 0.5 12 0 20 0 23 1 35 0.5 48 0.7 58 0.3 63 0 81 0.6 
511 26 1 43 0 47 0 50 0.8 58 0 
660 16 0.9 20 0.8 38 0.6 43 0 52 0.4 63 0.9 64 0 93 0.6 99 0 
717 5 0.4 17 0.6 41 0.6 53 0.5 57 0.6 81 0.3 82 0 
764 7 0.5 20 0.6 32 1 57 0 72 0 81 1 
818 3 0.6 8 0.7 15 0 25 0.3 36 0.7 65 0.4 74 1 77 0 96 0.9 
1062 2 0 29 1 
1133 65 0.3 90 0.7 
1253 12 0.8 44 0.5 51 0.7 62 0.5 65 1 90 0 91 0 92 0.6 
1439 51 0 58 0 65 1 73 0.4 80 0.9 86 0.8 90 0 
1593 22 0 33 1 35 1 47 0 54 0.7 63 0 78 0.5 
1694 9 0.3 17 1 24 0.7 26 0.9 56 0.3 63 0.7 67 0.8 75 0 90 0.5 
1860 11 0.9 12 0 13 0.8 19 0.4 21 0.4 57 0.5 74 0.4 95 0.5 
1870 14 0.8 44 0.4 96 0 
2029 0 0.7 8 0.5 21 0.6 26 0.9 38 0.3 45 0.9 65 0 94 0.7 
2162 71 0.4 76 0 
2188 63 1 
2345 8 0.4 26 0.4 39 0 62 0.9 75 0.4 83 0.7 96 1 98 0.8 99 0.8 
2428 0 0.5 1 0.4 14 0 19 0.8 36 0 49 0.6 61 0.3 68 0.3 94 0 97 0 
2439 57 0.9 97 0.6 
2535 5 0.7 12 0.4 32 0.3 43 0.4 57 0.6 67 0 69 0.4 76 0 89 0.5 98 0.6 
2582 23 0 27 0 36 0.7 53 0 57 0.3 64 0.8 67 0.9 90 1 
2602 80 0.6 
2649 0 0 5 0.8 37 1 49 0.4 57 0.5 69 0.3 
2651 13 0.6 41 0 46 0 47 0.7 51 0.5 55 0 72 0.6 73 0 86 0.6 98 0 
2741 86 0.6 
2773 11 0 12 0.4 44 0 47 1 52 0.7 56 0 61 0 73 0 74 0 93 0.3 
2819 22 0.4 26 0.4 32 0.8 44 1 48 0.5 59 0.8 60 0.7 86 0.8 99 1 
3015 7 0.7 36 0.8 53 1 63 0.6 64 0 70 1 71 0.5 96 0.7 
3123 9 0.5 10 0.4 19 0.5 43 0.7 78 0 87 0 92 0.4 
3260 2 0.9 5 0.9 16 1 23 0.9 27 1 42 0.7 54 0 60 0 94 0.4 
3355 1 0.7 32 0 35 0.8 42 0 76 0 89 0.6 95 0.7 
3390 22 0.4 27 0.7 33 0.5 44 0.7 81 0.7 90 0.8 
3439 11 0.6 12 0.5 18 0.9 29 0.4 32 0 41 0 51 0 95 0.4 
3748 32 0.7 47 0.3 80 0 
3777 4 0.4 6 0.3 
3780 12 0.5 32 0.3 36 0 65 0 72 0 87 0.3 
3898 1 0.4 53 0.3 57 0.6 
4010 4 0.8 26 0 37 0 43 0.8 49 0.7 51 0.3 
4077 26 0.4 27 1 31 0 55 0.6 99 0.4 
4230 3 0 5 0.4 16 1 26 1 45 0.9 54 0.3 55 0.3 65 0.7 77 0.4 78 0 
4338 54 1 55 0 62 0 78 1 79 0 80 0.9 
4432 74 0.3 75 0.7 
4465 35 0 44 0.8 60 0.9 66 0.6 75 0 86 0.8 
4495 85 0 86 0 
4499 35 1 68 0 88 0.7 
4535 30 0.5 73 0 88 0.4 
4571 24 0.4 28 0.5 37 0.4 43 0 44 0 55 1 65 0.4 81 0 91 0.6 
4673 12 0.8 
4704 78 0 
4960 1 0.4 8 0 19 0.5 24 0.7 34 0.3 69 0 76 0 96 0.7 
5052 0 0 21 0.3 35 0 46 1 47 1 54 0.8 74 0.7 95 0.9 97 0.8 
5634 16 0.8 41 0.6 45 0.5 58 0 75 0.3 82 0.7 83 0.4 97 0.9 
5876 7 0 12 0.8 14 0.8 51 0.4 62 0.9 84 1 95 0.3 
6162 5 0.4 7 0.3 16 0.8 24 0 39 0.8 55 0.3 85 0.3 89 0.9 
6218 3 0 11 0.3 12 0.6 17 0.9 22 0.7 31 0.4 51 0.6 69 0.4 89 0.7 90 0.6 
6625 6 0.9 8 0 14 1 24 0.9 30 0 42 0.5 70 0.6 83 0 96 0.7 
6734 2 0 8 0 50 0.9 53 0.3 54 0.5 92 0.8 
6784 8 0.4 11 0 13 0.5 23 0.4 58 0.8 74 0 77 0.9 80 0 86 0 
6842 5 0 51 0.6 58 0.6 76 0.7 81 1 
6889 5 0 6 0.5 77 0.9 90 0 92 0.8 
6948 10 0.8 31 0.8 51 0.5 85 0.9 
7043 18 0 23 0.9 55 0.3 77 1 79 0.3 98 0 
7177 35 1 53 0 63 0.5 
7214 27 1 83 0.5 
7264 3 0.9 11 0 23 1 55 0.6 69 0.5 80 1 87 0.7 99 0 
7313 9 0.4 14 0 20 0 31 0.9 44 0.6 
7450 11 0.7 21 0.7 
7484 25 1 59 1 68 0.3 75 0.5 80 0.7 83 0.9 87 1 
7527 0 0 2 0.4 27 0.9 58 0.7 78 0 85 0.4 87 0.4 88 0 
7632 25 0.8 47 0 89 0 
7761 21 0.5 
7790 9 0.7 35 0.7 36 0 40 0.7 51 0 85 0.6 
7874 0 0.5 24 0 39 0 
7889 7 0 41 0.4 48 0.5 65 0.4 68 0.9 84 0.4 87 0 
7905 0 0.6 52 0.3 56 0.9 82 0.7 
8049 3 0.6 10 0.7 33 0.7 41 0.9 55 0 75 0.7 81 0 86 0 
8232 13 0.8 23 0.9 97 0.5 
8381 63 0.7 
8452 1 1 47 0.6 66 0.7 78 0.7 82 0.3 86 0.8 
8488 14 0 
8684 3 0 85 0.9 
8775 0 0 6 0.7 11 0.8 16 0.9 18 0 47 0.6 62 0 91 0 92 0 
8801 14 0.7 40 0.6 43 0.8 46 0.6 56 0 58 0.8 64 0.4 69 0 71 0.5 96 0.4 
8877 4 0.4 44 1 46 0 50 1 52 0 
8898 27 1 
8936 7 1 19 0 26 0.7 29 0.8 47 0.5 55 0 70 0 82 0.3 
8966 26 0.8 38 0 50 0 55 0.8 59 0.4 63 0.6 65 0.4 83 0 93 0.6 94 0 
9119 52 0.7 96 1 
9136 43 0.3 84 0.7 
9204 32 0.4 73 0 82 0.6 
9305 14 0.8 
9395 21 0.4 51 1 52 0.6 54 0.9 
9726 22 0.3 94 0 
9740 33 0 44 1 56 0.6 58 0.8 62 0.4 74 0.6 78 1 83 0 95 0 99 0 
9791 28 0.4 
