100
54 68 0.6 81 0.8 85 0.4 
170 3 0.5 18 0 19 0.3 75 0.6 
241 8 0.8 13 0.7 37 0.3 71 0 90 0.8 
485 1 0.9 22 1 44 0 56 0 
573 4 1 13 0 37 1 
745 2 1 15 0.3 17 0 64 0.4 67 0.3 70 0 72 0 97 0.8 99 0.5 
883 5 0 15 1 16 0.3 22 0.6 25 0 31 0.8 68 0.9 72 0.5 94 0.8 
891 7 0.7 11 0.9 14 0 98 0.3 
1031 80 0.9 
1046 2 0 37 0.4 69 0.3 90 0 99 0 
1184 8 1 
1339 17 0.9 52 0.8 
1505 10 0 24 0 34 0.7 76 0.4 88 0 91 0.9 
1553 10 0 23 0.3 63 0 66 0.9 78 0.6 
1622 28 0 57 0.4 61 0.3 
1708 45 0.5 52 0.5 73 0 
1715 13 1 45 0.8 98 0 
1764 4 0.8 
1809 10 0.8 40 0 66 0.6 
1879 34 0.3 
2027 17 0.5 23 0 58 0.4 82 0 92 0 96 0.5 
2049 25 0.6 34 0 
2056 70 0.3 79 0.9 
2073 49 0 85 0.4 95 0.8 
2150 47 0.8 
2165 3 0.8 24 0 28 0.4 
2203 10 0.3 23 1 32 0.3 36 0 67 0 76 0 77 0.5 86 0 94 0.4 99 0.3 
2267 29 0.3 51 0 
2458 22 0 40 0.6 
2459 6 0 16 0.9 29 0.5 72 0.5 73 0.5 75 0.5 85 0.4 94 0.3 
2560 4 0.3 17 0.8 23 0.8 43 0.5 46 0 59 0.9 63 0.8 70 0 99 0.8 
2571 23 0 25 0.3 33 0.8 45 0.7 54 0 65 0.8 66 0.7 75 0.4 88 1 
2610 1 0.5 8 0 40 0 44 0.8 51 0 80 0.8 86 0.3 
2710 45 0.5 
2729 24 0 32 0.9 38 0.9 42 0.3 61 1 
2778 2 0.8 5 0 8 0.4 22 0.5 29 0.7 52 0.9 73 0 92 0.4 
3014 4 0 26 0.4 28 1 33 0.5 73 0.3 74 0.8 
3028 73 0.9 85 0.4 
3032 2 0.9 6 0.7 15 0.7 23 0 33 0.6 45 0 73 0.4 
3051 32 1 45 0 47 0.5 50 0.3 67 0.3 88 0.5 96 0.9 
3057 3 0 28 0 39 0 52 0.6 66 0.5 73 0.3 
3189 74 0 
3246 9 0.4 31 0.4 38 0.5 47 0 
3348 65 0.4 71 0.9 78 1 99 0 
3487 8 0.5 60 0 63 0.6 66 0.4 70 0 73 0 89 0.8 91 0 
3513 10 0.6 18 0.8 31 0 33 0.6 44 0 46 0 61 0.8 68 0.8 75 0 97 1 
3580 21 0 23 0.9 24 0.9 27 0.6 37 0 48 0.7 70 0.9 77 0.5 88 0.7 
3607 12 1 21 1 23 0.6 48 0.9 56 0.7 64 1 68 0 
3634 4 0.8 7 0 11 0.5 54 0.4 63 0.7 87 0.4 
3773 1 1 3 0 4 0.7 12 0.7 15 1 34 0 58 1 81 0.7 93 0 
3875 0 0.5 5 0.3 13 0.3 34 0.8 49 0 
3946 1 0.9 13 0 14 0.7 33 0 37 1 39 0.3 58 0.3 60 0 
4133 4 0.5 20 0.6 40 0 51 0.8 60 0.8 78 0.4 94 0 
4264 7 0.4 31 1 35 0 61 0 
4373 10 0.5 28 0.6 33 0 37 0.9 58 0.5 84 0 96 0 
4409 5 1 14 0.8 25 0 29 0.3 78 0.8 
4501 12 0.9 65 0.6 
4577 11 0.5 32 0.7 36 0.5 
4671 13 0 32 0.9 42 0 48 1 58 0 66 0.8 
4684 39 0 57 0 75 0 77 0.4 85 0.6 
4755 1 1 20 0.6 42 0 45 0.4 47 1 67 0 90 0.5 98 0 
4791 31 0.6 33 0.7 52 0.8 66 0.9 67 0 
5095 60 0.9 63 1 69 0.9 86 0.7 95 0.9 
5251 16 0.3 29 0 67 0.9 
5254 19 0 22 0.7 26 0.3 92 0 96 0 
5297 0 0.6 40 0.3 
5354 6 0.4 8 0.7 29 0.7 31 1 35 0 44 0.6 58 0.9 64 0 92 0 
5514 87 0.5 
5775 9 1 26 0.5 46 1 79 0 
5937 0 0.7 12 0.6 33 0.7 35 0.6 72 0.3 78 0.9 96 0 
6007 5 0.5 8 0.4 27 0.5 44 0 45 0.5 53 0.7 63 0.3 72 0 97 0.4 
6096 47 0 81 0.3 85 0 89 0 
6208 1 0.3 11 0.4 17 0.5 22 0 28 0.7 37 0.8 67 0.4 86 0.3 90 0.6 
6344 5 0.8 6 0 18 0.9 19 1 21 0 36 0.9 45 0.4 60 1 66 0.4 93 1 
6656 13 0 32 0 44 0.6 72 0.8 83 0 84 0 
6976 22 0.8 
7293 27 0 32 0 34 0.4 37 0.7 40 0.7 60 0 69 0 70 0.7 96 0 
7362 4 0.8 33 0 66 0 70 0.3 78 0 83 0 87 0.7 88 0 
7479 3 1 9 0.3 35 0.8 50 0.4 54 0.6 55 0.3 59 0.4 76 1 
7600 4 0.4 39 0.8 
7603 4 0.6 5 0.9 59 0 
7774 3 1 6 0.7 13 0.4 18 0.4 20 0.9 35 0.3 42 0.6 44 0.8 57 0.4 79 0.7 
7946 28 0.8 90 0.5 
8035 13 0.3 21 0 29 0 37 0 71 1 73 0.5 78 0.5 82 0.9 95 0 
8618 0 0.3 51 0 62 0.6 63 0.4 65 1 74 0.4 
8653 29 0.6 36 0.4 65 0.3 74 0.5 81 0.4 88 0.8 92 0.4 97 0.9 
8667 4 0.9 49 0.9 55 0 65 0 83 0 
8890 14 0.7 52 0.8 56 0 70 0 80 0 
8921 2 0.4 21 0.3 32 0.6 38 0 55 0.7 63 0.9 67 0.5 69 0.8 77 1 96 0 
9010 10 0.9 13 0.3 42 0.3 53 1 73 0.5 87 0.7 91 0.3 
9059 4 0.9 62 1 70 0.5 
9067 50 0.8 76 0.8 
9253 14 0.4 15 0 29 0.9 31 0.4 32 0.7 56 0.6 64 0.6 68 0 71 1 84 1 
9294 5 0.6 
9309 3 1 10 0.9 41 0.9 57 0.3 58 0.7 85 0 94 0.8 
9446 3 0.9 4 0.4 18 0 25 0.4 29 0.7 77 0.4 79 0.3 85 1 90 1 91 0.9 
9737 80 0.8 
9942 41 0.6 81 0.8 
9969 89 1 
9974 22 0 40 0.8 52 0 72 1 73 0.5 98 0 99 0.3 
