100
122 32 0.3 35 0.8 44 0 55 0 56 0.5 60 0 78 0 86 1 92 0.4 
126 1 0 53 0.5 55 0.3 92 1 94 0.5 
282 0 0 10 0.9 58 0.7 61 0.7 83 0.8 92 0 96 0.3 99 0.8 
334 39 0.8 
406 0 1 8 0 22 0.4 43 0 82 0.6 90 0 
532 4 0 74 0.3 85 0 
601 6 0.7 11 0.8 26 0.4 28 0 67 0.3 77 0 88 0 90 0.5 97 0 
696 16 0.7 33 0 58 1 75 0.5 96 0.4 
849 16 0.4 
866 22 0.7 30 0.8 40 0.8 44 0.3 59 0.7 65 0.7 70 0 73 0 
912 1 0 9 0.5 22 0.9 50 0.4 73 0.6 79 0.7 80 0.8 
914 3 0 29 0.9 34 0.9 62 0 64 0.5 92 0.4 
1009 69 0.5 
1123 9 0 46 0.3 50 0 54 0.4 89 0.4 97 0.3 
1192 2 0 26 0.9 46 0.3 72 0.8 94 0.5 
1235 15 0 22 0 24 0.6 26 0.9 35 0 55 0.3 71 0.3 81 0.7 98 1 
1302 17 0.4 28 0.5 42 0.4 61 0.5 79 1 
1436 3 0.7 
1487 2 0.9 5 0.3 14 0 36 0 50 0.8 55 0.4 57 0 74 0 82 0 97 0 
1530 13 0.5 21 0.3 38 0.5 40 0.9 49 0 55 0.4 82 0.5 84 0.6 89 0.8 95 0 
1640 2 0.5 6 0.3 8 0.8 25 0 27 0.9 81 0 84 0 93 0.3 
1694 9 0 17 0.8 24 0.6 26 1 56 0 63 0.3 67 1 75 0.5 90 0.3 
1738 33 0 44 0.7 45 1 74 1 93 0.3 
1808 18 0.7 27 0.8 50 0.7 64 0.8 77 0.9 82 0.4 
1945 17 0 42 0.9 55 0.6 59 0 68 0.9 80 0 81 0.5 95 0.9 
2066 39 0.9 
2083 0 0 8 0.6 31 0.4 38 0.4 50 1 51 0 57 0.5 71 0 81 1 
2266 15 0 
2367 8 1 13 0.4 25 0.5 39 0.6 43 0.5 49 0 62 0 68 0 74 0.8 94 1 
2404 4 0.4 43 0 98 0 
2462 6 0 7 0 17 0.4 19 0 46 0.4 57 0 65 0 69 0 78 0 86 0.4 
2476 89 0.5 
2625 32 0.7 
2672 12 0.7 19 0.8 44 0 
2684 18 0 
2749 10 0 60 0 68 0 
2862 6 0.7 55 0.7 64 0.4 
2872 20 0.7 26 0.5 75 0.3 95 1 
2888 18 0.4 28 0 37 0 75 0.7 80 0.8 82 0 89 0.3 
2927 30 0.3 34 0.3 
3157 11 0.8 13 0.9 65 0.6 71 1 93 0 
3267 50 0.4 
3456 2 0.4 45 0.3 96 0.8 
3489 24 0.9 32 0.6 72 0.5 85 0.9 93 0.4 
3580 21 0.8 23 0.9 24 0 27 0.9 37 0 48 0.3 70 0.8 77 0.9 88 0.4 
3607 12 0.7 21 0.6 23 0.3 48 0.9 56 0.5 64 0.4 68 1 
3665 61 0 71 0.9 74 1 79 0 
3847 3 0 10 0 26 0.3 27 0.6 29 0.5 36 0.9 49 0 51 1 77 0.7 83 0.7 
4128 9 0.6 27 0 40 0.3 42 0.7 50 0.7 69 0 74 0.8 
4220 10 0.3 56 0.3 70 0.7 
4587 9 0 19 0.6 20 0.9 34 0.8 52 0.7 
4599 16 0 22 1 47 0 59 1 66 0 78 0 83 0.4 87 0.6 93 0.9 95 0.8 
4606 26 0.7 89 0.8 93 0.4 
4654 52 0 
4862 65 0.5 
4945 34 1 49 0.8 52 0.6 57 0 64 0.4 90 0.3 93 0 99 0.5 
5049 7 0 15 0 48 1 71 0.7 73 0 77 0 
5479 29 0.7 30 0.5 39 0 47 0.4 51 0 90 0.3 94 0.3 
5730 0 1 13 0.5 15 0.8 24 1 35 1 54 0.7 72 0 78 0 88 0.8 95 0.4 
5858 46 0.8 49 0.8 71 0 85 1 
5932 3 0.5 11 0.4 27 0 56 0.8 60 0.4 79 0.5 84 0.3 94 0.9 
6009 91 0 96 0 
6158 11 0.7 55 0 64 0.6 75 0.5 90 0.9 91 1 
6256 7 0.3 14 0.6 18 1 53 0.7 55 0 61 0.4 71 0.9 72 1 80 0.4 89 0.7 
6483 29 0 51 0 57 0.7 58 0.5 87 0.6 94 0.9 
6521 14 1 35 0.3 87 0.7 88 1 90 0.8 
6776 24 0.8 28 0.6 48 0 53 0 87 0 89 0.5 
7016 54 0 74 0.5 84 0.8 
7059 10 0 32 0 34 0.4 39 0.9 41 0.7 68 0 98 1 
7107 21 0 
7157 45 0 95 0 
7271 1 0.4 18 1 41 0.5 46 0.7 49 1 56 1 72 0.7 74 1 97 0 
7293 27 0 32 0.5 34 0 37 0.3 40 0 60 0 69 0.4 70 0.9 96 0.6 
7538 38 0.9 53 0 54 0.7 67 0.7 68 1 70 0.5 83 0.4 85 0.8 90 0 
7626 1 0.8 6 0.5 58 0 59 1 69 0.3 
8084 14 1 15 0.3 25 0.7 33 0.3 59 0 83 0.5 91 0 92 0.6 94 0.3 99 0 
8112 1 0.8 14 0.4 15 0 46 0.8 72 0.7 76 0.7 78 0.7 81 0.8 90 0.7 
8127 9 0 25 0 27 0.8 37 0.9 62 0 65 0.9 66 0.4 78 0.8 87 0 
8219 11 0.9 
8230 31 0 36 0 57 1 58 0.5 60 0.4 70 0.6 74 0.9 79 0 94 0.7 
8243 20 0.3 44 0.3 51 0.6 80 0.4 97 0.3 98 0.7 
8430 5 0.6 10 0.6 25 0.5 68 0.7 82 0 92 0.5 97 0.4 98 0.4 
8557 11 0.5 24 0.8 42 0.3 86 0.4 87 0.4 
8740 13 0 14 0.4 16 0 22 0.4 24 0 26 0 37 0.6 46 0 72 0.3 90 0 
8760 23 0.6 34 0 91 0.3 
8832 36 0 65 0.9 
8836 5 0.8 16 1 56 0 86 0.3 
8911 83 0 
8912 9 0.7 42 0 49 0.8 60 0.8 93 0 94 0.9 95 0.5 
8969 8 0.3 28 0.7 42 0.9 49 0.3 65 1 77 0.8 81 0.5 86 0.5 95 0.8 
9145 33 0.4 38 0.9 86 1 
9189 2 0.9 12 1 16 0 37 0.6 49 0.6 57 0.7 
9204 32 0.3 73 0.9 82 1 
9418 11 0.9 
9484 48 0.6 89 0.5 
9558 1 0.8 39 0.6 51 0.6 55 0.9 59 1 65 0.7 72 0.4 74 0.9 89 0.9 
9842 2 1 28 0 56 0 72 0.3 86 0.3 
9908 61 0.8 
9993 9 0.8 15 0 18 0.3 27 0 34 0.6 37 0.3 59 0.3 70 0.6 99 0.5 
9996 40 0.5 68 0.4 78 0 
