100
10 29 0 85 0 
16 16 0 23 0.6 34 0 66 0.4 76 0.9 91 1 92 0 
52 22 0.9 45 0.7 56 0.3 
182 9 0.6 52 0.7 54 0 64 0.6 92 0.9 96 0.9 
265 2 0 35 0.5 88 0.6 91 0.9 
278 40 0.8 68 0.6 
285 21 0 32 0.7 36 0 43 0.9 75 0 83 0 84 0.8 
402 7 0.6 39 0 40 0 73 0 74 0.9 87 0.7 88 0 89 0.8 
533 75 0 96 0.9 
682 19 0 81 0 87 0.4 91 0.8 
857 39 0 
991 15 0.6 30 0.9 34 0 40 0.3 49 0.9 61 0.8 67 0 
1051 70 0.8 84 0.9 91 0.5 94 0.5 
1055 21 0.7 45 0.4 
1084 7 0 24 0.8 47 0.8 64 0.6 70 0.6 84 0.6 
1263 34 0.8 40 0.6 57 1 75 0 82 0.4 
1332 5 0.7 15 0.3 25 0.4 39 0 66 0.4 76 0.7 94 0.7 95 0.8 
1343 33 0.9 50 1 84 0.8 99 0 
1386 4 0.9 9 1 18 0.8 26 0 40 0.9 43 0.5 
1490 2 1 24 0.3 45 0.4 49 0.4 52 0.8 56 0.8 74 0.7 88 0 94 0.6 
1494 23 0 28 0.6 43 0 53 1 
1538 25 1 59 0.6 
1577 68 0 
1633 6 0 12 0 22 0.7 30 0.9 68 0.7 74 0.7 76 1 83 0.7 
1695 12 0 
1841 19 0.5 33 0.7 82 0.6 
2073 49 0.4 85 0.7 95 0 
2162 71 0.9 76 0.8 
2193 22 1 83 0 
2199 17 0.3 19 0.6 26 1 39 0 47 0.4 67 1 70 0 76 0 87 0 
2218 28 0.9 36 0 37 0.9 41 0 42 0.4 43 0 56 0.9 66 0.9 90 0.3 94 0 
2317 13 0.6 
2539 12 1 13 0.4 19 0 22 0 93 0.9 97 1 
2812 20 0.5 46 0.5 
2843 9 0 10 0.8 27 0.9 43 0.7 66 0.8 75 0 86 0.8 87 0.5 
2875 8 0.6 19 0 22 0 25 0.8 46 0 63 1 64 0 
2966 10 0.4 18 0 25 1 33 1 49 0.8 50 0.5 66 0 76 0.7 
2969 5 0.9 21 1 
3011 10 0 24 0.5 32 0.6 34 0.8 62 0.9 63 1 64 0.8 85 0.5 86 0.6 
3307 34 0 43 0.9 
3315 1 0.9 23 0.6 31 0.5 40 0.5 63 1 76 0.6 84 0.7 85 0 87 1 88 0 
3400 6 0 10 0.8 54 0 92 0.9 99 0.3 
3538 11 0.4 31 0.8 38 0.3 62 0 78 0.4 79 0.6 81 0.3 
3987 4 0.6 10 0.7 12 0.6 40 0.4 46 0 83 0.8 96 0 
4020 9 0.3 25 0.3 43 0.7 75 0.6 83 0 94 0 
4037 16 0.5 32 1 37 0.9 43 0 72 0.3 81 0 82 0.8 84 1 
4173 3 0.6 14 0.9 56 0 67 0.7 80 0.7 
4333 7 1 
4356 7 1 29 0 87 0.3 
4456 6 0 
4495 85 0.4 86 0 
4654 52 0.8 
4764 4 0.6 64 0.5 66 0.7 
4818 17 0.6 23 0.4 33 0 38 0.5 67 0.8 80 0 88 0 
4828 3 0.7 14 0.3 32 0 33 0 68 0.9 95 0 99 0.8 
5366 63 0.4 65 0.8 82 0 
5562 9 0.4 15 0 46 0.6 47 0.5 
5583 2 0 19 0 29 0 41 0.3 75 0 77 0 
5758 26 0.6 89 0.4 
5786 5 1 17 0.8 18 0.6 23 0.7 31 0.4 38 0.9 40 1 57 0 92 0.6 
5790 22 0.6 66 0 74 0.3 92 0 
5852 40 0.6 41 0.7 
5871 15 1 24 0.4 56 0 84 1 94 0.6 
6095 16 0 40 0.6 44 0 81 0.5 83 0.8 99 0.9 
6373 45 0.3 55 0 86 0.9 91 0.9 
6632 5 0 18 1 31 0.4 58 0.7 61 0.3 67 0 83 1 
6639 9 0.9 14 0.4 17 0.6 48 0.6 57 0 61 1 63 0.3 68 0.7 93 0.5 
6781 1 0.4 17 0.5 23 0.4 33 0.4 65 0 85 0.8 99 1 
6924 4 0 17 0.5 35 0.7 36 1 64 0.6 70 0.6 99 0.6 
6966 37 0.6 
6973 15 0 23 0.6 24 0 60 0 
7134 0 0.4 30 0.3 61 0.4 62 0 71 0 80 0.8 
7174 2 0.8 13 0.3 16 0.3 28 0.9 38 0.4 40 0.6 76 0.5 90 1 96 0.4 97 0.6 
7198 14 1 26 0.5 30 0.6 53 0.4 75 0 80 0.4 89 0.5 99 0.5 
7674 6 0.5 20 0 31 0.4 47 0.3 48 0.5 54 1 64 0.8 69 0 85 0.6 94 0.7 
7791 2 0.5 7 0.7 17 0.9 25 0.3 37 0.6 44 0.5 72 0 83 1 87 0.4 92 0.5 
7970 4 0 9 0.5 33 0.9 65 0.3 70 0.9 76 0.4 83 0.3 89 0.8 91 0.3 92 1 
8160 24 1 39 0.9 83 0.9 84 0.6 86 0 
8233 7 0.3 58 1 63 0 70 0.6 74 1 95 0 98 0.9 
8366 16 0.8 54 0.4 63 0.4 
8456 1 0.9 10 0.7 19 0.8 22 0.6 32 0.6 77 0.3 78 0.7 
8486 11 0 14 0.9 21 0.5 32 0.9 64 1 71 0.8 73 0.5 
8497 8 0.7 12 0.5 18 0 19 0.6 21 0.7 23 0 26 0.5 46 0.6 93 0.8 
8531 3 0.9 35 0.3 36 0.9 43 0.5 51 0.7 58 0.5 68 0 79 0.3 96 0.4 
8541 1 0.3 2 0.7 11 0.7 40 0 43 0.9 56 0 75 0 97 0.9 
8980 0 0 7 0 34 0.4 78 0 93 0.6 
9017 86 0 
9116 11 0.6 22 0.4 29 0.3 35 0 36 0.8 65 0.8 82 0.4 88 0 97 0.3 
9174 15 0 50 0 65 0.8 69 0.6 
9307 21 0.9 22 0.6 28 0 39 0.9 53 0.4 62 0 74 0 79 0 80 0 
9451 31 0.5 33 0.5 43 0 56 0.5 68 0 69 0.7 
9532 78 0.6 
9618 7 0.5 8 0.4 15 0.3 40 0.5 49 0.7 58 0.9 63 0.3 71 0 83 0 89 0.7 
9708 8 1 15 1 22 0.9 46 1 66 0.6 69 0.3 71 1 80 0.7 91 0 
9730 26 0.4 75 0.7 99 1 
9819 0 1 2 0.3 6 0.5 26 0 37 0 55 0.5 68 0.3 95 0 
9862 9 0.7 45 1 73 0 
9945 6 0.9 22 0.6 26 0.9 43 0.7 75 0.5 
9958 10 0.4 47 0.3 
9994 6 0.8 46 0.4 54 1 84 0.8 89 0.5 
