100
8 11 0.3 29 0 41 0.3 78 0 88 0.7 
151 15 0.7 95 1 
164 7 0.8 52 0.9 59 0.3 
169 10 0.6 54 0 69 0.8 
192 16 1 29 0 35 1 46 0.9 73 0.8 93 0 
203 8 0.8 18 0 25 0 
290 11 0.5 17 1 22 0 34 0.5 60 0.5 89 0.4 97 0.6 
469 46 0.3 49 0 71 0.5 83 0.9 
522 11 0 34 0.3 53 0.8 67 0 
525 9 0.6 21 0.7 37 0.7 71 0.4 73 0 89 0.7 95 0.9 96 0 
584 0 0.5 5 0.7 15 0.5 49 0 93 0.9 
1237 0 0.4 2 0 15 0 18 0.3 24 0 44 0 48 0.8 93 0.6 
1254 2 1 47 0.7 48 0.5 49 0.3 61 0 92 0.9 
1381 4 0 5 0.4 56 0.5 69 0.5 77 0.3 84 1 88 0.3 98 0.6 
1426 0 0.3 9 1 23 0 28 0.8 38 0.7 46 0 47 0.8 51 0 55 0.3 61 0.4 
1513 4 0.4 35 0.7 43 0.5 46 0.5 76 0.3 88 0.5 
1693 17 0 66 1 70 0.6 77 0 89 0.6 
1801 30 1 34 0.6 42 1 44 0.6 52 0.6 53 0.6 73 0.9 80 0 
1893 14 1 19 0.7 42 0.4 57 0.3 59 0.4 61 0 77 1 79 0.4 85 0.9 
2259 5 0.4 17 1 28 1 34 0.5 36 0.5 64 0.5 86 0.7 94 0.3 
2352 6 0.6 33 0 42 0.7 58 1 60 0.5 62 0.3 68 0 73 0.3 96 0 97 0 
2458 22 0.5 40 0 
2495 18 0 33 0 66 0 
2515 19 0 45 0.3 57 0.9 80 0.7 
2562 37 0 
2714 5 0.4 56 0.6 
2725 12 0.9 16 0 17 1 20 0.5 34 0 43 0.3 83 0.5 87 0.6 94 0.4 
2747 62 0.8 
2789 19 0.7 25 0.4 51 0 81 0.5 82 0.7 
2841 90 0.4 
2846 35 0.6 59 0.9 76 0.3 
2872 20 0.8 26 1 75 0.9 95 0.6 
2912 24 0.3 28 0 75 0 
2950 2 0.6 7 0 11 0.5 19 0.8 49 0.9 57 0 68 0.7 73 0.7 83 0.4 85 0.8 
2979 4 1 9 0 91 0.3 92 1 
3113 7 0.8 47 0.4 71 0.3 
3255 26 0.7 67 0 
3420 1 0.4 14 0.8 53 0 
3520 1 0 6 0.5 
3542 55 0 68 0 71 0.3 
3560 27 1 47 0.3 66 0.7 
3689 20 0.7 64 0 71 0.7 75 0.8 
3847 3 1 10 1 26 0 27 0.6 29 0.8 36 0.4 49 0.8 51 0 77 0.4 83 0.7 
3886 12 0.8 16 0 49 0.6 53 0.6 56 0.7 59 0.5 75 0.3 93 0.9 99 0 
3918 0 0.9 7 0.4 9 0 31 0.8 
3990 1 0.9 9 0.4 41 0.9 50 0.3 73 0.6 80 0.6 95 0.8 
4028 20 0.8 24 0.8 38 0.3 63 0.8 78 0.6 89 0 
4112 15 0.7 18 0.3 23 0.7 40 0.7 54 0.7 69 0.8 76 0 78 0.7 
4208 73 0 90 0 
4218 2 0 62 0.9 65 0.9 70 0 
4369 15 0.3 18 0.9 38 0 84 0.9 
4531 17 0.3 25 0.7 39 0.9 49 0.5 69 0.5 76 0.8 90 0.9 92 0.9 
4623 26 0.5 27 0.8 38 0 48 0.6 54 0.6 70 0.8 71 0.6 89 0.5 
4722 27 0 43 0.6 47 0.3 97 0 99 1 
4781 8 0.9 28 0.4 34 0 39 0.7 61 0 63 0.4 74 1 84 0.4 85 0.6 
4846 62 0.7 
5234 55 0 73 0.3 77 0.6 86 0.8 
5342 14 0.3 22 0.9 31 0.8 44 0.3 53 0.9 57 0.9 58 0.6 61 0.8 66 0.5 83 0 
5461 20 1 26 0 27 1 42 0 63 0 
5495 10 0.5 20 0.7 53 0.5 74 1 97 0.9 
5630 2 0.4 24 0.4 27 0.8 56 0 76 1 84 0.6 95 0.3 
5742 34 0 46 0.7 65 0.8 80 0.5 97 0.8 
5759 1 0.9 4 0.9 37 0.3 45 0 47 0.5 69 0.4 85 0 92 0 
5881 3 0.5 4 0.4 9 0 20 0.9 28 0.9 31 0 57 1 77 1 92 0 
6053 29 0.7 37 0 42 0.6 60 0.7 87 0.9 90 0.7 91 0.4 92 0.5 
6057 6 0.7 9 0 57 0.4 65 0 74 0.6 95 0.8 97 0.3 
6127 0 0 3 0 4 0.6 7 0 13 1 60 0.6 
6208 1 0.6 11 0.5 17 0.3 22 0 28 0.9 37 0.6 67 0.6 86 0.3 90 0.5 
6342 96 0 
6579 12 0.9 20 0.6 30 0 38 0.3 44 0.6 61 1 63 0 87 0 92 0.5 
6660 8 0.5 33 0.9 35 0.3 45 0.9 51 0.8 60 0 85 0 
6963 6 0 16 0.9 33 0.4 34 0 35 0.3 37 0.6 60 0 77 1 90 0 
7025 49 1 50 0.9 61 0.8 64 0 70 1 71 0.6 
7218 28 0.7 40 0 88 0.8 
7291 2 0.6 5 0.3 20 0.8 29 0.7 34 0.3 43 0.8 60 0.7 89 0.5 
7316 23 0 32 0.9 33 0.9 52 1 63 0.9 94 0.8 
7402 15 0 66 0.3 74 0 81 0 
7492 40 0 43 0.7 53 1 55 0.3 73 0.4 
7544 4 0.4 
7610 6 0.3 12 0.7 14 0.8 51 0.3 80 0.4 81 0.6 
7728 22 0.8 24 0 65 0 67 0.6 
7748 23 0.6 44 0.8 45 0 
7910 35 1 56 0.5 
7920 9 0 31 0.4 35 0.4 57 0.8 62 0.4 
8149 47 0.7 78 0.3 97 0.6 
8532 8 0.5 53 0.3 86 0.6 91 1 
8541 1 0.6 2 1 11 0.7 40 0.4 43 0.8 56 0.9 75 0.8 97 0.4 
8568 27 0.6 50 0.7 75 0.6 
8702 7 0.6 10 0.7 25 0.8 49 0.5 69 0 
8752 8 0 9 0 23 0 35 0 39 0 51 0.8 
8755 0 0 4 0.3 28 0.9 29 0.8 66 0.6 
8897 4 0 39 0 
9041 23 0 53 0 59 0.8 86 0.5 
9088 8 0.6 79 1 85 0 
9099 86 0.5 
9257 3 0.7 27 0.7 36 0.6 40 1 45 0.4 64 0.7 88 0.4 
9608 43 0 89 0.4 
9675 2 0.3 20 0.9 39 0.9 42 0.7 72 0.6 76 0.4 96 0.9 
9935 3 0.4 76 0.5 96 0 99 0 
9972 12 0.8 14 0.5 15 0.9 17 0.4 36 1 42 0 44 0.7 56 0.7 80 0.3 85 0.3 
