100
39 13 0.3 65 0 86 0 
70 96 0 
80 38 0 40 0.9 82 0.4 88 1 93 0.8 
115 12 0.8 23 0.8 58 0.5 64 0 94 0 98 0.9 
138 9 0.3 31 0.7 70 0 94 0.8 
309 7 0 20 0.7 23 0.7 37 0.6 48 0 61 1 64 0.5 69 0 91 0.4 
313 22 0.3 33 0.5 
356 61 0 
527 36 0.4 50 0 65 0.6 80 0.5 
557 50 0 86 1 
559 19 0.6 51 0 57 1 70 0.3 74 0 83 0.9 84 0.3 
567 0 0.5 12 0.7 21 0 32 1 41 0.4 44 0.3 51 0 71 0 89 0.4 
580 6 0.4 16 0 35 0 37 0.6 55 0.5 67 0 89 0.4 93 0.8 
604 5 0.6 17 0 41 1 42 0.5 48 1 49 0.5 50 0 58 0.5 66 0 88 0.8 
737 36 0.4 43 1 46 0 59 0 69 0 90 0 
781 9 0.6 61 0.8 63 0.5 77 1 81 1 86 0.5 89 0.4 96 0.7 99 0.8 
873 26 0.4 49 0.9 50 1 51 0 67 1 74 0 86 0.9 
944 18 0 42 0.5 57 0.8 60 0 68 0 80 0.5 91 0.4 
970 5 0.9 9 0 63 1 93 0 
980 0 0.6 20 0 57 0.6 58 0.9 69 0.8 78 0.9 94 0 98 0 
1077 24 0.3 44 0.6 49 0.4 52 0.4 65 0.3 68 1 76 0.5 83 0.8 90 0 95 0.3 
1332 5 0 15 0.6 25 0.8 39 0 66 0.5 76 0.8 94 0.8 95 0 
1420 12 0.5 
1449 22 0.7 77 0 
1517 56 0.5 92 0 
1594 9 1 13 1 25 0.4 58 0.4 
1636 0 0.3 32 0 94 0.5 
1664 14 0 77 0.8 88 0.5 
1682 91 0 
1697 17 0.3 43 0.9 58 1 
1718 34 0.3 37 0.6 38 0.9 41 1 48 0.7 54 0 56 0.7 68 0 71 0.7 85 1 
1719 13 1 14 0.5 17 0.8 27 0.8 28 0 32 0 36 0.7 67 0 73 1 96 0.8 
1804 4 1 7 0 8 0.7 17 0.7 42 0.4 50 0 53 0 72 0 82 0.4 
1819 34 0.7 72 0.7 97 0.8 
1870 14 0.8 44 0 96 1 
2100 1 0.9 28 1 42 0.4 48 0.7 49 0.7 64 0.7 88 0.6 90 0.6 93 0.5 
2143 1 0.5 20 0.7 22 0.3 62 0 67 0.4 73 0 81 0.4 94 0.7 
2323 31 0.7 36 0.7 45 0.3 69 0.9 
2415 4 0.8 6 1 14 0.8 19 0.8 20 0 79 0 80 0.7 98 0.6 
2533 1 0.7 7 0.4 13 0.3 28 0.4 45 0.8 46 0.5 53 0 84 0.9 93 0 
2642 53 0 92 0 
2918 1 0.9 4 0.8 10 0.6 18 0 23 0 47 0 86 0 91 0 92 1 96 0.6 
2930 7 0.9 19 0.9 37 0.5 65 0.4 77 0.7 81 0.5 
3039 12 0 15 0.6 31 0.5 47 0.3 53 1 67 1 88 0 
3066 27 0 60 0.8 
3172 20 1 24 0.5 
3301 33 0.9 42 0 43 0 52 0.6 89 0 
3362 6 0.4 15 0.9 31 0 
3620 30 0 38 0.8 66 0.6 
3812 15 0.9 16 0.4 49 0.8 52 0.6 59 0 99 0 
3858 28 0 70 0.4 76 0 87 0 
3900 3 0 7 0.9 9 0.6 36 0 40 0.3 54 0.6 71 0.8 73 0.4 77 0 95 1 
3950 23 0 34 0.6 46 0.8 56 0.4 57 1 64 1 81 0 84 0 
4091 11 0.9 20 0.5 34 1 38 0 48 0.7 67 0.7 82 0 
4269 6 0.3 12 0 29 0 51 0 57 0.5 62 0.5 75 0.5 80 0.3 
4298 6 0 13 0 
4549 2 0.6 29 0 62 0.6 
4583 38 0 
4599 16 0.6 22 0.3 47 0.6 59 0 66 0.6 78 0.6 83 0.9 87 0.4 93 0.5 95 1 
4776 37 0 54 0.4 60 0.8 62 0 
5043 14 0.5 26 0.8 36 1 37 0 46 1 68 0.8 72 0.3 74 0.6 78 0.7 85 1 
5308 10 0.6 36 0.3 46 0.7 51 0.7 61 0.9 
5541 10 0.6 39 0 54 1 56 0 58 0.4 60 0 76 0.8 77 0 93 0.5 
5747 21 0.3 25 0 
5784 3 1 17 0.8 21 0 78 0.9 
5793 7 0.3 38 0.5 42 1 48 0.7 56 0.8 
5827 23 0 25 1 28 0.7 32 0.9 37 0.8 50 0.6 51 0.6 71 0.5 
5863 34 0 41 0 45 0.7 46 0 50 0.7 66 0.9 80 0 93 1 
6046 13 1 52 0.4 58 0 97 0 
6139 11 0.5 12 0.8 22 0.3 23 0.3 43 0.8 60 0 
6446 89 0.9 
6545 9 0.9 13 0.4 17 1 54 0.6 63 0.5 70 0 87 0.4 
6682 0 0.7 7 0.9 80 0.4 86 0 
6687 24 0.9 28 1 45 0.4 75 0.9 87 0.8 99 0.7 
6829 1 0 4 1 5 1 38 0.8 43 0 50 0.9 68 0.6 70 1 
6882 5 0.9 25 0.8 33 0.6 35 1 41 1 69 0.8 72 0.7 80 0.6 93 0.9 
6932 3 1 17 0.3 25 0.4 26 0.3 40 0.9 54 0 
7007 8 0.8 10 0.3 20 0 80 0 
7121 13 0 18 0.6 23 0.8 
7139 6 0 8 0 26 0.7 67 0 79 0 90 0 97 0.9 
7169 23 0.9 51 0 68 1 87 0 
7312 26 0 68 0 69 0 
7370 10 0 12 0.9 26 0 39 0.6 54 0.7 56 0.3 70 0.4 78 0 82 1 
7387 2 0 6 1 22 0 48 0 59 0.3 67 0 77 0.6 85 1 88 0.6 90 0 
7450 11 0.4 21 0.9 
7464 33 0.5 
7510 0 0 16 0.3 71 1 81 0.9 
7942 2 0.6 61 0 85 0.5 93 0.8 
8039 78 0.9 79 0 81 0.4 91 0 98 0.7 
8077 11 0 40 0.6 49 0 57 0.5 69 0.4 71 0 74 0.8 
8437 26 0.5 27 1 52 0 60 0 86 0.3 91 0.9 
9281 0 1 1 0.6 13 0 36 0.3 40 0.4 50 0.6 53 0.9 64 0 89 0.4 
9282 67 0.3 73 0 
9361 37 0 49 0 88 0 
9411 0 0.3 1 0.5 19 0 27 0 44 0.3 89 0.3 96 0 97 0 
9509 18 0.5 20 0.3 43 0 54 0.6 66 0.9 79 0 
9535 25 0.8 
9654 1 0.9 23 0.5 32 0.6 35 0.3 39 0 71 0 77 0.3 97 0 
9793 1 0.3 31 0 32 1 43 0.3 54 0.6 67 0.5 73 0.7 90 0 
9807 63 0 98 0 
