100
54 68 0.9 81 0.5 85 1 
66 27 0 32 1 55 1 81 0.3 
179 54 0 63 1 
296 1 0.5 10 0.5 12 0.5 17 0 29 0 40 0.6 59 0.5 67 0.6 71 0.9 
479 1 0 13 0.5 18 0.8 27 0.6 43 0 70 0.3 92 0 94 0 
557 50 0.8 86 0.5 
575 53 0.4 62 0.5 92 0.4 
650 14 0.5 20 0 21 0.5 58 0 60 0.7 70 0 
750 6 0.7 28 0 40 0.4 64 0.5 90 0.5 94 0.4 
871 3 0.6 18 0 
885 53 0 75 0 82 0.9 
946 23 0 32 1 35 0 40 0.3 61 0.8 65 0.5 75 0 88 0.7 89 0.3 
1185 48 0 
1217 12 0.5 24 0.9 63 0.6 
1219 50 0 86 0.7 
1234 46 0 54 0.4 96 0.5 
1269 9 0.8 10 0 14 0.5 47 0.7 50 0.3 59 0.6 90 0 
1282 3 0.6 
1402 1 1 14 0.7 28 0.4 33 0 37 0 42 0.5 55 0.8 57 0.3 80 0.8 94 1 
1477 30 0.3 41 0.3 43 0 52 0 57 0.8 
1493 9 1 11 0.9 16 0.3 28 0.7 40 0.3 81 0.3 86 0.4 
1499 2 1 15 0.3 23 0.5 29 0.6 58 0.7 65 0.4 68 1 98 0.8 
1622 28 0.9 57 0 61 0.4 
1626 29 1 34 0 51 0.9 60 0 65 0.3 67 0 72 0.9 96 0.8 97 0.7 98 0.3 
1636 0 0 32 0 94 0 
1671 70 0.7 
1794 1 1 19 0.5 22 0.7 58 0.6 
1900 6 0 15 1 29 0.7 37 0.9 47 0.9 62 0 72 0.3 76 0 79 0 89 0.8 
2053 9 0.5 14 0.4 15 0.4 42 0.6 48 0 83 0.8 
2070 31 1 50 0 52 0 57 0.5 64 0 81 0.3 
2082 14 0.8 20 0.9 23 0.7 28 0.6 35 1 63 0 67 0 77 0 92 0.5 97 1 
2116 12 0.3 42 0.5 62 0 79 0.7 
2312 6 0 11 0.4 19 0.3 31 0 95 0.7 
2506 18 0.8 26 1 52 0.8 66 0 77 0.4 90 0.3 93 0.3 
2519 14 1 20 0 23 1 39 0.9 73 0 
2560 4 1 17 0.6 23 0.7 43 0 46 0.3 59 0.4 63 0.8 70 0 99 0.8 
2590 0 0.3 6 0.8 23 0 26 0 37 0.5 61 0.3 69 0.3 
2673 11 1 12 0.6 22 0.3 23 0.4 38 0.7 60 0.5 81 0 86 1 
2815 13 0 17 0.7 69 0.4 98 0 
2865 13 1 32 0.7 40 0 54 0.6 65 0.5 93 0 
2873 27 0.8 29 1 65 0.3 
3013 25 0.3 44 1 53 0.9 63 0.7 86 0 97 0.7 98 0 
3165 9 0.4 11 0.8 57 0.3 
3741 39 0.7 72 0.8 83 0.6 
3989 41 0.8 55 0 63 0.3 81 0.4 
4000 34 0.9 51 0.4 
4206 9 0.8 10 1 28 0.8 38 0.4 40 0.6 64 0 82 0 85 0.6 88 0 93 0.3 
4322 13 0.9 19 0 23 0.5 28 1 36 0.3 39 0.5 
4389 41 0.5 49 0.5 52 0.3 60 0 65 0.7 80 0.4 
4391 83 0.4 94 0 96 0.9 
4605 8 0 44 1 53 0.9 66 0.8 73 0.5 79 0.8 
4638 13 0.4 38 0.3 83 0 94 0 97 0.3 98 0.5 
4781 8 0.6 28 0.6 34 0 39 0 61 1 63 0.7 74 0 84 0.8 85 1 
4831 2 0.8 29 0 33 0.6 48 1 66 0.3 74 0.6 83 0 
4992 35 1 
5059 20 0 23 0.5 27 0.7 63 0.5 64 0 71 0.4 
5181 4 0 8 0.5 49 0.4 54 0.8 58 0 63 0.9 
5183 26 0 39 0.7 51 0 65 0.8 
5186 40 0.9 
5534 0 0.4 20 0.6 24 0.4 31 0 42 0.3 49 0 56 0 65 0.3 
5632 15 0.5 18 0 23 0.5 25 0.4 33 0.9 39 0.6 43 0.6 45 0 53 0.8 75 0.8 
5659 34 1 
5794 49 0.4 
5896 25 0.6 38 0.8 86 0 96 0.5 
6153 3 0.7 21 0.7 37 0.4 94 0 
6352 1 0.5 31 0 47 0.5 
6427 23 0.4 42 0.5 48 0.7 91 0.4 
6434 0 0.9 11 0.4 26 0.7 29 0 58 0.7 
6546 3 0.5 5 0 88 0.5 
6590 22 0 31 0.6 48 0.4 60 0.6 62 1 73 0 
6592 8 0 13 0.6 25 0 32 0.8 46 0.6 63 0 
6787 9 0.3 36 1 59 0.9 60 0 
6963 6 0 16 0.7 33 0.9 34 0.3 35 0.3 37 0.3 60 0 77 0.8 90 0.6 
6971 15 0 23 0.4 
7048 58 0.4 65 0.5 80 0 93 1 
7084 1 0.8 7 1 13 0.9 67 0.9 74 0.9 84 0.3 87 0.6 
7180 52 0 60 0.5 64 0.3 74 0 81 0.3 
7253 22 0 70 0.8 91 0 
7460 1 0 68 0.4 
7480 90 0.3 94 0.5 
7491 22 0 26 0.7 31 1 71 0.7 76 0.9 97 0 
7709 36 0 
7776 1 0.9 10 0.6 30 0 35 0.9 41 0.3 62 0 63 0.4 66 0.6 67 0.9 93 0.5 
7814 61 0.3 
7971 14 0.3 25 0.4 42 0 47 0 61 0.3 70 0.7 94 0 
8057 3 0 6 1 26 1 35 0.5 37 0.8 44 0.5 53 1 71 0.6 81 0.7 98 0.4 
8350 1 0.6 19 0.4 26 0.9 33 0.7 51 0.8 58 0.7 77 0 86 0 94 0 
8434 5 0.5 36 0.8 39 0.4 52 0.9 54 0 64 0.5 
8832 36 0.9 65 0 
8888 3 0.5 10 0.5 35 0 40 0 45 0.5 56 0.5 58 0.6 64 0.3 83 0.4 
8963 17 0.5 21 1 52 0.4 58 0.7 86 0.6 96 0 
9022 4 0.4 15 0.5 32 0.4 54 0.3 96 0.8 
9118 12 0.4 22 0.7 42 0.3 46 0.5 76 1 
9162 1 0.6 9 1 17 0 22 0.6 64 0 70 0 
9211 25 0.8 54 0.6 70 0.7 72 1 
9498 1 1 24 0.5 30 0.4 38 1 39 0.5 45 0.3 66 0 67 0 76 0 
9622 3 0.3 5 0 20 0.9 27 0 30 0.6 32 0.8 50 0.3 56 0.8 81 0.6 85 0.5 
9744 13 0.8 54 0 95 0.9 
9808 67 0 83 0.7 
9954 27 0.3 
