100
264 8 1 13 0.4 37 0 46 0 60 0.4 74 0 82 1 
306 1 0.5 26 1 47 0.6 77 0.3 94 0.4 97 1 
362 2 0.7 22 0.9 32 0.9 93 0.3 
381 16 0 26 0.4 45 0.8 79 0.8 83 1 86 0 91 0.4 96 0.4 
400 15 0.3 22 0 40 0.4 72 0.4 84 0.7 99 0 
409 8 0.7 10 0 45 0.7 62 0 72 0.6 81 0.9 
454 51 0.6 
469 46 0.4 49 0 71 0 83 0.8 
556 22 0.4 38 0.9 39 1 54 1 60 0 63 0.7 76 0.5 
575 53 0.9 62 0.8 92 0 
698 2 0.9 5 0.9 29 0.4 38 0.7 90 0 
817 6 0.8 13 0.4 18 0.3 23 0 24 0.7 35 0 36 0.7 41 0 72 0.8 77 0 
923 45 0 69 0.3 
995 21 0 
1025 44 0.4 72 0.5 86 0 92 0 
1102 8 0.4 90 0.5 
1299 60 0.8 
1354 10 0.7 16 1 32 0.9 56 0 
1382 31 0.9 64 0.4 67 0.7 79 0.5 
1437 27 0.9 28 0.9 41 1 48 0.5 67 0 98 0.9 
1491 2 0.3 11 0 14 0.4 19 0 54 0.4 58 1 
1773 68 0.6 76 0 80 0.6 
1789 5 1 19 0 53 0 54 0.9 67 0.9 68 0.4 84 0.9 88 0.7 89 0.5 90 0.3 
1952 12 0.7 16 0.7 19 0.6 74 0.7 84 0.3 88 0 
2009 7 0.9 24 0.9 46 0.8 60 0.9 61 0.7 74 0.9 83 0.7 86 0.4 96 1 99 0 
2079 3 0.7 16 0.9 62 0.9 67 0.5 82 0.9 84 0.9 91 0 92 1 93 0.7 
2116 12 0.3 42 0.5 62 0 79 0.8 
2291 34 0 
2310 69 0.9 
2365 84 0 87 0 89 0.7 97 0.6 
2563 25 0.6 39 0.9 98 0.8 
2569 0 0.4 5 0 11 1 40 0 62 0 68 0.8 69 0.5 95 0.4 
2596 0 0 6 0.8 9 0.4 14 0.8 18 0.6 34 0.9 40 0.4 65 0.8 70 0.5 72 0.5 
2603 1 0.8 19 0.5 38 0 58 0.6 65 0.5 77 0.8 89 0.4 
2734 15 0 17 0.8 19 0 51 0 52 0 70 0 84 0.7 
2816 50 0.9 77 0.4 
3198 94 0.3 
3293 0 0 20 0.6 22 0.7 23 0.7 36 0.6 41 0.8 60 0.3 62 0.8 97 0.4 99 0.6 
3478 3 1 5 0.9 16 0.5 39 0.9 47 0 48 0.5 57 0.6 60 0.9 66 0.3 78 1 
3535 10 0.3 22 0.6 35 0.5 45 0 61 0 67 0.4 91 1 98 0 
3554 6 0.5 30 0 70 0.5 71 0.9 
3659 94 0.5 
3816 0 0 5 0.3 20 0.6 44 0.8 69 0.8 78 0 95 0.5 96 0 
3882 1 0.3 19 0.6 66 0.7 96 0 
3930 11 0 15 0.6 17 0.7 24 0.6 31 0.9 67 0.5 89 0.5 
3995 13 0.4 18 0 20 1 36 0.7 64 1 82 0.6 
4233 2 0.5 5 0 12 0.4 26 0.5 38 0.7 88 0.4 
4298 6 0.4 13 0.7 
4362 33 0.4 40 0.4 51 0.3 59 0.5 65 0 69 0.9 87 0.7 92 0.5 98 1 
4395 34 0 44 0.8 50 0 56 0.5 
4415 20 0 45 0.6 77 0.7 80 0.9 89 0.9 92 0.6 
4481 2 0.8 4 0.4 30 0 71 0.7 72 0 90 0.3 
4517 43 0.3 
4632 21 0 24 0 33 0.7 34 0.9 89 0 
4808 0 0.6 7 0 9 0.8 18 0.4 21 0.6 23 0 55 0.4 91 0.9 97 0.9 
4810 3 0.6 11 0.8 17 1 20 0.5 30 0.6 58 0.9 77 1 78 0 88 0.3 
4897 0 0.4 26 0.4 53 1 63 0.9 70 0.6 82 1 89 0.3 90 0 
4935 43 0.3 
5024 14 0 31 1 42 0.4 52 1 77 1 87 0.8 
5087 24 0.9 29 0.7 50 0.8 51 0.8 
5101 7 0.6 59 0.7 65 0 66 1 70 0 74 0.5 93 0 
5185 47 0.4 56 0 99 0.4 
5332 4 1 24 1 27 0.6 28 1 
5560 14 0.7 17 1 30 0 34 0.8 78 0 80 0.5 
5589 2 0.7 10 0.6 13 0.5 18 0.5 49 0 79 0.6 97 0.3 
5833 16 0.7 25 0.6 67 0.5 72 0.6 96 0 
6002 1 0.5 33 1 36 0.6 46 0.6 65 0 70 0.8 83 0.7 87 0.8 99 0.4 
6058 32 0.8 
6145 0 1 10 0.6 11 0 18 0.8 24 0 26 0.4 29 0.4 39 0.8 76 1 
6414 20 0.5 36 0.9 39 0.9 45 0.7 55 0.7 79 0.8 82 0.4 85 0.6 88 0.6 
6463 13 0.4 24 0.4 35 0.7 37 0.7 45 1 86 0.6 87 0.3 90 0.9 91 0.6 
6561 13 0.7 48 0.5 54 0.6 81 0.6 87 0.6 94 0.8 
6592 8 0 13 0.3 25 0.4 32 0.6 46 0 63 0.6 
6655 12 0.3 20 0.7 95 0.3 
6901 0 0 6 0 8 0.7 12 0 50 0 56 0 57 0.4 78 0.6 88 0.9 
7016 54 0.7 74 0.5 84 1 
7045 23 0.3 45 0 46 0.9 51 0 64 0.8 70 0.6 74 0.9 
7088 13 0.5 76 0.3 
7227 7 0.6 49 0.7 
7331 89 0.4 
7419 10 0.4 13 0 62 0 77 1 80 0.4 81 0 
7676 34 0.9 50 0.9 53 0.5 55 0 63 0.6 64 0 81 0.5 83 0.6 89 0.6 90 0 
7724 39 0.7 83 0.3 
7785 24 0 37 0.6 40 0.5 83 0.5 
8014 0 0 4 1 38 0.6 56 0.5 77 1 81 0.7 90 1 91 0.3 
8090 2 0.8 3 0 6 0 11 0.6 15 0.9 25 0.3 60 1 77 0.5 80 0.6 97 0.8 
8092 16 0.9 17 0 39 0.5 84 0 86 0.7 95 0.3 
8159 23 0.8 28 0 52 0.4 60 0.6 87 0.3 92 0.5 95 0.6 96 0.4 
8324 0 0 1 0 7 0.9 31 0.5 45 0.6 55 0 61 0.4 87 0.8 92 0.7 
8378 18 0.4 33 0.8 61 0.8 77 0.9 
8567 5 0.8 12 0.6 28 0.6 37 0.5 66 0.5 68 0.8 77 0.6 87 0.4 89 0.3 96 0.7 
9190 92 0 
9223 11 0.8 41 0 44 0 63 0.5 75 1 93 0.7 99 0 
9286 50 0.8 
9338 17 0.6 
9344 81 0 85 0 
9388 13 0.7 21 0.8 22 0 39 0.6 51 0 76 0 78 0.4 82 0.9 90 0.4 93 0.4 
9530 1 1 14 0.8 34 0.4 36 1 41 0.9 62 1 66 0.7 71 0 97 0.9 
9649 7 1 18 0 26 0.8 27 0.5 46 0 55 0 62 0 89 0.4 91 1 97 1 
9676 13 0.9 17 0.7 
