100
66 27 1 32 1 55 0.9 81 0 
96 0 0 2 0 37 0 53 0 68 0.6 
235 3 0.3 14 0.8 22 1 26 0 51 0.5 53 0 62 0.9 63 0.3 73 0 78 0 
248 4 0.9 5 0.4 28 0.3 46 0.8 55 0.4 70 0.9 82 0.4 93 0.8 95 1 
334 39 0 
345 2 0.7 16 0.8 33 0 42 0.8 43 0.4 62 0.9 83 0.9 94 0.7 
392 0 0 9 0.7 36 0 44 0.5 85 0.6 
533 75 0.7 96 0.7 
754 7 0 10 0.5 29 0.3 54 0.7 63 0 93 0.6 97 0.5 
775 0 0.6 53 0.4 66 0.3 80 0 90 0 96 0 
1022 72 0.6 
1289 15 0 18 0.3 31 0 32 0 34 0 38 0.9 43 1 84 0.7 93 0.4 
1326 34 0.5 36 0.8 61 0.8 67 0.3 74 0.4 77 0.6 78 1 82 0.6 84 0.5 
1339 17 0.3 52 0 
1450 8 0.4 11 0.5 46 0.3 48 0.7 56 0 60 0.6 62 0 68 0 71 1 
1460 15 0.8 23 0 63 0.9 64 0.5 65 0 77 0.3 79 0 86 0 90 0 
1544 20 0.7 32 0.5 33 0.9 46 0 51 1 55 0.7 69 0.3 79 0.9 94 0.6 
1681 11 0 18 0.9 35 0 72 0.4 80 0.3 83 0 84 0 98 0.9 
1955 3 0.5 15 0.6 17 0.3 23 0 47 0.8 52 0.5 60 0.5 61 0.4 65 0.6 
2168 6 0.6 15 0.3 32 0.3 52 0.8 65 0.4 
2252 12 1 21 0.7 26 0.4 31 0.9 45 0.3 58 0 
2282 51 0.5 
2393 4 0.5 11 0.9 12 0 18 0 41 0.6 54 0.7 59 0.5 74 0.6 76 0.6 91 0 
2498 3 0.7 24 0.3 44 0.9 
2513 2 0 19 0.6 21 1 42 0.9 59 0.8 76 0.9 89 0.3 
2538 41 0 47 0.6 72 0.6 94 0.3 
2591 0 0.9 4 0.8 12 1 21 0.3 22 0 46 0 57 0.8 79 0.6 80 0.4 
2694 6 0 46 0 73 0 82 0.6 
2710 45 0.3 
2948 19 0.4 45 0.3 48 0.6 54 0.8 61 0.7 72 0.3 79 0 
2949 90 0.6 94 0.3 96 0.7 
2952 32 0.5 50 0.7 51 0 55 0.9 67 0 68 0.6 94 0 
3000 13 1 42 1 45 0.6 73 0 97 0.7 
3251 2 0.6 14 0.3 17 0.8 33 0 37 0.6 45 0.7 46 0 63 0.4 89 0.6 
3260 2 0.3 5 0 16 0.3 23 0.3 27 0 42 0.4 54 1 60 0.5 94 0 
3337 15 0.5 22 0 50 0 54 0 62 0.9 63 1 71 0.8 94 0.7 97 0.4 
3386 15 0.3 51 0.6 73 0.4 
3542 55 0 68 0.8 71 0.4 
3561 3 0.9 9 0.4 72 0 94 0.9 
3798 7 0.9 16 0.9 67 0 83 0.7 
3819 9 0.3 12 0.4 22 1 24 0.4 26 0.9 28 1 36 0.8 56 0.8 60 1 90 0.4 
3839 34 0.5 50 0.9 57 0.8 65 0.6 89 0.4 
3866 88 0 
3886 12 0.4 16 0 49 0.4 53 0.8 56 0.8 59 0.4 75 0.4 93 0.4 99 0.3 
3897 17 0.6 34 0 
3944 41 0 50 0.4 51 0.8 82 0 94 0 
3956 7 0 27 0 36 0 38 0.4 39 0 55 0.8 65 0 78 1 94 0.9 
4118 43 0.4 48 0 
4263 11 0.5 21 0.3 56 0 62 0 
4436 8 0.3 17 0.7 28 0.5 34 0 52 0.9 53 0.5 60 0 62 0.9 90 0 
4454 32 0 95 0.6 
4608 2 0.4 8 0.9 17 0.3 37 0.6 38 0 53 0 65 0.5 74 0 83 0 95 0.3 
4744 57 0.5 65 0.5 66 1 
4754 1 0.7 12 0.3 
4878 2 1 3 0.3 7 0.5 23 0.5 33 1 34 0.3 50 0.8 58 0.6 78 0.5 97 0 
5073 5 0.5 6 0.9 7 0.6 13 0 15 0 47 0.9 62 0 88 0.3 
5498 7 0 14 0 33 0.9 36 0.8 96 0.9 
5565 59 0.5 98 0.9 
5640 7 0 17 0 20 0.9 39 0 51 0.8 85 0.6 
6046 13 0.6 52 0 58 0.6 97 0.4 
6061 59 0.3 
6175 21 0.5 84 1 
6246 59 1 
6264 8 0.9 33 0.3 40 0 54 0 73 0 77 0.8 78 0.7 80 1 95 0.4 
6535 49 0.7 67 0.9 
6582 3 1 18 0.3 45 0.9 
6733 86 0.8 
6811 24 1 27 0.7 30 0.6 51 0.7 63 0.5 64 0 80 0 91 0.4 
6881 10 0.9 11 0.6 24 0 73 0.4 74 0 95 0 
7136 7 0.3 11 0.4 37 0.7 52 0.4 56 0.7 68 0.8 97 1 
7167 29 0.7 65 0.9 66 0.9 91 0.7 94 1 
7239 1 0.7 12 0.8 13 0 40 0 41 0.4 47 0.6 64 0.6 
7346 17 1 47 0.7 52 1 59 0.9 86 0.4 
7428 19 1 56 1 92 0.4 
7586 9 0.3 11 0 16 0.7 19 0.5 32 0.9 79 1 98 1 
7588 2 0.8 19 0.5 36 0.7 57 0.3 68 0 
7725 10 0.3 34 0 54 0 65 0.9 83 0 
7798 3 0.5 7 0 14 0.6 29 0 45 0.9 47 0.6 
7882 1 0 4 0.3 42 1 48 0.9 62 0.8 68 0.9 95 0.4 
7989 20 0.3 35 0.8 37 0.7 65 0.6 81 1 89 0.8 98 0.4 
8040 11 0.8 51 0 
8065 79 0.7 
8162 30 0.7 68 0 
8203 4 0.6 30 0 51 0.7 56 0 
8261 23 0 56 0.5 68 1 74 0.6 83 0.8 
8297 2 0.9 73 0 92 0.5 
8344 16 0.3 22 0 27 0.5 31 0.8 58 0 80 0.5 
8497 8 0.5 12 0.9 18 0.8 19 0.6 21 0 23 0.3 26 0 46 0.4 93 0.4 
8858 15 0 18 0.4 32 0.6 33 0 66 0 76 0.9 84 0 
8896 25 0.8 60 0.5 
9182 31 0.3 42 0 53 0.9 59 0 67 0 68 0.4 85 0.9 99 0.9 
9187 26 0.3 29 0.3 93 0.3 96 0 
9223 11 0.8 41 0 44 0 63 1 75 0.3 93 0.8 99 0 
9224 44 0.7 
9428 39 0.3 53 0 60 0.4 76 0.7 
9618 7 0.3 8 0.5 15 0.7 40 1 49 0 58 0.6 63 0.9 71 0.9 83 0.7 89 0.6 
9860 19 0 90 0 
9883 4 0 7 1 24 0 33 0.3 37 0 39 0.8 48 0 66 0.4 84 0.7 
9914 19 0 42 0.4 43 0 46 0.5 52 0 54 0 62 0.4 67 0.3 70 0.6 78 0.8 
9985 8 0.5 18 0.7 27 1 45 0.4 56 0 64 0 65 0 66 0.4 72 0.3 
