100
11 12 0.3 14 0.8 15 1 35 0.5 58 0 78 0.7 94 0 
111 71 0 
173 78 0.8 
278 40 0.4 68 1 
310 63 1 96 0.7 
446 5 0.3 64 0 69 0 83 0 
543 12 0 31 0 42 0.4 56 0 65 0 80 0.5 
574 7 0 20 0 62 0 92 0.3 
652 23 0.9 49 0.4 51 0 59 0.5 70 0 77 0.8 89 1 90 0.6 91 0 
749 18 0 21 0.9 51 0.3 52 0.3 64 1 
758 34 0.6 48 0.4 60 0.4 
767 10 0 38 1 
783 44 0 47 1 
807 26 0.8 36 1 49 0.3 53 0 73 0.9 77 0 86 0.7 95 0.8 
836 32 0.3 
946 23 1 32 0.3 35 0.7 40 0 61 0.8 65 0.3 75 1 88 1 89 0.7 
960 4 0.8 7 0.4 
980 0 0.7 20 0.6 57 1 58 0.5 69 0 78 0.9 94 0.4 98 0.5 
1353 32 0.8 36 0.4 44 0.8 46 0 51 0.3 57 0.7 65 0.9 74 1 
1503 49 0.7 66 0.8 98 0.4 
1611 27 0.8 85 0.8 
1838 34 0 
1933 4 0.5 31 1 43 0.3 55 0.4 65 0 90 0.3 
2116 12 0 42 0.6 62 0.5 79 0 
2145 20 0.6 41 0.5 49 1 73 0.5 81 0.8 
2250 7 0.5 27 0 60 0 70 0.5 
2351 48 0 
2416 9 0 21 0.8 25 0.4 35 0.5 52 1 99 0.7 
2507 3 0.7 24 1 61 0.9 
2571 23 0.8 25 0.5 33 0.6 45 0.5 54 0.7 65 0 66 1 75 0.6 88 0.3 
2614 5 0.6 21 0.5 64 0 75 0 76 0.6 82 0.4 
2754 6 0.4 29 0.6 31 0.8 53 0 56 0.9 60 0.8 62 0.8 74 0.4 89 0.3 92 0.9 
2919 3 0 21 0.4 22 0.7 47 0 73 1 
3012 1 0.6 9 0.9 10 0.3 46 0.3 74 0 87 1 96 0.8 
3364 8 0.6 21 0.6 26 1 27 0 74 0.9 97 0.3 
3446 14 0 19 0.5 58 0.7 63 0.5 
3514 27 0.6 56 0 
3517 32 0.9 38 0.7 44 0.5 48 0.5 69 0.5 94 0 
3814 10 0.6 23 0.3 40 0.6 41 1 70 0.5 81 0.7 
3861 0 0.9 10 0.8 12 0.5 24 1 38 0.4 89 0.5 91 0 93 1 94 0.5 
3887 41 0.6 45 1 65 0.7 69 0.6 
4106 61 0.4 63 0.4 
4339 9 0 25 0.9 41 0 59 0.4 62 0 91 0.3 
4369 15 0 18 0.8 38 0.6 84 0 
4388 28 0.4 29 0.5 41 0.6 51 0.6 91 0.6 92 0.4 99 0 
4506 20 0.5 21 0 44 0.3 56 0.8 90 0 
4511 5 0.6 11 0.3 18 0.3 20 0 30 0.6 33 0.3 52 0 62 0.5 
4565 0 0.5 22 0.4 40 0 
4626 62 0.6 
4996 5 0.7 15 0.9 25 0 30 0.9 44 1 52 0 55 0.9 66 0 69 0.4 
5114 10 0.4 11 0 23 0.8 
5237 3 0.3 7 0.6 12 0 13 0.7 15 0.3 34 1 50 0.4 52 0.6 60 0 
5241 13 0.6 34 0.7 41 0.6 
5779 15 0.6 21 0.3 53 0.3 56 0 62 0.8 94 0.7 96 0.8 98 0.8 
5822 11 0 46 0.6 69 0 85 0 99 0.6 
5828 12 0.4 24 0.7 35 0 39 0.4 53 0.7 65 0.7 74 0 
6061 59 0 
6082 32 0.5 74 0 78 0.8 82 0 
6414 20 0.7 36 0 39 1 45 0 55 0.7 79 0.8 82 0.3 85 0.5 88 0.7 
6456 47 0.4 
6632 5 0.6 18 0.7 31 0.3 58 0.4 61 0.9 67 0.4 83 0 
6744 5 0.3 6 0.5 13 0.6 21 0.8 40 0.9 49 0 58 0.3 
6847 41 0.9 78 0.3 
6863 19 0 46 0.4 76 0 84 0.8 
6870 4 0.4 10 0.6 20 1 30 0.3 37 0.5 40 0.8 59 0.4 78 0.3 
6936 11 0.6 14 0.7 38 0.3 50 0 58 0.7 63 1 66 0.4 96 0.3 
6945 0 0.3 2 0.5 8 0 21 0.9 79 0.3 95 0 
7070 4 0 13 0.7 15 0.9 17 0.9 27 0.3 41 0.7 84 0.4 
7181 25 0.4 27 0.7 29 0.5 35 0 51 0 57 0.5 73 0 77 0.7 
7211 23 0 51 0.5 
7232 2 0.3 7 0 23 0.5 25 0.3 27 0.5 32 0.5 38 0 67 1 68 0.8 
7244 7 0.7 8 0 18 0.4 19 0 39 0.4 43 0 45 0 57 0.8 64 0 99 0 
7251 17 0.5 27 0 35 0.4 53 0 78 1 89 0.7 
7274 15 0.3 29 0 32 0.5 34 1 39 0.9 60 0.7 68 0 69 0.3 73 0 90 0.8 
7359 24 0.5 47 0.5 57 0 62 0.9 69 0.7 79 0 83 0.4 86 0.8 
7703 6 0.3 13 0 20 0.7 23 0 68 0.8 74 0.5 77 0.6 83 0.7 84 0 94 0 
7752 34 0.9 81 0.3 95 0.6 
7859 32 0 46 0.3 
8079 8 0.6 11 0.6 27 0.8 55 0.9 62 0.4 83 0.9 94 0 
8144 47 1 74 0.4 94 0.8 98 0.8 
8256 78 1 83 1 
8346 0 0 1 0 23 0.5 29 0 33 0.9 53 0.5 67 0.4 78 0.8 80 0.4 81 0.4 
8415 14 0.7 19 0.9 23 0 30 0.7 53 0.6 61 0 67 0 68 0.7 
8503 9 0.5 12 0 15 0.5 22 0 33 0 41 0 55 0.7 56 1 81 0.7 95 0.5 
8569 82 0.4 
8753 27 0 65 0 71 0 
8821 25 0.8 54 0 75 0.5 
8995 11 0.7 17 0.6 25 0 30 0.7 59 0.9 62 0.3 68 0.7 90 0.9 
9072 3 0.3 12 0.4 15 0.3 21 0.3 27 0 60 0.9 64 0.3 73 0.7 81 0.4 
9119 52 0.6 96 0.9 
9367 7 0.6 9 0 14 0.4 21 1 23 0.6 38 0.4 47 0 57 0.3 66 0 87 0 
9489 23 1 42 0.6 50 0.5 65 0.4 
9551 13 0.3 22 0 23 0.9 34 0.3 64 0.9 65 1 81 0 96 0 
9733 19 0.5 26 0.3 30 0 49 0.8 50 0 58 1 78 0 93 0.3 
9737 80 0 
9746 85 0.3 97 0.9 
9762 18 0.7 32 1 41 0.5 52 0.4 55 0.9 62 0 74 0.4 76 0.6 
9782 5 0.8 13 0.9 22 0 45 0.4 51 0.9 53 0 56 0.9 73 0.4 81 0.6 92 0.4 
9900 2 0 3 0.7 26 0.6 34 0.7 56 0.8 70 0.4 74 0.9 83 0.8 94 0 95 0.4 
9988 15 0.8 17 0 22 0.5 42 0.4 77 0.5 
