100
86 45 0.4 50 0.9 56 0.8 57 0 58 1 78 0.5 
298 4 0 5 1 13 0.3 35 0 37 0.9 41 0.7 48 0.7 63 0.8 71 0.4 98 0.7 
353 39 0.8 66 0 68 0.5 
373 78 0.9 90 0.6 
412 8 0 10 0.5 34 0.3 38 0.4 44 0.3 45 0.7 50 0.3 66 0 90 0 98 0.7 
502 3 0.6 5 0.3 11 0.8 18 0.3 33 0.8 55 0 89 0 
509 39 0.5 42 0.8 91 0 92 0.7 
730 11 0 24 0.6 32 0.4 51 0.4 58 0.7 77 0 79 0.7 93 0.8 96 0.7 
918 13 0.3 18 0.7 19 0 28 0.9 41 0 76 0.8 98 0 
1103 79 0.4 
1120 18 0 25 0 
1134 13 0.4 62 0 63 0.8 
1138 6 0.3 18 0.4 29 0 
1238 48 0 69 0 
1248 6 0 45 0 56 0 62 0.5 69 0 73 0 80 1 83 0.6 87 0.5 88 0.8 
1252 6 0 90 0.5 
1255 15 0.3 21 0.3 22 0.5 34 0.9 75 0.5 84 0.9 
1260 5 0.9 46 1 
1396 14 0 53 0 64 0.9 77 0.7 84 1 
1434 5 0 6 1 
1501 15 0.5 26 0 53 0 67 0.6 77 0.4 
1506 1 0 
1635 23 1 33 0.4 62 1 63 0.8 67 0.4 
1683 17 0.8 88 0.3 
1901 22 0 39 0.3 57 0.7 
1943 50 0 84 0.4 
2037 6 0.6 40 0.3 42 0 80 0.7 85 0.6 
2147 2 0 11 0.9 13 0 25 0.8 44 0.9 55 0.5 63 0.4 68 0.3 94 0.6 
2217 4 0 18 0.7 27 0 42 0.9 43 0 56 0.5 79 0.7 81 0 91 0.9 
2235 7 0 31 0.5 76 0.4 
2300 0 0.3 34 0.6 
2496 26 0.5 38 1 69 0.4 94 0.3 
2518 15 0.6 24 0.5 31 0 81 0 86 0 98 0 
2843 9 1 10 0.9 27 1 43 0.7 66 0.9 75 0.4 86 0.4 87 0.6 
2956 3 0.5 7 0.8 8 0 13 0.5 25 0.7 29 1 30 1 53 0.4 59 0.8 69 0 
2985 4 0.7 5 0.6 18 0.5 23 0 27 0 57 0 69 0.3 86 0.7 96 1 97 0.7 
2992 5 0.5 15 0.4 28 1 34 0 39 0 
3163 11 1 58 0 81 1 
3197 29 1 
3380 12 0.9 18 0.5 34 0 37 0.5 38 0.3 41 0 69 0.5 85 0.8 86 0 98 0 
3405 8 0.4 15 0 42 0 48 0 71 0 91 0.7 93 0.8 95 0.9 
3461 13 0.8 25 0.9 
3680 92 0.9 
3735 6 0 13 0 14 0.9 34 0.5 39 0.9 58 0.7 69 0.6 88 0 
4065 61 0.5 71 1 
4093 21 0 30 0.7 31 0.8 74 0.6 92 0.6 
4247 1 0 15 0 16 0.3 29 0 35 0.8 36 1 42 0.8 59 1 63 0.3 
4380 11 0.3 46 0.5 53 0.6 55 0.4 65 0 69 1 73 0.7 81 1 88 0.4 
4552 2 0.5 15 0.9 33 0.3 78 0.8 91 0 
4692 11 0.5 30 0.9 69 0.8 90 0 
4729 4 0.6 26 0.9 35 0.9 42 0 66 0.5 94 0 98 0 
5128 35 0.6 55 0.3 63 1 73 0 76 0.4 86 1 97 0.7 
5138 4 0.9 6 0.3 27 0.8 45 0.5 50 1 53 0 61 0.9 62 0.3 94 0.6 
5340 13 0.6 23 0 25 0.8 51 0.6 56 0.6 82 1 
5350 1 0.6 4 0.5 10 0.3 11 0.6 51 0.6 57 0 72 0.8 90 0.5 
5354 6 0.3 8 0.7 29 0.4 31 1 35 0.7 44 0.3 58 0.7 64 0 92 0.9 
5413 14 0.9 22 0.5 29 0 53 0.7 
5474 7 0 8 0.6 23 0.9 42 0 45 0 54 0.6 87 0.4 
5489 3 0.9 5 0.9 28 0 34 0.9 35 0 39 0 62 0.8 71 0.4 89 1 
5929 4 0.8 17 0 18 0.5 36 0 52 0.8 57 0.3 62 0.6 79 1 87 0 90 0.3 
5931 27 0 37 0 55 0.3 60 0.5 82 0.4 88 0.7 
5939 14 0 31 0.7 49 0.7 52 0 54 0.5 57 0 58 1 62 0.7 95 0 97 0.4 
5989 1 0.3 3 0 4 0 20 1 31 0 49 0.3 55 0.6 82 0.5 
6097 35 0.7 58 0.9 59 0 72 0.8 
6226 33 0.7 48 0 
6243 5 0.7 7 0.3 14 0.7 26 0 62 0.6 64 0 70 0 71 0.3 82 1 91 0.6 
6367 32 0.9 56 0.7 68 0.5 78 0 87 0.4 
6475 1 0.7 16 0 24 0.3 73 0 75 0.5 88 0 91 0.8 94 0.7 95 0 97 0.3 
6554 2 0.4 19 0.8 22 0.8 25 0.9 55 0 65 0.8 70 0.3 76 0.8 83 0 
6583 1 0.4 33 0.5 39 0 48 0 53 0.9 55 0.6 65 1 93 0 
6625 6 0.4 8 0.9 14 0 24 1 30 0 42 1 70 0.6 83 0 96 0.7 
6678 21 0 52 0.6 
6703 2 0.4 31 0.4 64 0.7 93 0 
6715 6 0 13 0.9 22 0 41 1 45 0.5 46 0.5 47 0.9 57 0 79 0 93 0 
6767 20 0 24 0 27 0.4 36 0 49 0.4 
6896 46 0.6 
6998 2 1 48 0.7 77 0.9 
7087 0 0.7 8 0.9 70 0.7 88 0 99 0 
7150 13 0.4 16 0 24 1 28 0.3 32 0.4 34 0 47 0.7 62 1 70 0 
7426 7 0.7 34 0.9 
7437 6 0.7 23 1 85 0.8 
7523 5 0.5 13 0 14 0.4 58 0.4 92 0.4 
7577 4 0 16 0 17 0.5 34 0 67 0 73 1 76 0.5 94 0.9 
7626 1 0.6 6 0 58 0.3 59 0.6 69 1 
7777 39 0.4 52 0 54 0.3 64 0.8 98 0.8 
7866 0 0.3 88 0.9 
7988 20 0.7 
7990 10 0 
8203 4 0.4 30 0 51 0.7 56 0.5 
8339 36 0.5 38 0.6 48 0.7 49 0.7 63 0 74 0.7 83 0.5 90 0.8 
8378 18 0.7 33 0.8 61 0.9 77 0.4 
8393 3 0 5 0.7 12 0.5 16 0.9 17 0.8 19 0 39 0.9 65 1 
8574 34 1 56 0.3 
8681 36 0.8 47 0.8 
8758 39 0.5 46 0.9 50 0.8 86 0.6 98 0.5 
8873 58 0.4 79 0.7 
9205 16 0.6 20 0.9 22 0.9 37 0.4 41 0.4 45 0 62 0.8 
9333 1 0.8 5 0.5 
9405 8 0 14 0.7 35 0.6 40 0.7 44 0.7 82 0.7 86 0 
9777 20 1 
