100
5 18 0.3 43 0.7 57 0 83 0.8 95 0.8 96 0.3 98 0 
134 11 0.7 18 0.4 57 0 66 1 70 0.9 96 1 
149 65 0 88 0 92 0.8 
269 6 0.7 10 0 21 0 31 0 33 0.8 44 0.8 57 1 84 0.6 91 0.3 96 0.4 
392 0 0 9 0.4 36 0.6 44 0.4 85 0.4 
676 3 0.6 37 0 93 0 
718 8 0.9 17 0.5 26 0.8 43 0.6 74 0.5 79 0.7 
804 9 1 14 0.5 17 0.9 25 0.4 74 0.6 98 0 
939 27 1 28 1 62 0.3 
965 13 0.8 23 0.9 30 0 35 0 53 0.5 62 0 65 0.7 69 0 75 0.8 85 0.4 
1198 12 0.4 37 0.8 53 0.6 54 0 58 0.3 81 0 82 0.9 93 1 
1257 7 0.8 8 0 11 0 15 1 28 1 73 1 75 1 88 0.3 99 0.6 
1338 18 0.6 55 0.6 
1349 11 1 57 0.3 68 1 77 0.3 94 0.8 98 0 
1373 5 0 45 0.8 63 0 70 0 71 0 79 0.5 95 0.4 98 0 
1398 3 0.7 71 0.3 
1529 39 0.9 88 0.4 
1538 25 0.8 59 0.5 
1565 26 0 54 1 61 0.7 
1576 18 0.9 28 0 32 0 48 0.3 58 0.6 60 0.5 99 0.7 
1635 23 0.8 33 0.9 62 1 63 0.4 67 0.4 
1764 4 0.9 
1834 59 0 62 0.8 
1844 10 0.9 40 0.6 48 0 91 0.8 
1871 7 0 11 0.8 13 0.9 18 0.7 23 0.4 64 0.3 86 0.7 87 0 
1948 27 0 32 0.8 40 0.4 54 0.4 67 0.3 68 0 82 0.4 
2068 7 0.4 29 0.4 65 0.4 68 0.7 78 0 81 0 84 0 88 0.3 
2147 2 0.4 11 1 13 0.6 25 0.6 44 0 55 0.6 63 0.9 68 0 94 0.9 
2260 24 0.5 40 0.9 75 0 
2499 5 1 23 0.4 28 0.5 61 0.7 62 0.6 66 0.7 74 0.7 80 0.8 88 0.5 95 0.5 
2618 8 0.4 
2651 13 0.3 41 0.6 46 0.4 47 0 51 0.7 55 0.7 72 0 73 0 86 0.5 98 0.3 
2823 33 0.8 
2968 87 0.6 93 0.4 
3298 38 0.6 56 1 64 0.5 89 0.5 90 0 
3311 43 0.4 47 0.6 63 0.8 69 0 71 0 84 0.7 87 0 92 0 
3645 8 0.5 9 0.8 77 0.3 89 0.8 
3727 18 0.4 43 0.7 51 1 59 0 73 0 99 0.3 
3862 1 0.9 36 0.9 76 1 91 0 
3903 8 0.7 19 0.3 20 0.4 24 0.8 34 0 77 1 90 1 92 0 
4125 6 1 13 0.4 26 0 27 0.9 44 0.5 45 0 67 1 83 1 87 0 
4211 24 0.4 35 0.5 38 0.8 39 0.4 51 0.8 58 0.9 70 0 87 1 95 0.9 
4277 14 0 17 0.8 26 0.9 34 0.6 82 0.3 
4299 19 1 23 0.4 39 0.5 61 0.8 71 0.8 89 0.9 
4357 4 1 17 0.3 25 0 39 0 40 0.8 75 0 86 0.4 92 0.7 
4501 12 0.7 65 0 
4525 18 1 21 0.5 23 0.8 49 0.4 62 0.9 63 0.6 72 0.4 73 0.6 
4599 16 0.8 22 0 47 0.4 59 1 66 0.6 78 0.8 83 0.7 87 0.5 93 0.6 95 0.9 
4604 0 0.4 10 0.6 14 0 56 0 62 0 89 0.4 90 0.8 
4704 78 0.7 
4718 11 0.4 15 0.9 55 0.8 64 0.7 74 1 86 0.8 93 0.7 98 0.7 
4795 4 1 7 0.4 12 0.6 51 0 53 0 55 1 60 0 67 0.5 81 0.9 94 0.4 
4810 3 1 11 0.6 17 0.9 20 0 30 1 58 0.5 77 0.4 78 0.3 88 0 
4902 7 0.4 18 0.5 20 0.5 32 0.4 59 0.8 64 0 72 0.4 76 0 85 0 
4953 21 0.6 35 0.8 49 0 53 0 90 0.6 
4988 13 0.7 19 0.6 22 1 39 0.3 47 0.9 80 0 81 0.7 82 0 87 0 98 0 
5071 10 0 29 0.5 86 0.3 
5077 8 0 12 0 16 0 57 0 89 0.6 91 0.6 99 0.9 
5087 24 0.6 29 0.9 50 0 51 0 
5154 2 0.9 17 0.8 24 0 61 0 62 0 80 0 81 0.6 90 0.7 
5174 8 0.9 23 0 35 0.9 37 0.6 44 0 66 0.7 69 0.3 96 0.5 
5566 7 1 81 0.8 82 0.4 
5673 6 0.5 8 0.9 27 0 41 0.6 56 0.7 61 0.9 73 0.9 87 0 90 0.4 
6115 50 0 57 0 62 0.3 85 0.8 
6158 11 0.5 55 0.8 64 0 75 0 90 0.7 91 0.5 
6236 45 0.3 68 0.9 96 0.7 
6327 10 0.8 14 0.7 30 0 36 0.5 39 0.5 45 0 81 0.8 85 0.6 
6395 6 0.8 17 0 28 0.3 31 1 36 0 38 0.5 49 0.6 68 0.3 80 0.3 81 0 
6459 15 0 22 0.6 48 0.8 51 0.5 53 0 55 0.8 64 0 81 0.7 
6536 26 0.4 55 0.6 
6657 22 0.7 86 0.6 
6713 16 0.4 18 0 61 0 70 0.8 72 0 86 0.8 97 0.5 
6739 5 1 13 0.7 48 0.3 55 0.5 78 1 90 0 
6776 24 0.5 28 0.7 48 0.4 53 1 87 0.6 89 0.5 
6783 4 0.9 41 0.3 65 0 80 0.4 91 0 
6919 4 0.6 8 0.5 14 0.4 28 1 40 0 45 0.3 54 1 80 0 92 0.3 
7130 8 0.3 31 0.9 32 0.3 36 0.9 62 0 74 0.7 81 0 83 0 85 0.4 87 0.5 
7467 2 0 5 0.3 46 0.8 50 0.3 74 0 79 0 96 1 97 0 99 0.5 
7500 3 0 
7664 4 0 12 0.4 16 0.8 42 1 46 0.7 50 0.3 63 0 64 0.9 74 0.4 76 0.7 
7680 12 0.9 36 0.9 54 0.7 67 0 72 0 76 0.8 77 0 82 0.9 91 0.4 99 0 
7840 91 0.5 
7857 3 1 7 0.9 45 0.5 61 0 80 1 97 0.9 
8085 6 0.9 30 0.9 57 0.8 63 0 75 0.4 91 0.9 
8113 69 1 
8266 2 0.4 21 1 55 0.5 71 0 78 0.3 81 0.9 
8387 14 0.6 
8545 1 0.8 7 0.5 
8618 0 0 51 0.9 62 0.9 63 1 65 0 74 0.3 
8942 90 0.7 
8989 48 0.4 67 0.9 69 0.4 88 0 89 0 
9372 6 0.3 37 0.5 73 0.6 86 0.6 96 0.5 
9527 0 0 31 0.8 36 0.6 40 0 42 0.8 96 0 
9600 33 0.6 37 0.4 46 0.4 50 0.3 55 0.9 60 0.3 62 0 
9701 22 0.3 32 0 39 0.8 73 0.7 
9705 0 0.4 29 0 42 0.8 45 0.5 61 0.6 65 0.5 78 0 
9711 15 0 27 0.5 58 0.7 72 0 90 0.5 
9795 4 0 11 0.6 19 0.9 26 0.5 28 0.9 38 0 72 0.5 92 0 
9906 28 0 32 0.5 51 0 90 0.9 91 0.8 
9927 47 0 
