100
2 12 0 20 0.4 41 0.3 54 0 78 0.5 
24 86 0.4 88 0 
105 29 0.4 36 0.9 55 0.6 56 0.6 78 0.8 81 0.4 82 0 87 1 92 0 95 0.6 
140 56 0.7 61 0.7 76 0.7 
166 20 0.3 40 0 44 0.4 49 0 50 0.6 66 0 80 0.5 82 0.3 84 0.9 93 0.7 
451 4 0.9 29 1 30 0.7 34 0 35 0.6 39 0 43 1 92 0 
459 14 0.7 17 0 21 0.5 37 0.8 61 0 65 0 69 0.5 70 0 80 0.7 
521 25 0.6 38 0.9 55 0.6 66 0.9 81 1 92 0 97 0.4 
624 10 0.5 36 0 42 0.5 66 0 83 0 86 0.8 94 0.8 
752 6 0.3 11 0.7 33 0.4 34 0.7 37 0.7 52 0 61 0 67 0.4 74 1 82 0.9 
923 45 0.5 69 0.3 
974 1 0.8 29 0.4 44 0.6 45 1 60 0.4 75 0 80 1 
979 48 0.9 64 1 71 0.4 
980 0 0.9 20 0.7 57 0.4 58 0.8 69 0 78 0.6 94 0.9 98 0.4 
989 7 1 15 0.3 34 0.7 61 1 64 0.6 76 0 82 0.3 91 0 
1022 72 1 
1121 0 0.8 21 0.3 70 0 74 0.6 
1242 17 0.7 25 0.9 28 1 33 0.7 34 0.5 36 0 48 0.6 71 0.9 74 0.6 82 0.6 
1282 3 0.7 
1501 15 0 26 0 53 1 67 0.7 77 0.8 
1849 1 0.6 7 0.4 21 0.4 34 0.6 35 0.8 57 0.4 71 0 72 1 74 0.7 82 0.3 
1886 71 1 83 0.9 
2052 17 0 34 0 35 0.8 38 0.6 55 0 81 0.6 89 0.4 
2072 22 0 37 0.6 42 0 87 0.8 
2076 5 0.7 6 1 25 0.4 30 0.4 38 0 43 0.5 77 0.7 90 0.3 94 0.5 
2183 2 0.9 10 0 15 0.6 25 0 32 1 47 0 55 0 58 0.5 63 0 74 0.7 
2483 28 0.6 40 0.4 62 0.6 80 0.3 97 0.6 
2556 9 0.3 10 0.7 21 0 24 0.8 25 0 45 0.8 53 0.5 81 0 
2590 0 0.4 6 0.9 23 0.9 26 0.4 37 0.7 61 0.6 69 0.8 
2702 9 0.4 56 0.5 67 0.6 72 0 79 0.5 80 0.5 95 0 99 0 
2711 1 0 3 0.7 15 0.8 37 0 49 0.8 59 0.6 70 0.7 78 0 79 0.4 88 0.5 
2819 22 0 26 0.7 32 0 44 0.8 48 0.7 59 0.5 60 0.9 86 0.4 99 0 
2856 5 0.5 16 0.6 23 0 29 0.4 63 0 69 0.6 84 0 91 0.8 94 0.3 
2859 5 0.5 10 0.7 44 0 50 0.3 85 0.7 
2980 23 0 27 0.6 86 0.6 88 0.7 98 0.7 
3127 0 0.6 14 0.3 20 0.6 33 0.6 52 0.7 56 0.6 61 0.6 75 0 
3199 3 0.7 13 0.3 16 0 40 0.3 58 0.7 
3202 47 0 65 0.5 
3368 13 0.6 81 0.7 
3513 10 0 18 0 31 0.9 33 0.5 44 0.7 46 1 61 0.9 68 0 75 0.6 97 0.9 
3621 33 1 42 1 47 0 62 0.8 75 0.3 
3707 35 1 46 0.3 64 0 66 0 70 0.7 72 0.8 90 1 
3847 3 1 10 0.4 26 0.3 27 0.5 29 1 36 0 49 0.7 51 0 77 0 83 0 
3863 25 0.8 45 0.9 
4073 1 0 2 1 13 0 15 0.8 47 0 50 0 74 0.9 83 1 
4294 1 0.8 14 0.4 29 0.9 34 0.5 79 0.4 90 0.8 
4655 24 0.3 55 0 60 0 
4660 12 0.3 59 1 78 0.8 94 1 
4719 16 0 21 1 37 0 38 1 45 0.6 55 0.8 57 0.8 65 0.9 75 1 
4736 1 0.6 15 0.6 18 0 29 1 35 0.3 61 0.4 71 0.5 
4873 40 0.7 42 1 73 0.5 74 0.8 75 0.6 96 0 
5037 7 0.9 10 0.5 33 0.7 53 0.9 58 1 62 0 63 1 89 0.6 91 0.3 
5053 21 1 54 0.4 87 0.9 92 0.6 
5160 5 0.6 13 0.5 42 0.9 44 1 52 0 57 0.6 61 0.9 67 0.8 77 0.8 83 0.7 
5189 19 0 30 0.4 58 0.4 
5610 27 1 
5901 34 0 79 0 81 0.7 82 0.8 85 0 87 0.8 92 0 
5962 33 0.6 45 0 82 0.8 98 0.5 
5976 15 0.8 69 0 72 0.7 75 0.9 86 0.6 
6089 15 0.6 33 0.3 41 0.3 54 0.7 56 0.7 73 0.9 79 0.9 96 1 
6132 21 0.5 43 0.6 44 0 67 0.8 
6162 5 0 7 0.6 16 0.5 24 0.8 39 0.3 55 0 85 0.5 89 0.5 
6259 6 0 20 0.4 21 0 22 0 41 0 56 0.9 78 0 92 1 
6498 9 0.5 31 0 32 0.3 37 0.9 41 0.9 53 0 59 0 60 0.8 84 1 99 1 
6578 10 0.4 18 0.5 25 0.6 31 0.7 37 0.4 39 0.6 41 0.7 80 0 
6784 8 0.3 11 0.9 13 0 23 0 58 0.3 74 0 77 0 80 0.3 86 1 
6832 9 0.9 78 0.5 90 0.8 96 0 
6858 8 0.6 13 0.3 16 0.5 17 0 19 0.6 54 0.5 82 1 
6988 1 0.9 9 0.6 14 0.3 16 0.9 47 1 57 0 90 0.4 
7127 7 0.8 23 0.7 26 0.7 28 0.6 30 0 42 0.8 61 0 80 0.7 85 0.7 95 1 
7192 6 0 7 0.4 13 0.3 18 0.5 24 0.6 33 0.7 46 1 54 0.4 65 0.9 72 0.5 
7215 33 0.6 61 0 74 0 82 0.6 93 0 
7268 0 0.5 6 0.4 9 0.7 12 0 35 0.9 38 0.6 60 0.4 73 0 80 0.9 92 0 
7285 0 0.3 13 0 22 0.3 68 0.3 79 0.7 
7398 32 0.5 55 0 
7519 2 1 3 0.6 25 0 29 0.6 54 1 
7739 14 0.7 28 0.6 41 0.5 68 0.9 70 0 90 0.5 
7856 25 0.3 28 0.6 45 0.9 52 0 59 0.7 
7935 5 0 9 0.3 17 1 24 0.6 28 0 34 0.5 91 0.7 95 0.7 
8026 29 0.4 
8111 20 0.9 
8142 15 0.9 20 0.7 36 0 48 0.5 54 0.5 59 0.3 65 0.6 66 0.6 81 0.8 89 0.7 
8171 7 0.6 10 0.7 12 0.4 19 0.5 37 0.7 54 1 57 0.5 72 0.3 85 0.4 88 0.7 
8184 6 0.7 10 0.8 11 0 21 0 36 0.5 66 0.5 76 0.7 84 1 97 0 
8297 2 0.7 73 0.8 92 0.7 
8511 12 0 34 0.6 44 0 65 0.9 75 0.4 78 0 95 0.7 
8535 4 0.4 26 0.9 27 0.5 30 0.9 40 0.3 70 0 81 0.4 94 0.3 
8582 13 0.6 16 0 20 0.3 32 0.5 91 0 
8636 4 0.5 12 0 73 0 
8893 47 0 85 0.3 
8898 27 0.8 
8966 26 0.6 38 0.7 50 0.3 55 0 59 0.7 63 0.3 65 0 83 0.7 93 0 94 0.6 
8991 14 0.7 25 0.8 34 0 51 0.8 56 0.9 75 0 84 0.5 
9139 6 0 14 0 22 0 49 0.8 52 0.9 60 0 62 0.8 67 0 90 0.5 92 0.7 
9191 37 0 42 0.4 59 0.9 74 1 80 0.4 
9341 44 0.4 46 0.9 59 1 94 0.7 
9455 17 0 23 0 
9634 8 0 9 0.6 26 0.9 35 0.3 44 0.8 58 0 59 0.7 82 1 94 0.4 
9681 56 1 90 1 
9828 15 0 28 0 36 0 37 1 69 0.4 
