100
16 16 0.5 23 0.6 34 0.5 66 0.7 76 0.5 91 0 92 0.4 
21 31 1 71 0.7 74 0.3 93 0.3 94 0.6 96 0.4 
154 5 0 9 0.5 11 0.5 13 0.6 28 0.4 30 0 74 0.5 76 0.8 83 0.6 91 0 
162 45 0.9 82 0.4 
269 6 0.9 10 0.7 21 0.8 31 0 33 0.8 44 0 57 0 84 0.4 91 0.7 96 0.6 
288 34 0.9 35 1 38 0 58 0 67 0.9 71 0.5 
311 1 0.4 21 0.9 68 0.3 75 0 
400 15 0.9 22 0.9 40 0.8 72 0.9 84 0 99 0.6 
467 16 0.7 21 0.6 23 0.8 25 0 32 0.9 34 0 41 0.7 59 0.4 63 1 72 0.9 
473 3 0 40 0 43 0.4 55 0.8 57 0.5 66 0 73 0.9 80 0.9 86 0.7 87 0.7 
645 2 0 9 0.8 14 0.7 28 0.4 93 0.6 
657 24 0.9 68 0.4 76 0 
754 7 0.7 10 0.3 29 0.4 54 0 63 0.3 93 0 97 1 
777 20 0.4 27 0.6 48 0.7 52 0.8 58 0 69 0.7 72 0.6 75 0.8 98 0.7 
793 70 0.8 
808 6 0 21 0.7 45 0.5 52 0.5 62 0.3 63 0 75 0.5 94 1 
935 1 0.8 11 0.3 28 0.6 59 0 64 0.7 77 0 
936 4 0.8 7 1 9 0.3 23 0.9 50 0.5 66 0.3 86 0 95 0.9 
1157 3 0.6 5 1 14 0.3 18 1 24 0 38 0 60 0.4 85 0.3 86 0.4 95 0.4 
1249 50 0.6 52 0.9 
1527 3 1 6 0 13 0.7 23 0 30 0.3 36 0.4 56 0.5 85 0 91 0.5 
1579 0 0.9 2 0 4 0.4 46 0.9 
1638 72 1 
1758 0 0 21 0 66 0 91 0.8 
1774 50 0.6 
1808 18 0 27 0 50 0.8 64 0.6 77 0 82 0 
1832 10 0.9 29 0.9 41 0 43 0 44 0.4 49 0.6 
1851 8 0.3 12 0 16 0 30 0.5 43 0 82 0.4 
1871 7 0 11 0.5 13 0 18 0.6 23 0.5 64 0.3 86 0 87 0.3 
1915 2 1 40 0.7 41 0 54 0 55 0.9 73 0.5 92 0.4 
1957 9 0.6 11 1 97 0 
1995 35 0 37 0.3 39 0.7 45 0.4 64 0.4 77 0.6 
2025 0 0 3 0 11 0.4 82 0.9 84 1 92 0.6 96 0 
2320 7 0.3 19 0 22 0 42 0.4 50 1 64 0.7 84 0 90 0 92 0.9 
2404 4 0 43 0.8 98 0.8 
2637 0 0 29 0.7 38 0.5 40 0 46 1 50 0.4 56 0.3 75 0 77 0.8 
2770 6 0.3 15 0.8 21 0.5 32 0.7 37 0 47 0 55 0 67 0.7 77 0.7 
2878 21 0.8 
2910 22 0 
3073 2 0.3 13 0.6 31 0.9 52 0.7 69 0 74 1 89 0.4 94 0 98 0 
3148 55 0 
3193 11 0.9 21 0 34 0.3 71 0.5 75 1 82 0 88 0.3 
3288 30 0 39 0 40 0.6 41 0.3 45 0.4 49 0 53 0.8 64 0 
3532 13 0.6 14 0.6 23 0.5 33 0.7 40 0.5 43 0.4 57 0 61 1 78 0.7 
3581 10 0 41 0 93 0.8 97 1 
4159 13 0.5 18 0 26 0 34 0 61 0.9 
4372 7 0.7 25 0.7 35 0.9 41 0.8 43 0.8 50 0.3 52 0.8 67 0 81 0.7 
4380 11 0 46 0 53 0.8 55 0.5 65 0.6 69 0 73 0 81 0.3 88 0 
4404 5 0.6 15 0 16 0.9 22 0.4 54 0 65 0.6 72 1 77 0.8 
4411 0 0.3 21 0.5 46 0 80 0.5 
4504 26 0.4 52 0.9 81 0.7 97 0 
4646 21 0 31 0.9 68 0.8 76 0.8 92 0 93 0.8 95 0.5 99 0.8 
4905 85 0 
4995 13 0 23 1 57 0.9 59 0.8 61 0.6 71 0 92 0 95 0 99 1 
5025 21 0 35 0 39 0 69 0.5 78 0 79 0.7 
5087 24 1 29 0 50 0.4 51 0.8 
5128 35 0 55 0.3 63 0.3 73 0.5 76 0.9 86 0.8 97 0 
5250 29 0.7 32 0.7 64 0 
5257 89 1 
5381 6 0.4 8 0 17 0.6 40 0.8 44 0.6 71 0 88 0 
5388 20 0 
5505 48 0 52 0.6 61 0.3 70 0.7 73 0 94 0 
5600 1 1 19 0 41 0 46 0.7 52 0 58 0.4 85 0.6 87 0.4 
5994 17 0.4 18 0 24 0.9 25 0.8 27 0.7 33 0 99 0.6 
6040 21 0 31 0 36 0.6 47 0.8 54 0.4 57 0.3 67 0 68 0.4 83 0.8 
6088 28 0 83 0 86 0.5 97 0.5 
6095 16 0 40 0.4 44 0.9 81 0.6 83 0.5 99 0 
6317 4 0.7 12 0.6 42 0.6 57 0.9 78 0.7 81 0 
6535 49 0.5 67 0 
6567 12 0.7 37 0.8 39 0.5 42 0.3 98 0.4 
6653 25 0.8 77 0 80 0 
6728 10 0.8 15 0 24 0.5 62 0.3 64 0.7 86 0 88 0.6 
6837 8 0.9 35 1 58 0.4 74 0.7 
7104 64 0 74 0.6 76 0 78 0.8 90 0.3 98 0.9 
7109 12 0.7 27 0.6 43 0.6 63 0.6 77 1 81 1 84 1 98 0 
7226 22 0.4 46 1 60 0.9 69 0.7 
7306 24 0.4 31 0.8 37 0.9 54 0 66 0 68 0.4 81 0 87 0.3 
7308 10 0.8 27 0.8 34 0.6 39 0 43 0.7 65 0.5 74 0.8 76 0.4 99 0.5 
7535 1 0.7 3 0.9 28 0.3 59 0.3 62 0.8 74 0 
7573 2 0.9 11 0.4 24 0.3 50 0.7 61 0.5 65 0 91 0.3 
7723 12 0.3 19 0 31 0.8 32 0.8 40 0 41 0.6 72 0.3 73 0.5 
8478 10 0.5 24 0.7 32 0 48 0.3 50 1 59 0.5 60 0.6 61 0 82 0 83 0.4 
8498 2 0.6 3 0 51 0 70 0.3 91 0.3 93 0.7 
8529 8 0 23 1 46 0.4 48 0.9 85 0.8 88 1 
8540 27 0.4 44 0.9 86 1 
8809 20 0.3 25 0.6 31 0 33 1 56 0.8 70 0.9 74 0.7 75 1 90 0 94 0.6 
8925 1 1 39 0.8 79 0.4 97 0.5 99 0 
8976 7 0 22 0.9 86 0 
9092 1 0.9 5 0 33 0.6 49 0.6 50 0 63 0 71 0.5 
9310 8 0.5 10 0.4 15 0 29 0 58 0.9 59 0 75 0 90 1 
9372 6 1 37 0.8 73 0.3 86 0.8 96 0.7 
9443 5 1 21 0 49 0.6 50 0.3 63 0.6 75 0.5 80 0 84 0.7 90 1 96 0.7 
9469 16 0.7 25 0 56 0 
9585 6 0.6 32 0 95 0.3 
9600 33 0.4 37 1 46 0.9 50 0.9 55 0.5 60 0 62 0.4 
9688 4 0.3 17 0 71 0 
9812 80 0.7 
9831 4 0.9 6 0.4 10 0 47 0.7 56 0.4 71 0.3 83 0.5 89 0 
9859 8 0.6 23 0.6 34 0.6 44 0.7 
9872 28 0 39 0.3 60 0.5 61 0 
