100
60 4 0 25 0.9 44 0.3 
81 0 0.6 9 0.3 13 1 21 0 22 0.6 44 0.4 69 0.7 84 0.6 87 0.6 91 0 
471 25 0.4 28 0.7 68 0.5 75 1 82 1 85 0.4 88 0.3 92 0.6 98 0 
669 8 0 27 0.6 41 0 45 0.8 56 0.3 80 0.5 96 0 
707 0 0.7 4 0.7 5 0.7 25 0.6 30 0.6 34 0.3 45 0 49 0.4 85 0.4 91 0 
722 0 0.4 5 0.6 6 0 7 0 28 0 31 0.3 34 0 53 0.5 54 0.5 
818 3 0.3 8 0.5 15 0.7 25 0.9 36 0.6 65 0 74 0 77 0.3 96 0.9 
1043 1 0.6 15 0.4 39 0.6 58 0 
1079 4 1 15 0 22 0.9 33 0.4 59 0 94 1 
1133 65 0 90 0.9 
1190 9 0 40 0.9 69 0 
1195 3 0 5 0.5 25 0.7 26 0.7 29 0.6 39 0.5 74 0 78 0 86 0.6 90 1 
1450 8 0.7 11 0 46 0 48 0.4 56 0.6 60 1 62 1 68 0.8 71 0.6 
1505 10 1 24 0 34 0.3 76 0.7 88 0.7 91 0.3 
1559 3 0.4 18 0 55 0.6 64 0.4 65 0.9 69 0.3 75 1 92 0.9 93 0 94 0.7 
1629 31 0 76 0.4 79 0.9 
1766 34 0 81 0.4 98 0.9 
1827 0 0.9 35 0.7 57 0.7 
1942 15 0 20 0.7 39 0.8 61 0.3 62 0.7 65 0 79 0.5 
2101 8 0 25 1 32 0.7 36 1 58 0.5 60 0.4 77 0.7 96 1 
2135 31 0.7 42 0.5 64 0 65 0.6 69 0 86 0.7 96 0.4 
2235 7 0.7 31 0.5 76 1 
2366 2 0.4 8 0.8 10 0.5 14 1 15 0 18 0.5 20 0 21 0.6 52 0.3 61 0 
2418 5 0.6 16 0.6 25 0.5 39 0 43 0.7 49 0.9 54 0.4 83 0.8 85 0.8 98 1 
2429 1 0.8 10 0 12 0.7 16 0 19 0.7 21 0 88 0.7 92 0.5 94 1 
2430 19 1 42 0.8 48 0 56 0.3 67 0.4 84 0.5 96 0.6 
2509 11 0.3 15 0 31 0.4 52 0.7 96 1 98 1 
2549 10 0 20 0.5 23 0.5 46 0.4 61 0 63 0.6 67 0 73 0.4 75 0 85 0.3 
2557 23 0 24 0.4 33 0.7 37 0 81 0.6 93 0.5 
2901 44 0.6 52 0 
3135 33 0 91 0.9 
3290 5 0.6 9 0.3 33 0.3 51 0.3 61 0 64 0.8 85 0.7 89 0.8 
3321 21 0 37 0.8 62 0.7 65 0.5 75 0 77 0.3 
3373 48 0 61 0 
3400 6 0.6 10 0.6 54 0 92 0.8 99 0.7 
3425 3 0 
3470 13 0.7 26 0.8 35 0 50 0 52 0 70 0 78 0.7 95 0.5 
3483 27 0 93 0.8 
3578 6 0.7 10 0 15 0 34 1 40 0 61 0.9 67 0 80 0 85 0.5 86 0.8 
3800 58 0.7 
3901 8 0.3 9 0 10 0.4 22 0.3 31 1 46 0.6 50 0 61 0.7 75 0 78 1 
3987 4 0 10 0.3 12 0 40 1 46 0.3 83 0 96 0.9 
3999 17 0.7 19 0.3 27 0 48 0.8 49 0 96 0.6 
4069 1 0.7 18 0.3 24 0.5 32 0.4 52 0 82 0 92 0.4 94 0 95 0.9 98 0 
4089 48 0.6 77 1 78 0.6 91 1 
4102 6 0 15 1 18 0.7 64 1 
4124 0 0 18 0.9 20 0.6 26 0.3 51 0 63 0.6 76 0.6 78 0.8 90 0.4 
4310 1 0.8 11 0 75 0.3 93 0.7 95 0.4 
4343 10 1 22 0.8 72 0.6 76 0 88 0 96 0.6 
4416 13 0 24 0.3 32 0.9 68 1 70 1 82 0.8 90 0.9 
4434 2 0.5 3 0 53 0.9 60 0.9 63 0.6 67 0 
4439 2 0 
4491 53 0.3 
5104 10 0 22 0.9 23 0.8 43 0 65 0.7 74 0.7 90 0.7 94 0.4 
5475 30 0.7 94 0.4 
5559 0 0 57 0.4 58 0.4 81 0.4 97 0.6 
5786 5 0.4 17 0.6 18 0.7 23 0.3 31 0.4 38 0 40 0.5 57 0.6 92 0 
5787 9 0.7 
5906 36 0 46 0 65 0 73 0.9 86 0.3 
5914 2 0.9 47 0.6 52 0.7 58 0.5 61 0 
5928 5 0.3 23 0.7 32 0.7 35 1 41 0 55 0.9 70 0.8 71 0.9 
6015 0 0 7 0.6 14 0.3 49 0.4 61 1 66 0.7 72 0.5 77 0.9 98 0.8 
6152 22 0.4 23 0.4 26 0.6 36 0 60 0.7 65 1 89 1 90 0 
6299 17 0.7 43 0.5 88 0.6 
6327 10 1 14 0.4 30 0 36 0.8 39 0.4 45 0.4 81 0.4 85 1 
6388 32 0.4 42 0 59 0.9 67 0.6 
6472 10 0 31 0 34 0.7 38 0.7 76 0.6 95 0.7 98 0 99 0.6 
6525 4 0.6 12 0.4 13 0 40 0 52 0.8 72 0.7 
6595 6 0 11 1 56 0.8 
6603 5 0.9 8 0.9 11 0.4 31 0 42 0.4 54 0.9 65 0.7 74 0.9 
6607 1 0 3 0 26 0 29 0.9 72 0.5 88 0 
6657 22 1 86 0.3 
6662 21 0.5 35 0 36 0 
6691 33 0.3 81 0.5 92 0.9 95 0.4 
6697 0 0.7 8 0.7 25 1 38 0.3 58 1 92 0.9 98 1 
6713 16 0.7 18 0.7 61 0.3 70 0.8 72 0.4 86 0.5 97 1 
6734 2 0.4 8 0.4 50 0.5 53 1 54 0 92 0.7 
6842 5 0 51 0 58 0.8 76 0.5 81 0 
6938 32 0.3 45 0.7 46 0.3 70 0.4 79 0.8 81 0.5 97 0.5 
7044 3 0 4 0.9 12 0.8 14 0.3 15 0.5 22 0 26 0 39 0.5 75 0.8 78 0.7 
7054 26 0.5 39 0 43 0.3 44 0.3 51 0.3 53 0 55 0.3 61 0.3 78 0.7 91 0.8 
7115 48 0.8 58 0.3 68 0.6 84 0 87 0 
7229 31 0 35 0.6 76 0.6 98 0.5 
7315 39 0 51 0.6 64 0.5 67 0.9 76 0.4 
7550 31 0 
7955 20 1 30 0 39 0.9 81 0.9 99 0 
8115 4 0 12 1 15 0.6 19 0 20 0.6 39 0.6 44 0.4 58 0 70 0 83 0.6 
8243 20 0 44 0.5 51 0 80 0.8 97 0 98 0.5 
8730 64 0.6 68 0.3 
9041 23 0 53 1 59 0.8 86 0 
9145 33 0 38 0.7 86 0.4 
9153 7 0.9 28 0.8 44 0.4 45 0.5 47 0.7 73 0.3 81 0.4 82 0 95 0.7 
9161 22 0.4 26 0 57 0.5 69 0 77 0.5 79 0.5 86 0.3 87 0.9 90 0.8 
9339 62 0 
9568 26 0 28 0.6 
9595 37 0.4 
9735 10 0.5 24 0.9 33 0.4 62 0.9 68 0 80 0.6 87 0.7 
9774 4 0.7 5 0 9 0.3 19 0.6 26 0.7 39 0 68 0.7 81 0.9 99 1 
9930 6 0.6 12 0.8 16 0.6 40 1 43 0.3 50 0.8 52 0.6 65 0.6 80 0.3 85 0.6 
9986 1 0.5 14 0.5 46 1 55 0 77 0.8 96 0.9 99 0 
