100
181 21 0.3 30 0.5 33 0 61 0.9 79 0.5 82 1 
229 18 0.7 20 0.7 23 1 29 0.7 30 0.4 35 0.6 39 0.6 51 0.8 72 0.4 
394 6 0.8 18 1 22 0.4 30 0.7 51 1 85 0.4 88 0.6 90 0 91 0.6 93 1 
409 8 0.4 10 0.8 45 0.7 62 0.9 72 0.3 81 0.6 
549 5 0.9 9 0.7 12 0.6 16 1 61 0.8 62 0 63 0.8 80 0 87 0.6 94 0.8 
601 6 0 11 0 26 0 28 1 67 0.3 77 0 88 0.7 90 0.3 97 0.7 
668 8 0.8 33 0.6 47 1 55 0.4 79 0 89 0.8 
696 16 0.5 33 0.5 58 0.3 75 0 96 0 
879 36 0.9 95 0 
904 19 0 28 0.3 50 0.5 52 1 58 0.5 97 0.8 
971 43 0.4 94 0 97 0.8 
1119 34 0.5 35 0.6 87 0 
1156 14 1 18 0 23 0.9 47 0.3 53 1 93 0 95 0.9 
1164 5 0.8 18 1 20 0.3 24 0.8 27 0 29 0 35 0.6 41 0 72 0.4 
1269 9 0.8 10 0 14 0.8 47 0.5 50 0.6 59 0 90 0.4 
1330 24 0.5 48 0 52 0.5 60 0 62 0 
1333 27 0 
1426 0 0 9 0 23 0.3 28 0 38 0.5 46 0.8 47 0 51 1 55 0.9 61 0.5 
1500 0 0.5 23 0 26 0.9 42 0.3 58 0.5 66 0.5 68 0 77 0.7 79 0.3 
1755 3 0.4 23 0.9 37 0.9 64 0.4 75 0.5 80 0 85 0.3 88 0.9 89 0.6 98 1 
1806 0 0 16 0.7 24 0.4 39 0 55 0.8 83 0 
1900 6 0.8 15 0 29 0.6 37 0.8 47 0 62 0 72 0.5 76 0.6 79 0 89 0.5 
2041 3 0 23 1 32 0.4 63 0.9 70 1 
2090 7 0.9 8 0.7 19 0 23 0.8 29 0.4 49 0.8 82 0.3 
2127 28 0.7 31 0 33 1 36 0 40 0.4 53 0.5 54 0.7 72 0 86 0.9 
2432 1 1 19 1 21 1 24 0.6 41 0.9 44 0.5 47 0.4 49 0.4 76 0.3 98 0.7 
2453 1 0.5 27 0 
2508 21 0 23 0 76 0.8 78 0 79 0 
2528 5 0 18 0.9 65 0.3 78 1 
2687 0 0.4 27 1 34 0.8 66 0.7 
2698 2 1 9 0.9 15 0.4 34 0.5 85 0 93 0.3 
2818 13 0.3 14 0.7 93 0.7 
2832 15 0 26 0.7 34 0.6 35 0.4 51 0 56 0.3 59 0.8 75 0.4 97 0.9 99 0.6 
3049 23 0.4 24 1 32 0.7 59 1 81 0.6 83 0.4 
3145 19 0.4 32 0.6 34 0.8 36 1 72 0.5 88 0 98 0 
3169 25 0 34 0.9 47 0.8 56 0 
3320 26 0.5 
3347 27 0.8 96 0.8 
3432 9 0 20 0 31 0.6 40 0 47 0.4 
3562 3 0.3 16 0.7 20 0 36 0.7 42 0 67 0.5 73 0.7 86 0.8 92 0 
3619 0 0 19 0.4 22 0 27 0 66 0.3 75 0.3 77 0 78 0 95 0 97 0 
3735 6 0.7 13 0.8 14 0.8 34 0.7 39 0.6 58 0.7 69 0 88 0.7 
3792 18 0.5 24 0.5 79 0.5 
3840 23 0.3 27 0.9 50 0 68 0.3 72 0 80 0.4 82 0.8 95 0.3 
3901 8 0.7 9 0 10 0.3 22 0.3 31 0 46 0 50 0 61 0.5 75 0.7 78 0.8 
3941 1 0.9 
4122 0 0.7 2 0.5 25 0.9 31 0.3 43 0.5 44 1 88 0.8 
4309 16 0 28 0.4 41 0.4 47 0 54 0.5 60 0.4 
4480 6 0.7 50 0.9 61 0.3 84 0.7 
4529 38 0 42 0.3 61 0.8 92 0.6 
4608 2 1 8 1 17 0.4 37 0.5 38 0.6 53 0 65 0 74 0.3 83 0 95 0.5 
4715 3 1 21 0 28 0 50 0.5 76 0.8 
4735 41 0.4 97 0 
5102 5 0 24 0.4 32 1 41 0.7 63 0.8 86 0.7 94 0.8 
5248 15 0.5 27 0.4 41 0.5 82 0.8 
5263 1 0.9 70 0.3 91 0 98 0.9 
5308 10 0 36 0.5 46 1 51 0.7 61 0.6 
5437 20 0 
5547 9 0.9 30 0.6 71 0.5 79 0.9 
5741 7 1 26 0 29 0.4 45 0.6 49 0 58 0.5 59 0.5 68 0 
5796 36 0.6 37 0.6 43 0 45 1 72 1 79 0 82 0.4 90 0.7 95 0.6 
5933 36 0.3 50 0.4 87 0.8 89 0.5 
5984 11 0 65 0.9 69 0.5 88 0.4 
6006 54 0.3 
6118 8 0.9 88 0.8 
6167 18 0.4 29 0.9 47 0.6 51 0.7 73 0 79 0.3 
6184 1 0.8 54 0.4 99 0.3 
6276 3 0 64 0.3 
6281 32 0.6 87 0 
6324 36 0 42 0.7 72 0 81 0 94 0.4 
6537 9 0 19 0 55 0 84 0 
6561 13 0.3 48 0 54 1 81 0.5 87 0.9 94 0.9 
6624 7 0 21 0 27 0.3 45 0.8 49 0.5 66 1 77 0.6 93 0 99 0 
6675 2 0.5 72 1 
6712 1 0.5 8 0.7 9 0 11 0 17 0.6 46 0.5 58 0.8 77 0 79 1 81 0 
6840 35 0.4 
6887 1 0.6 14 0.5 50 0.3 58 0.8 80 0 92 0.9 
7064 74 0.8 
7117 2 0.4 42 0.7 60 0.7 63 0 65 0.9 68 0.8 72 0 79 0 84 0 85 0 
7434 2 0.4 84 0.7 90 0.7 96 0 
7484 25 0.3 59 0.9 68 0.9 75 0.5 80 0.5 83 1 87 0.5 
7577 4 0.9 16 0.7 17 0.3 34 0 67 0.3 73 0.9 76 0.6 94 0 
7994 42 0.6 52 0 80 0.5 85 0.8 
8006 67 0.5 71 0.4 84 0.5 88 0.8 
8083 34 0.5 
8455 89 0.7 
8474 1 0 5 0.3 16 1 22 0 25 0.9 26 0 35 0.5 45 1 92 0 
8556 55 1 60 0 80 0.5 99 1 
8585 5 0.7 18 0.6 38 0.3 45 0 47 0 76 0.7 82 0 
8974 7 0 8 0.8 19 0.3 29 1 49 0.3 53 0.5 54 1 68 0.5 82 0 94 0.6 
9075 17 0.5 
9196 91 0.5 
9303 2 0.6 7 0.5 10 0.8 15 0.8 17 0.3 25 0.9 26 0.3 39 0.3 54 1 85 0.7 
9342 11 1 80 0.4 
9542 3 0 5 0.8 20 0.5 27 0.3 45 0 58 0 87 0.3 95 0.8 
9562 75 0.8 
9795 4 0.3 11 0 19 0 26 0.4 28 0 38 0.4 72 0.7 92 0.3 
9919 9 0.8 32 0 40 0.6 46 1 76 0.7 87 0.4 
9962 18 0.7 48 1 87 0 95 0 
9993 9 0 15 1 18 1 27 0.5 34 0 37 0.5 59 0.5 70 0 99 0.3 
