100
86 45 1 50 0.3 56 0.9 57 0.4 58 0.9 78 0 
133 41 0.7 
352 4 1 16 0.6 24 1 35 0 38 0 40 0.7 41 0.7 58 0 92 0.3 
374 40 0.7 59 0 71 0.7 79 0.3 83 0 85 0.6 89 0.5 90 1 
380 40 0.3 82 0.3 
432 1 0.5 14 0 29 0.9 32 0.6 78 1 80 0.4 85 0 87 0.7 92 0.4 
520 15 1 35 0.8 50 0 
523 25 0 60 1 
580 6 0.7 16 0.9 35 0.7 37 0.8 55 0.6 67 0.9 89 0.7 93 0.6 
581 36 0.4 40 0.8 56 0.5 62 1 65 0 
717 5 0.9 17 0.9 41 0.3 53 0.8 57 0.3 81 0.3 82 0.7 
736 23 0.8 71 0.3 99 0.6 
748 17 0 19 0.7 52 0.7 58 0.9 74 1 84 1 93 0 97 0.6 99 0.8 
818 3 0.4 8 0.9 15 0.9 25 0.3 36 0 65 0 74 0.6 77 0.9 96 0.8 
945 9 0 32 0 33 0.9 
986 5 0.7 14 0.5 27 0.9 37 0.8 53 0.8 66 1 83 0.4 84 0.3 
1469 20 0.5 22 0.5 96 1 97 1 
1613 31 1 
1643 12 0.7 13 0 19 0.9 23 0.5 47 0.4 76 0.4 95 0.7 99 0.4 
1680 15 0.8 18 0.9 43 0.7 44 0.7 58 0.4 
1786 10 0 15 0 21 0.7 
1849 1 0.9 7 0 21 0.9 34 0.5 35 0.8 57 0.9 71 0.6 72 0 74 0.8 82 0 
1906 40 0 50 1 54 0.5 56 0 69 0.4 85 0.7 98 0.4 
1989 31 0 46 0.5 50 0.7 
2089 48 0.6 75 0.3 97 0 
2253 19 0.9 25 0 26 0 44 0.6 48 0.3 51 0.3 
2405 47 0.6 
2463 14 1 16 0.3 34 0.4 41 0.8 47 0.8 53 0.4 67 0.4 68 0 
2466 21 0.9 28 0.3 38 0 46 0 56 0.8 69 0.3 78 0.6 84 0.5 
2668 23 0.6 25 0.8 31 0.7 41 0 42 0 44 0.8 59 0.8 69 0 
2687 0 0.7 27 0.3 34 0.7 66 0 
2717 47 0.8 56 0.9 58 0.5 66 0.7 
2947 1 0 10 0.5 15 0.9 
2996 35 0 76 0.8 87 0 93 0.8 
3061 32 0.4 48 0.8 56 0 60 0.5 87 0.9 91 0 94 0.8 
3116 20 0.6 28 0.3 32 0.8 54 0.9 65 0.3 80 0.3 82 0.3 88 0 94 0 98 0.8 
3140 21 0.7 78 0.7 90 0 
3176 17 1 59 0.7 
3342 95 0.7 
3468 1 0 70 0 73 0 
3849 5 0.8 16 0.4 21 1 28 1 50 0 65 0.7 
4238 2 0.6 14 1 23 0.6 37 0.8 40 0.5 55 0 62 0 71 0.9 
4355 7 0.5 32 0.5 47 1 49 0 55 0.6 70 0.8 75 0.5 86 0.9 
4452 98 0.6 
4458 36 0.9 40 0.6 52 0 64 0.5 
4534 3 0.7 5 0.7 6 0 22 0 50 0.4 76 0.7 85 0.5 94 0.9 97 0 98 0.4 
4597 17 0 21 0.9 22 0 49 0.8 63 0.5 
4642 5 0 36 1 42 1 52 0 55 0.7 68 1 76 0.5 89 0.6 94 0.7 
4844 6 0.8 31 0.4 53 0.4 57 1 84 0.6 85 0 
4874 36 0 41 0 65 0.8 66 1 71 0 
4983 83 0 
4986 16 0.9 30 0.3 46 0 55 1 95 0.7 
5016 26 0.3 44 0.5 72 0.5 85 0.9 94 0.7 
5189 19 0.9 30 0 58 0 
5194 4 0.6 8 0 65 0 82 0.5 86 0.4 
5387 48 0.3 62 0.6 66 0.9 92 0.8 
5579 13 0 21 0.7 49 0.4 51 0.5 64 0.7 65 0 
5623 20 0 47 0.4 91 0 
5765 2 1 11 0.8 49 0.6 
5944 6 0 16 0 64 0.3 68 0.5 83 0 
5972 44 0 87 0.4 91 0 
6026 25 0.5 
6033 6 0 48 0.7 66 0.3 89 0 
6051 39 0.4 50 0.5 53 0 65 1 68 0.7 95 0.9 
6187 3 0.7 37 0.7 40 0.6 53 0.7 69 0.8 75 0.7 90 0.6 91 0.6 
6212 19 0.9 62 0.9 91 0 
6257 30 1 42 0.7 53 1 71 0 72 0 85 0.6 96 0.3 
6303 9 0 10 0 17 0 52 0.8 
6403 24 0.9 26 1 29 1 32 0.5 76 1 
6421 20 0.5 40 0.7 71 0.6 74 0.6 
6423 62 0 68 0.3 
6532 6 0.6 38 0.8 62 0.3 69 0.3 70 0.7 71 0 76 0.8 80 0.6 84 0.4 
6628 12 1 41 1 49 0 90 0 92 0.3 
6767 20 0.5 24 0 27 0.8 36 0 49 1 
6862 19 0.4 46 0.6 75 0.5 90 0.4 94 0.5 
7036 14 0.7 97 0.4 
7157 45 0.3 95 0 
7193 76 1 77 0.8 98 0 
7276 89 0.6 
7597 15 0.6 19 0.8 25 0.6 57 0.8 73 0 
7626 1 1 6 0 58 0 59 0.9 69 1 
7696 0 0.5 9 0.8 52 0 76 0.7 81 0 
7842 1 0.3 
7917 20 0 21 0.7 26 0.8 33 1 43 0.4 57 0.3 62 1 72 0.7 90 0.8 
7973 26 0.9 27 0.3 36 0.7 37 0 83 0.3 
8006 67 1 71 0.4 84 0.5 88 0.8 
8010 9 1 32 0.8 54 0.7 72 0.5 
8097 7 0.4 13 0.3 18 0.4 22 0.4 24 0 54 0.6 77 0 79 0 
8268 3 0.4 15 1 43 0 51 0.7 77 0.4 89 0.4 
8338 14 0.3 34 0.6 51 0 55 0.5 63 0 90 0.5 
8491 7 0.9 17 0.4 27 0 48 0.4 72 0.7 87 0.9 88 0 99 1 
8550 7 0.4 17 0 23 0.7 36 0.4 55 0.4 60 0 73 0.6 74 0.8 92 0.6 
8588 0 0.5 2 1 5 1 10 0.5 55 0.4 86 0 88 0.5 92 0 99 0.7 
8689 0 1 9 0.3 43 0.5 44 0.7 52 0.9 62 0 73 0 78 0 93 0 97 0.3 
8891 46 0 80 0.7 
9158 1 0.7 10 0 16 0 18 0.7 39 0 56 0.3 59 0.6 77 0 85 0.5 
9268 5 1 54 0.4 80 0.9 99 0.7 
9469 16 0.6 25 0 56 0 
9758 3 0 6 0.3 7 0.9 30 0.4 37 0.7 44 0 49 1 51 0.9 76 0.5 
9952 6 0.8 19 0 28 0.9 30 0.8 43 0.8 61 0.9 79 1 
