100
187 52 0.3 61 1 76 1 98 0 
277 3 1 17 0.7 20 0.8 44 1 49 1 67 0.4 84 0.4 92 0 
362 2 0.8 22 0.3 32 0.8 93 0.6 
386 5 0.5 17 0.7 55 0.6 68 0.6 76 0.4 78 0.8 88 0.8 
445 5 1 32 0.9 45 0.3 63 0.6 74 0.5 76 1 97 0.8 
649 0 0.9 4 0 13 0.8 25 0.7 38 0 46 0 69 0.6 70 1 74 0.7 
760 44 0.5 63 0.9 
791 3 0.4 8 0.5 66 0 86 0.4 88 0 
825 54 0.6 80 0.9 97 0.4 
867 9 0.9 17 0.4 33 0.8 40 0.9 51 0.6 68 0.9 78 0 79 0.4 86 0.3 
892 31 0.6 42 0.5 51 0 82 0.4 95 0.7 99 0.9 
940 40 0.3 90 0.6 94 0 
1008 4 0 79 0.3 84 0 
1055 21 0.3 45 1 
1060 0 0 16 0.8 17 0.8 21 0 24 0.4 49 0 54 0.3 98 1 
1139 6 0.7 23 0.9 36 0.4 87 1 88 0 
1194 2 0.5 15 0.9 41 0.7 98 0.7 
1287 16 0.8 
1306 23 0.3 33 0.3 48 0 55 0.5 57 1 74 0.8 81 0 94 0.8 
1326 34 0.4 36 0.4 61 1 67 0.6 74 0.8 77 0 78 0.8 82 0.7 84 0.7 
1329 2 0.9 14 0.8 15 0 36 0.3 48 0.7 77 0.3 
1379 10 0.3 20 1 46 0.6 67 0.7 93 0.9 98 0 99 1 
1420 12 1 
1697 17 0 43 0.5 58 0 
1708 45 0.3 52 1 73 0.6 
1777 1 0.9 39 1 60 1 82 0.7 94 0.8 
1790 26 0.9 40 0 53 1 64 0.3 
1855 12 0.7 16 0.9 63 1 68 0 79 0.5 
1900 6 0.6 15 0.8 29 0 37 0.8 47 0.8 62 0 72 0.9 76 0.3 79 0.4 89 0.9 
2047 8 0 31 0.5 44 0.3 55 0.6 77 0.7 
2282 51 0.5 
2647 14 0.9 23 0.9 59 0 68 1 
2695 11 0.3 15 1 22 0.3 58 0.7 63 0.5 76 0.3 89 0.6 97 0.9 
2792 8 0.5 
2954 9 0 51 0 59 0.5 
3084 6 0.9 12 0.4 31 1 39 0.9 86 0.4 88 0.5 
3257 10 0.7 26 0 54 0.5 65 1 
3332 12 0.4 
3405 8 0.3 15 0 42 0.6 48 0.9 71 0.4 91 0 93 0 95 1 
3590 5 0.9 31 0.9 66 0 77 0.6 90 1 96 0 
3611 2 0 7 0 
3621 33 1 42 0.6 47 0.5 62 0.9 75 0.7 
3659 94 0.9 
3760 23 1 64 0 95 0 
4062 1 0.9 4 0.9 16 0.9 33 0 58 1 59 1 92 0.7 99 0.4 
4272 1 0.6 7 0.6 16 0.9 31 0 57 0.8 77 0 95 0 
4321 19 0.6 33 0 67 0.8 73 0 
4386 2 0 3 0.5 15 0 65 0.8 75 1 83 0.5 84 0.3 
4458 36 0.8 40 0.9 52 0.9 64 0.3 
4471 3 0.5 47 1 50 0.3 52 1 64 0 
4921 20 0 82 0.6 
5016 26 0 44 1 72 0 85 0.7 94 0 
5139 2 0.4 16 0.3 85 0 94 0.7 99 0.3 
5290 62 0.7 79 1 98 0.3 
5299 20 0.9 61 0.9 
5355 84 0.6 
5365 7 0.4 28 0.3 30 0.7 31 0.5 59 1 77 0.5 92 1 93 0 96 0.8 
5379 43 1 68 0 74 0.9 83 0 
5434 15 1 37 0.5 44 0.3 86 0.7 89 0.7 93 0.3 
5501 8 0.6 31 0.9 48 0.6 65 0 72 0.6 81 0.8 82 0 85 0 92 0 98 0.5 
5515 9 0.5 15 0.4 17 0 25 1 49 0 74 0.9 77 0 78 0 
5603 19 0.7 36 0.7 44 0.8 91 0 
5927 11 0 29 0 85 0.7 
5941 5 0.7 25 0.9 68 0.9 69 0 77 0 
6040 21 0.4 31 0 36 0.5 47 0.4 54 0.5 57 0.9 67 0.4 68 1 83 0.4 
6100 2 0.9 9 0 37 0.4 45 1 50 0 56 0.4 60 0 90 1 
6259 6 0.3 20 0.9 21 0.8 22 0 41 0.9 56 0.5 78 0.3 92 1 
6292 13 0.3 24 1 33 0 64 0.8 92 0 
6299 17 0 43 0 88 0.6 
6990 13 0.3 17 0.7 24 0.7 32 1 41 0.6 42 1 49 0.5 62 0.4 65 0.4 91 0.3 
7262 42 0 43 1 44 0.5 
7385 1 0 13 0.6 29 0.9 45 0.7 61 0.4 98 1 
7406 39 0.4 41 0 45 0.8 56 0.9 58 0 64 0.3 71 0.3 78 0.6 96 1 
7440 1 0 
7500 3 0.7 
7512 16 1 17 0 56 0 88 0.7 93 0 
7627 26 1 49 0 53 0 59 0.3 61 0 77 0 97 0.5 
7809 5 0 15 0 50 0.8 70 0.3 
7870 3 0 28 1 91 0.4 96 0 
7875 19 0 20 0 48 0.5 79 0 81 0.6 94 0 
7902 10 0.4 17 0 33 0.7 47 0 62 0.9 77 0.7 87 0 91 0.5 
7945 27 1 41 1 54 0.4 68 0.7 69 0.8 73 0.3 75 0 85 0.5 93 0.5 
8052 35 0.5 
8103 97 0 
8291 80 0.6 85 0.3 
8312 26 0.6 44 0.6 48 0 72 0.6 91 0.4 
8463 20 1 37 0 46 0 57 0.6 73 0.9 77 0 98 0 
8683 7 0 60 0 85 0 92 0 
8908 35 0.9 40 0.8 47 0 66 0.3 82 1 97 0.8 
8928 14 0 
8973 24 0.5 59 0.6 64 0.8 73 0.5 79 0.3 98 0 
9005 20 1 29 0 40 0.5 65 0.8 89 0.4 95 0.3 98 0.5 
9149 2 0.6 4 0 7 0.9 10 0 29 0.6 44 0 45 0 77 0.6 95 0.5 
9159 11 0.9 
9488 11 0.7 14 0 31 0.5 32 0.8 34 0 46 0.5 47 0.8 81 0.4 83 0 
9708 8 1 15 0.5 22 0.7 46 0.7 66 0.6 69 0.5 71 0.6 80 0.4 91 0.3 
9836 5 1 20 0 40 0 54 0 61 0 63 0.6 76 0 90 1 
9878 4 0.3 8 0.5 15 0 16 0.4 25 0.6 37 0 54 0 95 0.4 
9907 1 0 3 0.4 39 0.8 72 0.9 
9998 48 0.7 49 0.4 
