100
106 4 0 6 0.5 10 0.3 19 0.5 32 0.4 35 0.9 56 0.9 65 0 69 0.7 71 0 
222 11 0 21 1 31 0.8 60 0.3 70 0 78 1 81 0 85 0.7 
235 3 0.6 14 0.8 22 0.5 26 0.6 51 0.3 53 0.8 62 0.6 63 0.8 73 0.3 78 0.9 
267 5 1 23 0.9 37 1 48 0.9 50 0.3 64 0 69 0 76 0.5 99 1 
271 8 0.8 29 0.8 35 0.7 41 0.4 69 0.5 72 0.7 
338 15 0.4 22 0.8 34 0.8 47 0.9 48 0.5 68 0.7 78 0.8 
365 51 0 68 0.9 91 0.7 
375 74 0.5 
649 0 0.5 4 0.5 13 0.3 25 0.8 38 0.3 46 0.6 69 0 70 0.9 74 0.8 
705 11 0 36 0.9 37 0.5 46 1 65 1 
744 8 1 9 1 13 0.5 31 1 66 0.8 73 0.4 78 0.8 79 0.7 82 1 
773 20 0.8 51 0.7 78 0.3 91 0.9 
827 32 0.6 87 1 88 0 89 0.4 94 0 
948 5 0 8 0.3 22 0.5 23 0.9 27 0 87 0.4 89 1 96 0.6 
998 10 0.7 23 0.6 38 0 62 0 63 1 86 1 
1019 1 0.8 5 0 23 1 26 0 36 0.4 41 0.8 74 0 
1046 2 0.7 37 0 69 1 90 0.8 99 0.7 
1146 18 0.6 43 0.3 55 0.7 81 0.5 
1530 13 0.9 21 0 38 0.9 40 1 49 0.3 55 0 82 0 84 0.6 89 1 95 0.8 
1586 12 0.8 15 0.4 18 0.7 24 0.5 50 0.3 87 0 88 0.4 
1880 6 1 45 0.5 98 1 
1901 22 1 39 1 57 0 
1989 31 0 46 0.8 50 0 
2178 6 0.7 22 0 47 0.3 66 0.6 73 1 78 0.3 
2500 30 0.9 67 0.3 
2538 41 0.5 47 1 72 1 94 0.3 
2744 16 0.9 
2802 57 0 72 0.6 78 0 84 0.9 
2949 90 1 94 0.3 96 0.4 
3109 8 0.7 9 0.5 31 0.4 52 0.7 80 0.6 88 0.6 95 0.5 
3120 4 0 13 0 14 0 16 0.8 17 0 63 0 93 0.7 95 0.9 
3231 17 0 19 0 54 0 55 0.7 77 1 89 0 97 0.5 
3282 27 0 38 0 66 0.5 90 0 97 0.7 98 0.9 
3320 26 0.6 
3359 6 0.7 23 0.9 63 0.3 77 0 
3365 12 0.6 19 1 26 0.6 71 0.3 79 0.9 80 0.8 
3496 1 0.3 12 0.9 28 1 74 0.4 89 0 93 0.4 
3519 5 0 14 0 36 1 
3565 11 0 
3577 52 0.5 68 0.5 78 0.5 
3750 59 0.9 
3764 9 0.3 13 1 25 0.6 34 1 64 0.4 74 0.8 75 0.4 76 0.7 77 0.8 
4091 11 0 20 0 34 0.9 38 0.4 48 0.8 67 0 82 1 
4132 0 0.8 5 1 26 1 28 0.6 31 0.8 32 0 34 0.9 41 0.9 60 0.3 62 1 
4147 13 1 45 0 47 0 49 0.5 51 0.3 56 0 58 0.6 59 0.3 75 0.8 97 0 
4238 2 0 14 0.9 23 0 37 0.5 40 0.5 55 0 62 0.6 71 0.6 
4292 2 0.5 13 0.3 17 0.9 53 0 57 0 74 0 99 0.5 
4546 67 1 86 0 
4633 21 0.9 28 0.7 36 0.4 38 0.6 39 0.5 41 0.9 46 0.8 53 1 58 0 
4739 22 0.5 26 0.6 27 0.7 43 0.9 44 0.4 46 0.4 65 0 75 0.7 99 0.6 
4838 10 0.3 15 0 27 0 39 0.3 44 0.3 60 0.6 
4899 2 0.3 21 0.8 22 0.6 28 0.7 29 0.8 69 1 86 0.6 89 0.7 99 1 
4987 23 0.6 25 0 83 0.3 
5046 42 0.9 
5123 12 0 36 0 38 0.9 51 0 59 0.9 71 0.5 75 1 96 0 
5132 58 0.9 
5262 32 0.6 93 0.7 
5278 10 0.3 22 0 43 0 52 0.8 54 0 83 0.4 
5323 3 0.5 31 0.4 40 0.5 43 0 51 0.8 65 0.4 73 0.9 76 1 99 0.9 
5501 8 0 31 0.3 48 0.6 65 0.7 72 0.5 81 0 82 0.4 85 0.5 92 0.9 98 0.6 
5552 11 1 30 0.4 55 0.8 61 0.4 70 0 76 0 78 0 90 0.9 
5639 20 0.6 29 0 30 0.6 66 0 72 0.9 
5735 9 1 23 0.5 32 1 36 0 52 0.5 93 1 
6106 5 0.9 6 0 8 0 11 0 16 0 22 1 74 0.9 91 0.4 
6240 78 1 
6254 2 0.9 37 0 39 0.9 51 0.8 53 0.7 77 1 88 0.4 97 0.3 
6420 64 0.5 
6462 8 0 21 0.5 47 0.8 67 0.7 85 0.9 
6475 1 0.7 16 0 24 0.3 73 0.4 75 0.5 88 0.3 91 0.6 94 0.6 95 0 97 0.5 
6705 21 0.9 89 0.6 92 0 93 0.8 
6774 8 0 9 0.9 18 1 40 0.4 49 1 54 0.5 61 0.5 83 0.8 91 0.4 
6805 15 0.5 39 1 45 0 56 0 
6867 43 0.6 83 0.8 
7037 36 0.9 62 0.9 75 0 77 0.3 81 0 
7264 3 0 11 0.5 23 1 55 1 69 0 80 0.5 87 0.6 99 0 
7268 0 0.9 6 0 9 0.8 12 1 35 1 38 0 60 0.3 73 0 80 0.9 92 0.6 
7270 1 0.7 7 0 21 0.5 41 0.5 61 0.6 65 0.8 74 0.3 94 0.5 
7297 7 0.7 68 1 71 1 92 0 95 0.4 
7302 36 0.8 40 0.4 49 0.8 60 0.4 
7375 10 0.9 93 0.7 
7385 1 0.9 13 0 29 0.8 45 0.7 61 0.7 98 0.5 
7622 45 0.5 
7709 36 0.5 
7844 18 1 40 0.7 57 0.8 61 0.5 72 0.3 84 0.3 95 0 
7888 21 0.6 32 0.8 33 0.7 51 0.7 
7898 35 0 53 0.5 59 0.8 66 0 72 0 79 0.8 87 0 89 0.9 96 0.9 98 0.7 
7970 4 0.3 9 0.3 33 0.8 65 0.8 70 0 76 1 83 0.8 89 0.8 91 0 92 0.9 
7999 3 0.7 8 0.3 14 0 20 1 31 0.6 69 0.4 82 0.8 
8105 97 0.5 
8186 32 0.5 59 0.6 
8671 4 0 55 0 57 0.4 79 0.3 
8721 5 0 22 0.4 38 0.5 61 0.6 68 0 80 1 90 0 91 0 96 0 
8872 65 0.7 
8970 31 0.6 63 0.5 70 0.8 82 0.7 88 0 
9069 12 1 31 0.6 64 0.3 
9197 4 0 13 0.7 36 0 46 0.5 53 0.4 66 0.6 67 0 83 0.9 84 0.3 93 0.4 
9313 0 0 9 0.7 19 0.4 48 0.3 63 0 67 1 74 0.8 99 1 
9511 2 0.9 20 0.9 89 0.5 97 0.5 
9567 8 0.4 
9642 10 0.5 93 1 
