100
59 18 0.8 20 0 47 0.4 53 0.3 56 0.8 64 0.6 81 0.5 86 0 96 0.7 99 1 
223 30 1 
270 71 0.5 
299 29 0 35 0.4 36 0.6 83 1 
300 2 0 46 1 63 0.7 65 0.3 72 0.3 
440 1 0 7 0.5 8 0 17 0.7 35 0.7 39 1 55 0 72 0 73 1 77 0.8 
453 15 0.7 64 0.3 87 0 99 0.9 
526 0 1 11 0.3 18 1 32 0.6 50 0.4 54 0 74 0 92 1 93 0.9 96 0.8 
529 70 0 86 0.9 
604 5 0 17 1 41 1 42 1 48 0.6 49 0.3 50 0.8 58 0 66 1 88 1 
665 10 0.4 14 0.6 27 0 44 1 46 0.9 51 0.5 57 0.3 75 0.9 
694 17 0.7 35 1 51 0.7 69 0.5 78 0.8 83 0.3 86 0 87 1 
709 8 1 95 0.3 
732 1 0.7 22 0.5 26 0 38 0 40 0.3 72 0.7 84 0.4 92 0 98 0.3 
735 46 0 83 0.9 98 0.6 
967 9 0.5 17 0 23 0.9 32 0 41 0.7 46 0.7 
1018 11 0.3 15 0.3 31 0.4 52 0.9 68 0.9 80 0.9 81 0.9 88 0.3 90 0.5 91 0.9 
1089 2 1 6 0.3 23 0.5 26 1 42 0 78 1 85 0.8 87 0 95 0 
1126 17 0.6 20 0.3 
1138 6 0.4 18 0.3 29 0.4 
1149 23 0.3 44 0.9 
1283 0 0.5 6 0 52 1 55 0.3 63 0.7 96 0.8 
1304 12 0.3 61 0.3 65 0.5 66 0.5 
1490 2 0 24 0 45 0.6 49 0.8 52 0.4 56 0 74 0.6 88 0.9 94 0.5 
1504 58 0.9 60 0 81 0.7 94 0 
1526 80 0 90 0.8 97 0.7 
1567 1 0.5 23 0.6 30 0 64 0.9 70 0.7 81 0.9 90 0.4 97 0.4 
1580 5 0.7 8 0.9 22 0 28 0.9 52 0 60 0.5 71 0.3 90 0.4 
1680 15 0.9 18 0.4 43 0 44 0.3 58 0.6 
1711 57 0.7 
2198 5 0.9 45 0.7 
2363 4 1 13 1 18 1 47 0 50 0 59 0.9 74 1 78 0.4 84 0.3 96 0.6 
2391 7 0.6 
2464 7 0 
2752 14 0.7 33 0.3 40 0.8 61 0 63 0 66 0 
2919 3 0 21 0.5 22 1 47 0.5 73 0.8 
2987 16 0 36 0 48 0 85 0.4 89 0.3 93 0.7 
2998 9 0 11 0.6 13 0.8 62 0 86 0.9 91 0.4 
3139 5 0.4 34 0.4 40 0 58 0 75 0.8 
3179 45 0 
3297 51 0.8 67 0 72 0.3 
3347 27 0.9 96 0.5 
3373 48 1 61 0.7 
3394 9 0.5 27 0.6 35 0.9 47 0.4 63 0.5 66 1 69 0.6 72 1 
3419 17 0 50 0.9 68 0.8 
3436 73 0 81 0 82 0 
3480 5 0 
3486 2 0.3 16 0.6 49 1 53 0.6 67 0 70 1 90 0.3 96 0.7 99 0.6 
3627 2 0.7 22 1 33 0.5 39 0.4 41 0.5 52 1 63 0.6 66 0.4 80 0.7 84 0.3 
3635 0 1 5 0.9 14 0.8 20 0.3 21 0 37 0 63 0 77 0.3 90 0 97 0 
3726 66 0 
4002 8 0 9 0.6 78 0.5 
4053 17 0 18 0.9 40 0 47 0 50 0.9 63 0.9 69 0 93 0 
4078 28 1 32 0 57 0 96 0 
4131 39 0.8 54 0.9 
4196 4 0.8 23 0 26 0.4 65 0.5 82 0.5 85 0.3 88 0.7 93 1 94 0.4 
4248 10 0 20 0.4 26 1 65 0.6 92 0 97 0.7 
4252 17 0.5 26 0 28 0 38 0.4 39 0.5 42 0.4 79 0.6 
4303 40 0.8 
4415 20 0.8 45 0.6 77 0 80 0.8 89 0.8 92 0.8 
4634 5 0 18 0 24 0 25 0 30 0 55 0.7 67 0.8 85 0.4 95 0.3 
5165 11 0.7 18 0.8 27 0.7 29 0.9 37 0.9 72 0 82 0 
5173 16 0.9 63 0 
5493 1 1 40 1 98 0.9 
5702 10 0.7 11 0 34 0 72 0.5 95 1 
5739 33 0.6 49 0.7 58 0.3 62 0.8 72 0.5 
5976 15 0.6 69 0.4 72 0.3 75 1 86 0.7 
6037 8 0.5 12 0.9 53 1 72 0.4 73 0.8 74 0 76 0 
6144 30 1 36 0.7 41 0.4 90 0.9 99 0.8 
6194 18 0 19 0.9 32 0 36 0 37 0.8 42 0.6 47 0.4 66 0.8 74 0.3 94 0.7 
6284 0 0.5 26 0.6 32 0.6 67 0.4 87 0.6 
6399 14 0.3 43 0.4 50 0 91 0.8 99 0 
6867 43 0.9 83 0.3 
6891 25 0.6 39 0.4 45 0.9 47 0.7 56 0.4 82 0 
7004 25 0.4 93 0 
7172 47 0.4 48 0.5 80 0.7 
7263 2 0 21 0 25 0 29 0.4 47 0.4 66 0.4 76 0.6 98 0 
7314 2 0.9 9 1 35 0.6 57 0.6 92 0.3 95 0.4 
7644 15 0.3 61 0.4 
7730 4 0 8 0 41 0.6 
7733 9 0 10 0.8 18 0.3 25 0.4 32 0 33 0.4 39 0.6 79 0.6 86 0.3 87 0.3 
7914 4 0.4 26 0 29 0.7 40 0.3 47 0.3 56 1 61 0.6 67 0 
8068 13 0.3 18 0.3 21 0.3 39 0.9 45 1 57 0 58 0.7 65 0.7 78 0.7 
8164 5 0.9 11 0 12 0 50 0.7 64 0 69 0.7 72 0 
8453 0 1 1 0.9 9 0 21 0.7 45 1 47 0 59 0.8 82 0.9 
8529 8 0.9 23 0.5 46 0 48 0 85 0.5 88 0.7 
8546 11 0.9 12 0.5 34 0.8 46 0.5 48 0.5 64 0 70 0.4 79 0 84 0.6 85 0.6 
8562 12 0.6 25 0.4 26 0.3 58 0 59 0.6 75 0 79 0 
8856 1 0.6 4 0.9 21 0.5 23 1 25 0.4 56 0 62 0.3 67 0 68 0.3 84 0.9 
8898 27 0.6 
8936 7 0.3 19 0.7 26 1 29 0.9 47 0.5 55 0 70 1 82 0 
8940 19 0 20 0.4 33 0 46 1 48 0.9 55 0.5 60 0.6 77 0.3 79 0.5 86 0.6 
9023 3 1 10 0 12 0 18 0.6 44 0.9 48 0.3 87 0.7 88 0.6 93 0.9 
9058 6 0.8 16 0.8 19 1 36 0.3 50 0.3 57 0.5 59 1 67 0.7 99 1 
9441 14 0 
9529 15 0.4 27 0 42 0.6 44 0 58 0.7 59 0.8 61 0.6 68 0.4 
9769 12 0 40 0.5 44 0.9 52 0.6 56 0.9 76 0.7 96 0.4 
9840 2 0.7 3 0.5 21 0.9 34 0.8 62 0.7 66 0.9 70 0.7 74 0.8 78 0.6 93 0.9 
9969 89 0 
9980 19 0 27 0 28 0.5 29 0.7 32 0 48 0 57 0.8 61 1 64 0.8 95 0.9 
