100
66 27 0.4 32 0 55 0 81 0.4 
67 43 0.5 92 1 
84 11 0 
236 82 0.8 
395 33 0.9 40 0 47 0.7 58 0 66 0.6 67 0.7 99 0.8 
412 8 0.4 10 0.9 34 1 38 0 44 0 45 0.7 50 1 66 0.9 90 0.6 98 0.6 
435 84 0 90 0 
523 25 0 60 0.8 
558 1 0.4 19 0 28 0.3 30 0 32 0 36 0.9 40 0.5 95 0 
604 5 0.8 17 0 41 0.4 42 0 48 0.3 49 1 50 0.7 58 0.5 66 0.3 88 0.8 
655 0 0.8 2 0.5 4 0.9 28 0.6 40 0.4 44 1 81 0 89 0.3 
870 65 0 87 0.5 
894 2 0.4 6 0.6 14 0.3 59 0.6 66 0 73 0.9 97 0.4 99 0.6 
956 39 0.3 58 1 79 0.4 96 0 
968 6 0.6 10 1 30 0.7 
1057 16 0 33 0.3 35 0.8 37 0 40 0 49 0 50 0 59 0.4 76 0 99 0.8 
1060 0 0.7 16 0.4 17 0 21 1 24 0.7 49 0.8 54 0 98 0 
1160 51 0.3 62 0.4 69 0.9 96 0 
1239 20 0 26 0.8 40 0 74 0 95 0.3 
1279 25 1 51 0 74 0.3 84 1 87 0.5 94 0.7 97 0.6 
1428 31 0 39 1 54 0.9 57 0.3 74 0 75 1 77 0.9 81 0.3 
1447 20 0 25 0.6 45 0.3 49 0.9 76 0 83 0.6 94 0.3 95 0 96 0.8 
1460 15 0.9 23 0.3 63 0 64 0.3 65 0.7 77 0.6 79 0.4 86 1 90 0 
1480 2 0.8 31 0 56 0 71 0 73 1 79 0.5 
1520 78 0.8 81 0.9 84 0.7 85 0.6 91 0.8 
1557 3 0 30 0.7 61 0 75 0.7 83 0 86 0.5 92 1 96 0 
1746 2 0 11 0.7 15 0 22 1 23 0 36 0.3 45 0 87 0.6 89 0.7 93 0 
1817 16 0.8 17 0.9 25 0 45 0.9 52 0.8 77 0 90 0.9 
1824 47 0 65 0.4 92 0 94 0.5 96 0 
1908 15 0.5 20 0.9 27 0.5 43 0.6 44 0 45 0.3 53 0.8 76 0.3 79 1 
1963 66 0.4 77 0.9 91 0.6 94 0 
1979 2 0.7 40 0 52 0.3 57 0.6 62 0.6 86 0.7 88 0.4 99 0 
2088 6 0.4 12 0.9 21 0 28 0.9 31 1 44 0.9 61 0.3 73 1 
2103 21 0 23 0.8 34 0 36 1 40 0.9 99 0.5 
2332 66 0.5 85 0.5 
2383 6 1 23 0.7 33 0 38 0 43 1 77 1 81 0.9 89 0.4 90 0.5 
2391 7 0.3 
2492 2 0.6 3 0.7 16 0 49 0 53 0.7 58 0.5 70 0 88 0.3 95 0 99 0.7 
2512 40 0.6 60 0.3 70 0.5 
2678 75 0.7 
2926 31 1 34 0 40 0 66 0.6 68 0.9 
3156 8 1 11 0.3 31 0.9 33 0.5 
3182 16 0.5 62 0 76 0.4 93 0.8 
3249 16 0.9 23 0.8 48 0.9 70 0.5 90 0 96 0.8 
3411 12 0.3 26 0.4 38 0.4 47 0.7 55 1 69 1 84 0.8 88 0.3 
3480 5 0.7 
3500 20 0.9 77 0.8 92 0.8 
3527 18 0 
3816 0 0 5 0.3 20 0.6 44 0.7 69 1 78 0.4 95 0 96 0.5 
3834 8 0 12 0.9 21 1 43 0 49 0 51 0.3 55 0 94 0.9 
3837 25 0.9 46 0.5 60 1 74 0 88 0.6 89 0.7 
3848 16 0 43 0.7 48 1 62 0 71 0.5 85 0 94 0.8 
3858 28 0 70 1 76 0.6 87 0.9 
3880 0 0.3 33 0 56 1 60 0.5 85 0.3 93 0 95 0.7 
4055 33 0 51 1 60 1 90 0.7 
4175 0 0.7 8 0.4 23 0 25 0.9 49 0 71 0 73 0.5 76 1 85 0 87 0 
4282 31 0.3 42 0.8 83 0 
4317 19 0 26 0 32 0.9 46 0.5 56 0.7 63 0 65 0.6 82 0.3 90 0.6 
4368 72 0.7 78 0.7 
4385 42 0 68 0.7 
4528 13 0 22 0.5 36 0.3 43 0 44 1 51 0.3 52 0 65 0.6 97 0 98 0 
4583 38 0.7 
4819 22 0.3 48 0.8 52 0.6 64 0.6 
5239 2 0.3 4 0.6 7 0.9 52 1 62 0.6 73 0.9 86 0.5 96 0.3 99 1 
5769 84 0 
5866 2 0 65 0 66 0.8 
5876 7 0 12 1 14 0.6 51 1 62 0 84 0.6 95 0 
5919 83 0.6 
6029 20 0.7 81 0.4 96 0.5 
6103 26 0.7 33 0.9 42 0.3 75 0.8 85 0.8 91 1 93 0.5 
6110 32 0 60 0.5 
6172 11 0.8 27 0 71 0 75 0.9 
6201 8 1 27 1 
6298 5 0.9 36 1 57 0 84 0.5 96 0.8 
6337 9 0 26 0.6 32 0.5 36 0 43 0.7 66 0 70 0.3 81 1 99 0 
6412 27 0 64 1 92 0 
6534 0 0.7 39 0.5 51 0 52 0 70 0.8 71 0 80 0.5 92 0.7 
6793 1 0.9 17 0.8 29 0.3 39 0.7 41 0.5 42 0 71 0 89 0 
7198 14 0 26 0.3 30 0.8 53 0.6 75 0 80 1 89 0.3 99 0.6 
7303 29 0.9 
7570 4 0.8 23 0.3 26 0.8 27 0.3 39 0.5 
7592 5 0.3 27 0 31 0 56 0.5 57 0 58 0 66 0.3 82 0.7 89 0.9 95 0.8 
7728 22 0 24 0 65 0.9 67 0.5 
7771 2 0.5 3 0.4 17 0.8 18 0.8 19 1 25 0 30 0 36 0.3 56 0.3 87 0 
7926 23 0 31 0.8 38 1 39 0.9 53 0 74 0 
8149 47 0 78 1 97 0.4 
8195 6 0.4 15 0.9 31 0.9 38 0.5 67 0 73 0.3 85 0.5 89 0.8 90 0 95 0 
8278 9 0.8 33 0.7 37 0 48 1 55 0.6 59 0 98 0.4 
8293 19 0.4 29 0 40 0 61 0.7 
8388 16 1 21 0.9 27 0.3 41 0 51 0.5 54 0 67 0.9 
8602 22 0.9 36 1 74 0.8 79 0 81 0.8 
8691 1 0 49 0.3 51 0.7 60 0.3 65 0.7 79 0 89 0.9 
8918 2 0 6 0.6 10 0 17 0.4 19 0.8 40 0.9 64 0.7 79 0.3 89 0.3 91 1 
9073 2 0 15 0.3 43 0.9 45 0.5 62 0 66 0.9 68 0.9 76 0.7 93 0 99 0 
9406 24 0.8 28 1 53 0.7 67 0.4 80 0 81 0 85 0.8 95 0 96 0 
9471 46 1 56 0 69 0.4 86 1 
9615 21 1 38 0.9 86 0 
9769 12 0.6 40 0.9 44 0.4 52 0.7 56 0 76 0 96 1 
9853 16 0.9 18 0 56 0.7 
9940 48 0.9 67 0.3 71 0.8 77 0.9 82 0 89 0.9 
