100
75 5 0 10 0 11 0.7 17 0 26 0.7 42 1 72 1 
542 9 0 18 0.9 33 1 36 0.9 39 0 47 1 65 0 71 0.6 75 0 91 0 
545 7 0.8 37 0.8 45 0.3 62 0 63 0.3 75 0 86 0.9 
672 24 0 57 0.3 64 0.3 
728 7 0.8 42 0.6 
750 6 0.9 28 0 40 0.4 64 0.4 90 0 94 0 
756 17 0.7 27 0 50 0.6 68 0 
787 13 0 35 0 37 0.9 94 0 95 0 
840 44 0.3 49 0.3 
990 18 0.9 28 0 39 0 45 0.8 77 0.5 88 0.4 
1000 24 0.5 
1008 4 0.3 79 0.8 84 0.4 
1036 70 0 71 0.4 
1053 10 0 
1217 12 0.3 24 0.7 63 0.8 
1328 2 0.8 7 0 13 0.6 36 0.8 38 0 40 0 55 0.4 63 0.3 71 0 91 0 
1335 28 0.4 46 0.6 47 0.8 76 0 
1338 18 0 55 0.7 
1347 6 0.3 13 0 19 1 65 0.9 69 0 77 0 82 0.8 84 0.3 86 0.8 90 0 
1469 20 0.5 22 0 96 0.3 97 0.9 
1555 72 0.8 
1595 69 0 80 0.6 
1658 45 0.8 58 0.9 74 1 85 0.9 90 0.7 95 0.6 99 0.6 
1660 8 0.4 11 0.6 23 0.3 25 0.4 40 0 50 0 57 0.9 58 0.4 60 0.8 84 1 
1705 12 0 55 0 
1870 14 0.4 44 0.3 96 0 
1964 32 0.6 33 0.3 39 0.7 70 0.9 75 0.6 81 0.9 84 0.8 
1999 61 0.4 
2019 6 0.8 11 0.7 22 0.5 37 0 39 1 49 0 58 1 87 0.7 91 0.9 96 0.5 
2022 93 0.3 
2028 8 0.8 27 0.4 28 0.3 41 0.4 66 0.6 69 0.5 87 0.3 
2045 1 0.8 6 1 20 0.4 22 0 46 0 49 0.6 56 0.9 61 0.8 98 0.7 
2267 29 0.6 51 0 
2417 7 0.5 18 0.6 30 0.4 43 0 62 0.8 88 0 
2733 3 0.7 54 0.6 79 0.8 81 0.8 82 0.8 88 0.8 
2750 93 1 
2785 85 0.4 87 0.5 93 0.5 
2889 34 0 52 0 
2990 36 0.4 99 0.4 
2999 78 0 
3132 5 1 16 0.6 40 0.5 74 0 91 1 
3283 46 0 78 0.6 
3603 17 0.7 20 0.3 35 0 47 0.7 49 0.9 80 0.6 87 0.5 
3627 2 0 22 0 33 0.3 39 0 41 0.6 52 0 63 0.6 66 0.8 80 1 84 0.7 
3653 0 0.5 17 0 21 1 24 0.7 38 0.4 92 0.7 93 0.3 96 0.8 
3654 0 0.4 8 0 25 0.6 29 0.7 38 1 44 0.7 
3764 9 0.7 13 0.6 25 0.9 34 0 64 0.8 74 0 75 1 76 0 77 0.7 
3793 3 0 19 0.5 39 0.9 66 0.9 73 0.7 88 0.8 96 0.9 
3919 12 0 14 1 15 0 23 0.5 36 0.5 54 0.5 93 0.8 94 0 97 0.8 
4000 34 0.7 51 0.6 
4087 6 1 30 0.9 32 0.6 35 0.4 42 0.4 44 0 48 0.9 77 0 89 0 97 1 
4170 14 0 15 0.4 27 0 58 0.7 
4332 4 1 24 0 25 0.4 45 0 69 0.8 80 0.4 95 0.9 
4345 3 0.5 38 1 
4363 29 0 34 0 51 0.7 87 0.3 88 0 
4412 26 0.3 83 0 
4419 36 0 
4548 30 0.6 71 0 99 0.5 
4627 4 0.3 15 0.8 43 0 48 0.3 77 0.3 81 0.4 82 0.4 91 0.6 
4714 7 0.6 25 0 31 0.7 37 0 38 0.7 42 0.4 46 0 50 0 81 0 92 0.6 
4723 7 0.7 10 0.8 11 0.4 36 0.3 38 1 44 0.6 58 0.4 
4804 28 0.9 36 1 44 0 64 1 73 0.6 99 0.9 
4923 14 0 51 1 
5085 13 0 18 0.9 28 0.7 29 0.8 49 0 52 0.3 54 0.4 58 0.8 
5186 40 0.5 
5269 71 0.5 
5339 33 0.6 84 0.3 
5375 86 0 
5439 31 0.3 41 0 90 0.3 
5522 15 0 41 0 53 1 59 0 60 0 64 0.3 90 0 
5656 0 0.5 8 0.4 15 0 50 0.7 51 0.7 67 0.7 69 0 73 0.6 
5704 10 0.5 47 0.6 
5920 1 0.3 19 0.3 23 0.5 42 0.8 45 0 49 1 82 0.9 88 0 
5966 10 0.3 24 0.9 33 0.8 42 0.8 43 0 63 1 73 0 80 0.8 82 0.5 97 0.4 
5999 10 0.8 47 0.4 60 0.9 80 0 
6287 97 0.7 
6296 18 0.6 29 0.8 30 0.4 42 0.8 52 0.5 89 0 98 0 
6298 5 0.5 36 0.9 57 0.5 84 0.4 96 0.8 
6345 0 0.9 23 0 32 0 34 0.7 46 0.3 58 0 66 0.6 
6480 24 0.9 52 0.5 56 0.5 71 0.7 
6610 78 0 
6776 24 0 28 0 48 0 53 0.9 87 0.9 89 0 
6905 5 0.8 16 1 
6908 9 0.9 30 0.9 57 0 
7082 6 0 
7746 10 0.8 65 0.9 71 0.8 
7755 10 0.4 13 0 14 0 16 0 41 0 73 0.7 84 0.7 92 0 
7958 2 0.7 20 0.4 47 0.8 58 0 63 0.9 74 1 92 0 98 1 
8002 4 0 9 0.5 16 1 21 0.9 39 0 71 0.5 80 0.7 83 0.4 
8143 7 0.9 18 0.8 33 0.3 34 0.9 56 0.4 58 0 80 0.4 
8257 2 0.8 3 0 22 0.4 56 0 65 0 66 0.6 70 0 79 0 
8570 3 0.7 35 0 39 0 78 0.5 89 0 91 0 94 0.9 
9082 15 0.3 18 0 28 0 33 0 40 1 48 0.9 65 0.5 79 0.4 84 0.9 87 0 
9234 7 0.9 28 0 46 0 50 0.9 52 0.3 66 0.6 69 0.5 75 0.6 85 0.6 
9332 2 0.5 7 0 11 0.9 14 0 18 0.3 42 0.6 54 0.8 67 1 89 0.7 99 0.7 
9364 11 1 32 0 37 0 79 0.3 80 1 81 0 82 0.3 83 0.6 90 0.5 96 0.5 
9472 12 0.3 27 0.4 38 0.5 40 0.8 43 0.6 71 0 
9599 2 0 3 0.9 50 0.6 54 0.4 85 0.4 
9648 39 0 47 0.5 64 0.8 
9885 29 0.6 36 0.6 
