100
107 0 0.8 15 0.4 33 0.6 42 0.6 70 0 79 0 80 0.8 91 0.5 
236 82 0 
272 1 0.6 20 0.7 24 0.7 45 0.9 48 0.9 70 0 79 0.4 93 0.5 94 0.3 
387 27 0.6 33 0.3 38 0 49 0.9 65 0 87 0 
426 30 0 34 0.6 35 0.4 46 0 71 0 72 0.4 79 0.8 80 0 90 0.9 
565 12 0 23 0 25 0.3 38 0.9 55 0.8 56 0.7 58 0.6 65 0 76 0 92 1 
589 1 0.6 18 0.9 28 0.4 30 0.9 35 0.7 44 1 49 0 97 0 
715 16 0.5 20 1 30 0.6 41 0 58 0.7 61 0.9 70 0.5 77 0.5 81 0.9 
801 4 0.5 5 0 18 0 37 0.9 63 0.3 66 0.5 72 0 
818 3 1 8 0 15 0 25 0.9 36 0.6 65 0.5 74 0 77 0 96 0.6 
823 94 0.3 
844 41 0.6 99 0.3 
985 28 0.6 44 0.5 55 0.9 
1378 26 1 38 0.5 47 1 48 0 59 0 60 0.7 96 0 
1453 5 1 88 0 
1545 13 0 69 0 93 0.8 
1589 6 0.6 11 0.6 20 0.5 35 0 39 0.9 88 1 89 0.4 99 0.9 
1683 17 0 88 0 
1827 0 1 35 0.4 57 1 
1874 23 0 34 0 42 0.9 47 0 51 1 61 0 62 0.5 89 1 99 0 
1990 1 0.5 9 0 16 0 23 0 38 0.5 41 0.7 48 0.6 82 1 84 0 92 0.5 
2259 5 0 17 0 28 0 34 0 36 0.6 64 0.3 86 0.5 94 0 
2439 57 0.9 97 0.4 
2530 5 0.4 23 0.6 32 0.7 33 0.3 36 0.4 44 0.6 56 0.5 59 0.5 63 0.9 82 0.9 
2562 37 0.7 
2572 1 1 2 0 26 0.7 52 0.9 
2709 33 0.5 43 0.3 45 0 93 0.8 
2921 46 0.8 53 1 66 0 73 0.4 93 0.7 
2967 47 0.9 
2981 2 0 10 0.3 33 0.6 63 0 
3025 25 0 38 0.5 80 0.4 
3088 37 0.5 58 0.6 88 0.3 
3256 1 0.4 44 0.4 
3346 3 1 15 0 47 0 48 0.5 75 0.4 95 0.8 
3426 1 0 28 1 32 1 33 0.4 35 0 64 1 67 0.7 70 0.7 92 0.4 
3427 19 0 55 0 62 0 64 0 69 1 90 0 93 0 
3583 0 0 7 0 24 0.7 46 0 58 0.3 91 0.4 
3709 5 0.8 16 0.9 40 0.3 54 0.5 55 1 71 0 90 0.7 
3801 1 0.5 32 0.9 44 0.8 81 0.6 91 0.7 
3881 0 0.3 5 0.8 30 0.5 43 1 64 0.3 76 0.3 97 0.8 98 1 
3927 4 0.9 12 0.9 34 0 58 0.6 64 0.9 70 0.3 85 0.3 86 0 91 0.9 
3998 47 0.9 51 0.3 52 0 64 0.7 65 0 69 0 71 0.5 75 0.6 86 0.3 87 0.3 
4015 51 0.7 84 0.3 
4076 7 0.4 9 0.3 19 0.9 22 0 29 0.8 37 0 63 0 87 0.4 88 0.5 
4183 7 0.9 41 0.9 63 1 77 0.6 83 0.6 96 0.3 
4192 7 0.5 22 0.8 23 0.9 38 0.3 40 0.9 51 1 55 0.9 71 0 
4202 0 0 3 0 10 0.9 22 0 40 0.3 62 1 
4223 7 1 25 0.4 33 0 36 1 40 0.6 66 0.7 93 0 
4291 24 0 
4350 99 0.6 
4421 8 0.7 37 0.5 47 0 53 0.7 58 0.5 60 0 62 0.4 65 0 92 0.9 98 0.9 
4446 4 0.5 33 0.7 47 0 53 0.6 58 0 74 0.3 77 0 84 0.7 85 0.6 
4455 34 0.5 40 0 56 0.8 68 0 94 0 
4459 4 0.9 19 0.9 44 0 61 0.6 
4549 2 0 29 0.8 62 1 
4643 1 0.7 6 0.8 14 0.7 20 0.3 23 0.5 53 0.3 66 0.6 
4814 25 0.4 38 0 41 0 43 0.7 46 0.4 55 0.3 56 1 77 0.8 78 0 
4901 3 0.5 16 0 31 0.8 82 0.6 
5233 2 0.3 24 0 42 0.5 60 0.4 64 0.9 91 0.6 95 1 96 0 
5283 14 0.7 67 0 88 0 
5293 39 0.9 
5420 63 0.5 65 0.8 80 0 
5433 11 0.7 17 0.5 57 0 58 0 60 0.7 61 0.5 
5558 0 0.3 25 0 30 0.7 38 0.9 39 1 56 0 63 0 71 0.6 
5813 62 0.9 
5832 2 0.4 6 0.7 24 0.6 34 0 35 0.6 41 0 47 0.8 54 0.4 
5842 2 0.7 3 0.9 27 0.4 29 0.5 95 0.3 99 0.8 
5856 13 0.5 45 0.5 47 0.3 79 1 85 0 99 0.6 
6019 19 0.3 22 0 40 0.6 51 0.9 59 0 68 0 87 0 
6585 5 0.7 
6602 14 0.4 47 0 63 0.8 71 0 76 0.9 81 0.9 
6757 95 0.8 99 0.8 
6856 31 0 33 0 39 0 47 0.3 70 1 73 0 74 0 83 0.8 86 0.4 
6997 76 0.3 83 0 85 1 
7003 22 0.6 38 1 43 0.5 57 0.3 71 0.9 75 1 78 0.5 90 0 
7196 37 0.4 47 0.4 73 0.5 84 0.6 86 0.5 
7452 27 0.3 34 0.5 46 0 48 0 49 0.8 50 0.3 59 0.3 68 0 72 0 
7470 5 0.9 12 0.4 28 0.6 39 0.8 42 0.9 67 0.8 73 0.9 74 0.3 80 0.3 81 0 
7514 14 0 20 0.5 54 0.6 61 0 70 0.9 71 0.8 73 0.9 74 0.4 76 0.3 77 0.5 
7519 2 0.9 3 0 25 1 29 1 54 1 
7630 8 0.7 15 0.7 36 0 67 0.8 
7647 10 0.7 97 0.4 
7713 21 0 35 0 75 0.3 86 0.3 
7909 23 1 33 1 36 0 62 0.6 72 0 
8065 79 0.4 
8105 97 0.3 
8374 66 0.6 85 0.3 93 0.7 
8500 9 0.3 11 0.7 58 0.9 59 1 60 0 62 0.5 93 0.5 
8529 8 0.7 23 0.9 46 0.7 48 0.8 85 0.9 88 0.5 
8551 5 0.4 16 0.8 32 1 35 0.7 80 0.4 94 1 98 0.5 
8663 2 0.5 7 0 9 1 12 0.3 22 0.6 24 0.7 40 0.9 43 0.4 82 0 85 0 
8677 6 1 37 0.9 61 0 65 0.4 70 0.8 71 0.5 
8728 7 0 99 0.9 
8973 24 0.9 59 0 64 0.7 73 0.5 79 0 98 0.7 
9105 13 0.3 16 0.5 37 0 43 0.6 48 0.6 54 0.7 68 0.3 84 0 96 0.9 
9162 1 0.7 9 1 17 0 22 0.7 64 1 70 0.7 
9374 14 0 67 0.7 
9387 14 0.9 48 0 62 0.7 
9704 5 0.9 10 0.7 20 0.8 32 0 54 0.3 67 0.9 68 0.5 90 0 
9947 29 0.8 33 0 68 0 87 0.3 
