100
3 6 0 19 0.5 63 0 67 0.8 81 0.8 96 0.8 
8 11 0.5 29 0.3 41 0 78 0.7 88 0 
109 10 0.5 17 0.5 54 0.4 65 0.3 68 0 75 0.4 76 1 84 0.7 
155 85 0.8 95 0 
287 12 0 18 0 25 0 37 0.3 45 0.5 52 0.5 53 0.7 66 0.6 73 0.4 98 0.9 
300 2 0.9 46 0.3 63 0.3 65 0 72 0.4 
332 74 0.3 
486 51 0 54 1 
524 0 0 
639 21 0 83 0.8 97 0.7 
728 7 0.5 42 0 
739 0 1 40 0.8 42 0.8 48 0.9 53 0.8 66 0.6 70 0.4 73 0.4 99 1 
762 43 0 75 0.6 99 0.8 
769 61 0.9 98 0.5 
956 39 0 58 0.9 79 0.9 96 0 
1018 11 0.4 15 0 31 0.7 52 0 68 0.9 80 0.6 81 0.5 88 1 90 0.7 91 0 
1025 44 0.8 72 0.3 86 0 92 0.6 
1054 69 0 78 0.3 
1079 4 0.5 15 0.8 22 0.7 33 0.5 59 1 94 0.9 
1086 10 0.9 21 0.3 24 0 31 0 34 0 38 0.9 41 0.3 57 0.4 71 0.8 79 1 
1328 2 0 7 0.8 13 0 36 0.6 38 0.6 40 0 55 0 63 0.5 71 0 91 0.6 
1375 5 1 46 0.9 82 0 98 0 
1383 10 0.5 67 1 94 1 99 0.5 
1385 33 0 93 0.8 
1457 7 0.9 44 0.5 45 0 54 1 56 0.4 91 0 92 0.3 97 0 
1539 39 0.9 50 0.8 59 1 
1630 26 0.4 41 0.8 58 0.4 66 0.5 
1672 21 1 45 0.3 48 0.4 52 0.3 55 0 60 0 64 0.4 74 0.8 88 0.7 99 0.8 
1681 11 0.6 18 0 35 1 72 1 80 0 83 0 84 1 98 0.5 
1721 13 0 62 0.5 96 0 
1978 17 0 21 0.9 33 0.4 38 0.4 40 1 46 0 59 0.9 62 0.8 88 0.4 91 0 
2029 0 0.6 8 0.6 21 0.9 26 0 38 0.6 45 0.4 65 0.7 94 0 
2193 22 0.7 83 0 
2336 1 1 4 0.5 6 1 18 1 40 0.8 50 0.5 71 0 78 0.6 88 0 92 0.5 
2408 5 0.9 11 0.8 13 0 26 0.4 31 0.4 45 1 53 0.7 61 0.9 82 0.6 90 0.8 
2637 0 1 29 0.8 38 0.6 40 0 46 0.9 50 0 56 0.5 75 1 77 0 
2721 3 1 42 0.3 64 0.8 77 0.9 87 0.3 91 0 96 0.5 
2741 86 0.9 
2747 62 0 
2850 0 0 79 0 
3025 25 0.5 38 0.5 80 0 
3308 12 0.8 
3339 0 0.7 1 0 38 0.5 45 0.7 59 0.8 70 0 89 0.8 
3459 28 0.4 
3505 0 0.9 6 0.7 8 0 10 0.4 21 1 37 0.4 57 0.8 71 1 83 0.4 86 0 
3533 5 0.5 33 0.7 90 0 95 0.5 
3628 11 0.6 34 0.8 40 0 43 0.8 53 0 63 0 77 1 81 0 82 0.9 97 0.4 
3823 14 0 17 0 19 0.9 29 0.8 68 0 90 0.7 
3882 1 0.6 19 0.4 66 0.6 96 0.9 
3970 46 0.9 53 0.4 
4199 0 0.3 3 0 78 0 90 0.6 
4573 10 0.3 19 0.3 20 0.8 30 1 44 0.9 57 1 58 0 68 0.8 92 0 93 0.5 
4709 36 0 
4741 31 0.5 44 0 56 0.5 
4756 4 0.6 18 0.7 20 0.5 31 0.6 32 0 34 0.9 38 0.3 61 0 89 0.9 97 0.3 
4805 30 0 33 0.3 51 0.6 57 0.6 86 0.3 
4877 33 1 65 0 67 0.4 81 0 92 0.3 
4888 11 0.3 52 0.7 57 0 61 0.7 69 0.4 71 0 72 1 90 0.4 
5346 7 0.7 11 0.5 31 0.6 60 1 
5520 6 0 27 0.7 33 0.9 42 0.6 59 0 65 0.4 89 0.8 
5555 16 1 20 0 30 0.4 39 0.5 58 1 63 0 64 0 67 0.7 96 0 
5681 82 0 
5772 3 1 15 1 38 0.7 87 1 89 0.9 
5898 9 0 35 0.3 44 0.4 47 1 64 0.9 65 0.3 
5994 17 1 18 0.4 24 0.7 25 0.8 27 1 33 0.6 99 0.8 
6046 13 0 52 0 58 0.6 97 0.8 
6299 17 0 43 0 88 0.7 
6515 33 0.5 58 0.8 84 0 
6673 39 0 40 0.4 86 0.3 
7033 23 0 24 0 34 0.5 41 0.9 71 0.8 83 0.8 
7047 28 0.8 34 0 58 0.5 67 0.4 81 0 85 0.3 89 0.9 91 0.9 
7191 15 0.9 16 0.8 53 0 69 1 73 0.6 82 0.5 84 0.3 89 0 98 0.3 
7376 28 0.3 
7378 12 0.8 28 0.9 30 0 35 0.7 51 0 78 0 82 0.3 84 0.6 94 0 
7508 1 0 2 0 7 0.4 10 0 13 0.8 53 0.5 64 0.7 75 0.6 
7527 0 0.7 2 0 27 0 58 0.5 78 0.6 85 0 87 0.5 88 0.4 
7657 6 0.6 42 0.8 43 0.3 45 0.4 53 0.8 57 0.6 60 0 67 0 84 0 
7691 3 0.4 6 0.5 14 0.9 36 0.6 75 0.8 
7832 32 0.7 58 0.4 84 0.3 
7988 20 1 
8376 4 1 7 0.9 17 0.8 27 0.5 28 0 30 1 61 0.7 82 0 
8429 8 0.8 20 0.8 62 0.7 96 0.6 
8432 52 0.6 
8447 5 1 11 0.3 19 0.4 42 1 48 0.3 91 1 
8465 20 0 34 0.6 40 0 71 0 97 0.3 98 0 
8483 40 0.7 41 0.7 58 0.4 95 0.4 96 0 
8642 4 0 16 0.8 18 0.9 23 0.7 27 0.5 50 0.3 62 1 63 1 90 0 97 0 
8667 4 1 49 0 55 0 65 1 83 0.4 
8701 10 0.7 21 0 37 0.7 82 0 89 0 
8739 19 0.3 
9195 0 1 7 1 9 0.8 10 0.9 
9291 4 0.6 50 0.3 55 0.8 77 0 82 0 
9299 35 0.7 93 0.8 99 0.5 
9351 5 0 6 0.6 16 1 26 0 28 0.6 33 0 61 0 70 0.7 71 0 91 0.4 
9497 17 1 33 0.8 51 1 74 0.8 83 0 97 1 
9521 27 0 59 0.7 72 0.4 75 0 79 0.3 89 0.3 91 0.4 92 0.6 97 0.8 98 0.9 
9630 1 0.8 18 0.6 33 0.5 65 1 69 0.9 86 0 
9648 39 0.9 47 0.4 64 0 
9701 22 0 32 0.9 39 0.4 73 0.8 
9872 28 0.3 39 0.9 60 0 61 0.7 
