100
91 14 1 57 0.5 90 0 
141 53 0.8 64 1 83 0 
181 21 0.4 30 0.5 33 0.8 61 0 79 0.9 82 0.6 
247 9 0.9 45 1 73 0 88 0 93 0.3 96 0 
460 26 0 35 0.4 53 0.4 67 0 70 0 93 0.9 98 0.9 
591 4 0.6 24 0 66 0.9 78 0 
636 10 0 35 0.8 42 0 52 0.9 66 0.5 71 0.5 90 0.9 94 0.7 
703 58 0 
781 9 0 61 0.6 63 0 77 0.8 81 0.3 86 0.9 89 0.6 96 0 99 0.4 
783 44 0.3 47 0.9 
928 40 0.4 76 0.7 
1152 66 0.6 67 1 68 0.5 89 0.8 91 0.5 
1418 8 0.4 19 0 22 0.8 38 0.6 65 0 72 0.7 80 0 88 0.4 98 0.4 
1448 0 0 23 0.4 45 0.5 46 0 51 0.4 79 0.4 95 0.8 
1456 2 0 31 0.7 37 1 
1469 20 0.3 22 0.5 96 0 97 0.4 
1522 20 1 27 1 31 0.7 33 0.4 50 0.4 58 0.6 69 0 
1617 30 0.3 31 0.5 59 0.5 61 0.8 67 0.4 68 0.6 85 1 
2002 20 0.5 28 0.5 38 0 63 0 73 0.5 86 0 
2029 0 0.7 8 0.9 21 0.8 26 0.3 38 0 45 1 65 0.8 94 0.6 
2030 2 0.5 12 0 16 0.9 28 0.6 
2074 3 0.5 8 0 21 0.6 28 0.9 29 0.8 36 0.6 59 0.4 74 1 83 0.4 
2181 14 0 24 0.5 36 0.8 45 0.6 72 0.3 92 0 97 0.9 
2283 0 0.9 2 0 27 0 38 0.8 62 0.8 
2367 8 1 13 0.4 25 0 39 0.8 43 0.4 49 0.4 62 0.8 68 0.5 74 0.8 94 0 
2405 47 0 
2447 6 0.4 13 0.4 26 0 27 0 38 0.9 47 0.6 64 0.4 
2453 1 0.5 27 0 
2516 1 0 70 0.9 84 0 90 0 
2550 43 0.8 
2568 5 0.9 25 1 39 0 42 0.9 46 0 51 0.3 68 0 71 0.8 81 0 84 0.6 
2691 2 0.8 14 0.4 24 0.3 34 0.9 69 0 70 0 78 0.6 80 0.8 82 0 93 0.7 
2692 42 0.6 66 0 
2727 15 0.8 23 0.3 44 0.5 49 0 51 1 55 1 71 0 72 0 79 0 
2759 63 0.7 72 1 
2805 2 0.9 6 0.6 46 1 51 0.5 53 0 82 0.7 93 0.5 97 0.4 
2807 10 0.9 22 0.7 51 0.7 70 0.6 74 1 88 0.5 89 0.9 92 0.3 94 0.5 
2870 63 0.8 69 0.8 90 0.9 95 0.5 
2922 97 0 
2929 54 0.9 83 0 95 0.6 
2934 8 0 29 0.6 32 0.6 46 0.4 51 0 72 0.4 
3043 1 0.3 2 0 8 1 60 0.7 70 0.6 94 0.8 
3077 6 0.3 
3141 13 0 18 0 19 0.6 66 0.9 86 1 99 0.5 
3244 9 0 27 0.7 45 0.3 79 0.9 87 1 90 0.7 
3417 13 0.9 
3444 36 0.4 40 1 55 1 73 0.6 77 0 80 0 96 0.8 
3485 29 0 33 0.3 39 0.9 62 0.5 71 0 72 0 81 0 99 0 
3652 33 0.3 48 0.9 99 0.8 
3815 4 0.5 9 0 19 0 20 0 46 0.7 64 0.4 86 0 
3816 0 0 5 1 20 0.8 44 0 69 0 78 0 95 1 96 0 
3845 33 0.5 34 0 42 1 50 0 82 0 84 0.4 
4064 29 0 49 0 54 0.3 59 0.9 67 1 91 0.8 97 0.7 
4086 9 0 10 1 17 1 36 0.9 79 0.6 
4513 2 1 24 0.3 38 0 43 0.8 44 1 60 0 72 0.3 78 0.5 
4584 5 0.6 8 0 46 0.4 47 0.9 61 1 67 0 71 0.6 84 0.8 95 0.6 
4643 1 0.3 6 0 14 0.5 20 0.6 23 0 53 0.3 66 0.7 
4778 11 0.8 42 0 53 0.4 59 0.8 64 0 82 0 88 0 97 0.5 
4853 25 0.8 51 0 90 0.4 
4897 0 1 26 0.3 53 0.3 63 0 70 0 82 0.7 89 0.3 90 0 
4919 47 0 64 0.4 66 0.9 87 0 
5224 10 0 
5237 3 0.4 7 1 12 0.4 13 0 15 0 34 0.4 50 0.8 52 0.8 60 0.4 
5249 97 0.6 
5255 2 0.5 5 0.4 22 0 51 0.8 80 0 90 0.3 92 0 
5273 5 0.9 38 0.8 41 0.9 48 1 65 0 72 0 92 0.7 
5478 10 0 20 0.8 43 0 57 0 69 0.3 77 0.5 93 0.7 
5485 18 0.5 22 0.8 23 0.3 62 0 80 0.9 88 0 95 0.9 
5739 33 0 49 0.8 58 1 62 0.4 72 0 
5771 18 0 28 1 38 0.4 57 0.3 58 0 70 0.7 72 0.9 84 0 87 0.4 92 0.9 
5920 1 0 19 0.6 23 0.5 42 0.6 45 0.5 49 1 82 0.8 88 0.8 
6081 5 0.9 8 0.9 16 0 18 0.8 19 1 21 0.8 25 0.9 39 0.3 49 0.6 59 0 
6089 15 1 33 0.6 41 0.5 54 0 56 0.4 73 0.6 79 0.6 96 0 
6140 1 0 17 0.6 33 0 37 0 42 0.6 44 0 54 0 71 0.8 
6454 92 0.8 
6533 4 1 5 0 60 0.5 80 0.9 
6559 5 0.3 22 1 32 0 40 0.9 47 0 49 0 58 0.3 67 0.8 68 0.7 71 0.7 
6810 14 0 75 0.9 
7016 54 1 74 0 84 0 
7168 2 0.4 7 0.6 17 0.5 39 0.5 68 0.5 85 0 
7257 3 0.6 23 0.8 51 0.5 52 0.9 97 0.6 
7326 19 0 20 0.6 30 0.9 32 0.5 33 0 51 0.6 55 0.4 78 0 97 0.5 99 0.7 
7649 12 0.8 16 0.9 26 0.4 35 0 40 0 78 0.3 80 0 84 0 
7830 36 0.7 
8056 6 0.9 12 0.7 29 1 46 0.9 62 0 73 0 85 0.7 87 0 89 0 
8169 34 0.3 97 0 
8226 41 0.9 53 0 
8549 0 1 2 0.5 14 0.8 16 1 27 0.4 51 0.8 67 0 72 0.3 83 1 
8622 0 0.7 11 0.4 14 0 21 0.8 51 0.8 85 0.6 92 0 95 0 
8670 10 0.3 19 0.9 36 0.7 44 0 53 0.4 62 0.6 97 0.4 
8695 9 0 19 0 21 1 26 0 38 0.9 53 1 56 0.8 68 0.9 81 0.5 85 1 
8726 29 0 51 0.8 87 0.9 
8879 7 0.9 12 0 22 0.4 38 0.3 44 0.5 46 0.5 47 0.5 66 1 75 0.5 85 0 
9135 26 0.8 59 1 
9150 6 0 9 0.5 43 0.6 44 0.7 46 0.6 82 0.4 88 0 97 0.8 98 0 99 0 
9231 14 0.3 23 0.7 30 0 35 0.5 39 0 56 0.9 63 0.6 64 1 68 0 90 0 
9329 5 0.6 15 0 25 0.8 50 1 55 0 77 0.4 83 0.9 85 0.5 86 1 95 0 
9468 40 0.9 50 0.9 70 0.7 75 1 91 0.4 
9615 21 0.9 38 0 86 0.8 
9791 28 1 
