100
198 0 0 5 0.8 23 0.3 37 0.5 52 0 56 0 80 0.9 82 0.5 89 0 93 0.9 
325 0 0 7 0 48 1 68 0.5 75 0.6 
358 28 0.3 29 0.8 40 0.8 70 0.3 82 0.9 
423 24 0.4 25 1 
566 50 0 61 0 76 0.9 80 1 83 0.9 
583 30 0.6 81 0.5 
638 6 0.4 27 0.8 52 0 54 0.3 81 0.5 84 0.9 
682 19 0 81 0 87 0.8 91 0.9 
744 8 0.7 9 0.4 13 0.5 31 0.4 66 0.7 73 0.8 78 0.4 79 0 82 0 
747 8 0.6 30 0.9 48 0.4 65 0.9 83 0.4 84 1 87 0 
778 4 0.5 28 0 34 0.7 37 0 47 0 58 0.6 60 0.6 75 0.6 88 0 
802 0 0.4 8 0.6 45 0.4 54 0.4 74 0.5 90 1 
1012 6 0.3 14 0.7 23 0.3 31 0.6 62 0.9 65 0.9 77 0 82 0 93 0 
1072 19 0.8 26 0.4 42 0.8 51 0.6 68 0.3 71 0 72 0.4 79 0.6 
1088 10 0.6 37 0 45 0.9 47 0 52 0.5 54 0.6 61 0 65 0 69 1 78 0.9 
1096 7 0.6 22 0.6 42 0.8 92 0.7 
1166 5 0.4 13 0.4 17 0.9 20 0 25 0.5 45 0.3 49 0 59 0.4 84 0 
1270 32 0.6 37 0.4 55 0.6 86 0.7 96 0.7 
1304 12 0 61 0.3 65 1 66 0.6 
1307 29 0 97 0.7 
1369 10 0.9 41 0.8 45 1 49 1 78 0.7 79 0.4 87 0.7 88 0.9 
1504 58 0 60 0 81 0.5 94 0.5 
1748 1 0 11 0 12 0 30 0.3 50 0.8 51 0.7 67 0.5 76 0.4 84 0.5 88 0.6 
1820 3 0.9 6 0 8 0.6 27 0.5 33 0.8 34 0.7 92 0.6 93 0.9 97 0.4 99 0.4 
1833 44 0.6 46 0 92 0.3 
1885 27 0.6 45 0.6 84 0.7 91 0.5 
2176 17 0.8 31 0 45 0 69 0 72 1 88 0 92 0 
2302 0 0 25 0 34 0 43 0.4 64 0.4 80 0 88 0 
2319 23 1 85 1 87 0.9 
2689 15 0.3 31 0.3 49 0.3 63 0.7 66 0.4 78 0 80 1 89 1 91 0.9 
2840 28 0 40 0 47 0.5 56 0 
2941 14 0 19 0.3 41 1 48 0.4 61 0 
2984 14 0.4 61 0 63 0.3 90 0.3 
3132 5 0 16 0.9 40 0.9 74 0 91 0.4 
3160 32 0 48 0.3 58 0.4 65 0.4 
3204 11 0.3 20 0.3 25 0.9 34 0.4 56 1 65 0.6 66 0 91 0.6 95 1 98 0.7 
3478 3 0.3 5 0 16 0.4 39 0 47 0 48 0.5 57 0 60 0.6 66 0.7 78 0.9 
3519 5 0.8 14 0 36 1 
3608 23 1 31 0.4 36 0.8 48 1 74 0.3 96 0.8 98 0.5 
3672 81 0.7 82 0.3 91 0 92 0.5 
3766 1 0 11 0.7 39 1 42 0.9 49 0 59 0 83 0.6 89 0.5 97 0 
3803 2 0.8 7 0.5 67 0 71 0.6 73 0.7 80 0.9 84 0 85 0.6 94 0.7 97 0.5 
3831 21 0 97 0.4 
3896 18 0 75 0.3 
4031 68 0.7 
4061 7 0.3 30 0.5 31 0.9 82 0.4 89 0 95 1 
4172 45 0 84 0 
4221 10 0.7 63 0.9 82 0.4 
4325 56 0.7 57 0.7 61 0.5 76 0.6 
4498 24 0.9 40 0.8 
4545 52 0.6 60 0.9 93 0.4 96 0.3 
4739 22 0.3 26 0 27 0.5 43 1 44 1 46 0.5 65 0 75 0.8 99 0.9 
4880 7 0.6 10 0 22 1 23 0.4 24 0.9 32 0 50 0.8 73 0.6 80 0.4 99 0.4 
4886 4 1 40 0.6 94 0.5 
5025 21 0.3 35 0.4 39 0 69 0 78 0.5 79 0.7 
5057 41 0 
5069 5 0.8 6 0 16 1 23 1 34 0.4 44 0.9 58 0.7 70 0.8 89 0 95 1 
5133 7 0 13 0 36 0.6 39 0.8 62 0.8 87 0.8 88 0.9 90 0.3 92 1 93 0.7 
5186 40 0.3 
5286 7 0 10 0 15 0.3 25 0.8 47 0.8 80 0.4 
5451 3 0 17 0.3 47 0.6 67 0.5 73 1 85 0.7 
5759 1 0.9 4 0 37 0.9 45 0.9 47 0.4 69 0 85 0.3 92 0.7 
5879 37 0 45 0.4 70 0.7 82 0.8 95 0 
5900 9 0.6 17 0.9 18 0.4 22 0.9 25 0.7 28 1 31 0.7 55 0.8 79 0.6 86 0.9 
5903 53 0.5 56 0.7 59 0.6 67 0.9 72 0.6 77 0 93 0.4 94 0 
6017 23 0.8 29 0 63 1 70 0.7 86 0.5 87 0.6 96 0.9 
6182 3 0.5 5 0 24 0.7 54 0 
6378 4 0.5 
6401 50 1 70 0 82 0.7 
6518 34 0 86 0.9 
6559 5 0.9 22 0.5 32 0.9 40 0.3 47 0.6 49 1 58 0.7 67 0.8 68 0 71 0.5 
6590 22 1 31 0 48 0.5 60 0 62 0.7 73 0.7 
6613 80 0.3 
6768 2 1 28 0.6 66 0.6 69 1 78 0.6 83 0.5 86 0.8 
6771 19 0.5 30 0 34 0.6 39 0.4 65 0.8 80 0.7 96 0 
6844 20 0.7 
7204 33 0.5 36 0 49 0.3 76 0.4 
7279 9 0.7 14 0.5 29 0 58 0.7 83 0.7 88 0.6 
7497 5 1 18 0.3 38 0.6 40 1 45 0.5 65 0 
7673 44 0 94 0 
7702 4 1 13 1 15 0 43 0.8 52 0 55 0.7 65 0.7 77 0.5 
7707 0 0.7 21 0.3 31 0.5 60 0.6 82 0.9 85 0.9 
7739 14 0.6 28 0 41 0.7 68 0.4 70 0.5 90 0.5 
8044 16 0.9 23 0.6 37 0.9 38 0 96 0.8 
8308 0 0.9 3 0 16 0.3 27 0 39 0.6 65 0 91 0 
8315 5 0 22 0.4 36 0.6 59 0.9 63 0.6 
8454 13 0.4 30 0.8 42 0.7 66 0.6 
8457 1 1 18 0.3 29 0.5 36 0 41 0.9 45 0.5 74 0.9 78 0.6 82 0 
8689 0 0.7 9 0.9 43 0.4 44 0 52 0.4 62 0.4 73 0.6 78 0.4 93 0.3 97 0.7 
8745 62 0.6 95 0 
8772 22 0.7 63 1 80 0.5 81 1 83 0 94 1 
8806 99 0.8 
8873 58 0 79 0.5 
8971 10 0.6 13 1 64 0.9 76 0.4 86 0.6 99 0.8 
9065 75 0.7 
9154 17 0.3 28 0.3 39 0.4 47 0 69 0.3 71 0.5 80 0.9 91 0.4 
9175 47 0.3 52 0.4 65 0 74 0.6 84 0.3 90 0.7 97 0.6 
9442 12 0.5 16 1 20 0 34 0 65 0.4 66 0.7 73 0 83 0.4 85 0.9 96 0.4 
9477 77 0.3 
9827 3 0.8 28 0.6 33 0.3 36 0 60 0.3 67 0 71 0 87 0.6 88 1 89 0 
