100
168 22 0.8 26 0.7 38 0 39 0.3 83 0.6 
494 44 0.3 57 0.5 75 0.8 
524 0 0 
537 18 0.7 31 1 51 0.5 84 0.7 
627 45 0.8 
679 52 0.8 71 0.9 82 0.7 
698 2 0.4 5 0 29 0.6 38 0 90 0 
772 0 0.5 24 0 60 0.5 70 1 
808 6 0.5 21 0.7 45 0.9 52 0.7 62 1 63 0 75 0.5 94 1 
847 22 0.7 83 0.4 85 0 87 0.8 
936 4 0.7 7 0 9 1 23 0.4 50 0.9 66 0 86 0 95 0.8 
961 4 0.7 59 0 76 0 82 0.8 84 0.4 
1093 25 0.5 35 0.8 
1127 21 1 27 0.3 43 0.6 45 0.9 47 0.4 67 0 
1276 22 0.4 53 0.6 56 0.6 93 1 
1294 6 0 14 0.3 62 0.3 78 0.8 87 0.8 90 0 
1297 8 0.9 11 1 86 0.9 
1345 0 0.6 2 0.7 7 0 11 0.7 15 0.5 21 0.8 23 0.7 50 0.3 62 0.4 95 0.9 
1479 16 0 18 0.6 31 0.8 34 0.3 35 0 49 0.4 52 0.3 53 0.9 64 0.6 90 0.6 
1501 15 0 26 0 53 0.9 67 0.7 77 0.9 
1584 12 0.5 19 0.6 25 0.4 30 0 44 0 49 0.4 58 1 74 0.3 78 1 
1642 28 0.4 36 0 66 0 75 0.8 91 0.4 93 0.6 
1678 35 1 42 0.9 58 0.5 65 0 70 0 88 0.9 89 0.5 91 0.6 93 0 
1715 13 0 45 0.4 98 0.9 
1959 9 0.6 11 0.7 57 0 81 0.7 
2115 4 0 7 0 32 0.7 45 0.3 59 0 84 0 85 0 89 0.5 94 1 99 0.7 
2266 15 0.6 
2428 0 0 1 0.7 14 0.8 19 0 36 0 49 0 61 0.7 68 0 94 0.8 97 0.7 
2444 5 0.6 10 0.6 66 0.4 75 0.4 77 0 83 0.8 88 0.9 92 0.8 
2459 6 0.4 16 0.5 29 0.9 72 0.7 73 0.7 75 0.6 85 0.3 94 0 
2465 11 0.8 50 0.7 59 0.6 78 0.6 
2617 3 0 5 0 7 0.4 22 0.5 23 0.4 46 0.5 54 0 66 0 76 0.7 79 0.6 
2670 10 0 76 0.3 77 0.3 
2719 72 0 80 0 83 0.3 97 1 
2798 4 0 12 0 13 0.7 19 0.6 53 0.7 60 0 66 0 94 0.8 
2943 7 0 14 0.5 16 0.7 52 0.7 57 0 63 0.6 68 0.7 91 0 94 0.7 
2947 1 0.8 10 0.7 15 0.8 
3154 38 1 47 0.3 73 0.4 84 0.7 
3373 48 0.6 61 0 
3601 18 0.4 19 0 23 1 31 0 73 0.7 
3691 4 0.5 22 0.4 23 0.3 64 0.9 69 0 70 1 72 0.6 87 0.5 98 1 
3736 19 0.3 57 0 66 0.6 78 0.3 79 0.9 84 0 87 0 91 0.9 95 0.9 
3827 58 0.4 
3923 7 0.3 14 0.7 65 0.4 70 0.7 72 0.9 
4030 25 0.7 95 0.9 
4076 7 0.4 9 0.4 19 0.6 22 0.8 29 0.5 37 0 63 0.4 87 0.9 88 0.5 
4164 17 0.6 28 0 32 1 50 0.9 67 0.3 72 0.6 79 0.8 83 1 
4270 61 0.6 99 0.5 
4290 14 0.7 28 0.4 40 0.9 54 0.4 56 0.4 59 0.9 70 0.5 74 1 86 0.7 
4383 20 1 39 0.3 60 0.6 79 0 81 0.9 86 0.5 
4482 9 0.7 62 1 65 1 
4484 26 0.4 
4493 16 0.7 21 0.4 31 0 41 0.5 45 0.6 48 0 51 0.7 58 0.3 63 0 84 1 
4583 38 0.6 
4903 14 0.6 28 0.3 34 0 41 0 43 0.5 47 0.4 54 1 99 0.5 
5022 56 0.7 58 0.3 96 0.6 
5053 21 0.7 54 0.5 87 0.6 92 0.8 
5054 10 0.5 52 0.9 56 0 69 0 
5082 7 0.8 59 0.6 
5206 13 1 39 1 46 0 48 0.6 56 0.9 96 0.3 
5361 17 0.8 
5475 30 0.6 94 0 
5711 9 0 17 0 21 0.5 33 0.8 44 0.7 54 0.9 58 0.8 84 0 85 0.6 91 0 
5816 23 0.8 99 0.5 
5890 3 0 14 0 
6074 19 0.8 
6120 3 0 5 0.4 46 0.9 53 0.4 56 0.8 68 0.6 74 0.4 91 0.3 93 0.4 
6173 51 0 77 0.8 
6318 13 0.9 27 0.3 44 0 56 0 68 0.6 72 1 73 0 75 0.8 80 0.4 
6336 1 0 36 0.7 46 0 51 1 77 0.6 
6433 7 0.3 24 0.9 28 0.8 37 0.3 88 0.4 97 0.3 
6435 0 0.9 8 0.8 24 0 47 0.4 48 0.8 63 0 73 0 75 0.4 89 0.4 98 0 
6440 22 0.6 36 0.4 70 0 83 0.6 
6601 7 0.9 10 0.5 14 0 42 0.9 44 0.3 83 0 97 1 
6673 39 0.7 40 0.5 86 0.4 
6696 65 0.5 70 0 
6838 7 0 11 1 12 0.4 13 0.5 28 0.6 50 0.9 64 0.5 65 0.7 72 0.7 77 0 
6939 63 0.6 
7064 74 1 
7202 86 0.4 
7295 13 0.6 15 0.9 38 0.4 49 0.9 71 0.6 72 0.3 74 0 87 0 96 1 99 0.4 
7426 7 0 34 0.7 
7864 24 0.4 61 0.6 62 1 68 0.5 89 1 
8043 0 0 23 0 28 0 33 0.8 82 0.4 
8056 6 0.4 12 0 29 0 46 0.3 62 0 73 1 85 0.7 87 0.4 89 0.8 
8110 17 0 18 0 
8219 11 0.5 
8294 13 0.6 21 0.5 23 0.3 27 0.7 44 0 57 0 65 0.5 66 0.9 74 0 85 0 
8467 2 1 13 0.7 38 0.6 40 0.7 46 0.8 51 0.4 61 0.5 68 0.6 79 0 87 0 
8948 1 1 28 0 39 0 80 0.7 
8973 24 0.4 59 0.4 64 0.8 73 0.5 79 0.7 98 0.6 
9554 83 0.4 
9701 22 0.9 32 0.6 39 0.7 73 0.4 
9710 24 0.7 70 1 
9730 26 0.9 75 1 99 0.3 
9740 33 0 44 0.6 56 0.5 58 0.5 62 0.4 74 0 78 0.4 83 0.4 95 0.6 99 0 
9777 20 0.8 
9856 15 0.9 35 0.7 53 0.5 
9926 63 1 
9976 2 0.8 9 0.7 30 0.7 31 0.3 36 0.9 37 0.6 57 0.3 58 0.9 60 0.4 76 0.6 
