100
70 96 0.7 
214 17 0.8 77 0 94 0 
292 23 0.4 35 0 49 0 60 0.6 70 0.7 80 0 96 0.5 99 0 
335 4 0.5 35 0.8 53 0.9 97 0.8 
363 22 0.7 
454 51 0.5 
474 6 0.8 40 1 
576 37 0.8 
602 13 0 19 0.9 27 0 43 0 66 0.6 97 0 
605 2 0.8 16 0.7 27 0 61 0.9 95 0 97 0 
682 19 0.7 81 0 87 0.3 91 0.4 
751 24 0.6 25 1 27 1 54 0 83 0.3 86 0 93 0 97 0.5 
857 39 0.9 
966 10 0.6 13 0.7 30 0.3 56 0.4 74 0.6 80 0 81 0.4 90 0.7 
979 48 0 64 0.4 71 0.8 
1046 2 0.7 37 0 69 0.4 90 0.3 99 0.7 
1228 16 1 78 0.8 
1322 36 0.3 37 0.7 41 0 49 0 56 0 58 0.9 60 0 
1491 2 0.5 11 1 14 0.8 19 0.6 54 0 58 0.6 
1621 8 0.9 87 0 
1694 9 0.4 17 0.6 24 0.8 26 0.6 56 1 63 0 67 0 75 0.6 90 0.8 
1737 41 0.4 43 0 62 1 64 0.3 66 0 70 0.9 
1746 2 0.3 11 0.4 15 0.4 22 0.4 23 0.6 36 0.4 45 0.9 87 1 89 0.8 93 0.9 
2016 7 0.5 36 0 37 0.3 65 0.9 84 0 86 1 94 0.4 96 0.6 97 0 
2071 56 0 58 0 65 0.3 70 0 
2133 3 0 20 0 46 0.8 50 0 53 0.4 66 0.6 76 0.9 78 0.7 90 0 
2143 1 0.5 20 0.6 22 0 62 0.4 67 0.9 73 0.7 81 0 94 0.3 
2175 31 0.5 41 0 51 0.9 58 0.6 60 0.5 61 0 74 0.9 82 0.4 
2190 0 1 11 1 28 0.3 37 0.8 69 0.8 79 0.5 80 0 
2298 23 0.7 24 0.7 25 1 30 0.6 37 0.9 67 1 70 0.3 74 1 78 0 99 0 
2303 0 0.6 1 0.5 6 0.9 9 0.6 28 0.9 68 0.5 88 0 
2315 7 0 11 0.5 17 0.3 34 1 59 0.3 89 0.7 93 0.6 94 0.7 96 0 
2383 6 1 23 0 33 0 38 0.5 43 0.7 77 1 81 0.3 89 0.3 90 0.4 
2453 1 0.4 27 0 
2478 45 0.7 56 0 60 0.7 77 0.8 99 0.4 
2511 16 0.9 17 0.6 29 0.9 39 0.3 51 0.3 82 0 88 0.4 98 0 
2627 13 0 20 0 33 0.8 34 0.5 54 0.4 62 0.5 86 0.6 
2706 16 0.6 
2760 59 0.4 
2774 16 0.8 34 0 84 0 
2797 14 1 79 0.5 
2928 21 0.4 45 0.8 53 0.8 57 0.3 60 0.5 72 0.6 86 0 92 1 93 0 97 0.8 
3123 9 0.7 10 0.9 19 0.7 43 0.3 78 0 87 0.5 92 0.8 
3144 1 0.8 28 0.9 32 0 39 0.8 41 0 58 0 82 0 84 0 86 0 97 0.8 
3298 38 0.6 56 0.7 64 0.6 89 0.6 90 0 
3427 19 0.8 55 0 62 0 64 0.9 69 0.9 90 0.8 93 0 
3438 38 0.8 41 0.7 54 0.3 97 0.6 
3497 11 0 14 0 49 0.5 63 0.3 
3602 18 0.9 
3679 6 0.5 13 0.9 23 0.9 50 0.4 61 0.4 62 0 63 0 69 0 97 0.3 98 0.7 
3838 4 0.7 29 0.4 31 1 67 0.7 72 0.6 85 0.7 
3859 8 0.5 35 0.5 49 0 76 0 78 1 82 1 99 0 
3874 1 0 3 0.7 9 0.7 19 0.5 39 0.3 48 0 63 0.3 77 0 92 1 96 0.8 
4052 23 0 45 0.5 49 1 53 0.9 74 0.8 
4266 22 0.7 31 0 87 0.6 
4440 6 0.4 71 0.6 99 0.9 
4794 8 0.8 10 0 22 1 38 0.6 62 0.6 67 0.8 71 0.4 83 1 92 0 
4842 10 0.8 47 0 71 0.6 91 0 
4893 0 0.8 12 0 38 0.6 62 0.4 73 0 98 0.4 
5012 7 0 29 0.3 65 0.4 
5252 6 0.3 19 0.3 60 0.5 
5443 32 0.7 82 1 
5876 7 0 12 0.6 14 0.7 51 0 62 0.5 84 0 95 0.5 
5881 3 0.7 4 0.4 9 0.6 20 0.7 28 0 31 0.5 57 0 77 0.5 92 0.3 
6239 19 0.4 21 0.8 64 0 
6268 1 0 5 0.5 53 0.4 68 0.9 81 0.3 
6303 9 0.7 10 0.8 17 0.3 52 0.6 
6319 4 0.6 25 0.6 30 0.5 38 0.9 53 0.8 58 0.3 
6391 27 0 40 0.6 62 0.6 63 0.9 
6585 5 0 
6753 0 1 34 0 35 0 39 0.9 42 0.5 54 0.7 75 0.5 
6779 35 0.8 41 0.9 70 0.9 97 0 
6926 5 0.3 8 0.3 53 0.9 72 0.7 82 0.9 97 0.6 
7337 14 1 80 0.3 83 0.8 
7652 0 1 7 0.4 14 1 18 0.7 26 1 30 0 38 0.5 55 0 58 0.6 82 0.7 
7718 1 0 4 1 11 0.5 20 0.5 33 1 49 0.8 64 0.4 76 0 80 0 84 0.3 
7799 3 0.8 39 0.5 46 0 54 0.4 67 0.5 70 0.4 94 1 98 0.7 
7960 0 0.4 8 0 11 1 27 0.5 34 0.7 51 0 
8156 43 0.4 51 0.5 54 0.6 73 0.4 81 0.7 84 0.8 85 0 
8235 29 0 34 0.9 38 0.4 53 0.3 60 0.6 
8283 6 0 20 0.7 37 0.6 55 0.7 56 0.7 77 0.6 
8298 16 0 49 0 50 0.7 94 0.8 
8312 26 1 44 0.9 48 0 72 0.3 91 0.6 
8325 39 1 51 0 64 0.4 80 0.3 
8326 46 0.6 58 1 
8336 19 0.3 28 0.6 70 0.7 92 0 
8352 39 0 
8393 3 0 5 1 12 0 16 0.8 17 0.3 19 0.5 39 0.3 65 0.8 
8575 38 0.4 58 0 73 0.9 
8619 10 0.9 14 1 62 0 64 0.7 98 0 
8653 29 0.5 36 0.4 65 0 74 1 81 1 88 0.8 92 0.7 97 1 
8888 3 1 10 0.3 35 0 40 0.8 45 0 56 0 58 0.6 64 0 83 0.5 
9210 10 0.5 25 0.3 47 0.4 60 0.4 66 0 86 0.5 
9375 15 0.9 31 0.9 49 0.9 61 0.6 74 0.4 84 0.3 
9465 26 0.9 32 0 34 0.4 44 0.6 50 0.8 59 0.9 
9484 48 0.3 89 0.4 
9685 3 0.9 20 0.4 27 0.4 34 0 90 0.3 
9727 1 0.5 42 0 55 1 65 0 74 0 80 0.8 82 0.9 99 0.9 
9953 21 0.8 27 0.4 68 0.3 69 0 70 0.8 72 0.9 76 1 
9956 0 0.6 18 1 24 0.3 31 1 33 0.8 45 0 77 0 
