100
31 10 0.8 19 0.8 42 0 65 0 67 0 71 0 81 0 95 0.8 
45 12 0.3 49 0.3 
230 6 0.8 19 0 49 1 53 0 76 0.6 78 0.3 80 0 92 0 93 0 94 0.3 
241 8 0.3 13 0 37 0.7 71 0.7 90 0 
242 39 0.9 56 0.7 74 0.5 80 0 99 0.3 
280 13 0.8 50 0 52 0.8 
353 39 0 66 0.6 68 0.3 
360 37 0 56 0.7 73 0.3 
368 22 0 
440 1 0 7 0 8 0.3 17 0.8 35 0.3 39 0.5 55 0.5 72 0 73 0.6 77 0.9 
490 3 0 22 0.5 40 0 66 0 86 0.4 
848 40 0.7 62 0.9 68 0 70 0.3 74 0.9 76 0 79 0.3 93 0.4 95 0 
884 76 0.6 99 0.9 
895 0 0 7 0.3 12 0.9 46 1 91 0 
970 5 0 9 0.8 63 0.4 93 1 
1036 70 0.6 71 0.6 
1077 24 0.8 44 0.6 49 0.9 52 1 65 0 68 0.8 76 0.7 83 0 90 0.9 95 1 
1078 0 1 99 0 
1093 25 0.7 35 0 
1133 65 0.3 90 0 
1536 44 0.4 48 0 51 0.4 65 0 80 0.7 87 0 90 0 95 0.6 99 0 
1586 12 1 15 0.9 18 0 24 0.8 50 0 87 0.7 88 0.9 
1913 18 0.8 
1929 1 0.6 7 0.5 22 0 37 0 87 0.5 94 0 
1972 3 0 10 0 34 0.9 46 0.6 47 0 69 1 87 0 
2090 7 0 8 0.9 19 0.7 23 0.6 29 0.8 49 0.6 82 0 
2095 26 0.9 54 0.8 68 0.8 92 0 
2250 7 0 27 0 60 0 70 0 
2307 31 1 
2327 2 0 28 0.3 31 0.5 36 0.4 39 0.8 42 0.3 50 0.9 62 1 77 0.8 
2341 12 0.8 62 0 70 0.5 91 0.3 
2370 22 0.5 43 0.6 
2371 1 0 41 0.3 56 0 92 1 94 0.5 
2394 13 0 19 1 77 0.6 
2651 13 0 41 0.7 46 0.7 47 0 51 0.9 55 0.7 72 0.8 73 0.5 86 0.6 98 0.5 
2721 3 0.4 42 0 64 0.7 77 0.8 87 1 91 0 96 0 
2783 3 0.3 26 0 68 0 76 0.9 93 0.6 
2895 90 0 
3198 94 0.4 
3249 16 0.6 23 0 48 0.6 70 0.6 90 0.4 96 1 
3276 11 1 19 0.6 33 0.6 37 0 42 0.8 44 0.6 64 1 69 1 76 0 85 0.7 
3426 1 0.9 28 0.6 32 0 33 0.6 35 0.4 64 0.8 67 0 70 0 92 0 
3448 83 0 
3774 20 0.3 26 0.3 33 1 41 0 45 0 47 0.9 86 0.3 93 0.9 98 0 
3891 22 0.7 27 0 46 0 49 0.6 63 0.7 
3913 2 0.8 30 0 49 0 58 1 66 0 
3919 12 0.3 14 0.6 15 0.9 23 1 36 0.6 54 1 93 0.4 94 0.6 97 0.7 
4059 8 0.8 12 0.3 22 0.5 34 0.9 35 0.7 67 0.3 93 1 
4076 7 0.8 9 0.6 19 0.4 22 0.8 29 0.7 37 0 63 0.6 87 0.5 88 0.8 
4108 15 0.6 21 0.5 
4226 11 0.6 13 0.3 19 0.3 47 0.3 82 0.7 
4445 13 0 25 0.7 28 0.5 37 0.3 39 0 47 0.8 49 0.8 57 1 72 0.3 93 0 
4534 3 0.3 5 0.6 6 0.6 22 1 50 0.6 76 0 85 0 94 0.8 97 0.5 98 0 
4550 1 0.4 5 0.3 20 0.6 42 0 45 0 89 0 
4597 17 0.7 21 0.4 22 0.3 49 0.4 63 0.6 
4723 7 1 10 0.3 11 0.7 36 0.4 38 0.6 44 1 58 0.6 
4764 4 0.3 64 0.8 66 0 
4942 33 0.3 37 0.3 85 0.3 92 0.5 
5143 10 0 22 0.6 30 0.5 34 1 72 0.6 87 0.7 
5378 7 0.8 12 1 17 0.4 22 0.5 71 0 72 0.6 95 0.5 
5659 34 0.4 
5679 0 0.6 34 0.9 68 0.6 71 0 75 0 80 0.8 
5902 2 0.7 4 0 16 0.5 23 0.4 48 0.5 75 0.4 78 0 
6136 24 0.9 34 0.3 60 0.4 66 0.6 
6217 93 0.5 
6257 30 0.7 42 0 53 0.7 71 0 72 0 85 0.8 96 0 
6419 53 0 78 0.6 79 0.7 84 0.6 
6445 70 0.6 
6614 9 0.8 27 0.3 36 0.7 38 0.6 61 0 70 0 75 0.5 
6685 12 0.4 80 0 88 0.5 91 0 
6776 24 0 28 0.8 48 0.9 53 0.8 87 1 89 0 
6788 2 0 3 0.9 55 0.5 67 0.3 88 0 
6939 63 1 
6981 0 0.3 1 0.5 16 0.3 17 0 24 1 41 1 51 0.9 57 0 68 0 87 0.7 
7036 14 0.7 97 0.7 
7168 2 1 7 0.9 17 0.8 39 0.4 68 0.6 85 0 
7201 27 0.7 
7312 26 0.9 68 0.7 69 0 
7319 7 0.3 10 0.3 19 0 21 0.6 41 0.3 64 0.3 76 0.9 99 0.7 
7424 13 0.4 28 0.6 82 1 
7829 8 0.4 14 0.4 17 0.8 20 0.3 23 0.3 24 0.9 30 0.9 51 1 82 1 95 0.6 
7970 4 0.5 9 0.4 33 0 65 0.8 70 0.7 76 0.9 83 0 89 0.5 91 0 92 0.8 
8004 1 0.9 8 0.6 26 0 29 0.8 42 0.7 45 0.9 56 0.9 57 0.4 94 0 
8142 15 0.7 20 0 36 0.5 48 1 54 1 59 0.4 65 1 66 0.7 81 0.6 89 0.3 
8151 29 0.3 61 0 81 0 92 0.5 
8314 17 0.8 24 0 69 0.4 70 0 77 0.7 88 1 98 0.8 
8444 5 0.6 6 0.7 14 0.5 44 0.8 61 0 66 0.7 78 0.6 89 0 
8455 89 0.3 
8570 3 0 35 0.9 39 0.5 78 0 89 0 91 0 94 1 
8785 7 0.9 34 0 61 0 
8802 1 1 6 0 51 0.4 
8924 27 0.9 39 0.9 43 0 
9230 23 0.4 57 0.7 88 0.5 
9304 28 0.8 38 0.8 49 0 59 0 78 0.3 90 0.5 
9372 6 0.4 37 0.8 73 0.6 86 0.4 96 0.8 
9461 0 0.7 8 0.8 41 0.3 52 0.7 62 0.6 72 0 84 1 92 0.3 95 0.6 
9539 5 0 21 0.9 48 0.3 62 0 65 0.8 69 0.5 
9556 0 0.7 13 0 14 0.3 15 0.8 46 0.9 51 0.7 65 0 72 0.5 81 0 
9567 8 0.9 
9688 4 0 17 0.6 71 0 
