100
22 24 0.7 41 0.4 55 0.6 64 0.9 66 0.8 
51 48 0 51 0.8 56 0 57 0.8 63 0 85 1 92 0.7 
112 12 1 22 0.4 30 0.5 32 0 40 0.3 53 0.7 62 0.7 81 0 86 0.6 98 1 
176 40 0.4 
376 17 0.5 28 1 45 0 82 0.8 
435 84 1 90 0.8 
526 0 0.5 11 0 18 0.3 32 0 50 0.5 54 0 74 0.7 92 0.9 93 0.9 96 0.4 
702 25 0.7 32 0 83 0.5 99 0.4 
711 3 0 19 0.8 31 0.3 51 0 56 0 71 0.4 72 1 76 0.5 85 0 93 0 
725 6 1 32 0.7 38 1 70 0.6 97 0.7 
834 2 0.6 10 0 40 0.5 53 0 54 0.6 78 0 
873 26 0 49 0.7 50 0.8 51 0.7 67 0 74 0.5 86 0.8 
888 16 0.4 70 0.5 
1052 0 0.6 2 0.5 5 0 16 0.6 32 0.7 38 1 50 0.6 66 0.8 67 0.7 81 0.8 
1067 3 0.7 31 0.6 47 0.7 48 0.7 60 0 67 0 71 0 73 0.7 91 0.9 
1183 29 0 42 0.4 
1339 17 0.5 52 0.9 
1523 14 0.5 58 0 70 0 99 0.5 
1539 39 0 50 0 59 0.5 
1602 10 0.6 63 0.4 
1648 24 0 30 0.3 34 0.6 40 0.7 42 0 55 0.6 75 0.8 83 0.7 92 0.6 
1842 9 0.5 10 0.6 37 0.6 51 0 55 0.6 58 0.4 67 0 72 0.5 94 0 98 0.7 
2026 1 1 11 0 20 0 33 0.8 56 1 71 0.5 89 0 95 0.6 
2027 17 0.9 23 0.5 58 0.3 82 0 92 1 96 0 
2130 24 0.6 34 0.8 39 0.3 
2338 2 0.5 44 0.8 53 0.8 69 0.4 75 0 82 1 
2350 8 0 42 0.6 68 0.9 93 0 
2503 51 0 56 0 
2550 43 0.7 
2675 8 0.6 22 0.5 57 0.7 59 0.9 73 0 95 0.3 
2732 4 0.3 57 0.5 
2789 19 0 25 1 51 0 81 0.3 82 0.8 
2816 50 0.9 77 0 
2821 10 0.7 28 0 41 0 45 1 63 0 65 1 72 0 99 0.7 
2988 84 0.4 
3100 3 0.4 20 0.4 21 0.5 28 0.3 50 0 59 0 64 0.7 80 0 
3175 11 0 21 0 26 0 30 0.9 52 0 61 0 70 0 83 0.3 
3286 0 0.3 3 0.8 9 0.9 27 0.7 46 0.7 59 0.6 60 0.5 62 0.6 70 0.5 97 1 
3842 4 0 18 0.3 26 0 
3913 2 1 30 0 49 0.8 58 0.9 66 0.8 
3981 20 0.4 23 0 86 0.8 95 0.8 
4112 15 0.8 18 1 23 0 40 0.4 54 0.7 69 0.3 76 0.8 78 0 
4277 14 0 17 0.6 26 0.7 34 0.6 82 1 
4412 26 0.5 83 0.3 
4463 3 0 49 0.6 53 0 75 0.8 86 0.8 96 0.4 
4508 46 0 
4784 13 0.6 51 1 75 1 85 0 
4854 7 0.5 27 0.7 48 0.6 55 0.4 77 0.6 95 0.9 97 0.7 
4874 36 0 41 0.6 65 0.5 66 0.3 71 0.4 
5058 59 0.9 85 1 86 0.7 
5204 33 0 44 0.4 51 0.8 55 0.6 67 0.3 75 0.7 90 1 96 1 98 0 
5281 81 0.6 84 0.3 
5373 8 0.4 9 0.9 13 0 86 0.5 94 1 
5542 4 0.9 36 0.4 49 0.6 78 0 83 0 90 0.5 
5578 6 0.6 12 0.8 13 0 14 0 34 0.6 56 0.7 84 1 
5588 20 0.6 51 0 58 0 61 0 77 0.6 84 1 85 0.9 88 0.6 
5818 1 1 48 0.9 77 1 91 0.5 
5972 44 0.5 87 0 91 0.6 
5994 17 0.9 18 0.9 24 0.5 25 0 27 0 33 0.5 99 0 
5995 4 0.4 16 0.4 24 0.4 33 0.5 34 0.7 37 1 49 0.5 63 1 67 0.7 70 0.8 
6012 17 0 26 0.4 89 0.9 90 0 
6145 0 0 10 0.6 11 0.6 18 0.8 24 0.8 26 0.3 29 0.6 39 0.4 76 0 
6180 3 0 39 0.7 75 0 76 0.6 84 0.6 96 0.9 
6204 22 0.4 
6255 4 0 26 1 65 0.7 96 0.9 
6275 12 0.6 17 0 31 0.3 46 0.6 92 0 94 0.9 
6382 6 1 10 0.5 16 0.8 22 0 39 0.9 56 0.3 76 0 82 0.7 87 0.4 88 1 
6513 41 0.5 96 0.4 
6954 9 0.5 59 0 
7023 22 0.5 34 0 
7099 4 0.7 73 0 89 0.8 
7114 2 0.8 40 0.3 45 0.9 
7184 30 1 53 1 
7201 27 0.6 
7280 32 0 70 0.3 
7426 7 1 34 0.7 
7427 18 0.9 21 0.8 
7585 26 0.8 47 0 72 0.3 83 1 92 1 
7762 16 0.8 21 0.7 57 0.7 76 0.8 94 0.4 
7786 3 0 6 0.8 12 0.9 19 0.3 42 0.4 49 0.7 70 0 71 0 85 0 
7811 1 0.8 13 0.9 19 1 44 0.5 64 0 74 1 88 1 98 0.5 
7835 4 0.8 16 0.8 72 0 
7887 5 0.4 9 0.9 33 0.3 50 0 74 0.8 
7949 9 0.3 15 0.9 48 0.3 53 1 98 0.4 
8025 2 0 11 0.7 21 0 27 0.8 29 1 61 0.8 
8150 42 0.3 64 0.5 
8156 43 0.3 51 0.9 54 0.3 73 1 81 0 84 0.9 85 0.9 
8204 44 0.3 89 0.9 
8483 40 1 41 0.6 58 1 95 0.7 96 1 
8692 12 0.8 17 0.4 33 0.9 75 0.9 76 1 
8848 11 0.5 51 0.5 54 0.3 67 1 74 0.6 75 0.6 79 0.7 92 0 94 0 97 0.6 
8968 78 0 
9027 84 0 98 0.4 
9211 25 0.7 54 0 70 1 72 0.9 
9231 14 0 23 1 30 0.3 35 0.8 39 1 56 1 63 0 64 0.3 68 0.3 90 0 
9244 6 0 45 0 61 0.4 66 0 84 0.7 94 0 
9319 3 0.9 9 0 18 0 29 0.8 48 0 68 0 70 0.9 83 0.9 85 0 86 0.7 
9446 3 0.8 4 1 18 0.6 25 0.5 29 0.6 77 0.6 79 0 85 0.5 90 0.9 91 0 
9964 10 0 14 0 26 0.5 40 0.4 47 0.8 52 0.6 63 0.8 75 0.4 
9975 3 0.6 15 1 28 0.9 31 0.8 47 0.9 65 0 75 1 89 0 96 0.3 
