100
135 52 0.6 57 0 66 1 88 1 93 0.4 
191 2 0.4 26 0.4 60 0.8 63 0 66 0.5 
225 2 0.7 50 0.7 82 0 
228 12 1 
279 22 0.3 27 0.4 37 0.3 62 0.4 67 1 73 0 
319 30 0 33 0 
325 0 1 7 1 48 0 68 0.7 75 0 
503 57 0.3 69 0 78 0.9 84 0.4 85 0 
569 20 0 
801 4 0.4 5 0 18 0.7 37 0 63 0 66 0 72 0.7 
897 15 0 17 0 20 0 61 0 68 1 86 0.5 95 0.6 99 0.9 
964 20 0.6 21 0.9 24 0.8 53 0.5 66 0.6 72 1 77 0 89 0.3 90 0.9 91 0 
1117 18 0.8 
1721 13 0 62 0.6 96 0 
1771 0 0.6 4 0 11 0.6 12 1 21 0.4 54 0.8 94 0 
1871 7 0.7 11 0 13 0 18 0.9 23 0 64 0 86 0.8 87 0 
1890 29 0.6 42 0.5 47 0.9 98 0.7 
1903 6 0 14 0 38 0 54 0.7 58 0 93 1 
2077 0 0.9 6 0 14 0.3 18 0.6 32 0.4 64 0 83 0.3 
2163 5 0.9 55 0.6 74 0.7 75 1 
2179 23 0 28 1 38 0.9 86 1 
2333 1 0.7 35 0 78 0.6 84 0 
2615 73 0.9 76 0.6 87 0 
2641 31 0.9 38 0.5 44 0 61 0.7 71 0 
2762 3 0.4 61 0 70 0 76 0.9 98 0.4 
2850 0 0.9 79 0 
2875 8 0.8 19 0 22 0.8 25 0 46 0 63 0.4 64 0.5 
2935 16 0 37 0.3 47 0.7 66 0 71 0 92 0 97 0 
2980 23 0 27 0 86 0.9 88 0.6 98 1 
3148 55 1 
3353 16 0.5 21 0.4 45 0.9 50 0.7 55 0.9 61 0.7 96 0.9 
3731 6 0.3 35 0 51 0.6 59 0.7 64 0 70 0.3 87 0.5 94 0 
3963 33 0 47 0.4 56 0.4 
4007 5 0.4 13 1 53 1 57 0.5 59 0 69 0 90 0 
4227 9 0 10 0.8 25 0 26 0.6 35 0 49 1 96 0.9 
4244 62 0.9 65 0.7 69 0.8 71 0.4 
4292 2 0 13 0.4 17 0.5 53 1 57 0.9 74 0 99 0.8 
4297 0 0 11 0 41 0.5 57 0.8 60 0 67 0 70 0.7 72 1 76 0.5 89 0.7 
4374 34 0 
4418 67 0 77 0 
4506 20 0.5 21 0.9 44 0 56 0.9 90 1 
4532 22 0 29 1 34 1 35 0.7 36 0.9 44 0 
4746 3 1 10 0.8 81 0 
5072 34 0.4 74 1 82 0.7 92 0.4 
5169 23 0.7 32 1 43 0 52 0 67 0.6 97 0.5 99 0.6 
5188 49 0.5 
5238 1 0.9 2 0 5 0.9 65 0.9 
5542 4 0.6 36 0.6 49 0.8 78 1 83 1 90 0.4 
5592 10 0.6 23 0.3 34 0 40 0.7 47 1 69 0.6 71 0.3 73 0.6 79 0.8 84 0.8 
5657 16 0 31 0.6 49 0 94 0.8 
5720 37 0.9 
5797 20 0.7 34 0.9 45 0 55 0.9 61 1 81 0.9 
5861 9 0.7 18 0.8 21 0.9 31 0 35 0 52 0 76 0.5 80 0.7 83 0.7 89 0.9 
6034 1 0.5 9 1 93 0 
6063 9 0.6 17 0 30 0 45 0 68 0.3 69 0 82 1 99 0.5 
6078 0 0.7 5 1 32 0.7 95 0.6 
6326 39 0 60 0.9 82 0 84 0.7 
6358 7 0 15 0.6 25 0.4 44 0 47 0.6 48 0 57 0.4 94 0 
6426 81 0.6 94 0.7 
6660 8 0.9 33 0.4 35 0.6 45 0.6 51 0.3 60 0 85 0 
6719 0 0.4 14 0 40 0 46 0.8 66 0 72 0 81 0 90 0.4 
6804 6 0 10 0.6 33 0 36 0.5 40 0.8 47 0.4 52 1 54 0 74 0.8 
6821 3 0.3 25 0 26 0 45 0.6 49 1 58 0 68 0 89 0.3 
6835 2 0.6 7 0.5 27 0 39 0.9 41 0 47 0.8 80 0.4 84 0 85 0 88 0.8 
6871 8 0 18 0.8 19 0.4 58 0 89 0.7 99 0.3 
6955 25 0.6 40 0.7 58 0.5 71 0.5 81 0.5 
7081 29 0 37 0 47 0 54 0.9 60 0.4 64 0.9 78 0.3 
7145 3 0.7 49 0 69 0.3 92 0 
7289 40 0.3 87 0 
7325 0 0 34 0.4 35 0 41 0.7 45 0.5 46 0.3 59 0 84 0.7 98 0.8 
7362 4 1 33 0.5 66 0.8 70 0.4 78 0 83 0 87 0.6 88 0.3 
7596 0 1 8 0.8 12 0.8 13 0.3 20 1 28 0.8 36 0.6 75 0.5 85 0.9 
7735 23 0.3 27 0.9 59 0.9 88 0 
7849 50 1 63 0.3 74 0 85 0.7 
7885 5 1 9 0 10 0.6 39 0.4 52 0 
7889 7 0 41 0.7 48 0.6 65 0.3 68 0.9 84 0.5 87 0.3 
7964 19 0.4 48 1 62 0 70 0.4 92 0.5 98 0.6 
7984 15 0.6 19 0.4 21 0.8 44 0.9 74 0.4 80 0 82 0.5 86 0 99 0.5 
8240 9 1 18 0.6 34 0.6 36 0.8 81 1 
8248 23 0.8 25 0.9 33 0.5 38 1 39 0.6 52 0.3 61 0.6 62 1 68 0 69 0.4 
8250 46 0 
8281 63 0.7 65 0.5 
8343 17 0 35 0.9 58 0 79 0.8 85 0 
8361 89 0.5 
8787 24 0.8 78 0.4 
8821 25 0.8 54 0 75 0 
8863 20 0.7 52 0 54 0.9 64 0 67 0.8 87 0 94 0.5 
9011 3 0.6 6 1 31 0.8 45 0.6 52 0.7 60 0.6 61 0.7 87 0 99 0 
9033 3 0.8 9 0 19 0.9 40 0.7 47 0.6 54 0 71 1 81 0.3 84 0.6 
9072 3 0.3 12 0 15 0 21 0 27 0 60 0.6 64 0 73 0 81 0 
9131 18 0 94 1 97 0.4 
9347 0 0.9 24 0.6 33 0 42 0.7 60 0.8 71 0.7 82 0.6 92 0.3 96 0.6 99 0.7 
9374 14 1 67 1 
9396 6 0 12 0.4 61 0.6 66 0 75 1 82 0.7 
9444 77 0.3 
9587 37 0.8 
9652 37 0.4 41 0.5 50 0.4 92 0 98 1 
9663 2 0.8 57 0.3 66 0.9 76 0 77 1 87 0 90 0.7 
9879 1 0 21 0.6 62 0 66 0.4 71 0.7 72 0.3 75 0.9 76 0.6 
9938 2 1 51 0 52 0 58 1 85 1 
