100
92 7 1 8 0.6 29 0.7 92 0 
348 0 0.4 3 0 40 0.6 44 0 49 0.3 90 0.9 
438 30 0.3 66 0 85 0 91 0.5 
541 13 1 14 1 25 0.8 29 0.5 50 0 54 0.3 82 0.4 90 0.8 92 0.8 
564 10 0 11 0.4 22 0.9 49 0.7 53 1 65 0 87 0.3 89 0.7 94 0.5 
727 18 0.8 20 1 27 0.8 34 0.3 82 0.6 91 0.7 95 1 99 0.4 
738 71 0.6 
825 54 0.8 80 0.9 97 0.4 
858 10 0 21 0.9 37 0.6 40 1 54 0.7 57 0 71 0.8 
887 39 0.8 62 0.6 65 1 96 1 
888 16 0.6 70 1 
946 23 0.3 32 0 35 0 40 0 61 0.9 65 0.7 75 0.3 88 0.6 89 0.6 
983 6 0.3 13 0.9 18 0.7 31 0.3 55 0 
1014 27 0.4 64 0 
1049 14 0.8 90 0 
1068 20 0.3 
1117 18 0.4 
1158 4 0.3 43 0 59 0.3 62 0 68 0 69 0.8 85 0 95 0.6 
1291 14 0 
1305 80 0.8 87 0.3 
1325 11 0 27 0.5 84 0.3 92 0 
1428 31 0.3 39 0.7 54 0.3 57 0.7 74 1 75 0.8 77 1 81 0.3 
1513 4 0.7 35 0.8 43 0.3 46 0.9 76 0.8 88 0.7 
1581 0 0.7 4 0.3 13 0.3 41 0.3 56 0.5 60 0 90 0 
1673 15 0.8 38 0.6 42 0 45 0.7 84 0.4 92 0.4 98 0 
1718 34 0.7 37 0.7 38 0 41 0 48 0 54 0.4 56 0.5 68 0.4 71 0.3 85 0.9 
1779 19 0 22 0 25 0.4 30 0 39 0.5 48 0 53 0.5 81 0.9 99 0 
1839 12 1 62 0.7 64 1 
2027 17 0 23 1 58 0.5 82 1 92 0.3 96 0.8 
2117 49 1 53 0.6 
2176 17 0.8 31 0.8 45 0.4 69 0.5 72 0.3 88 0 92 0 
2433 4 1 14 0.3 27 0.9 33 0 36 0.7 57 1 82 0.6 91 1 
2453 1 1 27 0 
2490 9 0 95 0.9 96 0.4 
2513 2 0.4 19 0 21 0.9 42 0.5 59 0.5 76 0 89 1 
2539 12 0 13 0.8 19 1 22 0 93 0.8 97 0.6 
2929 54 0.5 83 1 95 0 
3030 6 0 16 1 19 0.9 30 0.6 32 0.9 66 0.5 68 1 82 0.9 88 0.8 97 0.7 
3202 47 0.3 65 0.3 
3273 13 0 22 0.6 96 0 
3379 5 0.7 10 1 11 1 24 0.3 49 0 53 0.4 63 0.7 68 0 73 1 74 0.3 
3437 5 0.8 14 0 32 0 35 0.7 38 0.7 49 0.6 72 0.4 79 0.3 
3480 5 1 
3620 30 0.9 38 0.6 66 0.6 
3652 33 0 48 0.4 99 0 
3855 40 0.7 69 0.8 
3868 54 0.5 
4012 0 0.8 9 0.3 11 0 18 1 22 0.5 23 0 47 0.5 77 0.8 78 0 87 0.9 
4191 1 0.5 95 0 97 0.6 99 0.7 
4576 22 0 32 0.8 59 0 61 0 92 0 
4587 9 0.5 19 0 20 0.6 34 0.4 52 0.5 
4612 0 0.9 17 0.8 35 0 38 1 44 0.9 48 0.6 91 0.4 92 0 96 0 
4692 11 0 30 1 69 0 90 0 
4705 9 0.4 43 0.6 45 0.6 90 0 
4734 30 0.4 40 1 49 0.7 64 0.4 67 0.6 93 0 
4738 2 0.9 5 1 6 0.9 7 0 12 0.8 33 0.8 56 0.7 85 0 
4824 9 0.8 43 0.8 47 0.9 62 0.4 73 0.3 83 0.9 
4887 54 0.6 60 0.4 64 0.9 75 0 88 1 
4919 47 0.9 64 0.9 66 0.6 87 0.3 
4963 64 0.9 
4982 8 0.4 12 0.8 14 0.4 22 0.5 26 0.4 31 0.8 63 0 71 0 91 0 
5055 6 0.8 37 0 50 0 52 0.4 58 0.7 67 0.4 70 0.7 79 0.8 92 0 
5109 14 0.4 15 0.7 23 1 41 0.3 45 0.7 46 0.8 50 0.3 63 0.6 90 0.7 
5204 33 0.7 44 0.9 51 0 55 0.8 67 0 75 0.9 90 0.8 96 0.6 98 0.8 
5275 16 0.3 19 0.8 26 0.8 27 1 50 0.5 58 0.8 59 0 93 0 
5449 10 1 13 0.3 17 0 28 0.3 48 0 57 0 77 0 
5875 7 0.9 
5934 93 0 
6111 13 0 19 0.4 23 0.9 55 0.5 61 1 74 0 
6186 48 0.6 
6257 30 0.8 42 0 53 0 71 0.8 72 0.4 85 0.4 96 0.8 
6354 12 0.7 14 0 15 0.9 27 0 52 0.4 60 0 65 1 70 0.3 84 0 
6678 21 0 52 0.5 
6923 1 0 5 0 20 0.9 25 0.8 28 0.6 69 0.5 74 0 92 0.6 
6941 48 0.9 87 0.9 
6971 15 0.7 23 0.9 
7310 4 0 8 0.8 12 0 38 0 73 0.9 84 1 
7352 95 0.6 
7558 6 0.4 19 0.5 72 0.5 75 0.7 88 1 
7585 26 0.9 47 0.4 72 0.4 83 0.5 92 1 
7614 90 0 
7964 19 0.4 48 1 62 0.6 70 1 92 0 98 0 
8064 5 0.8 31 0.7 56 0 
8099 4 0 9 0.7 33 0.8 42 0.8 51 1 60 0.7 69 0 76 0.4 92 0.8 94 0.5 
8109 10 0.4 14 0.3 40 0.8 47 0.8 55 0.4 68 0 
8248 23 0.6 25 0.5 33 0.4 38 0.5 39 0.6 52 0.8 61 0.5 62 1 68 0 69 1 
8594 15 0 26 0.4 51 0.7 64 0.6 76 0.5 79 0.6 91 0 
8836 5 0 16 0.3 56 0.7 86 1 
8851 14 0.9 32 0.9 
8960 1 0.6 6 0 7 0 25 1 53 0.9 78 0.6 98 0.5 
8980 0 0 7 1 34 0.6 78 0.3 93 1 
9081 8 0.4 16 0 23 0 27 0 33 0 47 1 61 0 88 1 96 0.9 
9187 26 0.8 29 0 93 0.6 96 0.5 
9309 3 0 10 0 41 0.8 57 0.9 58 0 85 0.9 94 0.4 
9511 2 0 20 1 89 0 97 0.6 
9657 42 0.8 74 0.7 81 0.9 93 0.3 
9696 4 0.3 15 0.3 29 0.9 31 0.5 39 0.9 52 0.4 61 0 78 0.6 85 0.4 
9886 15 0.9 41 0 47 0 54 0.7 62 0.3 65 0.3 78 0.4 
9920 23 0.4 43 1 77 0.3 80 0 99 0 
9937 7 1 44 0.9 47 0.8 58 0 67 0 72 0.4 74 0.7 
