100
2 12 0 20 0.4 41 0.5 54 0.5 78 0.9 
131 6 0.6 11 0 16 0.9 25 0.8 28 0 41 0.6 91 0.5 
235 3 1 14 0.8 22 0.5 26 0 51 1 53 0 62 0.5 63 0.3 73 0 78 1 
260 4 0.7 13 0 16 0 21 1 28 0 47 0.7 51 0.8 89 0 91 0.4 92 0.6 
371 3 0.4 24 0.8 
375 74 0.3 
505 25 0.3 33 0.8 45 0.4 54 0.5 80 0.6 
745 2 0.6 15 0.7 17 0.7 64 0 67 0.9 70 0.8 72 0 97 0.3 99 0.6 
757 4 0.8 28 0 48 0.9 91 0 
800 24 0 25 0 35 0 62 0 69 0.4 92 0.5 
843 7 0.8 38 0.6 84 0.8 
902 17 0.6 22 0.6 30 0.7 52 0 54 0.6 79 0.7 
980 0 0 20 0.5 57 0.7 58 0.9 69 0.8 78 0.3 94 0 98 1 
1031 80 0.3 
1140 16 0.7 23 0.7 26 0.9 32 0 44 0.6 66 0 73 0 75 0.3 85 0 
1170 0 0 19 1 45 0.8 60 0.9 79 0.8 80 0 84 0.7 89 0.8 97 0.3 
1612 22 0.8 24 0.4 28 0 30 0.9 56 0.6 87 0.9 89 0.9 97 0 
1755 3 1 23 0.4 37 0.8 64 0 75 0 80 0 85 0.4 88 0.6 89 0.4 98 0.6 
2026 1 0 11 0 20 0 33 1 56 0 71 0 89 0.9 95 0.9 
2204 25 0 40 0.6 53 0 81 0.9 90 0.3 
2262 2 1 18 0.5 22 0 34 0 42 0 77 0.5 78 0.9 82 0.6 84 0.6 85 0 
2264 42 0.5 
2428 0 0.3 1 0.6 14 0 19 0 36 0.3 49 0.4 61 0 68 0.9 94 0.9 97 0 
2662 3 0.4 25 0.8 42 0 43 1 63 0 73 0.9 88 0.6 
2710 45 0.9 
2732 4 0.8 57 0.5 
3361 4 0 11 0 15 0.6 35 0.3 64 0.9 
3464 57 0.6 
3525 8 0.4 22 0.7 44 0.9 46 0.8 61 0.3 77 1 78 0 
3556 0 0.5 41 0 55 0 68 0.3 
3651 20 0.9 30 0.5 31 0.7 70 0.4 
3715 3 1 11 0.3 12 0.3 31 0.8 69 0.7 76 0 90 0.4 91 0.6 
3718 12 0.3 14 0 53 0.5 74 0.4 88 0.9 
3928 80 0 
4060 70 0 84 1 
4282 31 0.6 42 0 83 0.7 
4456 6 0.3 
4628 8 0.8 18 0 31 0.9 33 0.8 36 0.3 40 0.5 53 0 89 0 90 1 
4748 9 0 10 0 17 0.6 21 0.6 29 0 53 0 67 0.5 69 0 77 1 84 0.7 
4803 56 0.5 58 0.8 
4871 27 1 51 0.9 71 0 86 0 
5000 27 0.8 
5021 26 0.9 32 0 40 0.6 60 0.7 67 0 95 0.9 
5048 11 0.9 15 0.9 25 0 30 0.3 31 0 48 0.4 77 0.5 87 0.8 
5224 10 0.9 
5257 89 0.6 
5612 2 0.6 5 0.3 22 0 24 0.4 25 0.9 40 0 84 0.9 98 0.3 
5787 9 0.3 
5811 5 0.9 19 0.3 36 0.8 59 0.7 60 0.6 64 0 89 0 95 1 
5859 18 0.4 37 0.5 49 0.4 69 1 
5937 0 0.3 12 0.3 33 0.6 35 0.5 72 0.9 78 1 96 0.7 
6076 17 0.5 42 0 76 1 
6164 1 0 4 0.3 7 0.6 32 0.6 50 0.8 
6349 0 0 6 0.4 10 0.4 24 0.7 51 0.6 62 0 67 0.9 77 0 97 1 
6481 37 0 45 0.9 56 0.5 64 0.5 90 0.8 93 0 
6527 13 0.6 24 0.9 57 0 58 0.3 67 0.8 72 1 78 0.4 87 0.6 
6572 22 0 27 0.4 43 0.9 44 0 61 0.6 67 0.7 76 0 94 0.4 
6583 1 0 33 0.7 39 0.3 48 0.9 53 0 55 0.9 65 0 93 0 
6587 33 0 78 0.5 86 0 95 0.6 
6623 35 0.4 
6629 17 0.9 32 0 79 0.4 
6915 21 0.9 61 0.7 84 0 86 0.3 96 0.6 
6933 11 0.4 42 0.3 51 1 
6965 64 0 
6968 1 0 2 0.4 5 0.8 11 0 20 0.8 69 0.4 76 0 84 0 
7027 75 0.8 77 0.8 87 0.8 
7076 36 0.4 41 0.5 44 0.6 50 0.8 56 0.7 79 0.5 85 0 95 0.4 
7136 7 0.6 11 0 37 0 52 1 56 0 68 0.9 97 0 
7251 17 0.7 27 0 35 0.6 53 0.9 78 1 89 0.4 
7314 2 0.3 9 0.6 35 0 57 0.3 92 0.6 95 0.5 
7337 14 0.6 80 0.7 83 0.3 
7459 15 0 20 1 28 0.4 55 0.8 60 0.4 82 0.5 96 0.6 
7531 64 0.6 80 1 90 0.6 
7533 8 0.3 12 0.6 19 0.5 27 0.9 35 0.3 45 0 47 1 
7601 5 0.6 
7806 14 0.5 25 0.3 33 0.4 34 0.9 47 0 48 0.5 52 0.6 74 1 
7819 15 1 31 0.6 38 0.7 43 0.8 72 0.7 93 0.9 
7893 2 1 7 0.4 14 0.7 27 1 40 0.5 
8001 18 0.4 23 0.9 88 0.6 
8004 1 1 8 0.4 26 0 29 0 42 0.9 45 1 56 0.3 57 0 94 0.5 
8173 6 0 16 0 24 0.3 26 0.6 33 1 43 0.7 48 0 53 0 58 0 96 0.3 
8283 6 0.8 20 0.5 37 0 55 0.7 56 0.6 77 0 
8305 24 0 89 0.5 
8430 5 0 10 1 25 1 68 0.7 82 0.4 92 0 97 0.6 98 0.8 
8477 1 0 5 0.8 6 0.5 53 0.9 84 0.3 98 1 
8563 3 0.3 64 0.9 
8624 32 0 33 0 35 0 38 0.7 61 0 72 0.4 87 0.9 98 0 
8648 12 0 25 0.3 35 1 53 0.6 63 1 78 0.6 79 0.8 93 0.4 
8949 9 0.8 22 0.9 23 0.6 41 0.9 42 1 51 0 58 1 68 0.7 
8973 24 0.7 59 0.6 64 0.5 73 0 79 0 98 0 
9045 20 0.9 33 0 45 0.8 52 0 91 0 95 0 
9141 21 0.8 34 0.5 37 0.7 
9260 21 1 
9293 34 0.9 46 0.9 60 0 74 0.3 
9348 5 0 16 0 17 0.8 22 0.3 26 0.8 45 0.7 75 0 84 0.3 
9523 6 0.8 22 0.3 37 0.5 42 0.4 48 0.4 
9647 1 0 7 1 19 0.9 51 0.4 59 0.8 63 0.8 83 1 87 0.7 94 0 
9657 42 0 74 0.7 81 0.6 93 1 
9665 2 0 5 0 19 0.8 24 0.7 49 0 62 0.8 66 0.3 78 1 82 0 83 0 
9716 3 0.6 20 0.6 65 0.3 82 0.5 99 0.8 
