100
249 17 0.7 26 0.5 47 0.7 54 0.6 55 1 70 1 76 0 79 0 
299 29 0.3 35 0.4 36 0.8 83 1 
389 9 0.4 19 0.4 25 0.7 27 0.8 39 0.5 55 0.3 57 0.6 73 0.4 94 0.9 
524 0 0.3 
724 63 0.5 69 0.7 87 0.9 
774 29 1 38 0.6 54 0 92 0 
839 0 0.8 4 0.6 21 0.6 23 0.7 27 0.8 77 0.4 87 0 
894 2 0.4 6 0.6 14 0 59 0 66 0.3 73 0.6 97 0 99 0 
984 1 0 4 0.9 32 0 33 0.8 37 0.9 85 0.4 95 0.5 
1117 18 0 
1141 11 0.5 12 0.5 20 0.3 33 0 47 0 56 1 86 0.4 89 1 90 0.4 95 0 
1151 53 0.4 
1243 28 0 49 0.7 55 0 63 1 68 0.6 98 1 
1261 68 0 77 0.6 92 1 
1266 4 1 30 0 32 0.3 34 0.3 46 0.5 60 0 64 1 81 0 85 0.3 87 0.9 
1281 4 0.9 17 0.5 23 0.5 48 0 65 0.6 69 0.7 72 0.3 83 0.9 90 0.6 
1302 17 0.7 28 0 42 0.5 61 0.6 79 0.9 
1333 27 0.7 
1440 6 0.5 58 0.9 84 0.3 
1493 9 0 11 0 16 0.4 28 0.3 40 0.5 81 0 86 0.3 
1545 13 0 69 1 93 0 
1559 3 0.5 18 0 55 0 64 1 65 0 69 0.7 75 0.4 92 0 93 0.4 94 0 
1782 1 0.3 2 1 43 0.7 53 0 54 0 65 1 71 0.9 85 0 99 0.9 
1801 30 0.9 34 0.6 42 0.9 44 0.9 52 1 53 0.3 73 0 80 0 
1889 80 0.5 
1910 2 0 7 1 28 0.5 56 0.9 62 0.4 76 0.3 86 0 92 0.5 
1914 2 1 24 0 56 0.5 67 0 69 1 
2082 14 0.4 20 0 23 1 28 0 35 0.7 63 0.5 67 0 77 0.7 92 1 97 0.8 
2212 20 0.7 37 0.5 39 0.7 50 0.9 53 0.7 54 0.4 75 1 85 1 91 0.8 
2216 13 0 35 0.7 42 0.8 53 0.5 
2272 32 0.9 47 0.4 
2318 3 0.4 25 0.7 26 0.5 38 0.8 44 0.9 51 0 73 0 79 0.3 90 0.9 
2326 4 1 17 0.7 25 0.3 
2328 9 0.4 10 0.4 20 0.7 24 0 27 0.9 55 0.9 66 0 
2348 12 0.4 53 0 62 0.4 93 0 
2392 11 0.6 20 0 
2493 3 0.6 4 0.8 8 0.9 11 0.3 17 0.6 38 0.4 39 0 47 0.6 79 0.9 84 0 
2513 2 0.9 19 0.4 21 0.3 42 0.6 59 0.8 76 0 89 0.5 
2597 1 0.5 16 0.4 22 0.8 25 0 81 0.5 83 0.8 
2788 39 0 60 0.4 72 0.5 
2918 1 0.7 4 0.5 10 0 18 0 23 0.6 47 0 86 0 91 0.3 92 0.5 96 0.3 
2943 7 0.3 14 0 16 0.4 52 0.5 57 0 63 0 68 0.3 91 0.4 94 0 
3472 50 0.8 57 0 
3485 29 0 33 0 39 0.3 62 0.4 71 1 72 0.5 81 0.6 99 1 
3507 0 0.9 14 1 16 0.3 18 0.3 32 0 53 0.5 78 0 
3573 49 0 
3614 32 0 42 0.5 
3637 9 0.9 23 0.5 44 0.7 46 0.8 60 0 61 0 65 0.4 69 0 78 0.3 91 0 
3738 11 0 15 0.6 18 0 23 0.4 35 0.6 50 0 60 0.3 70 0.8 86 0.4 93 0.5 
3891 22 0.5 27 0 46 1 49 0 63 0.5 
4220 10 0.3 56 1 70 0 
4243 13 0.9 
4445 13 0 25 0.9 28 0 37 0 39 1 47 1 49 1 57 0 72 0 93 0.8 
4643 1 0.7 6 0 14 0.9 20 0.5 23 0.8 53 0 66 0 
4983 83 0.9 
5069 5 1 6 0 16 0 23 1 34 0.8 44 0.7 58 0.5 70 0.3 89 0 95 0.6 
5197 75 0.6 97 0 
5286 7 0.5 10 0.3 15 0.6 25 0.6 47 0.4 80 1 
5412 42 1 
5430 2 0.5 7 0.5 15 0 27 0 33 0 63 0.7 75 0.4 79 0.9 
5504 7 0 35 0.5 45 0 52 0.3 
5732 84 0.6 98 0.4 
5932 3 0.7 11 0 27 0.3 56 0 60 0.8 79 0.6 84 0.4 94 0.6 
5994 17 0.7 18 0.3 24 0.7 25 0.8 27 0.5 33 0.8 99 0.4 
6000 6 0.4 7 0 10 0.7 22 0.3 51 0 66 0 82 0.4 85 0.6 96 0 
6043 26 0 31 0.3 43 0.4 51 0.7 64 1 67 0.9 77 0 78 0.5 91 0.8 
6148 1 0.6 21 1 51 0.4 60 0.9 82 0.6 
6397 4 0.3 59 0 90 1 
6480 24 0.5 52 0 56 0 71 1 
6638 17 0 99 0.6 
6651 35 0.5 36 0.7 45 0.6 
6956 29 0.3 45 0 47 0.5 85 0 90 1 
6971 15 0.7 23 0.6 
7144 13 0 72 0.4 
7241 4 0.6 23 0.6 48 0 63 0.5 84 0.8 98 0.4 99 0 
7268 0 0.9 6 0.5 9 0.5 12 0.5 35 0.3 38 0.5 60 0.6 73 0.6 80 0.4 92 0.4 
7481 40 0.5 42 0.7 55 0.4 
7559 29 0 34 0 52 0 67 0.8 82 1 96 0 
7578 30 0 42 0.6 
7612 1 0 8 0.8 17 0 34 0.9 53 0.6 
7638 12 0.6 15 0.9 24 0.5 31 0 33 0 39 0.3 
7779 23 1 67 0.9 71 1 73 0.6 88 0.6 93 0.6 
8059 6 0.7 16 0.8 26 0 29 0.6 39 0.4 41 0.3 46 0.4 59 0.8 85 0.5 
8356 53 0.5 94 0 
8430 5 0.7 10 0.3 25 0 68 0 82 0.8 92 0 97 0 98 0.3 
8535 4 0 26 0 27 0.6 30 0.3 40 0.8 70 0.9 81 0.7 94 1 
8719 22 0.6 45 0.9 46 0 47 1 58 0.6 70 0.5 
8728 7 0.8 99 0.4 
8777 29 0.3 35 0.6 40 0 45 0.5 55 0.4 63 0.3 67 0.6 69 1 90 0.3 
8795 64 0 
9113 19 0.7 28 0 34 0 43 0 51 0 65 0.9 68 0 85 0.9 91 0.7 
9139 6 0.3 14 1 22 0.9 49 0.6 52 0.9 60 0.4 62 0 67 0.5 90 0 92 0.7 
9474 4 0.9 26 0.8 36 0.6 51 1 89 0 94 0.3 
9491 1 0.6 12 0.6 61 0 62 0 
9512 25 0.3 28 0.7 57 0.4 58 0.6 63 0.6 66 0.9 70 0.3 80 0.3 89 0.8 
9555 1 0.5 9 0.7 15 0.6 71 0.4 
9673 8 0.9 20 0.4 49 0 61 1 65 0.3 84 0 
9895 13 0 18 0.4 61 0.5 89 0.9 98 0.8 
9930 6 0.6 12 0.9 16 0 40 0 43 1 50 0.7 52 0 65 0.9 80 0 85 0.5 
9966 42 0 46 0.5 48 0.7 65 0.6 72 0.5 88 0.8 89 0.4 94 0 
