100
49 66 0.7 67 0 71 0.8 83 0.8 84 0.8 86 0.3 99 0.3 
80 38 0.8 40 0.7 82 0 88 0.9 93 0 
102 40 0 55 0.5 
233 97 0 
428 27 0 44 0.9 46 0 54 0 85 0 
462 4 0.5 11 0 28 0 35 1 47 1 63 0 87 0.5 
889 11 0.7 17 0 23 0.4 46 0 52 0.4 80 0.8 82 0 98 0.7 99 0 
1016 2 0.7 10 0.6 28 0 43 0 51 0.4 56 0 62 0.5 71 0.7 94 0.4 98 0.9 
1050 4 0.4 9 0 20 0 52 0.4 54 0.4 85 1 
1113 1 0.4 16 0.5 29 0.5 49 0.9 64 0 68 0.4 71 0.4 82 0.9 
1139 6 0.3 23 0.6 36 1 87 0.8 88 0.5 
1177 28 1 33 0 42 0.8 84 0 85 0.5 87 0.3 
1185 48 0 
1274 11 0 37 0.8 49 1 59 0 69 0.8 84 1 93 0 
1298 23 0.3 48 0 68 0.4 77 0 90 1 94 0.7 
1361 32 1 53 0.5 59 0 65 0 69 0 
1389 1 0 8 0.6 53 1 82 0 
1532 34 0.8 83 0.8 
1758 0 0 21 0 66 0.4 91 0.9 
1878 21 0.3 29 0.5 60 0.5 72 0.3 75 0 79 0.4 87 0.5 96 0 97 0.8 
1927 1 0.8 19 0.6 32 0.3 33 0.7 75 0 
1967 65 0.6 
2003 5 0.7 11 0.4 14 0 19 0 73 0.3 96 0.8 
2006 85 0 86 0 
2265 8 0 32 0.8 49 0.9 72 0.5 96 0.5 
2280 88 0.7 
2337 1 0.6 5 0 33 0.3 44 0.5 45 1 49 0.4 80 0.9 
2425 68 0.9 93 0 
2637 0 0.5 29 0.7 38 0.6 40 0.5 46 0 50 0.8 56 0.8 75 0 77 0.5 
2667 20 0 
2864 17 1 
3077 6 0.8 
3242 28 0 91 0.6 
3300 4 0.4 7 0.5 26 0.9 31 0.5 55 0.8 70 0.5 96 0.4 
3483 27 0 93 0.3 
3534 6 0.8 70 0.7 
3666 11 0.5 38 0.9 46 0 65 1 79 0.7 84 0.3 89 1 98 0.7 
3673 17 0 20 0.6 28 0 43 0.4 49 0 53 0.8 64 0 74 0.3 83 0.5 85 0 
3694 30 0 59 0.8 63 0.6 73 0.6 81 0.6 86 0.6 90 0 96 0 
3728 15 0.9 19 0 52 0 56 0.4 
3772 10 1 28 1 43 0.9 
4042 5 0 15 0.5 25 0.8 43 0 78 0.8 80 0 
4049 52 0 85 0.5 88 0.4 
4118 43 0.8 48 0.3 
4354 18 0.6 49 0 54 0.9 58 0.9 73 0 74 0.9 98 1 
4425 28 0 81 0 
4484 26 0 
4587 9 0 19 1 20 0 34 0.6 52 0.8 
4588 55 0.8 87 0 
4959 38 0.9 47 0 61 0 
4976 10 0 33 0.4 94 0 
5002 22 0 58 0.9 
5396 53 0.6 82 0.3 
5448 8 1 17 0.6 36 0.4 39 0 58 0 63 0.4 97 0.3 
5780 11 1 14 0.9 39 0.6 48 1 70 0.6 85 0.9 86 0 97 0.3 
5835 19 0.5 21 0.8 27 0 39 0 48 0.8 79 0 96 0.8 
5854 36 1 73 0.4 91 1 
5927 11 0.5 29 0.9 85 0 
5975 4 0.8 17 0.7 28 0.9 61 0.9 84 0.7 
6038 1 0.9 21 0.6 42 0.7 82 0 91 0 
6074 19 0.4 
6095 16 0 40 0 44 0.8 81 0.6 83 0.5 99 0.9 
6269 6 0.4 23 0.8 32 0.3 40 0.9 61 0 72 0 88 0 93 0.8 97 0.3 
6444 14 0 15 0 19 0.6 46 1 74 0 93 0 
6454 92 0 
6462 8 0.4 21 0.8 47 0.7 67 0 85 0.7 
6477 37 0 47 1 88 1 
6587 33 0.3 78 0 86 0.9 95 0 
6923 1 0.7 5 0 20 0 25 0 28 0.4 69 0.3 74 0.8 92 1 
6954 9 0.7 59 0 
6961 22 0.7 29 0.3 36 0 40 0.5 53 0 59 0.5 87 0.9 
7161 8 0.5 15 0.9 17 0.3 20 0.5 21 1 49 0.6 69 0 
7189 3 0.9 16 0.8 21 0 30 0.9 59 0.8 97 0.6 
7199 6 0.8 11 0 24 0.7 27 0.3 30 0 38 0.5 40 1 67 0.4 68 0.8 99 0 
7228 44 0.4 93 0.4 
7290 30 0.7 55 0.9 85 0.4 
7523 5 0 13 0.5 14 0.5 58 0 92 1 
7574 39 0.8 72 0.9 
7659 35 0 44 0.3 54 0.7 56 1 60 0.3 74 0.5 80 0.6 86 0.8 
7662 11 0.8 15 0 61 0.3 66 1 68 0 74 0.6 77 0.5 90 0 92 0 
7732 30 0.4 
7773 19 0 28 0.3 34 1 38 0.3 45 0.5 84 0 85 0 95 0.6 
7958 2 0 20 0 47 0.3 58 0.7 63 0.7 74 1 92 0 98 0 
8052 35 0.6 
8446 10 0.6 64 0 68 0.5 75 0.9 96 0 
8478 10 0.6 24 0.8 32 0 48 0.6 50 0.9 59 0 60 0.7 61 0.7 82 0 83 0.6 
8535 4 0.7 26 1 27 0.3 30 0.4 40 0.9 70 0 81 0.3 94 0.8 
8618 0 0.6 51 0.3 62 0.6 63 0.3 65 0.8 74 0.4 
8748 4 0 10 0 39 0.4 71 0 73 0.9 87 0.3 91 0 94 1 
8766 7 0.8 9 0.3 15 0.3 37 0.4 44 0.6 52 0.7 55 0 58 0 77 0.3 94 0 
8975 1 0.4 23 0 24 0.8 30 0.9 38 0 77 0 84 0.9 94 0 99 0 
9084 13 0 17 0 25 0.6 27 0 47 0.7 58 0.6 67 0 
9115 32 0.7 
9211 25 0 54 0.9 70 0.3 72 0.8 
9316 3 0 5 0 9 0.3 10 0.7 29 0.9 55 0.8 67 0.7 82 1 99 0 
9544 5 0.6 10 0.4 23 1 51 0 59 1 85 0 94 1 98 0 
9846 17 0.4 21 0 24 1 36 0 80 0.8 85 0 
9856 15 0.8 35 0.7 53 0.6 
9875 19 0.8 29 0.5 31 1 35 1 46 0.3 48 0 84 0.7 89 0.6 
9912 3 0.5 11 0.6 38 0.6 46 0.4 67 0.6 78 0.5 84 0.8 88 0.9 98 0.9 
