100
135 52 0 57 0.5 66 0.6 88 1 93 0.8 
302 4 0.8 11 0.8 22 0.3 65 0 75 0.7 80 0 89 0.8 94 0 
563 4 0.5 9 0.3 10 0.9 12 0 55 0.8 58 0 62 0.5 67 0.9 
688 17 0 33 0.3 51 0.8 70 0.5 73 0.5 77 0 80 0.5 81 0.8 
705 11 0.4 36 0.8 37 0 46 1 65 0.7 
929 5 0.3 8 0.5 30 0.9 43 0 57 0 76 0.6 81 1 
1000 24 0 
1102 8 0.7 90 0 
1233 28 0 90 0.9 
1259 18 0.3 47 0.9 48 0 51 0.5 66 0.4 70 0.8 90 0.7 
1313 3 0.3 6 0 57 0.6 60 0.4 71 0.3 72 0.5 80 0.7 90 1 99 0.9 
1394 7 0.7 13 0 15 0.9 41 0.5 54 0 64 0 84 0.3 
1398 3 1 71 0 
1401 8 0 
1542 9 0 20 0.3 24 0.9 76 0.7 81 0.4 
1706 11 0 12 0.6 27 0 35 0.8 51 0.8 61 0.4 75 0.6 88 0.3 96 0.4 
1738 33 0 44 0.7 45 0.9 74 0 93 0.9 
1752 4 0 26 0.8 52 0.8 58 0.8 83 0 96 0.8 
1798 22 0.4 93 0.8 
1892 8 0.6 13 0.9 32 0.8 61 0 64 0.4 71 0.9 79 0.8 85 0.3 91 0.9 96 0.4 
1924 4 0.6 7 0.6 22 0.5 27 0 30 0.4 31 0 61 1 63 0.8 66 0 73 0.4 
1925 21 0 40 0.6 42 1 67 0.7 73 0.4 
1983 42 0.6 46 1 49 0.5 52 0.8 77 0.8 89 1 
2011 11 0 44 0.6 87 1 93 0 
2131 61 0.7 72 0.7 73 0.6 78 0.3 96 0 
2236 15 0.9 18 0.3 68 0.5 75 0 92 1 94 0.7 95 0 
2291 34 0 
2411 24 0.5 28 0.9 30 0 49 0.5 68 0 72 0.8 
2420 23 0 47 0 48 0 61 0.3 67 0 77 0.9 78 1 79 0 99 0 
2566 43 0.5 64 0 79 0.7 
2575 1 1 41 0.3 54 1 60 0.9 81 0 84 1 85 0.6 87 0.9 
2578 17 0.3 94 0.3 
2614 5 0.8 21 0.3 64 0.4 75 1 76 0.4 82 0.8 
2622 9 0.6 49 0.4 68 0 
2965 12 0.7 16 0.8 31 0 44 0.3 47 0.6 62 0.9 
2993 15 0.3 18 0.6 24 0.3 49 0.5 56 0.7 61 0 62 0.3 
3028 73 0.4 85 0.5 
3337 15 0.7 22 0.7 50 0.6 54 0.3 62 1 63 0.3 71 0.9 94 0.7 97 0.5 
3530 15 0.8 18 0 33 0 41 0.5 50 0.3 64 0.6 67 0 72 0 73 0.4 
3663 7 0 38 0 47 0.3 59 0.4 
3703 3 0 10 0.5 22 0.5 27 0.5 28 0.8 36 0.8 37 0 52 0 64 0.6 68 0 
3855 40 0.8 69 0.5 
3937 31 0 97 0.6 
4008 20 0.7 28 0.7 39 0 49 0 97 0 
4260 28 0 66 0.6 91 0.6 97 0.6 
4544 0 0 31 0.4 32 0.3 49 0 57 0.3 63 0.4 70 0.6 85 0.6 86 0.5 95 0.6 
4646 21 0 31 0 68 0.3 76 0 92 0 93 0 95 1 99 0 
4701 2 0 48 0.4 
4881 0 0.7 11 0.5 15 1 17 0.8 20 0.5 50 0 60 0.5 76 0 98 0.4 
4897 0 0.9 26 0.6 53 0.5 63 0.9 70 0.8 82 0.8 89 0.5 90 0 
4909 18 0.4 20 0 27 0 34 0 
4923 14 0 51 0.9 
5053 21 0.5 54 0.4 87 0.3 92 0.3 
5057 41 0.9 
5079 1 0 4 0.6 12 0.5 42 0.7 79 0.8 90 1 
5098 27 0.6 35 1 43 0.8 54 0.4 65 0.7 95 0.6 
5250 29 0.8 32 0.5 64 1 
5288 1 0 2 0.4 4 0.5 14 0.9 27 0 28 0 29 1 45 0.6 72 0.8 
5295 38 0.6 61 0.6 99 0.3 
5458 10 0 28 0.4 53 0 57 0.6 82 0.7 99 0.4 
5577 5 0 28 0.8 30 0.7 79 0 86 0 97 0 
5658 96 0 
5794 49 0.3 
5813 62 0.6 
6161 33 0.4 51 0.6 54 0.5 68 0.5 69 0.5 74 0 75 0 77 0.8 80 0 94 1 
6206 42 0 43 1 46 0.9 59 0.9 70 0 
6212 19 0.6 62 0.5 91 0.8 
6395 6 0 17 0 28 0.4 31 0.3 36 0.4 38 1 49 0.4 68 0.4 80 1 81 0 
6566 23 0.8 40 0.5 41 0.4 43 0.6 73 1 
6632 5 0.5 18 0.9 31 0.6 58 1 61 0.3 67 0.6 83 0.8 
6681 27 0.3 
7471 25 0 26 0.9 30 1 38 0.3 53 0 80 0.5 89 0 
7560 16 0.7 36 1 43 0.6 52 1 57 0.5 58 0.9 59 0.3 64 0 79 0.9 
7704 0 0.8 10 0.6 37 1 95 0.8 
7794 0 0.4 2 0.9 28 0.3 67 0.7 93 0 
7878 24 0.3 87 0 
7891 29 0.4 46 0 49 0.4 68 0.9 97 0.9 
7977 25 0.9 43 0 53 0 77 0 85 0.6 89 0.9 91 0 
8093 3 0.8 9 0.3 18 0.5 65 0.6 78 0.9 80 0 98 0.8 
8269 90 0.7 
8297 2 0 73 0.8 92 0 
8320 19 0.9 91 0.7 
8422 17 0 31 0.3 99 0 
8520 17 0.7 34 0.9 48 0.4 99 0 
8602 22 0.4 36 0.6 74 0.4 79 1 81 0 
8690 4 0.6 17 0.7 20 0.3 23 0.8 28 0 42 0.3 68 0.6 70 0.7 93 0.3 95 0 
8777 29 0.6 35 1 40 0.5 45 0 55 0 63 0.5 67 0.4 69 0.4 90 0.8 
8851 14 0.7 32 0.7 
8866 39 0.7 54 0.8 57 0 58 0.6 82 0.8 87 0.8 89 0.9 97 0 99 0.4 
8942 90 0.9 
9021 58 0.5 68 0.6 
9079 34 0.8 36 0.4 43 0 44 0.7 58 1 59 0.5 70 1 88 0.8 95 0.8 
9109 34 0.3 39 0.8 62 0 77 0.3 87 0.6 98 0.6 
9154 17 0.5 28 0.6 39 0 47 0 69 0 71 0.7 80 0.6 91 0.4 
9163 8 0 38 0 58 0.4 59 0 
9281 0 0.3 1 0.4 13 0.8 36 1 40 0.6 50 0.5 53 0.8 64 0 89 0 
9456 2 1 12 0 44 0.3 63 0.8 
9619 3 0.5 27 0.4 75 0 84 0.4 86 0.7 97 0.5 
9734 9 0 73 0.9 
9774 4 0.9 5 0 9 0.9 19 0.7 26 0.8 39 0.7 68 0.8 81 0.9 99 0.3 
