100
54 68 0 81 1 85 0.5 
272 1 0 20 0.9 24 0.3 45 0 48 0 70 0.6 79 1 93 0 94 0.4 
351 11 0 16 0.9 22 0.4 75 0.3 
423 24 0 25 0.3 
477 9 0 33 0 40 0.7 51 1 64 0.4 
497 24 0.9 32 0.3 55 0.7 59 0 69 0 76 0.6 77 0 84 0.8 99 0.6 
621 37 0 44 0.5 47 0.5 56 1 75 0.5 93 0.6 
739 0 0.6 40 0.3 42 0.4 48 0 53 0.6 66 0.3 70 0.6 73 0.7 99 0.9 
767 10 1 38 0.6 
781 9 0.7 61 0.8 63 0 77 0.4 81 0.5 86 0.5 89 0 96 1 99 0 
791 3 0.8 8 0.6 66 0.5 86 0.5 88 0.3 
828 0 0.7 7 0.8 24 1 31 0.8 34 0.5 51 0.8 68 0.3 78 0 86 0.4 92 0.7 
928 40 0.9 76 0 
941 3 0.3 20 0 70 0.4 
1105 11 0 31 0 50 0.5 80 0 81 0.5 95 0 97 0.8 
1127 21 0.7 27 0 43 0.6 45 0.7 47 0.9 67 0.9 
1128 44 0.6 49 0 73 0.9 
1161 7 0 10 0.4 
1287 16 0.7 
1329 2 1 14 0.5 15 0.3 36 0.5 48 0.7 77 0.7 
1730 16 0 52 0 94 0.3 
1744 9 0 18 0.4 33 0 39 0 48 0.7 51 0 55 0.7 63 0.4 92 0 
1821 11 0.4 40 0.7 44 0 58 0 61 0 66 0.5 74 0 98 0.9 
1846 22 0.4 24 0.9 63 0.4 
1908 15 0.6 20 0.4 27 1 43 0 44 0 45 0 53 0.9 76 0 79 0.6 
2150 47 0.9 
2179 23 1 28 0 38 0.7 86 0.3 
2282 51 0 
2301 2 0.8 13 0.9 19 0.8 28 0.5 59 0.8 60 0.6 88 0 91 0 95 0.8 96 0.7 
2457 9 0.8 44 0.7 87 0.6 
2603 1 0.9 19 0.8 38 0 58 0 65 0.8 77 0.9 89 0 
2740 1 0.6 38 1 56 0 94 0.7 
2748 12 0.7 
2854 11 0.3 41 1 44 0.6 
2993 15 0 18 0 24 0.4 49 0.4 56 0.9 61 0.5 62 0.8 
3071 15 0.6 43 0 57 0.9 60 0.5 62 0 68 0.3 75 0.8 84 1 91 1 
3334 4 0.8 7 0.7 29 0.7 34 0 40 0.8 51 0.5 63 0 81 0.3 92 0.9 97 1 
3412 41 0.8 73 0 79 1 
3667 32 0.3 97 0.9 
3886 12 1 16 1 49 0.4 53 0.4 56 1 59 0.7 75 0.5 93 1 99 0.6 
4182 28 1 67 0.6 
4196 4 0 23 0.4 26 0.9 65 0 82 0 85 0.6 88 0.7 93 1 94 0.3 
4220 10 0.3 56 0 70 0.4 
4326 8 0.3 11 0.9 22 0 26 1 59 0.6 68 0.6 73 0.5 85 0.7 97 0.4 
4399 6 0.6 11 0 22 0.4 33 0 40 0.7 45 0.6 52 0 64 0.7 76 0.7 82 0 
4439 2 0 
4455 34 0 40 0 56 0.5 68 0.4 94 1 
4545 52 0.4 60 0.8 93 0.9 96 0.4 
4696 15 0.4 82 0.3 83 0.6 
4941 27 0.4 36 1 
5260 11 0.6 39 0.3 44 0.9 48 0.6 73 0 85 0 90 0.5 95 0.6 
5299 20 0.6 61 0 
5381 6 0 8 0 17 0 40 0.6 44 0.5 71 0.6 88 0.7 
5563 61 0.5 70 0.6 
5633 17 0.9 64 0.3 72 0.7 81 0.4 86 0.5 
5778 20 0.3 57 0.6 59 0 78 0.4 79 0.4 88 0.3 90 1 
5789 4 1 28 0.3 31 0.5 32 0 62 0.4 68 0 91 0.3 93 0.5 95 0.3 
6193 22 0.5 27 0 29 0 39 0 50 0 91 0.7 94 0.5 97 0.5 
6365 60 0.4 70 0.6 73 0 
6481 37 0.7 45 0.8 56 0.8 64 0.4 90 0.6 93 1 
6688 1 0.5 24 0.4 42 0.8 46 0.5 51 0 55 0.9 60 0.6 
6709 9 0.6 30 1 35 0 59 0.4 66 0.8 91 0.5 
6716 13 0 19 0.6 29 0 46 0.6 53 0.9 54 0 58 0 71 0 81 0.6 85 0 
6822 18 0 22 0.7 47 1 53 0 54 0 56 0.3 79 0 99 0.8 
6845 14 0 57 0.5 62 0.4 64 0.4 89 1 
6856 31 0.3 33 0.4 39 0.4 47 0.9 70 0.6 73 0 74 0.9 83 0.9 86 0.7 
6960 11 0.4 17 0.9 31 1 60 0.7 75 0.8 
7126 7 0 49 0 67 1 70 0.9 72 0.5 89 0.8 
7153 30 0.3 44 0 56 0 65 1 86 0.8 
7168 2 0.9 7 0.6 17 0.8 39 0.4 68 0.9 85 0.7 
7264 3 0.9 11 0.4 23 0.9 55 0 69 0.5 80 0.8 87 0.6 99 0.9 
7345 80 0.3 
7383 7 0.5 45 0.8 58 0.9 98 0.3 
7414 4 0.4 5 0.7 16 0.4 35 0.6 44 0.3 69 1 73 0 74 1 99 0 
7450 11 0.7 21 0.6 
7602 24 0.7 41 0 43 0.5 46 0 58 0.4 64 0 72 0.3 73 0 96 0.3 
7620 8 1 22 0.4 36 0.4 45 0 80 0.3 86 0 93 0.8 
7722 5 0.3 8 0.5 9 0.9 16 0 51 0 59 0.9 60 0.7 95 0.8 
7887 5 0 9 0 33 0.4 50 0 74 0.4 
7998 35 0 40 0.3 68 0.9 69 0 83 0.3 
8090 2 0.4 3 0 6 0 11 0.4 15 0.5 25 0.8 60 0 77 0.6 80 0 97 0.6 
8338 14 0.4 34 0 51 0 55 0.7 63 0 90 0.6 
8444 5 1 6 0 14 0.6 44 0.4 61 0 66 0.8 78 0.3 89 0.3 
8472 23 0.7 33 0 34 0 48 0 55 0.4 58 0.9 67 0.8 89 0.7 90 0.7 
8493 29 0.5 35 0.9 37 0.4 63 0.4 72 0.8 
8499 9 0.5 10 0.7 22 0.9 48 0 49 0 53 0.8 72 0 97 0.8 
8509 16 0.8 29 1 30 0 57 0.3 88 0 95 1 97 0.7 
8773 7 0.7 16 0.8 35 0.5 46 1 48 0 51 0.4 57 0 79 0.9 97 1 
9132 25 0.7 33 0.3 39 0.7 46 0.5 61 0.8 70 0 80 0.5 86 0.7 
9182 31 0.8 42 0.3 53 0 59 0.7 67 0 68 0.3 85 0 99 0 
9295 3 0.9 
9423 54 1 55 0.6 94 0.3 
9471 46 1 56 0 69 0.4 86 0.3 
9481 3 0.5 22 0.5 25 0.4 50 0 58 0 70 1 74 0.6 75 0 88 0.8 
9555 1 0.4 9 0 15 0.4 71 0.8 
9559 5 0.6 12 0.3 30 0 59 0 67 0 80 0.6 
9867 91 0.6 
9871 77 0 
9879 1 0.9 21 0 62 0 66 1 71 0.9 72 1 75 0.3 76 0.5 
9955 8 0.4 
