100
75 5 0.9 10 0 11 0.6 17 0.7 26 1 42 0.6 72 0.3 
82 52 0.9 60 0 70 0 75 0.6 
100 17 0.6 
198 0 0.4 5 0.4 23 0 37 0.5 52 0 56 0.5 80 0.6 82 1 89 0 93 0.3 
332 74 0 
481 11 0.7 21 0.9 34 0.8 41 0.7 60 0.4 
484 35 0 49 0.4 52 0 81 0.9 95 0.9 
566 50 0.5 61 1 76 0.5 80 0.5 83 0 
579 28 0.5 68 0 95 0.7 
675 8 0.4 15 0 33 0 41 0.6 45 0.9 82 1 88 0 91 0.3 
939 27 0.8 28 0.4 62 0.6 
1161 7 0.8 10 0.5 
1195 3 1 5 1 25 0 26 0.8 29 0.7 39 0 74 0 78 0.4 86 0 90 0.3 
1271 31 0 32 0.8 80 0 98 1 
1390 71 0.4 
1414 9 0.7 22 1 31 0 36 0 62 0.8 66 0 89 0.3 93 0.8 99 0.9 
1419 12 0.7 
1423 2 0 5 0.4 22 0.7 38 0.5 76 0.6 84 0 
1616 23 0 45 0.3 48 0 
1781 5 0.7 7 0.9 12 1 14 0 57 0.7 71 0.4 
1814 45 0.7 46 1 55 0.4 86 0.4 98 0.8 
1915 2 0 40 0.9 41 0 54 0 55 0.9 73 1 92 0 
1976 66 0.9 91 0.4 
1988 26 0.9 31 0.4 
2004 0 0.3 51 0.8 
2417 7 0.7 18 0.9 30 0.4 43 0 62 0.6 88 0 
2474 12 0.3 35 0 42 0 46 0.8 48 0.8 74 0.3 88 0.3 94 0.7 98 0.9 
2531 22 0.8 24 0.7 36 0.8 43 0.6 64 1 
2548 15 0 55 0.6 60 0.5 72 0.5 82 0 93 0.5 99 0.4 
2592 10 0.8 14 1 19 0.3 40 0.7 53 0 57 0.6 64 0.4 77 0 
2623 4 0.7 29 0.7 
2652 8 0 11 0.6 30 0.3 37 0.9 49 0.8 80 0.9 
2936 32 0.6 45 1 57 1 
3030 6 0.4 16 0.4 19 0.5 30 0.9 32 0.9 66 0.5 68 1 82 0.7 88 0 97 0 
3124 13 0 40 0.4 43 0.5 55 0.6 63 0.3 83 0.5 91 0.8 97 0.3 
3191 9 1 21 0.5 27 0.4 34 0.4 39 0.8 43 0.3 44 0 52 0.9 80 0 
3295 4 1 26 0.6 29 0.3 37 0 45 0.4 48 0.6 54 0 72 1 83 0.9 
3302 13 0.3 
3394 9 0 27 0.9 35 0 47 0.6 63 0.7 66 0.6 69 0.7 72 1 
3411 12 0.8 26 0 38 0 47 0.5 55 0 69 0 84 1 88 0 
3543 19 0 41 0 43 0 45 0.5 65 0.7 75 1 
3628 11 0.4 34 0.8 40 0.7 43 0 53 0.6 63 0.9 77 0.6 81 0 82 0.5 97 0 
3745 63 0 82 0.3 
3751 4 0.9 8 1 26 0 38 0.6 44 0.6 46 0.3 52 0.5 61 0.7 74 0.8 89 0.8 
3777 4 0.7 6 0.9 
3814 10 0.6 23 0.5 40 0.3 41 0.8 70 0 81 0.7 
4067 11 0.7 17 0.9 56 0.9 59 0.4 71 0.3 72 0 85 0 93 0.6 99 0.5 
4069 1 1 18 0.6 24 0.3 32 0 52 0 82 0.8 92 0.5 94 0.4 95 0.6 98 0.4 
4456 6 0.6 
4670 36 0.9 63 0.5 90 0.7 
4731 10 0.3 37 0.5 56 1 63 1 
4744 57 0.8 65 0.8 66 0 
4761 7 0 30 0 57 0 63 0 89 0 
4846 62 0 
4890 5 0.5 29 0 46 0.5 55 0 
5157 44 0.8 54 0.4 77 0.5 82 0.6 
5235 4 0 59 0 87 0.5 93 0.3 
5432 56 0.8 78 0.7 
5564 4 0.4 5 1 9 0 18 0.7 34 0.9 38 0 45 0.7 56 0 64 0.6 85 0 
5597 20 0 27 0.5 34 0 39 0.8 86 0 88 0 
5660 11 0.8 28 0.6 
5780 11 0.8 14 0 39 0.7 48 0.6 70 0 85 0.9 86 0.7 97 1 
5975 4 0 17 0.8 28 0.3 61 0.7 84 0.6 
6072 8 0.8 26 0.3 44 0.4 45 0.7 68 0.8 71 0 73 0.7 86 0.7 97 0 
6260 61 0.7 
6376 90 0.8 
6409 39 0.5 57 0 58 0 69 1 70 0 89 0 
7184 30 1 53 0.8 
7202 86 0 
7305 15 0.7 50 0.9 59 0.4 
7389 7 0.4 81 1 98 0.3 
7484 25 0.3 59 0.6 68 0 75 0.8 80 0.7 83 0 87 0.7 
7532 19 0 37 0.4 39 0 66 0.3 67 0.5 73 0 75 0 81 0.9 
7602 24 0.4 41 0.6 43 0.7 46 0.5 58 0.4 64 0.7 72 0.4 73 0.3 96 0 
7680 12 1 36 0.9 54 0.8 67 0 72 0.7 76 0 77 0.6 82 0.5 91 0 99 0.6 
7706 12 1 16 0.6 27 0.5 69 0.9 71 0.7 
7722 5 0 8 0.6 9 0.9 16 0 51 0.4 59 0.7 60 0.4 95 0.3 
8165 8 0.9 16 0.7 59 0 75 0.4 
8206 10 0.6 13 1 14 0.6 54 0.4 97 0.4 
8445 27 0.9 38 0.4 51 0.8 
8450 55 1 
8503 9 0.8 12 0.9 15 0.8 22 0 33 0.8 41 0.8 55 0 56 0 81 0 95 0.4 
8506 5 0.9 32 0.4 62 0.4 97 0.8 98 0 
8707 51 0.3 
8775 0 0.5 6 0.4 11 0.3 16 0.7 18 0 47 0.4 62 0.7 91 0.3 92 0 
8868 0 0 26 0.5 43 0.4 64 0 71 0 79 0.4 99 0.3 
9207 45 0.7 55 0.3 57 0.5 73 1 85 0.6 
9262 2 0.3 4 0.8 29 0 30 0.4 39 0.3 64 0 66 0.9 76 0.4 
9286 50 0.3 
9300 6 0.6 14 0.4 29 1 33 1 43 1 49 0.7 63 0 67 0.4 
9405 8 0.6 14 0 35 0.9 40 1 44 0 82 0 86 0.7 
9623 15 0.5 42 0.5 
9631 62 0 
9737 80 0.7 
9814 84 0.7 
9907 1 0.8 3 0.6 39 0.5 72 0 
9910 7 0 
9919 9 0 32 0.6 40 0.4 46 0.9 76 0.8 87 0 
9961 92 0.6 
9988 15 0 17 1 22 0.7 42 0.8 77 0.5 
