100
1 69 0.3 
51 48 0.8 51 0 56 0.5 57 0.6 63 0.8 85 0 92 1 
57 22 0.9 28 0.7 44 0.5 55 0 69 0.4 74 0.6 77 0.5 
193 22 0.3 68 0.6 
266 26 0.4 
291 32 0.5 38 0.3 40 0.6 90 0.4 
320 24 0 30 0.5 40 0.5 94 0 
338 15 0.7 22 0.3 34 0.4 47 0.7 48 0.9 68 0.8 78 0.4 
446 5 0 64 0 69 0.9 83 0 
537 18 0 31 0 51 0.8 84 0.4 
665 10 0 14 0.3 27 0 44 0.8 46 0.6 51 0.8 57 0.3 75 0 
683 8 1 19 0.5 21 0.4 26 1 33 0 41 0.7 54 0 67 0.8 83 0.8 
775 0 0.5 53 0 66 0 80 0 90 0.9 96 0.8 
788 38 0 52 0.3 75 0.3 
790 13 0.7 30 0 34 0.7 42 0.8 63 0.6 66 0.7 70 0.9 74 0 98 1 
825 54 0.8 80 0 97 0.5 
950 6 0 21 0 56 0.7 62 0.4 76 0 85 0 87 0.9 
1075 10 0 12 0.6 24 0.7 36 0 46 1 51 0.5 52 0.5 59 0.9 92 0.7 96 0.9 
1089 2 0.9 6 0 23 1 26 0.7 42 0.3 78 0 85 0.6 87 0.3 95 0 
1115 54 0 
1223 40 1 47 0.4 51 0.8 57 0.8 74 0.3 77 0.6 89 0.6 
1292 27 0.8 42 0.8 57 0 62 0.5 82 0 
1321 5 0 11 0.8 18 0.4 34 0.6 42 0 54 0 60 0.7 67 0 69 0 79 0 
1355 3 0.9 24 0.7 26 0.8 47 0.5 72 0.3 73 0.3 
1517 56 0 92 0.5 
1547 78 0.5 
1626 29 0 34 0.6 51 0 60 0 65 0.5 67 0.5 72 0.9 96 0.9 97 0.6 98 0 
1880 6 0 45 0 98 0.9 
1954 23 0.8 50 0 72 0.5 74 1 
1963 66 0.3 77 0.3 91 0 94 0.7 
2007 24 1 25 0.5 29 0.7 78 0 
2129 6 0 11 0.7 
2234 8 0.9 19 0.9 30 0.7 32 0.5 33 0.4 41 0 75 1 84 0.6 
2359 5 0.9 46 0 85 0.9 88 0.7 96 0 
2363 4 0.5 13 0 18 1 47 0.3 50 0.7 59 0.8 74 0 78 0 84 0.5 96 1 
2477 98 1 
2533 1 0.9 7 0.4 13 0.6 28 0.5 45 0.6 46 0.4 53 0 84 0.3 93 0.5 
2587 16 0.5 52 0.5 59 0.8 
2655 51 0.5 66 0.8 
2726 19 0 46 0 57 0.5 82 0.8 
2788 39 0.3 60 0.7 72 0 
2821 10 1 28 0.9 41 0 45 0.9 63 0.6 65 0.5 72 0.8 99 0.9 
2860 7 0.3 46 0.9 50 0.9 94 0.5 
3030 6 0 16 0.9 19 0.9 30 0.8 32 0 66 0.7 68 0.8 82 1 88 0.5 97 0.5 
3039 12 0.5 15 0 31 0.6 47 0.4 53 0 67 0 88 0.5 
3065 5 0.3 8 0.3 18 0 30 0.6 51 0.5 54 0.6 94 0.3 
3323 2 0.6 22 0.5 35 0.5 45 0.9 56 0 60 0.7 71 0 84 0.8 94 0.8 
3555 14 0.7 20 1 24 0.9 27 0.5 39 0.4 53 0.7 66 0.6 68 0.6 89 0.3 91 0.5 
3847 3 0.3 10 0.3 26 0 27 0.6 29 0.9 36 0.5 49 0.9 51 1 77 0.3 83 0 
3942 1 0.7 40 0.9 43 0.3 71 0.9 73 0.3 95 0.7 
4125 6 0.4 13 0 26 0.8 27 0.9 44 0.3 45 0.7 67 0.6 83 1 87 0.9 
4324 20 0 38 0.7 48 0.3 65 0 88 0 
4651 17 0 41 0.7 58 1 82 0.6 87 0.4 
4921 20 0.5 82 0 
4961 1 0 16 0.8 18 0.8 35 0.5 39 0.3 40 1 57 0.7 59 0 89 0.5 91 0 
5073 5 0.9 6 0.7 7 0 13 0.4 15 0 47 0.7 62 0.8 88 0.8 
5350 1 0 4 0 10 0.5 11 0.4 51 1 57 0 72 0.5 90 0.9 
5400 5 0.7 10 1 18 0 25 1 31 0.9 43 0.7 
5549 2 0.7 8 0.7 55 0.7 
5588 20 0.6 51 1 58 0 61 0 77 0.4 84 0.7 85 0.8 88 0.8 
6056 6 1 37 0 40 0 47 0.8 61 0.5 97 0 99 0 
6107 70 0 99 0.6 
6300 85 0.3 
6301 0 0.5 46 0.3 58 0.7 59 0.7 61 0.5 65 0 76 0.4 79 0.3 94 1 
6317 4 1 12 0.9 42 0.7 57 1 78 0.7 81 0.7 
6357 36 0 46 0.4 76 0.6 80 0.7 96 0 
6367 32 0.8 56 0.6 68 0.3 78 0.7 87 0.8 
6391 27 0.3 40 0.5 62 0.9 63 0.3 
6482 6 0 10 0.7 12 0 37 0 45 0.7 57 0.8 60 0.3 62 0.3 66 0.3 
6572 22 0 27 0.6 43 0.8 44 0.3 61 0.6 67 0.7 76 0.5 94 0.3 
6836 13 0.4 16 0.8 24 0 39 1 59 0.3 63 0.9 64 0.6 66 1 73 0 89 0 
7094 3 0.3 5 0 15 0 40 0.8 41 0.8 43 0 54 0.4 67 0.3 80 0.9 86 0.3 
7208 25 0.3 95 1 
7216 17 0.7 62 0.5 
7399 2 0 6 0.7 22 0 29 0.8 54 1 63 0.5 89 0 97 0.3 
7444 3 0 18 0.3 86 0.8 
7474 92 0 
7502 55 0.6 87 0.9 
7567 9 0 28 0.7 30 0 34 0.6 44 1 55 1 78 1 85 0.3 98 0.6 
7588 2 0.3 19 0 36 0 57 0 68 0 
7644 15 1 61 0 
7670 35 0.3 41 0.6 42 1 66 0.4 67 0.8 70 0.7 
7675 1 0 52 0.7 61 0.3 
7694 41 0.9 67 1 83 0.5 95 0 
7850 23 0.9 32 1 44 0.7 45 0.4 48 0 66 0.9 69 1 
7965 10 0 25 0.5 29 0 34 0.8 36 0.5 46 0.5 71 0.5 81 0 96 0 
8139 7 0 23 0 34 0.4 63 1 90 0.7 95 0.7 
8153 17 0 35 0.8 46 0.7 73 0.7 92 0 
8530 6 0 47 0.4 61 0.3 62 0 65 0.3 88 0.8 
8536 9 0.9 10 0.9 28 0.6 39 0.5 52 0.9 58 0.5 71 0.6 77 0 98 0.8 
8547 21 0.5 43 0 46 0 51 0.8 59 0.3 65 0.8 74 0 79 0.8 85 0.9 
8687 6 0.9 50 0.4 58 0.9 71 0.4 90 0.5 
8701 10 0.5 21 0.9 37 0 82 0.6 89 0.9 
8906 1 0.8 10 0.4 14 0.3 32 1 38 0.4 53 0.5 54 1 70 0 87 0.6 
9134 2 0 9 0 28 0.5 90 0.7 99 1 
9337 11 0.6 76 0 
9406 24 0 28 1 53 0.3 67 0.4 80 0.6 81 0 85 0 95 0.3 96 0.6 
9883 4 0.8 7 0 24 0.7 33 0.4 37 0 39 0.3 48 0 66 0 84 0 
9916 13 0.6 29 0 42 1 52 0.5 70 0.6 83 0 84 0.8 86 0.5 99 0.9 
9990 54 0.3 57 0.4 61 0.9 87 0 91 0 92 0 
