100
9 45 0.4 55 0.5 62 0 83 0 87 0.8 
27 9 0 20 0.9 38 0.8 41 0.8 46 0.7 64 0 
34 3 0 34 0.3 35 0.7 45 0.6 87 0.3 93 0.6 
176 40 0.3 
192 16 0 29 0.3 35 0.8 46 0.9 73 0.3 93 1 
274 4 0.8 13 0.8 38 0.7 50 0.5 52 0.6 67 0 68 1 72 0 82 0.5 88 0.9 
288 34 0 35 0 38 0.6 58 0 67 0.9 71 0.9 
452 47 1 50 0.5 64 0.3 
509 39 0 42 0.7 91 0 92 0 
529 70 0.7 86 1 
651 47 0.4 94 0.5 
715 16 0 20 0.6 30 0.7 41 0.5 58 0.4 61 0 70 0.9 77 1 81 0.4 
761 39 0 72 0.3 84 0 85 0.6 86 0 90 0.3 98 0 
810 16 0.5 33 0 64 0.5 68 0 
815 3 0 65 0.5 81 0 
846 54 0.3 67 0 
848 40 0.5 62 0.3 68 0.5 70 0 74 0.5 76 0.7 79 1 93 0.5 95 0.3 
924 59 0.8 65 0.8 83 0.8 99 0.9 
940 40 0.6 90 0 94 0.9 
977 0 0 6 0.5 8 0.4 75 0.9 77 0 
1007 34 0.6 72 0.5 
1044 89 0.7 
1454 2 0.7 3 0.7 11 0.6 42 0.5 47 0.5 59 0.6 77 0.3 85 0 97 0.9 
1459 0 0.3 2 1 7 0.6 14 0 19 0.7 38 0.5 83 0.9 86 0.7 87 0.4 91 0.7 
1585 13 0 21 0 22 0 53 0 66 0 73 0.9 75 1 81 0.6 89 0.3 91 0.9 
1636 0 0 32 0.4 94 0.8 
1687 36 0.7 
1883 5 0.3 7 0.4 13 0.3 14 0.4 45 0.9 46 0.9 61 0.5 69 0 72 0.5 
1898 26 0 60 0.9 62 0 67 0.3 69 0.8 76 0.4 78 0.5 79 0.7 84 0.5 
1905 20 0.6 21 0 25 0.3 32 0 56 0.5 60 0.8 65 0.6 66 0.8 72 0 75 0.6 
1906 40 0 50 0.3 54 0.4 56 0.3 69 0.9 85 1 98 0.6 
1994 95 0.4 
2041 3 0.3 23 0.7 32 0 63 0.3 70 0.4 
2099 16 0.7 48 0.7 55 0.5 57 0.3 74 0.6 90 0.5 
2123 0 0.9 1 0.4 7 0.6 9 0.7 28 0 52 0.9 62 0.3 68 1 75 0 
2163 5 0.8 55 0.9 74 0.3 75 0 
2365 84 0 87 0.5 89 0.5 97 0 
2396 45 0.5 48 0.4 57 0.5 60 0 63 0.4 71 0 83 0.3 
2472 86 0 
2493 3 0.6 4 0.5 8 0 11 0.6 17 0 38 0 39 0.3 47 0.9 79 0.4 84 1 
2543 1 0 3 0 21 0 29 1 34 0.5 72 0 75 0 79 0.3 89 0.9 
2580 3 0.7 48 0 59 0 61 0.7 67 0 75 0 78 0.7 92 1 
2645 64 0 
2654 6 0.9 8 1 17 0 36 0.8 59 0.4 65 0.8 76 0.7 85 0.6 88 0 93 0.7 
2708 0 0 18 0.5 37 0.8 39 0.5 48 0 58 1 88 0.4 99 0 
3064 90 0 
3180 8 0.8 20 0.7 33 0.7 48 0 49 0 54 0.9 60 0 63 0.6 67 0.4 72 0.4 
3316 0 0.7 19 0 67 0 68 0.6 82 0.6 
3736 19 0.5 57 0 66 0.8 78 0.4 79 0.4 84 0 87 0.7 91 0.4 95 0.8 
3872 10 0 
4114 33 0.5 39 1 46 0 56 0.6 
4391 83 0 94 0.5 96 0.3 
4439 2 0.4 
4520 9 0.3 15 0.4 20 0.6 25 1 26 0.8 47 0 48 1 80 0.3 97 0.8 
4568 58 0 77 1 
4995 13 0 23 1 57 0.6 59 0.5 61 0.9 71 0 92 0 95 0.9 99 0.8 
5055 6 0.9 37 0.3 50 0.9 52 0 58 0.4 67 0.9 70 0 79 0 92 0 
5235 4 0.9 59 0.7 87 1 93 0.4 
5324 14 0.5 40 0.7 
5346 7 0.5 11 0.4 31 1 60 0 
5757 6 0.3 11 0.3 13 0.3 31 0.5 35 0.5 36 0 37 0.6 83 0 91 0.6 97 0.4 
5875 7 0.7 
6076 17 0.9 42 0 76 0.7 
6283 15 0 
6300 85 0 
6758 60 0.9 
6786 37 0.8 40 0.8 41 0.4 75 0.5 
6800 50 0.7 59 0.6 60 0.3 62 0 96 0.3 
6811 24 0 27 1 30 0 51 0 63 0 64 0 80 0.6 91 0.7 
6878 29 0.7 45 0.4 49 0.5 68 0.8 89 0 
6881 10 0.5 11 0.5 24 0 73 0.3 74 0.9 95 0.8 
7133 1 0.4 34 0.5 41 1 51 0.9 82 0.8 
7186 8 1 30 0 33 0 40 0.3 41 0 45 0 77 0.8 86 0.9 87 1 96 0.8 
7365 19 0.3 26 0 44 0.5 45 0 78 0.3 
7376 28 0.5 
7528 3 0.6 24 0.9 
7592 5 0 27 0.9 31 0 56 0.4 57 0 58 0.3 66 0.5 82 0.9 89 0.8 95 0.6 
7692 30 1 
7860 5 0 42 0.8 47 0.5 55 0.3 74 0.3 
7887 5 0.8 9 0 33 0.8 50 0 74 0 
7949 9 1 15 1 48 0.6 53 1 98 0 
7962 59 0.8 
8010 9 0 32 0.4 54 0 72 1 
8025 2 0.5 11 0.5 21 0.3 27 0.6 29 0.7 61 1 
8069 0 0.5 21 0 48 0 50 0.9 68 0 89 1 
8093 3 0.8 9 0.3 18 0.4 65 0 78 0 80 0.3 98 0.5 
8577 4 0.4 12 1 28 0 42 0.8 47 0.5 67 0.5 75 0.4 84 0 90 0.6 93 0 
8592 7 0.4 41 0 43 0.7 46 0.4 66 0 70 0 72 0.9 75 0 87 1 99 0 
8916 4 0.5 12 0.4 14 0.3 23 0.5 54 0 70 0.9 81 0 82 0.7 94 0 98 0.8 
8964 42 0.5 83 0.4 
8978 25 0.8 32 0.7 53 0 68 0.5 71 1 93 0 97 0.9 
9081 8 0 16 0 23 0.9 27 0.3 33 0.5 47 0.5 61 0 88 1 96 0.3 
9353 2 0 49 0.9 53 0.3 71 0.9 76 0 91 0 
9437 44 0.9 68 0 
9458 11 0.3 19 0 22 0.5 42 0.5 43 0.8 54 0 66 0.9 
9523 6 0.7 22 1 37 0 42 0.4 48 0 
9526 17 0.8 29 0.5 31 0.8 83 0.9 87 0.8 95 0.5 98 0 
9532 78 0.6 
9703 14 1 
9938 2 0.7 51 0.7 52 0 58 0.9 85 0.5 
