100
76 14 0 42 0.8 49 0.8 59 0.7 60 0.6 61 0.9 64 1 67 0.9 93 0.8 
90 34 0.5 84 0.9 88 0 
100 17 0.9 
183 4 0.8 28 0.8 29 0.3 30 0 45 0 61 0.5 74 1 77 0.5 80 0.4 91 0.7 
202 21 0.3 37 0 56 0 64 0.9 67 0.5 72 0.9 75 0.8 83 1 
287 12 0 18 1 25 1 37 0.3 45 0 52 0.3 53 0.4 66 0.9 73 0 98 0.9 
462 4 0 11 0 28 0 35 1 47 0.6 63 0.6 87 0 
476 12 0 19 1 23 0 30 0.5 37 0.9 49 0.3 75 0.3 79 0.9 
592 1 0.5 5 0.3 19 0 21 0 68 0.9 88 0.6 90 0 
614 1 0.5 23 0 26 0 32 0.8 40 0.4 81 0.4 96 0 
620 36 0.9 
645 2 0.9 9 0.4 14 1 28 0 93 0.8 
655 0 0.9 2 0 4 0.7 28 0.7 40 0 44 0.4 81 1 89 0 
712 16 0 19 0.8 45 0.6 66 0.7 75 0.5 77 0 94 0.3 
840 44 0.8 49 0.8 
855 39 0 56 1 70 0.6 79 0.8 81 0.8 
879 36 0 95 1 
913 16 0.5 18 0 23 0 31 0 54 0 
1331 6 0 39 0.4 47 0 52 0.8 57 0.6 74 0.4 78 1 90 0.4 
1333 27 1 
1366 0 0.4 3 0.3 10 0 25 0.4 31 0.8 49 0.4 73 0.8 98 0 
1514 0 0.9 22 0.6 46 0.6 68 0.3 82 0.3 86 0.3 87 0 97 1 99 0.5 
1579 0 0.9 2 0.6 4 0.5 46 0.9 
1621 8 0.4 87 0 
1647 27 0.6 29 0.6 45 0 
1675 21 0.5 28 0 42 0.3 51 0 72 0.6 89 0.6 97 0.5 
1779 19 0 22 0.5 25 0.9 30 0.7 39 0.3 48 0.3 53 0.4 81 0.8 99 0.5 
1825 88 0.4 
1852 3 0.6 6 0.3 7 0.5 42 0.9 86 0.6 
1942 15 0.7 20 0.7 39 0.5 61 0.9 62 0.8 65 0.8 79 0.7 
2000 13 0.4 21 0.8 42 0.5 43 0.6 47 0.7 53 0.7 59 0.7 85 0.5 94 0.4 
2038 34 0.6 
2082 14 0 20 0.4 23 0 28 0.4 35 0 63 0.7 67 0 77 0 92 0 97 0.3 
2108 0 0 29 0 42 0.3 46 0 85 0.9 
2287 3 0.9 9 0.3 15 0.6 71 0 
2664 2 0.9 4 0.6 15 0.8 21 0 24 0.5 34 1 65 0.7 74 0.7 75 0.6 78 0.6 
2697 2 0.4 7 0.7 21 0.5 48 1 83 0.3 91 1 94 0.4 97 0 
2759 63 0.3 72 0.3 
2784 19 0 30 0.6 37 0.8 43 0.8 65 0.9 71 0.5 95 0.4 
2795 13 0.3 38 0 48 0.3 49 0.7 55 0 71 0.5 75 0.6 84 0.6 
2817 22 0.3 24 0.7 32 0.8 35 0.7 54 0.5 56 1 58 1 69 0.6 77 0 88 0 
2834 89 0.5 
2843 9 0.9 10 0 27 0.7 43 0.8 66 0.9 75 0 86 0 87 0.4 
2912 24 0 28 0 75 0.3 
2960 2 1 17 0.3 19 0.7 43 0 47 0 77 0.5 93 0 94 0.4 
2983 10 0.4 14 0.8 42 1 46 0 51 0 57 0.4 62 0.9 65 0.6 96 0 
3029 35 0.5 52 0.3 66 1 97 0 
3052 7 1 
3117 16 0.8 21 0.9 23 0 31 0.8 36 0 42 0.7 45 0.5 54 0.7 98 0.8 
3141 13 0.3 18 0.6 19 0.8 66 0.9 86 0 99 0 
3247 6 1 30 0 44 0.8 56 0.8 
3336 38 0.5 89 1 
3399 21 1 29 0.3 38 0 
3576 66 0.9 70 0 
3685 31 0.9 
3783 5 0.6 7 0.6 29 0.4 39 0.9 42 0.6 55 0.9 78 0.9 87 0 95 0 
3837 25 0.9 46 0.6 60 0.5 74 0 88 0.4 89 0.3 
3852 17 0 26 0 29 0.8 69 0.6 81 1 92 1 95 0.4 
4035 54 0.7 55 0 57 0.7 66 0.8 
4096 13 0.4 14 0.7 16 0.6 91 0.6 
4126 4 1 11 0.6 38 0.5 40 0 45 0.9 59 1 76 0.6 
4139 7 0.3 53 0 91 0.5 
4209 39 0.6 44 0.3 72 0.8 81 0 
4379 14 0 43 0 75 0.8 78 0.5 89 0.8 
4544 0 0 31 1 32 1 49 0.6 57 0.3 63 0 70 1 85 0.7 86 0.9 95 0.9 
4616 52 0 
4674 25 0.3 30 0.4 33 0.6 37 0 51 0.9 59 1 70 0.5 85 0 
4689 19 0 24 0.4 35 0.4 56 0.9 71 0 
4791 31 0.8 33 0.7 52 0 66 0.5 67 0 
4857 10 0.9 36 0.3 41 0.3 78 0.9 
4993 29 0.5 30 0 32 1 35 0 
6057 6 0 9 0.7 57 0.5 65 1 74 0 95 0 97 0.4 
6135 20 0 50 0 69 0.4 80 0.5 81 0 91 0 92 0.7 94 0.4 96 0.5 
6538 14 0.6 16 0 20 0.9 34 0.3 50 0.8 63 0 75 0.9 93 0 98 0.9 99 0.4 
6707 48 0 78 0.5 83 0.4 84 0.3 87 0.3 89 0.9 90 0 
6822 18 0 22 0.7 47 1 53 0.6 54 0.6 56 0.4 79 0 99 0.6 
6891 25 0.3 39 0.3 45 0.6 47 0 56 0 82 0.8 
6892 38 0.3 51 1 61 0.7 64 1 70 0.7 72 0.4 80 0.7 90 0.3 
7131 37 0.5 
7402 15 0.5 66 0.4 74 0 81 0.5 
7586 9 0.7 11 0.8 16 0 19 0.3 32 0.9 79 0.4 98 0.5 
7597 15 0 19 0.9 25 0.7 57 0.7 73 0.9 
7638 12 0.7 15 0 24 0 31 0 33 0.3 39 0.3 
7667 10 0.5 25 0.5 99 0.4 
7773 19 0.7 28 0.6 34 0.7 38 0.8 45 0 84 0.9 85 0 95 0.7 
7820 14 0 28 0.7 30 0.4 43 0.3 51 0 58 0.5 68 0 71 0.4 
8010 9 0 32 0.7 54 1 72 0.3 
8096 15 0.3 50 0.9 71 0.5 74 0.4 
8158 4 0.4 10 0 12 0.5 22 0 24 0 37 0 81 0.3 98 0.6 
8222 15 0.4 32 0 48 0 66 0.7 69 0.6 81 0.7 
8598 14 0.7 24 0 25 1 31 0 38 0.4 51 0.9 64 0.6 68 0 82 0 89 0.3 
8729 5 0 
8736 16 0.7 21 0.9 29 1 43 0.7 50 0.6 70 0.5 83 1 87 0.3 
8899 10 0.4 14 0.8 16 0 52 0.5 54 0 62 0.8 68 0.3 82 0.8 90 0.8 98 0.5 
9191 37 0 42 0 59 1 74 0.8 80 0.9 
9287 0 0.5 2 0 52 0.4 56 0 58 0.7 61 1 86 0.4 93 0.4 
9402 13 0.8 15 0.4 48 0.8 52 0 57 0.7 58 0.7 72 0.5 79 0 80 0.4 87 0 
9479 59 1 
9815 7 0 8 0.3 11 0.5 15 0.9 34 0 37 0.9 71 0.4 73 0 80 0.7 85 0 
9901 11 0.9 18 0.5 86 0.7 
