100
15 4 0 9 0.7 16 0.8 26 0.3 34 0.9 40 0 60 0 
26 10 1 23 0 44 0.5 70 0 86 0.9 98 0.4 
43 6 1 20 0 26 0.6 35 0.4 41 1 53 0 77 0 84 0.4 86 0.9 
216 4 0 8 0.4 35 0.5 37 0.8 
293 1 0.3 16 0 41 0.8 47 0.6 59 0.4 81 0.8 91 0 93 0.9 95 0.9 
328 25 0.6 56 0.5 
332 74 0.8 
335 4 0 35 0.4 53 0 97 0 
538 8 0.6 18 0 52 0.8 94 0 
580 6 0.6 16 0 35 0.4 37 0 55 0.4 67 0.5 89 1 93 0 
692 70 0.7 72 0.3 73 0.4 80 0.5 85 0.5 89 0.7 96 0.3 99 0.3 
771 7 0.9 17 0.6 50 0.8 68 0.8 70 1 71 0.6 72 1 
807 26 0 36 0.7 49 0.4 53 0.9 73 1 77 0 86 0.6 95 0.3 
858 10 0.6 21 0 37 0.9 40 0 54 0.3 57 0.3 71 0 
955 29 0.9 38 0 74 0.6 
1044 89 0.7 
1124 3 0 4 0.6 35 0 43 1 54 1 65 0.8 72 1 81 1 84 0 85 0.4 
1134 13 0.6 62 0 63 1 
1186 30 1 41 0.6 96 0 
1198 12 0 37 0.5 53 0.8 54 1 58 0.3 81 0.8 82 1 93 1 
1215 1 0 2 0 6 0.7 61 0.5 64 0.6 66 0.9 93 0 94 0.8 
1287 16 1 
1296 16 0.8 39 0.3 84 1 
1303 1 0.3 36 1 38 0.5 66 0.8 83 0.7 87 0 89 0 95 0.3 
1325 11 0.8 27 0 84 0.5 92 0.5 
1462 80 0 89 1 
1774 50 0.3 
1881 0 0.5 3 0.8 11 0.3 41 0.8 60 0 74 0.7 95 0 
1896 46 0.6 60 1 62 0.5 71 0 87 0.7 96 0 98 0.3 
1898 26 0 60 0.6 62 1 67 0.9 69 0 76 0 78 0.3 79 0.4 84 0.7 
1924 4 0.4 7 0.7 22 0.9 27 0.6 30 0 31 0.8 61 0.6 63 0 66 0.7 73 0 
1959 9 0.4 11 0.4 57 0.8 81 0.3 
1978 17 0 21 1 33 1 38 0 40 0.8 46 0 59 0.8 62 0.8 88 0 91 0.7 
2173 28 0 36 0.9 71 0.8 98 0.6 
2256 3 0.9 12 0 15 0.7 19 0.4 24 0.8 26 1 32 0 46 1 60 0.5 81 0.3 
2315 7 0.3 11 1 17 0.8 34 0.4 59 0 89 0.7 93 1 94 0.6 96 1 
2380 0 1 9 0 21 0.5 34 0.6 53 0.3 68 0 85 0.6 89 0 90 0 
2613 7 0.7 85 0 
2641 31 0 38 0.3 44 0.4 61 0 71 0.8 
2659 27 0 37 0.8 43 0.8 47 1 77 0.8 84 0.4 85 0.9 88 0.7 
2705 11 0.4 27 1 45 0.9 65 0.5 94 0 
3024 10 0.7 24 0.3 41 0.8 50 0.9 74 0 93 0.7 95 0.7 97 1 
3258 7 0.7 14 0.9 21 0.3 41 0.6 60 0.9 78 1 81 0.3 88 0 89 1 98 0.9 
3279 21 0.9 55 0.8 70 0.6 86 0.4 87 0.7 
3280 41 0.7 56 0.9 
3297 51 1 67 0.4 72 0.3 
3340 54 0 
3419 17 0.6 50 0.7 68 0.3 
3475 7 0 50 0 52 0.7 63 1 69 0.8 79 0.6 
3590 5 0.8 31 0.3 66 0 77 0 90 1 96 0.8 
3614 32 0.6 42 0.4 
3785 4 0.6 31 0.6 39 0.4 69 0.8 73 0 82 0.5 93 1 95 1 96 0 
3909 9 0.3 23 0 32 0.3 33 0 79 0.5 
3980 4 0.9 21 0.5 28 0 36 0.3 40 0.8 49 0.5 52 0 67 0.9 87 1 
4123 45 0.5 48 0.6 
4287 17 0.7 18 0 26 0 34 0.7 40 0.4 98 0.3 
4381 87 0 
4390 17 0 27 0 35 0 47 0 51 0 64 0 89 0.9 95 1 
4612 0 1 17 0.9 35 0 38 0.5 44 0.6 48 0.7 91 0.4 92 0 96 1 
4919 47 0.7 64 0 66 0.8 87 0 
5104 10 0.7 22 0.6 23 0.5 43 0.5 65 0.5 74 0 90 0.4 94 0.5 
5198 12 0.3 25 0.7 27 0.6 30 0.9 55 0 68 0.5 
5330 3 0.6 9 0.9 15 0.4 26 0.4 56 0 62 0 99 0 
5620 10 1 46 0.8 55 0.3 91 0.6 
5664 16 0.4 84 0.5 
5734 8 0.9 21 0.3 24 0.7 29 0 42 0.4 51 0 64 0 74 0.5 90 0.7 
5735 9 0.7 23 0.9 32 0.6 36 0.8 52 0 93 1 
5739 33 1 49 0.7 58 0.6 62 0.8 72 0 
5859 18 0.7 37 0.4 49 0.8 69 0.7 
5910 10 0.4 17 0.4 37 0 53 0 68 0 70 1 74 0 89 1 
5942 17 0.8 55 0.7 
6029 20 0.3 81 0.6 96 0.8 
6262 18 0 27 0.6 38 1 46 0 47 0.6 50 1 63 0.8 74 0 
6314 10 0.9 74 0.9 80 0.9 93 0.5 95 0.3 
6508 31 0.3 63 0.3 78 0 96 0.8 
6584 31 0.3 
6850 10 0.3 34 0.3 87 0 95 0.6 
6868 31 0.4 34 0.7 37 0.6 55 0.7 67 0 73 0.3 76 0.7 85 0.7 99 0.3 
7302 36 0.8 40 0.5 49 0.4 60 0.3 
7305 15 0 50 0.3 59 0.3 
7318 1 0.7 12 0.7 
7442 11 0.9 17 0 50 0 52 0.3 53 1 55 0 76 0.9 
7559 29 0.4 34 0.6 52 0.3 67 0.8 82 0.9 96 0.7 
7851 13 0.9 57 1 99 0.3 
7879 40 0 70 0.5 
8083 34 0 
8110 17 0.9 18 0.6 
8404 7 0.7 10 0.9 13 0.8 22 0 53 0.8 71 0.4 81 0.3 82 0 
8450 55 0.8 
8482 26 0.9 45 0.8 58 1 87 0.6 
8672 37 0 69 0 88 0.8 
8872 65 0.4 
8915 15 0 17 0.6 30 0 41 0.3 54 0.4 80 0.9 
8988 2 0.5 5 0.8 15 0.8 31 0.4 36 0 41 0.6 46 0.6 66 0.9 72 0.4 
9208 4 0.3 11 0.4 21 0 29 0.3 46 0.6 65 0.9 77 0.4 83 0.9 
9210 10 0.4 25 0.7 47 1 60 0.8 66 0 86 0.5 
9377 1 0.9 4 0 5 0.3 48 0.6 51 0.5 56 0.7 61 0.9 91 0.3 
9445 8 0.8 11 0.6 12 1 18 0 28 0 46 1 60 1 67 0 90 0 93 0.4 
9748 1 0.6 55 0 56 0.8 68 0.4 78 0 93 0 95 0.7 
9874 28 0.7 34 0 35 0 40 0.5 62 0.7 63 0.9 68 0 80 0.7 87 0.5 
