100
79 11 0.3 33 0.9 36 0 41 0 50 1 81 0.7 86 0.3 
114 1 0.6 21 0.6 28 0.7 35 1 48 0.4 
140 56 0.9 61 0.9 76 1 
187 52 0.7 61 0.8 76 0 98 0 
278 40 0.9 68 0 
421 18 0.9 23 0.9 42 0.3 43 0 46 0.6 57 0.6 61 0.6 77 0.8 
563 4 0 9 0.9 10 0.6 12 0.7 55 0.6 58 0 62 0.9 67 0.6 
622 2 0 21 0.7 28 0.4 43 0 60 0 92 1 96 0.3 
661 3 0.4 42 0.5 43 0.4 
668 8 0.9 33 1 47 0 55 0.6 79 0 89 0.6 
769 61 0 98 0 
823 94 0.3 
867 9 0.5 17 0.6 33 0.3 40 0.3 51 0.5 68 0.8 78 0.3 79 0.4 86 0.6 
930 11 0.8 14 0.9 16 0.7 40 0.5 42 1 76 0 77 0 88 0.3 
949 0 0 6 0.3 7 0.4 17 0.8 35 0.3 50 0.5 52 0 77 0.6 79 0.3 81 0.7 
1008 4 0.7 79 0.6 84 0 
1080 6 1 10 0 15 0.8 61 0.5 72 0.6 
1120 18 0.8 25 0.6 
1174 98 0 
1201 11 1 13 0 28 0.3 35 0.6 
1255 15 0.9 21 0.7 22 0.4 34 0.7 75 0 84 0.7 
1790 26 1 40 0.3 53 0.9 64 0.4 
1959 9 0.4 11 0 57 0.4 81 0.8 
1966 9 0 85 0.7 
2007 24 0 25 0.4 29 0.8 78 0 
2097 11 0 
2211 15 0.9 94 0.9 
2321 10 0 37 0.9 56 0.7 60 0.9 61 0.6 71 0.7 73 0 78 0.9 93 0.6 
2346 17 0.4 21 0.6 26 0 31 0 68 0.6 70 0 79 0 99 0.8 
2464 7 0 
2477 98 0.3 
2479 1 0.3 2 0.8 18 0.8 21 1 44 0.4 48 0.9 95 0.5 
2521 4 0.7 40 1 48 0 61 0.7 66 0.9 76 0.9 86 1 91 0.7 
2528 5 0 18 0.4 65 0 78 0.7 
2602 80 1 
2747 62 0.3 
2816 50 0.6 77 0.5 
2946 12 0.7 61 0 63 0.8 86 0.6 
2976 21 0 34 1 85 0.4 96 0.6 99 0 
3080 11 0 22 0.8 31 0.5 32 0 42 0 48 1 63 0.7 67 0 70 0 85 0 
3131 37 1 43 0.5 
3288 30 0 39 0.7 40 0.7 41 0 45 0.8 49 0.5 53 0.9 64 0 
3295 4 0.3 26 0.7 29 0.5 37 0 45 0.8 48 0.9 54 0 72 0.4 83 0.8 
3396 3 0.8 21 0.9 94 0 
3508 37 0 63 0.6 83 0 
3561 3 0.8 9 0.6 72 0.3 94 0.4 
3852 17 0.6 26 0.4 29 1 69 0 81 0 92 0 95 0.5 
3938 53 0.6 89 0 
4145 10 0.3 19 1 30 0.3 70 0.9 81 0.7 83 0.6 97 0.4 
4175 0 0 8 0.5 23 0.5 25 0 49 0.9 71 0.6 73 0.6 76 0.6 85 0 87 0.8 
4226 11 0.4 13 0.9 19 0.4 47 1 82 0.8 
4448 16 0 80 0.9 85 0.5 90 0.8 94 0.7 
4450 92 0.6 
4498 24 0.9 40 0.5 
4526 28 0.6 39 0.7 83 1 86 0 
5080 3 1 10 0.5 14 0.3 30 0 39 0.5 40 0 46 0 50 0.9 63 0.6 
5160 5 0 13 1 42 0.9 44 0 52 0.5 57 0.9 61 0.4 67 0.8 77 0.6 83 1 
5193 9 0 15 0.3 35 1 40 0 46 0.7 51 0.5 56 0.4 70 0 76 0.9 85 0.4 
5231 22 0.7 38 0.4 39 0 47 0.9 48 0.3 91 0.4 96 0.3 
5302 15 0.9 30 0.8 42 0.9 
5490 13 0.8 34 0.7 35 0.5 49 0 50 0 56 0 57 1 
5497 54 1 74 0.6 87 0 
5499 28 0.3 48 0 64 1 94 1 
5656 0 0.7 8 0.8 15 0.3 50 0 51 0 67 0 69 0.4 73 0.3 
5669 3 0.3 5 0 25 0.9 33 0.7 41 0 50 0.3 53 1 75 0.4 76 0.4 99 0.8 
5792 10 0.9 13 1 25 0.6 35 0.6 54 0.9 81 0.7 
5889 30 0.6 41 0.4 50 0.5 54 0 61 0 64 0.9 67 1 
5942 17 0 55 0.5 
5950 8 0 
5996 4 0.3 16 0 22 0 56 0.5 58 0.7 80 0.8 81 0.3 97 0.7 
6126 6 0 12 0.6 26 0 48 0.6 52 1 56 0 73 0.9 79 0.6 89 0.8 
6159 7 0.5 97 0 
6456 47 0.6 
6665 1 0.6 51 0.4 54 0.3 60 0.3 
6752 88 0.9 90 0.6 
6983 2 0 10 0 71 0 73 0.9 93 0.3 
7038 16 0 21 0 23 0 58 1 63 0.8 68 0.5 71 0 74 0 91 0.5 
7483 4 0.5 15 0 32 0.6 51 0 56 0.4 63 0.4 81 0.8 95 0.8 
7694 41 0.7 67 1 83 0.7 95 1 
7704 0 0.5 10 0.6 37 0.5 95 0 
7737 2 0 92 0 
7860 5 0 42 0.4 47 0 55 0.3 74 0.7 
7880 20 0.6 36 0 44 0.9 51 0.7 65 0.7 73 0.9 78 1 
8076 6 0.5 28 0.3 35 0 52 0.5 59 0.9 73 0 92 1 96 0.7 97 0 
8140 3 0.5 9 0 78 0.4 
8174 23 0 34 0.8 56 0.6 66 0.7 69 1 
8316 10 1 21 1 29 0 68 0.5 78 0.4 92 0.4 
8731 11 1 18 0.8 22 0 34 0.5 36 0.7 42 0.4 
9087 12 0.5 24 0.4 30 0 37 0 49 0.6 52 0.5 62 1 71 0 
9124 39 0.8 40 0.6 50 0 62 0.7 68 0.7 69 1 77 0.3 81 0.6 94 0.3 99 0.9 
9295 3 0.9 
9333 1 0.7 5 0.3 
9347 0 0 24 0 33 0.3 42 1 60 0.3 71 0 82 0.3 92 0.9 96 0 99 0 
9359 8 0.7 16 0.5 18 0.8 19 0.4 31 0 40 0 42 0.6 48 0.7 63 0.3 91 0.3 
9471 46 0.7 56 0.9 69 0.8 86 0.9 
9593 6 0 23 0.7 25 0.9 27 0.8 29 0.9 30 0.5 50 0.6 74 0.4 84 0.7 
9639 14 0.8 20 0.9 57 0 89 0 
9654 1 0.4 23 0.7 32 0.9 35 1 39 0.9 71 0.3 77 0 97 0.4 
9813 4 0.8 23 0.4 42 0 55 0 63 0 72 0.5 81 0.9 85 0.6 
9976 2 0.3 9 0.4 30 0.4 31 0.5 36 1 37 0.3 57 1 58 0.4 60 0.6 76 0.6 
