100
253 97 1 
283 1 0.5 28 0.5 54 0.8 84 0.9 87 0.4 
428 27 0.4 44 0 46 0.6 54 0 85 1 
430 26 0.3 44 0 81 0 85 0.3 91 0.7 
512 8 0.8 24 0.9 27 0.7 35 0.8 49 0.6 64 0.7 83 0.6 85 1 86 0.5 
521 25 0 38 0.9 55 0.5 66 0.5 81 1 92 0 97 0.7 
541 13 0 14 0.3 25 0.4 29 0 50 0.3 54 0.6 82 0.6 90 0 92 0 
660 16 0.6 20 0.6 38 0.3 43 0 52 0.9 63 0.6 64 0.3 93 0.5 99 0.3 
821 8 0 12 0.7 51 0.6 87 0.9 
882 5 0 29 0 65 0.4 
1109 26 0 31 0.6 49 0.4 73 0.9 75 0.8 96 1 
1114 3 0.4 15 0.4 18 0 33 0.9 39 0.6 41 0 80 0 96 1 
1252 6 0 90 0 
1257 7 0.5 8 0.7 11 0 15 0.7 28 0.6 73 0 75 0.5 88 0.8 99 0.5 
1383 10 0.3 67 0.3 94 0 99 0.7 
1485 7 0 49 0.8 74 0.4 81 0 
1506 1 0.9 
1571 32 0 
1645 32 0.9 
1674 26 0.5 60 0.6 
1783 16 0.9 18 0.7 32 0.9 47 0 77 0 81 0.9 93 0.9 
1960 49 0.5 
1978 17 0 21 0.4 33 0.3 38 0 40 0.4 46 0.4 59 1 62 0 88 1 91 1 
1981 28 0.8 29 0.9 53 0 60 0.5 85 0.5 88 0 99 0.4 
2108 0 0.9 29 0.6 42 0.4 46 0 85 0.3 
2132 9 1 16 1 32 0 56 0 61 0 65 0.8 80 1 81 0 87 0.7 
2162 71 0.5 76 1 
2236 15 0.3 18 0.5 68 0.8 75 0.5 92 0.4 94 0 95 0.9 
2238 5 0.4 15 0.6 28 0.6 38 0.6 42 0.7 43 0.6 62 0.3 68 0.9 79 1 94 0.4 
2335 64 0 
2357 24 0.9 56 0.6 59 0.8 68 0.6 
2372 0 0 13 1 16 0.7 28 0 34 0.3 37 0.7 50 0 62 0.5 78 0 84 0.3 
2419 14 0 24 0.8 38 0 59 0.8 64 0.3 
2430 19 1 42 0 48 0.4 56 0 67 0.5 84 0.6 96 1 
2447 6 1 13 0.8 26 0.5 27 0.6 38 0.6 47 1 64 0.9 
2560 4 1 17 0 23 0.7 43 0 46 1 59 0 63 0.7 70 1 99 0.5 
2590 0 0 6 0.7 23 0 26 0.3 37 0 61 0.6 69 0.6 
2808 89 0 
2832 15 0.3 26 0.9 34 0.9 35 0.3 51 0.8 56 0.9 59 0 75 0.6 97 0 99 1 
2846 35 0 59 1 76 0.9 
2933 19 0.3 84 0 96 0.9 
3039 12 0.4 15 0.8 31 1 47 0 53 0 67 0 88 0.6 
3265 33 0.4 38 1 73 0 77 0.4 83 1 90 0 
3783 5 0.9 7 0.6 29 0.4 39 1 42 0.7 55 0.7 78 0.3 87 0 95 0.4 
3790 5 0.9 12 0 20 0 35 0.7 53 0 86 0.9 97 1 
3902 1 0.5 13 0.9 37 0.4 
4194 16 0.9 
4211 24 0.3 35 0.8 38 0 39 0 51 0.4 58 0.9 70 0 87 0.3 95 0.6 
4371 3 1 11 0 12 0.6 35 0.5 42 0.6 92 0.3 
4506 20 0 21 0 44 0.6 56 0.5 90 0.3 
4632 21 1 24 0 33 0.6 34 0.9 89 0.4 
4711 4 0.3 8 0.9 13 1 
4906 10 0 36 0.4 60 1 72 0.6 75 0 77 0.6 94 0.9 96 0.4 
5378 7 0 12 0 17 0.9 22 0 71 0 72 0 95 0.3 
5538 19 0.7 21 0 23 0 25 0.7 41 0.9 57 0.3 70 0.7 85 0.8 97 1 
5612 2 0.4 5 0.4 22 0.5 24 0 25 0.9 40 0.4 84 0 98 0.5 
5657 16 0 31 1 49 0.4 94 0.3 
5732 84 0.6 98 0.7 
5762 68 1 90 0 
5768 7 0.3 30 0 42 0.8 44 1 50 0.3 
5804 28 0 31 0 41 0 68 0.3 84 0 
5811 5 0.6 19 0.7 36 0 59 0.6 60 0.9 64 1 89 0.6 95 0.5 
5918 0 0.6 24 0.7 30 0.9 68 0.7 69 1 
6248 22 1 30 0.8 37 0.6 49 0.5 56 0.3 64 0.8 71 0.8 73 0.7 82 0.6 94 0.8 
6352 1 0 31 0.4 47 0.6 
6456 47 0.8 
6566 23 1 40 0 41 1 43 0.8 73 1 
6659 2 0.8 27 0 56 0.9 61 0.8 71 0.3 79 0.6 81 0.6 82 1 94 0.9 95 0.5 
7061 12 0.3 21 0.3 96 0.5 
7128 1 0.7 3 0.3 5 1 11 0 19 0.3 26 0.5 54 0.5 58 0.4 73 1 74 0.9 
7235 24 0 29 0 60 0.9 70 0.3 
7290 30 0.4 55 0.4 85 0.9 
7472 25 0 26 0.3 32 0.8 50 0 51 0.4 55 0.3 57 0.6 62 0.3 81 0.6 87 0 
7612 1 1 8 0.3 17 0 34 0 53 0.6 
7644 15 1 61 0.7 
7699 29 0.3 78 0.6 82 0.3 
7710 27 1 28 0.7 50 0 61 0.6 66 0.7 77 0.8 82 0.9 84 0 99 0.5 
7876 18 0.7 19 0 21 0.8 39 0 69 0 71 1 76 0 85 0.5 94 1 
7912 14 0 22 0 26 0.7 37 0.3 40 0.4 59 0.4 69 0.5 86 0.3 
7955 20 0.8 30 1 39 0.9 81 0 99 0.4 
7956 53 0 
8058 0 0 
8140 3 0.8 9 0.9 78 0.5 
8246 2 0.3 21 0.9 23 0.7 48 0.4 65 0.4 69 0 
8318 4 1 23 0.4 99 0.6 
8411 0 1 58 0.8 60 0 91 0 
8494 24 0 27 0.6 57 0 62 0.3 
8803 25 0 
8811 11 0.7 14 0 22 0.5 25 0.3 37 0 48 0 65 0.5 74 0.9 90 0.8 
8828 12 0.8 16 0 90 1 
8876 94 0.3 
8937 21 0.8 46 0 55 1 80 0.5 85 0.9 96 0.9 
9245 3 0.3 23 1 24 0.5 98 0 
9328 45 1 47 0.3 57 0 67 0 89 0.6 96 0.4 
9372 6 0.8 37 0.9 73 0.9 86 1 96 0.9 
9393 27 0.5 78 0 81 0.4 98 0.7 
9454 7 1 8 0.3 12 0.8 20 0.9 29 0 49 1 50 0.3 59 0.8 95 0 
9505 99 0.4 
9749 52 0.8 
9957 49 0.4 53 0 72 1 74 0.4 78 0.8 
