100
10 29 0.3 85 0.6 
34 3 0.9 34 0 35 0.6 45 0.4 87 0 93 0 
311 1 0.9 21 1 68 0.5 75 1 
337 13 1 20 0.8 39 0.6 83 0.9 
452 47 0 50 0.9 64 0.8 
686 2 0.7 15 0 27 0 31 0 35 0 71 0.7 78 0.8 
716 2 1 19 1 24 0 44 0.4 51 0 72 0.3 84 0.3 
835 5 0.7 96 0.4 
899 42 0 95 0.8 
972 8 0.7 12 1 24 0.5 37 0.8 47 0.5 48 1 61 0 83 0 84 0.5 85 0 
1066 2 0 6 0.6 62 0.8 72 0.7 74 0 
1068 20 0.9 
1258 30 0.4 36 0.9 54 0.7 59 0.3 75 0.3 79 0.5 82 0.8 87 0.7 
1266 4 0.4 30 0.8 32 1 34 0.5 46 0.5 60 0.4 64 0.3 81 1 85 0.6 87 1 
1323 0 0.9 20 0 52 0 83 0 94 0.9 
1400 17 1 47 0.3 71 1 
1449 22 0.7 77 0.4 
1570 21 0.5 88 0.9 
1671 70 0 
1783 16 0 18 1 32 0 47 0 77 0.3 81 0.4 93 0.4 
1874 23 0 34 0 42 0.5 47 0 51 0.8 61 0.3 62 0.8 89 1 99 0.4 
1911 28 0.8 39 1 88 0.5 
1994 95 0.6 
2038 34 0.5 
2227 36 0.7 66 0.3 68 0.9 93 1 
2300 0 0.9 34 0.9 
2319 23 0.9 85 0.8 87 0.3 
2342 10 0 19 0.6 24 0.8 35 0.5 58 0.8 63 0.9 89 0.7 
2351 48 0 
2448 32 0.3 77 0.6 90 0.8 92 0.6 
2452 17 0.9 22 0.5 41 0.6 48 0.5 59 0 63 0.4 66 0.6 86 0 96 0.7 
2509 11 0.3 15 0.6 31 0 52 0.3 96 0.9 98 0.3 
2754 6 0.6 29 1 31 0.6 53 0 56 0.3 60 0.3 62 1 74 0 89 0.8 92 0 
2779 6 0.4 17 0 30 0.9 63 0 89 0 95 1 
2848 1 0 42 0 46 0.6 56 0.6 59 0.7 82 0 
2981 2 1 10 1 33 0.4 63 0.3 
3114 36 0.3 48 1 49 0.9 56 0.9 81 1 
3189 74 0.5 
3345 25 0.3 37 0.9 43 1 66 0.6 75 0.9 89 0.3 
3397 13 0.6 19 0.9 21 0.6 26 0.8 33 1 36 0.7 52 0.8 62 0.6 68 0.8 
3611 2 0.9 7 0.8 
3697 13 0 25 0.3 30 0 35 0.3 54 0.3 79 0.6 
3700 36 0.3 45 0.3 51 1 53 0.8 85 0 96 0.5 
3716 5 0 9 0.7 20 0.9 70 1 72 0.8 98 0.4 
3849 5 0.7 16 0.4 21 0.7 28 0.5 50 0 65 1 
4098 31 0 42 0.7 95 0.9 
4099 14 0.4 16 1 33 0.6 34 1 38 0.7 62 0.3 63 1 69 0.7 89 0.9 
4126 4 1 11 0.5 38 0 40 0 45 0.8 59 0.7 76 0.7 
4407 14 0.8 15 0.3 19 0.9 25 0.7 30 0 69 0.9 70 0.8 72 0.4 84 0.5 91 0.5 
4475 23 0 30 0.9 
4533 3 0.8 10 1 20 0 24 0.7 36 0.3 56 0.7 66 0 71 0.4 94 0.7 95 0.3 
4549 2 0.3 29 0.7 62 0.5 
4828 3 0.4 14 0 32 0.6 33 0.7 68 0.8 95 0.9 99 1 
4911 49 0.5 75 0 84 0.6 
5175 38 0 40 0 67 0.8 83 0.5 89 0 91 0.5 
5264 12 0.9 23 0.9 33 0.7 49 0.3 55 0.6 92 0.6 
5293 39 0.6 
5461 20 0.9 26 0.4 27 0.3 42 0.6 63 0.7 
5559 0 1 57 0.4 58 0.3 81 0.4 97 0.9 
5705 32 0.3 37 0 44 0.4 63 0.6 66 0.9 68 0.5 92 0.5 95 0 
5798 29 0.5 54 0.3 57 0.9 61 0 91 0.7 
5993 4 0 17 0.4 
6141 30 0.5 38 0.9 40 0.6 50 0.9 58 0 82 0.4 87 0.5 
6228 0 0 
6248 22 0 30 0 37 0.6 49 1 56 0.5 64 0.8 71 0.6 73 0.4 82 0 94 0 
6302 8 0.4 26 0.3 57 0.8 74 0.4 80 0.7 
6435 0 0 8 0.4 24 0.3 47 0.7 48 0.4 63 0 73 0.5 75 0.4 89 0.7 98 0.6 
6830 4 0.3 10 0.4 20 0.7 47 0.3 69 1 73 0.9 98 0.8 
6835 2 0.7 7 0.3 27 0.7 39 0.7 41 0 47 0 80 0.3 84 1 85 0.4 88 0.3 
6910 6 0.3 13 0 21 0.4 26 0.9 32 0.9 82 1 97 0 
6924 4 0 17 0 35 0.3 36 0.9 64 1 70 0 99 0.6 
6968 1 0.5 2 1 5 0.8 11 0 20 0.5 69 0.6 76 0.4 84 0.7 
7068 41 0.5 56 0.6 79 0.9 88 0 
7164 15 0.4 22 0.7 23 0.3 59 0.7 61 0.3 71 0.4 72 0 82 1 91 0 
7418 2 0.4 9 0.5 37 0.6 50 0.7 56 1 61 0 62 0.9 64 0.6 65 0.9 75 0.5 
7519 2 0.7 3 0.9 25 0.8 29 0.6 54 0.9 
7524 14 0 
7542 25 0.5 37 0.5 40 0.8 82 1 86 0 
7648 31 0.4 40 0.8 43 0 61 0.9 78 0.5 
7714 8 0 15 0.6 22 0.6 88 0.4 92 0.8 94 1 97 0 
7773 19 0.9 28 0 34 0.7 38 0 45 0.6 84 0.4 85 1 95 0.8 
7776 1 0.3 10 0.4 30 0.3 35 0 41 0.5 62 0.3 63 0 66 0.7 67 0 93 0.3 
7807 6 1 23 0.7 52 0.3 70 0 95 0 
7963 1 0.5 23 0.5 27 1 74 0.9 99 0.5 
8103 97 1 
8105 97 0.7 
8162 30 0.7 68 0.8 
8398 47 0 58 0 72 0 
8715 35 0.3 91 0.5 97 0.6 
8772 22 1 63 0.3 80 0.8 81 0.7 83 0 94 0.6 
8820 30 0 43 0.3 
8999 13 0.8 48 1 63 0.4 79 0 
9121 34 0.4 63 0 
9122 26 0.5 29 1 39 0.9 41 0.7 46 0.3 49 0 74 0.7 78 1 86 0 98 0 
9282 67 0.5 73 0 
9290 28 0.5 36 0 39 0.7 42 0.7 59 1 66 0 83 0.5 99 0.7 
9489 23 0.9 42 0.9 50 0 65 0.3 
9685 3 0 20 0.6 27 0.8 34 0.9 90 0 
9823 22 0 28 0.4 64 0.4 
9964 10 0.3 14 0.6 26 0.6 40 0 47 0.5 52 0.4 63 1 75 0 
