100
17 6 0.5 15 0.9 62 0.7 85 0.4 
37 15 0.5 19 0 
88 5 0.4 21 0 37 0.7 73 0.8 83 0.4 85 0.4 96 0.7 
94 5 1 14 0.3 22 0 59 0.9 85 0.6 90 0 
242 39 0.8 56 0.6 74 0.5 80 0.3 99 0.6 
408 4 0.9 19 0.7 26 0 34 0 39 0.6 53 0.6 
467 16 0.5 21 0 23 0.3 25 0.3 32 0.8 34 0 41 0.5 59 0 63 0.4 72 0.8 
679 52 0.7 71 0 82 0 
957 3 0.4 49 1 50 0.8 82 0.5 86 0 
977 0 0.5 6 0.5 8 0 75 0.6 77 0 
1095 14 0 16 0 26 0.8 83 0.8 
1113 1 0.5 16 0.3 29 0.7 49 0.9 64 0 68 0.7 71 0.3 82 1 
1269 9 0 10 0 14 0 47 0.3 50 1 59 0.8 90 0.5 
1319 28 0.4 36 0 66 0.9 77 0 78 0 
1348 4 0 11 0 18 0.8 23 0 59 0.4 76 0 85 0 95 0.8 
1393 36 1 85 0.6 
1500 0 0.6 23 0 26 0 42 0.8 58 0.9 66 0.7 68 0.8 77 0.9 79 0.9 
1640 2 0 6 0.5 8 0.5 25 0 27 0 81 1 84 0.8 93 0.8 
1678 35 0.4 42 1 58 0.8 65 0.7 70 0.8 88 0.4 89 1 91 0.5 93 0.8 
1835 18 1 
1839 12 0 62 0.7 64 0 
1872 23 0 53 0.3 
2021 1 0 2 0.4 4 0.9 13 0.6 23 1 45 0.3 47 0.9 57 0 71 0.7 93 0.3 
2028 8 0.9 27 0.9 28 0.9 41 0 66 0.9 69 0.4 87 0.6 
2095 26 0.6 54 1 68 0.6 92 0.9 
2192 13 0.8 19 1 23 0.5 29 0 34 0.9 44 0 
2245 38 0.6 62 0.6 64 0.9 80 0.4 
2269 72 0.8 78 0.3 
2328 9 0.6 10 0 20 1 24 0.6 27 0.6 55 0.3 66 0 
2348 12 0.7 53 0.5 62 0.8 93 0 
2461 2 0.3 5 0.9 18 0.5 22 0 24 0.8 42 0.9 55 1 58 0.9 79 1 92 0.5 
2498 3 0.5 24 0.8 44 0.8 
2551 29 0.7 32 0.8 47 0 85 0.4 87 0.8 96 0.6 
2599 0 0 26 0.4 46 0.4 53 0 73 0.6 79 0.5 80 0.5 90 0.7 
2736 71 0 
2792 8 0.3 
2815 13 0.3 17 0.7 69 0 98 0.9 
2883 4 0.4 33 0.7 51 0.5 83 0 
2884 14 0.4 48 0 49 0 57 0 68 1 72 0.7 85 0 94 1 95 0.9 
2937 24 0.4 28 0 30 0.9 42 0 61 1 63 0.9 65 0.4 68 0.9 93 1 94 0.8 
2993 15 0.4 18 0.4 24 0.3 49 0.4 56 0.5 61 0.6 62 0.9 
3122 0 0.8 4 0 5 0.4 33 0.6 36 0 39 0.6 44 0.7 47 0.4 66 0.9 95 0.7 
3170 24 0 53 0.6 61 0 84 0 
3179 45 0.3 
3259 32 0 37 0.8 42 0.6 49 0.3 
3266 42 0.4 52 0 67 0.8 72 0.9 74 0 75 0.4 97 0 
3674 7 0.4 
3699 24 0.6 
3709 5 0 16 0.9 40 0.3 54 0 55 0 71 0 90 0.4 
3747 2 0.7 25 0.8 47 0.5 71 0.5 86 0 
3804 16 0.4 22 0 42 0.3 43 0.4 50 0 65 0 69 0 84 0.5 96 0.5 
3923 7 0.4 14 0.7 65 0.6 70 0.5 72 0.8 
4160 23 0.7 
4346 14 0.5 15 0.4 26 0.6 39 0.4 48 0.4 74 0 76 0.6 89 0.6 98 0.6 
4399 6 0.4 11 0.3 22 0.6 33 0 40 0.6 45 0.9 52 0.6 64 0 76 0.3 82 0.8 
4402 25 0.9 54 0 64 0 71 0 83 0.5 84 0.3 93 0.4 98 0 
4502 12 0.5 33 0 41 0.9 83 0 95 0.9 
4537 8 0.7 14 0.6 39 1 48 0 
4646 21 0.8 31 0 68 0.4 76 0.8 92 0.9 93 0 95 0.9 99 1 
4651 17 0 41 0.4 58 0 82 0 87 0.9 
4813 16 0.9 28 0.3 49 0.8 
5195 54 0.9 93 0.3 98 0.8 
5406 7 0 12 0.8 64 1 91 1 
5502 41 0.3 52 0.6 76 0.8 77 0.4 83 0 
5734 8 0 21 1 24 0.3 29 0.8 42 0.3 51 0.5 64 0.7 74 0.8 90 0.8 
5786 5 0.4 17 1 18 0 23 0 31 0.5 38 0.8 40 0.3 57 0 92 0.5 
6087 10 0.6 20 0.7 22 0 49 0 52 0.4 53 0.7 66 0.4 67 0.3 92 0.8 
6214 12 0.7 34 0 56 0 69 0 71 0.3 
6282 4 0.6 6 0.3 12 0.9 55 0.5 64 0.9 
6626 19 0.4 20 0.4 37 0 42 0.4 68 0.5 71 0.4 93 0 94 0 
6643 32 0.3 73 0 78 0.8 
6663 2 0 39 0.5 
6755 28 0 
7109 12 0 27 0 43 0.9 63 0.3 77 0 81 1 84 0.7 98 0.8 
7221 14 0.9 21 0.8 26 0.3 43 0 44 0.5 46 0.8 49 0.3 55 1 82 0.9 
7516 11 0.8 40 1 62 0 
7648 31 0.3 40 0.3 43 0.4 61 0.7 78 0.4 
7784 36 0.5 
7847 60 0 65 0.6 
7898 35 0 53 0.3 59 0 66 1 72 0 79 0.7 87 0 89 0.4 96 0.7 98 0.8 
7916 3 0 29 0.3 31 0.9 35 0.5 47 0 57 0.5 79 0.3 84 0 85 1 98 0 
8040 11 0.7 51 0.3 
8053 2 0.3 15 0 62 0 
8205 26 0.3 36 0.4 69 1 
8350 1 0.7 19 0.7 26 0.6 33 0 51 0.8 58 0.6 77 0.8 86 1 94 0.5 
8465 20 0.8 34 0 40 1 71 0.7 97 0 98 0.8 
8480 2 0.8 9 0 15 0 30 0 58 0.9 71 0 
8615 62 0.6 88 1 
8856 1 0.6 4 0.9 21 0.6 23 0.6 25 0 56 0.6 62 0.8 67 0.7 68 0.7 84 0.3 
8917 6 1 10 0.7 51 0.5 82 0.4 83 0 87 0.5 
9017 86 0.3 
9053 23 1 28 0.5 44 0.3 58 0 67 0.8 68 0.4 77 0.9 89 0.5 90 0 
9108 88 0.6 
9157 19 0 22 0.6 32 0.8 45 0.7 99 0.8 
9279 32 0 58 0.6 
9329 5 0.7 15 0.8 25 0 50 1 55 0 77 0 83 0.4 85 0.6 86 0.3 95 0.9 
9531 10 0.5 33 0.7 50 0 51 0.6 74 1 88 0.5 96 0.9 
9602 3 0.8 20 0.8 28 1 57 0.3 72 0.4 85 0 86 0.8 95 1 
9716 3 0 20 0.7 65 0.3 82 1 99 0.4 
9734 9 0.6 73 0 
