100
51 48 0.3 51 0 56 0 57 0.6 63 0.3 85 0 92 0.9 
57 22 0.7 28 0 44 0.3 55 0.3 69 0.8 74 0.6 77 0 
96 0 0 2 0.8 37 0 53 0 68 0.5 
346 36 0.6 
351 11 0.3 16 0.3 22 0.9 75 0.8 
390 6 0.4 18 0 54 0 58 0.9 59 0.9 98 0 
442 71 0 
452 47 0 50 0.9 64 0.6 
463 15 0.8 27 0.9 38 0.9 53 0.6 61 0 65 0.6 67 0 93 0.8 
570 22 0 25 0 53 0.9 63 0.4 64 0.3 86 0.3 
580 6 0 16 0.5 35 0 37 0.3 55 0.8 67 0 89 1 93 0 
591 4 0.9 24 1 66 0.6 78 0.5 
661 3 0.8 42 1 43 0.5 
689 59 0 
909 22 0.9 23 0.8 37 1 60 1 
980 0 1 20 0 57 0 58 0.9 69 0.8 78 0.6 94 1 98 0.9 
1015 13 0.6 
1135 41 0.6 70 0.6 
1264 11 0 27 0.5 71 0.4 87 0.4 
1386 4 0 9 0.7 18 0.4 26 0.8 40 0.9 43 0.8 
1392 26 0.9 29 0.9 46 0.5 53 0.7 66 0.5 68 0.3 77 0.7 81 0 93 0.7 
1448 0 0.8 23 0 45 0 46 0 51 0 79 0 95 0.7 
1703 1 0.5 36 0.6 37 0 57 0.5 67 0.5 
2042 20 0.8 27 0.6 30 0.8 47 0.7 77 0 78 0.4 94 0.5 
2069 25 0.8 34 0 55 0.3 60 0.3 72 0.6 73 0.5 
2096 0 0.4 2 0.9 25 0.5 41 0.7 52 0.8 82 0.7 92 0.9 98 0.9 
2136 0 0.9 20 0.9 21 0.4 30 0.9 35 0.8 42 0 43 0 61 0.6 62 0 79 0.6 
2207 10 0.9 12 0.9 21 0 36 0 44 0.9 49 0 57 0.3 73 0 91 0.9 
2218 28 0 36 0.6 37 0 41 0.7 42 0 43 0.3 56 0.4 66 0.4 90 0.4 94 0.5 
2248 8 0.3 22 0.5 23 0.9 25 0 31 0.7 69 0.6 75 0.7 79 1 
2526 1 0.5 6 0.4 28 0.4 34 0 38 0.6 43 0.6 58 0 90 1 
2531 22 0 24 0 36 0.5 43 0 64 0.5 
2619 14 0 26 1 30 0.6 62 0 76 0.3 88 0 90 0.5 
2670 10 0.3 76 0 77 0.4 
2748 12 0.9 
2916 32 0.3 74 0 77 0 
3076 18 0 23 0.5 51 0 88 0.8 97 0.7 
3142 11 1 21 0 41 0 84 0 
3168 19 0 21 0.6 24 0.3 27 0.3 30 0 36 0.5 58 0.9 72 0.6 85 0 98 0.8 
3216 62 1 67 1 69 1 70 0 89 0.3 91 1 97 0.4 
3277 88 0 
3446 14 0.7 19 0 58 0 63 0.7 
3520 1 0.3 6 0.7 
3584 0 0 5 0 10 0.8 51 0 55 1 57 0.3 75 0 83 0 93 0 96 0 
3628 11 0.9 34 0.6 40 1 43 0 53 0.4 63 0.6 77 0.9 81 0.8 82 0.6 97 0.4 
3672 81 0.5 82 0.5 91 0 92 0.7 
3739 28 0.9 32 0.5 33 0.5 38 0.5 58 0 87 0.3 88 0.4 99 0.3 
3782 10 0.6 28 0.3 32 0.3 41 0.7 87 0.4 88 0 
4425 28 0.6 81 0.9 
4435 14 0 20 0.3 43 0.8 52 1 53 0 65 0 83 0 84 0.6 
4744 57 0.4 65 0.8 66 0 
4797 12 0 64 0.3 93 0.3 
4954 8 0 11 0 12 0.4 18 0 20 0.5 32 0.8 44 0.5 
5016 26 0 44 0.8 72 0.6 85 0.9 94 1 
5359 8 0.3 14 0.4 21 0.8 25 0.5 29 0 38 0 98 0.7 
5455 21 0.4 73 0 80 0.6 
5512 49 0.9 
5586 36 0 50 0 52 0 96 0 
5641 38 0.5 59 0 63 0.8 
5813 62 0 
6213 0 0.8 33 0 
6549 87 0.9 96 0 
6555 11 0.5 18 0.5 23 0.6 50 0.7 60 1 79 0.4 88 0 90 0.8 
6623 35 0.8 
6631 3 0 37 0 45 0 83 1 97 0 98 0.9 
6830 4 0.8 10 0.9 20 0.5 47 0.3 69 0.7 73 0 98 0.5 
6896 46 0.5 
7068 41 0 56 0.9 79 0.3 88 0 
7242 6 0.8 
7306 24 0.4 31 0 37 0.5 54 0.6 66 0 68 0.3 81 0.7 87 0.8 
7315 39 0.8 51 0.3 64 0.7 67 0 76 0.3 
7574 39 0 72 0.9 
7645 2 0.4 4 0.8 9 0.9 17 0 19 0.7 44 0 88 0 
7700 24 0.9 33 0.3 37 0.9 84 0.7 
7832 32 0.8 58 0.7 84 0.9 
8145 54 0 85 0.4 
8232 13 0.7 23 0.3 97 0.8 
8423 38 0 81 0 97 0 98 0.3 
8443 9 0 12 0 28 0.5 42 0.9 54 0.7 57 0.9 63 0.6 67 0.8 78 0 95 0 
8461 70 0.4 76 0.8 
8539 4 0.3 11 1 16 0.7 20 0.3 24 1 64 0.5 66 0 74 0.7 
8600 74 0 82 0.3 93 0.7 94 1 
8693 3 0 34 0 56 0.3 75 0 84 0.6 
8794 71 0.9 77 0.9 
8945 2 0.6 38 0.9 57 1 79 0.4 
8997 38 0.5 82 1 
9015 4 0.8 15 0.3 17 0 78 0.4 
9049 11 0.9 40 0.5 50 0 63 0 67 0.3 70 0.3 93 0.6 
9109 34 0 39 0 62 0 77 0.9 87 0 98 0.6 
9153 7 0.4 28 0 44 0 45 0.5 47 1 73 0 81 0 82 0 95 0.6 
9421 35 0 46 0.5 
9430 11 0.4 43 0.9 46 0 49 0.3 59 0.4 65 0.7 74 0 81 0 
9526 17 0 29 0.5 31 0.6 83 0.6 87 0.3 95 0.7 98 0.4 
9534 81 0 89 0.5 98 0 
9661 40 0.8 62 0.5 83 0 90 0.4 94 0.8 
9705 0 0 29 0.4 42 0.8 45 0 61 0.3 65 0.3 78 0.3 
9725 2 0.7 67 0 79 0.6 84 1 97 0.6 
9744 13 0 54 0.8 95 0.4 
9745 5 1 19 0 36 0.5 37 0.4 62 0.8 66 0 96 0 
9908 61 0.8 
