100
136 9 0.4 33 0.9 35 0.7 
148 39 0.7 
327 2 0.5 12 0.3 18 0.6 33 0 65 1 94 0 
335 4 0.4 35 0 53 0.9 97 0.7 
373 78 1 90 1 
393 14 0 53 0 57 0 60 0 72 0 84 1 97 1 
404 56 0.5 
525 9 0.6 21 0.5 37 0 71 1 73 0.3 89 0.7 95 0 96 0 
584 0 0.5 5 0.5 15 0 49 0.9 93 0.7 
689 59 0 
728 7 0.7 42 0.6 
739 0 1 40 0 42 0.9 48 0 53 0 66 0.4 70 1 73 0.8 99 0.9 
847 22 0 83 0.9 85 0.7 87 0.4 
1171 51 0 52 0.5 69 0.8 
1343 33 1 50 0 84 0.8 99 0.5 
1394 7 0.7 13 1 15 0.8 41 0 54 0.9 64 0.4 84 0.6 
1417 47 0 
1481 41 0.7 
1521 2 0 98 0.5 
1659 26 0.7 
1848 10 0.5 13 0.6 31 0.9 42 0.8 45 0.3 54 0.7 55 0.7 76 0 96 0.4 
1856 20 0.9 47 0 
1953 1 0 5 0 14 0.8 24 1 62 0.7 64 0 87 0.3 
2087 8 0.7 44 0.5 56 0.8 62 0.8 73 0.5 88 0.3 
2129 6 0.6 11 0 
2134 26 1 44 0.3 55 0 79 0.4 89 0.3 
2177 0 0 7 0.7 20 0.6 28 0.8 30 0 75 0 
2230 3 0.8 56 0 99 0.9 
2270 93 0 
2635 47 1 63 0 88 0.4 
2667 20 0.8 
2682 3 0.6 18 0 19 0.9 20 0.9 24 0 27 0.9 69 0.8 76 1 90 1 
2727 15 0.7 23 0.8 44 0.6 49 0.5 51 0.4 55 0.5 71 1 72 0.7 79 0.9 
2731 94 0.7 
2770 6 0.7 15 0.5 21 0.7 32 0 37 0 47 0 55 0.4 67 1 77 0.6 
2794 23 1 43 0.4 49 0.5 68 1 85 0.3 91 0.6 93 0.4 
2833 18 0.8 
2890 14 0 28 0.5 30 0 40 0.9 72 0 88 0.3 
2910 22 0.6 
3486 2 1 16 1 49 0.4 53 0.4 67 0.7 70 0 90 0 96 0.6 99 0.6 
3583 0 0.6 7 1 24 0.4 46 0 58 0.8 91 0.6 
3587 23 0 38 0 41 0.6 49 0.7 
3740 2 0.6 20 1 63 0.9 68 0.5 
3779 39 0.7 79 0.3 
4059 8 0 12 0.7 22 0.7 34 0.6 35 0.5 67 0.9 93 0.4 
4064 29 0.8 49 0.3 54 0.5 59 0.8 67 0 91 0.8 97 0.7 
4206 9 0.3 10 0.5 28 0 38 0.3 40 0 64 1 82 0.8 85 0 88 0.9 93 0.7 
4225 12 0.8 21 0.3 44 0.7 63 0.3 64 1 70 0.7 
4293 7 0.4 36 0 39 0 48 0.3 53 0.3 60 0 85 0.7 91 0.8 92 0 
4402 25 0.9 54 0.6 64 0.8 71 0.8 83 0.9 84 0 93 0.3 98 1 
4469 5 0.6 40 1 42 1 44 0.6 
4474 3 0 5 0.4 13 0 26 0.5 66 0 84 0.3 97 0 
4501 12 0.8 65 0.5 
4554 4 1 41 1 47 0.5 55 0 
4836 4 0.6 30 0.9 34 0.8 39 0.3 49 0.9 54 1 68 0 95 0 
4867 13 0.5 16 0.9 20 0.9 21 0.8 31 0 76 0.4 86 0.6 92 0.9 
4959 38 0.4 47 0.5 61 0 
5041 13 0.3 25 0 45 0.3 61 0 78 0.4 84 0.3 87 0.9 99 0.4 
5123 12 0.9 36 0.8 38 0.5 51 0.6 59 0 71 0 75 0.5 96 0.4 
5131 2 1 11 0 25 0.5 30 0.8 33 0.7 37 0.5 44 0.5 91 0 
5597 20 0 27 0.4 34 0.6 39 0.9 86 0.3 88 0.4 
5811 5 0.7 19 0.3 36 0 59 0 60 0.8 64 0 89 0.3 95 1 
5836 7 0.9 31 0 51 0.5 55 0.6 56 0.6 67 0.3 74 0.4 75 0.6 88 0 
6177 32 1 46 1 60 0.9 67 0.8 74 0 80 0 83 0.4 85 1 
6302 8 0.5 26 0.9 57 0.6 74 0.8 80 0.7 
6429 3 0.9 
6487 5 0.7 9 1 30 0.4 34 0 35 0 61 0.9 91 0.8 
6654 8 0.9 23 0.3 32 0 33 0.8 37 0 44 0.9 46 0.9 57 0.8 59 1 
6706 25 0.9 36 0.8 48 0 50 0 97 0 
7064 74 1 
7134 0 0.8 30 0.5 61 0.6 62 0 71 0.9 80 0 
7200 4 0 10 0.3 22 0 29 0.5 35 0 37 0 38 0.9 67 0 74 0.9 76 0 
7252 7 0.4 35 0.8 44 0.8 46 0.9 53 0 78 0.7 87 0 94 0.9 
7303 29 0.4 
7486 3 0.3 14 0.5 53 0.4 78 0.9 90 0 92 0.9 98 1 
7664 4 0 12 0.4 16 0.4 42 0.6 46 0.9 50 0.9 63 0.8 64 0.3 74 0 76 0 
7670 35 0.8 41 0 42 0 66 0 67 0.9 70 0.7 
8085 6 0 30 0.7 57 0.8 63 0 75 0 91 0.7 
8222 15 0.4 32 1 48 0 66 0.8 69 0 81 0.3 
8310 13 1 37 1 94 0 96 0.8 
8341 2 0 22 0.8 23 0.4 24 1 25 0 29 0 46 0.4 67 0.7 77 0.6 84 0.8 
8425 21 0.8 26 0 69 0.6 76 0.9 85 0 
8543 2 0.3 16 0.8 76 0.7 79 0.6 84 0.7 96 0 
8563 3 0 64 0.9 
8650 8 0 12 0.9 17 0 45 0.4 77 0.3 82 0 84 0 85 0.8 87 0.3 
8738 40 0 
8758 39 0 46 0 50 0.3 86 0.7 98 0.9 
8779 10 0.7 14 1 24 0.7 25 0 35 0 37 0.8 55 0.6 84 0.6 87 0.4 
8818 29 0 95 0.3 
8928 14 0 
8995 11 0 17 0 25 0.9 30 0.3 59 0.7 62 0.6 68 0 90 0 
9114 1 0 85 1 
9399 4 0.4 14 0.3 30 0.3 57 0 62 0 65 0.6 71 0.9 79 0.5 
9563 7 1 57 1 
9619 3 1 27 0.4 75 0 84 0 86 0 97 0.7 
9798 5 0.9 7 0 15 0.8 29 1 31 0 34 0 64 0.9 66 0.5 75 0.8 
9802 85 0.3 
9832 14 0 20 0.4 24 0.9 56 0.3 73 0.8 87 0.5 99 0.6 
9850 0 0.4 10 0.9 33 0.5 35 0.7 69 0.4 84 0.7 
9898 2 0 4 0 41 0.3 60 1 71 0 83 0.7 91 0 93 0.4 95 0.4 
