100
16 16 0 23 0 34 0.5 66 0 76 0 91 0.5 92 0 
36 4 0.5 11 0 21 0.9 33 0.8 41 0.5 53 0.8 55 0.7 57 0.6 78 0.6 97 0 
76 14 0.6 42 0 49 0 59 0.5 60 0.8 61 1 64 0 67 0.3 93 0 
90 34 0 84 0 88 0 
149 65 0.8 88 0.8 92 0 
189 4 0.5 89 0.6 
262 3 0.3 10 0.3 16 0.5 42 0 70 0.7 71 0 79 1 87 0.5 89 0.5 
344 21 0.5 29 0.3 33 0.5 58 0.7 73 0.7 77 0.3 88 0 89 0.6 91 0 
352 4 0 16 0.4 24 1 35 0.3 38 0.4 40 0.9 41 0 58 0.7 92 1 
530 3 0.7 24 0.9 41 0.9 44 0.6 46 0.9 56 0 65 0.8 76 0.7 86 0.6 91 0 
585 9 0.8 13 0.3 14 0 29 0.8 37 0.3 59 0.8 70 0 
708 0 0.8 50 0 56 0.8 64 0.7 90 0 
719 21 0.3 53 0 91 0.6 
747 8 0.3 30 1 48 0.8 65 0 83 0.6 84 0.5 87 0.8 
1023 6 0 7 0.8 43 0 51 0.9 60 1 64 0.9 73 0.6 79 0.3 93 0.8 
1181 3 0.3 77 0 
1217 12 0.5 24 0 63 0.8 
1240 7 0.4 14 0 27 0.7 30 0.9 39 0 57 0.5 66 1 71 0.7 
1379 10 1 20 0.3 46 0.4 67 1 93 0.3 98 0.4 99 0.4 
1387 19 0.5 36 1 41 0 73 0.9 78 1 92 0.6 94 0.5 99 0.3 
1548 16 0.7 34 0.5 64 0.4 89 0.4 90 0.9 
1657 8 0.3 9 0.4 20 0.5 34 1 50 0.4 79 0.4 85 0 87 0.8 
1723 30 0.9 31 0.6 53 1 81 0.8 85 0 
1728 2 0.4 12 0.4 22 0.5 40 0.5 80 0.8 91 1 
1765 37 0.9 
1790 26 0.7 40 0.7 53 0 64 0 
1912 7 0.6 14 0 38 0.5 39 0.8 67 0.7 70 0.8 71 0.8 72 0.4 88 0.3 98 0 
2018 35 0.9 43 0.9 
2079 3 0 16 0 62 0.4 67 1 82 0.7 84 0.8 91 0 92 0.5 93 0.6 
2143 1 0 20 0 22 0 62 0.4 67 0.7 73 0.9 81 0.9 94 0.9 
2198 5 0.4 45 0.6 
2226 31 0.8 36 0.5 77 0.3 96 0.3 
2241 2 0.3 8 0 21 1 50 0.4 53 0.9 63 0.9 64 0.6 73 0.3 83 0.3 
2273 1 0.8 22 0.6 26 1 27 0.5 28 0.7 58 0.3 67 0.7 72 0 81 0 88 0.3 
2343 30 0.9 33 0.8 35 0.8 43 0.9 64 0.3 90 0.9 93 0 
2406 28 0.9 45 0 47 0.9 66 0.4 71 0.8 72 0 
2494 12 0.5 13 1 36 0.8 43 1 
2655 51 0 66 1 
2714 5 0.7 56 0.8 
2750 93 0.5 
3121 22 0.3 23 0.3 37 0.8 45 0.4 67 0 80 0.9 88 0.4 
3159 1 0 51 0.6 57 0.6 95 0.7 
3184 5 0 13 0.3 20 1 
3201 16 0.5 19 0.7 26 0 27 0.4 29 0.5 38 0 71 0 81 0.3 95 0 
3270 4 1 5 0.9 8 1 37 0 93 0 95 0.6 
3284 17 0 30 0 33 0.4 64 0.6 66 0 86 0.4 
3311 43 0 47 0.8 63 0.4 69 0.6 71 0 84 0 87 0.6 92 0 
3841 0 0.9 5 0.5 10 0.6 19 1 35 1 38 0 54 0 55 0.6 62 0 68 0.7 
3846 2 0.4 33 0.9 46 0.5 54 0.3 55 0 57 0.8 92 0.5 95 0.8 
4244 62 0.4 65 0.8 69 0.7 71 0.8 
4248 10 1 20 0.3 26 0.4 65 0.3 92 0.8 97 0 
4442 11 0 27 0 28 1 36 0 37 0 45 0.5 55 0.4 63 1 64 0.9 89 0.7 
4556 1 0.6 4 0.5 67 0.8 69 0.5 
4627 4 0.8 15 0.5 43 0 48 0 77 0.7 81 0.8 82 0.7 91 0 
4794 8 0.5 10 0.8 22 0.9 38 0.7 62 0.4 67 0 71 1 83 0.4 92 0.9 
4906 10 0.8 36 0 60 0 72 0.4 75 0.5 77 0.3 94 0.6 96 0.7 
4920 0 0 5 0.8 16 0.3 26 0.6 30 0.3 36 0.4 66 0 68 0.8 86 0 98 0 
5082 7 0 59 0.5 
5149 28 0 29 0.3 36 0.5 44 0.8 53 0.9 68 0 69 0.3 76 0 79 0 81 0.7 
5626 3 0.3 11 0 26 0.6 35 0.5 39 0 61 0 71 0.5 87 0.5 92 0.7 
5826 42 0.4 50 0 64 0 75 0.6 82 0.6 
5970 79 0 95 0.3 96 0.9 
6033 6 0 48 0 66 0 89 0.8 
6223 3 0.9 25 0 40 0.9 55 1 60 0.8 66 1 72 0.3 73 0 81 0 82 0.5 
6349 0 0 6 0.3 10 0 24 0 51 0.9 62 0.9 67 0 77 0 97 0.8 
6498 9 0.6 31 0.8 32 0 37 0.7 41 0.9 53 0.7 59 0.3 60 0 84 0 99 0 
6805 15 0 39 0 45 1 56 0.6 
6927 20 0.8 23 0.5 31 0.9 58 0.4 72 0 90 0 
6956 29 0.6 45 0.5 47 0 85 0 90 0.6 
7264 3 0.5 11 1 23 1 55 0.6 69 0.8 80 0.9 87 0 99 0 
7305 15 0.3 50 0.3 59 0.4 
7366 30 1 50 1 55 0.3 64 0.8 
7461 11 0.5 21 0.6 24 0.3 29 0.8 74 0.7 93 1 
7497 5 0.4 18 0 38 0.3 40 0 45 0.7 65 0.6 
7656 7 0.9 13 0 18 0.5 33 0.3 50 0 54 0.9 75 0.8 77 0.8 92 0 98 0.3 
7749 47 0.8 50 0.7 54 0.6 87 0.4 
7876 18 1 19 0.4 21 0 39 0.5 69 0.6 71 0 76 0 85 0.4 94 0.6 
7952 42 0.9 61 0.4 85 0.4 
7981 1 0.3 5 0 6 0 7 0.8 16 0.5 17 1 26 0.5 72 0.6 97 1 
8038 9 0.8 22 0.4 40 0 47 0 49 0.7 52 0 67 0.5 76 0.3 79 0.4 86 0.5 
8086 3 0.6 5 0 14 0 48 0 52 0.3 82 0.6 83 0.7 95 0.8 99 0.5 
8106 4 0.9 26 0.7 45 0.9 77 0.5 
8176 8 0 20 0 24 0.6 60 0.9 74 0.3 78 0 89 0 92 0.5 95 0.6 
8296 5 0 10 0.4 15 0.7 33 0.4 43 0.9 87 0.8 94 0.4 96 0 98 0.7 
8300 18 0 33 0 41 0.7 43 0.3 70 0.7 73 0.6 84 0 92 0.7 
8354 0 0.7 12 0.8 15 0.5 17 0.8 40 0 54 0.6 65 0 90 0 91 0.8 
8728 7 0.3 99 0.3 
9137 22 0 
9143 4 0.7 40 0 44 0.5 50 0.4 51 0.3 72 0.6 76 1 79 0 82 0.3 94 0.7 
9185 15 1 28 0.4 32 0.4 34 0.5 64 0 85 0.7 
9262 2 0 4 0 29 1 30 1 39 0.6 64 1 66 0.4 76 1 
9277 23 0.8 92 1 
9303 2 0.5 7 0.7 10 0.4 15 0 17 0 25 0.8 26 0.7 39 0.3 54 0 85 0.4 
9441 14 0.7 
9676 13 0.6 17 0 
9730 26 0.4 75 0 99 0.6 
9735 10 0 24 0.3 33 0 62 0.7 68 0.9 80 0 87 0.8 
9795 4 0 11 1 19 0.5 26 0.4 28 0 38 0.3 72 0 92 0.6 
9851 3 0 18 0.5 23 0.4 32 0.8 39 0.5 63 0 73 0.4 93 0 
9886 15 0 41 1 47 0.8 54 0.4 62 0 65 0 78 0.5 
