100
304 6 0.4 8 0.3 13 0.9 20 0.9 28 0 45 0.7 58 0.9 68 0.9 91 0 95 0.3 
305 62 0.7 
454 51 1 
507 9 1 27 0 
549 5 0.6 9 0.5 12 0 16 0.6 61 0.9 62 0 63 1 80 0.3 87 1 94 0.5 
727 18 0.9 20 1 27 0.9 34 0 82 0.7 91 0.4 95 0.7 99 0.6 
749 18 0.5 21 0 51 0.3 52 0.9 64 1 
750 6 0.5 28 0 40 0 64 0.6 90 0.9 94 0.5 
904 19 0 28 0.3 50 0.6 52 0.5 58 0.7 97 0.4 
979 48 0.3 64 0.4 71 0.3 
1021 8 0.9 20 0.5 21 0.5 28 0 75 1 
1095 14 0.7 16 0.3 26 0.9 83 0 
1265 0 0 6 0.8 13 0.5 31 0.3 40 0.8 46 0.8 85 0 97 0 
1277 1 0.9 38 0.5 82 0.8 
1408 3 0.8 27 0.4 31 0.8 35 0.3 56 0 57 0.3 77 0.7 83 0.9 89 0 91 1 
1417 47 0.7 
1647 27 0.7 29 0 45 0.5 
1666 18 0.4 32 0.4 40 0.9 44 0.4 46 0.4 48 0 81 0.3 92 1 94 0 
1713 6 0 71 0.9 
1722 1 0.3 13 0 15 0 29 0.7 39 0.3 50 0.3 65 0 73 0.6 75 1 88 0.6 
1743 9 0 46 1 57 0 62 0.4 71 0.5 77 0.5 92 1 95 0.5 
1824 47 0 65 0.5 92 0.5 94 0.8 96 0.7 
1900 6 0.6 15 0.4 29 0.6 37 0.6 47 0.8 62 0 72 0 76 0 79 0 89 0.4 
1904 1 0.9 6 0 13 0.5 26 1 45 0.9 68 0 87 0.7 88 0 99 0 
2018 35 0.7 43 0 
2105 21 0.9 35 1 43 1 58 0.4 72 0.4 73 0 90 0 91 0.8 93 0.4 
2279 20 0.4 24 0.7 56 0.3 65 0 91 0.6 
2550 43 0.6 
2734 15 0.6 17 0.3 19 0 51 0 52 0 70 0.9 84 0 
2881 34 0.8 
2908 5 0.3 17 0.3 41 1 54 0 77 0.4 
3000 13 1 42 0 45 0.7 73 0 97 0.5 
3375 3 0 10 0 34 0.8 
3409 4 1 18 0 38 0.4 49 0.3 72 0.6 89 0.7 94 0 
3489 24 0 32 1 72 0 85 0.6 93 0.9 
3745 63 0.6 82 0.7 
3914 2 0.4 6 0.5 13 0.6 35 0.3 48 0 62 0.4 79 0.8 89 0.5 97 0.5 
4101 15 0.7 23 0.7 33 0.3 40 0.3 61 0.3 67 0 69 0.4 74 0.7 84 0.8 93 0.7 
4125 6 0.8 13 0.9 26 0 27 0.3 44 0.3 45 0 67 0 83 0.8 87 0.7 
4146 69 0.4 
4152 21 0.8 60 0.3 66 0 84 0 91 0.6 
4195 5 0.7 6 0.5 84 0 
4527 1 0.3 3 0 50 0.6 58 0 
4866 7 0.7 19 0.3 43 0.9 60 0.5 71 0.3 93 0 
4867 13 0 16 1 20 0 21 0.7 31 0.9 76 0.9 86 0.4 92 0 
5041 13 0.7 25 0.7 45 0 61 0 78 0.4 84 0.3 87 0 99 1 
5295 38 0 61 0.6 99 0 
5613 52 0 
5774 6 0.4 
5910 10 1 17 0 37 0 53 0.4 68 0.3 70 0 74 0 89 0.4 
6056 6 0.3 37 0 40 0.3 47 0.4 61 0.8 97 0.4 99 0 
6187 3 0.4 37 0.3 40 0 53 0.5 69 1 75 0.3 90 0.4 91 1 
6339 2 0.7 31 1 55 0.6 65 0 70 0.7 77 0.3 81 0.9 86 0.3 95 0 
6489 41 0.3 65 0.4 87 0.7 91 0.7 94 0.7 98 0.4 
6678 21 0.6 52 1 
6688 1 0.4 24 0 42 0 46 0.8 51 0.7 55 0 60 0 
6816 2 0.8 4 0 34 0.7 39 0 45 0 67 0.4 76 0.7 96 0 
6941 48 0.6 87 0 
6973 15 0.8 23 0.5 24 0.9 60 0.3 
6990 13 0.6 17 0.5 24 0.6 32 0 41 0.4 42 0 49 0 62 0.4 65 1 91 0 
7129 12 0.9 30 0 35 0.5 42 0.3 43 0 52 0.3 59 0.4 83 0 
7187 14 0.5 53 0.7 
7302 36 0.7 40 0.4 49 0.9 60 0.7 
7424 13 1 28 0.5 82 1 
7437 6 0 23 0.8 85 0.6 
7544 4 0.7 
7571 45 0 47 0.3 69 1 
7642 20 0 27 0.8 28 0.3 30 0 38 0.7 59 0 68 0 77 0.3 87 0 88 0 
7655 18 1 29 1 32 0 49 0.5 78 0.3 
7722 5 0.7 8 0.8 9 0.8 16 0.3 51 0.5 59 0.5 60 0.9 95 0 
7756 18 0 29 0 34 0.3 76 0.5 99 0.4 
7765 15 0 33 0.9 37 0.5 45 0 54 0 77 1 91 0 95 0.6 
7774 3 0.7 6 0 13 0.4 18 0.6 20 0.7 35 0.8 42 0 44 0 57 0.9 79 0.6 
7784 36 0.7 
7811 1 0 13 0 19 0.7 44 0.4 64 0 74 1 88 0.5 98 0.9 
7883 9 0.6 16 0.5 27 0 43 0 73 0.9 
7971 14 0.5 25 0 42 0 47 1 61 0.7 70 0.7 94 0.5 
8058 0 0.7 
8153 17 0.4 35 0 46 0 73 1 92 1 
8177 16 1 42 0.6 46 0 51 0.9 59 0.5 62 0 
8193 7 0.4 10 0 22 0.6 27 0 45 0 54 0 74 0 84 0 97 0.9 
8217 0 0.7 1 0 4 0 8 0.8 31 0 32 1 83 0.8 86 0.7 91 0.3 
8271 5 0.4 21 0 26 0.5 33 0.6 34 0.5 54 0.4 86 1 95 0.3 97 0.7 98 0.3 
8272 8 0 40 0.8 56 0 58 0 60 1 78 0 88 0.5 
8354 0 0.9 12 0.9 15 0.6 17 0.7 40 0.9 54 0.3 65 0.5 90 0.7 91 0 
8460 6 0.5 19 0.9 20 0 51 0 64 0.5 72 0.6 73 0.6 74 0.6 86 0.7 90 0 
8518 7 0.7 14 0.6 16 0.8 62 0.6 70 0.8 79 0.4 86 0.8 99 0 
8554 52 0.8 
8561 22 0.6 33 0.6 51 0 52 0.3 59 0 82 0.4 84 0.6 
8673 14 0.6 54 0.7 69 0.5 88 0 
8712 41 0.4 50 0 84 0 
8719 22 0.6 45 0.7 46 0.7 47 0.9 58 0.6 70 0.5 
8790 23 0.5 39 0.6 45 0.9 46 1 53 0 54 0.3 57 0.9 63 0.9 68 0 
9004 16 0 
9087 12 0 24 0 30 0 37 0.4 49 0.5 52 0.8 62 0 71 0 
9405 8 0.7 14 0.5 35 0 40 0 44 0.9 82 0.6 86 0.5 
9444 77 0.9 
9666 60 0 88 0 
9840 2 0 3 0 21 0 34 0.4 62 0 66 0.8 70 0.5 74 0.4 78 0 93 0.8 
9843 0 0 4 0.4 6 0 28 0.3 40 1 45 0.4 50 0 72 0.3 73 0.3 76 0.4 
