100
3 6 0.8 19 0 63 0.5 67 0 81 1 96 0 
27 9 0.7 20 0 38 0.6 41 0.9 46 0.5 64 0 
144 3 0.5 13 0.8 15 0 37 0.8 65 0.6 82 1 
333 9 0.6 12 0 91 0.8 
359 6 0 9 0.4 44 0 59 0.7 80 0 
413 2 0 7 0.4 34 0.7 
494 44 0.7 57 0.6 75 0.9 
512 8 0.5 24 0.5 27 0.5 35 1 49 0.4 64 0.9 83 0 85 1 86 0.6 
617 10 0.4 18 0.3 32 0.7 33 0 46 0 95 1 
735 46 0.8 83 0 98 0.8 
759 26 0.7 45 0 69 0.7 70 0 
826 11 0 14 0.6 29 0 31 0.5 55 1 75 0.5 80 1 84 0.7 96 0.8 
834 2 0.9 10 0 40 0.3 53 0.9 54 0.4 78 0.4 
898 0 0.5 45 0 82 0 
1017 18 0.5 37 0.9 40 0 52 0.8 54 1 63 0 74 0.3 
1123 9 0.8 46 0.6 50 0.5 54 0.7 89 0.6 97 0.5 
1149 23 0 44 0.4 
1304 12 0.4 61 0.6 65 0.9 66 1 
1581 0 0 4 0 13 0 41 0.8 56 0.5 60 0 90 0.3 
1599 28 1 29 0.8 49 0 52 1 63 0.6 67 1 74 0.8 
1629 31 0.9 76 0 79 0.9 
1793 8 0.3 24 0 48 0.4 55 0.3 60 0 64 0 71 0.3 77 0 78 0.9 
1864 67 0.6 
1934 6 0.5 99 0.4 
1959 9 0 11 0 57 0.3 81 0.7 
1986 18 1 29 0.8 31 0.4 34 0 60 0 70 0.5 73 0.3 95 0 
2042 20 0.6 27 0.6 30 0.9 47 0.8 77 1 78 0 94 0 
2115 4 0.4 7 0 32 1 45 0.9 59 1 84 0 85 0.6 89 0.9 94 0.8 99 0.3 
2311 13 0 16 0.9 17 0.3 19 0.8 22 0 73 0.5 77 0 81 0.5 86 1 95 0 
2343 30 0 33 0.8 35 0.4 43 0.6 64 1 90 0.9 93 0.8 
2366 2 0.9 8 0.9 10 0 14 0.6 15 0.9 18 0 20 0.8 21 0.4 52 0.7 61 0.7 
2377 6 0.9 12 0.8 17 0 54 0 65 0 77 0 85 0.5 
2407 4 1 29 0.4 55 0.3 
2573 3 0.7 33 0 69 0 72 0 76 0.7 95 0 
2604 58 0 66 0.6 97 0 
2615 73 0.5 76 0 87 0.7 
2683 39 0.7 41 0 74 0 85 0 
2757 2 0 3 1 22 0.9 49 0.4 75 0.3 
2762 3 0.5 61 0 70 0.5 76 0 98 0.3 
2825 88 0.9 
2962 3 0 16 0 33 0.3 55 0 
3160 32 1 48 0.3 58 0.3 65 0 
3188 4 0 8 0.3 29 0.9 31 0.6 76 0.4 79 0 89 0.3 
3266 42 0 52 0 67 0.3 72 0.5 74 0.3 75 0 97 0 
3384 40 0.8 43 0.4 48 0.5 78 0.9 
3507 0 0 14 0.5 16 0 18 0.8 32 0.3 53 0.4 78 0.7 
3615 14 0.5 17 0.4 26 0.7 27 0.6 36 0.6 68 0.9 
3717 42 0 43 0.5 58 0.8 66 0 68 1 71 0 77 0 
4109 23 0 26 0.6 28 0 32 0.9 44 0.5 54 0.3 90 0 
4198 33 0.8 63 0.5 84 0 
4277 14 0 17 0.8 26 1 34 0.4 82 0 
4316 2 0.9 46 0 
4337 22 0 33 0 44 0.3 48 0.4 62 0.3 76 0 84 0.8 89 0.8 90 1 
4383 20 0.6 39 0 60 0 79 0.7 81 0.9 86 0.8 
4699 13 0 31 0 65 0.5 72 1 85 0 94 0.9 
4773 2 0.5 33 0.8 39 0 71 0.4 76 0.6 
4825 9 0 22 0.9 34 0.8 50 0.6 83 0.3 
4927 47 0.3 64 0.9 70 0 
5135 11 0.3 12 0.3 18 0 27 0.5 32 0 70 0 90 0 
5279 33 0.4 
5428 4 0.3 46 0 59 0 
5601 1 0.4 33 1 38 0.9 47 0 52 0.5 76 0.8 77 0.3 88 1 
5633 17 1 64 0 72 0 81 0.6 86 1 
5874 7 0.9 16 0.6 19 0 22 0.8 57 0.8 89 0.9 90 0.5 
6313 0 0.3 2 1 25 0.8 52 1 66 0.4 83 0.7 88 0.3 95 0.5 
6626 19 0.3 20 0.3 37 0 42 0.4 68 0.3 71 0.3 93 0.7 94 0.9 
6701 20 0.6 25 0 
6884 6 0 28 0.7 31 1 32 0.8 40 0.7 62 0.6 73 0 98 0.3 
6921 24 1 33 0 38 0.5 60 0 68 0.5 78 0.5 79 0.8 
6946 74 0 95 0.8 
6960 11 0.4 17 0.8 31 0.7 60 0.5 75 0.9 
6961 22 0.9 29 0.7 36 0.6 40 0 53 0.5 59 0.8 87 0.7 
6989 24 1 28 0 32 0.8 47 0 55 0.5 86 0.9 89 0 
7117 2 1 42 0 60 1 63 0.8 65 0.9 68 0 72 0.6 79 0 84 0.5 85 0 
7216 17 0.8 62 0.3 
7285 0 0 13 0.9 22 0.8 68 0 79 0 
7319 7 0.8 10 1 19 0.6 21 0 41 0.7 64 0 76 0.8 99 0.9 
7454 22 0 31 0.9 36 0.7 62 0 86 0 
7609 24 0.5 26 0 45 0.5 55 0.4 74 0 77 0.9 
7659 35 0.7 44 0.5 54 0.4 56 0.5 60 0.6 74 0 80 0 86 1 
7794 0 0.4 2 0 28 0.9 67 0.4 93 0.7 
7849 50 0.5 63 0 74 0.5 85 1 
7975 9 0.4 13 0.6 62 0.5 78 0.6 
8030 43 0.9 83 1 96 0.6 
8057 3 0 6 0 26 0 35 0 37 1 44 0.5 53 0 71 0 81 0 98 0.3 
8104 35 0.7 
8144 47 0.9 74 0.4 94 0.4 98 0.9 
8218 79 0.7 81 0 
8362 32 0.9 66 1 70 0 74 0.7 76 1 95 0.9 
8417 17 0.6 59 0.7 63 0.9 68 1 80 0 82 0.9 83 1 89 0 93 0 
8542 0 0.8 4 0.8 20 0.7 21 0.7 31 0.9 39 0.4 43 0 56 0.9 
8569 82 0 
8644 89 0.9 91 0.5 
8949 9 1 22 0.8 23 0 41 0.6 42 1 51 0 58 0.5 68 0.3 
9266 0 0.7 12 1 28 0.8 35 0 38 0 48 0.6 60 0 61 0.3 80 0.6 98 0 
9391 28 1 44 0.9 
9395 21 0.4 51 0.4 52 0 54 0.6 
9532 78 0 
9546 16 0 40 0.6 84 0.6 93 0.7 
9671 13 0 25 0.5 60 0 97 0.3 
