100
438 30 0.3 66 0.5 85 0.3 91 0 
511 26 0.3 43 0.7 47 0.9 50 0.7 58 0.6 
568 9 0.4 18 0.4 40 0.8 
643 21 0.9 79 0 
646 5 0 21 0.6 39 0.8 60 1 68 0.4 72 0.8 79 0.8 80 0.3 82 0.8 97 0.3 
971 43 0 94 0 97 0 
972 8 0 12 0.9 24 0.9 37 0.6 47 0.8 48 0 61 0.3 83 0.4 84 0 85 1 
1107 3 0 
1133 65 0.9 90 0 
1269 9 0.3 10 0 14 0 47 0.3 50 0.3 59 0 90 0 
1291 14 0.6 
1339 17 0 52 0 
1413 2 0 11 0.8 28 0.8 44 1 72 0.6 83 0.5 88 0.7 97 0 
1452 2 0.3 5 0.3 19 0.4 25 0.7 32 0.3 61 0.9 64 0 82 0 
1465 28 0.3 50 0.8 54 0.4 99 0 
1497 12 0.6 46 0.9 72 0.7 90 0.6 
1612 22 0 24 0.7 28 0 30 0 56 0.6 87 0.8 89 0 97 0 
1741 36 0 48 1 49 0 53 0.7 95 0.7 
1897 47 0.7 54 0 73 0.7 82 0 90 0.3 94 0.7 95 0 
1917 20 0.5 71 0.7 92 0.8 
1929 1 0.7 7 0 22 0.6 37 0.9 87 0.8 94 0.3 
2134 26 0 44 0.5 55 0.8 79 0.3 89 0 
2163 5 0.4 55 0.6 74 0.9 75 1 
2257 15 0.5 20 0.3 25 0.7 31 0 68 0.9 80 0 94 0 
2648 10 0.3 30 0.5 39 0.3 46 0.3 51 0.3 66 0 76 0.8 80 0.4 
2717 47 0.8 56 0 58 0 66 0.9 
2766 6 0.9 12 0.8 14 0.3 20 0.6 31 1 38 0.4 87 0.4 92 0.7 96 0.6 97 0 
2807 10 0.7 22 0.6 51 0 70 0 74 1 88 1 89 0 92 0 94 1 
2820 41 0 84 1 
2872 20 1 26 0.6 75 0.9 95 0.6 
2893 6 0.7 60 1 97 0.7 
3019 14 0 16 0.9 27 0 35 0.5 37 0 39 0 60 0.5 62 0.3 74 1 81 0 
3066 27 0.6 60 0.7 
3165 9 0.9 11 0 57 0.9 
3281 1 0.3 10 0.8 11 0.7 29 0.8 36 0 55 0.4 58 0.6 82 0.3 93 0.7 99 0.7 
3348 65 0.3 71 0 78 0.5 99 1 
3475 7 0.5 50 0 52 0.8 63 1 69 0.7 79 0.7 
3540 1 0.4 19 0.3 20 0.3 31 0.4 43 1 46 0.8 69 0.7 79 1 94 0 97 0.7 
3558 4 0.3 13 0.6 73 0.6 76 0.4 95 0.7 
3849 5 0.3 16 0.3 21 0.3 28 1 50 0 65 0.3 
3883 30 0 48 0.7 73 0.6 81 0.5 
3956 7 0 27 0.6 36 0.4 38 0.4 39 0.6 55 0.5 65 0.8 78 1 94 0.4 
3994 28 0.9 42 0 45 0.6 81 0.4 95 0.7 
4002 8 0.5 9 0.7 78 0 
4063 3 0 6 0 12 0 20 0.5 75 0.4 77 0 79 0.7 
4160 23 0.5 
4186 7 0 18 0.6 41 0 51 0.9 71 0.3 72 0.3 78 0.9 80 0.3 82 0.6 94 0.4 
4199 0 0.7 3 0.5 78 0 90 0.7 
4253 6 0.3 11 0.8 26 0.5 32 0.5 54 0 57 0.8 75 0 
4270 61 0.7 99 0.7 
4337 22 0 33 1 44 0.6 48 0 62 0 76 1 84 0.8 89 0 90 0.9 
4353 32 0.7 58 0 75 0 78 0.3 89 0 
4373 10 0 28 0.8 33 0.7 37 0 58 0 84 0 96 0.6 
4706 7 0 17 0.6 25 0 29 0.9 33 0.7 35 0.4 51 0.6 68 0.7 69 0.7 91 0.6 
5043 14 0.7 26 0.3 36 0 37 0.5 46 0 68 0.5 72 0.4 74 0.8 78 0 85 0.5 
5663 17 0.6 20 0 38 0.5 46 0.5 88 0 98 0 
5679 0 0.7 34 1 68 0.4 71 0 75 0.9 80 0.8 
5864 15 0 37 0 
5895 5 0 38 0.3 65 0 84 0.8 
5959 12 0 43 0 73 0.3 75 0.7 
6176 13 0 34 0.3 68 0.5 81 0 84 0.5 
6334 64 0 88 0.6 
6373 45 0.4 55 0 86 0.9 91 0.4 
6424 1 0 2 0 12 0.8 21 1 55 0 57 1 65 0.8 67 0 96 0.4 
6472 10 0 31 0.7 34 0 38 0.7 76 0.8 95 0 98 0.5 99 0.4 
6489 41 1 65 0.5 87 0.8 91 0.9 94 0.9 98 1 
6606 17 0.3 22 0.4 26 0 37 0 39 0 55 0 56 0.6 
7088 13 0 76 0.4 
7187 14 0 53 0.5 
7238 16 0.8 57 0.8 64 0 78 0 96 0 
7261 4 0.8 19 0 33 0.7 60 0 70 0 72 0.3 82 1 98 0.3 
7323 16 0.4 31 0 62 0.3 85 0 86 0 91 0.6 
7609 24 0.8 26 0.3 45 0 55 0.9 74 0.3 77 0 
7616 12 0.8 30 0.4 31 0 32 0.5 37 1 57 0.8 62 1 96 0.6 
7924 21 0.5 30 1 33 0.9 
7934 1 0 25 0.9 40 0.8 53 0 57 0.4 66 0.6 
8133 16 0.5 74 0.7 81 0.4 93 0.4 
8187 38 0.6 66 1 92 0 
8414 21 0 25 0.6 65 0.7 83 0.7 88 0.7 89 0.3 
8439 31 0.5 33 0 70 0.7 94 0.7 
8523 14 0 16 0.6 56 1 58 0 63 0 69 0 71 0 81 0.6 
8707 51 0.5 
8733 28 0 41 0.7 52 0 60 0 65 0 82 1 94 0.7 
8788 2 0.7 20 1 34 0.5 40 0.8 48 1 58 0 72 0.7 83 0.3 
8886 9 0.6 23 0.5 62 0 64 0 72 0.9 
8933 0 0.4 34 0 44 0 54 0.9 72 0.8 80 0.6 82 0.3 
8973 24 1 59 0.8 64 0.6 73 0.8 79 0.4 98 1 
9001 0 0.4 6 0.3 28 0.5 40 0.4 53 0.8 67 0.7 68 0 69 0.7 83 0 
9061 4 0 12 0 13 0.4 20 0.7 88 0.6 
9322 0 0.6 5 0.6 
9413 6 0.5 35 0 53 0 96 0.8 
9462 88 0 
9526 17 0 29 0.9 31 0.4 83 0.3 87 0.7 95 1 98 0 
9527 0 0.9 31 0 36 1 40 0.4 42 0 96 0.5 
9532 78 0 
9722 0 0.5 18 0.9 58 0.8 61 0 63 0.7 73 0.7 91 0.6 
9747 1 0.4 23 0.3 99 0 
9834 43 0.6 88 0.9 
9927 47 0.9 
9956 0 0 18 0.6 24 0.7 31 0 33 0.8 45 0.9 77 0 
