100
126 1 0.5 53 0.6 55 0.6 92 0.6 94 0.9 
354 8 0 78 0.6 82 0 83 1 85 0.7 99 0.9 
412 8 0 10 0.4 34 0.6 38 0.7 44 0.6 45 0.8 50 0 66 0 90 0.4 98 0.3 
491 10 0.9 11 0.7 16 1 26 0 47 0.9 96 0.7 
562 11 0.3 17 0.7 33 1 46 0.8 49 0.4 51 1 81 0.8 86 0.3 
649 0 0.5 4 0.6 13 0.4 25 0 38 0.9 46 1 69 0 70 0 74 0.6 
735 46 0.4 83 0.3 98 0 
826 11 0 14 1 29 0.8 31 0.8 55 0.5 75 0.5 80 0 84 0 96 0.8 
878 5 0 10 0.9 36 0.7 47 0 49 0.8 70 0.5 75 0.8 79 0.5 96 0.4 99 0 
944 18 0 42 0.8 57 0.7 60 0.5 68 0.3 80 0 91 0 
1119 34 0 35 0 87 0 
1155 5 0.5 7 0.5 16 0 18 1 25 0.7 47 0.4 66 0.9 98 0 
1199 7 0.9 20 0.7 24 0 25 0.9 51 0.8 76 0.6 
1303 1 0.7 36 0 38 0.7 66 0 83 0.6 87 0.8 89 0.5 95 0.4 
1359 20 0.5 21 0.4 39 0 48 0.5 49 0.9 59 0.7 64 0 74 0.5 
1435 11 0 16 0.9 44 0 69 0.8 70 0.3 94 0.6 
1483 28 0 37 0.8 47 0.5 48 0 86 0.4 
1592 67 0.4 
2034 16 0.8 18 0 46 0.3 66 0.3 76 0.5 
2075 11 0.7 14 0 16 1 24 0.9 58 1 72 0.9 82 0.7 90 0.7 
2219 25 0.6 
2339 55 1 
2350 8 0.8 42 0 68 0.4 93 0.8 
2383 6 0.5 23 0 33 0.6 38 0.7 43 0.5 77 0.8 81 0.7 89 0.3 90 0.8 
2399 16 0.7 
2482 71 0 81 0.5 84 0.8 
2486 39 0.9 50 0.5 69 0.3 70 0 71 0.8 
2529 12 0.9 27 0.4 39 0.6 40 0.8 75 0.5 95 0.7 
2532 11 0.7 13 0.5 61 0.7 62 1 78 0 96 0.9 97 0.7 
2619 14 0 26 0.9 30 0.8 62 0.9 76 0.8 88 0 90 0 
2669 2 0.6 8 0.9 28 0.7 30 0 49 0.9 59 0 85 0.3 92 0.6 96 0 
2686 2 0.7 9 0 32 0.5 75 0 
2692 42 0.9 66 0.6 
2725 12 1 16 0.5 17 0.4 20 0.5 34 0.3 43 0.4 83 0.9 87 0.8 94 0.5 
2769 11 0 17 0.6 24 0.4 25 0.6 42 0 69 0.8 74 0.9 91 0.9 
3084 6 0.4 12 0.4 31 0.5 39 0 86 1 88 0 
3109 8 0.4 9 0 31 0 52 0.6 80 0.8 88 0.3 95 0 
3153 34 0 39 0 61 0 66 0.9 76 1 82 0.9 
3199 3 0.9 13 0.5 16 0 40 0.6 58 1 
3521 12 0.9 15 0.5 17 0 22 0.4 27 0 36 0.9 41 0.5 73 0.8 75 0.9 95 0.7 
3578 6 0.4 10 0 15 0.7 34 0.9 40 0.9 61 0 67 0.3 80 0.6 85 0.4 86 0.6 
3597 1 0.9 
3721 3 0.6 4 0.6 17 0.6 28 0 51 0 63 0.7 69 0 92 0 
3742 48 0 61 0.5 
3765 39 0 40 0.5 51 0 89 0.7 
3838 4 1 29 0 31 1 67 1 72 0.3 85 0.3 
4062 1 0.6 4 0 16 0.6 33 0.6 58 0.4 59 0.9 92 0.5 99 0 
4109 23 0.7 26 0.9 28 0.3 32 0 44 0.5 54 0 90 0.6 
4212 15 1 22 0.8 23 0.6 24 0 25 0 40 0.8 46 0.5 56 0.9 74 0.9 96 0.4 
4266 22 0.8 31 0.4 87 1 
4428 6 0.3 21 0.8 49 0.7 62 0 69 0.6 75 0.5 
4463 3 0.5 49 0.8 53 0.6 75 1 86 0 96 0 
4506 20 1 21 0.5 44 0.9 56 0.7 90 1 
4554 4 0.6 41 0.8 47 0 55 0.5 
4687 23 0.3 26 0.3 27 0.6 45 0.6 57 0.5 79 0 82 0.4 
5140 27 0.6 42 0.3 45 0.6 52 0 
5172 9 0.3 15 0 74 0.7 77 0 87 0.7 88 0.4 
5378 7 0.6 12 0 17 1 22 0.5 71 0.3 72 0 95 0 
5425 3 0.7 9 0 32 0.5 62 0.9 76 0.6 84 0.4 98 0.5 
5434 15 0.7 37 0.8 44 0.4 86 0.9 89 0 93 0.4 
5794 49 0.3 
5901 34 0.6 79 0 81 1 82 0.8 85 0 87 0.9 92 0.3 
6105 20 0.4 25 0 47 0.7 48 0.7 69 0.7 87 0 93 0.4 
6306 0 0.8 49 1 97 0.6 
6319 4 1 25 0 30 0 38 0.7 53 0.9 58 0.8 
6341 4 0.3 14 0.6 67 0.6 79 0.6 
6391 27 0 40 1 62 0 63 1 
6621 16 0.4 25 0.4 40 0.7 47 0.4 51 1 58 0.3 84 0 96 0.6 
6623 35 0.9 
6778 2 0 3 0 15 0.8 17 0.8 28 0 34 0.9 48 0 65 0.8 70 0 95 1 
6792 54 0 58 0 90 0 98 0.7 
6958 0 0 17 0.7 25 0.4 33 0.4 59 0 61 0 64 0 85 0.3 
7260 9 0 34 1 39 0.6 51 0.9 62 0 73 0.8 84 0.4 85 0.5 97 0.9 
7264 3 0.3 11 0.5 23 0.8 55 0.8 69 0 80 0 87 0 99 1 
7277 20 0.5 45 0.9 48 0.6 60 1 97 0.6 
7361 2 0 63 0.7 81 0.8 89 0.9 95 0 
7594 1 0 22 0.5 77 0.6 99 0.5 
7817 6 0 16 0.4 21 0 23 0.6 34 0.8 49 0 59 0 73 0.6 84 1 86 0.5 
7864 24 0 61 0.9 62 1 68 0.4 89 0.6 
8066 6 0 8 0.6 18 0.3 25 0.4 61 0.6 62 1 71 0 95 0.3 96 0.9 
8107 60 0.3 
8179 7 1 57 0.3 82 0.4 85 0 90 0 
8240 9 0 18 0.9 34 0.3 36 0.9 81 0.8 
8298 16 0.9 49 0.7 50 0.5 94 0 
8469 11 0.5 
8483 40 0.8 41 0.5 58 0.8 95 0.8 96 0.8 
8519 74 0.6 89 0.8 95 1 
8587 1 0.8 35 0.7 39 0.3 41 1 50 0 67 0.9 84 0 86 0 92 0.5 
8840 19 0.7 31 0.3 84 0.4 
9152 30 0.8 42 0 
9199 8 0 10 1 19 0.6 31 1 43 0 61 1 73 0.4 75 0 99 1 
9327 4 0 12 0.4 15 0 17 0.7 32 0.6 45 0.3 60 0 88 0.7 
9349 0 0 4 0 8 0 17 0.5 25 0 31 0 33 0.4 37 1 52 0.7 91 0.4 
9392 23 0 56 0.6 65 0.4 76 0 83 0.7 
9414 7 0 9 0.8 12 0.6 
9553 37 0.4 
9588 22 0 
9640 1 0.8 59 0 65 0.6 97 0.4 
9853 16 0 18 0.9 56 0.3 
9861 18 0.5 19 1 
