100
96 0 0.8 2 0.4 37 0 53 0.7 68 1 
133 41 0 
159 0 0.4 11 0.4 15 0 17 0.7 18 0.5 22 0.7 64 0.6 75 0.6 90 0 96 0.4 
389 9 0.4 19 0.5 25 0 27 0.9 39 0 55 0.4 57 0.3 73 1 94 0.4 
436 37 0.7 55 0.7 72 0.6 
496 4 1 43 0.5 45 0.4 48 0.3 
622 2 0.5 21 0.8 28 0.5 43 0 60 0.8 92 0.6 96 0.8 
680 30 0.4 44 0 51 0 53 0 57 0 72 0.4 
706 14 0.7 20 0.6 67 0.4 70 0.6 73 0.4 74 0 79 0.9 92 0.7 
800 24 0.5 25 0.9 35 0.8 62 0.5 69 0.5 92 0.4 
1013 25 0 37 0.3 56 0 60 0 93 0.5 96 1 
1020 0 0.5 2 0.7 6 0.6 8 1 27 0.3 68 0.9 75 0.4 97 0.3 
1024 9 0.7 18 0 29 0 33 0.6 81 0.9 99 0 
1232 62 0 
1339 17 0 52 0 
1341 0 0 10 0 40 0.5 55 0.9 64 0.3 72 0.8 73 1 96 0.7 
1348 4 0.3 11 0.6 18 0.4 23 0.6 59 0.4 76 0 85 0.5 95 0 
1544 20 0.9 32 0.8 33 0 46 0 51 0.8 55 0.5 69 0.8 79 0 94 0.9 
1753 2 1 5 0.3 33 0.8 38 0 40 0.9 45 0.6 48 0.8 68 0.5 83 0.6 98 1 
1967 65 0 
1986 18 1 29 0.9 31 0.7 34 0 60 0.5 70 0.5 73 0.7 95 0.8 
2047 8 0.7 31 0.8 44 0.4 55 0.5 77 0 
2086 12 0.5 16 0.3 25 0.9 31 0 73 1 89 0.8 98 0.7 
2090 7 0.7 8 0.9 19 1 23 0 29 0.5 49 0.4 82 0.6 
2224 6 0.7 23 1 32 0.4 34 0 53 0.4 60 0.5 81 0.5 97 0 
2388 88 0.3 
2412 47 0.6 77 0.3 87 0.8 
2463 14 0.8 16 0 34 0 41 0.5 47 0 53 0 67 0.7 68 0 
2551 29 0.9 32 0.8 47 1 85 0.6 87 0.4 96 0 
2739 3 0 18 1 30 0.3 34 0.3 47 0.9 67 0.5 70 0.5 79 0.8 82 0.3 
2862 6 0 55 0.9 64 1 
2914 9 0.6 32 0.3 46 1 
3003 2 0.3 
3050 2 0.5 21 0.4 30 0.6 53 0.7 58 0.3 65 0.3 70 0 74 1 86 0.8 94 0 
3192 4 0 5 0.8 9 0.5 23 0.4 34 0 40 0 62 0 81 0 84 0 98 0.6 
3697 13 0.3 25 0.4 30 1 35 0 54 0.6 79 0.6 
3895 49 0 50 0.8 77 0.6 88 1 96 0.9 
3948 11 0 32 0.7 37 0.8 62 0.7 74 0 80 0.3 89 0.9 98 0.5 
4435 14 0 20 0.8 43 0 52 0.5 53 0.9 65 0.9 83 0.8 84 0.8 
4450 92 0.9 
4529 38 0.9 42 0.8 61 0.5 92 0.7 
4571 24 0.7 28 0.8 37 0 43 0.9 44 1 55 0.8 65 0.7 81 0.7 91 0 
4707 1 0 18 0.9 25 0.8 35 0 40 0.4 42 0.5 53 0 57 0 
4737 5 0.9 28 0.8 43 1 78 0 
4738 2 0.4 5 0.4 6 0.8 7 1 12 0 33 0 56 0.6 85 0.5 
4757 14 0 25 0 28 0 33 0.9 37 0.9 40 1 53 0 72 0.6 73 0 74 0.5 
5032 0 0.6 6 0.7 75 1 89 0.6 
5096 2 0 6 0.3 8 0.7 11 0 19 0.4 23 0.5 38 0.4 44 0 
5251 16 0.9 29 0.7 67 0.3 
5558 0 0.4 25 0.9 30 1 38 0 39 0.6 56 0.5 63 0.3 71 0.5 
5625 22 0.5 51 0.9 55 1 69 0.7 73 0 99 0.5 
5629 39 1 63 0.5 
5671 12 0.6 40 1 50 0.9 57 0.5 93 0.3 
5809 5 0 11 0.6 16 0.5 24 0.4 61 0.3 74 0.6 77 0.5 82 1 89 0.9 
5846 9 0.8 39 0.4 52 0 69 0.6 74 0.9 81 0.6 89 0 
5881 3 0.4 4 0 9 0 20 0 28 0 31 0.5 57 0 77 0 92 0.5 
5949 27 0.3 35 0.4 43 0.5 75 0.7 85 0 
6047 35 0 37 0.7 84 0.9 
6056 6 0.3 37 0.5 40 0.6 47 0.8 61 0 97 0 99 0.6 
6265 30 0 35 0 40 0.9 52 0.7 83 0 89 0.6 91 0 
6291 15 0.7 30 0.4 50 0.5 63 0 68 0.5 91 0.8 96 0.7 
6333 12 0.5 56 0 62 0.6 69 0 72 0.8 75 0.6 77 0.7 82 0 95 0 
6374 0 0.7 1 0 7 0.8 11 0.6 23 0.4 55 0.3 58 0.9 72 0.9 78 0.9 
6442 51 0 79 0.4 82 0.8 87 1 95 0.4 96 0 
6557 16 1 
6665 1 0.7 51 0 54 0 60 0.7 
6889 5 1 6 0.5 77 0 90 0 92 0.9 
6929 17 1 22 0.4 29 0.4 34 0.9 67 0.6 68 0 82 0.9 98 0.6 
7226 22 0 46 0 60 0.4 69 0 
7344 63 0.3 76 0.7 78 0.9 
7463 32 0.6 38 0.9 
7616 12 0 30 0.3 31 0.6 32 0.3 37 0.3 57 0.8 62 0.6 96 0.7 
7711 6 1 25 0.6 37 0.3 72 0.9 80 0.6 
7739 14 0.4 28 0.9 41 0.7 68 0.8 70 0.7 90 1 
7745 28 1 44 0 50 0 57 0.4 69 0.8 77 0.9 99 0.4 
7821 11 0 13 1 27 0.4 34 0.6 35 0 45 0.8 50 0.4 54 0.8 86 1 
7899 17 0.5 
7990 10 0 
8098 22 0.9 50 1 57 0.8 74 0 88 0.6 98 0.7 
8137 7 0.3 9 1 14 0.8 18 0.3 20 0.9 27 0 72 0 85 0.4 87 0 
8138 23 0.3 24 0 36 0 50 1 53 1 54 0.4 58 0.4 71 0.4 78 0.6 95 0.6 
8189 9 0.8 14 1 21 0 38 0.7 73 0 88 0.6 
8200 7 0.3 13 0 14 1 27 0.5 35 0.5 64 1 76 0.3 83 0 
8307 14 0.9 24 0.9 43 0.4 67 0 
8323 34 0.8 36 0.4 56 0.5 61 0.4 62 0.6 66 0 85 0.3 94 1 99 0.8 
8389 0 0.9 3 0 10 0.4 20 0 48 0.6 52 0 65 1 72 0.4 87 0.3 93 0.8 
8516 2 0 4 0.9 13 0.3 57 0.6 77 0.9 82 1 96 0.3 
8620 7 0.7 15 0.4 23 0 30 0.5 47 0.8 72 0.8 98 0.9 99 0.4 
8659 18 0.8 27 0.6 44 0 65 0.8 69 0 
8833 9 0.8 25 0 26 0.7 51 0 59 0 64 0.7 76 0 88 1 
8878 4 0.7 5 0.9 25 0.5 36 0.5 42 0 43 0.5 80 0.3 82 0.4 89 0.8 90 0.6 
9043 4 0 7 0.4 19 1 23 0 24 0 34 1 37 0.9 74 0.6 88 0.9 91 0.3 
9048 2 0 28 0.5 29 0.9 36 0.6 40 0 53 0.7 70 0.9 74 0.9 76 1 99 0.9 
9105 13 0.3 16 0.4 37 0.9 43 0.7 48 0.7 54 0.6 68 0.7 84 0.9 96 1 
9230 23 0.8 57 0.9 88 1 
9381 10 0 23 0.4 32 0.8 54 0.8 61 1 74 0.9 79 0.3 85 0.9 99 0 
9397 8 0 15 0 25 0.8 44 0.4 53 0.4 57 0.5 
9641 22 0 44 0 58 0.7 72 0.3 73 0 83 0.8 92 0.7 
9709 11 0.4 29 0.3 41 0.9 43 1 47 0.7 
9718 15 0.9 26 0.7 45 0.7 54 0.9 66 0 
