100
7 3 0 9 0.8 51 0.6 60 1 69 1 
24 86 0.5 88 0.6 
81 0 0.3 9 0 13 0 21 0.4 22 0.4 44 0.7 69 0 84 1 87 0 91 0 
87 10 0.4 54 0.5 59 0.6 62 0.9 69 0.9 71 0.7 72 0 92 0.3 
89 56 0.7 96 0.4 97 1 
134 11 0 18 0.6 57 0.9 66 0.4 70 0 96 0.5 
138 9 0.7 31 0.7 70 0 94 0.9 
222 11 0.3 21 0.5 31 0.7 60 0.4 70 0.6 78 1 81 0.6 85 0.6 
244 23 0.5 25 0 27 0 58 1 
252 3 0.5 28 0 32 0.4 51 0.3 59 0.6 62 0.6 82 0 
403 74 0.5 
442 71 0 
447 26 0.3 29 0 42 1 68 0 72 1 85 0.6 88 0.6 93 0.7 
500 0 0.7 16 0 28 0.7 35 0.6 51 0.4 74 0 90 0 95 0 98 0.8 
531 7 1 21 0 43 0 67 0 72 0.9 73 0.5 92 0.4 93 0.3 
564 10 0.4 11 0.8 22 0.6 49 0.4 53 0 65 0.5 87 0 89 0.5 94 0.8 
778 4 0 28 0.3 34 0 37 0.4 47 0.3 58 0.5 60 0 75 0.5 88 0 
798 3 0.5 40 0 46 1 48 0.8 57 0.4 64 0.3 72 0 90 0 
802 0 0.3 8 0.9 45 0.4 54 1 74 0 90 0.5 
891 7 1 11 0.6 14 0.4 98 1 
902 17 0.4 22 0.3 30 0.6 52 0.4 54 0 79 0 
1035 7 0 80 0.4 85 0.8 96 0.3 
1043 1 0.6 15 0.5 39 0.4 58 0.7 
1095 14 0.7 16 0.9 26 1 83 0.9 
1115 54 0.7 
1147 37 0 74 0.8 
1172 25 0.4 
1346 8 0 15 1 46 0.8 50 0.6 58 0.8 99 0.3 
1474 9 1 29 1 
1501 15 0.4 26 1 53 0 67 0.9 77 0.9 
1531 34 0 40 0.5 53 1 62 1 64 0.3 72 0.7 92 0.8 94 0.5 
1553 10 0 23 0.5 63 0 66 0 78 0.4 
1884 51 0.9 57 0.5 63 0.8 65 0 69 0 74 0 77 0 78 0.6 89 0.5 93 0.4 
2012 2 0.3 7 0 8 1 25 0.8 28 0.4 58 0.8 63 0.8 89 0 
2067 35 0 36 0 55 0 67 0 79 0.4 
2326 4 0.4 17 0.7 25 0 
2719 72 0.9 80 0 83 0 97 0.6 
2739 3 0.3 18 0.5 30 0.9 34 0 47 0.4 67 0.8 70 0.9 79 1 82 0.3 
3166 2 0.5 11 0.9 13 0.4 18 0 34 0.7 35 0.3 60 0.9 81 0.6 90 0.7 91 0.3 
3235 37 0.8 
3241 50 0 
3267 50 0.5 
3343 40 0.5 
3453 10 1 11 1 54 0.9 55 0.5 57 0.8 95 0 
3473 14 0.3 17 0.4 36 0.5 68 0 74 0.4 80 0.3 97 0.4 
3584 0 0 5 0 10 0.7 51 0.7 55 0 57 1 75 0.8 83 0.9 93 0.9 96 0.6 
3609 0 0.9 5 1 8 0.8 15 1 18 0.5 30 0.7 69 0.7 86 0.7 
3752 66 0.4 81 0.3 87 0 91 1 
3828 2 0.9 33 0 81 1 
3971 4 0.5 35 0.3 37 1 47 0.3 53 0.3 
4129 6 0.9 13 0 29 0.6 47 0.8 54 0.8 55 0 64 0.7 73 1 
4144 23 0 24 0.6 85 0.9 
4160 23 0 
4200 6 0.6 42 0.6 
4327 0 1 14 1 15 0.6 62 1 71 0.5 77 0 87 0.3 97 0 
4330 0 0.3 18 0 39 0 66 0.7 77 0.6 79 0.7 81 0.5 97 1 
4400 25 0.6 72 0 77 0 94 0.3 96 0.4 97 0 
4456 6 0.7 
4664 9 0.3 15 0 70 1 95 0.5 
4911 49 0.8 75 0.7 84 0.4 
4922 20 1 79 0 90 1 
4927 47 0.5 64 0.9 70 0.3 
5014 34 0.5 54 0.4 66 0 84 0.9 
5034 2 1 80 0.3 
5041 13 0.3 25 1 45 0.6 61 0.5 78 0 84 0 87 0.4 99 0.7 
5107 2 0 17 1 29 0 37 0 44 1 66 0.8 70 0.6 
5118 12 1 28 0.9 35 0.8 37 0.5 43 0.4 46 1 48 0.7 93 0.8 95 0.9 99 0 
5219 30 0.6 38 1 77 0 78 0.3 
5285 6 0.4 34 0.3 44 0.5 46 0 50 0 53 0 59 0.5 61 0.6 86 0 
5299 20 0.6 61 1 
5387 48 0.5 62 0.7 66 0 92 1 
6216 4 0.5 11 1 17 0 27 0.9 29 0 48 0.4 56 0.9 
6278 29 0.5 33 0.6 37 0.5 43 0 46 1 57 0 75 0 91 0.7 96 0 
6306 0 0.8 49 0.9 97 0.9 
6307 52 0 
6337 9 0.4 26 0.9 32 1 36 0.3 43 0 66 0.7 70 0.4 81 0.7 99 0 
6626 19 0.7 20 0.9 37 1 42 0.3 68 0 71 0 93 0.9 94 0 
6684 7 0.9 19 0 29 0.4 31 0.5 74 0 77 1 
6714 28 0.5 37 1 62 0 69 0.9 73 0.5 82 0.4 
6881 10 0.7 11 0.6 24 0.5 73 0 74 0.8 95 0 
7217 14 0.8 
7479 3 0.8 9 0.9 35 0.8 50 0.4 54 0.9 55 0.6 59 0 76 0.6 
7567 9 0.7 28 0.6 30 0 34 0.9 44 0 55 0.5 78 0.5 85 0.9 98 1 
7568 15 0.8 27 1 61 0.7 96 0.8 
7625 32 0 54 0 65 0.8 
7721 0 0 33 0.9 34 0.3 41 0 50 0 55 0 73 1 89 0.6 90 0.3 94 0.8 
7798 3 1 7 0.9 14 0.8 29 0.9 45 0.9 47 0.5 
7978 32 0 50 0.3 55 0 66 0.3 72 1 79 0.4 95 0.3 
8009 1 1 16 0 34 0.8 35 1 70 0 72 0 99 0 
8055 76 0.6 91 0 
8135 19 0.6 39 0 61 0.8 90 0.3 
8366 16 0.3 54 0 63 0.8 
8428 17 1 20 0.8 43 0.7 68 0.5 83 0.9 89 0.6 
8488 14 0.8 
8676 12 0.8 15 1 41 0.7 
8790 23 0.9 39 1 45 0.3 46 0.6 53 0.3 54 1 57 0.5 63 0.6 68 0.4 
8867 0 0.5 50 0 72 0.8 91 0.7 
8931 20 0 35 0 77 0 
9220 28 0.6 61 0.4 64 0.7 67 0 71 0 86 0.7 93 0.6 
9963 26 0.8 76 0 88 0.8 
