100
18 77 0.7 
97 5 0.9 9 0.9 13 0.4 16 0 54 1 62 0.6 
502 3 0 5 0 11 0.9 18 0 33 0.6 55 0.9 89 0.6 
505 25 0 33 0.9 45 1 54 0.5 80 0 
551 5 1 7 0.8 11 0.8 15 0.7 24 0.7 26 0.5 29 0 55 0 64 0.7 76 0.7 
731 4 0.8 20 0.9 25 0.3 26 0.3 30 0.4 31 0 33 0.3 46 0.3 53 1 66 0.3 
833 26 0.3 29 0.4 44 0 54 0 61 1 72 0.6 
922 68 0.9 88 0 94 0.3 
993 30 0.9 39 0.3 41 0.6 46 0.4 47 0.9 51 0.4 67 1 69 0.9 
1040 12 0 44 0.5 52 0.5 56 0.9 65 0.7 96 0 
1138 6 1 18 0.7 29 0.7 
1226 0 0.7 24 0 25 0.6 32 0.9 45 1 50 0 85 0.8 87 0.7 92 0.3 96 0.8 
1243 28 0 49 0.8 55 0 63 0.4 68 0.8 98 0.7 
1251 30 0.6 
1256 9 1 11 0 20 1 22 1 25 0.3 51 0.7 66 0.4 
1281 4 0.4 17 0.3 23 0.8 48 0.3 65 0.6 69 1 72 0.7 83 0.3 90 1 
1306 23 1 33 0.8 48 0.9 55 1 57 0.9 74 0 81 0.7 94 0 
1318 41 0.7 
1370 1 0.4 13 0.6 26 0.7 34 0.9 
1504 58 0.4 60 0 81 0.9 94 1 
1514 0 0.7 22 0.6 46 0 68 1 82 0 86 0.8 87 0.6 97 0.9 99 0.4 
1631 19 0.8 75 1 76 0.3 
1656 2 0.5 4 0.3 11 0.7 39 0 67 1 
1731 14 0.6 57 0 88 1 
1873 14 0.5 24 0.4 27 0.6 34 0 59 0 
2019 6 0.8 11 0 22 0 37 0.4 39 0.4 49 0 58 0.5 87 0.8 91 0.5 96 0.6 
2075 11 0.6 14 0 16 0.8 24 0 58 0 72 0 82 0.8 90 1 
2117 49 0.7 53 0.7 
2201 16 0.4 20 0 38 0.5 41 0 44 0 56 0 71 0.3 82 0.7 87 0.4 
2205 37 0.4 38 0.8 42 0.6 45 0.5 77 0 81 0 88 0.4 
2335 64 0 
2552 16 1 19 0.6 48 0.3 58 1 66 0 97 0.7 99 0 
2600 41 0 55 1 58 0.9 80 0.8 
2663 8 0 26 0 36 0.5 60 0.8 
2683 39 0.3 41 0.3 74 0.4 85 0 
2864 17 0 
2874 1 0.5 15 0.9 36 0 42 0.4 54 0.9 78 0.3 87 0 
2956 3 0.3 7 0.9 8 0.5 13 0 25 0.8 29 0 30 0 53 0.8 59 0.5 69 0.6 
3004 2 0 8 0 9 0.5 16 0.8 29 0.8 37 1 45 0.6 56 0.5 99 0.7 
3025 25 0.5 38 0 80 0.6 
3386 15 0.9 51 0.8 73 0.3 
3404 4 0.6 8 0.5 20 0 46 0.7 54 0.3 63 0.5 81 0 83 0.8 84 0.9 
3435 6 0.6 
3524 5 0.3 21 0 23 0.4 33 0.6 41 0.4 43 1 74 0 78 0.3 95 0.3 96 0.5 
3604 11 0.4 82 0 
3889 8 0.6 24 0.4 33 0 46 0.8 82 0 84 0.6 91 0 94 0 98 0.7 
4152 21 0.3 60 0.5 66 0.5 84 1 91 0.6 
4560 14 1 38 0 79 1 
4611 2 0 18 0.6 35 0.3 87 0.5 95 0.3 
4665 32 0.5 35 0 38 0 70 0.4 85 0 
4721 1 0.5 36 1 41 0.6 76 0.6 91 0 
4755 1 0 20 0 42 0.4 45 1 47 1 67 0.3 90 0 98 0.5 
4894 24 0.3 58 0.5 
4910 15 1 18 0.8 19 0 24 0 55 0 82 0.4 83 0.3 98 0.8 
4911 49 0 75 1 84 0.9 
5216 8 1 21 0.7 44 0.9 56 0.7 66 0.8 72 0.6 73 0.5 74 0.6 75 1 98 0 
5353 17 0.3 20 0.7 33 0.5 39 0.3 
5358 29 0 31 0.4 46 0.8 68 0.6 82 0 86 0.3 94 0 
5363 12 0 22 0.9 57 0 61 0 64 0.9 66 0 96 0.8 99 0.7 
5514 87 0 
5546 11 0.8 26 0 34 0 60 0 61 0.6 68 0.3 
5622 25 0.5 31 0.3 57 0.5 
5869 4 0 14 0.8 15 0.9 27 0.4 57 0.3 68 0.8 81 0.7 96 0 
5982 65 0.3 
6032 9 0.3 17 0.7 28 0 31 0.9 33 0 48 0.3 73 0.8 87 0 99 0.4 
6069 21 0.7 24 0.8 28 0.6 33 0.7 34 0.5 41 0 47 0 
6108 56 0.7 73 0.6 75 0.8 
6476 25 0 32 0 73 0.7 
6693 16 0.3 31 0.6 37 0.8 57 0.4 63 0 77 0.6 
7081 29 0.8 37 0.9 47 0.5 54 0.4 60 1 64 0.4 78 0.6 
7087 0 1 8 0.6 70 0.8 88 0.3 99 0.8 
7175 0 0.8 7 0.5 24 0 28 0.9 42 0.7 66 1 78 0.5 
7257 3 0.9 23 0.4 51 0.5 52 0 97 1 
7487 4 0 12 0.4 14 0.7 25 0 40 0 49 0.3 67 0.3 
7721 0 1 33 0 34 0.5 41 0.5 50 0 55 0.9 73 0.8 89 0.4 90 0 94 0 
7764 16 0.9 17 0.8 41 0 45 0.3 53 0.6 91 0 
7781 34 0 
7932 8 0 18 0 48 0.7 58 0.6 67 0 77 0.7 83 0 93 0.3 
8074 1 0.5 32 0.7 38 0.7 52 0 67 1 72 0 77 0.8 
8145 54 0.5 85 0.4 
8175 69 1 86 0 
8194 21 0.7 25 0.7 34 0.8 38 0 40 0 53 0.4 
8197 6 0.6 9 0 20 0 
8258 4 0.9 17 0 44 0.6 45 0 65 0.5 72 0 76 0.9 78 1 87 0.3 
8281 63 0 65 0.8 
8337 39 0.5 67 0.3 83 0 92 0.8 
8345 74 0.6 
8387 14 0 
8816 14 0.6 36 0.3 45 0.9 
8893 47 0.9 85 0.8 
8959 6 0.3 10 0.7 16 0 36 0.3 46 0 84 0.5 94 0.9 
9091 0 0.3 23 0.8 54 0.9 64 0.9 65 0.8 77 0.4 78 0.6 
9225 36 0 77 0 
9293 34 0.3 46 0.5 60 0.3 74 0.7 
9478 6 0 48 0 52 0.4 53 0 63 0.4 72 0 81 0.8 
9506 7 0 15 0.4 21 0.7 34 0.9 45 0 53 0 63 0 81 0 83 0.5 85 1 
9510 2 0.5 22 0.8 35 1 43 0.8 54 0 65 1 68 0 82 0 85 0.8 93 0 
9576 1 0.8 3 0.6 9 0 12 0.3 30 0.5 66 0 81 0.6 82 0.8 
9578 6 0 12 0.5 13 1 46 0 58 0.7 66 0.8 80 0 95 0 
9886 15 0.8 41 0.8 47 0.9 54 0.4 62 0 65 0.9 78 0.4 
