100
36 4 0.6 11 0.7 21 0.3 33 0 41 0.9 53 0.8 55 0.5 57 0.6 78 0 97 0.5 
90 34 0 84 0.3 88 0.8 
174 15 1 20 0 52 0 54 0.7 55 0.9 64 0.4 72 0.4 81 0.7 91 0.3 94 0.4 
217 9 0.5 18 0.4 27 0 41 0.4 48 0.3 52 0.3 63 0.9 87 0.4 89 0 96 0 
257 47 0.6 69 0.9 79 0 82 0.5 90 0.3 
311 1 1 21 0 68 1 75 0.3 
321 3 0.5 5 0.3 18 0.5 22 0.8 66 0 74 1 
338 15 0 22 0.3 34 0.3 47 0 48 0.4 68 0.3 78 0.8 
354 8 0.5 78 1 82 0 83 0.7 85 0.3 99 0.4 
408 4 1 19 0.8 26 0 34 0.9 39 0.9 53 0.7 
886 1 0.9 4 0.9 44 0.9 45 0.5 49 0.3 67 0.8 83 0 96 0.5 
899 42 0 95 0.4 
987 34 0.9 44 0 46 0 52 0.5 55 0.4 56 0.5 66 0 
1000 24 0.5 
1010 6 0 7 0.4 18 0.3 24 0 26 0 29 0.4 45 0.7 50 0.5 62 0 
1015 13 0.7 
1039 4 0 15 0.8 61 0.7 
1071 8 0.8 9 0.3 17 0.9 33 0 64 0 72 0.6 
1087 19 0.9 68 0.9 83 0.4 
1115 54 0 
1167 7 0 14 0.6 30 0.8 31 0.6 41 1 45 0 48 0.6 67 0 77 0.5 95 0.9 
1226 0 0.5 24 0.5 25 0.6 32 0 45 1 50 0.6 85 0 87 0.9 92 0.4 96 1 
1298 23 1 48 0.9 68 0 77 0.8 90 0 94 0 
1364 1 0.9 8 0 18 0.6 23 0 51 0.6 88 0.7 91 0 
1443 19 0 31 0 37 0 47 0 68 0.5 
1475 16 0.8 26 0.8 27 0 34 0.7 46 0.3 57 0.8 59 0.3 62 0.8 81 0 
1483 28 0 37 0 47 0.4 48 0.3 86 0.8 
1560 17 0 19 0.5 43 0.5 89 1 
1573 7 0.4 9 0.8 13 0 17 0.9 28 0 39 0.4 42 0.8 58 0.6 76 0.9 
1582 1 0.6 21 0.4 95 0 
1586 12 0 15 0.9 18 0 24 1 50 0 87 1 88 0.5 
1616 23 0 45 0.7 48 0.3 
1754 15 0 25 0 31 0 32 0.5 82 0 
1767 5 0 15 0 22 0.8 27 1 35 0.6 40 0.5 78 0 83 0.9 87 0 
2106 1 1 7 0 15 0.7 25 0.6 48 0.8 51 0.5 64 0.8 72 1 95 0.6 
2176 17 0.8 31 0 45 0.4 69 1 72 0 88 0.7 92 0.6 
2197 40 0.9 60 0.8 
2333 1 1 35 0.8 78 0.9 84 0 
2526 1 0.6 6 0 28 0 34 0.7 38 0.9 43 0.5 58 0 90 0.7 
2613 7 0.7 85 0.5 
2693 2 0.9 4 1 8 0.7 23 0.6 54 0.4 57 0.5 68 0.7 70 0 89 0.6 91 0 
2745 21 0.5 32 0.6 36 0 49 0.6 58 0.9 73 0.4 76 0 79 0.3 80 0 82 0 
2770 6 0 15 0.4 21 0 32 0 37 0.7 47 0.8 55 0.6 67 0 77 0.9 
2873 27 0.7 29 0.7 65 0 
2895 90 0.5 
2993 15 0.7 18 0.9 24 0 49 1 56 0.9 61 0 62 0.6 
3355 1 0.8 32 0 35 0 42 0 76 0.8 89 0 95 0.4 
3542 55 0 68 0.5 71 0 
3744 1 0.6 3 0 14 0.3 21 0.9 32 0 47 0.8 93 0.4 94 0.5 97 1 
4031 68 0.4 
4036 9 0.3 23 0 25 0 41 0 50 0.6 68 0.8 83 1 84 0.3 94 0 95 0.6 
4050 66 0.8 87 1 
4377 6 0 28 0 33 0.8 70 1 72 0.6 99 0 
4390 17 0.4 27 0.3 35 0 47 0.8 51 0.8 64 0.6 89 0 95 0 
4669 39 0.9 73 1 91 0.4 
4793 31 0 55 0 
4926 7 1 17 1 18 0 64 0.8 75 0.8 78 0.5 88 0.7 93 0.5 
5083 5 0.6 14 0.9 17 0 35 1 41 0.4 52 0.9 64 0.4 68 0 76 0 90 0.4 
5307 21 0.9 69 0.7 77 0.8 87 0.4 
5320 1 0.5 10 0 22 0 37 0 45 0.3 57 0.5 71 0 79 0 80 0.7 82 0.8 
5331 16 0.4 19 0.7 24 0.9 42 0 68 0.4 74 0 77 1 86 0.8 91 0 
5473 9 0.7 39 0.7 80 0 90 0.4 
5515 9 0 15 0.3 17 0.7 25 0.7 49 0 74 0.9 77 0 78 0.7 
5533 14 1 41 1 42 1 49 0.3 52 0.8 54 0.6 61 0.7 
5558 0 0.8 25 0 30 0.5 38 0.7 39 0.9 56 0.6 63 0 71 1 
5663 17 0 20 0.8 38 0 46 0.5 88 0.6 98 0.8 
5774 6 0.9 
5875 7 1 
6017 23 1 29 0.5 63 0 70 0 86 0.3 87 0.3 96 0 
6092 4 0.4 
6275 12 0.6 17 0 31 0.8 46 0.9 92 0.4 94 0.9 
6744 5 0.3 6 0 13 0 21 0.6 40 0.5 49 0.3 58 0.8 
6959 5 0.6 17 0.8 63 0.9 93 0.9 
7102 0 0.3 9 1 48 0.7 56 1 82 0.4 92 1 94 0 
7132 14 0 15 0.7 26 0.9 48 0.3 52 0.7 57 1 62 1 67 0.3 76 0.6 
7175 0 0.8 7 0.8 24 0.4 28 0.6 42 0.4 66 0.7 78 0.8 
7292 9 0.6 17 0.8 20 0.5 43 0.8 55 0.7 58 0.8 73 0.6 75 0.9 80 0.5 93 0.7 
7390 3 0 9 0.5 36 0.8 42 0.6 43 1 55 0.9 60 0.6 65 1 66 0 97 0.6 
7458 81 0 
7470 5 0.4 12 0.3 28 0 39 0.6 42 1 67 0.8 73 0.9 74 0 80 0.3 81 0 
7777 39 0.7 52 0.8 54 0 64 0.7 98 0.6 
7785 24 0 37 0.9 40 0.3 83 0.9 
7843 6 0.9 9 0.9 25 0.6 43 0 75 0.3 88 0.9 90 0.3 93 0.4 
7869 4 0 25 0.3 26 0.7 51 0 55 0 66 0.6 95 0.5 
7902 10 0.4 17 0.6 33 0.5 47 0.6 62 0 77 0.4 87 0.5 91 0.4 
8108 57 0.5 
8229 0 0.9 7 0.6 13 0.9 22 0.6 29 0 34 0 90 0.5 
8235 29 0.4 34 0.3 38 0.9 53 0.3 60 0 
8236 14 1 30 0 46 0 48 0.3 81 0 
8297 2 1 73 0.9 92 0 
8299 23 0.4 24 0 35 1 51 0.3 54 0.5 55 0.5 57 0 77 0.8 84 0.5 96 0.8 
8438 14 0 53 0.6 81 0 82 0.5 97 0.4 
8649 62 0.8 
8740 13 0.7 14 0.8 16 0.9 22 0.8 24 0.3 26 0.5 37 0.4 46 0.4 72 0.9 90 0.6 
8804 18 1 25 0 38 0.9 94 0.7 
9476 3 0.4 36 0.7 41 0 74 0.5 81 1 88 0 
9614 18 0.3 19 0.6 22 0 52 0.5 73 0.9 77 0 
9769 12 0.6 40 1 44 0.3 52 0 56 0.5 76 0 96 0.8 
9838 7 0 28 0 30 0 63 1 75 0.6 86 1 91 0 
9917 74 0 85 0 92 0 
