100
139 0 0.3 10 0 28 0.9 30 0 45 0 47 1 58 0.9 69 0.8 92 0.5 
494 44 1 57 0.5 75 0 
539 1 0 32 0 36 0 42 0 45 0 48 0.4 59 0.9 60 0.5 77 0.7 78 0.9 
714 11 0 35 1 46 0.5 
875 5 0.4 25 0.3 50 0 55 0 
1220 53 0 
1247 7 0.7 12 0 26 0.6 43 1 54 0.8 70 0.4 72 0.4 88 0 
1330 24 1 48 0.7 52 0 60 0.3 62 0 
1370 1 0.8 13 0.7 26 0 34 0.9 
1378 26 1 38 0.4 47 0 48 0.7 59 0.5 60 0 96 1 
1416 7 0 47 0 48 0 64 0.3 98 0.6 
1422 40 0.8 
1452 2 0.3 5 0.7 19 0.3 25 0 32 1 61 0.4 64 0.7 82 0.5 
1557 3 0 30 0.9 61 0.9 75 0 83 0.9 86 1 92 1 96 0.4 
1624 4 0.3 45 0 62 0 82 0.4 95 0 
1667 2 0.9 9 0.9 58 0.4 70 1 83 0 98 0.8 
1814 45 0.9 46 0.7 55 0.8 86 0.8 98 0 
1826 7 0.7 41 0.7 95 0.7 
1841 19 0 33 0.9 82 1 
1879 34 0.5 
1945 17 0 42 0 55 0.9 59 0 68 1 80 0.4 81 0.5 95 0.4 
1992 25 0 37 0.4 
2001 5 0.6 11 0.8 35 0.8 
2099 16 0.9 48 0.3 55 0.3 57 0.6 74 0.7 90 0 
2115 4 0.6 7 0.4 32 0 45 0.3 59 0.5 84 0.7 85 0.8 89 0.5 94 0 99 0.8 
2203 10 0.9 23 0 32 0.8 36 0.3 67 0.9 76 0.7 77 0.6 86 0.8 94 0.4 99 1 
2289 5 0.5 83 0.8 
2541 0 0.3 38 0.9 39 1 45 0 53 0 94 1 
2550 43 0 
2618 8 1 
2660 16 0 17 1 26 0.5 34 0 
2663 8 0 26 0 36 0.3 60 0.8 
2672 12 0.3 19 0 44 0.6 
2693 2 0.4 4 0 8 0 23 0.7 54 0 57 0.4 68 0.9 70 0.7 89 0.3 91 0.8 
2740 1 0.5 38 0.8 56 0.5 94 1 
2825 88 0 
2834 89 0 
3078 5 0.6 63 0.5 
3338 1 0.5 37 1 45 0 55 0 63 0.3 72 0.8 75 0.3 81 0.5 82 0 
3383 4 0.9 10 0.7 13 0 15 0 16 0 27 0 28 0.6 45 0 57 0.3 68 0.7 
3748 32 0 47 0.4 80 0 
3843 4 0.7 6 0.8 
3939 24 0 35 0 47 0.5 51 0.3 67 0 
4110 16 0 18 0.7 30 0 37 0.6 60 0 63 0.6 76 1 79 0.4 
4158 9 0.3 16 0.6 32 0.6 35 0 39 0 60 0.7 79 0.3 84 0.4 92 0.6 98 0.7 
4309 16 0.7 28 0 41 0.9 47 0.3 54 0.3 60 0 
4379 14 0.4 43 0.8 75 0 78 0.6 89 0.9 
4381 87 0 
4906 10 0.4 36 0.4 60 0 72 0.7 75 0 77 0.4 94 0.5 96 0.8 
4948 9 0.9 32 0.9 85 0.3 90 0.4 91 0.3 96 0.9 99 0.9 
4984 26 0.9 44 0 
5051 10 0.7 30 0 39 0 54 1 57 0.8 72 0.6 
5240 31 0 54 0.7 90 0 95 0 
5347 44 0.8 67 0.8 89 0.5 
5469 21 1 23 0 26 0 31 1 34 0.6 60 0 64 0 86 0 88 0.9 
5631 12 0 16 0.6 34 0.5 35 0.8 79 0.5 80 0.3 
5670 38 0 80 0.3 
5688 3 0 8 0.4 26 0.9 31 0 38 0.4 47 0.4 59 0.8 74 0.4 87 0.8 
6062 15 0.4 24 1 55 0.9 73 1 92 0 
6208 1 0.3 11 0.9 17 1 22 0.6 28 0.8 37 1 67 0.9 86 0.8 90 0 
6342 96 0.9 
6383 9 0.7 14 0 18 0.6 24 0.6 30 0.6 38 0.3 53 0 54 1 72 0 91 0.7 
6424 1 0.4 2 0 12 1 21 0.7 55 0.4 57 0.8 65 0.9 67 0 96 0.9 
6593 10 1 12 0.6 21 1 53 0.5 58 0.3 62 0.4 
6631 3 0 37 0.9 45 0.4 83 0.3 97 0.6 98 0 
6660 8 0.6 33 0 35 0 45 0.9 51 1 60 0.7 85 0 
6664 9 0.8 12 0.8 14 0.8 32 1 56 0.4 59 0.4 70 0.7 76 0 97 0 
6720 11 0 13 0.6 35 0.3 57 0.7 89 0 
6766 15 0 60 0.7 89 0.9 
6819 12 0.5 26 0.4 30 0.5 50 0.7 52 0.5 55 0.4 79 0 94 0.7 
6875 11 0.7 40 0.3 76 0 
7002 3 0 13 0.6 29 0.5 58 0 68 0.7 91 0.4 97 0.8 
7082 6 0.4 
7097 51 0.8 69 0 87 0 99 0.3 
7265 62 0.3 91 0 94 0 
7322 3 0.9 4 0.4 9 0.4 16 0.9 20 0.7 30 0.7 40 0.3 70 0.5 86 0 92 0 
7507 17 0 22 0 27 0 64 0.6 67 1 74 0 78 0.7 89 0.6 97 0.4 
7590 50 0 56 0.3 65 0.6 66 0.8 67 0.6 72 0.5 
7670 35 0 41 0.7 42 0.7 66 1 67 0.7 70 0.3 
7715 16 1 17 1 18 0.7 35 0.3 37 0.7 47 0 86 0.8 91 1 
7794 0 0.8 2 0.6 28 0.5 67 0 93 0 
7818 96 0.7 
7972 50 0 62 0 63 0 85 0.3 88 0 
8200 7 0.5 13 0 14 0.4 27 0 35 0.4 64 0.7 76 0.8 83 0 
8272 8 0.3 40 0 56 0.6 58 0 60 0.9 78 0 88 1 
8377 17 0 29 0.3 46 0 84 0 99 0.8 
8527 38 0 50 0.9 
8715 35 0.6 91 0 97 0.3 
8791 3 0.9 4 0 21 0.8 60 0.8 66 0 73 0 78 0.4 85 0.4 87 0 96 0.5 
8801 14 0.9 40 0 43 0 46 0.3 56 1 58 0 64 0.5 69 0.7 71 0.6 96 0.4 
8819 7 0.4 9 0.3 34 0 56 0.7 61 1 74 0.6 
8973 24 0 59 0.9 64 1 73 0 79 1 98 1 
8982 0 0.5 3 0.8 34 0.5 38 0.7 53 0.5 79 1 99 1 
9222 72 0 
9705 0 0.8 29 0 42 0.5 45 0.4 61 0.3 65 1 78 0.4 
9707 14 0.4 36 0 
9801 32 0.3 35 0 
9833 93 0 
9834 43 0.3 88 0.8 
9993 9 0.7 15 0.7 18 0 27 0.4 34 0.4 37 1 59 0 70 0.3 99 0 
