100
51 48 0 51 1 56 0.9 57 0 63 0.8 85 0.6 92 0.7 
96 0 0 2 0.5 37 0.8 53 0.3 68 0 
525 9 0 21 0 37 0.5 71 0.8 73 0.5 89 0.7 95 0.4 96 0.6 
552 22 0.5 28 1 55 0 
581 36 0 40 0 56 0 62 0 65 0 
600 1 1 22 0.5 43 1 56 0 
716 2 0.8 19 0.4 24 0.8 44 0.7 51 0.5 72 0.8 84 0.5 
888 16 0.3 70 0.9 
919 7 0.3 14 0.4 22 0.3 25 0.4 26 0.3 35 0.5 46 0.5 48 0.4 67 0.8 94 0.9 
941 3 0 20 0 70 0.6 
1272 15 0 22 0.5 31 0 36 1 56 0.3 57 1 58 0.7 65 0.8 86 0 88 0.9 
1474 9 0.7 29 0 
1527 3 0.7 6 1 13 0.5 23 0 30 0.3 36 0.8 56 0.9 85 0.8 91 0.5 
1585 13 0.8 21 0.5 22 0.7 53 0.3 66 0.3 73 1 75 0.4 81 0.6 89 0.7 91 0.9 
1606 28 0.6 
1611 27 0.4 85 1 
1747 22 0.8 58 0.4 85 0.3 
1784 53 0 93 0.5 95 0.9 
1913 18 0.4 
1928 8 0.6 25 0.7 36 0.6 54 0 55 0 70 0.6 96 0.6 
1961 25 0.9 40 0.9 63 0 66 0 
1969 4 0 73 0.7 82 0.4 
2046 37 0.8 54 0.8 60 0.6 69 0.3 
2093 6 0 61 0.3 82 0.6 96 0 
2294 4 0 55 0 62 0 65 0.3 70 0.3 74 0 85 0.4 97 0.9 
2413 8 1 27 0.7 76 0.3 
2459 6 0.6 16 0.6 29 0.5 72 0.7 73 0.7 75 0.4 85 0.7 94 0.7 
2491 33 0 56 0 61 0 67 0.7 72 0 78 0.7 
2643 5 0.4 14 0 49 0.3 82 0 94 0.3 98 0.9 
2644 2 0 4 0.9 26 0 50 0.4 51 0.9 58 0 69 0.3 73 0 86 0 93 0.3 
2834 89 0 
2926 31 0.8 34 0.4 40 0.6 66 0.9 68 0.9 
2933 19 0.5 84 0.6 96 0 
3197 29 0 
3277 88 0.8 
3519 5 0.3 14 0.4 36 0.7 
3776 25 0.5 
3885 0 1 3 0.5 26 0.4 67 0.5 77 0.5 99 0.9 
4049 52 0 85 0 88 0.4 
4580 5 0 11 0.5 27 0 48 0 49 0 69 0.7 71 0 80 0.3 82 0.6 
4716 2 0.7 44 1 52 0.8 55 0.8 78 0.9 95 0 
4739 22 0.6 26 0 27 0.5 43 0 44 0 46 0 65 0.9 75 0.8 99 0.6 
4908 27 0 28 0.7 32 0.5 44 0.3 45 0.7 54 0.7 80 0.9 
5002 22 0.9 58 0.6 
5091 64 0.4 85 0 
5301 1 1 34 0.7 96 0.4 98 0.9 
5412 42 0.3 
5574 3 0 18 0.8 20 0.9 38 0.7 48 0.8 61 0 63 0.4 90 0.6 
5906 36 0 46 0.8 65 0.3 73 0.3 86 0.5 
5919 83 1 
6016 0 0.6 48 0.5 74 0 91 0 98 0.7 
6105 20 0.6 25 0.6 47 0.5 48 0 69 0.8 87 0 93 0.4 
6142 22 0 25 0.5 26 0.8 44 0 58 1 68 1 72 0.9 93 0.4 
6190 0 1 15 0.8 47 0 54 0 69 0.8 86 1 88 1 98 1 
6195 6 0.3 10 0.7 15 0 34 1 44 0.9 51 0.9 59 0.9 75 1 
6268 1 0.6 5 1 53 0.5 68 0.4 81 0.7 
6288 30 0.5 39 1 42 0 53 0.4 62 0 83 0.7 91 0.7 94 0.7 
6296 18 1 29 0.9 30 0.8 42 1 52 0.8 89 0.5 98 0.6 
6301 0 0 46 0.6 58 0.6 59 0 61 0.9 65 0 76 0.3 79 0 94 0.5 
6336 1 0.8 36 0.6 46 0.6 51 0.6 77 0.5 
6349 0 0.7 6 0.4 10 0 24 0.7 51 0.3 62 0.9 67 0.3 77 0.7 97 0.8 
6417 3 0.8 49 0.6 
6579 12 0.9 20 0.6 30 0 38 0.3 44 0 61 0.5 63 0.6 87 0.3 92 0.7 
6586 54 0.8 62 0.5 
6699 3 0 57 0.8 59 0.6 
6741 22 0.9 
6768 2 0.5 28 0.7 66 0 69 0 78 0 83 0 86 0.6 
6843 4 0.9 7 0.4 13 0 60 0.7 71 0.7 84 0.7 
6982 21 0.8 35 0.6 42 0.4 46 0.8 47 0.5 56 0 72 0 76 0 86 0 90 0.8 
7157 45 0 95 0.8 
7162 24 0 
7177 35 0 53 0 63 0.6 
7219 2 0.3 10 0.4 58 0.4 66 0.3 75 0.8 83 0 
7227 7 0 49 0.8 
7488 8 0 17 1 35 0.3 83 1 96 0.3 
7489 9 0.5 27 0.3 38 1 62 0.6 65 0 73 0.5 78 0.6 81 0 90 0.8 99 0.9 
7659 35 0.5 44 0 54 1 56 0.5 60 0.4 74 0 80 0 86 0 
7717 21 0.8 71 0.5 
7761 21 0 
7832 32 0 58 0.9 84 0.7 
8005 7 0 21 0.5 29 0.6 35 0.4 55 0.7 58 0 79 0.5 80 0.3 89 0 98 0 
8214 4 0.9 25 0.7 47 0.5 71 0.5 78 0 79 0 
8283 6 0 20 1 37 0.5 55 0.7 56 0 77 0.4 
8293 19 0.6 29 0.9 40 0.4 61 1 
8477 1 0.9 5 1 6 0.5 53 0.5 84 0 98 1 
8544 22 0.8 43 0.9 47 1 58 0.5 64 0.8 88 0.3 
8625 5 0.5 21 0 39 1 59 1 
8694 10 0.7 44 0.7 52 0 75 0.4 80 1 
8770 18 0.4 
8835 13 0 14 0.8 
8854 5 0.3 45 0.3 60 0.8 75 0 83 1 94 0.9 
8934 2 0 13 0.3 15 0 25 0.6 49 0.5 
9028 21 0.8 39 0.3 92 0 
9107 5 0 6 0.6 7 0.4 24 0.6 39 0.7 41 0.8 42 0.8 45 0.7 54 0 64 0 
9226 21 0.5 22 0 67 0 93 0.3 94 1 96 0.6 
9249 46 0.8 74 0.6 
9279 32 0.7 58 0.6 
9486 41 0.9 45 0.5 90 0 92 0 93 0.3 
9723 2 0.5 17 0 31 0.5 39 0 61 0 76 0.4 
9939 23 1 29 0.8 36 0.8 39 1 47 0.5 69 0 73 0.6 76 0.6 77 0.3 95 0.7 
