100
264 8 0 13 1 37 0.8 46 0.4 60 0.4 74 0.6 82 0.8 
336 20 0.9 28 0 29 0.3 33 0.5 65 0.4 76 0.5 
356 61 0.8 
369 14 0.5 37 0 41 0.8 76 0.5 
422 49 0.8 50 0 64 0.9 67 1 90 0.9 
474 6 0 40 0.3 
645 2 1 9 0 14 0 28 0.3 93 0.6 
653 0 0.9 2 1 47 0.9 
768 14 0.8 16 0.3 33 0 34 0.7 38 0 74 0 79 0.6 
1032 8 0.5 11 0.6 35 0.4 38 0.5 41 0.9 49 0 59 0.3 73 0 85 0.8 86 1 
1033 21 0.6 44 1 50 1 86 0.5 
1224 18 0.3 21 0.7 48 0.4 
1391 31 0.9 78 0 
1459 0 0 2 0.6 7 0.7 14 0.9 19 0.9 38 0.4 83 0.3 86 1 87 0.5 91 0 
1781 5 1 7 0.7 12 0.4 14 0 57 0.3 71 0.3 
1800 98 0.9 
1890 29 0 42 0 47 0 98 0.6 
1968 2 0 20 1 26 0.6 56 0 57 0 72 0.7 78 0.3 83 0.6 
1999 61 0.8 
2002 20 1 28 0.7 38 0.7 63 0.8 73 0.5 86 0.6 
2046 37 0 54 0.9 60 0.8 69 0.8 
2240 6 0.4 9 0.6 24 0.6 36 1 40 0.9 45 0.8 51 0.8 59 0.8 73 0.4 
2255 7 0.8 45 1 50 0.5 66 1 68 0 69 0.6 92 1 
2258 22 0 35 1 57 0 60 1 62 0.8 88 0.3 89 0 
2409 19 0.9 
2621 12 0.8 40 0.3 
2956 3 1 7 0.9 8 0 13 0 25 0.5 29 0.9 30 0 53 0.7 59 0.6 69 0.3 
3047 30 0.4 54 0.6 
3053 8 0 10 0.6 13 0 29 0.7 68 0.4 81 0.9 86 0.4 92 0.9 
3165 9 0 11 0.8 57 0 
3458 1 0 4 0.8 42 0.5 51 0.5 54 0.3 61 0.5 84 0 89 0 
3541 72 0.8 86 0.6 
3687 17 0.3 
3689 20 0.6 64 1 71 0.5 75 0.3 
3946 1 0.8 13 0 14 0 33 0 37 0.9 39 0 58 0.9 60 0.8 
4031 68 0.7 
4040 13 1 52 0 54 1 61 1 65 0.6 68 0.9 83 0.4 89 0 91 0.7 
4126 4 0 11 0.4 38 1 40 0.5 45 0.4 59 0.9 76 0 
4276 18 0.5 
4334 6 0 14 0 18 0.6 27 0 31 0 35 0.8 38 0 75 0 92 0.8 94 0.7 
4457 10 0 23 1 42 0 62 0 
4494 1 0.5 7 0.9 9 0.5 12 0.3 17 0 26 0.6 29 0.6 36 0 46 0.8 67 0.6 
4645 7 0.4 15 0 36 0.9 37 0.9 65 0.9 76 0.6 90 0 97 0.5 
4763 0 0 14 0.8 19 0.5 39 0.9 57 0 80 0.3 
4767 14 0.6 38 0 64 0.7 98 0 
4911 49 0.5 75 0.5 84 0.4 
5107 2 0.6 17 0 29 0.6 37 0.8 44 1 66 0.5 70 0 
5210 18 0.7 47 0.5 49 0 89 0.3 
5219 30 0.8 38 0 77 0 78 0.6 
5255 2 0.3 5 1 22 1 51 0.9 80 0 90 0 92 0 
5640 7 0.8 17 1 20 0.6 39 0.5 51 0 85 0 
5776 8 0.9 14 0 50 0.3 57 0.5 66 0.7 73 0 87 0.9 91 0 92 0.4 96 0 
5807 13 1 21 0 23 0 33 0.8 45 0.6 82 0 86 0.4 93 0.4 
5833 16 0.6 25 0.8 67 0.6 72 0.4 96 0.4 
5878 8 0.4 35 0.6 69 0.4 
5897 6 0.8 28 0.6 36 0.3 60 0.7 68 0.7 69 0.7 72 0.3 73 0 75 0 92 0.9 
6091 37 0.4 91 0.4 
6119 32 0.6 
6123 43 0.9 51 0 85 0.6 
6187 3 1 37 0.9 40 0.3 53 0 69 0.5 75 0.7 90 0 91 0 
6414 20 0.8 36 0.7 39 0 45 0.7 55 0.8 79 0.9 82 0.9 85 0.6 88 0.9 
6472 10 1 31 0 34 1 38 0 76 0 95 1 98 0.8 99 0 
6509 15 0.5 31 0 47 0.6 53 0.3 66 0.3 83 0.8 98 0.5 
6716 13 1 19 0 29 0 46 0 53 0.3 54 0 58 0.9 71 0 81 0.5 85 0.7 
6806 0 1 
6817 16 1 96 0.5 
7008 63 0.7 85 0 
7149 18 0 22 0.9 37 1 65 0.6 74 0.6 75 0.5 89 0 95 0.5 
7217 14 0.6 
7276 89 0.9 
7452 27 0.7 34 0.4 46 0 48 0.4 49 0.8 50 0.8 59 0.4 68 0.3 72 0.6 
7482 8 0.5 48 0.4 66 0 98 0.8 
7564 39 1 
7647 10 0.3 97 0.6 
7742 11 0.4 34 0.7 
7749 47 0.9 50 0.9 54 0.5 87 0 
7801 44 0 70 0.8 71 0.7 99 0.8 
7924 21 0.8 30 0.6 33 0.5 
7937 3 0.7 80 0.6 
8046 1 0 15 0.3 18 0.7 32 0 53 0 68 0 81 0 83 0.7 
8077 11 0.5 40 0.3 49 0 57 0.3 69 0.7 71 0 74 0.7 
8193 7 0 10 0 22 0.4 27 0.4 45 0 54 0 74 0.5 84 0 97 0 
8240 9 0.6 18 0 34 0.7 36 0 81 0.6 
8282 23 0.5 38 0.4 62 0.4 70 0.7 78 0.4 89 0.5 
8456 1 0.9 10 0.9 19 0.7 22 0.6 32 0.8 77 0.6 78 0.3 
8469 11 0.8 
8513 31 0.6 
8670 10 0.8 19 0.4 36 0 44 0.7 53 0 62 0 97 0.4 
8683 7 1 60 0.4 85 0 92 0 
8711 5 0.8 
8772 22 0 63 0 80 0.3 81 0.6 83 0.7 94 0.4 
8976 7 0.5 22 0.7 86 0.4 
9012 98 0 
9166 30 0.7 83 0.4 92 0.3 
9499 34 0.3 
9676 13 0 17 0.3 
9867 91 0.7 
9929 10 0.3 24 0 39 0.4 45 1 47 0 48 0.7 91 0 93 1 98 0.3 
9980 19 0.9 27 0 28 0.6 29 0.8 32 0.4 48 0.3 57 0.5 61 0 64 0.9 95 0 
9999 43 0.9 53 0.9 58 0 79 0.5 93 0.7 
