100
9 45 0 55 0.3 62 0.5 83 0.6 87 0.8 
367 12 0 38 0.4 40 0.4 57 0 84 1 94 0.5 
375 74 1 
378 74 0 85 0 88 0.8 90 1 
411 38 0.6 45 1 69 0.5 
452 47 0.5 50 0.9 64 0 
571 16 0.9 32 0.5 33 0.5 69 0.5 
628 11 0 45 0.6 61 0 65 0.6 
652 23 0.6 49 0.3 51 0.3 59 0.8 70 0.4 77 0.4 89 0.8 90 0.7 91 0.9 
663 16 0.6 41 0 61 0 
750 6 1 28 0.7 40 1 64 0.3 90 0.6 94 0.4 
817 6 0.9 13 0.5 18 0 23 0.9 24 1 35 0.7 36 0.7 41 0.8 72 0.3 77 0.4 
858 10 0.3 21 0 37 0 40 0.3 54 0 57 0.4 71 0 
987 34 0.4 44 0 46 1 52 0.9 55 0.5 56 0.6 66 1 
1128 44 0.6 49 0.5 73 0 
1182 34 1 
1189 1 0 5 0.4 10 0.7 37 0.3 41 0.4 78 0 
1287 16 0.8 
1335 28 0 46 0.3 47 0.4 76 1 
1338 18 0.8 55 0.9 
1388 6 0 9 0.5 15 0.3 33 0.9 81 0.4 82 0.9 83 0 90 0.3 
1494 23 0.8 28 0 43 0.9 53 0.5 
1539 39 0.9 50 0.9 59 0 
1571 32 0.8 
1661 14 0 39 0.3 58 1 
1793 8 0 24 0.5 48 0 55 0.6 60 0.9 64 0 71 0 77 0.7 78 0 
1864 67 0.6 
2058 3 0.4 9 0 14 0 15 0.9 18 0.8 24 1 26 0.6 34 0.9 48 0.7 58 1 
2107 5 0.9 16 0 29 0.4 37 0.7 53 0 55 0.7 70 0.3 75 1 
2157 4 0.5 5 1 31 0.9 32 0.3 36 0.7 45 0.6 49 0 51 0 70 0.9 86 0.4 
2421 4 0.7 26 0.9 69 0.8 74 0 88 0.8 
2469 0 0.4 3 0 60 0.3 
2487 25 0.4 44 0.3 56 1 65 0 67 0.3 68 1 75 0.9 95 0.4 99 0 
2495 18 0.8 33 0.5 66 0 
2627 13 0 20 0.9 33 0.8 34 0.8 54 0.6 62 0 86 0.7 
2691 2 0.4 14 0 24 0 34 1 69 0 70 1 78 0 80 0.5 82 0.4 93 0.6 
2813 9 0 12 0.8 15 0.3 31 0.3 43 0 57 0.4 61 0.7 77 1 97 0.3 
2847 2 0.7 6 0 19 1 21 0 46 0.9 66 0.6 69 0.7 74 0.4 
2932 10 0.6 22 0 25 0.7 33 0.6 53 0.3 71 0 87 0.8 
2933 19 1 84 0.9 96 0.4 
3590 5 0 31 0 66 0.9 77 1 90 1 96 0.9 
3664 25 0 37 1 56 0.3 74 1 
4054 72 0 95 0.4 
4079 1 0 8 0 18 0.5 48 0.8 60 0.8 79 0.5 94 0.7 
4191 1 1 95 0.9 97 0 99 0 
4281 0 0 3 0.5 7 1 22 0.3 36 0.9 44 0.7 88 0.6 
4299 19 0.5 23 0.8 39 0 61 0.9 71 0.3 89 0.6 
4669 39 0.3 73 0 91 0.8 
4705 9 0.4 43 0 45 0 90 0.5 
4761 7 1 30 0.7 57 0.8 63 0.7 89 0 
4876 22 0.8 26 0 29 0 42 1 64 0.4 73 0.4 93 0 95 0.8 
4952 39 0 56 0.6 63 1 75 0.6 84 0 
5003 39 0 57 0.8 65 1 93 0 
5243 45 1 69 0.8 
5858 46 0.3 49 0.4 71 0.5 85 0.8 
5885 26 0 55 0 
6003 68 0 
6011 27 0.9 28 0.8 39 0.9 40 0 47 0.9 49 0.7 63 0.6 70 1 87 0.8 
6039 21 0.7 40 0 44 0.9 
6105 20 0.3 25 0.5 47 0.7 48 0.5 69 0.5 87 0.9 93 0 
6112 64 0.8 
6146 29 0.7 36 0.7 44 0.9 51 0.9 55 0.8 84 0.3 
6213 0 0 33 0 
6258 2 0.6 55 0 63 0 74 0.4 75 0.9 78 0 90 0 91 0 96 0.4 
6276 3 0 64 0 
6374 0 0.6 1 0 7 0.6 11 0.3 23 0.8 55 0.6 58 0.6 72 0.8 78 0 
6416 0 0.3 19 0.7 49 0.7 68 0.3 
6528 13 0.4 57 0.4 61 1 67 0.7 86 0 90 0 97 0.4 
6603 5 0.7 8 0.7 11 0 31 0.7 42 0 54 0 65 0.6 74 0.8 
6764 9 0 59 0 62 0.3 
6809 19 0.9 72 0.3 91 0.9 
6897 5 0 25 0.6 27 0.7 35 0.4 52 0 63 1 70 1 
7007 8 0.6 10 0.4 20 0.7 80 0 
7071 29 0 37 0 52 0.8 69 0.5 80 0 97 0 
7227 7 0.7 49 0.5 
7241 4 0.9 23 0 48 0.4 63 1 84 0 98 0 99 0.7 
7255 1 0.9 13 0.8 19 0.8 23 0.3 68 0.5 89 0.8 91 0 92 0 
7444 3 0.9 18 0.4 86 0 
7538 38 0.8 53 0.7 54 0 67 0.3 68 0.8 70 0.8 83 0 85 0.6 90 0.8 
7569 6 0 9 0.6 13 0.4 18 0 38 0.9 48 0.8 
7746 10 0.7 65 0.9 71 0.9 
7921 29 0 40 0.6 42 0.5 56 0.4 57 0 69 0.6 70 0.4 
8164 5 0.3 11 0.5 12 0.3 50 1 64 0.6 69 0.5 72 0.6 
8282 23 0.8 38 1 62 0.4 70 0 78 0.7 89 0.8 
8727 7 1 15 0.5 27 0 29 0 57 0.5 81 0 97 0 
8733 28 0 41 0 52 0 60 1 65 0.4 82 0.8 94 0.5 
8822 32 0 43 0.5 90 0.3 
8864 3 0.7 8 0.5 13 0.4 
8897 4 0.3 39 0 
8951 27 1 39 0 41 0 49 0 50 0.7 65 0 88 0 93 0.7 
8968 78 0.4 
8991 14 0.3 25 0 34 1 51 0.4 56 0 75 0.4 84 0.3 
9005 20 0.9 29 0.7 40 0.9 65 0.9 89 0 95 0.7 98 1 
9036 0 0 6 1 21 0.4 51 0 74 0.7 84 0.4 85 0.5 
9295 3 0.9 
9299 35 0 93 0.9 99 0 
9368 7 0.8 8 0.4 69 1 73 0.9 
9370 65 0 78 0 
9490 42 0.3 46 1 78 0.9 85 0 
9561 9 0 21 0 29 0.3 35 0.8 60 0 72 0.5 77 0 87 0.4 92 0 97 0 
