100
5 18 0 43 0.9 57 0 83 0.9 95 0.5 96 0.4 98 0.6 
85 7 0.3 35 0.5 56 0.3 82 0.6 94 0.5 
142 23 0.4 63 0.9 69 0.7 
188 3 0.3 12 0.9 38 0.8 72 0 74 0 87 0.4 88 0.7 
234 5 1 29 0.4 48 0.7 58 1 79 0.5 87 0.8 
286 25 0.8 48 0.6 51 0.3 55 0.3 56 0.9 64 0 86 0 90 0 93 0.8 
309 7 0 20 0.6 23 0.5 37 0 48 0.6 61 0.8 64 0 69 0.8 91 0.7 
429 33 0 94 0.9 
435 84 0.4 90 0.6 
458 1 0.3 6 0.5 11 1 27 0.5 49 0.9 51 0.4 56 0.3 71 0.7 97 1 
564 10 0.8 11 0.8 22 0.9 49 0.8 53 0 65 0 87 0.7 89 0 94 0 
594 17 0.9 31 0 47 0 58 0.7 74 0.4 75 0.7 88 0 
596 14 1 16 0 17 0.7 41 0.8 54 0.3 77 0.9 78 0.5 
629 19 0.9 89 0.4 93 0 
687 36 0.6 61 0.3 62 0 94 1 
718 8 0.7 17 0 26 0 43 0 74 0.5 79 0.7 
1058 6 0 19 0.7 27 0.9 31 0 44 0.7 58 0.7 75 0.8 81 0 
1221 7 0.7 15 1 54 0.8 59 0.7 69 0 72 0.7 77 0.4 98 0.5 
1231 27 0.9 30 0.9 46 0 49 0 53 1 58 0.3 64 0.8 85 1 
1307 29 0.9 97 0.5 
1434 5 0.5 6 0.7 
1438 17 0.4 24 0 49 0 57 0.8 61 0.3 63 0 68 0 77 0.4 84 0.7 
1497 12 0.6 46 0.4 72 0.3 90 0 
1728 2 0.7 12 0.9 22 0.9 40 0 80 0 91 0.6 
1798 22 0.8 93 0.8 
1851 8 0.8 12 0.4 16 0.4 30 0.5 43 0.4 82 0.8 
2020 22 0.8 63 0.5 97 0 
2087 8 0 44 0.4 56 0.9 62 0.3 73 0.4 88 0.5 
2096 0 0 2 0.8 25 0.3 41 0.8 52 1 82 0.6 92 0.4 98 1 
2227 36 0.3 66 0 68 0 93 0 
2254 15 0.5 39 0.9 95 0 
2284 5 0.8 14 0 25 0.3 33 0 63 0.5 71 0.8 72 1 83 0.7 
2320 7 0.5 19 0.3 22 0 42 0.5 50 0 64 0.5 84 1 90 0.3 92 1 
2334 0 0 10 0.6 19 0 40 0.7 44 0.4 54 0.8 72 0.4 74 0.3 79 0.7 85 0 
2464 7 0.9 
2585 14 0.3 24 0.3 33 0.4 53 0.8 74 0.6 93 0.7 
2611 36 0.3 44 0.4 80 0.3 
2618 8 1 
2636 11 0.3 62 0.7 63 0.7 69 0.4 76 0 84 0.8 
2756 13 0.9 14 0.8 28 1 46 1 49 0.9 51 0 67 0.5 68 0.3 
2882 20 0.5 26 0 39 0 50 1 57 0.4 73 0.4 92 0 96 0.5 
2921 46 0 53 0.3 66 0.8 73 0.9 93 0.9 
3007 13 0 35 0.9 45 0 50 0.9 72 0.3 
3104 0 0 19 0.8 20 0.5 45 1 66 0.7 83 0.9 
3183 8 0.3 14 0 21 0 40 0 43 0.9 51 0.9 71 0 92 0.7 
3556 0 0 41 0.9 55 0.8 68 0.8 
3668 5 0.7 19 0 27 0 49 0 
3831 21 0.7 97 1 
3846 2 0 33 0 46 1 54 0 55 0.8 57 0 92 0.6 95 0.7 
4010 4 0 26 0.3 37 1 43 0.6 49 0.8 51 0.3 
4028 20 1 24 0.4 38 0.3 63 0.4 78 0 89 0 
4236 42 1 44 0.6 74 0 98 0.4 99 0.6 
4357 4 0.7 17 0.4 25 0 39 1 40 0.9 75 0.6 86 0.8 92 0.9 
4392 84 0 
4413 2 1 17 0 37 0.6 42 0 52 0 62 0 74 0.4 75 0.6 84 0.8 
4550 1 0.4 5 0.9 20 0 42 0.3 45 0 89 0.6 
4661 0 0.6 4 0.8 16 0.5 24 0.6 41 1 75 0 78 0 83 0.6 
4779 0 0.5 5 0.7 7 0.7 17 0.9 18 0.9 32 0.3 34 0.9 76 0 
4802 0 0 5 0.9 16 1 45 0.4 46 0.9 69 1 76 0.9 79 0.7 94 0 97 0.4 
5097 16 0.8 43 0 44 0 54 0 96 0 99 0.4 
5129 3 0 68 0.3 70 0.9 
5131 2 0.7 11 0 25 0 30 0.4 33 0.7 37 0.5 44 0.3 91 0.5 
5279 33 1 
5280 31 0 36 0.7 69 0.3 
5286 7 0.6 10 0.3 15 0 25 0 47 0.8 80 0.6 
5315 46 0 
5440 6 1 28 0 85 0.6 
5575 34 0.7 
5661 6 0 20 0 31 0.4 36 1 55 1 59 0.7 82 0.9 99 0.3 
5791 2 0.8 13 0.4 25 1 44 0 57 0.5 63 0.8 67 0.4 71 0.7 91 0.8 96 0.9 
5974 34 0.3 36 0.9 59 0.9 91 1 
5981 1 0 15 0.9 30 0.6 56 0.6 57 0.3 58 0 82 0.6 92 0.3 94 0 
6054 6 0.7 26 0.7 31 0.4 40 1 81 0.3 85 0 
6277 2 0 20 1 21 0.9 50 0.5 52 0.4 54 0.4 57 0.7 75 0.5 
6314 10 0.6 74 0.8 80 0 93 0.8 95 1 
6530 14 0.5 19 0.8 20 0.8 27 0 34 0.6 43 0.4 76 1 90 0.4 
6845 14 0 57 0.3 62 0 64 0.4 89 0 
6873 7 1 
6958 0 0.7 17 0.8 25 0.3 33 0.4 59 0.5 61 0.6 64 0 85 0.7 
7172 47 0 48 0 80 0.6 
7275 21 0.7 30 0 52 0 74 0.6 82 0 91 0.5 94 0.8 
7318 1 0.5 12 0 
7462 4 0 9 0.5 41 1 58 0 67 0.8 
7594 1 1 22 0.4 77 0 99 0 
7717 21 0.9 71 0 
7753 92 0.7 
7815 2 1 28 0 
8042 17 0.3 20 0.9 47 0.9 52 0.5 62 1 69 0.6 72 0.8 89 1 
8138 23 0.3 24 0.7 36 0.4 50 0 53 0.4 54 1 58 0.9 71 0.4 78 0.7 95 0.7 
8389 0 0.7 3 1 10 0 20 0.7 48 0.5 52 0.6 65 0.5 72 0.4 87 0 93 0.9 
8463 20 1 37 0.8 46 0.3 57 0.8 73 0.8 77 0.4 98 0.7 
8560 8 0.8 27 0.5 29 0.7 51 0.4 60 0 70 0 80 0 85 0.6 99 0 
8749 0 0.6 6 0.5 11 0.5 53 0.6 
8912 9 0.8 42 0 49 0.4 60 0 93 0 94 0 95 0.7 
9112 37 0.4 57 0.9 69 0.6 83 0.6 95 0.6 
9203 0 0.7 3 0 18 0.5 26 0.4 28 1 33 0 37 0.7 41 0.9 48 0.6 
9416 4 0 14 0.7 39 0 48 0.8 54 0.5 58 0.4 68 0 91 0.8 96 1 
9751 13 0 23 0.5 29 0.7 41 0.6 44 1 49 0.5 93 0.7 96 0.5 
9795 4 0 11 0.5 19 0 26 0.5 28 0 38 0.4 72 0.4 92 0.9 
9982 23 0.9 39 0.4 69 0.7 88 0 91 0.9 93 0 94 0 
