100
70 96 0 
123 20 0 
236 82 0.6 
332 74 0.5 
341 12 0.9 16 0.3 39 1 46 0.6 49 0.9 51 0 72 0.8 80 0.4 
412 8 0.8 10 0 34 0.3 38 0.6 44 0 45 0.7 50 0 66 0.9 90 0.6 98 1 
490 3 0 22 0.9 40 0.3 66 0.9 86 0.4 
513 1 0 20 0.3 27 1 65 0.8 72 0 77 0 94 0.9 99 0.3 
580 6 0 16 0.9 35 0.4 37 0.3 55 0.9 67 0 89 1 93 0.5 
678 7 0 10 0 24 0.8 26 0.3 43 0.6 44 0.5 49 0.6 86 0 92 1 
798 3 0 40 0.8 46 0.8 48 0.9 57 0.6 64 0 72 0.4 90 0.7 
806 0 0.8 1 0 7 0.6 36 0 53 0.7 70 0.9 75 0.5 82 0.9 86 0.9 
819 38 1 
825 54 0.4 80 0.6 97 0.5 
1214 10 0.8 17 0.9 32 0.5 58 0 68 0 79 0 
1285 5 0.3 20 0 37 0 41 0.8 63 0.6 71 1 
1370 1 0.8 13 0.6 26 0.7 34 0 
1459 0 0.4 2 0.3 7 0.6 14 0.6 19 0 38 0.3 83 0.7 86 0 87 0 91 0 
1463 21 0.3 38 0 52 0.7 92 0.4 94 0.6 
1660 8 0.9 11 1 23 0.8 25 0.7 40 0.6 50 0.9 57 1 58 0.5 60 0.4 84 0.4 
1692 10 0 15 0 75 0 77 0.7 80 0.5 
1844 10 0 40 0.7 48 0.9 91 1 
1919 3 1 19 0 26 1 40 0.3 45 0.8 60 0.9 61 1 
2231 16 0.9 27 0.8 35 0.3 
2237 55 0 82 0.7 92 0.3 
2250 7 0 27 1 60 0 70 0.3 
2298 23 0 24 0 25 1 30 0 37 0.8 67 0.3 70 1 74 0.9 78 1 99 0 
2315 7 0.4 11 1 17 0 34 0.7 59 0.4 89 0.7 93 1 94 0.7 96 0.9 
2408 5 0.7 11 0.4 13 1 26 0.3 31 0 45 0.4 53 0.6 61 0.9 82 0.6 90 0 
2522 22 0.6 48 0.6 
2564 25 0.3 32 0.3 66 0.5 81 1 85 0.6 86 0.7 89 0 94 0.7 97 0 
2566 43 0.9 64 0.5 79 0.7 
2678 75 0.6 
2825 88 0.3 
2919 3 0.8 21 0.8 22 0 47 0.6 73 0.7 
2928 21 1 45 0.9 53 0.5 57 0.5 60 0 72 0.9 86 0.6 92 0 93 0 97 0.9 
2937 24 0.7 28 0.9 30 1 42 0.6 61 0 63 0 65 0.8 68 1 93 1 94 0.7 
2954 9 0.7 51 0 59 1 
3000 13 0 42 0 45 0.7 73 0.5 97 0.7 
3109 8 0 9 0 31 0.5 52 0.4 80 0.8 88 0.3 95 0.6 
3140 21 0.7 78 0.5 90 0.6 
3249 16 0 23 0 48 0.8 70 0.6 90 0 96 1 
3260 2 0.4 5 0.5 16 0.9 23 0 27 0.9 42 0.6 54 0.3 60 0.5 94 0.3 
3277 88 0.4 
3323 2 1 22 0.3 35 0 45 0.8 56 0.6 60 0.9 71 0.3 84 0.8 94 0.9 
3415 13 0.6 14 0.8 37 0 68 0.9 78 0.5 82 0.8 
3435 6 0.6 
3444 36 1 40 0.3 55 0.6 73 0.6 77 0.6 80 0 96 0.3 
3822 31 0.4 60 0 65 0.9 81 1 
3845 33 0.3 34 0.5 42 0.5 50 0.6 82 0 84 0 
4047 4 0 9 0.4 15 0 25 0 33 0 68 0 70 0.9 79 0 86 0 87 0.9 
4235 12 0.7 20 0.8 37 0.4 42 0.7 48 0.5 56 0.9 66 0.6 74 0.6 84 0 99 0.3 
4358 4 0 7 0.7 22 0.4 63 0.3 71 0.7 87 0 
4391 83 0.7 94 0.5 96 0.9 
4680 27 0.5 29 1 50 0.6 63 0.3 
4743 68 0.3 
4792 13 0.6 22 0 24 0.3 33 0.7 34 0.6 42 0.4 59 0.4 64 0 78 1 
5305 10 0.8 40 0.9 51 0.3 52 0.7 77 0 91 0 99 0.3 
5333 44 0.6 57 0.8 59 1 69 0.7 72 0.6 76 0.3 
5455 21 0.6 73 0.8 80 0 
5503 1 0.3 26 0.3 27 0.8 57 0.7 66 0.8 73 0.3 87 0.7 
5587 1 0.5 6 0 23 0.9 33 0.7 49 0.6 
5750 24 0.8 70 0.6 76 0.5 
5990 2 0.8 13 0.4 35 0.7 58 0.3 67 0.6 72 0 75 0.3 
6003 68 0.5 
6065 18 0.6 25 0.4 26 0.5 62 0.8 72 0.3 80 1 86 0.6 97 0.6 
6074 19 0.6 
6211 37 0 57 0 
6320 6 0 8 0 11 0.6 18 0.4 47 1 53 0 71 0.7 75 0 81 0.3 
6373 45 0 55 0 86 0.4 91 0.7 
6818 12 0.4 19 0.4 20 0.7 22 0 27 0.5 54 0.9 60 0.4 76 0.3 78 0.5 90 0.8 
6823 3 0 18 0.7 22 0.4 29 0 48 0.8 63 0.7 64 0 95 0.3 
6963 6 0 16 1 33 0.6 34 0 35 0.4 37 0 60 0.9 77 0.6 90 0.7 
6965 64 0.7 
6983 2 0.5 10 0 71 0.7 73 0.8 93 0.9 
6997 76 0.4 83 0.3 85 0.3 
7102 0 0.9 9 1 48 0.5 56 0 82 0.6 92 0.5 94 0 
7163 41 0 94 0 
7448 3 1 9 0.6 12 0.3 14 0.5 22 0.9 38 0.8 58 0.6 79 1 97 0 
7577 4 0 16 0 17 0 34 0 67 0.3 73 0.5 76 0 94 0.8 
7683 33 0.4 47 0.5 70 0 72 0.4 80 0.8 95 1 
7764 16 0.7 17 0 41 0.3 45 0.7 53 0 91 0.4 
7856 25 0.5 28 0 45 0.6 52 0.6 59 0.9 
7872 44 0.4 47 1 49 0.4 53 1 57 0 65 0.4 70 0 76 0.5 99 0.4 
7925 68 0 
8050 6 0.6 15 0.5 18 0.6 26 0 30 0.3 36 0.9 78 0.9 
8263 29 0.9 66 0.3 74 1 
8773 7 0 16 0.7 35 0 46 0 48 0.3 51 0.7 57 0.3 79 0.3 97 1 
8823 0 0.8 20 1 40 0.3 64 0 75 0 79 0.3 
9009 0 0.3 15 0.6 31 0.7 99 0 
9033 3 1 9 1 19 0.4 40 0.5 47 0 54 0.5 71 0.9 81 0.6 84 0.7 
9202 21 0 32 0 62 0 76 0.4 78 1 86 0.9 96 0.5 
9362 12 0.4 22 0.4 37 0.3 43 0 98 0 
9364 11 0.7 32 0.4 37 0.7 79 0 80 0.9 81 0 82 0 83 0.7 90 0.9 96 0 
9458 11 0 19 0 22 0.9 42 0 43 0 54 0.9 66 0.8 
9689 7 0.6 18 0 27 0.3 36 0.8 42 1 54 0 61 0.6 67 1 85 0.4 86 0 
9706 19 0.9 36 0.8 53 0 55 1 67 0 75 1 78 0.8 92 0.9 
9751 13 0.6 23 0.3 29 0.7 41 0.9 44 0.7 49 0.6 93 0.4 96 0.4 
9794 5 0.5 24 0.6 37 0 46 0.3 49 0.5 77 0.5 
9822 31 0.3 34 0.5 46 0 83 0.9 88 1 
