100
85 7 0.7 35 0.3 56 0.3 82 0.8 94 0.3 
89 56 1 96 0.9 97 0.4 
268 6 0 12 0 29 0.6 59 0.3 73 1 80 0.3 
288 34 0.4 35 0.6 38 0.8 58 1 67 0 71 0.7 
306 1 0.5 26 0.7 47 0.4 77 0.3 94 0.5 97 0.5 
330 32 0.5 34 0.8 57 1 72 0.6 
414 1 0.8 16 0.9 25 0.5 68 0.8 89 0.3 
510 35 0.6 49 0 93 0.5 
560 9 0.6 20 1 38 0.8 53 0.5 54 0.4 
628 11 0.9 45 0.8 61 0.7 65 1 
735 46 0.8 83 0.8 98 0 
740 15 0.9 
778 4 0 28 1 34 0.5 37 0.6 47 0.8 58 1 60 0.6 75 0.8 88 0.6 
841 5 0.4 61 0.5 99 0.6 
917 9 0.6 15 0.6 37 0 42 0 84 0.6 97 0 
950 6 0.8 21 0.3 56 0 62 0 76 0.3 85 0 87 0.7 
1252 6 0.4 90 0.4 
1360 26 0 65 0.5 
1388 6 0.3 9 0.5 15 0.9 33 0.5 81 0.5 82 0.3 83 0 90 0.3 
1467 26 0.8 46 0.7 51 0 
1617 30 0.8 31 1 59 1 61 0.9 67 0.6 68 0.4 85 0.7 
1637 7 0.7 23 0.9 30 0 88 0.7 
1722 1 0 13 1 15 0.4 29 0 39 0.8 50 1 65 0.7 73 0.8 75 1 88 0 
1773 68 0 76 1 80 0.5 
1794 1 0.3 19 0 22 0.3 58 0 
1807 14 0.8 31 0 36 0.6 
2074 3 0.9 8 0 21 0 28 0.8 29 0 36 0 59 0.9 74 0.6 83 0 
2106 1 0.9 7 0.3 15 0.9 25 0.3 48 0 51 0.9 64 1 72 0.7 95 0 
2117 49 0 53 0.8 
2353 4 0.5 10 1 26 0.3 39 0.4 51 0 76 0.8 82 0.8 97 0.7 
2355 69 0.8 77 0.3 80 0 
2450 84 0.4 88 0.9 
2504 34 0.7 70 0.5 
2662 3 0 25 0.4 42 0 43 0.9 63 0.8 73 0 88 0.7 
2731 94 0.5 
2737 64 0.9 69 0.5 95 0.6 
2746 8 0 
2814 13 0.9 38 0.9 39 0.8 47 1 69 0 75 0.7 91 0.4 
2843 9 0.6 10 0.4 27 0.7 43 0 66 0 75 0 86 0 87 0.3 
2902 1 0 17 0.4 18 0.7 24 0.3 27 1 50 0.6 57 0 79 0 
2904 5 0.7 37 0 47 0 74 0.9 83 0.3 84 0 98 0.5 
2942 34 0.4 64 0.3 
2982 8 0.5 30 0 35 0.4 38 0.4 50 0.8 86 0 92 0 
3001 6 0.5 19 0.6 30 0 32 0 43 0.3 51 0 53 0.7 57 0 61 0 95 0.5 
3298 38 0.8 56 0.3 64 0.9 89 0 90 1 
3454 4 0 20 0.7 32 0.5 49 0.4 58 1 64 0.5 66 0.7 
3513 10 0.4 18 0.7 31 0 33 0.8 44 0 46 0.6 61 0 68 0 75 0.3 97 0.6 
3533 5 0.6 33 0 90 1 95 0 
3680 92 0.5 
3750 59 0.4 
3796 10 0 11 0.9 16 0.5 20 0.5 81 0.8 
3870 3 0.9 4 0.3 8 0.6 9 0.4 36 0 44 0.5 50 0.3 72 0.4 77 0.4 82 0.4 
4049 52 0.9 85 0 88 0.6 
4246 7 0.6 12 0.9 63 0 80 0 87 0.6 88 0.5 96 0.4 
4255 47 0.8 60 0.6 
4339 9 0.6 25 0.6 41 0.7 59 0.5 62 0.9 91 1 
4375 40 0.3 47 0.6 54 0 
4790 3 1 26 0 34 0 38 0.9 60 0.3 64 0 84 0 94 0.9 
4892 29 0.5 42 0 47 0.4 75 0 94 0 97 0.7 
5421 43 0.6 
5530 3 0.4 38 0.5 49 0 63 0.9 72 0 93 0.7 
5830 18 0.4 25 0.4 43 0.7 83 0 95 0.8 97 0.7 
5879 37 1 45 0.7 70 0 82 0 95 0.9 
6145 0 1 10 0.6 11 0.7 18 1 24 0.8 26 0 29 0.6 39 0.6 76 0 
6230 51 1 56 0.9 71 0.7 98 0.6 
6303 9 0 10 0.5 17 0.3 52 1 
6528 13 0 57 1 61 0 67 0.6 86 0.4 90 0.3 97 0.6 
6539 26 0.4 36 0 52 0 56 0.6 87 0.9 
6578 10 0.8 18 0.8 25 0 31 0 37 1 39 0.4 41 0.7 80 0.9 
6634 8 0.7 11 0 18 0.4 25 0 30 0.6 48 0.9 49 0.9 68 0 74 0.4 80 0.7 
6692 1 0.9 2 0.7 50 0.6 82 0.4 
6732 3 0.7 16 0 21 0.9 32 0.8 50 0.8 65 0 92 0.9 
6751 22 0 32 1 44 0 49 0 56 0 69 1 
6854 16 0.9 53 0.5 
6869 55 0 58 0 71 0.6 97 0.6 
6906 13 0.4 38 0 47 0 75 0 89 0 
6912 77 0 
6920 0 0 2 0 20 0.8 39 0.8 41 0.3 47 0.5 73 0.6 83 0 89 0.8 98 1 
6978 29 0.4 77 0 
7055 30 1 60 1 80 0 93 0.8 95 0.8 
7225 0 0.3 
7392 9 0.9 12 0.6 20 0.5 29 0 39 0.8 52 0.7 78 0.7 80 0.9 91 0 
7409 16 0.8 61 0.5 62 0.8 65 0.3 97 0.8 
7561 6 1 37 0.3 71 0.9 
7678 33 1 53 0.8 69 0.9 
7852 38 0.5 76 0.5 
7894 1 0.4 38 0.6 46 1 48 0.8 49 0.7 66 0 67 0.3 85 0.8 99 0 
8072 10 0 49 0 68 1 73 0.3 98 0.6 
8121 16 0.5 40 0 73 0 83 0.4 91 0 
8167 3 1 29 0 32 0.3 51 0.5 89 1 
8239 13 0.6 30 0 42 0 51 0.7 62 0.9 69 0.3 72 0.9 81 0.9 
8248 23 0.4 25 0.4 33 0.6 38 0 39 0.9 52 0.4 61 1 62 0.6 68 0.9 69 0.7 
8448 64 0.3 
8499 9 0.6 10 0.7 22 0.6 48 0.6 49 0.8 53 0 72 0.4 97 0.8 
8548 18 0.8 20 0 22 0.5 38 0.6 43 0.5 59 0 66 0 80 0.8 90 0.7 92 0.4 
8760 23 0 34 0.3 91 0.6 
9138 31 0.8 58 0.8 70 0.6 
9255 9 0.4 24 0.4 65 0.5 84 0.8 
9430 11 0.5 43 0 46 0 49 0.4 59 0.3 65 0.9 74 0.3 81 0.8 
9696 4 0.9 15 0 29 0 31 0.4 39 1 52 0.9 61 0.4 78 0.3 85 0 
