100
75 5 0.5 10 0 11 0.5 17 0.6 26 0.9 42 0.9 72 0.9 
162 45 0.3 82 1 
192 16 0 29 0.4 35 0.8 46 0.8 73 0.6 93 0.5 
246 4 0 13 0 24 0.8 29 0.7 31 1 55 0.7 59 0.9 66 0.3 
461 2 0 5 0.8 16 0 19 0 29 0 37 0.4 49 1 50 0.4 82 0.3 83 0.5 
559 19 1 51 0.4 57 0.5 70 0.5 74 0.4 83 1 84 0 
847 22 0 83 0.7 85 1 87 1 
874 53 1 62 0.8 95 0 
928 40 0.8 76 0.3 
976 35 0 49 0 57 0.8 78 1 
1100 7 0.5 42 0 50 0.8 54 0 79 0.4 84 0.5 99 0.5 
1203 2 0.6 4 0.7 8 0 27 0.8 44 1 46 1 50 0.4 62 0 95 0.9 97 0.7 
1651 10 0.7 13 0 25 0.8 46 0.8 83 1 
1682 91 0.6 
1695 12 0.6 
1701 87 0 
1863 28 0.8 
1915 2 0 40 0.8 41 1 54 1 55 0.6 73 0.3 92 0.8 
1963 66 0.7 77 0 91 0 94 0 
2081 6 0.4 9 0 39 0.6 64 0.8 69 0.3 92 0.7 
2193 22 0.8 83 0.6 
2234 8 0.4 19 0.8 30 1 32 0.9 33 0.7 41 0 75 0.4 84 0.5 
2312 6 0 11 0.7 19 0.6 31 0.5 95 0 
2323 31 0.6 36 0.7 45 0.5 69 0.7 
2395 0 0.6 17 0 20 0.9 94 0.7 
2733 3 0 54 1 79 0 81 0.3 82 0 88 0.7 
2785 85 0.7 87 0.3 93 0 
2825 88 0.9 
2978 26 0 27 0 47 0.4 56 0 74 0 83 0 89 0.5 97 0.6 
3247 6 0 30 0.6 44 0.5 56 0.6 
3251 2 0.6 14 0.3 17 0.9 33 0.3 37 0 45 0.6 46 0.5 63 0.4 89 1 
3371 60 0.8 86 0 98 1 
3472 50 0.8 57 0 
3781 3 1 7 0.3 10 0.3 11 0 27 0 35 1 46 0.6 92 0 99 0 
3784 31 0.7 39 0.5 60 0.8 89 0 95 0 
3791 23 0.3 24 0.7 75 0.8 
3876 78 0.5 
4049 52 0.7 85 0.6 88 0 
4086 9 0.5 10 0 17 0.9 36 1 79 0.4 
4134 4 0.5 18 0 40 0.6 43 1 54 0 59 0.5 81 0.6 83 0.8 87 0.7 90 1 
4171 10 0.7 22 0 38 0.3 52 0.7 53 0.8 60 0.3 72 0.6 80 0.5 81 0.8 91 0.6 
4230 3 0 5 0.3 16 0.4 26 1 45 0.3 54 0 55 0.5 65 0.6 77 0.4 78 0 
4674 25 0 30 0 33 0.7 37 0.9 51 0.6 59 0.5 70 0 85 0.9 
4746 3 0 10 0 81 1 
4811 29 0 32 0.5 
4889 9 0 36 0.3 90 0 99 0.9 
5075 4 0.6 16 0.9 19 0.6 25 0 28 0.6 33 0.5 46 1 59 0.9 79 0.9 88 1 
5097 16 0 43 1 44 0.6 54 1 96 0.8 99 1 
5156 3 0.5 27 0 34 0.6 36 0.3 38 0.7 40 0.7 61 0.6 75 0 
5215 0 0.6 20 0 22 0.9 30 0.9 35 0.8 92 0 
5229 39 0.8 49 0.7 51 0 
5274 9 0.8 29 0 31 0.5 32 0.5 47 0 57 0.7 80 0.8 
5429 8 0.7 17 0.6 27 0 33 0.4 56 0.6 76 0.9 78 0 95 1 
5432 56 1 78 0.5 
5557 8 0 17 0.8 26 0 29 0.8 38 0.3 41 0.6 66 0.5 68 0.5 81 0 98 0.3 
5700 9 0.5 56 0.3 66 0.3 67 0 73 0.5 78 0 
5762 68 0.9 90 0.5 
5944 6 0.9 16 0 64 1 68 0 83 0 
5975 4 0.7 17 0 28 0.4 61 0.3 84 0.6 
6111 13 0 19 0.6 23 0.3 55 0.4 61 0.9 74 0.5 
6458 33 0.7 58 0.3 85 0.9 90 0.4 
6688 1 0.8 24 0.6 42 1 46 0.5 51 0.6 55 0.4 60 0 
6714 28 0.6 37 0 62 0.4 69 0.5 73 0 82 0 
6717 9 0 18 1 22 0.4 27 1 34 0.4 39 0.7 61 0.5 69 0 88 0.4 
6800 50 0.5 59 0.3 60 0.5 62 0.8 96 0.5 
7064 74 0.3 
7079 60 1 93 0.8 
7082 6 0.3 
7133 1 0.3 34 0.8 41 0.5 51 0.5 82 0 
7160 19 0 
7220 18 0.9 19 0.8 27 0.8 30 0.4 47 0.6 51 0 68 0.8 84 0.9 86 0.6 
7221 14 0.5 21 0 26 0.7 43 0.7 44 0.4 46 0 49 0.5 55 1 82 0.5 
7498 6 0 35 0.6 36 0 60 0 78 0.5 79 0.6 89 0.8 
7502 55 1 87 0 
7530 39 0.3 43 0 50 1 60 1 69 0.5 77 0.8 78 1 79 0 93 0 94 0.7 
7547 0 0.7 4 0.8 42 0.3 83 0.8 84 0.4 93 0.7 
7591 0 0.7 36 0.5 56 0.8 
7686 31 0.5 
7704 0 0.7 10 0.4 37 0 95 0.3 
7716 9 0.5 31 1 32 0.3 66 0.3 78 0.3 86 0.4 89 0 95 0 99 0.6 
7918 4 0.8 23 0.3 31 0.5 32 0.6 48 0.7 59 0.5 67 0.6 71 0 93 0.7 
7978 32 0.9 50 0 55 0 66 0.6 72 0.9 79 0.3 95 0.7 
8207 3 0 8 1 30 0.6 32 0.3 33 1 40 0 41 0.4 76 1 77 1 94 1 
8673 14 1 54 0.6 69 0.4 88 1 
8704 19 0 35 0.5 87 0.3 
8855 24 0 
8890 14 0.5 52 0.5 56 0.9 70 0.7 80 0.4 
8960 1 0.4 6 0.6 7 0 25 0 53 0 78 0.6 98 0 
9071 6 0.7 15 0 25 0.6 36 0 
9116 11 0 22 0.3 29 0.8 35 0.3 36 0.4 65 0 82 0.3 88 0 97 0.6 
9156 2 0 4 1 10 0 13 0.6 29 0 32 0.5 47 0.5 71 1 
9208 4 0.5 11 0 21 0.8 29 0.3 46 0.8 65 0.6 77 0.7 83 0.6 
9225 36 0 77 0.7 
9245 3 0.8 23 1 24 0.5 98 0.6 
9463 8 0.8 13 0 14 0.6 39 0 51 0.8 52 0.7 56 0.4 62 0.5 78 0.6 88 0.7 
9530 1 0.5 14 1 34 0.7 36 1 41 0.5 62 0.4 66 0.8 71 0.5 97 0.4 
9720 42 0.7 48 0.5 84 0 
9749 52 0 
9884 2 0 13 0 22 0.5 33 0 52 0.7 80 0.8 88 0.6 
9918 14 0 33 0.3 37 0.4 96 0 
