100
199 8 1 12 0.3 21 0 30 0.8 41 0 60 0 61 1 87 0.3 95 0.8 
265 2 0 35 0.7 88 0.4 91 0.4 
271 8 0.3 29 0 35 0.6 41 0.4 69 0.9 72 1 
288 34 0 35 0 38 0.5 58 0.6 67 0.9 71 0.8 
489 18 0.4 75 0.7 78 0.7 
805 22 0.8 29 0.8 33 0.7 35 0.5 68 0 75 0.3 94 0 
839 0 0.9 4 0.8 21 0.4 23 0.7 27 0.7 77 0.3 87 1 
1000 24 0.3 
1233 28 0.5 90 1 
1347 6 0 13 0 19 0.8 65 0.8 69 0.4 77 0.6 82 0.9 84 0 86 1 90 0.5 
1348 4 0.6 11 0 18 0.7 23 0 59 0.6 76 0 85 0.6 95 0.4 
1456 2 0.5 31 0.3 37 0.3 
1561 32 0 82 0 96 0 97 0.5 
1571 32 0.8 
1578 7 0.6 28 1 44 0 57 0.4 70 0 78 0.8 86 0.7 
1607 1 1 24 0.5 25 0.4 27 0.9 41 0 44 0.8 47 0 52 0.3 92 1 
1655 64 0.6 
1742 5 0.8 52 0.7 58 0 69 0 71 0 74 0.6 75 0.5 82 0 86 0.8 94 0 
1914 2 1 24 0.8 56 0.4 67 0 69 1 
1946 11 0 22 0.6 27 0.8 41 0 56 1 78 0 87 0.4 
1956 4 0.3 5 0.8 28 0 38 0 51 0 62 0.5 88 0 89 0 96 0.9 
2135 31 0.6 42 0 64 0.4 65 0 69 0.4 86 0 96 0.7 
2169 51 0.3 
2214 1 0.6 13 0 42 0.5 67 0.4 68 0.8 72 0.7 88 0 
2228 49 0.9 
2444 5 0.8 10 0.3 66 0.8 75 0 77 0.3 83 0.4 88 0.4 92 0.8 
2639 14 0.4 49 0 83 0 
2816 50 0.3 77 0 
2846 35 0 59 0.8 76 0 
2865 13 0.5 32 0 40 0.8 54 0 65 1 93 0.8 
3182 16 0 62 1 76 0.9 93 0.5 
3419 17 0.5 50 0.3 68 0 
3671 5 1 11 1 18 0.9 47 0.3 57 0 66 0.5 86 0.7 96 0 
3679 6 0.5 13 0 23 0.4 50 0 61 0 62 0 63 0.4 69 0 97 0.6 98 0 
3728 15 0.8 19 0.9 52 0.8 56 0 
3762 28 0.6 38 0.7 74 0.3 
3812 15 0.6 16 0.4 49 0.9 52 0.6 59 0 99 0 
3925 12 0 26 0.5 31 0.9 91 0.5 
4169 42 0.5 
4275 4 0 14 0.8 25 0.8 34 0.6 36 0.6 37 0 52 0 63 0.5 66 0 
4298 6 0.8 13 0.9 
4320 27 0 29 0.7 31 0.5 49 0 56 0.4 80 0.9 90 0.7 
4485 3 0.4 12 0.6 15 0.9 25 1 26 0.7 29 0.3 36 0.6 70 0.8 79 0.4 97 0.6 
4506 20 0.3 21 0.8 44 1 56 0 90 0 
4577 11 0.4 32 0.6 36 0.3 
4606 26 0.7 89 0.7 93 0.6 
4730 28 0 63 0.9 
4766 0 0.7 2 0.6 4 0.9 25 0 52 0 53 0.7 54 0 60 0.8 80 0.8 84 0.3 
4775 14 0 32 0 38 0 43 0.6 61 0.5 63 0 65 0.6 94 1 99 0.4 
4798 24 0.5 40 0.7 54 0 80 0.7 96 0.4 99 0.4 
4838 10 0 15 0 27 0.8 39 0.4 44 0 60 0.6 
4847 69 0 72 0.9 91 0.8 
4902 7 0 18 0 20 0.7 32 0.4 59 0.7 64 1 72 0.8 76 0.6 85 0 
4918 16 0 17 0.6 26 0.7 35 0.3 51 1 68 0.8 84 0.3 96 0.3 
5091 64 0 85 0 
5096 2 1 6 0.6 8 0.6 11 0.6 19 0.3 23 0.4 38 0 44 0.5 
5279 33 0.7 
5397 2 0.6 19 1 23 1 57 0.7 77 0 81 0.6 88 0.5 95 0 
5442 48 0.6 
5471 23 1 55 0.4 78 0.5 95 0 
5544 16 0 18 1 47 0.8 61 0.6 98 1 
5640 7 0.9 17 0 20 0.7 39 1 51 0.9 85 0.4 
5815 0 1 30 0.6 50 0 59 0.4 
6062 15 0.5 24 0.4 55 0 73 0.3 92 0.8 
6076 17 0.7 42 0 76 0.8 
6096 47 0 81 0.8 85 0 89 0 
6220 41 0 51 0.9 60 0 79 0.7 83 0 85 0 
6302 8 1 26 0 57 0.6 74 0.9 80 0.4 
6420 64 0.5 
6441 0 1 1 0 20 0.9 44 0.6 
6557 16 1 
6885 1 0.4 7 0 41 0.7 51 0.7 53 0.9 63 0.9 90 0 91 1 95 0.3 97 0.4 
7078 58 1 
7169 23 0.4 51 0.3 68 0.3 87 0.9 
7176 50 0.8 87 0 96 1 
7178 9 0.9 40 0.3 57 0.8 88 0 
7222 8 0 9 0 18 0.3 29 1 44 0 45 0 46 0.5 47 0 87 0.6 
7263 2 0 21 0.9 25 0 29 0 47 0.8 66 0 76 0 98 0.8 
7379 13 0.7 
7539 10 0.5 20 0 52 0.9 78 0.8 99 1 
7707 0 0.9 21 1 31 0.4 60 0.3 82 0.3 85 0.3 
7939 1 0.6 3 1 9 0 29 0.5 45 0 53 1 62 0.4 82 0.9 96 0.7 
7964 19 0 48 0.8 62 0.4 70 0.9 92 0.5 98 0 
8050 6 0 15 1 18 0 26 0.6 30 0.8 36 0.5 78 1 
8166 20 0.4 37 0 48 0.7 54 0 57 0.5 71 0 78 1 86 0.4 99 0.5 
8526 10 0.9 11 0.9 34 0.9 36 0.3 59 0.6 85 0 93 0.5 
8643 1 0.5 9 0.7 57 0 59 0.5 60 0.9 65 0.7 75 0 77 0 82 0.8 
8647 56 0.5 
8825 39 0.8 57 0.9 70 0.9 73 0 89 0.6 
8926 10 0 12 0.6 52 0.6 55 0.6 58 0.5 
9012 98 0.5 
9388 13 0.6 21 0 22 0.7 39 0 51 0 76 0.6 78 0.4 82 0.3 90 0.8 93 0.8 
9393 27 0.5 78 0 81 0.8 98 0 
9460 7 0.7 31 0.8 37 0 52 0.7 60 0.9 67 0.8 
9504 28 0.9 37 0.8 46 0 50 0.8 52 1 55 0 57 0.8 79 0 93 0.4 
9585 6 0.4 32 0.6 95 0.6 
9711 15 0.6 27 0.7 58 0.4 72 0.9 90 1 
9771 10 0.4 69 0.9 77 0.4 85 0 89 0 98 0.7 
9918 14 0 33 0.8 37 0.6 96 0.5 
9932 9 0.8 36 0.9 98 0.5 
