100
21 31 0 71 0.8 74 0.9 93 0.5 94 0 96 0.6 
386 5 0 17 0 55 0.4 68 0 76 0.8 78 0.3 88 1 
448 18 1 20 0.5 23 0.6 33 0.3 40 0.9 67 0.7 82 0.5 
449 14 1 19 0.4 27 0.5 33 0.5 40 0.4 48 0.7 53 0.4 84 0 86 0.3 
466 0 0.4 23 0.8 31 0.5 32 0 34 1 44 0 58 0.4 68 0 73 0.4 94 0 
477 9 0 33 1 40 0.5 51 0 64 0 
622 2 0.6 21 0 28 0 43 0.4 60 0.8 92 0.6 96 1 
656 7 0.5 54 0 66 0.4 70 0 71 0.5 91 0.7 
663 16 1 41 0.4 61 0.4 
691 3 0 4 0.8 7 1 40 0.5 69 1 84 0.9 93 0.3 
931 3 0.8 6 0.3 9 0.3 13 1 15 0.5 26 0 52 0 55 0.7 56 0.7 80 0.4 
994 11 0.4 15 1 22 0.6 43 0.5 45 1 47 0.3 51 0 66 0.9 94 0.7 
1005 1 0 22 0.3 29 0.6 31 0.6 44 0.6 51 1 58 0.6 66 0.8 74 0 90 0 
1061 8 0.5 19 0.6 21 0 34 0.3 35 0.6 52 0.7 60 0.6 65 0 72 1 74 0 
1159 59 0.8 96 0.4 97 0 
1211 18 0.9 27 0.4 28 0.8 36 0.7 68 0.6 71 0.5 88 0 
1250 9 0.7 13 0.4 24 0 25 0.3 60 0.7 61 0.9 72 0.4 87 0 90 0 
1297 8 0 11 0 86 0 
1336 3 0.3 9 0.6 11 0 28 1 57 0.3 64 0 
1505 10 0 24 0.4 34 0.5 76 0.7 88 0.4 91 1 
1534 16 0.6 34 0.8 64 0.9 68 0.5 91 0.3 
1640 2 0.4 6 0.8 8 1 25 0.6 27 0.3 81 0.6 84 0 93 0.6 
1652 73 0.5 87 0.8 
1653 13 0 17 0.8 33 0.5 45 0 48 0.5 67 0 72 0.7 79 0.5 85 0.6 91 0.6 
1873 14 0 24 0 27 0 34 0.6 59 0 
2247 54 0.7 
2295 2 0.9 15 1 56 0.4 89 0.5 
2384 49 0 52 1 80 0 
2394 13 0.7 19 0.5 77 0.9 
2418 5 0.4 16 0.8 25 0.5 39 0 43 0 49 0.8 54 0.4 83 1 85 1 98 0 
2436 30 0.4 36 0.8 41 0.8 42 0.7 63 0 76 0.9 79 0.9 
2481 8 0.3 20 0 43 0 93 0.5 98 0 
2668 23 0.9 25 0.4 31 0.6 41 0 42 1 44 1 59 0.6 69 0.3 
2774 16 0 34 0.3 84 0.5 
2788 39 0 60 0.4 72 1 
2823 33 0.4 
3005 5 0.9 14 0 32 1 43 0.8 60 0.7 86 0.7 
3025 25 0.3 38 0.8 80 0.7 
3091 97 0.9 
3245 31 0.3 89 0.5 
3253 20 0.8 24 0.9 51 0.6 57 0.8 62 1 92 0 95 0 
4047 4 0 9 1 15 0.7 25 0.8 33 0.7 68 0.4 70 0 79 0.5 86 0 87 0.8 
4099 14 1 16 0 33 0 34 1 38 0.9 62 0.6 63 0.6 69 0 89 0 
4304 24 0.7 41 0.4 51 0.4 66 0 80 1 
4386 2 0.5 3 0 15 0.8 65 0.3 75 0.6 83 0 84 0.7 
4397 33 0 47 0 56 0.4 
4440 6 0.6 71 0 99 0.8 
4459 4 0 19 0.4 44 0.4 61 0.7 
4633 21 0.5 28 0 36 0.4 38 0 39 0 41 0.6 46 1 53 1 58 0 
4745 25 0.7 46 1 70 1 98 0.6 
4852 0 0 1 1 8 0.4 10 0 21 0 32 0 56 1 59 0.4 80 0.5 90 0 
4985 9 0.9 28 0 31 0 49 0.3 53 0 62 0 
5098 27 0 35 0.7 43 0 54 0.9 65 0.4 95 0 
5180 2 0.8 8 1 18 0 
5192 7 0 46 0.8 71 1 81 0 
5246 5 0.5 6 0.4 7 1 43 0 53 0 63 0.3 70 0 85 0.7 94 0.3 96 0 
5400 5 0.6 10 0 18 0.5 25 1 31 0.6 43 0.5 
5436 1 0.6 7 0.4 9 0.8 42 0.9 48 0.7 65 0 79 1 82 0.9 89 0.4 96 0.4 
5667 56 0.4 63 0.6 73 0.7 90 0.4 
5791 2 0.4 13 0.5 25 0.8 44 0.6 57 0.9 63 0 67 0.5 71 1 91 0.3 96 0 
5847 34 1 42 0 70 0 
5986 36 1 
5992 0 0.8 22 0 34 0 38 1 39 0.6 41 0.7 47 0.5 62 0.9 68 0 95 0 
6139 11 0.7 12 0.8 22 0.3 23 0.9 43 0.4 60 0 
6395 6 0.8 17 1 28 0.5 31 0 36 0.9 38 0 49 0.6 68 0 80 0.8 81 0.8 
6465 2 0.9 21 0.3 37 0.4 55 0.7 71 0.4 72 0.5 
6563 24 0.9 36 0.3 69 0.3 
6630 44 0.9 76 0.3 
6759 53 0.9 82 0.6 83 0.5 94 0.9 95 0 
6780 4 0.8 11 0 12 0.5 31 1 59 0.9 71 0.4 72 1 81 0 98 0 99 0.4 
6993 16 0.6 17 0.9 44 0.3 47 0.7 48 0.9 52 0.3 61 0.8 67 0.4 85 0 
6997 76 0.3 83 0.7 85 0.8 
7162 24 0 
7217 14 0.8 
7468 1 0.6 7 0.4 15 0.9 17 0.4 33 0 42 0 82 0.4 89 0.3 
7482 8 0 48 0 66 0 98 0.9 
7515 11 0.4 12 0 41 0.8 47 0.8 50 0.6 56 0.5 63 0.3 85 0 97 1 
7606 10 0.4 13 0 19 0.3 24 0.8 26 0.6 32 0.6 55 0.5 69 0 84 0.4 99 0.9 
7658 10 0.8 90 0.5 
7694 41 0.8 67 0.4 83 0.7 95 0.7 
7720 10 1 11 0.7 14 0.3 20 0.8 41 0.8 46 0 51 1 58 0.5 75 0.8 98 1 
8003 3 0.8 17 0.6 41 0.3 49 1 51 0 52 0.4 61 0.5 91 0.5 95 0.7 
8010 9 0.6 32 0.9 54 0.4 72 0.9 
8032 0 0.5 3 0.4 5 0.7 14 0 16 0.8 32 0 39 0 46 0.5 83 0.5 91 0.3 
8056 6 0.9 12 1 29 0.5 46 0 62 0.9 73 0.7 85 0.4 87 0.8 89 0 
8135 19 0.5 39 0.3 61 0.4 90 0 
8187 38 0.6 66 0.5 92 0.9 
8336 19 0.4 28 0.6 70 0.8 92 0 
8399 4 0.3 7 0 57 0.6 67 0 68 1 73 0.7 85 0.7 95 0.8 
8736 16 0.3 21 0.9 29 0.9 43 0.4 50 0.7 70 0.8 83 0 87 0 
9297 14 0 24 0.8 26 0.4 31 0.6 52 0 72 0.3 80 1 89 0.4 99 0.9 
9362 12 0.4 22 0.4 37 0.5 43 0 98 0.5 
9419 25 0.5 28 0.4 43 0 46 0.9 57 0 58 0.7 86 0.5 88 0.3 92 0.9 
9491 1 0.5 12 0.6 61 0 62 0 
9505 99 0.4 
9535 25 0.8 
9578 6 0 12 0.9 13 1 46 0.8 58 0.5 66 0.4 80 0.9 95 0 
9808 67 1 83 0 
9924 7 0 11 0 41 0.6 45 0.6 72 0.3 97 0.3 
9936 1 0.9 3 0 7 0.9 51 0.4 53 0 65 0 70 0.5 72 0.7 73 0.5 88 1 
