100
3 6 0 19 0.6 63 0.7 67 1 81 0.7 96 0.5 
143 0 1 5 0.4 12 0.6 51 0.9 59 0.8 64 0.9 79 1 92 0.7 98 0 
157 49 0.3 73 0 92 0 95 1 
161 9 1 21 0.9 36 0.3 66 0.6 94 0.4 
215 28 0.4 64 0.8 94 1 
224 25 0.6 28 0.8 46 0.6 61 0 67 0.7 70 0.5 75 0.6 85 0.6 89 0.7 
388 3 0.9 23 0 24 0.8 32 0.7 73 0.8 78 0.9 81 0 89 0 96 0.3 
540 4 0.7 5 0.4 27 1 34 0.8 45 0.9 87 0.7 92 0 93 0.8 94 0.8 99 0.4 
560 9 0.6 20 1 38 0.4 53 0.6 54 0 
621 37 0.7 44 0.6 47 0 56 0.7 75 1 93 0 
656 7 0.5 54 0.6 66 0.7 70 1 71 0.8 91 0.9 
737 36 0 43 0 46 0.6 59 0.4 69 0.5 90 0 
765 7 0.5 45 0.5 47 0.7 51 0.9 64 0.5 70 0.8 95 1 
1025 44 0.6 72 0.8 86 0.4 92 0.3 
1178 23 0.8 96 0.5 
1294 6 0.7 14 0 62 1 78 0.5 87 0.3 90 0 
1328 2 0 7 0.3 13 0.6 36 0 38 0.6 40 0.3 55 0.5 63 0 71 0.7 91 0.8 
1365 64 0 
1414 9 0.3 22 0.9 31 1 36 0 62 0.4 66 0.8 89 0.6 93 0.7 99 0 
1428 31 0.6 39 0 54 0.7 57 0.4 74 0 75 0.6 77 0.3 81 0 
1454 2 0 3 1 11 1 42 0.4 47 0.8 59 0.4 77 1 85 0.7 97 0.9 
1477 30 0.7 41 0 43 0.9 52 0 57 1 
1643 12 0.7 13 0 19 0.7 23 0.6 47 0.9 76 0.6 95 0.4 99 0.5 
1656 2 0 4 0.4 11 0 39 0 67 0.9 
1684 99 0 
1845 20 0 42 1 72 0.7 89 0.5 
2025 0 0 3 0.4 11 0.9 82 0.7 84 0.4 92 0 96 0 
2288 1 1 8 0 54 0.8 74 0.7 
2355 69 0.9 77 0.9 80 0.9 
2368 29 0 36 0.9 45 1 77 0.3 
2426 4 0.9 11 1 45 0.8 46 0 62 0.4 67 0.3 
2472 86 0.6 
2477 98 1 
2488 50 0.5 55 1 87 0 
2515 19 0.9 45 0.3 57 0 80 0.3 
2563 25 0 39 0 98 0.6 
2679 38 0.9 39 1 70 0.8 93 0.3 
2707 82 0.9 
2816 50 0.7 77 0.6 
2838 24 0 48 0.6 51 0.9 58 0.3 63 0.9 69 0.4 92 0.4 97 0.9 
3127 0 0 14 0.9 20 0.6 33 0.4 52 1 56 0 61 0.7 75 0.7 
3242 28 0.6 91 0 
3373 48 0.9 61 0.8 
3399 21 0.9 29 0 38 0 
3479 4 0.9 15 0.6 49 0 87 0.7 
3696 35 0.5 
3796 10 0.6 11 0.7 16 0 20 0.8 81 0.8 
3837 25 0.9 46 0 60 0.5 74 0.6 88 0.3 89 0.4 
3928 80 0.6 
4004 38 0.4 
4032 9 0.8 16 0.8 17 0.4 19 0.7 26 0.3 38 0.8 55 0.7 63 0.9 86 0.5 88 0.6 
4094 5 0 8 0.3 12 0.9 19 0.3 25 1 36 0 62 0.4 92 0.8 
4105 18 1 35 0 38 0.5 50 0 59 0.8 60 0 65 0.8 75 0.5 98 0.8 
4203 11 0.7 15 0.9 18 1 19 0.4 40 0.4 46 0.6 57 0 64 0.7 69 0.8 77 0.8 
4271 29 0 43 0.4 49 0.3 81 0.3 
4472 27 0.3 32 0.3 44 0 49 0 68 0 72 0.7 74 1 82 0 85 0.9 
4497 8 0.7 9 0.3 16 0 43 0 64 0.4 86 0 87 0.8 89 0.7 97 0 
4552 2 0.7 15 0.8 33 0.9 78 0.6 91 0.9 
4555 11 0.8 46 0.4 54 0.3 64 0.5 66 0.9 68 0.7 74 0.7 94 0.7 
4665 32 0.4 35 0.9 38 0.7 70 0.3 85 1 
4808 0 1 7 0 9 0.3 18 0 21 0 23 0.3 55 0.7 91 0.5 97 0.5 
5251 16 0 29 0 67 0 
5433 11 0.7 17 0.7 57 0.7 58 0 60 0.3 61 0.7 
5444 13 0.9 35 0.6 41 0.4 47 0 66 0.7 82 0.6 
5652 3 1 24 0 50 0.4 59 0.9 68 1 74 0.7 93 0 
5808 12 0.6 19 0.8 22 0 35 0.7 49 0.3 68 0.8 72 0 86 0.7 
5908 6 0.6 26 0.7 45 0 46 1 79 0 80 0.7 
5988 1 0.8 2 0.4 41 0.7 55 0.5 64 0.3 65 0 73 0.6 87 0 98 0.3 
6142 22 1 25 0.6 26 0 44 0 58 1 68 0.8 72 1 93 0 
6239 19 0.7 21 0 64 1 
6346 2 0 6 0.6 8 0 39 1 51 0.4 54 0.6 88 0.6 95 0.3 
6356 28 0.7 49 0.8 80 0.4 
6420 64 0.6 
6640 7 0 
6775 12 0 50 1 65 0 92 0.5 
7291 2 0.7 5 0 20 0 29 0 34 1 43 0 60 0 89 0 
7401 4 1 42 0.3 88 1 91 0.4 
7880 20 0 36 0.6 44 0 51 1 65 0.3 73 1 78 0.8 
7941 6 0 10 0.9 13 0.7 18 0 23 0.8 54 0.5 62 0.6 66 0.5 88 0.3 97 0 
7985 6 0.9 13 1 16 1 19 0.3 41 0.3 42 0.7 48 0 69 0 99 0.7 
8041 0 0.9 43 0.4 59 1 81 0.9 84 0.8 
8210 15 1 20 0.3 45 0 
8375 14 0.5 18 0.9 29 0 31 0.7 52 0.6 56 0.4 66 0.8 68 0.3 99 0.3 
8404 7 0 10 0 13 1 22 0.9 53 0 71 0.5 81 0 82 0.9 
8435 37 0 75 0 
8603 33 0.4 69 0.5 
8729 5 0.7 
8773 7 0 16 0.9 35 0.7 46 0.8 48 0 51 1 57 1 79 0.6 97 0.6 
8819 7 0.4 9 0.9 34 0 56 0.5 61 0 74 1 
8856 1 0.7 4 0.6 21 0.7 23 0 25 0.8 56 0.5 62 1 67 0.5 68 0 84 0 
8958 4 0.7 10 0 33 0.7 38 0.5 41 0.6 52 0.8 61 0 77 0.6 
9227 19 0.6 26 0.4 28 0.3 33 0.3 36 0.8 51 0.8 73 0.7 77 0.6 80 0 98 0.6 
9294 5 1 
9389 0 0.7 37 0 41 0.8 58 0.8 63 0.4 69 0.4 84 0.8 
9408 7 0.9 13 0.7 29 0.3 85 1 
9576 1 0.8 3 0.6 9 0.5 12 0 30 0.8 66 0.6 81 0.8 82 0 
9657 42 0 74 0.9 81 0.3 93 0.4 
9701 22 0.4 32 0.5 39 0 73 0 
9725 2 0.9 67 0.7 79 0 84 0 97 0 
9834 43 0.9 88 0.6 
