100
239 19 0.8 51 0.7 
322 34 1 41 0.6 42 0 70 0.8 84 0.8 97 0.3 
346 36 0.6 
362 2 0.9 22 0.9 32 0.3 93 0 
402 7 0.8 39 0.4 40 0.9 73 0 74 0.5 87 0.7 88 0 89 1 
410 6 0.5 12 0 18 0 45 0 62 0.7 77 0.9 94 1 95 0 97 0 
483 28 0.6 54 0.7 57 0.7 72 0.9 77 0 86 0.5 90 0.4 97 1 
499 29 0 48 0.5 79 0.7 
547 8 0.5 12 0 41 0.6 51 0.7 
553 0 0 9 0 59 0 60 1 61 0.9 67 0.7 77 0.8 
563 4 0.9 9 0 10 0.4 12 0 55 0 58 0 62 0 67 0.6 
834 2 0.6 10 0 40 1 53 0.5 54 0.8 78 0.7 
922 68 1 88 0.8 94 0 
1046 2 0.5 37 0.7 69 0.4 90 0.5 99 0.4 
1053 10 0.4 
1435 11 0.8 16 0.3 44 1 69 0.7 70 0 94 0.9 
1600 2 0.7 
1809 10 1 40 0.9 66 0.5 
1906 40 0.8 50 0.9 54 0.3 56 1 69 0 85 0 98 0.4 
1960 49 0 
2027 17 0.5 23 0.4 58 0.9 82 0.5 92 0.7 96 0.7 
2125 13 0.8 33 0.5 55 0 76 0.8 83 0.8 
2202 47 1 
2292 29 1 53 1 78 0.3 90 0 92 1 93 0.6 95 0.6 
2314 6 0 9 0.9 52 0.3 62 0.7 
2555 12 0 24 0 41 0.3 43 0.9 46 0.4 50 0 65 0.5 68 0.3 96 0 
2578 17 0.7 94 0 
2639 14 0.7 49 0 83 0.4 
2687 0 0.6 27 1 34 0.7 66 0.3 
2691 2 0.8 14 0.4 24 0.9 34 0.5 69 0.6 70 0.8 78 1 80 0 82 0.4 93 0 
2732 4 0.6 57 0.6 
2744 16 0 
2829 7 1 
2841 90 0.5 
2914 9 0 32 0.9 46 0.4 
2964 7 0.3 10 0.5 74 0.5 92 0.5 95 1 
3010 7 0.5 23 0.9 24 1 29 0 35 0.5 36 0 92 0.8 
3107 5 0.7 6 0.7 10 0 11 0.8 31 1 46 0.8 69 0 78 0.5 91 0.8 92 0 
3157 11 1 13 0.3 65 0 71 1 93 0.8 
3275 1 0.6 31 0.7 
3590 5 0.5 31 0.7 66 1 77 0.3 90 0 96 0 
3602 18 0.5 
3865 11 0.7 43 0.5 59 0.3 66 0.3 67 0.8 68 0.6 73 0.5 
3935 18 0 83 0 86 0.9 
3979 6 0 15 0.6 24 0.9 29 0 59 0.6 63 0.8 73 0.9 78 1 
3997 20 0 21 0.8 22 0 51 0.3 55 1 57 0.7 71 0.5 
4197 1 0 5 0.3 25 0.9 48 0 52 0 83 0 91 0 94 0 
4251 65 0.5 92 0.3 
4361 10 0.4 39 0.4 45 0.6 47 0.4 92 1 96 0.8 
4373 10 0.9 28 0.4 33 0.9 37 0.3 58 0.7 84 0.6 96 0.5 
4377 6 0.6 28 0.9 33 0.6 70 0.4 72 0 99 0 
4488 2 0.4 26 0 30 0 67 0.7 68 0.4 73 0.9 98 0.4 
4514 59 0.9 61 1 62 0.5 64 1 74 0 88 0.4 96 0.5 
4570 0 0.3 5 0.5 21 0 56 0 60 1 69 0 72 0.7 84 1 97 0.9 
4686 7 0.9 19 0.3 32 0.6 46 0 51 1 89 0.3 91 0.5 96 0.5 
4768 2 0.5 6 0.4 54 0.6 
4866 7 0.9 19 0.8 43 0.9 60 0.9 71 0.7 93 0.9 
4932 24 0.7 27 0.3 46 0.9 52 1 55 0.9 72 1 
4981 3 0.7 9 0 18 0 20 0.3 50 0.5 63 0.4 76 1 92 0.5 
5524 16 0 21 0.7 22 0.7 23 0.9 29 0 38 0.4 47 0.3 57 1 83 0.9 90 0.5 
5654 0 0 17 0.6 41 0 42 1 48 0.8 56 0.5 70 0.9 77 0 94 0 98 0.5 
5694 44 0 
5776 8 0.5 14 1 50 0.8 57 0.9 66 0.8 73 1 87 1 91 0.9 92 0 96 0.3 
5814 16 0.7 18 0 55 0.3 79 0.6 
5975 4 0.8 17 0.9 28 0.7 61 0.4 84 0.6 
6137 9 0 22 0.4 26 0.3 28 0.7 50 0 68 0.6 80 0.5 82 0.4 91 0 93 0.9 
6154 9 0 12 0 27 0.8 28 0 35 0 73 0 78 0.9 
6315 1 0.6 2 0.8 7 0.5 57 0.7 62 0.9 76 0.6 82 0.7 88 0.7 92 0.8 
6426 81 0.5 94 0.8 
6489 41 0.4 65 0 87 0.7 91 0.8 94 0.8 98 0 
6684 7 0.3 19 0 29 0.4 31 0 74 0.7 77 0.4 
6728 10 0.3 15 0 24 0.5 62 0.9 64 0.6 86 0 88 0 
6742 71 0.5 
6794 53 1 
6931 23 0.8 63 0.5 65 0.9 86 0 88 0.5 
6949 33 0 80 0.6 82 0.8 94 0 
6986 0 0.5 1 0 29 1 45 0.4 48 0.4 61 0.3 92 0.6 99 0.6 
7011 58 0.6 
7196 37 0.9 47 0.9 73 0 84 0.9 86 0 
7199 6 0.8 11 0 24 0.8 27 0.6 30 0.8 38 1 40 1 67 0.7 68 0 99 0.8 
7267 73 0.6 98 0 
7581 5 0 40 0.9 57 0.9 
7591 0 0 36 0.8 56 0.9 
7644 15 0.5 61 1 
7857 3 1 7 0 45 0.5 61 0 80 0 97 0.5 
7982 39 1 74 0.9 96 0.7 
8126 8 0.4 17 0.4 45 0.6 48 1 58 0 70 0.5 73 0.8 79 0 87 0.6 95 0.8 
8397 5 0 24 0.7 26 0 32 0.5 42 0.4 47 0.8 61 0 88 0 
8504 5 1 
8694 10 0 44 0.3 52 0 75 0 80 0.3 
8785 7 0 34 0.3 61 0.7 
8851 14 1 32 0 
9043 4 0 7 0 19 0 23 0.5 24 0 34 0.5 37 0.5 74 0.9 88 0 91 0.8 
9095 19 0.7 36 0 38 0 40 0 51 0.6 67 0.5 69 0 85 0 90 0.7 
9325 10 0.9 27 1 77 0.9 
9452 0 0.3 
9482 43 0.8 99 0.6 
9625 33 0.6 41 0.4 49 0 79 0 
9728 6 0.8 8 0.6 11 0.3 59 0.3 85 0.8 86 0.5 
9893 15 0.5 32 0.8 
