100
52 22 0.3 45 0.9 56 0 
178 8 0.6 55 0.7 83 0 
519 24 0.4 27 0 47 0.6 80 0.9 
523 25 0.7 60 0.6 
564 10 0.5 11 0.9 22 1 49 0 53 0.8 65 0.9 87 0.3 89 0 94 0.7 
571 16 0.3 32 0 33 0.8 69 0.9 
594 17 0 31 0 47 0.5 58 0.4 74 0 75 0 88 0.7 
698 2 0.6 5 0.3 29 0 38 0 90 0 
826 11 0 14 0 29 0.7 31 0.4 55 0 75 0.5 80 0.8 84 0.3 96 0.8 
831 22 0.9 23 0 28 0 44 0.9 62 0.8 70 0.5 78 0 80 0 97 0.8 
893 11 0.9 14 0.8 76 0.8 
925 15 0 24 0.5 25 0.5 31 0.7 41 0 74 0.3 76 0 77 0.9 96 0 99 0.5 
964 20 0.4 21 0.5 24 0.3 53 0.6 66 0.6 72 0.4 77 0.3 89 0 90 1 91 0 
1125 11 0.5 35 0 47 0.9 77 0.8 82 0.9 
1128 44 0.8 49 0.5 73 0.5 
1288 61 0 77 0.4 
1358 1 0.3 45 1 95 0.4 
1369 10 0 41 0.6 45 0.7 49 0.9 78 0.8 79 1 87 0.5 88 0.7 
1374 3 0.6 8 0.9 99 0.3 
1611 27 0 85 0.9 
1666 18 0.7 32 0.5 40 0 44 0 46 0.4 48 0.4 81 0.5 92 0.6 94 0 
1673 15 0.8 38 0.3 42 1 45 1 84 0.4 92 0.6 98 1 
2121 27 0 29 0.8 30 0.5 88 0 
2179 23 0.5 28 0.3 38 1 86 0.7 
2269 72 0.3 78 0.5 
2281 11 0 19 0.4 
2382 10 0.5 32 0 35 0.5 46 0 49 1 56 0 73 1 82 0.6 99 0 
2562 37 0.6 
2622 9 0.6 49 0.6 68 0.6 
2817 22 0 24 1 32 1 35 0.5 54 0 56 0 58 0.8 69 0.5 77 0.8 88 0.5 
3019 14 0.9 16 0 27 0.7 35 1 37 0 39 0.6 60 0 62 0 74 0 81 0.8 
3060 11 0.4 50 0.8 58 0 72 0.3 78 0.7 
3093 0 0.7 7 0.7 17 0.6 48 0.7 63 0 66 0.3 72 0.9 73 0.3 98 1 
3104 0 0.9 19 0.9 20 0 45 0 66 0.6 83 0.8 
3176 17 0.4 59 0 
3209 31 0 47 0.6 61 0.7 
3238 5 0 32 0 46 0.4 94 0 95 0.9 96 0.3 
3377 9 0.7 39 0.3 40 0.4 42 0.3 86 0.3 
3621 33 0 42 0.8 47 0.5 62 0 75 0.6 
3728 15 0.3 19 0.9 52 0.8 56 0 
3736 19 0 57 0.6 66 0 78 0 79 0 84 0.6 87 0.4 91 1 95 0.8 
3760 23 0.5 64 0.8 95 0.8 
3916 4 0.7 11 0.8 35 0 66 0 72 0 
3979 6 0 15 0.4 24 0.7 29 1 59 0.8 63 0 73 0.9 78 0.9 
4003 3 0 21 0.8 28 0 33 0.5 34 0.6 
4096 13 0 14 0.3 16 0 91 1 
4275 4 0 14 0 25 0.8 34 0.4 36 0 37 0 52 0.5 63 0.4 66 0.9 
4367 17 0 37 0.9 47 0.4 51 0.4 68 0.4 72 0.7 85 0.6 89 0.8 
4383 20 0.9 39 0 60 0.6 79 0 81 1 86 0.3 
4505 84 0.8 
4508 46 0.8 
4541 7 0 10 0.4 56 0 75 0 92 0 
4826 7 0.6 10 0.9 31 0.9 33 0.3 48 0.9 51 1 63 0.8 70 0.5 
4871 27 0 51 0.3 71 0 86 1 
5154 2 0.4 17 0.4 24 0 61 0 62 0.5 80 0.4 81 0 90 0.3 
5291 41 0 48 0.9 51 0 62 0 73 0 78 1 84 0.3 86 0.9 
5377 20 1 
5412 42 0.3 
5471 23 0.3 55 1 78 0.9 95 0.3 
5479 29 1 30 1 39 0.7 47 1 51 0 90 0.6 94 0.8 
5499 28 0.8 48 0 64 0.6 94 1 
5910 10 0 17 1 37 0.6 53 0 68 0.4 70 0.5 74 1 89 1 
6147 6 0.8 19 0.3 27 0.6 29 0.4 33 1 34 0 40 0 48 0.8 
6182 3 0.5 5 0 24 0.4 54 0 
6217 93 1 
6277 2 0.4 20 0.6 21 0.5 50 0.5 52 0.8 54 0 57 0 75 0 
6376 90 1 
6525 4 0.6 12 0 13 0.5 40 1 52 0.7 72 0.9 
6528 13 0.4 57 0.4 61 0.5 67 1 86 0 90 0.6 97 0.7 
6530 14 1 19 0.6 20 0 27 1 34 0.4 43 0 76 0.9 90 0.3 
6537 9 0.5 19 0.6 55 0.7 84 1 
6626 19 0.3 20 0.9 37 0 42 0 68 0.5 71 0.8 93 0.5 94 0 
6750 6 0.6 16 0.4 26 0 28 0.4 35 1 37 0 47 0 58 0 72 0.9 
6766 15 0.9 60 0.9 89 0 
6773 10 0.6 35 0.8 62 0.5 63 0.6 68 0 72 0.7 79 0.8 80 0.5 88 0.9 
6789 23 0 51 0.3 92 0.4 
6834 5 0.3 10 0 23 0 
7153 30 0.9 44 0.3 56 0 65 0 86 0.9 
7338 11 0.4 22 0.4 36 0.7 52 0.6 60 0.6 64 0.6 71 0.6 96 0.3 
7452 27 0.8 34 0 46 0.9 48 0.7 49 0.8 50 0.3 59 0.5 68 0.4 72 0 
7463 32 0.6 38 0 
7631 2 0.5 8 0 10 0 16 0.8 63 0.9 65 1 70 0.9 73 0.9 83 0.6 96 0 
7690 10 0.7 16 0.9 27 0.4 56 0.5 75 0 
7854 6 0.8 7 1 
7967 4 0.5 66 0 70 0 
7985 6 0.8 13 0 16 0.8 19 0.7 41 0.4 42 0 48 0 69 0.3 99 0 
8198 23 0.6 32 0.5 43 0.8 49 0.7 63 0.5 75 0 77 1 85 0 94 1 99 0.8 
8718 21 0.7 33 0 37 0.3 39 0.5 60 0.4 86 0 
8977 16 0 46 0.5 47 0.4 55 0.9 59 0.8 64 0.7 76 0.3 78 0 94 0.9 
9291 4 0.7 50 0 55 0.5 77 0.4 82 0.9 
9352 0 0.5 34 0.6 87 0 
9500 9 0.4 15 0.9 62 0.6 
9530 1 1 14 0 34 0.5 36 0.3 41 0.9 62 0.4 66 0 71 0 97 0.6 
9583 7 1 13 0.5 36 0.8 42 1 47 0.8 56 0.6 66 0 95 0.6 
9595 37 0.6 
9611 19 0.3 21 0.5 22 0.9 53 0.8 62 0.9 69 0.4 81 0 95 0.4 
9629 14 0 26 0.9 35 0.8 42 0 45 0.5 61 0 
9736 21 0.3 26 0.7 46 0 47 1 56 1 91 0.5 
9844 21 0.5 25 0.9 27 0 34 0 46 0.3 51 0.3 76 0.8 
9990 54 1 57 0.3 61 0.8 87 1 91 0.8 92 0.8 
