100
149 65 0.9 88 0.6 92 1 
165 6 0 36 0.8 98 0.4 
216 4 0 8 0 35 0.9 37 0 
309 7 0.7 20 0.7 23 0 37 0 48 0.5 61 0.4 64 0 69 0 91 0.7 
329 1 0.8 
369 14 0.4 37 0.7 41 0.6 76 0 
381 16 0.8 26 0 45 0.4 79 0.7 83 0.9 86 0.7 91 0.7 96 0.9 
398 2 0.5 8 0 53 0.4 65 0 66 0.8 90 0 
559 19 0.4 51 0 57 0.3 70 0.9 74 0.3 83 0.5 84 0 
677 26 0.8 32 0.6 38 0.8 42 0 74 1 77 0 
753 0 0.7 20 0 25 0.3 63 0 70 0 77 0.7 91 0.4 
816 2 1 22 0 46 0.3 
896 3 0.3 8 0 16 0.7 54 0 62 1 73 0.6 82 0.6 86 0.7 87 0 89 0.5 
940 40 0.7 90 0.8 94 0.9 
961 4 0.3 59 0.8 76 0.5 82 0 84 0.7 
1057 16 0.3 33 0 35 0 37 0 40 0.3 49 0 50 0.4 59 0.5 76 0.7 99 0.8 
1148 1 0.9 4 0.4 20 0 24 0.5 29 0.5 33 0.3 79 0.8 93 0 94 0 99 0.4 
1329 2 0 14 0 15 1 36 0 48 0.8 77 0.6 
1333 27 0 
1342 4 0.6 33 0.5 64 0.3 99 0 
1345 0 0 2 0 7 0.5 11 0.3 15 0.6 21 0.7 23 1 50 0 62 0.6 95 0 
1395 27 0 47 0 57 0.7 60 0.5 87 0.4 88 0.7 90 0.6 96 0.5 
1469 20 0.8 22 0.4 96 0 97 0.6 
1485 7 0 49 0.8 74 0.6 81 0.4 
1488 3 0.7 17 0.9 48 0 60 0 61 0.7 80 0.7 88 0.9 92 0 
1614 32 0 37 0.4 43 0.6 65 0 84 0.5 86 1 92 0 
1637 7 0 23 0 30 1 88 1 
1694 9 0.8 17 0.7 24 1 26 0 56 0 63 0.4 67 0.7 75 0 90 0.7 
1701 87 1 
2001 5 0.5 11 1 35 0.3 
2133 3 0 20 0.5 46 1 50 0.3 53 0 66 0.6 76 0 78 0.5 90 0 
2462 6 1 7 1 17 0.5 19 0 46 0.3 57 0 65 0 69 0 78 0.9 86 0.5 
2703 4 0 9 0.3 45 0.5 60 0 98 0.6 
2762 3 0.3 61 0.8 70 0.4 76 0.6 98 0.5 
3068 26 0.5 29 0.7 35 0.7 38 0.6 39 0 72 0.5 
3138 11 0.8 39 0.9 49 0 60 0.9 92 0.5 96 0.8 
3741 39 0 72 0.4 83 0.7 
4152 21 0.3 60 0.9 66 1 84 0.6 91 0.8 
4308 7 1 
4467 64 0.3 79 0.3 89 0 
4536 4 0.4 10 0.9 11 0 12 0 15 0.4 22 0.6 34 0 70 0.8 
4728 15 0.8 19 0 43 0.6 86 0.9 96 0.9 
4780 36 0 40 0.5 61 0.8 68 0.8 91 0 94 0.3 
4840 9 0.3 22 0 43 0 71 0.6 
4856 11 0.3 13 0.5 26 0.8 53 0.6 54 0.8 57 0.3 62 0.9 67 0 87 0 88 0.9 
4888 11 0 52 0.8 57 0.6 61 0.4 69 0 71 0.5 72 1 90 0.6 
4959 38 0.8 47 0.8 61 0 
5090 10 0.8 18 1 29 0 31 0.9 39 0.7 65 0.3 93 0 98 0.6 
5168 18 0.6 
5174 8 0.9 23 0.7 35 0 37 1 44 0.6 66 0.4 69 0 96 0 
5179 41 0.7 48 0 51 1 
5317 14 0.8 20 0 30 0 35 0.4 58 0.4 84 0.8 86 0.6 89 0 
5402 26 0.7 47 0 66 0.8 78 0 
5426 10 1 19 0.7 27 0.5 39 0 65 0 69 0.9 86 0.3 
5466 9 0.3 16 0.3 23 1 38 0.4 40 0.6 43 0 46 1 59 1 96 0.9 
5509 4 0.4 5 0.4 16 0 30 1 46 0.3 52 0.8 61 0.9 70 0 79 0 88 0 
5536 17 0.9 23 0 30 0.5 43 0 88 0.7 
5642 1 0.5 18 0.6 47 0 90 0.9 96 0.8 
5651 76 0.5 85 0 98 0.4 
5679 0 0 34 0.5 68 0.8 71 0.5 75 0.5 80 0.7 
5857 90 0.4 
6530 14 0.3 19 0.7 20 0 27 0.6 34 0 43 0.5 76 0.3 90 0.6 
6833 16 0.6 26 0.6 34 0.3 85 0.9 
6903 55 1 70 0.3 80 0.6 
6922 10 0 11 0.6 29 0.6 39 0.6 46 0.5 60 0.8 71 0 75 0 84 0.7 
7121 13 0.5 18 0.7 23 0.5 
7136 7 0.4 11 0 37 0.6 52 0.6 56 0.5 68 0.7 97 0.5 
7324 10 0.4 12 0.8 16 0.4 29 0.8 40 0 46 0.8 48 0.7 80 0.5 
7515 11 0.3 12 0 41 0.8 47 0.5 50 0.3 56 0.5 63 1 85 1 97 0.9 
7523 5 1 13 0.7 14 0 58 0.9 92 0 
7646 4 0.5 9 1 21 0 33 0.4 49 0 61 0 74 0 85 0.8 91 0.7 98 0.6 
7655 18 0 29 0 32 0.4 49 0.9 78 0 
7893 2 0.9 7 0.9 14 0.4 27 0 40 0.6 
7946 28 0 90 0 
8120 5 0 6 0.9 26 0.3 36 0.7 72 0.5 74 0 79 0.6 80 0 
8167 3 0 29 0 32 0.6 51 0.3 89 0.8 
8368 14 0.3 31 0 32 0.4 54 0 56 0 68 1 69 0.5 88 0 95 0.4 
8520 17 0 34 0.6 48 0.6 99 0 
8552 5 1 6 0.4 7 0.9 30 0.6 43 0.5 60 0 98 0.6 99 0.4 
8619 10 0.5 14 0.9 62 0.4 64 0.3 98 0.4 
8659 18 0.3 27 0 44 1 65 0.5 69 0.6 
8673 14 0 54 0.8 69 0.9 88 0.7 
8767 19 0.5 
8771 32 0.4 
8830 14 0.4 40 0 61 0.6 68 0.8 69 0 71 0.7 77 0 83 0.8 88 0 
8871 24 0.9 28 0.4 37 0 38 0.3 61 0.6 79 0.9 85 0 88 0.6 
9036 0 0 6 0.3 21 0 51 0.7 74 1 84 0.9 85 1 
9057 82 0.8 
9074 56 0.7 67 0.7 
9114 1 0.5 85 1 
9355 8 0.8 15 0.6 19 0.6 32 0 67 1 68 0 72 0 74 0.8 79 0.6 91 0 
9395 21 0.9 51 0.6 52 0.7 54 0 
9396 6 0.8 12 0 61 0.5 66 0.3 75 0.5 82 0.9 
9403 8 0.8 14 0.4 25 0.3 35 0.7 67 1 68 0 76 0.5 
9450 16 0.3 30 0.4 67 1 
9546 16 0 40 0.6 84 0.6 93 0.9 
9635 21 0.6 28 0.9 61 0.6 77 0.9 85 0.7 87 0 
9697 61 0.9 72 0.7 91 0.8 
9756 10 0 12 0.7 25 0.3 26 0.4 39 0 49 0.6 59 0.5 71 0.6 96 0.7 
9899 47 0.6 72 0 
