100
221 63 0.6 86 0.3 
362 2 0 22 0.6 32 0 93 0 
426 30 0.5 34 1 35 0.7 46 0.4 71 0.4 72 0.3 79 0.7 80 0 90 0.3 
551 5 0.8 7 1 11 0.6 15 0 24 0.9 26 0.5 29 0.6 55 0 64 0.4 76 0 
793 70 0 
956 39 0 58 0.7 79 0.3 96 0 
980 0 0.9 20 0.7 57 0.9 58 0.8 69 1 78 0.4 94 0 98 0.5 
1050 4 0.5 9 0.8 20 1 52 0.5 54 0.8 85 0.4 
1176 8 0.5 11 0 13 0.6 14 1 30 0 38 0.4 40 1 57 0.4 60 0.4 79 0.3 
1188 6 0.4 17 0.5 36 0.8 41 0 68 1 
1277 1 0.4 38 0.9 82 0 
1380 2 0.7 5 0.9 14 0.8 15 0.3 26 0 63 0 64 0.3 79 0.8 
1388 6 0.7 9 0.3 15 0.3 33 0.7 81 0 82 0.8 83 0.7 90 0.3 
1453 5 0.4 88 0.8 
1518 24 1 36 0.5 54 0 62 0.7 67 0.3 85 0 87 1 90 0 99 0 
1604 1 0.7 12 0.9 21 0 22 0.6 32 0 33 0.4 44 0.3 48 1 58 0.8 94 0 
1629 31 0.7 76 0 79 0 
1652 73 0.8 87 0.6 
1679 0 0 10 0.3 27 0.3 45 0 57 0.4 59 0.6 83 0.5 
1792 10 0.6 
1949 4 0 31 0 49 0.6 64 0 77 0.7 89 0.8 96 0.7 98 0 
2044 19 0 26 0.4 63 0 71 0.7 90 1 
2116 12 0.7 42 0.6 62 0.3 79 0.4 
2202 47 0.9 
2314 6 0.9 9 0 52 0 62 0.5 
2384 49 0.5 52 0 80 0.4 
2486 39 0 50 0.4 69 0.5 70 0.6 71 1 
2518 15 0.3 24 0.8 31 0.8 81 0.5 86 1 98 0.9 
2524 14 1 21 0.6 24 0.9 30 0 33 0 34 0.8 49 0.8 60 0.6 97 0.6 
2598 2 1 40 0.5 47 0.8 59 0.6 76 0.3 
2624 81 1 
2672 12 0.7 19 0.3 44 0.5 
2693 2 1 4 0 8 1 23 0.4 54 0.6 57 0.6 68 0 70 0.4 89 1 91 0 
2871 49 0.6 60 0.7 63 0 72 0.8 77 0 81 1 
2885 43 0.6 82 0.9 
2946 12 0.9 61 0.5 63 0.9 86 0.9 
3091 97 0.6 
3114 36 1 48 0.9 49 0 56 0 81 0.6 
3122 0 0 4 0.8 5 1 33 0.6 36 0.3 39 0.8 44 0.3 47 0.9 66 0 95 0.8 
3184 5 0.5 13 1 20 0 
3233 11 0.7 14 0.3 15 1 28 0 66 0.5 69 0.6 71 0.5 78 0.6 81 0 
3307 34 0.5 43 0.9 
3309 5 1 6 0.5 37 0 43 0 53 0 54 0.9 57 0.9 59 0.6 
3334 4 0.6 7 0.3 29 0 34 1 40 0.5 51 0.9 63 0 81 0.9 92 0 97 0.7 
3427 19 0.4 55 0.6 62 0.5 64 0.5 69 0 90 0 93 0.6 
3548 4 0 26 0.8 39 0.6 59 0 96 0 
3634 4 0.5 7 0.4 11 0 54 1 63 0 87 0.8 
3866 88 0 
3883 30 1 48 0.6 73 0.6 81 0 
4043 31 0.9 74 0 94 0.9 
4114 33 0 39 0.6 46 0.7 56 1 
4304 24 0.5 41 0.8 51 0 66 0 80 0.4 
4311 9 0 14 1 44 0.6 48 0.7 92 0.8 95 0.6 
4370 4 0.6 13 0.7 15 0 25 0.5 47 0.7 89 0 
4426 20 0.7 
4506 20 0.4 21 0.8 44 0.8 56 0 90 0.8 
4519 3 0 5 1 6 1 32 0 33 0 84 0 92 0.5 
4638 13 0.3 38 0.4 83 0.4 94 0.3 97 0 98 0.4 
4810 3 0 11 1 17 0.3 20 0 30 0.9 58 0.3 77 0.6 78 1 88 1 
4856 11 0.5 13 0.7 26 0.9 53 0.4 54 0.6 57 0.5 62 0.3 67 1 87 1 88 0.7 
4905 85 1 
5064 0 0.3 46 0.5 
5410 21 0 46 0.4 60 0.5 87 0 
5469 21 0.8 23 0.7 26 0.5 31 0 34 0 60 0.4 64 0.3 86 0.9 88 0.5 
5653 31 0.9 43 1 48 1 79 0 81 1 87 0.8 91 0.4 
5709 7 0.6 9 0.4 70 0.6 
5738 3 0.5 5 0 24 0.5 46 0.6 48 0.6 52 0.6 56 0.5 66 0.4 86 0.4 89 0.9 
5810 4 0 30 0 45 0.5 58 0 66 0 86 0.6 89 0 
6075 8 0 96 0.9 
6080 17 0.9 20 0 47 0.3 51 0.7 81 0.9 
6227 15 0 22 0 34 0.9 45 0.9 50 0.5 55 0.8 56 0.7 73 0.5 94 0 
6254 2 0 37 0 39 1 51 0.8 53 0 77 1 88 0.9 97 0 
6359 22 0 35 1 40 0 44 0.5 52 0 53 0 65 0.3 93 1 95 1 
6635 25 0.5 81 0.8 
6770 33 0.9 61 0.6 65 0.5 73 0.5 80 0.5 
6996 11 0.3 15 0 35 0.3 40 0 43 0.8 78 1 88 0 
7123 19 0 22 0 65 0.8 
7145 3 1 49 0.4 69 0.9 92 1 
7468 1 1 7 0 15 0 17 0.3 33 0 42 0.5 82 0.5 89 0.8 
7471 25 0.8 26 0.3 30 0 38 0.3 53 0.9 80 0.6 89 0.4 
7553 17 0.4 18 0.8 27 0.8 62 0 99 0.8 
7556 0 1 7 0.4 15 0.8 23 0.5 73 1 79 1 88 0.9 96 1 
7608 18 0 46 0.5 58 0.9 88 0.9 
7637 30 0.4 
7681 11 0 18 0.9 21 0.5 32 0.8 34 0 44 0 66 0.6 67 0.9 88 0.8 98 0 
7687 21 0.6 28 0.4 30 0.9 32 0.7 49 0 63 1 71 0.3 83 0.5 
7800 4 0 30 0 95 0.5 
7998 35 0.8 40 0.5 68 0.4 69 1 83 0.3 
8109 10 0.8 14 1 40 0.6 47 1 55 0 68 0.8 
8210 15 0 20 0.7 45 0.4 
8308 0 0 3 0 16 1 27 0.5 39 0.7 65 0.8 91 1 
8317 23 0.5 31 0.6 41 0.8 44 0.4 48 0.3 56 0.3 76 0 
8345 74 0.9 
8494 24 0 27 0.7 57 0.9 62 0.8 
8896 25 0 60 0.6 
9318 92 0.5 
9405 8 0 14 0 35 0.8 40 0 44 0.4 82 0.8 86 1 
9454 7 0 8 0 12 0 20 0.3 29 0.3 49 0.6 50 0.9 59 0.4 95 0.5 
9501 6 0 22 0 27 0.6 35 0.5 91 0.6 
9885 29 0 36 0 
