100
20 1 0.9 15 0.7 22 0.5 30 0.7 36 0.6 43 0 77 0 82 0.3 85 0.7 91 0.4 
26 10 0 23 0.7 44 0 70 0.3 86 0.7 98 0.5 
33 10 0.6 16 0.6 21 0.7 28 0.6 42 0.5 49 0.7 56 0.3 64 0.5 85 0.3 96 0.5 
114 1 0 21 0.3 28 0.6 35 0.8 48 0 
308 3 0 13 0.6 18 0.9 61 0.3 76 1 97 0.6 
309 7 0.4 20 0 23 0 37 0.6 48 0.4 61 0.4 64 0 69 0 91 0.4 
512 8 0 24 1 27 0.9 35 0.9 49 0 64 0.4 83 0.7 85 0.8 86 0.9 
528 4 0 41 1 
542 9 1 18 0 33 0.7 36 0 39 0.5 47 0.4 65 0.8 71 0.6 75 0.7 91 1 
713 2 0 8 0.4 36 1 54 0.6 88 0.7 
800 24 0.3 25 0.3 35 0 62 0 69 0.9 92 0.7 
1155 5 0.4 7 0.4 16 0.8 18 0.6 25 0.9 47 0 66 0.5 98 0.7 
1223 40 0 47 0.6 51 0.8 57 0 74 0 77 0.6 89 0 
1231 27 0.6 30 0.6 46 0.4 49 0 53 0.8 58 0.4 64 0.8 85 0.8 
1343 33 0 50 0.8 84 0.8 99 0.5 
1393 36 0.8 85 0 
1508 1 0 9 0 38 1 65 0.8 
1573 7 0.5 9 0.6 13 0 17 0.9 28 0.5 39 0.7 42 0.4 58 0.9 76 0 
1592 67 1 
1644 50 0.5 83 0.5 
1774 50 0.3 
2004 0 0 51 0.6 
2086 12 0.4 16 0 25 0.7 31 1 73 0.7 89 0.4 98 0.7 
2185 20 0 21 0.5 24 0.6 30 0 34 0.8 43 0.8 75 1 78 0 80 0 83 1 
2291 34 0 
2402 0 1 14 0.4 20 0.8 30 0 39 0.6 75 0.8 92 0.5 99 1 
2623 4 0.7 29 0.5 
2650 6 0.7 29 1 46 0.4 74 0.5 89 0.4 
2862 6 0.4 55 0 64 0.8 
3016 3 0 25 0.4 63 0.7 
3588 37 0.6 50 0.4 77 0.3 
3728 15 0.8 19 0.8 52 0.3 56 0 
3767 2 0.8 15 0.6 
3856 23 0.5 29 0.5 32 0.9 55 0.4 66 0.8 
3870 3 0 4 0.9 8 0.5 9 0 36 0 44 1 50 0.8 72 0 77 1 82 0 
3916 4 0.8 11 0 35 0.5 66 0.5 72 0 
4002 8 0.8 9 0.3 78 0.7 
4037 16 0.6 32 0.3 37 0.6 43 0.9 72 0.6 81 0.7 82 1 84 1 
4043 31 0.3 74 0 94 0.9 
4173 3 0.3 14 0.8 56 0.9 67 0.8 80 0.4 
4401 33 0.6 37 0.4 56 0 59 0.7 60 0.3 93 0.7 96 0 
4417 31 0 38 0 43 0.6 52 1 65 0.9 83 0.3 90 0.3 
4441 7 0 10 0.8 16 0.4 30 0 41 0 42 0.5 49 0.6 78 0.7 86 0.4 90 0 
4520 9 0.8 15 0.6 20 0.5 25 0.4 26 0.6 47 0.3 48 0.5 80 0.6 97 0.7 
4714 7 0.6 25 0.4 31 0.6 37 0.8 38 0.9 42 0 46 0.3 50 0 81 0.5 92 1 
4750 6 0.5 10 0 48 1 
4751 25 0.9 
4771 26 0.4 43 0.4 47 0 50 0.6 51 0 62 0.6 85 0.6 
4880 7 0.6 10 0.8 22 0.7 23 0 24 0.7 32 0.7 50 0.5 73 0 80 0 99 0 
4916 23 0.5 42 0 43 1 57 0.3 58 0 63 0.4 64 0 93 0 
4961 1 0.5 16 0.9 18 0.4 35 0.9 39 0 40 0.5 57 0.8 59 0.5 89 0.8 91 1 
5209 88 0.6 
5374 2 0.5 
5420 63 1 65 0 80 0.8 
5453 0 0 1 0.6 4 0 5 0.9 24 0.9 47 0.6 54 0 63 0.5 83 0 
5579 13 0.7 21 0 49 0.5 51 0 64 0.3 65 0.3 
5651 76 1 85 0.3 98 1 
5668 1 0.7 4 0.9 15 0.7 42 0 48 0.4 49 0.5 50 0 68 0.7 79 0 90 0 
5720 37 0.7 
6031 26 0.5 43 0.7 
6367 32 0 56 0.7 68 1 78 0 87 0.7 
6453 2 0 15 0 28 0 56 0.6 65 0.8 90 0 96 0.7 
6551 5 0.6 7 0.3 9 1 39 0.4 58 0.6 60 1 64 0.7 69 0 73 0.6 94 0.9 
6589 1 0.9 17 0.6 34 0.8 65 1 80 0.3 89 0 
6611 11 0 13 0 25 0.3 33 0.4 47 0.5 58 0 67 0.5 73 0.5 96 0 97 1 
6659 2 0.5 27 0.5 56 0.9 61 0.9 71 0 79 0 81 0.6 82 0 94 0.5 95 1 
6700 22 1 46 0.3 78 0.3 89 0.6 93 0.7 
6992 12 0 85 0.5 99 0.7 
7096 10 0.3 26 0.8 38 0.6 44 0.8 49 0.4 54 0.4 90 0 91 1 
7266 13 0.7 18 0.3 20 0.5 34 0 72 0.4 75 0.3 88 0.9 
7280 32 0 70 0 
7284 83 0.4 89 0.8 
7365 19 0.4 26 0 44 0 45 0 78 0 
7380 8 0 17 0.4 61 0.3 69 0 97 0.9 
7382 5 1 13 0 16 0.9 52 0.7 59 1 71 0.9 74 0.9 79 0.8 81 0.7 90 0.4 
7445 5 0.4 38 1 45 1 51 0.5 57 0.6 60 0.6 65 0 79 0 86 0 
7469 5 0.6 7 0.8 17 0 18 0.3 57 0 61 0.4 75 0 80 0 93 0.3 
7548 68 0 
7578 30 0 42 0.5 
7610 6 0.5 12 0.7 14 0.3 51 0 80 1 81 0.9 
8194 21 0 25 0 34 0.6 38 0.8 40 0.5 53 0.7 
8257 2 0.5 3 0.8 22 1 56 0.4 65 0.5 66 0.3 70 0.9 79 0 
8341 2 0.8 22 0.9 23 0.9 24 0 25 0 29 0.6 46 0.3 67 1 77 0.9 84 0 
8427 23 0.4 84 0.9 
8523 14 0.9 16 0.5 56 0 58 0.5 63 0.9 69 0.5 71 0 81 1 
8655 9 0.5 39 0.9 46 0.6 62 0 86 1 
8710 0 0.7 36 0 53 1 84 1 
8837 2 0.5 
8930 69 0.8 86 0.5 
8937 21 0.8 46 0.4 55 0.7 80 0.9 85 0.7 96 1 
8957 18 0 64 0.7 82 0.6 
8991 14 0.8 25 0 34 0 51 0.9 56 0.5 75 0.6 84 0 
9076 4 0 27 0 28 0.4 37 0.4 92 1 
9120 19 0.7 43 0 48 0.8 57 1 58 0.5 75 0.6 93 0 
9228 5 0.8 20 1 22 0.3 33 0.8 96 1 
9434 3 0 7 0 9 0 24 0 49 1 57 0.3 60 0.4 
9538 3 0.3 19 0.7 60 0.9 
9708 8 0.9 15 0 22 0.8 46 0.3 66 0.6 69 0 71 0.4 80 0.5 91 0 
9719 48 0 83 0.3 
9748 1 0.5 55 0 56 0.6 68 0.8 78 0.6 93 0.5 95 0.4 
