100
44 5 0.5 14 0 29 0.6 76 1 85 0.5 91 0.3 98 0.4 
150 10 0 16 0 31 1 38 0 55 0.4 78 0.4 
305 62 0 
560 9 0.4 20 0.8 38 0.3 53 0 54 0 
580 6 0.5 16 0.5 35 0 37 0 55 1 67 0.8 89 0.4 93 1 
663 16 0.9 41 0.7 61 0.6 
814 21 0 27 1 43 0.8 55 0.8 71 0.8 81 0.5 
838 2 1 21 0 45 0.4 46 0.5 50 0.8 66 0.3 
846 54 0.9 67 1 
848 40 0.6 62 1 68 0 70 0 74 0.7 76 0.6 79 0 93 0.3 95 0 
879 36 0.8 95 0.6 
890 10 0.4 38 0.9 40 0.7 42 0.7 46 0.9 52 1 62 0.7 67 0.3 72 0.4 81 0 
1181 3 0.9 77 0 
1230 49 1 70 0.6 79 0.6 80 0.3 94 1 97 0.3 
1291 14 0 
1323 0 0.6 20 1 52 1 83 0.3 94 0 
1340 7 0.9 8 0.3 9 0 75 0.5 81 0.7 86 0.4 
1391 31 0 78 1 
1435 11 1 16 0.5 44 0 69 0 70 1 94 0.5 
1454 2 0.5 3 0.8 11 0 42 0.3 47 0.5 59 0 77 0 85 0 97 0.4 
1476 16 0 32 0.4 40 0.8 61 0.6 
1690 1 0.8 11 0.5 
1708 45 0.7 52 1 73 0.7 
1984 8 1 27 0.6 29 0.5 40 0 50 1 59 0.9 62 0 76 0 95 0.8 99 0.7 
2142 24 1 60 0.9 89 0.4 
2145 20 0.4 41 0.4 49 1 73 0 81 0.7 
2251 17 0.9 
2301 2 0.6 13 0.4 19 0.9 28 0 59 0 60 0.7 88 0 91 0.8 95 0.6 96 0.4 
2335 64 1 
2394 13 0.3 19 0.3 77 0 
2539 12 0 13 0.3 19 1 22 0.7 93 0.8 97 0.9 
2627 13 0.9 20 0.6 33 0 34 0 54 0.7 62 0.8 86 0 
2654 6 0.6 8 0.4 17 0.6 36 0.6 59 0.5 65 0 76 1 85 1 88 0 93 0 
2656 3 0 5 1 41 0 48 1 55 0.6 65 0.7 85 0 99 0.3 
2664 2 0.6 4 0 15 0.4 21 0 24 0.7 34 0 65 0.4 74 0.3 75 0.4 78 0.7 
2675 8 0 22 0.8 57 0.4 59 1 73 0.7 95 0.9 
2712 23 0.7 36 0.7 47 0.8 53 0.3 66 0.7 67 0.8 73 0.7 
2877 1 0.4 46 0.3 73 0 79 0.6 90 0.6 
2908 5 0.9 17 0.9 41 0.8 54 0 77 0 
3416 5 0.4 53 0.9 55 0.5 63 0.3 71 0 72 0.9 74 0.6 75 0.4 87 0 
3423 9 0.5 16 0.5 65 0 77 0 93 1 
3444 36 0.4 40 0.5 55 0 73 0 77 0 80 1 96 0.6 
3448 83 0.4 
3585 6 0.9 20 0.4 
3933 18 0.7 41 1 47 0 56 0.6 70 0.8 80 0.6 
4164 17 0 28 0.6 32 0.8 50 1 67 0.4 72 0 79 0.6 83 0 
4707 1 0.6 18 0.3 25 0.3 35 0.3 40 0 42 0 53 0.9 57 0 
4887 54 0 60 0.8 64 0.5 75 0.4 88 0.4 
4924 3 1 31 0.3 51 1 52 1 54 0.6 66 0 74 0.6 82 0.3 86 0 92 1 
4940 3 0.9 17 0.6 19 0.3 43 0 92 0.7 
4949 97 0 
4979 7 0.9 56 0.5 77 0.8 96 0.6 
5271 29 0 41 0.8 82 0.5 
5361 17 0.9 
5456 40 0 86 0.5 90 0.8 98 0.7 
5487 1 0.3 2 0 11 0 35 0.7 54 0.9 69 0.6 71 0.9 79 0.9 85 0.6 
5571 12 1 29 0 40 0 47 0.7 48 0.6 54 0 57 0 80 1 89 0.5 90 0 
5786 5 0.7 17 0 18 0.7 23 0.9 31 0 38 0.4 40 0.4 57 0.6 92 0 
5873 7 0.5 30 0.7 51 0.9 60 0.3 85 0.9 
6210 5 0 
6406 39 0.3 55 0 90 0.6 
6493 1 0 58 0 61 0 72 0.4 75 0 77 0.5 89 0.4 95 0 99 0.3 
6545 9 0 13 0 17 0.4 54 0.4 63 0 70 0.4 87 0.4 
6637 6 0 29 0.8 34 0.8 40 0.6 55 0.8 72 0.4 84 0.5 
6663 2 0 39 0 
6717 9 0 18 0 22 0.4 27 0.9 34 0.8 39 0 61 1 69 0.6 88 0.5 
6840 35 0.7 
6942 12 0.4 16 0.3 29 0.4 35 0.3 43 0.7 57 0.4 61 0 70 0.9 87 0 90 0.8 
7080 13 0 27 0.9 
7392 9 0.5 12 0.6 20 0.4 29 0.4 39 0.7 52 0.4 78 0.8 80 0 91 0.9 
7421 36 0.5 57 0.6 70 0.3 
7432 62 0.7 
7441 20 0.7 23 0.6 39 0.9 54 0.6 66 0.4 74 0 76 0.4 87 0.4 98 0 99 0.6 
7499 28 0.8 
7734 85 0.9 99 0.3 
7806 14 0.5 25 0.5 33 0.6 34 0 47 0 48 0 52 0 74 1 
7964 19 0.3 48 0 62 0.3 70 0 92 0.8 98 0.8 
8179 7 0 57 0 82 0.3 85 0 90 0.4 
8198 23 0.7 32 0.8 43 0 49 1 63 0 75 0 77 0.5 85 0.3 94 0.9 99 0.3 
8593 49 0.5 52 0 
8637 36 0 47 0.5 56 0.4 
8805 19 0 79 0.4 96 0.3 
8810 6 0.7 45 0.5 68 1 99 0.8 
8878 4 0.7 5 0 25 0 36 0 42 0 43 0.8 80 0 82 0.6 89 0.8 90 0.8 
8935 42 0 43 0.6 44 1 62 0.4 91 0.4 93 0.4 
8953 60 0.6 62 0.7 64 0.4 79 0.6 
8985 4 0 16 0 22 0.3 43 0.5 86 0 87 0.8 93 0 
9141 21 0 34 0.4 37 0.9 
9236 33 0.6 65 0.3 90 0 96 0 
9300 6 0.5 14 0.6 29 0.7 33 0.7 43 0 49 0.3 63 0.3 67 0 
9423 54 0 55 0.4 94 0 
9455 17 0 23 0.7 
9487 22 0.4 30 0 37 0 43 0 53 0.5 58 0.4 79 0 
9606 14 0.8 59 0 61 1 63 0.4 
9727 1 0 42 0.7 55 0 65 0.4 74 0 80 0.3 82 0.4 99 0.6 
9772 8 0.3 10 0.9 11 0 22 0.6 29 0.3 38 0 50 0.7 58 0.9 72 0.9 95 0.4 
9831 4 0.3 6 0 10 0.4 47 0.7 56 0 71 0.9 83 0.4 89 0.5 
9855 7 0.7 12 1 60 0 
9923 9 0 32 0 49 0 55 0.7 56 0.7 
9983 33 0.3 61 0 
