100
29 33 0.7 48 0.7 
31 10 0.3 19 0 42 0.6 65 0 67 0.3 71 0 81 0 95 0 
49 66 0.6 67 1 71 0.5 83 1 84 0.8 86 0.3 99 0.5 
151 15 0 95 0.6 
221 63 0.7 86 0 
492 57 0.5 58 0.6 74 0.5 91 0.4 98 0.7 
524 0 0 
647 21 0.4 33 0.8 75 0.9 91 0.8 
725 6 0.3 32 0.7 38 0 70 0.4 97 0.9 
828 0 0.5 7 0.5 24 0.4 31 0.4 34 0.6 51 0.8 68 0.9 78 0.9 86 0 92 0 
1232 62 1 
1394 7 0.5 13 0.3 15 0.7 41 0.6 54 0 64 0 84 0 
1542 9 0.4 20 1 24 0 76 0.7 81 0.7 
1933 4 0.7 31 0.4 43 0.3 55 0.5 65 0 90 0.8 
1956 4 0 5 0.4 28 0.9 38 1 51 0.7 62 1 88 0.3 89 0 96 0.4 
2050 34 0.7 77 1 
2054 36 0.8 58 0.9 78 0.9 
2178 6 0.7 22 0.4 47 1 66 0.9 73 1 78 0.5 
2477 98 0.3 
2634 1 1 39 0.9 42 0 58 0.9 59 0 64 0.7 67 1 68 1 87 0 91 0.7 
2646 5 0 10 1 31 0 54 0 55 0.3 68 0.6 77 0.7 82 0.7 
2756 13 0.8 14 0.3 28 0.3 46 0.4 49 0 51 0 67 1 68 0.5 
2770 6 0 15 0.6 21 0.8 32 0.8 37 0.9 47 1 55 0.9 67 0.7 77 0.9 
2847 2 0.3 6 0.4 19 0 21 1 46 0.4 66 0.6 69 0 74 1 
2907 5 0.9 25 0 32 0.5 45 0 53 0.8 64 0.3 76 0.5 96 0.4 
2939 7 0.4 28 0.5 35 0.4 39 0.9 53 0 71 0.6 74 0 
2992 5 0.4 15 0.8 28 0 34 0.7 39 0.3 
3248 55 0 69 0 
3364 8 0 21 0.8 26 0.7 27 0 74 0.7 97 0.7 
3723 3 0.8 7 0 14 0.6 36 0 49 0.5 59 0.9 63 0 66 0.7 69 0.6 
3802 21 0 40 0 55 0.4 60 0.5 67 0 70 0.8 78 0.8 85 0.9 92 0.7 
3881 0 0 5 0.7 30 0.5 43 0.6 64 0.5 76 1 97 0.5 98 0 
3976 2 0.3 17 0.5 30 0 32 0 33 0.6 50 0.7 80 0 
4019 55 0.9 68 0.8 71 1 95 0.4 
4170 14 0 15 0.6 27 0.5 58 0.9 
4215 13 0.5 33 0.5 48 0 74 0.7 95 0 
4249 54 0.4 66 0.3 
4301 0 0 12 0.4 21 0.8 25 0.6 59 0.7 61 0.7 68 0.8 76 0.9 88 0.8 93 0 
4426 20 0.8 
4516 15 0 35 0 50 0.4 68 0 83 0 87 0.3 
4573 10 0.8 19 0.4 20 0 30 0.3 44 0.8 57 0.5 58 0.9 68 0.9 92 0.9 93 0.8 
4606 26 0 89 0.8 93 0.6 
4677 17 1 24 0 25 0.8 41 0.6 61 0.4 
4734 30 0.5 40 0.7 49 0.4 64 0 67 0.3 93 0 
4841 15 0 23 0 36 0.4 51 0.5 64 0.7 65 0 66 0.7 70 0.7 82 0.5 99 0.9 
4872 24 0 30 0.9 56 0.3 86 1 92 0 98 0.8 
4894 24 1 58 0 
4932 24 0.6 27 0.4 46 0.7 52 0.9 55 0.9 72 0.9 
4947 11 1 21 0.6 30 0.9 40 0.9 46 0.5 59 0.6 62 0 63 0.4 87 0.6 93 0.6 
5065 10 0.4 25 0.8 37 0.9 53 0.7 68 0.3 
5168 18 0.8 
5268 29 0 81 0.7 
5382 23 0.5 32 0 43 0.8 50 0.6 61 0.8 63 0.9 64 0.8 88 0.8 90 0.8 
5423 10 0 
5458 10 0.4 28 0.3 53 0 57 0.6 82 0 99 1 
5497 54 0.3 74 0.6 87 0.6 
5639 20 0.6 29 0.8 30 0.9 66 0.7 72 0.8 
5816 23 0.6 99 1 
5945 42 0 51 0.4 71 0.6 78 0.7 
6046 13 0 52 0.8 58 0.3 97 0.8 
6137 9 0 22 0.3 26 0.9 28 0.7 50 0.5 68 0.5 80 0 82 0 91 0 93 0.7 
6202 9 0.3 18 0 27 0.9 28 0.5 40 0 44 0 47 0.9 77 1 95 0.8 
6251 11 0.8 47 0.7 60 0.4 
6420 64 0 
6458 33 0.9 58 0.3 85 0 90 0.5 
6561 13 0.3 48 0.6 54 0.5 81 0.6 87 1 94 1 
6803 4 0.9 21 0.6 31 0.8 37 0.6 64 0 68 1 70 0 78 0 86 0.8 98 0 
6934 6 0.6 17 0.4 71 0.8 
6949 33 0.7 80 0.6 82 0.4 94 0.7 
7281 4 0.4 32 0 40 0.4 82 0.5 94 0.3 
7288 34 0.3 36 0.5 38 0 42 0.5 49 0.8 76 0.6 79 0.4 89 1 96 0.9 
7390 3 0.6 9 0.3 36 0.4 42 0.6 43 0.8 55 0 60 0.5 65 0.3 66 0.4 97 0.7 
7395 11 0.4 28 0.5 40 0 
7412 0 0.6 32 0.4 46 0 52 0.7 65 0 80 0.4 88 1 89 0.3 97 0.8 98 0.4 
7470 5 0.7 12 0 28 0.5 39 0.6 42 0 67 0.9 73 0.5 74 0.4 80 0.7 81 0 
7744 8 0 22 0 29 0 41 0.9 48 0.9 71 0.8 78 0.7 86 0.7 90 0.9 98 0.3 
7918 4 0.5 23 0.3 31 0 32 0.6 48 1 59 0.4 67 0.3 71 0 93 0 
8086 3 0.4 5 0 14 0.6 48 0.9 52 0.4 82 0.6 83 0 95 0.9 99 0.5 
8111 20 0 
8256 78 0.7 83 0.9 
8428 17 0.3 20 0.7 43 0.5 68 0.9 83 0.8 89 0.9 
8432 52 0 
8437 26 0.5 27 0 52 1 60 0.7 86 1 91 0.9 
8438 14 0.9 53 0.6 81 0.6 82 0.5 97 0.3 
8476 6 0.7 10 0.8 20 0 21 0.3 22 1 33 0.3 60 0.3 71 0.3 81 1 86 0 
8585 5 0 18 1 38 0.7 45 0.6 47 0.5 76 0.4 82 1 
8612 8 1 9 0.9 57 0 
8956 19 0.7 83 0 
8993 33 0 50 0.3 78 0.3 79 0.7 
9122 26 0.8 29 0.6 39 0.5 41 0 46 0.9 49 0.3 74 0.7 78 0 86 0.5 98 0.4 
9223 11 0.8 41 0.5 44 0 63 0.5 75 0.5 93 0.8 99 0 
9265 7 1 36 0 43 0.7 51 0 84 0.3 93 0 
9326 2 0.3 55 0.8 60 0.5 65 0.5 73 0.9 
9379 19 0.5 
9467 35 0 78 0 94 0 
9574 9 0 11 0.5 40 0.8 81 0.9 86 0 90 0.6 94 0.5 
9794 5 0.5 24 0.3 37 0 46 1 49 0.6 77 0.9 
9834 43 0.7 88 0.5 
9860 19 1 90 0 
9999 43 0.4 53 0.5 58 0.4 79 1 93 0.5 
