100
1 69 0.7 
6 64 0 67 0 81 0.9 
49 66 0.4 67 0.9 71 0.4 83 0.8 84 0 86 0 99 0.5 
107 0 0.3 15 0.8 33 1 42 0 70 0.9 79 0.8 80 0.5 91 0 
616 0 0.6 3 0 15 0.8 21 0.3 22 0 32 0.5 38 0.4 41 0.3 56 0 59 0 
739 0 0.7 40 0.4 42 0 48 0.8 53 0.6 66 0.6 70 0.5 73 0 99 0 
753 0 0 20 0 25 0.4 63 0 70 0.7 77 0.3 91 0 
785 3 0.7 14 0.5 41 0.6 69 0.9 
846 54 0.7 67 0 
873 26 0.5 49 0.5 50 0.7 51 0 67 0.3 74 1 86 0.5 
994 11 0 15 0.5 22 0 43 0 45 0.6 47 0.6 51 0 66 0.4 94 0.8 
1010 6 0.9 7 0.4 18 0.5 24 0.9 26 0.3 29 0.4 45 0.7 50 0 62 1 
1177 28 0 33 0.9 42 1 84 0 85 0.7 87 0.8 
1244 7 0.5 25 0.6 40 0.9 55 0.7 72 1 81 0.5 82 0 87 0.8 90 0 
1538 25 0.5 59 0.9 
1595 69 0.3 80 0.5 
1615 4 0 96 0.7 97 0.7 
1794 1 0.4 19 0 22 0.4 58 0.7 
2066 39 0.5 
2067 35 0.9 36 0.5 55 0.7 67 0.6 79 0.6 
2131 61 0.6 72 0.3 73 0.8 78 0.3 96 0 
2142 24 0.5 60 0.9 89 1 
2207 10 0.5 12 0.7 21 0 36 0 44 0 49 0.5 57 0.6 73 0.9 91 0.4 
2228 49 0.5 
2315 7 0 11 1 17 0.9 34 0 59 0 89 0.6 93 0.9 94 0.3 96 0.7 
2330 17 1 23 0.5 44 0.5 50 0 58 0 
2346 17 0 21 0.5 26 0.9 31 0 68 0.3 70 0 79 0.9 99 0.8 
2486 39 0.7 50 0 69 0 70 0 71 0 
2497 7 0.8 8 1 20 0 21 0.9 25 0 28 0.7 49 1 71 0.6 94 0.8 98 0.3 
2532 11 0.7 13 0 61 0.6 62 0.8 78 0 96 0.5 97 0.9 
2564 25 0.8 32 0.3 66 0.4 81 0 85 0.7 86 0.7 89 0 94 0 97 0.4 
2643 5 0.5 14 0.6 49 1 82 0.7 94 0.4 98 0.8 
2724 1 0 14 0 23 0.8 39 0.8 62 0.9 75 0.5 94 1 
2866 2 0.9 19 0.5 42 0.9 53 0.4 61 0.6 64 0.5 71 1 80 0.9 
3006 74 0 87 0.8 
3057 3 0.3 28 0.3 39 0 52 0.3 66 0.3 73 0 
3116 20 0 28 0 32 0.7 54 1 65 0 80 0.6 82 0.6 88 0.4 94 0 98 0.5 
3473 14 0.9 17 0.9 36 0.5 68 0 74 0.4 80 0.9 97 0.8 
3951 2 1 21 0.5 30 0 40 0.5 61 0 67 0.7 75 0.5 84 0.8 94 0 98 0 
4014 7 0.5 8 0.9 39 0.8 86 0 97 0 
4267 4 1 13 0.3 26 1 31 0.5 44 0.9 45 0.8 60 0.3 85 1 
4307 1 0 3 0.9 5 0.7 6 0.5 52 0.4 63 0.8 74 0 75 0.8 84 0.4 
4339 9 0.9 25 0.8 41 0 59 0.3 62 1 91 1 
4398 18 0.5 21 0.8 33 0.4 75 0.5 85 0.7 96 0 
4487 7 0.4 19 0.3 28 0.7 35 0.7 36 0.8 40 0.9 47 0.6 50 0.3 56 0.7 71 0.9 
4734 30 0 40 0 49 0.3 64 0 67 0.6 93 0.6 
4792 13 0.6 22 0.4 24 0.3 33 0.6 34 0 42 0.9 59 1 64 0.4 78 0 
4793 31 0.6 55 0.7 
5058 59 0.4 85 0.4 86 0.5 
5071 10 0.8 29 0.8 86 0.7 
5138 4 0.8 6 0 27 0 45 1 50 0 53 0 61 0 62 0 94 0 
5367 12 0.6 20 0.7 46 0.5 49 0.9 62 0.9 89 0.7 
5488 19 0.6 48 0.9 78 0.6 
5499 28 0.3 48 0.4 64 0.5 94 0.6 
5528 8 1 16 1 22 0.8 33 0 39 0 70 0 93 1 99 0 
5568 20 1 51 0.4 71 0 84 0.5 87 0.5 96 0.5 
5586 36 0.7 50 0.5 52 0.6 96 0.9 
5673 6 0.6 8 0.9 27 0 41 0.4 56 0.7 61 0.9 73 0.6 87 0.5 90 1 
5823 95 0.8 96 0.4 
5922 60 0 
5950 8 0.5 
6250 11 0.9 23 0 42 0.3 61 0 75 0 83 1 89 0.3 91 0.9 97 0.8 
6267 36 0.4 49 0 54 0.9 56 0.5 57 0 73 0.8 86 0.8 95 0 
6281 32 0 87 0.8 
6496 10 0.8 85 0.5 
6538 14 0.4 16 1 20 0.4 34 0 50 0.9 63 0.8 75 0.3 93 0.3 98 1 99 0.4 
6814 0 0 6 0.6 20 0 26 0.4 29 0.9 34 0 57 0.4 87 0 98 1 
6835 2 0.5 7 0.3 27 0 39 1 41 0.8 47 0.6 80 0.8 84 0 85 0 88 0.8 
6839 2 0.5 20 0.4 24 0.6 40 1 50 0.3 60 0.7 65 1 72 0.4 84 0 
6903 55 0.8 70 0.4 80 0.5 
6955 25 0 40 0 58 0.3 71 0.4 81 0.3 
7004 25 0 93 0.6 
7079 60 0.5 93 0.6 
7196 37 0.5 47 0 73 0.3 84 0 86 0 
7209 5 0.6 6 0 25 1 62 0.9 67 0.7 87 0.3 
7246 41 0.4 48 0.3 55 0 61 0.9 
7504 29 0.7 62 0.5 80 0 
8038 9 0.6 22 0.5 40 0.8 47 0.4 49 0 52 0 67 0.8 76 0.4 79 1 86 0.7 
8171 7 0 10 0.5 12 0.4 19 0 37 0.4 54 1 57 0.7 72 0.3 85 1 88 0.5 
8200 7 0 13 0.4 14 0.4 27 0 35 0.3 64 0 76 1 83 0.7 
8247 13 0.4 42 0 53 1 55 0 74 0 
8294 13 0.6 21 0.4 23 0.8 27 0.4 44 0.4 57 0 65 0.4 66 0.7 74 0.5 85 0 
8307 14 0.6 24 0.4 43 0.8 67 0.8 
8308 0 0.5 3 0.9 16 0.7 27 0.5 39 0 65 0.4 91 1 
8515 19 0.5 
8619 10 0 14 0 62 0.4 64 0.5 98 0.3 
8635 12 0.7 14 0 19 0.6 25 0 86 0.8 87 0.5 94 0 
8720 5 0.7 46 0 74 0.7 86 0.8 89 0.5 
8743 8 0 29 0.5 32 0 81 0 94 0.4 
8811 11 0 14 0.9 22 0 25 0 37 0.9 48 0 65 0.7 74 0.8 90 0.9 
8849 25 0.7 77 0 
8887 1 0.3 31 0.3 55 0.6 59 0 63 0.7 95 0.4 
8894 61 0.8 65 0.4 78 0 
9030 9 0.3 16 0.3 18 0.4 27 0 29 0.5 39 0.4 55 0.3 86 0.8 
9448 59 0 76 0.5 
9494 7 0.5 20 0.8 41 0.8 51 0 68 0.6 
9624 4 0.7 18 0.8 23 0.9 28 0.7 42 0 54 0 74 0 
9729 25 0.5 38 0.8 58 0 59 0 68 0 69 0.6 76 0 80 0.8 
9739 26 0 32 0.3 50 0.9 51 0.5 56 0.7 57 0.9 61 0.5 86 0.7 87 0.9 93 0 
9849 17 0.3 32 1 
