100
79 11 0.3 33 0.9 36 0.8 41 0 50 0.7 81 0 86 0.4 
197 36 0 54 0.7 72 0.7 73 0.6 91 0.5 
210 15 1 37 0.6 38 0.9 70 1 81 0.5 98 0 
270 71 0.3 
297 79 0.5 
413 2 0.7 7 0.3 34 0.7 
553 0 0.7 9 0.3 59 0.7 60 0.6 61 0.9 67 0 77 0 
584 0 0 5 0.6 15 0.3 49 0 93 0 
635 1 0.6 3 0 5 0.7 16 0.9 20 1 57 0 64 0.4 82 0.3 87 0.4 
683 8 0.4 19 0 21 0.3 26 0.3 33 0.6 41 0.9 54 0 67 0.4 83 0.3 
782 76 0.8 86 0.3 
796 27 0.4 75 0 76 0.6 80 0 84 0 94 0.3 
813 15 0.3 
835 5 0 96 0.9 
1017 18 0.9 37 0 40 0.8 52 0.9 54 0.5 63 0.4 74 0 
1099 19 0.5 65 0.4 69 1 83 0.3 
1146 18 0.7 43 0.8 55 0.7 81 0.5 
1178 23 0.7 96 0.7 
1203 2 0 4 0 8 0.9 27 0.6 44 0.5 46 1 50 0.9 62 1 95 0 97 0.8 
1304 12 0 61 0 65 0.5 66 0.3 
1561 32 0.5 82 1 96 0.7 97 0.5 
1569 2 0 5 0.7 8 0.4 20 0.4 26 0.7 42 0 49 0 99 1 
1622 28 0.3 57 0 61 1 
1719 13 0.5 14 0.5 17 0.4 27 0.5 28 0.3 32 0 36 0 67 0.6 73 0.6 96 1 
1723 30 0.7 31 0.6 53 1 81 0 85 0 
1801 30 0.3 34 0.9 42 0.6 44 0.6 52 1 53 0.3 73 0 80 0.6 
1854 24 0.9 31 0.4 40 0 43 0 44 1 57 0.3 62 0.9 72 0 74 0.8 
1873 14 0 24 0 27 0.9 34 1 59 1 
2124 32 0.6 65 0.3 74 0.7 86 1 
2238 5 0.5 15 0.3 28 0.4 38 0.8 42 0.9 43 0 62 1 68 0.7 79 0 94 0 
2352 6 1 33 0 42 0.4 58 0.9 60 0 62 0 68 0 73 0.5 96 0 97 0.3 
2530 5 0.3 23 0.6 32 0.4 33 0.8 36 0.5 44 0.8 56 0.8 59 0.4 63 0.5 82 0.5 
2631 53 0.7 82 0.3 
2655 51 0.5 66 0.8 
2750 93 0.7 
2817 22 1 24 1 32 0 35 0.8 54 0 56 0.4 58 0.8 69 0 77 1 88 0.5 
2841 90 0.7 
2846 35 0.8 59 0.6 76 0.4 
2862 6 0.7 55 0.5 64 0.5 
2893 6 0 60 0.7 97 0.3 
3062 55 0.4 99 0 
3201 16 1 19 0.8 26 0.4 27 0 29 0.7 38 1 71 0.3 81 0 95 0 
3219 1 0.6 14 0.7 15 0 36 0.9 37 0.5 48 0.5 56 0.6 77 0.7 79 0.9 
3240 9 0.5 52 0 60 0.3 92 0.5 
3270 4 0.3 5 0.3 8 0.8 37 0 93 0.6 95 0 
3282 27 0.3 38 0.6 66 0.9 90 0.9 97 0.8 98 1 
3513 10 0.4 18 0.5 31 0 33 0 44 0.8 46 0.9 61 0.9 68 0.8 75 0.4 97 0 
3610 94 0.5 
3641 53 0 60 0.7 
3808 45 0 72 0.3 85 0.3 
3810 27 0.4 40 0 54 0 97 1 
3857 28 0.5 30 0 71 0.9 
4057 49 0 93 0 
4104 5 0.8 14 0.5 30 0.5 31 0 61 0.5 97 1 
4126 4 1 11 0 38 0.7 40 0.5 45 0 59 0.5 76 0.5 
4160 23 0.5 
4221 10 0.5 63 0 82 0.8 
4282 31 1 42 0.4 83 0.9 
4338 54 0.4 55 0 62 1 78 0.7 79 0.5 80 0.9 
4532 22 0.6 29 0.8 34 0 35 0.9 36 0.6 44 0.3 
4613 4 0.7 16 0.8 76 0.5 83 0 89 0 95 0.4 99 0 
4769 7 0.6 16 0.9 29 0.7 35 0.6 51 0.5 76 0.8 77 0.8 83 0.7 85 0.4 98 0 
4915 61 0 
4924 3 0.8 31 0.5 51 1 52 0 54 0 66 0.9 74 0.3 82 0.5 86 0.4 92 0.9 
4936 20 0.9 24 0.8 29 0.4 41 1 45 0.6 59 0.6 60 0.5 75 0.8 
4960 1 0 8 0.7 19 0.9 24 1 34 0.5 69 0.5 76 0.6 96 0 
5550 22 0 50 0.9 52 0.3 
5649 6 0 13 0.6 19 0.5 33 0.5 38 1 40 0.4 52 0.5 53 0 78 0.9 94 0.7 
5673 6 0 8 0.8 27 0.7 41 0.8 56 0 61 0.9 73 0.3 87 0.6 90 0 
5946 2 0 4 0.9 55 0 77 0.9 79 0.4 90 0 
5970 79 0.8 95 0.5 96 0.7 
6117 59 0.8 
6442 51 0 79 0.8 82 0.3 87 1 95 1 96 0 
6507 63 0 78 0.5 
6732 3 0.5 16 0.4 21 0 32 0 50 0.7 65 0 92 0.5 
6988 1 0.7 9 0.5 14 0.4 16 0 47 1 57 0.6 90 0.8 
7100 4 0.7 5 0 50 0.9 
7141 15 1 18 0.8 21 1 25 0.5 28 0 47 0.9 55 0.4 74 0.3 77 0.3 98 1 
7153 30 0.6 44 0.7 56 0 65 0 86 0.5 
7282 3 0 10 0 31 0.9 34 0.8 40 0.8 48 1 74 0.4 81 0.8 83 0.8 93 0.5 
7326 19 0.3 20 0 30 0.6 32 0.4 33 0.4 51 0.7 55 0.5 78 0.4 97 0.8 99 0.4 
7443 8 1 27 0.6 65 1 
7728 22 0 24 0.7 65 0.8 67 0 
8045 8 0.3 24 0 30 0.8 45 0.3 54 0 58 0 63 1 70 0.3 85 0.9 98 0.3 
8575 38 0.6 58 0 73 0.4 
8747 8 0.4 17 0.5 19 0 32 0.3 67 0 76 0 83 0.5 88 0 
8860 80 0.5 
8883 3 0.7 31 0 43 0 69 0 71 0 86 1 92 0 
8997 38 1 82 0.4 
9235 2 0.8 10 0 19 0.7 22 0.5 26 0.6 
9246 6 1 7 0.7 50 0.4 58 0 61 0 84 0.7 85 1 95 0 
9300 6 0.4 14 0.5 29 0.5 33 0.5 43 0.9 49 0.7 63 0.7 67 0.6 
9363 47 0 50 0.5 62 0.9 
9420 1 0.6 16 0 32 0.8 51 0 66 0.4 88 0.6 
9784 3 0 10 0 12 0 23 0.5 49 0 50 0.6 62 0 83 0.9 86 0.7 98 1 
9890 45 0.8 
9898 2 0.4 4 0.6 41 0 60 0.4 71 0 83 0.8 91 0.3 93 0.9 95 0.9 
9927 47 0.5 
9961 92 0 
9974 22 0.8 40 0 52 0 72 0.7 73 0.4 98 0 99 0.6 
