100
3 6 0.5 19 0 63 0 67 0.4 81 0.8 96 0.7 
99 3 0 29 0.6 30 0 52 0.8 56 0.6 63 0 72 0.7 77 0.9 98 1 
150 10 0.7 16 0.9 31 0 38 0 55 1 78 0 
181 21 0.3 30 0.7 33 0.3 61 0.9 79 0.3 82 0.7 
520 15 0.3 35 0.6 50 1 
545 7 0 37 0.4 45 1 62 1 63 0.5 75 0 86 0.8 
552 22 1 28 0.7 55 0 
712 16 0.8 19 0.3 45 0 66 0.4 75 0 77 0.7 94 0.4 
740 15 0.4 
887 39 0.5 62 0.3 65 0.5 96 0 
996 9 0.3 12 0 47 0.9 56 0.4 57 0 58 0.4 81 0.6 89 1 
1106 17 0.9 27 0.3 51 0 80 0.5 92 0.3 
1142 14 0 17 0.9 33 0.9 64 0.5 68 0.3 74 0 92 1 98 0 
1172 25 0.3 
1218 2 1 13 1 37 0.3 55 0.6 64 0.9 69 0 78 0 
1365 64 0.9 
1402 1 0.3 14 0 28 0.7 33 0.7 37 0.3 42 0.3 55 0.5 57 0.8 80 0.4 94 0.9 
1420 12 0 
1436 3 0.3 
1457 7 0.4 44 0.5 45 1 54 0 56 0.8 91 0.8 92 0.7 97 0.4 
1546 15 0.3 22 0.8 29 0.7 98 0.7 
1640 2 0.8 6 0 8 0.7 25 0 27 0.6 81 0.5 84 0.7 93 0.4 
1690 1 0 11 0.4 
1848 10 0.4 13 0 31 0.7 42 0.8 45 0 54 0.6 55 0 76 0.9 96 0 
2071 56 0 58 1 65 0 70 0.6 
2130 24 0.5 34 0.3 39 0.7 
2763 13 0 19 1 25 0.6 38 0 67 0 72 0.4 89 0 
2770 6 0.8 15 0.4 21 0 32 0.9 37 0.4 47 0 55 0 67 0.5 77 1 
2788 39 0.4 60 0 72 1 
2836 10 0 69 0 75 1 93 0.5 
2855 26 0.8 33 0.3 43 0.3 56 0.5 66 0.8 68 0 70 0 74 0 92 0 
2864 17 0.7 
3165 9 0.5 11 0 57 0.6 
3282 27 0.7 38 0.3 66 0.8 90 0.7 97 0.6 98 0.7 
3462 15 0.3 22 0 32 0 36 0.5 39 0.4 59 0.6 95 0.3 
3533 5 1 33 0.9 90 0.5 95 1 
3564 12 0.9 21 0.5 73 0.6 
3720 11 1 20 0.9 30 0.3 95 1 
3756 2 0 4 0.3 12 0.3 13 0.4 14 0.7 34 0.9 57 0.5 64 0.8 83 0.8 85 0 
3971 4 0 35 0.3 37 0 47 0 53 0.5 
3990 1 0.4 9 0.4 41 0.6 50 0 73 0 80 1 95 0.3 
4045 37 0.3 62 0.8 66 0.8 71 0.5 80 0 82 0.7 95 0.8 
4061 7 1 30 0 31 0 82 0 89 0.8 95 0.9 
4072 24 0.4 63 0.3 66 0.4 84 0.9 
4099 14 0.7 16 0 33 0.8 34 0.6 38 0.8 62 0.8 63 0 69 0.9 89 0.5 
4142 17 0 47 0 54 0.9 62 0.4 76 0.8 
4177 0 1 92 0.4 93 0.8 
4330 0 0.5 18 0.8 39 0.7 66 0.6 77 0 79 0.8 81 0.6 97 0.4 
4607 21 0.6 61 0 83 0 84 0.9 91 0.9 
4741 31 0.9 44 0 56 0.7 
4795 4 1 7 0.8 12 0.7 51 0 53 0 55 0.8 60 0.3 67 0.5 81 0.8 94 0.9 
4865 6 0.7 8 0.6 23 1 31 0.3 35 0.3 94 0.4 96 1 
5026 2 1 44 0.3 70 1 77 0.7 92 0.7 
5164 1 0.8 27 0.8 64 0.4 
5327 4 0.6 10 0.4 37 0.3 59 0 73 0.5 74 0 
5339 33 1 84 0.8 
5412 42 0 
5669 3 0.7 5 0.6 25 0.8 33 0.3 41 0.8 50 1 53 0 75 0.5 76 0.4 99 0.6 
5869 4 0.8 14 0.9 15 0.3 27 0 57 1 68 0.7 81 0.3 96 0.8 
5888 71 0 
5946 2 0.7 4 1 55 0.7 77 0.7 79 1 90 1 
5965 45 0.7 75 0.4 88 0 94 0.3 
6021 14 0.4 31 0.6 43 0.6 68 0.7 90 1 
6128 3 0.8 60 0.5 
6234 38 1 
6301 0 0.7 46 0.4 58 0.9 59 0.3 61 0.4 65 0 76 0 79 0.7 94 0 
6330 49 0.9 
6435 0 0 8 0 24 0.3 47 0.8 48 0.8 63 0.8 73 0.3 75 0.4 89 0 98 0 
6526 22 0 76 0.9 77 1 82 0.6 
6528 13 0.6 57 0.3 61 0.7 67 0.7 86 0.9 90 0.7 97 0.9 
6590 22 0 31 0.3 48 0.3 60 0.4 62 0.9 73 0 
6705 21 0 89 0.4 92 0.8 93 0.4 
6962 4 0 18 1 24 0.7 41 1 76 0 
7342 29 0 47 0.9 75 1 91 0 
7354 42 0 44 0.8 60 0.9 64 0.3 65 0.5 67 0.3 71 0.8 74 0.8 87 0.9 91 0.4 
7391 54 0.3 71 1 81 1 90 0 96 0 
7417 15 0.4 17 0 43 1 75 0.5 
7843 6 0 9 0.4 25 0 43 1 75 0.9 88 0.4 90 0 93 0 
8195 6 1 15 0.7 31 0.6 38 0 67 0.5 73 0 85 0 89 0.4 90 0 95 0 
8333 5 0 9 0 24 0.5 29 0 34 0 39 0.7 51 0.9 71 0.4 84 0.5 91 0.5 
8523 14 0 16 1 56 0.5 58 1 63 0 69 0 71 0.7 81 0.6 
8567 5 0.3 12 0.9 28 0.3 37 0 66 0.7 68 0.5 77 0 87 0.5 89 0.9 96 0 
8825 39 0.5 57 0.7 70 0 73 0 89 0.4 
8865 4 0 18 0 41 0.8 50 0 79 0 98 0.7 
8919 34 0.5 58 0.4 86 0.9 
9001 0 1 6 0 28 0.8 40 0.4 53 0 67 0 68 0.8 69 0 83 0 
9045 20 0.6 33 0 45 0.3 52 1 91 0.6 95 0 
9054 1 0 16 0.4 49 0.9 51 0 64 0.6 82 1 84 0 86 0.3 96 0.8 
9095 19 0.8 36 0.5 38 0.4 40 0.6 51 0.4 67 0.9 69 0 85 0 90 0.9 
9119 52 0.9 96 0.6 
9167 20 0.9 64 0.3 70 0.8 96 0.3 
9361 37 0.4 49 0.4 88 0 
9412 14 0.5 25 0.4 30 0.7 68 0.8 88 0.5 
9447 46 0.9 72 0.3 
9489 23 0.4 42 0.5 50 0 65 0 
9555 1 0 9 0.3 15 0.8 71 0.8 
9567 8 0.6 
9813 4 0.4 23 0.9 42 1 55 0.7 63 0.5 72 0.3 81 0 85 0.9 
9865 51 0.4 59 0.7 63 0.9 
9885 29 0 36 0 
