100
41 8 0.6 35 0 40 0.8 41 0 42 0.6 77 0.3 92 0.9 
47 0 0 11 0 39 0.3 48 0.3 
163 6 0 18 0.6 31 0.5 54 0.9 
198 0 1 5 0.6 23 0 37 0.6 52 0.7 56 1 80 1 82 0 89 1 93 0 
205 25 1 
512 8 0.7 24 0.9 27 1 35 0.3 49 0.5 64 0.4 83 0.5 85 0.6 86 1 
718 8 0.8 17 0.4 26 0.4 43 0.9 74 0.3 79 0.7 
774 29 0.3 38 0.7 54 0 92 0.9 
928 40 1 76 1 
940 40 0 90 0.3 94 0.7 
974 1 0 29 1 44 0.4 45 0 60 0.4 75 0.8 80 0.7 
1042 19 0.6 22 0.8 29 0.6 39 1 90 0.9 91 0.7 99 0.7 
1058 6 0 19 0.7 27 0.8 31 0.3 44 0.7 58 0 75 0.6 81 0.8 
1074 12 0 20 0.5 46 0 62 0.3 
1162 9 0 20 0 28 0 39 0.8 53 0 62 0.3 95 0.8 
1204 0 0.7 8 0 15 0.3 49 0.8 58 0.7 60 1 67 1 74 0.3 84 0.3 98 0.8 
1331 6 1 39 0.7 47 0.9 52 0.9 57 0.6 74 1 78 0 90 0.3 
1386 4 1 9 0 18 0.5 26 0 40 0.4 43 0 
1434 5 0.6 6 0.7 
1443 19 1 31 0.9 37 0 47 0.3 68 0.7 
1534 16 0 34 0.7 64 0 68 0.9 91 0 
1613 31 0 
1667 2 0 9 0.7 58 0.8 70 0 83 0.3 98 0.3 
1703 1 0.7 36 0.4 37 0.6 57 0.6 67 0 
1787 6 0.9 13 0 51 0 93 0.5 
1828 1 0.6 10 0.3 27 0.3 42 0.8 87 0 92 0.5 
2078 5 0.5 67 0.9 75 0.7 98 0.5 
2087 8 0 44 1 56 0 62 0 73 0.4 88 0.9 
2108 0 0.4 29 0.3 42 0.8 46 0.5 85 0.9 
2204 25 0.6 40 0.4 53 0.6 81 0.4 90 0.9 
2252 12 0 21 1 26 0.5 31 0.3 45 0.4 58 0 
2351 48 0.4 
2388 88 1 
2555 12 0 24 0 41 0 43 0.8 46 1 50 0.4 65 0 68 0 96 0.5 
2612 55 0.3 
2718 46 1 92 0.4 
2781 2 0 57 0 62 0.5 66 0.7 87 0 91 0.3 92 0.4 96 0.8 
2806 41 0 42 1 51 0.8 69 0.3 82 0.3 
2848 1 0.9 42 0 46 0.6 56 0 59 0.9 82 0.6 
2905 5 0 96 0.4 
2960 2 0.6 17 0 19 0 43 0.6 47 0 77 0.8 93 0 94 0.3 
3355 1 0.6 32 0.8 35 0.4 42 0.3 76 0 89 0.5 95 0 
3490 37 0.7 71 0 
3518 4 0.7 26 0.8 80 0 
3910 17 0 
4019 55 0.4 68 0.3 71 1 95 0.3 
4235 12 0.6 20 0.8 37 0.6 42 0.6 48 0.7 56 0.7 66 0 74 0.6 84 0.9 99 1 
4704 78 0.8 
4845 8 0 33 0.9 35 0 59 0.6 87 0 
5046 42 0 
5349 78 0 
5414 13 0 
5454 9 0.9 28 0.3 36 0 65 0.5 79 0.4 81 0.8 86 0.5 92 0.3 
5546 11 0 26 0.9 34 0.9 60 0.7 61 0.6 68 0.7 
5643 39 0.7 45 0.8 53 0 67 0.9 86 0.3 
5669 3 0.9 5 1 25 0 33 0.8 41 1 50 0.9 53 0.3 75 0.4 76 0 99 0.5 
5737 14 0.5 17 0.6 25 0.7 33 0 42 0.3 43 0 
5755 4 0.9 8 1 51 0.4 55 0.9 63 0.8 82 0.7 85 0.7 
5878 8 1 35 0.3 69 0.8 
5921 7 0.9 13 0 22 0.3 35 1 44 0 51 0.7 56 0 58 0.7 
5970 79 0 95 1 96 0.6 
6214 12 0.9 34 0.4 56 0 69 0.3 71 0.8 
6231 0 1 7 0 15 0.9 34 0.4 59 0.4 87 0.7 
6292 13 0 24 0.9 33 0.6 64 0.8 92 0.6 
6333 12 0.3 56 0 62 0.4 69 0.3 72 0.7 75 0.9 77 0.9 82 0.7 95 0.4 
6493 1 0.5 58 0.6 61 0.5 72 1 75 1 77 1 89 0.4 95 0.4 99 0.5 
6532 6 0.4 38 0.7 62 0 69 0.9 70 0.9 71 0.8 76 0.7 80 0.6 84 0 
6543 0 0.6 1 0.7 4 0.6 19 0 29 1 81 0 89 0.6 
6613 80 0.4 
6688 1 0 24 0.7 42 0.5 46 0.7 51 0.4 55 0.5 60 0.8 
6773 10 0.9 35 0.6 62 0 63 0.8 68 1 72 0 79 0.9 80 0.5 88 0.7 
6797 2 0 20 0 36 1 37 0 42 0.4 56 1 80 0.3 85 0 88 0.8 94 0.6 
6968 1 1 2 0.6 5 0 11 0 20 0.9 69 0.7 76 0 84 0.3 
6970 0 0 9 0 13 0 38 1 56 0.3 69 1 72 0.3 77 1 85 0.8 88 0.3 
7096 10 0.6 26 0.6 38 0.6 44 0.7 49 0 54 0.9 90 0 91 0 
7167 29 0 65 0.6 66 0.4 91 0.8 94 0.4 
7257 3 0.7 23 0.7 51 0 52 0.4 97 1 
7477 27 1 97 0 
7549 0 0 6 0 22 0.7 56 1 74 0.6 97 0.3 
7764 16 1 17 0.6 41 0.4 45 0.3 53 0.8 91 0 
7802 5 0.7 8 0.6 44 0.5 58 0 
7892 68 0.9 
8020 14 0.5 41 0.8 43 1 44 0 58 0 86 1 92 0.5 96 0.8 
8091 2 0.6 14 0 24 0.6 39 0.4 51 0.9 57 0.6 59 0.7 73 0.8 74 1 
8162 30 0 68 0.9 
8278 9 0.9 33 0.5 37 0.9 48 0.4 55 1 59 0 98 0.5 
8338 14 0 34 0.5 51 0.5 55 0.8 63 0.4 90 0.3 
8587 1 0.8 35 0.6 39 0.5 41 0 50 0 67 0.4 84 0.8 86 0 92 0.9 
8736 16 0 21 0.4 29 0.6 43 1 50 0.3 70 0.4 83 0.6 87 0 
8826 5 0.6 14 0.3 22 0.7 34 0.5 43 0 44 0.8 52 1 55 0 67 0.8 
8837 2 0 
8906 1 0 10 0.7 14 0 32 0 38 0.5 53 0 54 0.9 70 0.3 87 0.3 
9184 6 0 21 0.6 24 0.7 68 1 85 0.6 91 0.6 
9211 25 0.4 54 0.6 70 1 72 0.4 
9363 47 0.5 50 1 62 0.9 
9451 31 1 33 1 43 0.3 56 0.9 68 0.6 69 0.4 
9607 15 0.8 
9705 0 0 29 0.7 42 0.6 45 0.6 61 0.4 65 0.5 78 1 
9940 48 0.7 67 1 71 0.6 77 0.9 82 0.5 89 0.8 
9972 12 0.8 14 0.8 15 0.5 17 0.8 36 0.7 42 0.3 44 0 56 0.3 80 0.4 85 0 
