100
180 14 0.3 18 0.4 20 0.3 35 0.5 72 0.6 94 0.7 98 0 
247 9 0 45 0 73 0.4 88 1 93 0.8 96 0.6 
415 2 0.6 4 0 5 0 29 0.4 59 0.3 
429 33 0.6 94 0.4 
943 11 0.8 16 0 24 0 49 0.8 51 0.8 88 0.4 
950 6 1 21 0.5 56 0 62 0.4 76 0.5 85 0 87 0.7 
1213 31 0.4 
1293 8 0.9 26 0.8 45 0.5 49 0.3 51 0.8 80 0 95 0.9 
1317 26 0 
1403 8 0.5 16 1 22 0.9 23 0.5 36 0.4 54 0.6 57 0 67 1 77 0 
1540 0 0 6 0 13 0.7 15 0 17 0 51 1 70 0.3 75 0 80 0.3 87 1 
1552 88 0.8 
1555 72 0 
1591 23 0.7 27 0.9 34 0.7 44 0.3 52 0 58 0.7 63 0 65 0.7 70 1 94 0.6 
1638 72 0.8 
1702 23 0 28 0.5 43 1 48 1 59 0.9 63 0 
1756 11 0.9 42 0.8 52 0.4 60 0 80 0 89 0 93 0.3 98 0.7 
1946 11 0.3 22 0.5 27 1 41 0.8 56 0 78 0.4 87 0 
1954 23 0.3 50 0.7 72 1 74 0 
2026 1 0 11 0.3 20 0.9 33 0.9 56 0.9 71 0.9 89 1 95 0.4 
2204 25 0 40 1 53 0 81 0.9 90 0.6 
2214 1 0.7 13 0.3 42 1 67 0.8 68 0.4 72 0.4 88 0 
2411 24 0.4 28 0.3 30 1 49 0.7 68 0.7 72 0.8 
2415 4 0 6 0.5 14 0 19 0.4 20 0.9 79 0.8 80 0.4 98 0.3 
2448 32 1 77 0.4 90 0.7 92 0.7 
2457 9 0.7 44 0.8 87 0 
2473 7 1 16 0 23 0 41 0.7 61 0 
2530 5 1 23 0 32 0.4 33 0.3 36 1 44 0 56 0.3 59 0.5 63 0 82 0.5 
2534 25 1 26 0 37 0.8 38 0.5 43 0.4 67 0.9 79 0.9 86 0 89 0.5 
2559 11 0.7 14 1 24 1 49 0 50 0.6 74 0 99 0 
2700 0 0 9 0.3 34 0.6 38 0.9 42 0 53 0 75 0.3 85 0.9 99 1 
2722 3 0.8 8 0.5 15 0 48 0.8 66 0 72 0.5 82 1 85 1 86 0 91 0 
2748 12 0 
2759 63 0.9 72 0 
2773 11 0.3 12 0.4 44 1 47 0.5 52 0.8 56 1 61 0.9 73 0.4 74 0.3 93 0.7 
2886 6 0.7 32 1 66 0.8 
2979 4 0 9 0.3 91 0 92 0 
3031 10 0.8 45 0.8 51 0.7 54 1 
3271 2 0 31 0.8 32 0.9 35 0 56 0.5 61 0.5 62 0.4 77 0 81 0.4 
3283 46 1 78 1 
3420 1 1 14 0.3 53 0.6 
3473 14 0.7 17 0.4 36 0 68 0.3 74 0.7 80 0.6 97 0.6 
3717 42 0.5 43 0 58 0 66 0 68 0.5 71 0 77 0 
3809 17 0.8 19 0.4 32 0 37 0 43 0 57 0 62 0.9 69 0.9 78 0 85 0.6 
3932 34 0 35 0 83 0.5 
3956 7 0.6 27 0.5 36 0.8 38 0.9 39 0.8 55 0 65 0.6 78 1 94 0.8 
4068 97 0.3 
4086 9 0 10 0.3 17 0 36 0.6 79 0.3 
4259 23 0.8 61 0.9 81 0.4 94 1 95 0.7 
4289 23 0.8 25 0.9 52 0.3 53 0 
4298 6 0.5 13 1 
4316 2 0 46 1 
4616 52 0.7 
4621 9 0.3 11 1 46 0.9 55 0 65 0.3 85 0 92 1 
4957 28 1 32 0.7 35 0.7 45 0.6 58 0.4 62 0.4 95 0.5 
5007 3 0.8 29 0.7 69 0.5 71 0 83 0.7 89 0 90 0.8 94 0.9 
5064 0 0.6 46 0 
5557 8 0.9 17 0.3 26 1 29 0.6 38 0.9 41 0.9 66 0.4 68 0.5 81 1 98 0 
5651 76 0.4 85 0 98 0.5 
5860 0 1 1 0.8 11 0.3 25 0.4 27 0.6 53 0 66 0 81 0 93 0 
6000 6 0.7 7 0.5 10 1 22 0.4 51 0 66 0.7 82 0.7 85 0.8 96 1 
6068 5 0.4 12 1 81 0.6 85 0 
6298 5 0.6 36 0.4 57 0.8 84 1 96 0 
6318 13 0.8 27 0.9 44 0.9 56 0.8 68 0.7 72 0.8 73 0 75 0 80 0.9 
6471 43 0.7 81 1 87 0.6 89 0.7 
6627 8 0.8 11 0.3 28 0.7 32 0.7 42 0 61 0 62 0.5 67 0.9 75 0.8 90 0 
6838 7 0 11 1 12 0 13 0.4 28 1 50 0.7 64 0.7 65 0.4 72 1 77 0.3 
6860 17 0.7 45 0.6 58 0.3 96 0.8 
6863 19 0 46 0 76 1 84 0 
6951 10 0.3 16 0.5 37 0.8 46 0.8 64 1 69 0 
6986 0 0.8 1 0.8 29 1 45 0.7 48 0.5 61 0.7 92 0 99 0.3 
7121 13 0 18 0.6 23 0.8 
7451 6 0.3 16 0.6 41 1 52 0.7 59 0.6 80 1 88 0.9 
7522 1 1 18 0.6 22 0 62 0.4 71 0.3 74 0.3 85 0.8 
7591 0 0.8 36 0 56 0 
7650 7 0 21 0.6 24 0.6 37 0.5 43 0.8 44 0 83 0.3 96 0.9 99 0.9 
7698 78 0.7 
7801 44 0 70 0.3 71 0.6 99 0.8 
7822 2 0.8 33 0 42 0.7 64 0 
7894 1 0.7 38 1 46 0 48 0.7 49 0.6 66 0.9 67 0.6 85 0.4 99 0 
7940 17 0.6 21 0 29 0.6 41 0 42 0 82 0.8 88 0.9 
7964 19 0.6 48 0.3 62 0 70 0.4 92 0 98 1 
8001 18 0.9 23 0 88 0.3 
8404 7 0.4 10 0.8 13 0 22 0.6 53 0.9 71 0.6 81 0 82 0.3 
8405 10 0.8 27 0.9 46 0 68 0 85 0.8 94 0.9 
8446 10 0 64 0.3 68 0 75 0.3 96 0.3 
8463 20 0.4 37 0.4 46 0 57 0.8 73 0.9 77 0.8 98 0.3 
8592 7 0.7 41 0 43 0 46 0.5 66 0.6 70 0 72 1 75 0 87 0 99 0 
8638 47 0 68 0.3 71 0.3 84 0.4 91 0.8 92 1 
9118 12 0.9 22 0.7 42 0.8 46 0.9 76 0.8 
9122 26 0.6 29 0.7 39 0.7 41 0.6 46 0.6 49 0.3 74 0 78 0 86 0.4 98 0 
9172 23 0.4 25 0.5 31 0 46 0.8 56 0.6 59 0.4 71 0 77 0.9 
9185 15 0 28 0.8 32 0.9 34 0.7 64 0 85 0.5 
9543 36 0.7 41 0.7 77 0.9 
9600 33 0.8 37 0.8 46 0.8 50 0.3 55 0.5 60 0.7 62 0 
9610 18 0.5 25 0 62 0.4 91 0.3 
9717 25 0.6 38 0.8 44 0.7 53 0.5 61 0.6 67 0.8 72 1 85 0.3 91 0.9 96 0 
9724 0 1 2 0.9 17 0.7 27 0.5 38 0 63 0 80 0.4 86 0 97 0.3 
9921 5 0.8 14 0.7 51 0 62 0.7 63 0.4 85 0.9 
9988 15 0 17 1 22 0 42 0.6 77 0.3 
