100
98 55 0.3 61 0 63 0 74 0.6 94 0.4 97 1 
140 56 1 61 1 76 0.4 
269 6 0.8 10 0 21 0.7 31 0.6 33 1 44 0 57 0.3 84 0.6 91 0.5 96 1 
357 14 0.8 49 0.4 54 1 70 0.6 73 0.7 81 0.8 
440 1 0.4 7 0 8 0.3 17 0.7 35 0 39 0.8 55 0 72 0.5 73 0.5 77 0.4 
517 2 0.8 6 1 18 0.8 19 0 34 0.7 46 0.3 77 0 86 0.5 98 0.7 99 0.5 
550 36 0.5 64 0 86 0.6 
678 7 0.8 10 0.6 24 0.8 26 0.7 43 0.9 44 0 49 1 86 1 92 0 
702 25 1 32 0.9 83 0.8 99 0.6 
775 0 0.4 53 0.5 66 0.5 80 1 90 0.7 96 0.6 
806 0 0.3 1 0.5 7 0.8 36 0 53 0 70 0 75 0 82 0.6 86 0 
877 88 0.5 
881 24 0 27 0.6 91 0.4 95 0.9 96 0.8 
884 76 0 99 0 
900 30 0.3 43 0 81 0 
911 10 0.5 22 1 31 0.9 46 0 70 0.3 91 0.8 
995 21 0.9 
1029 14 1 18 0 
1186 30 1 41 1 96 0.6 
1189 1 0.4 5 0.8 10 0.3 37 0 41 0.4 78 0.9 
1214 10 0.3 17 0.5 32 1 58 0.3 68 0 79 0.7 
1339 17 0.3 52 1 
1361 32 0.9 53 0.8 59 0.7 65 0 69 0 
1381 4 0.7 5 0.6 56 0.8 69 0.4 77 0.6 84 0 88 0.8 98 0.9 
1382 31 0 64 0 67 1 79 0 
1460 15 0 23 0.8 63 0.3 64 0 65 0 77 0 79 0.5 86 1 90 0.8 
1485 7 1 49 0.3 74 0.9 81 0.4 
1497 12 0.4 46 0.6 72 0 90 0.4 
1507 1 0 8 0 12 0.5 17 0 25 1 49 0.7 
1541 68 0 82 0.8 91 0.6 
1600 2 0.3 
1644 50 0.9 83 0.9 
1823 3 0.4 46 0.8 47 0 61 0.6 72 0.6 96 1 
1955 3 0.3 15 0.4 17 0.7 23 0.5 47 0.4 52 0.8 60 0.5 61 0.4 65 0.4 
2125 13 0.6 33 0.6 55 0 76 0.8 83 0.8 
2194 24 0.4 67 0 77 0 97 0.8 
2239 18 1 83 0.5 84 0.9 88 0.3 89 0.9 
2317 13 0.3 
2496 26 1 38 0 69 0.9 94 0 
2524 14 1 21 0.3 24 0.9 30 1 33 0 34 0.6 49 0 60 1 97 0.6 
2528 5 0 18 0.5 65 0.8 78 0 
2552 16 0 19 1 48 0.5 58 0 66 0 97 0 99 0 
2595 11 0.8 35 0.5 49 0.5 
2596 0 1 6 0.9 9 1 14 0.5 18 1 34 0.3 40 0 65 0.7 70 0.6 72 0.8 
2601 14 0.5 30 1 38 0.6 39 0.6 47 0 52 0.6 72 0 90 0.5 99 0.7 
2614 5 0.4 21 0.4 64 0.4 75 0 76 0.6 82 0.8 
2698 2 0 9 0.6 15 1 34 0.4 85 0 93 0.5 
2718 46 0.3 92 0.3 
2734 15 0.6 17 0.9 19 0 51 0.7 52 0.7 70 0 84 0 
2880 3 1 8 0 39 0.8 42 1 87 0.3 
3099 11 0.5 18 0.8 23 0.6 44 0 
3141 13 0.8 18 0 19 0.3 66 1 86 0 99 1 
3154 38 0.7 47 1 73 0.5 84 0 
3161 15 0 37 0.6 46 1 56 0.4 63 0.4 81 0.6 97 0 
3278 41 0 
3406 11 0 13 0.9 14 1 33 0.4 39 0 79 0.4 80 0.3 86 0 92 0.5 99 0 
3470 13 0.6 26 0.6 35 0.5 50 0 52 0 70 0.6 78 1 95 0 
3536 3 0.4 54 0.7 83 0.9 84 0.7 99 0 
3663 7 0.9 38 0.8 47 1 59 0.3 
3883 30 0.4 48 0.7 73 0.5 81 0.6 
3927 4 1 12 0.4 34 0.4 58 0.6 64 0.4 70 0.7 85 0 86 0.4 91 1 
4099 14 1 16 0.8 33 0.3 34 0 38 1 62 0.5 63 0.8 69 0.4 89 0.6 
4143 20 0.7 30 1 41 0 60 0.3 80 0.5 87 0 88 0.8 95 0.4 
4190 7 0 22 0.3 26 0.4 51 0.3 55 0.6 84 0.6 98 1 
4252 17 0.8 26 0.4 28 0 38 0 39 0.8 42 0.8 79 0 
4631 0 0.3 20 0 30 0.6 33 0 35 0.7 42 0.6 47 0.6 66 0 70 0.7 83 1 
4735 41 1 97 1 
4955 13 0.9 24 0.7 37 0.4 38 0.3 44 0.6 52 0.9 60 0.8 68 0.4 74 0 76 0.3 
4991 16 1 29 0 31 0.3 61 0 76 0 95 0.6 
5307 21 0.3 69 0.3 77 0 87 0.7 
5477 33 0.6 71 0.4 80 0 82 0 
5495 10 0.7 20 0 53 0.6 74 0 97 0.7 
5804 28 0.6 31 0 41 0.4 68 0.7 84 0.6 
6029 20 0.3 81 0.4 96 0.5 
6034 1 0.5 9 0 93 0 
6043 26 0 31 0 43 0.6 51 0 64 0.8 67 0.5 77 0.9 78 0.3 91 0.4 
6195 6 1 10 1 15 0 34 0.9 44 0.8 51 0.6 59 0.6 75 0.4 
6258 2 0 55 1 63 1 74 0.3 75 0.7 78 0 90 0 91 0.4 96 0.8 
6360 7 1 15 0.9 29 0 47 0 61 0 72 0.5 76 0.9 90 0 91 0 
6603 5 0.9 8 0.3 11 0 31 0.5 42 0 54 0 65 0 74 0.5 
6911 6 0.4 70 0.3 96 0 
7354 42 0.3 44 0.3 60 0 64 1 65 0.7 67 0 71 0 74 0.8 87 0 91 0.9 
7499 28 0.4 
7552 9 0 14 0.3 18 0.3 26 0.7 29 0.8 47 0.8 67 0.8 70 0.6 82 0.9 89 0.8 
7747 74 0.8 
8012 1 0.8 16 0.8 29 0.9 51 0.9 52 0.4 56 0.3 65 0 68 0.6 74 0.9 78 0 
8032 0 0 3 0.9 5 0 14 0.4 16 0.5 32 0.7 39 0.8 46 0 83 0.8 91 0.8 
8145 54 0.5 85 0.3 
8214 4 0.5 25 0.6 47 0.7 71 1 78 0.4 79 0.8 
8239 13 0 30 0.6 42 0.8 51 0.6 62 0 69 0 72 1 81 0 
8245 25 0.6 29 0.9 35 0.9 36 0.9 44 0.8 49 0.3 63 0.5 71 0 74 0.5 85 0.5 
8247 13 0.7 42 0.8 53 0.7 55 0.5 74 1 
8581 19 0 48 0 53 0.5 59 0.4 68 0 74 0 
8846 10 0 50 0.9 75 0.4 
9131 18 0.3 94 0 97 0.8 
9455 17 0.4 23 0.8 
9599 2 0.6 3 0.4 50 0.5 54 0 85 0 
9780 8 0.9 50 0 69 0.9 95 0.6 
9923 9 0.8 32 0.6 49 0.5 55 0.6 56 0.5 
9980 19 0.9 27 0.5 28 0.5 29 0 32 0.6 48 0.9 57 1 61 0 64 0.5 95 0.4 
