100
64 27 0.9 50 0 69 0 81 0.4 
134 11 0.7 18 0.6 57 0 66 0.5 70 0.8 96 0.4 
140 56 0.3 61 0.9 76 0.6 
160 22 0.7 33 0.7 40 0.7 43 0.7 98 0 
237 4 0.5 24 0.4 29 0 48 0.5 52 1 57 0 59 0 62 1 89 0 
245 2 0.5 16 0.5 27 0.4 36 0.8 60 0.8 84 0.5 96 0.6 
375 74 0 
460 26 0.3 35 0.9 53 0.8 67 0 70 0.6 93 0 98 0 
572 0 0.5 4 0.7 18 0 38 0.8 75 0.5 
582 20 0.7 28 0.7 31 0 49 0.9 66 1 67 0.7 69 0.3 75 0.7 88 0 97 1 
605 2 0 16 0.4 27 0.4 61 0.6 95 0.5 97 0 
606 2 0.8 22 0 67 1 82 0.5 
621 37 0 44 0 47 0 56 0.5 75 0.6 93 0.5 
781 9 0 61 0.4 63 0.5 77 0.9 81 0.4 86 0 89 0 96 0 99 0.3 
845 25 0.8 
935 1 0 11 0.3 28 0.8 59 0.3 64 0.3 77 0.5 
1138 6 0.5 18 0.6 29 0 
1163 23 0 71 0.4 79 0.4 
1331 6 0 39 0 47 0 52 1 57 0 74 1 78 0.8 90 0.5 
1346 8 0.7 15 0.5 46 0.8 50 0.4 58 0 99 0.6 
1368 23 1 45 0.9 61 0.4 80 0.8 
1429 24 0.3 27 0.6 42 0.6 51 0 91 0.5 
1506 1 0.4 
1591 23 1 27 0.9 34 0.7 44 0.9 52 0 58 0.3 63 0.4 65 0.3 70 0 94 0.4 
1641 52 0.5 57 0.6 89 0.3 
1747 22 0 58 0 85 0 
1976 66 0.6 91 0 
1992 25 0 37 0 
1993 17 0.7 39 1 53 0.4 65 0.5 94 0.5 
2102 19 0 30 0.7 45 0 54 1 67 0.8 
2126 2 0 7 0.5 36 0.9 44 0.6 54 0.9 56 1 82 0.6 88 0 
2209 13 1 
2234 8 0.7 19 0.3 30 0.9 32 0 33 0.7 41 0.8 75 0.7 84 0.7 
2250 7 0 27 0 60 0.4 70 0 
2525 0 0.8 39 0.4 
2554 0 0.5 41 0.8 57 0.7 85 0.5 
2670 10 1 76 0.3 77 0.8 
2934 8 0.9 29 0.4 32 1 46 0.3 51 0 72 0.5 
3064 90 0 
3140 21 0.3 78 0.6 90 0.4 
3191 9 0 21 0.4 27 0 34 0.5 39 0.5 43 0.5 44 0.6 52 0.4 80 0.4 
3217 18 0.9 33 0.3 46 0 52 0.7 59 0 67 1 93 0.4 
3707 35 1 46 0 64 0.6 66 0 70 0.8 72 0.5 90 0.9 
3792 18 0.6 24 0.8 79 0.3 
3821 6 0.8 12 0.9 23 0.4 26 0.7 49 0.6 82 0 88 0.5 
3869 22 0.8 40 0.4 51 0.8 73 0.4 
3876 78 0.3 
3911 6 0.4 8 0.8 12 0.6 18 0 36 0.7 37 0 46 0 73 0 
3928 80 0 
4109 23 1 26 0 28 0.7 32 0 44 0 54 0.8 90 0 
4171 10 0.8 22 0.8 38 0.8 52 0.9 53 0 60 0.5 72 0.9 80 0.8 81 0 91 0.6 
4406 38 0.8 
4517 43 0.6 
5146 18 0 37 0.9 40 0 41 0.5 61 0.8 
5200 6 0 17 0.6 27 0 29 0.3 32 0.4 48 0 49 0.6 72 1 87 0 98 0 
5215 0 0 20 1 22 0.8 30 0.8 35 1 92 0.6 
5341 27 0.4 37 0.6 42 0.6 45 0 78 1 
5380 79 0.3 94 0.6 
5457 0 0.3 7 0.5 38 0.6 51 0.4 63 1 65 0.9 70 0.6 84 0.7 88 0.9 
5477 33 0 71 0.4 80 0.8 82 0 
5481 10 1 16 0.8 19 0 24 0.5 72 0.9 
5715 6 0.9 20 0.9 55 0.8 62 1 75 0.3 
5725 1 0.6 18 0.9 32 0.8 45 0.4 54 0.8 73 0.4 81 0.8 88 0.8 91 0 99 0.9 
5829 32 0 60 0.9 74 0.3 85 0 
5913 69 0 
6163 12 0 33 0.5 36 0.3 39 0.6 
6194 18 0 19 0 32 0.3 36 0.5 37 1 42 1 47 0 66 1 74 0 94 0.8 
6270 44 1 61 0 64 0 80 0.4 
6290 2 0.6 7 0.6 37 0.9 42 0.3 64 0.9 90 0.4 94 0 99 0 
6562 27 0.5 36 0.4 56 0.8 83 1 87 0.3 90 0 91 0 95 0.6 
6628 12 1 41 0.6 49 0 90 0 92 0.7 
6719 0 0.3 14 0.7 40 0.3 46 1 66 0.7 72 1 81 0 90 0.5 
6815 7 1 9 0.4 43 0.9 48 1 68 0 69 0 
6870 4 0.7 10 1 20 1 30 0 37 0.3 40 0 59 0.5 78 0 
6905 5 0.7 16 0.5 
7173 1 0.5 6 0.4 18 0.9 27 1 54 0.8 95 0 
7216 17 0.4 62 0.6 
7541 3 0 61 0.5 
7836 13 0 15 0.3 22 0.6 39 0.9 42 0 65 0.3 73 0.8 77 1 90 0 
7850 23 0.6 32 1 44 0.3 45 1 48 0 66 0.8 69 0.6 
8057 3 0.5 6 0 26 0 35 0.5 37 0 44 1 53 0.9 71 0.4 81 0 98 0.5 
8163 1 0 17 0.4 33 0.7 96 0.8 
8266 2 0 21 0.5 55 0 71 0.6 78 1 81 1 
8288 12 0.3 
8401 27 0.9 
8403 3 0.8 10 1 25 0.4 38 0.8 48 0.5 61 1 72 1 73 0.9 92 0 96 0.6 
8637 36 0 47 1 56 0 
8669 24 0.3 
8736 16 0 21 0 29 0.9 43 0 50 0.4 70 0 83 0.8 87 1 
8747 8 0.7 17 0 19 0 32 0.4 67 0.3 76 1 83 0.8 88 0.7 
8763 48 0 54 0.3 68 0.9 80 1 87 0.6 96 0.7 
8931 20 0.4 35 0.5 77 0.8 
9027 84 0.4 98 0.6 
9096 9 0.7 24 0.8 41 0 62 0.7 64 0 82 0.3 
9111 43 0 73 0 
9213 14 0.4 15 0.9 32 0.6 62 0 73 0.6 78 0 
9365 14 0.5 16 0 20 0.9 30 0.3 42 0.9 72 0 77 0 89 0.3 
9381 10 0.8 23 0 32 0 54 0.4 61 0 74 0.9 79 0.6 85 0.5 99 0.8 
9949 13 0 44 0.5 71 0.9 
9995 5 0.8 7 0.3 21 0 60 0.5 66 0.4 72 0.3 74 0 85 0.5 90 1 
