100
68 60 0.4 86 0 95 0.9 
77 2 0.6 29 0.5 41 0.8 44 0.4 47 0.5 50 0 86 0.9 99 0.6 
106 4 1 6 0 10 0 19 0 32 0.7 35 1 56 0.9 65 0.8 69 0.8 71 0 
169 10 0.3 54 0.7 69 0.8 
438 30 0.9 66 0 85 0.7 91 0.5 
447 26 1 29 0 42 0.8 68 0 72 0.9 85 0.6 88 0 93 0 
462 4 1 11 0.3 28 0.8 35 0.4 47 0 63 0.7 87 1 
531 7 0 21 0 43 0.7 67 0.7 72 0.3 73 1 92 0.4 93 0.5 
598 57 0 60 0.6 62 0.9 64 0.8 98 0.4 
673 0 0.3 40 0.4 41 0.5 56 0.4 59 0.6 70 0.5 78 0.6 79 0.5 
720 0 0.8 2 1 6 0 38 0 50 0.6 71 0.4 93 0 99 0.5 
789 55 0.3 
837 18 0 61 0.6 71 0.9 
921 16 0.7 95 1 
946 23 1 32 0.4 35 0.7 40 0.5 61 1 65 0.7 75 0 88 0.9 89 0.6 
947 2 0.6 17 0.6 40 0.9 44 0.8 66 0 69 1 70 0.4 74 1 79 0.3 
957 3 0.4 49 0 50 0 82 0.3 86 0 
1080 6 0.7 10 1 15 0 61 0 72 0.4 
1262 31 1 38 0.5 41 0.4 
1329 2 0.7 14 0 15 0.9 36 0 48 1 77 0.7 
1334 86 0.7 
1413 2 0.8 11 0.6 28 0 44 1 72 0.3 83 0.5 88 0.7 97 0 
1420 12 0.5 
1440 6 0.5 58 0 84 0 
1485 7 0 49 0.4 74 0.6 81 0.9 
1497 12 0.7 46 0.9 72 0 90 1 
1594 9 0.8 13 0 25 0.7 58 0.8 
1607 1 0.3 24 0.8 25 0.3 27 0.7 41 0.5 44 0.5 47 1 52 0.6 92 0.3 
1645 32 0.6 
1721 13 0 62 0.3 96 0 
2484 0 0 6 0.3 15 0.6 22 0.3 30 0 45 0.6 48 0.8 54 0.6 67 1 85 0 
2728 22 0.6 24 1 32 0.6 36 0.7 50 0.9 67 0.8 73 0.4 76 0.7 81 0 
2764 4 0.7 14 0.7 26 0.9 63 0.6 70 0.8 90 0.9 
2935 16 0.7 37 0 47 0 66 0.4 71 0.7 92 0.5 97 0.3 
3219 1 0.4 14 0 15 0.4 36 0.4 37 0.6 48 1 56 0.3 77 0.6 79 0.3 
3275 1 0.7 31 0.5 
3451 75 0.5 
3500 20 0.5 77 0 92 0.3 
3653 0 0.9 17 0.7 21 0.6 24 0 38 0.5 92 0.3 93 0.8 96 0.8 
3675 77 0.8 85 0.9 97 0.4 
4047 4 0.8 9 0.5 15 0.3 25 0.6 33 1 68 0 70 0.4 79 0.3 86 0 87 0.7 
4262 56 0.3 70 0.6 
4296 10 0.4 19 0 22 1 44 0.8 75 0.9 
4312 2 1 17 0 45 0.9 59 0.3 74 0.4 82 0 87 0.5 88 0.3 
4405 14 0.5 54 0.9 82 0.7 96 0 
4485 3 1 12 0.9 15 0 25 1 26 1 29 0.6 36 0.6 70 0 79 1 97 0.8 
4498 24 0.4 40 0 
4516 15 0.9 35 0.8 50 0.5 68 0 83 0.9 87 0.8 
4567 47 0 
4699 13 1 31 0.5 65 0.5 72 0 85 0.7 94 0.6 
4824 9 0 43 0.3 47 0.7 62 0.3 73 0.3 83 1 
4827 5 0.9 38 1 43 0.7 57 0.5 62 0.6 72 0.4 
4866 7 0.8 19 0.3 43 0.7 60 0 71 0 93 1 
4985 9 0.7 28 0.5 31 0 49 0 53 0.8 62 0.6 
5065 10 0 25 0 37 0.4 53 0.3 68 0.7 
5183 26 1 39 1 51 0.5 65 0.7 
5199 24 0 33 0.8 74 0.4 88 1 
5201 63 0.3 89 1 95 0.9 
5281 81 0.8 84 0.8 
5430 2 0.5 7 0.3 15 1 27 0.6 33 0.6 63 0 75 0.4 79 0.8 
5461 20 0 26 1 27 0.9 42 0.7 63 0 
5583 2 0.9 19 0 29 0.6 41 0 75 0.4 77 0.6 
5595 19 0.4 24 0.6 35 0 42 0 52 0 58 0.4 66 0 77 0.6 97 0.3 
5974 34 0 36 0 59 0.8 91 0.9 
6154 9 0 12 0 27 0.5 28 0.6 35 1 73 0.9 78 0 
6223 3 0.3 25 0.6 40 0.7 55 0 60 1 66 0.3 72 0.9 73 0.5 81 0.5 82 0 
6366 42 0.5 
6387 0 0 30 0.7 98 0.3 
6477 37 0.3 47 0.8 88 1 
7000 1 0.7 5 0.8 30 0.5 38 1 46 0.7 78 0.4 91 0 
7064 74 0 
7153 30 0.3 44 0.4 56 0.7 65 0 86 0 
7182 28 0.3 36 0.8 38 0.6 59 0.8 
7197 8 0.4 22 1 24 0 43 0.8 57 0.7 68 0 70 0.4 79 0.5 80 0.4 
7408 1 0.6 6 0.4 7 0 42 0.7 56 0.3 87 0.5 89 1 
7564 39 0 
7707 0 0 21 0.8 31 0.9 60 0.9 82 0.5 85 0.7 
7718 1 0.3 4 0.8 11 0.7 20 0.6 33 0.5 49 0.4 64 0.3 76 0.6 80 0.7 84 0.3 
7988 20 0.9 
8002 4 0 9 0.6 16 0.5 21 0.7 39 0.4 71 0 80 0.6 83 0.9 
8070 5 0.6 9 0 14 0.5 16 0.3 49 0.4 51 0.8 60 0 62 0 90 1 
8089 90 0.5 
8227 24 0.8 38 0 45 0 56 0.7 73 0.4 83 0.5 84 1 97 0 
8273 6 0.6 30 1 38 0.4 40 0 59 0 67 0.9 96 0.6 99 0 
8441 3 0 74 0.4 97 0 
8455 89 0.3 
8513 31 0.4 
8523 14 0.4 16 0 56 0.6 58 0.4 63 0.5 69 0.3 71 0 81 0.6 
8563 3 0.6 64 0.4 
8967 13 0 15 0 47 0.5 53 0.7 65 0.7 70 0 77 0.5 79 0.8 
9088 8 1 79 0.7 85 0.5 
9160 1 0.9 3 0.4 6 0.6 19 0 36 0.5 37 0.5 66 0.3 69 0.7 88 0.9 96 0.4 
9261 5 0 12 0.7 14 0.6 23 0.4 40 0 78 0 86 0 
9283 39 0.4 68 1 90 1 92 0.6 97 0 
9395 21 0 51 0 52 0 54 0 
9440 19 0.4 39 0.6 47 0 52 0 87 0.6 
9545 35 0 
9613 13 0.3 52 0.7 62 0 66 0.7 69 0.7 86 0.6 94 0.7 96 0.9 
9645 6 0.4 24 0 29 0.8 69 0 75 0.7 96 0 
9696 4 0 15 0.9 29 0 31 0.5 39 0.5 52 0.8 61 0.3 78 0.4 85 0.8 
