100
45 12 0 49 0.8 
60 4 1 25 0.9 44 0 
241 8 0.9 13 0.9 37 0.7 71 0.8 90 0 
539 1 0.3 32 0.5 36 1 42 0 45 0 48 0 59 0.4 60 0 77 0.5 78 0.4 
564 10 0 11 1 22 0.6 49 0 53 0.9 65 0 87 0.7 89 0.3 94 0 
636 10 0.4 35 0 42 0.8 52 0.9 66 0.6 71 0.9 90 0 94 0.6 
696 16 0 33 0.3 58 0.8 75 0.7 96 0 
995 21 0.4 
1038 13 0.4 38 0.9 74 1 83 1 
1094 56 1 61 1 76 0.8 
1148 1 1 4 0.8 20 0 24 0.9 29 0.3 33 0.5 79 0.9 93 0 94 1 99 1 
1157 3 0.3 5 0.8 14 0 18 0.7 24 0.4 38 1 60 1 85 1 86 0.9 95 0.9 
1397 15 1 24 0.4 45 0.4 63 1 73 0 85 0 94 0.5 97 0.7 
1466 66 0 
1470 21 0 37 0.9 66 0.7 69 0.7 77 0.3 
1653 13 0.5 17 0.7 33 0 45 0.8 48 0.5 67 0 72 1 79 0.8 85 0 91 0.3 
1662 4 0.6 20 0.3 30 0.9 51 0 68 0.7 
1884 51 0.7 57 0.6 63 0.4 65 1 69 0.5 74 0.8 77 0.7 78 0.9 89 0.7 93 0.9 
2057 2 0 47 0.5 52 0 98 0 
2236 15 0 18 1 68 0 75 0.8 92 0 94 0.4 95 0.8 
2256 3 0 12 0.9 15 0 19 0.9 24 0 26 0.7 32 0.8 46 1 60 0.9 81 1 
2352 6 0 33 0.4 42 0.9 58 1 60 0.4 62 0.4 68 0 73 0.8 96 1 97 0.7 
2593 21 0.9 53 0.5 67 0.5 
2626 8 0 13 0.5 19 0.9 22 1 25 0.3 32 1 85 0.8 94 0.4 
2638 22 0.7 72 0.5 80 0.4 
2665 3 0.7 6 0.9 39 0.5 53 0 97 0 
2683 39 0.6 41 0.7 74 0.7 85 0.4 
2788 39 0.4 60 0.5 72 0.4 
2845 42 0.5 95 0.5 
2847 2 0.6 6 0.9 19 0.4 21 0.3 46 0.9 66 0.3 69 0.8 74 0 
2850 0 0.6 79 0.4 
2930 7 0.7 19 0.4 37 0.9 65 0 77 0.8 81 0.4 
3065 5 0.6 8 0.8 18 1 30 0.9 51 1 54 1 94 0 
3182 16 0.6 62 0.8 76 0 93 0.9 
3304 4 0.9 9 0.3 17 0.6 42 0.3 52 0.5 60 1 85 0.9 
3404 4 0.9 8 0 20 0 46 0.7 54 0.9 63 0.6 81 0.9 83 0 84 0.4 
3406 11 0.6 13 1 14 0 33 0.6 39 0.6 79 0.6 80 0 86 0 92 0.9 99 0 
3414 1 0 9 1 25 1 28 0.8 36 0.7 56 0 69 0.7 86 0.6 
3421 3 0 4 0.7 16 0.4 46 1 57 0 67 0 80 0.9 87 0.4 88 0.6 94 0.5 
3813 3 0 7 0 53 0.3 58 0 60 0.7 69 0.5 72 0.9 
4093 21 0.3 30 0 31 0 74 0.9 92 0.4 
4094 5 0 8 0.3 12 0.7 19 0.8 25 0 36 0.4 62 1 92 0.9 
4199 0 0.9 3 0.4 78 0 90 0 
4262 56 0.4 70 0.4 
4410 82 0.4 
4428 6 0.8 21 0 49 0.6 62 0.8 69 0 75 0.8 
4456 6 0 
4652 0 0 1 1 12 0 17 0.4 33 0.4 39 0 91 0 
4699 13 0.4 31 1 65 1 72 0.7 85 0.7 94 0.4 
4703 5 0 16 0.9 17 0.9 38 0.3 45 0.7 59 0.6 62 0.6 
4856 11 0.9 13 0 26 1 53 0.9 54 0.7 57 0.5 62 0.9 67 0.9 87 0 88 0 
4990 32 0.7 40 0 95 1 
5026 2 0.9 44 0.4 70 0.3 77 0.7 92 0.3 
5456 40 0.4 86 0.6 90 0.5 98 0.9 
5574 3 0 18 0.5 20 0.6 38 0 48 0.5 61 0 63 0.9 90 0.7 
5620 10 0 46 0.7 55 0.6 91 0 
5882 74 0 
5979 9 0.6 56 0.4 76 0 
6273 6 0.7 14 0.4 20 0.8 35 1 54 0 64 0.3 76 0 
6293 15 0.9 41 0.6 43 0.7 52 1 68 0.9 96 0 
6354 12 0.7 14 0.3 15 0.3 27 0.7 52 0.8 60 1 65 0.8 70 0.8 84 0 
6381 41 0.7 74 1 91 0.7 
6392 8 0.9 63 0.8 88 0.6 
6657 22 0.7 86 0.4 
6686 2 0 7 0.7 13 0.7 21 1 54 0.4 67 0.3 70 0 79 0.7 80 0.5 91 0.9 
6723 3 0.4 12 0.6 20 0.8 24 0.3 25 0.7 37 0.9 70 1 81 0.3 98 0 
6767 20 0 24 0.8 27 0.6 36 0.5 49 0.5 
6916 54 0.4 55 0 86 1 89 0.3 
6970 0 0 9 0.8 13 0.8 38 0 56 0 69 0.4 72 0 77 0 85 0 88 0.3 
7027 75 0.6 77 0.9 87 0.6 
7037 36 0.9 62 0 75 0.9 77 0.5 81 0.5 
7048 58 0.3 65 0.9 80 0.9 93 0 
7072 8 0.8 17 0.9 25 1 47 0.5 54 0 55 0.9 71 0 89 0.7 99 0 
7211 23 0.3 51 0.5 
7473 2 0.3 31 0.3 37 0.8 54 0.7 80 0.3 88 0.9 90 0 
7550 31 0.9 
7664 4 0.5 12 0.6 16 0.9 42 1 46 0.7 50 0 63 0 64 0 74 0.7 76 0.6 
7728 22 0 24 0.5 65 0.3 67 0.6 
7776 1 0.3 10 0.7 30 0.4 35 0.4 41 0.6 62 0.9 63 0 66 0 67 0.6 93 0.3 
7785 24 0.3 37 0.9 40 0.9 83 0.6 
7860 5 0 42 0.5 47 0.6 55 0.8 74 1 
7944 24 0.6 
7979 29 0 33 0.5 52 0 80 0.4 
8060 62 0 74 0.9 
8420 4 0.9 69 0.7 
8423 38 0.9 81 1 97 0 98 0.3 
8491 7 0.8 17 0.6 27 0.9 48 0.6 72 0 87 0.5 88 0 99 0.3 
8717 13 0 32 0 35 0 52 0.5 
8841 5 0.8 56 0.9 82 0.4 94 0 
8920 8 0.6 41 0.4 65 0.3 67 0.7 74 0.7 90 0.5 91 0.3 95 0.9 96 0.7 
9099 86 0 
9510 2 0 22 0.7 35 0 43 0.4 54 0.7 65 0.9 68 0.4 82 0.5 85 0.5 93 0.3 
9598 60 0.9 76 0.9 79 0.6 98 0 99 1 
9648 39 1 47 0.3 64 0.7 
9669 19 0.3 38 0 68 0.4 76 0.3 94 0.4 
9806 0 0 30 0.5 80 0.6 83 0.8 88 0.8 
9809 12 0.8 15 0.7 55 1 69 0 87 0.6 
9842 2 0.8 28 0 56 0.4 72 0.6 86 0 
9850 0 0 10 0.9 33 0.6 35 0.4 69 0.7 84 0.5 
9991 9 0.7 12 0.5 13 0.3 34 0 57 0.9 69 0.8 74 0.6 89 1 94 0.6 
