100
16 16 0.9 23 0 34 0.8 66 1 76 0.5 91 0.3 92 0 
117 1 0.7 19 0.9 47 0.4 70 0 77 1 83 0 88 0.4 96 0 97 0.3 
369 14 1 37 0.8 41 0.4 76 0 
408 4 0.4 19 0.9 26 0 34 0 39 0.9 53 0.8 
516 6 0.3 13 0.9 25 0 61 0.4 66 0 77 0.6 
550 36 0.3 64 0.9 86 0.7 
551 5 0.5 7 0.9 11 0.8 15 1 24 0 26 0.9 29 0.9 55 0.3 64 0.9 76 0.7 
552 22 0 28 1 55 0.7 
572 0 0.3 4 0.4 18 0 38 0.7 75 0 
596 14 0 16 0.9 17 0.7 41 1 54 0 77 0.7 78 0.5 
633 29 0.3 86 0.8 
757 4 0.3 28 0.6 48 0.6 91 0.7 
821 8 0.5 12 0.4 51 0.9 87 1 
824 17 0 36 0.6 59 1 
868 27 0.8 
878 5 0.6 10 0.4 36 0.9 47 0.4 49 0 70 0.8 75 0.6 79 0.9 96 0 99 0.5 
924 59 0.9 65 0.8 83 1 99 0.7 
940 40 0.9 90 0.4 94 0.5 
1024 9 0.6 18 0 29 0.8 33 0.7 81 0.8 99 0 
1082 29 0.9 33 0.9 55 0 89 0.9 
1164 5 0 18 0.8 20 0.3 24 0.8 27 0.4 29 0 35 1 41 0 72 0 
1228 16 0.5 78 0.7 
1466 66 0.7 
1499 2 0.3 15 0 23 0.5 29 0.3 58 0.4 65 0 68 0.8 98 0 
1560 17 0.3 19 0 43 0.9 89 0 
1569 2 0.5 5 0.4 8 0 20 0 26 0.4 42 0.8 49 0.3 99 0.5 
1677 23 0 41 0.3 
1697 17 0.6 43 0.9 58 0 
1826 7 0.4 41 0.9 95 0.3 
1905 20 1 21 0.7 25 0.8 32 0.9 56 0 60 0.4 65 0.3 66 0 72 0.8 75 0.3 
2447 6 0 13 0.4 26 1 27 0.4 38 0 47 0.3 64 0.9 
2485 1 0.4 56 0.3 59 0.6 63 1 
2519 14 0.5 20 0.9 23 0.4 39 0.7 73 0.6 
2567 6 0.4 15 0.3 39 0.7 64 0 84 0.6 94 0.3 
2593 21 1 53 0.9 67 1 
2749 10 0.3 60 0.7 68 0 
2891 66 0.6 78 0.9 87 0.3 90 0.8 96 0 
2932 10 0 22 0.4 25 0 33 0.4 53 0.3 71 0.7 87 0.7 
3062 55 0.8 99 0.6 
3083 48 0 85 0.9 89 0.4 
3108 66 0.4 70 0.4 94 0.9 
3155 13 1 28 0.7 42 0.8 44 0.8 55 0.3 71 0.9 76 0 80 0.7 83 0.5 96 0.7 
3393 4 0.9 7 0.7 8 0 20 0.6 25 0.5 42 0 71 0.4 89 0.8 
3673 17 0.3 20 0.4 28 0 43 0.3 49 1 53 0.9 64 0.8 74 0 83 0.8 85 0.9 
3770 35 0.6 
3861 0 0 10 0 12 0.6 24 0.3 38 0 89 0.6 91 0.6 93 0 94 0 
3897 17 0.4 34 0.9 
3991 17 0.3 25 0 32 0.8 33 0.7 38 0.3 57 1 80 0 89 0.3 96 0 
4035 54 0.5 55 0 57 0.3 66 0.3 
4225 12 0 21 1 44 0.5 63 0.5 64 1 70 0 
4630 2 0.9 51 0.9 58 0 75 0 81 0.9 
4763 0 0.7 14 0.7 19 0.6 39 0.4 57 0.6 80 0 
4883 15 0 19 1 39 0.7 52 0.7 59 0.7 61 0.4 75 1 85 0 86 0 94 0.8 
4936 20 0 24 0.8 29 0 41 0.7 45 0.5 59 0 60 0.5 75 0 
4974 2 0.6 7 0.9 12 0.4 19 0.4 22 0.9 29 0.8 47 0.9 84 0.7 
4981 3 0.7 9 0.7 18 1 20 0.5 50 0.5 63 0 76 0 92 0 
5023 7 0.4 24 0.7 35 0.9 36 1 71 0.3 80 0.3 
5327 4 0.9 10 1 37 0.7 59 0.9 73 0.4 74 0.9 
5389 1 0.3 26 0.4 93 1 
5649 6 0.9 13 0.9 19 0.9 33 0.3 38 1 40 0 52 0.6 53 0.5 78 0.9 94 1 
5656 0 1 8 0.7 15 0.4 50 0.3 51 0.3 67 0.6 69 0.8 73 0.8 
5735 9 0 23 0 32 0 36 0 52 0.4 93 0.4 
5779 15 0 21 0 53 0.6 56 0 62 0.8 94 0.6 96 0.6 98 0.7 
5792 10 0.9 13 1 25 0 35 0.4 54 0.7 81 0 
5864 15 0.8 37 0 
6064 8 0 9 0.9 34 0 77 0.7 79 1 
6212 19 1 62 0 91 0 
6233 22 0.7 25 0.4 28 0.6 61 0 63 0.4 78 1 92 1 95 0.7 
6604 11 0.3 19 0 40 0.3 56 0.6 66 0 68 0.8 71 0.6 76 0.5 93 1 94 0.8 
6676 21 0.7 40 0.9 74 0.4 81 0.6 
7084 1 0.6 7 0.4 13 0.9 67 0.7 74 0.8 84 1 87 0.4 
7122 69 0.6 
7260 9 0 34 0.8 39 0.9 51 0.5 62 0.3 73 0.4 84 0.8 85 0 97 0 
7486 3 0.5 14 0.6 53 0.6 78 1 90 0 92 0.6 98 0.5 
7541 3 0.6 61 0 
7545 5 0 19 0.6 33 1 37 0.9 39 0 46 0.7 87 0.5 
7800 4 0.9 30 0.7 95 0 
8021 20 0 37 0 60 0 61 0.3 72 1 73 0.8 96 0.9 
8060 62 0.7 74 0 
8088 14 1 28 0 77 1 
8099 4 0.8 9 0.9 33 0.7 42 0.9 51 0.4 60 0.5 69 0.6 76 0.3 92 0.6 94 1 
8160 24 0.8 39 0.5 83 0 84 0.9 86 0.5 
8376 4 0.8 7 0 17 0.9 27 0.6 28 0.4 30 1 61 0.8 82 0.5 
8381 63 0 
8403 3 0 10 0.8 25 0.4 38 0 48 0.6 61 0.3 72 0.7 73 0 92 0 96 0 
8436 13 0 
8446 10 1 64 0.4 68 0.9 75 0.6 96 0.7 
8650 8 0.9 12 1 17 0.5 45 0.7 77 0.8 82 0.5 84 0 85 0.4 87 0.8 
8742 6 1 45 0.7 51 0.9 56 0 79 0.6 83 0 88 1 
8860 80 0.4 
9093 9 0 19 0.7 28 0.3 31 0.4 38 0.5 47 0.8 73 0.6 81 0.8 84 0.7 94 0.7 
9135 26 1 59 1 
9140 15 0.7 40 0.8 67 0 
9170 12 0.7 61 0 67 0.6 86 0 
9171 3 0 6 0.6 87 0 
9246 6 0.9 7 0.5 50 0 58 0.8 61 0.8 84 0 85 0.8 95 0 
9284 21 0.8 23 0.7 27 0 33 0 45 0.5 58 0.3 59 0 84 0.3 
9520 19 1 33 0.7 50 0.3 69 0.3 82 1 
9824 5 0.5 12 0.8 17 0.9 28 0.9 30 0.6 62 0.9 74 0 80 0.9 83 0.6 94 0.3 
9866 80 0.3 
