100
154 5 0 9 0.8 11 0.4 13 0.6 28 0.6 30 0 74 0.8 76 0.9 83 0.8 91 0 
296 1 0.5 10 0 12 0 17 0.4 29 0.6 40 0.9 59 1 67 0 71 0.5 
536 32 0.3 42 0 67 0.5 90 0.6 
581 36 0.6 40 1 56 0.3 62 1 65 0.8 
625 10 1 14 0.6 23 0 24 0.7 25 0 26 0.6 33 0 48 0.4 68 0 
709 8 0 95 0.3 
722 0 0.9 5 0.7 6 1 7 0 28 0.5 31 0 34 0.4 53 0.5 54 1 
882 5 0.8 29 0 65 0 
1073 1 0.4 12 0.7 13 0 45 0.5 72 0.6 80 0.8 83 1 
1109 26 0.7 31 0 49 0.8 73 1 75 0 96 0.5 
1148 1 0.8 4 0.4 20 0.4 24 1 29 0.5 33 0.5 79 0.7 93 0.6 94 0 99 0 
1232 62 0.5 
1297 8 0.8 11 0.7 86 0 
1302 17 0.4 28 0.8 42 0.7 61 0 79 0 
1326 34 0.4 36 0 61 0.5 67 0.8 74 0.7 77 0.7 78 0 82 0.8 84 0 
1414 9 0 22 0.3 31 0.5 36 0.5 62 0.8 66 0.5 89 0.3 93 1 99 0.8 
1507 1 0.8 8 0.6 12 0.4 17 0 25 1 49 0.9 
1521 2 1 98 0.9 
1797 3 0.8 23 0.5 25 0.7 68 0.3 87 0 
1803 31 0.5 40 0 42 0.7 59 0.5 82 0.6 86 0.6 87 0.3 
1805 8 0.9 75 0.6 85 0.5 
1925 21 1 40 0.9 42 0.7 67 0.9 73 1 
1939 20 0.8 56 0.7 98 0 
2033 85 0 
2102 19 0 30 0 45 1 54 1 67 0.9 
2221 8 0 49 0.5 52 0.3 65 0.6 93 0.7 97 0.4 98 0.4 
2305 45 0 
2414 53 0.8 
2563 25 0 39 0.8 98 0.6 
3038 33 1 63 0.7 81 0 84 1 
3126 4 0.8 32 0 38 0.4 47 0.4 64 0.6 69 0.6 
3319 5 1 16 0.4 33 0.8 35 0.9 71 0.6 74 0.6 77 0.4 79 0.4 
3372 5 0 20 0 21 0 28 0 44 0.9 76 0.9 88 0.8 99 0.8 
3493 1 0.8 15 0 33 1 37 0.8 42 0.8 50 0 71 0 
3507 0 0.9 14 1 16 0.6 18 0 32 0 53 0 78 0.4 
3562 3 0 16 0.9 20 0.7 36 0.4 42 0.9 67 0.6 73 0 86 0.5 92 1 
3624 9 0 56 0.6 90 0.9 98 0 
3658 26 0.5 42 0.3 56 0 61 0.9 82 0.3 89 0.9 98 0.7 
3708 35 0.7 69 0.4 
3718 12 0.7 14 0.5 53 0.8 74 0 88 0 
3871 9 0.8 42 0.9 58 0.3 73 0.8 88 0.9 97 0.7 
3957 3 0 18 0.3 19 0.3 51 0.7 56 0.5 59 0.9 61 1 89 0.5 
4255 47 1 60 0.5 
4373 10 0 28 0.5 33 0.5 37 0.5 58 0.9 84 0.3 96 0.7 
4456 6 0.6 
4559 25 0.8 36 1 59 0 63 1 69 0 71 0.7 78 1 
4790 3 0.5 26 0.9 34 1 38 0.3 60 0.7 64 0.3 84 0.5 94 0.5 
4894 24 0 58 0.4 
4960 1 0.8 8 0.4 19 0.5 24 0.4 34 0.8 69 0.7 76 0.4 96 0.4 
4966 22 0 27 0.4 31 1 37 0.8 72 0.8 77 0 80 0.4 81 0.3 88 0.7 99 0.7 
5095 60 0.7 63 0.4 69 0.9 86 1 95 0 
5185 47 0 56 0 99 0.6 
5257 89 0.3 
5277 2 1 3 0.6 33 1 37 0.8 39 0 81 0.7 90 0.4 91 0.4 
5452 27 0 77 0 87 0 
5475 30 0.9 94 0.9 
5604 10 0.4 20 0 33 0.4 43 0.7 64 1 71 0.5 91 0.9 94 0 
5605 6 0.6 8 1 44 0 87 0 88 0.4 89 0.4 
5617 4 0.6 7 1 22 1 52 0.7 60 0 63 0.6 
5646 14 0.4 35 0 40 0.9 62 0 82 0 84 0 89 1 92 0 94 0.7 
5675 24 0.7 27 0 71 0 78 0.9 
5931 27 0.4 37 0.3 55 0 60 0.9 82 0 88 0.5 
6352 1 0.7 31 0 47 0.7 
6728 10 0 15 1 24 0.9 62 0.6 64 0.3 86 0 88 0.6 
6743 27 0.6 40 0.3 42 0.6 49 0.5 79 1 89 0 90 1 
6745 4 0 5 1 62 0.4 80 0.7 90 1 
6756 14 0.8 22 1 24 0.7 43 0.4 89 0.9 93 0.8 
6965 64 0.5 
6984 29 0.8 71 0.9 74 0.9 
7021 33 1 35 0.4 45 0 49 0 72 0 90 0.8 94 0.4 
7375 10 0.6 93 0.8 
7453 9 1 26 0.6 53 0.5 74 1 79 0.9 83 0.6 99 0.6 
7471 25 0.6 26 0.9 30 0.5 38 0.3 53 0.7 80 0.9 89 0.7 
7667 10 0.3 25 0 99 1 
7753 92 0 
7765 15 0.8 33 0.4 37 0 45 1 54 0.6 77 0.4 91 0 95 0.9 
7901 97 0 
7920 9 0.4 31 0 35 1 57 1 62 0 
8015 6 0.6 17 0.4 37 0.7 45 0 60 0.4 67 0.8 77 0.3 93 0.8 
8343 17 0.7 35 1 58 0.9 79 0.8 85 0.3 
8551 5 0 16 0.7 32 0.6 35 0.8 80 0.3 94 0.3 98 0 
8741 0 0.5 25 0.4 30 0.8 51 0.3 66 0.9 72 0.9 84 0 97 0.4 
8811 11 1 14 0.7 22 0.6 25 0.7 37 0.8 48 1 65 0.5 74 0.6 90 0.4 
8906 1 0.3 10 0 14 0.4 32 0.4 38 0 53 0.3 54 0.3 70 0.4 87 0.8 
8951 27 0.5 39 0.5 41 0 49 0.7 50 0.7 65 1 88 0.8 93 0.3 
9016 0 0 33 0 54 0.8 
9162 1 1 9 1 17 0.5 22 0.6 64 0.5 70 0.8 
9239 4 0.4 23 0.7 24 0.5 38 0.8 54 0.8 75 0.5 83 0.7 98 0.9 
9300 6 0.6 14 0.8 29 0.4 33 0.9 43 0.8 49 0.8 63 0.5 67 0.7 
9330 10 0.9 16 0 37 0.3 42 0.4 46 1 55 0 72 0 
9336 8 1 25 0.9 48 0 59 0.4 71 1 72 0 89 0.6 99 0.5 
9354 24 0.9 42 0.3 58 0 
9708 8 0.9 15 0 22 0 46 0 66 0 69 0.6 71 0.5 80 1 91 0 
9748 1 1 55 0.7 56 1 68 0.5 78 0.9 93 0.9 95 0 
9791 28 1 
9889 6 0.9 16 0.7 27 0.9 57 0.4 59 0.6 93 0.6 
9911 23 0 43 0.6 65 0.7 
9939 23 0.6 29 0.7 36 0.3 39 1 47 0.5 69 0.5 73 1 76 0.4 77 0.6 95 0.3 
9947 29 0 33 0 68 0.3 87 1 
9978 3 0 8 0.5 10 0 18 0.7 34 0.8 46 0 75 0.6 82 0.8 
