100
170 3 0.6 18 0.8 19 0.3 75 0 
184 24 0.6 36 0.7 38 0 66 0.7 
240 15 0 23 0 39 0.5 60 0 77 0.6 87 0.7 90 0.6 
249 17 0.6 26 0.7 47 0.9 54 0 55 0.6 70 0.5 76 0.7 79 0.3 
294 21 0.5 43 0.7 49 0 
317 39 0.7 
318 4 0.8 28 0 69 0.8 77 0 96 0 
355 4 0 5 0 14 0.9 29 0.9 42 0 56 0.4 60 0.3 73 0.4 77 0.6 
393 14 0.5 53 0 57 0.5 60 0.7 72 0 84 0.9 97 1 
510 35 0.4 49 0.8 93 0.8 
669 8 1 27 0.4 41 0.5 45 0.3 56 0.7 80 0.7 96 1 
699 1 0.6 31 0.9 50 0.3 76 0.9 
723 10 0.3 72 0 79 0 98 0.3 
965 13 0.6 23 0 30 0 35 0.3 53 0.6 62 0.5 65 0.5 69 0.7 75 0.8 85 0.3 
1040 12 1 44 0.5 52 0 56 0.7 65 0 96 0 
1131 64 0.6 
1148 1 0 4 0 20 0.7 24 0 29 0.8 33 0 79 0.7 93 1 94 0.8 99 0.9 
1296 16 1 39 0.5 84 1 
1405 94 0.9 
1481 41 1 
1513 4 0.9 35 0.6 43 0.8 46 0 76 0.4 88 0.9 
1825 88 1 
1847 2 0.4 21 0.6 38 0.4 51 0.6 83 0.4 
2030 2 0.4 12 0 16 0.7 28 0.6 
2084 25 0.4 57 1 60 0.3 74 0.5 
2202 47 0 
2223 28 0 29 0.6 34 1 50 0.7 53 1 68 0.4 95 1 98 0 
2278 0 0.7 3 0 21 0.5 27 0 57 0 78 0 82 0.8 
2388 88 0.6 
2407 4 0.4 29 0 55 0.5 
2430 19 0 42 0.5 48 0.9 56 0.8 67 0.7 84 0.6 96 0.3 
2639 14 0.7 49 1 83 0.3 
2672 12 0 19 0.4 44 0.9 
2807 10 0.8 22 0 51 1 70 0 74 0.9 88 0 89 0.8 92 1 94 0.4 
2865 13 0.9 32 0.3 40 0 54 0 65 0.8 93 0.5 
2906 11 0.8 14 0.9 15 0.3 66 0.9 80 0.8 91 1 94 0 
2966 10 0.5 18 0.5 25 0 33 0 49 0 50 0.7 66 0.3 76 0.3 
3136 7 0.3 8 0 17 0.5 19 0 52 1 57 0.9 60 1 72 0.3 77 0.5 79 0 
3319 5 0.4 16 0.9 33 0 35 0 71 0.7 74 0.8 77 0.7 79 0 
3349 56 0 89 0 
3410 8 0.9 51 0.9 70 1 89 0.6 90 0 
3518 4 0.8 26 0.8 80 0.7 
3621 33 0 42 0 47 0.7 62 0.7 75 0 
3641 53 0.8 60 0 
3656 1 0 38 0.8 71 1 96 0 
3708 35 0.9 69 0.7 
3902 1 0.6 13 1 37 0 
3910 17 0.9 
4070 0 0.9 10 0.9 29 0.8 30 0.7 51 0.3 72 0.7 81 0.9 84 0.7 98 0.5 
4169 42 0.5 
4203 11 0 15 0 18 0.7 19 0.9 40 0 46 1 57 0 64 0 69 0.6 77 1 
4373 10 0 28 0 33 1 37 1 58 0.4 84 0.5 96 0 
4411 0 0.8 21 0.8 46 0.9 80 0.5 
4620 19 0.6 36 0 45 0.6 51 0 53 0.6 55 0 
4642 5 0.4 36 0 42 0.3 52 0.7 55 0.5 68 0.8 76 0 89 0.8 94 0.4 
4662 8 0 53 0.9 69 0 90 0.8 
4819 22 0.3 48 0.3 52 0 64 0.7 
4834 1 0.7 9 0.9 20 0.4 28 0.7 31 1 48 0.9 50 0 74 0.6 78 0 88 0.7 
4945 34 0 49 0 52 1 57 0 64 0.5 90 1 93 0.9 99 0.5 
4966 22 0 27 0.3 31 0.7 37 1 72 1 77 0.4 80 0 81 0.8 88 0 99 0 
5047 7 0.5 53 0.8 
5142 17 0 19 0.8 28 0.7 30 0.4 78 0.3 
5303 15 0.3 53 0 
5416 1 0.9 
5544 16 0 18 0.8 47 0.9 61 0.7 98 0 
5566 7 0 81 0.5 82 0.8 
5649 6 0.4 13 0 19 0.8 33 0.4 38 0.9 40 0.5 52 0.4 53 0 78 0.7 94 0.9 
5760 14 0 30 0.4 56 0.5 63 0.9 
5784 3 0.6 17 0.3 21 0 78 0.9 
5871 15 0 24 0.3 56 1 84 0.3 94 0.7 
5964 2 1 38 0.8 49 0.6 59 0.5 
6060 4 0.3 14 0.8 25 0 45 0 50 0.9 64 0.3 65 0.3 90 0.6 94 0.3 98 1 
6468 19 0.5 29 0 51 0.7 54 0 59 0.9 71 0.5 79 0 
6484 23 0 31 0.9 39 0 50 0.8 81 0.7 88 0.8 
6753 0 0.6 34 0 35 0.8 39 0 42 1 54 0.9 75 0.3 
6784 8 1 11 0.7 13 0.7 23 0.8 58 0.5 74 0 77 0 80 0.8 86 0 
6792 54 0.4 58 0.8 90 0 98 0.8 
6859 63 0 
7075 5 0.5 15 0.6 20 0.3 34 0.5 40 1 41 0 62 0.7 63 0 65 0.6 85 0.9 
7485 17 0.6 19 0.6 23 0.8 51 0.9 77 0.9 
7539 10 0 20 1 52 0.3 78 1 99 0.5 
7693 6 0.8 9 1 11 0.5 33 0 54 0.5 61 1 
7882 1 0.4 4 0 42 0.4 48 0 62 0.6 68 0 95 0 
7931 8 0 16 0 18 1 33 0.9 45 0 62 0 67 0 69 0.3 78 0.8 85 0.6 
8017 9 0.8 36 0.3 70 0.6 79 0.6 91 0.6 
8247 13 0.7 42 0.7 53 0 55 0.8 74 0.4 
8273 6 0 30 0.8 38 0.8 40 0 59 0.3 67 0.3 96 0.4 99 0.7 
8599 7 0.4 21 0.6 26 1 33 1 48 0.6 78 0 79 0.9 
8718 21 0.3 33 0.3 37 0.5 39 0 60 0.5 86 0 
8853 19 0.4 44 0.8 46 0.3 72 0.8 
9263 2 0.4 24 0.7 48 0.7 78 0.8 
9326 2 1 55 0.9 60 0.8 65 1 73 0.4 
9338 17 0.8 
9357 98 0 
9481 3 0.4 22 0.7 25 0 50 0 58 0.8 70 0.8 74 0 75 1 88 0.6 
9614 18 0 19 0.5 22 0.5 52 0.3 73 0.7 77 0.4 
9665 2 0.3 5 0.4 19 0.5 24 0.6 49 0 62 0.3 66 0.5 78 0 82 0.6 83 0 
9707 14 0.9 36 1 
9791 28 0 
9875 19 0.5 29 0.9 31 1 35 0 46 0.6 48 0.6 84 0.7 89 0.8 
