100
76 14 0.7 42 0.3 49 0 59 0.4 60 0.7 61 0 64 0.8 67 0 93 0 
124 7 0.8 53 1 66 0.8 67 0.7 80 0 81 1 82 0 88 0.9 90 0 
134 11 0.9 18 0.5 57 0.8 66 0.9 70 0.9 96 0 
200 22 0.7 28 0.7 62 0.6 76 0.8 86 0 
231 21 0.3 37 0.7 93 0.6 
344 21 0.4 29 0.6 33 0.4 58 0.6 73 0.3 77 0 88 0.6 89 0.5 91 0.8 
391 54 0.8 91 0 
546 6 0.3 55 0.4 
675 8 0.9 15 0.5 33 0 41 0.8 45 0 82 0 88 0.3 91 0.7 
724 63 0.4 69 0 87 0.8 
735 46 0.3 83 0.7 98 0 
778 4 0.6 28 0.3 34 0.3 37 0 47 0.7 58 0.9 60 0.4 75 0 88 0.4 
799 70 0.4 
828 0 0 7 0 24 0.7 31 0.3 34 0.5 51 0.9 68 0 78 0.5 86 0 92 0.3 
977 0 0.8 6 0 8 0 75 0.7 77 0.7 
1015 13 0.7 
1024 9 1 18 0.8 29 0 33 0 81 0.9 99 0.8 
1051 70 1 84 0.5 91 0.9 94 0.9 
1075 10 0 12 0.7 24 0 36 0 46 0 51 0 52 0.4 59 0 92 0.3 96 1 
1098 18 0.4 21 0.9 63 0.7 94 0.9 
1099 19 0 65 0.5 69 0 83 0.5 
1147 37 0.7 74 0 
1153 52 0.3 53 0.9 59 0.4 83 0.5 88 0 
1247 7 0.9 12 0.8 26 0 43 0.3 54 0.8 70 0 72 0.4 88 0.5 
1971 5 0.4 11 0.7 12 0.6 29 0 36 0 51 0.6 83 0 88 0.3 91 1 96 0.6 
1992 25 0.8 37 1 
2045 1 0.3 6 0 20 0.9 22 0.5 46 0.9 49 0 56 0.8 61 0.3 98 0.6 
2171 22 0.6 42 0.4 53 0 68 0.8 
2223 28 0 29 0 34 0.9 50 0.7 53 1 68 0 95 0.6 98 0.6 
2283 0 0.4 2 0.9 27 0 38 0.6 62 0.5 
2341 12 0.6 62 0 70 0.4 91 0.9 
2353 4 0.8 10 0 26 0.9 39 0.9 51 0 76 0.7 82 0.5 97 0 
2477 98 0 
2772 77 0 
2786 12 0.3 17 0.4 20 0.3 39 0.7 52 0.5 67 1 70 0 75 0 
2883 4 0.6 33 0.8 51 0 83 0.3 
2927 30 0.5 34 0.5 
3270 4 0.4 5 0.3 8 0.5 37 0.4 93 0.7 95 0.4 
3313 6 0.9 20 0.6 22 0.7 28 0 40 0 69 0 77 0.8 91 0 94 0.8 
3366 2 0.9 3 0.6 21 0.9 32 0 46 1 54 0 61 0.4 86 0.4 92 1 95 0 
3371 60 0.9 86 0.9 98 0 
3382 76 0.6 92 0 94 1 96 0.5 
3644 39 0 44 0.5 
3799 6 0 11 0 13 0.9 14 0 28 0 99 0.7 
3800 58 0.3 
3832 7 0.8 19 0.6 21 0 45 0.6 72 0 81 0.6 85 0.8 
3861 0 0.3 10 0.5 12 0 24 0.4 38 0.9 89 0 91 0 93 0 94 0.7 
3889 8 0 24 0.8 33 0 46 0.4 82 0.8 84 1 91 0.9 94 0.6 98 0 
3936 3 0 4 0.8 6 0.3 21 0.6 24 0.8 76 0.7 77 0 92 0.4 
3967 1 0.4 11 0 15 0.4 23 0.5 47 0.5 54 0 60 0.3 65 0.5 99 0.9 
4051 17 0.9 26 0.8 
4523 6 0 14 0.6 21 0.6 30 0.7 32 0.7 35 0.8 50 0.4 56 0.5 63 0.6 73 0 
4793 31 0.3 55 0.5 
4862 65 0.8 
4963 64 0 
4991 16 0.9 29 1 31 0.8 61 0.5 76 0.7 95 0 
5021 26 0.5 32 0.5 40 0.9 60 0.8 67 0.9 95 0 
5122 9 0 14 0.7 15 0.8 63 0 68 0.8 71 0.7 77 0 82 0.7 
5156 3 0.4 27 0 34 0 36 1 38 1 40 0.8 61 1 75 0.7 
5337 2 0 11 1 22 0.7 35 0.4 46 0.8 59 0.4 75 0.5 95 0.7 
5420 63 0.6 65 0 80 0 
5724 4 0.8 6 0.5 9 0.9 19 0.3 23 0 57 0.3 79 0 85 0.6 
5835 19 0 21 0.4 27 1 39 0 48 0.3 79 0 96 0.9 
5876 7 0.6 12 0.5 14 0.9 51 0.7 62 0.6 84 0.3 95 0.8 
5893 48 0.6 
5966 10 0.9 24 0 33 0.7 42 0 43 0 63 0.3 73 0.5 80 0.9 82 0.9 97 0.8 
5986 36 1 
6190 0 0.7 15 0.7 47 1 54 0.4 69 0 86 0.6 88 0.9 98 0.4 
6276 3 1 64 0.3 
6294 23 0 43 0.7 47 0.8 64 0.7 87 0.8 91 0 98 0.7 
6308 35 0.6 57 0.6 94 0.7 95 0.3 
6341 4 0.6 14 0.3 67 0.5 79 0 
6421 20 0.5 40 0.4 71 0.3 74 0 
6528 13 0 57 0.3 61 0.8 67 0.6 86 0 90 0 97 0 
6713 16 0 18 0.5 61 0.5 70 0.4 72 0.5 86 0.6 97 0 
6778 2 0 3 0 15 0 17 0.8 28 0.5 34 0.7 48 0.7 65 0.5 70 1 95 0 
6846 90 0.4 96 0 
6936 11 0.5 14 0.4 38 0.8 50 1 58 0.6 63 0.8 66 0 96 0 
6944 3 0.7 19 0.3 89 0.9 94 0.4 98 1 
7050 28 0.9 54 0.6 86 0 
7104 64 1 74 0.5 76 0.6 78 0.8 90 0 98 0 
7139 6 0.4 8 0.9 26 0.8 67 0.3 79 0.4 90 0.9 97 0.5 
7209 5 0.4 6 0 25 0 62 0.8 67 0 87 0 
7430 6 1 9 0.6 19 0.6 30 0 31 0.5 53 0.8 70 0.7 79 0.8 97 0.7 
7696 0 0 9 0.8 52 0.6 76 0.6 81 0.9 
7786 3 0 6 0 12 1 19 0.4 42 0.4 49 1 70 1 71 0.6 85 0 
7800 4 0.3 30 0 95 0.8 
7833 21 0.6 29 0 
8221 23 0 30 1 53 0.9 99 0.9 
8589 27 0 
8602 22 0.8 36 0.6 74 0.9 79 0.3 81 0.9 
8693 3 0.6 34 0 56 0 75 0.3 84 0.7 
8963 17 0 21 0.9 52 0 58 0.4 86 0 96 0 
9109 34 0.8 39 0.6 62 0.5 77 0 87 0.6 98 0.3 
9137 22 0.6 
9609 8 0 9 0.8 37 0.3 56 0.8 90 0 
9643 4 0 24 0.3 65 0.4 74 1 84 0.6 
9827 3 0.7 28 0.4 33 0 36 0 60 0.6 67 1 71 0.4 87 0.8 88 0 89 0 
9887 59 1 84 0.5 95 0.3 96 0.6 
9921 5 0.3 14 0.7 51 0 62 0.5 63 0.6 85 0 
