100
25 6 0.5 36 0 47 0 56 0 61 0.5 68 0.6 99 0.4 
37 15 0.5 19 0.5 
42 2 0 20 0.6 36 0.4 61 0 73 0.3 76 0 78 0 83 0.6 87 0.6 89 0.5 
82 52 0.8 60 0 70 0.8 75 0.5 
104 6 0.5 10 0 47 0.8 51 0.7 92 0.3 
121 56 0.7 88 0.8 
128 70 0 75 0.9 93 0.5 
206 3 0.7 46 0.6 75 0.4 86 0.8 93 0.8 
431 43 0.5 
433 15 0.6 59 0.4 
524 0 1 
526 0 0 11 0.5 18 1 32 0.4 50 0.8 54 0 74 1 92 1 93 0.7 96 0.3 
760 44 0 63 0 
893 11 0 14 0.4 76 1 
926 27 0.9 35 0 37 0 48 0.8 50 0.9 92 0 
932 4 0.7 81 0.5 
1244 7 0.9 25 0.8 40 0.4 55 0.3 72 0.8 81 0 82 0.9 87 1 90 0.3 
1277 1 0.6 38 0.5 82 0.4 
1320 11 0.5 16 0.6 61 0.4 
1332 5 0.6 15 0.9 25 0 39 0.3 66 0.4 76 0.8 94 0.4 95 0.6 
1365 64 0.9 
1398 3 0.7 71 0.4 
1602 10 0 63 0.3 
1671 70 0.7 
1812 6 1 12 0.5 58 0.3 59 0.8 65 0.7 69 1 77 0 84 0.8 85 0.4 97 0.7 
1981 28 0 29 0.6 53 0 60 0 85 0.3 88 0.7 99 0 
2062 1 0 5 0.4 36 1 45 0.3 61 1 65 0.6 77 0 88 0.5 98 0 
2306 10 0.7 17 0.9 28 0.7 42 0 52 0.7 58 0.5 70 0 81 0 
2321 10 0 37 0.5 56 0.5 60 1 61 0.5 71 1 73 0.3 78 0.6 93 0.6 
2381 8 0.5 21 0.4 23 0 38 0 55 0 56 0 74 0.9 80 0.8 84 0.5 
2441 26 0.7 66 0 
2613 7 0.9 85 0.4 
2657 1 1 5 0 74 0.3 77 0.6 88 0.5 
2692 42 0.4 66 0.6 
3106 86 0.8 88 1 
3222 18 0.7 39 0 60 0.3 
3317 9 1 11 0 21 0.7 50 1 60 0 90 0 
3330 2 0.4 15 1 18 0.4 46 0.8 66 0 68 0.3 72 0.5 93 0.7 
3357 11 1 38 0.5 47 0 73 0 90 0 
3507 0 0.5 14 0 16 0.4 18 0.4 32 1 53 0.6 78 0.6 
3528 10 0.4 14 0.9 18 0.7 31 0.7 44 0.8 51 0 77 0 89 0.4 
3610 94 0 
3616 35 0.5 39 0.8 41 0.7 48 0 83 0 86 0.6 91 0.4 
3691 4 0.7 22 1 23 0.4 64 0.4 69 0 70 0.5 72 1 87 0.6 98 0.8 
3883 30 0.9 48 0.8 73 0.9 81 0 
3889 8 0.9 24 0.5 33 0 46 0 82 0.8 84 0.6 91 0 94 0.3 98 0.5 
3992 2 0 29 0.3 38 0.3 42 0.7 67 0.5 73 0.6 80 0 82 0.4 86 0.4 90 0.8 
4246 7 0.3 12 1 63 0.9 80 0.7 87 0.8 88 0 96 1 
4297 0 0.9 11 1 41 0 57 0.7 60 0.4 67 0.8 70 0.8 72 0.6 76 0.9 89 0.5 
4372 7 0.6 25 0 35 0.5 41 0 43 0.5 50 0 52 0.9 67 0.9 81 0.6 
4600 20 0 30 0.3 34 0 
4905 85 0.4 
5154 2 0 17 0.9 24 0.8 61 0.6 62 0.4 80 0 81 0.7 90 0.4 
5216 8 0.3 21 0.8 44 0 56 0 66 0 72 1 73 0 74 0.6 75 0 98 0.7 
5325 11 0.4 47 0.3 49 0.6 63 0.7 
5389 1 0 26 0 93 0.5 
5399 70 0.3 
5436 1 0.4 7 0.8 9 0.4 42 0 48 0 65 0.7 79 0.9 82 0 89 0.6 96 1 
5543 30 0.7 32 1 41 0 42 0 43 0.4 48 0.3 58 0.9 65 0.9 78 0.9 87 0 
5784 3 0.9 17 0.5 21 0.8 78 0.3 
5920 1 0.7 19 0.6 23 0 42 0.5 45 0.7 49 0.5 82 1 88 0.8 
5966 10 0.9 24 0.8 33 0 42 0.3 43 0.7 63 0.6 73 0.5 80 0.4 82 0.9 97 0.9 
6070 0 0.6 24 0 32 0 33 0 43 0 48 0 82 0.6 99 0.7 
6130 35 0.9 93 1 
6131 8 0 14 1 23 0.9 36 0 44 0.8 64 0 98 0.6 
6188 8 0.3 40 0.7 
6285 12 0.6 29 0 54 0.6 88 1 93 0.4 
6519 15 0 16 0 28 0.7 73 0 82 0.9 98 0 
6631 3 0 37 1 45 0.6 83 0.9 97 0.3 98 0.3 
6907 24 0.3 62 0.3 84 0 
7032 22 0.9 48 0.4 58 0 64 0.3 
7171 25 0.4 38 0.8 96 0.3 
7177 35 0.7 53 0.8 63 1 
7379 13 0 
7468 1 1 7 0.8 15 0 17 0.5 33 1 42 1 82 0 89 1 
7511 28 0.3 41 0.9 51 0.6 84 1 
7582 36 0.7 75 0.4 
7616 12 0.5 30 0.5 31 0.6 32 0.9 37 0.8 57 0.6 62 0 96 0 
7851 13 0 57 0 99 0 
7868 13 0.9 20 0 61 0.3 70 0.8 71 0.5 77 0.6 80 0 85 0.7 
8001 18 0.8 23 0.3 88 0.9 
8145 54 0.4 85 0.6 
8201 26 0.9 32 1 41 0.5 47 0 67 0 86 0.3 96 0.4 
8489 21 0.3 34 0 43 0.7 90 0 99 0.5 
8637 36 0 47 0.9 56 0.5 
8649 62 0.8 
8671 4 0 55 0 57 0 79 0 
8754 18 0.6 27 0.6 32 0.3 33 1 57 0 72 0 
8801 14 0.6 40 0.4 43 0.5 46 0.5 56 0.9 58 0.8 64 0.7 69 0.3 71 0.7 96 0.6 
8890 14 1 52 1 56 0.7 70 0 80 1 
9061 4 1 12 0.9 13 0.9 20 0.7 88 0.7 
9089 6 0 46 0.5 
9107 5 0.9 6 0.4 7 0 24 0.8 39 0 41 0 42 0.9 45 0.5 54 0.8 64 0.5 
9293 34 0 46 0.7 60 0.6 74 0.6 
9310 8 0.4 10 0.3 15 0 29 0 58 1 59 0.6 75 0 90 0 
9430 11 0.6 43 0.6 46 0.8 49 0.8 59 0 65 0.8 74 0.8 81 0 
9654 1 0 23 0.7 32 0.8 35 0.8 39 0 71 1 77 1 97 0.3 
9728 6 0 8 0.9 11 1 59 0 85 0 86 0.9 
9737 80 0 
9940 48 1 67 0.7 71 0 77 1 82 0.4 89 0.8 
