100
143 0 0.3 5 0.4 12 0.5 51 0 59 0 64 0.6 79 0 92 0.3 98 0.8 
174 15 0 20 0 52 0.5 54 0.5 55 0 64 0.4 72 0 81 0.6 91 0.9 94 0 
180 14 0 18 0.5 20 0.8 35 0.9 72 0.6 94 0.3 98 0.4 
305 62 0 
392 0 0 9 0.4 36 0.8 44 0.6 85 0.6 
431 43 1 
615 18 0.8 34 0 51 0 63 1 79 0.4 85 0 
682 19 0.5 81 0.9 87 0.6 91 0.6 
750 6 0.7 28 0.6 40 0 64 0.4 90 0.7 94 0 
857 39 1 
1143 5 0 52 0.9 54 1 58 0.9 80 0.9 86 0 90 0 99 0.3 
1180 9 0.8 37 0.4 75 0.6 80 0.5 
1303 1 0.8 36 0.6 38 0.6 66 0.5 83 0.8 87 0 89 0 95 0.7 
1324 24 0.7 55 0.4 97 0.5 
1437 27 0.8 28 0.8 41 0.3 48 0 67 0.4 98 0 
1492 50 0.3 
1569 2 0.7 5 0.4 8 0 20 0 26 0.7 42 0 49 0.8 99 1 
1610 21 0.6 51 0.7 63 0 77 0 84 0.5 
1820 3 0.3 6 0.5 8 0.4 27 0.7 33 0.5 34 0.3 92 0.9 93 0 97 0 99 0 
1843 6 0.8 10 0.3 12 0.8 19 0.7 31 0.3 44 0.8 46 0.3 48 0 74 0.4 93 0.3 
1887 22 0.6 35 0.5 44 0.9 85 0.9 87 0.6 
1955 3 0.9 15 0 17 1 23 0.3 47 0.4 52 0 60 0.4 61 0 65 1 
2058 3 1 9 0 14 1 15 0.3 18 0.6 24 0.6 26 0.3 34 0.4 48 0.6 58 0.6 
2156 19 0.5 36 0 41 1 77 0.5 
2331 12 0.4 17 0.6 23 0.3 52 0.7 54 0.5 59 0.6 85 0 86 0 95 0 
2344 15 0.6 20 0 37 0.9 40 0.3 59 1 72 1 79 0 85 0.6 
2480 43 0.8 
2514 28 0.4 67 0.4 
2582 23 0 27 0.6 36 0.8 53 0.8 57 1 64 0 67 0 90 0.3 
2602 80 1 
2606 38 0.3 56 1 
2607 8 0.8 15 1 18 0.4 44 0 52 0.3 61 0.6 89 0 97 0.4 
2658 35 0.4 40 0.4 46 0.3 52 0.5 92 1 94 0.9 
2758 4 0 16 0 20 0.7 73 0.5 74 0.8 90 0.3 
2871 49 0.6 60 0.3 63 0 72 0.5 77 0.9 81 0.4 
2886 6 0.9 32 0.4 66 0.7 
3286 0 0.4 3 0.8 9 0.4 27 0.6 46 0.5 59 1 60 0.5 62 0.8 70 1 97 0.3 
3319 5 0.6 16 0 33 0.8 35 1 71 0.4 74 0.7 77 0 79 0.9 
3456 2 0.3 45 0 96 0.4 
3479 4 0.6 15 0.4 49 0.8 87 0.9 
3495 0 0.7 15 1 25 0.3 37 0.3 40 0.6 44 0.3 80 0.5 89 0.3 91 1 92 0.6 
3507 0 0.4 14 0.8 16 0.9 18 0.7 32 0.9 53 0 78 1 
3514 27 0.8 56 0 
3748 32 0 47 0.4 80 0.8 
3782 10 0.5 28 0.8 32 0 41 0 87 0.5 88 0.5 
3824 15 0.8 27 0 35 0 66 0 77 0.3 84 0.9 85 0.5 91 0.9 
3863 25 0.4 45 0.4 
4184 10 0.9 
4269 6 0.8 12 0.8 29 0 51 0 57 0.7 62 1 75 0 80 0 
4818 17 0.8 23 1 33 0.6 38 0 67 0.3 80 1 88 0.6 
4848 79 0.9 
4924 3 0.8 31 0 51 0.7 52 0.4 54 0.8 66 0.5 74 0.8 82 0.4 86 0.9 92 0 
4995 13 0.9 23 0 57 0.8 59 0.7 61 0.3 71 0.3 92 0.5 95 0.4 99 0 
5100 11 0.4 21 0.6 35 0 48 0 75 0 
5128 35 0.5 55 0.3 63 0.8 73 0.9 76 1 86 1 97 0 
5160 5 0 13 0.8 42 0 44 0.7 52 1 57 0.3 61 0.5 67 0.5 77 1 83 0.7 
5211 31 0.9 46 0.6 48 0 75 0.5 
5330 3 0.8 9 0 15 0.3 26 0.9 56 1 62 1 99 0.7 
5468 0 0.9 17 0.6 93 0.3 
5482 5 0 27 0.6 37 0.5 41 0.8 45 0.7 68 0 92 0 96 0.7 
5555 16 0.9 20 0.5 30 0.3 39 0.7 58 0.9 63 0.3 64 0.4 67 0.5 96 0.8 
5600 1 0.3 19 1 41 0.5 46 0 52 0 58 0.6 85 0.8 87 0 
5864 15 0.7 37 0 
6065 18 0.3 25 0.5 26 0.3 62 0.9 72 0.9 80 0.8 86 0.6 97 0 
6165 20 0.9 27 0.3 32 0.9 39 0.4 78 1 81 0 86 0.7 90 0.9 96 0.8 
6219 17 0 18 0 43 0.5 93 0.3 
6339 2 0.5 31 0.7 55 0.7 65 0.6 70 0 77 0 81 1 86 0.5 95 0.3 
6344 5 0.8 6 0.6 18 0.3 19 0.6 21 0 36 0.6 45 0.5 60 0.7 66 0.8 93 0.9 
6371 0 0 36 0 75 0 82 0.8 96 0.5 
6639 9 0.5 14 0 17 0.4 48 0.9 57 0 61 0.3 63 0 68 0.9 93 0.5 
6680 3 0.9 57 0.8 
6685 12 0 80 1 88 0.6 91 0.4 
6703 2 0.7 31 1 64 0.8 93 0.3 
6831 5 0 8 0.3 78 0.5 
6956 29 0.7 45 0.4 47 1 85 0.5 90 0.9 
7114 2 0.9 40 0.9 45 0.5 
7459 15 0.6 20 0 28 0 55 0.5 60 0.9 82 0 96 0 
7531 64 0 80 0.3 90 0.4 
7561 6 0.4 37 0.6 71 0.8 
7741 10 0 45 0.4 61 0.5 92 0 
7789 5 0.7 26 0.3 42 0.7 43 0 60 0 89 0.3 
7845 13 0.6 21 0 35 1 59 0 65 0.6 85 0 
7949 9 0.6 15 0.8 48 0.9 53 0.3 98 0 
7989 20 0 35 0 37 1 65 0.6 81 0.7 89 0.4 98 0 
8254 0 0.8 14 0 31 0 36 0.3 67 0 78 0.9 85 0 89 0.7 
8435 37 0.6 75 0.8 
8619 10 0.7 14 0 62 0.7 64 0.9 98 0 
8672 37 0.4 69 1 88 0.7 
8774 9 0.6 18 0 74 0 89 0.6 
9013 11 0 27 0.8 30 0 31 1 58 0.8 77 0.4 
9043 4 1 7 0.3 19 0.7 23 0.5 24 0.7 34 0.5 37 0.9 74 0.3 88 0.9 91 0 
9162 1 0.5 9 0 17 0.4 22 0.5 64 0.7 70 0 
9236 33 0.7 65 0.5 90 0 96 0 
9382 59 0.7 
9388 13 0.8 21 0.4 22 0.7 39 1 51 0.3 76 0.3 78 0.9 82 0.5 90 0.8 93 0.8 
9420 1 0 16 0.7 32 0.7 51 0.7 66 0.6 88 0.7 
9528 7 0.4 38 1 53 0.4 64 0.8 66 0 95 0 
9595 37 0.3 
9938 2 0.7 51 0.5 52 0 58 0.5 85 0.8 
9989 30 0.6 52 0.5 85 0.7 89 0.6 
