100
448 18 0.6 20 1 23 0.7 33 0 40 0 67 0 82 0 
451 4 0 29 0.5 30 0.6 34 0.8 35 0.5 39 0.3 43 0.6 92 0.7 
464 30 0 
559 19 0.9 51 0.3 57 0.5 70 0 74 0.5 83 0 84 0 
573 4 0.7 13 0 37 0 
725 6 0 32 0.6 38 0 70 0 97 0 
903 3 0 20 0 67 0.6 86 0.5 91 0.5 93 0.6 
989 7 0.4 15 0 34 0 61 0 64 0 76 0 82 0 91 0.8 
998 10 0.8 23 0 38 0.6 62 0 63 0.8 86 0.6 
1048 29 0.4 32 0.5 37 1 39 0.6 
1070 32 0.7 39 0.4 48 0 49 0.5 58 0.5 65 0.4 84 0 91 1 
1334 86 0 
1646 17 0.4 18 0.6 33 0 57 0 97 0.9 
1750 9 0.9 37 0.5 44 0.6 45 0.3 47 0.8 61 0.5 70 0.8 73 0.4 77 0.6 86 1 
1754 15 0.4 25 0 31 0.9 32 0.6 82 0.3 
1781 5 1 7 0 12 0.9 14 0 57 0.8 71 0.9 
1787 6 0.6 13 1 51 0.5 93 0.4 
1929 1 0 7 1 22 0.5 37 0.8 87 0.9 94 0.7 
2010 3 0.5 14 0.8 29 0.9 38 0 49 0.9 68 0.5 73 1 74 1 86 0.7 
2013 16 0.4 58 0.7 64 0 65 0 68 0.4 72 0.8 85 1 90 0.7 
2282 51 0.5 
2404 4 0.7 43 0.9 98 0.4 
2447 6 0 13 0.6 26 0 27 0.7 38 0.9 47 0.9 64 0 
2464 7 1 
2490 9 0.9 95 0.5 96 0.6 
2594 9 0.7 24 0.9 37 1 49 0.9 52 0 54 0.9 59 0 65 0.9 97 0.3 
2625 32 1 
2699 4 0 20 0.6 55 0.5 58 0.9 88 0.4 90 0.9 
2721 3 0.8 42 0.7 64 0.4 77 0.8 87 0 91 0.8 96 0.8 
2836 10 0.8 69 0 75 0.7 93 0.6 
2930 7 0.9 19 0.3 37 0 65 0.3 77 0.4 81 0.4 
3000 13 0.3 42 0 45 0.6 73 0.4 97 0.5 
3003 2 0 
3024 10 0.9 24 0 41 0 50 0 74 0 93 0.8 95 0.7 97 0.9 
3260 2 1 5 0.7 16 0 23 0.8 27 1 42 0.4 54 1 60 0.9 94 0.4 
3295 4 0.4 26 1 29 0 37 0.4 45 0.8 48 0 54 0 72 0.9 83 0.3 
3317 9 0.5 11 0 21 0.5 50 0.6 60 0.8 90 0 
3382 76 0 92 0.6 94 0.3 96 0 
3420 1 0.7 14 0.6 53 0 
3765 39 0.3 40 0 51 0.9 89 0.4 
3793 3 0.4 19 0.5 39 0.8 66 0.5 73 0 88 0 96 0 
4135 13 0 51 0 62 0 66 0 70 0.8 77 0 99 0.8 
4182 28 0 67 0 
4215 13 0.5 33 0.9 48 0.7 74 0 95 0.6 
4567 47 0.9 
4621 9 0.7 11 0.4 46 0.8 55 1 65 0 85 0 92 0 
4708 33 0.9 45 0 71 0.5 83 0.7 93 0.8 
4726 9 0 10 0 45 0 50 0 53 0.6 64 0.3 79 0 87 0 
4999 18 0.9 19 0.3 69 0 92 0.9 
5057 41 0.4 
5066 75 0 
5091 64 0.7 85 1 
5219 30 0.7 38 0.3 77 0.6 78 0 
5240 31 0 54 0 90 0.9 95 0.9 
5346 7 0.3 11 0.9 31 0.3 60 0.8 
5539 54 0.4 70 0 75 0 
6124 11 0 13 0 38 0 70 0.5 92 0.3 93 0.6 
6127 0 0.5 3 0.7 4 0.4 7 0.4 13 0.5 60 0 
6286 5 0.4 76 0.6 93 0 95 0 96 0 
6291 15 1 30 0.5 50 0 63 0.8 68 0.5 91 0 96 0.9 
6358 7 0.6 15 0.8 25 0 44 0 47 0.5 48 0 57 0.7 94 0 
6363 83 0.8 92 0.7 
6407 8 0 13 0.5 26 0.8 28 0.6 36 0.3 40 0.6 46 0 69 0.8 
6429 3 1 
6440 22 0.9 36 0 70 0.9 83 0.7 
6459 15 0 22 0.8 48 1 51 0.5 53 1 55 0.8 64 0 81 0 
6521 14 0.3 35 0 87 1 88 0 90 0.8 
6565 5 0.3 12 0.4 40 0.5 47 0 74 0.3 
6666 76 0.3 
6677 8 0 11 0.3 45 0 52 0.3 66 0.7 70 0 77 1 84 0.6 
6701 20 0.5 25 0.6 
6733 86 0.3 
6780 4 0.8 11 0.3 12 0 31 0.5 59 0.6 71 1 72 0.4 81 1 98 0 99 0 
7128 1 0.7 3 1 5 1 11 0.9 19 0.3 26 0.6 54 0 58 0 73 0.4 74 0.6 
7139 6 0.3 8 0 26 0.7 67 0.6 79 0.6 90 0.9 97 0.9 
7194 18 0.8 20 0.5 24 0 48 0.8 50 0 55 0 58 0 78 0.6 97 0 99 1 
7693 6 0 9 0 11 0.3 33 0.8 54 0.4 61 0.6 
7712 63 0 
7767 2 0.5 4 0.3 14 0.8 25 0.9 64 0.3 94 0 98 0.5 99 0 
8125 42 0.3 59 0.6 66 0.5 75 0.3 
8145 54 0.4 85 0.4 
8228 39 0 50 0.5 69 0.4 83 0.5 94 0.3 
8378 18 0 33 1 61 0 77 0.9 
8428 17 0.3 20 0 43 0.7 68 0.8 83 0 89 0.9 
8612 8 0 9 0.3 57 0.9 
8857 38 0 49 0.7 
8904 2 0 19 1 23 0.7 50 0.7 58 0.6 76 0.6 84 0.4 87 0.6 
8997 38 0.3 82 0.8 
9050 16 0 25 0.3 33 0.8 64 1 67 0.4 98 0.4 
9066 12 0 14 0.4 18 0.3 21 0.3 22 0 47 0.8 78 0.6 90 0.5 98 0.6 
9068 16 0.4 21 0.3 36 1 44 0.3 47 0 58 0.3 65 0 84 0.4 86 0 94 0.7 
9225 36 0.8 77 1 
9241 9 0 30 0.9 35 0 37 0 63 0.6 67 0 87 1 95 0.7 
9403 8 0.3 14 0 25 0.9 35 0.8 67 0.9 68 0.7 76 0.3 
9510 2 0.8 22 0.6 35 0 43 0.7 54 0.5 65 0.7 68 0 82 0.7 85 0 93 0 
9680 28 0.7 37 0.3 45 0.8 
9712 6 1 39 1 52 0.4 63 0.9 70 0.7 84 0.5 97 0 
9798 5 0.7 7 0 15 0 29 0.8 31 0.7 34 0.8 64 0.8 66 0.5 75 0 
9843 0 0.8 4 0.8 6 0.9 28 1 40 1 45 0.4 50 0 72 0.6 73 0 76 0.7 
9921 5 1 14 1 51 1 62 0 63 0 85 0.9 
