100
56 73 0.9 
70 96 0.8 
190 5 0.8 22 0.5 44 0 46 0 61 0.5 79 0.5 
334 39 1 
687 36 0.8 61 0 62 0 94 0.6 
809 21 0.9 22 0.5 28 0.9 39 0.6 56 0 61 0.5 67 0.7 85 0.6 96 0 
893 11 0 14 0.4 76 0.6 
918 13 0.7 18 0.3 19 0 28 0.6 41 0.8 76 0.9 98 0.9 
938 97 0.9 
1027 0 0.6 6 0.8 
1121 0 0.6 21 0 70 0.6 74 1 
1170 0 0.6 19 0 45 1 60 0.9 79 0.8 80 0.8 84 0 89 0.5 97 1 
1466 66 0.3 
1764 4 0.6 
1820 3 0 6 0.8 8 0.8 27 0.9 33 0.8 34 0.9 92 0.3 93 1 97 0.5 99 0.7 
1920 12 0.6 50 0 85 0 86 1 
2062 1 0 5 0.7 36 0.5 45 0.7 61 0.6 65 0.3 77 1 88 0.5 98 0.9 
2184 11 0.4 28 0.3 80 0.8 
2252 12 0 21 1 26 0 31 0.8 45 0.5 58 0.9 
2328 9 0.5 10 0.6 20 0.6 24 0.9 27 0 55 0.6 66 0.5 
2332 66 0.9 85 0 
2474 12 0 35 0 42 1 46 0.4 48 0.3 74 1 88 0.7 94 0.7 98 0.6 
2540 32 1 45 0.9 95 0 
2567 6 0.3 15 0.7 39 0 64 0 84 0.3 94 0.3 
2780 1 0 3 0.7 52 0.6 70 0.8 74 0 92 0.4 93 0.6 
2796 7 0.4 24 0 33 0 35 1 36 0.3 42 0 44 0.6 63 0.8 66 0.7 76 0.5 
2833 18 0.3 
2834 89 0.3 
2847 2 0 6 1 19 0 21 0.5 46 0.6 66 0 69 0.4 74 0 
2952 32 0.4 50 0.3 51 0.9 55 0 67 0.6 68 0.3 94 0.5 
3031 10 0.9 45 0 51 0.7 54 0.7 
3102 11 0.3 44 0.6 52 0 67 0.3 81 0.3 96 0.8 
3110 22 0 
3140 21 0.5 78 0.4 90 0.7 
3157 11 0 13 0.3 65 0 71 1 93 0 
3538 11 0 31 0.8 38 0.9 62 0.7 78 0 79 0.5 81 0.8 
3575 1 0.7 17 0.4 19 1 28 0.8 49 0.7 51 0.5 56 0.6 65 0.9 69 0.9 93 0.7 
3904 1 0 7 0.3 23 0.8 33 0.8 35 0.9 43 1 61 1 68 0.8 71 0 97 0.7 
3928 80 0 
4234 15 0.9 16 0.8 19 0 31 0 37 0.9 42 0.5 58 1 67 0.6 93 1 94 0 
4397 33 0.9 47 0.7 56 0.3 
4467 64 0 79 0.8 89 0 
4470 8 0 10 0.6 32 0.3 37 0.6 43 0.8 57 0.7 74 1 86 0 91 0 
4547 10 0.6 14 0.7 21 0 54 0.5 60 0.7 85 0.8 94 0.7 
4605 8 0.8 44 1 53 0 66 0.9 73 0.8 79 0.5 
4645 7 0 15 0.7 36 0 37 0 65 1 76 0.7 90 0.4 97 0.8 
4864 94 0.5 
4866 7 0 19 0.8 43 0.6 60 0.9 71 0 93 0.6 
5010 1 0.6 21 0.7 22 0 25 0.6 30 0.3 83 0 91 0.7 95 0 96 0.3 
5195 54 0.5 93 0 98 0.8 
5226 4 0.4 14 0 22 0.9 25 0.7 51 0.5 60 0.9 88 0 90 0.8 92 0 98 0 
5414 13 0.7 
5545 8 0.4 37 0 51 0.7 54 0.4 60 0.5 64 0.4 
5598 16 0.3 18 0.5 19 0.9 22 0 26 0.7 80 0 81 0 86 0.8 
5771 18 0 28 0.3 38 0 57 0.6 58 0 70 0 72 0.3 84 0.7 87 1 92 0.5 
5922 60 0.7 
6118 8 0.4 88 1 
6215 3 0.4 8 0.3 21 0 27 0.6 38 0 45 0.7 61 0 67 0 93 0.6 
6234 38 0 
6328 2 0.4 22 0 65 0 84 0.9 88 0.6 99 0.3 
6348 38 0 
6400 17 0.7 22 0.4 26 0.6 39 0.5 40 1 92 0 95 0 
6458 33 0.7 58 0.5 85 0 90 0.7 
6474 5 0.6 6 0.6 31 0 39 0.9 40 0.3 46 0.6 
6526 22 0 76 0.3 77 0.4 82 0.4 
6686 2 0.8 7 0.9 13 0 21 0 54 0.9 67 0.3 70 0.3 79 0.9 80 0 91 0.5 
6897 5 0 25 0.4 27 0.8 35 0 52 0 63 1 70 0 
6945 0 0.5 2 0.8 8 0 21 0 79 0.7 95 0.5 
6982 21 0 35 0.5 42 0.4 46 0.4 47 0.4 56 0 72 0.8 76 0.9 86 0 90 0.6 
7063 24 0.3 37 0.3 65 0.6 69 0.9 88 1 90 0.7 
7090 1 0 9 0.8 81 0.5 
7102 0 0.4 9 0.6 48 1 56 1 82 0.7 92 0 94 0.3 
7182 28 0.6 36 0.4 38 0.7 59 0.6 
7418 2 0.6 9 0.4 37 0.9 50 0.3 56 0 61 0 62 0.9 64 0 65 0.7 75 0 
7633 26 0 36 0.9 50 0.5 63 0 65 0.5 69 0.4 85 1 
7723 12 0.5 19 0.9 31 0 32 0 40 0.8 41 0.6 72 0 73 0.6 
7803 7 0.3 55 0 69 1 88 0.6 90 1 95 0.7 96 0.4 
7810 7 0 45 0.9 53 0.7 67 0.8 70 0.6 77 0 99 0.3 
7859 32 0 46 0.3 
7898 35 1 53 0.8 59 0 66 0.8 72 1 79 0.6 87 0.5 89 0.7 96 1 98 0.6 
7905 0 0.4 52 0.9 56 1 82 0 
7974 14 1 27 1 35 0.7 37 0.4 43 1 64 0.8 68 0.3 71 0 
7999 3 0 8 0 14 0 20 0.5 31 0.3 69 0 82 0.9 
8003 3 0.4 17 0.5 41 0.4 49 0.8 51 0.8 52 0.3 61 0 91 0.6 95 0 
8040 11 0.5 51 0.8 
8101 14 0.5 21 0.6 49 0.3 67 0.5 73 0.9 78 0 86 0.4 90 0.6 
8102 18 0 22 0.8 90 0.8 
8109 10 0 14 0 40 0.3 47 0.9 55 0.5 68 0 
8243 20 0.7 44 0 51 0.9 80 0.3 97 0.7 98 0 
8252 10 0 11 0.9 35 0.3 39 0 51 0.8 81 0 82 0 94 0 
8305 24 0.4 89 0 
8555 45 0.4 49 0.8 52 1 84 0 93 1 
8910 42 0 56 0.5 75 0.6 99 0 
9032 6 0.5 29 0.7 35 0.6 
9036 0 0 6 0.7 21 0.5 51 0 74 0.8 84 0.3 85 0.5 
9037 11 0 27 0.4 39 0.3 89 0.4 93 0.8 
9317 60 0 62 1 68 0.6 97 0.4 99 0.6 
9444 77 0.8 
9493 5 0.5 16 0.5 23 0.4 38 0.7 42 0 61 0.5 67 0.5 70 0.4 
9739 26 0 32 0.5 50 0 51 0.4 56 0.7 57 0.5 61 0.6 86 1 87 0 93 0 
