100
32 1 0 10 0.7 13 0 14 0.5 23 0 41 0.7 50 0.8 66 0.7 
85 7 0 35 0.9 56 0.5 82 0.7 94 0 
107 0 0.6 15 0.5 33 0.7 42 0.6 70 0.8 79 0.9 80 0.5 91 0.4 
114 1 0.3 21 0 28 0.6 35 0.8 48 0 
133 41 0 
224 25 0.8 28 0.3 46 0 61 0.3 67 0.7 70 0 75 0.6 85 0.8 89 0.7 
255 11 0.9 
281 0 0.7 4 0.6 5 0 27 0.4 30 1 38 1 46 0.3 63 0 
351 11 0 16 0 22 1 75 0 
655 0 0.7 2 0.8 4 1 28 0.6 40 0.5 44 0.6 81 0.5 89 1 
666 25 0 26 1 45 1 50 0.8 78 1 89 0.6 
734 1 0.6 13 0 22 0 28 0.9 70 0.6 89 0.6 95 0 
743 26 0.7 36 0.4 64 0.3 69 1 85 0 99 0 
771 7 0.4 17 1 50 0 68 0.3 70 0 71 0.9 72 0 
783 44 0.4 47 0 
886 1 0 4 0 44 0.4 45 0 49 0 67 0.8 83 0.9 96 0 
930 11 0 14 0 16 0.5 40 0.7 42 0.7 76 0.4 77 0.9 88 1 
1034 7 0.4 33 0.3 34 1 46 0.9 73 0 
1345 0 0.6 2 0 7 0 11 0.8 15 1 21 0.7 23 0 50 0.6 62 0.3 95 1 
1407 7 0.5 12 0.3 29 1 52 0 61 0 75 0.5 86 0.6 
1424 27 0.6 75 1 76 0.7 
1463 21 0.3 38 0.8 52 0 92 0 94 0 
1484 8 0.9 18 0.9 24 0 28 0.9 31 0 55 0 68 0 
1759 0 0 3 0 6 1 9 0 10 1 17 0.7 56 0.7 72 0.9 79 0.6 82 0 
1854 24 0.4 31 0.5 40 0.8 43 0 44 0.8 57 0.7 62 1 72 0.3 74 0 
1916 22 0.7 94 0.4 
2049 25 0.7 34 0.9 
2300 0 1 34 0.8 
2356 65 0.6 70 0.6 
2438 10 0 29 0.3 42 0.5 52 0 57 0.5 61 0.9 67 0.3 
2477 98 0.6 
2528 5 0.9 18 0 65 0.6 78 0.6 
2666 4 0 29 0.3 
2689 15 0.7 31 0.3 49 1 63 1 66 0.7 78 0 80 0.4 89 0.7 91 0.6 
2788 39 1 60 0.8 72 0.9 
2833 18 0 
2945 5 0.4 20 0.9 30 0.5 33 0.9 46 0.5 68 0.8 79 0.6 85 0.4 94 0 
2958 4 0.7 26 0 
3154 38 0.7 47 0.5 73 0.7 84 0.7 
3221 17 0.5 62 0.9 66 1 90 0 
3249 16 0.4 23 0.5 48 0.7 70 0.7 90 0.7 96 1 
3598 10 0.9 18 0.8 62 0 83 0 84 0 
3689 20 0.3 64 0.8 71 0.9 75 0.3 
3727 18 0.4 43 0 51 0 59 0.9 73 0.9 99 0.9 
3728 15 0 19 0.9 52 0 56 0.3 
3750 59 0.9 
4005 7 0.3 43 1 46 0 97 0.4 
4146 69 0.6 
4340 18 0.7 46 0.5 80 0 81 1 85 0.4 
4629 3 0 18 0 40 0.8 53 0.4 63 1 70 0 71 0.7 98 0.3 
4709 36 0.9 
4752 27 0.7 46 0.9 74 0.6 
4864 94 1 
4946 9 1 44 1 51 0 61 0.9 88 0 94 0.8 
5022 56 1 58 0.5 96 0.8 
5400 5 0 10 0.7 18 1 25 0 31 0 43 0.6 
5490 13 0.4 34 1 35 0.8 49 0.4 50 0 56 0 57 0 
5635 38 0.4 58 0 86 0 87 0 
5665 32 0.5 60 0.8 97 0.5 
5681 82 0 
5818 1 0 48 1 77 0.3 91 0 
5938 2 0.9 15 0.6 19 0.4 85 0.5 
6536 26 0.9 55 0.7 
6694 46 0.3 49 0.9 70 1 78 0 
6911 6 0.8 70 0.7 96 0.8 
6981 0 0.4 1 0 16 0 17 0.5 24 0.9 41 0.3 51 0.7 57 0 68 0.8 87 0.8 
7153 30 0 44 1 56 1 65 0.7 86 0.3 
7194 18 0.9 20 0.9 24 0.9 48 0 50 0 55 0.6 58 0 78 0.7 97 1 99 0.8 
7266 13 0.3 18 1 20 0.7 34 0.5 72 0.7 75 0.9 88 0 
7292 9 0.6 17 0.9 20 0 43 1 55 0 58 0.9 73 0.3 75 1 80 0 93 0.9 
7350 64 0.9 
7376 28 0 
7395 11 0 28 0.3 40 0 
7586 9 1 11 0 16 1 19 0.9 32 0.8 79 0.6 98 0 
7598 13 0 23 0.6 37 0.5 50 0.3 75 0 84 0.4 87 0.9 
7740 29 0.5 97 0.8 99 0.4 
7879 40 0.8 70 0 
7978 32 0 50 1 55 0.5 66 0 72 0.8 79 0 95 0 
8018 0 0 4 0.7 15 0.6 30 0.6 36 0.4 57 0.7 62 0.8 63 0.9 73 0 75 0.8 
8082 42 0.8 51 0.5 69 0 73 0.9 
8097 7 0 13 0 18 1 22 0.7 24 0 54 0.6 77 0 79 0.3 
8138 23 0 24 0.4 36 0.9 50 0.5 53 0.8 54 0.4 58 0.5 71 0.8 78 0 95 0.5 
8256 78 1 83 0.6 
8346 0 1 1 0 23 0 29 0.6 33 0 53 0.9 67 1 78 1 80 0 81 0.3 
8398 47 0.8 58 0.3 72 0.5 
8670 10 0 19 0.4 36 0 44 0.4 53 0.5 62 0.7 97 0.3 
8690 4 0 17 0.5 20 0.6 23 0.6 28 0.9 42 0.7 68 0 70 0 93 0.9 95 0 
8761 10 0.8 49 1 62 0.8 
8772 22 0.5 63 0.8 80 0 81 1 83 0.6 94 0 
9024 24 0.7 28 0.3 32 0.6 38 0.6 49 0.3 59 1 66 1 69 0 76 0.9 88 0.5 
9195 0 0.7 7 0 9 0.4 10 0.7 
9205 16 0 20 0 22 0 37 0.8 41 0 45 0.6 62 0.4 
9365 14 0.7 16 0.9 20 0 30 0.9 42 0 72 0 77 0.3 89 0.6 
9374 14 0.8 67 0.6 
9379 19 0.8 
9461 0 0 8 0.5 41 0.8 52 0.5 62 0.4 72 0.4 84 0.5 92 0.9 95 0.3 
9597 12 0.3 27 0.4 33 0.3 45 0.8 50 0.5 55 0.9 74 0.3 
9648 39 0 47 0 64 0 
9686 3 0.3 62 0.4 
9815 7 0.4 8 0.8 11 0.6 15 0.6 34 0.3 37 0 71 0.7 73 0 80 0.7 85 0.5 
