100
57 22 0 28 0 44 0.8 55 0.5 69 0 74 0.5 77 0.8 
116 5 1 13 0.7 23 1 48 0 89 0.7 96 0.9 
117 1 1 19 1 47 0.7 70 0.9 77 1 83 1 88 0 96 0 97 0 
187 52 0.7 61 0.7 76 0 98 1 
261 27 1 29 1 60 0.3 68 0.5 86 0.3 88 0.5 89 0.6 
287 12 0 18 0.8 25 0 37 0.5 45 0 52 0.9 53 0.7 66 0.3 73 1 98 0 
357 14 0.4 49 0.7 54 0.8 70 1 73 0.9 81 0.8 
403 74 0.8 
441 40 0.4 52 1 69 0 83 0 88 0.6 95 0 
456 44 0.6 51 0.4 59 0 82 0.6 83 0 
465 20 0.4 37 0.6 39 0.7 49 0.8 50 0 74 0.9 
548 25 1 45 0.6 
550 36 1 64 0.8 86 0 
842 0 0.7 4 0.7 28 0.7 46 0.8 83 0.6 87 0.7 98 0.7 
925 15 0 24 0.8 25 0.5 31 0.9 41 0 74 0 76 0.9 77 0.5 96 0.7 99 0 
945 9 0.7 32 0 33 0.3 
972 8 0 12 0 24 0.8 37 0.3 47 0.9 48 0.3 61 0.5 83 0.7 84 0 85 0.9 
1036 70 0.4 71 0.6 
1160 51 0.4 62 0 69 0.5 96 0.9 
1649 1 0.7 45 0.6 99 0 
1785 1 0.9 25 0.6 27 0.9 35 0.6 42 0.9 70 0 72 1 97 0.3 
1831 50 0.9 
1919 3 0.9 19 1 26 0 40 1 45 0 60 0.6 61 0 
2020 22 0.7 63 0.4 97 0 
2149 4 0 
2172 19 0.3 32 0.7 37 0.5 83 0 89 0 92 0.5 
2269 72 0.5 78 1 
2311 13 0.3 16 1 17 0.8 19 0.4 22 0 73 0.9 77 0.4 81 0.3 86 0 95 0.5 
2379 12 0 49 0 69 0.8 70 0.4 75 0 79 0.5 96 0.4 
2401 2 0.5 41 0.8 57 0.6 81 0.7 83 0.9 
2552 16 0.6 19 0.6 48 0.8 58 0 66 0 97 0 99 0 
2658 35 0.9 40 0 46 0.7 52 0 92 0.7 94 0.4 
2780 1 0.3 3 0.7 52 0.6 70 0.5 74 0 92 0.5 93 0.3 
2785 85 0.9 87 0.3 93 1 
2873 27 0.6 29 0 65 0 
2880 3 0.4 8 0.9 39 0.7 42 0.8 87 0.6 
2900 9 1 
3151 12 0.7 20 0.4 25 0 30 0.6 31 0.6 37 0.5 65 0.3 78 0.9 
3277 88 0.3 
3294 6 0.6 7 0 37 0 53 0.3 59 1 61 0.5 65 0.3 73 0 81 0.9 86 0.4 
3341 18 0.3 25 0 62 0.9 98 0.7 
3363 32 0 44 0.4 48 0 56 0.8 64 0.5 69 1 86 0.7 98 0 
3394 9 0.3 27 1 35 1 47 0.5 63 0.9 66 0 69 0.8 72 0.8 
3431 8 0.6 68 0 91 0 
3506 1 0 8 0.7 72 0 
3949 57 0.3 
4083 19 1 58 0.4 63 0 78 0.7 
4253 6 0.4 11 0.9 26 0.4 32 1 54 0 57 0.7 75 0.9 
4275 4 0 14 0.4 25 1 34 0 36 0.5 37 0.7 52 0.7 63 0 66 0.3 
4496 6 0.3 13 1 15 0.7 26 0 36 0.4 43 0.5 64 0.9 98 0 
4633 21 0.6 28 0.9 36 0.9 38 0.6 39 0 41 0.8 46 0.7 53 0 58 0.8 
4941 27 0.7 36 0.9 
5018 3 0.9 42 0 
5058 59 0.7 85 0.8 86 0.6 
5128 35 1 55 0.7 63 0.5 73 0.8 76 0.8 86 0 97 0.6 
5228 0 0.7 17 0.8 25 0.3 40 0.7 45 0.7 77 0.3 92 0.8 
5232 17 0.3 20 0 27 0.6 36 0.3 53 0.9 62 0 85 0.4 87 0.7 
5244 29 0.3 86 0.5 
5488 19 0.8 48 0.7 78 0 
5665 32 0.8 60 0.7 97 0.7 
5683 14 0.3 23 0 65 0 67 0.3 69 0.5 89 0.6 95 0.5 
5744 9 0.4 30 0.9 35 0.8 44 0.7 48 0 54 0 60 0.6 68 0.3 81 0 86 0 
5833 16 1 25 0.7 67 0.7 72 0.6 96 0 
5859 18 0.8 37 0.3 49 0.8 69 0.7 
6013 19 0.9 46 0.3 54 0 74 0.6 96 0 97 0.8 
6168 14 0 16 0 23 0.6 25 0.6 61 0 73 0 81 0.8 92 0.7 
6239 19 1 21 0.8 64 0.6 
6323 14 0.5 33 0.5 61 0.8 
6490 25 0.3 52 0 
6513 41 0 96 1 
6813 2 0.4 55 0.7 57 0.5 81 0.5 84 0.6 90 0 
6829 1 0.7 4 0.9 5 0 38 0.7 43 0 50 0 68 0 70 0.8 
6871 8 0 18 0.3 19 1 58 0.3 89 0.3 99 0 
6913 20 0.6 47 0.4 54 0.3 88 0.6 
6944 3 0.4 19 0 89 0 94 0.9 98 0 
7015 0 0.4 4 0.9 34 0.3 53 0.7 55 0.3 57 0.9 62 0.8 70 0.5 90 0.7 99 0 
7061 12 0.5 21 0 96 1 
7104 64 0.9 74 0.9 76 0.5 78 0.7 90 0 98 1 
7685 65 0.9 
7744 8 0.4 22 0 29 0 41 0.3 48 0.3 71 0.6 78 0 86 1 90 0.8 98 0 
7889 7 0.5 41 0.6 48 0.7 65 0.8 68 0.5 84 0.9 87 0.3 
8033 39 0.3 44 0 47 1 49 0.4 50 0.8 81 0.3 85 0.8 92 0 
8111 20 0.5 
8151 29 0.6 61 0.4 81 0.6 92 0.5 
8189 9 1 14 1 21 1 38 0.6 73 0 88 0.3 
8355 27 0.3 42 1 81 0.4 83 0.8 
8833 9 0.8 25 0.4 26 0.9 51 0.4 59 0 64 0 76 0 88 0.5 
8841 5 0.9 56 0.8 82 0.5 94 1 
8888 3 0.9 10 0.7 35 0.7 40 0 45 0 56 0.3 58 0.4 64 0.8 83 0.7 
8973 24 0.7 59 0.5 64 0.7 73 0 79 1 98 0.5 
9047 3 0 6 0.4 9 0.3 23 0.8 25 0.7 28 1 31 0 78 0.4 83 0.6 
9076 4 0.5 27 0.3 28 0 37 0.3 92 0 
9376 11 0.3 15 0.7 31 0.4 38 0 63 0.9 77 0 
9381 10 0.9 23 0.8 32 0.3 54 0.5 61 0.7 74 0 79 0.3 85 0.6 99 0.7 
9419 25 0.7 28 0.3 43 0 46 0.3 57 0.6 58 0 86 0 88 0 92 0.3 
9544 5 1 10 0 23 0.6 51 1 59 0.3 85 0.3 94 0.7 98 0.4 
9640 1 0 59 0.4 65 0 97 0.9 
9756 10 0 12 0.4 25 0.7 26 0 39 0.8 49 0 59 1 71 0.3 96 0 
9794 5 0 24 0.3 37 0.4 46 0.7 49 0.4 77 0.7 
9812 80 0 
