100
112 12 0.6 22 0.6 30 0.9 32 1 40 0.5 53 0 62 1 81 0.9 86 0 98 0.3 
130 13 0.8 23 0.4 26 0.9 53 0.6 69 0.7 76 0 
245 2 0 16 0 27 0.5 36 0.6 60 0.8 84 0.5 96 0.8 
248 4 0.3 5 0 28 0.5 46 0 55 0.9 70 0 82 0.4 93 0.9 95 0 
446 5 1 64 0 69 0.5 83 0 
459 14 0.4 17 0 21 0.7 37 1 61 0.8 65 0 69 1 70 0 80 0.6 
484 35 0 49 0.3 52 0 81 0 95 0.5 
693 59 0 
722 0 0 5 0.5 6 0.7 7 0 28 1 31 0 34 0.5 53 0 54 0.8 
748 17 0 19 0.7 52 0 58 0.5 74 0.9 84 1 93 0 97 0.6 99 0.4 
972 8 0 12 0.7 24 0 37 0.7 47 0.3 48 0.3 61 0.5 83 0 84 0 85 0 
985 28 1 44 0.9 55 0.3 
999 17 0 20 0 32 0 39 1 44 0 56 0.9 68 0.4 76 0.8 81 0.8 
1148 1 0 4 1 20 0.9 24 0.3 29 0.6 33 0.9 79 0.8 93 1 94 0.5 99 0 
1329 2 0.6 14 0.6 15 0.9 36 0.3 48 1 77 0 
1337 25 0.8 
1495 65 0.8 75 0.7 
1568 44 0.7 48 0.9 
1614 32 0.5 37 0.4 43 0 65 0 84 0.4 86 1 92 0 
1774 50 0.9 
1818 4 0.7 58 0 98 0 
1922 20 1 40 1 49 0.3 55 0.3 56 0.3 82 0.9 
1931 6 0.5 24 0.6 52 0 61 0.4 71 0 
1952 12 0 16 1 19 0.5 74 0 84 0.4 88 0 
1972 3 0.3 10 0.3 34 0 46 0.7 47 0.3 69 0 87 0 
2001 5 1 11 0.8 35 0 
2028 8 0 27 0 28 1 41 1 66 0 69 0.6 87 0.3 
2274 13 0.3 31 0.4 53 0.3 
2399 16 0 
2421 4 0.5 26 0.8 69 0.7 74 0 88 0 
2423 5 1 29 0 38 0.4 47 0 51 0.5 60 0.6 66 0.5 76 0.6 
2550 43 0 
2562 37 0.7 
2576 1 0.3 11 0.5 28 1 33 0.5 72 0 89 0 97 0.4 
2618 8 0.3 
2885 43 0.3 82 0.9 
2891 66 0 78 0 87 0.9 90 0.6 96 0.6 
2892 13 0.6 23 0.9 30 0.5 43 0 77 0.8 88 0.6 
2950 2 0 7 0.8 11 0.3 19 0.3 49 0 57 0.5 68 0.6 73 0.3 83 0.9 85 0 
3259 32 0.7 37 0.4 42 0.7 49 0.3 
3273 13 0.8 22 0.6 96 0.7 
3386 15 0.5 51 0.3 73 0.3 
3453 10 0 11 0.3 54 0 55 0.6 57 1 95 0 
3530 15 0.8 18 0.9 33 0.4 41 1 50 0.8 64 0 67 0 72 1 73 0.4 
3817 6 0.7 24 0.3 29 0.6 43 0.6 75 0 
3863 25 0.4 45 1 
3975 16 0.3 27 0.8 67 0.8 74 0.8 
4054 72 0.7 95 0.7 
4118 43 0 48 0 
4232 2 0.8 27 0.7 29 0.7 39 0.8 49 0.8 50 0.5 87 0 
4247 1 0 15 0.3 16 0.8 29 0.4 35 0.5 36 0.3 42 0.7 59 1 63 0.3 
4349 17 0.8 28 0.3 32 0 38 0.9 60 0 75 0 84 0.3 93 0.3 
4351 8 0.6 22 0.8 30 0.3 59 0.4 72 0.7 75 0.5 
4437 17 0.5 79 0.5 86 0.6 88 0.9 
4585 12 0.9 17 0.3 32 0.9 39 0.8 57 0.8 60 0.4 68 0 86 0.7 92 0.5 93 0.5 
5006 17 0 18 1 37 0.6 48 0 49 0 58 0 79 0.3 
5057 41 0 
5079 1 0.4 4 0.6 12 0.4 42 0.4 79 0.4 90 0 
5256 1 0 48 0.3 50 0.7 52 0.3 62 0.4 79 1 86 0.8 
5285 6 0 34 0 44 0 46 0.9 50 0.3 53 1 59 1 61 0.8 86 0.8 
5286 7 0.6 10 0.8 15 0 25 0 47 0.8 80 1 
5445 23 0.4 26 0 47 0.4 61 0.8 64 0.6 75 0.8 
5728 7 0.5 23 0.4 
5833 16 0.9 25 0.7 67 0.6 72 0.9 96 0 
6096 47 0.7 81 0.3 85 0.5 89 0.3 
6116 20 1 22 0.5 
6384 4 0.5 15 0.7 46 0.6 99 1 
6564 7 0 23 0 87 0.5 
6616 1 1 37 0.8 60 0.9 
6653 25 0.6 77 0 80 0 
7027 75 0.5 77 1 87 0.9 
7424 13 0.5 28 0.3 82 0 
7957 5 0 12 0.5 21 1 22 0.4 46 0 49 1 73 0.7 81 1 82 0.9 95 0.6 
8010 9 0.5 32 0.6 54 0 72 1 
8137 7 0 9 0.9 14 1 18 0.4 20 0 27 0.7 72 0.4 85 0.3 87 0.7 
8187 38 0.7 66 0.5 92 0.6 
8328 8 1 10 0 26 0.6 33 0.3 39 0.5 57 0 84 0 
8350 1 0 19 0 26 0.7 33 0.4 51 0.7 58 0.6 77 0.4 86 0.3 94 0 
8403 3 0.4 10 0.9 25 0.7 38 0.7 48 0 61 0 72 0.4 73 0.9 92 0.9 96 1 
8405 10 0 27 0.6 46 0.5 68 0 85 0.7 94 0 
8508 11 0 50 0.4 71 0 92 0 94 0 97 0 98 0 
8565 9 0.9 18 0.6 24 0 35 1 39 0 42 0.7 59 1 65 0.6 76 0.4 85 0.7 
8870 3 0.6 30 0 57 0.5 62 0.5 76 0.9 77 0.4 80 0.3 85 0.4 91 0.8 98 0 
8921 2 0.6 21 0.5 32 0.5 38 0.3 55 0.6 63 0.4 67 1 69 0.6 77 0 96 0 
9069 12 1 31 0.6 64 0.4 
9292 11 0.8 12 0 18 0 22 0.3 38 0.4 57 0 80 1 86 0.4 90 0.5 
9391 28 1 44 0.7 
9493 5 0.4 16 0.6 23 0.7 38 0 42 1 61 0 67 0 70 0.7 
9561 9 0.4 21 0.9 29 0 35 0.5 60 0.9 72 0.7 77 1 87 0.3 92 0.8 97 0.6 
9563 7 0.7 57 0.5 
9667 8 0.3 30 0 35 0.8 39 0 52 0 53 0.9 78 0 79 0.9 
9772 8 0.5 10 0.7 11 0.4 22 1 29 0 38 0.6 50 0.8 58 0.6 72 0 95 1 
9782 5 0.9 13 0.6 22 0.7 45 0 51 0 53 0.8 56 0.7 73 0.3 81 0.8 92 0.6 
9810 41 1 49 0 
9838 7 0.4 28 0.8 30 0 63 0.6 75 0.4 86 0 91 0.8 
9878 4 0.9 8 0 15 0.3 16 0.3 25 0.5 37 0.5 54 0 95 0.5 
9900 2 0.8 3 0.7 26 0.4 34 0.7 56 0.8 70 0.5 74 0 83 0.7 94 0.6 95 1 
9963 26 1 76 1 88 1 
9973 18 0.4 23 1 58 0.7 
9999 43 0.9 53 0.9 58 0.9 79 0.6 93 0.4 
