100
34 3 0 34 0.5 35 0.5 45 1 87 0.9 93 1 
334 39 0 
411 38 0.5 45 0.4 69 0 
424 13 0.9 26 0.7 38 0.9 54 0.3 68 0.5 76 0.6 98 0.6 
557 50 0 86 0.3 
577 2 0.6 6 0.3 18 1 19 1 49 0.6 52 0.6 54 0.7 80 0 
637 2 0.4 13 0.5 35 0.9 45 0.6 59 0 65 0.8 98 1 
744 8 0.5 9 0.3 13 0 31 0.3 66 1 73 0.9 78 0.8 79 0 82 0.4 
812 25 0.6 30 1 31 0.6 48 0.6 66 0.6 99 0.5 
820 15 0.7 50 0.5 55 0.6 95 1 
881 24 0.6 27 0.5 91 0 95 0.4 96 0.4 
898 0 0.8 45 0.4 82 0.9 
924 59 0.7 65 0.4 83 0 99 0.5 
1087 19 0 68 0 83 0.3 
1117 18 0.9 
1311 38 0.6 44 0 
1325 11 0.9 27 0.4 84 0 92 0 
1365 64 0 
1371 3 0.5 4 0 16 0.6 27 1 30 0.4 37 0.7 52 0.5 65 0.9 84 0 
1410 0 0.5 74 0 86 0.6 
1443 19 0.6 31 0.4 37 0 47 0 68 0 
1688 4 0.3 22 1 25 0.9 45 0.4 46 0.6 76 0.4 99 0.9 
1733 13 0.4 19 0 30 0 33 0.3 38 0 
1808 18 0.3 27 0.7 50 0.9 64 0.9 77 0.6 82 1 
1859 13 0.7 16 0.6 41 0 59 0.7 79 1 85 0 
1940 6 0 17 0.8 40 0 63 0.8 90 0.8 98 0.5 
1969 4 1 73 1 82 0.4 
2144 17 0.4 61 0.4 73 0.3 78 0 87 0 
2186 13 0 15 0 45 0.4 58 0.7 94 0.8 99 0.9 
2273 1 0.4 22 1 26 0 27 0.4 28 0.4 58 0.7 67 0.8 72 0 81 0.9 88 0.6 
2364 4 0.6 8 0.3 42 0.6 44 0.9 55 0.4 71 0.4 74 0.8 79 0 87 0.7 89 0.3 
2438 10 0 29 0.7 42 0.3 52 0.9 57 0.3 61 1 67 0 
2531 22 1 24 0.3 36 0.9 43 0.6 64 1 
2550 43 0.5 
2556 9 0.6 10 0.8 21 0 24 0.6 25 0 45 0.6 53 0 81 0.4 
2590 0 0.4 6 0.5 23 0.5 26 0 37 0 61 0.3 69 0.7 
2613 7 0 85 0.9 
2679 38 0.8 39 0 70 0.7 93 1 
2691 2 0 14 0.4 24 0.6 34 0 69 0 70 1 78 0.3 80 0.5 82 0.4 93 1 
2724 1 0.8 14 0.4 23 0 39 0.7 62 0.7 75 0.3 94 0 
2845 42 0.8 95 0.9 
2855 26 0.5 33 0.3 43 1 56 0.5 66 0.4 68 0.5 70 0 74 0.7 92 0.5 
2872 20 0 26 0.9 75 0 95 0.6 
3047 30 0 54 0.9 
3049 23 1 24 0 32 0.9 59 0.7 81 1 83 0.5 
3064 90 0.3 
3384 40 0 43 0 48 0 78 0 
3516 12 0.5 13 0 21 0.4 42 0 59 0.6 60 0 68 0 69 0.3 79 0.7 98 0.6 
3607 12 0 21 1 23 0.8 48 1 56 0.5 64 0 68 1 
3797 5 0.5 11 1 21 0.3 26 0.9 45 0.7 51 0.8 68 0.6 70 0.6 72 0 98 0.8 
3816 0 0.8 5 0 20 0.4 44 0 69 0.8 78 0.9 95 0 96 0.5 
3879 7 0.6 22 0.8 63 0.7 75 0.6 83 0 84 0.4 97 0 
3982 24 0.9 61 0.7 74 0.4 75 0.7 
4098 31 0.6 42 0 95 0 
4240 9 0.3 34 0.6 39 0.4 53 0 74 0.6 76 0.9 
4907 34 0.8 
4985 9 0.8 28 0.3 31 0 49 1 53 0.4 62 0 
5001 0 1 20 0.8 31 0.5 32 0 39 0.7 43 0.7 51 0.6 69 0.5 97 1 
5135 11 0 12 0.5 18 0.6 27 0 32 0.8 70 0 90 0.9 
5193 9 0.3 15 0 35 0.7 40 0 46 0.5 51 0 56 0.4 70 0.7 76 1 85 0 
5194 4 0.8 8 0.9 65 0 82 0 86 0.5 
5422 14 0 61 0.5 
5597 20 0.3 27 0 34 1 39 1 86 0.6 88 0.5 
5603 19 0.6 36 0.5 44 0.5 91 0 
5742 34 0 46 0.7 65 0.3 80 0.9 97 0 
5992 0 0 22 0.9 34 0.4 38 0.7 39 0 41 0.5 47 1 62 0 68 0.9 95 0.6 
6149 9 0.4 11 0 17 0.9 31 0 54 0 
6312 19 0 22 0 27 0.7 29 0.8 38 0.4 69 0.3 
6361 58 0.3 61 0.4 
6476 25 0.8 32 0.5 73 0.3 
6543 0 1 1 0 4 0.9 19 0.7 29 0.9 81 0.8 89 0.9 
6919 4 1 8 0 14 0.8 28 0.6 40 0.5 45 0 54 1 80 0 92 0.7 
6980 49 0.6 
7155 0 0 6 0.8 10 0 30 0.8 65 0.8 83 0 85 0.7 97 0.8 
7319 7 0 10 0.7 19 0.4 21 0 41 0.7 64 0.9 76 0 99 0.8 
7374 17 0.5 20 0 29 0 40 0 43 0 57 0.7 60 0.3 68 1 80 0.8 
7393 36 0 64 0.5 65 0.5 96 1 
7531 64 0.5 80 0.5 90 0.5 
7555 17 0.8 26 0.9 31 0.9 59 0.8 80 0.9 92 0.3 95 0 
7560 16 0.7 36 0.7 43 0 52 0.3 57 0.8 58 0.7 59 0.9 64 0.6 79 1 
7822 2 0 33 0.8 42 0.3 64 0.9 
7833 21 0.7 29 0 
7874 0 0.6 24 0 39 0.6 
8072 10 1 49 0.3 68 0.8 73 0.6 98 0.4 
8079 8 0 11 0.7 27 1 55 0.4 62 0 83 0 94 0.4 
8277 7 0 9 0.3 61 0 76 0.5 83 0.4 
8585 5 0.5 18 0 38 0 45 0.3 47 0 76 0.3 82 0.6 
8743 8 0.6 29 0.7 32 0 81 0 94 0.8 
8890 14 0 52 0.6 56 1 70 0.3 80 1 
9001 0 0 6 0.6 28 0.3 40 0.6 53 0.5 67 0 68 0.4 69 1 83 0 
9045 20 0.9 33 0.7 45 0.6 52 0 91 0.8 95 0.6 
9100 49 0.6 50 0 51 0.3 97 0.6 
9127 10 0 26 0.7 42 0.5 44 0.6 46 0.9 51 0.9 89 0.7 
9137 22 0.9 
9335 51 0.8 54 0.6 57 0.6 58 1 67 0 70 0.5 89 0 97 0 
9368 7 0 8 0 69 0 73 0 
9495 15 0 43 0.9 56 0 71 0.5 76 0.8 84 0.8 87 0.4 93 0.3 
9797 8 0.5 9 0.3 21 0 24 0.4 40 0.9 70 0.5 79 0.4 
9824 5 0 12 0.6 17 0.6 28 0.7 30 0.7 62 0.8 74 1 80 1 83 0.5 94 0.7 
9907 1 0.5 3 0.5 39 0.8 72 0 
