100
36 4 0.3 11 0.7 21 0.5 33 0.7 41 0.9 53 0.4 55 0.8 57 1 78 0.3 97 0 
139 0 0.7 10 0.5 28 0.4 30 0.5 45 0 47 0 58 0.9 69 0 92 0 
250 14 0.9 85 0 91 0 97 0.5 
359 6 0.6 9 0 44 0.9 59 0.9 80 0.4 
443 49 0.3 54 0.6 
766 3 0 22 0.7 45 0 60 0 69 0.6 70 0 78 1 84 0.4 94 0.8 
769 61 0 98 0.8 
880 4 0.8 5 0.8 49 0.9 54 0.5 59 0 68 0.4 77 0.3 88 0 
928 40 0.6 76 1 
1042 19 0.6 22 0 29 0.8 39 0.5 90 0.3 91 0.7 99 0 
1325 11 0.6 27 0.8 84 0 92 0.5 
1403 8 0.5 16 0.4 22 0.8 23 1 36 0 54 0.8 57 1 67 0 77 0.3 
1533 5 0 28 0.7 92 1 95 0.6 
1576 18 0.3 28 0.9 32 0.8 48 0.8 58 1 60 0.8 99 0 
1617 30 0.8 31 0.8 59 0.7 61 0.7 67 0 68 0 85 0.8 
1663 2 0.9 15 0 20 0.4 27 0 62 0.7 74 0.3 97 0.3 
1779 19 0.4 22 0.7 25 0 30 0 39 0 48 0 53 0.5 81 0 99 0.6 
1803 31 0.5 40 0.3 42 0.6 59 0.3 82 0.9 86 0.7 87 0 
2182 7 0.3 13 0 19 0.3 27 0.5 34 0 78 0.5 83 0.8 90 0.4 
2293 34 0.4 37 0.3 44 0.9 64 0.5 70 0.9 98 0 
2364 4 0.9 8 0 42 0.7 44 1 55 0.5 71 0.8 74 0 79 0.5 87 0.9 89 1 
2379 12 0 49 0 69 0 70 0.9 75 0.3 79 0.6 96 0.7 
2408 5 1 11 0.8 13 0.6 26 1 31 0.5 45 1 53 0 61 0 82 1 90 0.4 
2455 3 0.5 24 0 59 0 60 0 62 1 71 0.9 75 0.4 80 0 83 0 
2465 11 0.3 50 0.5 59 0.6 78 0.9 
2488 50 0.9 55 0 87 0.5 
2547 15 0.3 92 0.4 98 0.8 
2837 27 0 35 0.4 42 0.3 47 0.9 68 0.9 72 0 73 0.6 
3014 4 1 26 0 28 0 33 0 73 0.4 74 0.5 
3069 0 0.4 7 1 13 0.9 39 0.3 47 0.8 51 0.4 56 0.3 80 0.7 90 0.5 
3128 6 0.8 33 0 38 0.7 49 1 50 0.7 58 0.6 82 1 93 0 
3133 12 0.7 46 0.9 89 0.7 96 0 
3284 17 0.9 30 0 33 0 64 0.6 66 0.3 86 0.9 
3560 27 0.9 47 0.8 66 0.3 
3590 5 0.6 31 0.9 66 0.8 77 1 90 0.9 96 0.3 
3631 80 0.5 
3756 2 0.4 4 0.5 12 0.4 13 0 14 0.4 34 0.5 57 0.5 64 1 83 0.7 85 0 
3825 93 0.7 
3876 78 0 
3888 5 0 11 1 17 0.6 39 0.7 67 1 74 0.4 77 0 89 0.5 
4086 9 0 10 0.8 17 0.4 36 0.3 79 1 
4092 6 0.3 37 0.7 83 0 
4193 41 0 62 0.8 99 0.9 
4256 16 0.5 35 0.9 44 0 
4338 54 0 55 0.8 62 0 78 0.8 79 0.4 80 0.3 
4357 4 0 17 0.4 25 0.6 39 0 40 1 75 0.7 86 1 92 0.6 
4361 10 0.8 39 0 45 0.6 47 0.9 92 0 96 0.6 
4396 13 0 
4465 35 0 44 0.3 60 0.6 66 0.8 75 0.8 86 0 
4470 8 0 10 0.6 32 0.5 37 0.5 43 0.6 57 0.6 74 0.4 86 0.6 91 0 
4601 8 0 29 0.9 32 0 43 0.8 78 0.4 85 0.8 
4989 1 1 5 0 20 0 23 0.8 37 0.9 77 0 82 0 84 0 86 1 92 0 
5005 4 0 22 0.9 43 0.6 71 0.7 80 0.4 
5008 42 0 43 0.4 58 0.7 59 0.3 66 0 68 0.3 71 0.8 72 0.5 74 0.6 
5087 24 0.5 29 0.7 50 0.5 51 0.9 
5331 16 0.3 19 0.3 24 0.4 42 1 68 1 74 0 77 0.9 86 0.3 91 0.3 
5340 13 0 23 0 25 0 51 0.9 56 0.4 82 1 
5463 31 0 36 1 43 0.6 48 0 77 0.4 
5464 4 0.8 25 0 44 0.4 56 0 
5476 14 1 37 0 49 0 60 0.7 65 0.3 73 0.9 97 0.6 
5634 16 0.8 41 0.3 45 0 58 0.8 75 0.3 82 1 83 0.9 97 0.7 
5738 3 0.6 5 0.7 24 0 46 0.9 48 0.3 52 0.4 56 0.6 66 0 86 0 89 0.6 
5765 2 0.6 11 0.6 49 0.5 
5808 12 0 19 0.4 22 0 35 1 49 0.3 68 0 72 0.3 86 0 
5844 22 1 27 0.7 37 0.6 39 0.4 45 0.6 65 0.8 73 0 87 0 97 0.8 
5853 25 0.3 63 0.5 92 0.6 
5875 7 0 
5921 7 0.9 13 0.3 22 0.7 35 0.9 44 0 51 0.8 56 0.6 58 0.6 
6049 8 0 34 0.6 93 0 
6102 1 0.5 3 0.6 15 0.8 
6274 97 0.5 
6321 21 0 26 0 33 0 43 0.9 46 0.9 74 0 
6360 7 0 15 0 29 0 47 0.4 61 0 72 0.5 76 0.4 90 0 91 0.8 
6370 49 0.5 64 0.7 
6567 12 0.4 37 0.6 39 0.3 42 0.6 98 0.7 
6626 19 0.8 20 0 37 0 42 0.6 68 0.4 71 1 93 1 94 0.6 
6669 30 0.6 31 0.3 36 1 68 0.9 81 0.3 83 0 99 0.6 
6887 1 0.5 14 0 50 0 58 0 80 0.7 92 0.9 
7009 77 0.7 
7239 1 0.3 12 0 13 0.7 40 0.6 41 0.7 47 0 64 0.5 
7358 28 0 44 0.7 45 0.3 54 0.8 99 0 
7743 14 0 18 0.7 19 0 28 0.4 57 0.6 82 0.5 83 0.4 86 0.9 
7757 2 0.7 5 0 10 0.7 25 0.5 73 0.6 
7887 5 0.7 9 0 33 0.9 50 0.7 74 0 
7893 2 0.4 7 0.4 14 0.7 27 0.4 40 0 
8013 7 1 11 0.5 21 0 41 0.7 44 0.9 87 0.8 99 1 
8131 35 1 39 0.4 97 0.9 
8148 11 0.8 13 0.6 27 1 33 0.4 39 0.9 45 0.4 46 0.3 49 0.8 66 0.4 74 0.6 
8456 1 0.8 10 0.4 19 0 22 0.6 32 0.3 77 0.6 78 0.5 
8507 25 0.3 29 0.6 
8597 6 0.8 30 1 43 0.5 59 0.8 60 0 
9132 25 0.6 33 1 39 0 46 0.6 61 0.7 70 0.5 80 0.5 86 0 
9236 33 0.9 65 0.4 90 0.8 96 0.4 
9347 0 0.7 24 0 33 0 42 0 60 1 71 0 82 0.4 92 0.5 96 0 99 0.7 
9543 36 1 41 0.9 77 0.6 
9691 10 0 13 0.8 14 0.6 16 0.9 36 0 43 0.5 52 0.5 85 0.3 87 0.9 
9695 16 0.4 22 0.9 27 0.7 49 0 70 0.8 80 0.9 85 0.7 90 0.7 92 0.8 
9719 48 0.4 83 0.8 
9741 6 0 30 0.9 33 0 36 0.6 40 0 
9892 0 1 59 0.4 71 0 90 0 
