100
73 28 0.3 84 0 
155 85 0.8 95 0.3 
275 5 0 10 0.9 19 0.9 28 0.8 31 0.8 43 0 90 0.5 
327 2 0 12 1 18 0.9 33 0.7 65 1 94 0 
483 28 0.4 54 1 57 0.9 72 0.7 77 0.8 86 0.3 90 0 97 1 
484 35 0.4 49 0 52 0.4 81 0.5 95 0.9 
488 0 0.4 55 0.5 61 1 73 0.8 
529 70 0.7 86 1 
620 36 0.3 
830 9 0.7 45 0.6 46 0.4 51 0.9 62 0.5 67 0 90 0.3 91 1 94 0 95 0.5 
872 0 0.8 3 1 22 0 48 0.6 60 0 72 0 86 0 88 0 93 0 
948 5 0.5 8 0.3 22 0.7 23 0.8 27 0.7 87 0.6 89 1 96 0.3 
951 16 0.5 30 0.4 31 0 50 0 57 0.7 
1000 24 0.8 
1020 0 0.3 2 0 6 1 8 0.5 27 0.9 68 0.3 75 0.7 97 0 
1318 41 0.8 
1335 28 0.6 46 0.3 47 0 76 0.6 
1381 4 0.8 5 0 56 0.7 69 0.6 77 0 84 0.6 88 1 98 1 
1387 19 0 36 1 41 0.5 73 0 78 0.9 92 0.8 94 0.5 99 0.4 
1529 39 1 88 0.5 
1559 3 0.5 18 0 55 0.9 64 0 65 0.9 69 0 75 1 92 0 93 0.9 94 0.7 
1630 26 0.7 41 0.7 58 0.9 66 0.4 
1666 18 0 32 0 40 0.8 44 0.3 46 0.7 48 0.5 81 0.6 92 0 94 1 
1851 8 1 12 0.9 16 0 30 0.7 43 0.5 82 0.4 
1860 11 1 12 0.7 13 1 19 1 21 1 57 1 74 0.9 95 0.3 
2133 3 0.8 20 0.3 46 0.6 50 1 53 0 66 0.3 76 0 78 0 90 1 
2158 11 0 
2195 24 0.9 25 0.6 35 0.7 67 0 87 0.7 
2295 2 0.6 15 0 56 0.7 89 0.9 
2296 0 0 8 0 13 0.4 30 0 47 0.6 83 1 
2406 28 0.3 45 0 47 0.3 66 0 71 0.7 72 0 
2434 23 0.4 77 0.5 84 0.3 
2452 17 1 22 0.3 41 0.8 48 1 59 0.6 63 0.6 66 0.9 86 0.6 96 0.4 
2454 8 0.5 10 0.7 17 0.7 42 0.6 51 0.4 56 0 65 1 73 0 81 0.6 91 0 
2553 9 0 14 0 25 0.5 34 0.5 48 0.3 81 0 
2593 21 0.9 53 0.8 67 0 
2773 11 1 12 1 44 0.4 47 0.4 52 0.6 56 0.8 61 0 73 0.3 74 0.8 93 1 
2817 22 0 24 0 32 1 35 0.3 54 1 56 1 58 0.9 69 0.7 77 0.8 88 0.8 
2865 13 0.6 32 0.4 40 0.9 54 0.5 65 0.5 93 0.3 
2887 1 1 6 0.8 13 0.7 41 0.6 55 0.5 60 0.6 65 0 82 0.3 
2890 14 0 28 0 30 0.7 40 0.9 72 0 88 0.5 
2991 1 0.6 25 0.5 34 0.9 38 0.3 86 0.4 91 0.3 98 0.7 
3091 97 0.7 
3203 11 0.6 23 0 24 1 33 0.4 62 0.4 83 0.9 
3292 5 0 14 0 35 0.5 66 0.6 71 0.4 80 0.5 89 0.3 
3348 65 0.8 71 0.4 78 0.8 99 0.5 
3469 4 0.3 11 0.9 16 0.4 23 0.4 44 0.6 64 0 77 0.5 83 0 91 0 
3567 1 0 27 0.6 35 0.5 69 0.7 
3650 6 0.4 56 0.9 67 0.9 91 0.7 
3657 24 0.8 27 0.3 37 0 42 0 44 0.7 70 0.5 75 0 77 0.4 90 0 97 0.3 
3711 3 0.6 19 0.3 20 0.4 22 0.5 23 0 79 0 87 0.9 
3754 3 0 5 0.6 11 0.4 63 0 68 0.8 77 0 86 0 97 0.6 
3818 1 0 4 0 33 0 36 0.8 71 0.5 78 0.6 94 0 95 0.8 
3871 9 0 42 0.6 58 0.6 73 0.3 88 0.5 97 0.8 
3951 2 0 21 1 30 0 40 0.9 61 0 67 1 75 0.8 84 0.9 94 0.6 98 0.3 
4032 9 0.6 16 0 17 0 19 0.5 26 0.9 38 0.4 55 1 63 0 86 0 88 0.4 
4262 56 0 70 0.5 
4394 4 0.3 36 0.4 84 0 85 0.4 92 0.4 94 1 
4561 9 1 14 0.6 
4679 21 0.9 23 0.5 57 1 59 0.4 62 0.5 75 0 90 0.7 
4715 3 0.8 21 0 28 0.5 50 1 76 0.6 
4882 0 0 38 0.7 48 0 54 0.8 57 0.8 76 0 89 0 93 0 96 0.8 
5027 1 0 4 0.4 8 0.3 37 0.8 51 0 70 0.3 76 0.4 
5181 4 0.5 8 1 49 0.7 54 0.9 58 1 63 0.3 
5198 12 0 25 0.8 27 0.6 30 0.8 55 0.6 68 0.8 
5214 40 0.6 56 0 
5279 33 0.9 
5309 2 0 6 0.8 13 0.6 22 0 27 0 55 0.3 89 0.3 94 0.4 
5871 15 0.7 24 0.7 56 1 84 0.9 94 0 
5945 42 0.7 51 0 71 0.5 78 0.3 
6055 21 0.7 23 0 38 0.7 45 0.7 46 1 58 0.7 66 0.8 73 0 76 0.4 88 0 
6183 10 0.7 15 0.9 25 0.4 75 0.7 98 0.5 
6307 52 0.3 
6422 12 0 
6697 0 0 8 1 25 0.6 38 0 58 0.4 92 0.7 98 0.4 
6852 13 0.9 16 0.5 22 0.6 56 0.9 72 0 83 0.5 
6900 11 0.3 47 0 95 0.4 
6994 10 0 30 0 48 0.7 59 0.8 62 0.8 89 0 
7014 20 0.4 29 0.8 52 0.5 63 0 69 0 70 1 73 0.9 76 0.5 80 1 96 0 
7184 30 0.8 53 0.8 
7185 10 0.3 19 0 22 1 30 0.8 40 0 46 0 69 0 94 0.4 
7200 4 0.7 10 0.7 22 0.6 29 0.3 35 1 37 0.4 38 0.3 67 0.8 74 0.4 76 0 
7207 74 0.5 78 0.9 
7340 22 0.4 42 0.8 69 0.8 71 0.9 75 0.6 78 1 89 0 
7507 17 1 22 0.7 27 0.5 64 0 67 0 74 0.6 78 0.7 89 0.6 97 0.6 
7765 15 0.7 33 0 37 0.9 45 0 54 0.6 77 0.4 91 0.3 95 0 
8184 6 0.5 10 0.5 11 0.7 21 0.8 36 1 66 1 76 0.7 84 0.6 97 1 
8685 3 1 7 0.9 26 0.5 42 0.6 68 0 76 0 90 0 97 0.4 
9004 16 0.6 
9274 12 0 25 0.7 31 0.7 64 0 87 0 
9298 37 0.7 59 0.7 75 0.9 89 0 
9414 7 0.6 9 0 12 0.4 
9448 59 0.5 76 0 
9652 37 0 41 0 50 0.4 92 0 98 0 
9761 4 0.7 22 1 28 0 40 0.7 63 0.7 66 0.6 
9792 69 0.9 
9853 16 0 18 0.9 56 0.9 
9901 11 0.6 18 1 86 0 
9949 13 0.8 44 0.8 71 0 
9990 54 0 57 0.4 61 0.3 87 0 91 0.3 92 0.4 
