100
124 7 0.9 53 0.8 66 0 67 0.5 80 0.4 81 1 82 0.7 88 1 90 0.3 
156 33 0.6 97 0 
243 13 0.9 30 0.8 31 0.5 46 0 51 0.6 82 0.6 84 1 87 0.8 
294 21 0 43 0.7 49 0 
317 39 0.3 
319 30 0.6 33 0.3 
357 14 0.6 49 1 54 0 70 0 73 1 81 1 
481 11 0.5 21 0 34 0 41 0.4 60 0.6 
609 15 0.4 23 0.7 41 0.3 52 0.7 62 0 67 0 70 0.7 95 0.4 
653 0 0 2 0 47 0 
735 46 0.9 83 0 98 0.4 
932 4 0.3 81 0 
961 4 0.8 59 0 76 0.9 82 0.9 84 0 
1021 8 0 20 0.7 21 0.9 28 0 75 0 
1056 4 0 25 0 30 1 48 0.8 55 0 58 0.7 62 0 71 0.3 83 0 
1334 86 1 
1545 13 0.8 69 0.3 93 0.6 
1567 1 0.8 23 0.6 30 0.3 64 0.8 70 0 81 0.4 90 0.6 97 0.5 
1698 5 0.4 8 0.7 14 0.7 52 0 67 0 86 0.7 
1802 18 0.7 28 0 50 0 59 0.8 76 0 79 0 87 0 
1884 51 0.9 57 0.7 63 1 65 0.8 69 0.9 74 0.8 77 0.9 78 0 89 0.7 93 0 
1971 5 0.5 11 1 12 0.9 29 1 36 0 51 0 83 0.5 88 0.8 91 0.6 96 0.9 
2075 11 0.7 14 1 16 0.4 24 0.4 58 0.5 72 0.3 82 0.4 90 0.5 
2160 52 0.9 83 0.4 93 1 
2277 3 0.5 17 0.9 18 0 20 0.6 21 0.9 30 0 80 0.3 90 0.9 95 0.6 99 0.6 
2325 19 0 26 0.6 38 0.5 60 0 72 0 80 0.4 83 0.9 88 0.6 96 0.8 
2328 9 0 10 0.4 20 0.3 24 0 27 0.4 55 0.4 66 0 
2379 12 0.4 49 0.7 69 0.5 70 0 75 0 79 1 96 0 
2433 4 0 14 0 27 0.8 33 0 36 0.5 57 0.4 82 0.3 91 0.9 
2632 2 0.7 40 0 47 0.3 67 0.5 87 0.9 
2638 22 0.6 72 0.9 80 0.7 
2670 10 0.3 76 0.6 77 1 
2748 12 0.8 
2798 4 0.6 12 0 13 0.4 19 0.8 53 0.4 60 0.8 66 0.9 94 1 
2807 10 0.8 22 0.9 51 1 70 0.7 74 0 88 0.7 89 0.7 92 0.6 94 0 
2819 22 1 26 1 32 0.7 44 0.9 48 0.5 59 0.7 60 0.7 86 0.8 99 0.9 
2874 1 0.6 15 0.9 36 0.5 42 1 54 0.9 78 1 87 0.4 
3114 36 0.9 48 0.5 49 0.9 56 0.5 81 0.5 
3218 4 0 37 0.4 38 1 50 0.9 74 0.6 93 0.8 
3347 27 0 96 0 
3471 27 0 
3653 0 0.8 17 0 21 0 24 0 38 0.5 92 1 93 0 96 0 
3756 2 0 4 0.6 12 0.3 13 0.9 14 0.6 34 1 57 0.5 64 0.8 83 0 85 0.3 
3968 7 1 8 0.5 46 0.6 75 0.6 
3988 12 0.9 24 0 25 1 33 1 73 0.3 80 0.5 81 0.5 
4015 51 0.6 84 0 
4191 1 0 95 0.7 97 0.9 99 0.9 
4377 6 0.7 28 0 33 0 70 0.9 72 0.8 99 0 
4393 4 0.3 5 0.7 36 0.6 40 0.3 
4790 3 0 26 0.9 34 1 38 0.3 60 0.4 64 0.8 84 0.6 94 0.9 
4909 18 0 20 1 27 0 34 0.3 
4934 17 0.7 22 0 23 0 29 0.8 60 1 86 1 
5084 70 0.9 73 0 
5134 5 0 10 0.7 14 0.5 31 0.7 49 0.5 63 0.8 74 0.9 83 0 88 0.4 94 0.5 
5304 2 0 13 0.8 14 0.9 52 0.9 65 0.4 66 0.8 78 0.8 82 1 86 0.6 94 0.5 
5364 87 1 
5408 14 0.4 24 1 53 0.8 74 0.9 92 0 
5434 15 0.4 37 0.7 44 1 86 0.9 89 1 93 0 
5614 1 0.3 4 0 23 0.7 88 1 
5655 0 0 23 0.3 28 0.4 32 0.8 35 0.3 62 0 66 0 68 0.3 86 0.5 88 0 
5659 34 0.6 
5695 11 0 17 0 41 0.5 69 0.4 
5801 74 0.4 87 0.9 
6030 45 0 
6191 29 0.3 60 0 76 0.7 94 0 
6284 0 0.6 26 0.4 32 0.6 67 0 87 0 
6347 50 0 
6395 6 0.8 17 0.5 28 1 31 0 36 0 38 0.7 49 0.7 68 0 80 0.7 81 0.5 
6606 17 1 22 0.8 26 0.3 37 0 39 0 55 0.5 56 0.7 
6692 1 0.5 2 1 50 0 82 0 
6719 0 0.6 14 0 40 0.9 46 0.4 66 0.3 72 0 81 0 90 1 
7247 3 0 14 0.6 29 0.5 48 0.9 84 0 94 0 
7459 15 0 20 0 28 0.8 55 0.5 60 0.4 82 0.6 96 1 
7493 0 0.3 5 1 7 0.8 29 0 30 0.8 33 0.6 86 0.8 92 0.8 98 0 
7641 13 0 16 1 26 0.3 30 0.4 36 0 74 0.8 84 0 92 0.5 
7792 10 0.3 23 0.8 38 0 46 1 49 1 64 0.9 65 0 76 0.5 77 0.4 
7863 3 0 5 0.3 18 0 22 0.4 39 0 40 0 50 0.4 57 0.9 61 0.9 72 0.5 
7909 23 0.9 33 0.9 36 0 62 0 72 0.5 
7956 53 0.5 
8075 5 0 95 0.3 
8079 8 0.8 11 0.5 27 0.3 55 0 62 0 83 0.4 94 0.4 
8101 14 0.3 21 0 49 0.5 67 0.5 73 0 78 0 86 0.3 90 0.6 
8279 4 0 37 0.6 57 0.6 67 0.5 85 0.6 
8353 21 1 52 0.3 74 0.3 77 0.8 
8678 28 1 
8867 0 0.4 50 0.4 72 0 91 0 
8916 4 0.3 12 0.4 14 1 23 0.9 54 0 70 0 81 0.9 82 0.7 94 0.9 98 1 
9131 18 0.3 94 0.4 97 0 
9228 5 0.8 20 0 22 0.5 33 0.4 96 0 
9299 35 0.8 93 0.9 99 1 
9303 2 0.7 7 0 10 0 15 0.6 17 0.7 25 0.4 26 0.6 39 0.7 54 0.7 85 0.3 
9489 23 0.7 42 0 50 0.7 65 0.9 
9529 15 0.6 27 0 42 0.6 44 0.5 58 0 59 0.5 61 0 68 0.4 
9545 35 0 
9601 6 0 17 0.7 36 0.7 37 0.9 64 1 65 0.6 67 0.4 75 0.8 81 0.3 
9684 18 0 37 0.3 75 0.3 77 0.7 82 1 95 0.5 
9798 5 1 7 0.9 15 0 29 0.7 31 0.9 34 0 64 0.3 66 1 75 0.4 
9893 15 1 32 0.8 
9900 2 0.6 3 0 26 0.9 34 0.7 56 0.6 70 0.5 74 0.6 83 0.7 94 0.3 95 0 
9985 8 0.7 18 0 27 0 45 0.4 56 0.8 64 0 65 0.5 66 0.7 72 0 
