100
37 15 0 19 0.7 
404 56 0 
507 9 0.5 27 0 
609 15 0.8 23 0.6 41 0.3 52 0 62 0 67 0.7 70 0.3 95 0 
667 27 0.4 85 1 
748 17 0 19 0.3 52 0.7 58 0.3 74 0.4 84 0.7 93 0 97 1 99 0 
815 3 0.7 65 0 81 0.4 
872 0 0.8 3 1 22 1 48 0.8 60 0 72 0 86 1 88 0 93 0.3 
882 5 0 29 0.6 65 0.4 
970 5 0.3 9 0.8 63 0.6 93 0 
1279 25 0.8 51 0.3 74 0 84 0 87 0 94 1 97 0 
1976 66 0.9 91 0.6 
1987 34 1 52 1 66 0.5 
2210 3 0 43 0.9 88 0.4 
2217 4 0 18 0.4 27 0.4 42 0.8 43 1 56 0 79 0.7 81 0.3 91 0.8 
2242 17 0.6 23 0.7 26 0.6 59 1 94 0 
2283 0 0 2 1 27 0.6 38 0.7 62 0.3 
2340 7 0.5 43 0 75 0.3 99 0 
2376 8 0.5 67 0 84 0.9 
2463 14 0.7 16 0 34 0.4 41 0.6 47 0.9 53 0.8 67 0.8 68 0 
2667 20 0.8 
2721 3 0 42 0.7 64 0 77 0.3 87 0 91 0.8 96 0 
2723 17 0.6 25 0.6 31 0 51 0 53 0.7 54 0.7 64 0.4 83 0.8 88 0.4 93 0 
2728 22 0.5 24 0.8 32 0 36 0.5 50 0.4 67 0.9 73 1 76 0.5 81 0 
2736 71 0.9 
2815 13 0.3 17 0.9 69 1 98 0.9 
2853 8 0.3 20 0.8 38 0.4 44 0.5 51 0 67 0.8 
2854 11 0 41 0.5 44 0.6 
2920 2 0 51 1 
3044 42 0 44 0.7 52 1 56 0.9 60 0 71 0.6 78 0 
3139 5 0 34 0 40 0.8 58 1 75 0.9 
3187 3 0 5 0.4 20 0.7 44 0 76 0.5 88 1 
3200 40 0.7 
3206 0 0 15 0 44 0.3 48 0 53 0 75 0 76 0 77 0.6 
3221 17 0.6 62 0 66 0.8 90 0.6 
3224 54 0 
3357 11 0.5 38 0.9 47 0.8 73 0.7 90 0.4 
3885 0 0.5 3 1 26 0.4 67 0.4 77 1 99 0.5 
4115 15 0.4 27 0.8 30 0.6 41 0.6 42 0.7 45 0.6 50 1 67 0 92 0.5 
4219 22 0.8 28 0.6 29 0 63 0.3 
4249 54 0.8 66 0.4 
4287 17 0.3 18 0 26 0 34 0 40 0 98 0.3 
4363 29 0.7 34 1 51 1 87 0 88 0 
4364 38 0.8 79 0 
4366 11 0 64 0 73 0 
4613 4 0.7 16 0.4 76 0.4 83 0.4 89 0 95 1 99 0.9 
4696 15 0 82 0.9 83 0 
4753 6 0.6 8 0.6 57 0 
4768 2 0.9 6 0 54 0.8 
4787 5 0 26 1 43 0.3 71 0.7 94 0 99 0.5 
4855 40 0 
4928 10 0 32 0.3 39 0.3 60 0.3 61 0 79 0.9 96 0 
5009 2 1 4 0 19 0.6 45 0.9 64 0 67 1 79 0 82 0.3 84 0.5 
5025 21 0.6 35 0.7 39 0.9 69 0.9 78 0.6 79 0 
5038 28 0 56 0 72 0 
5061 0 0.6 
5159 75 0.5 
5263 1 0 70 0.7 91 1 98 0.3 
5366 63 0.5 65 0.8 82 0.3 
5432 56 0.9 78 0.3 
5594 6 0 10 0 38 0.9 44 0 46 0.4 
5735 9 0.6 23 1 32 0.9 36 0.5 52 0 93 0.8 
5852 40 0.5 41 0.4 
5880 6 0 35 0 48 0.4 50 0.7 97 0 
5909 29 0.6 30 0.9 38 1 40 0.3 46 0.8 57 0 73 0 97 1 
5964 2 0.4 38 0.3 49 0.5 59 0.4 
6199 53 0 56 0 
6320 6 0.6 8 0 11 0.8 18 0.6 47 1 53 0.5 71 0.6 75 0 81 0.4 
6560 9 0.5 62 0.8 97 0 
6691 33 1 81 0.3 92 0.5 95 0.6 
6827 0 0.4 26 0.3 60 0 
6893 37 0.3 41 1 47 0.8 50 0.3 59 0 94 0 96 0.5 99 0.6 
6994 10 0.4 30 0.8 48 0.9 59 0 62 0 89 0.5 
7082 6 0.9 
7118 23 0.7 32 0.6 41 0.4 76 0 77 0.8 78 0.7 87 0.8 
7217 14 0.8 
7227 7 0 49 0.6 
7253 22 0.9 70 0.6 91 0.6 
7335 9 0.6 25 0.4 56 0.5 85 0 
7475 0 0.7 2 0 20 0 28 0 42 0.6 50 0 54 1 
7571 45 0.3 47 0.5 69 0.9 
7649 12 0.9 16 0 26 0.9 35 0.3 40 0.6 78 0.7 80 0 84 0.6 
7794 0 0.5 2 0.6 28 0 67 0 93 0.7 
7848 35 0.5 41 0.4 
8185 44 0.9 47 1 56 0.9 98 0.9 
8278 9 0.4 33 0.8 37 0 48 0.3 55 0.5 59 0.4 98 0.5 
8420 4 0.4 69 0.9 
8842 3 0.7 24 0.3 25 0.7 28 0.7 38 0 82 0.3 94 0.7 
9078 3 0 6 0 19 0.6 21 1 35 0.5 43 0.8 53 0.9 71 0.9 76 0 77 0.6 
9276 11 0.5 50 0 52 0 
9562 75 0 
9600 33 0.4 37 0.6 46 0.8 50 0.8 55 0.3 60 0.6 62 0.5 
9607 15 0.8 
9638 31 0.6 43 0.8 78 0.7 82 0 83 0 
9751 13 0.9 23 0.9 29 0.6 41 1 44 0 49 0.4 93 0.4 96 0.8 
9792 69 0 
9797 8 0.4 9 0.4 21 0.4 24 0.6 40 0.8 70 0 79 0.3 
9857 0 1 2 1 8 0 19 1 24 0.9 50 0.8 51 1 52 0.5 78 1 98 0.7 
9864 7 0.9 34 0.8 37 0 47 0.9 50 0.6 72 0.3 77 0 85 0.9 89 0.8 93 0 
9997 12 1 17 0 34 0 53 0.5 54 0.4 97 0.6 
