100
84 11 0.8 
127 1 0 9 1 11 1 57 0.7 76 0.5 88 1 
152 98 0.9 
187 52 0 61 0 76 1 98 0.7 
314 15 0.6 36 1 
322 34 0 41 0.7 42 0.5 70 0 84 0.4 97 0 
469 46 0.7 49 0.8 71 0.5 83 0.8 
473 3 0.4 40 0.7 43 1 55 1 57 0.3 66 1 73 0.8 80 0.7 86 0 87 1 
516 6 0.7 13 0.4 25 0.8 61 0.6 66 1 77 0.8 
621 37 0.9 44 0.3 47 0.8 56 0 75 0.7 93 0.8 
856 26 0 46 1 47 0.8 50 0.8 65 0 82 0.6 92 0.6 95 0.3 
1034 7 0.9 33 1 34 0.4 46 0.6 73 0.4 
1158 4 0 43 0.8 59 0.6 62 1 68 0.4 69 0.4 85 1 95 0 
1297 8 0 11 1 86 0.4 
1392 26 0.7 29 0.7 46 0.7 53 0 66 0.9 68 0 77 0 81 0.6 93 0.6 
1412 17 0.5 18 0.5 22 0.6 34 1 71 0.9 72 0.3 77 0 87 0.9 92 0.3 
1448 0 0 23 0.8 45 0.7 46 0 51 0 79 0.8 95 0.4 
1513 4 0.6 35 0.9 43 0.6 46 0.3 76 0 88 1 
1610 21 0.5 51 1 63 0.4 77 0 84 0.9 
2055 11 0 23 0.7 34 1 39 0.3 52 0.9 58 0.7 68 1 90 0 
2231 16 0.4 27 0 35 0.5 
2237 55 1 82 0.6 92 0.9 
2317 13 0.6 
2373 38 0 
2392 11 0.8 20 0 
2469 0 0.9 3 0 60 0.4 
2566 43 0.4 64 0 79 0 
2762 3 0 61 1 70 0.3 76 0.7 98 0 
2854 11 0.9 41 0.6 44 0.3 
2921 46 0.4 53 0 66 0.7 73 0.7 93 0 
3138 11 0.3 39 0.9 49 0 60 0 92 0.8 96 0.7 
3421 3 0.9 4 0.6 16 0.6 46 0.3 57 1 67 0.3 80 0.9 87 0.9 88 0 94 0.8 
3429 14 0 39 0.8 
3841 0 0.9 5 0.6 10 0 19 0.7 35 0 38 1 54 0 55 0.5 62 0 68 0.7 
3845 33 0 34 0 42 0.6 50 0.8 82 0.4 84 0 
3938 53 0 89 0.6 
4098 31 0.3 42 0.4 95 0.3 
4143 20 0 30 1 41 0.9 60 0 80 0.7 87 0 88 0 95 0 
4153 14 1 36 0 38 0 43 0.9 51 0 78 0.9 
4316 2 0 46 0.8 
4449 1 0.8 4 0 52 0 59 0.5 63 0 86 0 90 0.8 92 0.8 
4509 4 0 61 0.9 68 0.3 84 0.4 98 0.8 
4512 5 0 48 1 
4659 19 0 48 0.5 55 0.4 60 0.6 63 0.8 64 0.9 67 0.9 68 0.9 
4738 2 0 5 0.9 6 0 7 0.7 12 0.3 33 0 56 1 85 0 
4742 0 0.8 12 0.6 16 0 82 0.9 
4780 36 0.4 40 1 61 0 68 0.6 91 1 94 0 
4878 2 0 3 0.9 7 1 23 0.3 33 0.9 34 0 50 0.3 58 0.5 78 0.8 97 0.6 
4937 0 0.7 16 0 
4971 28 0.4 45 0.3 54 0 61 0 65 0.4 
5015 2 0.4 22 0 49 0.5 62 0.9 75 0.4 79 0.9 80 0 87 0 
5338 0 0.4 20 0 33 0.3 57 0 74 0.8 89 0.9 
5345 10 0.9 40 1 60 0 61 0.8 78 0.4 96 0 
5348 15 0 28 0.3 45 0.9 49 0 50 0.9 72 0 81 0.8 
5377 20 0.4 
5507 4 0 9 0.8 37 0 41 1 53 0.4 69 1 78 0 79 0 94 0 
5558 0 0 25 0.8 30 0.5 38 0.8 39 1 56 0.8 63 0.8 71 0.5 
5818 1 0 48 0.7 77 1 91 0 
5976 15 0 69 0.9 72 0.5 75 0.8 86 0.7 
6157 13 0 22 0.6 47 0.4 52 0.9 68 0.3 71 0.3 75 0.7 76 0.5 79 0 83 0 
6245 7 0.3 25 0.3 30 0.4 41 0.6 51 0.8 58 0.5 75 0 84 0 91 0.9 94 0.6 
6304 8 0.7 34 0.3 47 0 56 0.3 78 0.8 84 0 
6324 36 1 42 0.8 72 0.9 81 0.7 94 0.4 
6339 2 0.4 31 0.3 55 0.7 65 0.6 70 0 77 0.3 81 0.4 86 0 95 0.6 
6534 0 0 39 0.6 51 0 52 0.4 70 0 71 1 80 1 92 0.8 
6627 8 0.5 11 0.8 28 0.7 32 0 42 0.6 61 1 62 0.6 67 0.4 75 0.5 90 0.6 
6855 17 0.4 37 0 
6860 17 0.6 45 0.6 58 0.7 96 0.7 
6886 22 0 30 0.9 49 0.3 85 0 90 0 
7053 2 0.4 15 0.9 32 0.3 35 0.9 50 0 61 0.9 75 0 80 0 81 0.9 95 1 
7107 21 0.7 
7138 63 1 
7276 89 0 
7571 45 1 47 0.3 69 0 
7712 63 0 
7741 10 0.3 45 0.4 61 0.7 92 1 
8071 42 0 44 0.7 65 0.5 
8127 9 0 25 1 27 0.5 37 0 62 0 65 0.8 66 0.4 78 0.9 87 0 
8248 23 0.3 25 0 33 0.7 38 0.9 39 0.3 52 0.8 61 0 62 0.4 68 0 69 0 
8270 36 0 37 0.3 45 0 54 0.3 64 0.4 69 0.6 94 0.7 97 0.4 
8457 1 0.7 18 0.9 29 0.9 36 1 41 0.9 45 0.6 74 0 78 1 82 0.8 
8469 11 0.8 
8487 21 0.4 32 0.3 85 1 
8616 19 0.7 48 0.5 89 0.4 
8898 27 0 
8956 19 1 83 0 
8974 7 0.8 8 0 19 0.3 29 0.7 49 1 53 0.3 54 0.4 68 0.8 82 0 94 0.9 
9204 32 0.5 73 0.6 82 0.4 
9219 18 0.3 26 0 27 0.6 82 0 88 0 92 0.5 
9258 14 0.6 39 0 59 1 
9295 3 0.8 
9314 2 0.9 3 1 15 0.5 19 0.3 26 0.9 48 0 50 0.6 56 0 86 0 90 0.5 
9360 11 1 29 0.4 35 0.3 63 0.9 64 0 65 0.9 66 0 78 0.6 93 0.5 94 0.6 
9425 10 0.3 25 0.4 37 0.3 58 0 62 0.8 66 0 
9548 11 0 75 0.7 
9575 0 0.9 9 0.8 49 0.4 60 0.9 62 0.4 66 0.9 69 0.4 74 0.7 75 1 84 0.5 
9770 6 0.6 17 0.8 32 0.5 78 0.6 93 0 
9771 10 1 69 0.7 77 0.4 85 0 89 0.3 98 1 
9813 4 0.5 23 0.5 42 0.7 55 0.7 63 0.3 72 0.8 81 0.7 85 0.3 
9858 8 0.7 33 0 34 0.8 53 0.8 93 1 
