100
94 5 0 14 0 22 0.7 59 0.8 85 0.4 90 0.7 
153 2 0.3 19 0.7 80 0 88 1 
262 3 0.7 10 0 16 0 42 0 70 0.3 71 0.8 79 0.5 87 0.4 89 0 
300 2 0.5 46 0 63 0.8 65 0 72 0.7 
323 3 0 14 0 20 0 48 0 72 0.9 
497 24 0.6 32 0 55 0.5 59 0.5 69 1 76 0 77 0 84 0.6 99 0.4 
624 10 0.8 36 0 42 0 66 0.8 83 0.9 86 0 94 1 
716 2 0.6 19 0.9 24 0.6 44 0.8 51 0.5 72 0.5 84 0 
768 14 0.6 16 0.8 33 0.3 34 0.9 38 0.6 74 0 79 0 
776 1 0.3 7 0.3 33 0 39 0.7 69 0.4 76 0.7 
1013 25 0.7 37 0.3 56 0.5 60 0 93 0.8 96 1 
1061 8 0 19 0.7 21 0 34 0 35 0.8 52 0.9 60 1 65 0 72 0.3 74 0.4 
1069 15 0.6 34 0.9 36 0.4 79 0.6 81 0 83 0.6 
1090 15 0.5 85 0.4 
1142 14 0.9 17 0.5 33 0.9 64 0.6 68 0 74 0.3 92 0.3 98 0.7 
1173 51 0.9 
1401 8 1 
1442 0 0.4 3 0.5 19 0.7 25 0.4 27 0.8 28 0.6 39 0.5 52 0 74 0 
1466 66 0 
1599 28 0.8 29 0 49 0 52 0.4 63 0.6 67 0 74 0.8 
1634 63 0.5 87 0.5 
1806 0 0.3 16 0.7 24 1 39 0 55 0 83 0.4 
1809 10 0 40 0.9 66 0.6 
1847 2 0.7 21 0 38 0 51 0.9 83 0 
1899 1 0 
1900 6 0 15 0 29 0.9 37 0 47 0 62 0.9 72 0 76 0.6 79 0 89 0 
1903 6 0.7 14 0.8 38 0.9 54 0.7 58 0.8 93 0.5 
1938 12 1 19 0 46 1 56 0 62 0.3 75 0.8 82 0.6 90 0.3 
1994 95 1 
2051 3 0.8 11 0.8 23 0.9 
2268 17 0.4 41 0.7 68 0.5 76 0.7 
2308 2 1 4 0.6 10 1 13 0 
2397 13 0.9 31 1 32 0.5 41 0.9 45 0.4 61 0 62 0.7 69 1 71 0 84 0.5 
2426 4 1 11 0.4 45 0.9 46 0.4 62 0.7 67 1 
2444 5 0 10 0.3 66 0.5 75 0.7 77 0 83 0.5 88 0.3 92 0.9 
2522 22 0 48 0 
2691 2 0 14 0.3 24 0.8 34 0.7 69 1 70 0.6 78 1 80 0.6 82 0 93 0 
2692 42 0.3 66 0.8 
2747 62 0 
2776 24 0.5 46 0.3 74 0 81 0 83 0.8 
2798 4 0 12 0.7 13 0.5 19 0.8 53 0 60 0.5 66 0.3 94 0.3 
2800 93 0.3 
2837 27 0.9 35 0.5 42 1 47 0 68 1 72 0.7 73 0 
2998 9 1 11 0.6 13 0.7 62 0.7 86 1 91 1 
3382 76 0.6 92 0.3 94 0.9 96 0.3 
3406 11 0.6 13 0 14 1 33 0 39 0 79 1 80 0.8 86 1 92 0 99 0.9 
3597 1 0.4 
3699 24 0.4 
3860 19 0.9 
3994 28 0 42 0 45 0.5 81 0.7 95 0 
4074 13 0 30 0.7 33 0 39 0.5 
4087 6 0.8 30 0.4 32 0 35 0.7 42 0 44 0.6 48 0 77 0 89 0.4 97 0.9 
4330 0 0.4 18 0 39 0.6 66 0.5 77 0.6 79 1 81 0.5 97 1 
4557 10 0.3 18 0 32 1 57 0.4 63 0.5 69 0.5 76 0.5 81 0.5 82 0 93 0.3 
5009 2 0.7 4 0 19 0 45 0 64 0.4 67 0.3 79 0.4 82 0.4 84 0.4 
5058 59 0.4 85 1 86 0 
5084 70 0.7 73 0.6 
5125 11 0.5 21 0.3 54 0.3 57 0.5 63 1 74 0.4 79 0.8 80 0.6 96 0.8 
5236 1 0 9 0 26 0 33 0.9 45 1 47 0.5 81 0.4 84 0.9 95 1 99 0.5 
5850 4 0.4 47 0.3 65 0.6 
5908 6 1 26 0 45 0.5 46 0.9 79 1 80 0.9 
6209 9 0 16 0.4 30 0.9 31 0 35 0 39 0.4 42 0.7 51 0.8 57 0 
6251 11 0.9 47 0 60 0.4 
6355 82 0.8 89 0.7 
6358 7 0 15 0.7 25 0.8 44 0 47 0.3 48 0 57 0.9 94 0.7 
6521 14 0.8 35 0.4 87 0.3 88 0.4 90 0 
6551 5 0 7 0.8 9 0.5 39 0.4 58 0.9 60 0 64 0.7 69 0 73 0 94 0.3 
6579 12 0 20 0 30 0.8 38 0 44 0.4 61 0.7 63 0.5 87 0 92 0.4 
6703 2 0.7 31 0.3 64 0 93 0.4 
6711 19 0 32 0.4 
6951 10 0.3 16 0 37 0.8 46 0.6 64 0.7 69 0 
6953 0 0.7 6 1 17 0.8 18 0.4 22 0.6 29 0.5 47 0 74 0.9 94 0.8 98 0.9 
7012 16 0.8 22 0 44 0 55 0 64 0.7 82 1 85 0.6 97 0 
7145 3 0 49 0 69 1 92 0.8 
7338 11 0.6 22 0.4 36 0 52 0.8 60 0 64 0.6 71 0.3 96 0.3 
7554 17 0.5 21 0 33 0 40 0.8 44 0.6 87 0.7 
7597 15 0.7 19 0 25 0.6 57 0.8 73 0.3 
7742 11 0.7 34 0.8 
7755 10 0.6 13 0.9 14 0 16 0.8 41 0 73 0.9 84 0.5 92 0.7 
7758 0 0.9 3 0.3 85 0.7 
7773 19 0.6 28 1 34 0.8 38 1 45 1 84 1 85 0.5 95 0 
7781 34 0.5 
8055 76 0.5 91 0.9 
8184 6 0.4 10 0 11 0.8 21 0 36 0.7 66 0.4 76 0.8 84 0.5 97 0 
8233 7 1 58 1 63 0 70 0 74 1 95 0.3 98 0.3 
8540 27 0.8 44 0.6 86 0.3 
9028 21 0.3 39 0.4 92 0 
9042 58 0.5 76 0.7 
9152 30 0.7 42 0.7 
9253 14 0.8 15 0.7 29 0.5 31 1 32 0.5 56 1 64 0.9 68 0.4 71 0 84 0 
9343 21 0 26 0.9 30 0.7 49 1 60 0.6 70 0.9 85 0.6 90 0 98 0.7 
9357 98 0.9 
9365 14 0.4 16 0.5 20 0.8 30 1 42 0.9 72 0.3 77 0.6 89 0 
9393 27 1 78 0.6 81 0.4 98 0 
9435 46 0.6 
9458 11 0.8 19 0.6 22 0.6 42 1 43 0.5 54 0.7 66 0.9 
9490 42 0.9 46 0.7 78 0.5 85 1 
9591 17 0.6 18 0 31 0.4 39 0.4 50 0.5 62 0 83 0 87 0 98 0 
9658 22 0.8 64 0 74 0.4 75 0.9 79 0.4 
9805 5 0.7 26 0 38 0 44 0.7 47 1 54 0.9 65 0.5 68 0.9 84 0.9 94 0 
