100
71 7 0.9 17 1 42 0.6 59 0.9 76 0.6 79 0.7 85 0 95 0.5 
126 1 0 53 0.3 55 0.7 92 0.7 94 0 
129 14 0 25 0.9 42 0.6 48 0 56 0 61 0.6 68 0.5 
131 6 0 11 0.3 16 0.7 25 0 28 0.7 41 0.3 91 1 
207 7 0 13 0.9 19 0.9 38 0.8 39 0 68 0.5 81 0.6 89 0.6 
268 6 0.9 12 0.3 29 1 59 0.5 73 0 80 0.5 
316 22 1 37 0.9 39 0.4 48 0.7 77 0.6 
419 29 0.6 35 0.7 51 0.9 
423 24 0 25 0.9 
451 4 0.6 29 0 30 0.8 34 0.4 35 0 39 0.5 43 0 92 0.8 
474 6 0.7 40 0.6 
601 6 0.7 11 0 26 0.9 28 0.9 67 0.9 77 0.8 88 0.5 90 0.6 97 0.4 
1075 10 0.6 12 1 24 0 36 0.4 46 0.9 51 0.9 52 1 59 1 92 0.4 96 0.3 
1076 45 0.3 
1182 34 0.7 
1272 15 0.9 22 0.3 31 1 36 0.6 56 0.4 57 0 58 0 65 0.5 86 0 88 0 
1427 8 0 18 0.9 27 0.3 44 0 49 0.7 50 0.7 61 0.4 62 1 76 0 88 0.5 
1507 1 0.3 8 0 12 0.4 17 0.6 25 0.6 49 0.6 
1628 18 0.5 29 0 47 0.3 48 0 61 0.3 70 0.6 80 0.6 
1958 9 0 60 0.7 94 0.6 
2048 43 0.4 52 0.7 
2066 39 0.5 
2146 5 0.6 31 0.5 83 0.3 
2185 20 0.3 21 0 24 0.6 30 0 34 0.5 43 0.9 75 0 78 0.5 80 1 83 1 
2188 63 1 
2199 17 0.5 19 0.3 26 0.8 39 0 47 0 67 0.6 70 0.4 76 0.6 87 0.5 
2728 22 0.5 24 0.9 32 0.8 36 0.9 50 0.7 67 0.8 73 0.4 76 0 81 0 
2743 0 0 10 0.3 15 0 17 0.9 27 0.3 33 0.3 40 0.4 56 0.8 83 0.8 98 1 
2795 13 0 38 0.3 48 0 49 0 55 0.4 71 0 75 0.8 84 0 
2848 1 1 42 0 46 0.9 56 0.7 59 0.4 82 0.3 
2880 3 0.6 8 0.9 39 0.8 42 0.3 87 1 
2906 11 0.4 14 0.4 15 0.9 66 0.7 80 0.6 91 0 94 0.8 
2909 34 0.5 60 1 73 0.3 74 0 82 0 93 0.7 
3129 19 0.4 57 0.3 59 0.9 88 0.4 
3276 11 0.4 19 0 33 0.4 37 0 42 0 44 0.3 64 0.6 69 0 76 0.7 85 0.4 
3551 35 0 54 1 58 0 75 0.6 
3733 5 0 7 0.9 38 0.7 58 0 78 0.5 84 0.9 88 0.3 
3768 10 0.4 17 0.9 19 0.3 26 0 44 0 48 0.8 59 0.7 99 0.3 
3923 7 0.6 14 0 65 0.9 70 0 72 0.3 
4063 3 0.7 6 0.6 12 0.5 20 0.8 75 0.3 77 0 79 0.7 
4195 5 0 6 0.5 84 0 
4279 1 0 33 0.9 42 0.9 76 0 91 0.8 
4304 24 0.8 41 0.3 51 1 66 0.8 80 0.9 
4379 14 0 43 0.4 75 0.9 78 1 89 0.4 
4430 15 0.6 25 0.3 33 0 50 1 57 0.7 68 0 72 0.8 77 0.3 79 0 93 0 
4439 2 0.8 
4603 5 0 40 0.3 69 0.6 
4850 11 0 36 0 47 0.8 61 0.5 74 0 76 0.8 81 0.3 90 0 95 0 96 0 
4888 11 0.4 52 0 57 0.4 61 0.3 69 0.5 71 0.3 72 0.5 90 0.9 
4920 0 1 5 0.7 16 0 26 0 30 0 36 0.8 66 0.5 68 0.7 86 0.6 98 0.7 
4956 6 0 11 1 46 0.4 65 0 96 0.5 
5052 0 0.9 21 0 35 0.3 46 1 47 0.7 54 0.3 74 0.3 95 0.9 97 0 
5120 46 0.8 
5371 5 0 62 0 73 0 74 1 83 1 84 0.9 96 0.6 
5722 1 0.7 11 0.8 13 0.3 42 0.9 46 0 50 0 64 0.7 
5858 46 0.5 49 0.7 71 0.6 85 0.4 
5948 16 0 34 0.8 69 0.7 72 1 76 0.8 81 0.6 
5995 4 1 16 0 24 0.8 33 0 34 0.6 37 0.5 49 0.3 63 0 67 0.9 70 0 
6025 2 0 36 0.6 58 0.8 63 0.5 66 0 
6209 9 1 16 0.5 30 0 31 0.3 35 0 39 0 42 0 51 0.7 57 1 
6233 22 0.4 25 0.8 28 0.7 61 0 63 0.6 78 0.7 92 0.9 95 0.7 
6236 45 1 68 0.6 96 0.7 
6259 6 0.5 20 0.3 21 0.4 22 0.3 41 0 56 0 78 0 92 0 
6284 0 0 26 0.7 32 0.8 67 0.3 87 0.3 
6371 0 0.8 36 0 75 0 82 0.5 96 0.5 
6424 1 0 2 0 12 0.5 21 0 55 0 57 0 65 0.8 67 0.6 96 0 
6425 2 0.7 40 1 69 0.8 87 0.5 96 0.9 
6722 3 0.9 5 0.4 25 0.3 38 0.5 41 0.5 46 0.9 76 1 77 0.5 
6777 22 0.5 57 0.3 63 1 67 0.7 71 1 91 0.3 98 0.6 
6796 4 0 33 0 70 0.4 
6897 5 0 25 0.3 27 0 35 0 52 0.7 63 0.8 70 0.5 
6946 74 0.8 95 0.5 
6969 35 0.3 44 0.5 85 0.4 86 0 92 0 
7144 13 0 72 0.8 
7176 50 0 87 0 96 0.3 
7198 14 0 26 1 30 0 53 0 75 0.4 80 0.4 89 0.4 99 0 
7420 19 1 76 0.5 88 0.5 97 0 
7854 6 1 7 0.5 
7872 44 0.8 47 0.8 49 0 53 0.8 57 0 65 1 70 0.9 76 0 99 0.5 
8072 10 0.3 49 0 68 0 73 0.3 98 0.7 
8107 60 0.9 
8280 1 0.9 9 0 26 0.7 29 0.7 33 0.3 38 0.7 66 0.9 82 0 
8332 22 0.3 35 0.4 
8355 27 0.7 42 0.7 81 0 83 0.4 
8373 34 0.5 48 0.7 49 0.8 50 0.6 56 0.4 70 0 72 0.8 92 0 96 0.7 97 0.5 
8562 12 0 25 0.3 26 0 58 0 59 0.7 75 0.3 79 0.5 
8604 67 0.7 70 0.3 73 0.8 85 0 86 0.3 91 1 99 0 
8622 0 0 11 0 14 0.9 21 0.7 51 0.8 85 0 92 0.8 95 0.6 
8669 24 0.6 
8696 54 0.9 67 0.9 
8944 17 0.9 52 0.3 71 0.3 88 0.6 
8949 9 0 22 0.6 23 0 41 0.9 42 1 51 1 58 1 68 0.6 
8979 11 1 21 0.3 31 0 36 0 76 0 
9111 43 0.3 73 0.5 
9216 4 1 13 0.7 21 0.8 56 0 
9233 4 0.3 33 0.6 67 0.9 86 0.4 
9449 37 0.6 99 0.9 
9547 64 0.5 86 0.4 
9560 14 0.7 69 0.9 79 0 
9913 22 0.5 24 0.7 39 1 61 0.9 92 0.8 98 0.5 
