100
34 3 0.6 34 0.4 35 0.9 45 0 87 0.6 93 0.7 
185 9 0.4 13 0 17 0.6 19 0.7 30 0.9 32 0.7 35 0.9 58 1 83 0.4 88 0.6 
306 1 0.5 26 0 47 0.8 77 0.7 94 0 97 0.5 
317 39 0.6 
340 7 0.3 9 0.8 53 0 
419 29 1 35 0.9 51 0.4 
448 18 0.4 20 0.3 23 0.6 33 0.6 40 0.9 67 0.3 82 0 
677 26 0.3 32 0.5 38 0 42 0.6 74 0.5 77 0.8 
693 59 0.5 
782 76 0 86 0.5 
801 4 0.7 5 0.4 18 0 37 0.8 63 0.5 66 0 72 0 
870 65 0.4 87 0.4 
961 4 0 59 0.9 76 0 82 0.3 84 0.5 
987 34 1 44 1 46 0.4 52 0 55 0 56 0 66 0 
1104 6 0 17 0.4 54 0.5 95 0.6 
1277 1 0.4 38 0.6 82 1 
1339 17 0 52 1 
1508 1 0 9 0.5 38 0.8 65 0.8 
1677 23 0 41 0 
1725 52 0.8 55 0.7 56 0.7 64 0 
1726 9 1 21 0.3 27 0.5 45 0.6 54 0.6 57 0 69 0.9 90 0.3 95 0 99 0 
1755 3 0.9 23 0.3 37 0.3 64 0.3 75 0.5 80 0 85 0.4 88 1 89 0 98 0 
1883 5 0.6 7 0 13 0.5 14 0.4 45 0 46 0.7 61 0.8 69 0.8 72 0.8 
1894 51 0.4 63 0.3 65 0.7 70 0.9 93 0.9 
1918 28 0.8 53 0.8 54 0 79 0 97 0.8 
1981 28 1 29 0.8 53 0 60 0.5 85 1 88 0 99 0.7 
2017 4 0 15 0.4 26 0.7 27 0.6 32 0.9 35 0.9 48 0.5 
2029 0 1 8 0 21 0.7 26 0.7 38 0 45 0 65 0.7 94 0.4 
2394 13 0 19 0.4 77 0.8 
2617 3 0.9 5 1 7 0.9 22 0.3 23 0.9 46 0 54 1 66 0.4 76 0.7 79 0 
2618 8 0.8 
2727 15 0 23 0 44 0 49 0 51 0.3 55 0.6 71 0 72 1 79 0.7 
2733 3 0 54 0.6 79 0.4 81 0.8 82 0.5 88 1 
2770 6 0.4 15 0.5 21 0.3 32 0.7 37 0.3 47 0.6 55 0.7 67 0.5 77 0.9 
2776 24 0.4 46 0.8 74 0.8 81 0 83 0.8 
2826 8 1 12 0 29 0 31 0.9 74 0 99 0.7 
2828 2 0 5 0 15 0.9 22 0 23 0.5 27 0 64 0 91 0 97 0.7 
2935 16 0.9 37 0.6 47 0 66 0.5 71 0.6 92 0 97 0.6 
3320 26 1 
3427 19 0.9 55 1 62 0.9 64 0 69 0.6 90 0 93 0.8 
3488 3 0 43 0.3 44 1 
3517 32 1 38 0.8 44 0 48 1 69 0.7 94 0 
3567 1 0.8 27 0.6 35 0.9 69 0.4 
3749 36 0.9 57 0.6 91 0 
3758 4 0.5 18 1 24 0.7 31 0 54 0 58 0.9 63 0.9 73 0.4 77 0 96 0 
3964 3 0.5 10 0 28 0.6 34 0.4 41 0.5 62 1 
4017 3 0.9 29 1 34 0.5 37 0.3 47 0 50 0.9 56 0 65 1 78 0.9 
4097 4 0.5 61 0.7 77 0.4 90 1 97 1 
4186 7 0.7 18 0.6 41 1 51 1 71 0.9 72 0.8 78 0.8 80 0.4 82 1 94 0 
4199 0 0 3 0.9 78 0.7 90 0 
4375 40 0.9 47 0.4 54 0 
4417 31 0 38 0.5 43 0.5 52 0 65 0.9 83 0.4 90 0.4 
4505 84 0.4 
4511 5 0 11 0.5 18 0 20 0.9 30 0.9 33 0.8 52 0.5 62 1 
4551 2 0 6 0 13 0.4 16 0.9 36 1 41 0.4 56 1 63 0 72 0.4 
4662 8 0.4 53 0.4 69 0.4 90 0.6 
4697 15 0 24 0.9 28 0 67 0.6 75 0.7 79 0.5 86 0.4 98 0.9 
4709 36 0 
4862 65 0.5 
5345 10 0.4 40 0.6 60 0 61 0.5 78 1 96 0.4 
5380 79 0.3 94 0.3 
5450 0 0.3 2 0.5 26 1 29 0 39 0.6 49 1 53 0 
5559 0 0 57 0.7 58 0 81 0.5 97 1 
5866 2 1 65 0.7 66 0.5 
5877 97 0.6 
5945 42 0.5 51 0 71 0.9 78 0.6 
5948 16 1 34 0 69 0.9 72 0 76 0.7 81 0.9 
5969 13 0 15 1 43 1 66 0.9 74 0.7 82 0.3 92 0.4 95 0 
6007 5 0.5 8 0.3 27 0.7 44 0 45 0.6 53 0.6 63 0.4 72 0.8 97 0 
6037 8 0.4 12 0 53 0.8 72 0.8 73 0.9 74 0.9 76 0 
6078 0 0 5 0.9 32 0.3 95 0.4 
6130 35 1 93 0.9 
6146 29 0.8 36 0 44 0.4 51 0 55 0.3 84 1 
6285 12 0.9 29 0 54 1 88 0.6 93 0 
6482 6 0.4 10 1 12 0 37 0.9 45 0.4 57 1 60 0 62 0.7 66 0.7 
6533 4 0 5 1 60 0.6 80 0 
6581 29 0 53 0 58 0.4 70 0.7 94 0.9 
6807 6 0.3 7 0 22 0.4 32 0 75 0.9 
6910 6 0.9 13 0 21 0 26 1 32 0 82 0 97 0.4 
6999 52 0 54 0 70 0.3 
7152 37 0 61 0 
7169 23 0 51 0.9 68 0.8 87 0.5 
7287 12 1 18 0.3 26 0.5 34 0.6 37 0.8 72 0.5 88 0.6 
7390 3 1 9 0.3 36 1 42 0.3 43 0.7 55 0 60 0.7 65 0.5 66 0 97 0.6 
8021 20 0 37 0.8 60 1 61 0.5 72 0.5 73 0.5 96 0.6 
8329 11 0 19 0 27 0 42 0.3 
8502 47 1 54 0.8 56 0 62 0.3 69 1 76 1 87 0.8 91 1 
8631 7 0.7 17 1 30 0 62 0.4 72 0 76 0.7 
8641 38 0.7 51 0.6 77 0 86 0 
8652 26 0 
8863 20 0.3 52 0 54 0 64 0 67 0 87 0.3 94 0.7 
8908 35 0.9 40 1 47 0.4 66 0.4 82 0.3 97 0 
9101 32 0.9 62 0.4 65 0.7 66 0.9 72 0.9 75 1 85 0.5 97 1 
9206 3 0.7 30 0 
9324 10 1 12 0 19 0.7 37 0.3 49 0.8 60 0 90 0.4 
9394 58 0.8 75 0 
9503 5 1 15 0.5 22 0.9 31 0.7 40 0.8 43 0.7 44 0.3 51 1 98 0 99 0.8 
9709 11 1 29 0.4 41 0.6 43 0.3 47 0 
9773 26 0.9 63 0.7 84 0 93 0.5 
9815 7 0.8 8 1 11 0.4 15 0.9 34 1 37 0.6 71 1 73 0.7 80 0.6 85 0 
