100
21 31 1 71 0 74 0.9 93 1 94 0.4 96 0 
110 21 0.4 22 0 35 0.3 91 1 
514 10 0.8 17 0.4 19 0.6 28 0.5 30 0.9 43 0.9 48 0.5 75 0.4 78 0.6 96 0.7 
590 4 1 
630 11 0.8 21 0 29 0.3 40 0 52 0.3 82 0.3 86 0.3 95 0.4 
668 8 0.8 33 0 47 0 55 1 79 0.6 89 0.5 
683 8 0.7 19 1 21 0 26 0.6 33 0.7 41 0 54 0 67 0.9 83 0 
742 12 0.3 31 0.6 36 0.4 39 0.7 58 0.3 87 0 
745 2 0.5 15 0.7 17 0.4 64 0.9 67 0.6 70 0 72 0.8 97 0.9 99 0 
804 9 0 14 0.8 17 0.5 25 0.6 74 0.4 98 0.9 
865 33 0.5 35 0.9 53 0.9 
900 30 0.4 43 0.4 81 0.5 
914 3 0.8 29 1 34 0.3 62 0.7 64 0.9 92 0 
1087 19 0.5 68 0 83 0 
1095 14 0 16 0 26 0.7 83 0.5 
1106 17 0.6 27 0.3 51 0 80 1 92 0 
1149 23 0 44 0 
1200 2 0.5 8 1 43 0.6 46 0 50 0 53 0 85 0.3 94 0.9 
1247 7 0.6 12 0 26 0.4 43 0.4 54 0 70 0.6 72 0.8 88 0.8 
1250 9 0.7 13 0.6 24 0.7 25 1 60 0 61 0.6 72 0 87 0 90 1 
1374 3 0.6 8 0.9 99 0 
1450 8 0.3 11 0.6 46 0 48 0.6 56 0.4 60 0.6 62 0.3 68 0.7 71 0 
1493 9 0.5 11 0 16 0.6 28 0.6 40 0.6 81 0.5 86 0.3 
1632 4 0 10 0.5 33 0.6 64 1 65 0.9 75 0.8 80 1 
1718 34 0.4 37 0 38 0.9 41 0.6 48 0 54 0 56 0 68 0 71 0.8 85 0 
2055 11 0.6 23 0.8 34 1 39 0 52 0.8 58 0.4 68 0.4 90 0.7 
2137 2 0.8 23 0.7 25 0.5 26 0 37 0.4 80 0.7 84 0 87 0 
2160 52 0 83 0.4 93 0.5 
2221 8 0.8 49 0.7 52 0 65 1 93 0 97 0 98 0 
2236 15 0 18 0.7 68 0.9 75 0.7 92 0.4 94 0 95 0.7 
2280 88 0 
2289 5 0 83 0.3 
2345 8 0.7 26 0.8 39 0 62 0 75 0.9 83 0.6 96 0.3 98 0.6 99 0 
2615 73 0.4 76 0 87 0 
2627 13 0.5 20 0.9 33 0.7 34 0.5 54 0 62 0 86 0.8 
2643 5 0.6 14 0.4 49 0.7 82 0.3 94 0.6 98 0.7 
2777 32 0.5 37 0.4 83 0.8 
2881 34 0.8 
2981 2 0.4 10 0.9 33 0.6 63 0 
2983 10 0.6 14 0.4 42 0 46 0.8 51 0.3 57 0 62 0 65 1 96 0.3 
2997 0 0.4 5 0.9 35 0.5 37 0 84 0.6 
3153 34 0.3 39 0.9 61 0.6 66 0 76 0 82 0.3 
3333 6 0 38 0.8 45 0.7 
3413 11 0 27 0 53 0 
3471 27 0.9 
3649 19 0.5 27 0.4 35 0.3 41 0.6 54 0.7 60 0 66 1 73 1 85 0.7 90 0.5 
3756 2 0.7 4 0.4 12 0 13 0.4 14 0 34 0 57 0.6 64 0 83 0 85 0.4 
3994 28 0.6 42 0.7 45 0.8 81 0.8 95 0.7 
4352 9 0.4 31 0.5 38 0.6 49 0 60 0 65 0 67 1 77 1 81 0.7 93 1 
4475 23 0 30 0.3 
4559 25 0.9 36 0 59 1 63 0.4 69 0.4 71 0.6 78 0.4 
4807 5 0 76 0.7 90 0 
4880 7 0 10 0.4 22 0.6 23 0 24 0.9 32 1 50 1 73 0.6 80 0.6 99 0.6 
5196 10 0.7 59 0 
5212 3 0 13 0.9 29 0 62 0.5 69 0.7 74 1 79 0.6 82 0 89 0.5 91 0.7 
5293 39 0.5 
5430 2 0.9 7 0.4 15 0.8 27 0.9 33 0 63 0.3 75 0 79 0.4 
5448 8 0 17 0.3 36 0.9 39 1 58 0.5 63 0.8 97 0 
5600 1 0 19 0.3 41 0.6 46 0 52 0.9 58 0.4 85 0 87 0.5 
5694 44 0.4 
5803 0 0 6 0.7 10 0.7 44 0 50 0.3 57 0.8 58 0 60 0.3 63 0.7 92 0.7 
5808 12 0.5 19 0.5 22 0.6 35 0.5 49 0.7 68 0.3 72 0.7 86 0.7 
5851 3 0.8 53 0.9 55 0 74 0 75 0 78 0.8 96 0.4 
5955 45 1 75 0 
6159 7 1 97 0.7 
6172 11 0 27 1 71 0.9 75 0.8 
6324 36 0 42 0 72 0.7 81 0.5 94 1 
6428 7 0.5 30 0 38 0 43 0 50 0.7 64 1 89 0 
6614 9 1 27 0.4 36 1 38 0.5 61 0.9 70 0 75 0.7 
6795 5 0 8 0 20 0.4 24 0 34 0 45 0.4 71 0.4 83 0 97 0 
6796 4 0.7 33 1 70 1 
6832 9 0 78 1 90 0 96 0 
6853 41 0 60 0 78 0.4 79 0.6 86 0 93 0.9 
6916 54 0.3 55 0.9 86 0.9 89 0 
7463 32 0.6 38 0.3 
7535 1 0 3 0.7 28 1 59 0.5 62 0.8 74 0.8 
7754 8 0.5 13 0.5 17 0.8 52 0 53 0.9 60 0 68 1 76 0.7 91 0.3 98 0.7 
7770 29 0.9 63 0.3 83 0.3 94 0 97 0 
7783 7 0 22 0.3 56 0 59 0.5 
7790 9 0 35 0.4 36 0.6 40 0 51 0.7 85 0.8 
7886 11 0.7 42 0.3 44 0.7 91 0.6 
8031 0 0 8 0.8 15 0.9 60 0.5 78 0 82 0.3 
8184 6 0 10 0 11 0.3 21 0 36 0.6 66 0 76 1 84 0 97 0.8 
8313 3 0.6 13 1 53 0 90 0 91 0.5 
8473 3 1 14 0.3 26 0 43 0.6 65 0 66 0.3 
8587 1 1 35 0 39 0.3 41 1 50 0.9 67 0 84 0.8 86 0.6 92 0.4 
8644 89 0 91 0 
8711 5 0.5 
8726 29 0 51 0.6 87 0.6 
9022 4 0.7 15 0.9 32 0.4 54 0 96 0.3 
9082 15 0.7 18 0.5 28 1 33 0 40 0.8 48 0.9 65 0.7 79 1 84 0.7 87 0.7 
9104 5 0.4 14 0 32 1 48 0.9 90 0 
9146 29 0.5 32 0.4 54 0 69 0.7 80 0 83 0.3 91 0.7 
9170 12 1 61 0 67 0 86 0 
9208 4 0 11 1 21 0 29 0.3 46 0.4 65 0.4 77 0.5 83 0.5 
9454 7 0.4 8 0.7 12 0 20 0.4 29 0 49 0.6 50 0.4 59 0.5 95 0.7 
9596 21 0.5 24 0.7 72 0.3 92 0.6 
9646 5 0.6 12 0.3 17 0.5 28 0 30 0.8 69 0.6 81 0 92 0 
9751 13 0.8 23 0 29 0 41 0.5 44 0.7 49 1 93 0 96 0.8 
9904 24 0 73 0.4 
