100
3 6 0 19 0 63 0 67 0.8 81 0.9 96 0.4 
41 8 0.6 35 0.6 40 1 41 0.6 42 0.3 77 0.7 92 0.5 
106 4 0 6 0 10 0 19 1 32 0.4 35 0.7 56 0.8 65 1 69 0.6 71 1 
213 1 0.4 
332 74 0.6 
387 27 0.7 33 1 38 1 49 0 65 0 87 0.8 
403 74 0 
535 9 0 25 1 33 0 35 0.6 40 0.8 42 0.3 83 0.6 88 0 93 0 
813 15 1 
866 22 0.9 30 0 40 0.8 44 0.5 59 0.6 65 0.4 70 0.3 73 0 
959 13 0 49 0.5 86 0.8 
1055 21 0.5 45 0 
1085 42 0.4 48 0.6 54 0.9 57 0.9 65 0.8 67 0 73 0.9 93 1 
1131 64 0 
1358 1 0 45 0.3 95 0.5 
1447 20 0.7 25 0.3 45 0.7 49 0.4 76 0 83 0 94 0.9 95 0.7 96 0 
1456 2 0 31 0.8 37 0.9 
1465 28 0.9 50 0.8 54 0.7 99 0 
1546 15 0.5 22 0.4 29 0.8 98 0.8 
1633 6 0.8 12 0 22 0.5 30 0.7 68 0 74 0 76 0.4 83 0.6 
1699 4 0.5 8 0.6 18 0 61 0.5 
1719 13 0 14 0.5 17 0.8 27 1 28 0.8 32 0 36 0.4 67 0.4 73 0.9 96 1 
1823 3 0.4 46 0 47 0.3 61 0 72 0 96 1 
1971 5 0.3 11 0.4 12 0.8 29 0 36 0 51 0.9 83 1 88 0 91 0.8 96 0.3 
2143 1 0.7 20 0 22 0.9 62 0.8 67 0 73 0 81 0 94 0 
2227 36 0 66 0.3 68 0.3 93 0.6 
2325 19 0 26 0.3 38 0.5 60 0.6 72 0.4 80 0.7 83 0.6 88 0 96 0.3 
2336 1 0.5 4 0.6 6 0.3 18 0.4 40 0.9 50 0.7 71 0.3 78 0.4 88 1 92 0 
2339 55 0.5 
2340 7 0 43 0.7 75 1 99 0 
2540 32 0 45 0 95 0 
2651 13 0.9 41 0.6 46 0.3 47 0.6 51 0 55 1 72 0.6 73 0 86 0 98 0.8 
2655 51 0.9 66 0.3 
2801 7 0.5 12 0.7 58 0 64 1 74 0 81 0.8 
3141 13 0.9 18 1 19 0.9 66 0.9 86 0.4 99 0.8 
3146 15 0.3 36 0.7 40 0.6 92 0.7 
3230 25 0.7 59 1 82 0.6 
3521 12 0.9 15 1 17 0.7 22 0 27 0.7 36 0.5 41 0.7 73 0.3 75 0.3 95 1 
3601 18 0 19 0 23 0.6 31 0.4 73 0 
3667 32 0 97 0 
3865 11 1 43 0.3 59 0.5 66 0.6 67 0.5 68 0 73 1 
3986 9 0 23 0.9 26 0.6 78 0.3 84 0 
4127 22 0 43 0.8 47 0.6 51 0.7 61 0 68 0.9 71 0 
4199 0 0.6 3 1 78 0.3 90 0 
4320 27 0.6 29 0.8 31 1 49 0.4 56 0.6 80 0.5 90 0.6 
4413 2 0.4 17 0 37 1 42 0.8 52 0 62 0.3 74 0.8 75 0.8 84 0.3 
4452 98 0 
4525 18 0.3 21 0 23 0.9 49 0.3 62 0.3 63 0.8 72 0.3 73 0.4 
4942 33 0 37 0 85 0.7 92 0.8 
4956 6 0.8 11 0.4 46 0.8 65 1 96 0.3 
5120 46 0.7 
5153 74 0 75 0 76 0 94 0.8 98 0 
5210 18 0 47 0.9 49 0.3 89 0.7 
5212 3 0.8 13 0 29 0.5 62 0.5 69 0.9 74 0.4 79 0.5 82 0.5 89 0.5 91 0 
5319 95 0.4 
5477 33 0 71 0.8 80 0.5 82 1 
5523 18 0 21 0.4 25 0.3 35 0 49 0.8 60 0.9 72 0.7 96 0 
5579 13 0.3 21 0.8 49 0 51 0 64 0.6 65 1 
5645 54 0 94 0.5 
5755 4 1 8 1 51 0.8 55 0.7 63 0 82 0.8 85 0.3 
5802 23 0.5 94 0.4 
5838 14 0.9 22 0.3 25 0.3 30 0.9 47 0.6 49 0 66 0.8 69 0.8 73 1 75 0.5 
5942 17 0 55 0.9 
6043 26 0.6 31 0.4 43 0.6 51 0 64 0.5 67 0.8 77 1 78 0.3 91 0.7 
6135 20 0 50 0 69 1 80 0.8 81 0.5 91 0.4 92 0.6 94 0 96 0.6 
6432 31 1 82 0.6 
6464 6 0.8 43 1 44 0.4 87 0.9 
6515 33 1 58 0 84 0.6 
6734 2 1 8 1 50 0 53 0.6 54 0.5 92 0.7 
6780 4 0.7 11 0.7 12 0.9 31 1 59 0 71 0.5 72 0.4 81 1 98 0.7 99 0 
6821 3 1 25 0.4 26 0.8 45 1 49 0 58 0.4 68 0.8 89 0.6 
6846 90 0.4 96 0.7 
6859 63 0 
6876 5 0.4 20 0 33 1 43 1 64 1 75 0.3 81 1 
7163 41 0.6 94 0 
7299 27 0.4 39 0.7 55 0.4 78 0.8 
7456 2 0.4 45 0.6 48 0.7 54 0 83 0.4 91 0.7 96 0.5 
7651 75 0.3 
7680 12 0 36 0.9 54 0 67 0.9 72 1 76 1 77 0.6 82 0.8 91 0.6 99 0 
7777 39 0 52 0.8 54 0.6 64 0.4 98 0.7 
7793 5 0.4 23 0.9 27 0.7 37 0 38 0.9 43 0.8 87 0.4 
8191 7 0.5 17 0.9 29 0.9 48 1 68 0 72 0.4 86 0.5 93 0.8 97 0 
8489 21 0.6 34 0.7 43 0.4 90 0 99 0 
8549 0 0.6 2 0 14 0 16 1 27 0.4 51 1 67 0.8 72 0.9 83 0 
8565 9 0 18 0.5 24 1 35 0 39 0 42 0 59 0.3 65 0.5 76 0.5 85 0 
8672 37 0 69 0.3 88 0.9 
8751 3 0.5 7 0 10 0.9 15 0.4 82 0 
8769 9 1 12 0.8 21 0.5 32 0 52 0.4 66 0.8 75 0.7 
8864 3 1 8 0 13 0.8 
9034 23 0.7 88 0.4 
9139 6 0.7 14 0 22 0 49 0 52 1 60 0.6 62 0.8 67 0.9 90 1 92 0.9 
9291 4 1 50 0.7 55 0.3 77 0.7 82 1 
9352 0 0.8 34 0 87 0.8 
9432 67 0.5 68 1 
9644 25 1 29 0.5 56 0.4 72 0 88 0 
9672 4 0 7 1 20 0.3 35 0.5 64 0.7 78 0 88 0.3 95 0.5 
9701 22 0.4 32 0.8 39 0.8 73 0.3 
9875 19 0 29 0.9 31 0 35 0.4 46 0 48 0.5 84 0.8 89 0 
9971 83 0.9 
9980 19 0 27 0.3 28 0.9 29 0.5 32 0.6 48 0.7 57 0.7 61 0.9 64 0.8 95 0 
