100
25 6 0.5 36 0 47 0.8 56 0.4 61 0.8 68 0.4 99 0 
188 3 0.7 12 0 38 0.8 72 0 74 0.7 87 0.7 88 0.8 
308 3 0.4 13 0 18 0 61 0.8 76 0.6 97 0.8 
351 11 0 16 0 22 0.7 75 0.9 
430 26 0.5 44 1 81 0.6 85 0.9 91 0 
468 0 0.7 18 0.6 60 0.8 
488 0 0.3 55 0 61 0 73 0.8 
519 24 0 27 0 47 0 80 0.4 
698 2 0 5 0.5 29 0 38 0.3 90 0 
705 11 0.3 36 0 37 0.6 46 0 65 0.4 
821 8 1 12 0 51 0.9 87 0.3 
838 2 0.3 21 0 45 0 46 0.8 50 0.5 66 0.3 
942 57 0 66 0.4 73 0.3 83 0 86 0.4 
1005 1 0.4 22 0.4 29 0 31 0.4 44 0.9 51 0.6 58 0.6 66 0.9 74 0.6 90 1 
1079 4 1 15 0.4 22 0.5 33 0.5 59 1 94 0.4 
1124 3 0.3 4 0 35 0.6 43 0 54 0.9 65 0.5 72 0.5 81 0.8 84 0.3 85 0.8 
1167 7 0 14 1 30 0.4 31 0 41 0.5 45 0.6 48 0.9 67 0.6 77 0.4 95 0.3 
1322 36 0.8 37 0.4 41 0 49 0 56 0 58 0.6 60 0 
1337 25 0 
1616 23 1 45 0.8 48 0 
1630 26 0.9 41 0.6 58 0 66 0 
1665 30 1 45 0.6 50 0 87 0.4 89 0.4 
1713 6 0.4 71 0.8 
1720 20 0.6 37 0 63 0.4 96 0.6 
1810 3 0.9 24 1 57 0.3 
1873 14 0.9 24 0.8 27 0.8 34 0.4 59 0.4 
1958 9 0.8 60 1 94 0.7 
2042 20 0.6 27 0.8 30 0.6 47 0.3 77 0.7 78 0.6 94 0.8 
2212 20 0.4 37 0 39 0 50 1 53 0.4 54 0.9 75 0 85 0.9 91 0 
2314 6 0.3 9 0.8 52 0 62 0 
2382 10 0.6 32 0 35 0.8 46 0.6 49 0 56 0.7 73 0.3 82 0.9 99 0.9 
2477 98 0.3 
2569 0 0 5 1 11 0.7 40 0.8 62 0 68 0 69 0.4 95 0.5 
2787 1 0.4 24 0.4 39 1 81 0.8 
2823 33 0.6 
2882 20 0.8 26 0.5 39 0.7 50 0 57 0.5 73 0.8 92 0.4 96 0.7 
3028 73 1 85 0.5 
3053 8 1 10 0.6 13 0.9 29 0 68 0 81 0 86 0 92 0.4 
3087 20 0.4 24 0 41 0.6 61 0.3 77 0 
3317 9 0 11 0 21 0.7 50 0.5 60 0.6 90 0.4 
3323 2 0.6 22 0.6 35 1 45 0 56 0.6 60 0.3 71 0.3 84 0.9 94 0 
3474 2 0.9 18 0 26 0 33 0.4 64 0 66 0 70 0.8 89 0.4 98 1 
3507 0 0 14 0 16 0 18 0.6 32 0 53 0.7 78 0 
3511 24 0.9 27 0.5 42 0.9 56 0.5 59 0 64 1 65 0.9 98 1 
3559 6 0.8 8 0.8 14 1 28 0.9 31 0.4 64 0.3 77 0.8 
3685 31 0.3 
3726 66 0.7 
3728 15 0.8 19 0.8 52 0.5 56 0 
4250 2 0 8 0.4 15 0.4 25 0 53 0.3 60 0.6 
4328 6 0.9 26 0.5 80 0 86 0.5 
4458 36 0.5 40 0 52 0.3 64 0.9 
4537 8 0.7 14 1 39 0.5 48 0 
4592 6 0 16 0 47 0.7 78 0.3 95 0.8 
4713 35 0.5 43 0.5 76 0.6 
4821 22 0.4 26 0.9 31 0.7 50 0.8 59 0.8 61 0.3 77 0.9 88 0.9 98 0 
4859 79 0 
4897 0 0.7 26 1 53 0.6 63 0.9 70 0 82 0.9 89 0 90 0.3 
4902 7 0.6 18 0.8 20 0 32 0.9 59 0.7 64 0.6 72 0.7 76 0 85 1 
4940 3 1 17 0 19 0.9 43 1 92 0.4 
5187 29 0.5 86 1 93 0.4 
5248 15 0 27 0.5 41 0.5 82 0.8 
5271 29 0.9 41 0 82 0.7 
5559 0 0.5 57 0.7 58 0.9 81 0.5 97 0 
5698 0 1 30 0.4 37 0.7 38 0.9 41 0.5 47 0.6 76 0.6 
5750 24 0.8 70 0 76 0.5 
6164 1 0 4 0.5 7 0 32 0.3 50 0.3 
6224 70 1 78 0.4 89 0.4 
6352 1 1 31 1 47 0.4 
6661 37 0.5 41 0 78 0.4 81 0.4 87 0.9 96 0 
6738 1 0.7 13 0 14 0.6 15 0 44 0.7 73 0 99 0.8 
6880 39 0.7 57 0.6 66 0.5 76 1 94 1 
6900 11 0.8 47 0.6 95 0.6 
6988 1 1 9 1 14 0.9 16 1 47 0.4 57 0.7 90 0.3 
7146 41 0 64 0.9 
7192 6 0 7 1 13 1 18 0.9 24 0.6 33 0.9 46 0.6 54 0.3 65 0.8 72 0 
7307 2 0.5 6 0 27 0.8 67 0 69 0.5 94 0.9 
7503 8 1 10 0 52 0.8 90 0 99 0.3 
7594 1 0.9 22 0.5 77 0.3 99 0.9 
7639 29 0 36 0.4 41 0 42 0.8 43 0.9 59 0.4 86 0.9 
7696 0 0 9 0.4 52 0.7 76 0.7 81 0.4 
7726 0 0.8 24 0.3 
7931 8 0.4 16 0.9 18 0.9 33 0.4 45 0.3 62 0.7 67 0.3 69 0 78 1 85 0.7 
7961 41 0.9 52 1 81 0.3 84 0.6 96 0.4 
8026 29 0 
8175 69 1 86 0.4 
8196 3 0 15 0 45 0 
8210 15 0 20 0.6 45 0 
8216 2 1 5 0.5 7 0.8 16 0.8 52 0.5 54 1 70 0 80 0.5 89 1 94 0 
8318 4 1 23 0.9 99 0 
8359 19 0.8 27 1 28 0 35 0.6 56 0.4 64 0.7 74 1 90 0.7 
8681 36 0 47 1 
8748 4 0 10 0 39 0 71 0.3 73 0.7 87 0.6 91 0.8 94 0 
8760 23 0.4 34 0.6 91 1 
8767 19 0 
9022 4 0.9 15 0 32 0.8 54 0.5 96 0 
9107 5 0.8 6 0.4 7 0 24 0.6 39 0.4 41 0.9 42 0.8 45 0.3 54 0.5 64 0.3 
9478 6 0.5 48 0.7 52 0.3 53 0.3 63 0.3 72 0 81 0 
9582 9 0 24 0.4 27 0.4 38 0.5 50 1 59 0 87 0.8 92 0 
9839 0 0 4 0 9 0.3 23 0 49 0.6 68 0.4 81 0.8 85 0.6 90 0.8 
9900 2 0.7 3 0 26 0 34 0.5 56 0 70 0.4 74 1 83 0.5 94 0 95 0.4 
