100
18 77 0.4 
55 29 0 47 0.8 82 1 
77 2 0.5 29 0.5 41 0.3 44 0.5 47 0.5 50 0.5 86 0.3 99 0.9 
148 39 0 
236 82 0 
310 63 0.5 96 0.6 
437 2 0.7 6 0 19 0.6 
464 30 0.4 
625 10 0.8 14 0.8 23 0.6 24 0.5 25 0 26 0.6 33 0.8 48 0.4 68 0.7 
671 0 0.6 7 0.5 22 0 23 0.8 25 0.5 78 1 86 0.3 
731 4 0.9 20 0 25 0 26 0.7 30 0.3 31 0.8 33 0.8 46 0 53 0.9 66 0 
753 0 0.5 20 0.8 25 0.9 63 0.4 70 0.3 77 0.8 91 0.7 
765 7 0.7 45 1 47 0 51 0.4 64 0 70 0 95 0.9 
912 1 0.7 9 1 22 0 50 1 73 0.3 79 0 80 0 
926 27 0 35 1 37 0.8 48 1 50 0 92 0.4 
1050 4 0.9 9 0.5 20 0.3 52 0.9 54 0.7 85 0.4 
1306 23 0.9 33 0.6 48 0.5 55 0.5 57 0.4 74 0.6 81 1 94 0 
1339 17 0 52 0.6 
1631 19 0 75 0.3 76 0.3 
1739 0 0 53 1 55 0.6 64 0.5 
1801 30 1 34 0 42 0.3 44 0.3 52 0.7 53 0.9 73 1 80 1 
1854 24 1 31 0.3 40 0.7 43 0.4 44 0.5 57 0 62 0 72 1 74 0 
1861 15 0 
2061 5 0 19 1 27 0.6 45 1 56 0 85 0.3 89 1 
2261 18 0.9 35 0 43 0 45 1 81 0.5 
2340 7 0 43 1 75 0 99 0.5 
2396 45 0.6 48 0 57 0.5 60 0.5 63 0.4 71 0.5 83 0.9 
2431 33 0.9 76 0.5 79 0.5 91 0.4 92 0 
2479 1 0 2 0 18 0.7 21 0.4 44 0 48 0.6 95 0.8 
2557 23 0.4 24 0 33 0.8 37 0.5 81 0 93 0 
2750 93 0.9 
2826 8 0.9 12 0.9 29 0.7 31 0.8 74 0 99 0.7 
2978 26 0 27 0.7 47 1 56 0.3 74 0.3 83 0 89 0.3 97 0.6 
3061 32 0.3 48 0 56 0.5 60 0.6 87 0.6 91 0 94 0.5 
3071 15 1 43 0 57 0 60 0.7 62 0.9 68 0 75 0.5 84 0.6 91 0 
3142 11 0.3 21 0.5 41 0.6 84 0.7 
3559 6 0.5 8 0.4 14 0.3 28 0.7 31 0.5 64 0.7 77 1 
3839 34 0.3 50 0.6 57 0.9 65 0.5 89 0 
3909 9 0.7 23 0.9 32 0.3 33 1 79 0 
4085 1 0.5 4 0 22 0.6 40 0.4 43 0.8 53 0 64 0.9 66 0 86 1 95 0.7 
4193 41 0.3 62 1 99 0.7 
4226 11 0.5 13 0.4 19 0.6 47 0.7 82 0.8 
4356 7 0.4 29 0.8 87 1 
4424 16 1 18 1 32 0.4 52 0.6 78 0.3 80 0 91 0 
4436 8 0.8 17 0 28 0.6 34 1 52 0 53 0.7 60 0 62 0 90 0.4 
4562 26 0.9 36 0.7 42 0.5 43 0.8 45 0.9 62 0.4 79 0.7 86 0.9 88 0 94 0.8 
4790 3 0.5 26 0.8 34 0.4 38 0.5 60 0.6 64 0.8 84 0.6 94 0.3 
5009 2 0.4 4 0.6 19 0.9 45 0.3 64 1 67 0.4 79 0.4 82 0.4 84 0 
5044 5 0.3 53 0.5 96 0 
5251 16 0 29 0.5 67 0.9 
5319 95 0 
5677 75 0.9 
5712 30 0.7 70 0.4 97 0 
5777 5 0 10 0.4 14 0.6 47 0.8 50 0.5 52 0.9 62 1 86 0.7 88 0.5 
5860 0 0.8 1 0.9 11 0.6 25 0.3 27 0 53 0.9 66 0.6 81 0.3 93 0.8 
5908 6 0 26 1 45 0.9 46 0 79 0 80 0.7 
6333 12 0 56 0.7 62 0.4 69 0 72 0.5 75 0.9 77 0.9 82 0.5 95 0 
6412 27 1 64 1 92 0.3 
6441 0 0 1 0 20 1 44 0.7 
6575 11 0 19 0 24 0 37 0 41 1 53 1 76 0.7 94 0 95 1 
6721 18 0.7 34 0 36 0 40 0.5 43 0.5 53 1 70 0 72 0.4 87 0.6 
6743 27 0.7 40 0.8 42 0 49 0.4 79 0.3 89 0.3 90 0.6 
6826 27 0.5 30 1 37 0.5 39 0 70 0.9 83 1 99 0 
7185 10 0.5 19 1 22 0 30 0.7 40 0 46 0.9 69 0.9 94 0 
7225 0 0.6 
7297 7 0.5 68 0.6 71 0 92 0.4 95 0.9 
7353 40 0.9 68 0.3 
7382 5 0 13 0.7 16 0.5 52 0.7 59 0.3 71 0.9 74 0 79 0 81 0.6 90 0 
7383 7 0.4 45 0.7 58 1 98 0.5 
7390 3 0 9 0.7 36 0 42 0.4 43 1 55 0.6 60 0.8 65 0 66 0.8 97 0.7 
7471 25 0.6 26 0.7 30 0.9 38 0.9 53 0 80 0.5 89 0.9 
7523 5 0.7 13 0 14 0.7 58 0.6 92 0.8 
7600 4 0 39 0.9 
7669 38 0.8 88 0.8 89 0.8 
7673 44 0.9 94 0.8 
7796 14 0 36 0.7 54 0 71 0.8 80 0.8 89 0 90 0.5 99 0.9 
8112 1 0 14 0 15 0.8 46 0 72 0.4 76 0.7 78 0.9 81 0.4 90 0.8 
8146 13 0 35 0.5 38 0 40 1 48 0 61 0.6 86 0.4 
8205 26 0.8 36 0.8 69 0.4 
8245 25 0.5 29 0 35 0.8 36 0.6 44 0.7 49 0.4 63 1 71 0.5 74 0.7 85 0 
8318 4 0.7 23 0.8 99 0.9 
8320 19 0.7 91 0 
8357 24 0.5 70 0.3 74 0 75 0.3 95 0.9 
8574 34 0.8 56 0.5 
8631 7 0 17 0.5 30 0.6 62 0.5 72 1 76 0.6 
8650 8 0.5 12 0.5 17 0.9 45 0.6 77 0.6 82 0.4 84 0.3 85 0.8 87 0 
8783 13 0.5 24 0.8 43 0.8 
8911 83 0.9 
9168 5 0.5 58 0.9 63 0.5 67 0.7 
9243 21 0 23 0 30 0 38 0.8 52 0 60 0.8 65 0.9 66 0.8 
9308 12 0.3 23 0 36 0.9 45 0.3 59 0 64 0 69 0 78 0 85 0.8 
9399 4 0 14 0.9 30 0.7 57 0.7 62 0.5 65 0.8 71 0.4 79 0.7 
9541 4 0.4 28 0.9 44 0.8 45 1 57 0.8 69 0.7 70 0 80 0.5 84 0.8 
9573 91 0.3 99 0.4 
9616 3 0.7 9 0.3 12 0.4 14 0.7 19 0.8 41 0.9 85 0.7 96 0.4 
9634 8 1 9 0 26 0.8 35 0 44 0 58 0.8 59 0.5 82 1 94 0.4 
9650 28 0.9 61 0.3 
9711 15 0.3 27 0 58 0.8 72 0.7 90 0 
9901 11 0 18 0.9 86 0 
9989 30 0.4 52 0.5 85 0 89 0.4 
