100
65 5 0.7 26 1 43 0 47 0.3 96 0.8 99 0.5 
107 0 0.3 15 0.8 33 0 42 0.6 70 0.6 79 0.6 80 0.9 91 0 
117 1 0.4 19 0.3 47 0 70 0.4 77 0.6 83 0 88 0.4 96 0 97 0.9 
325 0 0 7 0.8 48 0.4 68 0.3 75 0.4 
331 18 0.3 21 0.8 28 0.8 52 0.6 57 0.9 61 0.6 84 0.3 95 0.3 
427 31 0 32 0 47 0.3 50 0.6 64 0.9 66 0.7 68 0.9 72 0 74 0.4 96 0.8 
568 9 0 18 0.4 40 0.5 
638 6 0.5 27 1 52 0.8 54 0.4 81 0 84 0.8 
774 29 0 38 0.6 54 0.3 92 1 
1013 25 0.3 37 0 56 0.4 60 0.4 93 0.4 96 0.5 
1028 16 0 27 0.6 53 0.3 89 0.7 
1035 7 0.8 80 0 85 0.6 96 0.6 
1081 2 0.8 10 0.3 23 0.3 24 0.3 34 0 50 0.9 73 0.5 
1091 17 0.4 66 0 
1093 25 0 35 0 
1190 9 1 40 0.8 69 0.6 
1256 9 0.3 11 0.4 20 0.8 22 0.3 25 0.3 51 0.5 66 0.5 
1296 16 0.5 39 0.3 84 0 
1318 41 1 
1365 64 0.8 
1385 33 0 93 0 
1393 36 0 85 0.7 
1505 10 1 24 0.8 34 0.7 76 0.3 88 0 91 0.4 
1543 21 0.8 30 0 42 0.6 55 0.8 57 1 93 0 95 0.8 
1561 32 0 82 0.6 96 1 97 0.7 
1616 23 0.8 45 0.9 48 1 
1714 15 0 20 0 23 0.7 41 0 44 0.8 45 0.5 53 0.6 
1791 46 0.5 61 0.5 99 0 
1826 7 0.8 41 0 95 0.5 
1857 10 1 18 0.8 46 0.6 50 0 
1864 67 0.8 
1904 1 0.9 6 1 13 0.9 26 0 45 0.9 68 0.7 87 0.9 88 0.5 99 0 
1969 4 1 73 0 82 0.9 
2153 1 0 12 0.9 24 0 35 0.5 38 0.3 54 0.8 75 0.4 91 0.8 
2317 13 0 
2359 5 0.9 46 0.9 85 0.6 88 0.4 96 0.3 
2504 34 0.4 70 0.6 
2899 33 0 34 0.3 36 0.3 63 0.8 69 0.4 75 0.4 78 0 86 0.9 91 0.7 
2925 19 0 
3252 12 0.3 25 0.9 34 0.6 53 0.8 59 0.5 81 0 93 0.8 
3371 60 0.9 86 0.8 98 0.4 
3487 8 0.3 60 0.9 63 0.4 66 1 70 0.6 73 0 89 0.3 91 0.9 
3843 4 0.8 6 0.3 
3952 6 1 11 0.6 26 1 27 0.5 66 0.8 74 0 80 0.8 92 0 97 0.3 99 0.9 
4109 23 0.7 26 0 28 0.3 32 0.6 44 0 54 1 90 0 
4128 9 0 27 0.7 40 0.6 42 0 50 0.8 69 0 74 0 
4411 0 0 21 0 46 0.5 80 0.6 
4650 21 0 25 0.7 82 0.8 
4956 6 0 11 0.8 46 1 65 0.6 96 0.5 
4988 13 0.3 19 0.9 22 1 39 0.5 47 0.9 80 0.5 81 0.7 82 0.3 87 0.5 98 0.6 
5013 7 0.4 11 0 39 1 77 0 91 0 99 0 
5025 21 0.3 35 0.7 39 0.8 69 0.8 78 0.5 79 0.9 
5200 6 0.4 17 1 27 0 29 0.8 32 0.5 48 1 49 0.4 72 0 87 0.7 98 1 
5256 1 0.7 48 0 50 0.6 52 0.7 62 0.3 79 0 86 0.3 
5311 2 0.5 7 0.7 11 0 16 0.8 18 0.4 23 0.7 41 0.3 67 0.6 
5651 76 0.5 85 0 98 0 
5715 6 0 20 0.7 55 0.3 62 0.5 75 0.5 
5815 0 0.4 30 0.4 50 0.5 59 0.8 
5848 2 1 21 0.9 38 0.9 46 0.6 51 0.8 62 0 76 0.6 81 1 85 0.4 90 0.9 
5918 0 0.5 24 0.5 30 0.4 68 0 69 0 
5991 37 1 46 0.5 49 0.9 
6017 23 0.5 29 0 63 0.6 70 0 86 0 87 0.3 96 0.7 
6055 21 0.4 23 0.7 38 0.9 45 0.8 46 0 58 0.5 66 1 73 0.5 76 0 88 0.3 
6085 6 0 27 0.9 31 0.5 57 0 65 1 92 0.4 
6245 7 0.8 25 0 30 0 41 0.7 51 0.3 58 0.5 75 0.7 84 0 91 0 94 0.3 
6495 16 0 54 0.5 91 1 95 0 
6629 17 0.3 32 0 79 0.4 
6699 3 0 57 0.8 59 0.5 
6827 0 0.4 26 0 60 0.4 
6919 4 0.4 8 0.3 14 0.7 28 1 40 0.7 45 0.7 54 0 80 0.8 92 0.6 
6951 10 0.9 16 0.8 37 0 46 0.3 64 0.4 69 0.4 
7226 22 0.7 46 0.8 60 0.7 69 0 
7272 19 0.4 20 0.5 30 0 36 0.3 38 0.3 75 0 91 0.5 94 0 
7297 7 0.4 68 0 71 0 92 0 95 0.4 
7332 14 0.6 28 0 60 0.5 67 0.9 72 0.5 95 0.8 
7384 1 0.8 11 0.8 15 0 18 0 42 0.7 60 0.9 67 0.3 71 0.4 90 0.7 
7492 40 1 43 0 53 0.9 55 0.9 73 0.4 
7524 14 0.3 
7589 16 0.7 34 0.6 38 0.8 45 0 68 0 98 1 
7658 10 0.3 90 0 
7951 4 0.7 11 0.6 13 0 16 0 23 1 28 0.9 52 1 84 0 
8037 6 0.7 24 0 30 0 42 1 45 0 52 0.7 71 0.3 
8474 1 0 5 0 16 0.5 22 0.4 25 0 26 0 35 0.5 45 0 92 0.8 
8551 5 1 16 0.5 32 1 35 0.5 80 0 94 0.4 98 1 
8571 6 0 14 0 15 0 16 0.6 32 0.5 79 0 99 0 
8585 5 0 18 0.4 38 0 45 1 47 0 76 0 82 0 
8688 11 0 29 0.8 44 0.7 71 0.4 72 0 93 0 96 0 
8743 8 0 29 1 32 0.9 81 0.9 94 0.4 
8831 6 0.8 8 0.4 10 1 11 0.5 31 0.6 48 0 58 0.9 88 0 91 0 
8935 42 0 43 0.3 44 0.4 62 0.5 91 0.4 93 0.5 
8980 0 0.7 7 0 34 1 78 0.8 93 1 
9359 8 0.4 16 0.8 18 0.5 19 0.6 31 0 40 0.4 42 0.6 48 1 63 0.5 91 0 
9419 25 0.8 28 0 43 0.3 46 0.7 57 0.5 58 0 86 0.7 88 1 92 1 
9575 0 0.7 9 0.9 49 0.6 60 0 62 0.5 66 0 69 0.3 74 1 75 1 84 0 
9617 7 0.6 16 0 22 0.5 42 0.9 53 0.7 55 0.4 73 0.3 87 0 
9620 10 0.5 57 0 63 0.5 67 0.6 
9624 4 0.4 18 1 23 0.8 28 0.7 42 0.5 54 0 74 0.7 
9734 9 0.9 73 0.8 
9777 20 0.8 
9823 22 0 28 0.7 64 0.7 
