100
2 12 0.4 20 0.4 41 0.7 54 0 78 1 
71 7 1 17 0 42 0 59 0.8 76 0.6 79 0.6 85 0 95 0.5 
80 38 0.9 40 0.3 82 1 88 0.8 93 0.4 
215 28 0.7 64 0.4 94 0.9 
308 3 0.5 13 0.3 18 0 61 0 76 0 97 0.4 
433 15 0.8 59 1 
484 35 0.4 49 0.4 52 0 81 0.4 95 1 
642 2 0 3 0 28 0.3 37 0.7 41 0 54 0.4 
666 25 0 26 0 45 0 50 0.8 78 0.4 89 0.4 
748 17 0.7 19 0.5 52 0.7 58 0.3 74 0.8 84 0 93 0.6 97 0.3 99 0.3 
998 10 0 23 0 38 0 62 0.4 63 1 86 0.7 
1015 13 0 
1086 10 0.5 21 0 24 0.7 31 0.7 34 0.3 38 1 41 0.3 57 0 71 1 79 1 
1101 9 0.9 27 1 29 0 30 0.3 55 0 56 0.7 62 0 72 0.4 79 1 
1243 28 1 49 0.8 55 0.5 63 0.8 68 0.9 98 0 
1273 20 0.6 
1286 38 0.4 52 0.3 75 0.9 83 0.4 87 0.7 98 0.7 
1312 2 0.4 39 0 71 0 81 1 86 0.6 89 0.5 
1329 2 0.3 14 0.5 15 0.6 36 0.5 48 0 77 1 
1387 19 0.5 36 0.6 41 0 73 0 78 0.9 92 0.8 94 1 99 0.4 
1431 2 0.6 5 0.8 49 0.9 72 1 86 0.6 88 0.7 
1449 22 0.7 77 0.7 
1453 5 0.4 88 0.6 
1525 22 0.8 63 0.6 97 0.5 
1596 41 0.9 
1621 8 0 87 1 
1820 3 0.8 6 0.6 8 0 27 0.6 33 0.8 34 0 92 0.8 93 0.7 97 0.7 99 0.8 
2002 20 0.8 28 0.9 38 0.5 63 0.5 73 0.5 86 0 
2063 27 0.3 36 1 44 0 45 0.9 55 1 73 0.3 83 0 99 0.5 
2119 42 0.6 53 0.6 98 0.4 
2148 13 1 31 0.4 36 0.8 66 1 
2300 0 0.8 34 0 
2597 1 0 16 0.4 22 0.6 25 0.4 81 0.3 83 0 
2606 38 0 56 0.4 
2673 11 0.9 12 0.5 22 0.6 23 0.9 38 0.9 60 0.5 81 0.5 86 0.8 
2696 14 0 24 0.5 31 0.9 40 0 94 0.3 
2700 0 1 9 1 34 0.9 38 0 42 0.8 53 0.3 75 0.3 85 0.5 99 0.8 
2792 8 0 
2833 18 0.9 
2836 10 0.8 69 0 75 0 93 0.9 
2964 7 0 10 0 74 0.7 92 0.5 95 0 
2982 8 0 30 0.5 35 0 38 0.5 50 0.9 86 0.6 92 0.6 
3017 54 0 60 0 75 0.5 90 0.7 
3040 21 0.5 
3227 1 0.4 21 0.7 29 0.5 52 0 53 0.4 76 0.4 
3296 11 0.6 13 0 37 0 41 0 51 0 81 0.5 82 0 94 1 
4451 1 0.9 6 0.7 19 0.8 28 0.8 
4476 36 0.9 37 0.4 83 0 86 0.8 
4579 10 0 21 0.4 30 0.4 40 0 53 0 65 0.5 77 0 
4659 19 0.7 48 0 55 0.6 60 0 63 0.4 64 0.4 67 0 68 0.5 
4736 1 0.5 15 0 18 0.4 29 0.5 35 0 61 0.9 71 0.8 
4767 14 0.4 38 0.9 64 0 98 0 
4858 14 1 41 0.8 51 0.8 53 0.8 61 0.4 69 0.3 82 0.9 85 0.6 
4895 41 0.4 46 0.3 59 0 78 0.7 79 0 83 0.4 84 0.4 95 0.4 99 0.3 
4953 21 0.5 35 0.7 49 0 53 1 90 0.5 
4965 27 0 29 0.6 31 0.7 41 0.9 50 0.7 52 0.7 60 1 72 0 92 0.5 99 0.7 
5033 2 0.4 19 0 34 0.7 51 0 70 1 
5046 42 0.7 
5293 39 0.4 
5369 15 0.9 32 1 34 0.8 41 0 71 0.9 72 0 
5506 8 0.9 30 0 35 0.6 46 0.7 
5511 1 0.7 10 0 11 0.6 30 0.4 41 0.9 43 0.7 70 1 73 0.3 80 1 93 0.4 
5672 35 0.5 72 0 91 0.8 
5749 1 0 23 0.9 36 0.7 59 0.3 70 0.8 
6259 6 0 20 0.6 21 0 22 0.5 41 1 56 0.3 78 0 92 0.9 
6300 85 1 
6335 38 0.8 48 0.5 54 0.8 59 0.9 62 0.9 64 0.9 80 0 83 0 87 0.7 88 0.5 
6340 45 0 63 0.9 71 0 
6351 39 0.6 44 0 46 0.3 54 0.5 75 0.6 78 0.3 80 0 83 0.6 96 0 
6412 27 1 64 0 92 0.3 
6444 14 0.9 15 0 19 0.8 46 1 74 0 93 0.8 
6479 9 0.9 36 0.8 41 0 56 0 61 1 66 0.8 73 0.3 83 0.4 
6506 2 0.6 7 0.4 12 1 16 0 26 0.5 45 0.3 53 0.8 80 0.8 
6672 87 0 96 0 
6714 28 0.6 37 0.4 62 0.8 69 1 73 0.7 82 0.4 
6723 3 1 12 0.7 20 0 24 0.6 25 1 37 0.3 70 1 81 0.7 98 0 
7034 3 0 9 0.7 17 0 52 0.5 61 0 70 0.5 73 0 83 0.4 
7114 2 1 40 0.4 45 0.4 
7140 17 0 23 0.5 30 0 48 0.8 53 0 81 0.5 84 0.4 91 1 96 0.8 98 0.6 
7670 35 0 41 0.6 42 0 66 0.6 67 1 70 0.5 
7694 41 0.3 67 1 83 1 95 0 
7751 26 0 35 0.9 87 0 
7765 15 0 33 0.9 37 0.9 45 1 54 0.5 77 1 91 0 95 0.3 
7815 2 0.9 28 0 
7850 23 0 32 0.4 44 0.6 45 0.7 48 0.4 66 0.6 69 0 
7908 4 0.8 29 0.6 50 0.3 62 0 64 0.5 65 0.7 69 0 76 0 80 0.5 92 0.5 
7917 20 0.7 21 0.7 26 0 33 0.6 43 1 57 0 62 0.9 72 0 90 0.3 
8093 3 0.3 9 0.3 18 1 65 0 78 0.7 80 0.6 98 0.4 
8104 35 0.4 
8278 9 0.7 33 0.3 37 0.3 48 0.4 55 0.5 59 0.7 98 0 
8305 24 0.5 89 0.4 
8338 14 1 34 0 51 0.7 55 0.6 63 0 90 0.7 
8520 17 0.7 34 0.3 48 0 99 0.8 
8678 28 0.4 
8767 19 0.9 
9062 60 1 61 0 
9160 1 0 3 0.8 6 0.5 19 0.9 36 0.3 37 0 66 0.7 69 0.3 88 0 96 0 
9602 3 0.3 20 0 28 0.6 57 0.7 72 0.7 85 0 86 0.8 95 0.9 
9796 32 0 34 0.8 81 1 91 0.6 
9975 3 0 15 0.4 28 0 31 0 47 0.7 65 0.9 75 0.8 89 1 96 0.7 
