100
21 31 0 71 0.9 74 0.3 93 0.3 94 0 96 0.6 
214 17 0.6 77 0.6 94 0.8 
215 28 0.7 64 0.8 94 1 
280 13 0.4 50 0.5 52 0 
355 4 0.3 5 0 14 0.3 29 0 42 0.4 56 0.6 60 0.8 73 0.7 77 0.8 
399 62 0 73 1 77 0.3 
466 0 0 23 0.5 31 0.4 32 0 34 0 44 0.7 58 0 68 0.3 73 0.3 94 0.3 
722 0 1 5 0 6 0 7 0.9 28 0.9 31 0 34 0.9 53 0 54 0.3 
739 0 1 40 0 42 0.4 48 0 53 0.7 66 0.5 70 0.3 73 0 99 0.5 
794 12 0.3 
854 1 0.5 8 0.9 25 0.8 26 0.7 37 0.9 51 0.6 74 0.8 89 0.5 
946 23 0.3 32 0.7 35 0.4 40 0 61 0.5 65 0.7 75 0.3 88 0.4 89 0.7 
1002 29 1 48 0 54 0 63 0.7 93 0.8 
1062 2 0.9 29 0 
1225 17 0.7 
1290 0 0.5 86 0 
1302 17 0.8 28 0.8 42 0 61 0.8 79 0.6 
1373 5 0 45 0.9 63 0.5 70 0.8 71 0.6 79 0.5 95 0 98 0.8 
1690 1 0.5 11 0.5 
1868 8 0 14 0.7 16 0.7 35 0.6 48 0.8 64 0.5 94 0 
1889 80 0.9 
1948 27 0 32 0.6 40 0 54 0.3 67 0.8 68 0.5 82 0.6 
1996 0 0.3 16 0.4 35 0.7 58 0 60 1 69 0 82 0 90 0.9 
2047 8 0.9 31 0.3 44 0.4 55 0 77 0.4 
2111 7 1 32 0.9 55 0.9 57 0 62 0 73 0.5 
2129 6 0.7 11 0 
2210 3 0 43 0 88 0.6 
2246 12 0.7 19 0.8 28 0.5 79 0 86 1 
2287 3 0.6 9 0 15 0 71 0.8 
2386 9 1 13 1 14 1 17 0.9 28 1 39 0.4 54 0.6 63 1 
2438 10 0.6 29 0.4 42 0.7 52 0 57 0.9 61 0 67 0.4 
2445 3 0 33 0.5 43 0.9 49 0 62 0.7 65 1 78 0.5 83 0.7 
2594 9 0.7 24 1 37 0.7 49 0.6 52 0 54 0.4 59 0 65 0.4 97 1 
2667 20 0.3 
2873 27 0.6 29 0.9 65 0.9 
3162 4 0.8 25 0.4 29 0 42 0 48 0.3 88 0.4 91 0.6 96 1 97 0 98 0.9 
3190 20 0.6 27 0.3 35 0.8 38 0 40 0.4 44 0.8 76 0.5 83 0 88 1 99 0.5 
3249 16 0 23 0 48 0 70 1 90 0 96 0 
3300 4 1 7 1 26 0.5 31 0.9 55 0.4 70 0.5 96 0 
3326 1 0.7 45 0.6 
3345 25 0.5 37 0 43 0.5 66 0.8 75 0.4 89 0 
3453 10 1 11 0 54 0 55 0 57 0.9 95 0 
3514 27 1 56 0.4 
3533 5 0.3 33 0 90 0 95 0.3 
3753 1 0 17 0.3 25 0.8 28 0.4 34 0.6 61 0.7 78 0 95 0.3 96 0 
4069 1 0.7 18 0.6 24 0.3 32 0 52 0.8 82 0.8 92 0.3 94 0.7 95 0 98 0.8 
4252 17 0.5 26 0 28 0.9 38 0.3 39 0.7 42 0.7 79 0.4 
4681 23 0.4 30 0 75 0 79 0.8 
4726 9 0.9 10 0.4 45 0.5 50 0 53 0.4 64 0 79 0 87 0.8 
4830 14 0 15 0.4 27 0.9 33 0 41 0.6 45 0.5 54 0 60 0.5 66 1 99 0.5 
4875 5 0.7 13 0.4 19 0.7 21 0.8 35 0.8 47 0.5 94 0 
4961 1 0.5 16 0.7 18 0.3 35 0.7 39 0 40 0.7 57 0 59 0.3 89 0.8 91 0.8 
5007 3 0 29 0.3 69 0.3 71 0 83 1 89 0.3 90 0.3 94 0 
5019 15 0 39 0.3 54 0 96 0.6 
5020 13 0 54 0 
5043 14 1 26 0.9 36 0 37 0 46 0.7 68 0.9 72 0.7 74 0 78 0.9 85 0 
5811 5 0.5 19 1 36 0.5 59 0 60 0.7 64 0 89 0.3 95 0 
5977 0 0.9 28 0 31 0.8 36 0.7 83 0 
5990 2 0.4 13 1 35 0.8 58 0 67 0 72 1 75 0.4 
5995 4 0 16 0.7 24 1 33 0.4 34 0.8 37 0.6 49 0 63 0 67 0.4 70 0 
6002 1 0 33 0.4 36 0 46 0.7 65 0 70 0.9 83 0.4 87 0.7 99 0 
6090 1 0.9 5 0.3 28 0.4 46 0.7 49 0 50 0 80 0.5 
6273 6 0.3 14 0 20 0.3 35 0.7 54 0.3 64 0.3 76 0.8 
6366 42 0.9 
6378 4 0.6 
6563 24 0 36 0.5 69 0.3 
6614 9 1 27 0.4 36 0.3 38 0 61 0.8 70 1 75 0 
6730 64 0 
6753 0 0.3 34 0.6 35 0.8 39 0.3 42 0 54 0 75 0.3 
6772 33 0.8 43 0.4 70 0.8 85 0 
6783 4 0.4 41 0 65 0 80 0.5 91 0.3 
7110 6 0 13 0 38 0 45 0.3 46 0.5 58 0.4 96 0.3 
7191 15 0.7 16 0 53 0.6 69 0 73 0.8 82 0.3 84 0 89 0.7 98 0.4 
7263 2 0.8 21 0.3 25 0 29 1 47 0 66 1 76 0 98 0.5 
7324 10 1 12 0 16 0 29 0 40 0.9 46 0.8 48 0.9 80 0.9 
7416 25 0.3 54 0.7 
7493 0 0 5 0.7 7 0 29 0.8 30 0 33 0.8 86 0.7 92 0.9 98 0.8 
7594 1 0.3 22 0.5 77 0.3 99 0.6 
7665 3 0.7 15 0.3 18 0.3 36 0.8 39 0.3 
7777 39 0 52 0 54 0 64 0 98 0 
7946 28 1 90 0.9 
8164 5 0.3 11 0.4 12 0.6 50 0.7 64 0.3 69 0.7 72 0.5 
8191 7 0.6 17 0.8 29 0.9 48 0 68 1 72 0.8 86 0 93 0.7 97 0.9 
8587 1 0 35 0.9 39 0.3 41 0 50 0.4 67 0 84 0.7 86 0 92 0 
8607 51 0.7 66 0.3 92 0.7 
8649 62 0 
8738 40 0.9 
8750 3 0.5 4 0.4 11 0 13 0 30 0.4 36 0.9 71 0.6 86 0 91 0 98 0.9 
8781 14 0.3 25 0.7 49 0 51 0 62 0.9 66 0.3 96 0.8 99 0.3 
8830 14 0.5 40 0.4 61 0.4 68 0 69 0.4 71 0.8 77 0 83 0.5 88 0 
8912 9 0 42 0.5 49 0.5 60 0 93 0 94 1 95 0.6 
9014 12 1 40 0.6 57 0.7 58 0.4 70 0.5 91 0.9 
9038 49 0.7 74 0.6 89 0.9 
9155 0 0 75 0 79 0.5 91 0.3 
9379 19 0 
9401 2 0.9 34 0 36 0.7 37 1 41 0.6 90 0.4 
9491 1 0 12 0.4 61 0.5 62 0 
9611 19 0.9 21 0.9 22 0.7 53 0.9 62 0.9 69 0.6 81 0.6 95 0.8 
9746 85 0.9 97 1 
9920 23 1 43 1 77 0 80 1 99 0.6 
