100
178 8 0.6 55 0 83 0.8 
522 11 0.7 34 0.8 53 0.6 67 0.9 
663 16 0 41 1 61 0.3 
779 36 0.6 
854 1 0.9 8 0.9 25 0 26 0 37 0 51 0 74 0 89 1 
893 11 0.4 14 1 76 0.9 
1079 4 1 15 0 22 0.8 33 0.9 59 0.6 94 0.9 
1174 98 0.5 
1175 0 0.9 9 0.9 14 0.4 18 1 30 0 51 0 80 0.8 82 0.8 
1184 8 0 
1250 9 0.6 13 1 24 0.9 25 0.4 60 0 61 1 72 0 87 0.3 90 0.5 
1380 2 0.8 5 0.8 14 0 15 1 26 0.8 63 0 64 0 79 0.7 
1477 30 0.3 41 0.5 43 0.8 52 0.3 57 1 
1532 34 0 83 0.9 
1703 1 0 36 0.4 37 0.7 57 0.6 67 0 
1850 4 0 12 0.6 34 1 38 0.7 48 1 59 0.6 61 0.8 74 0.3 87 0.5 
1896 46 0.3 60 0 62 1 71 0.5 87 0.4 96 0.8 98 0.5 
1900 6 1 15 0.6 29 0.3 37 0.4 47 0.8 62 1 72 0 76 0.8 79 0 89 0.6 
1998 15 0 
2062 1 0 5 0.9 36 0.5 45 0 61 0.5 65 1 77 0 88 0.6 98 0 
2183 2 0.7 10 0 15 0.3 25 0.7 32 0.3 47 0.9 55 0 58 0.9 63 0.6 74 0 
2240 6 0.5 9 0.6 24 0.6 36 0.3 40 0.6 45 0.5 51 0.3 59 0.9 73 0.4 
2253 19 0.7 25 0.6 26 0.3 44 0.4 48 0.8 51 0.5 
2328 9 0.8 10 0.7 20 0 24 0 27 0.8 55 1 66 0 
2334 0 0.6 10 0.8 19 0.9 40 0.3 44 0.7 54 1 72 0 74 0 79 0.8 85 0.4 
2444 5 0 10 0 66 0.9 75 0.7 77 0.9 83 1 88 0.5 92 0.8 
2538 41 0 47 0 72 0.3 94 0.6 
2577 8 0 22 0 39 0 43 0.4 66 0 76 0 79 0.8 88 0.9 97 0.7 
2655 51 0.8 66 1 
2670 10 0 76 0.8 77 0 
2700 0 0.8 9 0 34 0.3 38 0.9 42 0 53 0.8 75 1 85 0.6 99 0.5 
2705 11 1 27 0.8 45 0.9 65 0 94 0.5 
2906 11 0.9 14 0.7 15 0.6 66 0 80 0 91 0.3 94 0 
2984 14 0.9 61 0.8 63 0 90 0.7 
3312 83 0.9 99 0.3 
3470 13 0 26 0.5 35 1 50 0.3 52 1 70 0.7 78 0 95 0.8 
3597 1 0.4 
3736 19 0.5 57 0.9 66 0 78 0.8 79 0.8 84 0.8 87 0.6 91 0.8 95 0.7 
3762 28 0.7 38 0.9 74 0.9 
3882 1 0 19 0.4 66 0.8 96 0.4 
4067 11 0.3 17 0.3 56 1 59 1 71 0 72 0 85 0 93 0.3 99 0.4 
4182 28 0.5 67 0 
4205 17 0.5 26 0 44 0.7 54 0 62 0.6 63 0.9 64 0 77 0.5 89 0.8 90 0 
4274 2 0.6 18 0.4 19 0.4 43 1 47 0.5 59 0.3 71 0.7 83 0.5 
4419 36 0.3 
4514 59 0 61 0 62 0 64 0.6 74 0.3 88 0.3 96 0.3 
4521 11 0.5 
4567 47 1 
4603 5 0.7 40 0 69 0.7 
4687 23 0 26 0 27 0.4 45 0 57 0 79 0.6 82 0.8 
4693 5 0.3 9 0.6 18 0 22 1 36 0 38 0.9 41 0.3 82 0.3 96 0.7 98 0.6 
4789 25 0.8 40 0 56 0.3 62 0 91 1 
4857 10 0.6 36 0.8 41 0.9 78 0.3 
4929 25 0.8 30 0.6 59 0.3 
4977 18 0.9 24 0.7 54 0 64 0.3 77 0.4 88 0.4 96 0.9 
4995 13 0.6 23 0.9 57 0.4 59 0.4 61 0.3 71 0.5 92 0.6 95 0 99 0.6 
5077 8 0.9 12 0.6 16 0.7 57 0.3 89 0.8 91 0 99 0.9 
5090 10 0 18 0.7 29 0.6 31 0.8 39 0.5 65 0.5 93 0.9 98 0 
5342 14 0.7 22 0.8 31 0.7 44 1 53 0.8 57 0 58 1 61 0.5 66 0.6 83 0 
5359 8 0 14 0.3 21 0 25 0 29 0.3 38 0.6 98 0.8 
5386 0 0 10 0 19 0.4 22 0.6 31 0.9 37 0.5 60 0.3 69 0.6 76 0.6 
5764 3 0 7 0 
5840 4 0.6 41 0.6 87 0.8 
6136 24 0 34 0 60 0.9 66 0 
6153 3 0 21 0 37 1 94 0 
6169 35 0 68 0.7 
6252 7 0.9 23 0 29 1 37 0 51 0.5 73 0.3 85 0 90 0 
6443 47 0 79 0 92 0.4 
6634 8 0.3 11 0.4 18 0 25 0.4 30 0.3 48 0.3 49 0.5 68 1 74 0.9 80 0.8 
6646 4 0.8 36 0.4 40 0 43 0.7 69 0.5 73 0.6 75 0.3 76 0 88 0.6 
6667 10 0.8 17 0 31 0 34 0.8 40 0.7 43 0 48 0.5 59 0.9 61 0 96 0.5 
6688 1 0.6 24 0.5 42 1 46 0.8 51 0 55 0.8 60 0.7 
6787 9 1 36 0.7 59 0 60 0.8 
7033 23 0.8 24 0.7 34 0 41 0.3 71 0.7 83 0.3 
7109 12 0.8 27 0.7 43 0.9 63 0.9 77 0.3 81 1 84 0 98 0 
7258 2 1 9 0.3 33 0 42 0 65 0 77 0.5 84 0 
7472 25 0.3 26 0.7 32 0.5 50 0.6 51 0.6 55 0.4 57 0 62 0 81 0 87 0.5 
7633 26 1 36 0.4 50 1 63 0.9 65 0.9 69 0.7 85 0 
7639 29 0 36 0.7 41 0 42 0.3 43 0 59 0.9 86 0.5 
7801 44 0 70 0 71 0.5 99 0.9 
7841 16 0 27 0.6 29 0.6 32 0 46 1 61 0.6 75 0.6 83 0.5 
7909 23 0.9 33 0.7 36 0.4 62 0.7 72 0 
7948 8 0 69 0.4 
8020 14 0 41 1 43 0.4 44 0.3 58 0 86 1 92 0.9 96 0.9 
8022 7 0.7 17 0 33 0.8 42 1 55 0.5 62 0.3 91 0 
8025 2 0.6 11 1 21 0.4 27 0 29 0.5 61 0.4 
8047 56 0.7 61 1 70 0 73 0.6 84 1 93 0.5 
8267 86 0.6 
8362 32 0.7 66 1 70 0.8 74 0.5 76 0 95 0 
8372 3 0.6 6 0 29 0.5 42 0.6 80 1 82 0.9 97 0.7 
8435 37 0.5 75 1 
8625 5 0.7 21 0.4 39 1 59 0 
8763 48 1 54 0.7 68 1 80 0.7 87 1 96 0 
8857 38 0.9 49 1 
8922 9 0.6 20 0.9 31 0 52 0 72 0.8 
8992 19 0.7 25 0.5 30 0.5 38 0 66 0.9 73 0.5 77 0.8 83 0.6 92 0.4 94 0.7 
9326 2 0.3 55 0 60 0 65 0.7 73 0.4 
9396 6 0.6 12 0 61 1 66 0 75 0.3 82 0 
9665 2 0.5 5 0.7 19 0.3 24 0 49 0.4 62 0 66 0 78 0.9 82 0.5 83 0 
9751 13 0 23 0.8 29 0.7 41 0 44 0 49 0.6 93 0 96 0.9 
