100
112 12 0.8 22 0.9 30 0.8 32 0.7 40 0.8 53 1 62 0.7 81 0.9 86 0.4 98 0 
150 10 0.7 16 0.7 31 0 38 0.8 55 1 78 0.8 
302 4 0.7 11 0.5 22 0.6 65 0.7 75 0 80 0.5 89 0.5 94 0.3 
559 19 0.9 51 0.6 57 0.4 70 0.6 74 0 83 0.8 84 0.5 
678 7 0 10 0.7 24 0.8 26 0.9 43 0.8 44 0.8 49 0.3 86 0.6 92 1 
712 16 0.4 19 0 45 0.6 66 0 75 0 77 0.9 94 0.4 
761 39 0 72 0 84 1 85 0.8 86 0.9 90 0.3 98 0.6 
830 9 0.4 45 0.8 46 0.9 51 0.8 62 0 67 0.8 90 0 91 0 94 0.3 95 0.9 
1087 19 0.7 68 0.3 83 0.8 
1372 48 0.6 55 0.4 87 0.7 89 0 98 0.4 
1389 1 0.3 8 0.6 53 0.3 82 0.4 
1408 3 1 27 0.3 31 0.4 35 0.3 56 0 57 1 77 0.3 83 0.7 89 0.7 91 0 
1532 34 0.8 83 0.7 
1615 4 0.6 96 0.3 97 0.6 
1626 29 0.6 34 0.9 51 0.9 60 0.7 65 0.7 67 0.7 72 0 96 0.6 97 0 98 0.9 
1733 13 0.9 19 0.4 30 0.5 33 1 38 0.8 
1740 17 0 22 0 27 0.5 32 0.5 54 0 60 0.6 73 0.5 
1853 65 0.4 87 0.6 
1923 37 0.3 75 0.5 78 1 
1971 5 0 11 0 12 0.6 29 0 36 0.6 51 0 83 0.7 88 0.4 91 0 96 0.3 
1995 35 0.4 37 0 39 0.7 45 0 64 0 77 0.9 
2046 37 0 54 0.8 60 0.6 69 0 
2064 55 0.7 75 0.6 90 0 93 0.9 94 0.5 
2155 8 0.6 20 1 41 0 48 0 54 0.6 56 0 71 0.4 73 0 
2316 9 0 51 0 72 0 81 0.5 86 0.5 88 0.8 99 0.5 
2405 47 0.5 
2443 5 0 19 0 22 0 23 1 55 0.4 66 1 76 0 78 0.5 86 0.7 
2466 21 0.6 28 0 38 0 46 0.8 56 0.7 69 0.4 78 0.6 84 0.9 
2620 7 0.3 32 0.6 36 1 44 0.9 55 1 62 0.8 80 0.7 92 0.8 97 0.3 98 0.8 
2985 4 0.4 5 0 18 0.4 23 0 27 1 57 0 69 0 86 0.5 96 0.7 97 0.8 
3019 14 0.7 16 0.6 27 0 35 0.9 37 0.8 39 0.5 60 0 62 0.8 74 1 81 0.3 
3092 14 0.4 18 0.6 28 0 38 0 43 0.8 62 0 73 0.9 
3461 13 0.6 25 0.5 
3494 1 1 6 1 27 0.6 47 0.5 48 0 63 0.9 65 0.7 66 0 68 0.8 76 0 
3582 21 0.5 67 0.7 
3769 55 0.6 63 0.4 78 0 
3785 4 0 31 0 39 0.9 69 0 73 0.6 82 0 93 1 95 0 96 0.9 
3821 6 0 12 0.5 23 0 26 0.7 49 0 82 0.9 88 0.5 
3936 3 0.9 4 0.4 6 0.4 21 0 24 0.6 76 0 77 0.9 92 0 
4132 0 0.5 5 0.5 26 0.6 28 0 31 0.3 32 0.6 34 0 41 0.5 60 1 62 0 
4230 3 0.9 5 0 16 0 26 0.3 45 0.9 54 1 55 0 65 0.9 77 0 78 0.4 
4260 28 0 66 1 91 0 97 0.9 
4536 4 0 10 1 11 1 12 0 15 1 22 1 34 0.3 70 0.5 
4594 99 0.4 
4710 1 0.7 6 0.7 26 0.7 48 0.3 
4718 11 0 15 1 55 0.5 64 0.8 74 0.7 86 0 93 0.7 98 0.8 
5196 10 0.7 59 0.3 
5209 88 0 
5397 2 0.7 19 0.5 23 0 57 0 77 0 81 0.3 88 0 95 1 
5484 80 0 
5595 19 0.5 24 0.5 35 0.9 42 0 52 0.4 58 0.4 66 0 77 0.3 97 1 
5653 31 0.8 43 0.9 48 1 79 0.9 81 0.8 87 0 91 0 
5665 32 1 60 0.5 97 0.4 
5683 14 0.8 23 0.8 65 1 67 0.9 69 0.7 89 0.5 95 0 
5713 2 1 9 1 55 0.5 59 0 60 0.8 
5864 15 0.9 37 0 
5996 4 0.7 16 0 22 0.7 56 0 58 0.3 80 0 81 0.6 97 0 
6016 0 0 48 0.3 74 0.8 91 1 98 0 
6124 11 1 13 0.9 38 0 70 0 92 0.4 93 0.4 
6170 4 0.4 13 0.6 27 0.5 29 0 30 0.8 35 0.7 43 0.5 59 0.9 61 0.7 
6203 38 0.5 48 0.4 61 0 70 1 
6208 1 0.9 11 0.6 17 0 22 0.5 28 0.7 37 0 67 0.5 86 0.7 90 0.3 
6304 8 0.6 34 0 47 0.7 56 1 78 0.8 84 0.4 
6445 70 0 
6513 41 0.6 96 0 
6733 86 0.9 
6789 23 0 51 0.6 92 0 
6792 54 0.3 58 0.8 90 0.4 98 0 
6933 11 0 42 0.4 51 0 
6972 5 0.4 48 0.8 72 0 79 0 
7027 75 0.9 77 0.4 87 1 
7099 4 0 73 0 89 0 
7278 7 0.9 24 0.5 37 0 38 0.5 54 0 56 0.7 59 1 87 0.9 88 0.3 92 0.6 
7343 22 0 53 0 69 0.3 
7518 24 0 45 0.9 52 0.4 60 0 70 0.8 
7569 6 0.4 9 0.5 13 0.7 18 0 38 0.7 48 0.4 
7583 10 0.3 52 0 
7617 53 0 90 0.3 93 0.7 97 0.8 
7675 1 0.5 52 0 61 0.4 
7683 33 0.5 47 0 70 0 72 0.5 80 0.4 95 0.9 
7752 34 0 81 0 95 0.9 
7792 10 0.5 23 0.4 38 0.4 46 0.9 49 0 64 0 65 0.9 76 0 77 0 
7866 0 0.4 88 0.3 
8098 22 0 50 0.3 57 0 74 0.6 88 0.5 98 0 
8159 23 1 28 0.9 52 0.7 60 0.8 87 0.5 92 0.3 95 0.9 96 0.5 
8220 0 0.5 45 0 66 0.9 
8526 10 0.6 11 0.9 34 1 36 0.8 59 0.8 85 0.7 93 0.9 
8651 22 0.6 78 0.6 98 0 
8666 1 0 3 0 19 0.6 57 0.8 60 0.7 73 0 74 0 95 0.7 98 0.5 
8808 15 0.4 
8984 51 0 64 0.9 98 0.9 
9073 2 0.4 15 0.3 43 0.6 45 1 62 0.9 66 0.4 68 0.6 76 0.3 93 1 99 0 
9094 2 0.7 13 0.4 37 0.3 54 0.4 64 1 69 0.5 71 0.4 78 0.8 88 0.9 96 0.3 
9248 11 0.6 20 0.4 22 0.6 32 0.7 55 0.8 59 0.7 67 0.5 
9345 12 0.7 22 0.9 30 0.7 31 1 35 0 50 0.4 58 0 85 0.3 97 0.5 
9347 0 0.5 24 0.4 33 1 42 0.5 60 0.8 71 0 82 0.7 92 0 96 0.4 99 0.8 
9358 15 0.3 17 1 34 0.5 46 0.8 49 0.4 56 0.3 61 1 75 0.3 
9719 48 0.9 83 0.9 
9843 0 0 4 0.4 6 0.3 28 0.8 40 0.5 45 0.4 50 0.9 72 0 73 0.7 76 0 
9868 27 0 33 0 49 0.5 51 0 73 0.6 82 0.5 87 0.4 98 0.6 
