100
35 0 0 6 0.5 16 0.6 20 0.4 52 0 53 0.8 59 0.9 73 0.6 93 0.7 
129 14 0 25 0 42 0.5 48 0 56 0 61 0 68 0 
137 0 0.5 3 0.9 29 0.4 50 0.9 66 0.7 
235 3 0.7 14 1 22 1 26 0.3 51 0.5 53 0.7 62 0.3 63 0.6 73 0.9 78 1 
241 8 0.5 13 0.3 37 0.7 71 0.8 90 0.5 
257 47 0 69 0.6 79 0 82 0.8 90 0.3 
271 8 0.9 29 1 35 0.9 41 0.9 69 0.4 72 0.6 
294 21 0 43 0 49 0.5 
321 3 0.9 5 0.7 18 0.9 22 0.4 66 0 74 0 
353 39 0.3 66 0 68 0.9 
370 12 0.5 34 0.8 36 0 44 0.9 65 0.7 70 0.6 92 0.8 95 0 
502 3 0.6 5 0 11 0 18 0.7 33 0 55 0.4 89 0.9 
505 25 0 33 0.3 45 0.3 54 0 80 0.8 
546 6 0.7 55 0 
624 10 0.7 36 0 42 0.8 66 0.8 83 0 86 0.7 94 0.9 
847 22 0.3 83 0.9 85 0.8 87 0.5 
898 0 0 45 0 82 1 
1043 1 0 15 0 39 0.9 58 0.7 
1458 13 0.5 26 0 49 0.6 61 0 77 0.3 87 0.7 
1474 9 1 29 0 
1481 41 0.7 
1680 15 1 18 0 43 0.9 44 0.8 58 0.7 
1728 2 0.7 12 0.9 22 0.9 40 0.4 80 0 91 0 
1769 16 0.8 22 0.4 27 0 35 0.8 56 1 79 0.6 97 0.3 
1854 24 0.3 31 0.7 40 0.8 43 0.8 44 0 57 0.5 62 0.5 72 0.6 74 0.3 
1909 1 0.3 2 0.4 8 0.8 24 0 56 0 67 1 92 1 
1931 6 0 24 0.6 52 0.3 61 0.8 71 0.7 
1979 2 0.8 40 0.9 52 0 57 1 62 0.6 86 0.5 88 0.4 99 1 
2172 19 0.4 32 0.9 37 0.3 83 1 89 0.8 92 0.7 
2203 10 0.7 23 0 32 0 36 0 67 0.6 76 0 77 0 86 0.9 94 0.6 99 0.4 
2215 61 0.3 
2308 2 0.7 4 0 10 0 13 1 
2396 45 0 48 0.5 57 0.4 60 0.5 63 0 71 0 83 0 
2438 10 0.6 29 1 42 0.6 52 0 57 0.6 61 0.6 67 0.9 
2469 0 0.3 3 0.8 60 0 
2553 9 0.7 14 0.6 25 0 34 1 48 1 81 0.6 
2601 14 0.6 30 0 38 0.8 39 0.5 47 0 52 0 72 0.5 90 0.4 99 0.8 
2667 20 0.8 
2987 16 1 36 0 48 1 85 0.7 89 0.5 93 0.4 
3066 27 0.5 60 0.5 
3348 65 0 71 0.8 78 0.4 99 0.4 
3360 41 0.7 77 0 
3385 14 0.7 16 0.9 41 0.3 42 0.8 44 0.9 50 0 65 0.8 91 0.5 
3544 4 0.9 14 1 23 1 25 0.4 38 0.4 47 0.4 55 1 62 0 89 0.4 93 1 
3737 2 0 27 0 31 0.9 
3977 6 1 17 0.5 20 0.5 27 0.3 30 0 34 0 37 0 38 0 45 0.9 81 0.7 
4080 7 0 32 0.9 35 0.9 
4122 0 0.6 2 0 25 1 31 0.7 43 0.5 44 0 88 0 
4428 6 1 21 0.9 49 0 62 1 69 0.8 75 0 
4493 16 0.7 21 0.6 31 0 41 0.5 45 0.7 48 0.5 51 0.3 58 0 63 0.5 84 0.9 
4549 2 0.9 29 0.4 62 0.9 
4624 27 0.9 28 0.6 66 1 69 0 86 0.8 87 1 90 0 
4778 11 0 42 0.4 53 0.5 59 0 64 0.6 82 0 88 0.7 97 1 
5147 17 1 47 0.8 57 0 62 0.5 85 0 98 0.3 
5243 45 0.3 69 1 
5249 97 0.7 
5387 48 0.5 62 0.5 66 0 92 0.4 
5480 5 0.3 7 0.7 21 0 22 1 42 0.3 55 0.3 56 0.5 98 0.8 
5550 22 0.5 50 0.4 52 0.6 
5551 1 0.6 17 0.3 27 0.6 43 0.9 69 0.8 70 1 89 0 
5848 2 0.3 21 0.4 38 0.9 46 0.8 51 0.8 62 0 76 0.9 81 0.9 85 0 90 0 
5960 3 0.8 11 0.5 13 0.9 25 0 29 0 41 0 53 1 62 0.5 84 0 90 0.4 
6174 1 0.5 9 0.4 29 0 30 0.7 47 0.7 51 0.6 64 0.4 
6194 18 0.8 19 0.4 32 0 36 0.8 37 0 42 0.9 47 0 66 1 74 0.6 94 0.6 
6249 3 0.8 9 0 29 0.7 47 0 63 0 80 0.7 86 0 91 0 
6319 4 0.5 25 0 30 0.5 38 0.8 53 0.9 58 0.8 
6362 47 0.3 50 0 56 0.8 57 0.6 60 1 65 0.8 82 0.4 84 0.5 
6632 5 1 18 0 31 1 58 0.8 61 0.4 67 0.5 83 0.3 
6643 32 0.9 73 0.3 78 0.7 
6919 4 1 8 1 14 0 28 1 40 0 45 0.8 54 0.3 80 0.4 92 0 
6966 37 0.4 
7333 0 0.3 11 0.4 23 0.5 44 0.6 58 0.6 74 0.9 
7444 3 0.6 18 0.6 86 0.7 
7752 34 0 81 0.6 95 0 
7846 29 0.9 43 0 52 0 85 0.4 
7924 21 0.5 30 0.3 33 0.9 
7935 5 0 9 0.3 17 0 24 0.9 28 0 34 0.7 91 0.8 95 0.5 
7987 86 0 
7996 0 0.8 48 0.8 56 0.8 59 0.4 79 0.4 82 0.6 
8036 1 0.3 3 0.9 5 0.7 7 0 17 0.3 41 0.7 
8157 1 0.9 7 0.3 
8371 41 0.8 
8537 35 0.9 98 0.4 
8763 48 0 54 0.6 68 0.6 80 0.6 87 0.8 96 0.3 
8879 7 0.8 12 0 22 1 38 0 44 0.8 46 1 47 0.8 66 0 75 1 85 0.3 
8931 20 0.8 35 1 77 0 
8994 13 0.4 14 0.6 25 0 28 0.6 51 0.9 53 0.4 
9233 4 1 33 0.3 67 0 86 0.7 
9256 85 0.8 
9274 12 0.6 25 0.3 31 0 64 0.6 87 0.7 
9287 0 0.7 2 0.8 52 0 56 0.4 58 1 61 0 86 0.5 93 0.7 
9352 0 0.5 34 0.3 87 0 
9355 8 0 15 0.9 19 0.8 32 0.8 67 0.6 68 0 72 0 74 0.5 79 0.7 91 0.7 
9395 21 0.4 51 0.5 52 0.7 54 0.4 
9636 15 0 45 1 67 0.8 
9734 9 0.3 73 0.9 
9742 10 0 19 0 32 0.6 50 0 68 0 72 1 89 0.4 
9882 35 0.7 40 0.9 42 0.8 67 0.6 68 0.7 72 0.8 93 0.3 
9910 7 1 
9963 26 0.4 76 0.5 88 0.5 
