100
311 1 0 21 0 68 0 75 0.4 
369 14 0.4 37 0.6 41 0 76 0 
370 12 0.7 34 0 36 0.7 44 0 65 0.3 70 0.7 92 0.9 95 0.7 
410 6 0.7 12 0.8 18 0.4 45 0.3 62 1 77 0 94 0.3 95 0 97 0.9 
516 6 0.6 13 0.4 25 0.7 61 0 66 0.7 77 0.3 
550 36 0 64 0 86 0 
560 9 0.4 20 0.3 38 0.9 53 1 54 0 
660 16 0 20 1 38 0.3 43 0.3 52 0 63 0.9 64 0.7 93 0.6 99 0 
741 26 0.4 34 0.5 39 0.8 69 0.9 96 0 
750 6 0 28 0 40 0.6 64 0.7 90 0.5 94 0.4 
866 22 0.8 30 0.4 40 0 44 0 59 0 65 0 70 0 73 1 
884 76 0.4 99 0.7 
953 27 0.3 52 0.4 53 0 55 0.3 57 0 59 0 87 0 
1133 65 0.4 90 0.5 
1138 6 0.3 18 0.6 29 0.9 
1211 18 0.7 27 0.9 28 0.9 36 0.3 68 0.4 71 0.8 88 0.8 
1273 20 0.5 
1393 36 0 85 0.4 
1420 12 0.9 
1427 8 0.5 18 0.9 27 0.9 44 0.7 49 0.3 50 0.4 61 0.7 62 0.4 76 0 88 0.9 
1475 16 0 26 0.9 27 0 34 0.6 46 0.8 57 1 59 0.3 62 0 81 0.3 
1498 0 0.5 2 0.5 17 0.5 32 0 49 0.6 51 0.4 66 0 99 0 
1519 12 0.6 15 0 34 0.5 54 1 71 0 
1607 1 0 24 0 25 0.6 27 0.3 41 0 44 0.9 47 0 52 0.4 92 0 
1628 18 0.4 29 0 47 1 48 0 61 0 70 0.4 80 0.6 
1718 34 0 37 0 38 0.4 41 0.4 48 0.3 54 0.9 56 0.7 68 0.4 71 0.8 85 0.3 
1847 2 1 21 0.4 38 0 51 0.8 83 0.4 
1922 20 0 40 0.8 49 0.9 55 0.9 56 0.9 82 0.4 
1945 17 0.5 42 0.5 55 0.4 59 0.5 68 1 80 0.8 81 0 95 0.5 
1983 42 0 46 0.3 49 0.3 52 0 77 0 89 0.6 
2029 0 0 8 0.6 21 0.7 26 0.4 38 1 45 0.8 65 0 94 0 
2100 1 0.8 28 0 42 0.8 48 0.6 49 0.5 64 0 88 0.5 90 0.3 93 0 
2134 26 0.8 44 0 55 0.8 79 0 89 0 
2143 1 0.3 20 0.7 22 0.9 62 0.5 67 0.3 73 0 81 0.6 94 1 
2234 8 0.5 19 0 30 1 32 0 33 0.9 41 0.5 75 0.9 84 0.4 
2325 19 0 26 0 38 0.3 60 0.4 72 0.8 80 0 83 0.7 88 0.7 96 0.7 
2766 6 0.3 12 0 14 0.7 20 0.5 31 1 38 0 87 0.3 92 0.5 96 0.5 97 0 
2767 6 0.9 10 0 17 0.9 37 0.3 41 0.9 44 0 52 0 56 0.9 70 0.4 76 0 
2878 21 1 
2900 9 0.3 
3068 26 0.7 29 0.7 35 0.7 38 1 39 1 72 0.5 
3201 16 0.8 19 0 26 0.8 27 0 29 0.5 38 0.6 71 0.7 81 0.8 95 0.3 
3224 54 0.3 
3227 1 0.7 21 1 29 0 52 0.6 53 0.8 76 1 
3237 3 0 10 0 37 0.5 61 0.8 62 0.9 85 0.4 89 0 93 0.6 98 0 
3407 12 0.3 31 0.5 
3583 0 0.5 7 0.4 24 0 46 0 58 0 91 0.5 
3783 5 0 7 0.3 29 0 39 0.4 42 0.9 55 1 78 0.6 87 0 95 0.4 
3854 5 0.4 16 0.9 30 0.4 57 0 65 0.6 67 0 79 0.9 92 0 99 0.3 
3998 47 0.5 51 0 52 0.3 64 0.9 65 0.8 69 0 71 0.7 75 0.4 86 1 87 0.6 
4020 9 0.7 25 0.4 43 0.5 75 0.4 83 0 94 0.8 
4199 0 0.4 3 1 78 0.7 90 0.5 
4212 15 0.7 22 0.9 23 0 24 0.5 25 0.7 40 0.5 46 0.4 56 0.3 74 0.6 96 0.5 
4288 21 0 38 1 39 0.8 46 0 53 0.6 60 0.7 73 0.6 77 1 
4341 18 0.6 32 0 61 0.5 65 0.6 78 0.6 92 1 
4432 74 0.3 75 0.4 
4583 38 0.5 
4622 44 0.5 
4851 8 0.3 9 0.6 58 0.3 66 0 84 0 
4999 18 0.9 19 1 69 0 92 0.3 
5147 17 0.3 47 1 57 0.7 62 0 85 0.5 98 0 
5343 18 0.6 22 0.4 25 0.6 34 0 57 0.7 
5381 6 0.8 8 0.6 17 0.3 40 0.6 44 0.9 71 0.9 88 0.7 
5599 2 0.9 7 0.7 10 0.8 51 0.7 64 0.5 78 0.3 81 0.6 
5674 8 0.8 29 0 34 0 48 0.9 61 0.4 67 0.7 77 0 
6009 91 0 96 0 
6159 7 0.6 97 0.3 
6234 38 0.8 
6372 23 0.4 44 0 
6524 8 0.9 49 0 51 0.5 69 0.8 80 1 94 1 
6633 14 0.7 16 0.5 20 0 30 0.7 38 1 43 0.8 50 0.4 68 0.9 93 0.5 
6679 9 0 20 0.9 58 0.8 70 0.7 
6762 27 0.4 
7050 28 0.7 54 0.6 86 0.6 
7201 27 1 
7299 27 0.4 39 0 55 0.5 78 0.5 
7441 20 0.4 23 0 39 1 54 0.9 66 0 74 0.9 76 0 87 0.9 98 1 99 0.6 
7564 39 0.3 
7626 1 0.5 6 0 58 1 59 0.6 69 0.9 
7649 12 0 16 0.8 26 0.6 35 0.9 40 0.3 78 0.4 80 0.8 84 0 
7651 75 0.3 
8071 42 0.6 44 0.8 65 0.5 
8098 22 0 50 0 57 0 74 0.8 88 0.8 98 0.5 
8148 11 0.6 13 0.3 27 0.6 33 0 39 0 45 0.4 46 0 49 0.5 66 0.4 74 0.6 
8221 23 0.7 30 0 53 0 99 0 
8323 34 0.7 36 0.3 56 0.3 61 0.7 62 0 66 0.5 85 0.8 94 0.8 99 1 
8347 3 1 8 0 16 0.6 20 0 46 1 49 0.7 90 0.8 93 0.6 94 0.9 
8382 1 0 75 0 85 0 95 0.7 
8449 14 0 34 1 56 0.5 69 0.5 
8516 2 0 4 0.7 13 0.5 57 1 77 0 82 0.8 96 0.8 
8549 0 0.9 2 0.8 14 0 16 0.3 27 0.6 51 0.8 67 0 72 1 83 0.5 
8556 55 0.6 60 0 80 0 99 0.6 
8668 22 0.9 26 0.6 29 0 30 0.3 56 0 57 0 81 0.9 82 1 88 0.4 96 0.8 
8701 10 0.4 21 0.7 37 0 82 0 89 0.7 
8848 11 0.3 51 0.6 54 0.4 67 0 74 0 75 0.6 79 0.6 92 0.6 94 0.7 97 0.3 
9130 30 0.7 70 0.9 72 0.3 
9534 81 0.7 89 0.6 98 0.5 
9652 37 0.6 41 0 50 0 92 0.3 98 0 
9763 56 0.4 89 0 
9942 41 0.7 81 0.4 
