100
48 3 1 29 0.3 42 0 71 1 76 0.5 78 0.5 85 0 91 0.9 
230 6 0.3 19 0.4 49 0.4 53 0.5 76 0 78 0.5 80 0.9 92 0 93 0.9 94 0.5 
272 1 0 20 0.7 24 0.5 45 0.8 48 0 70 0 79 1 93 0 94 0.3 
376 17 0.4 28 0 45 0 82 0.4 
397 17 0.3 30 0 61 0 85 0.8 94 0.5 95 0.6 96 0 
424 13 0.4 26 0.4 38 0.6 54 0.8 68 0.5 76 0.4 98 0.6 
491 10 0 11 0.6 16 0.3 26 0.6 47 0.3 96 0.6 
496 4 0 43 0.9 45 0.4 48 0.3 
578 5 0.4 6 0.3 10 0 57 0 63 0 66 0.3 85 0 90 0 94 0.3 
581 36 0 40 0.6 56 0.3 62 0 65 0.6 
725 6 0.9 32 0.4 38 0 70 0 97 0.6 
755 28 0.9 33 0.8 85 0 92 0 97 0.5 
895 0 0.5 7 0.6 12 0.3 46 0.8 91 0.5 
950 6 0 21 0.8 56 0.6 62 0.7 76 0 85 0.8 87 0.6 
1047 15 0.9 83 0.3 
1261 68 0 77 0.8 92 0.9 
1436 3 0.5 
1764 4 0.8 
1774 50 0.4 
1775 18 0.4 22 0.6 43 0.8 47 0.3 78 0.9 
1799 81 0.4 
1845 20 0.6 42 0.8 72 0 89 1 
1874 23 0.9 34 0.6 42 0 47 0.8 51 0.4 61 0 62 0.6 89 0 99 0.8 
1930 2 0.8 3 0.9 43 0 49 0.8 53 0.5 57 0.6 74 1 89 0.6 98 0 
1937 10 0.7 24 0.9 67 1 73 0 80 1 
1959 9 0.6 11 0.3 57 0.5 81 0 
2036 8 0.5 34 0 68 0 83 0 
2100 1 0 28 0.8 42 0.5 48 0.8 49 0.9 64 0.3 88 0.3 90 0.9 93 0.8 
2171 22 0.5 42 0.7 53 0 68 0 
2256 3 0.7 12 0.9 15 0.4 19 0 24 0.7 26 0.3 32 0.8 46 0 60 0.6 81 0 
2293 34 0.3 37 0.7 44 1 64 0.7 70 0 98 0.4 
2522 22 0 48 0.5 
2578 17 0.7 94 1 
2651 13 1 41 0 46 0.3 47 0.3 51 0 55 0.8 72 0.7 73 0.3 86 0.9 98 0.6 
2665 3 0.8 6 0.6 39 0.6 53 0.5 97 0.7 
2697 2 0.9 7 0.6 21 0 48 1 83 0.3 91 0.5 94 0 97 0 
2768 22 0 32 0 52 0 98 1 
2963 18 1 21 0.5 26 0.9 39 0.5 52 0.4 72 1 
3036 12 0.7 16 0.6 48 0.8 49 0.9 62 0.8 72 0.9 96 0 
3039 12 0.6 15 0.5 31 0.3 47 1 53 1 67 0.9 88 0 
3047 30 0.5 54 0.5 
3195 76 0.6 98 0 
3237 3 0 10 0.7 37 0.9 61 0 62 0 85 0.3 89 0.8 93 0 98 0.9 
3423 9 0 16 1 65 0 77 0.8 93 0.8 
3715 3 1 11 0 12 0.3 31 0.9 69 0.4 76 0 90 0.6 91 0.6 
3987 4 0.7 10 0.7 12 0.6 40 0.7 46 0.8 83 0.6 96 0.3 
4014 7 1 8 0.9 39 0.6 86 0.8 97 0.9 
4015 51 0.9 84 0.3 
4101 15 0.4 23 0.6 33 0.4 40 0 61 0.5 67 0 69 1 74 0.8 84 0.3 93 0.6 
4190 7 0.4 22 1 26 0 51 0.5 55 0 84 1 98 0.7 
4388 28 0.8 29 0.4 41 0.8 51 0.9 91 0 92 1 99 0 
4507 14 1 17 0.8 18 0 19 0 20 0.3 31 0 40 0.3 59 0.3 62 0.6 81 0.3 
4588 55 0.7 87 1 
4806 2 0.4 65 1 70 0.8 
4810 3 0.5 11 0.9 17 0.6 20 1 30 0 58 0.3 77 0.4 78 0 88 0.3 
5024 14 0.3 31 0.8 42 0 52 0 77 0 87 0 
5037 7 0.4 10 0 33 0 53 0.4 58 0.8 62 1 63 0.3 89 0.6 91 0.5 
5216 8 1 21 0.5 44 0.9 56 0.8 66 0.7 72 1 73 0 74 1 75 0.7 98 0 
5258 0 1 16 0 38 0.4 41 0.5 69 0 76 1 78 0 94 0 
5353 17 0.4 20 0.4 33 0.7 39 0.6 
5369 15 0 32 0 34 0 41 0.3 71 0.7 72 0 
5568 20 0 51 0.9 71 0.5 84 0.6 87 0.6 96 0.4 
5576 9 0.3 20 0.7 48 0.8 49 0.9 55 0.9 60 0.3 65 1 
5686 28 0 37 0.8 
5740 13 0.7 15 1 16 0.3 36 0.5 41 0 57 1 60 1 79 0.3 80 0.8 87 0.6 
5766 25 0 58 0 72 1 80 0.6 82 0.9 
5866 2 0.8 65 0.8 66 0.4 
5920 1 0 19 0 23 1 42 0.6 45 0.7 49 0.9 82 0.6 88 0.5 
6015 0 0 7 0.4 14 0.7 49 0 61 0.8 66 0 72 0.8 77 1 98 0.4 
6135 20 0.8 50 0.6 69 0 80 0 81 0.3 91 0 92 0.5 94 0.6 96 0.9 
6332 9 0.3 26 0.7 45 0.7 50 0.8 
6337 9 0.4 26 0.3 32 0 36 1 43 0 66 0.5 70 0.4 81 1 99 0.6 
6546 3 0.8 5 0.8 88 1 
6583 1 0 33 0.5 39 0.9 48 0.9 53 0 55 0 65 1 93 0.5 
6714 28 0.6 37 0.5 62 0.9 69 0.9 73 0.9 82 0.6 
6760 18 0.7 98 0.5 
6787 9 0.4 36 0.5 59 0 60 0.8 
7138 63 0.5 
7215 33 0.7 61 0.4 74 0.8 82 0.4 93 0 
7338 11 0.5 22 0.3 36 0.3 52 0.6 60 0 64 0.9 71 0.7 96 0 
7510 0 0 16 0 71 0.8 81 0.3 
7803 7 0 55 0 69 0.5 88 0.7 90 0.5 95 0.8 96 0 
7964 19 0 48 0.8 62 0 70 0.7 92 0.5 98 0.6 
7967 4 0.6 66 1 70 0.8 
8162 30 0.8 68 0.4 
8172 38 0.9 81 1 92 0.7 
8185 44 0.4 47 1 56 0 98 0.6 
8210 15 0.4 20 0.6 45 0.4 
8369 19 0 24 0 26 0 39 0.3 51 0 53 0 58 0.9 78 0.5 
8560 8 0.5 27 0.6 29 0 51 0.8 60 0.5 70 0.3 80 0.6 85 0 99 0 
8858 15 0 18 0.6 32 0.9 33 0.5 66 0.3 76 0.8 84 0.9 
8872 65 0.9 
9177 23 0 62 0 81 0.5 90 0.5 92 0.5 
9292 11 1 12 0.3 18 0.3 22 0.4 38 0.4 57 0.4 80 0.8 86 0 90 0 
9531 10 0.6 33 0.3 50 0.8 51 0.7 74 0 88 0.9 96 0.4 
9583 7 0.6 13 0.6 36 0 42 0.8 47 0.5 56 0.6 66 0.9 95 0.5 
9634 8 0.3 9 0.3 26 0 35 0.4 44 0.6 58 0.9 59 0 82 0.6 94 0 
9667 8 0.7 30 0.6 35 0 39 0.5 52 0 53 0.7 78 0 79 0.8 
9786 3 0.3 11 0 20 0.9 24 0.9 39 0.3 42 1 74 0.9 94 0.5 95 0.5 
9894 0 0 6 0.9 25 0.6 30 0.7 32 0 39 0 52 0 55 0.3 58 0.3 95 0.5 
