100
71 7 0.4 17 0.8 42 0.7 59 0.3 76 0.6 79 0.8 85 1 95 0 
116 5 0.4 13 0 23 0.7 48 0 89 0.3 96 0 
190 5 0 22 0.5 44 0.9 46 0.3 61 0 79 0.6 
279 22 0.3 27 0.6 37 0.3 62 0 67 0.5 73 0.8 
437 2 0.5 6 0.3 19 0 
663 16 0.8 41 0.6 61 0 
717 5 0.7 17 0.8 41 0.5 53 0.5 57 0.4 81 0 82 0.5 
901 39 0.7 82 0.4 89 1 
1016 2 1 10 0 28 0 43 0 51 0.6 56 0.9 62 0.3 71 0 94 0.9 98 0.4 
1125 11 0 35 0 47 0.9 77 1 82 0.4 
1465 28 0.5 50 0.3 54 0 99 0.3 
1585 13 0.5 21 0 22 0 53 0.6 66 0.9 73 0.8 75 0.3 81 0 89 0.6 91 0.4 
1665 30 0.4 45 0.7 50 0.7 87 0.6 89 0 
1669 9 0.3 10 0.6 60 0 
1692 10 0.6 15 0.7 75 0.5 77 0.7 80 0.3 
1765 37 0.8 
1874 23 0.8 34 0 42 0.3 47 0.6 51 0 61 0 62 0.7 89 0.6 99 0 
1890 29 0.9 42 0.8 47 0.9 98 0 
1972 3 0 10 0.6 34 0.4 46 0.8 47 0 69 0.5 87 0.8 
2064 55 0 75 0 90 0.5 93 0.5 94 0.6 
2114 2 1 18 0 53 0.5 57 0 77 0.7 89 0.8 95 0.6 
2292 29 0.9 53 0.7 78 0.9 90 0 92 0 93 0.7 95 0.9 
2344 15 0 20 0.9 37 0.9 40 0 59 0.9 72 0.8 79 1 85 0.9 
2358 4 0.8 10 0.9 50 0.8 56 0.7 65 0 
2373 38 0 
2414 53 0.4 
2482 71 1 81 0.9 84 0 
2514 28 0 67 0.3 
2559 11 0.6 14 0.8 24 0.9 49 1 50 0 74 0.6 99 0 
2861 2 0.4 12 0 26 0.5 31 0.5 49 0.7 68 0.8 71 0 73 0.4 
2971 0 0.7 22 0.7 37 0.8 76 0.3 77 0 84 0 87 0 
3054 36 0.9 50 0.3 52 0.3 63 0.3 98 0.6 
3272 3 0 20 0.7 21 0.6 32 0.6 37 0.8 44 0.9 52 0 53 0.5 
3519 5 0 14 0.4 36 0 
3553 15 0.9 25 0.7 29 0 54 0.9 77 0.9 
3719 49 0.7 78 0.8 
3870 3 0 4 0 8 0 9 1 36 1 44 0.6 50 0 72 0 77 0 82 0 
3941 1 0 
3951 2 0.5 21 0.4 30 0.3 40 0 61 0.5 67 0.7 75 0 84 1 94 0.5 98 0.6 
3952 6 0.6 11 0 26 0.5 27 0.9 66 0 74 0.7 80 0.3 92 1 97 0.3 99 0 
4016 39 0 72 0.6 94 0.4 97 0.5 
4048 24 0.6 26 0.9 38 0.3 42 0 55 0.7 63 0 74 0.4 85 0 87 0 95 0.5 
4119 6 1 12 0.4 34 0.9 66 0.9 96 1 
4204 10 0 36 0.9 38 0.7 56 0.3 69 0.3 73 0.4 76 0 98 0.9 
4237 14 0.6 18 0 27 0.5 54 0.3 61 0.6 64 0.9 74 0.4 80 0.9 93 0.3 
4467 64 0.4 79 0 89 0 
4507 14 0 17 0.5 18 0.3 19 0 20 0.8 31 0 40 0 59 1 62 0.6 81 0.9 
4553 1 0 4 0.5 22 0.4 31 0.6 33 0 48 0.5 65 0.3 75 0.9 99 0.8 
4597 17 1 21 0.4 22 0.9 49 0.7 63 0.3 
4603 5 0.4 40 0 69 0 
4792 13 0.6 22 0.8 24 0.9 33 1 34 0.6 42 0.4 59 0.8 64 0.3 78 0.9 
4935 43 0 
4970 9 0.8 13 0.9 22 0.8 23 0 25 0.5 31 0.7 53 0 90 0 
5058 59 0.5 85 0.6 86 0.4 
5172 9 1 15 0.4 74 0.8 77 1 87 0.5 88 0.6 
5184 43 0.7 47 0.5 66 0.6 72 0.9 83 0.5 84 0.8 87 0.6 98 0 
5416 1 0.5 
5527 60 0 72 0 
5576 9 0 20 0.6 48 0.4 49 0.5 55 0.4 60 0 65 0.6 
5628 18 0 34 0.4 37 0.3 40 0 42 0 44 0.8 45 0 56 0.8 80 0 95 0 
5970 79 0 95 1 96 0 
6202 9 0 18 0.6 27 0.4 28 0.6 40 0 44 0.6 47 0 77 0 95 0 
6222 15 0.9 20 0 
6230 51 0 56 0 71 0 98 0 
6275 12 0.7 17 0.4 31 0 46 0.9 92 0.9 94 0.8 
6474 5 1 6 0 31 0.5 39 0.5 40 0 46 0.6 
6621 16 0.6 25 0.9 40 0.9 47 0.4 51 0.8 58 0.7 84 0.5 96 0 
6735 23 0.4 33 0.7 48 0.6 54 0.9 57 0.3 59 0.5 85 1 88 0 
7217 14 0 
7256 1 0 5 0.9 6 0.5 61 0 64 1 96 0.7 
7336 3 0.8 8 0.6 16 0.9 20 0.9 27 0.6 63 0 85 0 
7342 29 0.9 47 0.8 75 0.7 91 0.3 
7347 41 1 94 0.4 
7565 8 0 36 0.6 57 0.9 76 0 80 1 84 0 86 0.5 
7722 5 0.9 8 0.9 9 0.5 16 0.3 51 0.4 59 0.4 60 0 95 0.9 
7733 9 0 10 0 18 0.6 25 0 32 0.6 33 0 39 0 79 0.8 86 0.4 87 0 
7887 5 0.7 9 0.7 33 0 50 0.4 74 0.8 
7943 61 0 
8088 14 0.4 28 0 77 0.7 
8306 1 0.4 8 0.5 10 0.3 21 1 60 0 62 0 67 0.8 77 0.4 99 0.7 
8382 1 0.3 75 0.5 85 0.6 95 0.6 
8413 19 0.3 64 1 70 0 78 0 
8450 55 0.6 
8491 7 0.6 17 0.4 27 0.9 48 0.4 72 0.6 87 0.8 88 0.6 99 0.8 
8553 9 1 87 0.5 90 0 
8673 14 0.3 54 0.5 69 0.7 88 0.5 
8768 12 0.4 54 0.6 55 0.7 71 0.4 
8908 35 0.8 40 0.8 47 0.9 66 0 82 0 97 1 
8962 39 0 45 0.8 74 0.4 97 0 
9011 3 0.5 6 0 31 1 45 0 52 0.8 60 0 61 0 87 0 99 0.7 
9056 33 0 93 0 
9114 1 0.8 85 0.9 
9216 4 0.4 13 0.5 21 0 56 0.8 
9233 4 0.6 33 0.3 67 1 86 0.4 
9882 35 0.7 40 0.5 42 0 67 0.4 68 0.3 72 0.5 93 0.9 
9912 3 0.7 11 0.6 38 0 46 0.6 67 0.9 78 0.5 84 0.9 88 0 98 0 
9929 10 0.7 24 0 39 0.6 45 0.8 47 0.9 48 0.3 91 0 93 0.7 98 0 
9947 29 1 33 0.7 68 0 87 0.7 
9969 89 0 
9997 12 0.9 17 0.9 34 0.3 53 0 54 0 97 0 
