100
23 4 0.6 11 0.5 19 0.9 57 0 61 0 65 0.6 74 0 86 0.7 
192 16 0.7 29 0 35 0.9 46 0.7 73 0.7 93 1 
274 4 0.9 13 0.7 38 0.5 50 1 52 0.5 67 1 68 0 72 0 82 0.3 88 0.5 
293 1 0 16 0 41 1 47 1 59 0 81 0.7 91 1 93 1 95 0 
463 15 0.6 27 0.8 38 1 53 0.5 61 0 65 0.6 67 0.5 93 0.7 
490 3 0.7 22 0.6 40 0 66 0 86 0.5 
625 10 0.5 14 0.9 23 0 24 1 25 0.4 26 0.8 33 0.5 48 0.3 68 0.8 
626 44 0 52 0.7 84 0.6 95 0.8 
674 91 0.4 
829 10 0 17 0.8 25 0.5 36 0.8 53 0.8 70 0.6 80 0 
852 33 0 49 0.3 51 0.4 60 0 75 0.4 77 0.7 78 0 83 0.6 91 0.5 99 0.7 
861 6 0.4 17 0.7 21 1 65 0.7 76 0 84 0.8 87 0 93 0.8 97 0.3 
933 22 0.6 90 0.9 
1046 2 0.4 37 0 69 1 90 0.8 99 0.8 
1067 3 0.4 31 0.4 47 0.7 48 0.6 60 0.7 67 0.3 71 0 73 0 91 0 
1149 23 0 44 0.6 
1192 2 0 26 0 46 0.5 72 0.3 94 0.6 
1267 0 0.4 18 0.9 29 1 34 0 57 0.9 63 1 88 0.6 
1385 33 0.3 93 0 
1442 0 0 3 0.4 19 0 25 0.5 27 0.5 28 0.5 39 0.9 52 0 74 0 
1566 29 0.3 31 0.5 32 0.5 49 0 51 0 67 0.8 70 0.4 71 1 79 0.9 
1778 29 0.7 40 0.5 98 0.8 
1931 6 0 24 0.7 52 0.4 61 0.3 71 0 
1998 15 0.5 
2105 21 0.7 35 0 43 0 58 0.4 72 0.8 73 0.9 90 0.6 91 1 93 0 
2132 9 0 16 0.4 32 0.4 56 0.9 61 0.9 65 0 80 0 81 0.5 87 0 
2150 47 0.8 
2171 22 0.8 42 0 53 0.8 68 0 
2194 24 0.9 67 0.9 77 0.4 97 0.9 
2211 15 0.4 94 0 
2355 69 1 77 0.7 80 0.8 
2438 10 0 29 0 42 0 52 0.5 57 0.6 61 0.9 67 0.9 
2494 12 0.9 13 0.8 36 0.6 43 0.6 
2608 36 0 50 0 59 0.8 66 0 77 1 79 0.5 84 0 87 0.3 
2667 20 0.7 
3048 34 1 82 1 
3062 55 0 99 0 
3173 31 1 86 0 93 0.4 98 0.6 
3356 18 0.9 22 0.3 32 0.5 37 0.4 47 0 67 1 73 0 84 0.9 85 0 89 1 
3391 19 0.6 26 0.9 42 0.5 50 0.7 60 0.6 67 0.9 70 0.7 
3404 4 0.8 8 0.5 20 0 46 0 54 0 63 0 81 0 83 0.4 84 0 
3491 27 0.4 28 0.9 34 0.9 42 0.8 53 0 62 0.4 63 0.6 89 0.7 92 1 96 0.6 
3674 7 0 
3780 12 0.4 32 0 36 0.9 65 0 72 0.5 87 0.7 
3781 3 0.8 7 0 10 0.4 11 0 27 0.3 35 0.7 46 0 92 0 99 0.8 
3784 31 0 39 0.6 60 0.6 89 0.4 95 0.4 
3931 30 0.3 32 0 35 0.5 44 0 96 0.4 
4406 38 0.8 
4745 25 0.8 46 0.8 70 0.4 98 0 
4810 3 0.8 11 0.4 17 0.9 20 0.7 30 0.5 58 0.7 77 0 78 0.6 88 0.6 
4932 24 0.6 27 0.5 46 0.4 52 0.5 55 0 72 0.9 
5125 11 0.9 21 0.5 54 0.8 57 1 63 0.3 74 0.3 79 0.5 80 0.6 96 0.7 
5192 7 0.5 46 0.6 71 0 81 0.4 
5213 2 0.8 6 0.3 9 1 27 1 57 0 60 0.7 70 0 76 0 80 0.3 91 0 
5293 39 0.3 
5338 0 1 20 0 33 0.3 57 0 74 0 89 0.7 
5378 7 1 12 1 17 0 22 0.4 71 0.9 72 0.6 95 0.6 
5502 41 1 52 0.9 76 0 77 1 83 0 
5625 22 0.6 51 0.3 55 0.5 69 0 73 0 99 1 
5779 15 0 21 0.9 53 0 56 0.3 62 0.8 94 0 96 0.4 98 0 
5853 25 0.5 63 0.3 92 0.3 
5900 9 0.4 17 0.9 18 0.9 22 0.5 25 0 28 0.3 31 0.7 55 0.7 79 1 86 0.7 
6064 8 0 9 0 34 0.5 77 0 79 0.8 
6169 35 0 68 0.7 
6222 15 1 20 0 
6333 12 0.3 56 0.5 62 0.3 69 0 72 0 75 0 77 0.7 82 0.5 95 0 
6775 12 0.8 50 0.9 65 0.9 92 1 
6933 11 0 42 0 51 0.6 
7106 3 0 33 0.8 65 1 68 0.5 91 0 
7184 30 0 53 0.4 
7320 4 1 18 0.9 27 0.6 64 0.5 70 0.8 74 0 78 0 88 0.8 
7366 30 0.3 50 0.8 55 0.8 64 0.8 
7448 3 0.4 9 0.6 12 0 14 0.9 22 0 38 0 58 0.4 79 0.5 97 0.6 
7508 1 0.8 2 0.8 7 0 10 0.5 13 0 53 0.7 64 0.9 75 0 
7613 14 0 17 0.8 19 0 20 1 48 0.8 49 0.3 59 0 95 0.3 99 0.5 
7615 0 0.8 2 0.4 14 0.9 19 1 23 0 81 0 90 0.5 92 0 
7789 5 0.3 26 0 42 0.6 43 0.3 60 0.7 89 0.4 
7976 25 0 50 0 57 0.4 89 0.9 93 0 
8293 19 0 29 0.8 40 0.3 61 0.4 
8387 14 0.4 
8423 38 0.7 81 1 97 0 98 0.5 
8534 3 0.9 13 0 16 0.6 75 0 82 0.9 83 1 94 0 
8664 25 1 28 0.3 32 0.4 43 0.4 50 0 81 0.7 84 0 92 0.5 95 1 96 0.6 
8748 4 0 10 0.5 39 0.8 71 0 73 0.6 87 0.3 91 0.4 94 0.5 
8752 8 0.8 9 0.7 23 1 35 0.8 39 0 51 0.4 
8810 6 1 45 0.5 68 0.9 99 0.8 
9085 1 0.4 8 1 16 0 21 0.3 43 0.3 71 1 77 0.4 78 0.5 
9180 8 0 14 0.6 20 0.4 21 0 26 0 31 1 34 1 93 0 95 0.3 
9227 19 0.6 26 0 28 0 33 0 36 1 51 0 73 0.9 77 0 80 0 98 0.3 
9345 12 0.4 22 0 30 0 31 0.3 35 0 50 0.5 58 0.9 85 0.5 97 1 
9408 7 0 13 0.3 29 0 85 0.8 
9447 46 0.7 72 0.6 
9585 6 0 32 0.3 95 0 
9673 8 1 20 0.3 49 0.6 61 0.5 65 1 84 1 
9693 4 0 13 0.6 75 0.3 
9753 17 0.8 38 0 41 0.7 42 0.4 72 0.4 79 0.7 84 0 97 0.4 
9774 4 0.8 5 0.8 9 0.7 19 0.4 26 0 39 0.9 68 0.7 81 0.5 99 0 
9814 84 0.9 
9877 7 0.7 34 0.5 36 0.6 38 0.3 53 0 54 0 56 0.5 57 0.8 70 0.4 82 0.6 
9937 7 0.7 44 0 47 0 58 0.9 67 0 72 0 74 0.4 
