100
78 3 0.7 4 0.6 8 0.8 27 0.3 32 0 61 0.5 87 0 97 0.4 
87 10 0.7 54 0.4 59 1 62 1 69 0.7 71 0.3 72 0.3 92 0.3 
183 4 0.3 28 0.6 29 1 30 0.7 45 0.3 61 0 74 0.4 77 0.4 80 0.4 91 0 
233 97 0.5 
326 3 0.9 6 0.6 20 0 55 0.7 79 0.6 
355 4 0.4 5 0 14 1 29 0.5 42 0 56 0 60 0.8 73 0 77 0 
484 35 0 49 0 52 0.4 81 0.7 95 0 
486 51 0.5 54 0 
503 57 0 69 0.4 78 0.3 84 0.3 85 1 
578 5 0.6 6 0.7 10 0.9 57 0 63 0.5 66 0 85 0.3 90 0.5 94 0.4 
659 50 0.7 88 0 
665 10 0 14 0.5 27 0 44 0 46 0 51 0.3 57 0.6 75 0.9 
733 2 0.7 5 0 11 0.8 12 0.7 23 0.6 71 0 
742 12 0.5 31 0.5 36 0.4 39 0.3 58 0 87 0.5 
785 3 0.4 14 0.4 41 0.6 69 0.3 
857 39 0 
861 6 0.3 17 0.6 21 0.3 65 0.6 76 0.8 84 0.7 87 0 93 0.6 97 0 
878 5 0.8 10 0.5 36 0.5 47 0.6 49 0.8 70 1 75 0.9 79 0 96 0 99 1 
896 3 0 8 1 16 1 54 0.6 62 0.5 73 0.3 82 0.4 86 0 87 0.5 89 0.7 
920 8 0 23 0.9 31 0.8 39 0 49 1 50 0.8 51 0.8 57 0.3 66 0 
1018 11 0 15 0.8 31 1 52 0 68 0.6 80 0.3 81 0.4 88 0 90 1 91 0.3 
1039 4 1 15 1 61 0.8 
1150 35 0.9 78 0 
1154 1 0 2 0.3 5 0 22 0 24 0.8 26 0 79 0 
1346 8 0.9 15 0 46 0.3 50 0.9 58 0.8 99 0 
1469 20 0.8 22 0 96 0.3 97 0 
1482 9 0.4 22 0.9 23 0 46 0.4 
1500 0 0.3 23 1 26 0.8 42 0.9 58 0.7 66 0.9 68 0.5 77 0.6 79 0.4 
1583 4 0 19 0.4 35 0.9 37 0.4 65 1 69 0 80 0.3 
1626 29 0 34 1 51 0.8 60 0.3 65 0.6 67 0 72 0.5 96 0 97 0 98 0 
1707 15 0.6 32 0 40 0.7 41 0.4 44 1 68 1 74 0.5 89 0 99 0.9 
1764 4 0.9 
1814 45 0.8 46 0.7 55 0.4 86 0.3 98 0.7 
1856 20 0.7 47 0 
1931 6 0.3 24 0.6 52 0 61 0 71 0.5 
1954 23 0 50 0.3 72 0.7 74 0 
2025 0 1 3 0.4 11 0 82 0.6 84 0 92 0.4 96 1 
2141 9 0 21 0.4 76 0.9 96 0.4 99 1 
2210 3 0 43 0.9 88 0.3 
2406 28 0 45 0.4 47 0 66 0.4 71 0.6 72 0 
2411 24 0.3 28 1 30 0.4 49 0.8 68 0.6 72 1 
2430 19 0.4 42 0.5 48 0.8 56 0 67 0.6 84 0.3 96 0.4 
2464 7 0.3 
2510 12 0.5 32 0 55 0.7 60 0.8 65 0 79 0.5 85 0 87 0.7 99 0.8 
2628 3 0.5 5 0 34 1 46 0.5 65 0.3 77 0.5 86 0.6 87 0.7 99 0.6 
2721 3 0.6 42 0.7 64 0 77 0 87 0.3 91 1 96 0 
2853 8 0 20 0.7 38 0.8 44 0 51 0.3 67 0.4 
3170 24 0.7 53 0.6 61 0 84 0.7 
3349 56 0.9 89 0.8 
3868 54 0.4 
3902 1 0.3 13 0 37 0.4 
4006 81 0.6 
4012 0 0 9 0.3 11 0 18 0.8 22 0.9 23 0.5 47 0.9 77 1 78 0.5 87 0.6 
4027 12 0.9 21 0.6 23 0.4 30 0 67 0 83 0.6 96 0.9 99 0.9 
4157 4 0.8 25 0 35 0.6 52 0.7 65 0.7 74 1 76 0 83 0.4 
4187 40 0.7 
4334 6 0.4 14 0.8 18 0.9 27 0 31 0 35 0.7 38 0.7 75 0.4 92 0.7 94 1 
4339 9 1 25 0.4 41 0 59 1 62 0.8 91 0 
4404 5 0.4 15 0.3 16 0 22 0 54 0.9 65 0.9 72 0 77 0.5 
4525 18 0 21 0.7 23 0.5 49 0.6 62 0.8 63 0 72 0.5 73 0.5 
4884 23 0.3 46 1 54 0 61 0 63 0 71 0 75 0.5 90 0.6 
5073 5 0.7 6 0 7 0 13 0.6 15 0.4 47 0.4 62 0.4 88 0.4 
5238 1 0.9 2 0.7 5 0.6 65 0.7 
5376 4 0.7 20 0.3 58 0.4 69 0.4 70 0 93 0.6 96 0.3 97 0.9 98 0.3 
5432 56 0.8 78 0 
5504 7 0.8 35 0 45 0.6 52 0 
5669 3 0 5 0 25 1 33 0.6 41 0 50 0.8 53 0.6 75 0.6 76 0.6 99 0.6 
5881 3 0 4 0.4 9 0.6 20 0.4 28 0.3 31 0.9 57 0.4 77 0.6 92 0 
5886 18 1 39 0.6 95 0.6 
6219 17 1 18 0.8 43 0.4 93 0.3 
6250 11 0.4 23 1 42 0.8 61 0 75 0.5 83 1 89 0.5 91 0 97 1 
6397 4 1 59 0.4 90 0.8 
6537 9 0 19 0 55 0.6 84 0 
6590 22 0.3 31 0.4 48 0 60 0.4 62 0.3 73 0.7 
6852 13 0.7 16 0 22 0 56 0 72 1 83 0.5 
6935 40 0.5 60 0 
6964 1 0.7 24 0.6 
6974 20 0.5 24 0.9 25 0.3 29 0.9 51 0 64 0 66 0 94 0 
7072 8 0.9 17 0.4 25 0.3 47 0.9 54 0.8 55 0.9 71 0.6 89 0.3 99 0.5 
7167 29 0 65 0 66 0.6 91 1 94 0.9 
7295 13 0.3 15 0 38 0.8 49 0.3 71 0.6 72 0.4 74 0.3 87 0.6 96 0.3 99 1 
7802 5 0 8 0.4 44 0.6 58 0.3 
7811 1 0.7 13 0.7 19 0 44 0.8 64 0 74 0.5 88 0 98 0 
8013 7 0 11 0.6 21 0.8 41 0.6 44 0 87 0 99 0.3 
8053 2 0.4 15 0.7 62 0.7 
8337 39 0.3 67 0.3 83 0.5 92 0.3 
8519 74 0.3 89 0.4 95 0.3 
8558 40 1 51 1 56 0.3 68 0 73 0.8 75 0.3 76 0 81 0.9 92 0 99 0 
8958 4 0 10 0.6 33 0.7 38 0.3 41 0.8 52 1 61 1 77 0.3 
9139 6 0.5 14 0.4 22 0.3 49 0 52 0.9 60 0 62 0.6 67 0.7 90 0.8 92 0 
9183 3 0 7 0 32 0.6 34 0 37 0 54 0.3 72 1 73 0 89 0 99 0.6 
9447 46 0.7 72 0.3 
9528 7 0 38 0.6 53 0.9 64 0 66 0 95 0.6 
9589 13 0 23 0.5 50 0.3 51 0 54 0.7 72 0.3 85 0 89 0 
9590 31 0.5 
9622 3 0.5 5 0.8 20 0 27 0.3 30 0.3 32 0 50 0.9 56 0 81 0.3 85 1 
9771 10 0.6 69 1 77 0 85 0.8 89 0 98 1 
9777 20 0 
9792 69 0.9 
9924 7 1 11 0.6 41 0.6 45 0 72 0.5 97 0.6 
