100
7 3 0 9 0 51 0.4 60 0.9 69 1 
154 5 0 9 0.9 11 1 13 1 28 0.4 30 0.7 74 0.3 76 0 83 0.3 91 0 
178 8 0 55 0 83 0.5 
180 14 0.8 18 0 20 0.6 35 0.7 72 0.3 94 0.9 98 1 
198 0 0 5 0 23 0 37 0.5 52 0.3 56 0.3 80 0 82 0 89 0 93 0.3 
247 9 0.8 45 0.7 73 0.4 88 0.8 93 1 96 0.6 
419 29 0.6 35 1 51 0.8 
458 1 0.4 6 0.4 11 0.4 27 0 49 0.7 51 0.8 56 0.7 71 0.3 97 1 
469 46 0.9 49 0.5 71 0 83 0.6 
563 4 0 9 0.8 10 0.6 12 0.9 55 0.5 58 0.8 62 0 67 0.7 
648 32 1 33 0.4 44 0.8 48 0 67 0.9 73 0.3 
762 43 0.9 75 0.9 99 0 
786 11 1 29 0.7 32 0.9 38 1 40 0.7 53 0.9 55 0.7 75 0 78 0.9 89 0.7 
790 13 1 30 1 34 0.3 42 0.6 63 0 66 0.5 70 0 74 0.3 98 0 
798 3 0 40 0 46 0.5 48 0 57 0 64 0.7 72 0 90 0.6 
895 0 0.4 7 0 12 0.8 46 0.7 91 0.4 
897 15 0.5 17 0.5 20 0.7 61 1 68 0.4 86 0.6 95 0 99 0 
898 0 0.5 45 1 82 0.9 
1084 7 0 24 0.5 47 0.5 64 0.5 70 0.3 84 0.4 
1216 44 0.6 82 0.7 89 0.6 90 0.4 
1375 5 0.5 46 0.4 82 0 98 1 
1433 8 0.7 20 0 48 0.7 
1488 3 0.7 17 0.9 48 1 60 0.9 61 0.5 80 0.5 88 0 92 0.5 
1513 4 0.3 35 0.8 43 0.8 46 0.3 76 0 88 0.3 
1580 5 0.8 8 0.4 22 0.5 28 0 52 0.9 60 0.9 71 0 90 0.7 
1618 6 0.4 10 1 11 0.4 24 0.5 41 0.9 51 0.6 60 0.4 64 1 73 0.7 96 0.6 
1654 9 0.4 21 0.5 36 0.3 39 0.6 42 0.9 49 0.5 74 0 85 0.3 94 0 99 0.7 
1756 11 0 42 0.9 52 0.7 60 0.6 80 0.5 89 0.9 93 0.8 98 1 
1843 6 0.8 10 0.5 12 0 19 0.4 31 0.7 44 0.6 46 0.8 48 0.4 74 0.3 93 0.4 
1943 50 0 84 0.5 
2046 37 0.9 54 0.5 60 0.7 69 0.4 
2124 32 0.7 65 0.8 74 0.6 86 0 
2161 85 0.5 
2290 14 0.8 24 0 64 0.7 
2356 65 0.5 70 0 
2426 4 0.6 11 0.7 45 0.6 46 0 62 0.5 67 0.8 
2659 27 0.7 37 0.5 43 1 47 1 77 0.7 84 0.8 85 1 88 0 
2667 20 0.4 
2785 85 0.3 87 0.3 93 0 
2834 89 0.5 
2939 7 0.5 28 0.6 35 0.3 39 0 53 0.8 71 1 74 0.8 
3074 6 1 12 0.5 20 0.7 23 0 45 0.5 53 0.6 60 0.4 79 0.9 
3294 6 0.6 7 0.5 37 0.3 53 0.7 59 0.3 61 0.9 65 0.3 73 0.8 81 0.6 86 0.5 
3512 19 0.9 26 0.8 39 0.8 82 0.3 
3515 6 0.3 21 1 59 0.9 68 1 
3803 2 0.7 7 0.4 67 0 71 0.7 73 1 80 0.6 84 0 85 0.4 94 0.4 97 0 
3873 6 0.8 22 0.4 62 0.4 66 0 86 0 94 0.6 
3894 11 0.9 16 0.6 18 0 37 0.9 44 1 73 0.7 84 0.4 92 1 93 0.4 97 0.7 
4126 4 0.8 11 0 38 0.6 40 0 45 0.4 59 0.7 76 0 
4136 24 0.8 36 0.8 48 0.7 
4198 33 0 63 0 84 0.3 
4409 5 0.4 14 0 25 0.3 29 0.3 78 1 
4649 6 0.4 10 0.7 30 0 46 0.4 69 0.6 83 0 
4953 21 0.4 35 0.7 49 0.8 53 0.5 90 0.9 
5202 4 0.3 50 0.5 56 0.5 61 0.7 78 0.6 90 0.5 
5445 23 0.9 26 0 47 0 61 0.6 64 0 75 0 
5474 7 0.9 8 0.7 23 0 42 0.8 45 0.4 54 0.4 87 0.9 
5483 1 1 18 0.4 50 0.4 
5535 37 0.9 51 0.6 
6002 1 0.5 33 0.7 36 0.8 46 0 65 0.3 70 0.6 83 0.4 87 0.6 99 0.3 
6041 0 0.3 12 0.9 37 0.7 78 0 96 1 
6146 29 0 36 0 44 0.8 51 0.5 55 0.4 84 0.7 
6188 8 0 40 0.3 
6196 10 0.8 13 0.5 24 1 26 0 32 0.4 54 0.5 63 0.8 81 0.7 
6309 72 1 81 0.8 
6476 25 0 32 0.7 73 0.4 
6698 2 0.6 16 0.9 20 0.8 36 0.5 38 0 61 0.5 64 0.8 80 0 81 0.4 98 0.6 
6767 20 0.4 24 0.9 27 0 36 0.3 49 0.7 
6905 5 0 16 0.4 
7072 8 0 17 0.6 25 1 47 0.5 54 0 55 0.5 71 0.5 89 0.6 99 0.6 
7099 4 0 73 0 89 0 
7135 80 0.5 94 0.9 
7191 15 0 16 0 53 0.4 69 0 73 0.8 82 0.8 84 0.4 89 0.4 98 0 
7330 46 0 
7529 11 0.7 29 0.7 
7564 39 0 
7590 50 1 56 0 65 0.9 66 0.8 67 0.5 72 0 
7684 6 0 38 0.4 57 0.4 64 0.4 
7755 10 0.4 13 1 14 0.7 16 0.7 41 0.8 73 0.7 84 0.5 92 0.8 
7846 29 1 43 0 52 0 85 0.9 
8027 2 0 25 0.5 26 0.8 52 0 53 0.3 54 0.5 70 0 
8136 9 1 14 0.7 40 0.9 71 1 73 0.9 75 1 
8228 39 0.5 50 0.7 69 0.6 83 0.7 94 0.4 
8319 20 1 23 0.7 36 0.9 39 0.9 48 0 49 0.4 
8323 34 0.4 36 0.4 56 0 61 0.4 62 0.5 66 0 85 0.3 94 0.3 99 0.8 
8324 0 0 1 0 7 0.9 31 0 45 0 55 0.9 61 0 87 0.5 92 0 
8388 16 0.6 21 0.7 27 0.7 41 0 51 0.7 54 0 67 0 
8450 55 0 
8465 20 0.6 34 0.3 40 0.4 71 0.4 97 0.9 98 0.6 
8497 8 1 12 0.5 18 0 19 0 21 0.4 23 0.6 26 0.6 46 0.5 93 0 
8609 11 0.5 34 0.5 35 0 61 0.4 96 0.4 
8976 7 0.7 22 0.5 86 0 
9129 14 0.5 16 0.9 18 0 42 0.5 86 0 87 1 
9337 11 0 76 0.8 
9533 0 0.4 12 0.4 13 0.4 23 1 26 0.3 59 0 68 0.5 75 0.9 80 0.6 90 0 
9615 21 0.7 38 0.4 86 0.5 
9688 4 0.8 17 0.5 71 0.9 
9922 58 0.3 71 0.9 
9934 3 0 4 0.7 16 1 30 1 44 0.8 71 0.8 78 1 96 0 
9999 43 0.6 53 0 58 0 79 0 93 0 
