100
81 0 0.4 9 0.8 13 0.8 21 0.5 22 0.6 44 0 69 1 84 0.6 87 0 91 0.5 
331 18 0.5 21 0 28 0 52 0.4 57 0 61 0 84 1 95 0.8 
349 14 0.5 37 0.9 45 1 47 0.6 51 0.5 66 0.3 69 0.9 72 0.4 81 0 99 0 
492 57 0.6 58 0.4 74 0.6 91 0.9 98 1 
508 18 0.7 68 0 71 0 75 0 
694 17 0.7 35 0.3 51 0 69 0 78 0.4 83 0.7 86 1 87 0 
728 7 0.7 42 0.8 
734 1 0 13 0 22 1 28 0.5 70 0.8 89 0.4 95 0.5 
790 13 0.4 30 0 34 0.4 42 0.8 63 0 66 0.4 70 0.6 74 0.8 98 0.3 
816 2 0.5 22 0.3 46 0 
842 0 0.4 4 0.9 28 0.9 46 0.9 83 0.9 87 0.3 98 0.9 
1012 6 0 14 0.7 23 0.8 31 0 62 0.7 65 0 77 0 82 0 93 0.6 
1081 2 1 10 0 23 0.9 24 0.4 34 0.7 50 0.8 73 0 
1103 79 0 
1196 34 0 36 0.6 38 0 39 0.4 85 0.4 90 1 98 0.7 
1352 0 0 16 0 37 0.5 41 0.7 53 0.3 63 0.9 70 0 77 0.9 
1400 17 0.3 47 1 71 0.8 
1403 8 0.4 16 0.5 22 0 23 0 36 0.6 54 0 57 0.9 67 0 77 0.9 
1503 49 0 66 0 98 0.3 
1533 5 0 28 0.7 92 0 95 0.5 
1552 88 0.9 
1765 37 1 
1800 98 1 
1956 4 0.6 5 1 28 0.3 38 0.7 51 1 62 0.6 88 0.4 89 0 96 0 
2088 6 0 12 0 21 0.7 28 0.8 31 1 44 1 61 1 73 0 
2095 26 0.9 54 0.3 68 0.9 92 0.6 
2147 2 0 11 0 13 0.9 25 0 44 0.7 55 0.7 63 0.4 68 0.6 94 0.8 
2222 1 0 12 0 54 0.6 57 0.7 66 0.3 76 0.8 82 0.9 85 0.4 99 0.3 
2237 55 1 82 0 92 0.7 
2238 5 0.4 15 0 28 0 38 0.7 42 0 43 0.5 62 0.8 68 0.6 79 0.4 94 0.7 
2272 32 0.7 47 0.8 
2326 4 0.4 17 0.6 25 0 
2341 12 0.4 62 0.9 70 0.8 91 0.4 
2394 13 0 19 0.4 77 0 
2453 1 0.6 27 1 
2544 69 0 
2567 6 0.5 15 0 39 0 64 0.8 84 0.9 94 0.8 
2645 64 0 
2768 22 0.3 32 0 52 0.8 98 0 
2788 39 0.4 60 0.3 72 0.3 
2844 63 0.6 96 1 
2893 6 0.8 60 0.8 97 0.9 
3084 6 0.8 12 0.8 31 0.4 39 1 86 0.7 88 1 
3152 6 0.4 23 0 42 0 67 0.7 78 0.3 85 0 
3368 13 0.5 81 0.6 
3414 1 0 9 0 25 0 28 0 36 0.4 56 0.7 69 0.8 86 0.3 
3425 3 0.3 
3592 6 0.3 59 0.6 
3855 40 0.9 69 0.6 
3931 30 0.3 32 0.8 35 0 44 0 96 1 
4125 6 0.7 13 0.8 26 0 27 0 44 0 45 0 67 0 83 0.8 87 0.6 
4314 28 0 66 0 
4318 6 0.8 9 0.9 14 0 18 1 54 0 60 0.9 72 0.6 87 0.8 
4452 98 0.4 
4470 8 0 10 0.3 32 1 37 0.6 43 0.5 57 0.8 74 1 86 0.8 91 0 
4534 3 0 5 0.4 6 0.6 22 0 50 1 76 0.9 85 0 94 0.5 97 0.8 98 0.6 
4679 21 0.5 23 0.5 57 0.4 59 0 62 0 75 0.7 90 0.8 
4772 17 0.6 37 0.7 38 0.3 57 0 
4960 1 0.4 8 0 19 0 24 0.7 34 0.5 69 0.4 76 0.9 96 0.4 
5016 26 0.8 44 0.7 72 0.5 85 0.5 94 0.9 
5189 19 0.6 30 1 58 0.8 
5332 4 0.4 24 0.6 27 0.4 28 0 
5478 10 0 20 0.5 43 0.7 57 0.4 69 0.7 77 0.9 93 0 
5542 4 0.4 36 0.7 49 0.9 78 0 83 0 90 0 
5656 0 0.4 8 1 15 0 50 0.3 51 0 67 0.3 69 0.3 73 0.4 
5912 50 0.8 53 1 67 0.4 
5954 17 0.4 23 0 45 0.9 
6086 14 0.3 35 0.5 40 0.8 60 0.9 
6257 30 0.4 42 0 53 1 71 0 72 0 85 0 96 0.4 
6286 5 0.4 76 0.8 93 0.3 95 0.9 96 0.7 
6290 2 0 7 0.6 37 0.3 42 0.7 64 0.7 90 0.3 94 0 99 1 
6501 7 0.9 13 0.4 16 0 38 0.5 45 0.9 60 0.4 64 0.8 67 0.7 68 0 93 0 
6676 21 0.6 40 0 74 0.9 81 0.4 
6926 5 0.6 8 0 53 0.4 72 0.6 82 0.7 97 0.3 
6945 0 0.6 2 0.4 8 0 21 0.3 79 0.3 95 0 
6973 15 0.6 23 0.5 24 0.5 60 0 
7148 15 0 23 0.3 27 0.4 64 0.3 74 0.9 76 1 89 1 
7334 43 0 48 0.7 51 0.5 80 0 
7364 12 0 83 1 
7401 4 0 42 0 88 0 91 1 
7470 5 0 12 0 28 1 39 0.9 42 0.7 67 0.6 73 0 74 0 80 1 81 0.9 
7525 40 0.4 54 0 
7540 5 0 30 0.5 42 0.7 44 0.6 65 1 71 0 79 0.8 94 0.6 
7620 8 0 22 0 36 0 45 0.7 80 0.8 86 1 93 1 
7768 5 0.4 12 0.7 14 0.6 30 0 33 0.9 35 0.4 48 0 63 0.7 79 1 91 0 
8096 15 0.6 50 0.7 71 0.9 74 0.8 
8368 14 1 31 0.9 32 0 54 0 56 0.4 68 0.9 69 1 88 0.3 95 0.9 
8378 18 0.7 33 0.6 61 0.4 77 0 
8626 26 0.7 56 0.8 80 0.5 93 0.6 
8789 13 0.4 16 0 25 0 42 0 44 0 47 0.8 55 0 61 0 97 0.8 
8800 3 0.9 23 0.9 59 0.9 65 0.6 76 0.5 82 0.3 83 0.9 95 0.4 
9281 0 1 1 0.4 13 0.3 36 0 40 0 50 0.8 53 0.4 64 0.9 89 0 
9308 12 0 23 0 36 0.7 45 0 59 0.8 64 0 69 0.9 78 0.8 85 0.3 
9323 14 0.6 68 0 
9349 0 0.8 4 0.9 8 0 17 0.9 25 0.9 31 0.5 33 0.5 37 0.8 52 0 91 0.3 
9448 59 0.6 76 0.7 
9477 77 0 
9607 15 0 
9669 19 0 38 0 68 1 76 0 94 0.3 
9702 11 0 18 0 43 0.8 78 0.5 
