100
1 69 0 
113 9 0 37 0.5 54 1 73 0.6 74 0.6 75 0 
201 0 0.7 20 0 48 0.9 52 0 59 1 61 0.9 81 0.3 
253 97 0.5 
392 0 0 9 0 36 1 44 0 85 1 
399 62 0.6 73 0.9 77 0.5 
449 14 0.6 19 0.9 27 0.4 33 0.9 40 0.5 48 1 53 1 84 0.3 86 0.7 
561 6 0 7 0.9 60 1 65 0.8 77 0 95 0.4 
583 30 0 81 0.3 
891 7 0.4 11 0.6 14 0.7 98 0.7 
914 3 0 29 0.7 34 0.7 62 0.3 64 0 92 0.6 
1088 10 0 37 0.5 45 0 47 0.3 52 0 54 0.4 61 0 65 0.5 69 1 78 0.9 
1176 8 0.7 11 0.4 13 0.8 14 0.4 30 0.7 38 0.7 40 0.6 57 0.5 60 0 79 0.7 
1311 38 0.4 44 0 
1385 33 1 93 0.9 
1596 41 0.4 
1676 10 0.8 38 0.9 46 0.7 47 0.3 48 0.4 87 0.4 98 0.8 
1858 32 0.3 
1874 23 0.6 34 0.6 42 1 47 0 51 0 61 0 62 1 89 0.7 99 0 
1945 17 0.6 42 0.8 55 1 59 0.7 68 1 80 0.5 81 0 95 0 
1991 82 0.3 
2068 7 0.3 29 0.3 65 0 68 0.9 78 0.8 81 1 84 0.8 88 0.9 
2080 20 0.4 78 0.9 
2264 42 1 
2370 22 0.3 43 0.8 
2421 4 0 26 0 69 1 74 1 88 0.8 
2475 26 0.4 43 0.4 50 0 62 0.6 76 0.3 99 0.3 
2564 25 0 32 0.7 66 0.3 81 0.8 85 0.3 86 0.9 89 0.3 94 0 97 0.5 
2665 3 0.4 6 1 39 0 53 0.5 97 0 
2775 2 0.5 21 0.9 22 1 32 0.3 40 0.7 50 0.9 64 0.4 75 0.6 91 0.5 
2844 63 0.3 96 0.4 
2988 84 0.9 
3089 15 0 71 0 91 0.8 
3149 66 0.9 
3172 20 0 24 1 
3238 5 0.8 32 0 46 0.6 94 0 95 0 96 0 
3272 3 0.9 20 1 21 0.4 32 1 37 1 44 0.4 52 0.5 53 0.4 
3397 13 0.5 19 0.8 21 0.8 26 0.5 33 0 36 0.3 52 0.5 62 0.7 68 1 
3507 0 1 14 0.6 16 0 18 0.9 32 0.4 53 0 78 0.6 
3523 4 0.5 7 0.8 28 0 32 0.7 45 0 49 1 59 0 65 0 67 0 79 0.7 
3548 4 0 26 0.9 39 0 59 0.4 96 0.9 
3750 59 0.9 
3804 16 0 22 0.3 42 0 43 0.9 50 0 65 0.9 69 0 84 0.7 96 0.4 
3876 78 0 
3891 22 0.7 27 0.6 46 0.9 49 0.7 63 0.3 
3928 80 0.5 
4000 34 1 51 0 
4022 9 0.7 41 0 63 1 92 0 97 0.3 
4163 93 0 
4205 17 0 26 0.5 44 0 54 0.9 62 0.4 63 0.4 64 0.3 77 0 89 1 90 0 
4303 40 0.9 
4330 0 0.7 18 0.5 39 0.6 66 0.9 77 0 79 0 81 0.8 97 0 
4380 11 0.8 46 0.4 53 0 55 0.6 65 0.9 69 0.7 73 0.3 81 0.7 88 0.8 
4386 2 0 3 0 15 0 65 0.8 75 0.4 83 0.6 84 0 
4424 16 0 18 0 32 0.3 52 0 78 0 80 0.7 91 0 
4431 43 0 72 0.7 73 0.8 78 0.3 85 0 90 0.7 
4556 1 0.8 4 0 67 0.7 69 0.7 
4797 12 0.7 64 0 93 0 
4965 27 0 29 0.3 31 0.4 41 0.5 50 0 52 0.8 60 0 72 0.9 92 0.9 99 0.9 
5135 11 1 12 0.4 18 0 27 0 32 0 70 0.5 90 0.7 
5304 2 0.3 13 1 14 0 52 0.7 65 1 66 0.4 78 0 82 0.4 86 0 94 0 
5337 2 0.8 11 0.4 22 0.3 35 0 46 0.8 59 0 75 0.6 95 0.7 
5356 70 0 87 0 
5502 41 0.4 52 0.7 76 1 77 0.4 83 0 
5534 0 0.6 20 0.8 24 0 31 0.4 42 0 49 0.7 56 0.3 65 1 
5720 37 0 
5985 21 0.3 26 0 31 0.6 51 0.5 56 1 66 0.4 67 0.3 82 0.6 86 1 97 0.6 
6307 52 0.3 
6445 70 0 
6579 12 0.8 20 0.3 30 0.8 38 0 44 1 61 0.7 63 0.8 87 0.8 92 0.3 
6771 19 1 30 0 34 0.5 39 0.6 65 0 80 0.3 96 0 
6901 0 0.8 6 0 8 0.8 12 0.6 50 0.7 56 0.8 57 0.3 78 0.9 88 0 
6984 29 1 71 0 74 1 
7140 17 0 23 0.7 30 0 48 0 53 1 81 0.9 84 0.5 91 1 96 0.4 98 1 
7256 1 0 5 0.8 6 0 61 0.8 64 1 96 0.8 
7269 38 0 43 1 62 0.8 
7425 8 0.8 
7570 4 0.4 23 0 26 0.6 27 0.5 39 0.3 
7757 2 0.8 5 0.3 10 0 25 0 73 1 
7817 6 0.3 16 1 21 0.3 23 0.6 34 0.4 49 1 59 0.8 73 0 84 0.5 86 0 
7963 1 0 23 0.3 27 0 74 0.5 99 0.5 
8044 16 0.6 23 0.4 37 0 38 0 96 0 
8179 7 0.8 57 0.5 82 0 85 1 90 0.5 
8207 3 0.7 8 0 30 0.4 32 0 33 0.6 40 0 41 1 76 0.4 77 0.4 94 0.3 
8488 14 0.3 
8529 8 0 23 0 46 0.4 48 0.8 85 0 88 0 
8586 39 0.7 86 0.3 
8656 6 0.3 27 0.5 35 0 51 0.4 58 0.4 61 0.8 
8695 9 0.8 19 0.8 21 1 26 0.9 38 0.5 53 1 56 0.9 68 0.5 81 0.3 85 1 
8788 2 0 20 0.7 34 0.3 40 0 48 0.8 58 0.4 72 0 83 0.4 
8927 23 0.8 24 0 27 0.6 69 0 79 1 86 0 
9046 11 0.6 14 1 32 0 
9234 7 0.6 28 0 46 0.3 50 0.3 52 0.4 66 1 69 0.5 75 1 85 0.7 
9256 85 0 
9344 81 0 85 0.4 
9385 3 0.7 46 0 64 0.5 71 0 79 0.7 
9541 4 0 28 0.8 44 0.5 45 0.7 57 0 69 0 70 0 80 0.8 84 0.5 
9664 5 0.5 20 0.9 21 0.9 42 1 56 0.4 89 0 93 0 
9736 21 0.3 26 0.7 46 0.6 47 0.9 56 0.9 91 0.5 
9793 1 0 31 1 32 0 43 0.5 54 0 67 0.5 73 0 90 0.6 
