100
223 30 0.9 
292 23 0.7 35 0.5 49 0 60 0.3 70 0.3 80 1 96 0.7 99 1 
321 3 0 5 0.6 18 0.3 22 0 66 0 74 1 
360 37 0 56 0.3 73 0.7 
680 30 0 44 1 51 0.9 53 0.8 57 0.3 72 0.6 
802 0 0.8 8 0.8 45 0.5 54 0.9 74 0 90 0.8 
817 6 0 13 0.5 18 0 23 0.7 24 0.6 35 1 36 0 41 0.7 72 0.6 77 0 
841 5 0 61 0 99 0.5 
872 0 0 3 1 22 0.5 48 0.5 60 0 72 0.5 86 0.6 88 0.9 93 0.7 
929 5 0.7 8 0 30 0.5 43 0 57 0.7 76 0.6 81 0.6 
982 14 0.3 26 0.7 48 0 89 0.9 
1041 9 0.3 44 0.6 68 0 74 0 90 0.3 99 0.7 
1051 70 0.6 84 0.7 91 0.8 94 0.6 
1068 20 0 
1118 13 0 33 0.7 37 0 
1131 64 1 
1344 25 0.6 33 0.9 40 0.5 64 0.3 86 0 96 0.9 
1453 5 0.7 88 0 
1457 7 0.4 44 0.9 45 0.8 54 0.8 56 1 91 0.7 92 0.8 97 0.5 
1583 4 0.7 19 1 35 0.6 37 1 65 1 69 0 80 0 
1588 0 0.8 6 0.3 25 0 28 0.4 32 0 41 0.3 56 0.8 73 0.9 79 0 89 0.3 
1674 26 0 60 0.9 
1682 91 0.9 
1931 6 0 24 0.3 52 0.8 61 0.5 71 0.8 
1967 65 0.6 
1993 17 0.4 39 0.9 53 0 65 0.6 94 0 
1996 0 0.6 16 0.3 35 0.9 58 0.8 60 0.3 69 0.5 82 0.9 90 0.6 
2008 5 0.5 6 0.3 15 0.7 46 0.3 47 0.5 52 0.4 
2073 49 0.5 85 0 95 0 
2140 2 0 23 0 26 0 33 0.5 34 0.3 55 0.6 61 0.5 90 0 99 0.4 
2173 28 0 36 0 71 0 98 0.5 
2276 24 0.5 30 0 37 0.4 48 0 60 0.9 67 0.8 82 0.9 93 0.9 
2407 4 0.6 29 0 55 0.8 
2467 48 1 
2609 26 0.4 41 0.7 43 0.7 57 1 78 0 
2652 8 0.7 11 0.8 30 0.4 37 0.5 49 0 80 0 
2805 2 0.7 6 0.7 46 0.9 51 0.7 53 0.9 82 0.8 93 0.8 97 0 
2934 8 0.8 29 0.5 32 0.5 46 0.6 51 0.6 72 0.7 
3201 16 0.6 19 0.3 26 0.3 27 0.9 29 1 38 0.7 71 0 81 0 95 0.6 
3271 2 0 31 0.4 32 1 35 0.8 56 0.6 61 0 62 0.7 77 0 81 0.6 
3455 22 0 37 0.5 38 1 45 0.4 59 0 62 0.4 
3489 24 0.4 32 0 72 0.3 85 0 93 0 
3562 3 0.7 16 0 20 0.6 36 0.4 42 1 67 0.8 73 1 86 0.7 92 0 
3568 21 0.6 38 0 77 0 90 0 93 0.3 
3595 39 0.3 63 0.7 71 0.8 
3631 80 0 
3673 17 0.7 20 0 28 0.4 43 0 49 0 53 0.4 64 0.6 74 0.4 83 0.7 85 1 
3702 73 0.7 86 0.7 93 0.4 
3780 12 0.7 32 1 36 0.5 65 0 72 0.5 87 0.4 
3788 23 0.3 39 0.7 53 0.3 95 0.9 
3811 17 0.3 61 0.8 67 0.5 87 0.3 
3911 6 0 8 0.7 12 0.9 18 0 36 0.4 37 0 46 0.8 73 0 
3980 4 0.3 21 0.4 28 0.7 36 0.5 40 0.9 49 0.6 52 0 67 1 87 0 
4451 1 0.3 6 0 19 0.9 28 0.5 
4611 2 1 18 0.6 35 0.5 87 1 95 0.6 
4674 25 0.4 30 0.3 33 0.3 37 0.9 51 0.3 59 0 70 0 85 0.8 
4701 2 0.3 48 0 
4711 4 0 8 0 13 0 
4841 15 0 23 0 36 0.9 51 0.7 64 1 65 0.8 66 0.9 70 0.4 82 1 99 0.3 
5140 27 0 42 0.4 45 0 52 1 
5182 12 0.9 18 0.6 24 0.5 32 0.9 88 0.5 95 0.6 
5271 29 1 41 0.3 82 0 
5509 4 0.4 5 0.7 16 0.5 30 0 46 0.9 52 0.5 61 0.3 70 0.3 79 0 88 0.6 
5733 4 1 20 0.7 24 0.3 54 0.9 93 0.9 97 0.8 
5811 5 0.8 19 0.7 36 0 59 1 60 0 64 0.8 89 0.8 95 0.4 
5951 6 0.4 9 1 20 0.7 21 0 48 1 54 1 68 0 73 0.5 86 0.7 93 0 
5968 3 0 
6295 8 0.3 21 1 25 0.3 40 0 61 0.3 71 0.3 98 0.4 
6391 27 0.5 40 0.4 62 0 63 0.8 
6397 4 0.4 59 0 90 0.3 
6406 39 0.8 55 0.4 90 0 
6437 1 0.7 2 0.7 10 0.6 32 0.9 34 0.4 43 0.9 52 0.6 63 0.8 86 0.4 92 0.5 
6460 0 0.5 8 0.8 37 0.3 78 0 
6502 2 0.8 7 0.5 32 0.8 33 0.9 42 0 47 1 69 0.9 73 0.7 75 1 99 0.3 
6628 12 0.4 41 0.4 49 0.3 90 0.7 92 0 
6653 25 0.9 77 0 80 0.9 
6957 27 0 36 0 47 0.4 72 1 75 1 80 0.7 82 0.5 
7033 23 0 24 0.6 34 0 41 0 71 0 83 0.9 
7094 3 0.7 5 1 15 0.6 40 0 41 0 43 0 54 0.9 67 0 80 0.9 86 0.8 
7189 3 0 16 0 21 0.7 30 0.6 59 0.3 97 0 
7306 24 0 31 0.4 37 1 54 0 66 1 68 0.6 81 1 87 0.9 
7616 12 0.7 30 0 31 0.3 32 0.8 37 0.3 57 0.9 62 0.5 96 0.8 
7624 15 0.5 16 1 32 0.4 48 1 64 1 65 0 70 0 71 0.5 84 0.7 
7720 10 0 11 0.5 14 0.8 20 0.3 41 0 46 0.7 51 1 58 0 75 0.8 98 0.6 
8038 9 0 22 0 40 0 47 0.9 49 0 52 0 67 0.4 76 0.8 79 1 86 0 
8039 78 0.4 79 0 81 0 91 0.6 98 0.7 
8146 13 0.3 35 0.3 38 0 40 1 48 0.4 61 0.4 86 0.3 
8400 41 0.8 
8597 6 0 30 0 43 0.9 59 1 60 0 
8630 4 0.3 28 0.9 30 0 40 0 41 0.7 44 0.8 67 0.6 69 0 74 0.7 89 0 
8826 5 0 14 0.9 22 1 34 0 43 0 44 0.5 52 0.7 55 0.7 67 0.8 
8910 42 0.4 56 0.4 75 1 99 0.8 
8962 39 0 45 0.7 74 0 97 0.7 
9139 6 0 14 0.9 22 0.7 49 0.9 52 0.3 60 0.6 62 0.3 67 0 90 0.5 92 0.3 
9141 21 0 34 0.6 37 0 
9280 17 0 35 0.5 58 0 75 0.8 95 0.4 
9471 46 0.5 56 1 69 0.8 86 1 
9608 43 0.5 89 1 
9819 0 0 2 0.9 6 0 26 1 37 0 55 0 68 0 95 0 
9945 6 0.3 22 0 26 1 43 0.8 75 0.9 
