100
22 24 0 41 0.5 55 0.9 64 0 66 0.3 
68 60 0.7 86 0.6 95 0.4 
278 40 1 68 0.3 
439 24 1 61 0.9 65 1 
527 36 0 50 0.7 65 0 80 1 
583 30 0.8 81 0.7 
592 1 0 5 0.8 19 0.5 21 0.8 68 0.5 88 0 90 0.5 
594 17 0 31 0.3 47 0.4 58 1 74 1 75 0 88 0 
620 36 0.5 
722 0 0.9 5 0.9 6 0.7 7 0.3 28 0.9 31 1 34 0 53 0.7 54 0.8 
729 28 0 40 0 45 0.4 
794 12 0.4 
860 24 0.4 54 0.4 75 0.5 
891 7 0 11 0 14 0.3 98 0.4 
908 26 0.5 46 0.4 68 0.3 
1027 0 0.8 6 0.4 
1093 25 0 35 0 
1116 3 0.5 16 0.8 22 0.6 41 0.9 71 1 88 0 
1170 0 0.5 19 0.8 45 0.8 60 0.9 79 0.3 80 0 84 1 89 0.5 97 0.5 
1222 10 0.6 13 0.7 15 0.4 
1313 3 0.9 6 0 57 0.9 60 0.4 71 0.6 72 0.4 80 1 90 0 99 0.9 
1437 27 0 28 1 41 0.9 48 0.7 67 0.3 98 0.4 
1440 6 0.7 58 1 84 0 
1528 3 0 24 0 47 1 50 0.3 51 0.5 55 1 73 0.7 85 0.9 
1530 13 0.8 21 0 38 0 40 0.3 49 0.3 55 1 82 0 84 0.8 89 0 95 0 
1676 10 0.4 38 0.5 46 0.8 47 0.3 48 0.7 87 0 98 0.7 
1712 1 0.7 7 0.9 13 0.8 15 0.4 16 0 29 0.5 55 0 83 0.3 89 0.7 
1800 98 1 
1834 59 0 62 1 
1842 9 0.6 10 1 37 0.4 51 0.6 55 0.7 58 0.5 67 0.6 72 0 94 0 98 0 
1964 32 0.3 33 0 39 0 70 1 75 0.3 81 1 84 0.7 
2041 3 0.9 23 1 32 0.7 63 0 70 0.5 
2313 14 0 44 0.8 50 0 56 0 57 0.3 61 0.6 63 0.6 84 0.6 92 0.6 97 0.3 
2392 11 0 20 0.7 
2399 16 0 
2425 68 0.8 93 0.6 
2604 58 0.9 66 0.8 97 0.9 
2629 11 0 27 0.5 46 0.4 75 0.7 85 0.9 89 1 97 0 
2726 19 0.9 46 0.8 57 0 82 0.6 
2734 15 0.4 17 0 19 0.4 51 0.3 52 0.7 70 0.5 84 0.4 
2752 14 0.6 33 1 40 0.8 61 0.9 63 0.7 66 0.6 
3003 2 0.9 
3125 39 0.6 51 0.9 56 0 59 0.8 61 0.6 64 0.4 70 0.3 78 0 90 0.9 
3320 26 0.9 
3328 12 0.3 23 0.6 24 0.8 42 0.6 54 0 61 0 78 0 89 0.5 
3527 18 0 
3533 5 0.8 33 0.9 90 0.3 95 0.3 
3709 5 0.3 16 0.5 40 0.6 54 0.9 55 0.6 71 0.9 90 0 
3792 18 0.8 24 0 79 0.7 
3842 4 0 18 0 26 0.5 
3890 30 0.4 41 0.4 72 0.9 
4043 31 0.9 74 0 94 0.8 
4060 70 0.5 84 0.6 
4380 11 0.4 46 0.5 53 1 55 0 65 0.3 69 0.9 73 0.8 81 0.3 88 0.4 
4461 0 1 5 0.5 25 0.6 85 0.9 87 0.8 91 0.3 
4671 13 0 32 0 42 0.5 48 0.6 58 0 66 0.9 
4734 30 0.3 40 0.3 49 0.5 64 0.9 67 0.8 93 0.9 
4817 45 0.4 
4853 25 0.4 51 0.4 90 0.3 
4970 9 0.7 13 0.5 22 0 23 0.8 25 0.6 31 0.6 53 0.8 90 0.7 
5108 8 0.6 49 0 65 0 69 1 70 0 71 0 89 0 94 0.6 96 0.5 
5134 5 0.5 10 1 14 0.7 31 0.8 49 0 63 0.7 74 0.4 83 1 88 0.7 94 1 
5200 6 0.5 17 1 27 0 29 0 32 0.3 48 0.5 49 0.9 72 1 87 0 98 0.8 
5204 33 0.9 44 0.5 51 0.6 55 0.9 67 0 75 0 90 0.3 96 0.4 98 1 
5219 30 0.6 38 0 77 0.9 78 0.9 
5486 13 0.6 20 0.3 41 1 71 0 92 0.4 
5594 6 0.7 10 0.8 38 0.8 44 0 46 0.9 
6063 9 0 17 0 30 0.4 45 0 68 0.5 69 0.5 82 0 99 0.5 
6064 8 0 9 0 34 0.8 77 0 79 0.7 
6120 3 0 5 0 46 0 53 0 56 0.9 68 0.5 74 0.8 91 0 93 0.5 
6377 26 0.7 73 0.9 
6395 6 0 17 0.3 28 0.5 31 1 36 1 38 0 49 0 68 0.7 80 0 81 0 
6430 26 0.5 45 0.7 64 0.3 
6637 6 0.7 29 0.7 34 1 40 1 55 0 72 0.4 84 0.8 
6918 2 0 20 0 26 0.7 36 0.6 47 0.4 56 0 60 0.4 
6982 21 0.7 35 0.8 42 0 46 0 47 0.6 56 0 72 0.8 76 0.7 86 1 90 0.3 
7011 58 0.5 
7060 3 0 16 0.9 37 0.5 49 0.7 68 0.4 80 0.6 
7235 24 0.5 29 0.3 60 0.7 70 0.6 
7252 7 0.9 35 0.5 44 0.4 46 0 53 0 78 0 87 0.6 94 0.8 
7303 29 0 
7339 26 0 43 0.9 
7350 64 0.8 
7637 30 0.3 
7723 12 0.6 19 0.6 31 0 32 0.4 40 0.5 41 0.4 72 0 73 0.9 
7920 9 0 31 1 35 0.8 57 0.5 62 0.8 
7969 87 0.4 
8088 14 0.5 28 0.5 77 1 
8181 29 1 38 0.3 73 1 86 0 
8327 7 0 39 1 
8395 1 0.8 26 1 28 0 35 0.9 37 0.4 73 0.4 93 0 97 0.6 
8699 13 1 15 0.5 22 0.3 25 0.7 69 0.3 73 0.3 89 0.7 91 1 
8720 5 0.4 46 0.5 74 0 86 0.9 89 0.5 
8771 32 0.6 
8878 4 0 5 0.6 25 0.9 36 0.7 42 0.3 43 0.9 80 0.7 82 0.5 89 0.9 90 0.9 
8969 8 0.6 28 0.6 42 0 49 0.4 65 0.5 77 0.6 81 1 86 0.7 95 0.7 
9015 4 0.7 15 0.3 17 0.7 78 1 
9183 3 0.6 7 0.3 32 0.5 34 0.8 37 0.6 54 0 72 0.4 73 0.6 89 0.9 99 0 
9727 1 0 42 1 55 0 65 0 74 0.8 80 0 82 0 99 0.4 
9987 40 0.4 
