100
139 0 0.9 10 0.4 28 0.9 30 0.9 45 0.8 47 0 58 0 69 0 92 0 
169 10 0.7 54 0.9 69 0.6 
378 74 0.7 85 0 88 0.4 90 1 
409 8 1 10 0.9 45 0.3 62 0.9 72 0.3 81 0.6 
620 36 1 
671 0 0.9 7 0.8 22 0 23 0 25 0.8 78 0 86 1 
687 36 0 61 0.4 62 1 94 0.4 
1196 34 0 36 0.6 38 0.4 39 0 85 1 90 1 98 0.8 
1202 2 1 9 1 15 0.7 18 0.8 34 0 75 0.8 76 1 77 0.7 93 1 
1442 0 0.9 3 0.9 19 0 25 0.5 27 1 28 0.7 39 0.7 52 0 74 0 
1644 50 0.9 83 0.6 
1682 91 0 
1694 9 0.6 17 0.4 24 0 26 0.6 56 0.6 63 0.4 67 0.7 75 0 90 0.6 
1760 71 1 98 0 
1784 53 0 93 1 95 0 
1886 71 0.7 83 0.3 
1891 11 0.7 20 0 26 0 74 0 
1930 2 0.5 3 0.9 43 1 49 1 53 0.4 57 0.6 74 0 89 0 98 0 
1932 67 0.9 
2046 37 0.6 54 0 60 0 69 0 
2077 0 0.5 6 0.5 14 0.5 18 0 32 0.6 64 0 83 0.7 
2234 8 0.6 19 0.9 30 0 32 0.6 33 0.9 41 0.7 75 0.3 84 0 
2449 11 0.9 16 0.8 33 0.8 44 0.8 56 0 81 0.9 82 0 97 0.4 
2455 3 0.8 24 0.8 59 0.7 60 0.9 62 0.5 71 0.8 75 0.5 80 0.6 83 0.7 
2539 12 1 13 0 19 0 22 1 93 0.4 97 0.5 
2671 2 1 14 0.7 16 0.8 31 0.9 36 0.6 59 0.4 82 0 
2738 3 0.9 39 0.5 46 0.6 71 0.9 81 0 
2760 59 1 
2815 13 0 17 0 69 0.9 98 0 
2827 12 0.6 13 0 36 0 43 0.6 47 0 48 0 70 0 71 0 86 0.4 87 0.6 
2912 24 0.9 28 0 75 0.6 
3028 73 0.4 85 1 
3167 7 1 50 0 67 0 71 0.4 72 0.3 89 0.5 92 0.6 
3475 7 0 50 0.4 52 0.8 63 0.6 69 0 79 0 
3693 21 0.9 30 0.3 62 0.8 63 0.6 73 1 95 0 99 0 
3710 3 0.4 24 0.7 32 0.8 45 0.5 54 0.6 63 0.6 65 1 86 0.4 93 0.8 
3807 15 0.4 
3808 45 0 72 0.9 85 0 
3963 33 0 47 0.8 56 0 
3972 5 0 26 0.6 48 0.6 74 0 87 0.6 90 0.9 
3986 9 0.9 23 0 26 0.7 78 1 84 0.9 
4422 1 0 16 0.5 38 0 40 0.6 46 0 64 0.4 69 0.5 84 0.9 90 1 99 0.5 
4609 45 0 
4661 0 0 4 0 16 0.4 24 0.7 41 0 75 0.5 78 0.4 83 0 
4710 1 0.9 6 0.5 26 0 48 0.3 
4740 3 0.8 9 0.9 16 0.6 22 0 40 0 41 0.9 50 0 61 0.4 73 0 81 1 
4960 1 0.4 8 0.3 19 0.5 24 0 34 0 69 0 76 0.5 96 0.9 
5018 3 0.3 42 0.4 
5128 35 0.8 55 0.6 63 1 73 0 76 0.8 86 0.7 97 0 
5156 3 0 27 0.5 34 0.8 36 0.5 38 0.9 40 1 61 0.5 75 0.9 
5536 17 0.8 23 0.3 30 0.8 43 0 88 0.3 
5579 13 1 21 0 49 0.9 51 0.7 64 0.5 65 0.3 
5764 3 0.8 7 1 
5777 5 1 10 1 14 0.3 47 0 50 0 52 0.8 62 0.4 86 0.8 88 0 
5804 28 0 31 0 41 0 68 0 84 0.7 
6011 27 0.9 28 0 39 1 40 0.3 47 0.6 49 0.4 63 0 70 1 87 0.7 
6251 11 0 47 0 60 0 
6293 15 0.3 41 0.9 43 0 52 0.8 68 0.5 96 0.5 
6295 8 0.8 21 0.6 25 0.8 40 0.7 61 0.3 71 0.7 98 0.3 
6350 1 0.9 8 0.5 22 0.9 35 0.9 38 0.8 57 0 67 0.6 77 0 80 0.3 84 0.8 
6474 5 0 6 0.9 31 0 39 0.4 40 0.7 46 0.8 
6561 13 0.9 48 0.4 54 1 81 0.6 87 0 94 0.3 
6735 23 0 33 0.5 48 0 54 0.4 57 0 59 0.7 85 0.8 88 0.6 
6759 53 0.7 82 0.5 83 0 94 0.3 95 0.3 
6843 4 0.3 7 0.8 13 1 60 1 71 0.4 84 0.9 
6956 29 0.3 45 0.8 47 0.5 85 0 90 0.4 
6959 5 0.4 17 1 63 0 93 0.7 
7044 3 0.7 4 0 12 0.6 14 0.6 15 0.5 22 0.4 26 0.5 39 0.4 75 0.5 78 0.8 
7051 12 0.7 27 0 75 0 91 0 
7151 2 0.3 5 0.3 19 0 65 0.8 72 0.8 91 0 93 0.5 
7204 33 0.6 36 1 49 1 76 0.3 
7294 42 0.4 63 0.9 88 0 
7319 7 0.6 10 1 19 0 21 0 41 1 64 0.3 76 0 99 0 
7332 14 0.3 28 1 60 0.7 67 0.5 72 0.6 95 0.7 
7520 9 0 15 0.5 25 0 44 0.7 88 1 89 0.6 
7781 34 0.8 
8092 16 0.4 17 0.7 39 0.8 84 0 86 0.6 95 0.3 
8173 6 0.8 16 0.9 24 0 26 0.3 33 0.8 43 0 48 0 53 0.9 58 0.9 96 0 
8266 2 0 21 0.3 55 0.7 71 0 78 0 81 0 
8320 19 0.4 91 0.5 
8342 18 0 24 0 37 1 39 0.3 59 0 76 0 81 0.4 
8438 14 0.5 53 0.5 81 1 82 0 97 0 
8587 1 0.7 35 0.8 39 0 41 0.3 50 0 67 0.7 84 0.8 86 0.3 92 0.8 
8804 18 0.7 25 0 38 0 94 0 
8919 34 0.6 58 0.4 86 0.4 
9130 30 0.8 70 0.9 72 0 
9187 26 0.6 29 0.3 93 0.3 96 0.6 
9230 23 1 57 0.4 88 0 
9245 3 0.9 23 0 24 0.9 98 0.3 
9347 0 0.3 24 0.8 33 0.4 42 0 60 0.4 71 0 82 0.8 92 1 96 0.4 99 0 
9413 6 1 35 0.6 53 0 96 1 
9616 3 0.8 9 0.3 12 0.4 14 0.4 19 0.4 41 0.5 85 0.4 96 0.5 
9623 15 0.6 42 0 
9640 1 0.6 59 0.5 65 0 97 1 
9703 14 0.6 
9736 21 0.5 26 0 46 0 47 0 56 0.6 91 1 
9916 13 0 29 0 42 0 52 0 70 0.4 83 0 84 0.3 86 0.8 99 0.8 
9974 22 0.3 40 1 52 0.9 72 0.7 73 0 98 0 99 0.3 
9976 2 0 9 0.6 30 1 31 0 36 0.6 37 0 57 0.6 58 0.5 60 0.7 76 0.8 
9993 9 0.8 15 0.5 18 0.6 27 0 34 0.3 37 0.6 59 0.4 70 0 99 0.9 
