100
439 24 0.7 61 1 65 0 
445 5 0.8 32 0.5 45 0 63 0.9 74 0.9 76 0.4 97 0 
544 2 0.4 13 0.9 26 0 44 0.4 53 0.4 57 0 60 0 69 0.4 82 0.8 
579 28 0.9 68 0 95 0.9 
584 0 0 5 0.3 15 0.9 49 0.9 93 0.8 
788 38 0.6 52 1 75 0 
800 24 0 25 0 35 0.3 62 0 69 0 92 0.3 
806 0 0.6 1 0.7 7 0.6 36 0.4 53 0.9 70 0.9 75 0.7 82 0.4 86 0.8 
821 8 0 12 1 51 0.8 87 0.4 
825 54 0.9 80 0.7 97 0.4 
848 40 0.5 62 1 68 0.8 70 0 74 0.9 76 0.4 79 0.5 93 0.5 95 0.4 
918 13 0.3 18 0 19 0.7 28 1 41 0 76 0.8 98 0.5 
1027 0 0.7 6 0.8 
1164 5 0.9 18 1 20 0 24 0.6 27 0 29 0.9 35 0.6 41 0.6 72 0.5 
1306 23 1 33 0.7 48 0.4 55 1 57 0.8 74 0.8 81 1 94 0.9 
1460 15 1 23 0 63 0.8 64 0 65 0 77 0 79 0.6 86 0 90 0.8 
1799 81 0.3 
1838 34 0.5 
1966 9 0 85 0.3 
1986 18 0.4 29 0.7 31 1 34 0.6 60 0.6 70 0.6 73 0.7 95 0.6 
2189 5 0 21 0 37 0.4 57 0.7 59 0.4 61 0.5 67 0.3 73 0.9 75 0.6 99 0.3 
2233 8 0.8 42 0.9 48 0.9 58 1 61 0.4 75 0.4 94 0.3 
2280 88 1 
2296 0 0.4 8 0.6 13 0.6 30 0.5 47 1 83 1 
2308 2 0 4 0.6 10 0 13 0.5 
2357 24 1 56 0.7 59 1 68 0.7 
2457 9 0.5 44 1 87 0 
2500 30 0 67 1 
2515 19 1 45 0.6 57 0 80 0.8 
2522 22 0 48 0.8 
2526 1 0.6 6 0 28 0.7 34 0.8 38 0 43 0 58 0.9 90 0.3 
2554 0 1 41 0 57 0.3 85 0.7 
2593 21 1 53 0 67 0.6 
2598 2 0.6 40 1 47 0 59 0.5 76 0 
2694 6 0.9 46 0 73 0.4 82 0 
2697 2 0.9 7 0 21 0 48 0.8 83 0 91 0.6 94 0.3 97 0 
2975 16 0.6 17 0.5 39 0 50 0 62 0.6 66 0.8 79 0.5 98 0.8 
3063 31 0.4 76 0.9 
3452 25 0.5 
3502 8 0.6 10 0.7 16 0.6 17 0.7 47 1 58 0.6 82 0.9 86 0.4 92 0.3 
3599 11 1 30 0.5 42 0.9 54 0.8 56 0.5 60 0.5 77 0.8 
3776 25 0 
3998 47 0.7 51 0.6 52 0 64 0.8 65 0 69 0.5 71 0.7 75 0 86 0 87 0.4 
4083 19 0 58 1 63 0 78 0.9 
4084 85 0 89 0 94 0 
4213 4 0.6 27 0 36 0.8 53 0.4 58 0.4 93 0 
4522 51 0.3 54 1 86 0.9 91 0 
4569 94 0 
4596 1 0.9 8 0.4 18 0 29 0.6 57 0.3 64 0.6 
4753 6 0.8 8 1 57 0 
4952 39 0.9 56 0.3 63 0.9 75 0.4 84 0 
5227 91 0.6 
5310 10 0 27 0.6 29 0.8 82 1 85 0.8 
5359 8 0.5 14 0.8 21 0.7 25 0.7 29 0.3 38 0 98 0 
5360 4 0.9 15 1 23 0.6 28 0.8 31 0 40 0 48 0.7 60 0 71 0.8 99 0.5 
5393 13 0.9 31 0.9 41 0.3 53 0.5 64 0.3 88 0.7 
5439 31 0.5 41 0 90 0 
5507 4 0.5 9 0.5 37 1 41 0 53 0.6 69 0 78 0.8 79 1 94 0.7 
5630 2 0.4 24 0.8 27 0.5 56 0.7 76 1 84 0.7 95 0.9 
5671 12 0.4 40 0 50 0.8 57 0.9 93 1 
5752 4 0.6 18 0.6 19 0 36 0.6 46 0.9 48 0.4 71 0.5 72 0.7 75 1 81 0.7 
5853 25 0 63 0.7 92 0.8 
5858 46 0.9 49 0.4 71 0.6 85 0.4 
5995 4 0.7 16 0.4 24 1 33 0.8 34 0.9 37 0.3 49 0.4 63 0 67 0.5 70 0.5 
6108 56 0.7 73 0.3 75 0 
6155 1 0 39 0 68 1 77 0 94 0 
6161 33 0 51 0.4 54 1 68 0.8 69 0.7 74 0.8 75 0 77 0.5 80 0.3 94 0 
6266 6 0.4 24 0 33 1 53 0 66 0.7 72 0.9 80 0 83 0.7 
6377 26 0.7 73 0.3 
6557 16 0.7 
6628 12 0 41 0.7 49 0.6 90 0 92 0 
6671 25 1 74 0 
6834 5 0.7 10 1 23 0 
6837 8 0.3 35 1 58 0.9 74 1 
6979 18 0.6 21 0.6 59 1 63 1 96 1 
7335 9 0.3 25 0.6 56 0.7 85 0.9 
7373 12 1 
7419 10 0.4 13 1 62 0 77 0.9 80 0.3 81 0 
7509 2 0.6 12 1 39 0 43 0 78 0.4 
7608 18 0.3 46 0 58 0.6 88 0.3 
7804 1 0.6 11 0.7 28 0.4 38 0 54 0.3 75 0.4 82 0.9 92 0 
7924 21 0.8 30 0 33 1 
8219 11 0 
8288 12 0.9 
8304 13 0.7 
8827 20 0 21 0 24 0.5 36 0.8 49 0.7 59 0.7 65 0.3 
8839 30 0.6 37 0 
8867 0 0 50 0.3 72 0.3 91 1 
8907 50 0.8 81 0.7 
8920 8 0 41 0.6 65 1 67 0.7 74 0.7 90 0 91 0.7 95 0 96 0 
9078 3 0 6 1 19 0 21 0.7 35 0 43 0.4 53 0.7 71 0 76 0.9 77 0.4 
9190 92 0.9 
9331 5 0.9 10 0 13 0.9 22 0.6 30 0.9 32 0 77 1 
9423 54 0.4 55 0.4 94 0 
9502 22 0.9 50 0.8 56 0 62 0 65 0.7 71 0.6 77 0.9 82 0.3 97 0 99 0.8 
9526 17 0 29 0.8 31 0.3 83 0.8 87 0.3 95 0.4 98 0.5 
9808 67 1 83 0.9 
9823 22 0 28 0.6 64 1 
9837 27 0 
9997 12 0.7 17 0.9 34 0.6 53 0.4 54 1 97 0.9 
