100
97 5 0.9 9 1 13 0.8 16 0.5 54 0.4 62 0.5 
104 6 0.7 10 0 47 0.3 51 0.4 92 0.8 
113 9 0 37 0 54 1 73 0.4 74 0 75 0.7 
295 12 0.9 41 0 48 0.3 
534 44 0 
626 44 0 52 0.9 84 0.8 95 0.9 
638 6 0 27 0.5 52 0.4 54 0.7 81 0.5 84 0.7 
690 2 0.3 17 0.8 23 0 24 0.9 83 0.8 96 0.3 
693 59 0.7 
783 44 0.3 47 0.3 
980 0 1 20 0.3 57 0.6 58 0 69 0 78 0.5 94 0 98 0.8 
984 1 0 4 0 32 0.5 33 0.6 37 0.9 85 0.7 95 0.5 
997 12 0 14 0.6 
1082 29 0.8 33 0.4 55 0.9 89 0.9 
1181 3 0.7 77 0.9 
1265 0 0.8 6 1 13 0 31 0.6 40 0 46 0.6 85 0.7 97 0.9 
1305 80 0 87 0.8 
1598 56 1 82 0 
1788 6 0.5 21 0.8 23 0 34 0.6 52 0.3 73 1 76 0.8 77 0.7 83 0.8 
1860 11 1 12 0 13 1 19 0.9 21 0.4 57 0.3 74 0.7 95 0.6 
1869 2 1 13 1 16 1 17 1 25 1 26 0.6 27 1 49 1 70 0.8 91 0.8 
2077 0 1 6 0 14 0 18 0.3 32 0.8 64 0.9 83 0 
2157 4 0.9 5 0 31 0.5 32 0.5 36 0.7 45 0 49 0.3 51 0.4 70 0.7 86 0 
2193 22 0.8 83 1 
2223 28 0.5 29 0.6 34 0 50 0 53 0.9 68 0 95 1 98 0.4 
2359 5 0 46 0.6 85 0 88 0.5 96 0.5 
2414 53 0 
2607 8 1 15 1 18 0 44 0.7 52 0 61 0.4 89 0.9 97 0.8 
2623 4 0.7 29 0 
2628 3 0.5 5 1 34 0 46 0.9 65 0.8 77 0.7 86 0.9 87 0.9 99 0.9 
2669 2 0.9 8 0.5 28 1 30 0.8 49 0.6 59 0.6 85 0.4 92 0 96 1 
2902 1 0 17 0 18 0 24 0.9 27 0 50 0 57 0.3 79 0 
2990 36 0 99 0 
3061 32 0.9 48 0 56 0 60 0 87 0 91 0.6 94 0 
3390 22 0 27 1 33 0 44 0.4 81 0 90 0 
3444 36 0.8 40 0.9 55 0 73 0.4 77 0.9 80 0.5 96 0.3 
3630 80 0.6 91 0.8 
3863 25 0.4 45 1 
3905 1 0.9 24 0 33 0 77 0.7 83 0.5 94 0.5 
3945 1 0.4 11 0.4 26 0.9 43 0.4 58 0.4 71 0.8 74 0.4 82 0.3 90 0.5 
4555 11 1 46 0 54 0.5 64 0.7 66 0.4 68 0.5 74 0.3 94 0.7 
4605 8 0.7 44 1 53 0.5 66 0.6 73 0 79 0.4 
4623 26 0.8 27 0 38 0.8 48 0 54 0 70 0 71 0.7 89 0.7 
4878 2 0.5 3 0 7 0.5 23 0.9 33 0.4 34 0.6 50 0.6 58 0 78 1 97 0.8 
4974 2 0.3 7 0 12 0.7 19 0.7 22 0 29 0.9 47 0 84 0 
5032 0 0 6 0.9 75 1 89 0.3 
5134 5 0.3 10 0.6 14 0.8 31 0.8 49 0.9 63 0 74 0.4 83 0.6 88 0 94 0 
5563 61 0.4 70 0.3 
5582 3 0.8 16 0.6 37 0.3 43 0.7 50 0.7 68 0.5 69 0.9 71 0.5 75 0.9 
5591 18 0.6 30 0.8 39 0.9 46 0.6 53 0.3 74 0.3 83 0.8 94 0 
5923 23 0.5 24 0 35 0 38 0 74 1 97 0.5 
6171 16 0 21 0.8 27 1 30 0.3 44 0 54 0.8 72 0 84 0.3 88 0.8 
6189 6 0.5 21 0 28 0.4 37 1 81 0.5 90 0.9 
6273 6 1 14 0.4 20 0.9 35 0 54 0.8 64 0.7 76 0 
6527 13 0.4 24 0.6 57 1 58 0 67 0 72 0.4 78 0 87 0.6 
6627 8 0.7 11 0.4 28 0.3 32 0 42 0 61 0.9 62 0 67 1 75 1 90 0.6 
6689 5 0.6 13 0.9 15 0.9 29 0 63 1 71 0.5 87 0.4 88 0.8 91 0.8 
6896 46 0.7 
7036 14 0.7 97 0 
7041 4 0.3 7 0.6 9 0.5 32 0 38 0.4 45 0.3 53 0 83 0 88 0 
7070 4 0.5 13 0.4 15 0 17 0.3 27 0.5 41 0.5 84 0.5 
7089 3 0 8 0.8 44 0.3 49 0.4 75 0 98 0.5 
7120 8 1 40 0.8 45 0.3 62 0 93 0 
7156 18 0.5 38 0.9 55 0 91 0.5 
7199 6 0.9 11 0 24 0 27 0 30 0 38 0 40 0.7 67 0.8 68 0.9 99 0.4 
7315 39 0.8 51 0 64 0 67 0.6 76 0 
7366 30 0.4 50 0.4 55 0.4 64 0.9 
7463 32 0.7 38 0.5 
7498 6 0 35 0.4 36 1 60 1 78 0 79 0 89 0.3 
7543 79 0.9 
7622 45 0 
7730 4 0.9 8 0.7 41 0.6 
7760 14 0.4 25 0 40 0.3 43 0 64 0.3 81 0.3 88 0 90 0 94 0.8 
7764 16 0.6 17 0.7 41 0.4 45 0.8 53 0.9 91 0.7 
7766 21 0 60 0.8 61 0.9 71 0.9 86 0 
8162 30 0.3 68 0 
8293 19 0.7 29 0 40 0.6 61 1 
8305 24 0.7 89 0 
8367 0 0.3 10 0 15 0.3 55 0.8 56 0.6 88 0.8 90 0.5 
8430 5 0.9 10 0.5 25 0.8 68 0.7 82 0.5 92 0.3 97 0.9 98 0.8 
8435 37 0.8 75 0.8 
8550 7 0 17 0.7 23 0 36 0.5 55 0.3 60 0 73 0.5 74 0.7 92 1 
8645 64 0.7 
8665 6 0 36 1 59 0 60 0.5 
8687 6 0.5 50 0 58 0.6 71 0.4 90 0 
8712 41 0 50 0.6 84 0 
8735 24 0.5 36 0 46 0 50 0.3 57 0.8 64 0 73 0.3 
8761 10 0 49 0.4 62 0.5 
8775 0 0.4 6 0 11 0.5 16 0.3 18 0.6 47 0 62 0.8 91 0.3 92 0.3 
8791 3 0.8 4 0.7 21 0.9 60 0.6 66 0.7 73 0 78 0.3 85 0.8 87 0 96 0 
8846 10 0.4 50 0.6 75 0 
8856 1 1 4 0 21 0 23 0 25 1 56 0 62 0.4 67 0.7 68 0 84 0.3 
8996 19 0.6 21 0.5 22 0.3 25 1 26 0.8 50 0.3 56 0 68 1 93 0.3 
9008 16 0.5 52 0.7 97 0.3 
9392 23 0.5 56 0 65 0.6 76 0.9 83 0.4 
9591 17 0 18 0.8 31 1 39 0.3 50 0.8 62 0.4 83 0.5 87 0.6 98 0.7 
9638 31 0.6 43 0.6 78 0.9 82 0.8 83 0 
9879 1 0.8 21 1 62 0.4 66 1 71 0.5 72 1 75 0 76 0 
9955 8 0 
9960 10 0.9 11 0.3 24 0 26 0 46 0.4 49 0.9 51 0 60 0.4 67 0 
