100
204 82 0.3 96 0.3 
216 4 0.8 8 0.7 35 0.4 37 0.6 
219 18 0.4 38 0.9 
270 71 0.8 
434 16 0.7 19 0.6 26 0.9 53 0.3 70 0.8 71 0.6 74 0.5 87 0.5 94 0.6 
455 0 0 6 0.7 41 0.6 53 0 73 0 79 0.3 80 0 
501 28 0.4 
646 5 0 21 0.7 39 0.4 60 0.6 68 1 72 0.5 79 0.4 80 0.8 82 0.7 97 0.5 
661 3 0.6 42 0.4 43 1 
712 16 0.8 19 1 45 0 66 0.3 75 0.3 77 0.4 94 0.6 
791 3 0.8 8 0.8 66 0 86 0.5 88 0.6 
850 1 0.6 
982 14 0.3 26 0.3 48 0.4 89 0.9 
986 5 0.8 14 0.7 27 0.4 37 0.8 53 0.8 66 0.4 83 0.4 84 0.7 
1029 14 0.5 18 0 
1142 14 0.8 17 0.5 33 0 64 0 68 0 74 0.5 92 0.6 98 0.4 
1195 3 0.4 5 0.5 25 0 26 0.9 29 0.7 39 0 74 0.4 78 0 86 0 90 0.9 
1229 20 0.9 30 0 40 0.7 43 0.4 45 0 61 0.6 84 0.9 90 0.6 
1365 64 0.3 
1374 3 0.5 8 0.8 99 0 
1416 7 0.7 47 0.8 48 0.9 64 0.3 98 0.8 
1555 72 0 
1585 13 0.9 21 0.6 22 0.6 53 0.9 66 0 73 0.3 75 0.9 81 0.5 89 0.3 91 0.8 
1759 0 0 3 0 6 1 9 0.3 10 0.3 17 0.5 56 1 72 0.5 79 0.3 82 0 
1766 34 0.6 81 0.6 98 0.5 
1874 23 0.7 34 1 42 0.8 47 1 51 0.9 61 0.5 62 0 89 0.7 99 0.5 
1946 11 0.3 22 0.6 27 0.9 41 0.9 56 0.6 78 0 87 0.6 
2033 85 0.4 
2041 3 0 23 0 32 0.7 63 0.4 70 0 
2133 3 0.7 20 0.7 46 0.7 50 0.3 53 0.9 66 0.9 76 0 78 0 90 0 
2138 7 0.3 40 0 78 0 
2237 55 0 82 0 92 0.3 
2321 10 0.8 37 0 56 0 60 0.6 61 0.3 71 0.4 73 0.8 78 0.7 93 0.5 
2348 12 0.4 53 0 62 1 93 0 
2417 7 0 18 0 30 0.3 43 0.4 62 0.9 88 0.3 
2532 11 0.3 13 0.6 61 0 62 0 78 0.3 96 0.3 97 0.3 
2568 5 0.8 25 0.6 39 0.8 42 1 46 0.4 51 0.6 68 1 71 0 81 0.7 84 0.6 
2576 1 0 11 0.9 28 0.9 33 0 72 0.9 89 0.4 97 0.7 
2610 1 0.9 8 0.3 40 1 44 0 51 0 80 0.8 86 0.9 
2675 8 0 22 0.4 57 0.9 59 0.4 73 0.5 95 0.8 
2748 12 0.7 
2751 15 0.4 16 0 20 0.6 28 0.5 43 0.3 55 0.3 63 0.8 65 0 67 0.8 76 0.9 
2824 1 0 23 0 37 0.8 50 0.9 62 0.4 63 0.8 70 0.6 76 0.4 85 0 89 0.6 
3219 1 0.5 14 0.3 15 0.3 36 0.3 37 0.7 48 0.6 56 1 77 0 79 0.4 
3249 16 0.4 23 0 48 0 70 0.5 90 0.9 96 0.7 
3304 4 0.6 9 1 17 0.5 42 0 52 0.6 60 0 85 0.8 
3308 12 1 
3402 20 0.9 23 0 37 0.5 40 0.9 42 0.9 59 0.9 73 0.4 80 0.5 91 0.5 
3453 10 0.8 11 1 54 0.7 55 0.6 57 0.3 95 1 
3487 8 1 60 0 63 0.6 66 0.6 70 0.3 73 0.8 89 0.4 91 0.8 
3612 4 0.3 81 0.9 
3724 18 0.8 20 0.5 34 0.7 53 0 88 0.8 91 0.4 94 0.5 
3808 45 1 72 0 85 0 
4110 16 0 18 0 30 0.7 37 1 60 0.3 63 0.4 76 0.5 79 0.8 
4323 15 0.3 42 0.9 63 0.3 79 0.5 86 0 93 0.6 94 0.8 95 0.4 97 0.3 
4423 9 0.9 22 0 23 0.8 64 0.5 66 0.6 74 0.4 85 0.9 99 0 
4567 47 0 
4795 4 0.3 7 0.4 12 0.4 51 0 53 0 55 1 60 1 67 0 81 0 94 0.7 
5146 18 0.9 37 0.9 40 0.6 41 0.8 61 0.9 
5176 8 0.5 61 0.9 
5324 14 0.6 40 0.8 
5327 4 0.7 10 0.3 37 0.6 59 0 73 0.3 74 1 
5418 4 1 48 0.4 68 0.4 
5587 1 0.8 6 0.4 23 0 33 0.5 49 0 
5621 15 0 25 0.6 26 0.3 34 0 40 0.9 77 0 90 0 
5676 3 0.8 23 0.4 62 0.5 91 0 95 0.8 96 0 98 0.7 
5722 1 0.6 11 0.5 13 1 42 0.7 46 0 50 0.6 64 1 
5765 2 0 11 0 49 0 
5865 22 0.9 30 0.6 32 0.5 41 0.9 46 1 86 0 87 0 91 0.4 92 0.5 
5932 3 0.4 11 0.3 27 0.9 56 0 60 0.9 79 0.4 84 0 94 1 
6008 1 0 6 0 13 0.4 17 0 28 0.6 29 0.6 82 0.5 
6383 9 0.4 14 0.8 18 0.5 24 0 30 0 38 1 53 0.4 54 0.4 72 0 91 0 
6469 5 0.6 18 0.8 20 0 21 0.6 32 0 36 0.4 
6623 35 0.3 
6630 44 0.6 76 0.9 
6662 21 0.6 35 0.4 36 0 
6832 9 0.9 78 0.6 90 0.6 96 0.9 
6858 8 0.5 13 0.3 16 0.4 17 0.6 19 0.5 54 0.7 82 0.4 
6965 64 0.3 
7107 21 0.6 
7188 1 0 9 0.8 25 1 41 0.9 65 0.8 73 0 74 0.4 84 0.6 85 1 
7220 18 0.7 19 0.7 27 0.7 30 0.6 47 0 51 0 68 0.6 84 0.9 86 0.5 
7266 13 1 18 0 20 0 34 0.9 72 0 75 1 88 0 
7357 58 0.5 
7572 14 0.8 48 0.7 
7860 5 0.6 42 0 47 0 55 0.3 74 0.8 
8012 1 0 16 0.5 29 0.7 51 0.5 52 0.3 56 0.9 65 0 68 0.3 74 1 78 0.4 
8520 17 0.3 34 0.4 48 0.4 99 0 
8535 4 0.4 26 0.6 27 0 30 0.5 40 0 70 0 81 0 94 0.6 
8585 5 0.9 18 0.7 38 0.9 45 0 47 0 76 0.4 82 1 
8670 10 0 19 0 36 0.3 44 0.6 53 0.4 62 0.7 97 0.3 
8726 29 0.9 51 0.5 87 0.5 
8742 6 0.3 45 0.4 51 0.6 56 0 79 0.5 83 0.5 88 0.7 
8763 48 0.8 54 0.4 68 0.6 80 0.5 87 0 96 1 
8880 16 0.5 17 0.6 28 0.4 34 1 57 0.3 70 0.7 71 0 82 0.6 97 1 99 0.6 
9046 11 0.8 14 0.8 32 0.6 
9325 10 0.6 27 0.7 77 0.6 
9738 27 0 46 0.8 94 1 
9777 20 0.6 
9788 27 0.5 41 0 45 0.7 55 0.8 57 0.7 63 0.6 94 0.4 97 0 
