100
271 8 0.6 29 0.4 35 0.5 41 0 69 0.4 72 0.7 
309 7 0 20 0 23 0.9 37 0 48 0.9 61 0.9 64 0.4 69 0.3 91 0 
392 0 0.5 9 0 36 0.4 44 0.8 85 0 
476 12 1 19 0.7 23 0.8 30 0.5 37 0.4 49 1 75 0.5 79 0.3 
576 37 0 
596 14 0.9 16 0.9 17 1 41 1 54 0.7 77 0.4 78 0.6 
623 38 0 61 1 65 0 70 0 86 0 96 1 97 0.9 
800 24 1 25 0.3 35 1 62 0 69 0.6 92 0 
853 8 0.9 31 0 
988 16 0 21 0.9 48 0.3 54 0.5 74 0.3 84 0.6 
1092 28 0.8 30 0.3 33 0 46 0.9 
1103 79 0.3 
1207 4 1 10 0 24 0.8 31 0.6 39 0.9 40 0 46 1 73 0.6 98 0.4 99 0 
1234 46 0 54 0.8 96 0.5 
1249 50 0.9 52 0.4 
1345 0 0.3 2 0.6 7 0 11 0 15 0 21 0.9 23 0 50 0 62 0.8 95 0.4 
1419 12 0.3 
1590 19 0.6 23 0 33 1 40 0.8 44 0.4 49 0 51 0.4 83 0.3 86 0.7 
1865 4 0 32 0.8 40 0.7 72 0.6 73 0.5 95 1 
1874 23 0.5 34 0.5 42 0 47 0.8 51 0 61 0 62 0.3 89 0.6 99 0.4 
1909 1 0 2 0.5 8 0 24 0 56 0 67 0.3 92 0.7 
2059 29 0.9 61 0.5 65 0 76 0.9 81 0.4 90 0 92 0 97 0 
2093 6 0.9 61 0 82 0 96 0.3 
2258 22 0.3 35 0 57 0 60 0.8 62 0.6 88 0 89 0.3 
2315 7 0.9 11 0 17 0.9 34 0 59 0.7 89 0.3 93 1 94 0.3 96 0.6 
2358 4 0 10 1 50 1 56 0.6 65 0 
2389 19 0.9 40 0 43 0.3 63 0.9 71 0.7 83 0.8 
2429 1 0.3 10 0.5 12 0.3 16 0.8 19 0.9 21 0 88 0.7 92 0.5 94 0.6 
2587 16 0.9 52 0.7 59 0 
2603 1 0 19 0.5 38 0.4 58 0.7 65 0.9 77 0.5 89 0.7 
2839 41 0.9 91 0.6 
3207 10 0.7 39 0.5 43 0 60 0.4 66 0 77 0.5 83 0 88 0 93 0.5 
3246 9 0.9 31 0.7 38 0 47 0.9 
3344 38 0.7 46 0 51 0.7 
3421 3 0.6 4 0.4 16 1 46 0.3 57 0.3 67 1 80 0 87 1 88 1 94 0.4 
3530 15 0 18 0.8 33 0.4 41 0.8 50 0 64 0 67 0 72 0.6 73 0.6 
3568 21 0.6 38 0 77 0.6 90 0.9 93 0.7 
3629 5 0.8 39 0 45 0 65 0 66 0 71 0 83 0.9 
3949 57 0.3 
4186 7 0.5 18 0 41 0 51 0.9 71 1 72 0.9 78 0.3 80 0.7 82 0 94 0.9 
4230 3 0 5 0 16 0 26 0.6 45 0.7 54 0.5 55 0.5 65 1 77 0.6 78 0.6 
4304 24 0 41 0.5 51 1 66 0 80 0.5 
4683 8 0.7 13 0.7 17 0.3 24 0 56 0.6 58 0 85 0 
4834 1 0.7 9 0.8 20 0.7 28 0.4 31 0 48 0.9 50 0 74 0.9 78 0.7 88 0 
4921 20 0.9 82 0 
5088 4 0.4 69 0.6 81 0 
5374 2 0.9 
5385 5 0.6 14 0.9 30 0 36 0 45 0.5 47 0.5 52 0.8 67 1 97 0.5 
5563 61 0.9 70 0.6 
5628 18 0.8 34 1 37 0.6 40 0.4 42 0.9 44 0.3 45 1 56 1 80 0 95 0.9 
5653 31 0 43 0.5 48 0.4 79 0.7 81 0.6 87 0 91 1 
5666 11 0.8 17 0.7 31 0 62 0 98 0.9 
5708 20 0.9 
5746 93 0.4 
5753 14 0 15 0.3 25 0.3 32 0.3 
5860 0 0.3 1 1 11 0.8 25 0.6 27 0.6 53 0.5 66 1 81 0 93 0 
5940 37 0.7 73 0 
6067 26 0.7 29 0 75 0.6 85 0 89 0 
6138 29 0.7 38 0.6 42 0.5 54 0.9 78 0.5 84 0.6 88 0 96 0 
6151 8 0 22 0.4 83 0 
6181 14 0 22 0 45 0.9 55 0 72 0.8 78 0 
6237 22 0 67 0 72 0.5 
6255 4 1 26 0 65 0.9 96 0.6 
6271 15 0 41 0 43 0.8 54 1 55 0 58 0.6 74 0 75 0.8 92 0.9 93 0.6 
6274 97 0.9 
6304 8 0.9 34 0 47 0.8 56 0.4 78 0.9 84 1 
6676 21 0.4 40 0.6 74 0.4 81 1 
6690 10 0.9 20 0 28 0 73 0.7 77 0 90 1 96 0 
6710 10 0 
6795 5 0.7 8 0.6 20 1 24 0 34 0.9 45 0 71 0.7 83 0 97 0.4 
6818 12 0 19 0.4 20 0.7 22 0.5 27 0.6 54 0.8 60 0 76 0 78 0.5 90 0.9 
7008 63 0 85 0 
7232 2 1 7 0 23 0.8 25 0.3 27 0 32 0.3 38 0 67 0 68 0.4 
7269 38 0.4 43 0.7 62 0.6 
7652 0 0.3 7 0.6 14 0.7 18 0.6 26 1 30 1 38 0.9 55 0 58 0 82 0.3 
7668 19 0.3 34 0.4 46 0.5 47 0.6 74 0 83 0.9 94 0.6 
7864 24 0.3 61 0.6 62 0 68 0 89 0 
8023 6 0.8 8 0.7 62 0 63 0.4 66 0.7 99 0.3 
8112 1 0.3 14 1 15 1 46 0.3 72 1 76 0.6 78 0.5 81 0.5 90 0.4 
8131 35 0 39 0 97 0.8 
8144 47 0.9 74 0.8 94 0.6 98 0 
8208 10 0 11 0.9 12 0.4 55 0.3 59 0.4 60 1 65 0 80 0.3 95 0.8 
8251 61 0 
8253 12 1 17 0 40 0.8 41 0.3 42 0.9 44 0 59 0.5 80 0.5 92 0.6 94 0.7 
8297 2 0 73 0.4 92 0 
8351 22 0 51 0 80 0.7 87 0.3 89 0.6 
8370 9 0.9 14 0 16 0 58 0.4 67 1 79 0.5 83 0.8 92 0 94 0.8 
8555 45 0 49 0.7 52 0.8 84 0 93 0.3 
8603 33 0.6 69 0.5 
8858 15 0.9 18 1 32 0 33 0.8 66 0.4 76 0.9 84 0 
8860 80 0.6 
8909 4 0.6 23 0.8 36 0.5 50 0 56 0.4 62 1 66 0.6 69 0.9 75 0.8 
9065 75 1 
9228 5 0.9 20 0.4 22 0 33 1 96 1 
9247 29 0 82 1 98 0 
9337 11 0.3 76 0.8 
9359 8 0.3 16 0.3 18 0.3 19 0.4 31 0 40 0 42 0.3 48 0 63 0.9 91 0.5 
9735 10 0.7 24 0 33 0.8 62 0 68 0.4 80 0 87 0 
9807 63 0 98 0.8 
9918 14 0.9 33 0.6 37 0 96 0.5 
