100
35 0 0 6 0.5 16 0.3 20 0.9 52 0.3 53 0.3 59 0.3 73 1 93 0 
49 66 0 67 0 71 0.6 83 0.5 84 0 86 1 99 0 
258 1 0.4 31 0 82 0 
286 25 1 48 0.9 51 0.6 55 0.9 56 0 64 0 86 0.7 90 0.4 93 0.6 
479 1 0.4 13 0.3 18 0.6 27 0.3 43 0 70 0.7 92 0.8 94 0.4 
531 7 0 21 0 43 0.8 67 1 72 0.9 73 1 92 0.3 93 0 
728 7 0 42 0 
830 9 1 45 0.5 46 0 51 0.3 62 0.7 67 0.9 90 0.7 91 0.7 94 0.9 95 0.6 
862 0 0.8 8 0.5 21 0.8 22 0 27 0.5 29 0 42 1 46 0 72 0.5 89 0 
881 24 1 27 0 91 0.4 95 0.9 96 0.8 
991 15 0.7 30 0.4 34 0 40 0 49 0.6 61 0.9 67 0.7 
1249 50 0.3 52 0.8 
1421 11 0.5 47 0.7 52 0.4 65 0.9 77 0 
1489 28 0.4 67 0 
1502 67 0.4 
1589 6 0.9 11 0.8 20 1 35 0.4 39 0.3 88 0.3 89 0.9 99 0.3 
1602 10 0 63 1 
1820 3 0.9 6 0.7 8 0.8 27 0 33 0.5 34 0.4 92 0.9 93 0.6 97 0.3 99 0.6 
1891 11 0.6 20 0.8 26 0.9 74 0.8 
2056 70 0.5 79 0.8 
2111 7 0.5 32 0.5 55 0.7 57 0.7 62 0.8 73 0.5 
2113 3 0.4 4 0.3 6 0 22 0 28 0.4 35 0.5 57 0.3 65 0.9 72 0.4 92 0.5 
2226 31 0.6 36 0 77 0 96 0 
2294 4 0.6 55 0.8 62 0 65 0.8 70 0.8 74 0.5 85 0.8 97 0.4 
2333 1 0.8 35 0.3 78 0.3 84 0.8 
2502 54 0 56 0.9 57 0.3 62 1 78 0 
2539 12 1 13 0.7 19 0 22 0.9 93 0 97 0.4 
2553 9 0 14 0.9 25 0.7 34 0.6 48 0.8 81 0.3 
2599 0 0.9 26 0.7 46 0.5 53 0.4 73 0.3 79 0.9 80 0 90 0 
3158 13 0.5 64 0.9 96 0 
3185 37 1 
3317 9 0.8 11 0.9 21 0.8 50 0.8 60 1 90 0 
3396 3 0 21 0.3 94 0 
3588 37 0.3 50 0.9 77 0 
3615 14 1 17 0.4 26 1 27 0.7 36 0 68 0.6 
3676 15 0 21 0.5 97 0.6 
3699 24 1 
3719 49 0.4 78 1 
3724 18 0 20 0.8 34 0.8 53 0.8 88 0.5 91 1 94 0.3 
3742 48 0.7 61 0.5 
3748 32 1 47 1 80 0.4 
3794 5 0.5 17 0.7 43 0.5 69 0 72 0.7 
3833 12 0.4 66 0.3 68 0 86 0.7 92 0.7 
4269 6 0.5 12 0.5 29 0.8 51 0.7 57 0.4 62 0.5 75 0.8 80 0.4 
4288 21 0 38 0.8 39 0 46 0 53 1 60 0.5 73 0.9 77 0 
4315 11 0.4 17 0 34 0 49 0.4 79 0.3 
4324 20 0.8 38 0.7 48 1 65 1 88 0.9 
4362 33 0 40 0 51 0 59 0.6 65 0.3 69 0 87 0.5 92 0.7 98 0.3 
4377 6 0.4 28 1 33 0.8 70 0.7 72 0.9 99 0.4 
4410 82 0.9 
4472 27 0.4 32 0.4 44 0.9 49 0.4 68 0 72 0.4 74 0 82 0 85 0.4 
4501 12 0 65 0 
4820 37 0.4 57 0.8 64 0 65 0.7 86 0.6 93 0 
4938 46 0.4 64 1 89 1 92 0.7 
5005 4 0.6 22 0 43 0 71 0.7 80 0.7 
5184 43 0.8 47 1 66 0 72 0 83 0.9 84 0 87 1 98 0.5 
5305 10 0.6 40 0.9 51 0 52 0.4 77 0.6 91 0.4 99 0.5 
5472 12 0 45 0 91 1 98 0.4 
5579 13 0.8 21 0.3 49 0.6 51 0 64 0 65 0.5 
5651 76 0.7 85 0.9 98 0.8 
5671 12 0.5 40 0.3 50 0 57 0.8 93 0.7 
5750 24 0.7 70 0 76 0.4 
5774 6 0.3 
5934 93 0.5 
6028 5 0.9 10 0.6 19 0.5 
6064 8 0 9 0.6 34 0.9 77 0.3 79 0.3 
6167 18 0.6 29 0.3 47 0.6 51 1 73 0.3 79 0.9 
6322 29 0.4 31 0 34 0 35 0.7 44 0.5 69 0.7 71 0 94 0.3 
6536 26 0.3 55 0.4 
6559 5 1 22 0 32 0.9 40 1 47 0.5 49 0.9 58 0.4 67 0 68 0 71 0 
6590 22 0.5 31 0.7 48 1 60 1 62 0.8 73 1 
6661 37 0 41 0.7 78 0.3 81 0.6 87 0.5 96 0.6 
6770 33 0.4 61 0.7 65 0.8 73 0.9 80 0.4 
6772 33 1 43 1 70 0.3 85 0.7 
6797 2 0 20 0.7 36 1 37 0.3 42 0.3 56 0.9 80 0 85 0.9 88 0.7 94 0 
7003 22 0 38 0.7 43 0 57 0.4 71 0 75 0 78 0.4 90 0 
7470 5 1 12 0.4 28 0.5 39 0 42 0.9 67 0.5 73 0.7 74 0.8 80 0.6 81 0.8 
7486 3 0.7 14 0 53 0 78 0.4 90 0.9 92 0.3 98 0 
7656 7 0.7 13 0 18 0.8 33 0.5 50 0.3 54 0.9 75 0.4 77 0.8 92 0 98 0.9 
7835 4 0.9 16 0.7 72 0.5 
8053 2 0.3 15 0.3 62 0 
8394 7 0.6 13 0.9 34 0.9 35 0 62 0.3 67 0 73 0 89 0.4 
8457 1 0 18 0.9 29 0 36 0.8 41 0 45 0.4 74 0.8 78 0.8 82 0 
8574 34 0 56 0.9 
8694 10 1 44 0 52 0.6 75 0.6 80 0.7 
8814 7 1 43 0.9 75 1 96 0.3 
8825 39 0.9 57 0 70 0.9 73 0 89 0.9 
9001 0 0.6 6 1 28 0 40 1 53 0 67 0.5 68 1 69 0 83 1 
9060 3 0.4 22 0 41 0 45 0 46 0.4 61 0.3 74 0.5 76 0.5 88 0.3 
9101 32 0.6 62 0.6 65 1 66 0.6 72 0.7 75 1 85 0.9 97 0.8 
9121 34 0.9 63 0.6 
9193 2 1 95 0 
9331 5 0 10 1 13 0 22 0.7 30 0 32 1 77 0 
9363 47 0.3 50 0.5 62 1 
9396 6 0 12 1 61 0.9 66 0 75 0.6 82 0.7 
9450 16 0.5 30 0.5 67 0.8 
9456 2 0 12 0 44 0.4 63 0 
9483 55 0.6 60 0 65 0 69 0.6 75 0.6 76 0 
9764 67 0.4 
9999 43 0.8 53 0.6 58 1 79 0.9 93 0.8 
