100
11 12 0 14 0 15 0 35 1 58 0 78 0 94 0 
30 8 0.3 16 0.9 18 0.4 20 0 30 0 53 0 64 0.7 79 0.3 84 0.6 
89 56 0.7 96 0 97 0.4 
353 39 0 66 0.3 68 0.7 
444 23 0.7 31 0 43 0.5 73 1 97 0 
909 22 0 23 0 37 0.9 60 0.9 
1070 32 0 39 0.7 48 0.9 49 0.7 58 1 65 0.9 84 0 91 1 
1244 7 0.6 25 0.4 40 0.9 55 0.6 72 0.5 81 0.3 82 0 87 0.8 90 1 
1291 14 1 
1306 23 0 33 0.8 48 0.9 55 0 57 0.5 74 0 81 0.6 94 0.7 
1333 27 0 
1352 0 0.5 16 0.3 37 0 41 0 53 0 63 0 70 0.3 77 0 
1354 10 0 16 0.5 32 0.3 56 0.7 
1431 2 0.4 5 0 49 0 72 1 86 0.9 88 0.9 
1435 11 0.6 16 0.7 44 0.3 69 0.5 70 0 94 0 
1444 11 0 42 0.6 60 0.3 
1453 5 0.8 88 0 
1571 32 1 
1790 26 0 40 0.4 53 1 64 1 
1799 81 0.5 
1848 10 0 13 0.4 31 0.6 42 0 45 0.8 54 0.7 55 0.7 76 1 96 0 
2106 1 0.7 7 0.5 15 0.4 25 0 48 0 51 0.7 64 1 72 0 95 0.6 
2146 5 0.3 31 0 83 0 
2158 11 0 
2191 11 0.9 37 0.3 45 0.8 
2345 8 0 26 0 39 0.7 62 0.5 75 0.8 83 0 96 0.7 98 0.7 99 0.5 
2431 33 0 76 0 79 0.6 91 0.5 92 0 
2439 57 0 97 0.4 
2581 2 1 37 0 53 0.5 83 0 91 0.8 
2635 47 0 63 0.7 88 0.8 
2645 64 0.9 
2666 4 0.5 29 1 
2679 38 1 39 0.7 70 0.8 93 0.3 
3156 8 0 11 0.9 31 0.6 33 0.6 
3205 15 0.3 31 0 81 0.8 83 0.4 99 0.4 
3250 13 0.3 27 0.7 47 0.3 49 0.4 57 0 67 0.6 76 0 79 0.9 81 0.7 
3350 90 0.9 
3434 14 0.3 
3678 27 0.6 35 0 37 0.7 69 0 
3708 35 0.9 69 0.3 
3798 7 0.8 16 0 67 0.6 83 0.8 
3853 5 0 66 0.8 68 1 74 1 83 0.3 96 0.3 
3871 9 0 42 0.3 58 0.7 73 0.5 88 0.8 97 0.5 
3924 11 0 44 0.6 77 0.8 78 1 
3937 31 1 97 0 
4157 4 0.5 25 0.6 35 0.5 52 0 65 0.3 74 0.3 76 0 83 0.8 
4268 68 0.7 98 0.3 
4310 1 0.5 11 0.8 75 0 93 0.4 95 0.7 
4382 11 0.5 27 0.8 34 0.5 51 0 69 0.8 70 0.9 
4386 2 0 3 0 15 0.8 65 0.6 75 0.6 83 0 84 0 
4481 2 0.7 4 0.7 30 0.5 71 0.3 72 0 90 0.9 
4494 1 0.8 7 0.6 9 0.4 12 0 17 0.5 26 0.4 29 0.8 36 1 46 0 67 0.7 
4559 25 1 36 0.8 59 0.6 63 0.8 69 0.6 71 0.9 78 1 
4645 7 0 15 0.7 36 0.6 37 0 65 0.7 76 0 90 0.3 97 0.6 
4695 3 1 18 0.6 22 0 47 0.5 49 0.3 63 0.3 64 0.4 66 0.6 99 0.5 
4705 9 0 43 1 45 0.9 90 0 
4745 25 0 46 1 70 1 98 0.4 
5110 49 0.3 
5160 5 0 13 0.8 42 0.9 44 1 52 0.4 57 0.7 61 0 67 0.6 77 0.9 83 0.9 
5194 4 0.4 8 0.9 65 0.3 82 0 86 0.9 
5196 10 0.3 59 0.8 
5302 15 0.5 30 0.7 42 0.5 
5342 14 0 22 0 31 1 44 0 53 0.7 57 0.9 58 0.5 61 0 66 0.7 83 0.3 
5408 14 0.3 24 0 53 0.9 74 0 92 0.7 
5579 13 0.9 21 1 49 0.6 51 0.4 64 0.7 65 0.4 
5635 38 0.5 58 0 86 0.5 87 0.5 
5762 68 0.7 90 0 
5771 18 0.4 28 0.8 38 0.7 57 0 58 0 70 0.6 72 0.6 84 0.8 87 0.7 92 0 
6074 19 0.8 
6199 53 0.3 56 0.9 
6415 71 1 72 0.8 
6512 18 1 22 0.6 30 0.3 70 0.8 71 0.7 83 0.8 
6668 5 0 9 0 30 0.5 72 0.8 76 0 89 0 
6735 23 0 33 0.3 48 0.8 54 0.3 57 0.9 59 0.3 85 0 88 0.7 
6750 6 1 16 0.5 26 0.9 28 1 35 0.9 37 0.7 47 0.9 58 1 72 1 
6945 0 0.8 2 0.4 8 0 21 0 79 0.8 95 0 
6985 16 0 21 1 23 0.5 44 0.4 66 0.4 79 0.9 
7083 10 1 20 0.9 55 0 69 0 75 0.7 88 0.3 90 0.8 97 0.8 
7093 81 0.9 
7154 50 0.9 
7197 8 0 22 0 24 0 43 0 57 0.8 68 0.3 70 0 79 0 80 0 
7467 2 0.7 5 0.6 46 0.9 50 0.5 74 0 79 0.7 96 0.8 97 0 99 0.7 
7548 68 0.5 
7579 31 1 
7583 10 1 52 0.5 
7748 23 0 44 0.9 45 0 
7760 14 0.8 25 0 40 0 43 0.3 64 0.3 81 0.3 88 0 90 0 94 0.3 
7941 6 0.6 10 0.5 13 0 18 0 23 0.6 54 0 62 0.5 66 0.6 88 0.8 97 0 
8163 1 0.7 17 0.5 33 0.5 96 0 
8592 7 0 41 1 43 0.6 46 0.7 66 0 70 0.7 72 0.9 75 0 87 0 99 0.5 
8817 0 0.9 48 0.4 61 0 81 0.4 95 0.4 97 1 
9079 34 0.6 36 0.7 43 0.9 44 0 58 0.4 59 0.8 70 0.4 88 0.7 95 0.8 
9563 7 0.7 57 0 
9587 37 0.7 
9588 22 0.7 
9676 13 0.3 17 0 
9720 42 0.8 48 0.7 84 0.4 
9741 6 0 30 0.4 33 0 36 0 40 0.5 
9818 18 0.7 94 0.6 
9854 3 0 13 0 15 0.5 27 0.8 34 1 51 0.4 85 0 93 0.3 97 0.5 98 0.4 
