100
126 1 0.6 53 0.7 55 0.9 92 0.6 94 0.3 
181 21 0.7 30 0.3 33 0 61 0.4 79 0.6 82 0.3 
214 17 1 77 0 94 0 
266 26 0.8 
397 17 1 30 0.9 61 0.4 85 0 94 0.8 95 0.8 96 0 
451 4 0 29 0 30 0.8 34 0 35 0.3 39 0 43 0.5 92 0.5 
593 42 0.7 45 0.7 53 0.4 55 1 72 1 
595 39 0 60 0.8 83 0 
746 0 0 16 0.8 20 0.3 31 0.9 88 0.6 
774 29 0.4 38 0.7 54 0.4 92 0.8 
979 48 1 64 0.5 71 1 
1039 4 0.9 15 0.3 61 0.8 
1131 64 0.5 
1168 4 0.9 10 0.9 24 0.4 39 0.6 66 0.3 74 0.3 83 0.8 87 0 88 0 95 0.3 
1269 9 1 10 0.5 14 0.6 47 0.5 50 0.7 59 0.6 90 0 
1317 26 0.7 
1398 3 0.4 71 1 
1512 0 0 13 0.4 42 0.3 74 0.6 75 0.7 83 0.6 85 0.5 
1595 69 1 80 0 
1650 0 0 2 0.4 58 0 
1674 26 0.7 60 0.5 
2128 86 0 
2182 7 1 13 0 19 1 27 0 34 0.4 78 0.9 83 0 90 1 
2517 11 0 25 0 32 0 37 0 63 0 84 0 
2550 43 0 
2589 94 0.4 
2621 12 0.6 40 0 
2743 0 0.9 10 0.9 15 0.3 17 0.3 27 0 33 0 40 0.4 56 0.8 83 0 98 0.8 
2804 7 0.6 19 0 72 1 76 0.4 
2815 13 0 17 0.6 69 0.7 98 0.6 
2849 8 0.8 10 0 35 0.8 38 0.3 41 0.3 50 0 74 0.5 
2861 2 0 12 0 26 0 31 0 49 0.7 68 0 71 0.9 73 0.3 
3039 12 0.9 15 0.3 31 0 47 0.6 53 0.4 67 0 88 0.7 
3112 4 0 13 0.9 36 1 53 0.5 56 0.5 61 0.4 66 0.6 
3133 12 0.9 46 0.9 89 0.9 96 0.5 
3159 1 0.4 51 0.3 57 0 95 0.5 
3163 11 0.3 58 0 81 0 
3284 17 0 30 0.6 33 0.7 64 0.6 66 0 86 0 
3331 18 0.9 53 0.7 76 0.7 
3343 40 0.3 
3494 1 0.7 6 0 27 1 47 0.7 48 1 63 0.4 65 0.4 66 0 68 0.3 76 0 
3763 51 0.8 
3868 54 0 
4087 6 0.3 30 0 32 0.5 35 0 42 0.6 44 0.4 48 0.3 77 0 89 0.4 97 0.8 
4140 21 1 54 1 
4166 6 0.5 37 0.7 39 0 46 0.6 66 1 76 0 86 0.9 88 0.4 95 0.5 98 0.3 
4210 1 0.3 83 0.6 98 0 
4266 22 0 31 0.9 87 0.3 
4310 1 0.7 11 0.5 75 0.4 93 0.3 95 0.6 
4525 18 0.7 21 0.5 23 1 49 0.4 62 0 63 0.5 72 0 73 0.5 
4696 15 0.7 82 0 83 0 
4702 21 0.8 
4803 56 0.6 58 0.5 
4810 3 1 11 0 17 0.5 20 0.7 30 0 58 1 77 0.5 78 0.8 88 1 
4826 7 0 10 0.7 31 0 33 0.4 48 0 51 0.7 63 0 70 0.5 
4884 23 0.5 46 0.4 54 0.6 61 1 63 0 71 0.4 75 0 90 0.8 
5097 16 0.8 43 0 44 0 54 1 96 1 99 0.6 
5157 44 0.8 54 0 77 1 82 0.7 
5331 16 0 19 0.4 24 0.4 42 0.3 68 0.5 74 0.8 77 0 86 0.4 91 0.5 
5521 20 0.4 54 0 72 0.9 73 0 76 0.4 
5608 31 0.9 42 0 52 0.9 63 0.9 68 0.6 72 0.8 
5782 10 0.6 19 0.4 24 0.6 51 0 57 0.4 60 0 61 0.7 63 0.6 68 0.4 91 0.6 
5789 4 0.9 28 0 31 0.8 32 0.9 62 0.8 68 0 91 0.7 93 0.5 95 0.9 
5853 25 0.7 63 0.7 92 0.8 
6109 3 0.6 
6133 63 1 
6227 15 0.7 22 0 34 1 45 0.3 50 0 55 0.5 56 0.4 73 0 94 0.8 
6549 87 0.6 96 0.7 
6598 10 0 29 0.8 30 0 39 0.6 41 0.6 51 0 56 0.3 61 0.3 
6625 6 0.5 8 0.3 14 0.7 24 0.8 30 0.6 42 0 70 1 83 0.9 96 1 
6831 5 0.9 8 0.5 78 1 
6852 13 0.4 16 0.8 22 0.6 56 0.4 72 0.9 83 0 
6988 1 0.7 9 0.9 14 0.7 16 0.7 47 0.7 57 0 90 0 
7073 13 0 57 0.8 78 0.6 96 0.9 
7314 2 0.5 9 0.5 35 0.4 57 0.8 92 0 95 0 
7444 3 0 18 0.4 86 1 
7647 10 0.5 97 0.9 
7658 10 0 90 0 
7678 33 1 53 0 69 0.6 
7822 2 0.3 33 0.7 42 1 64 1 
7927 25 0.6 
7950 49 0 76 0.4 
8012 1 0 16 1 29 0 51 0.3 52 0.8 56 0.8 65 0.8 68 0.4 74 0.4 78 0.6 
8042 17 0 20 0.7 47 1 52 0.6 62 0.6 69 0.4 72 0.3 89 0.4 
8099 4 1 9 0.8 33 0 42 0.5 51 0.9 60 1 69 0.6 76 0 92 1 94 0 
8108 57 0 
8341 2 1 22 0.7 23 0.5 24 0.5 25 0 29 0.8 46 0.4 67 0 77 0.7 84 0.6 
8420 4 0 69 0 
9032 6 0.8 29 0.3 35 1 
9038 49 0.3 74 0.5 89 0 
9126 3 0 11 1 21 0 49 0.8 55 0.8 58 0 68 0.8 89 0.9 
9203 0 0.5 3 0 18 0.7 26 0.5 28 0 33 0.8 37 0 41 1 48 0.9 
9228 5 0.5 20 0.6 22 0.5 33 0.9 96 1 
9315 0 0.9 13 1 25 0.6 61 1 69 0.9 77 0 
9481 3 0.4 22 0.4 25 0 50 0 58 0 70 0 74 0.5 75 0.5 88 0 
9578 6 1 12 0.6 13 0.3 46 0.8 58 0.4 66 0.3 80 0.8 95 0.9 
9766 6 0.7 17 0.6 
9823 22 0.5 28 0.4 64 0.8 
9846 17 0.7 21 0.3 24 0 36 0.3 80 0 85 0 
9963 26 0 76 0.9 88 0.8 
