100
51 48 0.5 51 0 56 0.3 57 0.6 63 0 85 1 92 0 
112 12 0.3 22 1 30 0 32 0.9 40 0 53 0 62 0 81 0.3 86 0 98 0 
154 5 0 9 0 11 0.3 13 0.8 28 1 30 0.5 74 0 76 0.5 83 0.9 91 1 
211 4 1 11 0 14 0 23 0 27 0.8 30 0 37 0.5 88 0.8 97 0.3 
240 15 1 23 0.7 39 0.4 60 0.4 77 0.6 87 0.6 90 0.4 
406 0 0 8 0.8 22 0 43 0.4 82 0.9 90 0.6 
435 84 0.5 90 0.4 
456 44 0 51 0.7 59 0 82 0 83 0.9 
558 1 0.3 19 0.6 28 0 30 0 32 1 36 0.6 40 0.6 95 0 
618 1 0 10 0 47 0 
642 2 0.9 3 0.7 28 0.8 37 0.8 41 0 54 0.6 
651 47 0 94 1 
654 7 0.4 10 0.4 46 1 47 0.6 55 0 77 0.6 84 0.9 88 0.7 94 0.9 
662 16 0 54 0 
682 19 0.5 81 0.3 87 0.5 91 0.3 
760 44 0.6 63 0 
776 1 0 7 0.8 33 0.4 39 0.3 69 0 76 0.8 
835 5 1 96 0 
852 33 1 49 0 51 0.6 60 0.8 75 0.5 77 0.6 78 0.9 83 0.5 91 0.6 99 0.7 
987 34 0.5 44 0.3 46 0.3 52 0 55 0.4 56 0 66 0.8 
1027 0 0.7 6 1 
1177 28 0.6 33 0.7 42 1 84 0.4 85 0.3 87 0.6 
1280 6 0.5 12 1 26 1 57 0 63 0 68 0.9 91 0.6 
1397 15 1 24 0.6 45 0.7 63 0.9 73 0.9 85 1 94 0.6 97 0.7 
1466 66 0.8 
1522 20 0 27 0 31 0.7 33 0.4 50 0.5 58 0 69 0.7 
1775 18 0.5 22 0 43 0.6 47 0.3 78 0 
1789 5 1 19 0 53 0.4 54 0.9 67 1 68 0.9 84 0 88 0 89 0.5 90 0 
1869 2 0.3 13 0.6 16 0.3 17 0 25 0.6 26 0 27 1 49 0.3 70 0.9 91 0.7 
1994 95 0.3 
2131 61 0.9 72 0 73 0.4 78 0 96 0.4 
2166 0 0.7 23 0 42 0.3 45 0.7 90 0.6 92 1 
2182 7 0.5 13 1 19 0.7 27 0.3 34 0 78 0 83 0 90 0 
2232 33 0.6 42 0.4 50 0.6 60 0.3 78 0.8 95 0.6 
2274 13 0.5 31 0.5 53 0 
2318 3 0.3 25 0.6 26 0.9 38 0.8 44 0.4 51 0 73 0.8 79 0 90 0 
2343 30 0.4 33 0.6 35 0.3 43 0.8 64 0 90 0.6 93 0.4 
2440 57 0.8 
2589 94 0.6 
2607 8 0.5 15 0.7 18 0 44 0.9 52 0 61 0.5 89 0 97 0.6 
2751 15 0 16 0.7 20 0.6 28 0.9 43 0.3 55 1 63 0.5 65 0.6 67 0.3 76 1 
2843 9 0.7 10 1 27 0.4 43 0.9 66 0.6 75 0.6 86 1 87 0.4 
2947 1 1 10 0.6 15 0 
2957 1 0.3 4 0.5 8 0.4 18 1 26 0 56 0.7 78 0 
3042 5 0.9 30 0.3 31 0 37 0.4 52 0.7 62 0.9 69 0.4 78 0.9 92 0.7 96 0 
3076 18 0.7 23 0.5 51 0.7 88 0.6 97 0 
3416 5 0.7 53 0 55 0.6 63 0.4 71 0.4 72 0.5 74 1 75 0.6 87 1 
3532 13 0.4 14 0.7 23 1 33 0.8 40 0.4 43 0.7 57 0.6 61 0.3 78 0 
3547 25 0.5 40 0.5 69 0 87 0.3 
3795 13 0.4 41 0.5 67 0.8 
3810 27 0.7 40 0.8 54 0.3 97 0.9 
3955 8 0.3 30 0.9 32 0.5 34 0 38 0.7 45 0.3 58 0.5 82 0 87 0.5 
4002 8 0.9 9 0 78 0.9 
4080 7 0.8 32 0.5 35 0.6 
4102 6 0.7 15 0.7 18 0 64 0.4 
4104 5 0 14 0 30 0.8 31 0.4 61 0.7 97 0.6 
4192 7 0.5 22 0.9 23 0.9 38 0.4 40 1 51 0 55 0 71 1 
4436 8 1 17 0.8 28 0.9 34 0 52 1 53 0.4 60 0.3 62 0 90 0.9 
4471 3 0 47 1 50 1 52 0.5 64 1 
4655 24 0.7 55 0.6 60 0 
4803 56 0.8 58 0 
4872 24 0.5 30 0.6 56 0.8 86 0 92 1 98 0.9 
5007 3 0.5 29 0 69 0 71 0.9 83 0.4 89 0 90 0 94 0.3 
5111 10 0.3 12 0.5 19 0.7 31 0.9 55 0.5 74 1 85 0 87 0 96 0.3 
5120 46 1 
5204 33 0.6 44 0.3 51 0 55 0.7 67 0 75 0.8 90 0.8 96 0 98 0.9 
5475 30 0.4 94 0.4 
5520 6 1 27 0.6 33 0 42 1 59 0 65 0.7 89 0.4 
5727 9 0 38 0 42 0.6 63 0.6 64 1 
5937 0 0.3 12 0.6 33 0 35 0 72 0.3 78 0 96 0.9 
5982 65 0.6 
6134 17 0.6 46 0.6 90 0 96 0 99 0.3 
6228 0 0.5 
6293 15 0 41 1 43 0 52 0 68 0.3 96 0 
6394 9 0.4 21 0 25 0.3 30 0 34 0.6 84 0 
6515 33 0 58 0.4 84 0.4 
6583 1 0.3 33 0.5 39 0.9 48 0 53 0.9 55 0.5 65 0 93 0.8 
6694 46 0 49 1 70 0 78 0 
7012 16 0.9 22 0.8 44 0 55 0.5 64 0.7 82 0.4 85 0.9 97 0.8 
7084 1 0.7 7 1 13 0.4 67 0.9 74 0.4 84 0.5 87 0.6 
7276 89 0.7 
7501 1 0.4 3 0.4 19 0 27 0.7 37 0.4 62 0.5 65 0 76 0 79 0 98 0.9 
7678 33 0.9 53 0.3 69 0.6 
7746 10 1 65 0.4 71 0.7 
7889 7 0.5 41 1 48 0 65 0.6 68 0 84 0.5 87 0.8 
8058 0 0.5 
8340 17 1 37 0.8 63 0.6 88 0 
8411 0 0.6 58 0 60 0.4 91 0.6 
8684 3 0.4 85 0 
8817 0 0 48 0.4 61 0.5 81 0.7 95 0 97 0.9 
8850 15 0.7 33 0.5 35 0.7 46 0 54 0.9 64 0.9 68 1 86 0.3 95 0.6 
9035 30 0 
9170 12 0 61 0.5 67 1 86 1 
9190 92 0 
9425 10 0.9 25 0.6 37 1 58 1 62 0 66 0.9 
9517 47 0.8 88 0.7 
9759 30 0 43 0.7 45 0 52 0.7 70 0.7 74 0 
9928 29 0.6 60 0 71 0.8 82 0.3 94 0.3 
9967 26 0.5 31 0.4 48 0 50 0 56 0.8 71 0.8 
9989 30 0.3 52 0 85 0.9 89 0.6 
