100
46 18 0 
68 60 0 86 0.8 95 0 
181 21 0.3 30 0.7 33 0.4 61 0.9 79 0.8 82 1 
259 72 0 87 0.9 
306 1 1 26 0.7 47 0 77 0 94 0.6 97 0.7 
408 4 0 19 1 26 0.9 34 0.4 39 0 53 0.7 
469 46 0 49 0 71 0.6 83 0.5 
505 25 0.4 33 0.9 45 0 54 0.4 80 0 
539 1 0.5 32 0 36 0.4 42 0 45 0.3 48 0.7 59 0.3 60 0.6 77 0.9 78 0 
588 84 0.6 
629 19 0 89 0.9 93 1 
667 27 0.7 85 0 
782 76 0 86 0.6 
880 4 1 5 0.7 49 0.7 54 0 59 0 68 0.9 77 0.5 88 0.4 
971 43 0 94 0 97 0.8 
1035 7 0.8 80 0.6 85 1 96 0.6 
1497 12 0.6 46 0.7 72 0.7 90 0 
1729 11 0 34 0.7 55 0.7 63 0.7 71 0 81 0.9 
1746 2 0 11 0 15 0.8 22 0.6 23 0.9 36 1 45 0.9 87 0.5 89 0.4 93 1 
1789 5 1 19 0.3 53 1 54 0.6 67 0.5 68 0.4 84 0.9 88 0.4 89 0.5 90 0 
1816 31 0.5 35 0.7 49 1 64 0 98 0.3 
1824 47 0.8 65 0.8 92 0.6 94 0.6 96 0 
1914 2 0.7 24 0.9 56 0.9 67 0.4 69 0.4 
1923 37 0.5 75 0.5 78 1 
2030 2 0.9 12 0.4 16 0.3 28 0.7 
2036 8 0 34 0.3 68 0.8 83 0.9 
2048 43 0.5 52 0.7 
2077 0 1 6 0.5 14 0.4 18 0.6 32 0.6 64 0.3 83 0.9 
2145 20 0 41 0.7 49 0.6 73 0 81 0.5 
2178 6 0.8 22 0 47 0 66 0 73 0.8 78 0 
2214 1 0.9 13 1 42 0 67 0.4 68 0 72 0 88 0 
2267 29 0 51 0 
2324 13 0.4 27 0.5 30 1 62 0.5 81 0 
2417 7 0.6 18 0.4 30 0.3 43 0.8 62 0.7 88 0 
2425 68 0 93 0.5 
2620 7 0.8 32 0 36 0.5 44 0.9 55 0.6 62 0.6 80 0.3 92 0.3 97 0.8 98 0.8 
2706 16 0.5 
2748 12 0.3 
2814 13 0.8 38 0.6 39 0.3 47 0 69 0.6 75 0.7 91 0.7 
2982 8 0.7 30 0.7 35 0.4 38 0.5 50 1 86 0.5 92 0 
3051 32 1 45 0 47 0.5 50 0 67 0.4 88 0.4 96 0.4 
3095 41 0.5 
3152 6 0.8 23 1 42 0.3 67 0 78 0 85 0 
3243 58 0 73 0.9 95 0.5 
3367 7 0.7 8 0.6 11 0.7 22 0.5 31 0.9 61 0 63 0.9 64 0.3 86 1 
3714 10 0.7 17 0.9 70 1 
3824 15 0.8 27 0.4 35 0 66 0.5 77 0.9 84 1 85 0 91 0.7 
3957 3 0 18 0.5 19 0 51 0 56 0.7 59 0.4 61 0.5 89 0 
3960 4 0.6 15 0.7 41 0.8 51 0.9 53 0 60 0 65 1 86 0.3 97 0.5 
4100 10 0.3 35 0.6 36 0.3 50 0.9 80 0.8 92 0 
4387 4 0.3 23 0.6 36 0 38 0.8 45 0 
4433 51 0.3 
4626 62 0 
4769 7 0.7 16 0.8 29 0 35 0.5 51 0.3 76 0.6 77 0 83 0 85 0.6 98 0.5 
4800 20 0 21 0.7 26 0.7 44 0 49 0.5 58 0.7 62 0.3 65 0.8 71 0.9 
4872 24 0.8 30 0 56 0 86 0 92 0 98 0.3 
4953 21 0.6 35 0.8 49 0.6 53 0.8 90 0.3 
4981 3 0.7 9 1 18 0 20 0.5 50 0.7 63 0.4 76 0.8 92 0.4 
5175 38 0.8 40 0.8 67 0.3 83 1 89 0.5 91 0.9 
5316 30 0.8 64 0.8 68 0.4 76 0.9 
5319 95 0.9 
5324 14 0 40 0.9 
5526 18 0.7 42 0.9 46 1 64 0 72 0.4 77 0 99 0.6 
5547 9 1 30 0.3 71 0.3 79 1 
5611 8 0.4 14 0 23 0.8 82 0 99 0 
5937 0 0.9 12 1 33 0.6 35 0.5 72 0.4 78 0.7 96 0.4 
6034 1 0.7 9 0.4 93 0.5 
6283 15 0.8 
6305 23 0.6 30 1 32 0.8 48 0.7 50 0 
6449 32 0.9 83 0.3 
6534 0 0.8 39 0.3 51 0.3 52 1 70 0.9 71 0 80 0 92 0.4 
6616 1 0.6 37 0.7 60 0.6 
7015 0 0.6 4 0.5 34 0.6 53 0.7 55 0.7 57 0.7 62 0.5 70 0.6 90 0.9 99 0 
7045 23 0.5 45 1 46 0.5 51 0.9 64 0 70 0 74 0.5 
7143 12 0 19 0.3 41 0.5 
7202 86 0.6 
7270 1 0.5 7 0.4 21 0.4 41 0.7 61 0.5 65 0.9 74 0.6 94 0.7 
7455 19 0.8 24 0.6 30 0 45 0 48 0.5 59 0.9 74 0 
7530 39 0.6 43 1 50 0 60 0 69 0 77 1 78 0 79 0.6 93 0 94 0.7 
7604 2 0.8 7 0.8 13 1 27 0.6 28 0.8 30 1 46 0.7 62 0.4 76 0.5 94 0.6 
7697 21 0.8 
8161 2 0.4 9 0.8 16 0.3 19 0 70 0.5 76 0 77 0.7 85 0.4 
8398 47 0.8 58 0 72 0.3 
8641 38 0.9 51 0.6 77 0.6 86 0.4 
8756 5 0.6 25 1 47 0.5 76 0 84 0.3 92 0 
8827 20 0 21 0.3 24 0 36 0.9 49 0.8 59 0.6 65 0 
8853 19 0.7 44 0.5 46 0 72 0.4 
8865 4 0.5 18 0.7 41 0.9 50 0.6 79 0.8 98 0.8 
9153 7 0.7 28 0.4 44 0.4 45 0.5 47 0.4 73 0 81 0 82 0.8 95 0.4 
9286 50 0.9 
9339 62 0.6 
9546 16 0 40 0.5 84 0.4 93 0.7 
9700 2 0.3 
9717 25 0.7 38 0.3 44 0.4 53 0 61 0 67 0.8 72 0 85 1 91 0 96 0.3 
9748 1 0.8 55 0 56 0 68 0.3 78 1 93 0.4 95 0 
9787 10 0.4 30 0.4 37 1 39 0.3 47 1 69 0 77 0.4 79 0 91 0.5 
9835 27 1 51 0.8 52 0.3 55 0.8 80 0.6 87 1 
9888 11 0 14 0.4 28 0.7 37 0 41 0 51 0.5 58 0.5 91 0 
9929 10 0.7 24 0.8 39 0.6 45 1 47 0 48 0.3 91 0.4 93 0.5 98 0.5 
9990 54 0.3 57 0.3 61 0.5 87 0 91 0 92 1 
