100
226 14 0.5 31 0 37 0.8 39 0.3 41 0 42 0.3 44 0.6 47 1 94 0.8 99 0.5 
374 40 0.4 59 0.7 71 0.3 79 0.7 83 0.4 85 0.5 89 1 90 0.9 
407 5 0 22 0 34 0 38 0 42 0.9 51 0.9 55 0 59 0.5 97 0.3 
442 71 0.3 
573 4 0.8 13 1 37 0 
687 36 0 61 1 62 0 94 0 
692 70 0.8 72 0 73 0.7 80 0.9 85 0.3 89 0 96 0.8 99 0 
730 11 0 24 0 32 0.3 51 0.8 58 0 77 0.7 79 0 93 1 96 0.7 
916 19 0 38 1 56 0.9 67 0.6 
953 27 0.7 52 0.8 53 0.6 55 0.3 57 0.5 59 0.9 87 0 
1000 24 0.7 
1188 6 0.9 17 0 36 1 41 0.8 68 0 
1347 6 0.7 13 0 19 0 65 0.6 69 0.6 77 0.8 82 0 84 0.9 86 0 90 0 
1415 26 0.5 55 0.3 96 0.6 
1465 28 0.9 50 0 54 0.7 99 0.7 
1645 32 0.9 
1667 2 0 9 1 58 0 70 0.5 83 0.3 98 0.7 
1690 1 0.3 11 0.3 
1709 13 0.8 80 0 
1952 12 0 16 0.5 19 0 74 0.7 84 0.6 88 0.4 
1982 0 0 6 0.7 10 0 24 0.3 38 0.7 47 0.9 63 0.4 67 0.8 83 0 
2063 27 0 36 0.6 44 0.4 45 0.7 55 0 73 0.3 83 0.8 99 0.5 
2108 0 0 29 0.9 42 1 46 0.8 85 0 
2196 77 0.9 
2222 1 0.9 12 0.5 54 1 57 0 66 0.8 76 0.9 82 0.7 85 0 99 0.4 
2236 15 0.8 18 0.5 68 0 75 0 92 0 94 1 95 0.9 
2305 45 0.8 
2401 2 0.3 41 0.4 57 0.3 81 0.5 83 0 
2468 9 0.9 46 0.4 75 0 
2503 51 0.4 56 0.9 
2512 40 0.5 60 0.5 70 0 
2719 72 0 80 0.7 83 1 97 0.4 
2824 1 0.5 23 0.7 37 0.6 50 0.7 62 0.5 63 0.9 70 0.5 76 0 85 0.9 89 0.4 
3101 15 0.7 20 0.3 42 0.9 58 0 
3179 45 1 
3222 18 0 39 0.6 60 0.7 
3227 1 0.6 21 0 29 1 52 0.6 53 0.5 76 0 
3288 30 1 39 0.9 40 0.8 41 0 45 0.3 49 0.9 53 0.3 64 0.6 
3291 19 1 48 0.3 61 0.9 65 0.8 75 0 84 0 87 0.6 99 0.4 
3293 0 0.8 20 0.5 22 1 23 0 36 0 41 0.7 60 0.3 62 1 97 0.5 99 0 
3489 24 0 32 0 72 0.6 85 0.9 93 0.4 
3523 4 0 7 0.3 28 0 32 0 45 0 49 0.6 59 0 65 0.9 67 0.7 79 0.5 
3553 15 0.5 25 0.7 29 0.6 54 0.6 77 0.6 
3605 12 0.7 17 0.5 21 0.3 56 0.9 79 0 85 0.8 
3737 2 0 27 0.4 31 0.3 
3841 0 0.5 5 0.3 10 0.5 19 0 35 0.3 38 0 54 0 55 0 62 0 68 0.8 
3848 16 0.3 43 0.7 48 0.4 62 0.5 71 0.5 85 0 94 0.7 
3922 20 1 65 0.9 
3990 1 1 9 0 41 0.6 50 0.4 73 0 80 0 95 0.9 
4324 20 0.7 38 0.9 48 1 65 0.3 88 0 
4349 17 0.8 28 0.9 32 0 38 0 60 1 75 0.8 84 0.8 93 0.8 
4516 15 0.4 35 0 50 0.3 68 0.4 83 0.3 87 0.4 
4525 18 0.7 21 0.5 23 0 49 0 62 0.5 63 0.4 72 0.7 73 0.3 
4565 0 0.5 22 0.7 40 0.8 
4569 94 1 
4618 9 0.5 46 0.8 51 1 68 0.6 74 0 89 0 96 0.7 
4690 53 1 90 0.6 92 0.7 
4696 15 0.3 82 0 83 0.3 
4717 50 0.3 63 0.5 84 1 
4718 11 0.9 15 0.4 55 0 64 0.6 74 0.9 86 0.7 93 0.7 98 0.7 
4907 34 0.9 
5103 1 0.3 6 0 43 0.6 46 0.8 71 0.6 73 0.7 
5157 44 0 54 0.9 77 0.8 82 0 
5188 49 0.5 
5380 79 0.7 94 0.8 
5410 21 0.5 46 0.9 60 0.8 87 0.9 
6088 28 0 83 0.4 86 0 97 0.4 
6387 0 0 30 0.9 98 0 
6479 9 1 36 0.9 41 0.4 56 0.5 61 0.8 66 0.8 73 0 83 0.8 
6602 14 0.8 47 0.8 63 0.9 71 0 76 0 81 0 
6722 3 0.5 5 0 25 0.9 38 0.5 41 0.7 46 0 76 0.9 77 0 
6757 95 0.3 99 0.4 
6811 24 0.3 27 0.9 30 1 51 0.9 63 0 64 1 80 0.8 91 0.6 
6813 2 0.7 55 1 57 1 81 0.6 84 1 90 0 
6997 76 0 83 0 85 0.5 
7175 0 0.9 7 0.7 24 0 28 0.7 42 0.4 66 0 78 0 
7384 1 0 11 0.4 15 0.8 18 0 42 0 60 0.3 67 0.4 71 0.9 90 0.8 
7412 0 0 32 0.5 46 0.4 52 0.9 65 0 80 0 88 0.4 89 0.3 97 0.9 98 0.5 
7517 4 0 39 0 61 0.8 74 0.3 77 0.6 79 0 98 0.8 
7680 12 0.7 36 0.8 54 0.7 67 0 72 0 76 0 77 0 82 0 91 0.6 99 0 
7790 9 0.9 35 1 36 0.9 40 0 51 0 85 0.9 
7818 96 0.7 
8185 44 0.7 47 0.4 56 0.4 98 0.9 
8428 17 0.7 20 1 43 0.9 68 0.5 83 0.9 89 0 
8487 21 0 32 0.3 85 0.4 
8501 4 0.9 5 0 13 0.6 32 0.9 35 0 62 0.9 70 0.6 
8533 5 0.7 16 0.7 17 0.3 21 0.8 40 0.3 45 0 70 0.6 88 0.6 91 0.9 
8847 3 0.3 8 0.7 27 0.3 47 0.5 60 0 86 0.6 98 0 
8874 10 1 
8991 14 0 25 0.9 34 1 51 0.3 56 0.6 75 0.9 84 0.4 
8999 13 0.4 48 0.9 63 0 79 1 
9157 19 0.4 22 0.6 32 0.4 45 0 99 0.9 
9219 18 0.5 26 0.9 27 0 82 0.6 88 0.9 92 0.5 
9312 64 0 
9395 21 0 51 1 52 0 54 0.7 
9448 59 1 76 0 
9451 31 0.8 33 0.9 43 1 56 0 68 0 69 0 
9521 27 0.3 59 0 72 0 75 0.5 79 0 89 0.6 91 0 92 0.3 97 0.7 98 0.6 
9623 15 0 42 0.4 
9745 5 0 19 0.9 36 0 37 0.3 62 0.8 66 0.3 96 0 
