100
208 89 0.8 97 0.4 
213 1 0.7 
282 0 0.5 10 0.3 58 0.7 61 0.7 83 0.3 92 0 96 0.6 99 0.6 
406 0 0 8 0.8 22 0.4 43 0.7 82 1 90 0 
447 26 0 29 0.5 42 0.4 68 0 72 0.5 85 0.6 88 0.8 93 0.8 
538 8 0.3 18 0.5 52 1 94 0 
561 6 0 7 0.8 60 0.7 65 0.5 77 0.9 95 0.5 
608 1 0.6 4 1 15 0.5 19 0 32 0.8 64 0 66 0.3 69 0 70 0 96 0.6 
943 11 0.7 16 0.8 24 0.5 49 0.3 51 0.3 88 0.5 
1187 5 0.9 18 0.5 28 0.6 90 0.7 
1204 0 0.5 8 0 15 0.6 49 0.9 58 0.9 60 0.9 67 0 74 0.3 84 0 98 0.6 
1223 40 0.5 47 0.9 51 0.5 57 0.9 74 0.7 77 0.7 89 0 
1241 14 0.5 49 0.8 
1249 50 0.9 52 1 
1274 11 0.6 37 0.3 49 0 59 0.4 69 0.4 84 0 93 0.3 
1373 5 1 45 1 63 0.5 70 0.9 71 1 79 1 95 1 98 0.8 
1525 22 0 63 1 97 0.6 
1532 34 0.6 83 0.8 
1632 4 0 10 0.4 33 0.6 64 1 65 0 75 0.9 80 0.8 
1813 19 0 26 0.6 51 0 
1941 31 0.3 54 0 65 0.4 
2108 0 0.4 29 1 42 0 46 1 85 0 
2199 17 0.8 19 0 26 0.3 39 0.7 47 0 67 0 70 1 76 0 87 0.8 
2272 32 0 47 0.6 
2304 0 0 14 0 22 0 30 0.8 48 0 55 0.3 92 0.6 97 0 
2387 1 0.7 31 0.3 45 0.4 49 0 73 0.3 81 0.6 98 0 
2517 11 0.3 25 0 32 0.4 37 1 63 0.4 84 0.3 
2749 10 0 60 0.4 68 0.4 
2814 13 1 38 0.3 39 0 47 0.4 69 0.9 75 0 91 0.4 
3037 1 0.4 8 0.3 18 0.3 72 0 89 0 
3117 16 0.9 21 0.7 23 0 31 0.7 36 0.7 42 0.6 45 0.9 54 0.8 98 0.4 
3289 2 0 30 0.4 33 0.3 48 0.9 54 0.7 60 0 63 0.6 69 0 78 0.7 
3308 12 0.4 
3318 12 0 55 0 56 0.3 57 0 66 0.9 82 0.8 90 0 
3522 2 0 15 0.7 28 1 31 0.5 54 0 61 0 66 0 68 0.4 93 0.5 
3693 21 0.8 30 0 62 0.6 63 0.6 73 0.7 95 0 99 0 
3793 3 0.7 19 0 39 0.5 66 0.8 73 0 88 0.6 96 0 
3878 3 0.5 68 1 81 1 
3939 24 0 35 0.9 47 0 51 1 67 0.4 
4353 32 0.5 58 0.7 75 0.3 78 0.6 89 1 
4356 7 0 29 0.7 87 0.4 
4603 5 1 40 0.7 69 0 
4618 9 1 46 0.5 51 0.5 68 0 74 0 89 0.6 96 0 
4683 8 0 13 0.6 17 0.9 24 1 56 0.6 58 0.5 85 0.4 
4730 28 0.3 63 0.3 
4756 4 0.7 18 1 20 0 31 0.7 32 0.9 34 0 38 0 61 0.5 89 0.7 97 0 
4800 20 0.8 21 0.5 26 1 44 0.9 49 0.6 58 0.7 62 0.5 65 0 71 0.8 
4911 49 1 75 0.5 84 0 
4976 10 0.9 33 0.4 94 0.3 
5099 50 0.6 72 0.7 
5113 2 0 4 0.6 6 1 44 0.4 50 0.7 67 0.8 94 0 99 0 
5272 0 0 27 0.4 
5555 16 1 20 0 30 0.3 39 0.4 58 0 63 0 64 0.8 67 0 96 0.9 
5619 3 0.7 5 0.3 37 0.4 52 0.9 76 0.7 91 0.5 
5809 5 0 11 0.5 16 0.3 24 1 61 1 74 0.5 77 0.6 82 0.5 89 0 
5817 37 0.6 44 0.4 47 0.3 48 1 49 0.3 62 0.7 69 0.5 73 0.7 78 0 85 0.4 
5848 2 0 21 0.9 38 0 46 0.4 51 0.5 62 0 76 0.3 81 0.9 85 0.4 90 0.3 
5891 25 0 32 0.8 40 0.9 59 0.5 66 1 89 0.8 
6020 7 0 39 0.4 44 0 
6157 13 0 22 0 47 0.5 52 0.9 68 0.6 71 0 75 0 76 0 79 0.4 83 0.6 
6268 1 0.9 5 0.6 53 0 68 0 81 0 
6349 0 0.4 6 0.6 10 0.6 24 0 51 0.8 62 0.6 67 0.5 77 0.9 97 0.5 
6389 6 0 80 0 
6421 20 0 40 0.7 71 0.8 74 0.6 
6504 12 0.5 42 0.7 94 0.6 96 0.7 97 0.6 
6710 10 0 
6744 5 0.6 6 0.6 13 0.5 21 0 40 0.4 49 0 58 0.4 
6911 6 0.7 70 1 96 0.5 
6957 27 0.8 36 0 47 0 72 0.3 75 0.9 80 0.5 82 0.3 
7006 51 0 53 0.3 58 0.4 67 0.6 69 1 70 0.5 88 0.7 91 0.9 95 0 98 0 
7040 18 0.8 37 0.9 41 0.7 52 0.6 58 0.9 
7084 1 0.5 7 0 13 0.6 67 0 74 0 84 0 87 0.8 
7218 28 0 40 0.3 88 0 
7251 17 0.6 27 0.4 35 0 53 0 78 1 89 0 
7533 8 0.6 12 0.5 19 1 27 1 35 0.5 45 0.6 47 0.4 
7540 5 0.9 30 0.8 42 0.4 44 0.8 65 0.6 71 0 79 0.7 94 0.4 
7788 72 0.4 73 0.3 
7796 14 0.5 36 0 54 0.6 71 0.7 80 0.6 89 0.4 90 0 99 0 
7952 42 0.6 61 0.9 85 0.5 
7964 19 0.5 48 0.7 62 0 70 1 92 1 98 0.5 
8188 7 1 38 0.7 46 1 58 0 59 0 75 0.4 
8288 12 0 
8351 22 0 51 0.8 80 0.7 87 0.8 89 0.4 
8434 5 0.7 36 0.3 39 0.3 52 1 54 0.5 64 0 
8474 1 0.9 5 0 16 0.5 22 0.6 25 0 26 0 35 0 45 0 92 0 
8582 13 0.7 16 0.5 20 0 32 0 91 0.7 
8614 2 0.9 7 0.8 22 0.3 27 0.6 41 0.5 45 0 71 0 87 0 90 0.3 99 0 
8624 32 0 33 0.8 35 0 38 0.7 61 0.5 72 0.6 87 0.3 98 0.5 
9139 6 0 14 0.6 22 0.7 49 0.7 52 0.5 60 0 62 0.3 67 0.8 90 0.3 92 0.4 
9203 0 0.5 3 0.3 18 0 26 0.4 28 0.8 33 0.8 37 0 41 0 48 0 
9324 10 1 12 0.3 19 0.5 37 0.4 49 0.4 60 0 90 0 
9353 2 0.9 49 1 53 0.6 71 0.7 76 0.4 91 1 
9470 1 0.3 17 0.6 20 0.4 24 1 67 0.7 
9680 28 0.7 37 0.5 45 1 
9757 0 0.3 6 0 38 0 43 0.7 58 0.5 
9780 8 0.8 50 1 69 0.6 95 0.5 
9939 23 0.5 29 0.5 36 1 39 1 47 0.9 69 0 73 0.4 76 0 77 0.9 95 0.3 
9942 41 0.3 81 0.7 
9992 52 0.3 81 0 
9996 40 0 68 0 78 0.3 
