100
62 49 0.9 62 0.4 70 0.5 73 0.7 
71 7 0.9 17 0 42 0 59 1 76 0.9 79 0 85 0.9 95 0.8 
252 3 0 28 1 32 0.9 51 0.4 59 0 62 0 82 0.8 
438 30 0.5 66 0.7 85 0.7 91 0.9 
626 44 0.7 52 0.8 84 0 95 0.4 
836 32 0.7 
863 8 0 29 0.6 35 1 51 0.4 65 0 66 1 86 0.8 87 0.5 89 0 
898 0 0.5 45 0.5 82 0 
1001 6 0.9 7 0.4 20 0.4 31 1 54 0 57 0.4 74 0.5 92 0.3 
1011 1 0.3 4 0.4 28 0.6 31 0 78 0 93 0.4 
1034 7 0 33 0 34 0 46 0.8 73 1 
1048 29 0.9 32 0 37 0.4 39 0 
1053 10 0.7 
1123 9 0.5 46 0 50 0 54 0 89 0.8 97 1 
1150 35 0.5 78 0 
1283 0 1 6 0.7 52 0.9 55 0 63 0.9 96 0 
1426 0 0.3 9 0 23 0 28 0.3 38 0 46 0.9 47 0.7 51 0.3 55 0.8 61 0 
1460 15 0.3 23 0.8 63 0.9 64 1 65 0.8 77 0.7 79 0.4 86 0.6 90 0.7 
1533 5 0.5 28 0.9 92 0.7 95 0.7 
1656 2 0.8 4 0 11 0.9 39 0.5 67 0.7 
1661 14 0 39 0.5 58 0.9 
1769 16 0.4 22 0 27 0.3 35 0.3 56 0 79 0 97 0 
1782 1 0.5 2 0 43 0.4 53 0.9 54 0.4 65 0 71 0.4 85 0 99 0 
1882 12 0.4 38 0.5 64 0.5 93 0 
2017 4 0.3 15 0.3 26 0.3 27 0.9 32 0.3 35 0.9 48 0.6 
2222 1 0.7 12 0.5 54 0.7 57 0.7 66 0.3 76 0 82 0 85 0 99 0.8 
2414 53 0.8 
2488 50 0.7 55 0 87 0.3 
2541 0 0 38 0.8 39 0.7 45 0 53 0.8 94 0.9 
2550 43 0.9 
2618 8 0 
2626 8 0 13 0.4 19 1 22 0.4 25 0 32 0.7 85 0.7 94 0 
2674 8 0 17 0.7 78 0.7 84 0.8 90 0.7 98 0.4 
2681 4 0.4 40 0 50 0.8 60 0 68 0.4 89 1 97 0 
2808 89 0.3 
2840 28 0 40 0.8 47 0 56 0 
2934 8 0 29 0.7 32 0.4 46 0.4 51 0.5 72 0.5 
3068 26 0 29 0.8 35 0.7 38 0.4 39 0.6 72 0.6 
3142 11 1 21 0.7 41 1 84 0 
3169 25 0 34 0.3 47 0 56 0.9 
3291 19 0.5 48 0.6 61 1 65 0.8 75 0.9 84 0 87 0 99 0 
3489 24 0.6 32 0.3 72 0.4 85 0.3 93 0 
3735 6 0 13 0.8 14 0.4 34 0.9 39 0.9 58 0.6 69 0.9 88 0.7 
3941 1 0 
4157 4 0.8 25 0.4 35 0.4 52 0.3 65 0.6 74 1 76 0.5 83 0 
4282 31 0.7 42 0.4 83 0.3 
4462 8 0.7 9 0.9 16 1 25 0.9 34 0.8 63 0.8 73 0 81 0.3 91 0.5 
4560 14 0.8 38 0.3 79 0.7 
4563 63 0 80 0.8 83 0.5 
4642 5 0.3 36 0.4 42 0.7 52 0.6 55 0 68 0 76 0 89 0 94 1 
4712 1 0 12 0.9 36 0.7 38 0 40 0 60 0 62 0.6 75 0 95 0.5 
4870 17 0 25 0 52 0.3 54 0.7 66 0.7 67 0.9 72 0 81 0 83 0 
5064 0 1 46 1 
5428 4 0.8 46 1 59 0 
5499 28 0.6 48 1 64 0.7 94 0 
5570 71 0.7 
5778 20 0 57 0.4 59 0.9 78 1 79 0.5 88 0.3 90 0.9 
5862 0 0.5 6 0.5 10 1 25 0 38 0.4 41 0.3 50 0 59 0 61 0 87 0.7 
6008 1 1 6 0.3 13 0.5 17 0.8 28 0.5 29 0 82 0.6 
6014 52 0.5 76 0 
6036 41 0 87 0.6 
6058 32 0.8 
6253 5 0.7 33 1 38 0.6 49 0.3 62 0.3 66 1 68 0.9 77 0 86 0.7 94 0.5 
6483 29 0 51 0.5 57 1 58 0.7 87 0 94 0 
6498 9 0.6 31 0 32 0.9 37 0.7 41 0 53 0.9 59 0.5 60 0.8 84 0.9 99 0 
6586 54 1 62 0.9 
6606 17 0 22 1 26 0.7 37 0.7 39 1 55 0.4 56 0 
6696 65 0.9 70 0.3 
6757 95 0 99 0.5 
6835 2 0.6 7 0.4 27 0 39 0.5 41 0.3 47 0.9 80 0 84 0.6 85 0.8 88 0.3 
6847 41 0 78 0.7 
6939 63 0 
6968 1 0 2 0 5 0.8 11 0 20 0.8 69 1 76 0 84 1 
7069 32 0 34 0.9 42 0 59 0.9 83 0.3 99 0.7 
7084 1 0 7 0 13 0.9 67 0.6 74 0.7 84 1 87 0.3 
7193 76 0.4 77 0.9 98 0.9 
7195 22 0 39 0.3 66 0.5 75 1 95 1 96 0.6 99 0.4 
7224 11 0.7 46 0.8 
7303 29 0.5 
7329 12 0.3 19 0.3 36 0.3 45 0 60 0.3 80 0 86 0 
7480 90 0.6 94 0.6 
7825 45 0.5 68 0 81 0.7 89 0.9 95 0.3 99 0.9 
7853 1 0 18 0.7 34 0.4 46 0.7 52 0.8 76 0.5 79 0 91 0.4 
7974 14 0 27 0.8 35 0.4 37 0.6 43 0.5 64 0.9 68 0.3 71 0.5 
8118 19 0.7 26 0.8 37 0.8 38 0 66 1 73 0.9 
8147 2 0 30 0.4 65 0 80 0.8 
8299 23 0.5 24 0 35 0.9 51 1 54 0 55 0.8 57 0.3 77 0.9 84 0.4 96 0.4 
8327 7 0.8 39 0.8 
8448 64 0 
8639 1 0.3 2 0.9 8 0.9 16 0.4 44 0.9 59 1 68 0.3 90 0.5 91 0 92 0.6 
8664 25 0.8 28 0.8 32 0 43 0.9 50 0 81 0 84 0.7 92 1 95 1 96 0.7 
8825 39 0.6 57 0 70 0 73 0.5 89 0.7 
9064 2 0 9 1 17 0 23 0.6 34 0.5 42 0.3 86 0.3 
9090 1 0 22 0.7 27 0.8 60 0.3 67 0.5 85 0.7 90 0 93 0.8 96 0.3 
9175 47 0.8 52 0.6 65 0.4 74 0.6 84 0.4 90 0 97 0.5 
9186 24 0.4 41 1 48 0 57 0.8 72 0 78 0 86 0.4 90 0 91 0.6 
9246 6 0 7 0.5 50 0.7 58 0.9 61 0.5 84 0 85 0.4 95 0.7 
9637 5 0.9 18 0.5 22 0 28 0.3 55 0 84 0.7 85 0 88 0.6 90 0.4 95 0 
9763 56 0.5 89 0.9 
9823 22 0.3 28 0.7 64 0.9 
