100
68 60 0 86 0 95 0.5 
105 29 0.3 36 0.7 55 0.9 56 0.9 78 0 81 0.5 82 0 87 0 92 0.7 95 0 
127 1 0.7 9 0.8 11 0 57 0.5 76 0.5 88 0.6 
274 4 0.9 13 0.4 38 0.8 50 0 52 0.4 67 0 68 1 72 0.6 82 0.5 88 0.4 
300 2 0.3 46 0.5 63 0.6 65 1 72 0.4 
312 95 0.6 
510 35 0 49 0.6 93 0.5 
544 2 0.4 13 0.7 26 0.4 44 0.4 53 0 57 0.8 60 0 69 0.7 82 0.3 
665 10 0.6 14 0.5 27 0 44 0.5 46 0.3 51 0.7 57 0 75 0.7 
830 9 0 45 0.8 46 0.9 51 0 62 0.6 67 0.4 90 1 91 0.8 94 1 95 0.6 
845 25 0.3 
899 42 0.5 95 0.5 
923 45 0 69 0 
969 10 0.6 22 0.6 60 0 78 1 
977 0 0.7 6 0 8 0.9 75 0.9 77 0.6 
1095 14 1 16 0.8 26 0.4 83 0 
1098 18 0.6 21 0.3 63 0.8 94 0.6 
1109 26 0.6 31 0.8 49 0 73 0 75 0.7 96 0.3 
1295 35 0 36 0 50 0.9 71 0.9 83 0 88 0.3 89 0.3 94 0 
1316 4 0.6 9 0.4 34 0.4 37 0.4 47 0.6 56 0 63 0.5 68 0 71 1 85 0.4 
1431 2 0 5 0.4 49 0.4 72 0.8 86 0.8 88 0.8 
1472 10 0 29 0.5 46 0 54 0.8 61 0.3 84 0.5 
1487 2 0.6 5 0 14 0 36 0.3 50 0.4 55 0.7 57 0 74 0.3 82 0.9 97 0.4 
1512 0 0 13 0 42 0 74 0.5 75 0.8 83 0.9 85 0.5 
1663 2 0 15 0 20 0 27 0.9 62 0 74 0.5 97 0.5 
1681 11 0 18 0 35 1 72 0.6 80 0.6 83 0.5 84 0.5 98 0.7 
1714 15 0 20 0.4 23 0.6 41 0.5 44 0.6 45 0.4 53 0 
1717 3 0.7 25 0.3 68 0 
1766 34 0.8 81 1 98 0 
1901 22 0.8 39 1 57 0 
1969 4 0 73 0.9 82 0 
2189 5 1 21 0 37 0.5 57 0.8 59 0.5 61 0 67 0 73 0.6 75 0.4 99 0.4 
2373 38 0.8 
2406 28 0.7 45 0 47 0.4 66 0.6 71 0.5 72 0.4 
2460 22 0.8 28 0 38 0.7 41 0.4 45 1 48 1 81 0.4 97 1 98 0 99 0.9 
2674 8 0.4 17 0.9 78 0.6 84 0.9 90 0.7 98 0.9 
2738 3 1 39 1 46 0.3 71 1 81 0.9 
2814 13 0 38 0 39 0 47 0.4 69 1 75 0 91 0.8 
2822 33 0 34 0.6 51 0 
2824 1 0.8 23 0 37 0.8 50 1 62 0.8 63 0.6 70 0 76 0.5 85 0 89 0.8 
2870 63 0.4 69 0.3 90 0.9 95 0.6 
2918 1 0.9 4 1 10 0.7 18 0 23 0 47 0.8 86 0.8 91 0 92 0.7 96 0.7 
2945 5 0 20 0.4 30 0.5 33 1 46 1 68 0 79 0.4 85 0 94 0.6 
3033 20 0 27 0 56 0.9 78 0.7 80 0.3 89 1 
3057 3 0.6 28 0.5 39 0 52 0.5 66 0.3 73 0.8 
3212 14 0.8 21 0.7 35 0.8 36 0.9 76 0 87 0 
3450 28 1 52 0 54 0 66 0.3 83 0 89 0.8 
3600 43 0.5 44 0.9 45 0.4 52 0.9 58 0 62 0 84 0.5 87 0.3 97 0 
3634 4 1 7 0 11 0.3 54 0 63 1 87 0 
3750 59 0 
3792 18 0.6 24 0.4 79 0.6 
4032 9 0 16 0 17 0.6 19 0.9 26 0 38 0.3 55 0 63 0 86 1 88 0 
4089 48 0 77 0.5 78 0 91 0.6 
4397 33 0 47 0.5 56 0.7 
4435 14 0.4 20 0.8 43 0.7 52 0 53 0.7 65 0.9 83 0.8 84 0.5 
4696 15 0.8 82 0.9 83 0 
4747 0 0.9 2 0.5 40 0.7 42 0.4 48 0.6 62 0 72 0.6 94 0.6 95 0.5 98 0.8 
4818 17 0.6 23 1 33 0.4 38 0.7 67 0 80 0 88 0.5 
4876 22 0.9 26 0 29 0 42 0.4 64 0.7 73 0.3 93 0 95 0 
4911 49 0.6 75 0 84 0.9 
4989 1 0.3 5 0.9 20 0.8 23 0.6 37 0.8 77 0.3 82 0.9 84 0.5 86 0.9 92 0.4 
5006 17 0.6 18 0.3 37 0.8 48 0 49 0.8 58 0.4 79 0.3 
5250 29 0.4 32 0.9 64 0.4 
5306 31 1 
5436 1 0.8 7 0 9 0.6 42 0 48 0.3 65 0 79 0 82 0.5 89 0.7 96 0.8 
5560 14 0 17 0.8 30 0.4 34 0.8 78 0.6 80 0.7 
5622 25 0.5 31 0.9 57 1 
5664 16 0.3 84 0.4 
5912 50 0 53 0.5 67 0 
5914 2 1 47 0.7 52 0.5 58 0.6 61 0.6 
6046 13 0.7 52 0.7 58 0.6 97 0 
6120 3 0.9 5 0.7 46 1 53 0 56 0 68 0.8 74 0.6 91 0.6 93 0.5 
6324 36 0.4 42 0.7 72 0.6 81 0.5 94 0.6 
6504 12 0.5 42 0.8 94 0.8 96 0 97 0.8 
6548 66 0.6 75 0 81 0.8 96 0 
6556 1 0.9 27 0.5 65 0 99 0 
6558 28 0 82 0.3 
6623 35 0 
6653 25 0.9 77 0 80 1 
6672 87 0.7 96 0.9 
6817 16 0.8 96 1 
6990 13 0 17 0 24 0.4 32 0.5 41 0 42 0.9 49 0 62 0.3 65 0.5 91 0 
7014 20 0.8 29 0 52 0 63 0.5 69 0.3 70 0 73 0.4 76 1 80 0.4 96 0.3 
7080 13 0 27 0.9 
7114 2 0.4 40 0 45 1 
7226 22 0.4 46 0.5 60 0.3 69 0.6 
7282 3 0.7 10 0.9 31 0.7 34 1 40 0.7 48 0 74 0 81 0.8 83 0.3 93 0.9 
7803 7 0.3 55 0.3 69 0.3 88 0.5 90 0 95 0.4 96 1 
8493 29 0.7 35 0.4 37 1 63 0 72 0.9 
8718 21 0.7 33 0.8 37 0.5 39 0.5 60 1 86 0.6 
8947 4 0.7 21 0.4 38 0 68 0.7 71 0.6 72 0.5 77 0.6 84 0.9 
9056 33 0.7 93 1 
9079 34 1 36 0.5 43 0.8 44 0.5 58 0.4 59 0.4 70 0.9 88 0.5 95 0.8 
9161 22 1 26 0.5 57 0.3 69 0.3 77 0.9 79 0.5 86 0.7 87 0 90 0.8 
9273 25 1 83 0.8 
9346 12 0.6 37 0.9 47 0.3 61 0 72 0.7 78 0.5 85 0.4 86 0.6 
9653 14 0 20 0.4 24 0.6 52 0 55 0.8 72 0.4 84 0 
9838 7 0.8 28 0 30 0 63 0.4 75 0 86 1 91 0 
9847 11 0.9 
9901 11 0.8 18 0 86 0.9 
