100
122 32 0.6 35 1 44 0.9 55 0.7 56 0.8 60 0.7 78 0.7 86 0 92 1 
125 24 0.6 27 0 48 0.7 53 0.4 94 1 
157 49 0 73 0 92 0.7 95 0.9 
355 4 0 5 0 14 0.8 29 0 42 0.7 56 0 60 0.6 73 0 77 0.8 
416 8 0 11 0.7 16 0.7 19 1 53 0.9 58 0 64 0.9 74 0.8 
528 4 0.7 41 0.3 
933 22 0 90 1 
1098 18 1 21 0.8 63 1 94 0 
1171 51 0.5 52 0 69 1 
1197 11 0.4 19 0.9 40 0.9 41 0 68 0.5 80 0 94 0.5 99 0.3 
1224 18 0.9 21 0 48 0.8 
1406 4 0 16 0.7 33 0.3 37 0.6 47 0 51 0.6 65 0.4 90 0.4 97 0.7 
1486 57 0.4 
1506 1 0.7 
1514 0 0.7 22 0 46 0.7 68 0 82 0.4 86 1 87 1 97 0.8 99 0.6 
1626 29 0 34 0.9 51 1 60 1 65 0.9 67 0.3 72 0 96 0.6 97 0 98 0.4 
1714 15 0.4 20 0 23 0.7 41 0 44 0.8 45 0.3 53 0 
2013 16 0 58 0 64 0 65 0.7 68 0.3 72 0.6 85 0 90 0.8 
2156 19 0.7 36 0.3 41 0.6 77 0.9 
2176 17 0 31 0.6 45 0.9 69 0 72 0 88 0.8 92 0.7 
2200 22 1 30 0.3 68 0 
2293 34 0 37 0.3 44 0.8 64 0.5 70 1 98 0 
2325 19 0.8 26 0 38 0.5 60 0.9 72 0.6 80 0.9 83 1 88 0 96 0.6 
2537 2 0.8 3 0.4 4 0.5 15 0.9 21 0.5 24 0.3 57 0.4 67 0.7 71 0.8 
2662 3 0 25 0.5 42 0.7 43 0 63 0 73 0.9 88 0.6 
2704 19 0.5 23 0.9 31 0.7 39 0.8 43 0.4 69 0 71 1 78 0.6 79 0.7 
2735 65 0.8 
2831 23 0 29 0.9 40 1 58 0 64 0.7 70 0.9 84 0.7 95 0.6 98 0.8 
2839 41 0.3 91 0.9 
3250 13 0 27 1 47 0 49 0 57 0.3 67 0.7 76 0.5 79 0.5 81 0.5 
3305 36 0 40 0 70 0.4 71 0.8 
3488 3 0.7 43 0 44 0.5 
3564 12 0.5 21 0.5 73 0 
3606 3 0.6 6 0 12 1 15 0.9 20 0.6 39 0.5 52 0.8 64 0.7 66 0.3 
3635 0 0.5 5 0.3 14 0.8 20 0.6 21 0.6 37 0.8 63 0.9 77 1 90 0 97 0 
3912 1 0 8 0 18 0.6 21 0.4 38 0 62 0.5 73 0.4 93 0 98 0.6 
3970 46 0 53 0.8 
4038 20 0.3 44 0.7 48 0 65 0.3 
4080 7 0 32 0.9 35 0.5 
4422 1 0.6 16 0.3 38 0.9 40 0.4 46 0.4 64 1 69 0.8 84 0 90 0 99 0.5 
4450 92 0.4 
4482 9 0 62 0.6 65 0.3 
4509 4 0.6 61 0 68 0.6 84 0 98 0.7 
4700 9 0.8 13 0.3 18 0.5 22 0 37 1 64 0.6 72 0.9 73 0 76 1 
4722 27 1 43 0.5 47 1 97 0.5 99 0.9 
4794 8 0.3 10 1 22 0.4 38 0.9 62 0.4 67 0 71 0.8 83 1 92 0.4 
4895 41 0.6 46 0.5 59 0.7 78 1 79 1 83 0.9 84 1 95 0.7 99 0 
4979 7 0 56 0.7 77 0.4 96 0 
5003 39 0.8 57 0 65 0 93 0.3 
5232 17 1 20 0 27 0.9 36 0.6 53 0.6 62 0.9 85 0.8 87 1 
5480 5 0.5 7 0 21 0.9 22 0.7 42 0.9 55 0 56 0.8 98 0 
5571 12 0.5 29 0.9 40 0.6 47 0.4 48 0 54 0 57 0.7 80 1 89 1 90 0.8 
5590 10 0.4 12 0.4 14 0.8 27 0 36 0.9 39 0.8 70 0.4 79 0.6 86 1 98 0 
5659 34 0 
5691 25 0.7 31 0.5 32 0.9 61 0.5 80 0 98 0.6 
5701 25 0.4 33 0.9 48 0.5 56 0.9 
5897 6 0.9 28 0.5 36 0.5 60 0.7 68 1 69 0.8 72 0.7 73 0.4 75 0.6 92 0.6 
6009 91 0.5 96 0 
6027 3 0 6 0 47 0 52 0 99 0.5 
6197 18 0.3 20 1 32 0.7 39 0 56 0.4 71 0.3 82 0.5 
6220 41 0.5 51 0 60 0.8 79 0.8 83 0 85 0 
6474 5 0.7 6 0 31 0.6 39 0 40 0.3 46 0.8 
6477 37 1 47 0.9 88 0.8 
6629 17 0.4 32 0.7 79 0 
6648 2 0.8 7 0.7 40 0.9 41 0.8 64 0 75 0 77 0.4 99 0.5 
6828 0 0.4 44 0.6 55 1 61 0.4 81 0.5 86 0.7 
6834 5 0 10 0.7 23 0 
6926 5 0.8 8 0.3 53 0.5 72 0.7 82 0.6 97 0.6 
6938 32 0 45 0.4 46 0 70 1 79 0.8 81 0 97 1 
7075 5 0.9 15 1 20 0 34 1 40 0.9 41 1 62 0.9 63 0 65 0.7 85 0.4 
7135 80 0.5 94 0.5 
7207 74 0.7 78 0.9 
7243 46 0.4 50 0.8 58 0 
7329 12 0 19 0.4 36 0.6 45 0.9 60 0.8 80 0.4 86 0.6 
7391 54 0.8 71 0 81 0.4 90 0.6 96 0.3 
7533 8 1 12 0.3 19 0.4 27 1 35 0.8 45 0.4 47 1 
7788 72 0.6 73 0.8 
7822 2 0.3 33 0.6 42 0.5 64 0.3 
7849 50 0.3 63 1 74 0.7 85 0 
7919 75 0 
8045 8 0.6 24 0.7 30 0.3 45 0.3 54 0.6 58 0.3 63 0.8 70 0.6 85 0.3 98 0.6 
8256 78 0.8 83 0.7 
8278 9 0 33 0.5 37 0 48 0.3 55 1 59 0.8 98 0.6 
8622 0 0.7 11 0.4 14 0.9 21 0.7 51 0.5 85 0 92 0 95 0 
8759 88 0.5 
8765 11 0.7 13 0 22 0 30 0.3 47 0.9 48 0 53 0.8 71 0 92 0.6 
8835 13 0.9 14 1 
8927 23 1 24 0.8 27 0 69 0 79 0.8 86 0.3 
8972 27 0.6 58 0.6 63 0 
8982 0 0.9 3 0.3 34 0 38 0 53 0.4 79 0 99 0.8 
9130 30 1 70 0.5 72 0.9 
9326 2 0.3 55 0.3 60 0 65 0.8 73 0 
9452 0 1 
9468 40 0.6 50 0 70 0.6 75 0.9 91 0 
9564 6 0 11 0.9 49 0.8 58 0 70 1 81 0.5 
9615 21 0.9 38 0.3 86 0.9 
9812 80 0 
9818 18 0 94 0.5 
9898 2 0.8 4 0.3 41 0 60 0.5 71 0.4 83 0.7 91 0.7 93 0 95 0 
9985 8 0.6 18 0 27 0 45 0 56 0.3 64 0.6 65 0 66 0 72 0.8 
