100
100 17 0 
193 22 0.8 68 0.8 
410 6 0.5 12 0.4 18 0 45 0.3 62 0.5 77 0 94 0.8 95 0 97 0.6 
415 2 0.4 4 0 5 1 29 0.6 59 0 
441 40 0 52 0.5 69 0.6 83 0 88 0.5 95 0.9 
653 0 0 2 1 47 0 
681 13 0.5 21 0.9 29 1 47 0.3 83 0.4 87 1 95 0.4 99 0.9 
845 25 0 
890 10 0.5 38 0.8 40 0 42 0 46 0.4 52 0.8 62 0.5 67 0 72 0.4 81 0.3 
934 16 1 23 0 49 0.8 59 0 64 1 73 0.9 94 0.4 98 0.8 
948 5 0 8 0.3 22 0.6 23 0.7 27 0 87 0.4 89 0.7 96 0.8 
1008 4 0.5 79 0.9 84 0.6 
1157 3 0.3 5 0.3 14 0.6 18 0 24 0.8 38 0.8 60 0.7 85 0.6 86 0.6 95 0 
1294 6 0.8 14 1 62 0.5 78 0.9 87 0.6 90 0.9 
1405 94 0.3 
1450 8 0 11 0.5 46 0.8 48 1 56 0.4 60 0.7 62 0.8 68 0.3 71 0.9 
1593 22 0.7 33 0.9 35 0.3 47 0.8 54 0.4 63 0.5 78 0.3 
1612 22 1 24 0 28 0.9 30 0.8 56 0.9 87 0.4 89 1 97 0.4 
1714 15 0.6 20 0 23 0.4 41 1 44 0 45 1 53 1 
1822 8 0.4 9 0.4 15 0.7 33 0.7 35 0 59 0.6 63 0 76 0.6 94 0 
1863 28 0.6 
1887 22 0 35 0.9 44 0 85 0.8 87 0 
1986 18 0.8 29 1 31 0 34 0.4 60 0 70 0.9 73 0 95 0.3 
2091 4 0 18 0 45 1 50 0.4 55 0.7 59 0.5 
2233 8 0.3 42 0.8 48 1 58 0.4 61 1 75 0.7 94 0.8 
2471 13 0.3 22 0.6 24 0.5 62 0 77 0.8 88 0.4 94 0.7 
2629 11 0 27 0.5 46 0 75 0 85 0 89 0.5 97 0.3 
2817 22 0.8 24 0.7 32 0.4 35 1 54 0 56 0.4 58 0.3 69 0.4 77 0.7 88 0.6 
2848 1 0 42 1 46 0.4 56 0.6 59 0.8 82 0.3 
2919 3 0.3 21 0.8 22 1 47 0 73 0.5 
3085 29 0.3 59 0.5 87 1 97 1 
3089 15 0 71 0.9 91 0 
3123 9 0 10 0.6 19 0.7 43 0.7 78 0.9 87 0.7 92 0.7 
3166 2 0 11 0.5 13 0 18 0.8 34 0.9 35 1 60 0 81 0.5 90 0 91 1 
3325 3 0.5 10 0.4 32 0.6 48 0 67 1 74 0.3 94 0.8 
3347 27 0.4 96 0.8 
3432 9 0.9 20 0.6 31 0.4 40 0.3 47 0.4 
3557 1 0 17 0.3 28 0.3 90 0.7 96 0.8 
3761 7 0.7 22 0 
3942 1 0.7 40 0.9 43 0.4 71 0.5 73 1 95 0.9 
3952 6 0 11 0.7 26 0.6 27 0.4 66 0 74 0 80 0.8 92 0.3 97 0.6 99 0.9 
3964 3 0.4 10 0.4 28 0.5 34 0 41 0 62 0.8 
4275 4 0.8 14 0 25 0.5 34 0.7 36 1 37 0.8 52 0 63 0.4 66 0.6 
4321 19 1 33 0.8 67 0.6 73 1 
4454 32 0.4 95 0.7 
4542 24 0.7 45 0.6 51 0.8 71 0 82 1 84 0.6 
4640 1 0.9 6 0.7 21 0.5 63 0.8 64 0 72 0.6 84 0.5 85 0.3 95 0.4 
4652 0 0.9 1 0.6 12 1 17 0 33 0.3 39 0.9 91 0.9 
4669 39 0 73 0 91 1 
4694 34 0.8 55 1 61 1 68 0.5 
4777 7 0.7 11 0.5 14 0.4 25 0.8 28 0 60 0.3 71 0.7 80 0.3 95 0.3 
5125 11 0.6 21 0.4 54 0 57 0 63 0.3 74 0.8 79 0.4 80 0.4 96 0.3 
5133 7 0 13 0.3 36 0 39 1 62 0 87 0.7 88 0.7 90 0.7 92 0 93 0.5 
5138 4 0.9 6 0.9 27 0.5 45 0 50 0 53 0.6 61 1 62 0.7 94 0 
5305 10 0.9 40 0 51 0 52 0 77 0.6 91 1 99 0 
5456 40 0.7 86 0.9 90 0 98 0.7 
5672 35 0 72 0.7 91 0.5 
5678 29 0 71 0.9 74 0.7 
5806 9 0.4 15 0.3 
5919 83 0.6 
6201 8 0 27 0.4 
6241 53 0.8 95 1 
6268 1 0 5 0 53 0 68 0 81 0 
6433 7 0.5 24 0.3 28 0 37 1 88 0.3 97 0 
6525 4 0 12 0.4 13 0.3 40 0.9 52 1 72 0.5 
6534 0 0.6 39 1 51 0.4 52 0.4 70 0.9 71 0.9 80 0.7 92 0.5 
6623 35 1 
6640 7 0 
6814 0 0.7 6 0 20 0.3 26 0.9 29 0.9 34 0 57 0.3 87 0.9 98 0.8 
6961 22 0.6 29 0.8 36 0 40 0 53 0.8 59 0.6 87 0 
6984 29 0.4 71 1 74 0.5 
7190 34 0.7 42 0.5 
7200 4 0.6 10 0.3 22 0.9 29 0.8 35 0 37 0.9 38 0.8 67 0.4 74 0.4 76 1 
7217 14 0 
7374 17 0.6 20 0.6 29 0.9 40 0.7 43 0.9 57 0.8 60 0.8 68 0.3 80 0.3 
7531 64 0.9 80 0 90 0 
7657 6 0.6 42 0.6 43 0.7 45 0 53 1 57 0.7 60 0.5 67 0.8 84 0.6 
7689 20 0.8 43 0 49 0 68 0.6 73 0.9 78 0.5 
7732 30 0.6 
7913 1 0 45 0 75 0.6 
8055 76 0 91 0.8 
8183 89 0.7 95 0.4 
8723 65 0.7 
8747 8 0.5 17 0.5 19 0.5 32 0.3 67 0 76 0 83 0 88 0.9 
8748 4 0 10 0 39 0.3 71 0.7 73 0.7 87 0.9 91 0 94 0.7 
8804 18 0.6 25 0.8 38 0.3 94 0.9 
8836 5 0 16 0.8 56 0 86 0.9 
8983 6 0.3 9 0.3 10 1 18 0 26 0.5 42 0.9 53 1 63 0.8 66 0.6 98 0.7 
9055 9 0.5 11 0.7 21 0 29 0.5 32 0 41 0 55 0.7 69 0.4 78 0.9 
9081 8 0 16 0 23 0.8 27 0.6 33 0.9 47 0.7 61 0 88 0.5 96 0.8 
9129 14 0.3 16 0 18 0.4 42 0.9 86 0 87 0.4 
9138 31 0 58 0.5 70 0.4 
9244 6 0 45 0.9 61 0.6 66 1 84 0.4 94 0.6 
9299 35 0.5 93 0 99 0 
9513 3 0 16 0 30 0.3 34 1 37 0.9 38 1 58 0.3 61 0.4 63 0.3 
9650 28 0 61 0.8 
9879 1 0.4 21 0.7 62 0 66 0.3 71 1 72 0 75 0 76 0.6 
9929 10 0.9 24 0 39 0.6 45 0.3 47 0.4 48 0 91 0.3 93 0.9 98 1 
9930 6 0.8 12 0.9 16 0.5 40 0 43 0 50 0 52 0.5 65 0.4 80 0.9 85 1 
9975 3 0.5 15 0.7 28 0.4 31 0 47 0 65 0.5 75 0.7 89 1 96 0.7 
