100
77 2 0.3 29 0.5 41 1 44 0.4 47 0.5 50 0 86 0 99 0.9 
144 3 0.8 13 0 15 0.4 37 0.3 65 0 82 0.5 
350 0 0.3 11 0.6 14 0 23 0.8 57 0 88 0 
538 8 0 18 0 52 0 94 0.4 
635 1 0 3 0 5 0 16 1 20 0.7 57 0.6 64 0.4 82 0.5 87 1 
637 2 0.4 13 0.9 35 0.5 45 0.9 59 0 65 0 98 0 
667 27 0.3 85 0.9 
723 10 0 72 0 79 0.9 98 0.8 
729 28 0.3 40 0.3 45 0 
745 2 0.8 15 0.5 17 0.5 64 0.8 67 0 70 0 72 0.3 97 1 99 0 
1071 8 0.4 9 0.7 17 0 33 0 64 0.3 72 0.9 
1128 44 0 49 0.3 73 0.3 
1175 0 0.9 9 0.5 14 0 18 0.5 30 0 51 0.5 80 0.5 82 0.9 
1178 23 0.9 96 0.9 
1215 1 0 2 1 6 0 61 0 64 0.9 66 0.8 93 0.5 94 0.6 
1411 15 0 20 0.4 23 0.5 29 0 83 0.8 88 0 91 0.4 95 0.7 97 0.5 
1443 19 0 31 0 37 0.9 47 0.5 68 0 
1705 12 0 55 1 
1857 10 0.3 18 0.7 46 0.8 50 0 
1975 16 0.7 
2168 6 0.9 15 0.8 32 0.5 52 0.3 65 0.5 
2262 2 0.3 18 0.8 22 0.3 34 0 42 0.3 77 0.6 78 0.4 82 0.4 84 0.8 85 0.6 
2324 13 0.9 27 0.5 30 0.8 62 0.6 81 0.4 
2371 1 1 41 0.6 56 0.3 92 0.8 94 0.3 
2526 1 0 6 0.4 28 0 34 0.4 38 0.9 43 0.8 58 0 90 0.7 
2775 2 0 21 0 22 0 32 0 40 0.9 50 0.8 64 0 75 0 91 1 
2842 6 0.8 14 0 31 0.7 55 0 69 1 70 0.9 81 0.9 
2927 30 0 34 0.5 
2944 7 0.5 44 0.3 48 0.5 75 0.3 79 0 
2946 12 0 61 1 63 0 86 0.9 
3107 5 1 6 0.7 10 0 11 0.6 31 0.9 46 0.6 69 0.9 78 0.9 91 0.5 92 0.7 
3118 35 0.6 93 0 
3251 2 0 14 0 17 0 33 0.5 37 1 45 0.4 46 0 63 1 89 0 
3286 0 0.4 3 0.9 9 0.6 27 1 46 0.7 59 0 60 0 62 0.7 70 0 97 0.3 
3420 1 0.3 14 0.6 53 0 
3682 14 0 28 0.8 36 0.8 37 0 38 0 69 0.3 76 0.4 80 0 
3760 23 0.7 64 0 95 0.9 
3816 0 0.7 5 0.7 20 0.9 44 0 69 0.3 78 0 95 0.6 96 0.7 
4085 1 0.9 4 0.4 22 0.3 40 0.7 43 0 53 0.5 64 1 66 1 86 0.4 95 0.3 
4149 24 1 29 0 30 0 41 1 58 0.8 65 0 71 0 94 1 
4173 3 0.8 14 0.8 56 0 67 0.7 80 0 
4209 39 0.4 44 1 72 0.5 81 0.5 
4296 10 0.3 19 0 22 0 44 0.3 75 1 
4502 12 0 33 0 41 1 83 0.5 95 0 
4580 5 0.8 11 0.7 27 0.5 48 0 49 0 69 0.7 71 1 80 1 82 0.3 
4607 21 0.5 61 0.9 83 0.3 84 0.6 91 0.5 
4643 1 0.9 6 0.6 14 0.9 20 0.4 23 1 53 0.4 66 0 
4645 7 0 15 1 36 0 37 0.3 65 0.5 76 0.9 90 0 97 0.8 
4694 34 0.3 55 0.9 61 0.8 68 0.3 
4802 0 0 5 0.7 16 0.7 45 0 46 0 69 0.4 76 0.7 79 0.9 94 0 97 0 
4832 0 0.5 16 0 40 0.6 48 0 89 0 
4897 0 0.7 26 0.7 53 0.9 63 0.3 70 0.9 82 0.4 89 0.8 90 0.7 
5173 16 0.6 63 1 
5385 5 0 14 0.5 30 0.5 36 0.8 45 0.4 47 0 52 0.5 67 0.7 97 0.6 
5488 19 1 48 0.9 78 0.3 
5617 4 0.6 7 0 22 1 52 0 60 1 63 0.6 
5696 56 0.7 61 1 65 1 82 0.6 
5916 37 0.5 95 0.7 
6055 21 0.9 23 0.6 38 0 45 1 46 0.4 58 0.8 66 1 73 0.4 76 0.5 88 0 
6383 9 0.9 14 0.3 18 0.7 24 0.3 30 0.9 38 0.9 53 0.8 54 0.6 72 0 91 0 
6396 27 1 39 0.8 
6419 53 0 78 0 79 0.4 84 0.7 
6557 16 0.3 
6571 17 0.8 36 0.7 44 0.9 45 0.8 50 0.9 61 0.8 76 0 94 0 97 0.5 99 0 
6651 35 0 36 0.5 45 0.9 
6671 25 0.7 74 0.9 
7014 20 0.8 29 0.7 52 0.8 63 0.6 69 0.6 70 0.9 73 1 76 0.5 80 0.6 96 0 
7060 3 0 16 0.5 37 1 49 0.3 68 0.9 80 0 
7147 11 0 20 0.9 24 0 25 0.6 30 0.6 41 0 68 0.9 74 0.9 89 0.3 
7218 28 0.3 40 0 88 0.5 
7227 7 1 49 1 
7258 2 1 9 0.3 33 1 42 0.9 65 0.9 77 0.8 84 0 
7415 65 0 
7438 24 0 41 0 47 0.3 89 0 
7464 33 1 
7504 29 0.3 62 0.7 80 0.7 
7646 4 0.6 9 0.8 21 0.9 33 0.8 49 0.6 61 0.5 74 0.5 85 0.6 91 0 98 0 
7703 6 0.7 13 1 20 0.9 23 0 68 0.3 74 0 77 0.7 83 0.6 84 0.3 94 0.7 
7937 3 0.5 80 0.6 
7948 8 0.5 69 1 
7974 14 0.4 27 0.3 35 0 37 0.3 43 0.7 64 0.5 68 0.8 71 0 
8030 43 0.5 83 0.4 96 0 
8137 7 0.7 9 0.6 14 1 18 0.6 20 1 27 0.3 72 0.7 85 0.8 87 0.9 
8239 13 1 30 0 42 0.5 51 0 62 0.4 69 0.4 72 0.3 81 0.5 
8292 6 0 36 0.8 64 0 66 0 71 0.3 
8359 19 0 27 0.5 28 0.3 35 0.6 56 0 64 0.6 74 1 90 0.5 
8424 20 0.9 43 1 63 0 68 0 99 0 
8701 10 0 21 0.4 37 0 82 0.4 89 0.4 
9197 4 0 13 0.5 36 1 46 0.3 53 0.5 66 1 67 0.5 83 0.9 84 0.3 93 0.6 
9316 3 0.5 5 0 9 0.7 10 0.3 29 1 55 0.7 67 0.8 82 0 99 0.3 
9427 11 0.4 29 0.3 47 0.8 51 0.7 57 1 79 0.3 94 0.8 
9451 31 0.3 33 0.4 43 0 56 0.4 68 0.6 69 0 
9464 8 0.9 58 0.5 
9604 2 0 15 0.5 46 0.4 48 0.3 76 0 80 0.3 93 0.7 
9644 25 0 29 0 56 0.9 72 0 88 0 
9679 15 0.6 41 0 62 0.9 
9687 33 0 39 0.5 56 0.6 57 1 58 0.5 70 0 86 0.8 90 0 94 1 
9869 3 0 9 0 15 0.3 42 0.4 74 0.3 85 0.6 96 0.5 98 0.4 
9915 99 0 
9930 6 1 12 0.3 16 0.9 40 0.8 43 0.8 50 0.8 52 0.9 65 1 80 0 85 0.6 
