100
193 22 0.7 68 0.5 
222 11 0.6 21 0.6 31 0.7 60 0 70 0 78 0 81 0 85 0.8 
243 13 0 30 0.4 31 0 46 1 51 0.9 82 0 84 0.8 87 0.7 
262 3 0.7 10 0.7 16 0.7 42 0.8 70 0.3 71 0 79 0.9 87 0 89 0 
346 36 0 
427 31 0 32 0 47 0 50 0 64 0 66 1 68 0 72 0 74 0.3 96 0.5 
514 10 0.3 17 0 19 0.7 28 0 30 1 43 0.4 48 0.7 75 0.9 78 0.8 96 0.6 
516 6 0 13 0.5 25 0.3 61 0.4 66 0.6 77 0.9 
519 24 0.8 27 0.4 47 0.3 80 0 
553 0 0.5 9 0 59 0.9 60 0.7 61 0.5 67 0.7 77 0.5 
688 17 0 33 0.7 51 0.7 70 0 73 1 77 0.6 80 0.7 81 0.7 
799 70 0.8 
803 17 0 24 0.5 30 0 31 0 37 0.7 96 0.8 
836 32 0.5 
867 9 0 17 0.7 33 0 40 0 51 0.5 68 0.8 78 0.7 79 0.4 86 0.5 
988 16 0 21 0.9 48 0 54 0.8 74 0.8 84 0.9 
1226 0 0.3 24 0 25 1 32 0.3 45 1 50 0 85 0.7 87 0 92 0 96 0.8 
1496 0 0 17 0 23 0.4 29 0 
1586 12 0.3 15 0.8 18 0 24 0.6 50 0 87 0.7 88 0 
1704 10 0.8 87 0 
1971 5 0.7 11 0 12 0 29 0.9 36 0.3 51 0.8 83 0.7 88 0.4 91 0.8 96 0.5 
2153 1 0.5 12 0.7 24 0.6 35 1 38 0 54 0.7 75 0.6 91 0.9 
2191 11 0.9 37 0.9 45 0.6 
2304 0 0.6 14 0.9 22 0.5 30 0.6 48 0 55 0 92 0 97 0 
2324 13 0 27 0 30 0.6 62 1 81 0.3 
2361 15 0.6 32 0 33 0.6 52 0.8 56 0.8 62 1 69 0.4 71 0.7 95 0.5 
2530 5 0.5 23 0 32 0 33 0.9 36 0.3 44 0 56 1 59 0.4 63 0.6 82 0.9 
2596 0 0.9 6 0 9 0.4 14 0 18 0.3 34 0.4 40 0.4 65 0.4 70 0.4 72 0.5 
2624 81 0.5 
2808 89 0 
2826 8 1 12 0 29 0 31 0.5 74 0.6 99 0.8 
2908 5 0 17 0.6 41 0.8 54 0.5 77 1 
3027 11 1 36 0.9 97 0.6 
3175 11 0.3 21 0.9 26 1 30 0.6 52 0.8 61 0 70 0.5 83 0.3 
3311 43 0.8 47 0.5 63 0.5 69 0 71 0.8 84 0.3 87 1 92 0.6 
3461 13 0 25 0.8 
3760 23 0 64 0.8 95 0 
3848 16 0 43 0.9 48 0.4 62 0.7 71 0.3 85 0.8 94 0 
3853 5 0 66 0.4 68 0 74 0.9 83 0 96 0.8 
3863 25 0.6 45 0.4 
3866 88 0.3 
3912 1 0.8 8 0.9 18 0.7 21 0.5 38 0.5 62 0.7 73 0.7 93 0 98 0.7 
4065 61 0.8 71 0.5 
4071 10 0.6 20 0.4 61 0.9 89 0.6 
4197 1 0.3 5 0 25 0.3 48 0.8 52 0.8 83 0.4 91 0.8 94 0 
4260 28 0 66 0 91 1 97 0.3 
4661 0 0 4 1 16 0.4 24 0.4 41 0.4 75 0.6 78 0.3 83 0 
4683 8 0.8 13 0.9 17 1 24 0.9 56 0.9 58 0.7 85 0 
4727 53 0.6 
4912 1 0 12 0.4 32 0.6 
4914 8 0.3 78 0.5 88 0.4 
5162 35 0.5 
5319 95 0 
5668 1 0.6 4 1 15 0.8 42 0.5 48 0 49 0.8 50 0.4 68 1 79 0 90 0.3 
5770 5 0.4 9 0.7 15 0.6 20 1 26 0.7 67 0 84 0.4 
5818 1 0.7 48 0.7 77 0.9 91 0.5 
5879 37 0.7 45 0.3 70 0.5 82 0.3 95 0.4 
5947 28 0.7 57 0.8 66 0.3 74 0.8 84 0.6 
5980 3 0.8 7 0.4 15 0.6 18 0 23 0.4 27 0 46 0.8 53 0 73 0 95 0.9 
6027 3 0.8 6 0.5 47 0.5 52 0.8 99 0.5 
6038 1 0 21 0.3 42 0.3 82 0.7 91 0 
6102 1 0 3 0 15 0.8 
6158 11 1 55 0.8 64 1 75 0.7 90 0.5 91 0.6 
6324 36 0.4 42 1 72 0 81 0.7 94 0.9 
6359 22 0 35 0.4 40 0.5 44 0.3 52 0.8 53 0 65 0.8 93 0.5 95 0.4 
6461 9 0.6 51 0.6 75 0.3 83 0.7 90 0.9 94 0.4 
6553 40 0.9 55 0.7 81 0.5 
6583 1 0.5 33 0 39 0.6 48 0 53 0.7 55 0.8 65 0.9 93 0.6 
6683 30 0.4 38 0.3 60 0.8 84 0.4 94 0.6 
6946 74 0.8 95 0.4 
7017 23 0.9 29 0 30 0.5 57 0 60 0 79 0.9 80 0 81 1 
7126 7 0.8 49 0.4 67 0.6 70 0 72 0 89 0.5 
7386 2 0.5 60 0 73 0.4 85 0 92 0 
7404 30 1 45 0.9 57 0 85 0.8 94 0 
7405 6 0.8 53 0.4 55 0 
7643 8 1 27 0.3 34 0.8 49 0.8 65 0 66 0.9 69 0.3 70 1 76 0.3 78 0.5 
7706 12 0 16 0 27 0.3 69 0 71 0 
7714 8 0.8 15 1 22 0.7 88 0.9 92 0.5 94 0.3 97 0.6 
7765 15 0 33 0 37 0.4 45 0.5 54 0.9 77 0.5 91 0.9 95 0.5 
7814 61 0 
7930 4 0 19 0 38 0.4 67 0.4 83 0.4 84 0 87 0.3 91 0.3 96 0.7 
8114 23 0.9 46 0.9 88 0.5 
8307 14 0 24 0.4 43 0.3 67 0.6 
8323 34 0.9 36 0 56 0.7 61 1 62 0 66 0.5 85 0.6 94 0 99 0.5 
8454 13 0.6 30 0 42 0.4 66 0.8 
8506 5 0.3 32 0.7 62 0.6 97 1 98 0.9 
8517 10 0.6 13 0.3 38 0.7 57 0.8 59 0.9 79 0.3 87 0 95 0 
8571 6 0 14 0.4 15 0 16 0.8 32 0.3 79 0.4 99 0.9 
8633 7 0.3 33 0.8 45 0.3 52 1 53 0.4 76 0 83 0.7 85 0.8 
8652 26 0 
8653 29 0.4 36 0.5 65 0.8 74 1 81 0.5 88 0 92 0.8 97 0.8 
9073 2 0.7 15 0 43 1 45 0.9 62 0 66 0.8 68 0.9 76 0.3 93 0 99 0 
9170 12 0 61 0.3 67 0.8 86 0 
9310 8 0.4 10 0.4 15 1 29 1 58 0 59 0.7 75 0 90 0.7 
9391 28 0.4 44 1 
9443 5 0.4 21 0.4 49 0.9 50 0.9 63 0.7 75 0 80 1 84 0.6 90 0.8 96 0.8 
9573 91 0 99 0 
9805 5 0.4 26 0.6 38 0.7 44 0 47 0.6 54 0.4 65 0.5 68 0.9 84 0 94 0.6 
9864 7 1 34 0.5 37 0.6 47 0 50 0 72 0 77 0.7 85 0 89 0.4 93 0 
9925 10 0 58 0.3 
