100
92 7 0 8 0.4 29 0 92 0.3 
137 0 0.8 3 0.6 29 0.4 50 0.5 66 0 
139 0 0.6 10 0.4 28 0.4 30 0.7 45 1 47 0.8 58 0.9 69 0 92 0.7 
152 98 0.6 
186 44 0 85 0 
365 51 0 68 0.9 91 1 
626 44 0.6 52 1 84 0.6 95 0 
654 7 0 10 0.7 46 0.9 47 0 55 0.6 77 0.7 84 0.6 88 1 94 0.6 
709 8 0.7 95 1 
795 64 0 
873 26 0.7 49 0 50 0 51 0.7 67 0 74 0.9 86 0.6 
889 11 0 17 0.3 23 0 46 0.9 52 1 80 0 82 1 98 0.9 99 0 
1012 6 0.5 14 0 23 0.9 31 0.8 62 0 65 0.5 77 0.6 82 1 93 0.9 
1029 14 0.6 18 1 
1357 4 0.5 41 0.8 50 0 56 0.7 58 0 61 0 68 1 85 0.3 98 0.4 
1480 2 0.4 31 1 56 1 71 0.9 73 0.8 79 0.9 
1553 10 1 23 0.8 63 0.3 66 0.6 78 0 
1564 31 0.8 57 0.8 69 0 86 0 87 1 93 0.7 94 0.4 
1657 8 0 9 0.8 20 0.9 34 0.7 50 0 79 0 85 0.7 87 0 
1689 11 0.4 13 0.5 23 0.7 33 0 37 0.5 40 0 51 0 61 0.9 68 1 75 0 
1709 13 0.3 80 0.6 
1864 67 0.6 
1894 51 0.9 63 0.8 65 1 70 0.4 93 0.5 
1944 7 0 46 1 50 0 62 1 64 1 67 1 
2014 8 0 10 0 27 0.5 32 0.6 41 0.5 49 0.6 64 0 82 0.4 89 0.4 95 0.3 
2135 31 0.8 42 1 64 0 65 0.9 69 0.6 86 0 96 0.9 
2200 22 0 30 0 68 0.3 
2211 15 1 94 0.9 
2271 8 0.4 19 0.6 25 0.4 28 0.4 34 0.5 62 0.8 71 0.9 72 0.8 73 0.7 99 0 
2319 23 0.7 85 0.6 87 0.8 
2329 9 0.3 14 0.4 33 0 46 0.3 96 0.4 98 0.9 
2417 7 0.4 18 0.5 30 0.4 43 0 62 0.8 88 0 
2850 0 0 79 0.3 
3118 35 0.5 93 1 
3123 9 0.6 10 0.9 19 0.8 43 1 78 0.3 87 0.3 92 0.8 
3146 15 0.8 36 0.9 40 0.5 92 0 
3411 12 0.4 26 0.4 38 0.8 47 0.8 55 0.6 69 0.7 84 0 88 0.9 
3608 23 0 31 0.6 36 0.6 48 0.6 74 0.5 96 1 98 0.7 
3647 7 1 45 0 55 0 91 0 
3924 11 0 44 1 77 0.6 78 0.6 
3937 31 0 97 0 
3963 33 0 47 0.8 56 0 
3964 3 0.7 10 0.5 28 0.8 34 0.5 41 0.8 62 0.7 
4082 2 1 7 0.3 18 0 21 0.7 31 0 34 0.5 54 0.9 
4087 6 0 30 0.3 32 0.3 35 0.8 42 1 44 0 48 0.8 77 0.6 89 0.5 97 0 
4247 1 0 15 0.8 16 0 29 0 35 0.9 36 0.9 42 0.4 59 1 63 0.4 
4455 34 1 40 0 56 0 68 0.8 94 1 
4641 3 0 25 0.7 38 1 45 0.9 59 0.4 61 1 69 0.6 70 0 80 0 84 0 
4781 8 0.3 28 0.9 34 1 39 0.7 61 0.9 63 0.8 74 0 84 0.6 85 0.4 
4903 14 0.7 28 0.7 34 0.3 41 0.9 43 0.8 47 0.6 54 0.9 99 0 
4999 18 0.5 19 0.6 69 0.4 92 0 
5242 9 0.9 52 0.7 95 0.9 
5321 5 0 21 0 50 1 65 0.8 73 0 75 0.3 76 0 96 1 
5414 13 0.5 
5425 3 0.7 9 0.3 32 0.6 62 0 76 0 84 0.5 98 1 
5453 0 0 1 1 4 0 5 0.9 24 0 47 0.3 54 0.5 63 0.8 83 0 
5540 33 0.7 35 0 83 0.7 
5560 14 0.6 17 0.4 30 0 34 0.5 78 0.4 80 0 
5691 25 0.9 31 0.6 32 0 61 0.9 80 1 98 0.6 
5736 4 0 28 0.8 39 1 57 0.3 70 0.3 84 0.4 87 0.5 96 0.9 
5753 14 0.8 15 0 25 1 32 1 
5792 10 0 13 0.6 25 0 35 0.3 54 0 81 0.6 
6219 17 0.6 18 0.5 43 0.5 93 0.4 
6433 7 0.7 24 0.7 28 0.8 37 0.3 88 0 97 1 
6459 15 0.5 22 0 48 0.8 51 0.7 53 0 55 0.8 64 0.5 81 0.4 
6467 89 0.6 
6510 9 0 38 0.9 54 0 68 0 70 0 
6560 9 0.6 62 0.6 97 0.3 
6796 4 0.7 33 0.9 70 0.3 
6863 19 0.5 46 0.7 76 0.8 84 0 
6926 5 0.5 8 0.9 53 0.5 72 0.3 82 0.7 97 0 
6963 6 0.7 16 0.3 33 0 34 0.5 35 0.6 37 0 60 0 77 0.5 90 1 
6973 15 1 23 0.6 24 0 60 1 
7054 26 0 39 0 43 0.6 44 0.6 51 0.4 53 0.9 55 0.6 61 0.3 78 0.9 91 0 
7444 3 0.5 18 0.8 86 0.7 
7558 6 0.5 19 0.4 72 0.9 75 0.6 88 0.7 
7846 29 0 43 0.9 52 0.7 85 0 
7879 40 0 70 0.9 
7942 2 0.8 61 0 85 0.3 93 0 
7963 1 1 23 0 27 0.5 74 0 99 0.8 
8069 0 0.8 21 0.4 48 0.4 50 0.9 68 0.5 89 0.8 
8276 16 0 22 0 45 1 70 0.7 79 0.3 80 0.8 95 0.9 
8330 0 0 17 0 30 0.8 65 0.8 76 0.4 77 0 97 0.7 
8602 22 0.3 36 0.6 74 1 79 0 81 0.3 
8694 10 0 44 0 52 0.8 75 0.6 80 0 
8708 13 0.3 19 0.8 22 0.5 23 1 37 0 48 0 81 0.5 91 0.6 
8766 7 0.8 9 0.3 15 0.4 37 0.7 44 0.7 52 0.8 55 0 58 0.3 77 0.7 94 0.9 
8770 18 0.4 
8804 18 0.3 25 0.5 38 1 94 0.8 
8843 1 0.9 6 0.3 25 0 32 0 63 0 72 0 75 0.9 89 0.4 
8951 27 0.7 39 0.3 41 0.9 49 0.6 50 0 65 0.9 88 0 93 0.9 
9078 3 0.7 6 0.3 19 0.5 21 0 35 0.3 43 0 53 0 71 0.6 76 0.3 77 0 
9139 6 0 14 0.3 22 0.6 49 0.7 52 0.9 60 0.8 62 0.4 67 0.4 90 0 92 0.6 
9219 18 0.9 26 0.5 27 0 82 0.5 88 0.3 92 0.7 
9228 5 0.9 20 0 22 0.5 33 0 96 0.3 
9404 24 0.8 55 0.6 70 0.3 
9554 83 0.4 
9734 9 0.6 73 0.8 
9868 27 0.7 33 0.4 49 0 51 0.3 73 0 82 0.3 87 0.4 98 0.9 
9990 54 0.8 57 0 61 1 87 0 91 0 92 0 
