100
63 0 1 8 0.6 17 0.6 20 0.5 49 1 73 0 95 0.9 97 0.6 
85 7 0 35 0 56 0.7 82 0.7 94 0.4 
91 14 0 57 0 90 0 
126 1 0.4 53 0.8 55 0.4 92 0 94 0 
337 13 0.5 20 0.7 39 0 83 0 
413 2 0 7 0.6 34 0.4 
487 9 0.3 36 0.6 47 1 93 0 
562 11 0.9 17 1 33 0 46 1 49 0 51 0 81 0 86 0 
585 9 0 13 0.9 14 1 29 0.9 37 0.5 59 0.4 70 0.5 
633 29 0 86 0.3 
681 13 0.8 21 0 29 1 47 0.8 83 0.6 87 0.5 95 0.3 99 0.6 
813 15 0.5 
960 4 0 7 0.8 
990 18 0.9 28 0.5 39 0.5 45 0.5 77 0.5 88 0.4 
1102 8 0.4 90 0.5 
1114 3 0 15 0.8 18 0 33 1 39 0.4 41 0 80 0.7 96 0.7 
1120 18 0.5 25 0.6 
1177 28 0 33 0 42 0 84 0.8 85 0.5 87 0.3 
1236 7 0.3 38 0 79 0.3 
1290 0 0.8 86 0.4 
1361 32 0.5 53 0.5 59 0.9 65 0.4 69 0.7 
1388 6 0.9 9 0.3 15 0.6 33 1 81 0.9 82 0.3 83 0 90 0.8 
1413 2 0.5 11 0 28 0.3 44 0 72 0.5 83 0 88 0.3 97 0 
1466 66 0.7 
1691 10 0.5 50 0 51 0.7 64 0.9 
1705 12 0 55 0.8 
2121 27 0.6 29 0.8 30 0.4 88 0.7 
2281 11 0 19 0 
2315 7 0.3 11 0.7 17 0.9 34 0.4 59 0.8 89 0.6 93 0.4 94 0.4 96 0 
2362 2 0.6 5 0 24 0.8 74 0.4 81 0.5 85 1 94 0.3 
2466 21 0.9 28 0.4 38 0 46 0.3 56 0 69 0.9 78 0.9 84 0.5 
2502 54 0.9 56 0.7 57 0.4 62 0.3 78 0.9 
2707 82 0.9 
2844 63 0.4 96 0 
2881 34 0 
2885 43 0 82 1 
2930 7 0 19 0.3 37 0.3 65 0.7 77 0.3 81 0.9 
3028 73 0.7 85 0.9 
3064 90 0 
3351 10 0.4 17 0.8 19 0.3 22 1 28 0.3 41 0.5 44 0.3 63 0 81 0.5 84 0.6 
3648 4 0.4 56 0.3 90 0 
3821 6 1 12 0 23 0.8 26 0.7 49 0 82 1 88 0.5 
3822 31 0.8 60 0.4 65 0.9 81 0.3 
4032 9 0 16 0 17 0.9 19 0.5 26 0 38 0.8 55 0 63 0.4 86 0.7 88 0.4 
4199 0 0.4 3 0.9 78 0.6 90 0 
4317 19 0.8 26 0.9 32 0.4 46 0.6 56 0.9 63 0 65 0.9 82 0 90 0.4 
4382 11 0 27 0.3 34 0.9 51 0.9 69 0.5 70 0.9 
4420 27 0 31 0.6 38 0 54 1 71 0.9 79 0.3 88 0.9 
4440 6 0 71 0.8 99 1 
4546 67 0 86 0.6 
4555 11 0 46 0.4 54 0.3 64 0 66 0.6 68 0.6 74 1 94 0 
4563 63 0 80 0.6 83 1 
4741 31 0.4 44 0.9 56 0 
4791 31 1 33 1 52 0.3 66 0.8 67 0.9 
5061 0 0.5 
5088 4 0.9 69 0.5 81 0 
5299 20 1 61 0.7 
5440 6 1 28 1 85 0.5 
5495 10 0 20 0.8 53 0 74 0 97 0.4 
5548 97 0.4 
5593 14 0 41 0.6 59 0.9 67 0.9 72 0.5 77 0 
5760 14 0.4 30 0 56 0.4 63 0.5 
5881 3 0 4 0.9 9 0 20 0.9 28 0.7 31 0 57 0 77 0 92 0 
6019 19 0.7 22 0 40 0.6 51 0.3 59 0.5 68 0.9 87 0 
6044 39 0.8 
6211 37 1 57 0 
6233 22 0.6 25 0.6 28 0 61 1 63 0.3 78 0 92 0 95 0.4 
6582 3 0 18 0.7 45 0 
6593 10 0.8 12 0.3 21 1 53 0.7 58 0 62 0.8 
6603 5 0 8 0.8 11 0.8 31 0.7 42 0 54 0.4 65 1 74 0.5 
6783 4 0.9 41 1 65 0.6 80 0 91 0.7 
6851 11 0 28 0 66 0.5 67 0 70 0.8 94 0 
6896 46 0.3 
6956 29 0.9 45 0.4 47 0.4 85 0.4 90 0 
7039 17 0.4 37 0 44 0 45 0.4 48 0.7 71 1 75 0.5 99 0 
7238 16 0.3 57 0.5 64 1 78 0.5 96 0 
7307 2 0 6 0 27 0 67 0.3 69 0.7 94 1 
7449 61 0 63 0.6 
7756 18 0 29 0.8 34 0.7 76 0 99 0.8 
7786 3 0.8 6 0.7 12 0.4 19 0.7 42 0.7 49 0.8 70 0.6 71 0 85 0.7 
7861 13 0.9 33 1 42 0.5 76 0.8 
7883 9 0 16 0.9 27 1 43 0.6 73 0.8 
7983 15 0.7 23 0.8 38 0 41 0 72 0.8 79 0.6 95 0.7 
8004 1 0 8 0 26 0 29 0.9 42 0 45 0.4 56 0.8 57 0.6 94 0.8 
8143 7 0.7 18 0.3 33 0.6 34 0.9 56 0.9 58 0 80 0 
8156 43 0.7 51 0.7 54 0.7 73 0.9 81 1 84 1 85 0.7 
8194 21 0 25 0 34 0.3 38 0.9 40 0.3 53 0.6 
8497 8 0.4 12 0.3 18 0.6 19 0.8 21 0.7 23 0.5 26 0.3 46 0.3 93 0.8 
8887 1 0.5 31 0 55 0.6 59 0.9 63 1 95 0.4 
8913 39 0.4 52 0 71 0.9 88 0.7 
9040 19 0.7 44 0 51 0 70 0.3 78 0.3 82 0.9 
9045 20 0.8 33 0 45 0 52 0.9 91 0.9 95 0 
9232 8 0.3 19 0.7 61 0.9 
9331 5 0.3 10 0.8 13 0.9 22 0.3 30 0 32 0 77 1 
9403 8 0 14 0.7 25 0.5 35 0.7 67 0.3 68 0.7 76 0.4 
9556 0 0.4 13 0.7 14 0.4 15 1 46 0.9 51 0.9 65 0 72 0 81 0.7 
9655 6 0 26 0.9 30 0.8 62 0 93 0.3 95 0.5 
9682 8 0 9 0.9 45 0.5 48 0.6 
9709 11 0 29 0.8 41 0.5 43 0.5 47 0 
9738 27 0.9 46 0.9 94 0.8 
