100
38 11 0.5 22 0.7 65 0.3 86 0.4 87 0.6 93 0.4 97 0.8 
208 89 0.7 97 0.8 
243 13 0.3 30 0.8 31 0.5 46 0.6 51 0 82 0 84 0.7 87 0 
248 4 0.9 5 0.9 28 1 46 0.7 55 0 70 0.6 82 0 93 0.6 95 0.4 
310 63 0 96 0.3 
742 12 0 31 0.6 36 0.4 39 0.4 58 0.5 87 0.5 
865 33 0.6 35 0 53 0.9 
921 16 1 95 0.4 
961 4 0.8 59 0.3 76 0 82 0.7 84 0 
1028 16 0.8 27 0.5 53 0.8 89 0.8 
1072 19 0.8 26 0.5 42 1 51 0.4 68 0.3 71 0.5 72 0.6 79 0.9 
1150 35 0.6 78 0 
1204 0 0.6 8 0.6 15 0.7 49 0.4 58 1 60 0 67 0.8 74 0.7 84 0 98 0.6 
1259 18 0.8 47 0.7 48 0 51 0.6 66 0 70 0.8 90 1 
1390 71 0.6 
1415 26 0 55 0 96 0.7 
1426 0 0.9 9 0.4 23 0.5 28 0.5 38 0.8 46 0.3 47 0.4 51 0.6 55 0.6 61 0.6 
1455 33 0.5 39 0 50 0.4 53 0.9 78 0.9 97 0 
1502 67 0.4 
1549 44 0.3 75 0.8 81 0.9 91 0 
1555 72 0.8 
1627 48 0 69 0.9 70 0 76 0.4 84 0.7 89 0.4 90 0 
1746 2 0 11 0.5 15 0.3 22 0.7 23 1 36 1 45 0.6 87 0 89 0 93 0.4 
1832 10 0.3 29 0.6 41 0.9 43 0.5 44 0.3 49 0.5 
1875 0 0.6 7 0.6 19 0 35 0 36 0.7 50 0.7 51 0.8 69 0 81 0 85 0.9 
1900 6 0.5 15 0.7 29 0.9 37 0.7 47 0.4 62 0.6 72 1 76 1 79 0.3 89 0.5 
1907 5 1 8 0.6 40 0.5 64 1 70 1 85 1 89 0.8 94 0 98 0.4 
2097 11 1 
2100 1 0.4 28 0.3 42 0.3 48 0.4 49 0.5 64 0.9 88 0 90 0.5 93 0 
2116 12 0 42 0.6 62 0 79 0.6 
2173 28 0 36 0.6 71 0.7 98 0.7 
2314 6 0.5 9 0.5 52 0.5 62 0.4 
2434 23 0.6 77 0.5 84 1 
2767 6 0.8 10 0 17 0.8 37 0.8 41 0.3 44 0.8 52 0.9 56 1 70 0.9 76 0.5 
2781 2 0.4 57 0.4 62 0.3 66 0.8 87 0.7 91 0.5 92 0.4 96 0.9 
2803 2 0.6 4 0.9 17 0.7 28 0.8 64 0.5 71 0 90 0 93 0.5 
2915 3 0.5 62 0.9 91 0 
2916 32 0 74 1 77 1 
3203 11 0.6 23 0 24 0.9 33 0 62 0.4 83 0.7 
3343 40 0.3 
3386 15 1 51 0.3 73 0.8 
3393 4 0.7 7 0 8 0.6 20 0 25 0.4 42 0 71 0.3 89 0.8 
3394 9 0.9 27 0.4 35 0 47 0.3 63 0 66 0 69 0.5 72 0 
3530 15 0 18 0.6 33 0 41 0.6 50 0.8 64 0.8 67 0.3 72 0 73 0 
3608 23 0 31 0 36 0 48 0.3 74 0.3 96 0.9 98 0.5 
3625 4 0.4 16 0.8 21 0 38 0.7 52 0.5 56 0.3 71 0.6 77 0.9 79 0 80 0.7 
3647 7 1 45 0 55 0 91 0.8 
3651 20 0.4 30 0.8 31 0.8 70 0.6 
3750 59 0.4 
3911 6 1 8 0.7 12 0.8 18 0.6 36 0.3 37 0.5 46 0 73 0.9 
4093 21 0 30 0.4 31 0.9 74 0.7 92 0 
4160 23 0.8 
4285 0 0.4 5 0.4 15 0.3 17 0.6 43 0.8 72 1 78 0.3 
4562 26 0.7 36 0 42 0.3 43 0.7 45 0.8 62 0.7 79 0.7 86 0 88 0.6 94 1 
4595 13 0 18 0.8 21 1 22 0.4 75 0.4 88 0.5 95 0.9 
4618 9 1 46 0.4 51 0 68 0.4 74 0.8 89 1 96 0.3 
4723 7 0 10 0 11 0.3 36 0.3 38 0.7 44 0.9 58 0.7 
4809 2 0.3 9 0.9 16 0 
4852 0 0 1 0.4 8 0.8 10 0 21 0 32 0.6 56 0.9 59 0 80 0.3 90 1 
4892 29 0.8 42 0.7 47 0.3 75 0 94 0 97 0.4 
4904 36 0.5 55 0.3 62 0.9 66 1 72 0.5 76 0.5 86 1 
5026 2 0.7 44 0 70 0.3 77 0.8 92 1 
5131 2 0.4 11 0.8 25 0.3 30 0.8 33 0.8 37 0.8 44 0 91 0 
5430 2 0 7 0.5 15 0.3 27 0.8 33 0.7 63 0.8 75 0.6 79 0.3 
5522 15 0.9 41 0.7 53 0.5 59 0.9 60 0.9 64 0.6 90 1 
5661 6 0 20 0.8 31 0.9 36 0.7 55 0.9 59 0.8 82 0.3 99 0 
5893 48 0.7 
5987 22 1 33 0.9 71 0.8 85 0.6 99 0 
5992 0 0 22 0 34 0.6 38 0.3 39 0.3 41 0.4 47 0.6 62 0.8 68 0 95 0.6 
6049 8 0.8 34 0.3 93 1 
6135 20 0 50 0.3 69 0.9 80 0.3 81 0 91 0.9 92 0.8 94 1 96 0 
6149 9 0.3 11 0.5 17 1 31 0.8 54 0.8 
6178 12 0.7 18 0.4 34 1 37 0 53 0.4 62 0.8 93 0.7 96 0 
6198 32 0.6 36 0.4 51 0.7 84 0.4 
6405 34 0.3 50 0.5 55 0.6 56 0.3 69 0.9 71 0 73 0.6 83 0.7 
6440 22 0.9 36 0.3 70 1 83 0 
6499 34 0.4 
6920 0 0 2 0.5 20 0.7 39 0.4 41 0.4 47 0.3 73 0.3 83 0 89 0.5 98 0.8 
6949 33 0.9 80 0.9 82 0.9 94 0.6 
7082 6 0.8 
7257 3 0 23 0 51 1 52 0.8 97 0.4 
7413 43 0.5 75 0.9 
7485 17 0.7 19 0.6 23 0.9 51 0 77 0.5 
7654 94 0 
7769 19 0.8 24 0 25 0.6 70 0 76 0.7 91 0 99 0.4 
7834 63 0.9 98 0 
7998 35 0.7 40 0.6 68 0 69 1 83 0 
8034 0 0 4 0.7 5 0 12 0 17 0.5 20 0 31 0.7 37 0 40 0.9 57 0.3 
8470 56 0.4 59 0.4 70 0.9 83 0.4 
8829 23 0.5 37 0 45 0.9 78 0 85 0.7 96 0 
8945 2 0 38 1 57 0.9 79 0.7 
9150 6 0.4 9 0.7 43 0 44 0.9 46 0 82 0 88 0.9 97 0.9 98 1 99 0.8 
9321 14 0 18 0.6 50 0 53 0.8 55 0.4 72 0 73 0.5 85 0.9 86 0 90 0.9 
9332 2 0.8 7 0.8 11 0.4 14 0 18 1 42 0.5 54 0 67 0.3 89 0.8 99 0 
9376 11 0 15 0.3 31 0.4 38 0 63 0.6 77 0 
9456 2 0.6 12 0.5 44 0.9 63 0.5 
9506 7 0.5 15 0.8 21 0.8 34 1 45 0.8 53 0 63 0.4 81 0 83 0.4 85 0 
9697 61 0.5 72 0.3 91 0.9 
9886 15 0.5 41 1 47 0 54 0 62 0.4 65 0.6 78 0 
9980 19 0.6 27 0.7 28 0 29 1 32 0 48 0.7 57 1 61 0.5 64 0.9 95 0.7 
