100
12 9 0 23 0 48 0.8 79 1 89 0 
73 28 0 84 0.9 
104 6 0.3 10 0.3 47 0.5 51 0.5 92 0 
129 14 0 25 0.6 42 1 48 0.8 56 0.7 61 0.5 68 0 
141 53 1 64 1 83 0.7 
192 16 0.9 29 0.3 35 0.7 46 0.5 73 0 93 0.3 
196 31 0.6 61 0.6 64 0.8 82 0.9 90 1 97 0 
334 39 0.7 
446 5 0.7 64 0.4 69 1 83 0 
594 17 0 31 1 47 0.8 58 0.6 74 0 75 0 88 1 
619 17 0.9 49 0.6 56 0.6 65 0 96 0.9 
691 3 0.7 4 0 7 0.9 40 0.7 69 0.4 84 0.5 93 0 
764 7 0.5 20 0 32 0.4 57 1 72 0.5 81 0.3 
768 14 0 16 0.9 33 0 34 0.5 38 0.4 74 0 79 0 
879 36 0.3 95 0.7 
1002 29 0.7 48 0.6 54 0.9 63 0.8 93 0 
1085 42 0 48 0 54 0.5 57 0 65 1 67 0.4 73 0 93 0 
1107 3 0.8 
1145 12 0.7 39 0.9 43 0 53 0 64 0 71 0.3 96 0.5 
1198 12 0 37 0 53 0 54 0 58 0.5 81 0 82 0.7 93 0.7 
1271 31 0.4 32 1 80 0.5 98 0 
1387 19 0.8 36 0 41 0.4 73 1 78 0.9 92 0.3 94 0.4 99 0.5 
1451 15 0.8 37 0.6 
1589 6 0 11 0.8 20 0.8 35 0.7 39 0 88 0.7 89 0.8 99 0.5 
1612 22 0 24 0.9 28 0 30 0.6 56 1 87 0 89 0.3 97 0.6 
1632 4 0.7 10 0 33 0 64 1 65 0.6 75 0.3 80 0.8 
1822 8 0.6 9 0 15 0 33 1 35 0.8 59 0.7 63 0.7 76 0.7 94 0.6 
1835 18 0 
2007 24 0 25 0.7 29 0.6 78 0.3 
2083 0 0.7 8 0 31 0 38 0.5 50 0.6 51 0 57 1 71 0.9 81 0.5 
2103 21 0 23 0 34 0.6 36 0.4 40 0.4 99 1 
2199 17 0.7 19 0.8 26 0 39 0.8 47 1 67 0 70 0.3 76 0 87 1 
2280 88 0.3 
2374 3 1 23 0.5 32 1 90 0.3 
2397 13 0 31 0.6 32 1 41 0.8 45 1 61 0.6 62 0 69 0.5 71 0.3 84 0.5 
2525 0 0.6 39 0.4 
2977 22 0.6 40 0.5 61 0.5 76 0 92 1 
3072 7 0 33 0.6 
3215 8 0.5 17 0.4 27 0.8 52 0.8 65 0.6 71 0.8 75 0 90 0.4 97 0 
3219 1 0 14 0.5 15 0.5 36 0.8 37 0.6 48 0 56 0.8 77 0.4 79 0.6 
3377 9 1 39 0.7 40 0 42 0.3 86 0.4 
3441 11 1 49 0 73 0.7 84 0 
3454 4 0.3 20 0.4 32 0.4 49 0 58 0.8 64 0.4 66 0.5 
3516 12 0.7 13 0.9 21 0.3 42 0 59 0 60 0.3 68 0 69 0.9 79 0.5 98 0.4 
3559 6 0.7 8 0.8 14 0.9 28 0.4 31 0 64 0.9 77 0.4 
3644 39 0 44 0 
3858 28 0 70 0 76 0.5 87 1 
3869 22 0.9 40 1 51 1 73 0.6 
3902 1 0.3 13 1 37 0.7 
4046 23 0 37 0.5 51 0.8 53 0 54 0.7 56 0.5 64 0.6 77 0.6 96 0.7 97 0.5 
4194 16 0.4 
4544 0 1 31 0 32 0 49 0.9 57 0.9 63 0.8 70 0 85 0.5 86 0.9 95 1 
4824 9 1 43 0.5 47 0.6 62 0.4 73 0.6 83 0 
4826 7 0.9 10 0.4 31 0.4 33 0.7 48 0.8 51 0.4 63 0 70 0.6 
4866 7 0.3 19 0.3 43 0 60 0.8 71 0 93 0.7 
4868 3 0 6 0.8 7 0.6 9 0.3 17 0.7 19 0.9 26 0.6 48 0.4 65 0.4 80 0.9 
4967 5 0.6 17 0 31 0.9 35 0.4 39 0.5 42 0.4 51 0.5 
5059 20 0 23 0.6 27 0.6 63 0.5 64 0.3 71 0.8 
5110 49 1 
5265 19 0.6 76 1 91 0 
5283 14 0.7 67 0 88 0.6 
5288 1 0.5 2 0.9 4 0.4 14 0.7 27 0 28 0.4 29 0 45 0.5 72 0.5 
5318 56 0.7 58 0.3 
5781 8 0.3 19 0.6 36 0 40 0.3 47 0.9 62 0.3 64 0.3 66 1 82 0 
5856 13 0 45 0.7 47 0.6 79 0.8 85 0.9 99 0.8 
5898 9 0.9 35 0.9 44 0.4 47 0.3 64 0.9 65 0.8 
5970 79 0.3 95 0.4 96 0.4 
5971 4 0 37 0 42 0.4 76 0.8 94 0 
5985 21 0.5 26 0 31 0 51 0 56 0 66 0.5 67 0.6 82 0.3 86 1 97 0.3 
6242 10 0 52 0.4 96 0 
6430 26 0 45 0.7 64 0.7 
6775 12 0.8 50 0 65 0.5 92 0.4 
6797 2 0 20 0.6 36 0.8 37 0.9 42 1 56 0 80 0 85 0.6 88 0.8 94 0.5 
6800 50 0 59 0.9 60 0 62 1 96 0.8 
6863 19 0.3 46 0 76 0.6 84 0 
6899 25 0.3 37 0.3 53 0.6 56 0 60 0.6 62 0.3 78 0.9 
7009 77 1 
7088 13 0.6 76 1 
7176 50 0.9 87 0.6 96 0.4 
7194 18 0.5 20 1 24 0.4 48 0 50 0.6 55 1 58 0.5 78 0.7 97 0 99 0.6 
7346 17 0 47 0 52 0.3 59 0.6 86 0.4 
7393 36 0.7 64 0.3 65 0.8 96 0.6 
7455 19 0.7 24 0 30 0 45 0.9 48 0 59 0.6 74 1 
7701 20 0.6 33 0.4 69 0 77 0.5 96 0.8 99 0 
8084 14 0.7 15 0.8 25 0.4 33 0.4 59 0 83 0.6 91 1 92 0.3 94 0.4 99 0.7 
8144 47 0 74 0.8 94 1 98 0.4 
8280 1 0 9 1 26 0.7 29 0.6 33 0.6 38 0.3 66 0.4 82 1 
8495 3 0.6 
8556 55 0.3 60 0.4 80 0 99 0.9 
8647 56 0 
8756 5 0.5 25 0.7 47 0.5 76 0.4 84 0.7 92 0.3 
8886 9 0.4 23 0 62 0.8 64 0 72 1 
9012 98 0.4 
9140 15 0 40 0.9 67 0.6 
9164 26 0.7 53 0.6 55 0.7 61 0.5 
9210 10 0 25 0.8 47 0 60 0 66 0.6 86 0.9 
9575 0 0 9 0.9 49 0 60 0.6 62 0.8 66 0 69 0.9 74 0.3 75 0.9 84 0.5 
9692 11 0.6 18 1 19 1 23 0.3 42 0 73 1 78 0 87 0.5 93 0.4 
9763 56 0.7 89 1 
9977 1 0.9 8 0.8 16 0 22 0.7 35 0.8 46 0 55 0.8 67 0.8 75 0.5 96 0.7 
