100
127 1 0.7 9 0.5 11 0.7 57 0.5 76 0.9 88 0 
150 10 0 16 0.6 31 0 38 0.6 55 0.6 78 0.8 
165 6 0.5 36 0.5 98 0.9 
329 1 0.8 
356 61 0 
371 3 0.7 24 0.5 
475 7 0 21 1 37 0.9 45 0.8 62 0 74 0.6 86 0 88 0 
531 7 0.4 21 0.8 43 0.8 67 0.8 72 0.9 73 0.8 92 0 93 0.3 
551 5 0 7 0 11 0.9 15 0.7 24 0.3 26 0.8 29 0.7 55 0.8 64 0.7 76 0 
842 0 0.5 4 1 28 0 46 0.3 83 1 87 0.8 98 0.5 
882 5 0.7 29 0 65 0.8 
1123 9 0 46 0.4 50 0.4 54 0 89 0.5 97 0.7 
1232 62 0.7 
1234 46 0 54 0.7 96 0 
1253 12 1 44 0.5 51 0.7 62 1 65 0.9 90 0.6 91 0.7 92 0.5 
1378 26 0.9 38 0 47 0.7 48 0 59 1 60 0.5 96 0.5 
1379 10 0.8 20 0.8 46 0.7 67 0 93 0.7 98 0.3 99 0.8 
1448 0 0.7 23 0.4 45 0.4 46 0.8 51 0 79 1 95 0 
1508 1 0.4 9 0 38 0 65 0.6 
1520 78 0 81 0 84 0.3 85 0.3 91 0.4 
1576 18 0.7 28 0.5 32 1 48 0 58 0.5 60 0.8 99 0.9 
1583 4 0.6 19 0.5 35 0.9 37 1 65 0.8 69 0 80 0.6 
1662 4 0.4 20 0.7 30 0.9 51 0.6 68 0.3 
1706 11 0.8 12 0.4 27 0.9 35 0.7 51 0.5 61 0.4 75 0 88 1 96 0.3 
1892 8 0.4 13 1 32 0.4 61 0.9 64 0.4 71 0.9 79 0.9 85 0.6 91 0.7 96 0.8 
1992 25 0 37 0.9 
2020 22 0.6 63 0 97 0.5 
2103 21 0 23 0.5 34 1 36 0.6 40 0.7 99 0.3 
2152 3 0.8 72 1 
2211 15 0 94 0.4 
2246 12 0.6 19 1 28 1 79 0.8 86 0 
2520 8 1 13 0.9 40 0.8 69 0.5 75 0 82 0 83 0.8 86 0 91 0.9 
2680 1 0.3 8 0 12 0 32 0.7 55 0 65 0.4 86 0.6 90 0.5 97 0.9 
2693 2 0 4 0.5 8 0.3 23 0.4 54 0.7 57 0 68 0 70 0.6 89 0.4 91 0.4 
2735 65 0.8 
2853 8 0.6 20 0.4 38 0.5 44 0 51 0.5 67 0 
2885 43 0.8 82 0.6 
3313 6 0.6 20 1 22 0 28 0.3 40 0.7 69 0 77 0.5 91 0.9 94 0.9 
3317 9 0 11 0 21 0.4 50 0.5 60 0.3 90 0.9 
3500 20 0 77 0.5 92 0.9 
3862 1 0.8 36 0 76 0 91 0.3 
3989 41 0.9 55 0.6 63 0.9 81 0.5 
3996 35 0 39 0.6 43 0.6 78 0.4 85 0.6 
3998 47 0.5 51 1 52 0.5 64 0.6 65 0 69 0.5 71 0.7 75 0 86 0.5 87 0.4 
4004 38 0.4 
4538 59 0.5 73 0.7 
4578 19 0 29 0.8 50 0 66 0 84 0.3 
4678 1 0.3 33 0 43 0.8 44 0.3 55 0.5 71 0.5 81 0.7 90 0.9 
4708 33 0 45 0.5 71 0.4 83 0.7 93 0.8 
4743 68 0.7 
4764 4 0.6 64 0.3 66 0.9 
4892 29 0 42 0 47 0.9 75 0 94 0.7 97 0 
4989 1 1 5 0.7 20 1 23 0 37 1 77 0.4 82 0.3 84 0 86 0 92 0.9 
5204 33 0 44 0 51 0.6 55 0.8 67 0.8 75 0.8 90 0.9 96 0.8 98 0.9 
5293 39 0.4 
5313 14 0.7 74 0.8 
5330 3 0.3 9 0.5 15 0 26 0.4 56 0.3 62 0 99 0 
5342 14 0.9 22 0.6 31 0.7 44 0.7 53 0 57 0.4 58 0 61 0.6 66 0 83 0.3 
5567 0 0.4 8 0 13 1 58 0.3 69 0 74 0.5 85 0.3 88 0.7 92 0.5 99 0.7 
5636 6 0 20 0.6 28 0.7 44 1 68 0.6 87 0.4 88 0.8 94 0.3 
5989 1 0 3 0.7 4 1 20 1 31 0.6 49 0.3 55 0.4 82 0 
6066 0 0 70 0.3 80 0.8 
6115 50 1 57 1 62 0.3 85 0.5 
6225 13 0.3 49 0.3 80 0.4 
6446 89 0.6 
6634 8 1 11 0.9 18 0.8 25 0 30 0.3 48 0.6 49 0.4 68 0.7 74 0 80 0.9 
6657 22 0.4 86 0.3 
6876 5 0 20 0 33 0.4 43 0.8 64 0.5 75 0.7 81 1 
6886 22 0.9 30 0.5 49 0 85 1 90 0.3 
6941 48 0.4 87 0.5 
7012 16 0.6 22 0.4 44 0.5 55 0.3 64 1 82 0 85 0 97 0.7 
7157 45 0 95 0.9 
7176 50 0 87 0.8 96 0.8 
7180 52 1 60 0 64 0.6 74 0.5 81 0 
7487 4 0.7 12 0.8 14 0 25 0.5 40 0.3 49 0.6 67 1 
7557 3 0.5 7 0 23 0.3 27 0.8 31 0.7 46 0.7 53 0.8 61 0.6 70 0.7 83 0 
7580 18 0.7 
7631 2 0.6 8 0.4 10 0.9 16 0.3 63 0.5 65 0.3 70 0 73 0 83 0.5 96 0 
7652 0 0.3 7 0.3 14 0 18 0.9 26 0 30 1 38 0.9 55 0 58 0 82 0.6 
7774 3 1 6 0.5 13 0 18 1 20 0 35 0.9 42 0.6 44 0.4 57 0.6 79 0.8 
7864 24 0 61 0.7 62 0 68 0.8 89 0.9 
7995 42 1 50 0.3 59 1 
8268 3 0 15 0.4 43 0.4 51 0.7 77 0.3 89 0 
8311 29 0.5 49 0.5 52 0.4 71 0.5 82 0.7 87 0.9 
8483 40 0 41 0.3 58 0.5 95 0.5 96 0.5 
8517 10 0 13 0 38 0.8 57 0.6 59 0 79 0.3 87 0.9 95 0.7 
8628 39 0 
8650 8 0.4 12 0 17 0.6 45 0.3 77 0.5 82 0 84 0.5 85 0.6 87 0.4 
8762 9 0.5 16 0 34 0.5 35 0.6 66 0.3 96 0.3 
8858 15 0.9 18 1 32 0 33 0.4 66 1 76 0.5 84 0 
8868 0 0.7 26 0 43 0.9 64 0.9 71 0.3 79 0.9 99 0 
8889 14 0.8 15 0.7 24 0.8 29 0.6 42 0.8 56 0.6 68 0.3 71 0.5 86 0.4 89 0.4 
9092 1 0.6 5 0.6 33 0 49 0.3 50 0 63 1 71 0.9 
9104 5 0.5 14 0 32 0.9 48 0.5 90 0.3 
9193 2 0.8 95 0.6 
9362 12 0.7 22 1 37 0 43 0.6 98 0.7 
9494 7 0.8 20 0 41 0 51 0 68 0.5 
9851 3 0.8 18 0.6 23 0.6 32 0.9 39 0.6 63 0.5 73 0.7 93 0.5 
9929 10 0.4 24 1 39 0 45 0.4 47 0.8 48 0 91 0.5 93 0 98 0.4 
9973 18 0.9 23 0.9 58 0.8 
