100
69 1 0.9 6 0.6 11 0.3 39 0.4 45 0.3 60 0.3 82 0 88 0.5 
246 4 0.3 13 0.8 24 0 29 0.8 31 1 55 0 59 0 66 0.8 
408 4 0.3 19 0.4 26 0 34 0.4 39 0.9 53 0.8 
611 6 0 52 0.3 58 0.4 68 0 76 0 
634 16 0 25 0 29 0.6 31 0 37 0.7 44 0.3 51 1 
710 1 0.6 38 0.5 58 1 89 0.6 91 0 
726 19 0.3 48 0.7 95 0.4 
727 18 0.9 20 0.6 27 0.3 34 0 82 0.6 91 0 95 0.3 99 0.4 
750 6 0 28 0.6 40 0.4 64 0.9 90 0 94 0.9 
812 25 0.7 30 0.6 31 0.7 48 0.4 66 0.4 99 0.3 
863 8 0.8 29 0.7 35 0 51 0.6 65 0.4 66 1 86 0.3 87 0 89 0.8 
1064 11 0.5 30 0.8 59 0.6 62 0.5 83 0.4 
1086 10 0.5 21 0.3 24 0.9 31 0.8 34 0.7 38 1 41 0.3 57 0 71 0.8 79 0.3 
1095 14 0.7 16 0.7 26 0.4 83 1 
1099 19 0.4 65 0 69 1 83 0 
1335 28 0 46 0 47 0 76 0.7 
1355 3 0.4 24 0.6 26 0.8 47 0 72 0.6 73 0.4 
1445 30 0.6 48 0.4 
1454 2 1 3 0 11 0 42 0 47 0.3 59 0 77 0 85 0 97 0 
1655 64 0 
1708 45 1 52 0 73 0.3 
1771 0 0.9 4 1 11 0.5 12 0.6 21 0 54 0.6 94 0.7 
1806 0 0.5 16 0 24 0.9 39 0.4 55 0.5 83 1 
1885 27 1 45 0.9 84 0.7 91 0.5 
1917 20 0.9 71 0.8 92 1 
1923 37 0.3 75 0.6 78 0 
1943 50 1 84 0.6 
2049 25 0.6 34 0.4 
2080 20 0.7 78 0.8 
2112 23 0.5 37 0.3 44 0 63 0.3 94 0.8 95 1 97 0.4 
2118 4 0.7 
2152 3 0 72 0.4 
2237 55 0 82 0.5 92 0.4 
2401 2 0.4 41 0 57 0.8 81 0 83 0.4 
2420 23 0.7 47 0.8 48 0.6 61 0.9 67 0 77 0 78 0.5 79 0.4 99 0.5 
2510 12 0 32 0.6 55 0.3 60 0.5 65 0.9 79 0.4 85 0.9 87 0 99 0 
2574 14 0 17 1 37 0.7 58 0 62 0 78 1 88 0 
2953 35 0.3 
3008 1 0.3 3 0 26 0 62 0.3 67 0 69 0.3 88 0.4 89 0.5 
3081 3 0.5 8 0.7 9 0.4 37 0.6 40 0 59 0.9 64 0.5 73 0.6 93 0 
3190 20 0.4 27 0.4 35 0.3 38 1 40 0 44 0.9 76 0 83 0.6 88 0 99 0.9 
3325 3 0.7 10 0.3 32 0 48 0.8 67 0.5 74 0.4 94 0.4 
3336 38 0.6 89 0.6 
3398 26 0 39 1 
3467 10 0 69 0.4 93 0.7 94 0.8 
3618 3 1 4 0 6 0 20 0.4 37 0.3 48 0.3 
3631 80 0.8 
3845 33 0.5 34 0 42 0.7 50 0.3 82 0 84 0 
4104 5 0.6 14 0 30 0.3 31 0.3 61 0 97 0.4 
4291 24 0.5 
4312 2 0.7 17 0 45 0.3 59 0.8 74 0 82 1 87 0.4 88 0 
4314 28 0.7 66 0.4 
4321 19 0.7 33 0 67 0 73 0 
4426 20 0.7 
4513 2 0 24 0.5 38 0 43 0 44 0 60 0.3 72 0.3 78 0.7 
4526 28 0.6 39 0.5 83 1 86 0.4 
4533 3 0.7 10 0 20 0.3 24 0 36 0 56 0.6 66 0 71 0.6 94 1 95 1 
4886 4 0 40 0.4 94 0 
4926 7 0.8 17 0.8 18 0.5 64 0.7 75 0.6 78 0.9 88 0.3 93 0 
5013 7 0 11 0.8 39 1 77 0 91 1 99 0.8 
5242 9 0.9 52 0.6 95 0.3 
5336 96 0.7 98 0.4 99 0.8 
5348 15 0.7 28 0.9 45 0.8 49 0 50 0.6 72 0.9 81 0 
5794 49 0 
5896 25 0 38 0.6 86 0.7 96 0 
5936 70 0 96 0.3 
5984 11 0.6 65 0.8 69 0 88 0.6 
6082 32 0 74 0 78 0.4 82 0.9 
6242 10 0.7 52 0.8 96 0.9 
6302 8 1 26 0.3 57 0 74 0.8 80 0.7 
6321 21 0.3 26 0 33 0.8 43 0 46 1 74 0.4 
6380 18 0.8 28 1 76 0 88 0 93 0 98 0.3 
6434 0 0.3 11 0.9 26 0.5 29 0 58 0.7 
6511 14 0 34 0.8 36 0.7 57 0.6 63 0 75 0.3 85 0 90 1 94 1 96 0.6 
6515 33 0 58 0.7 84 0.5 
6737 3 0.3 5 1 39 0.5 47 0.9 48 0.4 72 0.9 81 0.5 86 0 90 0.8 
6841 13 0 15 0 46 1 54 0.8 60 0.5 73 0.6 86 0 90 0 
6872 5 0.3 40 0.7 53 0 79 0.9 
6913 20 0.4 47 0.8 54 0.7 88 0.8 
7190 34 0.6 42 0.3 
7484 25 0.9 59 0.5 68 0.7 75 0.3 80 0.7 83 0.8 87 0 
7519 2 1 3 0 25 0.3 29 0.8 54 0.6 
7573 2 0.7 11 0 24 0.6 50 0 61 0 65 0 91 0.4 
7597 15 0.7 19 0 25 0.5 57 0.7 73 0 
7619 14 0 15 0.5 42 0.9 55 0 65 0.3 70 0.3 84 0.7 96 0 97 0.5 
7759 8 0.8 9 0.7 11 0.8 26 0 32 0 37 0.3 40 1 42 0 68 0 82 0 
7859 32 0.8 46 0.5 
8060 62 0.8 74 0.9 
8414 21 0.4 25 0.6 65 0.8 83 0 88 0 89 0 
8443 9 1 12 0 28 0.5 42 0.9 54 0.9 57 0 63 0.6 67 0.9 78 0 95 0 
9016 0 0.3 33 0.6 54 1 
9034 23 0.6 88 0.4 
9386 12 0.6 51 0.4 63 0.5 80 0.5 
9434 3 1 7 0 9 0.8 24 0.3 49 0.9 57 0.9 60 0.4 
9707 14 0 36 1 
9866 80 0.6 
9898 2 0.8 4 0.5 41 1 60 0.4 71 0.6 83 0.4 91 0 93 0.6 95 0.9 
9924 7 0.6 11 0.9 41 0.4 45 0 72 0.9 97 0 
9956 0 0.7 18 0.6 24 0.9 31 0 33 0.3 45 0 77 0.5 
9992 52 0.8 81 0.6 
