100
16 16 0 23 0 34 0.4 66 0.5 76 0.9 91 0.6 92 0 
34 3 0.4 34 0 35 0.4 45 0.3 87 0.9 93 0.6 
199 8 0.6 12 0.7 21 0.7 30 0 41 0.6 60 0.5 61 0.3 87 0.4 95 0.8 
250 14 0 85 0.4 91 1 97 0.4 
345 2 0.7 16 0.5 33 0.4 42 0.8 43 0.5 62 0 83 0.5 94 0.8 
454 51 0.4 
581 36 0.6 40 0.5 56 1 62 1 65 0.3 
586 0 0.6 1 0.8 18 1 30 0.6 37 1 93 0.9 
634 16 0.7 25 0.3 29 0.7 31 0.6 37 0 44 0.6 51 0 
697 37 0.8 57 0 
709 8 0.9 95 0.7 
886 1 0 4 1 44 0.7 45 0.6 49 0.8 67 0 83 0.9 96 1 
929 5 0.4 8 0.4 30 0 43 0.5 57 0.9 76 0 81 0.7 
930 11 0.3 14 0.3 16 0.7 40 0.5 42 0.4 76 1 77 0.3 88 0.5 
1310 91 0.4 
1372 48 0.6 55 0 87 0.8 89 0.6 98 1 
1513 4 0 35 0.3 43 1 46 0 76 0.7 88 0.6 
1573 7 0.7 9 0.7 13 1 17 0.7 28 0.9 39 0.9 42 0.8 58 0.9 76 0 
1650 0 0 2 0.3 58 0.8 
1751 3 0.3 17 0.8 25 0.8 51 0 57 0.7 67 0.7 75 0.7 
1820 3 0.9 6 1 8 0 27 0.9 33 0.4 34 0.5 92 0 93 0 97 0.7 99 0.7 
1991 82 0 
2159 1 0.8 3 0.9 11 0.9 13 0.4 36 0.5 49 0.4 50 0.7 63 0.9 76 0.3 82 0.5 
2192 13 0.4 19 0 23 0.5 29 0.4 34 0 44 0.8 
2307 31 0.5 
2463 14 0 16 0.7 34 1 41 1 47 0 53 0.3 67 0.3 68 0 
2733 3 0 54 1 79 0 81 1 82 0 88 0.5 
2850 0 0.7 79 0.7 
2920 2 0.3 51 0 
3067 27 0.9 36 0.3 66 0.4 69 0.8 79 0.9 91 0.6 
3185 37 0.7 
3226 1 0.6 31 0.3 53 0.9 64 0.6 69 0.4 
3346 3 0.4 15 0.8 47 1 48 0 75 0.8 95 0 
3382 76 0.8 92 0.6 94 0.9 96 0.6 
3419 17 0 50 0.7 68 0 
3510 25 0.6 29 0.5 41 0.3 98 0 
3714 10 1 17 0.3 70 0 
3879 7 0.6 22 0 63 0.6 75 0.5 83 0 84 0.5 97 0 
3897 17 0.6 34 0.6 
4326 8 0 11 0.4 22 0.5 26 0.8 59 0.7 68 0.8 73 0.5 85 1 97 0.9 
4509 4 0.6 61 0.5 68 0 84 1 98 0.7 
4534 3 0.9 5 0.4 6 0 22 0.8 50 0 76 0.7 85 0.8 94 0.8 97 0.7 98 1 
4539 7 0.4 29 1 55 0.8 65 0 69 0.5 82 0.5 93 0.3 99 0.7 
4558 13 0 16 0.6 24 0 39 0.5 47 0.6 61 0 71 0.6 97 0.7 98 0.9 
4664 9 0.8 15 0.6 70 0.7 95 0.4 
4672 40 0.7 56 0.6 77 0.6 
4726 9 0.3 10 0.7 45 1 50 0.3 53 0.3 64 0 79 0.5 87 0.6 
5051 10 0.5 30 0.8 39 0 54 0 57 0.5 72 0.4 
5175 38 0.7 40 1 67 1 83 0 89 0.5 91 1 
5259 7 0 22 0 41 0.6 44 0 52 0.9 66 0 69 0.9 76 0.3 80 0.9 95 1 
5307 21 0 69 0 77 0 87 0 
5534 0 1 20 0 24 0.5 31 0 42 1 49 0.5 56 0.4 65 0.8 
5535 37 0.5 51 0.9 
5552 11 0 30 0 55 0.5 61 0.4 70 0.8 76 0.7 78 0.9 90 0.3 
5626 3 0 11 0.6 26 1 35 0 39 0.9 61 0.8 71 0.9 87 0.5 92 0 
5692 1 0 7 0.8 59 0.5 60 0.7 76 0 87 0.6 90 0.3 
5712 30 0.4 70 0 97 0.9 
5755 4 0 8 0.5 51 1 55 0.8 63 0.6 82 0.3 85 0.8 
5770 5 0.4 9 0 15 0 20 0.3 26 0.5 67 0.4 84 0.3 
6246 59 0.3 
6317 4 0 12 1 42 0.4 57 0.5 78 0.9 81 0 
6332 9 0.6 26 0 45 0 50 0.3 
6428 7 0.9 30 0.5 38 0.9 43 0.4 50 0.3 64 1 89 0.7 
6523 23 0.3 28 0 29 0 56 0.9 65 0 
6539 26 0.4 36 0.3 52 0 56 0.5 87 0.3 
6661 37 0.8 41 0.8 78 0.8 81 1 87 0.7 96 0.5 
6957 27 0 36 0 47 0.5 72 0.5 75 0.7 80 0.9 82 0.7 
7009 77 0.4 
7446 30 0.7 52 0.6 58 0.8 67 0.4 77 0.7 80 1 
7468 1 0.7 7 0.5 15 0 17 0.6 33 0.6 42 0.9 82 0.8 89 0.8 
7479 3 0.5 9 0.4 35 0.8 50 0.3 54 0.6 55 0 59 0.7 76 1 
7527 0 1 2 0.7 27 0.4 58 0.3 78 0 85 0.6 87 0.4 88 0 
7585 26 0.5 47 0.7 72 0.6 83 0 92 0.8 
7656 7 1 13 0.5 18 0.6 33 0 50 0.9 54 0 75 1 77 0.8 92 0 98 0.8 
7737 2 0.6 92 0.7 
7939 1 0 3 0 9 0.9 29 0.7 45 0 53 0 62 0 82 0.4 96 0.3 
7943 61 0.6 
8157 1 0.4 7 1 
8285 28 0.5 64 0.8 70 0.5 73 0 90 0 
8338 14 0.3 34 0 51 0 55 0.7 63 0.6 90 0.5 
8355 27 0.3 42 0 81 0.3 83 1 
8367 0 0.6 10 0.6 15 0 55 0.8 56 0.3 88 0.5 90 0 
8426 4 0.5 5 0.8 9 0.9 26 0.9 59 0 66 1 82 0.5 89 0 
8670 10 0 19 1 36 0.4 44 0 53 0.9 62 0.4 97 1 
8742 6 0.6 45 0.8 51 0.8 56 0.8 79 0.6 83 0.8 88 0 
8845 18 0 74 0 75 0.6 84 0 96 0 
8852 75 0.3 
8926 10 0.4 12 0.7 52 0.5 55 0 58 0.8 
9004 16 0.4 
9039 21 0.5 55 0 64 0.3 74 1 79 0.6 94 1 
9153 7 0.7 28 0.7 44 0 45 0 47 0 73 0.9 81 1 82 0 95 0.4 
9170 12 0 61 0.7 67 0.8 86 0 
9373 7 0.5 11 0 21 0 34 0 43 0.6 50 0.7 
9442 12 0.9 16 0 20 0.4 34 0 65 0.5 66 0.9 73 0 83 0 85 0.5 96 0 
9637 5 0.4 18 0 22 0 28 0.6 55 0 84 0.4 85 1 88 0.9 90 0 95 0 
9727 1 0 42 0.6 55 0.9 65 0.6 74 0 80 0 82 1 99 0 
9761 4 0.6 22 0 28 0 40 0 63 0.8 66 0.3 
9791 28 0.4 
9800 17 0 18 0 27 1 37 0.9 87 0 96 0.5 
9833 93 0.4 
