100
46 18 0.7 
83 5 0.8 8 0 13 0 21 0 37 0 42 0.9 55 0.7 60 0.4 85 0.6 
95 33 0.8 45 0.3 52 0.5 66 0.5 83 0.7 90 0.9 
113 9 0.8 37 0.5 54 0.8 73 1 74 0.8 75 0.5 
249 17 0.6 26 0.8 47 0.9 54 0 55 0 70 0 76 0.7 79 0.7 
334 39 0.3 
375 74 0.6 
527 36 0.5 50 0.9 65 0 80 0.9 
638 6 0.6 27 0 52 0.4 54 0.5 81 0.8 84 0.6 
749 18 0.4 21 0 51 0.8 52 0.4 64 0.9 
817 6 0 13 0.8 18 0 23 0.6 24 0.6 35 1 36 0.4 41 0.5 72 1 77 0.5 
858 10 0.3 21 0 37 0.7 40 0.4 54 0 57 0.9 71 0 
915 13 0 38 1 40 0.5 64 0.6 91 0.7 96 0.9 
951 16 0.8 30 0.4 31 0 50 0.3 57 0.9 
1198 12 0.7 37 0.7 53 0.4 54 0.5 58 0.5 81 0.5 82 0.5 93 0.8 
1216 44 0.3 82 0 89 0 90 0 
1312 2 0 39 0.4 71 0 81 0.5 86 0 89 0.4 
1400 17 0.7 47 0.7 71 1 
1579 0 0.6 2 1 4 0.5 46 0.8 
1595 69 0 80 0 
1621 8 0.7 87 1 
1722 1 0 13 0.3 15 0.6 29 0 39 0.6 50 1 65 0.9 73 0.8 75 0.3 88 0.6 
1752 4 0.3 26 0.4 52 0 58 0.5 83 0 96 1 
1782 1 1 2 0.3 43 0 53 0.7 54 0 65 0 71 0.7 85 0 99 1 
1857 10 1 18 0 46 0.9 50 0 
2042 20 0 27 0.8 30 0.6 47 0.3 77 0.5 78 0.3 94 0 
2198 5 0.8 45 1 
2263 18 0.3 24 0.4 31 0.9 44 1 87 0.5 
2307 31 0.5 
2518 15 0.4 24 0.6 31 0.7 81 0.5 86 0.8 98 1 
2634 1 0.8 39 0 42 0.4 58 0.7 59 0.9 64 0.5 67 0.8 68 0.7 87 0.5 91 0 
2674 8 0 17 0.5 78 0 84 0.4 90 0 98 0 
2677 9 0.7 12 0.3 15 0.4 31 0.6 32 0.6 51 0.4 57 0.5 59 0.5 61 0.4 66 0 
2707 82 0.3 
2830 0 0.4 13 0.3 19 0.9 53 0.9 71 0 83 0.7 86 0.5 
3007 13 0 35 0 45 0 50 0.5 72 0.3 
3024 10 0.3 24 0.6 41 0.7 50 0.6 74 0.4 93 0.5 95 0 97 0.8 
3190 20 0.5 27 0.7 35 0 38 0.4 40 0.9 44 0 76 0.9 83 0 88 0.5 99 0.7 
3198 94 0.4 
3295 4 0 26 0.7 29 0.3 37 0.6 45 0 48 0.4 54 0.8 72 0.8 83 0.8 
3508 37 0 63 0 83 0.5 
3545 3 0.5 4 0.5 23 0.3 26 0.6 37 0 93 0.6 
3695 17 0 21 0.5 22 0.6 30 0.5 46 0 59 0 64 0.6 96 0.8 
3789 36 0.6 72 0 
3927 4 0.7 12 0.9 34 0.4 58 0.4 64 0.8 70 0.4 85 0.7 86 0 91 0.7 
4219 22 0.8 28 0.6 29 0 63 0 
4332 4 0.8 24 0.7 25 0.3 45 0.3 69 0 80 0.3 95 0.9 
4519 3 0.9 5 0 6 0 32 0.7 33 0.5 84 0.3 92 0 
4544 0 0.4 31 0.9 32 0.3 49 1 57 0.8 63 0 70 0.8 85 0.4 86 0.5 95 0 
4550 1 0.4 5 0.6 20 0.6 42 0.4 45 0 89 0 
4633 21 0.3 28 0 36 0.9 38 0 39 0.8 41 0.5 46 1 53 0.6 58 0 
4653 52 0.7 57 0.7 70 0.7 
4934 17 0.5 22 0 23 1 29 0.6 60 0 86 0.4 
5021 26 0.3 32 0 40 0.7 60 0 67 0.3 95 0 
5036 39 0 57 0 67 0.6 97 0.5 
5083 5 0.9 14 0.3 17 0 35 1 41 0 52 0.4 64 0.7 68 0 76 0 90 0.5 
5197 75 0 97 0.9 
5229 39 0 49 0.6 51 0 
5237 3 0 7 0.8 12 0.4 13 0.4 15 1 34 0.5 50 0.9 52 1 60 0 
5286 7 0.6 10 0 15 0.5 25 0.6 47 0.5 80 0 
5294 33 0.6 77 0.7 
5339 33 0.4 84 0.6 
5443 32 0.3 82 0.5 
5452 27 0.5 77 0.7 87 0.9 
5626 3 0.3 11 0.4 26 0.9 35 0.7 39 0.4 61 0.8 71 0.5 87 0 92 0 
5764 3 0 7 0.5 
6030 45 0.9 
6454 92 0.4 
6695 81 0.3 
6706 25 0 36 1 48 0.9 50 1 97 0.5 
6739 5 0 13 0.3 48 0.3 55 0.6 78 0 90 0.6 
6787 9 0.6 36 0.9 59 0.8 60 0.5 
6986 0 0.6 1 0 29 0.5 45 0 48 0.7 61 0.8 92 0.9 99 0 
7109 12 0 27 0.8 43 0.5 63 0 77 0.3 81 0 84 0 98 0.3 
7190 34 0.3 42 0.8 
7215 33 0 61 0.7 74 1 82 0.3 93 0.4 
7223 0 0.4 3 0.9 7 0.7 22 0 26 0.9 30 0.4 46 0.3 55 0 
7247 3 0.4 14 0.9 29 1 48 1 84 0.4 94 0.3 
7584 5 0.4 67 0 89 0.3 91 0.6 
7615 0 1 2 0 14 0.5 19 0.3 23 0.3 81 0.9 90 0 92 0.6 
7646 4 0 9 0.5 21 0.8 33 0.7 49 0.7 61 1 74 0.7 85 0.7 91 0.9 98 0 
7815 2 0.3 28 0.5 
8000 5 0.4 50 0.9 74 0.3 
8267 86 1 
8444 5 0.3 6 0.8 14 0.8 44 0.8 61 0.7 66 0.3 78 0 89 0.8 
8479 15 0 16 0 43 0.4 73 0.9 80 0 
8536 9 0.4 10 0.9 28 0 39 0 52 0.6 58 0.6 71 0.5 77 0.6 98 1 
8621 0 0.5 13 0.4 15 0.6 74 0.8 85 0.6 94 0.3 97 0.4 
8776 38 0.8 55 0.8 64 0.7 66 0 
8779 10 1 14 0.5 24 0.9 25 0.3 35 0.9 37 0.5 55 0.3 84 0.9 87 0.8 
8827 20 0.3 21 0 24 0.3 36 0.3 49 0.6 59 1 65 0.5 
9207 45 0 55 0.6 57 0 73 0.6 85 1 
9371 8 0.8 37 1 61 0 
9467 35 0.8 78 0.4 94 1 
9569 4 0.8 13 0.4 25 0 50 0 74 0 88 1 
9675 2 0 20 0 39 0 42 0.5 72 0 76 0.5 96 0.6 
9677 22 0.4 52 0 68 0 80 0.8 92 0.5 97 0.5 
9860 19 0.3 90 0.6 
9892 0 0.3 59 0.3 71 0 90 0.3 
9981 10 0 11 0 28 0.5 37 0.6 56 0.7 60 0 77 0.5 78 0.8 88 0 99 1 
