100
2 12 0.7 20 0.5 41 0.6 54 0.3 78 0.3 
15 4 1 9 0.6 16 0.3 26 0 34 0.8 40 0.5 60 0.5 
331 18 0 21 0 28 0 52 0.9 57 0.5 61 0.9 84 0.5 95 0 
393 14 0.7 53 0.6 57 1 60 0.3 72 0 84 0 97 0.3 
451 4 0.9 29 0 30 0.7 34 0.7 35 0.8 39 0.9 43 0.8 92 0 
512 8 0.4 24 0.6 27 0.7 35 0.8 49 0 64 0.5 83 1 85 0.6 86 0 
602 13 0.6 19 0 27 0.5 43 0 66 0.3 97 0.3 
630 11 0 21 0 29 0.4 40 0 52 0.3 82 0 86 0.8 95 0.6 
734 1 0 13 0.7 22 0.8 28 0.6 70 0.4 89 0.9 95 1 
760 44 0.3 63 0 
781 9 0 61 0.9 63 0 77 0.8 81 0 86 0 89 0 96 0.8 99 0 
871 3 0.6 18 0.9 
1118 13 0 33 0 37 1 
1174 98 0.8 
1276 22 0 53 0.7 56 0 93 0.6 
1326 34 1 36 0.3 61 0.3 67 0.4 74 0.5 77 0.3 78 0 82 0.9 84 0 
1336 3 0.7 9 0.8 11 0 28 0.9 57 0.3 64 0.3 
1389 1 0 8 0 53 0.7 82 0 
1421 11 0 47 0 52 1 65 0 77 0.8 
1491 2 0.4 11 0 14 0.9 19 0.3 54 0.7 58 0 
1969 4 0.7 73 0 82 0.5 
2127 28 0.7 31 0 33 0.6 36 0.5 40 1 53 0.5 54 0.7 72 0.7 86 1 
2213 24 0.7 49 0.6 70 0.7 95 0.4 
2214 1 0.7 13 0.7 42 0.3 67 0 68 0.5 72 0.5 88 0.7 
2232 33 0.7 42 0.7 50 1 60 0 78 0.6 95 0 
2318 3 0.5 25 0.9 26 0.9 38 0.3 44 0.7 51 0.3 73 1 79 0.6 90 1 
2323 31 0.9 36 0.4 45 0 69 0.4 
2383 6 0.9 23 0.4 33 0.3 38 0.6 43 0.6 77 1 81 1 89 0.6 90 0.5 
2725 12 0.9 16 0.3 17 0 20 0.9 34 0.7 43 0.5 83 1 87 0.6 94 0.6 
2753 13 0 20 0.7 35 0.6 47 0.6 52 1 56 0.3 59 0.6 61 0.4 78 1 84 0.6 
2844 63 0.6 96 0.6 
2879 18 0 71 0.6 
3110 22 1 
3160 32 0.5 48 1 58 0.5 65 0.4 
3211 37 0.9 
3394 9 0 27 0 35 0 47 0 63 0.4 66 0.5 69 0.8 72 0.6 
3797 5 0 11 0 21 0.4 26 0.9 45 0 51 0.7 68 0 70 0.4 72 0 98 0.8 
4185 7 0 24 0 38 0 46 0.4 54 0.9 70 0.9 90 0.3 
4238 2 0.7 14 0 23 0.7 37 0.3 40 0.9 55 1 62 0.5 71 1 
4458 36 0.5 40 0 52 0.7 64 1 
4624 27 1 28 0.7 66 0 69 0 86 0 87 0.4 90 0 
4658 38 0.4 90 1 
4908 27 0.7 28 0.9 32 0 44 1 45 0.3 54 0.7 80 0.8 
4925 4 1 26 1 32 1 33 0 37 0 51 0.5 54 0 66 0.7 77 0.9 86 0 
4973 17 0.5 32 0 55 0.7 97 0.8 
4986 16 0 30 0.7 46 0 55 0 95 0 
5069 5 0.4 6 0.9 16 0.4 23 0.4 34 0.8 44 0.5 58 0 70 0.7 89 0 95 0.6 
5330 3 0.7 9 0.8 15 0.5 26 0 56 0.4 62 0.9 99 0.4 
5470 6 0 14 0.3 17 0.7 22 0.4 32 0.4 40 0.5 51 0.8 61 0.8 79 0.5 
5492 1 0.5 16 0 37 0.5 50 0.5 64 0.7 71 0 74 0.7 87 0.7 
5527 60 0.7 72 0.8 
5736 4 0.6 28 0 39 0.4 57 0 70 0.6 84 0.5 87 0 96 0 
5839 12 0 25 0.9 86 0 92 0.9 
5851 3 0.8 53 0 55 0.9 74 0.4 75 0.9 78 1 96 0 
5944 6 0.8 16 0.3 64 0 68 0.5 83 0 
6062 15 0 24 1 55 0.4 73 0 92 0.4 
6085 6 0.7 27 0.4 31 0.6 57 0.9 65 0.8 92 0.3 
6109 3 0.5 
6110 32 0.7 60 1 
6275 12 0 17 0.4 31 0.9 46 0 92 0 94 0.8 
6281 32 0.8 87 1 
6294 23 0.4 43 0 47 0.6 64 0.5 87 1 91 0 98 0.7 
6325 20 0 35 0 51 0.9 
6347 50 0.9 
6357 36 1 46 0 76 0 80 0 96 1 
6614 9 0.6 27 0 36 0.8 38 0.3 61 0.3 70 1 75 0.8 
6622 4 0.8 49 0.6 52 0.3 73 0.4 
7045 23 1 45 0.5 46 0.6 51 0 64 1 70 0.5 74 0 
7208 25 0.5 95 0.6 
7253 22 0.9 70 0.8 91 0.5 
7280 32 0 70 0 
7319 7 0 10 1 19 0.7 21 0.5 41 0.6 64 0.7 76 0 99 0.7 
7499 28 0.3 
7641 13 0 16 0.3 26 0.9 30 0.5 36 0.9 74 0.4 84 0 92 0.9 
7663 38 0.6 58 0.7 69 0.7 72 0.9 
7693 6 0 9 0 11 0.6 33 0.9 54 0.3 61 0.5 
7721 0 0.9 33 0 34 0.3 41 0 50 0.7 55 0.4 73 0.4 89 1 90 1 94 0 
7769 19 0.3 24 1 25 0 70 1 76 0.3 91 0.7 99 0.8 
7820 14 0.7 28 0 30 0 43 0 51 0.3 58 0.3 68 0.4 71 0.6 
7823 4 0 23 0.6 28 0.4 31 0.9 35 0.9 
7847 60 0.8 65 0 
7856 25 0.4 28 0.8 45 0 52 0.7 59 0.3 
8279 4 0.3 37 1 57 1 67 0.4 85 0 
8290 37 0.6 46 0 66 0.9 83 0.8 85 0.9 86 0 92 1 
8496 28 0.4 50 0.8 83 1 93 0.5 
8506 5 0.8 32 0.8 62 0.6 97 1 98 0.5 
8692 12 0.8 17 0.3 33 0 75 1 76 0.4 
8815 10 0.5 14 0 64 0 85 0 88 1 
8929 58 1 
9095 19 0 36 0 38 0.7 40 0.5 51 0.7 67 0 69 0.3 85 0.5 90 0 
9098 9 0 12 0.5 22 0.6 33 0.9 40 0.7 43 0.8 50 0 68 0 79 0.7 95 0.6 
9232 8 0.9 19 0.6 61 0 
9255 9 0.4 24 0 65 0 84 0 
9317 60 0 62 0.6 68 0 97 0 99 1 
9329 5 0 15 0.4 25 0.9 50 0.7 55 0.9 77 0.6 83 0.3 85 0.8 86 0.7 95 0.9 
9485 30 0.5 
9598 60 1 76 0 79 0.6 98 0 99 0 
9837 27 0.9 
9902 0 1 1 1 12 0 19 0.7 29 1 71 0.4 79 0.8 
9949 13 0 44 0.4 71 0.7 
