100
30 8 0.4 16 0 18 0.3 20 0.4 30 0.4 53 0.5 64 0.3 79 1 84 0 
121 56 0 88 0.3 
362 2 0 22 1 32 0 93 0 
406 0 0.9 8 0 22 0 43 0.5 82 0.6 90 0.6 
415 2 0 4 0.8 5 0.9 29 0.7 59 0.3 
557 50 1 86 1 
562 11 0 17 1 33 0.7 46 0 49 0 51 1 81 0.8 86 0 
747 8 0 30 0 48 0.3 65 0 83 0 84 1 87 0 
767 10 0.9 38 1 
778 4 0 28 0.6 34 1 37 0.3 47 1 58 0 60 0.5 75 0.5 88 0.7 
918 13 0 18 0 19 0 28 0.3 41 0.3 76 0.8 98 1 
1367 3 0.3 21 0.8 34 0.8 48 0.3 52 0.5 64 0 67 0 85 0.5 86 1 
1471 65 0.9 72 1 96 0 
1517 56 0.6 92 0.6 
1638 72 0.9 
1694 9 0.8 17 0 24 0 26 0.7 56 0 63 0.3 67 0.3 75 0.8 90 0 
1876 6 0.8 27 1 44 0 81 0.7 
1905 20 0 21 0.8 25 0 32 0 56 0.7 60 0.9 65 0.6 66 0.9 72 0 75 0.4 
1935 11 0.8 18 0.4 27 0.5 36 0.4 39 0 59 0.8 
1938 12 0 19 0 46 0.8 56 1 62 0.4 75 0.8 82 0.8 90 0 
2103 21 0 23 0.7 34 0.4 36 0.3 40 0.8 99 0.3 
2317 13 0 
2367 8 0.3 13 0.8 25 0 39 0.5 43 1 49 0 62 0.6 68 1 74 0.9 94 0 
2544 69 0.5 
2674 8 0.3 17 0 78 0 84 1 90 0 98 0.7 
2725 12 0.5 16 0 17 0.8 20 0.4 34 0 43 0.7 83 1 87 0 94 1 
2772 77 0.8 
2856 5 0.4 16 0.5 23 0.5 29 0 63 0 69 0.8 84 0 91 0.3 94 1 
3072 7 0.3 33 0 
3134 8 1 23 0 27 0.9 35 0.4 92 0.9 
3178 64 0 84 0.3 
3591 0 0.7 28 0.3 41 0.8 54 0 72 1 78 0 82 0 
3730 90 0.4 
3837 25 0 46 0.8 60 0 74 0.9 88 0.7 89 0.4 
3882 1 0.5 19 0.4 66 1 96 0.8 
3890 30 0.9 41 0.7 72 0.5 
4032 9 0.4 16 0.6 17 0.3 19 0.8 26 0.7 38 0.6 55 0.9 63 0.3 86 0.5 88 0 
4055 33 1 51 0 60 0.6 90 0 
4073 1 0 2 0.5 13 0 15 0.7 47 0.3 50 0.6 74 0.6 83 0.8 
4242 10 1 37 0.9 39 0.3 49 1 62 0.5 81 0.3 
4318 6 0.5 9 0.6 14 0.5 18 0.8 54 0.9 60 0.9 72 0.7 87 0.3 
4332 4 0 24 0.4 25 0.8 45 0 69 0.9 80 0 95 0.5 
4402 25 0.9 54 0.6 64 0.6 71 1 83 0 84 0.3 93 0.9 98 0.5 
4553 1 0.5 4 0 22 0.3 31 0 33 1 48 0.3 65 0.9 75 0.4 99 0.6 
4740 3 0.4 9 0.6 16 1 22 0 40 0.7 41 0.4 50 0.9 61 1 73 0 81 0.7 
4776 37 0.4 54 0.8 60 0.3 62 0.5 
4791 31 0.5 33 0.9 52 0.7 66 0.5 67 0.3 
4797 12 0.8 64 0.8 93 0.9 
4927 47 0.7 64 0.6 70 0 
4988 13 0 19 0.8 22 0.9 39 0.5 47 0 80 0.5 81 0.3 82 0.3 87 0.7 98 0.6 
5023 7 0 24 0.5 35 0 36 0.4 71 0 80 0 
5024 14 0.6 31 0.5 42 0.3 52 0.4 77 0.5 87 0 
5058 59 0.8 85 0 86 0.7 
5219 30 0.6 38 0.5 77 0.6 78 0.6 
5283 14 1 67 1 88 0 
5442 48 0.5 
5461 20 0 26 0.9 27 0.8 42 0 63 1 
5548 97 0.8 
5641 38 0.6 59 0.5 63 0 
5720 37 0 
5846 9 0.5 39 0 52 0.7 69 0.5 74 0.3 81 0.6 89 0.5 
5848 2 0.9 21 0.9 38 0.8 46 0.5 51 0 62 0 76 0 81 0.8 85 0 90 0.6 
6067 26 1 29 0 75 0.3 85 0.6 89 0 
6159 7 0.8 97 0.8 
6161 33 0.5 51 0 54 1 68 0.6 69 1 74 0 75 0.7 77 0.8 80 0.6 94 0.6 
6219 17 0.8 18 0.7 43 0.4 93 0.6 
6324 36 0.7 42 0.4 72 0.4 81 0 94 0.6 
6493 1 0.6 58 0.3 61 0.8 72 0 75 0.3 77 1 89 0 95 0.4 99 0.7 
6576 24 0 
6614 9 0.9 27 0 36 0.8 38 1 61 0 70 0 75 1 
6804 6 0 10 0 33 0.6 36 0 40 0 47 0.9 52 0.5 54 0.3 74 0.4 
6832 9 0.3 78 0 90 0.9 96 0.6 
6850 10 0 34 0.4 87 0.5 95 0 
6892 38 0 51 0.5 61 0.3 64 0.9 70 0.6 72 0.4 80 0.8 90 1 
7174 2 0.9 13 0.6 16 0.6 28 0.4 38 0.7 40 0.3 76 0 90 0.9 96 0.4 97 0 
7305 15 0.7 50 0 59 0 
7328 4 0.9 27 0.7 28 0.5 33 0 47 0 62 0 65 0.7 87 0 96 0.3 
7336 3 0.9 8 0 16 0.7 20 0.6 27 0.7 63 0.7 85 0.7 
7432 62 0.3 
7450 11 0.4 21 0.7 
7501 1 0 3 0.4 19 0.4 27 0 37 0 62 0 65 0.4 76 0 79 0 98 0.9 
7550 31 0.5 
7618 3 0 8 1 19 0.5 24 0.8 28 0.9 37 0 54 0.3 65 0.6 68 0.3 94 0.3 
7791 2 0 7 0.7 17 0.4 25 0.4 37 1 44 0.3 72 0.8 83 0 87 0 92 0 
7822 2 0.5 33 0.3 42 0.5 64 0.9 
7841 16 0 27 0 29 0 32 0 46 0 61 1 75 0.6 83 0.3 
7858 21 0.4 28 0.7 38 0.8 42 0.6 46 0.8 64 0.3 90 0.6 
7861 13 0.4 33 0.8 42 0 76 0.8 
8270 36 0.8 37 0.3 45 0.3 54 0 64 0.8 69 0.6 94 0.6 97 0 
8427 23 0 84 0 
8558 40 0 51 0.9 56 0 68 0.6 73 0.9 75 0.3 76 0 81 0.8 92 0 99 0 
8754 18 0.9 27 0.8 32 0.5 33 0 57 1 72 0.8 
8860 80 0 
9264 1 0.3 2 0 56 0.4 
9265 7 0.8 36 0.8 43 0.4 51 0 84 0.5 93 1 
9367 7 0 9 0.8 14 0.5 21 0.7 23 0.5 38 0.3 47 0.5 57 0 66 0.7 87 0.6 
9579 11 0 13 1 16 0.3 31 0.5 33 0 40 0.7 65 0.9 69 0.6 83 0.4 91 1 
9925 10 1 58 0 
9956 0 0.9 18 1 24 0 31 0 33 0 45 0 77 0 
9991 9 0.5 12 0.6 13 0 34 0.7 57 1 69 0.9 74 0.6 89 0.4 94 0.9 
