100
110 21 0.7 22 0.3 35 0.4 91 0.9 
112 12 0.6 22 0 30 0.4 32 0.9 40 0 53 0.9 62 0.6 81 0.7 86 0 98 0.6 
127 1 0 9 0.5 11 0.4 57 0.9 76 0 88 0.3 
315 33 0.9 38 0.3 56 0.6 86 0 
480 13 0.5 26 0.4 33 0.8 62 0.5 88 1 94 0.4 
485 1 0.9 22 0 44 0.8 56 0.8 
704 0 0.3 24 0 83 0.5 85 0.8 87 0 
913 16 0.8 18 0 23 1 31 0.3 54 0 
1067 3 0 31 0.3 47 0 48 0 60 1 67 0.5 71 0.3 73 0.5 91 0 
1084 7 0 24 0.4 47 0.9 64 0 70 0 84 0 
1092 28 0.9 30 1 33 0 46 0.9 
1101 9 1 27 0 29 0.7 30 0.9 55 0.6 56 0.7 62 0 72 0.8 79 0.3 
1159 59 1 96 0.5 97 0.5 
1231 27 0.9 30 0.6 46 0 49 0.5 53 0.8 58 0.5 64 0.3 85 0.6 
1472 10 0.3 29 0 46 0.4 54 0.9 61 0.9 84 0.5 
1555 72 0.7 
1570 21 0.6 88 0.7 
1695 12 0 
1798 22 0.6 93 0 
1853 65 0.4 87 0.3 
1952 12 0.4 16 0 19 0 74 0.7 84 0.3 88 0 
1985 5 0.4 16 0.9 43 0.3 49 0 67 0.9 98 0.5 
1995 35 0.3 37 0.5 39 0.9 45 0.5 64 0.4 77 0.5 
1997 42 0.6 60 1 
2114 2 0.3 18 0.8 53 0.5 57 0 77 0.9 89 0.5 95 0.8 
2187 15 0.6 
2333 1 0.5 35 0 78 0.8 84 0.3 
2351 48 0.9 
2381 8 0.8 21 0.9 23 0.5 38 0.9 55 0 56 0.9 74 0.9 80 0.7 84 0 
2417 7 0 18 0 30 0.6 43 0 62 0.6 88 0.9 
2544 69 0.8 
2710 45 0.6 
2788 39 0 60 0.8 72 0.4 
2836 10 0.9 69 0.3 75 0.8 93 0.7 
2937 24 0.7 28 0 30 0.4 42 0.7 61 0.8 63 0.3 65 0.8 68 0 93 0.8 94 0.9 
3002 36 0.8 
3026 23 0.5 26 0.4 33 0.7 58 1 72 0.7 74 0 87 0.3 89 0.9 
3312 83 0.9 99 0.9 
3354 0 0.4 8 0 20 0.3 21 0.4 33 0 46 0 52 1 55 0.9 
3464 57 0.7 
3643 9 0.5 47 0.5 50 0.6 64 0.4 91 0.4 95 0.4 
3728 15 0 19 0.4 52 0.4 56 0.8 
3786 4 0 13 0.7 14 0 49 0.6 74 0.5 91 0.9 
3854 5 0.6 16 0.6 30 0 57 0 65 0.5 67 0.8 79 0.4 92 0.5 99 1 
4018 37 0.5 63 0.9 71 0.3 79 0 
4027 12 0 21 0.5 23 0.3 30 0.3 67 0 83 0.9 96 0 99 1 
4355 7 0 32 0.5 47 0.7 49 0 55 0.6 70 0 75 0 86 0.3 
4415 20 0.4 45 0.5 77 0.6 80 0 89 0 92 0 
4435 14 0.3 20 0.5 43 0.6 52 0 53 0.8 65 0 83 0.9 84 0.9 
4748 9 1 10 0.7 17 0.6 21 0.4 29 0.9 53 0.7 67 0.6 69 0.9 77 0 84 0.4 
4756 4 0.9 18 0.9 20 0.5 31 0.4 32 0.5 34 0 38 0.5 61 0.6 89 0.9 97 0.8 
4776 37 0 54 0.7 60 0 62 0.5 
4921 20 0 82 0.3 
5057 41 0 
5093 64 0.9 74 0.6 
5201 63 0.4 89 0.8 95 0.6 
5227 91 0.6 
5539 54 1 70 0.5 75 0 
5649 6 0 13 0 19 0.3 33 0 38 0 40 0.6 52 0.9 53 0 78 0.9 94 0.5 
5714 68 0 87 0.3 
5732 84 0.6 98 0.5 
5791 2 0.4 13 0 25 0.8 44 0.7 57 0 63 0 67 0.5 71 0.9 91 1 96 0.7 
5896 25 1 38 0.6 86 0.4 96 0 
5967 0 0 1 0.3 17 0 21 0.7 24 0.9 50 0.8 90 0 93 0.4 94 0.9 95 0 
6183 10 0.5 15 0 25 0.4 75 0.9 98 0.5 
6299 17 0.9 43 0.4 88 0 
6309 72 0 81 0 
6382 6 0 10 0.8 16 0.6 22 0.7 39 0.6 56 1 76 0.6 82 0.6 87 0.4 88 0.7 
6495 16 0.8 54 0.9 91 0.6 95 0.6 
6513 41 0.4 96 0.4 
6654 8 0.3 23 0 32 1 33 0.8 37 0.5 44 0.4 46 0 57 0.4 59 1 
6688 1 0.6 24 0.8 42 0 46 0.6 51 1 55 0.5 60 0.5 
6754 61 0.6 87 0 88 0.8 91 0.9 
6844 20 0.7 
6846 90 0 96 0.5 
6948 10 0.5 31 0 51 1 85 0.8 
7005 17 0.4 21 0.9 25 0.7 46 0 95 0.7 96 0.4 
7089 3 0 8 0.3 44 0.7 49 1 75 0.5 98 0.4 
7109 12 0.3 27 0.6 43 0.7 63 0 77 0 81 0 84 0 98 0.3 
7278 7 0.4 24 0.8 37 0.4 38 1 54 0 56 0 59 0.4 87 0.7 88 0 92 0 
7396 2 0.8 9 0 13 0 25 1 77 0.7 80 0.8 87 0.3 89 0.4 
7527 0 0.7 2 0 27 0.8 58 0.4 78 0 85 0.5 87 0 88 0.3 
7767 2 0.4 4 0 14 1 25 0.6 64 0.8 94 0.4 98 0.7 99 0.3 
7776 1 0.5 10 0.9 30 0.6 35 0.3 41 0.8 62 0.4 63 0.9 66 0 67 0.6 93 0 
7792 10 0 23 0.5 38 1 46 0 49 0.7 64 0.4 65 0.9 76 0.4 77 0 
7802 5 0 8 0 44 0 58 0.3 
7862 1 0.3 2 0 6 0 13 0.5 58 0.4 61 0.6 91 0.4 93 0.6 
8050 6 0 15 0.4 18 0.4 26 0 30 0 36 0.9 78 0.3 
8119 0 0 31 1 32 0.6 54 0.7 57 1 68 0.4 94 0.9 
8298 16 0.4 49 0.3 50 1 94 0 
8321 0 0.9 21 1 31 0.4 33 0 45 0.6 53 1 
8443 9 1 12 1 28 0.5 42 0 54 0.3 57 0.7 63 0.9 67 0.8 78 0.3 95 0.5 
8635 12 0 14 0.8 19 0.7 25 0 86 0.4 87 0.7 94 0.5 
8702 7 0.6 10 0.6 25 0.7 49 0.3 69 0.3 
8953 60 0.8 62 0.6 64 0.3 79 0.4 
9033 3 1 9 0.7 19 1 40 0.7 47 0.7 54 0.9 71 0.4 81 0.4 84 0.7 
9452 0 0.7 
9647 1 0.9 7 0.6 19 0.3 51 0.4 59 0.5 63 0.3 83 1 87 0.8 94 0 
9842 2 0 28 1 56 0.6 72 0.3 86 0 
9925 10 0 58 0.9 
