100
65 5 0 26 0.3 43 0 47 0 96 1 99 0 
100 17 0.3 
116 5 0 13 0.6 23 0.9 48 0.6 89 0.4 96 0.3 
183 4 1 28 0.6 29 1 30 0.6 45 0 61 1 74 0.4 77 0.4 80 0.5 91 0.3 
243 13 0 30 0.5 31 0 46 0 51 0.3 82 0.5 84 0.4 87 0.7 
259 72 0.8 87 1 
425 27 0.7 38 0 39 0.6 
564 10 0.4 11 0.6 22 0.6 49 0.9 53 0 65 0.5 87 0.5 89 0.6 94 0.8 
634 16 0.6 25 0 29 0 31 0.8 37 0.3 44 0.4 51 0 
669 8 0.4 27 1 41 0.6 45 0 56 0.8 80 0 96 0.5 
682 19 0.7 81 0 87 1 91 0 
785 3 0 14 0.6 41 0 69 1 
799 70 0.8 
940 40 0.5 90 1 94 0.3 
1055 21 0 45 0.7 
1124 3 0.8 4 0 35 1 43 0.3 54 0.8 65 0.4 72 0.9 81 0.6 84 0.5 85 0.5 
1249 50 0.6 52 0.9 
1370 1 0.4 13 0.8 26 0.9 34 0.9 
1451 15 0.4 37 1 
1499 2 1 15 0.7 23 0.6 29 0 58 0.8 65 0.6 68 1 98 0.7 
1637 7 0.8 23 0.8 30 1 88 0.5 
1678 35 0.7 42 0.6 58 0 65 0.5 70 0.8 88 0 89 0 91 1 93 0 
1690 1 0.6 11 0.6 
1756 11 0.7 42 0 52 0.5 60 0.8 80 0.5 89 0.7 93 0.7 98 0 
1809 10 0.3 40 0 66 0.7 
1864 67 1 
2018 35 0.9 43 0.8 
2045 1 0.7 6 0.7 20 0.4 22 0.7 46 0 49 1 56 0 61 0 98 0.4 
2105 21 0 35 0.8 43 0 58 0 72 0.3 73 0.8 90 0.5 91 0.3 93 0.6 
2165 3 0.3 24 0.8 28 1 
2181 14 1 24 0 36 0 45 0.9 72 0 92 0.6 97 0.6 
2190 0 0 11 0.4 28 0.6 37 1 69 0.5 79 0.6 80 0.3 
2334 0 0.5 10 0.8 19 0.4 40 0.9 44 0 54 0.5 72 0.5 74 0.5 79 0.3 85 0 
2477 98 0 
2550 43 0.3 
2635 47 0 63 0 88 0.9 
3009 14 0.5 
3074 6 0.4 12 0 20 0.5 23 0.5 45 0.7 53 0.5 60 0.4 79 0 
3162 4 0 25 0.8 29 0 42 1 48 0.4 88 0 91 0 96 0 97 0.3 98 0.8 
3218 4 0.8 37 0.4 38 0.5 50 0.8 74 0.7 93 0.3 
3239 9 0 41 0.4 96 0 
3299 9 0 25 0 46 1 56 0.8 91 0.4 92 1 95 0.4 
3459 28 0.7 
3583 0 1 7 0.9 24 0 46 0.3 58 0.6 91 0.4 
3605 12 0.7 17 0.9 21 0.5 56 0 79 0.6 85 0.9 
3857 28 0.6 30 0.9 71 0 
4241 22 0 36 0 37 1 42 0.8 49 0.7 94 1 
4329 1 0 15 0.3 19 0.4 31 0.6 36 0.6 51 0.5 52 0 88 0.7 92 0.6 
4401 33 0 37 0.5 56 0.3 59 0.8 60 0 93 0.8 96 0 
4448 16 0.7 80 0.9 85 0 90 0 94 0.8 
4589 16 0.7 23 0.6 25 0 30 0 32 0.5 35 0 53 0.4 68 0 98 0.4 
4641 3 1 25 0.7 38 1 45 0.7 59 1 61 0.6 69 0.9 70 0.3 80 0 84 0 
4657 57 0 97 0 
4821 22 0.4 26 0.4 31 0 50 0.4 59 1 61 0 77 0.9 88 0.6 98 1 
4869 8 0 24 0.4 35 0.7 51 0.4 53 0 92 0 97 0.3 
4881 0 0.6 11 0.3 15 0.4 17 0.4 20 0.5 50 0 60 0.6 76 0 98 0 
4936 20 0 24 0.8 29 0.8 41 0.5 45 0 59 0 60 0.7 75 0 
5243 45 0.4 69 1 
5254 19 0.4 22 0.3 26 0.5 92 0 96 0 
5378 7 0.5 12 0 17 0.8 22 0.9 71 0.5 72 1 95 0.9 
5469 21 0.4 23 0.7 26 0.8 31 0.8 34 0 60 0 64 0 86 0.4 88 0.4 
5521 20 0.3 54 0 72 0.7 73 0.6 76 0.8 
5593 14 0.4 41 0 59 0.9 67 0.3 72 0 77 0.9 
5894 0 0 10 0 13 0 22 1 39 0.6 41 0.5 74 1 75 0.7 92 0.5 
6108 56 0.4 73 0.6 75 0.9 
6159 7 0 97 0.3 
6230 51 0.6 56 0.4 71 0.5 98 0.7 
6265 30 1 35 1 40 0.6 52 0.7 83 0 89 0.3 91 0 
6266 6 0.6 24 0.9 33 0 53 1 66 0.3 72 0.4 80 1 83 0.5 
6332 9 0.4 26 0.5 45 0 50 0.8 
6418 1 0 15 0.4 18 0 25 0 48 0.8 53 0.8 54 1 64 0 66 0 87 0.6 
6496 10 0 85 0.8 
6521 14 0 35 0.3 87 0.4 88 0.6 90 0.9 
6638 17 0.9 99 0 
6783 4 0.5 41 0.6 65 0.9 80 0.5 91 0.4 
6936 11 0.3 14 0.6 38 0.7 50 0.3 58 1 63 0.4 66 0.7 96 0.9 
7029 4 0.8 28 0.7 48 0.4 52 0 55 0.7 62 0.4 68 0 70 0.4 86 0.9 88 0 
7237 1 0 7 0 18 0.6 
7521 35 0 44 0.5 
7554 17 0.5 21 0.3 33 0.5 40 0.6 44 0 87 0 
7697 21 1 
7745 28 0.9 44 0.9 50 0.8 57 0.7 69 0.8 77 0.8 99 0 
7752 34 1 81 0 95 0.9 
7843 6 0 9 0 25 0.7 43 0 75 0 88 0 90 0.9 93 0.8 
8064 5 0.3 31 0.6 56 1 
8074 1 0 32 0 38 0.7 52 0 67 0.5 72 0 77 0 
8137 7 0 9 0 14 0 18 0 20 0.8 27 0.7 72 0.8 85 0 87 0 
8190 8 0.3 18 0.3 33 0.8 43 0.7 45 0.3 73 0.5 93 0.8 
8355 27 0 42 0 81 0.4 83 0 
8461 70 1 76 0.8 
8462 1 0.4 12 0.3 21 0 36 0 51 0.6 68 0.6 
8464 6 0 24 0.9 32 0.7 42 0.9 58 0 
8787 24 0.6 78 0 
8947 4 0 21 0 38 0.5 68 0.7 71 1 72 0 77 0.8 84 0 
9077 1 0.4 2 0.9 5 0 7 0.6 10 0.7 19 0 49 0.6 86 0 94 0.9 97 0 
9141 21 0 34 0.7 37 1 
9169 15 0.9 71 0.8 72 0.4 73 0.9 84 0.3 
9563 7 0 57 0 
9580 4 0.7 27 0.9 54 0.5 
9869 3 1 9 0 15 0.4 42 0.3 74 0.3 85 0.3 96 0.7 98 0.9 
