100
22 24 0.9 41 0 55 0.8 64 0.9 66 1 
40 8 0.4 30 0.6 39 0.8 42 0.6 44 0 56 0.7 62 0.7 70 0.7 84 0 87 0.4 
124 7 0.3 53 0.4 66 0.4 67 1 80 0.6 81 0.8 82 0.9 88 0 90 0 
161 9 0.6 21 0.4 36 1 66 0 94 0.5 
265 2 0 35 0.3 88 0 91 0 
341 12 0.3 16 0.9 39 0.5 46 0.5 49 0.3 51 0 72 0 80 1 
353 39 0.5 66 0 68 1 
647 21 1 33 0.5 75 0.5 91 0.8 
685 2 0.3 42 0 50 0.4 53 0 79 0 83 0.6 88 0 
878 5 0 10 0.6 36 0.6 47 0.7 49 0.9 70 0.6 75 0 79 0 96 0 99 0 
905 61 0.3 66 0 74 1 77 0.6 85 0.3 97 0.9 
981 8 0.8 20 0.4 22 0.3 31 0.8 57 1 69 0.8 73 0 99 0.8 
1115 54 0 
1127 21 0.8 27 0.7 43 0.8 45 0.3 47 0 67 0.3 
1209 1 0.8 4 0 6 0.5 23 0.3 32 0.8 54 0.7 88 0.6 90 0 97 0.9 
1269 9 0.3 10 0.8 14 0.7 47 0.6 50 0.5 59 0 90 0.9 
1372 48 0.6 55 0.9 87 0.6 89 0.6 98 0 
1490 2 0.6 24 0.8 45 0 49 0 52 0 56 0.9 74 0.5 88 1 94 0 
1577 68 0.3 
1686 26 0 46 0 47 0.9 87 0.5 
1791 46 0.6 61 0.4 99 0.3 
1884 51 0.8 57 0.7 63 0.3 65 0.9 69 1 74 0 77 0 78 0.6 89 0.6 93 0.9 
1909 1 0.6 2 0 8 0.7 24 0.9 56 0.4 67 0.4 92 0.4 
1925 21 0.7 40 0.3 42 0.6 67 0.8 73 0.4 
2081 6 1 9 0.5 39 0.3 64 0 69 0.7 92 0.4 
2195 24 0.7 25 0.5 35 0 67 0.5 87 0.6 
2248 8 0.4 22 0.5 23 1 25 0.4 31 0.7 69 0.6 75 0.8 79 0 
2251 17 0.5 
2267 29 0.6 51 0 
2587 16 1 52 1 59 0.9 
2602 80 0.5 
2755 12 0.5 17 1 24 0 45 0.3 48 0 66 0.9 69 0.6 80 0.4 90 0.7 97 0.4 
2875 8 0.5 19 0.5 22 0.3 25 0.5 46 0 63 0 64 0.7 
2928 21 0.8 45 0.5 53 1 57 0.4 60 1 72 0 86 0.5 92 1 93 0.5 97 0.8 
2955 3 0 57 0 60 0 82 0.8 94 0.9 98 0 
3029 35 0 52 0 66 0.9 97 0.6 
3185 37 0.4 
3274 78 0.8 
3623 19 0 39 0.8 54 0.5 66 0.9 82 0.6 92 0 
3743 8 0.4 26 0.5 70 0.8 71 0.8 73 0.3 81 0 92 0 95 0 98 0.6 
3802 21 0 40 0.7 55 0.6 60 0.6 67 1 70 0.5 78 0.6 85 0.7 92 0.6 
3923 7 0.4 14 0.5 65 0.4 70 0.4 72 0 
4158 9 0 16 0 32 0.4 35 0.6 39 0.8 60 0 79 1 84 0.8 92 0 98 0.5 
4276 18 0.6 
4365 53 0.8 62 0.3 80 1 
4515 9 0.5 32 1 77 0 78 0.9 
4881 0 0.8 11 0.8 15 0.4 17 0.4 20 0 50 0.6 60 0.5 76 0.7 98 0 
4900 0 0.5 5 1 14 0 29 0 31 0.3 33 0.7 34 0 39 0 97 0.4 
5030 29 0.3 
5072 34 0.5 74 1 82 0 92 0 
5095 60 0 63 0.6 69 1 86 0.3 95 0 
5233 2 0.3 24 0 42 0 60 0 64 0.7 91 0 95 0.6 96 0 
5282 85 0 
5869 4 0.4 14 0 15 0 27 0.8 57 0.3 68 0.4 81 0.8 96 0 
5877 97 0 
6026 25 0.9 
6173 51 0 77 0.9 
6249 3 0 9 1 29 0.4 47 0.8 63 0.6 80 0.8 86 0.4 91 0.5 
6611 11 0.3 13 0.6 25 0 33 0.5 47 0.3 58 0.3 67 0 73 0.8 96 0 97 1 
6703 2 0 31 0 64 0.4 93 0.8 
6743 27 0.8 40 0.6 42 0 49 0.6 79 0.8 89 0 90 0.8 
6839 2 0 20 0 24 0.4 40 0.9 50 0.9 60 0.6 65 0.8 72 0 84 0 
7010 15 0.4 22 0.6 25 0.5 63 0.5 65 0.3 94 0 
7090 1 0 9 0.8 81 0.6 
7204 33 0.6 36 0 49 0 76 0 
7206 9 0.3 13 0.4 22 1 32 0.3 38 0.7 48 0.8 55 0.8 77 0.3 78 0.4 89 0.9 
7275 21 0 30 0.8 52 0 74 0.5 82 0.9 91 0 94 0.8 
7572 14 0.6 48 0.3 
7655 18 0.6 29 0.9 32 0.8 49 0.5 78 0.8 
7689 20 0.5 43 0.7 49 0.8 68 0.4 73 0 78 0.7 
7763 1 0.4 3 0.7 4 0 33 0 52 0.7 63 0 76 0 79 0.4 83 0 
7768 5 0 12 0.7 14 0 30 0.3 33 0.3 35 0 48 0.6 63 0.9 79 0.9 91 0 
7848 35 0.6 41 0 
7895 4 0 14 0.4 16 0.9 32 0.4 47 0.4 64 0.8 65 0.7 67 0 70 0.6 89 0.5 
8135 19 0.3 39 0.7 61 1 90 0.6 
8301 6 0.9 15 0 19 0.6 24 0 53 0.8 55 0 70 0.5 78 0.6 88 0 95 0.6 
8342 18 0 24 0 37 0 39 1 59 0.5 76 0.4 81 0.8 
8375 14 0.6 18 1 29 0 31 0.6 52 0.9 56 0.8 66 0.5 68 0.4 99 0.4 
8399 4 0.4 7 0 57 0.9 67 0.7 68 0.9 73 0 85 0.5 95 0 
8482 26 0.8 45 0.4 58 0.7 87 1 
8495 3 0.5 
8505 7 0 32 0 35 0.5 39 0.4 40 0 78 0.7 79 0.3 
8761 10 0.5 49 0.9 62 0.4 
8848 11 0.3 51 0.9 54 0 67 0.5 74 0 75 0.8 79 0.5 92 0.8 94 0 97 0.6 
8900 27 0.8 32 0.5 54 1 76 0.7 80 0 82 0.3 88 0.7 97 1 99 1 
8924 27 0.9 39 0 43 0.3 
8998 16 0 39 0.6 43 0.6 48 0.9 55 0.3 59 0.6 73 0.9 86 0 88 0.3 90 0 
9013 11 0.9 27 0.8 30 0.4 31 0.6 58 0.8 77 0.6 
9024 24 0.3 28 0 32 0 38 0.7 49 0.8 59 1 66 0.7 69 0.6 76 0.3 88 0.3 
9053 23 0 28 0.7 44 0.9 58 0.4 67 0 68 0.7 77 0 89 1 90 1 
9291 4 0.6 50 1 55 0.8 77 1 82 0.9 
9333 1 0.7 5 1 
9351 5 1 6 0.8 16 0.8 26 0.9 28 0 33 0.8 61 0.8 70 1 71 0 91 0 
9513 3 0 16 0.8 30 0.5 34 0 37 0 38 0 58 0.8 61 0.9 63 1 
9558 1 0.3 39 0.5 51 0.3 55 0 59 1 65 0.6 72 0 74 0.7 89 0.4 
9566 4 0.9 19 0.6 53 0.8 57 0 97 0.7 
9635 21 0.8 28 0 61 0.5 77 0 85 0 87 0 
9714 1 0.5 2 0.9 9 0.7 26 0.6 28 0.5 30 0 32 0.8 37 0.5 79 0 
9795 4 0.4 11 0.8 19 0 26 0.6 28 0.5 38 0.8 72 0.4 92 0 
9944 1 1 5 0.9 14 0.9 60 0.7 90 0.5 
