100
50 16 0.5 79 0.5 
101 5 0 12 0.9 37 0.8 
162 45 0.5 82 0 
275 5 0 10 0.9 19 0.3 28 0 31 0.8 43 0.8 90 0.4 
465 20 1 37 0.9 39 0.4 49 0.9 50 0.3 74 0.3 
677 26 0.4 32 0.5 38 0.6 42 0 74 0.3 77 0.7 
785 3 0.5 14 0.3 41 0.6 69 0 
857 39 0.9 
912 1 0.4 9 0 22 0 50 0 73 0.3 79 0 80 0.5 
915 13 0.3 38 0.5 40 0.4 64 0.9 91 0.5 96 0.5 
938 97 0.6 
1064 11 0 30 0 59 0.8 62 0.9 83 1 
1162 9 0.3 20 0 28 0.3 39 0 53 0.5 62 1 95 0.3 
1239 20 0.6 26 0 40 0.5 74 0.3 95 0.7 
1319 28 0.4 36 1 66 0 77 0.4 78 0 
1536 44 0 48 1 51 0.6 65 0.5 80 0.8 87 0.9 90 0 95 0.7 99 0.4 
1565 26 0.5 54 0 61 0.5 
1843 6 0.9 10 0.7 12 0.6 19 0.8 31 0.5 44 0.6 46 0 48 0.9 74 0.4 93 0.8 
1915 2 0 40 0.6 41 0 54 1 55 0.3 73 0 92 0.5 
1967 65 0.8 
1973 5 0.3 8 0.6 9 0 11 0 21 0.8 31 0 35 0 49 0.7 59 0.6 65 0.8 
1999 61 0.7 
2043 12 0.9 21 0.8 23 0 32 0.6 35 1 37 0 43 0.8 51 0.7 93 0 99 0 
2087 8 0.6 44 0.3 56 0 62 0.8 73 0 88 1 
2105 21 0 35 0.4 43 0.5 58 1 72 0.3 73 0.4 90 1 91 0 93 0 
2364 4 0.8 8 0.7 42 0.5 44 0.9 55 0.9 71 0 74 0.9 79 0.5 87 0 89 0.6 
2379 12 0.4 49 0.6 69 0.5 70 0.9 75 0.5 79 0 96 0.7 
2422 42 0.8 58 0.3 85 0 92 0 95 0.3 96 0.6 97 0.6 
2475 26 0 43 0.6 50 0.8 62 0.5 76 0 99 0 
2480 43 0.3 
2558 8 0 13 0.4 26 0.6 56 0.6 57 0 60 0.3 71 0.4 72 0.4 94 0 
2588 26 0 32 0.3 39 0 42 0 69 0.9 
2630 4 0.3 49 0.9 67 0 78 0.8 80 0.4 87 0.3 
2687 0 0 27 0 34 0.3 66 0.9 
2824 1 0 23 0.7 37 1 50 0.8 62 0.8 63 0.7 70 0.9 76 0.9 85 0.9 89 0 
2887 1 0.3 6 0.6 13 0 41 0.9 55 0.9 60 0 65 0 82 0 
2926 31 0.4 34 0.7 40 0 66 0.7 68 0.4 
3126 4 0.6 32 0.4 38 0 47 0 64 0.3 69 0.4 
3440 17 0 64 0.4 
3876 78 0.8 
3898 1 0 53 1 57 0.8 
3911 6 0.8 8 0 12 0.4 18 0.6 36 0.6 37 0 46 0.3 73 0.3 
4240 9 0 34 0 39 0.7 53 0.5 74 0.6 76 0.6 
4365 53 0 62 0.3 80 0.9 
4373 10 0.5 28 0.7 33 0.3 37 0.7 58 0.4 84 0 96 0.3 
4498 24 0 40 0 
4587 9 0.9 19 1 20 0 34 0 52 0.5 
4594 99 0.4 
4649 6 0.9 10 0.9 30 0.3 46 0 69 0.3 83 0.4 
4705 9 0 43 1 45 0.5 90 1 
4707 1 0.6 18 0.4 25 0.8 35 1 40 0.4 42 0.3 53 0.6 57 0 
4752 27 0 46 0.4 74 0.3 
4875 5 0.7 13 0.5 19 0.5 21 0 35 0 47 0 94 0 
4908 27 0.7 28 0.7 32 0 44 1 45 0.9 54 0.4 80 0 
5063 34 0.3 
5075 4 0 16 0.7 19 0.8 25 0.7 28 0.7 33 0.4 46 0 59 0 79 0.4 88 0 
5158 18 0.3 37 0.4 40 1 68 0 88 0.5 93 0.6 
5232 17 0.5 20 0 27 0 36 0.6 53 0.7 62 1 85 0.5 87 0.7 
5571 12 0.9 29 0.4 40 1 47 0.8 48 0 54 0 57 0.6 80 0 89 0.5 90 0.4 
5641 38 1 59 0.7 63 0.5 
5697 46 1 54 0 61 0 66 0.8 76 0 95 0.7 
5716 1 0 30 0 42 0 43 0.9 44 0.5 51 0.9 53 0 57 0 67 0.4 
5885 26 0.8 55 0 
5962 33 0.5 45 0.5 82 0.5 98 0.5 
6245 7 0.7 25 0 30 0.7 41 1 51 0.3 58 0.7 75 1 84 0.5 91 0.4 94 0 
6311 24 0.5 26 0.6 48 0.7 95 1 
6335 38 0.6 48 0.9 54 0.7 59 0 62 0.8 64 1 80 0 83 0.7 87 0.4 88 0 
6373 45 0.4 55 0.6 86 1 91 1 
6385 51 0.5 57 0 71 0.7 82 0.4 91 0 
6455 49 0.9 75 1 99 0.9 
6673 39 0.5 40 0.5 86 0.5 
6721 18 1 34 0.9 36 0.7 40 0 43 0.3 53 0 70 0.7 72 0.3 87 1 
6732 3 0 16 0 21 0.8 32 0 50 1 65 0.7 92 0.8 
6793 1 0 17 1 29 0 39 0.8 41 0 42 0.6 71 1 89 0 
6794 53 0.5 
6863 19 0.3 46 0 76 0 84 0.3 
6871 8 0.6 18 0.8 19 0.5 58 0.9 89 0.7 99 0.3 
6954 9 1 59 0.6 
7335 9 0.5 25 0.7 56 0 85 0 
7747 74 0.5 
7836 13 0.9 15 0.7 22 0 39 0.3 42 0.3 65 0.5 73 0.6 77 0 90 0.6 
7854 6 0.8 7 0 
7929 43 0.6 
8184 6 0.8 10 0.3 11 0.6 21 0 36 0.3 66 0 76 0.4 84 0.6 97 0.9 
8287 29 0 42 0.8 
8322 30 0 74 0 
8556 55 0.4 60 0.6 80 0.7 99 0 
8583 0 0.7 21 0.9 30 0 45 0.5 59 0 72 0 83 0.5 85 0.7 91 0.4 
8611 84 0 
8714 54 0.3 
8867 0 0.9 50 0.8 72 0.8 91 0.4 
9009 0 1 15 0 31 0.5 99 0 
9088 8 0 79 0.5 85 0.4 
9166 30 0.3 83 1 92 0 
9180 8 0 14 0 20 0.6 21 0.7 26 0.4 31 0.5 34 0.8 93 0 95 0.6 
9410 16 1 17 1 26 0.9 43 0.8 75 0.8 95 0.9 96 0 
9447 46 0 72 1 
9692 11 0 18 0.6 19 0.3 23 0.9 42 0 73 0.9 78 0.6 87 0.8 93 1 
9894 0 0.6 6 0.6 25 0.6 30 0.4 32 0.9 39 0 52 0.9 55 0.5 58 0 95 0.9 
9924 7 0.5 11 0 41 0 45 0.3 72 0.5 97 0.4 
