100
46 18 0.5 
117 1 0.7 19 0.8 47 0.3 70 0.7 77 0.9 83 0.3 88 0 96 0.6 97 1 
159 0 0.6 11 0.4 15 0.3 17 1 18 0.3 22 1 64 0.8 75 0.8 90 0.5 96 0 
160 22 0.6 33 0.7 40 0.8 43 0.3 98 0.5 
232 34 0.7 
255 11 0.6 
328 25 1 56 0.7 
336 20 0 28 0.8 29 0 33 0.3 65 0 76 0 
359 6 0.8 9 0.4 44 0.7 59 0.3 80 1 
376 17 0 28 0.5 45 0.5 82 0.4 
438 30 0.5 66 0.6 85 0 91 0.4 
547 8 0.4 12 0.6 41 1 51 0.4 
681 13 0 21 0 29 0.7 47 0.8 83 0.6 87 1 95 0.7 99 0.8 
979 48 0.6 64 0.4 71 0.3 
989 7 0 15 0 34 0.3 61 0.4 64 0 76 0.7 82 0.8 91 0 
1083 9 0.6 11 0.4 50 0.8 53 0.7 74 0 82 0.3 99 0.6 
1160 51 0.3 62 0.7 69 0.9 96 0.4 
1194 2 0 15 0 41 0.8 98 0.3 
1308 3 0.7 49 0 50 0.3 54 0.8 61 0.8 65 0.8 78 0.9 85 0.5 90 0.5 
1445 30 0 48 0.7 
1525 22 0.7 63 0.8 97 0.3 
1551 3 1 25 0 37 0.4 45 0.3 65 0.7 78 0 
1568 44 0.3 48 0.7 
1581 0 0.6 4 0.7 13 0.6 41 1 56 1 60 0.9 90 0.9 
1631 19 0 75 0.8 76 0.9 
1671 70 0 
1706 11 0.3 12 0 27 0 35 0.3 51 0.9 61 0.5 75 0.8 88 0 96 0.5 
1913 18 0 
1934 6 0 99 0.9 
2027 17 0.8 23 0.9 58 0 82 1 92 0.3 96 0.9 
2030 2 0.4 12 0.8 16 1 28 0.8 
2162 71 0.7 76 0 
2176 17 0.3 31 0 45 0.4 69 0.6 72 1 88 0.8 92 0.3 
2220 2 0.4 5 0.8 7 0.5 13 0.9 24 0.5 36 0.7 83 0.8 
2254 15 0.8 39 0.6 95 1 
2407 4 0.5 29 0.6 55 0.8 
2444 5 0.7 10 0.8 66 0.9 75 0.8 77 0.8 83 0.7 88 0.9 92 0.4 
2501 15 0.9 16 0.7 23 0.6 59 0.9 72 0.7 86 0.6 
2556 9 1 10 0.5 21 0.5 24 0 25 1 45 0.8 53 0 81 0.8 
2619 14 0 26 0.4 30 0.4 62 0.8 76 1 88 0.4 90 0.5 
2655 51 0.7 66 1 
2801 7 0.4 12 0.3 58 0.3 64 0.9 74 0.7 81 0.7 
2956 3 0.8 7 0.6 8 0.3 13 1 25 0.8 29 0.3 30 0.3 53 0.9 59 0.5 69 1 
3057 3 0.6 28 0.7 39 0.4 52 0 66 1 73 0 
3072 7 0.6 33 0.3 
3216 62 0.4 67 0.8 69 0.3 70 0.7 89 0.6 91 0.9 97 0.4 
3251 2 0 14 0.3 17 0.7 33 0.7 37 0.6 45 0.7 46 0.7 63 0.6 89 0 
3267 50 0.4 
3270 4 0.9 5 0.5 8 0 37 0 93 0.6 95 0.9 
3451 75 0.6 
3598 10 0.6 18 1 62 0.9 83 0.3 84 0 
3692 65 0 81 0 
3861 0 0 10 0 12 0.6 24 0.8 38 1 89 0.9 91 0.5 93 0.8 94 0.7 
4346 14 0.8 15 0.7 26 0.4 39 0.6 48 0 74 0.5 76 0 89 0.7 98 0.8 
4461 0 0.7 5 0.6 25 0 85 0 87 0 91 1 
4515 9 0.5 32 1 77 0 78 0 
4613 4 0.3 16 1 76 0 83 0.8 89 0.7 95 0.3 99 0 
4777 7 1 11 0 14 0.5 25 0.9 28 0.3 60 0.3 71 0.8 80 0 95 1 
4907 34 0.6 
4947 11 0.5 21 0.6 30 0.5 40 1 46 1 59 0.9 62 0.4 63 0.9 87 0.4 93 1 
5237 3 0.7 7 1 12 0.6 13 0.6 15 0 34 0.8 50 0 52 0.4 60 0.8 
5330 3 0 9 0 15 0.9 26 0.8 56 0.6 62 0.9 99 0 
5347 44 0 67 0.9 89 0 
5369 15 0.3 32 0.4 34 0.3 41 0.4 71 0.3 72 0.8 
5652 3 0.3 24 0.6 50 0 59 0.3 68 0.4 74 0.3 93 0 
5717 1 0 17 0.9 21 0.6 80 0.4 98 0.7 99 0.4 
5812 40 0.4 80 0.9 
5843 12 0.6 20 1 52 0.9 53 0 69 0 80 0.9 83 0.9 88 0.4 96 1 99 0.3 
5965 45 0 75 0.8 88 0 94 0.5 
5978 43 1 48 0.8 61 0 62 0.9 79 0.6 89 0.6 
6126 6 0.8 12 0.5 26 0 48 0.5 52 0.3 56 0.7 73 0.3 79 0.7 89 0.8 
6143 32 0 35 0.3 58 0 60 0 61 0.9 76 1 82 0.6 98 0 
6221 3 0 53 0 55 0.7 59 0.5 
6295 8 0.7 21 0.4 25 0.9 40 0.7 61 0 71 0.3 98 0 
6499 34 0 
6516 4 1 
6581 29 0 53 0.8 58 0.3 70 0.6 94 0.7 
6594 33 0 
6604 11 0.3 19 0.6 40 0 56 0.5 66 0.7 68 0 71 0.9 76 0.6 93 0 94 0 
6734 2 0 8 0.3 50 0.6 53 0.6 54 0.7 92 0.6 
6902 6 0.3 13 0 37 0 44 0.4 66 1 90 0.4 98 0.9 
7018 7 0.8 24 0.9 30 1 41 0 48 0.5 
7053 2 0 15 0.5 32 1 35 0.9 50 1 61 0 75 0 80 0 81 0.6 95 0 
7145 3 0.6 49 0.5 69 0.3 92 0.7 
7159 1 0.3 6 0.3 11 0 16 0.3 18 0.9 22 0.9 80 0 82 0.7 90 0.5 99 0.8 
7170 37 0 39 0 
7240 1 1 21 1 39 0.5 57 0.3 61 0.7 63 0.8 68 0.6 84 0.8 85 0 99 0.9 
7491 22 0 26 0.8 31 1 71 0.9 76 0.9 97 0.8 
8049 3 0.5 10 0 33 0 41 0 55 0.5 75 0.6 81 0.9 86 0.9 
8093 3 0.4 9 0.9 18 0.9 65 1 78 0.4 80 0 98 0.8 
8344 16 0 22 0.8 27 1 31 0.8 58 0.5 80 0 
8514 15 0 19 1 22 0.6 27 0.5 43 0.7 47 0.9 60 0 66 1 84 0.7 93 0.5 
8677 6 0 37 0.7 61 0 65 0.5 70 0.5 71 0.3 
9060 3 0 22 0.4 41 0.5 45 0.7 46 0.9 61 0.9 74 0 76 0 88 0.8 
9155 0 0.6 75 0 79 0 91 0 
9322 0 0.5 5 0.6 
9444 77 0.8 
9604 2 0.4 15 0.7 46 0.8 48 0.7 76 0.5 80 1 93 0.6 
9669 19 0.4 38 0 68 0.8 76 0 94 0.8 
9927 47 0.6 
