100
52 22 0.6 45 0.4 56 0.3 
193 22 0.9 68 0.4 
283 1 0.5 28 0.6 54 0.7 84 0 87 0 
306 1 0 26 0 47 0.7 77 0.3 94 1 97 0.3 
354 8 0.5 78 0.9 82 0.5 83 0.9 85 0.6 99 0.4 
482 62 1 
512 8 0.9 24 0.3 27 0.4 35 0 49 0.6 64 0.7 83 0.4 85 0.4 86 0.7 
613 44 0.8 46 0.7 99 0.3 
640 10 0.5 64 0 71 1 
824 17 1 36 0 59 1 
837 18 0 61 0.5 71 0.4 
893 11 1 14 0 76 0.3 
1006 34 0.9 36 0 54 0.6 90 0.4 
1190 9 0 40 0.3 69 0.5 
1281 4 0.7 17 0 23 1 48 0 65 0.5 69 0 72 0.4 83 0.4 90 0.5 
1326 34 1 36 0.6 61 0.4 67 0.4 74 0 77 0.3 78 0 82 0 84 0.4 
1351 4 0 9 0.6 34 0.5 40 0.5 50 1 65 0 74 1 78 0 99 0.3 
1436 3 0.9 
1451 15 0.9 37 0 
1461 35 0.9 37 0.5 41 0.6 45 0 58 0 75 1 77 0 
1703 1 0 36 1 37 0 57 0.5 67 0.9 
1735 35 0.3 36 0.4 38 0.5 56 1 60 0 83 0.9 97 0.3 
1780 6 0.7 
1801 30 1 34 0 42 0.9 44 0.8 52 0.8 53 0.3 73 0.3 80 0.5 
1871 7 0 11 0.3 13 0.6 18 0.4 23 0.9 64 0.4 86 0.6 87 1 
2039 4 0.8 11 0.5 28 0.4 29 0 59 0 62 0 71 0.5 73 1 
2096 0 0 2 0 25 0 41 0 52 0.8 82 0 92 0.9 98 0.4 
2167 28 0.5 49 0.3 77 0 79 0.8 
2457 9 0.3 44 0.4 87 0 
2669 2 0.7 8 0.3 28 0.3 30 0.4 49 0 59 0.7 85 0 92 0 96 1 
2690 11 0.9 24 0 35 0 39 0.6 51 0.9 62 0.7 78 0.3 82 0.3 
2712 23 1 36 1 47 0.5 53 0.8 66 0.9 67 0.4 73 0.7 
2781 2 0.7 57 0 62 0 66 0.3 87 0.4 91 0.6 92 0.4 96 0.4 
2842 6 0 14 1 31 0.7 55 0.6 69 1 70 0 81 0.3 
2871 49 0.3 60 0 63 1 72 0.6 77 0.6 81 0 
2894 23 0 95 0.3 
2938 1 0.4 17 0 20 0.4 21 0 59 0.6 73 0.5 80 1 94 0.5 
3002 36 0 
3182 16 0.5 62 0.9 76 0.7 93 0.6 
3197 29 0 
3222 18 0.3 39 0.6 60 0 
3252 12 0.9 25 0.5 34 1 53 0 59 0 81 0.5 93 0.7 
3318 12 0.3 55 0 56 0 57 0.5 66 0.8 82 0.7 90 0.5 
3328 12 1 23 0 24 0.7 42 1 54 0.3 61 0 78 0 89 0.7 
3782 10 0 28 0.9 32 0.5 41 0.9 87 0.9 88 0.3 
3797 5 0 11 0.4 21 0 26 0.8 45 1 51 0.4 68 0 70 0 72 0.4 98 0.3 
4217 23 0.9 46 0.7 74 0 
4383 20 0.3 39 1 60 0.4 79 0.4 81 0 86 0.9 
4689 19 0.7 24 0.5 35 0 56 0 71 0.7 
4698 23 0.3 25 0 34 0 45 0.6 79 0.6 87 0.8 
4793 31 0.9 55 0 
4852 0 0 1 0.7 8 0 10 0 21 0.7 32 0.6 56 0 59 0.7 80 0.6 90 0 
5010 1 0 21 0.8 22 0.6 25 0 30 0.5 83 0 91 0 95 0.9 96 0.6 
5320 1 0.4 10 0 22 0.8 37 0 45 0 57 0 71 1 79 0.8 80 0 82 0 
5369 15 0 32 0.7 34 0.6 41 0.9 71 0.9 72 0.3 
5434 15 0.4 37 0 44 0.8 86 0.7 89 0.3 93 0.8 
5524 16 1 21 0.3 22 0.8 23 0.7 29 0 38 0.7 47 0.7 57 1 83 0 90 0.4 
5545 8 0.9 37 0.5 51 0.9 54 0 60 0.5 64 0 
5614 1 0.4 4 1 23 0 88 0.5 
5684 4 0.4 5 0 25 0 29 0 39 0.8 53 1 61 0 64 0.3 92 0.8 97 0 
5720 37 1 
5770 5 0 9 0.7 15 0.9 20 0.5 26 0.9 67 0.3 84 0 
5875 7 0.3 
6096 47 1 81 0 85 0.9 89 0 
6174 1 0.6 9 0 29 0.3 30 0.3 47 1 51 0 64 0.9 
6185 1 0.8 20 0.9 30 0.9 31 0 45 0.6 48 0 75 0 82 0.7 
6402 11 0.6 33 1 39 0 46 0.6 61 0 65 0.9 66 0.3 74 0.6 94 0.6 
6522 0 0 30 0 77 0.4 83 0.5 88 0.9 
6525 4 1 12 0.6 13 0 40 0.7 52 1 72 0.4 
6576 24 0.7 
6626 19 0.7 20 0 37 0.9 42 0.6 68 0 71 0.4 93 0.5 94 0.7 
6832 9 1 78 0.8 90 0.3 96 0 
7113 38 0.7 
7124 3 0.6 22 0.3 26 0.6 43 0 54 0 63 0 67 0 91 0.7 95 0.6 
7239 1 0.6 12 0.7 13 0.9 40 0.8 41 0.4 47 0.5 64 1 
7254 1 0.8 11 0.4 24 0.9 28 0 36 1 64 0.3 75 0.7 78 0.5 94 0.9 95 0.7 
7374 17 0 20 0.4 29 1 40 0.3 43 0 57 0.9 60 0.6 68 0.8 80 0 
7444 3 0.7 18 0.8 86 0.8 
7597 15 0 19 0 25 0.9 57 0.3 73 0.6 
7664 4 0 12 0 16 0 42 0.3 46 0 50 0.9 63 0.8 64 0.4 74 0.7 76 0.5 
7840 91 0.5 
7865 7 0 14 0.4 28 1 38 0.5 
8018 0 0.8 4 0.6 15 0.8 30 0.9 36 0.7 57 1 62 0 63 0.4 73 0.5 75 0.4 
8162 30 0 68 0 
8204 44 0.6 89 1 
8307 14 0.8 24 0.8 43 0.4 67 0.5 
8442 7 0.4 13 0.4 19 0.8 53 1 69 0.6 
8462 1 0.5 12 0.9 21 0 36 0.4 51 0 68 1 
8482 26 0.5 45 0.7 58 0.7 87 0.6 
8554 52 0.8 
8653 29 0.4 36 0.8 65 0 74 0 81 0.3 88 0.8 92 0.5 97 1 
8812 8 0.4 38 0.6 44 0.5 93 0.9 
9154 17 0.9 28 0.9 39 0 47 0 69 0.5 71 0.6 80 0.4 91 1 
9204 32 0 73 0 82 0 
9510 2 0 22 0.5 35 1 43 0 54 0 65 0.8 68 0 82 0 85 0.8 93 0.8 
9520 19 0 33 0.7 50 0 69 0 82 0.4 
9611 19 0.3 21 0.6 22 0 53 0 62 0 69 0 81 0.7 95 1 
9656 9 0.7 
9812 80 0 
9852 8 0.8 10 0.7 15 1 17 0.7 34 0 37 0 45 0.7 71 0.6 80 0.4 96 0.6 
