100
48 3 0.6 29 0.3 42 0.9 71 0.9 76 0.4 78 0.8 85 0 91 0.8 
70 96 0.3 
107 0 0.5 15 0.8 33 0 42 0.8 70 0 79 0.5 80 0.5 91 1 
128 70 0 75 0.7 93 0.3 
193 22 0.4 68 0.6 
332 74 1 
540 4 0.3 5 0.4 27 0 34 0.4 45 0.5 87 0.6 92 0 93 0 94 0.6 99 0.4 
660 16 0.4 20 0 38 0.6 43 0 52 0.7 63 0.5 64 0.6 93 1 99 0.9 
739 0 0.5 40 0.8 42 0.4 48 0.4 53 0.8 66 0.7 70 0 73 0 99 0.5 
862 0 0.4 8 0.6 21 0.7 22 0.7 27 0.7 29 0 42 1 46 0.8 72 0.3 89 0.8 
879 36 0.3 95 0 
976 35 0.3 49 0.5 57 0.6 78 0.9 
981 8 0 20 0.6 22 0.8 31 0.8 57 0.9 69 0.4 73 0.6 99 0.8 
1160 51 0.4 62 0 69 0.6 96 0.5 
1421 11 0 47 0 52 0 65 0 77 0.9 
1471 65 0.6 72 0.9 96 0.3 
1552 88 0.3 
1571 32 0.6 
1633 6 0.3 12 0.7 22 0 30 0.6 68 0 74 0.4 76 0.4 83 0.7 
1689 11 0.4 13 1 23 1 33 0.6 37 0 40 0.5 51 0 61 0.9 68 0.7 75 0.3 
1700 14 0 50 0 52 0 58 0.9 75 0.7 76 0 81 0.9 92 1 97 0.4 
1746 2 0.3 11 0 15 0.5 22 0.8 23 0.4 36 0.3 45 0.6 87 0.8 89 0.7 93 0 
1814 45 0.8 46 0.3 55 0 86 0.7 98 0.6 
1827 0 0 35 0.7 57 0 
1936 77 0.4 83 0 
1944 7 0 46 0.5 50 1 62 1 64 0.8 67 1 
1963 66 0 77 0.5 91 0.9 94 0.5 
2032 17 0 61 0.5 94 0.5 
2122 97 0 
2154 17 0.7 19 0.6 35 0.5 67 0.4 68 0.9 85 0.6 
2206 17 0.9 37 0.6 87 0.8 
2280 88 0 
2290 14 0.7 24 0.5 64 0.3 
2300 0 0.7 34 0.3 
2402 0 0.7 14 0 20 0.6 30 0.8 39 0.5 75 1 92 0.9 99 0.5 
2447 6 1 13 0 26 0.3 27 0.6 38 0.9 47 0.6 64 0.9 
2483 28 0 40 0 62 0.3 80 0 97 0.6 
2618 8 0 
2790 7 0.6 36 0 45 0 51 0.8 55 0.9 62 0 77 1 84 0 89 0 97 0.7 
2791 56 0.9 66 0.7 82 0.5 90 0.3 
2857 84 0.6 96 0.3 
2918 1 1 4 0.9 10 0 18 0 23 0 47 0.3 86 0.7 91 0.7 92 0 96 0.9 
2920 2 0.4 51 0.8 
3227 1 0.5 21 1 29 0 52 0 53 0.9 76 0.8 
3331 18 0 53 0.5 76 0.3 
3595 39 0 63 1 71 0 
3733 5 0 7 0 38 0 58 0.9 78 0 84 0.6 88 0.5 
4247 1 0 15 0.8 16 0.7 29 0 35 0.3 36 0.5 42 1 59 0 63 0.3 
4329 1 0.3 15 0 19 0.4 31 0.4 36 0.3 51 0 52 0 88 1 92 0.5 
4357 4 0 17 0.3 25 0.4 39 0.3 40 0.8 75 0.4 86 0 92 0 
4397 33 0.3 47 0.7 56 0 
4465 35 0.6 44 0.5 60 0.3 66 0.9 75 0.9 86 0.4 
4710 1 0 6 0.9 26 1 48 0.6 
4746 3 0 10 0.8 81 0.8 
4759 5 0.4 19 0.4 28 0.9 40 0.8 43 0 51 0.8 55 0.3 
4919 47 0 64 1 66 0.7 87 0.4 
5076 2 0.8 11 0.7 39 0.5 58 0 64 0.6 83 1 90 0.6 
5110 49 0.8 
5119 0 0.9 35 0 48 0 
5164 1 1 27 0.9 64 0.8 
5233 2 0.6 24 0.9 42 0.8 60 0.5 64 0 91 1 95 0.8 96 0.7 
5281 81 0.8 84 1 
5432 56 0.5 78 0.6 
5448 8 0.3 17 0 36 0.7 39 0.3 58 0.4 63 0.8 97 0.5 
5476 14 0 37 0 49 0.3 60 0 65 1 73 0.4 97 0.5 
5559 0 0.6 57 0.4 58 0 81 0 97 0.7 
5594 6 0.7 10 0.8 38 0 44 0.3 46 0.9 
5692 1 0.4 7 0.4 59 0.8 60 0.8 76 0 87 1 90 1 
5845 15 0 17 0.3 69 0.8 78 0 
5933 36 0.9 50 0 87 0 89 0.3 
5976 15 0 69 0.9 72 0 75 0.4 86 0.4 
6263 10 0.3 12 0.3 31 0.3 80 0.5 82 0.4 
6323 14 0.8 33 0.5 61 0.7 
6889 5 0 6 0 77 0.5 90 0 92 0.5 
7039 17 0 37 0.3 44 1 45 0.6 48 0 71 0.8 75 0.5 99 0 
7191 15 0 16 1 53 0.5 69 0.9 73 0.9 82 0.5 84 0.6 89 0.6 98 1 
7264 3 0 11 0 23 0.5 55 0.8 69 0.4 80 0 87 0.4 99 0.4 
7272 19 0 20 0.9 30 0 36 0.5 38 0.4 75 0.4 91 0 94 0.4 
7355 8 0.7 15 0.5 21 0 40 0 49 0 61 0.7 79 0.9 
7366 30 0.8 50 0 55 1 64 0.5 
7400 26 0 27 0.7 59 0.5 73 0 85 0.8 89 1 
7658 10 0 90 0 
7713 21 0.9 35 0.9 75 0.7 86 0.6 
7796 14 0 36 0.8 54 0.8 71 0.4 80 0.8 89 0.7 90 0.9 99 0.9 
7908 4 0.6 29 0.4 50 0.9 62 0.5 64 0.6 65 0 69 1 76 0.8 80 0.7 92 0.7 
7928 53 0.8 86 0.5 
7959 18 0.9 25 0.8 34 0.9 70 0.4 75 0.7 77 0 78 0.8 81 0 89 0.5 98 1 
7977 25 0.6 43 0.5 53 0 77 0.5 85 0 89 0.4 91 1 
8320 19 0 91 0.7 
8761 10 0.5 49 0.4 62 0 
8843 1 0.4 6 0.4 25 0.8 32 0.7 63 0.3 72 0.8 75 0.6 89 0.4 
8850 15 0.8 33 0.6 35 0.4 46 0.9 54 0 64 0.7 68 0.7 86 0.9 95 0.4 
8966 26 0.4 38 0.4 50 0.3 55 0 59 0.5 63 0.6 65 0 83 0.4 93 0 94 0.4 
9012 98 0 
9032 6 0 29 0.9 35 0.7 
9048 2 0 28 0 29 0.8 36 0.5 40 0.7 53 0 70 0.8 74 0 76 0.7 99 0.5 
9147 1 0.8 14 0.3 43 1 53 0.9 55 0 57 0.5 72 0.4 75 0.4 
9536 5 0 13 1 
9544 5 0.8 10 0.8 23 0.4 51 0 59 0.5 85 0.5 94 0.5 98 0 
9834 43 0.8 88 1 
