100
53 58 0 84 0.6 
199 8 0.7 12 0.7 21 0.9 30 0.9 41 0.3 60 0.7 61 1 87 0.3 95 0 
299 29 0.8 35 0.9 36 0 83 0 
384 1 0.3 27 0.3 35 0 38 0.6 50 0.7 61 0.9 70 0 79 0.3 86 0 
396 7 1 26 0 46 0 51 0.8 56 0.9 58 0.4 63 0.6 64 1 92 0 
431 43 0.8 
461 2 0 5 0 16 0.8 19 0.9 29 0 37 0.8 49 0 50 0.8 82 0 83 0.8 
554 0 0.6 9 0.6 32 0.7 42 0.3 43 0.9 51 0.9 56 0 93 0.8 
627 45 0.5 
633 29 0.8 86 0.9 
705 11 0.3 36 0 37 0.9 46 1 65 0.7 
758 34 0.3 48 0.4 60 0.5 
788 38 0.5 52 1 75 0.6 
839 0 0.8 4 0 21 0.9 23 0.7 27 0.5 77 0.5 87 1 
923 45 0.6 69 0 
1057 16 0 33 1 35 0.9 37 0.9 40 0 49 0.7 50 0 59 1 76 0.8 99 0 
1158 4 0 43 0.3 59 0 62 1 68 0 69 0 85 0 95 1 
1242 17 0 25 0 28 0 33 0.6 34 1 36 0.5 48 0.8 71 0.3 74 0 82 0.9 
1296 16 0.4 39 0.8 84 0.8 
1486 57 0.3 
1580 5 0.9 8 0.4 22 0.8 28 1 52 0.5 60 0.3 71 0.7 90 0 
1695 12 0.3 
1733 13 0.8 19 0.8 30 0.8 33 0.7 38 0 
1807 14 0.3 31 0.8 36 0.9 
1842 9 0 10 1 37 0.5 51 0.9 55 0.3 58 1 67 0.7 72 0 94 0 98 0.9 
1908 15 0.7 20 0.6 27 0.7 43 0.8 44 0 45 0.8 53 0.6 76 0.9 79 0.3 
1932 67 0 
2033 85 0 
2079 3 1 16 0.8 62 0.8 67 1 82 0.9 84 0.3 91 0 92 0.7 93 0 
2084 25 0.3 57 1 60 0 74 0.4 
2153 1 0.5 12 0.4 24 0.9 35 0.8 38 0.9 54 0 75 0.3 91 0.5 
2215 61 0.8 
2381 8 0.9 21 0.7 23 0.7 38 0 55 0 56 0.9 74 0 80 0.7 84 0.6 
2570 1 1 23 1 24 0.5 37 0.3 38 0.7 46 0.3 71 0 
2578 17 0.5 94 0.9 
2591 0 1 4 0 12 0.4 21 0.3 22 0.9 46 0.8 57 0.4 79 0.5 80 0.6 
2613 7 1 85 0.4 
2651 13 0.8 41 1 46 1 47 0 51 0 55 0.9 72 0 73 0 86 0.8 98 0 
2675 8 0.9 22 0 57 0 59 0 73 0.8 95 0 
2819 22 0.4 26 0.5 32 0 44 0.6 48 0.6 59 0 60 0.9 86 0 99 0.7 
2974 17 0 92 0 
3021 29 0.7 34 1 47 0.7 59 0.7 89 0.4 
3083 48 0.5 85 0 89 0.6 
3111 2 0 16 0.9 28 1 30 0 50 0.6 69 0.6 72 1 82 1 92 0 
3736 19 1 57 0.5 66 0.4 78 0 79 1 84 0.3 87 0.9 91 0.9 95 0 
3753 1 0 17 0.3 25 0 28 0.6 34 1 61 0 78 0 95 0.4 96 0.7 
3878 3 0.6 68 0.6 81 0.3 
3986 9 0 23 1 26 0 78 0 84 0.4 
4215 13 0.5 33 0 48 0 74 0.7 95 0.4 
4334 6 0 14 1 18 0.9 27 0.7 31 0 35 0.9 38 0.4 75 0.3 92 0 94 0 
4951 30 0.6 34 1 55 0.8 68 0.9 
5159 75 0.3 
5224 10 0 
5235 4 0.3 59 0.6 87 1 93 0.8 
5337 2 0 11 0 22 0.9 35 0.7 46 0.4 59 1 75 1 95 0.7 
5385 5 0 14 0 30 0.6 36 0.8 45 0.7 47 0.7 52 0.7 67 0.6 97 1 
5417 5 1 10 0.9 12 0.8 23 0 28 0 48 0 60 0.9 
5551 1 0.8 17 0.9 27 0.9 43 0.5 69 1 70 0.5 89 0 
5563 61 0 70 0.9 
5641 38 0 59 0.9 63 0.5 
5829 32 0.6 60 0.3 74 0.4 85 0.4 
5838 14 0.3 22 0.5 25 0.7 30 0.6 47 1 49 0.4 66 0.7 69 1 73 0.8 75 0.4 
5922 60 0.7 
6183 10 0.7 15 0.9 25 0.9 75 0.9 98 0.7 
6467 89 0 
6579 12 0.6 20 0 30 0.3 38 0.4 44 0.8 61 1 63 0.5 87 0 92 0.6 
6636 45 0.3 
6680 3 0.8 57 0 
7053 2 0 15 0.5 32 0.7 35 0.7 50 0 61 0.6 75 1 80 0.8 81 0.3 95 0.6 
7236 74 0 
7241 4 1 23 0 48 1 63 0.7 84 0.6 98 0.4 99 0.3 
7318 1 0 12 0.4 
7346 17 0 47 0.6 52 0.7 59 0.8 86 0.5 
7395 11 0 28 0.9 40 0 
7822 2 0.4 33 0.5 42 0.4 64 0 
8136 9 0 14 0 40 0.3 71 0.5 73 0.6 75 0.5 
8251 61 0 
8364 11 0.4 19 0.9 37 0 59 0.6 88 0.8 
8426 4 0.5 5 1 9 0.8 26 0.7 59 0 66 1 82 0.3 89 0.3 
8562 12 0.4 25 0.9 26 1 58 0 59 0 75 0.9 79 0.5 
8764 26 1 51 0.7 
8798 12 0 24 0 
8898 27 0.5 
8994 13 0.7 14 0.7 25 0 28 0.5 51 0.9 53 0 
8997 38 0.6 82 0 
9029 28 0 49 0.6 61 0 67 0 70 0 74 0.8 90 0.8 99 0.6 
9049 11 0.9 40 0.3 50 0 63 0.8 67 0.5 70 0.3 93 0.5 
9077 1 0.8 2 1 5 0.8 7 0 10 0.8 19 0.8 49 0.8 86 0.5 94 0 97 0.3 
9384 12 0.9 20 0 73 0.5 84 0.5 89 0.7 97 0.9 
9404 24 0 55 0.8 70 0.7 
9486 41 0 45 1 90 0 92 0 93 0.3 
9534 81 1 89 0.6 98 0 
9598 60 0.6 76 0.4 79 0 98 0.3 99 0 
9775 31 0.9 45 0 48 0 52 0.3 65 0.9 68 0.6 85 0 90 0.4 94 0 
9787 10 1 30 0.3 37 0.9 39 0 47 0.3 69 0.4 77 0.8 79 0 91 0.7 
9802 85 0.7 
9814 84 0 
9973 18 1 23 0.3 58 0 
9985 8 0.7 18 0 27 0.7 45 0 56 0.9 64 0.7 65 0.4 66 0.3 72 1 
9992 52 0.4 81 0.7 
