100
120 3 0.4 5 0.6 35 0 37 1 
262 3 0.3 10 1 16 0.4 42 0.9 70 0.3 71 1 79 0.3 87 0.9 89 0.9 
318 4 1 28 0.6 69 0 77 0 96 0.3 
392 0 0.9 9 1 36 0.8 44 0 85 0.9 
393 14 0.9 53 0 57 0 60 0 72 0.6 84 0 97 0.4 
401 26 0 36 0.3 53 0 68 0.9 76 0.5 83 0 87 0.4 91 0.8 97 1 
453 15 0.8 64 0.4 87 0 99 0.3 
520 15 0.9 35 0 50 0.8 
526 0 0.8 11 0.7 18 0.4 32 0.8 50 0.7 54 0.4 74 0.4 92 0.4 93 0.7 96 0.9 
564 10 1 11 0.8 22 0.8 49 0.5 53 0 65 0.3 87 0.9 89 0.7 94 0 
642 2 0.7 3 0.4 28 0.8 37 0.8 41 0 54 0.6 
772 0 0.4 24 0.3 60 0.9 70 0.5 
777 20 0.3 27 0.4 48 0 52 0.4 58 0.4 69 0 72 0.6 75 0 98 0.7 
852 33 0.5 49 0.8 51 0.7 60 0.4 75 0.5 77 0.6 78 0.4 83 0.7 91 0.4 99 0.4 
922 68 0 88 1 94 0.9 
1097 16 0.7 43 0.9 70 0 73 0.7 95 1 
1115 54 0.5 
1144 35 0.8 39 0.6 66 0.4 
1214 10 0.8 17 0 32 0.7 58 0.3 68 0 79 0.6 
1221 7 0.9 15 0 54 0.4 59 0.5 69 0 72 0.9 77 0.5 98 0.6 
1268 6 0.9 25 0.7 34 0 71 0.5 79 0 86 1 
1388 6 0.4 9 0.5 15 0.4 33 0.5 81 0.3 82 0 83 0.8 90 0.8 
1421 11 0.5 47 0.8 52 0.4 65 0.7 77 0.6 
1455 33 0 39 0.6 50 0.3 53 0.4 78 1 97 0.3 
1476 16 0 32 1 40 0.9 61 0.9 
1787 6 0.5 13 0.3 51 0 93 0 
2019 6 1 11 0.7 22 0.7 37 0.3 39 1 49 0.6 58 0.8 87 0.3 91 0 96 0 
2077 0 1 6 0.5 14 0.9 18 0.4 32 0 64 0 83 0.4 
2113 3 0.3 4 0.5 6 0 22 0.3 28 1 35 0.6 57 0 65 0 72 0 92 1 
2166 0 0 23 0.7 42 0 45 0.7 90 0.4 92 0.8 
2276 24 0 30 0 37 0.5 48 1 60 0.7 67 0 82 0.7 93 0 
2330 17 0.5 23 0.8 44 0.3 50 0.6 58 0.6 
2406 28 0.4 45 1 47 0.7 66 0.7 71 0 72 1 
2414 53 0.9 
2453 1 0.5 27 0.9 
2466 21 0.6 28 0.8 38 0 46 0 56 0.7 69 0.3 78 1 84 0.9 
2644 2 0.7 4 0 26 0.8 50 0.3 51 0.5 58 0 69 0 73 0.4 86 1 93 0 
2730 29 1 53 0.5 
2813 9 0.5 12 0.7 15 0 31 0 43 0 57 0.4 61 0.6 77 1 97 1 
3278 41 0 
3324 15 0.5 35 0.6 40 0 41 0.9 42 0.8 49 0.9 53 0 60 0.6 98 0 99 1 
3429 14 0.9 39 0.6 
3458 1 0 4 0.6 42 0 51 0 54 0 61 0.9 84 0 89 0.4 
3465 6 0.9 8 0 12 0.5 36 0.7 43 1 50 0.3 51 0 53 0.7 66 0 88 0 
3619 0 0.9 19 0 22 0 27 0.9 66 0.6 75 0.3 77 0.8 78 0 95 0.8 97 0.5 
3843 4 0.7 6 0 
4020 9 0 25 0.4 43 0.9 75 0.3 83 0 94 0.5 
4605 8 0 44 0 53 0.8 66 0.9 73 0.6 79 0.4 
4821 22 0.7 26 0.3 31 0.4 50 0.3 59 0.9 61 0.9 77 1 88 0.6 98 0.3 
4938 46 0.9 64 0 89 0 92 0 
5253 0 0 28 0 35 0.6 36 0 75 0.6 79 0.7 80 0 81 0.9 96 0 99 0.3 
5284 11 0.5 46 0.3 70 0.9 73 0 97 0.6 
5371 5 0.4 62 0.4 73 0.9 74 1 83 0.3 84 0.4 96 1 
5683 14 1 23 0.3 65 0 67 0 69 0 89 1 95 0.5 
5846 9 0 39 0 52 1 69 0.3 74 0.4 81 0.3 89 0 
6018 22 1 73 0.8 84 0 
6088 28 0.5 83 0.3 86 1 97 0 
6112 64 0 
6162 5 0 7 0 16 1 24 0.8 39 0.6 55 0.6 85 0 89 0.7 
6422 12 0.9 
6474 5 0.4 6 0 31 0 39 1 40 1 46 0.3 
6617 22 0.6 32 0.8 39 0.4 63 0 70 0.7 77 0 
6674 8 0.7 15 0.6 18 0.5 22 0.3 26 0 31 0 62 0.5 81 0.8 92 1 
6730 64 0 
6822 18 0 22 1 47 0 53 0.6 54 0.6 56 0.8 79 0.7 99 1 
6971 15 0 23 0.8 
7014 20 0.7 29 0.3 52 0.8 63 0.8 69 0 70 0.8 73 0.7 76 0.7 80 0 96 0.4 
7334 43 0.7 48 0.8 51 0.9 80 0 
7441 20 1 23 0 39 0 54 0 66 0 74 0 76 0.4 87 0.8 98 0.3 99 0.4 
7588 2 0.9 19 0.4 36 0 57 0.6 68 0.5 
7620 8 0.8 22 0.6 36 0 45 0 80 0 86 0.9 93 0.3 
7818 96 0.9 
8092 16 0.5 17 0.9 39 1 84 0.6 86 0.9 95 0 
8198 23 0.8 32 0.8 43 0.8 49 0 63 0 75 0.3 77 1 85 0.8 94 0.6 99 0.5 
8213 9 1 20 0.9 23 0.7 33 0 35 0.6 39 0.3 57 0.6 60 0.8 95 0.6 
8218 79 0.5 81 0.3 
8470 56 0.6 59 1 70 0 83 1 
8543 2 0.8 16 1 76 0.8 79 0.9 84 0.8 96 0.8 
8546 11 0.3 12 0.3 34 0.5 46 0 48 0 64 0.8 70 0 79 0.6 84 0 85 0.7 
8625 5 1 21 0.8 39 0.4 59 0.7 
8660 15 1 47 0.9 57 0 
8726 29 0.7 51 0 87 0.8 
8736 16 1 21 0.4 29 0.3 43 0.8 50 0.5 70 1 83 0.5 87 1 
8873 58 0.7 79 0.6 
8890 14 0.5 52 0.4 56 0.4 70 0.3 80 0.5 
9016 0 0.6 33 0.8 54 0 
9024 24 1 28 0 32 0.4 38 0.9 49 0.4 59 0.5 66 0.5 69 0.8 76 0.7 88 1 
9036 0 0.6 6 0.6 21 0 51 0.5 74 0 84 1 85 0.8 
9056 33 0.8 93 0 
9057 82 0.7 
9152 30 0.9 42 0.4 
9198 33 0.3 46 0.5 49 0.8 59 0.9 91 0.7 
9405 8 0.9 14 0.3 35 0.7 40 0 44 0.3 82 0.7 86 0.9 
9465 26 1 32 0 34 0 44 1 50 0.7 59 0.4 
9501 6 0.8 22 0.3 27 0.7 35 0.3 91 0.6 
9502 22 0.9 50 1 56 0.5 62 0 65 0.7 71 0.8 77 0.5 82 1 97 1 99 0 
9571 8 0.9 12 0 17 0 32 0.3 34 0.4 51 0.7 53 0.3 71 0 
9902 0 0 1 0.9 12 0 19 0.3 29 0.7 71 0.9 79 0 
9961 92 0 
9981 10 0.8 11 0.9 28 0.4 37 0 56 0.9 60 0.5 77 0.4 78 0.6 88 0.4 99 0.7 
