100
208 89 0 97 0.7 
234 5 0 29 0 48 0.6 58 0.7 79 0.5 87 0.3 
271 8 0.7 29 0.8 35 0.4 41 0.3 69 0 72 0 
306 1 0 26 0.7 47 0 77 0 94 0 97 0 
407 5 0.9 22 0.8 34 0.8 38 0.3 42 0.6 51 0 55 0.6 59 0 97 0.8 
759 26 0 45 0.5 69 0 70 0.4 
813 15 1 
820 15 0.6 50 0.3 55 0.5 95 0.3 
1094 56 0.8 61 0 76 0.4 
1140 16 0.7 23 0 26 0.8 32 1 44 0 66 0.8 73 0.9 75 1 85 0.6 
1227 68 0.8 98 0.8 
1242 17 0 25 0 28 0.3 33 0 34 0.4 36 0.7 48 0.3 71 0.4 74 0.6 82 0.9 
1297 8 0.6 11 0.5 86 0.6 
1438 17 0.9 24 0.9 49 0.6 57 0.6 61 0.3 63 0.8 68 0.7 77 0 84 0 
1489 28 0.5 67 0 
1551 3 0.5 25 0.5 37 0 45 0.7 65 0.7 78 0.3 
1595 69 0 80 0.8 
1723 30 0 31 0.5 53 0 81 0 85 0.4 
1777 1 0.3 39 0.6 60 0 82 0 94 0.3 
1926 13 0.7 38 0.7 40 0 53 0 82 0.6 95 0 
1927 1 0.8 19 0.3 32 0.3 33 0 75 0 
2066 39 0.9 
2067 35 0.7 36 0 55 0 67 0.8 79 0.4 
2200 22 0.8 30 0 68 0.3 
2331 12 0.3 17 0 23 0 52 0 54 0.9 59 0 85 0.9 86 0.4 95 0 
2406 28 0.7 45 0 47 0.6 66 0.8 71 0.6 72 0.3 
2462 6 0.5 7 0.6 17 0.5 19 0 46 0.4 57 0 65 0.4 69 0.5 78 0.5 86 0.9 
2830 0 0 13 0.5 19 0.3 53 0.5 71 0.5 83 0 86 0.6 
2945 5 0.7 20 0.8 30 1 33 0.5 46 0 68 0.4 79 0.4 85 0.8 94 0.5 
3065 5 0 8 0.7 18 0.4 30 0.9 51 1 54 0 94 0.7 
3112 4 0.9 13 0 36 0.7 53 0.7 56 0.5 61 0.8 66 0.6 
3194 78 0.3 96 0.4 
3414 1 0 9 0.9 25 0.8 28 0 36 0 56 0.9 69 0 86 0 
3432 9 0.5 20 0 31 0.5 40 1 47 0 
3502 8 0 10 0.9 16 0 17 0 47 0.4 58 0 82 0 86 0.6 92 0.8 
3504 11 0.7 22 0.7 51 0.4 54 0.7 88 0.4 90 0.6 98 1 
3517 32 1 38 0.9 44 0 48 0.3 69 0.6 94 0.5 
3618 3 0.9 4 0.5 6 0.9 20 0.5 37 1 48 0.4 
3629 5 0 39 1 45 0.6 65 0 66 0.6 71 0.7 83 0 
3664 25 0.5 37 0.7 56 0.5 74 0.5 
3670 7 0.7 40 0 44 0.5 62 0.4 
3863 25 0.6 45 0.8 
3900 3 1 7 0 9 0 36 0.5 40 0.4 54 0.6 71 0.6 73 0 77 0.5 95 0.8 
3953 48 0.8 
4030 25 0 95 0.8 
4066 3 0.8 27 0 29 1 36 0.5 
4142 17 0.4 47 0 54 0.9 62 0.8 76 0.9 
4158 9 0 16 0.7 32 0 35 0 39 0.7 60 0.4 79 0.4 84 0.8 92 0.4 98 0 
4438 4 0.7 22 0.9 29 0.5 43 0.5 55 0.9 69 0 
4620 19 0.4 36 0.7 45 0.4 51 0.3 53 0.4 55 0 
4724 26 0 28 0.4 31 1 62 0.8 65 0 95 0 
4919 47 0.8 64 0.4 66 0.3 87 0 
4941 27 0.9 36 0.8 
5013 7 0 11 0.4 39 0.9 77 0.8 91 0.4 99 0.6 
5129 3 0 68 0.4 70 0 
5169 23 0.9 32 0 43 0.6 52 0.6 67 0 97 0.7 99 0.7 
5383 9 0 13 0.6 14 0.3 32 0 
5491 39 0.9 85 0.7 90 0.7 
5704 10 0.4 47 0 
5733 4 0.3 20 0 24 0.3 54 0 93 1 97 0 
5771 18 0 28 0.5 38 0 57 0 58 0.8 70 0.9 72 1 84 0.9 87 1 92 0.7 
5779 15 0 21 0.8 53 1 56 0 62 0.8 94 0.7 96 0 98 0.7 
5783 34 0.4 42 0.7 49 0.5 57 0.7 59 0 74 0 81 0.8 91 0.4 92 0.5 
5847 34 0 42 1 70 0.4 
5891 25 0 32 0 40 0 59 1 66 0 89 0.3 
5941 5 0.9 25 0 68 0.3 69 0.9 77 0 
5945 42 0 51 0 71 0 78 0.5 
6069 21 0.4 24 0 28 0.7 33 0.6 34 0 41 0 47 0.9 
6197 18 0 20 0.8 32 0.7 39 0.4 56 0.6 71 0.4 82 0.6 
6228 0 0.3 
6606 17 0.4 22 0.3 26 0.4 37 0 39 0 55 0.9 56 0.7 
6825 10 0 34 0.5 39 0.9 81 0 84 1 
6831 5 0 8 0.5 78 0.7 
7148 15 0.6 23 0 27 0.3 64 0 74 0.7 76 0 89 0.7 
7164 15 0 22 1 23 0 59 0.7 61 0.6 71 0.6 72 0.7 82 0 91 0.4 
7214 27 0 83 1 
7269 38 0.4 43 0 62 0 
7448 3 1 9 0 12 0.7 14 0 22 0 38 0.3 58 1 79 0.8 97 0.5 
7540 5 0.5 30 0.8 42 0.9 44 0.8 65 0.4 71 0.8 79 0.9 94 0.7 
7848 35 0.7 41 0.3 
7891 29 1 46 1 49 0.6 68 0 97 0.5 
8210 15 1 20 0 45 0.4 
8214 4 0.6 25 0.4 47 0.7 71 0 78 0.3 79 1 
8478 10 0.6 24 0 32 0.6 48 0.9 50 0.6 59 0 60 0 61 0 82 1 83 0 
8481 39 1 94 0 
8559 31 0 55 0.7 64 0.8 85 0.7 
8563 3 0 64 0 
8567 5 0.7 12 0.5 28 0 37 0.9 66 0 68 0 77 0 87 0.9 89 0 96 0 
8568 27 0 50 0.5 75 0 
8615 62 0 88 0.3 
8747 8 0.4 17 0.9 19 0 32 1 67 0.5 76 0 83 0.6 88 0 
9043 4 0.4 7 1 19 0.3 23 0.8 24 0.4 34 0 37 1 74 0 88 0 91 0.7 
9049 11 0.8 40 0.6 50 0.7 63 0.7 67 0.7 70 0.6 93 0.7 
9060 3 0.9 22 0 41 0.8 45 0.6 46 0.5 61 0.7 74 0.9 76 0.8 88 0 
9152 30 0.5 42 0.8 
9163 8 0.7 38 0.3 58 0.9 59 1 
9297 14 0.9 24 0.7 26 1 31 0.8 52 0.6 72 0.5 80 0.8 89 0.8 99 0.5 
9360 11 0.5 29 1 35 0 63 0.6 64 0 65 0.5 66 0 78 0.4 93 0.3 94 0.3 
9750 4 0.9 35 0.4 38 0.8 75 0.7 91 0.7 92 0 
9834 43 0.9 88 0.9 
