100
158 24 0.4 37 0.5 50 0.4 58 0.8 60 0.4 66 0.9 72 0.6 75 0.3 78 0.5 79 0.9 
165 6 0 36 0.4 98 0.6 
183 4 0 28 0.8 29 0 30 0.3 45 0.4 61 0 74 0.5 77 0.5 80 0.8 91 0 
194 22 0.7 
275 5 1 10 0.7 19 0.3 28 0.6 31 0 43 0.4 90 1 
751 24 0.5 25 0 27 0 54 0.6 83 0.3 86 0 93 0.7 97 0.6 
761 39 0 72 0.7 84 0.3 85 0.8 86 0.7 90 0.8 98 0.7 
916 19 0.6 38 0.6 56 0.8 67 0.4 
964 20 0 21 0.6 24 0.4 53 0.5 66 0 72 0.8 77 0.5 89 0.3 90 0 91 0 
979 48 0.6 64 0 71 1 
1055 21 0 45 0.8 
1076 45 0.6 
1079 4 0.7 15 0 22 0 33 0.5 59 0 94 0 
1158 4 1 43 0.7 59 0 62 0.5 68 0.5 69 0 85 0.5 95 1 
1185 48 0 
1303 1 0.7 36 0 38 0.3 66 0 83 0 87 0.8 89 0.6 95 1 
1313 3 0.6 6 0.6 57 0 60 0.3 71 0.7 72 0.5 80 0.7 90 1 99 0.8 
1415 26 0.3 55 0.4 96 0.8 
1452 2 0.5 5 0.7 19 1 25 1 32 0.3 61 0.9 64 0 82 0.5 
1462 80 0.6 89 0.7 
1561 32 0 82 0 96 0.3 97 0 
1717 3 1 25 0 68 0.9 
1804 4 0.7 7 0 8 0.5 17 0.3 42 0.4 50 0.7 53 0.3 72 0.7 82 0 
1816 31 0.5 35 0.6 49 0 64 0.4 98 0.6 
1935 11 0 18 0.3 27 0.8 36 0.5 39 0.5 59 0.9 
1980 35 1 39 0.4 56 0.3 62 0.9 65 0.7 71 0 90 0.4 95 0.7 
2165 3 0.7 24 0.7 28 0.4 
2174 26 0 31 0.4 46 0.4 63 0.4 86 0.8 
2326 4 0 17 0 25 0.4 
2360 2 0 7 0 18 0.5 52 0.9 71 0.3 74 0 85 0.5 94 0 
2408 5 0.4 11 0 13 0 26 0 31 0.8 45 0.5 53 0.6 61 0.6 82 0 90 0.3 
2509 11 0.6 15 0 31 0.4 52 0.7 96 0.7 98 0.8 
2529 12 0.9 27 0 39 0 40 1 75 0 95 0 
2658 35 0 40 0.3 46 1 52 0.6 92 0.9 94 0.7 
2668 23 0.7 25 0.6 31 0.5 41 0 42 0.7 44 0.9 59 0.8 69 0.9 
2772 77 0.9 
2860 7 1 46 0.5 50 0.8 94 0.5 
2926 31 0.5 34 0.5 40 0.4 66 0 68 0.4 
3157 11 0.7 13 1 65 1 71 0.5 93 0.8 
3207 10 0 39 0 43 0.3 60 0.8 66 0.9 77 1 83 0.6 88 0 93 0 
3210 58 0.9 65 0.6 72 0 83 0.7 
3216 62 0.5 67 0 69 0 70 0 89 0.9 91 0.9 97 0.9 
3420 1 0.5 14 0.5 53 0.4 
3674 7 0 
3760 23 0.3 64 0.4 95 0.3 
3774 20 0.6 26 0.7 33 0.8 41 0.4 45 1 47 0.3 86 0.8 93 0.4 98 0 
3815 4 0.9 9 0 19 0.4 20 0.6 46 0.4 64 0.7 86 0.9 
3866 88 0.3 
3957 3 0 18 0 19 0.6 51 0.8 56 0.5 59 0.7 61 0 89 1 
4047 4 0.9 9 0 15 0.4 25 0 33 0.7 68 0 70 1 79 0 86 0.7 87 0.9 
4099 14 1 16 0 33 0.4 34 0 38 1 62 0 63 0.8 69 0.9 89 0.3 
4215 13 0 33 0.3 48 0 74 0.4 95 0 
4331 7 1 8 0 32 0.6 43 0.3 52 0.6 59 0.3 71 0.8 72 0.3 81 0.8 
4391 83 0 94 0 96 0 
4464 3 0.6 20 0 50 0 64 0.3 68 0.6 88 0 95 0.4 
4503 60 1 
4669 39 0.6 73 1 91 1 
4685 2 0.8 12 0.4 41 0 44 0.3 54 0.4 80 0.8 96 0.8 
4726 9 0.3 10 0.8 45 0.6 50 0.7 53 0.4 64 1 79 0 87 0.9 
4734 30 0 40 0 49 0 64 0.8 67 0.4 93 0.8 
4781 8 1 28 0.3 34 0 39 0.8 61 0 63 0 74 0 84 1 85 0.9 
5112 52 0.6 79 0.5 
5193 9 0 15 0.3 35 0.9 40 0 46 0.5 51 0.7 56 0.9 70 0 76 0.6 85 0.4 
5328 1 1 42 0.8 49 1 52 0.4 86 0.5 
5353 17 0.4 20 0.3 33 0.9 39 0 
5396 53 0 82 0.4 
5527 60 0.6 72 1 
5710 25 0 55 0.6 86 0.7 
5731 8 0 18 0 23 0.5 25 0 65 1 90 1 
5765 2 0.6 11 0.3 49 0.9 
5944 6 0 16 0.5 64 0 68 0.5 83 0.5 
6440 22 0.3 36 0.8 70 0 83 0.3 
6795 5 0 8 0 20 0.4 24 0.8 34 1 45 0.8 71 0.5 83 1 97 0 
6982 21 0.4 35 1 42 0.6 46 0.8 47 0 56 0 72 0 76 0.7 86 0.6 90 0.8 
7045 23 0.8 45 0.5 46 0.7 51 1 64 0.4 70 0 74 0.6 
7219 2 0.9 10 0 58 0 66 0 75 0.6 83 0.4 
7312 26 0.6 68 0.6 69 0 
7636 26 0.7 58 0.7 71 0.6 
8035 13 0 21 0.9 29 0 37 0 71 0.8 73 0.3 78 1 82 0.8 95 0 
8038 9 0.4 22 0.7 40 0 47 0 49 1 52 0.7 67 0 76 0.7 79 0.8 86 0.6 
8048 34 0 36 0.3 40 0.4 47 0.4 83 0 
8051 3 0.8 7 1 20 0.9 29 0.3 50 0.7 62 0.6 64 0 80 0 90 0.6 
8114 23 0.9 46 0 88 1 
8216 2 0.7 5 0 7 0 16 0.4 52 0 54 0 70 0 80 0.5 89 0.8 94 0.3 
8261 23 0.6 56 0 68 0 74 1 83 0.9 
8308 0 0.8 3 0 16 0.5 27 0.4 39 0 65 0 91 0.9 
8410 4 0.5 53 0.6 64 0 92 0.6 
8423 38 0.5 81 0 97 0 98 0.9 
8813 3 0 20 0 57 0 94 0 95 0.3 
8851 14 0 32 0.7 
9014 12 0 40 0.9 57 0.7 58 1 70 0 91 0.7 
9085 1 0 8 0.5 16 1 21 0.8 43 0.8 71 0 77 0.7 78 0.7 
9119 52 0.3 96 0 
9276 11 0.3 50 0.8 52 1 
9415 4 1 37 0.6 62 0 63 0.4 67 0.8 
9448 59 0.8 76 0.6 
9511 2 0.7 20 0.9 89 0 97 0.3 
9626 8 0.7 9 0 14 0.3 29 0.3 32 0.6 38 0.8 40 0.7 51 0 66 0.7 71 0.3 
9720 42 0 48 0.4 84 0 
9870 16 0.3 27 0 29 0.4 45 0.5 56 0.5 58 0.8 68 0 90 0.7 
