100
39 13 0.5 65 0.7 86 0 
159 0 0.8 11 0.3 15 0 17 0.5 18 1 22 1 64 0.8 75 1 90 0.9 96 0.5 
238 8 0.9 41 0 42 0.6 44 0 51 0 63 0.5 79 0.3 98 0 
526 0 0.5 11 0 18 0.7 32 0 50 0.4 54 0.9 74 0.3 92 1 93 0.5 96 0 
735 46 0.5 83 0.6 98 0.3 
867 9 0.8 17 0 33 0.7 40 0.9 51 0 68 0.3 78 0.5 79 0.7 86 0.7 
1098 18 0.8 21 0.3 63 0.6 94 0.6 
1239 20 0 26 0 40 0.3 74 0.9 95 0.8 
1328 2 0.3 7 0.7 13 0.5 36 0.7 38 0.5 40 0.9 55 0 63 0 71 0.6 91 0 
1497 12 0.3 46 0.9 72 0.7 90 1 
1587 9 0.3 42 0.5 47 0.6 55 0 76 0.9 77 0 
1752 4 0.3 26 0.6 52 0.5 58 0.9 83 0 96 0.5 
1939 20 0.6 56 0.9 98 0.4 
1955 3 0.7 15 0 17 0.7 23 0 47 0.3 52 0.3 60 0.6 61 0.5 65 0.7 
2017 4 0.9 15 0 26 0.5 27 0.4 32 0 35 0.8 48 0.7 
2052 17 0.4 34 0.8 35 0.8 38 1 55 0.9 81 0.5 89 0.5 
2117 49 0.9 53 0.7 
2191 11 0.6 37 0.7 45 0.8 
2409 19 1 
2568 5 1 25 0 39 0 42 0.4 46 0.4 51 0 68 0.4 71 0.4 81 0.6 84 0 
2579 10 0 14 0 37 0.6 49 0.6 50 0.7 56 0.7 83 0.3 97 0 
2622 9 0 49 0.4 68 0.7 
2638 22 0 72 1 80 0.6 
2864 17 0.4 
2916 32 0.4 74 0.5 77 0 
2958 4 0.7 26 1 
3000 13 0.4 42 0.5 45 0.6 73 0.9 97 0 
3038 33 0.9 63 0.9 81 0.5 84 0.5 
3060 11 0.7 50 0.5 58 0 72 0.7 78 0 
3061 32 0 48 0 56 0.3 60 0.9 87 0.9 91 0.3 94 0.7 
3333 6 0.6 38 0.3 45 0.9 
3408 46 0.7 47 1 64 0 83 0.5 88 0.3 97 0.5 99 0.7 
3438 38 0 41 0 54 0 97 0.3 
3705 6 0 25 0.3 30 0.9 44 0.4 46 0.3 66 0.5 90 0 91 0.9 98 0 
3818 1 0.7 4 0.5 33 0.6 36 1 71 0.7 78 0.7 94 0.6 95 0.3 
3850 11 0 16 0 44 1 56 0 88 1 
3982 24 0 61 0 74 0.7 75 0.6 
4043 31 0.9 74 0.3 94 0.5 
4149 24 0.5 29 0 30 0 41 0.5 58 0.4 65 0 71 0.4 94 0.4 
4151 9 0.5 45 0.8 
4168 23 0.9 25 0 40 0 45 0.9 52 1 55 0 56 0.3 98 0 
4278 17 0.3 
4288 21 0.5 38 0.8 39 0.4 46 0.9 53 0.4 60 0.4 73 0.5 77 0.7 
4345 3 0.9 38 0 
4527 1 0.5 3 0.4 50 0.7 58 0 
4736 1 1 15 0.7 18 0 29 0 35 0.7 61 0.5 71 0 
4804 28 0 36 0.4 44 0 64 0 73 0.9 99 0.9 
4990 32 0.5 40 0.8 95 0 
5113 2 0.6 4 0.9 6 0 44 0.8 50 0.7 67 0.4 94 0.3 99 0 
5150 38 0 
5163 4 0.4 12 0 14 0.9 25 0 30 0.6 36 0.9 59 0 84 1 85 0.7 
5186 40 0 
5335 10 0.8 31 0.6 34 1 39 0.9 61 0.5 82 1 99 0.8 
5385 5 0.3 14 0 30 0.7 36 0.9 45 0.5 47 0 52 0.8 67 0.9 97 0 
5621 15 0.5 25 0.6 26 0.8 34 0.3 40 0 77 0.5 90 0.7 
5648 12 0.6 17 0.6 23 0.8 44 0.8 48 0.9 65 0.7 82 0 88 0 90 0.6 
5666 11 0.7 17 0.5 31 0.4 62 0.9 98 0.9 
5775 9 0.8 26 0.5 46 1 79 0 
5923 23 0.6 24 0.3 35 0.4 38 0.7 74 0.5 97 0 
5936 70 0.6 96 0 
5950 8 1 
6178 12 0 18 0 34 0 37 0.7 53 0.7 62 0.7 93 1 96 0.8 
6219 17 0.4 18 0.3 43 0.9 93 0.6 
6231 0 0 7 1 15 0.6 34 0.5 59 0 87 0.5 
6273 6 0 14 0.4 20 0 35 0 54 0 64 0.6 76 0.4 
6283 15 0 
6316 48 1 49 0.3 55 0.5 
6353 10 0.4 26 0 69 0.6 85 0.5 
6475 1 0.7 16 0.6 24 0.3 73 0.8 75 0.3 88 0 91 0.9 94 0.4 95 0 97 0.4 
6517 24 0 29 0 42 0.8 46 0 88 0.5 
6660 8 0.9 33 0.7 35 0.4 45 0.8 51 0.5 60 0 85 0.4 
6692 1 0.6 2 0.5 50 0.3 82 1 
7080 13 0.8 27 0.3 
7090 1 0.4 9 1 81 0.8 
7250 38 0 43 0.6 49 0.3 86 0.6 
7302 36 0 40 0.3 49 0 60 0.9 
7409 16 0 61 0 62 1 65 0.9 97 0.4 
7498 6 0 35 0.3 36 0.7 60 0.5 78 0.7 79 0.4 89 0.4 
7499 28 0.5 
7654 94 0.7 
7808 8 0.5 17 0 21 0.9 70 0.8 87 0.3 99 1 
7970 4 0.4 9 0.4 33 0.8 65 0.8 70 0 76 0 83 0.5 89 0.8 91 0.3 92 0.9 
8035 13 0.8 21 0.5 29 0.3 37 0.5 71 0.7 73 0.9 78 0.6 82 0.8 95 0.7 
8090 2 0.5 3 0.7 6 0.6 11 0.7 15 0.9 25 0.7 60 0.3 77 0.3 80 0 97 0.8 
8112 1 0 14 0.3 15 0.3 46 0 72 0 76 0.7 78 0.9 81 0.8 90 1 
8157 1 0.3 7 0 
8232 13 0.3 23 0.9 97 0 
8240 9 0 18 0.3 34 1 36 0.9 81 0 
8290 37 0 46 0.8 66 0.5 83 0.7 85 0.5 86 0 92 0 
8368 14 0 31 0.8 32 0.5 54 0.6 56 0.5 68 0.7 69 0 88 0.3 95 0.5 
8464 6 0.6 24 0 32 1 42 0 58 0.6 
8478 10 0.8 24 0.5 32 0.3 48 0.4 50 0.8 59 0.9 60 0.4 61 0 82 0 83 0.9 
8557 11 0.8 24 0.9 42 0 86 0.5 87 0.6 
8643 1 0.4 9 0.3 57 0 59 0.8 60 0.5 65 0 75 0 77 0.9 82 0.8 
8956 19 0 83 0.8 
9141 21 0.6 34 0.9 37 0 
9736 21 0 26 0 46 1 47 0 56 0.8 91 0 
9737 80 0.6 
9897 71 0.8 88 0.5 91 0 99 0.6 
9934 3 0.8 4 0.3 16 0.9 30 0 44 0 71 0.6 78 0.4 96 0.6 
