100
145 61 0.6 
171 6 0 22 0 33 0.8 37 0 62 0.7 75 0.3 96 0.5 
217 9 0.3 18 0 27 0.9 41 1 48 0.5 52 1 63 0 87 0.7 89 0 96 0.7 
270 71 0.7 
464 30 0.5 
592 1 1 5 0.8 19 0.3 21 0.6 68 0.8 88 0.5 90 0.3 
637 2 0.5 13 0 35 1 45 0.6 59 1 65 1 98 0.8 
724 63 0.6 69 0.8 87 0.9 
750 6 0.3 28 0 40 0.3 64 0.4 90 0.5 94 0 
775 0 0 53 0.3 66 0.9 80 0.7 90 0.6 96 0 
796 27 0.9 75 0 76 0.5 80 0.7 84 1 94 0.4 
831 22 0 23 0.9 28 0.8 44 0 62 0.6 70 0 78 0.3 80 0 97 0.8 
930 11 0.4 14 0 16 0.3 40 0.3 42 0 76 0 77 1 88 0.6 
1088 10 0 37 0 45 0.9 47 0.7 52 0 54 0 61 0.8 65 0.4 69 0 78 0.8 
1136 12 0.9 19 0 37 0.7 67 0.8 68 0.4 83 0 90 0.8 
1196 34 0.4 36 0 38 0.5 39 0 85 0.9 90 0.5 98 0.3 
1310 91 0 
1344 25 0.5 33 0 40 0.7 64 0.4 86 0.9 96 0 
1374 3 0.8 8 0.7 99 0.3 
1381 4 0.6 5 0.3 56 0.4 69 0 77 0.4 84 0.7 88 0.3 98 0.6 
1413 2 0.4 11 0.7 28 0.9 44 0.9 72 1 83 0 88 0 97 0.9 
1491 2 0 11 1 14 0.8 19 0.7 54 0.8 58 0 
1529 39 0 88 0.3 
1608 11 0.3 26 0 79 0.3 
1707 15 0.3 32 0.4 40 0.8 41 1 44 0 68 0.5 74 0 89 0 99 0.6 
1756 11 0 42 0.9 52 0.5 60 0.7 80 0.8 89 0 93 0.6 98 0.6 
1814 45 0.9 46 0 55 0.4 86 0 98 0.5 
1923 37 0.6 75 0.4 78 0.3 
1936 77 0.8 83 0 
1985 5 0.9 16 0.8 43 0 49 0.6 67 0 98 0 
2053 9 0.7 14 0.4 15 0 42 0.7 48 0.4 83 0 
2074 3 0.8 8 0.7 21 0.3 28 0 29 0 36 0.5 59 0 74 0.4 83 0 
2246 12 0.9 19 0 28 0 79 1 86 0.6 
2414 53 0.8 
2521 4 0 40 0.4 48 1 61 0.8 66 0 76 0 86 0.4 91 0.9 
2551 29 1 32 0.7 47 0.7 85 0.9 87 0 96 0.9 
2558 8 0.8 13 0 26 0.4 56 0.4 57 0.9 60 1 71 0.8 72 0 94 0.5 
2573 3 1 33 0.4 69 0.4 72 0 76 0 95 0 
2619 14 0.5 26 0.9 30 0.5 62 0.7 76 0.5 88 0.4 90 0 
2668 23 0.4 25 0 31 1 41 0.8 42 0 44 0 59 0.5 69 0.4 
2672 12 0 19 0.5 44 0.6 
2680 1 0.6 8 0.7 12 0 32 0.3 55 0.9 65 0.6 86 0.8 90 0.5 97 0.8 
2931 40 0.7 86 0.7 88 0.8 97 0.9 99 0.6 
3011 10 0 24 0 32 1 34 0.7 62 0.6 63 0 64 0.3 85 0.3 86 0.9 
3209 31 0.9 47 0.3 61 0 
3233 11 0.7 14 0 15 1 28 0 66 0.5 69 0.8 71 0 78 0.7 81 0 
3571 9 0.4 46 0.4 61 0.8 64 0.7 70 0.9 79 0.6 89 0.7 
3699 24 0 
3868 54 0 
3987 4 0 10 0.3 12 0.5 40 0.5 46 1 83 0 96 0.4 
4447 33 0.8 
4484 26 0 
4596 1 0.3 8 0.3 18 0 29 0 57 1 64 0.8 
4646 21 0.8 31 0 68 0.5 76 0 92 0 93 0.5 95 0.8 99 0.4 
4716 2 0.8 44 1 52 0.7 55 0 78 1 95 0.3 
4721 1 0.8 36 0.7 41 0.9 76 0 91 0.6 
4742 0 0.8 12 0 16 0 82 0.6 
4743 68 1 
4921 20 0.3 82 0 
5068 6 0 18 0.4 46 0.4 48 0.5 55 0.5 67 0.9 82 0.8 92 0.9 97 0.4 98 0.8 
5079 1 1 4 0 12 0 42 0 79 1 90 0 
5114 10 1 11 0.9 23 0 
5141 7 0.3 18 0 70 0.6 73 0.5 86 0.7 97 0.7 
5252 6 0.4 19 0.3 60 0.7 
5271 29 0.4 41 1 82 0.7 
5465 4 0 27 0.3 61 0 98 0.8 
5510 24 1 81 0.8 96 0 
5659 34 0.3 
5674 8 0.5 29 0.8 34 0.7 48 0.7 61 0 67 0.3 77 0 
5797 20 0.8 34 1 45 0.7 55 0 61 0.7 81 0 
5833 16 0.5 25 0.6 67 0.8 72 0 96 0.4 
5921 7 0.6 13 0.6 22 0.9 35 0.7 44 0 51 0.6 56 0.6 58 0.4 
6028 5 0.3 10 0 19 0.3 
6036 41 1 87 0.7 
6108 56 0 73 0.5 75 0 
6270 44 0 61 1 64 0.4 80 0 
6350 1 0 8 0.8 22 0.3 35 0.6 38 0.3 57 0.5 67 0.3 77 0 80 0.9 84 0.6 
6667 10 0 17 0 31 0.5 34 0 40 0.3 43 0 48 0 59 0.5 61 0.3 96 0 
6832 9 0.9 78 0.9 90 1 96 0.6 
6859 63 1 
6925 17 1 20 0.4 29 0 49 0.4 51 0.8 82 0.8 89 0 91 1 92 0 
7570 4 0.9 23 0.3 26 0.7 27 0 39 1 
7573 2 0.3 11 0 24 0.7 50 0 61 0 65 0.5 91 1 
7806 14 0.7 25 0.7 33 0.7 34 0.4 47 0.3 48 0 52 0.7 74 1 
7808 8 0.9 17 0.5 21 0.9 70 0.3 87 1 99 0.4 
7997 29 0.7 54 0.5 
8009 1 0.5 16 0.5 34 0.8 35 0.7 70 0.7 72 1 99 0.9 
8262 42 0.4 69 0 85 0.9 
8430 5 0.8 10 0.3 25 0.4 68 0.4 82 0.7 92 0.3 97 0 98 0.9 
8655 9 0.4 39 0.7 46 0.7 62 1 86 0.5 
8710 0 1 36 0.9 53 0.9 84 1 
8891 46 1 80 0.3 
9011 3 0 6 0 31 0 45 0.5 52 0.5 60 0.8 61 0.7 87 1 99 0 
9041 23 0.9 53 0 59 0.3 86 0 
9173 0 1 39 0.3 49 0.9 56 0 
9185 15 0.3 28 0.4 32 0.3 34 0.4 64 0 85 0.6 
9192 4 0.8 11 0.3 23 0 29 0 61 0.4 63 0 75 0.9 
9360 11 0 29 1 35 0.3 63 0 64 0 65 0.8 66 0.6 78 0.7 93 1 94 0.4 
9617 7 0.4 16 0 22 0.5 42 0 53 0 55 0.3 73 0 87 0 
9692 11 0.9 18 0.5 19 0.5 23 0.3 42 0 73 0.3 78 0.9 87 0 93 0 
