100
51 48 0.9 51 0 56 0.9 57 0 63 1 85 0.3 92 0 
349 14 0.8 37 0.3 45 0.7 47 0.5 51 0.5 66 0 69 0.6 72 0 81 0.5 99 1 
365 51 0.6 68 0.3 91 0.5 
435 84 0.8 90 0.5 
442 71 1 
506 0 0.6 10 0.8 18 0 39 0.7 64 0 81 0.7 90 0.7 
537 18 0 31 0 51 0 84 0.7 
569 20 1 
591 4 0.8 24 0.5 66 0 78 0.3 
613 44 0 46 0 99 0 
689 59 0.3 
747 8 0.7 30 0.8 48 0 65 0 83 0.4 84 0.4 87 0 
748 17 0 19 0.4 52 0.8 58 0.6 74 0.5 84 0.5 93 0 97 0.8 99 0.7 
875 5 0.9 25 0.4 50 0.9 55 0 
883 5 0 15 0 16 0 22 0.3 25 0.7 31 0 68 0.6 72 0.7 94 0.9 
895 0 0.3 7 0 12 0.6 46 0.4 91 1 
1290 0 1 86 0.8 
1297 8 0.7 11 0.9 86 1 
1517 56 0.7 92 0.4 
1610 21 0.7 51 0.5 63 0.7 77 0.8 84 0.5 
1741 36 0.5 48 0.8 49 0.9 53 0.9 95 0.9 
1748 1 0.4 11 1 12 0.5 30 0.7 50 0 51 1 67 0.5 76 0 84 0.8 88 0 
1945 17 0 42 0.9 55 0 59 0.9 68 1 80 0 81 0.6 95 0 
2005 17 0 25 0 45 0.4 69 0.4 72 0.8 77 0.6 
2089 48 0.8 75 0.4 97 0.3 
2151 6 0.5 25 0.3 45 0 51 0.6 63 1 82 0.6 
2185 20 0.7 21 0 24 0.6 30 0.5 34 0.9 43 0 75 0 78 0.9 80 0.7 83 1 
2307 31 0.6 
2310 69 0.8 
2529 12 0 27 0 39 0 40 0.5 75 0 95 0.6 
2559 11 0.6 14 0.6 24 0.6 49 0.8 50 0.9 74 0 99 1 
2876 9 0 31 0 75 0.6 85 0 
2906 11 0.8 14 0 15 0.9 66 0.9 80 0.7 91 0 94 0.8 
2986 20 0 25 0.5 54 0 60 0 61 0.7 69 0.8 79 0.6 88 0.6 91 0.3 96 1 
2994 31 0 36 0.9 55 0 
3046 9 0.7 12 0.8 22 0.5 95 0.4 
3156 8 0.5 11 0.5 31 0.5 33 0 
3179 45 0 
3247 6 0.9 30 0.4 44 0.7 56 0.6 
3272 3 0.8 20 1 21 0.7 32 0.6 37 1 44 0.4 52 0 53 0.8 
3510 25 1 29 0.7 41 0 98 0.6 
3653 0 0 17 0.5 21 0.9 24 0 38 0.8 92 0.7 93 0.4 96 0 
3677 4 0.9 
3697 13 0.6 25 0.4 30 0.9 35 0.5 54 0 79 0 
3856 23 0.6 29 0.7 32 0 55 0 66 0 
3882 1 0.6 19 0 66 0 96 0.3 
3917 36 0.4 40 1 45 0 53 0 
4029 45 0.6 55 1 75 0.7 92 1 
4098 31 0.4 42 0.7 95 0 
4119 6 1 12 0 34 0.8 66 0 96 0.3 
4282 31 0.6 42 0.4 83 0.6 
4554 4 0 41 1 47 0.9 55 0.8 
4573 10 0 19 0.8 20 0.4 30 0 44 0 57 0.9 58 0.3 68 0.8 92 0.7 93 0.8 
4664 9 0.9 15 0 70 0 95 0.7 
4784 13 0.5 51 0.8 75 1 85 0.6 
4921 20 0.5 82 0.8 
4944 5 0.9 22 0.6 24 0 39 0 47 0.8 59 0 66 0.7 82 0.8 89 0.7 93 0.7 
4983 83 0 
5050 36 0.7 67 0.8 70 0.4 
5121 12 0.3 31 0.8 44 0 46 0.4 53 0 69 0 
5240 31 0 54 0.8 90 1 95 0.9 
5408 14 0 24 0.9 53 0.8 74 0.3 92 0.5 
5558 0 0.8 25 0 30 1 38 0.6 39 0 56 0.8 63 0.9 71 0.5 
5590 10 0.6 12 0 14 0.5 27 0.7 36 0 39 0.3 70 0.7 79 1 86 0.4 98 0.4 
5665 32 0 60 1 97 0 
5674 8 0.7 29 0.7 34 1 48 0.5 61 0 67 0.6 77 0 
5805 24 0 41 0.6 43 0.4 62 0 66 0 
6305 23 0 30 1 32 0.5 48 0.3 50 1 
6645 57 0.7 69 0.6 81 1 90 0.6 
6701 20 1 25 0 
6741 22 0.5 
6787 9 0.9 36 0 59 0.4 60 0.3 
6813 2 1 55 0.5 57 0.7 81 0 84 0.7 90 0.7 
6824 2 0.3 21 0.8 29 0.9 49 0.6 56 1 57 1 71 0 73 0 98 0 
6884 6 0.5 28 1 31 0.9 32 0 40 0.9 62 0.8 73 0.4 98 0.9 
7079 60 0.9 93 1 
7201 27 0 
7279 9 0 14 0.3 29 0 58 0.3 83 0 88 0.8 
7420 19 0.9 76 0.9 88 0.7 97 0.4 
7525 40 0.4 54 0 
7660 1 0.4 5 0.8 30 0.6 35 0.5 41 0.7 
7689 20 1 43 0 49 0.4 68 0.3 73 0.3 78 0.4 
7755 10 0.5 13 0 14 0.4 16 1 41 1 73 0 84 0.5 92 0 
7772 1 0.7 7 0 11 1 17 0 30 0 55 0.5 56 0 70 0.4 82 0.6 
8112 1 0.8 14 0.5 15 0.7 46 0 72 0.9 76 0 78 0 81 0.9 90 0.5 
8154 22 0.8 41 0.8 
8168 7 0.6 42 0.4 84 0.4 90 1 96 0.7 
8493 29 0.7 35 0.6 37 0.5 63 0.5 72 0.6 
8810 6 0.7 45 0.6 68 0 99 0.6 
8836 5 0.9 16 0 56 0.8 86 0.3 
8884 5 0 18 0.8 36 0.8 56 0 57 0.4 64 0 79 0.9 82 0.7 88 0.9 94 0.7 
8987 17 0 31 0.3 50 0 67 0.4 90 0.8 
9013 11 0.4 27 0.6 30 0.6 31 0.6 58 0.7 77 0.9 
9189 2 0 12 0.4 16 1 37 0 49 0 57 0.3 
9203 0 0 3 0.3 18 0 26 1 28 0.7 33 0 37 0.4 41 0.9 48 0.3 
9305 14 1 
9570 76 1 
9592 33 0.8 44 0 91 0.8 
9708 8 0.4 15 0 22 0 46 0.3 66 1 69 0 71 0.4 80 0 91 0 
9930 6 0 12 0.8 16 0.9 40 0.7 43 0 50 0.3 52 0 65 0.4 80 0.4 85 0 
