100
160 22 1 33 0.6 40 0.9 43 0.6 98 0.8 
191 2 0.5 26 0.7 60 0.4 63 0.8 66 1 
296 1 1 10 0 12 0 17 0.5 29 0.5 40 0 59 0.4 67 0 71 0.6 
372 6 0 9 0 15 1 19 0.7 24 0 31 0.9 36 0 68 0 98 0.9 
542 9 0.8 18 0 33 0.3 36 0.8 39 1 47 0.6 65 0.6 71 0 75 0.6 91 1 
614 1 0.9 23 0.3 26 0.6 32 0 40 0.4 81 0 96 0.7 
678 7 0.5 10 0.3 24 0.8 26 0.5 43 0.6 44 0.7 49 0.3 86 0 92 0.7 
721 4 1 8 0.4 20 0.7 37 0 48 0.4 64 1 73 0.5 95 0.3 96 0.4 
824 17 0 36 0 59 0.9 
869 23 0.3 60 0 93 0 
1515 10 0.5 17 0.9 26 0.6 28 0 38 0 58 0.6 62 0.6 67 0 72 0.6 88 0.8 
1592 67 0.6 
1734 32 0.7 72 0.7 
1858 32 0 
2039 4 0 11 1 28 0.7 29 0 59 0 62 0 71 0.3 73 0.6 
2078 5 0.8 67 0.7 75 0.5 98 1 
2087 8 0.7 44 1 56 0.8 62 0.4 73 0.4 88 0.9 
2123 0 0.9 1 0.7 7 0.9 9 1 28 0.6 52 0.9 62 0.6 68 0 75 0 
2124 32 0 65 0.5 74 0.9 86 0.4 
2171 22 0 42 0.6 53 0.6 68 0 
2273 1 0.6 22 0 26 0 27 0 28 0.9 58 0.5 67 0.6 72 0.9 81 0.9 88 0 
2279 20 0.7 24 0.9 56 0 65 0.7 91 0.4 
2408 5 0.8 11 0.8 13 0.7 26 0.3 31 0.3 45 0 53 0.3 61 0.4 82 0.5 90 1 
2647 14 1 23 0 59 0.9 68 0.9 
2751 15 0.6 16 0 20 0 28 0.5 43 0.5 55 0.6 63 0.6 65 1 67 0 76 1 
2755 12 0.8 17 0.3 24 0.3 45 0.9 48 0.9 66 0.7 69 0.6 80 1 90 0 97 0.7 
2833 18 0.5 
2965 12 0.4 16 0.4 31 0.5 44 0.4 47 0.9 62 0 
3032 2 0.9 6 0 15 0 23 0.3 33 0 45 0.9 73 0.3 
3060 11 0.4 50 0.8 58 0.6 72 0.9 78 0.9 
3406 11 0.6 13 0.3 14 1 33 0.4 39 0.5 79 0.8 80 0.9 86 0.3 92 0.6 99 0 
3601 18 0 19 0.7 23 0 31 0.8 73 0.6 
3614 32 0 42 0 
3659 94 0 
3779 39 0 79 0.3 
4048 24 1 26 0.6 38 0.9 42 0.8 55 0.5 63 0 74 0.8 85 0.5 87 0 95 0.7 
4087 6 1 30 0 32 0 35 1 42 0 44 0.6 48 0 77 0.6 89 0.8 97 1 
4437 17 0.3 79 0.7 86 0 88 0.6 
4575 10 1 21 0 29 0.9 41 0.3 65 0.6 85 0.5 
4581 30 0.8 40 0 65 0 
4702 21 0 
4754 1 0 12 0.7 
4776 37 0 54 0.6 60 1 62 0.6 
4934 17 0.7 22 0.4 23 0.3 29 0.5 60 0.8 86 0.6 
5063 34 1 
5154 2 0.6 17 0.7 24 0.5 61 0 62 0.9 80 0.8 81 0.7 90 0.9 
5177 21 0.9 22 0.5 23 0 26 0.5 37 0.4 58 0.4 69 0.5 94 0.5 
5214 40 0 56 0.8 
5320 1 0.9 10 0.5 22 0.5 37 0.4 45 0.9 57 0.9 71 0 79 0.7 80 0.5 82 0.9 
5343 18 0 22 0 25 0.6 34 0.7 57 0.4 
5359 8 0.5 14 0 21 0 25 0.8 29 0 38 0 98 0 
5489 3 0.9 5 0 28 1 34 0.7 35 0.8 39 0.5 62 0 71 0.8 89 0.7 
5537 57 0.6 
5782 10 0.3 19 1 24 0.6 51 0.4 57 0.9 60 0.7 61 0.7 63 0.6 68 0 91 0.9 
6014 52 1 76 0.7 
6412 27 0 64 0.6 92 0.3 
6432 31 0.5 82 0.7 
6643 32 0 73 0.8 78 0.7 
6660 8 0.4 33 0.4 35 0.7 45 0.3 51 0.8 60 0.3 85 0.9 
6676 21 1 40 0.7 74 0.4 81 0 
6767 20 0.4 24 0 27 0 36 0.8 49 0 
6779 35 0.6 41 0 70 0.7 97 0 
6799 6 0 33 0.3 70 1 
6853 41 0.9 60 0.3 78 0 79 0.9 86 0 93 0.8 
6894 19 0.9 21 0.3 22 0.8 34 0.3 51 0 
6976 22 0.8 
7221 14 0 21 0.7 26 0.6 43 0.3 44 0.3 46 1 49 0.8 55 0.8 82 0 
7390 3 0 9 0.6 36 0.6 42 0.3 43 1 55 0.9 60 1 65 0.5 66 0 97 0.3 
7519 2 0.9 3 0.5 25 1 29 0.3 54 0.3 
7572 14 0 48 0.3 
7641 13 0 16 0 26 0.6 30 0.5 36 0.4 74 0.6 84 0.5 92 0.3 
7678 33 0.6 53 0.6 69 1 
7737 2 0 92 0.3 
7762 16 0.7 21 0 57 0 76 0 94 0.9 
7920 9 0 31 0.7 35 0.3 57 0 62 0.7 
7981 1 0.6 5 0.8 6 0.5 7 0 16 1 17 0.7 26 0 72 0 97 0 
8043 0 0.5 23 0 28 0.6 33 0.6 82 0.5 
8066 6 0.9 8 0.9 18 0.4 25 0 61 0.6 62 0.6 71 0.3 95 0.6 96 0 
8095 2 0.7 10 0 19 0.4 39 0.5 45 1 51 0 73 0.6 79 0 87 1 
8327 7 1 39 0.8 
8420 4 0.7 69 0.4 
8509 16 0.8 29 0 30 0.5 57 0.5 88 0.3 95 0.5 97 0.4 
8596 8 0.4 43 1 
8611 84 0.7 
8646 46 0 53 0.4 59 0.4 68 0.5 
8696 54 0 67 0.5 
8756 5 0.7 25 0 47 0.8 76 0.7 84 0.7 92 0.9 
8823 0 0.6 20 0 40 0.7 64 0.7 75 0 79 0 
8868 0 0 26 0.3 43 0 64 0 71 1 79 0.3 99 0.4 
9062 60 0.3 61 0.4 
9098 9 1 12 0.6 22 0 33 0 40 1 43 0 50 0 68 0.9 79 0.4 95 1 
9142 12 0.6 14 0 26 1 38 1 48 0.8 59 0.3 81 0 91 0 95 0.5 
9149 2 0.7 4 0.6 7 0.8 10 0.9 29 0.5 44 0.3 45 0.9 77 0.5 95 0.8 
9169 15 0.7 71 0 72 0 73 0.7 84 0 
9262 2 0 4 0.7 29 1 30 0.7 39 0.8 64 0.8 66 0.8 76 0.7 
9514 17 0.4 20 0.4 61 0 65 0.8 70 0.4 
9589 13 0 23 0.6 50 0.7 51 0 54 0.4 72 1 85 1 89 0.6 
9695 16 0.3 22 0.5 27 0.6 49 0 70 0.8 80 0.3 85 1 90 0.7 92 0.8 
9745 5 0.9 19 0.6 36 0 37 0.5 62 0.6 66 0.7 96 0 
9807 63 0.8 98 0.4 
