100
21 31 0.6 71 0.6 74 0.3 93 0.6 94 0.6 96 0.3 
48 3 0.3 29 0.9 42 0 71 0 76 0.5 78 0 85 0.9 91 0.8 
198 0 0.3 5 1 23 1 37 0.3 52 0 56 0.6 80 0.7 82 0 89 0 93 0.8 
395 33 0.9 40 0.6 47 0 58 0 66 0.8 67 1 99 0.8 
697 37 0 57 0.5 
769 61 0 98 0.3 
781 9 0 61 0.9 63 0.5 77 0.3 81 0.9 86 0.3 89 0 96 0.3 99 0.5 
820 15 0.4 50 0.4 55 0 95 0.3 
1021 8 0.3 20 0.6 21 0 28 1 75 0.6 
1033 21 0 44 0.5 50 0.3 86 0.8 
1294 6 0 14 0 62 0.3 78 0.9 87 0.7 90 0 
1361 32 0 53 0.5 59 0 65 0 69 0.5 
1421 11 0.3 47 0.3 52 0 65 0.5 77 0 
1922 20 0.8 40 0.5 49 0.8 55 0.3 56 0 82 0.7 
2129 6 1 11 0.3 
2151 6 0.5 25 0.9 45 0.3 51 0 63 0.5 82 0.5 
2224 6 0 23 0 32 0.9 34 0.3 53 0.6 60 0.3 81 0 97 0.8 
2285 79 0 
2474 12 0 35 1 42 0 46 1 48 0 74 0.4 88 0.3 94 0 98 0.4 
2539 12 0.8 13 0.6 19 0 22 0.5 93 0.9 97 0.9 
2546 25 0 82 0.7 93 1 
2560 4 0.4 17 0.6 23 0.6 43 0.8 46 1 59 0.4 63 0 70 0.3 99 0 
2563 25 0.7 39 0.8 98 0.9 
2669 2 0.9 8 0.4 28 0 30 0 49 0.9 59 0.9 85 0 92 0.4 96 0.8 
2699 4 0.5 20 0.9 55 0.7 58 0 88 0.8 90 0.3 
2706 16 0.5 
2845 42 0.7 95 0.8 
3014 4 0.4 26 0.9 28 0 33 0.3 73 0.4 74 0 
3042 5 0 30 0 31 0.6 37 0 52 0.9 62 0 69 0.8 78 0.6 92 0.9 96 0 
3062 55 0.5 99 0.6 
3287 12 0.6 24 0.3 96 0.4 
3304 4 0.9 9 0 17 0 42 0.9 52 0 60 0.3 85 0 
3709 5 0.5 16 0 40 0.6 54 0.6 55 0.7 71 0.7 90 0.7 
3768 10 0.9 17 0.6 19 1 26 0.8 44 1 48 0.6 59 0 99 0 
3999 17 0.9 19 0.3 27 0.9 48 0.3 49 0.4 96 0 
4008 20 0.8 28 0.6 39 1 49 0 97 0.5 
4081 57 1 68 0 
4131 39 0.4 54 1 
4224 38 0.9 
4370 4 0.4 13 0.8 15 0.3 25 0.7 47 0.3 89 0.3 
4636 4 0.4 43 0.6 94 0.4 95 0.6 
4665 32 0.5 35 0.7 38 0 70 0.3 85 0.8 
4722 27 0.7 43 0 47 0.9 97 0 99 0.7 
4790 3 0 26 0.6 34 1 38 1 60 0 64 0.3 84 0.8 94 0.9 
4853 25 0.9 51 0 90 0.6 
5006 17 0.8 18 0 37 0.7 48 1 49 0.4 58 0.6 79 0.3 
5328 1 0.6 42 0.3 49 0.6 52 0.8 86 0.4 
5373 8 0 9 0.3 13 0.8 86 0.5 94 1 
5489 3 0 5 0.3 28 0 34 0.6 35 0.4 39 0 62 0 71 1 89 0 
5540 33 0.9 35 0.3 83 0 
5693 37 0.6 49 1 
5844 22 0.6 27 0 37 0.8 39 0.6 45 0.8 65 0 73 0.9 87 1 97 1 
5990 2 0.9 13 0 35 0.6 58 0.5 67 0.5 72 0.6 75 0.7 
6048 3 0 
6171 16 0.8 21 0 27 0.4 30 0 44 1 54 0.6 72 0.4 84 0.7 88 0.7 
6517 24 0.6 29 0 42 0.4 46 0 88 0 
6561 13 0 48 0.4 54 0 81 0.6 87 1 94 0.6 
6698 2 0.5 16 0.3 20 0 36 0 38 0.9 61 1 64 0.9 80 0 81 0.3 98 0.9 
6823 3 0.8 18 0.9 22 0.6 29 0.7 48 1 63 0 64 0.5 95 0.8 
6859 63 0 
7031 17 0.6 60 0.7 64 0.3 
7073 13 1 57 0.7 78 0 96 0 
7165 10 0 15 0.6 25 0 43 0.4 46 0.6 48 0.9 64 1 75 0.6 
7169 23 0.5 51 0.8 68 0.4 87 0 
7256 1 0.7 5 0.8 6 0.5 61 0 64 0.7 96 0.4 
7258 2 0.7 9 0 33 0.4 42 0.7 65 0 77 0 84 0.6 
7274 15 0.9 29 0.6 32 0.5 34 0.5 39 0.4 60 0.6 68 0 69 0 73 0.6 90 0.3 
7343 22 0.7 53 0.7 69 0.7 
7430 6 0.5 9 0.3 19 0.9 30 0.4 31 0.4 53 0.3 70 0.9 79 0.3 97 0.5 
7530 39 0.8 43 0.5 50 0 60 0.4 69 0.8 77 0 78 1 79 0 93 0.9 94 0.3 
7732 30 0.8 
7789 5 0.7 26 0 42 0 43 0.3 60 0 89 0 
7831 38 1 62 0.9 71 0.5 98 0 
7946 28 1 90 0.3 
8086 3 0.7 5 0.6 14 0.8 48 0.5 52 0 82 0.9 83 0.9 95 0.8 99 0.4 
8123 7 0 9 0.7 21 0.3 22 0.3 53 0 66 0.4 68 1 74 0 88 0.8 89 0.3 
8126 8 0 17 0.8 45 1 48 0.9 58 0.4 70 0.5 73 0.7 79 0.7 87 0.7 95 1 
8218 79 0.3 81 0 
8231 91 0.6 
8233 7 0.8 58 0.6 63 0.3 70 0.7 74 0.7 95 1 98 0.3 
8261 23 0.7 56 1 68 0.7 74 0 83 0.5 
8329 11 0 19 0 27 0 42 0 
8490 42 1 
8543 2 0.7 16 0.7 76 1 79 0.6 84 0.6 96 0.5 
8574 34 0 56 0.3 
8700 18 0.6 68 1 72 0.6 
8937 21 0.5 46 0.3 55 0 80 0.9 85 0.5 96 1 
9008 16 0 52 0.4 97 0.3 
9071 6 0.3 15 0.4 25 0.5 36 0.5 
9197 4 0.5 13 0.8 36 0 46 0.4 53 1 66 0.4 67 0.7 83 0.6 84 0.6 93 0 
9225 36 0.4 77 0 
9241 9 1 30 0.7 35 1 37 0.3 63 1 67 0.5 87 0.9 95 1 
9385 3 0.4 46 0 64 1 71 0 79 0 
9419 25 0.5 28 0 43 0.5 46 0.5 57 0.4 58 1 86 0.9 88 0.6 92 0 
9439 27 0 31 0 42 0.5 49 0.8 77 0 78 0.4 
9533 0 0.9 12 0.5 13 0.3 23 0 26 0 59 0.3 68 1 75 0.6 80 0.8 90 0.5 
9542 3 0.7 5 1 20 1 27 0.8 45 0 58 0.8 87 0 95 1 
9550 18 0 32 1 47 0.8 49 0.3 56 0.5 81 0.6 96 0.3 
9803 22 0 27 0 51 0 67 0.4 74 1 85 0.6 
9829 59 0 61 0.9 84 0 86 0.4 
