100
124 7 0.6 53 0 66 0.4 67 0.9 80 0.4 81 0.7 82 0.3 88 0.8 90 0.3 
127 1 0 9 0.6 11 0.3 57 0 76 0.7 88 0.6 
277 3 0 17 0 20 0.8 44 0.9 49 0.7 67 0.8 84 0.5 92 0 
407 5 0.6 22 0.7 34 0 38 1 42 0.4 51 0.4 55 0.9 59 0 97 0.8 
458 1 0.8 6 0.8 11 0 27 0 49 0.6 51 0.9 56 0.3 71 0.9 97 0.9 
468 0 0.6 18 0 60 0.9 
609 15 0.9 23 0.5 41 0.7 52 0.5 62 0.9 67 0 70 1 95 0.8 
635 1 0.5 3 0.3 5 0.7 16 0.9 20 0 57 0.9 64 0.6 82 0.6 87 0.9 
658 5 0.4 23 0.5 35 0.3 48 0.8 75 1 
705 11 0.6 36 0.9 37 0 46 0.6 65 0.7 
957 3 0.5 49 0.5 50 0.6 82 0.4 86 1 
1081 2 0.4 10 0.4 23 0.4 24 0.7 34 1 50 1 73 0 
1141 11 0.6 12 0 20 0.3 33 0.4 47 0 56 0.3 86 0.3 89 0 90 0.9 95 0.3 
1198 12 1 37 0.5 53 0.9 54 0.8 58 0.4 81 0.5 82 0.4 93 0.4 
1274 11 0 37 0.7 49 0.6 59 0.4 69 0.4 84 0.5 93 0.3 
1278 8 0.6 55 0 
1345 0 0.6 2 0.5 7 0.4 11 1 15 0.6 21 0.3 23 0.3 50 0 62 0.4 95 0.3 
1373 5 0.8 45 0.9 63 0.7 70 0 71 0 79 0 95 1 98 1 
1423 2 0.6 5 0.8 22 0.9 38 0.6 76 0.8 84 0.8 
1540 0 0.4 6 0.5 13 0.3 15 0 17 0 51 0.7 70 1 75 0.4 80 1 87 1 
1681 11 0.8 18 0.9 35 0.9 72 0.9 80 0.7 83 0.4 84 0.8 98 1 
1915 2 0 40 0.8 41 0.4 54 0.8 55 0 73 0.5 92 0 
2043 12 0.3 21 0.3 23 0.7 32 0.5 35 0.3 37 0.8 43 0.9 51 0.4 93 0 99 0 
2130 24 0 34 0.9 39 1 
2153 1 0.9 12 1 24 0.6 35 0.5 38 0.6 54 0 75 0 91 0.7 
2246 12 0.7 19 0.7 28 0.7 79 0.4 86 0 
2278 0 0 3 0.4 21 0.9 27 0.4 57 0.7 78 1 82 0.7 
2410 10 0 14 0.6 51 0.6 
2568 5 1 25 1 39 0.9 42 0 46 1 51 0.6 68 0 71 0.7 81 0.8 84 0.6 
2891 66 0.9 78 0 87 0.7 90 1 96 0.3 
3129 19 0.7 57 0 59 1 88 0 
3274 78 0 
3306 1 0.5 20 0.7 27 0 31 0 45 0 54 0 60 0 81 0.8 86 0.6 
3366 2 0.3 3 1 21 0.3 32 0.7 46 0.5 54 0.7 61 1 86 0.9 92 0 95 0 
3386 15 0.3 51 0 73 0 
3411 12 0.5 26 1 38 0 47 0.4 55 1 69 0.7 84 0.3 88 0 
3432 9 0.7 20 0 31 0 40 1 47 0 
3468 1 0.7 70 0.4 73 0.5 
3730 90 0 
3768 10 0 17 0 19 0.4 26 0.3 44 0 48 0.3 59 0.6 99 0.8 
3782 10 0.7 28 0.8 32 0.6 41 0.3 87 0.7 88 0 
3794 5 0.7 17 0.9 43 0 69 0 72 0.6 
3809 17 0.4 19 0.5 32 1 37 1 43 0.4 57 0 62 0.4 69 0 78 0.8 85 0.8 
3848 16 0.9 43 0 48 0 62 0.4 71 0 85 0 94 0.3 
3979 6 0 15 0.6 24 0 29 0 59 0 63 0.3 73 0.8 78 0.4 
4262 56 0.9 70 0.4 
4274 2 0.8 18 0.3 19 0.9 43 0.6 47 0.7 59 0 71 0.4 83 0.6 
4342 99 0.5 
4516 15 0 35 0.6 50 1 68 1 83 0.5 87 1 
4597 17 0.6 21 0.9 22 0.9 49 0 63 0 
4765 59 0.9 
4769 7 0 16 0 29 0.8 35 0.8 51 0 76 0.9 77 0.4 83 0 85 1 98 0.9 
4876 22 0.3 26 0 29 0.9 42 0.4 64 0 73 0 93 0.7 95 1 
4899 2 0 21 0 22 0.6 28 0.4 29 0 69 0 86 0 89 1 99 0 
4985 9 0 28 0 31 0.9 49 0.4 53 0.3 62 0 
5333 44 0.5 57 0.9 59 0.4 69 0.5 72 1 76 0.5 
5394 0 0.9 18 0.4 42 1 67 0.9 68 0 
5561 27 0.7 59 0.6 68 0.5 71 0.5 96 0.4 
5562 9 1 15 0.8 46 0.8 47 0.8 
5705 32 1 37 0 44 0.9 63 0.6 66 0.4 68 0 92 0.6 95 1 
5922 60 0.5 
5968 3 0 
5969 13 0.5 15 0 43 0.9 66 0.6 74 0.3 82 0.8 92 0.4 95 0.9 
6041 0 0.4 12 0.3 37 0.5 78 1 96 0 
6351 39 0.6 44 0.6 46 0.3 54 0 75 0.4 78 0 80 0.9 83 0.6 96 0.6 
6384 4 0.5 15 0.4 46 0.9 99 0 
6401 50 0 70 0.9 82 0 
6408 5 0 23 0.8 47 1 79 0.4 87 0.9 93 0 
6544 14 0.6 65 0.8 70 0.5 72 0.5 
6596 3 0 4 0.4 34 0 43 1 66 0 70 0.5 71 0 
6600 30 0 84 0.8 89 0.7 
6635 25 0.3 81 1 
6805 15 1 39 0 45 0.5 56 0.3 
6852 13 0.8 16 0 22 0.5 56 0.4 72 0.9 83 0 
7053 2 0 15 0.8 32 0 35 0 50 1 61 0 75 1 80 0 81 0 95 0 
7105 0 0.5 41 0 44 0 52 0.6 61 0.5 74 0.9 83 0.8 
7122 69 0 
7403 2 0 25 0.7 29 0 39 0.6 51 0 71 0.9 73 0.6 77 0 83 0.5 93 0.7 
7501 1 0.5 3 0.9 19 0 27 0.3 37 1 62 0.3 65 0 76 0.3 79 0.6 98 0.5 
7565 8 0.4 36 0.4 57 0.5 76 0.9 80 0.6 84 1 86 0 
7587 4 0.3 44 0.3 64 0 70 0.9 
7651 75 0 
7788 72 0 73 0.4 
7983 15 0.5 23 1 38 0.9 41 0.4 72 0.4 79 0.5 95 0.3 
8296 5 0.4 10 0 15 0.9 33 0.6 43 0.5 87 0 94 0.8 96 0.8 98 0.6 
8394 7 0 13 0.7 34 1 35 0 62 0.5 67 1 73 0 89 0.7 
8472 23 0.9 33 0.5 34 1 48 0.4 55 0 58 0 67 0.3 89 0.3 90 0 
8997 38 0 82 1 
9002 30 0 42 0.7 67 0 71 0 97 0 
9053 23 0.3 28 0.6 44 0.6 58 0 67 0.9 68 0 77 0.7 89 0 90 0.4 
9077 1 0.5 2 0.8 5 0.5 7 1 10 1 19 0.4 49 0.5 86 0 94 0 97 0 
9113 19 0.8 28 0.7 34 0.4 43 0.7 51 0.3 65 0.7 68 0.5 85 0.5 91 0.9 
9215 18 1 26 0.4 36 0 40 0.4 45 0.8 48 0.5 56 0.8 61 0 87 0 
9218 8 0.8 9 0.9 33 0.7 40 0 47 0.5 49 0.9 86 0.6 96 0 98 0.3 
9241 9 0.3 30 0.8 35 1 37 0 63 0.6 67 0.7 87 0 95 0.8 
9414 7 0.5 9 0.6 12 0 
9549 44 1 50 0.4 51 0.7 63 0 91 0.9 
9572 0 0.7 21 0.6 49 0 55 0.8 65 0.7 86 0 
9575 0 0.9 9 0 49 0.9 60 1 62 0 66 0.7 69 0 74 1 75 0.5 84 0 
9596 21 0.7 24 0.4 72 0.7 92 0 
