100
54 68 0.9 81 0.3 85 0.7 
107 0 0 15 0.3 33 0 42 1 70 0.6 79 0 80 0 91 0.3 
174 15 0.3 20 0.8 52 0.7 54 0 55 0.9 64 1 72 1 81 0.7 91 1 94 0.9 
192 16 0.9 29 0 35 0.3 46 0.8 73 0.9 93 0.5 
220 0 1 19 0.4 42 0.8 48 0.5 65 0.4 80 0.3 94 1 97 0.3 
362 2 0.9 22 0.6 32 0.7 93 0.6 
563 4 0.8 9 0.8 10 0 12 0.4 55 0.9 58 0.4 62 1 67 0.5 
572 0 0.5 4 0.4 18 0 38 0.6 75 0.7 
645 2 0.5 9 1 14 0 28 0.6 93 0 
747 8 0.5 30 0 48 0.4 65 0.7 83 0.7 84 0.3 87 0.8 
825 54 0.4 80 0.6 97 0.8 
911 10 0.4 22 0 31 0.7 46 0.7 70 0.7 91 0.7 
1279 25 1 51 0 74 0.9 84 0.9 87 0.9 94 0.6 97 0.3 
1293 8 1 26 0 45 0.9 49 0 51 0.8 80 0.8 95 0.4 
1312 2 0 39 0.9 71 0.5 81 0.8 86 0.8 89 0.6 
1378 26 0.9 38 1 47 0.7 48 0.6 59 1 60 0.6 96 0.5 
1410 0 0.5 74 0.6 86 0.5 
1620 97 0.6 
1663 2 0.9 15 0 20 0.7 27 0.5 62 0.9 74 0.4 97 0.9 
1667 2 0 9 0.4 58 1 70 0.4 83 0.3 98 0.6 
1689 11 0.3 13 0.9 23 0.4 33 0.5 37 0.6 40 0.7 51 0.5 61 0.4 68 0 75 0.9 
1737 41 0.8 43 0 62 0.8 64 0.6 66 0.5 70 0.3 
1792 10 0.8 
1888 62 0.4 67 1 
2022 93 0.9 
2078 5 0.9 67 0.7 75 0 98 0.3 
2100 1 1 28 0.3 42 0.9 48 0.9 49 0.5 64 0.6 88 0.8 90 1 93 0.8 
2319 23 0.7 85 0.5 87 0.8 
2407 4 0.8 29 0 55 0 
2436 30 0 36 0.3 41 0.6 42 0 63 0.6 76 0 79 0 
2492 2 0 3 0 16 0.5 49 0.5 53 1 58 0.7 70 0.4 88 0.7 95 0.8 99 0 
2582 23 0.7 27 0 36 0.6 53 0 57 0.4 64 0 67 0.5 90 0.6 
2797 14 0.5 79 0 
2823 33 0.9 
3000 13 0.8 42 1 45 0 73 0 97 0.3 
3053 8 0.4 10 0.3 13 0.3 29 0.7 68 0.9 81 0.9 86 0.4 92 0 
3055 2 0 3 0.7 7 1 11 0.4 39 0.4 
3254 34 0 66 1 79 0.9 93 0.7 96 1 
3310 13 1 20 0.5 21 1 47 0 72 1 80 1 88 0.3 97 0.5 
3536 3 0.7 54 0.4 83 0.8 84 0.5 99 0.7 
3552 1 0 39 0.8 44 0.9 70 0.7 84 0.8 
3703 3 0.9 10 0.4 22 0.3 27 0.7 28 0.5 36 0.5 37 0 52 1 64 0.5 68 0.4 
3946 1 0.5 13 1 14 0.8 33 0.9 37 1 39 0 58 0 60 0.6 
4011 0 0 35 0 42 1 45 0.5 62 0 81 0 84 0.8 86 0.9 
4023 81 0.7 
4024 26 0 
4080 7 0 32 0.4 35 0.7 
4493 16 1 21 0.6 31 0.5 41 0.9 45 0.4 48 0.7 51 0.9 58 0.8 63 0.7 84 0.9 
4565 0 0.4 22 0 40 0.4 
4606 26 1 89 1 93 0.4 
4649 6 0.6 10 1 30 0.5 46 0.4 69 0.4 83 0.5 
4763 0 0.8 14 0.3 19 0.8 39 0.7 57 0.9 80 0 
4846 62 0.9 
4855 40 0.9 
4873 40 0.5 42 0.3 73 0.9 74 0 75 0.3 96 0.8 
5493 1 0 40 0.7 98 1 
5610 27 0.8 
5706 7 0.8 27 0.3 30 0.3 31 0.3 43 0 50 0.7 55 0 58 0 59 1 92 0.7 
5750 24 1 70 0.6 76 0 
5751 5 0 13 0.3 25 0.6 55 0.8 69 0.6 88 0.9 90 0.8 
5833 16 0 25 0.3 67 0.9 72 0 96 0.7 
5873 7 0 30 0 51 0 60 0.9 85 0 
5960 3 0.3 11 0.5 13 0.6 25 0.6 29 0.8 41 0.6 53 0.8 62 0.6 84 0.4 90 0.6 
5978 43 0 48 0.5 61 0 62 1 79 1 89 0.7 
6018 22 0.3 73 0.9 84 0.8 
6072 8 0.9 26 0 44 0.6 45 0.8 68 0.4 71 0.7 73 0 86 0.4 97 0.5 
6154 9 0 12 0.3 27 0 28 0.3 35 0.9 73 1 78 0.5 
6228 0 1 
6310 6 0.6 23 0.9 24 0.9 32 0.3 33 0.9 50 0.8 65 0 79 0.6 80 0.8 
6731 14 0.5 40 0 43 0.5 56 0 63 0.3 64 1 72 0.9 79 0.6 
6910 6 0 13 0.4 21 0.7 26 0.6 32 0.7 82 0 97 0 
6930 11 1 16 0.7 82 0.4 83 0.3 99 0.8 
7039 17 0 37 0 44 0.8 45 0 48 0 71 0 75 0 99 0.4 
7107 21 0 
7262 42 0.3 43 0.3 44 0 
7315 39 0.3 51 0 64 0.8 67 0 76 1 
7389 7 0 81 0.4 98 0 
7613 14 0.4 17 0 19 0.8 20 0.3 48 0.9 49 0 59 0.3 95 0.6 99 0.6 
7992 0 0.9 39 0 
8039 78 0.5 79 0.3 81 0.3 91 0.5 98 0.6 
8321 0 0.5 21 0 31 0 33 1 45 0.7 53 0 
8391 25 0 
8480 2 0.5 9 0.3 15 0.8 30 0.6 58 1 71 0.8 
8490 42 0.9 
8523 14 0 16 0.8 56 0.9 58 0.9 63 0.5 69 0 71 0.9 81 0.8 
8528 91 0.7 
8997 38 0.6 82 1 
9025 67 0.4 
9043 4 0 7 0 19 0.3 23 0.6 24 0.9 34 0.4 37 1 74 0 88 0.7 91 1 
9078 3 0.8 6 0.5 19 0 21 0.7 35 0.5 43 0.6 53 0.4 71 0.5 76 1 77 0 
9177 23 0.4 62 1 81 0.5 90 0.9 92 1 
9264 1 0.6 2 0.7 56 0.5 
9311 0 0.6 24 0.3 25 0.3 46 0.4 74 0.8 90 0 
9316 3 1 5 0.7 9 0 10 0.5 29 0 55 0.6 67 0.6 82 0 99 1 
9335 51 0.4 54 0 57 0.9 58 0.8 67 0 70 0.8 89 0.9 97 0 
9377 1 0.6 4 0.5 5 0 48 0.7 51 0.5 56 0.4 61 0.5 91 0.6 
9486 41 0.7 45 0 90 0 92 0.4 93 0.9 
9797 8 0.7 9 0.6 21 0.6 24 0.8 40 0 70 0.8 79 0.4 
9877 7 0.9 34 0.8 36 0.5 38 1 53 1 54 0.6 56 0.3 57 0 70 0.8 82 0.5 
9973 18 1 23 0.5 58 0.4 
