100
15 4 0.3 9 0.8 16 0.8 26 0.3 34 0.3 40 0.3 60 0.8 
55 29 0 47 0.7 82 0 
220 0 0.5 19 0.4 42 0.7 48 0.7 65 0 80 0.4 94 0.6 97 0.7 
229 18 0.5 20 0 23 1 29 0 30 0.9 35 1 39 0.4 51 0.4 72 0.6 
267 5 1 23 0 37 0 48 1 50 0 64 0.9 69 0 76 0.7 99 0.5 
317 39 0.3 
546 6 1 55 0.4 
569 20 0.6 
592 1 0 5 0 19 0.3 21 0 68 0.5 88 0.5 90 0.4 
623 38 0.7 61 0 65 0.7 70 0.3 86 0.5 96 0.8 97 0 
678 7 0.9 10 0 24 0.6 26 0.8 43 0 44 0.3 49 0.6 86 0 92 0.6 
690 2 0.8 17 0 23 0.8 24 0 83 0 96 0.6 
838 2 0.4 21 1 45 0.7 46 0 50 0.4 66 0.3 
898 0 0.4 45 0.5 82 0.3 
936 4 0.7 7 0.9 9 0.6 23 1 50 0.4 66 0.3 86 0.3 95 0.3 
1055 21 0.8 45 0.9 
1127 21 0.3 27 0.5 43 0 45 0 47 0 67 0 
1308 3 0.6 49 1 50 0.8 54 0 61 0.4 65 0.5 78 0.4 85 1 90 0.3 
1400 17 0 47 0.5 71 0.8 
1454 2 0.5 3 0 11 0.7 42 0.9 47 0.4 59 0.7 77 0.3 85 0 97 0.8 
1478 26 0 63 0 89 0.6 
1690 1 0.4 11 0.6 
1718 34 0.7 37 0.3 38 0 41 0.6 48 0 54 0.7 56 0.9 68 0.4 71 0.4 85 1 
1761 43 0.3 58 1 83 0.5 93 1 
1860 11 0.8 12 0.3 13 0.5 19 0.9 21 0.5 57 0.8 74 0.4 95 0.3 
2002 20 0.5 28 0.4 38 0.3 63 0 73 0 86 1 
2041 3 0 23 0 32 0 63 0 70 0.8 
2093 6 0.8 61 0 82 0 96 0.6 
2164 2 0.5 30 0 59 0.6 69 0.7 70 0.3 73 0.8 91 0.9 98 1 
2199 17 0.5 19 0.7 26 0.8 39 1 47 0.6 67 0.9 70 0.3 76 0.7 87 0.7 
2261 18 0 35 0.6 43 0.7 45 0.5 81 0 
2290 14 1 24 0.7 64 0.9 
2297 15 0.3 16 0.9 45 0.4 73 1 82 0.9 89 0.4 
2353 4 0.6 10 0 26 0.9 39 0.3 51 0 76 0 82 0.6 97 0.9 
2557 23 0.6 24 0 33 0.5 37 0.4 81 0.9 93 0.7 
2577 8 0.3 22 1 39 0 43 0.5 66 0.3 76 0 79 0.8 88 1 97 0.6 
2675 8 0.3 22 0.7 57 0 59 0.9 73 0.5 95 0.6 
2796 7 0.6 24 0.6 33 0.7 35 0.6 36 0.8 42 0 44 0.5 63 0.4 66 0.5 76 0 
2813 9 0 12 0.5 15 0.6 31 0.3 43 0.5 57 0 61 0 77 0 97 0 
2829 7 0.4 
2872 20 0.7 26 0.8 75 0 95 0 
2874 1 0 15 0.7 36 0 42 0.7 54 0.7 78 0.7 87 1 
2909 34 0.3 60 0.7 73 0.9 74 0.5 82 0 93 0.5 
3092 14 1 18 0.7 28 1 38 0.4 43 0.8 62 0.4 73 0.3 
3211 37 0.5 
3224 54 0 
3438 38 0.7 41 0.7 54 0 97 0.6 
3805 9 0.8 10 1 16 0 33 0.3 66 0.4 68 0 71 0.4 91 0.8 97 0.9 
4089 48 0.5 77 0.4 78 0.9 91 0.3 
4165 9 0.3 22 0.7 56 0 63 0.5 80 0 86 0.7 93 0.5 95 0.5 
4346 14 0 15 0.5 26 0.5 39 1 48 0 74 0.4 76 0.8 89 0 98 0.3 
4362 33 0.8 40 1 51 0 59 0.5 65 0.8 69 0.6 87 0.8 92 0.8 98 1 
4472 27 0 32 0.9 44 0.3 49 0.3 68 0.9 72 0.3 74 0.4 82 0.3 85 0.3 
4561 9 1 14 0.4 
4658 38 0 90 0.6 
4730 28 0 63 0.9 
4741 31 0.8 44 0.8 56 0.3 
4850 11 0.6 36 0.4 47 0.3 61 0.7 74 0 76 0.3 81 0 90 0.8 95 0.5 96 0.7 
4925 4 1 26 0.3 32 1 33 0.4 37 0 51 0.8 54 1 66 0.7 77 0 86 0 
5048 11 0.5 15 0.4 25 0.6 30 0 31 0.9 48 0 77 1 87 1 
5108 8 0 49 0.9 65 0.3 69 0 70 0.5 71 0 89 0 94 0 96 0.5 
5270 31 0 
5313 14 0 74 0.6 
5343 18 0.6 22 0.4 25 0.9 34 1 57 0.3 
5375 86 0 
5473 9 0.4 39 0.3 80 0.8 90 0.5 
5510 24 0.5 81 0.7 96 0.5 
5571 12 0.8 29 0.3 40 0 47 1 48 0 54 0.5 57 0.9 80 0.6 89 0.3 90 0 
5626 3 0.8 11 0.4 26 1 35 0 39 1 61 0.4 71 0.5 87 0 92 0.8 
5730 0 0 13 0.9 15 0.7 24 0.5 35 0 54 0.8 72 0 78 0.8 88 0.4 95 0 
6104 11 0 26 0 34 1 38 0.5 56 0.8 74 0.9 77 0.8 
6169 35 0.7 68 0.5 
6286 5 0.9 76 0.5 93 0.7 95 0.8 96 0.6 
6336 1 0.4 36 0.6 46 0.8 51 1 77 0.7 
6447 36 0 72 0 75 0 88 0.6 
6486 54 0.8 82 0.4 
6489 41 0 65 0 87 0.9 91 0.8 94 0 98 0 
7106 3 0.3 33 0 65 1 68 0.8 91 0.8 
7250 38 0 43 0 49 0.7 86 0.8 
7360 12 0 62 0.5 75 0 83 0.7 87 0 88 0.5 89 0.9 
7482 8 0.7 48 0 66 0 98 0.8 
7774 3 0.8 6 0.3 13 0.3 18 0.5 20 0.3 35 1 42 0.8 44 0.8 57 0.5 79 0 
7938 16 0.8 54 0.6 98 0 
7960 0 0 8 1 11 0.4 27 0.3 34 0.8 51 0.5 
7977 25 0.7 43 0.8 53 0.5 77 0.6 85 1 89 0.3 91 0 
8143 7 0.7 18 0.7 33 0 34 0.7 56 0 58 0.7 80 1 
8610 6 0 15 0.7 45 0 95 0.3 
8795 64 0.7 
8815 10 0 14 0.4 64 0 85 0.9 88 0.3 
8871 24 1 28 0.5 37 0.7 38 0.6 61 0.6 79 0 85 0.4 88 0.5 
8877 4 1 44 0 46 0 50 0 52 0 
8907 50 0.4 81 0 
8997 38 0.9 82 0 
9042 58 0.8 76 0.3 
9139 6 0.7 14 0.9 22 0.5 49 0.6 52 0 60 0.8 62 0 67 1 90 0.7 92 0.6 
9378 5 0 37 0.4 
9492 1 0.5 8 0.6 18 0 28 0.7 34 0 37 0 65 0.8 75 1 84 0.3 
9629 14 0.4 26 1 35 0 42 0.9 45 0.9 61 1 
9709 11 0.8 29 0.5 41 0 43 0.8 47 0 
9983 33 0.3 61 0.9 
