100
215 28 0.8 64 0.4 94 0.3 
255 11 0.6 
307 29 0.8 57 0.9 
349 14 1 37 0.5 45 0 47 0.9 51 0.8 66 0.7 69 0.4 72 1 81 0 99 0.6 
354 8 1 78 0.9 82 0.8 83 0.9 85 0 99 0.4 
413 2 0.3 7 0.5 34 1 
488 0 0.3 55 0 61 1 73 0.6 
518 90 0.5 
572 0 0 4 0 18 0.9 38 0 75 0.4 
580 6 1 16 0.8 35 0 37 0.9 55 0.5 67 0.3 89 0 93 0.9 
643 21 0 79 0 
707 0 0.8 4 1 5 0.8 25 0.5 30 1 34 0.4 45 0.8 49 0 85 0.4 91 0 
846 54 0 67 0.3 
919 7 0.3 14 0 22 0 25 0 26 0 35 0.7 46 0 48 0 67 0.4 94 0.7 
932 4 0 81 0.9 
943 11 0 16 0.7 24 0.7 49 1 51 0.6 88 0 
1049 14 0.4 90 0.9 
1057 16 0.5 33 0.5 35 1 37 0.9 40 0 49 0.5 50 1 59 0.9 76 0.7 99 0.8 
1115 54 1 
1192 2 0.7 26 0.8 46 0 72 0 94 1 
1565 26 0.6 54 0.8 61 0.5 
1625 22 0 26 1 42 0 67 0 80 0.9 
1645 32 0.4 
1791 46 0.5 61 0.4 99 0.8 
1807 14 0.3 31 0 36 1 
1877 13 0.7 34 0 52 0.7 
1902 39 0.3 40 0 62 0.9 91 0 99 0.4 
1930 2 0.4 3 0.6 43 1 49 0 53 0.6 57 0 74 0 89 0 98 0.3 
2002 20 1 28 0.6 38 0 63 0.8 73 0.8 86 0.4 
2070 31 0 50 0.8 52 1 57 0 64 0.4 81 1 
2113 3 0.7 4 1 6 0.5 22 1 28 0 35 0 57 1 65 0.4 72 0.7 92 0 
2202 47 0 
2436 30 0.3 36 0 41 0 42 0.6 63 0.6 76 0.8 79 0.9 
2560 4 0 17 0.6 23 0.3 43 0 46 0 59 0.5 63 0 70 0.7 99 0.9 
2573 3 0.6 33 0 69 0.6 72 0.4 76 0.7 95 0.5 
2675 8 0.5 22 0.8 57 0.7 59 1 73 0 95 0 
2864 17 1 
2916 32 0.5 74 0 77 0 
3070 49 0.9 93 0.3 
3235 37 1 
3313 6 0 20 0.8 22 0.8 28 0.3 40 0.6 69 0 77 0.3 91 0.8 94 0.7 
3401 81 0.4 88 0.5 
3648 4 0.7 56 0.9 90 0.9 
3659 94 0.3 
3699 24 0.4 
3894 11 0 16 0.7 18 0.8 37 0 44 0.8 73 0.5 84 0.5 92 0 93 0 97 0 
3927 4 0.6 12 0.4 34 1 58 0.9 64 0 70 0 85 0 86 0.3 91 0.4 
4001 14 0.7 
4106 61 1 63 0 
4126 4 0.8 11 0 38 0.7 40 0 45 0 59 0.3 76 0.3 
4211 24 1 35 1 38 0.5 39 0.6 51 0.6 58 0 70 0 87 0 95 0.7 
4348 10 0 51 0 65 0.5 87 0.4 
4664 9 0.8 15 0.3 70 0.8 95 0 
4917 17 0.9 33 0.8 
5071 10 0.4 29 0.5 86 0 
5164 1 0.9 27 0.5 64 0 
5252 6 0 19 0.7 60 0.4 
5262 32 0.6 93 0 
5414 13 0 
5501 8 0.7 31 0.8 48 1 65 0.6 72 0.9 81 0.6 82 0 85 0.3 92 0.4 98 0.5 
5686 28 0.8 37 0.7 
5749 1 0.6 23 0 36 1 59 1 70 0 
6031 26 0 43 0.4 
6075 8 0.6 96 0.5 
6153 3 0 21 1 37 0.5 94 0 
6278 29 0.6 33 0.7 37 0.9 43 0 46 0.7 57 0 75 0 91 0.4 96 0.6 
6426 81 0.4 94 0.5 
6761 15 0.8 36 0.7 37 1 90 0.7 
6879 2 0 14 0.8 35 0 46 0.6 49 0.3 54 0.3 72 0.4 75 1 84 0.4 85 1 
6886 22 1 30 0.3 49 1 85 0.6 90 0 
7091 5 0.7 6 0 15 0.8 24 0.7 25 0 26 0.4 31 0.8 52 0.6 83 0 
7129 12 0 30 0 35 1 42 0.7 43 0.9 52 0.3 59 0 83 0.6 
7178 9 0 40 1 57 0.8 88 0.3 
7198 14 1 26 0 30 0.9 53 0.9 75 0.4 80 0.3 89 0.7 99 0.9 
7216 17 1 62 0.4 
7273 0 0.7 2 0 15 0.9 22 0.6 26 0 30 0 40 0.7 51 0 66 0 
7298 20 0.4 52 0.4 83 0.3 
7332 14 0 28 0 60 0 67 0 72 0.5 95 0.5 
7652 0 0 7 0.5 14 0.4 18 1 26 0.9 30 0.4 38 0.4 55 0.7 58 0.8 82 0 
7670 35 0.7 41 0 42 0.4 66 0.6 67 0 70 0.6 
7777 39 0.5 52 0.7 54 0.9 64 0.8 98 0.5 
7917 20 0.8 21 0 26 1 33 0 43 0.5 57 0.6 62 0 72 0 90 0.3 
8082 42 0 51 0.7 69 0 73 0 
8181 29 0.8 38 0.7 73 0.4 86 0.8 
8324 0 0.3 1 0.7 7 0.4 31 0 45 0.6 55 0.9 61 0.6 87 0.6 92 1 
8345 74 1 
8447 5 0.7 11 0.5 19 0.6 42 0.8 48 0.8 91 0 
8474 1 0.4 5 0.3 16 0 22 1 25 0.5 26 0.6 35 0 45 0.5 92 0.7 
8496 28 0 50 0 83 0.8 93 0.6 
8551 5 0.4 16 1 32 0.3 35 0.3 80 0.8 94 0 98 0.9 
8640 26 0.6 
8986 5 0 16 0.7 38 0 59 0.8 71 0.9 83 1 94 0.9 
9138 31 1 58 0.3 70 1 
9139 6 0.9 14 0 22 0 49 0.3 52 0.4 60 0 62 0.8 67 0.9 90 0 92 0.8 
9358 15 0.5 17 0 34 0.7 46 0.3 49 0.5 56 0.4 61 0.3 75 0.5 
9648 39 0.4 47 0.8 64 0.8 
9687 33 0.9 39 0.5 56 0 57 0 58 0.9 70 0 86 0.9 90 0.8 94 0 
9745 5 0.9 19 0 36 1 37 0 62 0.8 66 0.8 96 0.5 
9902 0 0.3 1 0.4 12 0 19 1 29 0.8 71 0.5 79 0.7 
9938 2 0 51 0.3 52 0.6 58 0 85 1 
