100
78 3 0.7 4 0.4 8 1 27 0.9 32 0 61 0 87 0.6 97 0.4 
82 52 0 60 0 70 0.9 75 0.4 
98 55 0.4 61 0.3 63 0.9 74 0 94 0.8 97 0.3 
112 12 0 22 0 30 0.4 32 1 40 0.9 53 1 62 0 81 1 86 0.7 98 0.6 
191 2 0.9 26 0 60 1 63 0 66 0 
202 21 0.6 37 0.3 56 0.9 64 0.8 67 0.7 72 0.7 75 0 83 0.4 
206 3 0.6 46 0.9 75 1 86 0.7 93 0.6 
283 1 0.5 28 0.9 54 0 84 0.3 87 0.4 
285 21 0 32 0.5 36 0.4 43 0.7 75 0.9 83 0.4 84 0.9 
300 2 0.7 46 0.7 63 0 65 0.7 72 0 
360 37 0.5 56 0.6 73 0.8 
437 2 0.9 6 1 19 0.9 
472 9 0 14 1 25 0.7 40 0 
590 4 0.6 
735 46 0 83 0 98 0 
739 0 0.3 40 0.9 42 0 48 0 53 0 66 0.6 70 0 73 0 99 0 
793 70 0.8 
826 11 0 14 1 29 0.3 31 0.6 55 0.4 75 1 80 0 84 0.6 96 0.8 
836 32 0.5 
852 33 0 49 0.5 51 0 60 0.9 75 0 77 0.7 78 0.6 83 0.3 91 0.4 99 0.3 
857 39 0.6 
1046 2 0.9 37 0 69 0.7 90 0.7 99 0 
1070 32 1 39 0.9 48 0.6 49 0.6 58 0.4 65 0.5 84 0.4 91 0.4 
1286 38 0.5 52 0 75 0.6 83 0 87 0.9 98 0.7 
1447 20 0.7 25 1 45 0 49 0.3 76 0.6 83 0 94 0 95 0.6 96 0 
1568 44 1 48 1 
1731 14 0 57 0.7 88 0 
1872 23 0.7 53 0.3 
2073 49 0.9 85 1 95 0.9 
2115 4 1 7 0.5 32 1 45 0 59 0 84 0.9 85 0 89 0 94 0.4 99 0.6 
2440 57 0 
2462 6 0 7 0.6 17 0.4 19 0 46 0.7 57 1 65 0 69 0.3 78 0.7 86 1 
2532 11 0.5 13 0 61 0 62 0.8 78 0 96 0.5 97 0 
2676 0 0.3 24 0.4 44 0.7 51 0 63 1 81 0.9 84 0.8 87 0.6 94 1 
2787 1 0.8 24 0 39 0.9 81 0 
2871 49 0 60 1 63 0.8 72 0 77 0.7 81 0.5 
3167 7 0.8 50 0.3 67 0.5 71 0 72 0 89 0 92 0 
3303 13 0.7 30 0.7 36 0.7 47 0 67 0 83 0.9 86 0.7 
3489 24 0.4 32 0 72 0.6 85 0.9 93 0 
3505 0 0.3 6 0.7 8 0.6 10 0.5 21 0.3 37 0.7 57 0 71 0.8 83 0 86 0.4 
3789 36 0.8 72 0.7 
3929 28 0.7 55 0 85 0.5 
4036 9 0.9 23 0.8 25 0 41 0 50 0.6 68 0 83 0 84 0.7 94 0 95 0.4 
4262 56 0 70 0.8 
4348 10 0.7 51 0 65 0.9 87 0.7 
4576 22 0.3 32 0.3 59 0.8 61 0.7 92 0.3 
4659 19 0.5 48 0.6 55 0.9 60 0 63 0.5 64 0.4 67 0.5 68 1 
4758 4 0.3 21 0.3 25 0.4 30 0.8 38 0.9 54 0.9 56 1 58 0.8 69 1 
4923 14 0 51 1 
5023 7 0.8 24 0 35 0.9 36 1 71 0 80 0.4 
5069 5 0.4 6 0 16 0.9 23 1 34 0.7 44 0 58 0.5 70 0.7 89 0 95 0.9 
5261 19 0 39 0.9 60 1 80 0.3 98 0.7 
5418 4 0.9 48 0.5 68 0.7 
5642 1 0.9 18 0.5 47 0 90 0 96 0 
5772 3 1 15 0 38 0 87 0 89 1 
5799 31 1 46 0.5 54 0.5 58 0.7 63 0 71 0.9 72 0.8 77 0.4 98 0 
5862 0 0 6 0 10 0 25 0.7 38 0.9 41 0.5 50 0 59 0.6 61 0.3 87 0.5 
5877 97 0 
5963 16 0.7 47 0.9 53 0.3 55 0.5 57 0.7 66 0.6 
6010 5 0.5 18 0.3 31 0.3 34 1 39 0.3 42 0.6 70 0.4 90 0.4 
6106 5 0.7 6 0.3 8 1 11 0.3 16 0.5 22 0.3 74 0.4 91 0 
6159 7 0.6 97 1 
6195 6 0.4 10 0.3 15 0.7 34 0.9 44 0 51 0 59 0.3 75 0 
6283 15 0 
6288 30 0 39 0.6 42 0.3 53 0 62 0.4 83 0.4 91 0.4 94 0.9 
6421 20 0.4 40 0.5 71 0 74 0.7 
6651 35 0.7 36 0.5 45 0 
6718 41 0 
6784 8 0.8 11 0.6 13 0.6 23 0.4 58 1 74 0.9 77 0.5 80 0 86 0.8 
6898 27 1 35 0.6 41 0.4 47 0 50 0.7 62 1 99 0.8 
7190 34 0 42 0 
7342 29 0.5 47 0.4 75 0 91 1 
7413 43 0.7 75 0 
7562 52 0.7 90 0.9 98 0.4 
7565 8 0.4 36 1 57 0.5 76 1 80 0 84 0.4 86 0.8 
7754 8 0 13 0 17 1 52 0 53 0 60 0 68 0.4 76 0.7 91 0 98 0.7 
7915 64 0 79 0.7 
8053 2 0 15 0 62 0.5 
8121 16 0 40 0 73 0.5 83 1 91 1 
8183 89 0.3 95 0.5 
8373 34 0 48 0.3 49 0.5 50 0 56 0.9 70 0.6 72 0 92 0.7 96 0 97 0.6 
8480 2 0 9 1 15 0.7 30 0.4 58 0.5 71 0.7 
8507 25 0 29 0 
8636 4 0 12 0.5 73 0 
8654 0 0.7 2 0.6 18 0.3 34 0.3 39 0.8 75 1 86 0 97 0.6 
8684 3 0.9 85 0 
8787 24 0 78 0 
9070 11 0 22 0.3 25 0.3 45 0 84 0.4 94 1 
9123 2 0.5 67 0.8 
9247 29 0.3 82 0.7 98 1 
9256 85 0.9 
9483 55 0.8 60 0 65 1 69 0 75 0.6 76 0 
9549 44 0.3 50 0.5 51 0.6 63 0.9 91 0.6 
9567 8 0.4 
9595 37 0.7 
9634 8 0 9 0.3 26 0 35 0.3 44 0.5 58 0 59 0 82 0.8 94 0.6 
9780 8 0.9 50 0.4 69 0.6 95 0 
9806 0 0.9 30 0 80 0.9 83 0.3 88 0.3 
9814 84 0 
9890 45 0 
