100
39 13 0.6 65 0.7 86 0.7 
149 65 0.5 88 0 92 1 
228 12 0.3 
315 33 0.5 38 0 56 0.5 86 0.6 
332 74 0 
427 31 0.7 32 1 47 0.3 50 0 64 0.5 66 0 68 1 72 0.6 74 0.8 96 0.6 
458 1 0 6 0.9 11 0.4 27 0.6 49 0.9 51 0.5 56 1 71 0 97 1 
471 25 0.4 28 1 68 0.4 75 0.7 82 0 85 0.4 88 0 92 0 98 0.9 
542 9 0.7 18 0 33 0.8 36 0 39 0.7 47 0.8 65 0 71 0.9 75 0.6 91 0 
608 1 0 4 0 15 0.5 19 0.7 32 0.4 64 0.9 66 0 69 0 70 0.5 96 0 
616 0 0 3 0.6 15 0.3 21 0 22 0 32 0 38 0 41 0.9 56 0.9 59 0.8 
675 8 0.3 15 0.4 33 0.3 41 0.9 45 1 82 0.4 88 0.7 91 0.4 
716 2 0 19 0.3 24 0 44 1 51 0.4 72 0 84 0.9 
741 26 0.4 34 0 39 0 69 0 96 0 
853 8 0.3 31 0.4 
864 13 0.4 20 0.9 67 0.3 71 0.3 77 0 90 0.7 94 0.8 
969 10 0 22 0 60 0 78 0.7 
1121 0 0.8 21 0 70 0 74 0 
1167 7 0.6 14 0.6 30 0.5 31 0 41 0 45 0.8 48 0.9 67 0.3 77 0 95 0.3 
1169 17 0.8 20 0.4 22 0.6 37 0.5 46 0.9 66 0.9 83 0.6 
1190 9 0 40 0 69 0.6 
1270 32 0.5 37 0.5 55 0 86 0.7 96 0.6 
1345 0 0.6 2 0.5 7 0.9 11 0.8 15 0.4 21 0 23 0.5 50 0.4 62 0 95 0.3 
1366 0 0 3 0.7 10 0 25 0.6 31 0 49 1 73 0.8 98 0 
1394 7 0 13 1 15 0 41 0.9 54 0.4 64 0.9 84 0.8 
1411 15 0.7 20 0 23 0 29 0.7 83 0 88 0.3 91 0 95 0.4 97 0.3 
1453 5 0.3 88 0 
1482 9 0 22 0.3 23 0 46 1 
1515 10 0.3 17 0.3 26 0.5 28 0.5 38 0 58 0.8 62 0 67 0.9 72 0 88 0.5 
1614 32 0 37 0 43 0.3 65 0.9 84 0.4 86 0.3 92 1 
1766 34 0 81 0.6 98 0.8 
1868 8 0.6 14 0 16 1 35 1 48 0.6 64 1 94 0.9 
1900 6 0 15 0.4 29 0 37 0 47 0 62 0.6 72 0.3 76 0.3 79 0.9 89 0 
1926 13 0.9 38 0.4 40 0.7 53 0.6 82 0.4 95 0.8 
1962 72 1 
2088 6 0.7 12 0.5 21 1 28 0.6 31 0.7 44 0.7 61 0.7 73 1 
2139 16 0.3 33 0.8 34 0 62 0.5 70 0.6 84 0 89 1 
2418 5 0.4 16 0.7 25 0 39 0.4 43 0.5 49 0.4 54 0.7 83 0.9 85 1 98 0.3 
2478 45 0.3 56 0.8 60 0.9 77 0.7 99 0.6 
2572 1 0.6 2 0.9 26 0.6 52 0.3 
2974 17 0.6 92 0.7 
3236 4 0 41 0.4 
3255 26 0 67 0.7 
3719 49 0 78 0 
3811 17 0.7 61 0.6 67 0.9 87 0.5 
3852 17 0 26 0.4 29 0.4 69 0.6 81 0 92 1 95 0.5 
4115 15 0.7 27 0 30 0 41 0.5 42 0 45 0.3 50 0.4 67 0 92 0.7 
4133 4 0 20 0.9 40 0.3 51 0.5 60 0 78 0.8 94 0.4 
4208 73 0 90 0.3 
4371 3 0.5 11 0 12 0.3 35 0 42 0.3 92 0 
4599 16 0 22 1 47 0.3 59 0.3 66 0.8 78 0 83 0.9 87 0.8 93 0.3 95 0.6 
4690 53 0.8 90 0 92 0.5 
4703 5 0.8 16 1 17 0.7 38 0.9 45 0.9 59 0 62 0.6 
4747 0 0 2 0.3 40 1 42 0.3 48 0 62 0 72 0.6 94 0.4 95 0.3 98 0.6 
4776 37 0.8 54 0.6 60 0 62 0.9 
4778 11 0.3 42 0.6 53 0.5 59 0.5 64 0.8 82 0.6 88 0.8 97 0 
4814 25 0.4 38 1 41 0 43 0.6 46 0.6 55 0.5 56 0.4 77 0.3 78 0.4 
4860 27 0 34 0 53 0.9 71 0 76 0.6 79 0.4 
4959 38 1 47 0.9 61 0.7 
4997 1 0.8 4 0.3 7 0.3 9 0 23 0.3 46 0 61 0 67 0 98 0.9 
5204 33 0.8 44 0 51 0 55 0.7 67 0.5 75 0.4 90 0.4 96 0.8 98 0 
5208 6 0.4 19 0 22 0.3 50 0.8 54 0.9 61 0.4 69 0 73 0 
5211 31 0 46 0 48 0 75 0.5 
5390 6 0.5 12 0 21 0.5 29 0 63 0 67 0.8 76 0.6 83 0.5 87 1 96 0.8 
5547 9 0.4 30 0.4 71 0.8 79 0 
5583 2 0 19 0 29 0.7 41 0.6 75 0.9 77 0.5 
5648 12 0.5 17 0.6 23 0.5 44 0.8 48 0 65 0.3 82 1 88 0 90 0 
5824 16 0.4 20 0.9 23 0 41 0.7 47 0 53 0.8 57 0.7 64 1 
5911 25 0.5 38 0.9 39 0 48 0.6 80 0.9 82 1 
6214 12 0.8 34 0 56 0.5 69 1 71 1 
6334 64 0.9 88 0.9 
6358 7 0 15 0.4 25 0 44 0 47 0.6 48 0.6 57 0.9 94 0.4 
6704 22 0 33 0 51 1 85 0.6 
6779 35 0.4 41 0.4 70 0.7 97 0.4 
6818 12 0 19 0.4 20 0 22 0.6 27 0.5 54 0.3 60 0.7 76 0.3 78 0.3 90 0.9 
6858 8 0.3 13 0 16 1 17 0.9 19 1 54 0.4 82 0.3 
7050 28 1 54 0.7 86 0.6 
7212 9 0.3 16 0.6 26 0.8 50 0.5 55 0.9 67 1 69 0.7 76 0.5 83 0.5 95 0.7 
7571 45 1 47 0.3 69 0.5 
7588 2 0.9 19 0 36 0 57 0.7 68 0.5 
7604 2 0 7 0.3 13 0.5 27 0.3 28 0 30 0 46 0 62 0.9 76 0.7 94 0 
7754 8 0.9 13 0.6 17 0.4 52 0 53 0.8 60 0 68 1 76 0.6 91 0.4 98 0.8 
7767 2 0.4 4 1 14 0 25 0.6 64 0 94 0 98 0 99 0.7 
7846 29 1 43 0 52 0.3 85 1 
7854 6 0.7 7 0 
7876 18 0.9 19 0 21 0 39 0.5 69 0.7 71 0.7 76 0 85 0.6 94 0.7 
8119 0 0 31 0 32 0 54 0.4 57 0.3 68 0 94 0.6 
8182 25 0.6 53 0.3 
8201 26 0.7 32 0 41 0.9 47 0 67 0.4 86 0 96 0.5 
8454 13 0 30 0.6 42 0.3 66 0.7 
8625 5 0.9 21 0.5 39 0 59 0 
8685 3 0.9 7 0 26 0.6 42 0 68 0.4 76 0.8 90 0 97 0.3 
8822 32 0.5 43 0 90 0.3 
8896 25 0.3 60 0.6 
9150 6 0.3 9 0.3 43 0.5 44 0.9 46 0.7 82 0 88 0 97 0 98 1 99 0.6 
9172 23 0.6 25 1 31 0.4 46 0.4 56 0 59 0.5 71 0.5 77 0.3 
9381 10 0 23 0.3 32 1 54 0 61 0.7 74 0.8 79 0.5 85 0.9 99 0.6 
9535 25 0 
9665 2 0.5 5 0.5 19 0.4 24 0 49 0.9 62 1 66 0.6 78 0 82 0 83 0.5 
9693 4 0.8 13 0.7 75 0.3 
