100
158 24 1 37 0 50 0.3 58 0.5 60 1 66 0.8 72 0.9 75 0.8 78 0.7 79 0.7 
160 22 0.4 33 0 40 0.9 43 0.8 98 0.5 
237 4 0 24 0 29 0.5 48 0 52 0.5 57 0.8 59 0 62 0.8 89 0.8 
368 22 0.8 
496 4 0.4 43 0.4 45 0.5 48 0.7 
582 20 0.6 28 0 31 0 49 0.4 66 0.4 67 0.9 69 0 75 0.7 88 0.5 97 0.7 
817 6 0 13 0 18 0 23 0.7 24 0.9 35 1 36 0 41 0.7 72 0.3 77 0.8 
915 13 0.3 38 0.3 40 0.8 64 0 91 0.8 96 1 
920 8 0.7 23 0.8 31 1 39 0.6 49 0.6 50 0 51 0.8 57 0 66 0.3 
1202 2 0 9 0 15 0.9 18 0.3 34 0 75 0.6 76 0.6 77 0.3 93 0.6 
1299 60 0 
1315 73 0.3 91 0 
1354 10 0.8 16 0 32 0.3 56 0.6 
1374 3 0 8 0.5 99 0.8 
1380 2 0.4 5 0 14 0 15 0.8 26 0 63 0 64 0.4 79 0.6 
1547 78 0.3 
1576 18 0.4 28 0.7 32 0 48 0.4 58 0.4 60 0.6 99 0.7 
1675 21 0.7 28 0 42 0.9 51 0.5 72 1 89 0.5 97 0.9 
1841 19 0.3 33 0.9 82 0 
1929 1 0 7 1 22 0.3 37 0.7 87 0 94 0.5 
1945 17 0 42 0.8 55 0.8 59 0.6 68 0 80 0 81 0 95 0.9 
2260 24 0 40 1 75 0.8 
2404 4 0 43 0.6 98 0.3 
2417 7 0 18 0.9 30 0 43 0.8 62 1 88 0.6 
2447 6 0.3 13 0 26 0 27 0.8 38 1 47 0 64 0.5 
2512 40 0 60 0.7 70 0 
2560 4 0.7 17 0 23 0 43 0 46 0.6 59 0.4 63 0.4 70 0.4 99 0.8 
2778 2 0 5 0.6 8 0.7 22 0.9 29 0.5 52 0.3 73 0.6 92 0.3 
2848 1 0.7 42 0.4 46 0 56 0 59 0 82 0.8 
2922 97 0 
2975 16 0 17 0.5 39 0.6 50 0.4 62 0.7 66 0 79 0 98 0 
3038 33 0.7 63 0 81 0.6 84 0.9 
3254 34 0.3 66 0.4 79 0 93 0 96 0 
3342 95 0 
3427 19 0.6 55 0 62 1 64 0.6 69 0.9 90 0.9 93 0.5 
3438 38 0.8 41 0.7 54 0 97 1 
3495 0 0.8 15 0 25 0 37 0.3 40 0.3 44 0.4 80 0.6 89 0 91 0.3 92 0 
3594 0 0.8 2 0 17 0.4 18 0 42 0 46 0.3 64 0.3 74 0.7 83 0 93 0 
3869 22 0.4 40 0 51 0.3 73 0.6 
4065 61 0.9 71 0.8 
4219 22 0.9 28 1 29 0.4 63 0 
4301 0 0 12 0.4 21 0 25 0.7 59 0 61 0.3 68 0.3 76 1 88 0.3 93 0.4 
4478 9 0.5 23 1 38 0.4 40 0.8 50 0.5 53 0.6 62 0.5 64 0 86 0.6 
4492 2 0.9 14 0 30 0.9 36 0.5 58 1 
4500 60 0.3 73 0.5 85 0.7 
4508 46 0.8 
4573 10 1 19 0.7 20 0.9 30 1 44 0.7 57 0.6 58 0.7 68 0.6 92 0.3 93 0.5 
4603 5 0 40 0 69 0 
4949 97 0.8 
5104 10 0.6 22 0.8 23 0.6 43 0.8 65 0.9 74 0 90 1 94 0.7 
5326 27 0.8 50 0 82 0.4 87 0.9 89 0.3 
5520 6 0 27 0.7 33 0.9 42 0.3 59 0.6 65 0.6 89 0.7 
5554 66 0.6 
5590 10 0.4 12 0.7 14 0.3 27 0.6 36 0.5 39 0 70 0 79 0.6 86 0.4 98 1 
5592 10 0.9 23 0 34 0 40 1 47 0.7 69 0.3 71 0 73 0.5 79 0.9 84 0 
5621 15 0 25 0.6 26 0 34 0.9 40 0.8 77 0.8 90 0 
5661 6 0.3 20 0.8 31 1 36 0.5 55 0.8 59 1 82 0.7 99 0.4 
5767 20 0.8 24 0.5 37 0 66 0 70 0.6 85 0 
6177 32 0.3 46 0 60 0.6 67 0.6 74 0.6 80 0.5 83 1 85 0 
6300 85 0.7 
6388 32 0 42 0.5 59 0.9 67 0 
6518 34 1 86 0 
6564 7 0.3 23 0.8 87 0 
6604 11 0.7 19 0.5 40 0.4 56 1 66 0.7 68 0 71 0.8 76 0 93 0 94 0.5 
6627 8 0.4 11 0.8 28 0.8 32 0.3 42 0.3 61 0.8 62 1 67 0.5 75 0.5 90 0.4 
6691 33 0.7 81 0 92 0.9 95 0.6 
6712 1 0.9 8 0.4 9 0.9 11 0.8 17 0.3 46 0.8 58 0 77 0 79 0.9 81 0.8 
7215 33 0.5 61 0.3 74 0.5 82 0.4 93 0 
7244 7 0 8 0.6 18 0.6 19 0.9 39 0.5 43 0.9 45 1 57 0.8 64 0.8 99 0.5 
7647 10 0.8 97 0 
7754 8 0 13 0.5 17 0 52 0 53 0 60 0.7 68 0 76 0.5 91 0.5 98 0 
7788 72 0.9 73 0.7 
7820 14 0.4 28 1 30 0.4 43 0.7 51 1 58 0.4 68 0.8 71 0 
7840 91 0.3 
7916 3 1 29 0 31 0.8 35 0 47 0.6 57 0 79 0.5 84 0.4 85 0.5 98 0.4 
7923 8 0 22 0.4 37 0.3 62 0.7 
8000 5 0.3 50 0.9 74 0 
8095 2 0 10 0.5 19 0.8 39 0.5 45 0.9 51 0.3 73 1 79 0 87 0.8 
8120 5 0.3 6 0.9 26 0.7 36 0.5 72 0.5 74 0 79 0 80 0.7 
8189 9 1 14 0.9 21 0.4 38 0.4 73 0.6 88 0 
8227 24 0 38 0.9 45 0.3 56 0.8 73 0 83 0.3 84 0 97 0.4 
8271 5 0 21 0.9 26 0.9 33 0.8 34 0.3 54 0.5 86 0.3 95 0 97 0.9 98 0 
8281 63 0.4 65 1 
8440 4 0.4 7 0 17 0 43 0 45 0.6 48 0 49 0.7 62 0 78 0.3 90 1 
8518 7 0 14 0.7 16 0.6 62 0.3 70 0.6 79 0.6 86 0.7 99 0.9 
8584 32 0 37 0.4 55 0 71 0.6 78 0.5 79 0.7 80 0.6 83 0.5 93 0 
8674 3 0 4 0.8 55 0.8 65 0.3 90 0.3 
8782 39 0.6 47 0.9 76 0 82 0.3 90 0.3 94 0.5 99 0 
8796 3 0 34 0.5 72 0.5 77 0 81 0.4 
8839 30 0.8 37 0 
8870 3 0.3 30 0 57 0.9 62 0.9 76 0.9 77 0 80 0.8 85 0.3 91 0 98 0.8 
8929 58 0.9 
9129 14 0.6 16 0 18 0 42 0.4 86 0 87 0.6 
9226 21 0.4 22 0.3 67 0.4 93 0.8 94 0 96 1 
9272 19 1 20 0.5 32 0.8 
9439 27 0.8 31 0.3 42 0.6 49 0.9 77 0 78 1 
9487 22 1 30 0.3 37 0.4 43 0.6 53 0.8 58 0.3 79 0 
9508 27 0 49 0.6 96 0.9 99 0.3 
9710 24 0.5 70 0.4 
9975 3 0 15 0.6 28 0 31 0.3 47 0.7 65 0.6 75 0.6 89 0.3 96 0 
