100
58 45 0 
94 5 0 14 0 22 0.5 59 0.4 85 1 90 0.5 
216 4 1 8 0.7 35 0.8 37 0.4 
330 32 1 34 0.4 57 0 72 0 
376 17 0.9 28 0 45 0.4 82 0.5 
482 62 0.4 
497 24 0.3 32 1 55 0 59 0.3 69 0.9 76 0 77 0.3 84 0.3 99 1 
510 35 0.9 49 0.5 93 0 
625 10 0 14 0 23 0.3 24 0.3 25 0.9 26 0.6 33 0 48 0.8 68 0.8 
734 1 0.9 13 0 22 0.3 28 0.4 70 0.3 89 0.9 95 0.4 
829 10 0.7 17 0.5 25 0.6 36 0.5 53 0.7 70 0.6 80 0.7 
864 13 0.8 20 0 67 0.9 71 0.4 77 0.9 90 1 94 0.7 
900 30 0 43 0 81 0 
1063 37 0 41 0.4 51 0.6 73 0 84 1 
1203 2 0.3 4 0.9 8 0.6 27 0.7 44 0 46 0 50 0.4 62 1 95 0.9 97 0.7 
1346 8 1 15 1 46 0.5 50 0.8 58 0.3 99 0.5 
1399 11 0.7 28 0 39 1 49 0.9 50 0 65 0.3 67 0 
1411 15 1 20 0.3 23 0.3 29 0 83 0.9 88 0.7 91 0 95 0.7 97 0.7 
1425 29 0.8 34 0.5 39 0 49 0.9 51 0.7 55 0.8 68 0 70 1 77 0.3 
1428 31 0.3 39 0 54 0.9 57 0.6 74 0 75 0.3 77 0.4 81 0 
1450 8 0 11 0.5 46 0.9 48 1 56 0.4 60 0.7 62 0.6 68 0.8 71 0.3 
1454 2 0.4 3 0.8 11 1 42 0.6 47 0 59 0.6 77 0 85 0.9 97 0.6 
1467 26 0.6 46 0.4 51 0 
1714 15 0.8 20 0.4 23 0.3 41 0.8 44 0 45 0.4 53 0.6 
1744 9 0.4 18 0.8 33 0.8 39 0 48 0.3 51 0.4 55 0.3 63 0 92 0.8 
1782 1 0.3 2 0.3 43 0 53 0 54 0.7 65 0.9 71 0 85 0.8 99 0 
1966 9 0.5 85 0.7 
2068 7 0.5 29 0.4 65 0.3 68 0 78 0.4 81 0.3 84 0.8 88 0 
2172 19 0.8 32 0 37 0 83 0.9 89 0.3 92 0.7 
2211 15 0.7 94 1 
2215 61 0 
2228 49 0.4 
2297 15 0.4 16 1 45 0.9 73 0 82 0.6 89 0.9 
2466 21 0.4 28 0 38 0 46 0.7 56 0 69 0 78 1 84 0.6 
2552 16 0.4 19 0 48 0.4 58 1 66 0.4 97 0.7 99 0.5 
2616 23 0 66 0.4 75 0.5 81 0.9 94 1 
2675 8 0 22 0.7 57 0 59 0 73 0.3 95 0.3 
2764 4 0 14 0.3 26 0 63 0.5 70 0.5 90 0 
2809 90 1 
3006 74 0 87 0.4 
3336 38 0 89 0.6 
3413 11 0.6 27 0 53 0 
3488 3 0 43 0.5 44 0.9 
3492 4 0 26 0.6 61 0.3 67 0.5 77 0.4 
3496 1 0.8 12 0.5 28 0.5 74 0.6 89 0.9 93 0.9 
3809 17 0.4 19 0.5 32 0 37 0.9 43 0 57 0 62 0.3 69 0.6 78 1 85 0 
3900 3 0 7 0.7 9 0.7 36 0.9 40 0.6 54 1 71 0 73 0 77 0.5 95 0.9 
3952 6 0.5 11 0.5 26 0.3 27 0.7 66 0.5 74 0.4 80 0.7 92 0.6 97 0.3 99 0 
3988 12 0.7 24 1 25 0 33 0.9 73 1 80 0 81 0.6 
4016 39 1 72 0.6 94 0.9 97 0.7 
4196 4 0.8 23 0 26 0.4 65 0 82 1 85 0.7 88 0.3 93 0.3 94 0.7 
4277 14 1 17 0 26 0.6 34 0 82 0 
4296 10 0.9 19 1 22 0.3 44 1 75 0 
4388 28 0.5 29 1 41 0.8 51 0.3 91 0 92 1 99 0.4 
4439 2 0 
4580 5 0.8 11 0.4 27 0.6 48 0.8 49 0.9 69 0.7 71 0.3 80 0 82 0.3 
4597 17 0 21 0.5 22 1 49 0.3 63 1 
4769 7 0.3 16 0 29 0.6 35 0.6 51 0.4 76 0.6 77 0 83 0.6 85 0.6 98 0 
4771 26 0.8 43 0 47 0 50 0.7 51 0 62 0.4 85 0.5 
4788 24 0 45 0.3 58 0.8 
4894 24 0.7 58 0.9 
5111 10 0.7 12 0.7 19 0.4 31 0.7 55 0.9 74 0.7 85 0.4 87 1 96 0 
5189 19 0.7 30 0 58 0.9 
5321 5 0 21 0.5 50 0.5 65 0.5 73 1 75 0 76 0.4 96 0 
5441 12 0 17 1 18 0.4 26 1 78 0.8 87 0.5 
5566 7 1 81 0 82 0.9 
5625 22 0.4 51 0 55 0.8 69 0.7 73 0 99 0.8 
5840 4 0 41 0 87 1 
5987 22 0 33 0.7 71 0.6 85 0 99 0 
6205 24 0.4 50 0 62 0 68 0.9 71 0 72 1 85 0.7 90 0.3 
6256 7 0.7 14 0.3 18 0.9 53 0 55 0.9 61 0 71 0.5 72 0.7 80 0.8 89 0.6 
6623 35 0 
6628 12 0 41 0.3 49 0.5 90 0.5 92 0 
6850 10 0.8 34 0.9 87 0.6 95 1 
6973 15 0.5 23 0 24 0 60 0.4 
7182 28 0.7 36 0.7 38 0.9 59 0.7 
7216 17 0.7 62 0.5 
7222 8 0 9 0.9 18 0 29 0.9 44 1 45 0.7 46 0.3 47 0.9 87 0.5 
7544 4 0.5 
7697 21 0 
7702 4 0.6 13 0 15 0.3 43 0.3 52 0.3 55 0.8 65 0.9 77 0.5 
7748 23 0.6 44 0.9 45 0 
8137 7 0 9 0 14 0.3 18 1 20 0 27 0 72 0.7 85 0.4 87 0.5 
8187 38 0.6 66 0.3 92 0 
8223 68 0 
8566 30 0 
8623 0 0.3 20 0.3 21 0.5 40 0.9 50 0.4 56 0 65 0 66 0 89 0 
8659 18 0.8 27 0.8 44 1 65 0 69 0.8 
8930 69 0.9 86 0.8 
9134 2 0 9 0.5 28 0.8 90 0.6 99 0 
9189 2 1 12 0 16 0.8 37 0.5 49 0 57 0 
9191 37 0 42 0.4 59 0.4 74 0 80 0.8 
9228 5 0.7 20 0.9 22 0.5 33 0.4 96 1 
9347 0 1 24 0 33 0 42 0.4 60 0.8 71 0.6 82 0 92 0 96 0.9 99 0 
9378 5 0.6 37 0.3 
9580 4 0 27 0.3 54 0 
9735 10 0 24 0 33 0.9 62 0.5 68 1 80 1 87 0 
9798 5 0.4 7 0.5 15 0.8 29 0.8 31 0.9 34 0 64 0 66 0.6 75 0.5 
9873 1 0.8 15 0 72 0.9 75 0 
9902 0 0.6 1 0.5 12 0 19 0.3 29 0.9 71 1 79 1 
