100
160 22 0.4 33 0.9 40 0.6 43 0.4 98 0.5 
175 5 0.5 7 1 33 0.6 38 1 44 0 45 1 79 0 88 0.9 97 0 
180 14 0.7 18 0.6 20 0 35 0.6 72 0 94 0.6 98 1 
186 44 0.9 85 0.9 
323 3 0.9 14 0.4 20 0 48 0.7 72 0.9 
328 25 0 56 1 
417 19 0.9 23 0.9 33 0 35 0.4 41 0.3 42 0.4 60 0 62 0.6 73 0.9 77 0.9 
505 25 0.5 33 0.8 45 0.4 54 0.3 80 0 
517 2 0.5 6 0.4 18 0.8 19 0.7 34 0.6 46 0.5 77 0.8 86 0.8 98 0.5 99 0.3 
638 6 0.7 27 0.5 52 0.4 54 0.4 81 0.3 84 0.6 
721 4 0.6 8 0 20 0 37 0.6 48 0.3 64 0.9 73 0.8 95 0.6 96 0.4 
890 10 0.9 38 0.7 40 0.5 42 0 46 0.3 52 0.3 62 0.4 67 0 72 0.6 81 0.5 
910 13 0.9 15 0.9 49 0.8 58 0.4 60 1 69 0.4 74 0 
954 1 0.6 9 0 24 0.4 25 0.7 31 0.4 37 0 39 0 47 0 86 0.8 94 0.7 
963 5 0.5 17 0.9 20 0 40 0.8 46 0.7 60 0.3 73 0.9 
974 1 0.8 29 0.7 44 0.7 45 0 60 0.8 75 0.3 80 0.8 
1001 6 0.5 7 0 20 1 31 0.9 54 0 57 0.4 74 0.8 92 0.9 
1005 1 0 22 0 29 0 31 0.8 44 0 51 0.3 58 1 66 0.3 74 0.5 90 0.3 
1233 28 0.6 90 0 
1405 94 1 
1419 12 0.8 
1538 25 0.4 59 1 
1572 10 0 41 0.5 61 0 63 1 64 0.5 
1598 56 0.3 82 0 
1802 18 0.5 28 0.5 50 0 59 0.7 76 0.3 79 0.9 87 0.8 
1844 10 0.5 40 0.4 48 0.3 91 0.7 
1942 15 0.6 20 0.7 39 1 61 0.6 62 0.9 65 0.9 79 0.3 
1958 9 0.9 60 0 94 0 
2004 0 0.9 51 0.6 
2083 0 0.8 8 0.6 31 0.7 38 0.3 50 0.6 51 0 57 0.3 71 0.7 81 1 
2102 19 0.8 30 0 45 0.4 54 1 67 0.5 
2131 61 0.4 72 0 73 0 78 0.3 96 0 
2217 4 0.5 18 0 27 0.6 42 0.3 43 0.5 56 0.7 79 0.6 81 0.4 91 0 
2275 0 0.3 20 0 43 0.6 55 0.5 67 0.4 98 0.9 
2518 15 0.4 24 0.5 31 0.3 81 0 86 0 98 0 
2553 9 0.3 14 0 25 0.4 34 0.9 48 0 81 0.7 
2594 9 0.7 24 0 37 1 49 0.5 52 0.7 54 1 59 0 65 0 97 0.7 
2598 2 0 40 0 47 0.4 59 0 76 0.9 
2948 19 0.9 45 0.5 48 0.3 54 0.6 61 0.9 72 0.5 79 0.6 
3004 2 0 8 0.4 9 0.6 16 0 29 0.5 37 0.6 45 0 56 0.5 99 0 
3031 10 0.8 45 0 51 0 54 0.4 
3202 47 1 65 0.6 
3225 27 0 28 0 
3234 7 0.8 12 0 29 0.8 52 0.8 82 0 86 0.9 
3255 26 0 67 0 
3275 1 0.5 31 1 
3640 38 0.7 48 0.5 60 1 69 0.6 72 1 83 1 92 0.8 
3824 15 0.6 27 0.5 35 0 66 0 77 0.7 84 0 85 0.4 91 0.5 
3853 5 0.4 66 0.7 68 0.5 74 0 83 0.3 96 0.8 
3978 47 0.7 67 0.7 88 0 92 0.7 
4000 34 0 51 0.7 
4002 8 0.4 9 0 78 0.7 
4020 9 0.3 25 0.4 43 0 75 0.5 83 1 94 0.5 
4191 1 0.9 95 0.8 97 0 99 1 
4207 0 0 1 0.8 28 0.7 38 0.5 43 0.3 63 0.5 71 0 77 0.6 80 0.7 99 0 
4220 10 0.4 56 0.7 70 0.4 
4278 17 0.7 
4518 9 0.4 11 0 13 0 42 0.3 46 0.4 
4676 2 0.4 5 0.5 17 0.8 26 0.5 34 0.8 44 1 50 0.3 89 0 97 0 
4700 9 0.6 13 0.3 18 0.7 22 0.4 37 0.7 64 0.4 72 0.5 73 0 76 0.9 
4808 0 0.6 7 0.8 9 0 18 0 21 0.3 23 0.8 55 0 91 0 97 0.7 
5060 11 0 13 0.9 18 0 59 0.3 60 0.8 
5142 17 1 19 0.9 28 0.3 30 0.8 78 0.3 
5145 3 0.4 15 0.4 58 0.8 73 0.3 
5197 75 0.8 97 0 
5386 0 0.5 10 0.7 19 0.9 22 0 31 0.6 37 0.6 60 0.9 69 0 76 1 
5427 2 0.7 33 0.4 46 0.8 62 0.3 
6544 14 0.7 65 0.9 70 0.5 72 0.4 
6684 7 0 19 0.5 29 0.9 31 0.8 74 0 77 0.9 
6747 5 1 14 0.4 29 0.7 41 0 58 0.6 64 0 76 0.8 82 0.7 89 1 99 0.5 
6802 24 0 54 0.9 70 0.4 
6968 1 0.6 2 0.5 5 0.6 11 0 20 0 69 0.4 76 0 84 0.8 
7043 18 0 23 0 55 0.4 77 0.8 79 0 98 1 
7194 18 0 20 0.4 24 0.4 48 0.7 50 0.6 55 0.6 58 0.9 78 1 97 0 99 0.8 
7448 3 0.8 9 0.3 12 0.6 14 0.5 22 1 38 0.4 58 0.8 79 1 97 0 
7509 2 0.4 12 0.3 39 0.9 43 0 78 0.5 
7555 17 1 26 0 31 0.6 59 0.3 80 0 92 0 95 1 
7713 21 1 35 0.7 75 0.3 86 1 
7890 8 0.5 38 0.9 56 0 86 0.8 
8385 6 0 65 0 67 0.8 
8512 7 0 37 0 38 0.8 74 0.5 94 0 
8602 22 0 36 0.7 74 0.5 79 0.8 81 0.7 
8640 26 0.8 
8706 21 0.3 28 0.9 88 1 
8879 7 0 12 0.7 22 0.5 38 0.7 44 0.8 46 0.9 47 0.4 66 0.6 75 1 85 0.3 
9003 15 0.8 42 0.8 77 0.9 89 0.9 
9009 0 1 15 0.3 31 0.8 99 0.7 
9039 21 0.4 55 0 64 0.6 74 1 79 0.9 94 1 
9064 2 0.3 9 0.7 17 1 23 0.6 34 0 42 0.7 86 0.5 
9285 15 0.6 32 0.4 52 0 56 0.8 70 0.7 85 0 89 0.7 94 0.4 96 0.5 98 0.6 
9582 9 0.6 24 0.7 27 0 38 0 50 0.6 59 0.7 87 0 92 0.7 
9612 9 0.8 26 0.4 47 0 51 0 53 0 55 0.9 65 0 69 0.9 77 0.7 
9642 10 0.9 93 1 
9649 7 0.9 18 1 26 0.8 27 0 46 0 55 0.3 62 0.9 89 0.7 91 0.3 97 0.6 
9818 18 0.6 94 0.9 
9822 31 0.3 34 0.3 46 0.7 83 0.9 88 0.6 
9834 43 0.7 88 0.9 
9932 9 0.4 36 0.7 98 0.9 
9953 21 0 27 0.5 68 0.9 69 0.8 70 0.5 72 0.8 76 0 
9995 5 0 7 0 21 1 60 0 66 0.6 72 0.9 74 0 85 0.6 90 0.4 
