100
140 56 0.9 61 0.8 76 0.6 
171 6 0.5 22 1 33 0 37 0.6 62 0 75 0.6 96 0.4 
178 8 0 55 0 83 0 
211 4 0.5 11 0.7 14 0 23 0 27 0.6 30 0.7 37 0.9 88 0 97 0.6 
390 6 0 18 1 54 0 58 0.6 59 0.5 98 0.8 
427 31 0.5 32 0.6 47 0.9 50 0 64 0.6 66 0.8 68 0 72 0.4 74 0.3 96 0.7 
436 37 0.3 55 0.5 72 0.4 
448 18 0.6 20 0 23 0.4 33 0.4 40 0 67 1 82 1 
507 9 0.8 27 0.9 
552 22 0 28 0.7 55 0 
700 80 0 
768 14 0 16 0.5 33 1 34 0 38 0.5 74 0 79 0.6 
786 11 0 29 0.3 32 0.5 38 0 40 0 53 0 55 0 75 0.6 78 0.5 89 0 
856 26 0.8 46 0 47 0.7 50 0 65 0.3 82 0 92 0.5 95 0.3 
884 76 0.7 99 0 
927 13 0.8 17 0 41 0.5 46 1 47 1 48 0.5 53 0.3 65 0 77 0.9 96 0.3 
974 1 0 29 0.4 44 0.8 45 0 60 0.6 75 0 80 0.9 
1068 20 0 
1161 7 0.4 10 0.4 
1281 4 0.8 17 0.3 23 0 48 0 65 0 69 1 72 0.7 83 0.5 90 0.5 
1352 0 0.7 16 1 37 0.9 41 1 53 0 63 0 70 0.5 77 0.4 
1437 27 0.4 28 0.4 41 0.5 48 0 67 0 98 1 
1575 20 0 
1610 21 0.9 51 0.8 63 0.7 77 0.8 84 0 
1794 1 0.9 19 0.9 22 0 58 0.7 
1966 9 0.9 85 0.9 
2196 77 0 
2201 16 1 20 0.8 38 0.5 41 0.3 44 0 56 0.8 71 0.7 82 0 87 0 
2240 6 0.8 9 0.4 24 0.7 36 0 40 0 45 0.3 51 0.6 59 0.9 73 0.8 
2348 12 0.3 53 0 62 0.7 93 0 
2361 15 0.9 32 0 33 0.8 52 0.8 56 0.7 62 0.3 69 0.9 71 0.5 95 0.8 
2408 5 0 11 0.9 13 0.6 26 0.9 31 1 45 0.8 53 0.8 61 0 82 0 90 0.9 
2410 10 1 14 0.3 51 0.3 
2446 72 0.3 
2450 84 0.7 88 1 
2713 9 0.9 13 0.3 41 0.6 89 0.8 
2726 19 0 46 0.5 57 0.3 82 0.8 
2748 12 0.6 
2969 5 0.5 21 0.9 
3058 4 0.8 24 1 35 0 50 0 87 0.3 89 1 96 0.4 99 0.5 
3107 5 0.9 6 0.8 10 0.4 11 0.4 31 0 46 0.5 69 0.5 78 0.8 91 0.9 92 0 
3258 7 0 14 0.4 21 1 41 0 60 0 78 0.5 81 0.9 88 0.9 89 0 98 0.5 
3345 25 0.6 37 0.9 43 0.6 66 0 75 0 89 0.5 
3429 14 0 39 0.7 
3443 52 0.3 60 0 70 0.3 76 0.3 
3482 21 0.8 25 0.8 30 0 34 0.6 54 0 81 0.8 84 0 98 1 
3629 5 0.3 39 0.9 45 0.7 65 0 66 0.9 71 0 83 0 
3713 78 0.4 
3771 17 0.7 30 0.5 33 0.4 73 0.9 94 1 95 0 
3845 33 0.9 34 0 42 0 50 1 82 0 84 0.8 
3861 0 0.7 10 0.4 12 0.7 24 0.4 38 1 89 0.5 91 0 93 0.9 94 0.4 
3864 9 0.5 14 0 34 0.3 48 1 65 0 
3889 8 0.5 24 0 33 0.3 46 0 82 0.7 84 0.4 91 0 94 0 98 0 
4041 18 0.3 
4385 42 0.6 68 0.7 
4819 22 0 48 0 52 0.3 64 0 
4861 16 0.3 47 0.5 65 1 67 0 95 1 
4922 20 0 79 1 90 0.3 
4955 13 0.7 24 0.5 37 0.5 38 0 44 1 52 0.8 60 0 68 0 74 0.6 76 1 
5019 15 0.9 39 0.5 54 0.4 96 0 
5044 5 0.9 53 0.7 96 0.5 
5091 64 1 85 0 
5141 7 0.7 18 0.9 70 0.6 73 0.6 86 0.5 97 0 
5356 70 0 87 0.5 
5399 70 0.7 
5561 27 0.8 59 0 68 0 71 0.6 96 0.8 
5563 61 0.8 70 0.8 
5571 12 0.9 29 0.7 40 1 47 1 48 0.6 54 0 57 0 80 0.4 89 0.9 90 0 
5593 14 0.8 41 0.4 59 0.3 67 0 72 0.6 77 0.3 
5804 28 0 31 0.6 41 0.4 68 0.7 84 0.6 
5872 4 1 10 0 70 0 76 1 88 0.6 96 0.4 
6015 0 0.5 7 0.8 14 0.8 49 0.6 61 0 66 0.7 72 0.7 77 0.8 98 0.5 
6026 25 0.5 
6377 26 0.6 73 0 
6501 7 1 13 0 16 0 38 1 45 0.6 60 0.4 64 0 67 0.4 68 0.4 93 0 
6693 16 0.3 31 0 37 0 57 0 63 0.9 77 0.5 
6792 54 0.4 58 0.5 90 0.5 98 0.5 
6888 64 0.4 
7136 7 0.7 11 0.7 37 0.5 52 1 56 0.9 68 0.7 97 0.7 
7399 2 1 6 0.9 22 0.3 29 0.6 54 0.3 63 0 89 0.4 97 0.7 
7540 5 1 30 0.7 42 0.3 44 0 65 0 71 0 79 0.6 94 0.6 
7570 4 0.7 23 0 26 0.6 27 0 39 0.3 
7661 44 0 74 0.6 81 0.8 
7685 65 0.9 
7712 63 0.5 
7747 74 0.7 
7829 8 0.5 14 0 17 0 20 0.7 23 0.6 24 0.3 30 1 51 0 82 0.6 95 0.5 
7834 63 0 98 0.5 
7864 24 0.7 61 0.8 62 0 68 1 89 0.7 
7900 11 0.6 24 0 61 1 63 0.4 68 0 78 0.6 79 0.4 83 0.6 85 0.3 
8278 9 0.4 33 0.9 37 0.5 48 0.6 55 0 59 0.4 98 0.8 
8325 39 0.8 51 0 64 1 80 0 
8718 21 0.3 33 0.3 37 1 39 0.5 60 0 86 0.8 
9024 24 1 28 0.7 32 0.4 38 0.7 49 0.5 59 0.8 66 0.9 69 0.8 76 0.4 88 0 
9038 49 0 74 0 89 0.5 
9299 35 0.7 93 1 99 0.6 
9523 6 1 22 0.9 37 1 42 0.6 48 0.5 
9732 7 0 8 0.6 20 0 43 0.3 63 0.7 68 0.9 88 1 90 0.6 96 1 
9849 17 0.9 32 0.7 
9922 58 0.4 71 0.4 
