100
151 15 0.4 95 0.6 
205 25 0 
321 3 0.3 5 0 18 0 22 0.8 66 0.6 74 0.4 
544 2 0 13 0.3 26 0.6 44 0.3 53 0 57 0.9 60 0.9 69 0.6 82 0.8 
582 20 0 28 0.3 31 0 49 0 66 0.5 67 0.6 69 0.8 75 0 88 1 97 0.4 
679 52 0.8 71 0.6 82 0.7 
699 1 0.8 31 0.3 50 0.4 76 0.7 
727 18 0.6 20 0 27 0.6 34 0.8 82 0 91 0.9 95 0 99 0.8 
779 36 0.3 
869 23 0 60 0.8 93 0.9 
907 5 1 6 0 29 0.5 46 0.8 54 0.6 65 0 68 0.7 88 1 95 1 
1042 19 0.8 22 0 29 0 39 0 90 0.3 91 0.5 99 0.9 
1076 45 0.4 
1235 15 0 22 1 24 1 26 0 35 1 55 1 71 0.8 81 0.5 98 0 
1294 6 0.6 14 0.7 62 0.3 78 0.6 87 0.8 90 0.8 
1330 24 0.7 48 0 52 1 60 0 62 0.6 
1416 7 0 47 0.5 48 1 64 1 98 0.6 
1450 8 1 11 0.4 46 0.7 48 0.7 56 1 60 1 62 0 68 0.5 71 0 
1518 24 0.7 36 0.6 54 0.3 62 0.4 67 0 85 0.8 87 0.9 90 0.9 99 0.6 
1612 22 0.5 24 0 28 0.3 30 0.6 56 0.7 87 0.8 89 0.7 97 0.9 
1843 6 0.8 10 0 12 0.8 19 0.7 31 0.3 44 0 46 0.5 48 0 74 0 93 0.4 
1844 10 0 40 0 48 0 91 0.7 
1896 46 0.4 60 0.7 62 0.6 71 0 87 0.5 96 0.6 98 0.7 
1926 13 0 38 1 40 0.8 53 0.4 82 0 95 0.6 
1979 2 0.3 40 0 52 0.3 57 0.7 62 0.8 86 0.9 88 0.5 99 0 
2320 7 0.3 19 0.7 22 0 42 0.5 50 0.4 64 0.7 84 0 90 0.3 92 0.5 
2450 84 0.7 88 0 
2617 3 0.4 5 0.7 7 0.5 22 0.8 23 0.4 46 0 54 0.5 66 0.3 76 0.7 79 0.9 
2671 2 1 14 0 16 0.7 31 0.8 36 0.5 59 0 82 0.4 
2698 2 0.6 9 0.4 15 0.8 34 0.6 85 1 93 1 
2775 2 0.8 21 0.4 22 0.9 32 0.8 40 0 50 0.3 64 0 75 0.9 91 0.3 
2821 10 0 28 0 41 0.3 45 0 63 0 65 0.6 72 1 99 0.3 
2878 21 0.9 
2989 21 0.5 52 0.7 63 1 84 0.4 93 1 
3016 3 0.5 25 0 63 0.5 
3076 18 0 23 0.4 51 0.3 88 0 97 1 
3290 5 0.8 9 0.3 33 0.7 51 0.6 61 0.5 64 0.5 85 1 89 0.6 
3438 38 0 41 0 54 1 97 0.8 
3464 57 0.6 
3549 8 1 16 0.4 42 0.9 47 0.5 69 0.3 
3599 11 0.9 30 0.7 42 0 54 0 56 0.4 60 0.5 77 0 
3608 23 0.7 31 0 36 0.6 48 0.4 74 0.4 96 0.4 98 0 
3610 94 0.3 
3863 25 0.8 45 0.7 
3954 2 1 28 1 32 0.9 34 1 36 0.4 75 0 76 0.5 86 0.7 
4258 1 0.4 21 0.4 74 0 
4280 3 0 32 0.7 39 0 94 1 
4303 40 0.4 
4571 24 0 28 0.7 37 0 43 0.4 44 0.6 55 0.4 65 0.6 81 0.5 91 0.9 
4600 20 0.6 30 0.8 34 0 
4632 21 0.7 24 0.5 33 0.4 34 0.4 89 0 
4657 57 0 97 0.5 
4910 15 0.6 18 0 19 0.5 24 0.7 55 0 82 0.4 83 0.9 98 0 
5106 16 0 61 0 
5138 4 0.5 6 0.4 27 0.6 45 0.3 50 0 53 0.4 61 0.8 62 0.5 94 0 
5239 2 0.8 4 0.4 7 0.4 52 1 62 0 73 0.9 86 0.5 96 0.7 99 0.7 
5267 21 0.9 41 0 90 0.3 
5368 6 0.8 21 0.5 38 0 50 0.6 61 0 63 0 64 0.4 84 0.8 
5434 15 0.9 37 0.3 44 0.5 86 0.9 89 0.6 93 0.6 
5539 54 0 70 0 75 0 
5575 34 0.7 
5671 12 0.4 40 0.5 50 1 57 0.9 93 1 
5702 10 0.8 11 0.8 34 0 72 0.9 95 0.9 
5738 3 0.3 5 0.7 24 0 46 0.8 48 0.4 52 0.6 56 0 66 0.5 86 0.5 89 0.9 
5825 12 0.8 89 0.7 96 0 
5996 4 0 16 1 22 0.9 56 1 58 0 80 1 81 0.6 97 0.7 
6025 2 0.3 36 1 58 0 63 0.8 66 0.4 
6105 20 0.8 25 1 47 0.5 48 0.6 69 0.4 87 0.6 93 0.5 
6177 32 0.6 46 0.7 60 0.8 67 1 74 1 80 0.6 83 0.9 85 0.8 
6231 0 0.9 7 0.3 15 0.5 34 0 59 0.9 87 0 
6669 30 0 31 0.9 36 0.5 68 0.7 81 0.5 83 0.9 99 0.4 
6702 4 0.8 23 0.8 
6760 18 0.4 98 0.7 
6798 1 0.5 5 0 
6819 12 0.3 26 0.7 30 0.4 50 0.3 52 0 55 0 79 0.5 94 0 
6866 12 0.9 43 0.5 46 0.8 52 1 79 0.8 86 0.3 93 0 
7002 3 0.9 13 0 29 0 58 0.4 68 0 91 0.4 97 0.8 
7040 18 0.8 37 0.7 41 0 52 1 58 0.5 
7543 79 0 
7584 5 1 67 1 89 0.4 91 0.8 
8255 4 0.8 11 1 42 0.4 47 0.4 69 0.8 
8340 17 0.5 37 0.6 63 1 88 0 
8477 1 0.8 5 0 6 0.4 53 0 84 0 98 0.9 
8756 5 0.3 25 0.5 47 1 76 0.6 84 0 92 0.4 
8925 1 1 39 0.8 79 0.5 97 0.4 99 0.6 
8928 14 0.9 
8981 9 0 29 0.9 
8986 5 0.5 16 0 38 0 59 0.7 71 0.6 83 0.7 94 0.6 
9145 33 1 38 1 86 0 
9231 14 0 23 0 30 0.6 35 0 39 0.7 56 0.4 63 0.4 64 0.8 68 0 90 0.6 
9350 1 0 23 0.6 25 0 60 0 65 0.9 69 0 70 1 74 0.4 96 0.7 
9360 11 0 29 0.7 35 0.7 63 0 64 0.9 65 0 66 0 78 0.5 93 0.6 94 0.7 
9491 1 0.6 12 0.5 61 0 62 0.7 
9582 9 1 24 0 27 0 38 1 50 0 59 0.7 87 0.5 92 0.4 
9584 11 0.8 52 0.5 69 0.4 79 0.7 92 0.9 
9641 22 0 44 0.5 58 0.7 72 0.9 73 0.5 83 0.5 92 0.9 
9870 16 0.5 27 0 29 1 45 0 56 0.9 58 0.9 68 0.5 90 0 
9919 9 0.6 32 0.7 40 0.3 46 0 76 0.3 87 0.6 
9950 28 0 50 0.7 97 0 
9984 5 0.6 14 1 38 0.4 88 0.8 
