100
109 10 0 17 0 54 0.6 65 0.7 68 0 75 0 76 0.7 84 0 
131 6 0.3 11 0.8 16 0.9 25 0.4 28 0.3 41 0.8 91 1 
143 0 0.5 5 0.5 12 1 51 0.4 59 0.9 64 0 79 0.4 92 0 98 0.4 
169 10 0.5 54 0.6 69 0.3 
323 3 0.7 14 0.7 20 0 48 0.4 72 1 
348 0 0 3 0.6 40 0.8 44 0.9 49 0 90 0.9 
361 11 0.4 17 1 22 0.9 28 0 60 0.7 87 0.3 90 0 95 0.4 
451 4 0.5 29 0.8 30 1 34 0.4 35 0.4 39 0.3 43 0.4 92 0.6 
468 0 0.7 18 0.8 60 0 
544 2 0 13 0.8 26 0.8 44 0.4 53 1 57 0.6 60 0.3 69 0.3 82 0.3 
552 22 0.7 28 0.3 55 1 
608 1 0.9 4 1 15 0.3 19 0.3 32 0 64 0 66 0 69 0 70 0 96 0.5 
701 5 0.9 6 0.6 12 0 21 1 24 0.3 32 0.7 56 0.6 76 0 93 0.4 
752 6 0 11 0.6 33 0 34 1 37 0.3 52 0 61 0.8 67 0.6 74 0.6 82 0.5 
907 5 0.7 6 0.4 29 0.8 46 0.4 54 0 65 0.4 68 1 88 0.9 95 0 
1170 0 0.5 19 0.7 45 0.4 60 0 79 0.6 80 1 84 1 89 0.9 97 0.9 
1244 7 0.4 25 0.4 40 0.3 55 0.8 72 0.3 81 0 82 0.7 87 0 90 0.5 
1370 1 0 13 0.4 26 0.3 34 0 
1382 31 0 64 0.5 67 0.8 79 0.9 
1397 15 0 24 0 45 0 63 0 73 0.3 85 0.6 94 0.6 97 1 
1521 2 0.5 98 0.8 
1541 68 0 82 0.4 91 0 
1554 6 1 19 0.5 27 0 34 0 
1568 44 0.6 48 0.5 
1578 7 0 28 0.5 44 0.3 57 0.7 70 0.9 78 0.5 86 0.3 
1583 4 0.3 19 0.5 35 1 37 0.5 65 0 69 0.4 80 0.8 
1712 1 0.9 7 0.6 13 0.6 15 0.4 16 0 29 0 55 0.9 83 0.3 89 0.3 
1745 42 0.8 54 0.9 59 0.3 68 1 70 0.7 76 0.4 84 0.5 90 0.8 
1840 53 0 69 0.5 
1995 35 0.9 37 0.9 39 1 45 0.6 64 0 77 0 
2069 25 0.3 34 0 55 0.7 60 0.3 72 0 73 0.4 
2085 3 0.6 17 0.7 28 0.9 32 0 40 0.9 54 0.6 67 0 94 0 99 0 
2152 3 0 72 0.8 
2271 8 0 19 0 25 0.8 28 1 34 0 62 0.3 71 0 72 0.5 73 0.8 99 0.5 
2312 6 0.7 11 1 19 0 31 0.6 95 0 
2491 33 0 56 1 61 0.8 67 0 72 0 78 0 
2572 1 0 2 0 26 0.6 52 0 
2626 8 0.4 13 0.7 19 0.8 22 0.8 25 0.3 32 0 85 0.8 94 0.5 
2775 2 0.9 21 0.7 22 0 32 0 40 1 50 0 64 0.4 75 0 91 0.3 
2776 24 0 46 0.4 74 0 81 0.7 83 0.5 
2898 82 0.8 
2975 16 0.8 17 0.8 39 0.7 50 0.3 62 0.7 66 0.8 79 0.6 98 0.6 
3025 25 0.7 38 0.4 80 0.9 
3232 74 0.4 94 0 
3321 21 0 37 0.7 62 0 65 0 75 0.8 77 0.8 
3388 3 0.7 30 0.6 43 0.9 46 0.3 58 0.7 60 0.8 89 0.4 96 0.8 
3401 81 0.7 88 0.7 
3498 6 0 9 0.4 17 0.5 18 0 26 0.7 51 0.3 79 0.3 80 0.5 84 0 90 0.7 
3526 17 0 21 0.7 31 0 58 1 70 0 74 0.7 80 0 88 0.6 99 0.4 
3599 11 0.3 30 0.3 42 0.4 54 0.6 56 0.9 60 0 77 0 
3849 5 0.5 16 0 21 0.3 28 1 50 0.5 65 0.9 
3876 78 0.9 
3885 0 0.6 3 0 26 0.5 67 0.7 77 0 99 0 
3921 54 0.7 85 0.3 95 0.3 
3984 50 0.8 
4004 38 0.6 
4132 0 1 5 0.6 26 0.8 28 0 31 0.7 32 0.9 34 0.5 41 0 60 0 62 0.5 
4413 2 1 17 0 37 0.9 42 0.8 52 0.9 62 0.7 74 0.6 75 0.9 84 0.5 
4414 33 0.9 53 0.3 67 0.3 84 0.5 
4551 2 0.5 6 0.5 13 0.9 16 0.9 36 0.5 41 0 56 0.6 63 0 72 0.8 
4673 12 0.5 
4680 27 0.3 29 0.5 50 0.5 63 0.3 
4850 11 0.5 36 0 47 0 61 0 74 0 76 0.7 81 0.5 90 1 95 1 96 0 
4851 8 0.6 9 0.6 58 0 66 0.7 84 0 
5042 1 0.4 21 0 29 0.3 80 1 97 0 
5045 4 0.7 14 0 23 0.4 25 0.6 45 0 63 0.3 70 1 87 0.8 
5200 6 0.6 17 0 27 1 29 0 32 0.4 48 0 49 0 72 0.9 87 0.3 98 1 
5203 33 0.7 42 0 44 0.4 46 0.4 60 0.7 93 0.8 
5270 31 0.6 
5381 6 0.7 8 0.8 17 0.9 40 0.5 44 0.5 71 0.3 88 0.9 
5435 34 0.6 48 0 49 0 54 0.9 
5714 68 1 87 0.7 
5832 2 0 6 0 24 0 34 0 35 0.8 41 0 47 0.8 54 0.9 
5936 70 0.3 96 0.9 
5953 1 0 8 0.8 16 0.6 36 0.9 59 0 60 0 61 0.4 73 1 81 0.9 88 0.7 
6108 56 0.6 73 0.3 75 1 
6175 21 0.4 84 0.5 
6243 5 0 7 0 14 0.3 26 0.7 62 0.6 64 0.4 70 0.6 71 0.4 82 0.8 91 0 
6286 5 0.5 76 0.6 93 0 95 0 96 1 
6492 8 0.7 
6542 11 0.7 19 0.6 26 0 
7071 29 0 37 0.9 52 0.6 69 1 80 0 97 0 
7104 64 1 74 0.7 76 0.7 78 0 90 0.6 98 0.6 
7127 7 0.6 23 0.5 26 0.4 28 0.7 30 0 42 0 61 0.7 80 0.7 85 0 95 0.3 
7247 3 0 14 0 29 0 48 0 84 0.5 94 0.9 
7367 5 0.7 7 0.4 17 0.5 26 0.4 76 0.6 96 0.9 
7424 13 0.8 28 0.3 82 1 
7454 22 0.3 31 0.3 36 0 62 0.7 86 0.4 
7716 9 1 31 1 32 0.9 66 0.9 78 0.7 86 0.6 89 0.8 95 0.5 99 0 
7832 32 0.6 58 0 84 0.3 
8071 42 0.6 44 1 65 0.9 
8223 68 0.3 
8291 80 0.8 85 0.8 
8301 6 0 15 1 19 0.9 24 0 53 0.4 55 0.6 70 0 78 1 88 0.3 95 0.9 
8342 18 0.7 24 0.9 37 0 39 0.3 59 0.3 76 0.3 81 0.8 
8521 78 0 96 1 
8613 2 0 20 0.3 27 0.3 31 0.8 58 1 64 1 69 0.9 74 0 75 0.9 94 0.5 
8913 39 0 52 0.6 71 0 88 0.9 
9759 30 0 43 0.7 45 0 52 0.3 70 0.5 74 0.6 
9932 9 0.6 36 0 98 0.3 
