100
38 11 0.5 22 0 65 0.5 86 0.7 87 0.5 93 0 97 0.4 
135 52 0.6 57 0.7 66 0.3 88 0 93 0.4 
240 15 0 23 1 39 0.8 60 0.5 77 0 87 0.4 90 0 
364 11 0 
412 8 0.9 10 0.3 34 0 38 0.7 44 0 45 0 50 0.3 66 0 90 0 98 0.5 
520 15 0.5 35 0.7 50 0.9 
554 0 0.5 9 0.9 32 0.6 42 0.5 43 0.4 51 0.9 56 0.3 93 0.7 
707 0 0.4 4 0.3 5 0.4 25 0 30 0 34 0 45 1 49 0.9 85 1 91 0.7 
751 24 0.5 25 0.4 27 0.8 54 0.4 83 0 86 0 93 1 97 0.3 
780 15 0.5 70 0.5 
879 36 0.6 95 0.6 
914 3 0 29 0.8 34 0.7 62 0 64 0 92 1 
983 6 0 13 0.8 18 0.6 31 0 55 0.7 
1110 24 0.9 25 0.4 28 0.7 39 0.6 43 0.9 70 0 73 0.7 80 0.4 86 0.6 89 0.9 
1155 5 0.3 7 0.7 16 0.9 18 0.6 25 0.9 47 0.7 66 0 98 0.7 
1157 3 0 5 0 14 0.6 18 0.3 24 0.7 38 0 60 0.3 85 0.4 86 0 95 0.9 
1164 5 0.6 18 0.6 20 0 24 1 27 0 29 0 35 1 41 0 72 0 
1489 28 0.4 67 0.6 
1533 5 0.4 28 0.3 92 0.8 95 0 
1632 4 0.6 10 0.7 33 0.6 64 0.9 65 0 75 1 80 1 
1633 6 0.4 12 0.8 22 0 30 0 68 0.3 74 0.9 76 0 83 0.9 
1717 3 0.4 25 0 68 0.4 
1839 12 0.7 62 0.6 64 0.6 
1884 51 0.8 57 0 63 0.7 65 0.4 69 0.6 74 0.7 77 0.5 78 0.5 89 0.3 93 0.5 
1908 15 0 20 0 27 0.9 43 1 44 0.9 45 0.3 53 0.6 76 1 79 0.8 
1962 72 1 
2061 5 0.9 19 0.6 27 0 45 0.7 56 0.8 85 0.4 89 0.3 
2208 15 0 41 0.4 92 0.9 
2278 0 0.5 3 0.6 21 0.7 27 1 57 0 78 0 82 0.6 
2287 3 0 9 0 15 0.5 71 0.5 
2339 55 0.4 
2403 16 0.7 
2638 22 0.8 72 0.3 80 0 
2678 75 0.3 
2810 0 1 12 0.8 29 0.5 38 0.9 59 1 66 0 76 0.7 85 0 88 1 94 0.4 
2844 63 0.9 96 0 
2894 23 0.9 95 0.8 
2949 90 1 94 0 96 0.5 
2978 26 0.9 27 0 47 0 56 1 74 0.6 83 1 89 0.3 97 0 
3058 4 0.8 24 0.5 35 0 50 0.4 87 0.4 89 0.6 96 0.9 99 0.6 
3076 18 0 23 0 51 1 88 0.3 97 0 
3116 20 0.8 28 0 32 0.3 54 0 65 1 80 0 82 0 88 0 94 0.9 98 1 
3650 6 0.4 56 0.6 67 0.6 91 0.8 
3666 11 0 38 0 46 0.4 65 0.9 79 0.6 84 0.3 89 0.7 98 0 
3891 22 0.9 27 0.4 46 0 49 0.9 63 0 
3918 0 0.3 7 0 9 0.5 31 0.3 
4030 25 0 95 0.7 
4041 18 0.4 
4102 6 0.6 15 0 18 0.4 64 0.6 
4152 21 1 60 0.6 66 0 84 0 91 0 
4502 12 0 33 0.6 41 0.8 83 0.5 95 0 
4660 12 0.3 59 0.5 78 0.6 94 0.6 
4739 22 0.6 26 0.5 27 0 43 0 44 0 46 0 65 1 75 0.7 99 0.6 
4765 59 0 
4858 14 0.7 41 0 51 0.3 53 0.9 61 0.5 69 0 82 0.6 85 0.9 
4910 15 0 18 0.8 19 1 24 1 55 0 82 0.6 83 0.9 98 0 
5428 4 0 46 1 59 0.5 
5462 13 1 17 0.5 33 0 37 0 48 0.5 53 0 56 0.4 70 0 71 0.6 77 0.4 
5525 2 0.5 23 0.8 41 0.8 51 0 69 0 79 0.4 
5558 0 0 25 1 30 0.6 38 0.7 39 0 56 0.7 63 0 71 1 
5723 27 0.4 53 1 55 0.8 70 0 72 0.7 
5744 9 0.9 30 0 35 0.5 44 1 48 0.3 54 1 60 0 68 0.5 81 0.3 86 0.4 
5952 0 1 16 0 44 0 56 0 87 0.5 
6068 5 0 12 0.3 81 0.9 85 0.4 
6158 11 0.7 55 0 64 0.7 75 0.8 90 0.5 91 0 
6204 22 1 
6255 4 1 26 0.9 65 0.7 96 0.6 
6374 0 0 1 0 7 0 11 0 23 0.7 55 0.9 58 0.6 72 0 78 0.5 
6524 8 0.6 49 0.5 51 0 69 0.3 80 0.8 94 0.6 
6810 14 0.7 75 0.4 
6837 8 0 35 0.3 58 0 74 0.8 
6874 24 1 28 0.9 37 0.7 48 0.9 
7124 3 0 22 0.3 26 0.3 43 0 54 0 63 0 67 0.7 91 1 95 0.3 
7300 16 0 54 0.9 59 0.6 79 0.7 87 0.6 
7418 2 0.7 9 1 37 1 50 0 56 0.7 61 0.3 62 0.3 64 0.5 65 0.8 75 0 
7602 24 0.4 41 0.9 43 0.4 46 0.7 58 1 64 0.7 72 0.7 73 0.8 96 0.3 
7691 3 0.8 6 0.6 14 0 36 0.9 75 1 
7729 7 0.5 8 0 13 1 26 1 52 1 55 0 74 0.8 
7883 9 0.8 16 0.4 27 0.8 43 0.9 73 0.9 
8032 0 0.3 3 0.3 5 0.7 14 0.5 16 0.8 32 0.3 39 0 46 0 83 0.4 91 0 
8084 14 0.5 15 0.5 25 0.6 33 0 59 0 83 0 91 0.3 92 0.7 94 0.6 99 0.7 
8191 7 0.8 17 0.7 29 0.8 48 0.3 68 1 72 0.3 86 0.8 93 0.8 97 0.9 
8193 7 0.3 10 0 22 1 27 0.3 45 0.4 54 0.3 74 0.7 84 0 97 1 
8201 26 0 32 0 41 0.3 47 0.3 67 0.4 86 0 96 0 
8327 7 0.3 39 0.4 
8416 9 0.9 14 0.6 80 0 
8443 9 0.8 12 0 28 0.7 42 0.4 54 0.6 57 0.8 63 0.8 67 0 78 0 95 0.3 
8525 5 0 58 0.8 
8562 12 0.8 25 1 26 0.5 58 0.4 59 0.5 75 0.8 79 0 
8606 13 0 15 1 17 0.4 36 0 58 0.6 59 0.3 74 0.7 80 0.3 94 0.9 96 0.4 
8624 32 0.6 33 0 35 0 38 0.9 61 0.6 72 0.4 87 0.3 98 0.9 
8835 13 0.4 14 0.7 
8862 4 0 27 0.4 33 1 34 0.4 43 0 44 0 59 0.7 64 0.9 77 0 85 0.5 
9383 30 1 38 0 49 1 72 0.7 75 0 
9458 11 0.6 19 0.7 22 0 42 0.9 43 0.5 54 0.7 66 0 
9542 3 1 5 0.6 20 0.6 27 0.3 45 0.6 58 0.4 87 0.9 95 0 
9602 3 1 20 0.7 28 0.8 57 1 72 1 85 0 86 0 95 0.9 
9744 13 1 54 0.4 95 0 
9894 0 0.5 6 0.3 25 0.9 30 0 32 0 39 0.8 52 0 55 0 58 0.4 95 0.4 
9976 2 0 9 1 30 0 31 0.9 36 0 37 0.6 57 1 58 0.5 60 0.3 76 0.7 
