100
11 12 0.4 14 0.7 15 0 35 0 58 0 78 0 94 0 
41 8 0.6 35 0.8 40 0.6 41 0 42 0.8 77 0.8 92 0 
87 10 0.3 54 0.4 59 0 62 0.4 69 0.3 71 0.6 72 0.5 92 0.5 
126 1 0.5 53 0.9 55 0.4 92 0.4 94 0.7 
480 13 0.4 26 0.9 33 0.3 62 0 88 0.8 94 0.8 
530 3 0.7 24 0.5 41 0.6 44 0.7 46 0.9 56 0.5 65 1 76 0.6 86 0.3 91 0 
588 84 0.7 
735 46 0.4 83 0.6 98 0 
740 15 0.3 
842 0 0.9 4 1 28 0.7 46 0 83 0.3 87 0 98 1 
977 0 0 6 0 8 0 75 0.7 77 0.8 
1003 3 0.8 10 0 11 0 38 0.5 52 0 66 0.7 79 0.6 90 0 95 0 
1013 25 0.9 37 1 56 0.3 60 0.4 93 0.6 96 0.7 
1038 13 0 38 0.9 74 0.5 83 0.7 
1051 70 0.4 84 0.3 91 0.8 94 0.9 
1078 0 0.5 99 0.3 
1160 51 0.3 62 0.5 69 0.6 96 0.6 
1180 9 1 37 0.4 75 0.4 80 0 
1274 11 0 37 1 49 0 59 0.5 69 0.9 84 0.8 93 0.3 
1473 24 0.3 66 0.8 75 0 96 0 
1602 10 0.9 63 0 
1751 3 0.9 17 0.5 25 0.7 51 0 57 1 67 0.5 75 0.7 
1752 4 0.8 26 0 52 0.9 58 0.3 83 0.3 96 0.7 
1968 2 0 20 0.3 26 0.8 56 0 57 0 72 0 78 0.7 83 0.3 
2112 23 0.5 37 0.4 44 0.7 63 0.3 94 0.4 95 0.7 97 0.9 
2114 2 0 18 1 53 0 57 0.8 77 0.4 89 0.4 95 0.9 
2161 85 0.3 
2355 69 0 77 0.7 80 0.4 
2418 5 0 16 0.8 25 0.7 39 0.8 43 0.3 49 0.4 54 0.4 83 0 85 0.9 98 0.9 
2491 33 0.4 56 0 61 1 67 1 72 0.5 78 0.4 
2496 26 0 38 0 69 0.7 94 1 
2777 32 0.5 37 0.3 83 0 
2847 2 0.6 6 1 19 0.9 21 0.3 46 0.5 66 0.5 69 0 74 1 
2936 32 0 45 0.3 57 0.6 
3023 33 0.5 46 0.8 81 0.5 82 0.3 88 0.4 91 0.4 97 0.7 
3073 2 0 13 1 31 0 52 0.9 69 0.9 74 0.8 89 0.4 94 0.6 98 0.5 
3190 20 1 27 1 35 0 38 0.5 40 0.7 44 0.8 76 0.4 83 1 88 0 99 0 
3203 11 0 23 0.4 24 0.5 33 0 62 0.5 83 0.7 
3411 12 1 26 0.5 38 0.6 47 0.6 55 0.9 69 0 84 0 88 0.7 
3443 52 0 60 0.4 70 1 76 0.5 
3602 18 0.5 
3622 34 0 
3663 7 0.4 38 0.3 47 0.8 59 0.7 
3695 17 0 21 0.6 22 1 30 0 46 0 59 0.5 64 0.4 96 0.3 
3696 35 0 
3963 33 0.3 47 0.8 56 0 
4022 9 0.7 41 0 63 0.6 92 0.6 97 0.5 
4024 26 0.5 
4128 9 1 27 0.7 40 0 42 0 50 0.5 69 0.8 74 0 
4268 68 0.9 98 0.7 
4364 38 0.6 79 0.4 
4442 11 0.6 27 0.8 28 0.4 36 1 37 0.9 45 0 55 1 63 0.4 64 1 89 0.3 
4587 9 0.8 19 0.8 20 0.4 34 0.9 52 1 
4828 3 0.5 14 0 32 0 33 0.3 68 0.9 95 0 99 0.8 
4874 36 0.5 41 0.8 65 0 66 0 71 0.6 
5049 7 0.6 15 0.6 48 0.5 71 0.6 73 0 77 0 
5114 10 1 11 0.7 23 0 
5334 13 1 25 0.8 27 0 37 0 42 0 51 0.6 94 0.7 
5359 8 0.6 14 0 21 0.5 25 1 29 0 38 0 98 0 
5449 10 0.8 13 1 17 0.7 28 0.9 48 0.8 57 0.5 77 1 
5572 2 0.9 7 0.9 21 0.6 30 0 35 0 57 0 71 1 94 0 99 0 
5799 31 0 46 0 54 1 58 0.3 63 0.4 71 0 72 0 77 0.5 98 0.3 
5946 2 0.7 4 0.7 55 1 77 0 79 0.3 90 0.4 
5989 1 0.5 3 0.9 4 0 20 0.3 31 0 49 0.9 55 0.7 82 0.8 
5992 0 0 22 0.7 34 0.4 38 0.5 39 0 41 0 47 1 62 0.5 68 0.5 95 0.8 
6056 6 0 37 0.7 40 0.7 47 0.9 61 0 97 0.9 99 0 
6115 50 1 57 0.3 62 0.8 85 0.3 
6271 15 0 41 0 43 0.7 54 0 55 0 58 0.6 74 0.3 75 0 92 0.8 93 1 
6368 21 0.3 24 0.9 58 0.5 
6531 45 1 57 0 63 0.6 64 0.6 76 0.4 77 0 82 1 87 0.8 
6642 2 0.8 6 0 11 0 12 0 14 0.9 19 0.8 43 0.6 63 0.6 97 0 
6912 77 0.5 
6995 4 0.9 8 0.9 34 0.4 90 0 91 1 97 0.7 
7081 29 0 37 0.4 47 0.3 54 0 60 0 64 1 78 0.7 
7135 80 0.7 94 1 
7236 74 0 
7329 12 0.4 19 0 36 0.9 45 0.5 60 0.9 80 0 86 0.6 
7399 2 0.6 6 0.9 22 0.3 29 0 54 0 63 0.5 89 0.9 97 0.9 
7622 45 0 
7667 10 0.7 25 0 99 0.4 
7674 6 0 20 0 31 0.7 47 0 48 0 54 0.7 64 0.3 69 0.5 85 0 94 0.6 
7855 47 0.3 
7969 87 0 
8003 3 0.9 17 0 41 0 49 0.4 51 0.9 52 0.5 61 0 91 0.9 95 0.4 
8086 3 0.6 5 0.6 14 0.4 48 0.7 52 0 82 0 83 0 95 0 99 0.7 
8121 16 0 40 0.9 73 1 83 1 91 0.8 
8145 54 0.3 85 0.9 
8243 20 0.3 44 0.7 51 0.9 80 0 97 0.5 98 0 
8302 15 0 
8324 0 0 1 0.4 7 0.6 31 0 45 0.8 55 0 61 0 87 0.6 92 0 
8727 7 0.5 15 0.6 27 0.6 29 0.6 57 0 81 0.8 97 0.6 
8767 19 0.7 
8852 75 0.9 
9512 25 0.7 28 0.7 57 0 58 0 63 0.3 66 1 70 0 80 0.7 89 0.6 
9602 3 1 20 1 28 0.6 57 0.3 72 0 85 1 86 1 95 0.4 
9704 5 0 10 0 20 0.4 32 0 54 0.7 67 0.4 68 0.4 90 0.9 
9771 10 1 69 0.3 77 0 85 0 89 0 98 0.8 
9806 0 0 30 0.7 80 0 83 0.3 88 0 
9854 3 0.5 13 0 15 0.5 27 0 34 0 51 0 85 0 93 0 97 0.5 98 0 
9899 47 0.3 72 0 
