100
141 53 0 64 0.5 83 0.7 
231 21 0.9 37 0.4 93 0.7 
233 97 0.4 
248 4 0.6 5 0.4 28 0.3 46 0.6 55 0 70 1 82 1 93 0.6 95 0.9 
268 6 0.4 12 0 29 0.4 59 1 73 1 80 0.8 
312 95 0 
325 0 1 7 0 48 1 68 0 75 0 
436 37 0 55 0.9 72 0.6 
470 14 0.4 18 0.4 19 0.7 33 0.8 41 0 50 0.9 61 0.7 70 0 85 0.3 95 1 
562 11 0 17 0.8 33 0.7 46 0 49 0 51 0.7 81 0 86 0 
563 4 0.8 9 0.8 10 0.4 12 0.4 55 1 58 0.5 62 0 67 0.5 
622 2 0 21 0.9 28 0.5 43 0.6 60 0.6 92 0.6 96 0.4 
676 3 0 37 0.4 93 0 
761 39 0.5 72 0.9 84 0.7 85 0.7 86 0 90 0 98 0.8 
855 39 0.3 56 0 70 0.3 79 0 81 1 
885 53 0.9 75 0.6 82 0.5 
1053 10 0.3 
1111 55 0.5 
1116 3 0.7 16 0.6 22 0.7 41 0.8 71 0.4 88 0.5 
1183 29 0.4 42 0.6 
1237 0 0 2 0.5 15 0.7 18 1 24 0.9 44 0 48 0.6 93 0.9 
1242 17 1 25 0.7 28 0.9 33 0.9 34 0.4 36 0.5 48 0 71 0.4 74 0 82 1 
1307 29 0 97 1 
1432 10 0 17 0.9 23 0.5 53 1 59 0.4 60 0 70 0.8 82 1 
1514 0 0 22 0.3 46 0.8 68 0 82 0.5 86 0.3 87 0.5 97 1 99 0.4 
1549 44 0.7 75 0 81 0.3 91 0.7 
1567 1 1 23 0 30 1 64 0 70 0.5 81 0 90 0.6 97 0.5 
1642 28 0 36 0.4 66 0.7 75 0 91 0.5 93 0.8 
1700 14 0.8 50 0.4 52 0 58 0.7 75 0 76 1 81 0.5 92 0 97 0.5 
2015 14 0.3 35 0.6 97 0 
2266 15 0 
2308 2 0.5 4 0.3 10 0 13 0.4 
2326 4 0.7 17 0 25 0 
2403 16 1 
2408 5 0.9 11 0 13 1 26 0.5 31 0.8 45 0.3 53 0.3 61 0.9 82 0 90 0.3 
2411 24 0.6 28 0.5 30 0 49 0.7 68 0.5 72 0.6 
2464 7 0 
2598 2 0.3 40 0.4 47 0.4 59 0.5 76 0 
2616 23 0.4 66 0.3 75 0.9 81 0.3 94 0.6 
2731 94 0.4 
3081 3 0.9 8 0.5 9 1 37 0.5 40 0 59 0 64 0.3 73 0.4 93 0.5 
3082 21 1 29 0 34 0.7 55 0 64 0.4 68 0.3 
3256 1 0.4 44 0.4 
3335 2 0.9 
3376 25 0.9 36 0.7 43 0 62 0.9 69 0 70 0.8 79 1 87 0.5 
3390 22 0 27 0.4 33 0.6 44 0.9 81 0.6 90 0.6 
3566 16 0.9 21 0.7 23 0 24 1 25 1 37 0 41 0 46 0.8 47 1 
3636 30 0.4 40 0.5 42 0 46 0.3 50 0 77 0.7 80 0.8 85 0 90 0.8 
3658 26 0.3 42 0.5 56 0.4 61 0.6 82 0.8 89 0.5 98 0.9 
3730 90 0.8 
3998 47 0.8 51 0 52 0.4 64 0.3 65 0.6 69 0.3 71 0.9 75 0 86 0 87 0 
4450 92 0.6 
4664 9 0.7 15 0 70 0 95 0.9 
4711 4 0.6 8 0.4 13 0 
4722 27 1 43 0.8 47 0 97 0.9 99 0.6 
4816 34 0 35 0.5 37 0.6 38 0.5 45 0 58 0 64 0.6 73 0.4 80 0.4 90 0.7 
4884 23 0.9 46 0.8 54 0.4 61 0.5 63 0.7 71 0.7 75 1 90 0.3 
5015 2 0 22 0.6 49 1 62 0.9 75 0.5 79 1 80 0.3 87 0.7 
5182 12 0.7 18 0.7 24 0.3 32 0.9 88 0 95 0.5 
5206 13 0.4 39 0.5 46 0.6 48 0.3 56 0.8 96 0.8 
5237 3 0.8 7 0.5 12 0.5 13 0.3 15 0.8 34 0.6 50 0.9 52 0.4 60 0 
5360 4 0.6 15 0.3 23 0 28 0.5 31 0.4 40 0 48 0.7 60 0.4 71 0.9 99 0.8 
5425 3 0.8 9 0.9 32 0.7 62 0.8 76 1 84 0 98 0 
5719 7 1 12 0.3 28 0 38 0 41 0.4 52 0.3 53 0.9 83 0.8 
5935 15 0.8 17 0 38 0 44 0.5 66 0.7 68 1 69 0.4 74 0.7 86 0 92 0 
6194 18 0.5 19 0.4 32 0.4 36 0.9 37 0 42 0.6 47 0.3 66 0 74 0 94 0.9 
6224 70 0 78 0.4 89 0.6 
6335 38 0.9 48 0.5 54 0 59 0 62 0.6 64 0.3 80 0.3 83 0.7 87 0.5 88 0.8 
6625 6 0 8 0.8 14 0.6 24 0.4 30 1 42 0 70 0.4 83 0 96 0.9 
6807 6 1 7 0.6 22 0.6 32 0.4 75 0 
6847 41 0 78 0.5 
6890 8 0.7 22 0.9 23 0.6 43 0.9 61 1 68 0.5 97 0 
7149 18 1 22 0.8 37 1 65 0 74 0 75 0.8 89 0 95 0.3 
7391 54 0.6 71 0.9 81 0 90 0.7 96 0.5 
7460 1 0.5 68 0 
7540 5 0 30 0 42 0.4 44 0.5 65 0.4 71 0.8 79 0.6 94 0 
7569 6 0.3 9 0 13 0.8 18 0.4 38 0 48 0.6 
7692 30 0.4 
7707 0 0.9 21 0 31 0.4 60 0.8 82 0 85 0.9 
7785 24 1 37 0 40 0.4 83 0.7 
7879 40 0 70 0 
7945 27 1 41 0 54 0.6 68 0.3 69 0.5 73 0.3 75 0.4 85 0.8 93 0 
8260 1 1 16 0.5 35 0.6 65 1 74 0.6 75 0.6 88 0 99 0.9 
8348 0 0.9 8 0.3 15 0.9 22 1 33 0.5 63 0 77 0.6 83 0.4 97 0 
8490 42 0.3 
8536 9 0.9 10 0.7 28 0.4 39 0.3 52 0.7 58 0.5 71 0.6 77 0.6 98 0 
8538 81 0.4 
8557 11 0.7 24 0.5 42 1 86 0.5 87 0 
8744 7 0.3 8 0.5 37 0 41 0 49 0.6 56 0.8 62 0.8 77 0 81 0.9 86 0 
8848 11 0.6 51 1 54 1 67 0.6 74 1 75 1 79 0.9 92 0 94 0.4 97 0 
8911 83 0 
8952 5 0.4 43 0.5 51 1 
8960 1 0.8 6 0.6 7 0.8 25 0.9 53 0.4 78 0.6 98 0 
8962 39 0 45 0 74 0.5 97 0.4 
9175 47 1 52 1 65 1 74 0 84 0.9 90 0.6 97 1 
9208 4 0.9 11 0 21 0.3 29 1 46 0.4 65 0.9 77 0.8 83 0.6 
9468 40 0.3 50 0 70 0 75 0.6 91 0 
9562 75 0 
9919 9 0.5 32 0.8 40 0.8 46 0.5 76 0 87 0.5 
9958 10 0 47 0.6 
