100
60 4 0.5 25 0.9 44 0.5 
70 96 0.5 
87 10 0.8 54 0.4 59 0.7 62 1 69 0 71 0.7 72 0.3 92 1 
100 17 0 
117 1 0 19 0.5 47 0.6 70 0.5 77 0 83 0.6 88 1 96 0.8 97 0.8 
192 16 0 29 0.6 35 0 46 0.5 73 0.7 93 0.7 
202 21 0.3 37 0 56 0 64 0.7 67 0.9 72 0.3 75 0.6 83 0.7 
286 25 0.4 48 0.4 51 0 55 0.3 56 0.7 64 0 86 0 90 1 93 0.9 
338 15 1 22 0.3 34 0 47 0 48 0 68 1 78 0.6 
559 19 0.6 51 1 57 0.3 70 0.8 74 0.5 83 0.5 84 0.4 
561 6 0.4 7 0.6 60 0.9 65 1 77 0.6 95 0.9 
583 30 0 81 0 
587 10 0 29 0.4 31 0.7 37 0.8 50 1 58 0 80 0.9 
611 6 0.5 52 0.4 58 1 68 0.5 76 0.9 
712 16 0.7 19 0 45 0 66 0.9 75 0.8 77 0 94 0 
758 34 0 48 0.6 60 1 
795 64 0.4 
865 33 0.4 35 0.3 53 0.8 
894 2 0.4 6 0.6 14 0 59 0 66 0 73 0 97 0.4 99 0.8 
1199 7 0.9 20 0 24 0.9 25 0.5 51 0.3 76 0.8 
1362 2 0 18 0 23 0.8 37 0 38 0.4 39 0 56 0.3 67 0.5 88 0 98 0 
1435 11 0.6 16 0.7 44 0.3 69 0.8 70 0.8 94 0 
1534 16 0 34 0.6 64 1 68 0 91 1 
1722 1 0.4 13 1 15 0.5 29 0 39 0.6 50 0 65 0 73 0.7 75 0.3 88 0 
1845 20 0.4 42 0.7 72 0.7 89 0.9 
1904 1 0.7 6 1 13 0.8 26 0 45 1 68 0.8 87 0.8 88 0.7 99 0 
1978 17 0.7 21 0.4 33 0.3 38 0.4 40 0.8 46 0 59 0.7 62 0.9 88 0.8 91 1 
1996 0 0.9 16 0.5 35 0.9 58 0 60 0.3 69 0.3 82 0 90 0.5 
2102 19 0.7 30 1 45 0.6 54 0.4 67 0.7 
2169 51 0 
2178 6 0.5 22 0.4 47 0 66 0 73 0.8 78 0 
2185 20 0.8 21 0 24 0.7 30 0.6 34 0.4 43 0 75 0 78 0.8 80 1 83 0.8 
2304 0 0 14 0.8 22 0.8 30 0.9 48 0 55 0 92 0.9 97 0 
2510 12 0.6 32 0.4 55 0 60 0.5 65 0 79 0.9 85 0.6 87 0.7 99 0.5 
2663 8 0.8 26 0.4 36 0.9 60 0.9 
2692 42 0.8 66 0 
2698 2 0.8 9 0.8 15 0 34 0 85 0 93 0.6 
2790 7 0.7 36 0.4 45 0.6 51 0.4 55 0 62 1 77 1 84 0.4 89 0.8 97 0.9 
2896 3 0.5 11 0.5 24 0 32 0.4 73 1 
3173 31 0.7 86 0.4 93 0.8 98 0.3 
3252 12 0.5 25 0.4 34 0.7 53 0 59 0 81 0.8 93 0.5 
3271 2 0.6 31 0.5 32 0.5 35 0.9 56 1 61 0.3 62 0 77 0.4 81 0 
3287 12 0.7 24 0.3 96 0.4 
3372 5 0.8 20 0.5 21 0.9 28 0.7 44 0 76 0.7 88 1 99 0 
3387 17 0.8 25 0 66 0.6 94 0.6 95 0.6 
3448 83 0.8 
3671 5 0.7 11 0.7 18 0 47 0.9 57 0.5 66 0.4 86 0 96 1 
3996 35 0.5 39 0 43 0 78 0.4 85 0.5 
4089 48 0.9 77 0.4 78 0.9 91 0 
4158 9 0.8 16 0 32 0 35 0.6 39 0.8 60 0 79 0.3 84 0.8 92 0 98 0.4 
4196 4 0 23 0.7 26 0.6 65 0.9 82 0.7 85 0 88 0 93 0.9 94 0.8 
4247 1 0.8 15 0.8 16 0 29 0.6 35 0.4 36 0.3 42 0 59 0.3 63 0.7 
4492 2 0 14 0.6 30 0 36 0 58 0 
4673 12 0.4 
4843 9 0 50 0.6 64 0.6 
4858 14 0.4 41 0 51 0.6 53 0.6 61 0.8 69 0.8 82 0.4 85 0 
4862 65 0.3 
5041 13 1 25 0 45 0.3 61 0.5 78 0.9 84 0 87 0.3 99 0.6 
5100 11 0 21 1 35 0 48 0 75 1 
5106 16 0.9 61 0.6 
5237 3 1 7 0.6 12 0.5 13 0.5 15 0.8 34 0.4 50 0 52 1 60 0 
5613 52 1 
5642 1 0.7 18 0.3 47 0.6 90 0 96 0.7 
5667 56 0 63 0.5 73 0.9 90 0 
5955 45 1 75 0 
5986 36 0.6 
6020 7 0.3 39 0.9 44 0.7 
6262 18 0.5 27 0.7 38 0.5 46 0.4 47 0.5 50 0 63 0.9 74 0.4 
6289 64 0.3 
6326 39 0.6 60 1 82 0 84 0.5 
6566 23 0.6 40 0.5 41 0 43 1 73 0.8 
6739 5 0.9 13 0.4 48 0 55 0 78 0.3 90 0 
6756 14 0.7 22 0.5 24 0.7 43 0.5 89 0.6 93 0.8 
6858 8 0.5 13 1 16 0.4 17 0 19 0.7 54 0.9 82 0.6 
6905 5 0.8 16 0 
7166 13 0.8 48 0.5 52 0.8 67 0.4 82 0 
7195 22 0.4 39 0 66 0.8 75 0.5 95 0.8 96 1 99 0.4 
7198 14 0.3 26 0.6 30 0 53 0 75 0.5 80 0.3 89 0.6 99 0 
7213 29 0 32 0 44 0 67 0.5 96 1 
7337 14 0.3 80 0.4 83 0 
7412 0 0.8 32 0 46 0.7 52 0.3 65 1 80 0.4 88 0.5 89 0.9 97 0.3 98 0 
7453 9 0 26 0 53 0.5 74 0.6 79 0 83 0.7 99 0.3 
7487 4 0.8 12 0.8 14 0 25 0.4 40 1 49 0.5 67 0 
7587 4 0 44 0 64 1 70 0.8 
7685 65 0.6 
7770 29 0.6 63 0 83 0.6 94 0.7 97 0 
7780 6 0.7 16 1 20 0.5 51 0 52 0.9 75 0 80 0.3 87 0.8 97 0.8 
7819 15 0.3 31 0.9 38 0 43 0.3 72 0.9 93 0.8 
7915 64 0.6 79 0 
8339 36 0.8 38 0.5 48 1 49 0.7 63 0.9 74 0.5 83 1 90 0.8 
8505 7 0.9 32 0 35 0.6 39 1 40 0.4 78 0.3 79 0.6 
8664 25 0 28 0 32 0.8 43 0.6 50 0 81 0.9 84 0 92 0 95 0.5 96 0.6 
8730 64 0 68 0.7 
8739 19 0 
8766 7 0 9 0.3 15 0.7 37 1 44 0.6 52 0.3 55 0.3 58 0.3 77 0 94 0.8 
8999 13 0.4 48 0.8 63 0 79 0.6 
9021 58 0 68 1 
9483 55 0 60 0.6 65 0 69 0.5 75 0.3 76 0.7 
9575 0 0.3 9 0.8 49 0.5 60 0.3 62 0.5 66 0 69 0.9 74 0 75 0.9 84 0.8 
9577 24 0.4 28 1 39 0.8 45 1 57 0.5 66 0.7 68 0 83 0.7 91 0.3 93 0.4 
