100
15 4 0.3 9 0.4 16 0.4 26 1 34 0.3 40 0 60 0.6 
36 4 0.9 11 0.8 21 0.4 33 1 41 0.5 53 0 55 0.3 57 0 78 0.8 97 0 
121 56 0.4 88 0 
145 61 0.5 
213 1 0.7 
310 63 0.4 96 0.3 
371 3 0.4 24 0 
535 9 0.6 25 0.4 33 0.8 35 0.5 40 0.8 42 0.6 83 0 88 0 93 0 
602 13 0.3 19 0 27 0.7 43 0.7 66 0.3 97 1 
712 16 0 19 1 45 0 66 0.7 75 0.9 77 0.7 94 0 
714 11 0.5 35 0.6 46 0 
838 2 0.7 21 0.4 45 0 46 0.7 50 0.4 66 0.9 
852 33 0.3 49 0.8 51 0.4 60 0.8 75 0.4 77 0.5 78 0 83 0.8 91 0.5 99 0 
1007 34 0.6 72 0.9 
1172 25 1 
1215 1 0.6 2 0.7 6 0.3 61 0 64 0.4 66 0.9 93 0 94 0.4 
1236 7 0.8 38 0.5 79 0 
1253 12 0.5 44 0.9 51 0.7 62 1 65 0.6 90 0.6 91 1 92 0.9 
1261 68 0.8 77 0.5 92 1 
1279 25 1 51 0.4 74 0.3 84 0.8 87 0 94 0.6 97 0.4 
1293 8 0 26 0 45 0.5 49 1 51 0.6 80 0 95 0.7 
1296 16 0.5 39 0.8 84 0.3 
1470 21 0.7 37 0.5 66 0.4 69 1 77 0 
1476 16 0.5 32 0.9 40 0.4 61 0 
1627 48 1 69 0.8 70 0.8 76 0.5 84 0 89 0.5 90 0.9 
1658 45 0.4 58 0.9 74 0.8 85 0.8 90 0.5 95 1 99 0.5 
1723 30 0.6 31 0 53 0.4 81 0 85 1 
1764 4 0.3 
1787 6 0.9 13 0 51 0.7 93 0.6 
1963 66 0.5 77 0.9 91 0.7 94 0 
2059 29 0.9 61 1 65 0.6 76 0 81 0.8 90 0.9 92 1 97 0.4 
2309 1 0 24 0.4 29 0.5 42 0.5 46 0 75 0 91 0 
2424 13 0.6 16 0 36 0.6 40 0 53 0.3 64 0.3 
2535 5 0.9 12 0 32 0 43 0.4 57 0 67 0.9 69 0 76 1 89 0.8 98 0.4 
2539 12 0.9 13 0.3 19 0.7 22 0.5 93 0.3 97 0.3 
2636 11 0.7 62 0.8 63 0.5 69 0.7 76 0.9 84 0 
2739 3 0.6 18 0.3 30 0.9 34 0.8 47 0.8 67 0.4 70 0.7 79 0.9 82 0.7 
2764 4 0.3 14 0.5 26 0.9 63 0 70 0.6 90 0 
2767 6 0.8 10 0 17 0.7 37 1 41 0.9 44 0.8 52 0.5 56 0.3 70 0.6 76 0 
2790 7 0.4 36 0.4 45 0 51 0.4 55 0 62 0.6 77 0 84 0.5 89 0 97 0.4 
2856 5 0.5 16 0.5 23 0 29 0.3 63 0.5 69 0.6 84 0.3 91 0.5 94 0 
3026 23 0 26 0.8 33 0.6 58 0.7 72 0.8 74 0.9 87 0.7 89 0.4 
3027 11 1 36 0 97 0 
3116 20 0.6 28 1 32 0.7 54 0 65 0 80 0 82 0.6 88 0 94 0.9 98 0 
3451 75 0.9 
3592 6 0 59 0.3 
3627 2 0.4 22 0.8 33 0.7 39 1 41 0.7 52 1 63 0.3 66 0.3 80 1 84 0.8 
3688 31 0.9 41 0 66 0.5 97 0.8 
3801 1 0 32 0.6 44 1 81 0 91 0.4 
3807 15 0.7 
3884 71 0.4 86 0 
4022 9 0.4 41 0 63 0.7 92 0.4 97 0.8 
4225 12 0.3 21 0 44 0.8 63 0.7 64 0 70 1 
4237 14 0 18 1 27 0.6 54 0 61 0 64 1 74 0.6 80 1 93 0.9 
4242 10 0.4 37 0.4 39 0.3 49 0.6 62 0 81 0.7 
4309 16 0.9 28 0 41 0 47 0 54 0.9 60 0.6 
4438 4 0.7 22 0.9 29 0.5 43 0 55 0 69 0.3 
4559 25 0.7 36 0 59 0 63 0.7 69 0.8 71 0.4 78 0.3 
4712 1 0.7 12 0.9 36 0.9 38 0 40 0 60 0.7 62 0 75 0 95 0.5 
5182 12 0.9 18 0.9 24 0.4 32 0.6 88 0 95 0.8 
5191 42 0.6 94 1 
5380 79 0.8 94 0.3 
5393 13 1 31 1 41 0.4 53 1 64 0.6 88 0.9 
5412 42 0 
5672 35 0.7 72 0.7 91 0.4 
5907 24 0 46 1 47 0.5 52 0.6 63 0.6 70 0 78 0.4 
5968 3 0.6 
6031 26 0.6 43 1 
6218 3 0 11 0 12 0 17 1 22 0 31 0.4 51 1 69 0.4 89 0.7 90 1 
6224 70 0.4 78 1 89 0 
6286 5 0.5 76 0 93 0 95 0.8 96 0 
6506 2 0.7 7 0.6 12 0.6 16 0.6 26 0.8 45 0.3 53 0 80 0.3 
6599 0 0.3 21 0.6 46 0.9 73 0.9 
6752 88 1 90 0.8 
6933 11 0.4 42 0.7 51 0.7 
7055 30 0.5 60 1 80 0.9 93 0.4 95 0.7 
7302 36 0.7 40 1 49 0 60 0.4 
7378 12 0.9 28 0.6 30 0.4 35 0.6 51 0 78 1 82 0.5 84 0.8 94 0.6 
7400 26 0.5 27 1 59 0.7 73 0.7 85 0.7 89 0.9 
7437 6 1 23 0.5 85 0 
7515 11 0.5 12 0 41 0.6 47 1 50 0.3 56 0 63 0 85 0.4 97 0.7 
7622 45 0.5 
7686 31 0.6 
8499 9 0.5 10 0.5 22 0.5 48 0.4 49 0 53 0.9 72 0.7 97 0.4 
8772 22 0.3 63 0.8 80 0.7 81 0.4 83 0 94 0 
8810 6 0 45 0 68 0.6 99 1 
8824 4 0.9 30 0.8 55 0 68 0.3 74 0.5 
9118 12 0.5 22 0 42 0.4 46 0.8 76 0.6 
9226 21 0.8 22 0.9 67 0.8 93 0 94 1 96 0.4 
9283 39 1 68 0.6 90 0 92 0 97 0 
9374 14 0.4 67 0.6 
9389 0 0.8 37 0.4 41 0 58 0 63 0.4 69 0.8 84 0.7 
9523 6 0.4 22 0.3 37 0.8 42 0.3 48 0.7 
9547 64 0 86 0.8 
9704 5 0.8 10 0.8 20 0 32 0 54 1 67 0 68 0 90 0.4 
9786 3 0 11 0.6 20 0.4 24 0 39 0 42 1 74 0.7 94 0 95 1 
9826 12 0.4 21 0.3 27 0.7 44 1 45 0.9 58 0.6 69 0.8 82 0.4 85 0.8 96 0.9 
9853 16 0.3 18 1 56 0 
9890 45 0.7 
9929 10 0.6 24 0.8 39 0.6 45 0.5 47 0 48 0.8 91 0.7 93 0.5 98 0.4 
