100
84 11 1 
199 8 0.4 12 0.3 21 0.8 30 0 41 0.9 60 0 61 0 87 0 95 1 
261 27 0 29 0.5 60 0.3 68 0.8 86 0.8 88 0.6 89 0 
424 13 0.9 26 1 38 1 54 0.9 68 0 76 0.5 98 0.3 
715 16 0.9 20 0.6 30 0.4 41 1 58 0.8 61 0 70 0.8 77 0.3 81 0.8 
850 1 0 
1048 29 1 32 1 37 0.4 39 0.9 
1173 51 0.5 
1216 44 0.5 82 0 89 0.7 90 0.9 
1263 34 1 40 0.4 57 0.7 75 0.8 82 1 
1453 5 0.6 88 1 
1507 1 0.6 8 0.8 12 0 17 0.5 25 0 49 0.3 
1518 24 0.6 36 0 54 0 62 0.3 67 0.5 85 0.7 87 0 90 0 99 0.3 
1533 5 0.4 28 0.5 92 0.7 95 0.9 
1580 5 0 8 0 22 0.8 28 0 52 0 60 0.8 71 0 90 0.8 
1671 70 0.8 
1728 2 0.7 12 0.9 22 0 40 0 80 0.6 91 0.8 
1781 5 0.6 7 1 12 0 14 0.8 57 0.8 71 0.8 
1820 3 0.8 6 0.8 8 0 27 0.6 33 0 34 1 92 0.6 93 1 97 0 99 0.7 
1841 19 0.3 33 0.7 82 0.4 
1913 18 0.4 
1987 34 0 52 0.6 66 0.8 
2148 13 0.9 31 0 36 0.3 66 0.9 
2343 30 0.6 33 0.9 35 0.3 43 0.3 64 1 90 0.9 93 0.6 
2361 15 0.7 32 0.4 33 0.3 52 0.3 56 0 62 0 69 0 71 0.6 95 0 
2396 45 0 48 0.6 57 0 60 0 63 0.5 71 0.8 83 0.4 
2515 19 0.8 45 0 57 0 80 0 
2549 10 0.5 20 0 23 1 46 0 61 0.6 63 0.4 67 0.9 73 0.5 75 0.6 85 0.4 
2698 2 0.8 9 0 15 0.9 34 0.8 85 0.6 93 0 
2817 22 0.6 24 0.3 32 0.3 35 0.8 54 0.8 56 0.4 58 0.5 69 0.9 77 0 88 0.3 
2829 7 0.3 
2977 22 0.9 40 0.3 61 0.9 76 0 92 0 
3032 2 0.3 6 0.6 15 0.9 23 0 33 0.8 45 0 73 0 
3041 23 0.4 29 0 69 0.8 75 0.9 
3107 5 1 6 0.7 10 0 11 0.6 31 0.7 46 0.5 69 0.9 78 0 91 0 92 0.6 
3139 5 0.5 34 0.3 40 0.8 58 0.8 75 0.4 
3298 38 1 56 0.3 64 0.6 89 1 90 0.7 
3376 25 1 36 0.3 43 0.9 62 0 69 0 70 0.9 79 0.7 87 0.5 
3555 14 0.7 20 0 24 0.7 27 0 39 0.9 53 0 66 0.3 68 0.5 89 0 91 0.9 
3716 5 0 9 0.9 20 0.8 70 0 72 0.8 98 0.8 
3937 31 0.5 97 0 
4364 38 0.8 79 0.3 
4417 31 0 38 0 43 0.3 52 0.4 65 0 83 0.3 90 0 
4771 26 0 43 1 47 0.7 50 0.9 51 0 62 0 85 1 
5023 7 0.6 24 0 35 0.5 36 0.8 71 0.9 80 0.4 
5282 85 0 
5298 4 0 9 0.4 12 0.5 17 1 19 0.9 22 0.7 60 0 
5376 4 0 20 0.4 58 0.3 69 0.8 70 1 93 0.9 96 0.8 97 0 98 0 
5389 1 0.8 26 0.5 93 0.4 
5420 63 0.9 65 0.8 80 0.9 
5520 6 0.7 27 0 33 0.3 42 0.7 59 0.5 65 0.7 89 0.9 
5647 35 0 
5669 3 0 5 0.6 25 1 33 0.9 41 0.3 50 0.3 53 0.9 75 0.3 76 0 99 0.8 
5744 9 0 30 0.7 35 0.9 44 0.4 48 1 54 1 60 0.8 68 0.9 81 1 86 0 
5752 4 0.5 18 0.6 19 0 36 0.5 46 0 48 0.4 71 0.8 72 0.3 75 0.8 81 0.3 
5797 20 0 34 0.9 45 0 55 1 61 0 81 0.4 
5991 37 0.3 46 0.9 49 0.3 
6241 53 0 95 0.7 
6616 1 0.4 37 0.7 60 0.5 
6639 9 0.5 14 0 17 0.7 48 0.4 57 0.3 61 0.8 63 0.9 68 0 93 0 
6691 33 0 81 0.5 92 0.6 95 0.8 
7122 69 0 
7132 14 0.5 15 0 26 0.7 48 0.5 52 0.6 57 0.9 62 0 67 1 76 0.7 
7174 2 0.9 13 0.8 16 0.5 28 0.5 38 0 40 0.6 76 0.4 90 0.3 96 0 97 0.5 
7321 26 0 36 0.7 39 0.4 65 0 70 1 82 0 94 1 97 0.4 
7360 12 0.9 62 0.9 75 0.4 83 0.9 87 0.5 88 0.7 89 0.3 
7540 5 0.5 30 0.3 42 0.3 44 0.3 65 0.9 71 0.6 79 0.9 94 0 
7638 12 0 15 0.6 24 0 31 1 33 0.8 39 0.8 
7872 44 0.7 47 0.7 49 0.8 53 0.9 57 0.7 65 0.3 70 0.6 76 0 99 0 
7912 14 0 22 1 26 0 37 0 40 0.8 59 0.5 69 0 86 0.9 
7935 5 0.3 9 0 17 1 24 0.9 28 1 34 0.6 91 0 95 0.5 
7988 20 0 
8039 78 0.4 79 0 81 0.9 91 0.6 98 0.9 
8159 23 0 28 0.5 52 0.4 60 0.8 87 0.8 92 0.6 95 0.9 96 0 
8179 7 0.8 57 0.8 82 0.5 85 0.5 90 0.8 
8255 4 0 11 0.5 42 0.3 47 0.3 69 0.4 
8276 16 0.6 22 0.6 45 0.8 70 0.6 79 0.5 80 0 95 0 
8319 20 0.8 23 0.8 36 0.6 39 0.8 48 0.8 49 0.9 
8439 31 0.8 33 0 70 1 94 0.3 
8501 4 0.6 5 0.7 13 0.7 32 0 35 1 62 0.4 70 0.3 
8512 7 0.9 37 0.8 38 0.9 74 0 94 0 
8581 19 0 48 0.5 53 0.5 59 0.7 68 0.9 74 0 
8634 2 0.5 5 0.6 8 0 10 0 29 0 68 0 
8669 24 0 
8713 4 0.6 5 0 8 0.7 17 0 21 0.9 54 0 96 0.9 97 0.5 
8764 26 0 51 0.5 
8850 15 0 33 0.7 35 0.9 46 0 54 0.6 64 0.4 68 0.9 86 0.4 95 0 
8884 5 0.8 18 0.6 36 0 56 0.6 57 0.9 64 0.4 79 0.5 82 0.7 88 0.5 94 0.4 
9071 6 0.4 15 0.9 25 0.8 36 0.4 
9120 19 0.6 43 0.5 48 0.5 57 0.5 58 0.5 75 1 93 0.7 
9228 5 0 20 0.4 22 0.8 33 0.4 96 0 
9291 4 0.3 50 0.3 55 0 77 0.7 82 0.6 
9410 16 0.6 17 0.7 26 1 43 0.6 75 0.4 95 0.4 96 0.4 
9588 22 1 
9632 1 0.8 22 0 69 0 
9698 4 0 8 0.3 17 0.7 20 0.3 40 0.4 55 0.8 60 0.9 73 0.6 75 0.7 
9842 2 1 28 0 56 0 72 0.5 86 0.9 
9858 8 0.4 33 0.8 34 0 53 0.3 93 0.5 
9928 29 0 60 0.3 71 0.9 82 0.6 94 0.7 
9936 1 0.4 3 0 7 0.5 51 0.5 53 0.3 65 0.3 70 0.9 72 0 73 0.9 88 1 
