100
0 67 0.4 97 0.5 
49 66 0.6 67 0 71 0.7 83 0.9 84 0.5 86 0 99 0.4 
145 61 0.9 
172 6 1 13 0.6 25 0.8 54 0 58 0 87 0.7 90 0 96 1 
198 0 0 5 0 23 0.9 37 0.8 52 0.3 56 0.7 80 0.9 82 0 89 0 93 0 
323 3 0 14 0.9 20 0.3 48 0 72 0 
377 7 0 9 0 85 0 
423 24 0.8 25 0.6 
461 2 0 5 0.8 16 0.8 19 0 29 0.3 37 0 49 0.8 50 0.5 82 0.5 83 0.4 
596 14 1 16 0.4 17 0.7 41 0 54 0.8 77 0 78 1 
666 25 0.8 26 0.5 45 0.7 50 0.3 78 0.9 89 0.8 
904 19 0.4 28 0.6 50 0.9 52 0.9 58 0.6 97 0.8 
935 1 0 11 0.8 28 0 59 0.7 64 0 77 0.5 
956 39 0.4 58 0 79 0.8 96 1 
997 12 0.6 14 0.9 
1076 45 0.3 
1097 16 0 43 0.4 70 0.4 73 0 95 0 
1253 12 0 44 0 51 0 62 0.3 65 0.6 90 0 91 0.4 92 0 
1437 27 0.5 28 0.6 41 1 48 0 67 0.9 98 1 
1556 14 1 45 0 65 0.9 86 1 
1632 4 1 10 0 33 0.8 64 0.6 65 0.4 75 0.8 80 0.9 
1648 24 0.6 30 0 34 0 40 0 42 1 55 0.4 75 1 83 0 92 0 
1797 3 0.7 23 0.6 25 0.7 68 0 87 0.7 
1842 9 0.7 10 0.8 37 0.9 51 1 55 0.6 58 1 67 0 72 0.4 94 0.9 98 0.7 
1919 3 0.9 19 0.8 26 0.8 40 0.4 45 0.9 60 0.5 61 0 
1936 77 0.3 83 1 
2030 2 0.8 12 0 16 0.8 28 0.5 
2032 17 0.5 61 0.9 94 0 
2093 6 0.4 61 0.4 82 0.9 96 0.7 
2255 7 0 45 0 50 0.9 66 0.6 68 0.5 69 0.6 92 0.9 
2361 15 0 32 0.8 33 0.5 52 0 56 0 62 0.6 69 0.3 71 0 95 0.6 
2440 57 0.9 
2606 38 0.7 56 0.3 
2778 2 0.5 5 0.7 8 0 22 0.4 29 0.4 52 0.4 73 0.8 92 0 
2860 7 0.3 46 0 50 0.8 94 0 
2869 28 0.5 56 0.8 69 0 80 0 93 0.8 
2876 9 0.6 31 0 75 0 85 0.7 
2880 3 0.7 8 1 39 0 42 0.4 87 0.4 
3203 11 1 23 0 24 0.9 33 0.9 62 0 83 0 
3215 8 0.5 17 0.3 27 0.7 52 0.9 65 0.5 71 0 75 0.8 90 0.4 97 0.4 
3247 6 0.9 30 0.9 44 0 56 0 
3350 90 0 
3407 12 0.8 31 0.6 
3516 12 0.6 13 0.6 21 0.4 42 0 59 0.9 60 0.3 68 0.9 69 0 79 0 98 1 
3771 17 0.9 30 0 33 0.7 73 0 94 0.9 95 0.3 
3791 23 0 24 0 75 0 
3921 54 0.8 85 0.3 95 0.5 
4121 19 0.8 34 0.7 38 0 45 1 66 0.5 67 0.4 80 0.6 87 0.8 
4339 9 0 25 0 41 0.3 59 0 62 0.9 91 0.4 
4371 3 0.3 11 0.3 12 0.7 35 0.8 42 0.7 92 0 
4534 3 0 5 0.5 6 0.7 22 0.5 50 0 76 0.3 85 0.7 94 0 97 0.7 98 0 
4704 78 0.4 
4886 4 0.5 40 0.7 94 0.6 
5272 0 0.6 27 0.8 
5277 2 0.4 3 0.5 33 0 37 1 39 0.4 81 0.3 90 0.6 91 0 
5580 11 1 16 0.8 35 0.3 44 0.7 46 0 48 0.3 98 1 99 0.7 
5617 4 0.9 7 0.3 22 0.5 52 0.8 60 0.4 63 0.6 
5621 15 0 25 0 26 0 34 0 40 0.4 77 0 90 0.5 
5721 38 0 
5852 40 0.4 41 0 
5943 4 0.3 20 0.8 23 0.9 29 0.8 34 0 62 1 82 0.5 
5967 0 0.3 1 0 17 0.4 21 0.8 24 0 50 0 90 0.8 93 0.4 94 0 95 0.8 
5968 3 0.4 
5987 22 0 33 0 71 0.8 85 0.7 99 0 
6015 0 0 7 0 14 0.6 49 0 61 0 66 0 72 0.5 77 0.9 98 0.6 
6038 1 0.7 21 0 42 0 82 0.7 91 0.8 
6074 19 1 
6242 10 1 52 0.3 96 0.6 
6244 2 0 3 0.3 5 0.3 16 0 46 0 65 0.3 73 0.7 90 0.4 
6268 1 0.5 5 0 53 0 68 0.5 81 1 
6329 9 0.5 17 0.8 26 0 56 0.7 62 0 73 1 78 0.8 89 0 91 1 96 0.4 
6657 22 0.8 86 0.7 
6663 2 0.5 39 0.5 
6702 4 1 23 0.7 
6713 16 0.3 18 0.5 61 0.3 70 0 72 0.8 86 0.5 97 0.3 
6992 12 0 85 0 99 0.3 
7352 95 0.3 
7753 92 0 
7866 0 0.6 88 0.8 
7870 3 1 28 0 91 0 96 0.5 
7945 27 0.8 41 0.3 54 0 68 0.5 69 0 73 1 75 0 85 0.8 93 0.7 
7993 8 0.5 26 0.4 29 0 70 0.9 75 0 78 0.7 92 0.6 
8086 3 1 5 0 14 0 48 0.5 52 0 82 0 83 0 95 0.7 99 0.7 
8633 7 0.9 33 0.9 45 0 52 0.4 53 0 76 0.3 83 0 85 0.7 
8939 16 0.3 18 0.8 19 0.7 21 0.7 22 0 41 0.5 45 0 89 0.4 
8969 8 0.6 28 0.5 42 0.4 49 0.6 65 0.8 77 0.5 81 0.6 86 0.5 95 0 
9011 3 0.4 6 0 31 0.9 45 0.4 52 0.5 60 0 61 1 87 0 99 0.9 
9064 2 0.4 9 0.8 17 0.8 23 0 34 0 42 0 86 0.6 
9065 75 0.6 
9235 2 0 10 0 19 0 22 0.7 26 0.6 
9237 3 0.9 5 0 11 0.4 13 0 29 0.3 34 0.3 63 0 83 0.6 92 0 97 0 
9252 14 0.6 18 0.7 31 0.5 49 0 65 0.5 
9375 15 0.6 31 0.7 49 0.5 61 0.9 74 0.3 84 0 
9553 37 0 
9604 2 0.6 15 0 46 0.5 48 0 76 0.9 80 0.9 93 0.9 
9622 3 0.7 5 1 20 0.7 27 0.6 30 0 32 0 50 0.3 56 0.6 81 0 85 0.4 
9643 4 1 24 0.7 65 0.7 74 0 84 0 
9802 85 0.6 
9899 47 0 72 0 
9973 18 1 23 0.3 58 0.4 
