100
5 18 0 43 0 57 0.5 83 0 95 1 96 0 98 0 
67 43 1 92 0 
251 52 0.5 
292 23 0.7 35 0.7 49 0.4 60 0 70 0.9 80 0 96 0 99 0.8 
331 18 0 21 0.8 28 0.8 52 0.7 57 0.3 61 0.3 84 0.9 95 1 
370 12 0.5 34 1 36 1 44 0.6 65 0.3 70 0.7 92 0.7 95 0.7 
435 84 0 90 0.4 
712 16 0.9 19 0.4 45 1 66 0.8 75 0.7 77 1 94 1 
765 7 0.8 45 0 47 0.7 51 0 64 0.3 70 0.7 95 0.5 
905 61 0.8 66 0.4 74 0 77 0.5 85 0 97 1 
933 22 1 90 0.4 
955 29 0.9 38 0.3 74 0.5 
1194 2 0.6 15 0.9 41 0.4 98 0 
1253 12 0.4 44 0.5 51 1 62 0.6 65 0.7 90 1 91 0.9 92 0.5 
1391 31 0.7 78 0.7 
1473 24 0.4 66 0.7 75 0 96 0.3 
1490 2 0 24 0.9 45 0.4 49 0.7 52 0.9 56 0 74 0.5 88 0.8 94 0 
1713 6 0 71 0.6 
1782 1 0.7 2 0.8 43 0.6 53 0 54 0.8 65 0.3 71 0.3 85 0.6 99 0.8 
1823 3 0.7 46 0.7 47 0 61 0.6 72 0.8 96 0.7 
1841 19 0.3 33 0.5 82 0.5 
1888 62 0.9 67 0.6 
1901 22 0 39 0 57 0.6 
1930 2 0 3 0.8 43 0.3 49 0.6 53 0.4 57 0.5 74 0.6 89 0.9 98 0.6 
2002 20 0.6 28 0 38 0.8 63 0.6 73 0.8 86 0.4 
2051 3 0.6 11 0 23 0.4 
2052 17 0.3 34 0 35 0.6 38 0.8 55 0.6 81 1 89 1 
2292 29 0.3 53 0.5 78 0.4 90 0 92 0 93 0 95 0 
2408 5 0.5 11 0.8 13 0 26 0 31 0.3 45 0.3 53 0.9 61 1 82 0.3 90 0.3 
2537 2 1 3 0.5 4 0.6 15 0.3 21 0.3 24 0.9 57 0.3 67 0.6 71 0.9 
2547 15 0.3 92 0 98 0.8 
2594 9 1 24 1 37 1 49 0.5 52 0.4 54 0.5 59 0.6 65 0 97 0.3 
2693 2 1 4 1 8 0.5 23 1 54 1 57 0.8 68 0.7 70 0.8 89 0 91 0.7 
2787 1 0.5 24 0 39 0.9 81 0.5 
3025 25 0.3 38 0.3 80 0 
3149 66 0.5 
3157 11 0.5 13 0.3 65 0.6 71 1 93 0.6 
3201 16 0 19 1 26 0 27 0.8 29 0 38 0 71 0.8 81 1 95 1 
3293 0 0.8 20 0 22 0.6 23 0 36 0.3 41 0.4 60 0.8 62 0 97 0.6 99 0 
3321 21 0.6 37 0.9 62 1 65 0.3 75 0 77 0 
3442 17 0 21 0.5 41 0.5 48 0.7 65 0.5 69 1 80 0.4 82 0.7 91 0.9 
3524 5 0 21 0.8 23 0.5 33 0 41 0 43 0.7 74 0.6 78 0.5 95 0.3 96 0.9 
3784 31 0.4 39 1 60 0.7 89 0 95 0.7 
3788 23 0.7 39 0 53 0.4 95 1 
3911 6 0.3 8 0 12 0.3 18 0 36 0.7 37 0.6 46 0.9 73 0.4 
3966 10 0 14 0 32 0 41 0.5 49 0.4 63 0 65 0.9 92 0.9 
4067 11 0.9 17 0 56 0.7 59 0.3 71 0.3 72 0.7 85 1 93 0.6 99 0 
4123 45 0.7 48 0.7 
4281 0 0.4 3 0 7 0.3 22 0 36 0.6 44 0 88 0.9 
4387 4 0.3 23 0.3 36 0 38 0 45 0.4 
4653 52 0.5 57 0.6 70 0 
4918 16 0.7 17 0 26 0 35 0 51 0.9 68 0 84 0.4 96 0 
5205 52 0.9 59 0 61 0.4 
5227 91 0.8 
5953 1 0.4 8 0.4 16 0.6 36 0.7 59 0.9 60 0.5 61 0.3 73 0.7 81 0.7 88 0 
5964 2 0.3 38 1 49 0.8 59 0.5 
5981 1 0 15 0.4 30 0.5 56 0.7 57 0 58 0.5 82 0 92 0.8 94 0.7 
6012 17 0.4 26 1 89 1 90 0.9 
6215 3 0 8 0.9 21 0 27 0.5 38 0.7 45 1 61 1 67 0.9 93 0.5 
6409 39 0.9 57 0 58 0.5 69 0 70 0 89 0.7 
6413 0 0.9 20 0 41 0.9 51 0.7 58 0 62 0 81 0 99 0 
6423 62 0.3 68 0.3 
6610 78 0.5 
6655 12 0 20 0.6 95 0.7 
6879 2 0.9 14 0.4 35 0.8 46 0 49 0.5 54 0.8 72 0.3 75 0 84 0 85 0 
6974 20 0.7 24 1 25 0.8 29 0.4 51 0.9 64 0.5 66 0.3 94 1 
7043 18 0 23 0.6 55 0.3 77 0.8 79 0 98 0 
7071 29 0.5 37 0.4 52 1 69 0 80 0.4 97 0.4 
7261 4 1 19 0.3 33 0.8 60 0 70 0.3 72 0.7 82 0.3 98 0 
7316 23 0.9 32 0.4 33 0.4 52 1 63 0.5 94 0.7 
7352 95 0.8 
7407 10 0.8 83 1 
7540 5 0.6 30 0 42 0.3 44 0 65 0.7 71 0 79 1 94 0 
7601 5 0.5 
7780 6 0.4 16 0.5 20 1 51 0.7 52 0 75 0.7 80 0.4 87 0.9 97 0.3 
8012 1 0.6 16 0.6 29 0.8 51 0 52 0.9 56 0.4 65 0.9 68 0 74 1 78 0 
8133 16 0 74 1 81 0.8 93 0.3 
8379 40 0 59 0.6 77 0.4 80 0 
8570 3 0.3 35 0 39 0.4 78 0.6 89 0 91 0 94 1 
8653 29 0.6 36 0 65 0.9 74 0 81 0.7 88 0.4 92 0.6 97 0.5 
8669 24 0.4 
8685 3 0.7 7 0.9 26 0.3 42 0.3 68 0.9 76 0.4 90 0 97 0.9 
8713 4 0.7 5 0.3 8 0.7 17 0.8 21 0 54 0.6 96 1 97 0.6 
8826 5 0.6 14 1 22 0.7 34 1 43 0.7 44 0 52 0.7 55 0 67 1 
8869 61 0 71 0 77 0.7 
9030 9 1 16 0 18 0.7 27 0 29 0.7 39 0.9 55 0 86 0.3 
9104 5 0 14 0 32 0 48 1 90 0 
9136 43 0 84 0.6 
9139 6 0.4 14 1 22 0.5 49 0.7 52 0.7 60 0 62 0.5 67 0.8 90 0 92 0.3 
9207 45 1 55 0.6 57 0.7 73 0 85 0 
9364 11 0 32 0.6 37 0.6 79 0 80 0.9 81 0 82 0 83 0 90 1 96 0.3 
9416 4 0.9 14 0.7 39 0.3 48 0.7 54 0 58 0 68 0.7 91 0.6 96 0.9 
9453 5 0.7 22 0.6 39 0.6 42 0.4 46 0.8 54 0.4 65 0.9 76 0 77 0 
9468 40 0.8 50 0.4 70 0.5 75 0 91 0.8 
9471 46 1 56 0.9 69 1 86 1 
9636 15 0.3 45 0.8 67 0.4 
9717 25 0.7 38 0 44 0.5 53 0.8 61 0.3 67 1 72 0 85 0.4 91 0 96 1 
9761 4 0.6 22 0.5 28 0.6 40 0 63 0 66 0 
9780 8 0 50 0.8 69 0.8 95 0.8 
9907 1 0.3 3 0.9 39 0.9 72 0.4 
