100
71 7 0 17 0.7 42 0.6 59 0.3 76 0.7 79 0.3 85 0.9 95 0 
167 12 0.8 82 0 
248 4 0.6 5 0 28 0.4 46 0.5 55 0.7 70 0.8 82 0.8 93 0.6 95 0.3 
272 1 0.9 20 0.4 24 0.5 45 0.5 48 0 70 0.6 79 0.3 93 1 94 0.4 
367 12 0.7 38 0.7 40 0.7 57 0.3 84 0.6 94 0.7 
430 26 0.9 44 0.5 81 1 85 0.8 91 0.6 
577 2 1 6 0.5 18 0.3 19 0 49 0 52 0.6 54 0.4 80 0.7 
598 57 0 60 0.9 62 0.6 64 0 98 0.9 
613 44 0 46 0.6 99 0.6 
736 23 0.5 71 0.5 99 0 
739 0 0.6 40 0.3 42 0.9 48 0.4 53 0 66 0.8 70 0.4 73 0.6 99 0.9 
774 29 0.5 38 0.9 54 0.6 92 0 
849 16 0 
978 68 0.9 
1026 11 0.8 17 0 21 0.5 42 0.6 51 0.4 66 0 88 0 90 0.4 
1029 14 0.4 18 0.8 
1055 21 1 45 0.7 
1493 9 0.7 11 0 16 0.5 28 0.6 40 0.5 81 0.7 86 0.9 
1510 71 0 
1599 28 0.6 29 0 49 0.8 52 0.4 63 0.9 67 0.3 74 0 
1688 4 0 22 0 25 0.3 45 1 46 0.3 76 0.7 99 0.7 
1704 10 0.8 87 0.7 
1737 41 0 43 0.7 62 1 64 0 66 0 70 0 
1819 34 0.9 72 0.7 97 0.4 
1995 35 1 37 0.9 39 0.6 45 0.3 64 0 77 0.7 
2000 13 0.5 21 0 42 0.3 43 0.3 47 0.5 53 0.6 59 0.5 85 1 94 0.7 
2014 8 0.4 10 0.8 27 0.3 32 0.4 41 0.4 49 0.6 64 0.6 82 0.9 89 0 95 0.6 
2049 25 0.3 34 0 
2336 1 0 4 0.6 6 0.9 18 0.3 40 0.8 50 0.9 71 0 78 0.9 88 0 92 0.7 
2354 37 0.9 
2363 4 0 13 0.5 18 0.5 47 0.4 50 0.6 59 0.6 74 0.8 78 0.8 84 0 96 0 
2427 90 0 
2450 84 0.4 88 0.7 
2531 22 0.8 24 0.6 36 0.4 43 0.7 64 0.7 
2769 11 0.8 17 0.3 24 0 25 0.7 42 0.4 69 0.5 74 0.6 91 0.8 
2797 14 0 79 1 
2924 28 0.4 63 0.3 
3087 20 0.9 24 0 41 0.7 61 1 77 0.4 
3114 36 1 48 0.8 49 0.5 56 0 81 0 
3221 17 0.3 62 0.9 66 0.6 90 0 
3307 34 0.9 43 0.3 
3869 22 0.9 40 0 51 0.5 73 0.8 
3933 18 0.7 41 0.9 47 0.5 56 0.4 70 0.9 80 0.8 
4103 2 1 
4328 6 0.8 26 0 80 0.5 86 0.6 
4346 14 0.4 15 1 26 0.5 39 1 48 0.7 74 0 76 0.6 89 0 98 0.3 
4347 4 1 19 0.4 21 0.6 27 0.6 40 0.6 44 0.6 53 1 77 0.3 85 0 
4366 11 0 64 0 73 0.6 
4621 9 0.9 11 0.6 46 0.4 55 0.4 65 0.6 85 0.5 92 0.4 
4639 9 0.4 24 0 41 0.6 46 0.7 84 0.4 
4663 26 0.3 
4705 9 0.5 43 1 45 0 90 0.6 
4930 12 0.4 45 0 82 0.3 
4967 5 0.6 17 0.3 31 0.8 35 0.5 39 0.6 42 0.7 51 0.5 
5072 34 1 74 0 82 0 92 0.7 
5099 50 0 72 0.3 
5314 1 0.5 4 0 19 0.3 29 0.5 32 0.4 39 0.7 47 0.3 52 0 74 0.3 
5401 28 0 
5408 14 0.8 24 1 53 0 74 0 92 0 
5438 52 0.8 55 0 59 1 
5454 9 0 28 1 36 0.5 65 0.3 79 0 81 0 86 0 92 0.8 
5755 4 0.9 8 0 51 0 55 0.4 63 0.7 82 0.3 85 0.3 
5763 17 0 19 0.9 30 0 34 0 65 0.9 72 0.6 78 0.9 81 0.4 
5870 6 0.7 9 0.3 37 1 41 0 51 0.3 
5943 4 0.6 20 0.7 23 0.6 29 0 34 0.9 62 0.6 82 0 
5952 0 0 16 0.7 44 0.3 56 0 87 0.9 
6039 21 0.7 40 0.8 44 0.3 
6136 24 0.8 34 0.7 60 0.8 66 0.8 
6160 3 0.7 9 0.4 72 0.8 79 0.8 81 0 92 0.3 
6258 2 0.4 55 0 63 0.7 74 0 75 0.7 78 0 90 0.9 91 0.5 96 0.5 
6259 6 0.3 20 0 21 1 22 0.7 41 0 56 0 78 0.3 92 0 
6276 3 0.4 64 0.9 
6362 47 0.3 50 1 56 0.7 57 1 60 0 65 0.3 82 0.6 84 0.6 
6402 11 0.7 33 0.8 39 0.5 46 0.6 61 0 65 1 66 0.6 74 0 94 0.5 
6460 0 0.3 8 0.8 37 0.4 78 0 
6895 1 0 21 0 27 0.7 59 0.3 70 0.4 72 0.3 81 0 83 1 
6905 5 0.7 16 0.7 
7085 72 0 97 0.9 
7461 11 1 21 0.8 24 0.8 29 0.7 74 0.5 93 0.5 
7554 17 0.4 21 0.6 33 0.5 40 0.5 44 0.5 87 0.5 
7714 8 0.8 15 0.4 22 0.6 88 1 92 0.7 94 0.8 97 0 
7747 74 0.5 
7851 13 0 57 0.9 99 0.4 
7864 24 0 61 0 62 0.7 68 0.5 89 0.9 
7876 18 0.5 19 0.9 21 0 39 1 69 0.5 71 0.9 76 0.5 85 0.9 94 0 
7956 53 0 
8121 16 1 40 0.7 73 0.4 83 1 91 0.3 
8204 44 0.3 89 0.6 
8609 11 0.8 34 0 35 0.3 61 0.7 96 0.7 
8849 25 0.4 77 1 
8931 20 0.4 35 0 77 0 
8943 10 0.3 13 0 14 0 28 0.3 42 0.5 57 0 71 0.7 78 1 85 1 90 0.3 
9000 4 0.6 70 0 81 0.8 
9521 27 1 59 0 72 0 75 0.7 79 0.9 89 0.7 91 0.5 92 0.8 97 0 98 0.9 
9552 13 0.9 62 0.3 
9789 13 0.9 48 0 96 0.8 97 0.8 
9856 15 0.4 35 0 53 0.9 
9903 6 0.3 64 0.9 65 0 68 0.7 70 0.6 79 0 
9921 5 0.9 14 0.4 51 0.7 62 0 63 1 85 0 
9982 23 0.3 39 0.5 69 0 88 1 91 0.9 93 0 94 0 
