100
7 3 0.8 9 0.9 51 0.8 60 0 69 0.3 
46 18 1 
50 16 1 79 0 
62 49 0.5 62 0.8 70 0.5 73 0.4 
141 53 0.5 64 0.3 83 0.3 
149 65 0.5 88 0 92 0 
251 52 0.9 
274 4 0.7 13 0 38 0.5 50 0.6 52 0 67 0.6 68 0.6 72 0.6 82 0.4 88 0.3 
357 14 0.6 49 0.5 54 0.3 70 0.9 73 0.3 81 0 
379 0 0 9 0.8 21 1 34 0.5 53 0.6 66 0.3 83 0.9 
436 37 0.3 55 0.3 72 0.3 
451 4 0 29 1 30 0.5 34 0.9 35 0 39 0.9 43 0 92 0 
481 11 0.5 21 0.6 34 0.5 41 0.3 60 0.4 
504 68 0 
539 1 0.6 32 0 36 0.3 42 0.7 45 0 48 0.6 59 1 60 0.8 77 0.8 78 0 
600 1 0.8 22 0.7 43 0.9 56 0.7 
612 7 0.8 22 0.4 37 0.3 38 0 41 0.5 45 0 66 0.6 
780 15 0 70 0 
932 4 0.3 81 0.4 
1024 9 0.8 18 0.7 29 0 33 0.7 81 0.8 99 1 
1040 12 0.4 44 0 52 0 56 0.6 65 0.3 96 0 
1184 8 0 
1233 28 0 90 0.4 
1383 10 0 67 0.3 94 0 99 0.7 
1411 15 0 20 0.3 23 0 29 0.8 83 0.3 88 0.7 91 0.4 95 1 97 0 
1415 26 0.6 55 0.4 96 0.5 
1459 0 0 2 0 7 0.8 14 0 19 0.4 38 0.9 83 0.5 86 0.8 87 0.7 91 0.4 
1594 9 0.3 13 0 25 0.3 58 1 
1608 11 0 26 0 79 0 
1790 26 0.3 40 0.3 53 0.3 64 0 
1967 65 0.8 
1998 15 0.5 
2469 0 0 3 1 60 0.4 
2509 11 1 15 0.9 31 0.3 52 0.8 96 0.7 98 0 
2577 8 0 22 0 39 0.6 43 0.7 66 0.8 76 0.4 79 0.3 88 1 97 0 
2700 0 0.9 9 0.3 34 0.8 38 1 42 0.4 53 0 75 0.6 85 0.7 99 0.3 
2721 3 0.3 42 0.7 64 0.5 77 0.8 87 0 91 0.7 96 0 
2787 1 0.4 24 0 39 0.5 81 0 
2858 17 0.7 88 0.7 
2887 1 0.9 6 0.8 13 0 41 0.6 55 0 60 0.6 65 0.3 82 0 
2916 32 0 74 0.4 77 0.4 
2944 7 0 44 1 48 0.3 75 0 79 0.7 
2986 20 0.5 25 0.5 54 0.4 60 0.7 61 0.8 69 0.8 79 0 88 0.7 91 0.4 96 0.8 
3028 73 0 85 0.9 
3186 9 0.5 23 0 46 0.9 51 0.8 54 0.8 96 0 
3250 13 0 27 0.5 47 0 49 0.8 57 1 67 0.4 76 0.8 79 0.3 81 0.7 
3257 10 0.5 26 0.9 54 0.9 65 0.4 
3674 7 0 
4038 20 0 44 0.7 48 0.8 65 0 
4180 32 0.8 37 0.7 44 0.5 66 0.9 67 0 69 0.7 77 1 81 0.5 91 0 95 0 
4199 0 0.4 3 0.9 78 1 90 0.6 
4249 54 0.5 66 0.4 
4293 7 0.4 36 0 39 0 48 0 53 0.7 60 0.3 85 0.9 91 0.6 92 0.8 
4497 8 0.9 9 0 16 1 43 0 64 0.6 86 0.9 87 0.3 89 0.3 97 0.8 
4506 20 0 21 0.3 44 0 56 0.4 90 0.3 
4541 7 0.4 10 0 56 0 75 0 92 0.9 
4582 16 0.5 30 0 31 0.8 32 0.6 36 0.7 39 0.6 
4714 7 0.5 25 0.8 31 0 37 0.6 38 0.9 42 0.8 46 0.8 50 0.9 81 0 92 0.8 
4779 0 0.3 5 0.3 7 0 17 0.7 18 0 32 0.7 34 0 76 0.5 
4782 22 0 83 0.8 98 0.9 
4861 16 0.4 47 0 65 0.4 67 0.3 95 0 
5151 32 1 75 0.8 86 0.3 
5215 0 0.6 20 0 22 0.9 30 0 35 0.6 92 0.7 
5508 23 0.3 26 1 30 0.5 60 0.8 65 1 70 0.3 85 0 94 0.8 98 0.8 
5582 3 0 16 0.4 37 0.8 43 0.8 50 0 68 0.8 69 0 71 0.5 75 0.3 
5777 5 0 10 0.4 14 1 47 1 50 1 52 0.4 62 0.7 86 0.8 88 0 
5997 60 0 97 0.9 
6090 1 0.5 5 0 28 1 46 0.8 49 0.3 50 0.6 80 0.5 
6111 13 0.6 19 0.6 23 0.6 55 0 61 0 74 0.7 
6127 0 0 3 0.4 4 0.8 7 0 13 0 60 0.4 
6337 9 0 26 0.5 32 1 36 1 43 0.7 66 0.5 70 0 81 0.9 99 0.7 
6427 23 1 42 0.8 48 0.7 91 0 
6472 10 0 31 0.3 34 0.3 38 0.9 76 0 95 0.9 98 0.7 99 0.7 
6620 2 0 23 0 35 0.4 42 0.3 69 0 88 0.5 90 0.3 92 1 
6692 1 0.9 2 0 50 1 82 0.5 
6790 4 0 12 0.9 25 0 59 0.6 74 0 87 0.4 91 0 99 0 
6849 69 0.5 90 0 
6864 19 0.9 57 0.3 84 1 87 0 97 0.4 
7051 12 1 27 0.3 75 0.8 91 0.4 
7081 29 0.7 37 0.9 47 0 54 0.9 60 0 64 0.8 78 0.6 
7193 76 0.5 77 0.9 98 0 
7427 18 0.7 21 0.8 
7539 10 0.9 20 0.4 52 0.9 78 0.5 99 0.5 
7615 0 0.5 2 0.3 14 1 19 0.5 23 0.3 81 0 90 0 92 0.3 
7925 68 0.5 
8011 48 0 70 1 76 0 
8184 6 1 10 0.5 11 0.3 21 0.6 36 0 66 0.5 76 0 84 0 97 0 
8217 0 0.6 1 0.9 4 0.9 8 0.3 31 0 32 0.7 83 0 86 0.3 91 0.3 
8416 9 0 14 0.6 80 0 
8436 13 0.5 
8509 16 0.7 29 0 30 0.4 57 0.7 88 0.5 95 0.8 97 0.6 
8698 2 0.5 16 0 35 0 44 0.8 51 0.8 56 0.3 60 0.8 77 0.7 98 0 
8704 19 0.9 35 0.4 87 0.6 
8990 77 0 
9154 17 0 28 0.4 39 0 47 0 69 0.3 71 0.6 80 0 91 0.4 
9315 0 0.9 13 0.4 25 0.4 61 0 69 1 77 0.6 
9437 44 1 68 0.4 
9495 15 0.5 43 0 56 0 71 0 76 0.9 84 0 87 0.6 93 0.4 
9536 5 0.5 13 0 
9606 14 0.4 59 0 61 0.7 63 0.3 
