100
221 63 0.3 86 0.7 
291 32 0 38 0 40 0 90 1 
316 22 0.9 37 0.7 39 0.5 48 1 77 0.3 
329 1 0.7 
453 15 0.3 64 0 87 0 99 0 
690 2 0.4 17 0.6 23 0 24 0.5 83 0.8 96 0.8 
722 0 0.8 5 0 6 0 7 0.5 28 0.8 31 0 34 0.9 53 0.5 54 0.8 
840 44 0.4 49 0 
927 13 0 17 0.9 41 0.5 46 1 47 0 48 0 53 0 65 0.9 77 0.6 96 0 
953 27 0 52 1 53 0.4 55 0.9 57 0 59 1 87 1 
1170 0 0.4 19 0.4 45 0.5 60 0 79 0.8 80 0 84 0.4 89 0 97 0.6 
1262 31 0.7 38 1 41 0.5 
1279 25 0.7 51 0 74 0.6 84 0 87 0.6 94 0.9 97 0.9 
1304 12 0.3 61 0.3 65 0.5 66 0.6 
1413 2 0.6 11 0 28 0.7 44 0.3 72 0 83 0.8 88 0.9 97 0.3 
1533 5 0 28 0.6 92 0 95 0.4 
1596 41 0.9 
1754 15 0.3 25 0.9 31 0.4 32 0.6 82 0.6 
1791 46 1 61 0 99 0.5 
1810 3 0.4 24 0 57 0 
1838 34 0.8 
1908 15 0.7 20 0 27 0.9 43 0 44 1 45 0.3 53 1 76 0.6 79 0.9 
1958 9 0.3 60 0 94 0.4 
2088 6 0 12 0 21 0 28 0 31 0.5 44 0.5 61 0.3 73 0 
2108 0 0.7 29 0.4 42 0.8 46 0 85 0 
2128 86 0 
2173 28 1 36 0 71 0.3 98 0.3 
2189 5 0 21 0 37 0.9 57 0.7 59 0 61 0.7 67 0.6 73 0.5 75 0.7 99 0.4 
2297 15 0.7 16 0.5 45 0.5 73 0.4 82 0.7 89 0.7 
2335 64 0.8 
2476 89 1 
2514 28 0.9 67 0.8 
2547 15 1 92 0.3 98 0.9 
2581 2 0 37 0.6 53 0.9 83 0.6 91 1 
2630 4 0 49 0 67 1 78 0 80 0.7 87 0.3 
2710 45 0 
2738 3 0.9 39 0.3 46 0 71 0 81 0.9 
2919 3 0.7 21 0.6 22 0.9 47 0.3 73 0 
3004 2 0.7 8 0.6 9 0.3 16 0.9 29 0.8 37 0.5 45 0.8 56 0.5 99 0.6 
3108 66 0 70 0.8 94 0 
3154 38 0 47 0.9 73 0.8 84 0 
3237 3 0 10 0.7 37 0.5 61 0 62 0.4 85 0.5 89 0 93 0.9 98 0.6 
3550 1 0.7 10 0.5 59 0.8 62 0.4 95 0 96 0.5 
3683 77 0.3 
3699 24 0.3 
3847 3 0.8 10 0.9 26 0.9 27 0 29 0.9 36 1 49 0 51 0 77 0.4 83 0.4 
3906 6 0.5 9 0.7 10 0 23 0.8 28 0.3 32 0.3 33 0.3 43 0.5 66 0.7 76 0 
4002 8 1 9 0.9 78 0.7 
4050 66 0.8 87 0.3 
4103 2 0.3 
4135 13 0.5 51 0 62 0.7 66 0.5 70 0 77 0.4 99 0 
4342 99 0.3 
4465 35 0.5 44 0.4 60 0.9 66 0.4 75 0 86 0.9 
4475 23 1 30 0 
4593 19 0.7 22 0 57 1 72 0.5 78 0 
4802 0 0.8 5 0.7 16 1 45 0.8 46 0.5 69 0 76 0.9 79 1 94 0 97 0 
4950 1 0.6 17 0 46 0.8 51 0 53 0 72 0.4 90 0.8 91 0.9 
4984 26 0.7 44 0.3 
5198 12 0.7 25 0.8 27 1 30 0.9 55 0.6 68 0.6 
5207 14 0 20 0 22 0.4 30 1 39 0 47 0.3 51 0.9 54 0.7 65 0 70 0.8 
5213 2 0.9 6 0 9 0.7 27 0 57 0.6 60 0 70 0.6 76 0.4 80 0 91 0.5 
5292 7 0.8 17 0.4 19 0 38 0.4 42 0 52 0.7 67 0 74 0.5 79 0.8 94 0.8 
5514 87 0.3 
5562 9 0 15 0.6 46 0.4 47 0 
5586 36 0.4 50 0.5 52 0.5 96 0 
5638 43 0 58 0 59 1 83 0.7 
5681 82 0.5 
5761 0 0.4 5 0.6 10 0 16 0 47 0.7 71 0.3 82 0 
5770 5 0.3 9 0.7 15 0.9 20 0.9 26 0.8 67 0 84 0.5 
5804 28 0 31 0.3 41 0.7 68 0 84 0 
6118 8 0 88 0.4 
6165 20 0.3 27 0.3 32 0 39 1 78 0 81 0.8 86 0 90 0.4 96 0 
6396 27 0 39 0 
6482 6 0.7 10 0 12 0 37 0 45 0.3 57 0 60 0 62 0.7 66 0.5 
6551 5 0.3 7 0.8 9 0.7 39 0.9 58 0.3 60 0.9 64 1 69 0 73 0 94 0.6 
6722 3 0.9 5 0.5 25 0.7 38 1 41 0.6 46 0.5 76 0 77 0.8 
6741 22 0 
6898 27 0 35 0.8 41 0.4 47 0.9 50 0.8 62 0.8 99 0.5 
6930 11 0.3 16 0.9 82 0.8 83 0.7 99 0 
7374 17 0.5 20 0.6 29 0.8 40 1 43 0.6 57 0.9 60 0.4 68 0.7 80 0.3 
7453 9 0.7 26 0.9 53 0.5 74 1 79 1 83 0.8 99 0 
7629 18 0.6 44 0.4 
7639 29 0 36 1 41 1 42 0 43 0 59 0.4 86 0.4 
7831 38 0.8 62 0.3 71 1 98 0 
7861 13 0 33 1 42 0.5 76 0.4 
7919 75 0 
8110 17 0 18 0.4 
8316 10 0 21 0 29 0.3 68 0.3 78 0.8 92 0.6 
8530 6 0 47 0.9 61 1 62 0.3 65 0.9 88 0.5 
8553 9 0.6 87 0 90 0.5 
8702 7 0.4 10 0.5 25 0.3 49 0.6 69 0.3 
8785 7 0 34 0.6 61 1 
8862 4 0.5 27 0 33 0 34 0.3 43 0 44 0.9 59 0.8 64 0.6 77 0.6 85 0 
9076 4 0.8 27 0.8 28 0.7 37 0.7 92 0.7 
9338 17 0 
9404 24 0.8 55 0.8 70 0.9 
9456 2 0 12 0.9 44 0 63 0 
9529 15 0.5 27 0 42 0.4 44 0 58 0 59 0.3 61 0 68 0.6 
9707 14 0.5 36 0.3 
9988 15 0 17 0.7 22 0.4 42 0.3 77 0.9 
