100
9 45 0.6 55 0 62 0.8 83 0 87 0 
146 8 0 39 0.5 61 1 75 0 91 0.3 
353 39 0.6 66 0.9 68 1 
364 11 0.3 
587 10 0.9 29 0.4 31 1 37 0 50 0.8 58 0.6 80 0.5 
778 4 1 28 0.6 34 0.5 37 0.7 47 0.5 58 0 60 0.7 75 0.5 88 0 
823 94 0.8 
831 22 0.6 23 0.3 28 0.5 44 0.7 62 0.7 70 0.9 78 0.3 80 0.4 97 0.4 
921 16 0 95 0.3 
945 9 0.5 32 0.5 33 0.3 
1042 19 0.7 22 0 29 0.3 39 0.7 90 0 91 1 99 0 
1084 7 0.4 24 0.5 47 0.3 64 0.3 70 0.4 84 0.6 
1091 17 0.3 66 0.8 
1362 2 0.7 18 0.7 23 0.9 37 1 38 0.4 39 0 56 0.7 67 0.4 88 0 98 0 
1555 72 0.9 
1588 0 0.5 6 0.8 25 0 28 0 32 0 41 0.4 56 0.7 73 0.9 79 0 89 0.5 
1606 28 0.9 
1785 1 0.7 25 0 27 0 35 0.7 42 0.6 70 0.5 72 0.5 97 0 
1794 1 0.4 19 0.9 22 0 58 0.6 
1828 1 0.8 10 0.4 27 0 42 0 87 0 92 0.5 
1969 4 0 73 0 82 0.9 
2095 26 0 54 0.9 68 0.3 92 0.5 
2149 4 0 
2241 2 0.6 8 0.4 21 0.9 50 0.8 53 0.8 63 0.9 64 0 73 0.4 83 1 
2257 15 0 20 0.4 25 0.7 31 0.8 68 0.6 80 0.5 94 0 
2267 29 0.5 51 0.5 
2294 4 0.5 55 0.7 62 0 65 0.7 70 0.9 74 0 85 0.9 97 0.6 
2546 25 0 82 0.4 93 0 
2597 1 0.5 16 0.3 22 0.5 25 0 81 0 83 0 
2705 11 0.8 27 0.5 45 0.5 65 1 94 0.4 
2852 11 0.6 33 0.5 85 0.8 91 0 
3094 0 0 4 0.8 6 0.4 20 0.3 30 0.4 34 0.4 42 0.5 66 0.8 83 0.4 98 0 
3197 29 0 
3348 65 0 71 0.9 78 1 99 0.5 
3458 1 0.6 4 0.3 42 0 51 0.7 54 0.6 61 0.8 84 0.3 89 0 
3491 27 0.5 28 0.9 34 0.8 42 0.8 53 0.4 62 0.4 63 0.3 89 0 92 0.8 96 0 
3658 26 0 42 0 56 0.9 61 0 82 0.7 89 0 98 0.7 
3728 15 0.4 19 0.5 52 0 56 0 
3809 17 0.5 19 0.3 32 1 37 0 43 0 57 0.9 62 0.8 69 0.7 78 0.5 85 0.6 
3849 5 0.7 16 0.7 21 0 28 0.8 50 0.8 65 0 
3868 54 0.5 
4058 8 1 12 0.3 45 0.7 50 0 52 0 59 0.4 70 0.9 79 0 86 0.7 
4106 61 0 63 0.9 
4237 14 0.7 18 1 27 0.3 54 0 61 0.9 64 0 74 0.8 80 0 93 0.5 
4251 65 0 92 0.8 
4309 16 0.9 28 1 41 0.5 47 0.5 54 0.4 60 0.6 
4388 28 0.8 29 0 41 0 51 1 91 1 92 0 99 0 
4431 43 0.8 72 0.4 73 0 78 0 85 0.3 90 0.5 
4451 1 0.8 6 0.7 19 0.5 28 0.9 
4623 26 0.7 27 1 38 0.9 48 0 54 0.8 70 0.6 71 0.8 89 0.6 
5051 10 0 30 0.9 39 0.8 54 0.3 57 0.8 72 0.8 
5603 19 0 36 0.8 44 0.7 91 0.6 
5770 5 0.4 9 0.5 15 0.9 20 1 26 0 67 0.3 84 0.5 
6046 13 0.5 52 0.8 58 0 97 0.4 
6060 4 0 14 0 25 0.8 45 0.5 50 0.5 64 0 65 0 90 0.6 94 0.4 98 0 
6077 44 0.4 
6089 15 0.3 33 0 41 0 54 0.6 56 0 73 0 79 0.5 96 1 
6125 31 0.9 38 0.8 42 1 43 0.5 50 0 51 0.6 74 0 79 0 84 0.4 88 0.3 
6175 21 0 84 0 
6277 2 0 20 0 21 0 50 0.4 52 0.7 54 0 57 0.6 75 0.7 
6664 9 0 12 0 14 0.3 32 0 56 0.6 59 0 70 0.5 76 0.6 97 0.3 
6934 6 0 17 0.5 71 0 
7012 16 0 22 0.4 44 0.7 55 0.8 64 0.4 82 0.8 85 0.8 97 0.7 
7014 20 0 29 0 52 0.3 63 0.3 69 0.5 70 0.9 73 1 76 1 80 0.5 96 0.8 
7198 14 0.5 26 0 30 0.4 53 0.5 75 0.8 80 0 89 0.8 99 0 
7222 8 0.6 9 0.7 18 1 29 0.7 44 0.4 45 0.4 46 0.7 47 0.8 87 0.3 
7266 13 0 18 0.6 20 0.9 34 0.6 72 1 75 0.5 88 0.3 
7378 12 0.6 28 0.9 30 0 35 1 51 0.8 78 0.3 82 0.3 84 0.4 94 0 
7448 3 0.6 9 0.4 12 0.3 14 0.8 22 0.7 38 0.6 58 0.4 79 0.5 97 0 
7672 17 0.7 23 0.7 31 0.9 43 0.9 56 1 75 0 77 0.9 
7697 21 0.5 
7738 23 0.5 52 0 53 0.5 71 0.3 
7783 7 0.3 22 0 56 0 59 0.7 
7844 18 0.5 40 0.9 57 0.4 61 0.6 72 0.5 84 0.5 95 0.8 
7860 5 0 42 0 47 0.7 55 0.8 74 0 
7949 9 0.8 15 0.9 48 1 53 0.5 98 0.9 
7950 49 0.5 76 0.8 
8073 24 0 37 0 38 0.4 44 0.6 70 0.3 87 0 
8076 6 0.8 28 0.4 35 0 52 0 59 0.4 73 0.5 92 0 96 0.5 97 0.6 
8135 19 0 39 0.3 61 0.5 90 0.3 
8141 42 0.4 43 0.4 53 0 66 0 90 0.6 
8180 24 1 38 0 75 0.8 
8411 0 0.5 58 0.6 60 0 91 0.6 
8659 18 0.5 27 0.5 44 0 65 0 69 0.3 
9044 4 0.8 7 0.3 13 0 22 1 48 0.6 96 0.3 
9114 1 0.6 85 0 
9140 15 0.6 40 0.5 67 0 
9155 0 1 75 1 79 1 91 0.9 
9182 31 0.8 42 0.9 53 0.5 59 0.6 67 0.4 68 0 85 1 99 1 
9302 1 0.7 6 0 44 0.6 45 0.8 56 0.5 71 0.6 79 0.3 86 0.6 94 0.9 
9432 67 0 68 0.5 
9451 31 0.9 33 1 43 0 56 0.5 68 0 69 0.6 
9496 26 0.6 32 0.9 36 0.9 55 0 63 0.8 64 0.6 66 0.7 
9545 35 0.7 
9661 40 0 62 0.8 83 0.4 90 0.7 94 0 
9687 33 0 39 0.6 56 0.6 57 0.6 58 0.5 70 0.9 86 0.8 90 0.3 94 0.7 
9765 5 0.9 13 0.8 43 0.7 45 0.5 61 0.8 65 0.6 84 0.8 85 1 92 0 93 1 
9902 0 0.7 1 0 12 0.4 19 0.6 29 0 71 0 79 0.4 
9908 61 0.5 
9944 1 0.4 5 0.3 14 0.3 60 0.4 90 0.8 
