100
2 12 0.7 20 0 41 0.4 54 0.4 78 0.9 
98 55 0 61 0.9 63 0.6 74 0.5 94 0.4 97 0.9 
221 63 0 86 0.3 
232 34 0.6 
314 15 0 36 0 
450 15 0 59 0.4 60 0 73 0.3 
562 11 0.5 17 0.9 33 0 46 0 49 0.9 51 1 81 0.3 86 0.7 
878 5 0.6 10 0.3 36 0.8 47 0.3 49 0.5 70 0.3 75 0.4 79 0 96 0.4 99 0.5 
1069 15 0.3 34 0.8 36 0.7 79 0.9 81 0.8 83 0.9 
1071 8 0.7 9 0.6 17 0 33 0.4 64 0.4 72 0 
1202 2 1 9 0 15 0 18 1 34 0.3 75 0.3 76 0 77 0 93 1 
1235 15 0 22 0.7 24 0.5 26 0.8 35 0 55 0.7 71 0.3 81 0.5 98 0 
1313 3 0.7 6 0.7 57 0 60 0.8 71 0.3 72 0.6 80 0.6 90 0.8 99 0.5 
1346 8 0.3 15 0.3 46 0.8 50 0 58 1 99 0.7 
1357 4 0 41 0 50 0.7 56 0.4 58 1 61 0.8 68 0.4 85 0.3 98 0.3 
1410 0 0.6 74 0 86 0.8 
1458 13 0.8 26 0 49 0.5 61 0.3 77 1 87 0.3 
1467 26 0 46 0.6 51 0 
1489 28 0 67 0.6 
1586 12 0 15 0.8 18 0.7 24 0.6 50 0 87 0 88 0.6 
1664 14 0.3 77 0.8 88 0 
1759 0 0 3 0 6 0.7 9 0.9 10 0.5 17 0.4 56 0.8 72 0 79 0.5 82 0.3 
1914 2 0.9 24 0.3 56 0.4 67 0.6 69 0.6 
2153 1 0.8 12 0.5 24 0.5 35 0.8 38 0.5 54 0.5 75 0.4 91 0.5 
2269 72 0 78 0.5 
2338 2 0 44 0.8 53 0.4 69 0 75 0 82 0.4 
2508 21 0.8 23 0 76 0.5 78 1 79 1 
2542 3 0 16 0.4 26 0.9 27 0 66 0.3 69 0.3 77 0.3 89 0 
2608 36 0.8 50 0.6 59 0.8 66 0 77 0 79 0 84 1 87 0.5 
2832 15 0.8 26 0.9 34 0.6 35 0.6 51 0.7 56 0.4 59 1 75 0.6 97 0.8 99 0.7 
2936 32 0.4 45 0 57 0.3 
2970 18 0.4 40 0.3 42 0.4 51 0.7 79 0.6 89 0 97 0 
3074 6 0.5 12 0 20 0 23 0.4 45 0.3 53 0.9 60 0.5 79 0.7 
3075 63 0 65 0.7 89 0.3 91 0.9 98 0 
3083 48 1 85 0.6 89 0 
3169 25 0.7 34 0.9 47 0 56 0.4 
3240 9 0 52 0.5 60 0 92 0.6 
3309 5 0.5 6 0.8 37 0.5 43 1 53 0.5 54 1 57 0 59 0 
3421 3 0.6 4 0.3 16 0.8 46 0.4 57 0 67 0 80 0.4 87 1 88 0.4 94 0.8 
3498 6 0.9 9 0.5 17 0.8 18 0 26 1 51 0.3 79 0.6 80 0.7 84 0.5 90 0.4 
3752 66 0.3 81 0.5 87 0.3 91 0.8 
3904 1 0.7 7 1 23 0.5 33 1 35 0.4 43 0.4 61 1 68 0.7 71 0.5 97 0.7 
3968 7 1 8 0.4 46 0.9 75 0.8 
4079 1 0.9 8 0.3 18 0.4 48 0.8 60 1 79 0 94 0.6 
4150 65 0 67 0 72 0 
4156 8 0.5 18 0.9 24 0.5 37 0.4 45 0.7 73 0.9 76 0 88 0.6 
4181 15 0 28 0.6 34 0 50 0.5 
4342 99 0.7 
4346 14 0.7 15 0 26 0.3 39 0 48 0.8 74 0 76 0 89 0.5 98 0.8 
4593 19 0.5 22 0 57 0.8 72 0 78 0 
4711 4 0 8 0.3 13 0.3 
4853 25 0.4 51 0.8 90 0.9 
4933 7 0.3 44 0.4 45 0 58 0 76 0.3 86 0.7 90 0.6 91 0.9 
5277 2 0.5 3 0 33 0 37 0.8 39 0.3 81 1 90 0.8 91 0.6 
5347 44 0.6 67 0 89 0 
5397 2 0.5 19 0 23 0.6 57 1 77 0 81 1 88 0 95 0.5 
5568 20 0 51 0.9 71 0 84 0.4 87 1 96 0.9 
5582 3 0.6 16 0.6 37 0.7 43 0.7 50 0.7 68 0 69 0 71 0 75 0.3 
5620 10 1 46 0.5 55 0.7 91 0.7 
5787 9 0.9 
5924 16 0.4 23 0.7 34 0 36 0 40 0.8 52 1 61 0.6 68 1 93 0.8 
6128 3 0 60 0.6 
6205 24 0.6 50 0.5 62 0.8 68 0.6 71 0.8 72 0 85 1 90 0 
6266 6 0.7 24 0 33 0.4 53 1 66 0 72 0.4 80 0.3 83 0.5 
6449 32 1 83 0.7 
6466 33 0 44 0.6 51 0.7 63 0.4 85 0.8 99 0.8 
6476 25 1 32 0.4 73 0.7 
6514 5 0 13 0 19 0.5 25 0.8 42 0.6 53 0.4 57 0.5 70 0 77 1 
6710 10 0 
6770 33 0.8 61 0 65 0.3 73 0.6 80 0 
7099 4 0.9 73 0.7 89 0.5 
7180 52 1 60 0.8 64 0 74 0.4 81 0.6 
7220 18 0.3 19 0 27 0 30 0.3 47 0.9 51 0.4 68 0.4 84 0.8 86 0 
7222 8 0 9 0.7 18 0 29 0.3 44 0.8 45 0.7 46 0.3 47 0.6 87 0.5 
7276 89 0 
7347 41 0.6 94 0.7 
7417 15 0 17 0.4 43 0.6 75 0 
7471 25 0.4 26 0.7 30 0.9 38 0 53 0.4 80 0 89 0 
7636 26 0.9 58 0 71 0 
7649 12 0 16 0.5 26 0.6 35 0.4 40 0.4 78 0 80 0.3 84 0.9 
7657 6 0 42 0.4 43 0.5 45 0.7 53 0.7 57 1 60 0.4 67 0 84 0.9 
7810 7 0.5 45 0.4 53 0.5 67 0.5 70 0.7 77 0 99 0 
8508 11 0.9 50 0.8 71 0.4 92 0.9 94 0.6 97 0 98 0 
8548 18 0.6 20 0.6 22 0.5 38 0.6 43 0.3 59 0.9 66 0.8 80 0.8 90 0.3 92 0.4 
8557 11 0.3 24 0 42 0 86 0.9 87 0 
8586 39 1 86 0.5 
8682 5 0.3 8 0.8 30 0.5 45 0 73 0.4 99 0 
8718 21 0.3 33 0.9 37 0.6 39 0 60 0 86 0.7 
8740 13 0 14 0.8 16 1 22 0.3 24 0.8 26 1 37 0 46 0 72 0.4 90 0.4 
8958 4 0.8 10 0 33 1 38 0.3 41 0 52 0.8 61 0 77 0 
9109 34 0 39 0.6 62 0.9 77 0.3 87 1 98 0 
9150 6 0.9 9 0 43 0 44 0.7 46 1 82 0 88 0.7 97 0.4 98 0.3 99 0 
9213 14 1 15 0.7 32 0.7 62 0 73 0.8 78 1 
9291 4 0 50 0.4 55 0.6 77 1 82 0.3 
9503 5 0.4 15 1 22 0.4 31 0.4 40 0.5 43 1 44 0.9 51 0.7 98 0.6 99 0.6 
9516 5 0.6 6 0.7 10 0.4 22 0 47 0.3 52 0 70 1 74 0 86 0 88 0.9 
9647 1 0.9 7 0 19 0.4 51 0 59 0 63 0.6 83 0.5 87 0 94 0 
9758 3 0.4 6 0.5 7 0.9 30 0.7 37 0.5 44 0.9 49 0 51 0.6 76 0.7 
9823 22 0.8 28 0.9 64 0 
9921 5 0.7 14 0.5 51 0.8 62 0.6 63 1 85 0 
