100
71 7 1 17 0 42 0 59 0.3 76 0.3 79 0.7 85 0.4 95 0 
76 14 0 42 0.4 49 0.5 59 0.4 60 0 61 0 64 0 67 0 93 0.3 
190 5 0.8 22 0.9 44 0.9 46 0 61 0.5 79 0 
247 9 0 45 1 73 0.7 88 0.8 93 0.6 96 1 
431 43 0.6 
483 28 0.3 54 0 57 0 72 0.8 77 0.9 86 0.8 90 0.6 97 0.4 
500 0 0.3 16 1 28 0.4 35 0.4 51 1 74 0 90 0.9 95 0.9 98 1 
615 18 0 34 0.6 51 0.6 63 0.3 79 0 85 0.8 
630 11 0.9 21 0.3 29 0 40 0 52 0.5 82 0 86 1 95 0.5 
660 16 0 20 0 38 0.9 43 0 52 0 63 1 64 0.3 93 0 99 0.7 
680 30 0.7 44 0.5 51 0 53 0 57 0.5 72 0 
730 11 0.8 24 0.4 32 0.8 51 0.9 58 0.4 77 1 79 0.8 93 0.8 96 0.3 
766 3 0.5 22 0 45 0 60 0.8 69 0 70 0.7 78 0.4 84 0 94 1 
768 14 0 16 0 33 0.4 34 0 38 0.6 74 1 79 0.4 
782 76 0.8 86 1 
958 14 0.6 49 0 68 0.7 
1000 24 0 
1096 7 0.5 22 0.5 42 0.7 92 0.4 
1203 2 0.8 4 0.4 8 0 27 0 44 0.3 46 0 50 0 62 1 95 0.6 97 0 
1288 61 0 77 0 
1372 48 0.4 55 0.5 87 0.9 89 0.3 98 0.6 
1408 3 0 27 0.8 31 0.6 35 0 56 0.6 57 0.8 77 0.3 83 0 89 0.5 91 0 
1499 2 0 15 0.7 23 0 29 1 58 0.3 65 0 68 0.4 98 0.8 
1555 72 0 
1666 18 0 32 0 40 1 44 0.4 46 0 48 0.6 81 0.9 92 0 94 0.4 
1687 36 0 
1754 15 0.3 25 0.4 31 0 32 0.8 82 0 
1936 77 0.3 83 1 
1984 8 0.4 27 0 29 0.8 40 0.3 50 1 59 0.9 62 0.6 76 0.9 95 0.3 99 0.6 
2000 13 0.8 21 0.4 42 0.3 43 0.4 47 0 53 0 59 1 85 0.7 94 0.8 
2133 3 0 20 1 46 0 50 0.9 53 1 66 0 76 0.9 78 0.3 90 0.3 
2312 6 0.6 11 0.3 19 0.4 31 1 95 0 
2367 8 0.9 13 0 25 0.8 39 0.9 43 0.4 49 1 62 0 68 0.5 74 0.3 94 0.7 
2438 10 0.6 29 0.4 42 0.8 52 0.6 57 0.4 61 0.6 67 0.9 
2497 7 0.8 8 0.8 20 0.8 21 0.8 25 0.4 28 0.5 49 0.4 71 0.3 94 0.7 98 0 
2523 14 0.7 17 0.3 24 0 29 0.9 31 0 44 0.6 50 0.3 73 0.3 78 0.3 89 0.7 
2542 3 0.9 16 0.8 26 0.8 27 0.9 66 0 69 0.9 77 0.6 89 0 
2624 81 0.8 
2660 16 0.5 17 1 26 0.8 34 0.5 
2786 12 0.5 17 0.9 20 0 39 0 52 0.3 67 1 70 0.4 75 0.6 
2787 1 1 24 0 39 0.8 81 0.3 
2807 10 0 22 0.3 51 0.6 70 0.6 74 0.9 88 0.9 89 0.6 92 0.9 94 0 
2870 63 0.6 69 0.5 90 0.9 95 0.7 
2954 9 0 51 1 59 0.4 
3141 13 0.7 18 0.3 19 0.4 66 0.6 86 0.7 99 0 
3228 1 0 3 0.7 6 1 16 0.7 65 0.6 78 0.9 
3281 1 0.9 10 0.4 11 0.3 29 0 36 0.9 55 0 58 0 82 0.8 93 0 99 0.8 
3283 46 0.5 78 0 
3332 12 0.8 
3510 25 0 29 0.3 41 0.6 98 1 
3646 11 0.6 33 0.4 63 0.9 78 0.5 79 0.5 
3682 14 0.7 28 0.9 36 0.4 37 0.5 38 1 69 0.9 76 0.7 80 1 
3816 0 0 5 0 20 0.9 44 0.6 69 0.9 78 0.6 95 0 96 0.5 
3868 54 1 
3878 3 0.8 68 0 81 0.5 
3952 6 0.7 11 0 26 0.4 27 0 66 1 74 0.5 80 1 92 0 97 0.6 99 0.3 
4013 27 0 47 0 62 0.8 
4055 33 0.3 51 1 60 0 90 0 
4147 13 1 45 0.9 47 1 49 0.5 51 0.7 56 0 58 0.3 59 0.7 75 1 97 1 
4320 27 0.4 29 0.8 31 0.8 49 1 56 0.8 80 0.9 90 0.6 
4414 33 0.6 53 0.8 67 0 84 0 
4484 26 0.6 
4495 85 0 86 0 
4597 17 0.9 21 0.9 22 0.4 49 0 63 0.8 
4702 21 0.6 
5145 3 0 15 0.5 58 0.9 73 0.7 
5299 20 0.3 61 0.9 
5520 6 0 27 1 33 0 42 0.7 59 1 65 0.5 89 0.9 
5590 10 0.6 12 0.7 14 0.9 27 0 36 0 39 0.3 70 0.6 79 0.3 86 0.6 98 0.6 
5597 20 1 27 0.6 34 0.6 39 0.4 86 0 88 0.9 
5759 1 0 4 0.7 37 0.4 45 0.7 47 0.7 69 0.3 85 0.7 92 0 
5816 23 0 99 0.5 
6048 3 0 
6322 29 0.5 31 0.8 34 0.8 35 0.4 44 0.3 69 0.7 71 0.4 94 0 
6328 2 0.8 22 0 65 1 84 0.4 88 0 99 0.9 
6504 12 0.9 42 0 94 0.9 96 0.3 97 0.7 
6666 76 1 
6733 86 0.8 
6777 22 0 57 0.6 63 0.6 67 0 71 0.9 91 0 98 0.6 
6833 16 0.4 26 0.4 34 0.5 85 0.7 
7121 13 0.4 18 0.7 23 0.7 
7224 11 0 46 0 
7240 1 0.3 21 0.4 39 0.8 57 0 61 0.7 63 0 68 0 84 0 85 0 99 0.6 
7250 38 0 43 1 49 0.7 86 0 
7271 1 0.7 18 0 41 0.7 46 1 49 0 56 1 72 0.9 74 0 97 0 
7365 19 0.4 26 0.4 44 0.4 45 0.7 78 0.6 
7639 29 0.4 36 0.7 41 0 42 0.6 43 0.5 59 0.4 86 0 
7641 13 0.4 16 0.3 26 0 30 0 36 0.4 74 0.9 84 1 92 0.8 
7988 20 0.6 
8102 18 0.8 22 0.7 90 0.5 
8238 23 0.5 30 0.4 90 0.6 
8300 18 0.4 33 0.7 41 0.7 43 0 70 0 73 0 84 0.9 92 1 
8672 37 0.9 69 1 88 0 
9015 4 0.6 15 0.9 17 0.3 78 1 
9053 23 0.4 28 0.7 44 0.6 58 0.3 67 0 68 1 77 0 89 0 90 0.9 
9203 0 0 3 0.8 18 0.6 26 0 28 0.3 33 0.8 37 0.7 41 0.9 48 0 
9340 14 0 
9417 2 0 13 0 19 0.8 37 0.5 48 0.6 65 0.9 75 0.4 82 0.7 
9504 28 0 37 0 46 0.5 50 0 52 0.8 55 0.8 57 0 79 1 93 0 
9875 19 0.5 29 0 31 1 35 1 46 0 48 0 84 0.7 89 0.5 
