100
59 18 0.6 20 0.4 47 0 53 0 56 0 64 0.8 81 0.3 86 0.7 96 0.5 99 0.3 
60 4 1 25 0.8 44 0.6 
138 9 1 31 0 70 0.8 94 1 
283 1 0.5 28 0.3 54 0.6 84 0.5 87 0 
456 44 0.9 51 0 59 1 82 0.9 83 0.5 
622 2 0.3 21 0.4 28 0 43 0 60 0 92 0.3 96 0.6 
638 6 0.4 27 0.5 52 0 54 0.3 81 0.4 84 0.3 
714 11 0.5 35 0.5 46 0.8 
758 34 0.5 48 0.8 60 0.7 
1063 37 0.3 41 1 51 0.5 73 0 84 0.4 
1153 52 0.5 53 1 59 0.3 83 0.6 88 0 
1196 34 0.4 36 0.6 38 0.8 39 0 85 0 90 0.8 98 0.3 
1212 8 0.8 38 0.8 41 1 52 0 
1268 6 0.6 25 0.5 34 0 71 0 79 0 86 0 
1306 23 0 33 0.7 48 0.7 55 0.5 57 0.7 74 0.7 81 0.4 94 0.7 
1415 26 1 55 0.7 96 1 
1504 58 0.8 60 1 81 0 94 0.6 
1512 0 0 13 0 42 0.5 74 0 75 0.7 83 0.8 85 0.7 
1549 44 0 75 0 81 0.9 91 0.6 
1637 7 0.3 23 0.6 30 0 88 0.8 
2153 1 0.7 12 0.7 24 0.3 35 1 38 0.6 54 0.7 75 0.9 91 0.5 
2234 8 0.3 19 0 30 0.9 32 0 33 1 41 0 75 0.4 84 0 
2261 18 0 35 0.9 43 0.5 45 0.5 81 1 
2271 8 0.5 19 0 25 0 28 1 34 0.4 62 0.3 71 0.8 72 0.3 73 0.6 99 0 
2283 0 0 2 0 27 0.5 38 0.4 62 0 
2355 69 0 77 0.5 80 0.9 
2398 0 0 3 0.9 11 0.9 27 1 33 0.3 40 0.6 69 0 73 0 98 0.6 
2477 98 0 
2483 28 1 40 0 62 0 80 0.8 97 0.3 
2665 3 0 6 0 39 0 53 0 97 0.4 
2783 3 0.7 26 0.7 68 0.5 76 0.6 93 0.8 
2821 10 0.8 28 0 41 0 45 0.4 63 0.7 65 0.4 72 0 99 0.5 
2932 10 0 22 0 25 0 33 0.5 53 0.5 71 0.7 87 0 
3010 7 0.4 23 0.6 24 1 29 0.6 35 0.6 36 0.5 92 0 
3037 1 0 8 0 18 0 72 0.5 89 0.8 
3165 9 0.7 11 0.3 57 0.8 
3185 37 0.9 
3345 25 1 37 0.6 43 0.8 66 1 75 0.3 89 0.4 
3357 11 0.8 38 0 47 0.7 73 0.9 90 0 
3441 11 0.3 49 0 73 0.6 84 0.5 
3447 58 1 
3640 38 0.4 48 0 60 0.7 69 0 72 0.7 83 0 92 0 
3661 13 0.3 51 0.6 
3671 5 0 11 0.6 18 0.3 47 0.4 57 0.6 66 1 86 1 96 0.3 
3726 66 0 
3837 25 0 46 1 60 0.9 74 1 88 0.5 89 0 
4041 18 0 
4196 4 0 23 0.8 26 0.9 65 0.4 82 0.5 85 0 88 1 93 0.4 94 0.3 
4377 6 0.9 28 0 33 0.4 70 0 72 0.6 99 0 
4541 7 1 10 0 56 0 75 0.4 92 0.3 
4594 99 0.4 
4616 52 0.8 
4916 23 0.5 42 0.7 43 0.5 57 0.8 58 0.3 63 0.6 64 0.6 93 0.4 
5260 11 1 39 0.7 44 0.7 48 1 73 0.4 85 0.6 90 0.7 95 0.9 
5266 4 0 66 0 78 0.7 92 0.9 96 0.4 
5433 11 1 17 0.7 57 0 58 0.7 60 0.3 61 0 
5616 9 0.9 17 0.3 49 1 62 0.4 
5642 1 0.5 18 0.8 47 0.8 90 0.4 96 1 
5767 20 0.9 24 0.5 37 0 66 0.9 70 0.6 85 0.3 
5841 2 1 7 0.5 37 1 
5944 6 0.8 16 1 64 0.5 68 0 83 0 
6246 59 0.6 
6259 6 1 20 0.9 21 1 22 0 41 0.6 56 0 78 0.4 92 0.3 
6376 90 0.8 
6409 39 0.3 57 0.6 58 0.8 69 0 70 1 89 0 
6516 4 0.4 
6559 5 0.9 22 0.5 32 0.9 40 1 47 0 49 0.6 58 0.3 67 0.9 68 0.9 71 0.8 
6588 18 0.4 42 0.7 47 0.4 55 0.4 
6664 9 0.7 12 0.8 14 0.8 32 0 56 0.8 59 1 70 1 76 0 97 0.3 
6740 15 1 87 0.7 95 0.5 97 0.9 
6798 1 0 5 0 
6937 16 0.5 25 1 26 0 29 1 33 0.8 47 0.7 56 0 88 0 
7030 8 0.9 9 0 11 0 21 0.4 34 0.7 45 0.3 56 1 67 0 97 0.9 
7452 27 0.9 34 1 46 0 48 1 49 0.9 50 0.9 59 0.7 68 1 72 0.7 
7686 31 0.5 
7741 10 0 45 0.6 61 1 92 0 
7959 18 0.6 25 0.9 34 0.4 70 0 75 0.8 77 0 78 0.4 81 0.4 89 0.5 98 0.4 
7987 86 0.3 
7998 35 0.9 40 0 68 0.8 69 0.8 83 0.5 
8003 3 0.8 17 0 41 0.7 49 1 51 0 52 0.3 61 0.3 91 0.3 95 0 
8094 4 0.5 39 0 52 0.4 57 0.9 76 0.4 
8313 3 0.4 13 0.4 53 1 90 0.4 91 0.4 
8331 42 0.8 46 0.6 55 0 67 0.8 69 0.9 
8381 63 0.3 
8422 17 0.8 31 0.7 99 1 
8483 40 0.9 41 0.3 58 0.8 95 0.5 96 0 
8630 4 0.8 28 0.5 30 0.7 40 0.8 41 1 44 1 67 0.4 69 0.8 74 0.8 89 0.7 
8800 3 0 23 0.6 59 0.5 65 0.3 76 0.7 82 0.5 83 0.3 95 0.3 
9010 10 0.7 13 0 42 0.4 53 0 73 0.4 87 1 91 1 
9129 14 0.5 16 0.4 18 0.8 42 0 86 0.6 87 0.9 
9365 14 0 16 0.9 20 0.9 30 0 42 1 72 0.3 77 0.6 89 0.6 
9369 61 0.9 79 0.7 83 0.8 
9374 14 0.5 67 0 
9505 99 0 
9536 5 0.3 13 0 
9605 14 0.6 26 0 28 0.9 91 1 
9729 25 0.8 38 0.3 58 0 59 0.5 68 1 69 1 76 0 80 0.6 
9873 1 0 15 0 72 1 75 1 
9960 10 0.9 11 0.8 24 0.7 26 0.3 46 1 49 1 51 0.9 60 0 67 0 
9983 33 0.4 61 0.3 
