100
282 0 0.5 10 0.4 58 0.7 61 0 83 0.6 92 0 96 0.6 99 0 
337 13 0.7 20 0.3 39 0.4 83 0.8 
344 21 0.3 29 0 33 0.8 58 0.9 73 0.6 77 0 88 0.3 89 0.5 91 0 
390 6 0.4 18 0.3 54 0 58 0.5 59 0.3 98 0 
493 1 0.7 27 0.7 89 0.7 
505 25 0.6 33 0.4 45 0 54 0.6 80 0 
723 10 1 72 1 79 0.4 98 0 
750 6 0.7 28 0 40 0 64 0 90 0 94 0.9 
891 7 0 11 0.5 14 0 98 0 
1015 13 0.5 
1078 0 1 99 1 
1123 9 0.3 46 0 50 1 54 0.4 89 0 97 0.7 
1310 91 0 
1379 10 0 20 0.5 46 0.4 67 0 93 0.7 98 0.5 99 0.3 
1393 36 1 85 1 
1454 2 0 3 0.3 11 0 42 0.7 47 0 59 0.3 77 0 85 0.8 97 0 
1549 44 0 75 0.9 81 0.6 91 0 
1852 3 0.8 6 1 7 0.3 42 0.5 86 0.9 
1869 2 0 13 0.3 16 0.8 17 0 25 0.9 26 0.8 27 0.3 49 0 70 0.7 91 0.3 
1943 50 0.6 84 0.5 
1981 28 0 29 0.4 53 1 60 0.3 85 0 88 0.9 99 0.6 
2008 5 0.7 6 0.4 15 0.8 46 0 47 0 52 0.8 
2039 4 0.8 11 1 28 0 29 0.7 59 0.9 62 1 71 1 73 0 
2129 6 1 11 0.3 
2172 19 0.7 32 0.7 37 0.7 83 0.8 89 0.4 92 1 
2184 11 0 28 0.3 80 0.7 
2207 10 0.9 12 0 21 0 36 0.6 44 0.9 49 0.9 57 0 73 0 91 0.9 
2262 2 0 18 0.5 22 1 34 0 42 0 77 0.6 78 0 82 0.4 84 0 85 0 
2319 23 0.6 85 0.6 87 0.5 
2446 72 0.7 
2590 0 0.9 6 1 23 0 26 0 37 0.6 61 0 69 0.4 
2595 11 0.9 35 0.9 49 0 
2642 53 0.6 92 0.3 
2657 1 1 5 0 74 0 77 0.9 88 0.9 
2737 64 0.4 69 0.8 95 0.3 
2783 3 0 26 0.7 68 1 76 0.5 93 0.4 
2849 8 0.8 10 0.8 35 0 38 0.8 41 0.3 50 0.5 74 0.9 
2891 66 0.8 78 0 87 0 90 0 96 0.7 
3223 8 0.9 12 0.5 19 0 
3224 54 0.8 
3238 5 0 32 1 46 0.5 94 0.4 95 0.6 96 0.7 
3264 13 0.8 15 1 26 1 31 0.6 42 0.4 66 0.5 77 0.9 83 0 
3360 41 0.5 77 0.8 
3427 19 0.8 55 0 62 0 64 0.5 69 0.8 90 0.9 93 0.8 
3440 17 0 64 0.4 
3482 21 0.9 25 0.4 30 0 34 0.5 54 0 81 1 84 0.6 98 1 
3696 35 0 
3773 1 1 3 0.4 4 0.3 12 1 15 0.5 34 1 58 0.6 81 0.7 93 0.6 
3825 93 0.8 
3843 4 0.4 6 0 
3978 47 0 67 0.9 88 0.3 92 0.7 
3990 1 0.3 9 0.3 41 0.9 50 0 73 0.4 80 0.5 95 0.9 
4073 1 0.6 2 0.8 13 0 15 0.3 47 0.3 50 0 74 0 83 0 
4119 6 0.7 12 0.8 34 0 66 0 96 0.8 
4333 7 0.6 
4365 53 0.9 62 0.8 80 0 
4535 30 0.6 73 0 88 0.7 
4830 14 0 15 0 27 0.7 33 0.9 41 0.3 45 0.9 54 0 60 0.4 66 0.5 99 0.4 
4962 3 0.6 8 0.3 27 0 48 0.4 60 0.5 87 0 95 0.6 98 0.8 
4985 9 0 28 0.7 31 0.7 49 0 53 0.7 62 0 
5054 10 1 52 0.6 56 0.5 69 0 
5310 10 0.5 27 0 29 1 82 0 85 0.3 
5424 33 0 87 0 96 0.8 
5494 14 0.3 31 1 43 0.8 84 1 
5598 16 0.4 18 0.9 19 1 22 0.9 26 1 80 0.4 81 0.3 86 0.3 
5671 12 1 40 0.4 50 0 57 0.4 93 0 
5736 4 0 28 0.8 39 0 57 0 70 0 84 0 87 0 96 0 
5836 7 1 31 0 51 0.4 55 0.6 56 0.7 67 0.5 74 0.8 75 0 88 0.6 
5879 37 0.4 45 0.8 70 0.7 82 0.4 95 0.7 
5902 2 0 4 0.4 16 1 23 0.6 48 0.3 75 0.3 78 0 
6150 55 0.3 
6197 18 0 20 0.5 32 1 39 0 56 0.7 71 0.7 82 0.8 
6272 25 0.8 31 0.3 46 0 
6360 7 0.7 15 0 29 0 47 1 61 1 72 0.7 76 1 90 0.6 91 0.8 
6496 10 0.8 85 0.7 
6889 5 0.5 6 1 77 0.6 90 0.7 92 0.3 
7135 80 0.4 94 0.7 
7141 15 0 18 0.5 21 0.4 25 0.5 28 1 47 0 55 0.4 74 0.9 77 0.3 98 0 
7407 10 0 83 0.8 
7488 8 0.5 17 0.4 35 0 83 0 96 0 
7495 16 0 50 1 58 0.3 
7526 7 0.4 24 0 25 0.6 52 0.7 70 0.5 
7631 2 0.5 8 0.9 10 0.9 16 0.3 63 0.9 65 0.8 70 0 73 0.5 83 0.9 96 0 
7655 18 0.8 29 1 32 1 49 0.7 78 0 
8098 22 0.7 50 0.7 57 0.3 74 0.3 88 0.4 98 0 
8247 13 0.8 42 0.6 53 0.8 55 0 74 0.8 
8412 27 0.3 30 0.6 50 0 57 1 71 0.7 
8629 46 0.4 70 0.3 99 0 
8636 4 0.4 12 0 73 0.7 
8820 30 0 43 0 
8933 0 0.8 34 1 44 1 54 0.4 72 0.9 80 0.3 82 0.7 
8934 2 0.8 13 0.9 15 0 25 0 49 0 
8950 29 0.6 30 0 43 0.3 71 0.7 82 0.4 91 0.9 99 0 
9480 6 0.6 33 1 36 0.7 50 1 58 0.9 59 0.7 86 0.3 93 0.5 
9524 7 0.9 12 0.3 16 0.6 30 0.8 52 0 55 0 72 0 84 0.6 93 0.4 
9552 13 0 62 0.7 
9553 37 0 
9567 8 0.5 
9809 12 0.9 15 0.5 55 0.7 69 0.4 87 0.9 
9948 13 0.4 52 0 53 0.5 65 0.4 67 0.4 98 1 
