100
53 58 0.7 84 0 
263 17 1 39 0.9 52 0.6 53 0.7 78 0 81 0.7 83 1 
313 22 0 33 0.3 
314 15 1 36 0 
325 0 0 7 0 48 0 68 0 75 0 
363 22 0.5 
637 2 0 13 0.9 35 0 45 0.8 59 0.6 65 0.4 98 0.6 
677 26 0.8 32 0 38 0 42 0 74 0.7 77 1 
800 24 0.4 25 0.9 35 0 62 0.7 69 0.3 92 0.8 
843 7 0.4 38 0 84 0.6 
922 68 0.9 88 0.8 94 0.9 
967 9 0 17 0.7 23 0.6 32 0.9 41 0.3 46 0.5 
1125 11 0.6 35 1 47 0 77 0.6 82 0.8 
1217 12 0.3 24 0.7 63 0.5 
1245 1 0 18 1 28 0 30 0.6 35 0.6 53 0 69 0 89 0.5 96 0.5 
1276 22 1 53 0 56 0 93 0.7 
1412 17 0.7 18 1 22 1 34 0.5 71 0.6 72 0 77 0.3 87 0.7 92 0.9 
1466 66 0 
1485 7 0 49 0.3 74 0.3 81 1 
1567 1 0.6 23 0.5 30 0.6 64 0.9 70 0.6 81 0.9 90 0.7 97 0.3 
1582 1 0 21 0.3 95 0.6 
1669 9 0.5 10 0 60 0.9 
1844 10 0 40 0 48 0.5 91 0.8 
1961 25 0.3 40 0.9 63 1 66 0.7 
1968 2 0.3 20 0.5 26 0.7 56 0.7 57 0 72 0.9 78 0.9 83 0.7 
2033 85 0.3 
2073 49 0.6 85 0 95 0.6 
2248 8 0 22 0.9 23 0.7 25 1 31 0 69 0 75 0.3 79 0.5 
2351 48 0.5 
2399 16 0.4 
2406 28 0.7 45 0.3 47 1 66 0.5 71 0 72 0 
2412 47 0.7 77 0.7 87 0.6 
2445 3 0.4 33 0.5 43 0.6 49 0 62 0.9 65 0 78 0.5 83 0.4 
2468 9 0 46 0.5 75 0.9 
2480 43 0 
2496 26 0.8 38 0.6 69 0.7 94 0.7 
2550 43 0 
2558 8 0.5 13 0.4 26 0.8 56 1 57 0.6 60 1 71 0.8 72 0.6 94 0 
2616 23 0.8 66 0 75 0.8 81 0.8 94 0.6 
2661 2 1 20 0.6 51 0.4 89 0.7 
2694 6 1 46 0.5 73 0.7 82 0.7 
2740 1 0.5 38 0 56 0 94 0.8 
2806 41 0 42 0.7 51 0 69 0.4 82 0.3 
2845 42 0.3 95 0.9 
2913 72 0.3 76 0.5 99 0.5 
2959 11 0.4 48 0.4 58 0 62 0.6 83 0.4 84 0 
3115 10 0.4 67 0.8 
3262 7 0.4 24 0.4 31 0.3 88 0.7 92 1 95 0 
3379 5 0 10 0.7 11 0.3 24 0.9 49 0.6 53 0.5 63 0 68 0.5 73 0.4 74 1 
3487 8 0.8 60 0.8 63 0 66 0.4 70 0 73 1 89 0.5 91 0.8 
3886 12 0.5 16 0.3 49 0.8 53 1 56 0.6 59 0 75 0 93 0 99 0.7 
3919 12 0.9 14 0.6 15 0.3 23 0.4 36 0 54 0.9 93 0.7 94 0.3 97 0 
4346 14 0 15 0.7 26 1 39 0.7 48 0.8 74 1 76 0.3 89 0 98 0.6 
4347 4 0.8 19 0 21 0.5 27 0 40 0.5 44 0.6 53 0.4 77 0.5 85 0.6 
4428 6 0.8 21 0 49 1 62 1 69 0.8 75 1 
4560 14 0.7 38 0.9 79 1 
5013 7 0.8 11 0.7 39 0.7 77 0 91 0.3 99 0.9 
5342 14 1 22 0.5 31 0.9 44 1 53 0 57 0 58 1 61 1 66 0.6 83 0 
5543 30 0.3 32 0 41 0 42 0.8 43 0.9 48 1 58 0 65 1 78 0.8 87 0.7 
5566 7 0 81 0.9 82 0 
5829 32 0 60 1 74 1 85 0.9 
5890 3 0.4 14 0.8 
6129 12 0 13 0.3 26 0 30 0 48 0.5 63 1 74 1 
6155 1 0.5 39 0.8 68 1 77 0.3 94 0.3 
6170 4 1 13 0.9 27 0.4 29 0.4 30 0.6 35 0.5 43 0 59 0.3 61 0.3 
6192 9 0.3 23 0.8 39 1 58 0.4 59 0.8 66 0.6 68 0.8 73 0.8 88 0.6 
6220 41 0.3 51 0 60 0.5 79 1 83 0 85 0.4 
6285 12 0 29 0 54 0 88 0.9 93 0 
6401 50 0.6 70 0.6 82 0.8 
6574 16 1 22 0 30 0.6 42 0.9 62 0.4 77 0 78 0 94 0.8 
6683 30 0 38 0.9 60 0.6 84 0.9 94 0.8 
6694 46 0.4 49 0.4 70 1 78 0 
6822 18 0.4 22 0.9 47 0.4 53 0 54 0.5 56 0.8 79 0 99 0 
6825 10 0.6 34 0.4 39 0 81 0 84 0 
6880 39 0.6 57 0 66 0.6 76 0.7 94 0 
6957 27 0 36 0 47 0 72 0 75 0 80 0.8 82 0.9 
7253 22 0.5 70 0.4 91 0.4 
7333 0 0.4 11 0.8 23 0.8 44 0.5 58 1 74 0 
7340 22 0 42 0.8 69 0.9 71 0 75 0.9 78 1 89 0.9 
7639 29 1 36 0 41 1 42 0 43 0.9 59 0.9 86 0 
7823 4 0 23 0.4 28 0.6 31 0 35 0 
8285 28 0 64 1 70 0.8 73 0 90 0 
8293 19 0.9 29 1 40 0.6 61 0.8 
8471 11 0.6 
8608 1 0.6 38 1 
8635 12 0 14 0 19 1 25 0 86 0.6 87 1 94 0.8 
8644 89 1 91 1 
8770 18 1 
8858 15 0.6 18 0.7 32 1 33 1 66 0 76 0 84 0.5 
8869 61 0.8 71 0.8 77 0.7 
8870 3 1 30 0 57 0.5 62 0 76 0.9 77 0.5 80 0 85 0.5 91 0 98 0.7 
9270 15 0.3 23 0.5 58 0.7 68 0 71 0.5 
9306 27 0.7 78 0 
9332 2 0.5 7 0.8 11 0.5 14 0.4 18 0.4 42 0.6 54 0.7 67 0.3 89 1 99 0.3 
9390 36 0.7 41 0.6 70 0.3 74 0.3 77 1 81 1 91 0.7 
9410 16 0.7 17 0.4 26 1 43 0.7 75 1 95 0.4 96 0.9 
9590 31 0.4 
9830 23 0.7 30 0.9 47 0.7 55 0.6 64 0.6 79 0.4 89 0 93 0.9 
9884 2 0.6 13 1 22 0.5 33 1 52 0.9 80 0 88 0.8 
9923 9 0.5 32 0.3 49 0 55 0.4 56 0 
