100
26 10 0 23 1 44 0.9 70 0.5 86 1 98 0.8 
50 16 0.4 79 0.9 
70 96 0.5 
141 53 0 64 0.8 83 0.8 
247 9 0 45 1 73 0.6 88 1 93 0 96 0.6 
325 0 0.8 7 0.8 48 0.4 68 0.5 75 0.9 
327 2 0.6 12 0 18 0.3 33 0.6 65 0 94 0 
369 14 0 37 0 41 0.3 76 0.4 
554 0 0.7 9 0.5 32 0.6 42 0.6 43 0.9 51 0.9 56 0.6 93 0.4 
602 13 0.6 19 0 27 0 43 0 66 0.7 97 0 
712 16 0.7 19 0 45 1 66 0 75 1 77 0 94 0.7 
832 21 0.8 46 1 54 0.6 
1005 1 1 22 0.7 29 0.5 31 1 44 0.9 51 0.6 58 0 66 0.6 74 0.4 90 0 
1129 12 0.6 48 0 58 0 88 0.8 92 0.8 97 0 
1252 6 1 90 0 
1263 34 0.5 40 0 57 0 75 0.3 82 0 
1348 4 0.3 11 0.3 18 0 23 0.9 59 0.3 76 0 85 0 95 1 
1404 76 0.3 
1567 1 1 23 0 30 0.5 64 0 70 0.5 81 0 90 0.6 97 0.3 
1732 4 0.8 23 0.3 31 0.5 52 0.5 97 0.6 
1899 1 0 
1933 4 0.6 31 0.6 43 0.6 55 0.5 65 0.5 90 0.7 
1954 23 0 50 0.5 72 0.4 74 0.4 
2004 0 0 51 0.8 
2075 11 0 14 0.8 16 0 24 1 58 0 72 0.8 82 0.6 90 0.3 
2085 3 0 17 0.8 28 0.3 32 0.9 40 0 54 0.4 67 1 94 0.3 99 0.9 
2158 11 0 
2248 8 0.6 22 1 23 0 25 0.8 31 1 69 0.3 75 0.5 79 0.7 
2261 18 0.4 35 0.8 43 0 45 0.6 81 0.9 
2284 5 0.4 14 0 25 0.5 33 0.7 63 0.9 71 0.6 72 0.7 83 1 
2306 10 0.3 17 0.6 28 0 42 0.9 52 0 58 0.5 70 0.9 81 0.3 
2414 53 0.6 
2490 9 0 95 0 96 0.7 
2553 9 1 14 0.4 25 0.4 34 0.9 48 0 81 0 
2580 3 0.6 48 0.6 59 0.7 61 0 67 0.6 75 0.5 78 0 92 1 
2692 42 0.4 66 0 
2782 0 0 3 0 25 0 30 0.9 34 0 42 0 50 0 70 0 93 0.9 96 0 
2799 46 0.3 54 0.8 
2877 1 0.7 46 1 73 0 79 0.9 90 0.9 
2979 4 0 9 0 91 0 92 0.4 
2987 16 0.5 36 0 48 0 85 0.9 89 0 93 0.8 
3095 41 0.8 
3206 0 1 15 0.5 44 0 48 0.5 53 1 75 0 76 0.5 77 0.5 
3271 2 0 31 0.6 32 0 35 0.8 56 0.6 61 0.4 62 1 77 0.3 81 0.8 
3293 0 0.9 20 0 22 0.4 23 0.4 36 0.9 41 0.5 60 0.9 62 0.6 97 0.9 99 0.3 
3330 2 0 15 0 18 0 46 0.4 66 0 68 0 72 0.6 93 0.9 
3422 5 0 18 0.7 21 0 35 0 44 0 46 0.9 53 0.9 63 0.5 64 0.3 82 0.9 
3458 1 0.8 4 0.8 42 0.6 51 0.4 54 0.9 61 0 84 0 89 0.5 
3784 31 0.9 39 0.6 60 0 89 0.6 95 0.6 
3812 15 0 16 0 49 0.6 52 1 59 0 99 0.3 
3918 0 0.8 7 0.3 9 1 31 1 
3921 54 0.3 85 0 95 0.5 
4227 9 0.3 10 0 25 0 26 0.3 35 0.7 49 0 96 0.3 
4594 99 0.6 
4763 0 0 14 0.6 19 0.5 39 0.8 57 1 80 0.8 
4781 8 0 28 1 34 0.8 39 0 61 0 63 0 74 0.7 84 0.3 85 0.7 
4928 10 0.9 32 0.7 39 0.7 60 0 61 0.9 79 0 96 0 
4945 34 0.3 49 0.9 52 0.4 57 0.4 64 0.5 90 0 93 0.5 99 0.5 
4986 16 0 30 0.7 46 0.5 55 0.9 95 0 
5113 2 0.3 4 0 6 0.8 44 0.9 50 0.3 67 0.7 94 0.3 99 0.8 
5274 9 0.5 29 1 31 0.7 32 0.3 47 0.6 57 0.9 80 0 
5312 14 0.7 17 0.4 39 0.3 87 0.6 94 0 
5343 18 1 22 0.7 25 0 34 0 57 0 
5591 18 0.3 30 1 39 0.5 46 0.4 53 0.8 74 0 83 0 94 0 
5649 6 0.7 13 0 19 0.4 33 0.6 38 0 40 0.4 52 0 53 0.3 78 0.3 94 0 
5705 32 0.3 37 0.5 44 0.6 63 0.8 66 1 68 0.3 92 0 95 0.4 
5969 13 0.5 15 0.4 43 0 66 0.6 74 0.7 82 0.9 92 0.5 95 0 
6118 8 0.7 88 0.6 
6161 33 0.3 51 1 54 0.6 68 1 69 0.5 74 0.7 75 0.5 77 0 80 1 94 0.4 
6191 29 0 60 0.4 76 0.5 94 0.4 
6195 6 1 10 0.3 15 0.5 34 0.8 44 0.9 51 0 59 0 75 0.9 
6255 4 0.3 26 0.6 65 0.4 96 0.4 
6286 5 0.4 76 0 93 0 95 0.7 96 0 
6476 25 0.8 32 0.7 73 0 
6521 14 1 35 0.3 87 0.8 88 0.9 90 0 
6541 85 0.3 
6912 77 1 
7175 0 0.7 7 1 24 0 28 0.7 42 0.5 66 0.6 78 0.6 
7210 16 0.8 29 1 65 0.4 
7245 25 0.9 66 0.6 94 0.9 
7266 13 1 18 0.5 20 0.3 34 0 72 1 75 0.3 88 0 
7469 5 0.7 7 0 17 0.3 18 1 57 0.3 61 0 75 0 80 0.6 93 0 
7501 1 0.8 3 0.5 19 0.8 27 0 37 0 62 1 65 0.3 76 0 79 0.7 98 0 
7674 6 0.8 20 0 31 0.8 47 0.4 48 0.6 54 0.6 64 0.3 69 0.7 85 0.6 94 0.7 
7915 64 1 79 0.9 
7924 21 0.9 30 0.7 33 0.4 
8047 56 0 61 0.7 70 0 73 0.8 84 0 93 0.7 
8133 16 0 74 0 81 1 93 0 
8296 5 0.4 10 0 15 0.4 33 0 43 0.6 87 0 94 0.5 96 0.4 98 0.4 
8540 27 0 44 0.4 86 0.4 
8676 12 0 15 1 41 0.9 
9008 16 0.5 52 0.9 97 0 
9186 24 0.7 41 0.5 48 0 57 0.6 72 0.4 78 0.3 86 0.9 90 0.3 91 0 
9310 8 0.7 10 0 15 0.8 29 0.4 58 0.9 59 1 75 0.3 90 0 
9481 3 0.3 22 0 25 0.3 50 0.8 58 0.6 70 0.3 74 0.8 75 0 88 0.5 
9493 5 0 16 0.9 23 0 38 0 42 0.6 61 0.3 67 0.5 70 0.9 
9649 7 0.3 18 0.5 26 0 27 0 46 0.5 55 0.7 62 0.3 89 0.4 91 0 97 0 
9906 28 0.3 32 0.4 51 0 90 0.5 91 0.9 
9965 77 0 88 0.3 
9967 26 0.3 31 0.4 48 0 50 0.7 56 0 71 0.7 
