100
38 11 1 22 0.8 65 0.7 86 0.3 87 1 93 0.5 97 0.5 
82 52 0 60 0.9 70 0.3 75 0 
180 14 0.5 18 0.6 20 0.4 35 0 72 0 94 0 98 0.3 
207 7 0.3 13 0.8 19 0.9 38 0.6 39 1 68 0.4 81 0.7 89 0 
224 25 0.9 28 0.9 46 0.5 61 0.7 67 0.8 70 0.4 75 1 85 0.7 89 0.3 
294 21 0.5 43 0.8 49 0.5 
627 45 0.8 
913 16 0.3 18 0.3 23 0.7 31 0.8 54 1 
988 16 0.5 21 1 48 0.4 54 0.7 74 0.9 84 0 
992 3 0.7 12 0 44 0.5 56 0 63 0 73 0.7 75 0 90 0 97 0.4 98 0.5 
1062 2 0.9 29 0.6 
1209 1 1 4 0.9 6 0 23 0.4 32 0.8 54 0.9 88 0 90 0 97 0 
1346 8 0 15 0.3 46 0.8 50 0.7 58 0 99 0.9 
1352 0 0.8 16 0.7 37 0 41 0 53 0.4 63 0.4 70 0.4 77 0 
1417 47 0.3 
1540 0 0.5 6 0.9 13 0 15 0.7 17 0.8 51 0.8 70 0.6 75 0.8 80 0.3 87 0 
1549 44 0 75 0 81 0.6 91 0.5 
1558 29 0.8 30 0.7 38 0.6 47 0.5 48 0.4 52 0.7 56 0.9 60 0.7 63 0 87 1 
1578 7 0.5 28 0 44 0 57 0.4 70 0.4 78 0.5 86 0.7 
1672 21 0.8 45 0.4 48 0.9 52 0.3 55 0.3 60 0.3 64 0 74 0 88 0.8 99 0 
1718 34 1 37 0.3 38 1 41 0.8 48 0.3 54 0.4 56 0.6 68 0 71 0.3 85 0 
1874 23 0 34 0 42 0.7 47 0 51 0.7 61 0.5 62 0 89 0.5 99 0.4 
1954 23 0.6 50 0.8 72 0.5 74 0.4 
1989 31 0.5 46 1 50 0.9 
2127 28 0.6 31 0.9 33 0.7 36 0.3 40 0 53 0.8 54 0 72 0.8 86 0 
2257 15 0.5 20 0.3 25 0.7 31 0.5 68 0.3 80 0 94 0.7 
2263 18 0.9 24 0.5 31 0.7 44 0 87 0.5 
2464 7 0.3 
2472 86 0.9 
2495 18 0.7 33 0.8 66 0.5 
2511 16 0.9 17 0.9 29 0 39 1 51 0 82 1 88 0.5 98 0.5 
2611 36 0 44 0.7 80 0.7 
2667 20 0.6 
3141 13 1 18 0.9 19 0 66 0.3 86 0.6 99 0.4 
3233 11 0.5 14 0 15 0 28 0.3 66 0.9 69 0.4 71 1 78 0.3 81 0 
3249 16 0.3 23 0 48 0 70 0 90 0.9 96 0 
3251 2 0.3 14 0.4 17 1 33 0.3 37 0.3 45 0 46 1 63 0.6 89 0 
3280 41 0.7 56 0.7 
3312 83 0.5 99 1 
3337 15 0.9 22 0 50 0.9 54 0.8 62 0.4 63 0.5 71 0 94 0.3 97 0 
3354 0 1 8 0.8 20 0 21 0.7 33 0.3 46 0.7 52 0.9 55 0.4 
3469 4 0.8 11 0.9 16 0 23 0.6 44 0.6 64 0.7 77 0.5 83 0.7 91 0.7 
3975 16 0.4 27 0.3 67 0 74 0.4 
4114 33 0 39 0.8 46 0 56 0.5 
4145 10 0.3 19 0.5 30 0 70 0.6 81 0.5 83 0.6 97 0.5 
4363 29 0.8 34 0.4 51 0.8 87 0.9 88 0.7 
4569 94 0.9 
4598 8 0.4 11 0.7 40 0.6 58 0.6 66 0 68 0.5 81 0.6 
4908 27 0 28 0.7 32 0.9 44 0 45 0.9 54 0.4 80 1 
5005 4 0.3 22 0 43 0.6 71 0.5 80 0.9 
5070 49 0.6 50 1 56 0.6 77 1 
5118 12 0 28 0.4 35 0 37 0.7 43 0 46 0.3 48 0.6 93 0 95 0.4 99 0.9 
5255 2 0 5 0.3 22 0.8 51 1 80 0.9 90 0.8 92 0.6 
5260 11 0.4 39 0 44 0.7 48 0 73 0.6 85 0.6 90 0.6 95 0.4 
5530 3 0.4 38 1 49 0 63 0.6 72 0 93 0 
5659 34 0.5 
5697 46 0.8 54 0.7 61 0.3 66 0.9 76 0 95 0.7 
5722 1 0 11 0 13 0.4 42 1 46 0.6 50 1 64 0.4 
5793 7 0.3 38 0 42 0.5 48 0 56 1 
5897 6 0.8 28 0 36 0 60 1 68 0 69 0.6 72 0.4 73 0.7 75 0.6 92 0.6 
6000 6 0 7 0.9 10 0.3 22 0.4 51 0.8 66 1 82 0.8 85 0.9 96 0.7 
6003 68 0.4 
6051 39 0.6 50 0.8 53 0.6 65 1 68 0.6 95 0 
6112 64 0 
6266 6 1 24 0.6 33 0.3 53 0.3 66 0 72 0.9 80 0.9 83 0.6 
6340 45 0.7 63 0.6 71 0 
6392 8 0 63 0.6 88 0.8 
6690 10 0 20 0 28 0 73 0.9 77 0 90 0 96 0.6 
6828 0 0 44 0.5 55 0.8 61 0.3 81 0.6 86 0.9 
6939 63 0.9 
6991 16 1 22 0 34 0.4 39 0 44 0 57 0.9 68 0.3 83 0 93 0.7 95 0.8 
7041 4 0 7 0 9 0 32 0.7 38 0.8 45 0.9 53 0.8 83 0 88 0.5 
7129 12 0 30 0.4 35 0.8 42 0.7 43 0.3 52 0 59 0.5 83 1 
7158 22 0.6 41 0.4 45 0.9 52 1 60 0 61 0.4 66 0.6 85 0.3 86 0.3 93 0.8 
7277 20 0.6 45 0.6 48 0.7 60 0 97 0 
7417 15 0.3 17 0.3 43 0 75 0.8 
7529 11 0.5 29 0.3 
7743 14 0.8 18 0.4 19 0 28 0.8 57 0.6 82 0 83 0.3 86 0.9 
7761 21 0 
7840 91 1 
7894 1 1 38 0 46 0.8 48 0.5 49 1 66 0 67 0.4 85 0 99 0 
7931 8 0 16 1 18 1 33 0 45 0.5 62 0.7 67 0.7 69 0 78 0.8 85 0.8 
7973 26 0.8 27 0.6 36 0.8 37 0.3 83 0.7 
7981 1 0.8 5 1 6 0 7 0.4 16 0.4 17 0 26 0 72 0 97 0 
8055 76 0.6 91 0 
8401 27 0.4 
8500 9 0.9 11 0.9 58 0.7 59 0.5 60 0.7 62 0.9 93 0 
8537 35 0 98 0.4 
8553 9 0 87 0 90 0.6 
8564 3 0.4 17 0.8 22 0.9 26 0.6 41 0.5 
8743 8 0 29 1 32 0 81 0.4 94 0 
8923 10 0 26 0 47 1 53 0.9 58 0 63 0.7 
9090 1 1 22 1 27 0 60 0.4 67 0.4 85 0.5 90 0.5 93 0.4 96 0.3 
9226 21 0.6 22 0 67 0.6 93 0.3 94 0.9 96 0.5 
9245 3 0 23 0 24 0 98 0 
9274 12 0.8 25 0.5 31 0.5 64 0.7 87 0.3 
9634 8 0.5 9 0.3 26 0 35 0 44 0.4 58 0.3 59 0.8 82 0.6 94 1 
9696 4 0 15 0.8 29 0.7 31 0 39 0 52 0.7 61 0 78 0.5 85 0 
9767 26 0 48 0 53 0 55 0.9 61 0 66 0.8 94 0 
9854 3 0 13 0.5 15 0.6 27 0.3 34 0.6 51 0.4 85 0.7 93 0.7 97 0.7 98 0.3 
