100
141 53 0.5 64 0 83 0.4 
189 4 0.3 89 0.4 
293 1 0.8 16 0.8 41 0.7 47 0.4 59 0 81 1 91 0 93 0 95 0.9 
353 39 0.9 66 0.4 68 0.8 
418 7 0.3 19 0.9 25 0 38 0.9 42 0 48 0.4 52 0.9 67 0 79 0 85 0.5 
427 31 0.5 32 0.8 47 0 50 0.9 64 0.7 66 0.9 68 0 72 0 74 0.9 96 0.8 
474 6 0.4 40 0 
653 0 0 2 0.7 47 0 
722 0 0.7 5 0.4 6 0.7 7 0.3 28 0.7 31 1 34 0.5 53 0.4 54 1 
743 26 0 36 0.6 64 0.9 69 0.9 85 0 99 0 
817 6 0 13 0 18 0.3 23 0 24 0 35 1 36 0.5 41 1 72 0.6 77 0.3 
859 4 0.5 22 0.6 75 0.6 76 0.4 
870 65 1 87 0.8 
1046 2 0.3 37 0.3 69 0 90 0.8 99 0.4 
1113 1 0.6 16 0.9 29 0.7 49 0.3 64 0 68 0.8 71 0 82 0 
1295 35 0 36 0.5 50 0.5 71 1 83 0 88 1 89 0.3 94 0.8 
1367 3 0.8 21 0 34 0 48 0.6 52 0.6 64 0.5 67 0.7 85 0.6 86 1 
1395 27 0.3 47 0.9 57 0.4 60 0.6 87 0.5 88 1 90 0.5 96 0.9 
1415 26 0 55 0 96 0.4 
1420 12 0.6 
1478 26 0 63 0.7 89 0.7 
1540 0 0 6 0 13 1 15 0.7 17 0.8 51 0.9 70 1 75 0.3 80 0.3 87 0.8 
1589 6 0 11 0 20 0.4 35 0.4 39 0.5 88 0 89 0 99 0.3 
1611 27 1 85 0.7 
1880 6 1 45 0.9 98 0.6 
1973 5 0.8 8 0 9 0.9 11 0.5 21 0.6 31 0.3 35 1 49 0.3 59 0.7 65 0.3 
2019 6 0.5 11 0.7 22 0.7 37 0.6 39 1 49 0.6 58 0.4 87 0.3 91 0.6 96 0 
2067 35 0.8 36 0.9 55 0.6 67 0.9 79 0.7 
2176 17 0.9 31 0.5 45 0.6 69 0.5 72 1 88 0 92 0.5 
2265 8 0 32 0.5 49 0.8 72 0 96 0 
2470 48 0 86 0 
2502 54 0.4 56 0.9 57 0 62 0 78 0.4 
2506 18 0 26 0 52 1 66 1 77 0 90 0.4 93 0.5 
2626 8 0.9 13 0 19 0 22 0 25 0.7 32 0.7 85 0.3 94 0.6 
2695 11 0.8 15 0.4 22 0.8 58 0 63 0 76 0 89 0.8 97 0.8 
2742 0 0.9 5 0.8 24 0 75 0.6 
2871 49 0.3 60 0.9 63 0.5 72 0.3 77 0.6 81 0 
2907 5 0 25 0.4 32 0.8 45 0.7 53 0 64 0.9 76 0.4 96 0.3 
3090 2 1 23 0.5 32 0.6 67 0.9 83 0 86 0 
3306 1 0 20 0 27 0.7 31 0 45 0.8 54 1 60 0 81 0.9 86 0 
3387 17 0.4 25 0 66 0.9 94 0.4 95 0 
3692 65 0.9 81 0.5 
3965 7 0 37 0.4 43 0.5 46 0 50 0.9 55 0.4 78 0.6 83 0.7 97 0 
4195 5 0 6 0 84 1 
4321 19 1 33 0 67 0 73 0.7 
4352 9 0.8 31 1 38 0.5 49 1 60 0.9 65 0.7 67 0 77 0.7 81 0.7 93 0.7 
4402 25 0.4 54 0.8 64 0.5 71 0.7 83 1 84 0.9 93 0.6 98 0 
4819 22 0.7 48 0.3 52 0 64 1 
4904 36 0 55 0 62 0.8 66 0.8 72 0.6 76 0.6 86 0.6 
5065 10 0 25 0.4 37 0.9 53 0.7 68 0.8 
5092 7 0 35 0 44 0.8 89 0 94 0.4 
5229 39 0.3 49 0.6 51 0.4 
5268 29 0.8 81 0 
5381 6 1 8 0.4 17 0 40 1 44 1 71 0.3 88 0.5 
5402 26 0.9 47 0.9 66 0 78 0.6 
5419 2 0 11 0.8 16 1 23 0 32 0.6 39 0.9 49 0.6 53 0.8 54 0 85 0.3 
5479 29 0 30 0 39 0 47 0.4 51 0.6 90 0.4 94 0 
5495 10 0.6 20 0.7 53 0.5 74 0.3 97 0.7 
5541 10 0.7 39 0.6 54 0.8 56 0 58 0.9 60 1 76 0.3 77 0 93 0 
5827 23 1 25 0.7 28 0.3 32 0.6 37 0.7 50 0 51 0 71 0.5 
6003 68 0 
6030 45 1 
6031 26 0.7 43 1 
6057 6 0 9 0.9 57 1 65 0 74 0 95 0.3 97 1 
6058 32 1 
6135 20 0.3 50 0 69 0.5 80 0.8 81 0.6 91 0.8 92 0.4 94 0.5 96 0.4 
6253 5 1 33 0.9 38 0.7 49 0.7 62 0.9 66 0.8 68 0 77 1 86 0.6 94 0.5 
6343 0 0.4 53 0.4 64 0 70 0.4 76 0.7 81 0.3 
6505 16 0.4 30 0.8 78 0 81 0 
6620 2 0 23 0.8 35 0.8 42 0.3 69 0 88 0.3 90 0.6 92 0.9 
6633 14 0.8 16 0.7 20 0 30 0.7 38 0.5 43 0.8 50 0 68 0.5 93 0.5 
6680 3 0.4 57 0.4 
7047 28 0 34 0.8 58 0.8 67 0.8 81 0.8 85 0.5 89 0.6 91 0.9 
7199 6 0 11 0 24 0 27 0.6 30 0 38 0.7 40 1 67 0.9 68 1 99 0 
7273 0 0 2 0.7 15 0.4 22 0.3 26 0.5 30 0 40 0.9 51 0 66 0 
7326 19 0.5 20 0.7 30 0.4 32 0 33 0.3 51 0.9 55 0.6 78 0.4 97 0.5 99 0.6 
7344 63 1 76 0 78 0.5 
7656 7 0 13 1 18 0.8 33 0 50 0.7 54 0 75 0.4 77 0 92 0.8 98 0.4 
7775 10 0.3 40 0.7 69 0.6 
7785 24 0.3 37 0.8 40 0.6 83 0.4 
7968 14 0.6 28 0.6 32 0 41 0.5 46 0.7 49 0 84 0.6 
7970 4 0 9 0.5 33 0 65 0.3 70 0.7 76 0.6 83 0.5 89 0 91 0.6 92 1 
8025 2 1 11 0.8 21 0.7 27 0.5 29 0 61 0 
8035 13 0 21 0.6 29 0.8 37 0.5 71 0 73 0 78 0.4 82 0.6 95 0 
8148 11 1 13 0.6 27 0.9 33 1 39 0 45 0.3 46 0 49 0.9 66 0 74 0.5 
8474 1 0.7 5 0 16 0 22 0.7 25 1 26 0 35 0.4 45 0.5 92 0.4 
8562 12 0.6 25 0 26 0.7 58 0 59 0 75 0 79 1 
8605 15 0 33 0 59 0.4 61 0.8 
8671 4 0.8 55 1 57 0.7 79 1 
8715 35 0.3 91 0.9 97 0.3 
8795 64 0.6 
8999 13 0 48 1 63 0.6 79 0.5 
9046 11 0.8 14 0.6 32 0 
9212 33 0 40 0.5 49 0 
9267 14 0.8 27 0 36 0 40 0.7 44 0.6 84 0.8 90 0.8 
9317 60 0.8 62 0.3 68 0 97 0.7 99 1 
9344 81 0.5 85 0.5 
9509 18 0.3 20 0.6 43 0 54 0.4 66 1 79 0 
9747 1 0 23 0.8 99 0.3 
9973 18 0.3 23 0.8 58 0 
