100
8 11 0 29 0.9 41 1 78 0.5 88 1 
67 43 0 92 0 
232 34 0.4 
333 9 0.4 12 0.6 91 0.8 
414 1 0.4 16 1 25 0.6 68 0.5 89 0.7 
468 0 1 18 1 60 0 
551 5 0.8 7 0.6 11 0 15 0.5 24 0.9 26 0.3 29 0 55 0 64 0.4 76 0.4 
636 10 0.8 35 0.3 42 0.3 52 0.6 66 0.9 71 0.8 90 0.7 94 0.8 
734 1 0 13 0.9 22 0.3 28 0.7 70 0 89 1 95 0 
873 26 0.4 49 0.6 50 0.4 51 0.6 67 0.3 74 0 86 0 
917 9 1 15 0.8 37 0.5 42 0.9 84 0.8 97 0.5 
988 16 0.9 21 0.9 48 0.5 54 0.6 74 0.9 84 0 
1043 1 0 15 0.7 39 0.4 58 0 
1090 15 0.7 85 0 
1281 4 0.3 17 0.6 23 1 48 0.6 65 0.6 69 0.6 72 0.7 83 0.7 90 0.9 
1441 6 0.7 28 0.3 45 0 65 0.8 66 0.9 73 0.3 87 0.5 
1615 4 0 96 0.8 97 0 
1637 7 0.9 23 0.5 30 0.6 88 0.6 
1685 11 0 
1751 3 0.4 17 0.8 25 0.5 51 0.3 57 1 67 0.3 75 0.5 
1786 10 0 15 0.3 21 0.6 
1808 18 0.9 27 0 50 0.3 64 0.9 77 0 82 0.6 
1872 23 0.7 53 0.4 
2003 5 0.9 11 0 14 0.9 19 0.8 73 0.5 96 0.4 
2014 8 0.7 10 0.3 27 0.3 32 0 41 0.4 49 0 64 0.8 82 1 89 0.7 95 0.9 
2019 6 0.7 11 0 22 0.9 37 0 39 0.9 49 0.8 58 0.7 87 0.7 91 0.9 96 0.6 
2110 4 0.5 11 0.3 26 0.9 28 1 50 0.8 57 0.6 89 0 91 0.4 
2126 2 0.3 7 0.5 36 0.8 44 0.8 54 0.5 56 0 82 0.9 88 0 
2240 6 1 9 0.7 24 0.5 36 1 40 0 45 0.9 51 1 59 0.9 73 0.8 
2292 29 0 53 0.8 78 0 90 0.9 92 0.7 93 0.6 95 0.8 
2326 4 0.9 17 0.7 25 0 
2354 37 0 
2520 8 1 13 0 40 0 69 0.6 75 0.6 82 0.5 83 0.5 86 0.6 91 0 
2661 2 0 20 0.3 51 0.8 89 0 
2680 1 0.6 8 0 12 0 32 0.7 55 0 65 0.4 86 0 90 0.8 97 0 
2746 8 0 
2794 23 0.3 43 0.8 49 0 68 0.9 85 0 91 0.3 93 0 
2843 9 0 10 0.9 27 0.5 43 0.6 66 0.6 75 0.7 86 0 87 0 
2863 47 1 70 0.3 88 1 
2866 2 1 19 0.9 42 0 53 0.5 61 0 64 0.5 71 0.9 80 0 
2961 4 0.7 11 0.4 12 0.7 20 1 24 0.6 31 0.9 
3597 1 0.9 
3995 13 0.4 18 0.5 20 0 36 0.8 64 0 82 0 
4157 4 0.8 25 0.7 35 0.5 52 0.7 65 0.8 74 0 76 0.7 83 0.9 
4201 20 0.7 27 0 71 0 90 0.6 93 0 99 0 
4231 25 0.6 36 0.9 39 0.9 76 0.3 92 0.7 
4249 54 0.3 66 0.9 
4333 7 0.5 
4349 17 0.6 28 0 32 0.3 38 0 60 0 75 0.3 84 0.3 93 0 
4481 2 0 4 0.9 30 0.5 71 0.7 72 0.8 90 0.6 
4482 9 0 62 0.4 65 0.4 
4721 1 0.4 36 0.6 41 0 76 0.6 91 0.4 
4806 2 0.3 65 0 70 0.8 
4914 8 0.9 78 0.5 88 1 
5126 12 0.8 38 0 40 1 44 0.4 65 0.3 78 0.6 90 0.6 93 0.6 97 1 
5707 32 0.4 41 0.6 56 1 67 0 76 0 82 0.3 90 0.5 92 0.8 
5728 7 0.8 23 0 
5862 0 0.3 6 0.3 10 0 25 0 38 0.8 41 0.9 50 0.5 59 0.8 61 0.3 87 0.6 
5936 70 0.9 96 0.4 
5964 2 0 38 0 49 0.7 59 0.6 
5997 60 0.6 97 0 
6032 9 0.6 17 0 28 0.8 31 0 33 0.9 48 0.9 73 0.5 87 0.7 99 0.9 
6287 97 0.4 
6352 1 0.5 31 0.9 47 0 
6481 37 0.8 45 0 56 0.9 64 0.3 90 0.4 93 0.9 
6531 45 0 57 0.9 63 0.8 64 0 76 0.8 77 1 82 0.7 87 0.3 
6586 54 0.3 62 0.4 
6596 3 0 4 0 34 0.7 43 0.5 66 1 70 0.6 71 0 
6608 23 0.5 29 0.5 38 0.8 64 1 68 0.7 74 0.7 
6777 22 0 57 0.8 63 0.6 67 0.3 71 0 91 0.7 98 1 
6793 1 0.7 17 0 29 0.4 39 0 41 0.6 42 0 71 0.7 89 1 
6994 10 0.3 30 0.4 48 0.6 59 0.7 62 0.3 89 0 
7109 12 0.4 27 0.7 43 0.5 63 0.7 77 0 81 1 84 0 98 0 
7166 13 0 48 0 52 0 67 0.6 82 0 
7345 80 1 
7498 6 0.3 35 0 36 0.6 60 0 78 0 79 0.4 89 0.5 
7543 79 0.9 
7619 14 0.5 15 0.9 42 0.3 55 0.5 65 0.4 70 1 84 0.3 96 0.6 97 0 
7776 1 0.4 10 0.9 30 0.3 35 0.5 41 0 62 0.6 63 1 66 0.8 67 0.9 93 0 
7803 7 0.3 55 0 69 0 88 0.7 90 0.8 95 0.7 96 0.6 
7805 51 0.7 81 0.8 
7807 6 0.5 23 0.7 52 0.8 70 0.5 95 0.7 
7987 86 0.9 
8127 9 0.4 25 0 27 0.7 37 0.9 62 0.7 65 0.3 66 0.5 78 0 87 0.5 
8148 11 0 13 0.4 27 0.6 33 0 39 0.6 45 0.5 46 0.6 49 0.3 66 0.6 74 0 
8186 32 0.9 59 0 
8345 74 0.5 
8392 60 0.7 
8396 48 0 88 0.3 
8592 7 0.3 41 0 43 0.8 46 0.5 66 0.4 70 0 72 1 75 0.5 87 0 99 0.4 
8741 0 0 25 0.7 30 0.6 51 0.6 66 0.5 72 0.5 84 0.4 97 0.8 
8904 2 0.4 19 0.3 23 0 50 0 58 0.7 76 1 84 0 87 0 
8928 14 0.9 
9022 4 0.7 15 0.6 32 0.4 54 0 96 0.8 
9047 3 0 6 0 9 0 23 0.3 25 0.8 28 0.3 31 0 78 0.5 83 0.8 
9050 16 0 25 0.6 33 1 64 0 67 0.9 98 0.7 
9165 10 0.7 37 0 56 0.3 
9244 6 0.7 45 0 61 0.7 66 0.6 84 0 94 0 
9531 10 0.4 33 0.3 50 0 51 0.5 74 0.9 88 0 96 0.9 
9880 0 0 1 0 9 0.7 16 0.7 20 0 71 0.4 86 0.9 91 0 98 0.7 
