100
47 0 0.7 11 0.5 39 0.4 48 0 
65 5 0.9 26 0.6 43 0.7 47 0 96 0.6 99 0.6 
120 3 0 5 0.9 35 0.6 37 0.5 
223 30 0.6 
227 37 0 49 0.3 87 0.9 92 0.7 
236 82 0.8 
284 72 0 87 0.9 
373 78 0 90 0.5 
422 49 0.4 50 0.5 64 0.4 67 1 90 0.3 
756 17 0.8 27 0.5 50 0.5 68 0.9 
764 7 0.3 20 0 32 0 57 0.9 72 1 81 0.7 
941 3 0.8 20 0.6 70 0.9 
956 39 0.3 58 0 79 0.3 96 0.9 
962 17 1 20 0.8 50 0.4 53 0.7 93 0.8 
1090 15 0 85 0.5 
1094 56 0 61 0.6 76 0 
1159 59 0.7 96 0.4 97 0.3 
1174 98 0.7 
1216 44 0.5 82 0 89 0 90 1 
1242 17 0.4 25 0 28 0.8 33 0.8 34 0.3 36 0.9 48 0 71 0.7 74 0.6 82 0.9 
1322 36 0 37 0.7 41 0.5 49 0.9 56 0 58 0.8 60 0.9 
1364 1 0.7 8 0 18 0.4 23 0.4 51 0.7 88 0.5 91 0.3 
1469 20 1 22 0.7 96 1 97 0.8 
1513 4 0.9 35 0.8 43 1 46 0.6 76 0.7 88 0 
1560 17 0.6 19 0.6 43 1 89 0 
1652 73 0.5 87 0.5 
1738 33 0.5 44 0.5 45 0.3 74 0 93 0.7 
1812 6 0 12 1 58 0.4 59 0 65 0 69 0.4 77 0.4 84 0 85 0.3 97 0.4 
1871 7 0 11 0.7 13 0.7 18 0 23 0.3 64 0 86 1 87 0.8 
2079 3 0.7 16 0.4 62 0.5 67 0.9 82 0.8 84 0 91 0.3 92 0.4 93 0.5 
2088 6 1 12 0.8 21 0 28 0 31 0.6 44 0.7 61 0.8 73 0 
2152 3 0.4 72 0.6 
2157 4 0.8 5 0 31 0.6 32 0.3 36 0.6 45 0 49 0.6 51 0.4 70 0.7 86 0.8 
2439 57 0.9 97 0.7 
2442 10 0.4 22 0.3 23 0.8 56 0.9 68 0.3 
2567 6 0 15 0.7 39 0 64 0 84 0 94 0.8 
2577 8 0.4 22 0.8 39 0.6 43 0.9 66 0 76 0.8 79 0.7 88 0 97 0.5 
2593 21 0 53 0.9 67 0 
2630 4 0.8 49 0 67 0.5 78 1 80 0.5 87 0.3 
3037 1 0 8 1 18 0.7 72 0.7 89 0.8 
3042 5 0.7 30 0.9 31 1 37 0.7 52 0.7 62 1 69 0.5 78 0 92 0.7 96 0 
3280 41 0 56 0 
3330 2 0 15 0.3 18 0 46 0.3 66 1 68 0.8 72 0.6 93 0.6 
3351 10 0.9 17 0 19 0.7 22 0.3 28 0 41 0 44 0.4 63 0.3 81 0.5 84 0.3 
3551 35 0.8 54 0.6 58 0 75 0.8 
3599 11 0.8 30 0.8 42 0.9 54 0.3 56 0 60 0.9 77 0.3 
3752 66 0.4 81 0.5 87 0.3 91 0.9 
3809 17 0.5 19 0.3 32 0.6 37 0.8 43 0.9 57 0 62 0 69 0.8 78 1 85 0.9 
3880 0 0 33 1 56 0 60 0 85 0 93 0.7 95 0 
4107 48 0.6 77 0.7 
4204 10 0.9 36 0.4 38 0 56 0.5 69 0.6 73 0.7 76 0 98 1 
4300 9 0 60 0 77 0 82 0 
4314 28 0.7 66 0.7 
4421 8 0.6 37 0.4 47 0 53 0.9 58 0.5 60 0.4 62 1 65 0.6 92 0.6 98 0 
4452 98 0.3 
4726 9 0.7 10 0 45 0.7 50 0.3 53 0.8 64 0 79 0.5 87 1 
4911 49 0 75 0.7 84 0.7 
4970 9 0 13 0.5 22 0.7 23 1 25 0 31 0.8 53 0.5 90 0 
5189 19 0 30 0 58 0.3 
5787 9 0.9 
5889 30 0.3 41 0.5 50 0 54 0.9 61 0.9 64 0.6 67 1 
5959 12 0.5 43 0.9 73 0 75 0.6 
6151 8 0.9 22 0.6 83 0 
6195 6 0.6 10 0.4 15 0 34 1 44 1 51 0.8 59 0 75 0.5 
6237 22 0.6 67 0.6 72 0.7 
6376 90 0.6 
6550 2 0.8 10 0 31 0.5 41 0 48 0.3 80 0.6 
6590 22 0.5 31 0 48 1 60 0.6 62 1 73 0.9 
6827 0 0.7 26 0.9 60 0.7 
7073 13 0.5 57 0 78 0.4 96 0.4 
7086 7 0.9 20 0.3 26 0.7 33 0 45 0.4 61 0 
7129 12 0.9 30 0.7 35 0.4 42 0.3 43 0.8 52 0.3 59 0 83 0.6 
7132 14 0.8 15 0.5 26 0 48 0.8 52 0.6 57 0.6 62 0.6 67 0 76 0 
7289 40 0.4 87 0 
7309 41 0.9 83 0 
7420 19 0.3 76 0.4 88 0.3 97 0 
7730 4 0.8 8 0 41 0 
7819 15 0.4 31 0.7 38 0.8 43 0.3 72 0.9 93 0 
7865 7 0 14 1 28 0 38 0.4 
7866 0 0.4 88 0.9 
7929 43 0 
7976 25 0.3 50 0.3 57 0.3 89 0.9 93 0.7 
8034 0 0.4 4 0.8 5 0.4 12 0.5 17 0 20 0.6 31 0.9 37 0.7 40 0.5 57 0.3 
8118 19 0.7 26 0.4 37 0.8 38 0.5 66 0.6 73 0.8 
8131 35 0.8 39 0.9 97 0.3 
8201 26 0.8 32 0.7 41 0.6 47 0 67 0.8 86 1 96 0.8 
8368 14 1 31 0.6 32 0.7 54 0.7 56 0.3 68 0.8 69 0.6 88 0.6 95 0.6 
8403 3 0.6 10 0 25 0.7 38 0.5 48 0.3 61 0 72 0 73 0.3 92 0 96 0 
8486 11 0 14 0.8 21 0.9 32 0.8 64 0.6 71 1 73 0.9 
8766 7 1 9 0.7 15 0 37 0.5 44 1 52 0.5 55 0.7 58 0.5 77 1 94 0.7 
8779 10 0.5 14 0.7 24 0.8 25 0.3 35 0 37 0.8 55 1 84 0.7 87 0.3 
8925 1 0 39 0 79 0.7 97 0 99 0 
9097 10 0.4 42 0.8 75 0.8 77 0.9 83 0.9 84 0 90 0 95 0.5 
9115 32 0 
9180 8 0.7 14 0.6 20 0.3 21 1 26 0.9 31 0.5 34 0.3 93 0.6 95 0.7 
9186 24 0 41 0.3 48 0.3 57 0.8 72 0.7 78 0.3 86 0 90 0.8 91 0.3 
9488 11 0.6 14 0 31 0 32 0.5 34 0 46 0.9 47 0 81 1 83 0 
9603 15 0.3 58 1 
9919 9 0.3 32 0 40 0.4 46 0.7 76 0 87 0.3 
9920 23 0.4 43 0.3 77 0 80 0.5 99 0.7 
