100
125 24 0.4 27 0.5 48 0.5 53 0 94 0 
133 41 0 
179 54 0 63 1 
185 9 0.8 13 0.9 17 0 19 0.6 30 0 32 0.7 35 0.5 58 0.4 83 0.7 88 0.7 
191 2 0.6 26 0 60 0 63 0.4 66 0.3 
194 22 0 
467 16 1 21 0 23 0 25 0.8 32 0 34 0 41 0 59 0.7 63 0 72 0.6 
561 6 0.6 7 0.6 60 0.5 65 0 77 0.9 95 0.9 
646 5 0 21 0 39 0.9 60 0.6 68 0.4 72 0.3 79 0.8 80 0.5 82 0.4 97 0.7 
657 24 1 68 0.7 76 0.6 
666 25 0.8 26 0 45 1 50 0.9 78 0.6 89 0.8 
808 6 0.4 21 0.6 45 0.6 52 0.7 62 0.3 63 0.8 75 0 94 1 
840 44 1 49 0.9 
1029 14 0 18 1 
1087 19 0 68 0.5 83 0.7 
1094 56 1 61 0 76 0.8 
1152 66 0 67 0.9 68 1 89 0.8 91 0.3 
1280 6 0.5 12 0.3 26 0.6 57 0.3 63 0 68 1 91 0.6 
1302 17 0.9 28 0.7 42 0.3 61 0.5 79 0.9 
1413 2 0.3 11 0 28 0.8 44 0 72 0.9 83 0 88 0 97 0.3 
1454 2 0.6 3 0 11 0.3 42 0.3 47 0 59 0.8 77 1 85 0.8 97 1 
1456 2 0.6 31 0.7 37 1 
1500 0 1 23 0 26 0 42 1 58 0.5 66 0.7 68 0 77 0.3 79 0.3 
1591 23 1 27 0.8 34 0.4 44 0 52 0 58 0 63 0 65 0.8 70 0.5 94 0.5 
1621 8 0.4 87 0.8 
1682 91 0.6 
1725 52 1 55 0.7 56 0 64 0 
1741 36 0.4 48 0.8 49 0.5 53 0 95 0 
1841 19 0.8 33 0.6 82 0.7 
2090 7 0 8 1 19 1 23 1 29 0 49 0.8 82 0.7 
2222 1 1 12 0 54 0.5 57 0.5 66 0 76 0 82 0.9 85 0 99 0.7 
2238 5 0.5 15 0 28 0.5 38 0.4 42 0.7 43 0.3 62 0.9 68 0.4 79 0.5 94 0 
2343 30 0.7 33 1 35 0.7 43 0 64 1 90 0 93 0 
2414 53 0.3 
2682 3 0.4 18 0.8 19 0.9 20 0.6 24 0.6 27 0 69 0.3 76 0.5 90 0.3 
2820 41 0 84 0.5 
2879 18 0 71 0.6 
2923 46 0.8 70 0.6 
2961 4 0.7 11 0.5 12 0.9 20 1 24 0.9 31 0 
3019 14 0.4 16 0.3 27 0.8 35 0.4 37 0 39 0 60 0 62 0.5 74 1 81 0.7 
3039 12 0 15 0 31 0.3 47 0.8 53 0.5 67 0 88 0 
3044 42 0 44 0.7 52 0.4 56 0.9 60 0.4 71 1 78 0.6 
3082 21 0.3 29 0 34 0.3 55 0.9 64 1 68 0 
3186 9 0.8 23 0.4 46 0.6 51 0.8 54 0.8 96 0 
3378 36 0 61 0 66 1 74 0.3 
3444 36 0.4 40 0 55 0.3 73 0 77 0 80 1 96 0 
3470 13 0 26 0.3 35 0.9 50 0.4 52 0.8 70 0 78 1 95 0.5 
3475 7 0 50 0 52 0.7 63 0.3 69 0 79 0.6 
3573 49 0.8 
3908 80 0.9 85 0.4 
3995 13 0.4 18 0.8 20 0.3 36 0.8 64 0.7 82 0.5 
4376 52 0.8 
4485 3 0.6 12 0.5 15 0.4 25 0 26 0.6 29 0.8 36 0 70 0.8 79 0.3 97 0 
4574 10 0.7 52 0.8 77 0.3 85 1 86 0 
4744 57 0.7 65 0.8 66 0 
4755 1 0 20 0 42 0.9 45 0.4 47 1 67 0.4 90 0.6 98 0.8 
4839 7 0 43 0 54 0.9 63 0.9 70 0.6 78 0.8 91 1 99 0.6 
4945 34 0.9 49 0 52 0 57 0.3 64 0.9 90 0 93 0.5 99 0.4 
4967 5 0.8 17 0 31 0.5 35 0.3 39 0.7 42 0 51 0.6 
5151 32 0.3 75 0.3 86 0.4 
5391 11 0.9 14 0.4 15 0.6 60 1 72 0 90 0.5 
5875 7 0 
5898 9 0.3 35 0.7 44 1 47 0.4 64 1 65 0.7 
5949 27 0 35 0 43 0.5 75 0 85 0.6 
5964 2 0 38 0.5 49 0 59 0.5 
6011 27 0 28 0.3 39 0 40 0.9 47 0.3 49 0 63 0.7 70 0.6 87 0 
6349 0 0.9 6 0.7 10 0.8 24 0.7 51 0.9 62 0.8 67 1 77 0 97 0.5 
6500 15 0 29 0 41 0.7 50 0.5 70 0.4 77 0.9 
6517 24 0 29 0 42 0.4 46 0 88 0.8 
6524 8 0.4 49 0 51 1 69 0.4 80 1 94 0.9 
6540 9 0.6 11 0.5 20 0.6 34 0 44 1 52 0 57 0.4 68 0.4 70 1 77 0.8 
6890 8 0.7 22 0.8 23 0.5 43 0.5 61 1 68 0.5 97 0 
6905 5 0 16 0 
7059 10 1 32 0.8 34 0 39 0.9 41 0 68 0.5 98 1 
7064 74 0 
7090 1 0.4 9 0.9 81 0 
7119 29 0.7 35 1 38 0.9 61 0.4 
7238 16 0.8 57 0 64 0.8 78 0 96 0 
7517 4 0.7 39 0.6 61 0.6 74 0.7 77 0.8 79 1 98 0.3 
7607 46 0.3 59 0.6 65 0.7 96 0 
7816 4 0.3 16 0.8 20 0 30 0.6 38 0.4 59 0.3 64 0.3 
7854 6 0 7 0.3 
7891 29 1 46 0.8 49 0 68 0 97 0 
7894 1 0.9 38 0.5 46 0.4 48 1 49 0.9 66 1 67 0 85 0.8 99 0.7 
7910 35 0 56 0 
7982 39 0.5 74 0.8 96 0.4 
8009 1 0.4 16 0 34 0.9 35 0.3 70 0.7 72 0 99 0.5 
8171 7 0.9 10 0.9 12 0.7 19 0.6 37 0 54 1 57 0.7 72 0.3 85 0.7 88 0.7 
8323 34 0.8 36 0.4 56 0.5 61 0.6 62 0 66 0.5 85 1 94 0.5 99 0.7 
8381 63 0 
8437 26 0.3 27 0.7 52 0.8 60 0.6 86 0.4 91 1 
8597 6 0.4 30 0 43 0.6 59 0.3 60 0.5 
8694 10 0.3 44 1 52 0.7 75 0.4 80 0.6 
8726 29 0.3 51 0.5 87 0 
9038 49 0.6 74 0.6 89 1 
9060 3 0.8 22 0.4 41 0.5 45 1 46 1 61 0 74 0 76 0 88 1 
9249 46 0.4 74 0.5 
9283 39 0 68 0.5 90 0 92 0 97 0.9 
9611 19 1 21 0.7 22 0 53 0.9 62 0 69 0.4 81 0.8 95 0.9 
9975 3 0 15 0.8 28 0.8 31 0 47 0.4 65 0.7 75 0 89 0.5 96 0.7 
