100
147 33 0 37 0.5 44 0 51 0 53 0 58 1 60 0 77 0 80 0 83 0.9 
191 2 0.9 26 0.9 60 0.5 63 0.6 66 0.6 
264 8 1 13 0 37 0 46 0 60 0 74 0 82 0.5 
436 37 0 55 1 72 0.9 
438 30 0 66 0.3 85 0 91 0.3 
516 6 0.3 13 0.7 25 0 61 0.6 66 0 77 0.6 
529 70 1 86 0 
590 4 0.4 
618 1 0 10 0.4 47 0.8 
706 14 0 20 0.4 67 0.5 70 0.9 73 0 74 0.5 79 0.5 92 0 
791 3 0.4 8 0.6 66 0.5 86 0.5 88 0.6 
916 19 0.5 38 1 56 0 67 0.4 
932 4 0.5 81 0 
1101 9 0 27 0 29 0.9 30 0.3 55 0.9 56 0.9 62 0.8 72 0 79 0.4 
1148 1 1 4 0.3 20 0.8 24 0.9 29 0.6 33 0 79 0 93 0.6 94 0 99 0 
1221 7 0 15 0.8 54 0 59 0.6 69 0 72 0.5 77 0.9 98 0.7 
1240 7 0.8 14 0.5 27 0 30 0.3 39 0.8 57 0.6 66 0 71 0.7 
1275 3 0.9 19 0.9 21 0.3 30 0.9 33 0 49 0.6 60 0 83 0 95 0.7 
1484 8 0.8 18 0.5 24 0.8 28 0 31 0.8 55 1 68 0.8 
1549 44 0.5 75 0.4 81 0 91 1 
1626 29 0.4 34 0.6 51 0.4 60 0 65 0.8 67 0.9 72 0 96 0 97 0.4 98 0.5 
1848 10 0.7 13 0.6 31 0 42 0.3 45 0.6 54 0.8 55 0 76 1 96 0 
1954 23 0.5 50 0.3 72 0.6 74 0.8 
1989 31 0 46 0.9 50 0 
2149 4 0.6 
2288 1 0 8 0.4 54 0.8 74 0.5 
2307 31 0 
2388 88 0.5 
2401 2 0 41 0.8 57 0 81 0.4 83 0 
2419 14 0.8 24 0.3 38 0.7 59 0.7 64 1 
2781 2 0.8 57 0.5 62 0.6 66 0.3 87 0.8 91 0.4 92 0.5 96 0 
2874 1 0.7 15 0.8 36 0.4 42 0.3 54 0.8 78 0.5 87 0.4 
2911 10 0.5 56 0.7 74 0.8 83 0.9 
3087 20 1 24 0 41 1 61 0.9 77 0 
3552 1 0 39 0.5 44 1 70 0.3 84 0.4 
3659 94 1 
3661 13 0.5 51 0.7 
3691 4 0.9 22 0.7 23 0.4 64 0.3 69 0.4 70 0.4 72 0.5 87 0.3 98 1 
3739 28 0.4 32 0.9 33 0 38 0.3 58 0.7 87 0 88 0 99 0.3 
3861 0 0 10 0.8 12 0 24 0.4 38 0.6 89 0.3 91 0.8 93 0.6 94 0 
3981 20 0 23 0.4 86 0.9 95 0 
4033 4 0.6 15 0.5 25 0 
4159 13 0.8 18 0.7 26 0.5 34 0 61 0.4 
4275 4 0.8 14 0 25 0.5 34 0.8 36 0 37 1 52 0.3 63 1 66 0.5 
4311 9 0.8 14 0.7 44 0.9 48 0 92 0 95 0.7 
4692 11 0.8 30 0.7 69 0.9 90 0 
4747 0 0.3 2 0.4 40 0 42 0 48 0.4 62 0 72 0 94 0.7 95 0.7 98 0.8 
4926 7 0.6 17 0 18 0.8 64 0.4 75 0 78 0.7 88 0.8 93 0 
4983 83 0.9 
5087 24 0.3 29 0.3 50 0.8 51 0 
5153 74 0.9 75 1 76 0.5 94 0 98 0.4 
5189 19 0 30 0.7 58 0.6 
5272 0 0.3 27 0.6 
5408 14 0.7 24 0 53 0.3 74 0 92 0.3 
5420 63 0 65 0.6 80 0.9 
5590 10 0.4 12 0 14 0.5 27 0 36 0.9 39 0.6 70 0 79 0.5 86 0.8 98 0.5 
5601 1 0.4 33 1 38 0 47 0.4 52 0.6 76 0.9 77 0.6 88 0.4 
5736 4 0.3 28 0.7 39 0.9 57 0 70 0 84 0.8 87 0.5 96 0.4 
5771 18 0 28 0.6 38 1 57 0.5 58 0 70 0.9 72 0.6 84 1 87 0.6 92 0.5 
5794 49 0 
5905 19 0 45 0.4 71 0 86 1 87 0.7 97 0 
5906 36 0 46 0 65 0 73 0.4 86 0.5 
5965 45 0.4 75 0 88 0 94 0.8 
6043 26 0.8 31 0.9 43 0 51 0.4 64 0 67 0.5 77 0 78 0.8 91 0.9 
6179 14 0.5 34 0 59 0.5 79 0.6 89 0.6 99 0.5 
6394 9 0.8 21 0.8 25 0.9 30 1 34 1 84 0 
6560 9 0 62 0.6 97 0.8 
6793 1 0.7 17 0.7 29 0 39 0.6 41 1 42 0.3 71 0.6 89 0.5 
6840 35 0.7 
6877 9 0.4 19 0.9 21 0.8 32 0 65 0.6 71 1 95 0.3 
6999 52 0.8 54 0 70 0.3 
7020 8 0.8 13 0.3 23 0.7 47 1 53 0 58 0.9 64 0.3 
7119 29 1 35 0.9 38 0.8 61 0.8 
7208 25 0.8 95 0.4 
7218 28 0.4 40 0 88 0.3 
7324 10 0 12 0.5 16 0.5 29 0.9 40 0.9 46 0.8 48 0 80 0.8 
7746 10 0 65 0.3 71 0.7 
7769 19 0 24 0.7 25 0 70 0.3 76 1 91 0 99 0.6 
7870 3 0.9 28 0 91 0 96 1 
7873 26 0.7 27 0.8 51 0.9 57 0 60 0 78 0 79 1 80 0.5 85 0 
7969 87 0 
7989 20 0.8 35 0 37 1 65 0.9 81 0 89 1 98 0 
8090 2 0.5 3 0 6 0.9 11 0 15 0.3 25 0 60 0 77 0 80 0.4 97 0.5 
8211 11 0 12 0.6 26 1 27 0.3 41 0 70 0 75 0.9 92 1 
8316 10 0 21 1 29 0.3 68 1 78 0.4 92 0.8 
8439 31 0 33 1 70 0.4 94 0.4 
8676 12 0.9 15 0 41 0 
8746 7 0 16 0.9 17 0 26 0 36 0 37 0.6 43 0.4 69 0.3 82 0.8 99 0.7 
8793 28 0 44 0 70 0.6 71 0.7 80 0.9 94 0 
8915 15 0 17 0.8 30 0.4 41 0 54 0.8 80 0.5 
9042 58 0.6 76 0 
9289 53 0.3 64 0 84 0.4 89 0 
9323 14 0.5 68 1 
9501 6 0.4 22 0.9 27 0 35 0.6 91 0.5 
9566 4 0.3 19 0.9 53 0.3 57 0 97 0.3 
9568 26 1 28 0.3 
9621 3 0.5 32 0.3 41 0 61 0.7 
9802 85 0.7 
9836 5 0.8 20 1 40 0 54 1 61 0.6 63 0.3 76 0 90 1 
9877 7 0.8 34 0.7 36 0.4 38 0 53 0.9 54 0.4 56 0.6 57 1 70 0.8 82 0 
