100
4 2 0 7 0.3 18 0.3 22 0 30 1 36 0 57 0.7 68 0.5 
174 15 0.5 20 0.8 52 0.7 54 0.8 55 0 64 0 72 0 81 0 91 0 94 0.6 
175 5 1 7 0.7 33 1 38 0.5 44 1 45 0.3 79 0.6 88 1 97 0.8 
225 2 0.4 50 0 82 0.8 
296 1 0.6 10 0.9 12 0 17 0.3 29 0 40 0 59 0 67 0.8 71 1 
352 4 1 16 0.8 24 0.6 35 0.6 38 0 40 0.8 41 1 58 0.5 92 0.6 
373 78 0.3 90 0.5 
436 37 0.8 55 0.6 72 0.3 
449 14 0.7 19 0 27 0.5 33 0.9 40 0.6 48 1 53 0 84 0 86 0.5 
456 44 0.4 51 0.3 59 0.7 82 0.8 83 0.6 
648 32 0 33 0.5 44 0.6 48 1 67 1 73 0.8 
649 0 0.3 4 0.9 13 0.8 25 0.6 38 0 46 0 69 0.6 70 0.6 74 0.7 
680 30 0 44 0 51 0.5 53 1 57 0.6 72 0.5 
786 11 0.9 29 0.6 32 0 38 0.4 40 0 53 0 55 0 75 0.9 78 0.3 89 0.6 
819 38 0.7 
890 10 1 38 0.8 40 1 42 0.3 46 0.9 52 0 62 0.6 67 0.7 72 0 81 1 
926 27 0 35 0.4 37 0 48 0.7 50 0 92 0 
961 4 0 59 0 76 0.5 82 0 84 1 
969 10 0.4 22 0.7 60 0.9 78 0 
1289 15 0 18 0 31 0.3 32 0.3 34 0.9 38 0.5 43 0.9 84 1 93 0.9 
1367 3 0.6 21 0.7 34 1 48 0.8 52 0.5 64 0.9 67 0 85 0 86 0.6 
1419 12 0.8 
1516 19 0.4 36 0 92 0.3 
1562 26 0.7 86 0.8 
1587 9 0.7 42 0.4 47 0.4 55 1 76 0.3 77 0.7 
1779 19 0.5 22 0.7 25 0 30 0.4 39 0.5 48 0 53 0.9 81 0 99 0.5 
1804 4 0 7 0.3 8 0.4 17 0.3 42 0.6 50 0.5 53 0.3 72 0.3 82 0.9 
1845 20 0.8 42 0 72 0.5 89 0.5 
1846 22 0 24 0.6 63 0.8 
1971 5 0.8 11 0.7 12 0 29 0 36 0.9 51 0.8 83 0.7 88 0.5 91 0 96 0 
2043 12 0.6 21 0.9 23 0 32 0 35 0.3 37 0 43 0.6 51 0.4 93 0.4 99 0.6 
2074 3 1 8 0.4 21 0.5 28 0.6 29 0.4 36 0 59 0.8 74 0 83 0.8 
2126 2 0.4 7 0.9 36 0 44 0.9 54 0 56 0.6 82 0.8 88 0.8 
2191 11 0.5 37 1 45 0.5 
2199 17 1 19 0.9 26 0.9 39 0.8 47 0.7 67 0 70 0 76 1 87 0.6 
2295 2 0 15 0 56 0.4 89 0.3 
2316 9 0.5 51 0.6 72 0 81 0 86 0.8 88 1 99 1 
2513 2 1 19 0.9 21 1 42 0.3 59 1 76 0.9 89 0.5 
2548 15 0.4 55 0 60 0 72 0 82 0.9 93 0.5 99 0.3 
2608 36 0.8 50 0.8 59 0.5 66 0.3 77 0 79 0.8 84 0.8 87 0.7 
2645 64 0.6 
2720 55 0 86 0.7 
2731 94 0 
2788 39 0.6 60 0.7 72 0.6 
2824 1 0.5 23 1 37 0 50 0.4 62 0.9 63 0 70 0.7 76 0.7 85 0.9 89 0 
2891 66 0.4 78 0.7 87 0 90 0.9 96 0 
3338 1 0.9 37 0 45 0.7 55 0 63 0 72 0 75 0.6 81 0.4 82 0.6 
3413 11 0 27 1 53 1 
3417 13 0.4 
3608 23 0.7 31 0.6 36 0.8 48 0 74 0 96 0.4 98 0.7 
4140 21 0.9 54 0.3 
4267 4 0.9 13 0.6 26 0 31 0.9 44 0.6 45 0.5 60 0 85 0.8 
4335 52 0.3 62 0.8 77 0.3 
4355 7 0 32 0.3 47 0.4 49 0 55 1 70 0.5 75 0.6 86 0.7 
4391 83 0.9 94 0 96 0 
4558 13 0.5 16 0 24 0 39 0.8 47 0.5 61 0.4 71 0.3 97 0.5 98 0.7 
4566 1 0.6 8 0.8 11 0 12 0.5 54 0.5 56 0.6 57 0.7 84 0 
4755 1 0.6 20 0.4 42 0 45 0 47 0.5 67 0.8 90 1 98 0.8 
4865 6 0.8 8 0.8 23 0.9 31 0 35 0.6 94 0 96 0.5 
5176 8 0 61 0.3 
5303 15 0 53 0.5 
5359 8 0.9 14 0.3 21 0.9 25 1 29 0.3 38 0 98 0.7 
5546 11 1 26 0.8 34 0.5 60 1 61 0.3 68 0.9 
5604 10 0 20 0.8 33 0 43 0.5 64 0.3 71 0.4 91 0 94 0.7 
5661 6 0 20 0.6 31 0.6 36 0.8 55 0.5 59 0.5 82 0.9 99 0 
5875 7 0.9 
5938 2 0 15 0.6 19 0.9 85 1 
6200 49 0 66 0 
6253 5 0 33 0.5 38 0.7 49 0 62 0.4 66 0.8 68 0.8 77 0 86 0.4 94 0 
6417 3 0.8 49 0 
6538 14 0.4 16 0.5 20 0.4 34 0.4 50 0 63 0.9 75 0.3 93 1 98 0.6 99 0.5 
6550 2 0.7 10 0 31 1 41 0 48 0.6 80 0.8 
6614 9 0.5 27 0.6 36 0.9 38 0.6 61 0.9 70 0 75 1 
6618 34 0.5 82 0.4 89 0 95 0 
6662 21 0.4 35 1 36 0.7 
6787 9 0.5 36 0.8 59 0 60 0.6 
7146 41 0.6 64 0.4 
7183 5 0.5 87 0 
7361 2 0.9 63 1 81 0 89 0 95 0.7 
7486 3 0.4 14 0 53 0 78 1 90 0 92 0.5 98 0 
7687 21 0.7 28 0.4 30 0.5 32 0.6 49 0 63 0 71 0.8 83 0.6 
7802 5 0.3 8 0.4 44 1 58 0.5 
7939 1 1 3 0 9 0.4 29 0 45 0.7 53 0.4 62 0 82 1 96 0.8 
8238 23 0.6 30 0.8 90 0.3 
8262 42 0.5 69 0.4 85 0 
8539 4 0.6 11 0.5 16 0 20 0.9 24 0.3 64 0.7 66 0 74 0.5 
8608 1 0.9 38 1 
8613 2 0.5 20 0.6 27 0.5 31 0 58 0.8 64 0 69 0.8 74 0.4 75 0.6 94 0.9 
8715 35 0.9 91 1 97 0.9 
8811 11 0.7 14 1 22 0.4 25 0.6 37 0.7 48 1 65 0.4 74 0 90 0.4 
8883 3 0.6 31 0 43 0.9 69 0 71 0.4 86 0 92 0.8 
8989 48 0 67 0.7 69 0.4 88 0.9 89 1 
9095 19 0.7 36 0.8 38 0.9 40 0.5 51 1 67 0 69 0 85 0.9 90 0 
9389 0 0.5 37 0.5 41 1 58 0 63 0.9 69 0.4 84 1 
9405 8 0.9 14 0.9 35 0.8 40 1 44 0 82 0 86 1 
9490 42 0.3 46 0.9 78 0 85 0 
9620 10 0.8 57 0 63 0.3 67 1 
9720 42 0.7 48 0.8 84 1 
9846 17 1 21 0.9 24 0.8 36 0.4 80 0.4 85 0.8 
9948 13 0.6 52 0 53 0.6 65 0.5 67 0.4 98 0.9 
