100
61 2 0.5 24 0.5 25 0.3 30 0 95 0 
71 7 0 17 0.4 42 0.9 59 0.4 76 0 79 0 85 0.3 95 0.5 
259 72 0.5 87 0.5 
329 1 0.9 
397 17 0.6 30 0.8 61 0.4 85 0.8 94 0 95 0.9 96 0 
550 36 0 64 0 86 0.5 
575 53 0.8 62 0 92 0.9 
595 39 0.6 60 0.6 83 0.7 
672 24 0.3 57 0 64 0.7 
981 8 0.8 20 0.9 22 1 31 0 57 0.7 69 0.9 73 0 99 0.8 
1058 6 0.7 19 0.9 27 1 31 0 44 0 58 0 75 0 81 0.6 
1463 21 0.6 38 0.7 52 0 92 0.3 94 0.8 
1466 66 0.3 
1520 78 1 81 0.8 84 0 85 0.6 91 0.6 
1694 9 0 17 0.7 24 0 26 0.4 56 0.8 63 0 67 0.6 75 0.9 90 0.7 
1762 3 0.3 7 0.8 18 0.6 20 0.6 47 0 54 0.9 87 0.7 91 0.3 98 1 
1786 10 0.3 15 1 21 0 
1840 53 0.4 69 0 
1904 1 0 6 0.7 13 0.4 26 0.4 45 0.5 68 0.5 87 0 88 0.9 99 0.5 
1949 4 0.6 31 0.6 49 0.8 64 0.7 77 1 89 0 96 0.5 98 0.9 
2018 35 0.5 43 1 
2036 8 0.4 34 0.7 68 0 83 0 
2068 7 0 29 0.8 65 0.9 68 0 78 0.3 81 0.5 84 0 88 0.5 
2072 22 0.5 37 0 42 0.5 87 0.4 
2090 7 0 8 0.8 19 0.7 23 0.6 29 0 49 0.6 82 0.3 
2153 1 0 12 0.9 24 0.7 35 0.6 38 0 54 0.6 75 0.9 91 0.3 
2193 22 0 83 0.6 
2221 8 0.8 49 0.5 52 0.9 65 0.8 93 0 97 0.8 98 0.7 
2277 3 0.8 17 1 18 0 20 0.4 21 0.7 30 0.7 80 0.5 90 0.8 95 0 99 0.9 
2435 8 0.8 13 0.9 14 0.5 22 0 37 0 61 0.5 79 0.7 82 0 
2447 6 1 13 0.6 26 0.5 27 0.3 38 0.8 47 0 64 0.5 
2456 18 0.6 50 0 89 1 
2560 4 0.9 17 0.3 23 0.7 43 0 46 0 59 0 63 1 70 0.8 99 0.5 
2639 14 0.7 49 0.7 83 0.9 
2663 8 0.9 26 0 36 0.6 60 0.7 
2801 7 1 12 0.7 58 0.5 64 0.5 74 0.5 81 1 
2809 90 0 
2812 20 0.5 46 0.8 
2853 8 1 20 0.3 38 1 44 0 51 0 67 0.3 
3084 6 0.5 12 0.3 31 0 39 0.7 86 0.8 88 0.4 
3185 37 0 
3236 4 0 41 0 
3243 58 0.6 73 0.9 95 0.5 
3282 27 0.9 38 0.4 66 0.5 90 0.6 97 0 98 1 
3315 1 0.9 23 0 31 0.7 40 0.6 63 0 76 0.4 84 0 85 0.5 87 0.9 88 0.6 
3334 4 0.8 7 0 29 0.9 34 1 40 0.7 51 0 63 0.7 81 0 92 1 97 0.9 
3391 19 1 26 0.6 42 0.3 50 0.7 60 0.4 67 0 70 0.6 
3452 25 0.6 
3531 5 0.6 10 0 13 0.3 41 0.8 69 0.6 75 0 79 1 93 0 99 0 
3601 18 1 19 0.7 23 0.6 31 0 73 0.9 
3820 11 0.8 27 0 38 0.4 58 0.3 81 0.6 90 0 93 0.5 
3962 74 0 
4034 27 0.4 98 0.6 
4404 5 0.6 15 0.7 16 0 22 0.9 54 0 65 0.8 72 0.3 77 0.9 
4419 36 0 
4521 11 0 
4627 4 0.5 15 0.7 43 0.6 48 0.4 77 0.9 81 0.7 82 0 91 0.7 
4687 23 0.6 26 0.5 27 0 45 0.9 57 0.6 79 1 82 0 
4888 11 0 52 0.5 57 0.8 61 0.5 69 0.3 71 0.6 72 0.4 90 1 
4935 43 0.3 
5001 0 0.6 20 0 31 0.5 32 0.7 39 1 43 0.6 51 0 69 0.8 97 0 
5033 2 0 19 0.3 34 1 51 0.6 70 0.7 
5244 29 0 86 1 
5255 2 0.4 5 0.6 22 0.6 51 0.8 80 0 90 0.7 92 0 
5278 10 0.8 22 0.9 43 0.7 52 0.8 54 0 83 0.5 
5360 4 0 15 0.7 23 0.9 28 0.6 31 0 40 1 48 0 60 1 71 0.7 99 0 
5396 53 0.4 82 0.4 
5640 7 0.9 17 0 20 0.6 39 0 51 0.4 85 0.9 
5697 46 0.7 54 0.5 61 1 66 1 76 0 95 0.8 
6058 32 0.8 
6282 4 0.4 6 0.4 12 0 55 0 64 0 
6303 9 0.4 10 0.6 17 0.3 52 0 
6308 35 0.9 57 0.3 94 0.3 95 0 
6447 36 0 72 0.7 75 0.7 88 0.9 
6491 10 0.8 46 0 60 0.8 65 0.4 68 0.3 70 0.5 72 0.6 90 0 
6538 14 0 16 0.6 20 0 34 0 50 0.4 63 0.5 75 0.8 93 1 98 0.9 99 1 
6721 18 0.3 34 0 36 0.8 40 0 43 0.8 53 0.7 70 0.9 72 1 87 0.7 
6782 16 0.6 22 0.6 24 0.5 30 0 31 0 33 1 49 0.8 63 1 69 1 83 1 
6866 12 1 43 0.8 46 0 52 0.8 79 0.8 86 0.9 93 0 
7014 20 0.9 29 0.3 52 0 63 0.3 69 0 70 0.9 73 1 76 0 80 0.6 96 0.9 
7050 28 0.5 54 0.7 86 0.5 
7342 29 1 47 1 75 0.5 91 0.9 
7464 33 1 
7562 52 0 90 0 98 0.3 
7602 24 0 41 0 43 0.9 46 0.3 58 1 64 0.4 72 0.5 73 0 96 0.5 
7681 11 0 18 0.6 21 0.6 32 0 34 0 44 0.3 66 0.9 67 0.7 88 0.5 98 0.4 
7683 33 0.7 47 0.3 70 0.4 72 0.8 80 0.9 95 0.6 
8039 78 1 79 0 81 0 91 0.8 98 0.7 
8208 10 0 11 0.3 12 0.7 55 0 59 0.7 60 1 65 0.7 80 0.4 95 0.3 
8446 10 0.6 64 0.9 68 0.8 75 0.3 96 0 
8486 11 0.7 14 0 21 0 32 0 64 0 71 0 73 0.5 
8645 64 0.3 
9170 12 0 61 0.3 67 0 86 0.7 
9232 8 0.3 19 0.7 61 0.5 
9441 14 0.9 
9477 77 0.4 
9684 18 0 37 0 75 0 77 0.7 82 0.6 95 0 
9687 33 0 39 1 56 0.5 57 0.6 58 0.5 70 0 86 0.6 90 0.3 94 0.5 
9811 4 0 23 0 88 0.9 
9827 3 0 28 0.6 33 0.9 36 0 60 0 67 0 71 0 87 0.5 88 0.3 89 0.9 
