100
151 15 0.6 95 0.5 
157 49 0 73 1 92 0.5 95 1 
226 14 0.5 31 0.3 37 0.8 39 0 41 0.5 42 0.6 44 0.9 47 0.9 94 0 99 0.3 
346 36 0.3 
372 6 0.3 9 0.7 15 0.7 19 0 24 0.5 31 1 36 0 68 0.8 98 0.8 
507 9 0 27 0.4 
566 50 0.5 61 0 76 0.4 80 0 83 0.9 
660 16 0.8 20 0 38 0.9 43 0.8 52 1 63 0.8 64 0.6 93 0.8 99 0.3 
706 14 0.6 20 0.9 67 0.7 70 0.3 73 0.5 74 0 79 0.3 92 0.5 
776 1 0.7 7 0 33 0.8 39 0.6 69 0.4 76 1 
888 16 0.3 70 1 
940 40 0.8 90 0.5 94 0.4 
948 5 0.9 8 0 22 0.4 23 0 27 0.5 87 0.9 89 0.6 96 0.7 
952 7 0.9 20 0 23 1 35 0.3 39 0 41 0.8 58 0.4 67 0 81 0.3 84 0 
1015 13 0.8 
1115 54 0.7 
1211 18 0.3 27 0 28 0 36 0 68 0.4 71 0.3 88 0 
1231 27 0.6 30 0 46 1 49 0.3 53 0.5 58 0 64 0 85 0.4 
1247 7 0.9 12 0.4 26 0 43 0.4 54 0 70 0.3 72 0.7 88 0 
1249 50 0.3 52 0.5 
1315 73 0.4 91 0 
1317 26 0.8 
1428 31 1 39 0.8 54 0.7 57 0.8 74 0 75 0 77 0.3 81 0.6 
1436 3 0 
1571 32 0.4 
1610 21 0.8 51 1 63 0.3 77 0 84 0.5 
1789 5 0 19 0 53 1 54 0.5 67 0.6 68 0.7 84 0.8 88 0.9 89 0.7 90 0.6 
1802 18 0.5 28 0.9 50 0 59 0 76 1 79 0.8 87 0 
1936 77 0.9 83 0.3 
2025 0 1 3 0.4 11 0.3 82 0.5 84 0.8 92 0 96 1 
2176 17 0.9 31 0.5 45 0.9 69 1 72 0.9 88 0.6 92 0 
2406 28 0.8 45 0.7 47 0.3 66 0.3 71 0 72 0 
2443 5 0.5 19 0.5 22 0.3 23 0.4 55 0 66 0.4 76 0 78 0.8 86 0.3 
2657 1 0.7 5 0.9 74 0.7 77 0.7 88 0.8 
2663 8 0.3 26 1 36 0 60 0.5 
2738 3 0 39 0.7 46 0.5 71 0.3 81 1 
2790 7 0.5 36 0.5 45 0.8 51 0.3 55 0.9 62 0.6 77 0.3 84 0.4 89 0 97 0.6 
3025 25 0.8 38 1 80 0 
3127 0 0.3 14 0 20 0.8 33 0.5 52 1 56 0.8 61 0.4 75 0.4 
3135 33 0.5 91 0.3 
3739 28 0.5 32 1 33 0.3 38 0 58 0.8 87 0 88 0 99 0 
3948 11 0 32 0.8 37 0 62 0 74 0 80 1 89 0.4 98 0 
3974 0 0.4 44 0.5 55 0.9 69 0.4 71 1 73 0 77 0.7 81 0.6 94 0 99 0.8 
3998 47 0 51 0 52 0.4 64 0.5 65 1 69 0.9 71 0 75 0.5 86 0 87 0.9 
4083 19 0 58 0.4 63 1 78 0.3 
4092 6 1 37 0.3 83 0.3 
4292 2 0.4 13 0.8 17 0.6 53 0.9 57 1 74 0 99 0 
4440 6 0 71 0.6 99 0.4 
4452 98 0.9 
4476 36 0 37 0.6 83 0.5 86 0.4 
4885 2 0.8 9 0.4 15 0 39 0.7 44 0.9 50 0.4 58 0.4 70 0.6 93 0 94 0.4 
4912 1 0.3 12 0 32 1 
5026 2 0 44 0 70 0 77 0 92 0 
5053 21 0.3 54 0 87 0.8 92 0.9 
5245 13 0 15 0.8 38 0.4 48 1 50 0 51 0.9 57 0.3 60 0 
5274 9 0.8 29 0.3 31 0.6 32 0.7 47 0.8 57 0.9 80 0.3 
5498 7 0.8 14 0.7 33 1 36 0.4 96 0.6 
5551 1 0.3 17 0.7 27 0.9 43 0.5 69 0.5 70 0.9 89 0.6 
5828 12 0.5 24 0.5 35 0.9 39 0.6 53 0.7 65 0.4 74 1 
5867 93 0 
5878 8 0.9 35 0 69 0.6 
5949 27 0.6 35 0.7 43 0.4 75 0.3 85 0.6 
6143 32 0 35 0.3 58 0 60 0.7 61 0.4 76 0 82 0 98 0.9 
6178 12 0.7 18 0.3 34 0.7 37 0 53 0.4 62 0 93 0.8 96 0.3 
6336 1 0.8 36 0 46 0.3 51 0 77 0.5 
6365 60 0.3 70 0 73 0 
6488 15 0.9 24 0.7 28 0 45 0 48 0.7 59 0 77 0.7 79 0.4 89 0.9 99 0.6 
6756 14 1 22 0.4 24 0.9 43 0 89 0.9 93 0.3 
6895 1 0 21 0 27 0.7 59 0 70 0 72 0 81 0.9 83 0 
6903 55 0.4 70 1 80 0.4 
7131 37 0.9 
7191 15 0.5 16 0.7 53 0.4 69 0.5 73 0 82 0 84 0 89 0.7 98 0.6 
7327 14 0 21 0.3 27 0.3 72 0.7 83 1 84 0 95 0.4 97 0.6 
7395 11 0.3 28 0.7 40 0.9 
7407 10 0 83 0 
7441 20 0.7 23 0.4 39 0.5 54 0.8 66 0.3 74 0.7 76 0.8 87 0.9 98 0.4 99 0.9 
7525 40 0.6 54 0 
7586 9 0.3 11 0.7 16 0.9 19 0.8 32 0 79 0.9 98 0.6 
7613 14 0.3 17 0.6 19 0.3 20 0 48 1 49 0.3 59 0.3 95 0.3 99 0.3 
7643 8 1 27 0.9 34 0.7 49 0.9 65 0.3 66 0 69 0.7 70 0.4 76 0.4 78 0 
7662 11 0.8 15 0 61 0.3 66 0.8 68 0.6 74 0 77 0 90 0.6 92 1 
7664 4 0.6 12 0.7 16 0.8 42 0.5 46 0 50 0.9 63 0 64 0.9 74 0 76 0.8 
7717 21 0.7 71 0.3 
7956 53 0 
8154 22 0.3 41 0.8 
8199 0 0.6 8 0.4 40 0.8 77 0 83 0.9 
8232 13 0.7 23 0.5 97 0 
8404 7 0.6 10 0 13 0 22 0.3 53 0 71 0.6 81 0.3 82 0 
8444 5 0 6 1 14 0.7 44 0.6 61 0.4 66 0.5 78 0.5 89 0 
8492 10 0 19 0.5 30 0.3 34 0.6 46 0 57 0.6 80 0 83 0.5 84 0.6 93 0.7 
8550 7 0.9 17 0.7 23 0 36 1 55 0 60 0 73 0.9 74 0.8 92 0.9 
8645 64 0.6 
9374 14 0.7 67 0.8 
9600 33 0.5 37 0 46 0 50 0.9 55 0 60 0.7 62 0.7 
9635 21 0.5 28 0 61 0.8 77 0.3 85 0.9 87 0 
9707 14 0.9 36 0.9 
9763 56 0.8 89 0 
9826 12 0.9 21 0 27 0.7 44 0 45 0.8 58 0.3 69 0.6 82 0.9 85 0.8 96 0 
9829 59 0 61 0.3 84 0.9 86 0.5 
9896 3 0 13 0.8 34 0 51 0.3 71 0.7 78 0.6 84 0.7 88 0.3 93 0 95 0 
