100
100 17 0.6 
268 6 0 12 0.6 29 0.7 59 0 73 0.5 80 0 
455 0 0.9 6 0 41 0 53 0.6 73 0 79 0.5 80 1 
469 46 1 49 0.7 71 0.7 83 0.6 
479 1 1 13 0.6 18 0.4 27 0.3 43 0.9 70 0.8 92 0.5 94 0.4 
548 25 0.4 45 0.4 
622 2 0.9 21 0.3 28 0.4 43 0.8 60 0 92 0.3 96 0.8 
667 27 1 85 0.6 
670 20 0 62 0 86 0 88 0.8 89 0 98 0 99 0.8 
680 30 0 44 0.7 51 1 53 0 57 0.8 72 0.6 
704 0 0.7 24 0.7 83 0.7 85 0.4 87 1 
952 7 0 20 0.9 23 0.7 35 0.7 39 0.5 41 0.7 58 0.5 67 1 81 0.9 84 0.7 
957 3 0.5 49 0 50 0.8 82 0.9 86 0.4 
1016 2 0.5 10 0.4 28 0.9 43 1 51 1 56 0.6 62 0 71 0.8 94 0.5 98 0 
1154 1 0.7 2 0.5 5 0 22 0.3 24 0.3 26 0 79 0.4 
1176 8 0.9 11 0.3 13 0.7 14 0.8 30 0.6 38 0.9 40 0.8 57 0.4 60 0.3 79 0 
1437 27 0.9 28 0 41 0 48 0 67 0.3 98 0.3 
1580 5 0.7 8 0 22 0 28 0 52 0.5 60 0.7 71 0.3 90 0.6 
1668 0 0 9 0.8 12 0.4 19 0.7 64 0 83 0.5 
1725 52 0.5 55 0.4 56 0.9 64 0.7 
1751 3 0.6 17 0 25 0.3 51 0 57 0 67 0.5 75 0 
1779 19 0.7 22 0.9 25 0.8 30 0.6 39 0 48 0.3 53 0 81 0.3 99 0.7 
1813 19 0.6 26 0.7 51 0.4 
1819 34 0.9 72 0.3 97 0.4 
1865 4 0.8 32 0.6 40 0 72 0.5 73 0.7 95 0 
1971 5 0.6 11 0.6 12 1 29 0.7 36 0.6 51 0 83 0.9 88 0 91 0.4 96 0.8 
2086 12 0 16 0.9 25 0.9 31 0.9 73 0.8 89 0.6 98 1 
2149 4 0.7 
2207 10 1 12 0 21 0.9 36 0.4 44 1 49 0.4 57 0 73 0 91 0.6 
2242 17 0 23 0.7 26 0 59 0.7 94 0.4 
2251 17 0.6 
2404 4 0.8 43 0.3 98 0 
2432 1 0.3 19 0.8 21 0 24 0.9 41 0.7 44 0.5 47 0.5 49 0 76 0.5 98 0 
2438 10 0 29 0 42 0.5 52 1 57 0.5 61 0.3 67 0.4 
2451 9 0.5 11 0.5 
2498 3 0.7 24 0.9 44 0.6 
2508 21 0.5 23 0.6 76 0 78 0 79 0.4 
2524 14 0 21 1 24 0 30 0.9 33 0.7 34 0 49 0 60 0.6 97 1 
2527 1 0.8 31 0.7 34 1 38 0.7 43 0.3 54 1 55 0 59 0.8 83 0.8 86 0.9 
2703 4 0.3 9 0.8 45 0.6 60 0.3 98 0.7 
2750 93 0.3 
2878 21 0 
2882 20 0.4 26 0.8 39 0.6 50 0.6 57 0.9 73 0.9 92 0.3 96 1 
3053 8 0.5 10 0.6 13 0 29 0.6 68 0 81 0.3 86 1 92 0.3 
3073 2 0.7 13 0.6 31 1 52 0 69 0.6 74 0.4 89 0.9 94 0.4 98 0.9 
3206 0 0 15 0.6 44 0 48 0.7 53 0.5 75 0.4 76 0 77 0.8 
3240 9 0 52 0.8 60 0.4 92 0.9 
3284 17 0.3 30 0.9 33 0 64 0.8 66 0.6 86 0.3 
3347 27 0.3 96 0.7 
3501 77 0.4 86 0.7 
3572 3 0 4 0.4 9 0.5 54 0 68 0.6 69 0 83 0 84 0.4 88 0.3 
4019 55 0.5 68 0 71 0 95 1 
4233 2 0 5 1 12 0.9 26 0.9 38 0.9 88 0.5 
4291 24 0.3 
4347 4 1 19 0 21 0.6 27 0.8 40 0 44 0.5 53 0.9 77 0.7 85 0 
4389 41 0 49 0 52 0.8 60 0 65 0.6 80 0.5 
4839 7 0.9 43 1 54 0.9 63 0.4 70 0.6 78 0 91 0.8 99 0 
4875 5 0 13 0.6 19 0.8 21 1 35 0.4 47 0.6 94 0 
5197 75 0 97 0.7 
5215 0 0.8 20 0.8 22 0.3 30 0.6 35 1 92 0.5 
5519 1 0 3 0 25 0 31 0.5 42 0.8 47 0.7 55 0 78 0 
5549 2 0.4 8 1 55 0.9 
5584 4 0.3 11 0.5 13 0.4 28 0.3 43 0.4 68 0.4 76 0 86 0 97 0.9 
5713 2 0.4 9 0.9 55 0.3 59 0.3 60 1 
5729 28 0.8 49 0.3 
5782 10 1 19 0 24 0.4 51 0.8 57 1 60 0 61 0.8 63 1 68 0.9 91 0.6 
5986 36 1 
6004 4 0.4 42 0.8 80 1 
6124 11 1 13 0.7 38 0.9 70 1 92 0 93 0.5 
6273 6 0.9 14 0.9 20 0.8 35 0.4 54 0 64 0.7 76 0 
6276 3 0.8 64 0.3 
6462 8 0.9 21 0 47 0 67 0.3 85 0.5 
6502 2 1 7 1 32 0 33 0.5 42 0.6 47 0.8 69 0.6 73 0.4 75 0.3 99 1 
6682 0 0.7 7 0 80 0.8 86 0.6 
6791 0 0.9 2 0 7 0.4 17 0 19 0.4 22 0.8 77 0.7 82 0.6 92 0.9 
6820 31 0 
6879 2 0 14 0 35 0.3 46 0 49 0.5 54 0.4 72 0.6 75 0.4 84 0 85 0 
6892 38 0.8 51 0 61 1 64 0.8 70 0 72 0.3 80 0 90 1 
6983 2 0.6 10 0.9 71 0.8 73 0.7 93 0 
7226 22 0 46 0.7 60 0.3 69 1 
7407 10 0 83 0.3 
7660 1 1 5 0.3 30 0.3 35 0 41 0 
7718 1 0.5 4 0.4 11 0.7 20 0.5 33 0.9 49 0 64 0 76 0.8 80 0.7 84 0.6 
7753 92 0.5 
7811 1 0 13 0.5 19 0.8 44 1 64 0 74 0.5 88 0.7 98 1 
7900 11 0.6 24 1 61 0 63 0.4 68 0.7 78 0 79 0.6 83 0 85 0.8 
8200 7 0 13 1 14 0 27 0 35 0.7 64 1 76 1 83 0.7 
8314 17 0 24 0.8 69 0.3 70 0.6 77 0.5 88 0.4 98 0.6 
8407 3 0.3 17 0.4 21 0.3 27 0 67 0.4 71 0.8 73 0 77 0.3 83 0.8 94 1 
8531 3 0 35 0 36 0 43 0 51 0 58 0.7 68 0.3 79 0.5 96 0.3 
8535 4 0 26 0.3 27 0.4 30 1 40 0 70 0.7 81 0.9 94 0.8 
8566 30 0.9 
8835 13 0.3 14 0.8 
8873 58 0 79 0.7 
9193 2 0.6 95 0.3 
9536 5 0.4 13 0 
9612 9 0.9 26 0.6 47 0.3 51 0 53 0.6 55 1 65 0.3 69 0 77 0 
9750 4 0 35 0 38 0 75 0 91 0 92 0 
9913 22 0 24 0 39 0.8 61 0.4 92 0.7 98 0.9 
9944 1 0.7 5 0 14 0.7 60 0.9 90 0.8 
