100
38 11 0 22 0.9 65 1 86 0.9 87 0 93 0.9 97 0.5 
95 33 0 45 0.3 52 0 66 1 83 0.6 90 0 
96 0 0 2 0 37 0.6 53 0.8 68 0 
112 12 0.6 22 0.5 30 0 32 0.9 40 0 53 0 62 0.5 81 0.6 86 1 98 0.8 
250 14 0 85 0.9 91 0 97 0 
394 6 0.8 18 0.6 22 0.5 30 0.9 51 0.3 85 0.3 88 0 90 0 91 0.4 93 0 
447 26 0.9 29 0 42 0 68 0.4 72 0.5 85 0 88 0.6 93 0.4 
481 11 0.8 21 0 34 0.9 41 0.3 60 0.8 
514 10 0.8 17 0.8 19 0.7 28 0.4 30 0.4 43 0.9 48 0.6 75 0.9 78 0 96 0.7 
515 15 1 30 0.7 34 0.9 40 0 44 1 57 0.9 94 0 
640 10 0 64 0.9 71 0.3 
945 9 0 32 0.8 33 0.9 
991 15 0 30 0.6 34 0 40 0 49 0 61 0 67 0.8 
1201 11 0.7 13 0.7 28 0 35 0.9 
1206 6 0.3 47 0.7 51 0.4 60 1 79 0.5 83 0 
1305 80 0.9 87 0.4 
1312 2 0 39 0.7 71 0.8 81 0.3 86 0 89 0.8 
1462 80 0.8 89 0.6 
1540 0 0.6 6 0.6 13 0 15 0.8 17 0.7 51 0.3 70 0.6 75 0.8 80 0.6 87 0.6 
1700 14 0.6 50 0.8 52 0 58 0.8 75 0.4 76 0.3 81 0.3 92 0 97 0.6 
1709 13 0 80 0 
1728 2 0.7 12 0.9 22 0.4 40 0 80 0 91 0.6 
1778 29 0.9 40 0.8 98 1 
1795 35 0 43 0.8 63 0.3 91 0.9 
1864 67 0.5 
1907 5 0.3 8 0 40 0.9 64 0.8 70 0 85 0.6 89 1 94 0.9 98 0 
1912 7 0.8 14 0.8 38 0.9 39 0 67 0 70 0.5 71 0.5 72 0.3 88 0.3 98 0.8 
2103 21 0.8 23 0.3 34 0.3 36 0 40 0.4 99 0.8 
2315 7 1 11 0 17 0.7 34 0 59 0.3 89 0 93 0.8 94 0 96 0.4 
2319 23 0.9 85 0.9 87 0.8 
2322 10 0.9 15 1 25 0.9 64 0 90 0.7 96 0.3 
2344 15 0 20 0 37 0.5 40 0 59 1 72 0 79 0 85 0.6 
2663 8 0 26 0.8 36 0.7 60 0.5 
2747 62 0.9 
2810 0 0 12 0.8 29 0.4 38 0.7 59 0 66 1 76 0 85 0 88 0.6 94 0.5 
2903 17 0.4 
3149 66 0.5 
3208 21 0.6 24 0.9 56 1 67 0 97 0.4 
3344 38 0.6 46 0.7 51 0 
3427 19 1 55 0.8 62 0.4 64 0.4 69 0 90 0 93 0.5 
3469 4 0 11 0.8 16 1 23 0.4 44 1 64 0 77 1 83 1 91 0.6 
3504 11 0 22 0.8 51 0.9 54 0 88 0.5 90 0 98 0 
3677 4 0.4 
3730 90 0.5 
3771 17 0.9 30 0.3 33 0 73 0.9 94 0.4 95 0 
4019 55 0 68 0.9 71 0 95 0.4 
4031 68 0.6 
4091 11 0.9 20 0.6 34 0.3 38 0.7 48 0 67 0.9 82 0.5 
4527 1 0.4 3 0.8 50 1 58 0.6 
4615 5 0.3 17 0.5 29 0.6 41 0.8 64 0.9 69 0.6 74 0.4 91 1 94 0 98 0.4 
4674 25 0.7 30 1 33 0.5 37 0.7 51 0.7 59 0.9 70 0.7 85 0.9 
4770 42 0.6 
4897 0 0.3 26 0.9 53 0 63 0.3 70 0.9 82 0.9 89 1 90 0.4 
4983 83 0.3 
5105 0 0 6 0.8 10 0.9 33 0 66 0.4 86 0 
5279 33 0.4 
5336 96 0 98 1 99 1 
5369 15 0.9 32 0 34 0 41 0.3 71 0.7 72 0 
5791 2 1 13 0 25 0.7 44 0.9 57 0.6 63 0 67 0.7 71 0.6 91 1 96 0.3 
5866 2 0 65 0.8 66 0 
6218 3 0 11 0.8 12 0 17 0.8 22 0.3 31 0.7 51 0 69 0.5 89 0.9 90 0.8 
6256 7 0.4 14 0 18 0 53 0.9 55 0 61 0 71 0.4 72 0.5 80 0.8 89 0.6 
6384 4 0 15 0.4 46 0.6 99 0 
6400 17 0 22 0 26 0.5 39 0 40 0.3 92 0.4 95 0.7 
6426 81 0.8 94 1 
6532 6 0 38 0.6 62 0.3 69 0 70 0.7 71 0 76 0.5 80 0.3 84 0.7 
6709 9 0.6 30 0.3 35 0.8 59 0 66 0.9 91 0.6 
6947 21 1 73 0.9 
6970 0 0 9 0.3 13 0.3 38 0.6 56 0 69 0.7 72 0 77 0 85 0.8 88 0 
6993 16 1 17 0 44 0.6 47 0.5 48 0.9 52 0.6 61 0.4 67 0 85 0.9 
6999 52 0.7 54 0.4 70 0.8 
7051 12 0.5 27 0 75 0.6 91 0 
7073 13 0.5 57 0 78 0.4 96 0.9 
7185 10 0.3 19 0.8 22 0.3 30 0 40 1 46 0.6 69 0.5 94 0.9 
7216 17 0.7 62 0.7 
7217 14 0.4 
7456 2 0 45 0.3 48 0.6 54 0 83 0.8 91 0 96 0.6 
7543 79 0.7 
7624 15 0 16 0 32 0.3 48 0 64 0.9 65 0.5 70 0.9 71 0 84 0 
7713 21 0 35 0.4 75 0.9 86 0.4 
7743 14 0.9 18 0.6 19 0 28 1 57 0.8 82 0.7 83 0.4 86 0 
7746 10 0 65 0.4 71 0 
7832 32 0.9 58 0.3 84 0.9 
7853 1 1 18 0.9 34 0 46 0.5 52 0 76 0.9 79 0.9 91 0.6 
8518 7 0 14 0.5 16 0.4 62 0 70 0 79 1 86 0.3 99 0.9 
8640 26 0.7 
8871 24 0.7 28 0 37 0.4 38 1 61 0.8 79 0 85 0.6 88 0.7 
9069 12 0.3 31 0.5 64 1 
9108 88 0.6 
9216 4 0 13 0 21 0.7 56 0 
9344 81 0.3 85 0.5 
9368 7 0.4 8 0.6 69 0.9 73 0 
9494 7 0.8 20 0.7 41 0 51 0.3 68 0.3 
9547 64 0.6 86 0 
9548 11 0 75 0 
9629 14 0.5 26 0 35 0.6 42 0 45 1 61 0 
9720 42 0 48 0 84 0.6 
9791 28 0.4 
9919 9 0 32 0 40 1 46 0.8 76 0 87 0.7 
9970 6 0.3 13 0.5 21 1 22 0.9 23 0 33 0.8 66 0.4 86 0.3 90 0.9 
