100
214 17 0.6 77 0.9 94 0.7 
328 25 0.5 56 0.4 
544 2 0.7 13 0.9 26 0 44 0.7 53 0.6 57 0.3 60 0.3 69 0.4 82 0.5 
561 6 0.4 7 0.7 60 0.6 65 0.9 77 0.9 95 0.5 
585 9 0.5 13 0.6 14 0.6 29 0.7 37 0.4 59 0 70 0 
619 17 0 49 0.7 56 0.8 65 1 96 0.3 
683 8 0.5 19 0 21 0.5 26 0 33 0 41 1 54 0.3 67 0 83 0.6 
707 0 0.5 4 0 5 0.9 25 0.6 30 0 34 0 45 0 49 0.8 85 0.6 91 0.8 
738 71 0 
827 32 0.5 87 0.7 88 0.3 89 0 94 0 
843 7 1 38 0.7 84 0 
1030 3 0 12 0.4 27 0.9 48 0 71 0 80 0.8 85 0.6 
1054 69 0 78 0 
1212 8 0 38 0.5 41 0.5 52 1 
1238 48 0.8 69 0.8 
1278 8 0 55 0.3 
1302 17 0.7 28 0.7 42 0.5 61 0.7 79 1 
1316 4 0.5 9 0.6 34 0.4 37 1 47 0.8 56 0.3 63 0.9 68 1 71 0.9 85 0.3 
1333 27 0.7 
1364 1 0.4 8 0 18 0.5 23 1 51 1 88 0.6 91 0.5 
1367 3 0 21 0 34 0.9 48 0 52 0 64 0.3 67 0.3 85 0.5 86 0.8 
1529 39 0 88 0.4 
1545 13 0 69 0.6 93 0.3 
1561 32 0.5 82 0.5 96 0.4 97 0.5 
1569 2 1 5 0 8 0.4 20 0 26 0 42 0 49 0.3 99 1 
1658 45 0 58 1 74 0.9 85 0.4 90 0.6 95 0.9 99 0.7 
1692 10 0.9 15 0.7 75 0.8 77 0.4 80 0.7 
1732 4 0 23 0.5 31 0.5 52 0.5 97 1 
1917 20 0.8 71 0 92 0.4 
1923 37 0 75 0.9 78 1 
1972 3 0.8 10 0 34 0.8 46 0.4 47 1 69 0.7 87 0.8 
2026 1 1 11 0.8 20 1 33 0.6 56 0.5 71 0 89 1 95 0 
2103 21 0.8 23 0.8 34 1 36 0 40 0.3 99 0.9 
2206 17 0.8 37 0.3 87 0 
2219 25 0.4 
2249 18 0.8 
2314 6 0.4 9 0.6 52 0 62 0.8 
2391 7 0.3 
2419 14 0.4 24 0.5 38 0.4 59 0 64 0.8 
2463 14 1 16 0.8 34 0 41 0.7 47 0 53 0.4 67 0.3 68 0.6 
2484 0 0.7 6 0 15 0 22 0.6 30 0 45 0.8 48 0 54 0.5 67 0 85 0.9 
2496 26 0.4 38 0 69 1 94 0 
2583 0 0.7 6 0.9 16 0.9 64 0.5 65 0.6 
2799 46 0.3 54 0.6 
2938 1 0.5 17 1 20 0 21 0.9 59 0.6 73 0.7 80 0.7 94 0.5 
2961 4 0.9 11 0.3 12 0 20 0.7 24 0.3 31 0 
3098 13 0.9 56 0 62 0.7 89 0.3 90 0.6 91 0.9 
3588 37 0.4 50 0 77 0.3 
4028 20 0.6 24 0 38 0 63 0.3 78 0.6 89 0 
4048 24 0.4 26 0.4 38 1 42 1 55 0.6 63 0.7 74 1 85 0.8 87 0.7 95 0.4 
4148 24 0.5 40 0 41 0 48 0 56 0.3 58 0.9 65 0.4 71 0 72 0.4 95 0.4 
4349 17 0.4 28 0.6 32 0.8 38 0.6 60 0.9 75 0.5 84 0.5 93 0.9 
4826 7 0.6 10 0 31 0 33 0.5 48 0.5 51 0 63 0 70 0.7 
5117 2 0.5 28 0.5 30 0 74 0.4 80 0.8 
5294 33 1 77 1 
5332 4 0.5 24 0 27 0.7 28 0.6 
5475 30 0.3 94 0.4 
5522 15 0.3 41 0.4 53 0.4 59 0.8 60 0 64 0.6 90 0.3 
5538 19 0.9 21 0.8 23 0.9 25 1 41 0.4 57 0.9 70 0 85 0 97 0.5 
5612 2 0.8 5 0.6 22 0.5 24 0.9 25 0.7 40 0 84 0.8 98 0.7 
5655 0 1 23 0 28 0.6 32 0.8 35 0.9 62 0 66 0.9 68 0.7 86 0 88 0 
5712 30 0 70 0.3 97 0 
5780 11 0.6 14 0.3 39 0 48 0.9 70 0 85 0 86 0.7 97 0.7 
5871 15 0.6 24 0.7 56 0 84 0.8 94 0 
6178 12 0.4 18 0.3 34 0.4 37 0.7 53 0.5 62 0 93 0 96 0 
6341 4 0.7 14 0 67 0.3 79 0.3 
6471 43 1 81 0.8 87 0.9 89 0.5 
6714 28 0.3 37 0.4 62 0.8 69 1 73 0 82 0.3 
6780 4 0 11 0 12 0.6 31 0.3 59 0.8 71 1 72 0.4 81 0.5 98 0.5 99 0.6 
6881 10 0.8 11 0.8 24 0.5 73 0.6 74 0.7 95 1 
6998 2 0.8 48 0.8 77 0.4 
7174 2 0.7 13 0 16 0 28 1 38 0.3 40 0 76 0 90 0.4 96 0.9 97 0.3 
7347 41 0 94 0 
7352 95 0.3 
7663 38 0.6 58 0.6 69 1 72 0.4 
7740 29 0 97 0.4 99 0.3 
7777 39 0.7 52 0.9 54 0.4 64 1 98 0.9 
7918 4 0.7 23 1 31 0.5 32 0.7 48 0.9 59 0.5 67 0.9 71 0.5 93 0.9 
7937 3 0.6 80 0.3 
8007 42 1 89 0.4 
8044 16 0.5 23 1 37 0.7 38 1 96 0 
8084 14 1 15 0 25 0.5 33 0.7 59 0.4 83 1 91 0 92 0.9 94 0.4 99 0 
8218 79 0 81 0.7 
8228 39 0.4 50 0.6 69 0 83 0 94 1 
8321 0 0 21 0 31 0.4 33 0 45 0 53 1 
8505 7 0 32 0.3 35 0 39 0.8 40 0.3 78 0.8 79 0.8 
8553 9 1 87 0.4 90 0.3 
8561 22 0.4 33 0.5 51 0.7 52 1 59 0.9 82 0 84 0 
8673 14 0.9 54 1 69 0.5 88 0.4 
8714 54 0 
8831 6 0 8 0.3 10 0.8 11 0.9 31 0.5 48 0.8 58 0.7 88 0.6 91 0.4 
9123 2 0.3 67 0.8 
9263 2 0.8 24 0.3 48 0.5 78 0.5 
9389 0 0 37 0.4 41 0.8 58 0.7 63 0.5 69 0.6 84 1 
9441 14 0 
9544 5 0 10 0 23 0.7 51 0 59 0.9 85 1 94 0.4 98 0 
9560 14 0.9 69 0.9 79 0.9 
9845 65 0.5 90 0.8 96 0.7 
9931 11 0.5 16 0.9 18 0.5 33 0.7 48 0.6 82 1 88 0.7 
9992 52 0.9 81 0 
