100
247 9 0.7 45 0.9 73 0 88 0 93 0.3 96 1 
271 8 0.9 29 0 35 0.8 41 0 69 0 72 0.3 
409 8 0.8 10 1 45 1 62 0.3 72 0.3 81 0.9 
606 2 0 22 0.3 67 0.5 82 1 
727 18 0.7 20 1 27 0.8 34 0 82 0 91 0.4 95 0.3 99 0.3 
740 15 0.6 
753 0 0.7 20 1 25 0 63 0.4 70 0.8 77 0 91 0.4 
759 26 0.7 45 0.6 69 0.5 70 0 
767 10 1 38 0.5 
783 44 0.5 47 0 
864 13 0.3 20 0.6 67 0.5 71 0.4 77 1 90 0 94 0 
920 8 0 23 0.7 31 0.9 39 0.5 49 0.6 50 0.6 51 0.5 57 0 66 0 
925 15 0.5 24 0.4 25 0.6 31 0.5 41 0.5 74 0 76 0.6 77 0 96 0.9 99 1 
954 1 0 9 0.9 24 0.6 25 0 31 0.9 37 0.8 39 0 47 0.4 86 0 94 0.9 
1127 21 0 27 0.5 43 0.6 45 0.7 47 0.7 67 0.5 
1440 6 0 58 0.8 84 0.8 
1872 23 0.3 53 0.5 
1880 6 0.3 45 0.5 98 0.9 
1902 39 0.9 40 0.4 62 0.8 91 1 99 0.3 
2040 59 0.4 63 0.7 65 0.4 91 0.5 98 0 
2163 5 0.3 55 0 74 0.4 75 0.7 
2200 22 0.8 30 0.4 68 0.3 
2367 8 0.7 13 0.6 25 0 39 0.9 43 0.4 49 0.7 62 0.5 68 0.9 74 0.7 94 0 
2368 29 0.6 36 0 45 1 77 0.7 
2561 1 0.5 13 0.6 40 0.5 43 1 48 0 49 1 58 0.5 87 0 89 0.8 98 0.7 
2602 80 0.7 
2623 4 0.4 29 0 
2648 10 0.3 30 0.7 39 0.5 46 0.7 51 0.4 66 0.9 76 0 80 0.9 
3064 90 1 
3087 20 0.6 24 0.5 41 0 61 0.5 77 0.4 
3158 13 0.9 64 0 96 0 
3259 32 0 37 0 42 0 49 0.6 
3409 4 0 18 0 38 0 49 0.7 72 0 89 0 94 0.7 
3450 28 1 52 0.3 54 0 66 1 83 0.8 89 0.4 
3570 18 0.3 21 1 42 0.8 43 0.7 49 0 69 1 81 0.4 84 0 
3574 1 1 25 0.9 27 0.7 35 0.4 71 0 73 0 
3600 43 0.7 44 0 45 0.9 52 0.4 58 0 62 0 84 0 87 0.4 97 0.5 
3623 19 0.7 39 0.6 54 0 66 1 82 1 92 0.9 
3661 13 0.7 51 0.7 
3791 23 0.3 24 0.9 75 0.6 
3870 3 0 4 1 8 0.8 9 0.4 36 0.6 44 0.7 50 0.4 72 0.3 77 0 82 0.5 
4045 37 0.6 62 0 66 0 71 0.3 80 0.9 82 0.5 95 0 
4051 17 0 26 0.8 
4065 61 0.7 71 1 
4138 0 0.3 
4228 96 0.5 
4260 28 0.7 66 0.4 91 0.3 97 0.7 
4299 19 0.4 23 0 39 0.4 61 1 71 0.7 89 0.5 
4502 12 0.3 33 0.3 41 0.5 83 0.4 95 1 
4514 59 1 61 0.5 62 0.3 64 1 74 1 88 0.8 96 0.7 
4882 0 1 38 0.6 48 0 54 0.6 57 0.8 76 0.7 89 0.8 93 0.8 96 0.9 
4918 16 1 17 0.8 26 0 35 0.3 51 0.9 68 0 84 0.9 96 0 
4946 9 1 44 0.6 51 1 61 0.4 88 0.6 94 0.6 
4969 2 0.8 4 0.3 22 0.8 31 0.7 81 0.7 
5092 7 0 35 0.8 44 0 89 0.9 94 0.3 
5103 1 0.7 6 0.8 43 0 46 0.7 71 0 73 0.5 
5197 75 0.8 97 0.6 
5278 10 0.7 22 0 43 0.5 52 1 54 0.6 83 0.5 
5344 16 0.4 21 0 29 0.8 71 0.5 99 0.9 
5466 9 0.7 16 0 23 0 38 0 40 0 43 0 46 0.4 59 0.5 96 0 
5476 14 1 37 0.3 49 0 60 0.8 65 0.3 73 0 97 0.4 
5545 8 0.8 37 0.5 51 0.9 54 0 60 0.7 64 0.5 
5713 2 0.3 9 0.9 55 0.9 59 0.9 60 0.6 
5778 20 0.7 57 0.5 59 0.8 78 0 79 0.8 88 0 90 1 
5783 34 0.5 42 0.9 49 0.6 57 0.9 59 0 74 0 81 0 91 0.7 92 0.9 
6135 20 0 50 0.4 69 0.8 80 0.7 81 0.9 91 1 92 0.8 94 1 96 1 
6150 55 0 
6205 24 0 50 0.3 62 0.8 68 0 71 0.9 72 0.9 85 0.8 90 0.8 
6265 30 0.9 35 0.9 40 0.5 52 0.4 83 0.6 89 0.3 91 0.8 
6267 36 0.5 49 0 54 0.3 56 0.4 57 0.5 73 0 86 0.4 95 1 
6506 2 0.6 7 0.4 12 0.7 16 0 26 1 45 0 53 0.9 80 0.8 
6597 8 0 12 1 34 0.7 52 0 
6804 6 0.4 10 0.7 33 0 36 1 40 0.4 47 0 52 0.4 54 0 74 0.7 
6891 25 0.8 39 0.4 45 0.3 47 0.9 56 0 82 0.9 
6892 38 0 51 0.3 61 0 64 0.4 70 0.7 72 0 80 0.6 90 0.9 
7093 81 0.3 
7244 7 0.5 8 0 18 0.9 19 0.7 39 0 43 1 45 0.8 57 0 64 0.9 99 0 
7340 22 0.7 42 0 69 0.7 71 0.5 75 0.5 78 0 89 0.4 
7435 96 0 
7809 5 0.5 15 0 50 0 70 0.5 
7863 3 0 5 0.7 18 0.7 22 0.9 39 0.7 40 1 50 0.6 57 0.4 61 0.3 72 0.8 
7877 90 0 92 0.4 
8045 8 0.4 24 0 30 0.9 45 0.4 54 0.3 58 0.7 63 0 70 0.7 85 0.5 98 0.4 
8066 6 1 8 0 18 0 25 0.3 61 0.8 62 0.4 71 0.5 95 0.9 96 0.3 
8293 19 0.5 29 0.7 40 0.4 61 0 
8503 9 0.3 12 0.8 15 0 22 0.8 33 0 41 0 55 0 56 0.8 81 0.4 95 0.8 
8510 41 0 51 0.8 54 0.5 59 0.9 89 0.6 91 0.7 95 1 
8654 0 0.4 2 0.5 18 0 34 0.6 39 1 75 0.9 86 0.6 97 0 
8722 56 0.4 58 0.9 63 0 97 0.9 
8857 38 0.9 49 0.8 
8867 0 0 50 0.3 72 1 91 0.4 
8990 77 0 
9146 29 0 32 1 54 0 69 1 80 0 83 0.5 91 0 
9192 4 0 11 0.4 23 0.3 29 0.4 61 0.9 63 0.9 75 0 
9420 1 0 16 0 32 0 51 0.3 66 0.6 88 0.9 
9441 14 0.6 
9571 8 0.3 12 0.3 17 0 32 0.8 34 1 51 0.6 53 0 71 0 
9693 4 0.8 13 0.4 75 1 
9836 5 1 20 0.6 40 1 54 0.5 61 0.4 63 0.3 76 0.3 90 0.9 
9921 5 0.4 14 0 51 0 62 0.7 63 0.6 85 1 
