100
0 67 0.4 97 0.5 
109 10 1 17 0.9 54 1 65 0.4 68 0.9 75 0 76 0.3 84 0 
138 9 0.9 31 0.5 70 0.4 94 0.4 
218 9 0.6 13 1 34 0.9 43 0.4 54 0 59 0.9 60 0.5 94 0 95 0.5 
273 94 0.6 
281 0 0.7 4 0.9 5 0.7 27 0 30 0.7 38 0 46 0.4 63 0.4 
320 24 1 30 0.6 40 0.6 94 1 
330 32 0 34 0 57 0.4 72 0 
465 20 0.7 37 0 39 0.3 49 0.9 50 0 74 0.8 
527 36 0.8 50 0 65 0.6 80 0 
677 26 0.5 32 0 38 0.4 42 0.6 74 0.7 77 1 
967 9 0.9 17 1 23 0.3 32 0.3 41 0.4 46 0.6 
970 5 0.3 9 0.6 63 0.4 93 1 
979 48 0 64 0 71 0.8 
1050 4 0.6 9 0.9 20 0.5 52 0.4 54 0.4 85 0 
1066 2 0.5 6 0.8 62 0.5 72 0 74 0.5 
1157 3 0.5 5 0 14 0 18 0.9 24 1 38 0.3 60 1 85 0.5 86 0.3 95 0.5 
1164 5 0 18 0.8 20 0.9 24 0.3 27 0.5 29 0.7 35 0.4 41 0.6 72 0.4 
1182 34 0.4 
1204 0 0 8 0 15 0.6 49 0.9 58 0.3 60 0.3 67 0 74 0 84 0.5 98 0.6 
1338 18 0.7 55 0.5 
1356 4 0.6 14 1 23 0.5 38 0.4 40 0.5 62 0 64 0.4 71 0.6 82 0.5 
1400 17 0.6 47 0.3 71 1 
1711 57 0.7 
1728 2 0 12 0.4 22 0.3 40 0 80 0 91 0 
1776 3 0 47 0.7 54 0 62 0.3 68 0.6 70 0 89 0.7 
1825 88 0 
1864 67 0.9 
2174 26 0.4 31 0.4 46 1 63 0.8 86 0.5 
2219 25 0.9 
2259 5 0 17 0.7 28 0.7 34 0.4 36 1 64 0.3 86 0 94 0.4 
2472 86 0.6 
2578 17 0.3 94 0.5 
2592 10 0 14 0.3 19 0.3 40 0.5 53 0 57 0.9 64 0.6 77 1 
2613 7 0 85 0 
2805 2 0 6 0.4 46 0 51 0.5 53 0.4 82 0.5 93 0 97 0 
2868 10 0.6 20 0.3 71 0.9 81 0.8 94 0.3 96 1 
2904 5 0.9 37 0.4 47 0 74 0.6 83 0.3 84 0.7 98 0 
2984 14 0.9 61 0.8 63 0 90 0 
3099 11 1 18 0.6 23 0.3 44 0 
3117 16 0.6 21 0.5 23 0.6 31 0 36 0.8 42 0.8 45 0.8 54 0.5 98 0 
3126 4 0.5 32 0.4 38 0.4 47 0.8 64 0.7 69 0 
3278 41 0 
3350 90 0 
3360 41 0.3 77 0.4 
3451 75 0.8 
3488 3 0 43 0 44 0 
3517 32 0.8 38 0.8 44 0.3 48 0 69 1 94 0.6 
3812 15 0 16 0.4 49 0.4 52 0 59 1 99 0.5 
3860 19 0.7 
3918 0 0.9 7 0.9 9 1 31 1 
4192 7 1 22 0.4 23 0.4 38 0.6 40 0.3 51 0.8 55 0.8 71 0.7 
4209 39 0.9 44 0.3 72 0 81 0.7 
4323 15 0.4 42 0.4 63 0.5 79 0.5 86 0 93 0.8 94 0 95 0.8 97 0 
4327 0 0.7 14 0.5 15 0 62 0.9 71 0.9 77 0.9 87 0 97 1 
4808 0 0.9 7 0.4 9 0.7 18 0 21 0 23 1 55 0.6 91 0.9 97 0 
4966 22 0.9 27 0.5 31 0 37 0.9 72 0.4 77 0.8 80 0.4 81 0.5 88 0.9 99 0.5 
5040 92 0 
5100 11 0.7 21 0.3 35 0.5 48 0.7 75 0 
5103 1 0.5 6 1 43 0 46 0 71 0 73 0.3 
5196 10 0 59 0.4 
5402 26 1 47 0.3 66 0 78 0.5 
5451 3 0.6 17 0.5 47 1 67 0 73 0.7 85 0.5 
5507 4 0.8 9 0.8 37 1 41 0.4 53 0 69 0.6 78 0.4 79 1 94 0.4 
5555 16 0.7 20 0.5 30 0.5 39 0 58 0.7 63 0 64 0.5 67 0.4 96 0.9 
5597 20 0 27 0.9 34 0.4 39 0.5 86 0.3 88 0.6 
5610 27 1 
6066 0 0.7 70 0.8 80 0.9 
6233 22 0.6 25 0.6 28 1 61 0 63 0.8 78 0.9 92 0.9 95 0 
6490 25 0.7 52 0.3 
6543 0 0 1 0 4 0.6 19 0.9 29 1 81 0.6 89 0.9 
6631 3 1 37 1 45 0 83 0.5 97 1 98 0.3 
6746 10 0.5 37 0.4 61 0 67 0 78 0 
6778 2 0 3 0.9 15 0.7 17 0.8 28 0.9 34 0.5 48 0.6 65 0.6 70 0.6 95 0 
6985 16 0 21 0.5 23 0.5 44 0 66 0.6 79 0 
7282 3 0.8 10 1 31 0.9 34 1 40 0 48 0.4 74 0.8 81 0.6 83 0.8 93 0.9 
7403 2 0.8 25 0 29 0.3 39 0.9 51 0.8 71 0.5 73 0.5 77 0.4 83 0.4 93 0.5 
7494 30 0.7 33 0.4 35 0.3 88 0.9 92 0 
7554 17 1 21 0 33 1 40 0.8 44 0.3 87 0.8 
7566 4 0 7 0.4 26 0.7 52 0.3 72 0 
7706 12 0 16 0 27 0.7 69 0.3 71 0.3 
7746 10 0.4 65 0.7 71 0.4 
7751 26 0.4 35 0 87 0.6 
7766 21 0.4 60 0 61 0 71 0 86 0.3 
7927 25 0 
8033 39 0.5 44 0.8 47 0 49 0 50 0.9 81 0.6 85 0.9 92 0 
8211 11 1 12 0.6 26 0.3 27 0 41 0.3 70 1 75 0.8 92 0.5 
8226 41 0 53 1 
8441 3 0.7 74 0.9 97 0.3 
8550 7 1 17 1 23 0.6 36 0.9 55 0.9 60 0.5 73 0.9 74 1 92 0 
8749 0 0 6 1 11 0.7 53 1 
9045 20 0.9 33 0.5 45 0.3 52 0.9 91 0.8 95 1 
9211 25 0.4 54 0 70 0.5 72 0 
9227 19 0.9 26 0.7 28 0 33 1 36 0.7 51 0.5 73 0 77 0.5 80 0.7 98 0.3 
9262 2 0.3 4 0.5 29 0.8 30 0.4 39 0 64 0 66 1 76 0.3 
9317 60 0.4 62 0.9 68 0.8 97 0.5 99 0.7 
9509 18 0 20 0.5 43 0 54 0.9 66 0.9 79 0.3 
9717 25 0.8 38 0.8 44 0.4 53 1 61 0.9 67 0.3 72 0.7 85 0.3 91 0.4 96 1 
9951 3 0 10 0.8 38 0.5 55 0.3 72 0.4 90 0.3 91 0 
9976 2 1 9 0.7 30 0.4 31 0 36 0 37 0.9 57 0 58 1 60 0.7 76 0.5 
