100
23 4 0 11 0.4 19 0.9 57 0.6 61 1 65 0.5 74 0 86 0.3 
81 0 0.7 9 0.5 13 1 21 0.3 22 0.6 44 0.6 69 1 84 0.6 87 0.5 91 0 
135 52 0 57 0.9 66 0.9 88 0 93 0.4 
165 6 1 36 0.8 98 0.5 
180 14 0.4 18 0.6 20 1 35 0.9 72 1 94 0.9 98 0.5 
203 8 0.3 18 0.6 25 0.3 
216 4 0.7 8 0.9 35 0.6 37 0.9 
217 9 1 18 0.8 27 0.8 41 0.6 48 0 52 0.4 63 0 87 0.8 89 0.7 96 0 
311 1 0 21 0.3 68 0 75 0.3 
323 3 0.3 14 0.6 20 0.9 48 1 72 0.9 
353 39 0.9 66 0 68 0.5 
394 6 0.7 18 0.8 22 0.5 30 0.3 51 0 85 0.9 88 0.4 90 0.8 91 0.7 93 0 
512 8 0.8 24 0 27 0.7 35 1 49 0.9 64 0.5 83 0.9 85 0.4 86 0.3 
525 9 0 21 0.6 37 0 71 0 73 0.3 89 1 95 0 96 0.9 
584 0 0 5 0 15 0.7 49 0 93 0.3 
654 7 0.4 10 0.9 46 0 47 0.6 55 0 77 0.3 84 0.9 88 0.7 94 0 
692 70 0 72 0.8 73 0.9 80 1 85 0.8 89 0 96 0.5 99 0 
743 26 0.9 36 0 64 1 69 0.7 85 1 99 0.6 
746 0 0 16 0.7 20 0.7 31 0.7 88 0.9 
913 16 0 18 1 23 0.7 31 0.5 54 0 
973 5 0.7 22 0 23 0.6 35 0 50 0 67 0.7 77 0.4 82 0.8 88 1 
994 11 0 15 0 22 0.8 43 0.3 45 0.3 47 1 51 0.5 66 0.9 94 0.5 
1104 6 1 17 0.3 54 0.3 95 1 
1266 4 0.4 30 0.4 32 0.4 34 0.5 46 0 60 0.5 64 1 81 0 85 0.7 87 0 
1319 28 1 36 0.3 66 0.9 77 1 78 0.4 
1344 25 0.6 33 0 40 1 64 0 86 1 96 0.9 
1451 15 0 37 0.3 
1459 0 0.8 2 0.8 7 0.6 14 0 19 0.9 38 0 83 0 86 0.8 87 0.4 91 0 
1702 23 0.7 28 0.3 43 0 48 0.3 59 0 63 0.9 
1782 1 0.4 2 0.8 43 0 53 0.8 54 0.4 65 0.4 71 0 85 0 99 0.5 
1806 0 1 16 0.5 24 0.3 39 0.4 55 0.7 83 0.9 
1886 71 0 83 0.9 
2005 17 0 25 0 45 0.8 69 0.7 72 0 77 1 
2112 23 1 37 0.8 44 0.7 63 0.8 94 0.6 95 0 97 0.9 
2329 9 0.9 14 0.8 33 0.8 46 0.3 96 1 98 0 
2418 5 0.4 16 0.8 25 0.6 39 0.6 43 0.9 49 0.9 54 0.9 83 0.5 85 0.4 98 0 
2447 6 0.3 13 0 26 0.3 27 0.8 38 0.6 47 0 64 0.7 
2690 11 0.4 24 0.6 35 0.7 39 0.4 51 0.4 62 0.4 78 0.9 82 0.3 
2859 5 1 10 0.9 44 0 50 0.3 85 0.3 
2898 82 0.5 
3040 21 0.8 
3045 4 1 37 0 48 0 57 0 64 0.6 68 0.8 71 0 93 0.6 98 0.5 
3060 11 0.3 50 0 58 0.4 72 0 78 0.9 
3062 55 1 99 0.9 
3100 3 0 20 0.7 21 0 28 0.9 50 1 59 0.6 64 0.9 80 0.7 
3111 2 0.9 16 0 28 0.3 30 0 50 0.7 69 0.3 72 0 82 0 92 0.9 
3142 11 0.9 21 0 41 0 84 0.5 
3205 15 0.8 31 0.8 81 1 83 0.4 99 0.8 
3292 5 0.8 14 0.6 35 0.9 66 0 71 0 80 0.5 89 0.4 
3368 13 0.5 81 0.5 
3556 0 1 41 0.5 55 0 68 0 
3579 0 0 10 1 13 0.8 18 0 22 0 34 0.4 40 0 55 0 89 1 
3589 15 0.4 16 0.9 19 0.5 24 0.3 61 0.3 64 0.5 76 0.4 86 0 99 0 
3680 92 0.9 
3912 1 0 8 1 18 0 21 1 38 0 62 0 73 0.4 93 1 98 0 
4133 4 0 20 0.3 40 0.5 51 0.7 60 0 78 0.8 94 0.3 
4281 0 0 3 0.9 7 0 22 0 36 0.6 44 0.5 88 0.9 
4328 6 0.7 26 0.5 80 1 86 0.6 
4767 14 0.3 38 0.4 64 0 98 0.6 
4793 31 0.8 55 0 
4890 5 0.7 29 0.5 46 0.8 55 0.9 
5217 4 0 12 0.5 33 0.4 37 0 
5471 23 0.3 55 0.3 78 0.5 95 0.8 
5617 4 0.3 7 0 22 0.6 52 0.5 60 0.6 63 0.8 
5739 33 0.5 49 0.9 58 0 62 0.3 72 0 
5788 11 0.3 24 0.9 34 0.8 40 0.6 43 0.6 58 0.5 76 0 84 1 86 1 97 0.7 
6021 14 0.9 31 0.6 43 1 68 0.4 90 1 
6087 10 0.7 20 1 22 0 49 0.3 52 0.6 53 0 66 0 67 0.9 92 0.4 
6156 28 0.6 32 0.6 33 0.8 58 0 78 0.8 89 0 93 1 
6172 11 0.7 27 0.7 71 0.6 75 1 
6378 4 0.5 
6443 47 0.5 79 0.6 92 0 
6488 15 0.3 24 0 28 0.5 45 0.3 48 0 59 0.3 77 0 79 0.9 89 0 99 0.9 
6525 4 0 12 0.8 13 0.5 40 0.9 52 0.3 72 0.4 
6551 5 0.3 7 0 9 0.9 39 0 58 0 60 0.6 64 0 69 0.3 73 0 94 0.9 
6800 50 0.4 59 0.3 60 0.6 62 0.4 96 1 
6802 24 0.3 54 0 70 0.5 
6879 2 0.4 14 0 35 0.4 46 0.5 49 0.7 54 0.4 72 0.6 75 0.7 84 0.3 85 0.4 
6979 18 0.6 21 0 59 0 63 0.6 96 0 
6991 16 0 22 1 34 0.5 39 0.7 44 0 57 0.6 68 0 83 0.6 93 0.4 95 0 
7226 22 0.7 46 0.8 60 0.9 69 0 
7287 12 0.3 18 0 26 0.7 34 0.5 37 0.5 72 1 88 0.9 
7364 12 0 83 0 
7460 1 0 68 0.9 
7833 21 0.3 29 0.5 
7860 5 0.4 42 0 47 0.3 55 0 74 0.6 
7891 29 0.9 46 0.3 49 0.8 68 0.5 97 0 
7981 1 0 5 0.9 6 1 7 0 16 0.4 17 0.8 26 0.6 72 0 97 0.9 
7991 22 0 74 0.5 
8278 9 0.4 33 0 37 0.3 48 0.7 55 0 59 0.4 98 0.8 
8422 17 0 31 0 99 0.9 
8450 55 0 
8465 20 0.4 34 0.3 40 1 71 0.6 97 0 98 0.5 
8487 21 0 32 0 85 0.8 
8629 46 0.5 70 0.6 99 0 
8864 3 0.5 8 1 13 0.8 
9373 7 0.3 11 0 21 0.4 34 0.4 43 0.8 50 0 
9508 27 0.8 49 0 96 0 99 1 
9791 28 0 
9875 19 0 29 0.9 31 0 35 0.6 46 0 48 0.5 84 0 89 0 
