100
69 1 1 6 0 11 0.8 39 0.3 45 0 60 0 82 0.8 88 0.7 
177 47 0 
236 82 0.7 
301 5 0.9 
309 7 0.3 20 0.9 23 0.9 37 0.5 48 0.7 61 0.3 64 0.6 69 0.7 91 0.8 
338 15 0 22 0.4 34 0.3 47 1 48 0.3 68 0.6 78 0.8 
373 78 0 90 0.4 
734 1 0.6 13 0 22 0 28 0.8 70 0 89 0 95 1 
754 7 0.4 10 0.6 29 0 54 0.5 63 0.9 93 0.4 97 0.3 
809 21 0.4 22 0.8 28 0.8 39 1 56 0.7 61 0 67 0.3 85 0.6 96 0.3 
927 13 0.6 17 0 41 0.3 46 0 47 0.3 48 0 53 0.5 65 0.6 77 0 96 0.7 
960 4 0.3 7 0.7 
1157 3 0.6 5 0.4 14 1 18 0.4 24 0 38 0.4 60 1 85 0.7 86 0.7 95 0.8 
1248 6 0.8 45 0.5 56 0 62 0.3 69 0 73 0.6 80 0 83 0.9 87 0.6 88 0.7 
1427 8 0 18 0.4 27 0.4 44 0.7 49 0.7 50 0.9 61 0 62 0 76 0.5 88 0.8 
1466 66 0 
1529 39 0.9 88 0.6 
1643 12 0 13 0.6 19 0 23 0.3 47 0.9 76 0.6 95 0 99 0.4 
1764 4 0.6 
1797 3 0.3 23 0.3 25 0.9 68 0.5 87 1 
2040 59 0.8 63 0.8 65 0.4 91 0.6 98 0 
2064 55 0.8 75 0.6 90 0.6 93 1 94 0 
2069 25 0.9 34 1 55 0.8 60 1 72 0 73 0.5 
2098 5 0 28 0.3 46 0.4 66 1 85 0.5 
2103 21 0 23 0.7 34 0 36 1 40 0 99 0.7 
2153 1 0.9 12 0.7 24 0 35 1 38 0 54 0.5 75 0 91 0.7 
2362 2 0.7 5 0.3 24 0.9 74 0.5 81 0.4 85 0.4 94 0 
2449 11 0.3 16 0.3 33 0.4 44 0.5 56 0 81 0.7 82 0.7 97 0 
2517 11 0 25 0.3 32 0.5 37 0.6 63 0.3 84 0.6 
2546 25 0.7 82 0 93 0 
2660 16 0 17 0 26 0.3 34 0 
2742 0 0.7 5 1 24 0.5 75 0.5 
3019 14 0.7 16 0.4 27 0.7 35 0.5 37 0.6 39 0 60 0 62 0.8 74 0 81 0.9 
3024 10 1 24 1 41 0 50 0.7 74 0.7 93 0.5 95 1 97 0.3 
3098 13 0.9 56 1 62 0.3 89 0.3 90 0.3 91 0.3 
3295 4 0.9 26 0.6 29 0 37 1 45 0.6 48 0.4 54 0.7 72 0 83 0.3 
3563 17 0.3 28 0.8 40 0 86 0.4 87 1 
3732 12 0.5 13 0.7 58 0 60 0.3 75 0.4 82 0 85 0.6 96 0.4 
3749 36 0.4 57 1 91 0 
3752 66 0.3 81 0 87 0.4 91 0 
3982 24 0.8 61 0.3 74 0.7 75 0.4 
4099 14 0.3 16 0 33 0.4 34 0.3 38 0.9 62 1 63 0.7 69 0 89 1 
4153 14 0.6 36 0 38 0 43 0.8 51 0.7 78 0 
4154 45 0.4 52 0.5 96 0.9 
4195 5 0 6 0.4 84 0.8 
4212 15 0.7 22 0.4 23 0.5 24 0.3 25 0 40 0.3 46 0.3 56 0.7 74 0.5 96 0.8 
4216 2 0 49 0.4 50 1 59 0 61 0.8 78 0.7 80 0.8 86 0 93 0.4 
4249 54 0 66 0 
4281 0 0.7 3 0 7 1 22 0.7 36 0 44 0 88 0.3 
4515 9 0.7 32 0 77 0 78 0.3 
4609 45 0.7 
4711 4 0.4 8 0 13 0.8 
4735 41 1 97 0 
4791 31 0 33 0.7 52 0 66 1 67 0.9 
5146 18 1 37 0.7 40 0 41 0.3 61 0.9 
5228 0 0.4 17 0.5 25 0.5 40 0.6 45 0.8 77 0.6 92 0.8 
5615 27 0.7 30 0.6 36 0 44 0.7 56 0.4 69 0.9 70 0 96 0.3 99 0.8 
5674 8 1 29 0.5 34 0.5 48 0.4 61 0 67 0.7 77 0.9 
5701 25 0.9 33 0 48 0 56 0 
5736 4 1 28 0 39 0.5 57 0.3 70 0.6 84 0.4 87 0.5 96 0.5 
5745 6 0 10 0.7 11 0.6 14 0 19 0.3 39 0.7 51 0 68 0.8 69 1 80 0 
6100 2 0.5 9 0.6 37 0.5 45 0 50 0.6 56 0.3 60 0.5 90 1 
6138 29 0 38 0 42 0.5 54 0 78 0.6 84 0 88 0.7 96 1 
6271 15 0 41 0.8 43 0.8 54 0.6 55 0.8 58 0 74 0.9 75 0.7 92 0 93 0.9 
6279 60 0.9 80 0 
6398 6 0.6 8 0 13 0.3 15 0.8 19 0.6 30 0.3 67 0.3 82 0.5 88 0.6 94 0.7 
6484 23 0.9 31 0.3 39 0.4 50 1 81 0.5 88 1 
6603 5 0 8 0 11 0.8 31 0.8 42 0 54 0.9 65 0.5 74 0.3 
6735 23 0 33 0.4 48 1 54 0.9 57 0 59 0.3 85 0.5 88 0 
6800 50 0 59 0 60 0.5 62 0.4 96 0.6 
6880 39 0.6 57 0 66 0 76 0 94 0.9 
7440 1 0.6 
7657 6 0.7 42 0 43 0.9 45 0.4 53 0.3 57 0.6 60 0.3 67 0.3 84 0.7 
7686 31 0.7 
7782 1 0.3 4 0.8 32 0.5 51 1 52 0.7 80 0.6 96 0.3 97 0.8 
7791 2 1 7 0.3 17 0.4 25 0.9 37 0.8 44 0.9 72 0.7 83 1 87 0.4 92 0 
7834 63 0 98 0 
7885 5 1 9 0.5 10 0.7 39 0 52 0.5 
8019 4 0.8 13 0.3 15 1 25 0 44 0.3 46 0.6 51 0.8 82 0.9 
8053 2 0.5 15 0 62 0.3 
8139 7 0.5 23 0 34 0.5 63 0 90 0.7 95 0.4 
8178 31 0.3 39 0.3 62 1 65 0.4 69 0.5 
8351 22 0.5 51 0.6 80 0.5 87 0.8 89 0.7 
8550 7 0.8 17 0.8 23 0.5 36 0 55 0.9 60 0 73 0 74 0.5 92 0.7 
8829 23 0.8 37 0.5 45 0 78 1 85 0.6 96 0 
8860 80 1 
8915 15 0 17 0.5 30 0.4 41 0.8 54 0.6 80 0.9 
8917 6 0.5 10 0 51 0.8 82 0.6 83 0.4 87 0 
8987 17 0 31 0.6 50 0.4 67 0.7 90 0.9 
9213 14 1 15 0 32 0 62 0.4 73 0 78 0.7 
9229 7 0.6 12 0 47 0 55 0.6 68 0.5 77 0 80 1 96 0.3 
9237 3 0.6 5 0.9 11 0 13 0.7 29 0.5 34 0.5 63 0.7 83 0.7 92 0 97 0.3 
9316 3 0 5 0.7 9 0.9 10 1 29 0.5 55 0 67 0.3 82 0 99 0 
9339 62 0 
9403 8 0.8 14 1 25 0.3 35 0.4 67 0.3 68 0 76 0.7 
9496 26 0 32 0.6 36 0.3 55 0.6 63 0 64 0.3 66 0.3 
9517 47 0.5 88 0.7 
9526 17 0 29 0 31 0.7 83 0.6 87 0.4 95 0.4 98 0.5 
9548 11 0 75 0.3 
9673 8 0 20 0 49 0.3 61 0.8 65 0.5 84 0.8 
