100
75 5 0.4 10 0.7 11 1 17 0 26 0.5 42 0.9 72 0 
148 39 0 
150 10 0.9 16 0.6 31 0.3 38 0.5 55 0 78 1 
209 2 0 23 1 27 1 57 0.5 
453 15 0.7 64 0.9 87 0 99 0 
638 6 0.7 27 0.6 52 0.9 54 0 81 1 84 0 
654 7 0.4 10 1 46 0.5 47 0.5 55 1 77 1 84 1 88 0.7 94 0 
711 3 1 19 0 31 1 51 0.6 56 0.9 71 0.7 72 0 76 0.3 85 0.8 93 0.4 
935 1 0.5 11 0 28 0.4 59 1 64 0.4 77 0 
990 18 0.7 28 0 39 0 45 0 77 0.8 88 0.5 
1270 32 0.5 37 0 55 0.7 86 1 96 0 
1292 27 1 42 0.9 57 0.5 62 0 82 0.8 
1363 21 0.8 77 0 
1474 9 0.4 29 1 
1614 32 0.7 37 0 43 0.5 65 0.6 84 0 86 0.7 92 0.6 
1620 97 0.9 
1700 14 0.7 50 0.5 52 0.9 58 0.7 75 1 76 0.7 81 0.5 92 0.7 97 0 
1748 1 0 11 0 12 0.4 30 0 50 0.5 51 0.8 67 0 76 0 84 0.9 88 0.3 
1877 13 0.6 34 0.7 52 0.7 
1900 6 0 15 0.7 29 0.5 37 0.3 47 0.8 62 0.7 72 0 76 0.7 79 0.4 89 0 
1934 6 0.5 99 0.7 
1977 17 0.9 88 0 
1989 31 0 46 0.7 50 0.9 
1999 61 0.9 
2150 47 0 
2184 11 0.9 28 0 80 0.8 
2341 12 0.7 62 0 70 0 91 0 
2425 68 0 93 0 
2743 0 0.9 10 0 15 1 17 0.5 27 0.6 33 0 40 0 56 0.4 83 0.4 98 0.4 
2864 17 0 
2869 28 1 56 0 69 0.9 80 0.3 93 0.9 
2877 1 0.3 46 1 73 0.8 79 0.4 90 0.6 
3230 25 0.8 59 0.7 82 0.6 
3247 6 0.5 30 0 44 0.4 56 0 
3420 1 0 14 0.7 53 0.5 
3478 3 0 5 0.5 16 0 39 1 47 0.8 48 0.7 57 0.6 60 0.9 66 0 78 1 
3526 17 0.7 21 0 31 0 58 1 70 0.6 74 0.9 80 0 88 1 99 0 
3690 21 0.4 30 1 95 0.4 
3795 13 0 41 1 67 0 
3846 2 0.5 33 0.8 46 0 54 0.9 55 0.6 57 1 92 0.3 95 0.8 
4074 13 0.3 30 0 33 0.4 39 0.3 
4095 5 0.9 35 0.9 38 0.9 50 0.5 51 0.9 60 0.7 77 0 86 0 87 0 
4114 33 0.5 39 0.6 46 1 56 0 
4180 32 0.5 37 0.8 44 0.9 66 0.6 67 0.4 69 0.5 77 0.7 81 0.6 91 0.3 95 0.5 
4327 0 0.5 14 0 15 0.6 62 0.6 71 0.3 77 0.3 87 0.4 97 0.4 
4384 0 0.3 26 0.3 40 0 94 0 
4788 24 0 45 1 58 0 
4818 17 0.4 23 0 33 0 38 0.8 67 0.6 80 0.4 88 0.4 
4878 2 0.4 3 1 7 0.9 23 0 33 0.7 34 0.4 50 0.7 58 1 78 0.7 97 0.4 
4909 18 0 20 0.5 27 0.4 34 0.5 
5040 92 0 
5068 6 0.5 18 0 46 0.5 48 0.3 55 0.8 67 0.4 82 0.6 92 0.3 97 0 98 0.3 
5071 10 0.7 29 0 86 0.6 
5141 7 0 18 0 70 0.8 73 0 86 0.3 97 0.9 
5648 12 0.7 17 0.5 23 0.9 44 0 48 0 65 1 82 0.8 88 0 90 0 
5912 50 0.3 53 0.5 67 0.6 
6053 29 0 37 0.4 42 1 60 0 87 0.7 90 0.8 91 0.9 92 1 
6063 9 0 17 1 30 0.3 45 0.3 68 0.5 69 1 82 0.6 99 0 
6286 5 0 76 0.9 93 1 95 0.9 96 0.9 
6394 9 1 21 0.6 25 1 30 0.7 34 1 84 1 
6397 4 0.9 59 0 90 0.8 
6450 1 0 28 0.9 94 0.7 
6662 21 0 35 1 36 0 
6695 81 1 
6698 2 0.9 16 0 20 1 36 0.3 38 0.5 61 0 64 0.6 80 0.7 81 1 98 1 
6718 41 0.3 
6975 16 0.8 35 0.8 52 0 67 0.5 98 0.9 
7064 74 0 
7419 10 0.3 13 0 62 0 77 0.5 80 0.3 81 1 
7423 6 0.9 8 0.5 28 0 36 0 42 0.9 81 0 
7431 23 0 56 0 59 0 69 0.9 71 0.7 
7716 9 0.7 31 0.6 32 0.9 66 0.3 78 0.5 86 0 89 0.4 95 0.6 99 0.3 
7803 7 0.5 55 0.3 69 0 88 0.4 90 0.6 95 0 96 1 
8053 2 1 15 0.5 62 0 
8306 1 1 8 0 10 0.9 21 1 60 0.8 62 0.4 67 0.7 77 0.9 99 0.7 
8359 19 0.7 27 0.7 28 0.8 35 0.4 56 0.9 64 0.5 74 0.3 90 1 
8451 3 0 7 1 22 0 27 0.3 38 0.6 39 0.7 43 0 69 0.9 75 0 
8477 1 0.3 5 0.4 6 0.3 53 0 84 0 98 0.7 
8502 47 0.6 54 0.6 56 0.5 62 0 69 0.3 76 0 87 0 91 0 
8522 1 0.4 31 0.4 33 0.9 72 0.3 96 0.9 
8776 38 0 55 1 64 0 66 0.3 
8995 11 0.8 17 0.4 25 0.3 30 0.3 59 0.8 62 0 68 0.6 90 0.3 
9061 4 0 12 0.6 13 1 20 0.8 88 0.7 
9074 56 0.6 67 1 
9161 22 0.4 26 0.8 57 0.5 69 0 77 0.7 79 0 86 0.4 87 0 90 1 
9165 10 0 37 1 56 0.8 
9171 3 0.8 6 1 87 0.3 
9246 6 0 7 1 50 0.6 58 0.7 61 0.8 84 0.8 85 0.5 95 1 
9275 6 0.7 49 0 53 0.4 68 0.8 
9381 10 0 23 0.9 32 0 54 0.7 61 0.6 74 0.5 79 0 85 0 99 0.8 
9393 27 0.4 78 0.4 81 0.4 98 0 
9596 21 0.8 24 0.5 72 0 92 0 
9598 60 0.4 76 0.6 79 0.5 98 0.5 99 0.3 
9655 6 0.6 26 0 30 0.8 62 0.3 93 0 95 0 
9661 40 0.3 62 0.3 83 0 90 0.6 94 0.5 
9698 4 0 8 0.9 17 0 20 0.9 40 0.8 55 0 60 0.9 73 0 75 0 
9900 2 0 3 0 26 0 34 1 56 1 70 0.5 74 0.7 83 0.9 94 0 95 0.7 
9952 6 0 19 0.7 28 0 30 0.8 43 0.6 61 0.6 79 0.5 
9963 26 0.6 76 0 88 0 
9982 23 0.9 39 0 69 0.5 88 0.4 91 0 93 0 94 0.7 
