100
29 33 0.6 48 1 
100 17 0.9 
118 3 0.7 68 1 
203 8 0.3 18 0.6 25 0.6 
260 4 0.3 13 0.7 16 0.7 21 0.5 28 0.4 47 0.7 51 0.3 89 0 91 0.8 92 1 
448 18 0.9 20 0 23 0.3 33 0 40 0.7 67 0.5 82 0.8 
493 1 0.6 27 0.6 89 0.7 
574 7 0.5 20 0.6 62 0 92 0.4 
674 91 0.3 
720 0 0 2 0 6 0.7 38 1 50 0.3 71 0 93 0.7 99 0.7 
773 20 1 51 0 78 0.7 91 0.9 
795 64 0.8 
947 2 0.3 17 0.5 40 0.3 44 0.6 66 0 69 0 70 1 74 0.4 79 0.4 
972 8 0 12 0.3 24 0.6 37 0.7 47 0.7 48 0.5 61 0.5 83 0.9 84 0 85 0.3 
1125 11 0.7 35 0.3 47 0.4 77 0 82 0 
1193 4 0.3 6 0.6 18 0 75 0.7 88 0 89 0.7 97 1 99 0.7 
1258 30 0.3 36 0.5 54 0 59 0.9 75 0.9 79 0 82 0.9 87 0 
1477 30 0.4 41 0.6 43 0.8 52 0.3 57 0 
1503 49 0.4 66 0.9 98 0.3 
1504 58 0.8 60 0.6 81 0 94 0 
1565 26 0.8 54 0 61 0.5 
1579 0 0.5 2 0.7 4 0.4 46 0.7 
1900 6 0.6 15 0 29 0.9 37 0.9 47 0.7 62 0 72 0.8 76 0.5 79 0.3 89 0.8 
2179 23 0.7 28 0 38 0.6 86 0 
2325 19 0.4 26 1 38 0 60 0.8 72 0.9 80 0.7 83 0.8 88 0.8 96 0 
2332 66 0.8 85 0.7 
2380 0 0.6 9 0 21 0.5 34 0.8 53 0.9 68 0.7 85 0.8 89 0.7 90 0.8 
2517 11 0.3 25 0.7 32 0.9 37 0 63 0.7 84 0 
2587 16 0 52 0.7 59 0 
2737 64 0.6 69 0.4 95 0.7 
2753 13 0.3 20 0.7 35 0.9 47 0.7 52 0.5 56 0.8 59 0.5 61 0 78 0.9 84 0.5 
2757 2 0 3 0.8 22 0.3 49 0.5 75 0 
2793 19 0 56 0.5 
2797 14 0.9 79 0.5 
2884 14 0.4 48 0.6 49 0.8 57 0 68 0.6 72 0 85 0.6 94 0.6 95 1 
2963 18 1 21 0.3 26 0.4 39 0.3 52 0.7 72 0.4 
2988 84 0.7 
3161 15 0.4 37 0.8 46 0.6 56 0.6 63 0 81 0.9 97 0.6 
3260 2 0.4 5 0.4 16 0.9 23 0.5 27 0 42 0 54 0.9 60 0 94 0.7 
3358 5 0.5 13 0 14 0.6 48 0 61 0.7 63 0.9 89 1 96 0.4 
3412 41 0 73 1 79 0.3 
3437 5 0.5 14 0 32 1 35 0.4 38 0 49 0.5 72 0 79 0 
3517 32 0.4 38 0.5 44 0 48 0.7 69 0 94 0.5 
3571 9 0.5 46 0 61 0.6 64 0.7 70 0 79 0 89 0.6 
3749 36 0.3 57 0.4 91 0 
3824 15 0.9 27 0 35 1 66 0.6 77 0.9 84 0 85 0.6 91 0.9 
3894 11 0.9 16 0 18 0.6 37 0.5 44 0.6 73 0 84 0.3 92 0.5 93 1 97 0.3 
3943 30 0 35 0.7 91 0.6 
3993 12 0 22 0 26 0 27 0.6 53 0.6 67 0.3 89 0.6 90 0.4 
4052 23 0.5 45 0 49 0 53 0.4 74 0.6 
4178 20 0 47 0.7 70 0 
4235 12 0.8 20 1 37 0.8 42 1 48 0.3 56 1 66 0 74 0.6 84 0.9 99 0.9 
4321 19 0.3 33 0.3 67 0.7 73 1 
4322 13 0.5 19 0.5 23 0 28 0.5 36 0.3 39 0.6 
4427 15 0 16 1 20 0.6 22 0 27 0 34 0 77 1 86 0.3 
4780 36 0.5 40 0 61 0 68 0 91 1 94 0.5 
4791 31 0.4 33 0.9 52 0 66 0 67 1 
4952 39 0.4 56 0.8 63 0.9 75 0.7 84 1 
5348 15 0.3 28 1 45 0.7 49 0.7 50 0.6 72 0.5 81 0.8 
5490 13 0.4 34 0.4 35 0.3 49 0.3 50 0.9 56 0.5 57 0 
5527 60 1 72 0.8 
5742 34 0.4 46 0 65 0.8 80 0 97 1 
6315 1 0.9 2 0 7 0.5 57 0 62 0 76 0 82 0.9 88 0.3 92 0.9 
6359 22 0.9 35 0.7 40 0 44 0.9 52 0.3 53 0.6 65 0 93 0.4 95 0 
6395 6 0 17 0.7 28 0 31 0 36 0 38 0 49 0 68 0 80 0.6 81 0.9 
6447 36 0.6 72 0.7 75 0 88 0 
6586 54 0.6 62 1 
6826 27 0.9 30 0.6 37 0.3 39 0.9 70 0.3 83 0.7 99 1 
6933 11 0.7 42 0.7 51 0.7 
7110 6 0 13 0.4 38 0.7 45 0 46 0 58 0.6 96 0.7 
7246 41 0.3 48 0.5 55 0.6 61 0.7 
7249 27 1 55 0.3 56 0.9 70 0.8 86 0 91 0 95 0 
7253 22 0.3 70 0.9 91 0.4 
7292 9 0.6 17 0.6 20 0 43 0.3 55 0 58 0 73 0 75 0.4 80 0.4 93 0.5 
7466 40 0.9 
7736 2 0.5 83 0.9 91 0 97 1 
7968 14 0 28 0.4 32 0.4 41 0.3 46 0.8 49 0.7 84 0.8 
8016 25 0.3 85 0.7 
8042 17 0.7 20 0 47 0 52 0.4 62 0.6 69 0.7 72 0.5 89 0.8 
8211 11 0.3 12 0 26 0 27 0.6 41 1 70 0 75 0.9 92 0 
8364 11 0.4 19 0 37 1 59 0.7 88 0.7 
8381 63 0.8 
8515 19 0.6 
8586 39 0.4 86 0 
8768 12 0.9 54 0 55 0.4 71 0.6 
8783 13 0.9 24 0.4 43 0.3 
8937 21 0.8 46 0.7 55 0.5 80 0 85 1 96 0.7 
9104 5 0.3 14 0 32 0.3 48 0 90 0 
9132 25 0.8 33 0.4 39 0.6 46 1 61 0.7 70 0.7 80 0.3 86 0.9 
9180 8 0.9 14 0.4 20 0.9 21 0.8 26 0.8 31 0.5 34 0 93 0 95 0.5 
9378 5 0 37 0.9 
9473 46 0.4 49 0.8 52 0.6 72 0.4 90 0 
9583 7 0.9 13 0 36 0 42 0.7 47 0.9 56 0.4 66 0.4 95 0 
9707 14 0 36 1 
9719 48 0 83 0.7 
9729 25 0.3 38 0.6 58 0 59 0 68 0.6 69 0.5 76 0 80 0.3 
9738 27 0.4 46 0.4 94 0.9 
9771 10 0.5 69 0.8 77 0.6 85 1 89 0.3 98 0.4 
9846 17 0.9 21 0 24 0 36 0.3 80 0.3 85 0.5 
9966 42 0.6 46 0.4 48 0 65 0.3 72 0.7 88 0 89 0 94 0.3 
