100
44 5 0.8 14 0.7 29 0 76 0.7 85 0.6 91 0 98 0 
204 82 0 96 0 
214 17 0.3 77 0.3 94 0.8 
343 6 0.9 20 0.7 44 0.7 74 0 88 1 89 0.3 
418 7 0.8 19 0 25 0.9 38 0 42 0 48 0.3 52 0.9 67 1 79 0 85 0.5 
619 17 0.6 49 0.9 56 0.7 65 1 96 0.8 
643 21 0 79 0.7 
692 70 0.5 72 0.6 73 0 80 0 85 0.7 89 0 96 0 99 0.3 
730 11 0.4 24 0.3 32 0.6 51 0.4 58 1 77 0.8 79 0.4 93 0.5 96 0.9 
741 26 0 34 0 39 0.3 69 0 96 0 
768 14 0.3 16 0.5 33 0.5 34 0.9 38 0.5 74 0.7 79 0.6 
783 44 0.3 47 0.7 
784 0 0 4 0.8 6 0.6 7 1 23 0.7 24 1 46 0 87 0.5 
789 55 0.6 
823 94 0.6 
872 0 0.4 3 1 22 0 48 0.3 60 0.7 72 0 86 0.8 88 0.8 93 0.6 
975 1 0.9 
1003 3 0.7 10 1 11 0 38 0 52 0 66 0 79 0 90 0.4 95 0 
1080 6 0.7 10 0.4 15 0 61 0.9 72 0.7 
1132 22 0 31 0.7 88 0.8 96 0.7 
1175 0 0.9 9 0 14 0.9 18 0.4 30 0.6 51 0 80 0.5 82 0 
1219 50 0.4 86 0.8 
1258 30 0.9 36 0.8 54 0.5 59 0 75 0 79 0 82 0.6 87 0.8 
1322 36 0 37 1 41 0.7 49 0.7 56 0 58 0.9 60 1 
1339 17 0.8 52 0.7 
1496 0 0 17 0 23 0.4 29 0.4 
1724 12 0.6 37 0.5 41 0.3 68 0 71 0 
1926 13 0.7 38 0.4 40 0 53 0.8 82 0.6 95 0 
2134 26 0.4 44 0.3 55 0.4 79 0.5 89 0 
2166 0 0.6 23 0.7 42 0 45 0 90 0 92 1 
2223 28 1 29 0 34 0 50 0.4 53 0.8 68 0.3 95 0.7 98 0.6 
2231 16 0.7 27 0.8 35 0 
2319 23 0.6 85 0.8 87 0 
2342 10 0.5 19 0.8 24 0 35 0.7 58 1 63 0.9 89 0 
2636 11 0.7 62 0.6 63 1 69 0.5 76 0 84 0 
2638 22 0.4 72 1 80 1 
2643 5 0.5 14 1 49 0 82 0.5 94 0 98 0 
2935 16 0.5 37 0.5 47 0.7 66 0 71 0.4 92 1 97 0.3 
3028 73 0.6 85 0.5 
3095 41 0 
3107 5 0.9 6 0 10 0.8 11 0 31 0.6 46 0.6 69 0.7 78 0.5 91 0.6 92 0.6 
3125 39 0.4 51 0 56 1 59 0.9 61 0.7 64 0 70 0.7 78 0.6 90 0.9 
3153 34 0.3 39 0.3 61 0.8 66 0.6 76 0 82 0 
3157 11 0.8 13 1 65 0.4 71 1 93 0 
3175 11 0 21 0.4 26 0.6 30 0 52 0.3 61 0.6 70 0.7 83 0 
3433 87 0.8 
3452 25 0.3 
3570 18 0.9 21 0.8 42 1 43 0 49 0.6 69 0.9 81 0.9 84 0 
3717 42 0 43 0.5 58 0 66 0.3 68 1 71 0 77 0.8 
3727 18 0 43 1 51 0.5 59 0 73 0.5 99 0.5 
4044 3 0 15 0.9 18 0 27 0.9 76 0.5 82 0 83 1 88 0.7 94 0 
4203 11 0.9 15 0 18 1 19 0.3 40 0.7 46 0.5 57 0.3 64 1 69 0.3 77 0.7 
4246 7 0.6 12 0.4 63 0.4 80 0 87 1 88 0 96 0.5 
4405 14 1 54 0.4 82 0 96 0 
4744 57 0.7 65 0.3 66 0.7 
4931 4 0 10 0.6 20 0.9 42 0.9 45 0.5 56 0.4 71 0 72 0.9 74 0 78 0.9 
5390 6 0.8 12 0.5 21 0.3 29 1 63 0.6 67 0.7 76 0 83 0.3 87 0.3 96 0.9 
5397 2 0.7 19 0.4 23 0 57 0 77 0 81 0.3 88 0.9 95 0 
5486 13 0.3 20 0.7 41 0 71 0.9 92 0 
5546 11 0.3 26 0 34 0 60 0.4 61 0 68 0.6 
5576 9 1 20 0 48 0.3 49 0.3 55 0.9 60 0 65 0 
5747 21 0.8 25 0.4 
6111 13 0.5 19 0.6 23 0.3 55 0.9 61 0 74 1 
6213 0 0.5 33 0 
6516 4 0.5 
6722 3 0.8 5 0 25 0 38 0.3 41 0 46 0.8 76 0.4 77 0 
6743 27 0.9 40 1 42 0.5 49 0 79 0.7 89 0 90 1 
6752 88 0.4 90 0.7 
6837 8 0.9 35 0.4 58 1 74 0.9 
6862 19 0.7 46 0 75 0 90 0.7 94 0 
6891 25 0.8 39 0.8 45 0.6 47 0.4 56 1 82 0.8 
7138 63 0.5 
7161 8 0.9 15 0.5 17 0.3 20 0.9 21 0.5 49 0.9 69 0 
7217 14 0.8 
7250 38 0 43 0.5 49 0.7 86 0.4 
7465 0 1 53 0.4 99 0 
7556 0 0 7 1 15 0.3 23 0.8 73 0.8 79 0.4 88 0 96 0 
7563 2 0.3 4 0.3 22 0.3 34 0 35 0.5 76 0.7 84 0 93 0.6 97 0 
7587 4 0.6 44 0.3 64 0 70 0.6 
7679 20 0.5 23 0.7 27 0.4 36 1 39 0.9 57 1 96 0 
7701 20 0.7 33 0.4 69 0.5 77 0.5 96 0.7 99 0 
7786 3 0 6 0.7 12 1 19 1 42 0 49 0.3 70 0.7 71 0 85 0.7 
7795 11 0.6 36 0.5 38 0.7 40 0.5 69 0 82 0.3 92 0 96 0.9 98 0.8 
8249 12 0.5 31 0.7 54 0 57 0 58 0 67 0.8 
8275 92 0 
8471 11 0.7 
8570 3 0 35 0 39 0.4 78 0.3 89 0 91 0.7 94 0 
8576 51 0.3 
8647 56 0.4 
8977 16 0 46 1 47 0.6 55 0.8 59 0 64 0 76 1 78 0.9 94 0.7 
9013 11 0.5 27 0 30 0.4 31 0.3 58 0.6 77 0 
9059 4 0.5 62 0.4 70 0.4 
9105 13 0.7 16 0 37 0.7 43 0.8 48 0 54 0.9 68 0 84 0 96 0.4 
9316 3 0.6 5 0.6 9 0 10 0.9 29 0 55 0 67 0 82 0.8 99 1 
9319 3 0.3 9 0.3 18 0.4 29 1 48 0.7 68 0.6 70 0.4 83 0.3 85 0.8 86 0.7 
9426 38 0 71 0.9 82 0 98 0.4 
9500 9 0.6 15 0.3 62 0.3 
9554 83 0.7 
9626 8 0.6 9 0.3 14 0.5 29 0.3 32 0.9 38 0.7 40 1 51 1 66 1 71 0.5 
9660 5 0 12 0.8 18 0.6 38 0 99 0.7 
