100
15 4 0 9 0.5 16 1 26 0.8 34 0.8 40 0.6 60 0.9 
125 24 0.9 27 0.5 48 0.7 53 1 94 0 
269 6 0.8 10 0 21 0.8 31 0.4 33 0 44 0 57 0.5 84 0.9 91 0.4 96 0 
288 34 0.4 35 0.3 38 0.8 58 0.3 67 0 71 0.5 
414 1 0.8 16 0 25 1 68 0 89 0.6 
489 18 0.6 75 1 78 0 
493 1 0.5 27 0.9 89 1 
520 15 0.9 35 0 50 0.9 
586 0 0 1 0.3 18 0.6 30 0.6 37 1 93 0.7 
638 6 0.8 27 0.6 52 0.4 54 0 81 0.3 84 0.3 
800 24 0.3 25 0.9 35 0 62 0 69 0.9 92 0.9 
902 17 0.4 22 0.8 30 0.7 52 0 54 0.9 79 0.3 
1013 25 0.4 37 0.7 56 0.4 60 0.5 93 0.3 96 0.7 
1112 6 0 65 0.6 66 0.6 
1177 28 0.4 33 0.3 42 0.7 84 0.8 85 0 87 0.3 
1254 2 0.3 47 0.6 48 0.7 49 0.4 61 0.8 92 0.6 
1535 4 0.6 41 0 47 0.4 63 0 65 0 70 0.9 75 0.9 
1592 67 0.9 
1636 0 0 32 0.6 94 0 
1649 1 0.8 45 0.4 99 1 
1686 26 0.3 46 0.7 47 0 87 0.9 
1718 34 1 37 0 38 0.9 41 1 48 0.4 54 0 56 0.4 68 0 71 1 85 0.5 
1793 8 0.8 24 0.3 48 0.8 55 0.7 60 0.6 64 0.5 71 0 77 0.6 78 0.3 
1817 16 0.6 17 1 25 0 45 0.6 52 0.6 77 0.4 90 0.4 
1970 42 0.9 58 0.8 66 0.5 75 0.3 
2069 25 0.7 34 0.4 55 0 60 0.3 72 0.6 73 0 
2230 3 0 56 0.3 99 0.4 
2264 42 0.3 
2311 13 0 16 0.5 17 0 19 0 22 0.3 73 0.5 77 0 81 0.7 86 0.5 95 0.6 
2341 12 0 62 0.3 70 0 91 1 
2348 12 0.5 53 0 62 0.8 93 0.6 
2403 16 0 
2437 6 0.4 12 0.5 57 0.6 84 0.5 93 0 
2755 12 0.4 17 0.5 24 0.9 45 0 48 0.7 66 1 69 0.8 80 0.7 90 0 97 0.6 
2757 2 0.5 3 0.4 22 0 49 0 75 0 
2804 7 0.4 19 0.6 72 0 76 0.6 
2907 5 0.8 25 0.5 32 1 45 0 53 0.9 64 0.8 76 0.3 96 0 
3012 1 1 9 1 10 0.6 46 0.5 74 0.6 87 0.4 96 0.4 
3013 25 0.5 44 0.9 53 0.5 63 0 86 0.4 97 0.7 98 0.6 
3034 9 1 14 0.3 16 0.8 57 0 87 0.3 95 0.9 
3114 36 0.9 48 1 49 0.6 56 0.3 81 0.8 
3342 95 0.6 
3615 14 0.5 17 0.9 26 0 27 0.8 36 0.5 68 0.5 
3684 38 1 
3852 17 0.7 26 0.5 29 0.7 69 0 81 0.3 92 0.6 95 0.8 
4107 48 0 77 0.8 
4154 45 0 52 0.8 96 0 
4273 1 0.3 77 0.3 86 1 89 0 92 0.8 
4355 7 0.9 32 0.3 47 0.7 49 0.3 55 0.7 70 0.3 75 0.3 86 0 
4659 19 0.3 48 0.7 55 0 60 0.6 63 1 64 1 67 0.7 68 0.7 
4748 9 0.8 10 0.3 17 0.8 21 0.6 29 0.4 53 0.6 67 1 69 0.8 77 0.6 84 0.7 
4749 3 0.9 9 0.6 33 0.3 34 0 40 0.9 55 0.5 66 0 78 0.4 90 0.7 96 0.4 
4890 5 0 29 1 46 0.6 55 0.5 
4916 23 0.8 42 0.8 43 0.4 57 0 58 0 63 0.4 64 0 93 0.3 
5196 10 0.5 59 0.3 
5496 28 1 71 0 
5623 20 0.9 47 1 91 0 
5669 3 1 5 1 25 0.6 33 0.6 41 0.6 50 0.6 53 0.3 75 0 76 0.7 99 0.3 
5689 11 0.3 23 0.6 38 0.6 47 0.8 
5768 7 0.3 30 0.4 42 0 44 0.4 50 0 
5788 11 0 24 0.9 34 0.8 40 0.3 43 0.3 58 0 76 0.8 84 0.5 86 0.6 97 1 
5795 16 0 31 0.6 68 0 69 0.9 85 0 
5880 6 0 35 0.3 48 0 50 0 97 0.9 
5945 42 0.7 51 1 71 0.9 78 0.8 
5999 10 0.3 47 0 60 0.8 80 0.7 
6055 21 0.5 23 0.5 38 0.9 45 0 46 0 58 0.8 66 0.9 73 0.5 76 0.6 88 0.7 
6256 7 0.4 14 0 18 0.7 53 1 55 0 61 0.9 71 0.7 72 0.6 80 0.8 89 0 
6337 9 0 26 0.5 32 0.8 36 0 43 1 66 0 70 0.8 81 0.9 99 0.8 
6456 47 0.5 
6493 1 0.6 58 0 61 0.7 72 0.7 75 0.8 77 0.7 89 0.7 95 0.9 99 0.6 
6507 63 0.6 78 0.5 
6552 80 1 88 0 98 0.8 
6715 6 0 13 0 22 0.3 41 0 45 0.3 46 0 47 0.6 57 0.7 79 0.5 93 0 
6896 46 0 
6965 64 0.4 
7054 26 0.5 39 0 43 0.8 44 0.4 51 0 53 0.6 55 0.4 61 1 78 0.7 91 0.7 
7097 51 0.3 69 0.7 87 0.8 99 0.7 
7118 23 1 32 0 41 0 76 0 77 0.3 78 0.5 87 0 
7128 1 0.5 3 0.6 5 0.6 11 0.6 19 0.8 26 0.3 54 0.6 58 0.4 73 0 74 0 
7252 7 0 35 0 44 0.5 46 0.7 53 0.4 78 0.5 87 0.5 94 1 
7451 6 0.8 16 0.9 41 0.3 52 0.8 59 0 80 0 88 0.6 
7540 5 0.7 30 0.7 42 0.3 44 0.7 65 0.7 71 0 79 0 94 0.5 
7717 21 0 71 0.9 
7749 47 0.8 50 0 54 0 87 0 
7967 4 0 66 0.8 70 0.3 
7978 32 0.7 50 0.9 55 0.4 66 0.9 72 0.4 79 0 95 0 
8055 76 0 91 0 
8098 22 0 50 0.7 57 0 74 0 88 0.4 98 0.6 
8317 23 0.6 31 0.9 41 0.5 44 0 48 1 56 0.5 76 0.9 
8358 5 0.7 32 0 64 0.9 80 0 
8360 14 0 20 0 26 1 31 0.3 33 0.7 36 0.7 64 0 82 0.4 
8493 29 0.7 35 0 37 0.5 63 0.3 72 0.5 
8544 22 0.9 43 0.8 47 0.7 58 0.4 64 0.3 88 0.3 
8666 1 0 3 0.3 19 0 57 0 60 0.7 73 0 74 0.8 95 0.3 98 0 
8782 39 0.9 47 0.8 76 0 82 0.3 90 0.4 94 0.5 99 0 
8874 10 0.4 
9251 1 1 15 0.5 17 1 50 1 55 0.3 62 0 64 0.3 65 0.6 97 0.7 99 0.3 
9356 3 0.9 35 0.9 39 0.9 54 0.9 88 0.9 89 0.9 
9427 11 0.4 29 0.4 47 0 51 0.3 57 0.9 79 0.6 94 0.4 
9741 6 0.3 30 0 33 0 36 0.8 40 1 
