100
4 2 0.3 7 0.8 18 0 22 1 30 0.4 36 0.8 57 0.5 68 0.5 
22 24 1 41 0 55 1 64 0.5 66 0.9 
192 16 0.8 29 0.6 35 0.5 46 0.7 73 0.3 93 0.8 
279 22 0.3 27 0 37 0 62 0 67 0.6 73 0.8 
293 1 0.4 16 0.4 41 0.5 47 0.4 59 0 81 0.5 91 0.9 93 0.5 95 0.8 
381 16 1 26 0.9 45 0.4 79 0 83 0.6 86 0.6 91 0.4 96 0 
396 7 0 26 0.9 46 0.9 51 0 56 0.3 58 0.6 63 0 64 0.5 92 0 
438 30 0.3 66 0.8 85 0 91 0 
680 30 0 44 0.6 51 0.6 53 0.4 57 0.3 72 0.9 
750 6 0.4 28 0.9 40 0 64 0 90 0.7 94 0 
884 76 0.8 99 0 
896 3 0 8 0.4 16 0.8 54 0.6 62 0.5 73 0.3 82 0.5 86 0.6 87 0 89 0 
988 16 0.5 21 0.7 48 0.9 54 0.4 74 0.9 84 0 
1050 4 0.5 9 0 20 0.3 52 0.5 54 0.6 85 0.8 
1121 0 0 21 0.8 70 0.9 74 0 
1157 3 0.5 5 0.4 14 0 18 0 24 1 38 0 60 0.6 85 0.7 86 0 95 0.6 
1299 60 0.3 
1327 18 0.8 22 1 33 0 49 0.9 53 1 76 0 78 0.6 93 1 
1513 4 0 35 0.8 43 0.6 46 0 76 0.9 88 0.9 
1516 19 0 36 0 92 0.9 
1723 30 0.9 31 0 53 0.7 81 0.5 85 0.5 
1788 6 1 21 0.6 23 0.6 34 0.7 52 0.3 73 0.5 76 1 77 0 83 0.9 
1806 0 0 16 1 24 0.9 39 0 55 0.9 83 0 
1848 10 0.5 13 0 31 0.6 42 0.9 45 0 54 0.4 55 0.6 76 0.8 96 0.6 
1949 4 0.9 31 0.9 49 0.8 64 0 77 0.8 89 0 96 0 98 0.6 
1964 32 0.5 33 0.4 39 0.8 70 0.6 75 0.7 81 0.4 84 0.9 
2033 85 0.4 
2075 11 0 14 0.5 16 0.3 24 0 58 0.4 72 0.9 82 0.7 90 0 
2175 31 0.6 41 0 51 0.5 58 0.8 60 0.7 61 0.9 74 0 82 0.4 
2297 15 0.3 16 0.3 45 0 73 0 82 0.6 89 0 
2306 10 0 17 0.8 28 0.5 42 1 52 0.4 58 0.3 70 0.7 81 0.3 
2383 6 0.7 23 0.9 33 0.5 38 0.7 43 0.5 77 0.3 81 0 89 0.4 90 1 
2469 0 0 3 0.7 60 0.7 
2540 32 1 45 0.3 95 0 
2556 9 0.8 10 0.5 21 0.7 24 0.9 25 0.3 45 0.7 53 0.8 81 0 
2693 2 0.9 4 0.8 8 1 23 0.5 54 0.6 57 0 68 0.9 70 0 89 0.8 91 1 
2777 32 0.4 37 0.4 83 1 
2895 90 0 
2950 2 0.4 7 0.7 11 0.5 19 0.3 49 1 57 0.4 68 0.4 73 0 83 0.3 85 0.8 
3008 1 0.9 3 0 26 0.6 62 0.5 67 0.3 69 0.7 88 0 89 0 
3024 10 0.7 24 0.7 41 0.4 50 0.7 74 0.7 93 0.4 95 0.4 97 0.3 
3102 11 1 44 1 52 0.8 67 0.9 81 0.9 96 0 
3225 27 0 28 0 
3240 9 0 52 0 60 0.9 92 0.3 
3242 28 0 91 0 
3316 0 0.3 19 1 67 0 68 1 82 0 
3561 3 0 9 0 72 0 94 0.8 
3648 4 0.5 56 0.6 90 0 
3899 78 0.6 
3965 7 0 37 0.5 43 0.6 46 0.4 50 0.8 55 1 78 1 83 1 97 0.7 
4045 37 0.4 62 0.5 66 0.5 71 0.7 80 0.6 82 0 95 0 
4215 13 1 33 0.3 48 0.9 74 0.7 95 0.4 
4300 9 0 60 0.4 77 0.9 82 1 
4413 2 0.6 17 0 37 0.5 42 0.6 52 0.7 62 0 74 0.3 75 0.6 84 0.3 
4429 92 0 
4482 9 0.5 62 0.3 65 0 
4556 1 1 4 0 67 0.9 69 0 
4624 27 1 28 0.5 66 0.9 69 0.8 86 0.7 87 0.4 90 0.7 
4914 8 0.4 78 0 88 0.4 
5128 35 0 55 0.3 63 0.3 73 0 76 0.4 86 0 97 0 
5205 52 0.6 59 0.5 61 0.7 
5208 6 0.8 19 0.3 22 1 50 0.4 54 0.7 61 0.4 69 0 73 0 
5397 2 0.4 19 0 23 0.7 57 0 77 0.6 81 0.3 88 0.7 95 0.6 
5461 20 0.8 26 0.3 27 0.5 42 1 63 0.6 
5509 4 0 5 0.4 16 0.6 30 0.8 46 0.4 52 0.9 61 0.4 70 0.3 79 0.3 88 0.8 
5535 37 1 51 0 
5686 28 0 37 0.9 
5806 9 1 15 0.9 
5807 13 0.3 21 0.6 23 0.7 33 0.8 45 0 82 0.7 86 0.6 93 0.8 
5841 2 0.5 7 0 37 0 
6071 6 0 33 0 62 0.6 65 0.3 80 0.3 85 0.5 89 0 91 0.4 
6139 11 0.6 12 1 22 0.8 23 0 43 0.3 60 0.5 
6381 41 0.4 74 0 91 0.3 
6424 1 0.4 2 0.7 12 0 21 0 55 0.5 57 1 65 0.6 67 0.6 96 0.6 
6440 22 0 36 0.5 70 0.5 83 0.9 
6592 8 0.3 13 0.4 25 0.9 32 0.5 46 0.8 63 0.8 
6763 22 0.5 47 0 79 0 
6869 55 0.4 58 0.8 71 0.6 97 0.5 
6877 9 1 19 0.6 21 0.7 32 0.6 65 0.3 71 0 95 0.3 
6936 11 0.8 14 0.8 38 1 50 0.4 58 0 63 0.9 66 0.4 96 0 
6950 8 0.4 10 0.4 37 0.4 53 0 72 0.7 76 0 93 0.7 97 0.6 
7046 0 0.9 7 1 43 0.9 66 0.6 96 0 
7113 38 1 
7424 13 0.8 28 0.4 82 0.9 
7702 4 0 13 0.8 15 0 43 0 52 0.5 55 0.4 65 0.3 77 0 
7777 39 0.6 52 0.5 54 1 64 1 98 0.5 
7785 24 1 37 0.3 40 0 83 0 
7903 38 0.7 
7989 20 0.5 35 0.8 37 0.4 65 0 81 0.5 89 0 98 0 
8097 7 0 13 1 18 0.6 22 0.8 24 0.5 54 0.4 77 1 79 0.6 
8377 17 0.6 29 0 46 0.8 84 0.4 99 0.6 
8635 12 0.8 14 1 19 0 25 0.3 86 0.8 87 0 94 0.5 
8959 6 0 10 0.6 16 0 36 0.6 46 0 84 0.6 94 0 
9015 4 0.9 15 0.8 17 0.4 78 0.3 
9024 24 0.6 28 0 32 0.7 38 0.7 49 0 59 0.6 66 0.3 69 0.4 76 0 88 0 
9316 3 1 5 1 9 0.8 10 0.9 29 0.5 55 0.9 67 1 82 0 99 0 
9802 85 0 
9952 6 1 19 0.9 28 1 30 0.4 43 0 61 0 79 0.7 
9963 26 0.9 76 0.5 88 0.5 
9977 1 0 8 0.5 16 0.4 22 0.6 35 0.8 46 1 55 0.6 67 0.4 75 0.5 96 0.7 
