100
172 6 0.7 13 0.5 25 0.9 54 0 58 0.3 87 0 90 0.8 96 0.5 
202 21 0 37 0 56 0.5 64 0.4 67 0 72 0.8 75 0.9 83 0 
265 2 0 35 0 88 0 91 0 
398 2 0.9 8 0 53 0.9 65 0 66 0.4 90 0.5 
427 31 0.9 32 0.3 47 1 50 0.6 64 0.9 66 0.6 68 0 72 0.9 74 0.3 96 0 
631 18 0.6 55 0.4 
634 16 0.9 25 0.5 29 0 31 0.4 37 0.8 44 0.3 51 0 
638 6 0.5 27 0.6 52 0.3 54 0.3 81 0 84 0.4 
737 36 0 43 1 46 0.5 59 0.3 69 0.6 90 0.8 
808 6 0.7 21 1 45 0 52 0.6 62 0.3 63 0.3 75 0 94 0 
852 33 0.6 49 0.6 51 0.3 60 0.6 75 0.8 77 0 78 0.9 83 0.9 91 0.4 99 0.3 
895 0 0.4 7 0.7 12 0.7 46 0.4 91 0.6 
992 3 0 12 0.8 44 0 56 0 63 0.5 73 0.5 75 0.4 90 0.3 97 0.3 98 0.6 
1037 10 0.6 16 0.8 17 0 41 0.6 43 0.9 44 0.5 62 0.8 83 0 84 0.7 
1049 14 0 90 0 
1079 4 0.6 15 0.4 22 0.6 33 0.4 59 0.7 94 0.7 
1247 7 0.6 12 0 26 0.3 43 0.5 54 0.9 70 0.6 72 0 88 0 
1284 89 0.3 
1330 24 0.3 48 0.7 52 0 60 0.4 62 0 
1445 30 0 48 0.3 
1458 13 0.5 26 0.7 49 0.7 61 0.6 77 1 87 1 
1507 1 1 8 0 12 0 17 0.6 25 0.4 49 0.7 
1511 22 0 40 0 55 0.3 56 0.8 58 0.9 67 0 97 0.4 98 0 
1614 32 0.8 37 0.5 43 0.4 65 0.8 84 1 86 0 92 0 
1622 28 0.7 57 0 61 0.7 
1706 11 0.7 12 0 27 0.7 35 1 51 0 61 0.7 75 0.4 88 0 96 0 
1886 71 0.5 83 0 
1951 16 0 19 0 22 0 24 0.6 29 0.7 30 0.9 55 1 63 0 82 0.9 
1967 65 0.6 
1986 18 1 29 0.5 31 0.8 34 0.9 60 0 70 0.5 73 0.7 95 0.9 
2072 22 0 37 0 42 1 87 0.9 
2160 52 0.9 83 0.8 93 0.6 
2174 26 0 31 0.9 46 0 63 0.4 86 0.3 
2350 8 0.3 42 0.9 68 0 93 0.6 
2594 9 0.7 24 0.5 37 0.4 49 0.9 52 0.9 54 0 59 0.5 65 0 97 0.9 
2615 73 0 76 0.9 87 0.4 
2752 14 0 33 0 40 0.4 61 0.5 63 0.6 66 0.5 
2758 4 0.5 16 0.8 20 1 73 0 74 0 90 0.6 
2761 15 0.9 64 0.6 
2817 22 0.5 24 0 32 1 35 0.4 54 0 56 0 58 0 69 0.6 77 0.3 88 0.3 
2854 11 0.3 41 1 44 0 
2855 26 0 33 0.4 43 0.7 56 0.5 66 0.7 68 0.3 70 0.8 74 0 92 0 
2967 47 0 
3148 55 0 
3238 5 0.8 32 0 46 0.7 94 1 95 0.3 96 0.7 
3422 5 0 18 0 21 0.6 35 0.7 44 0 46 0.8 53 0.3 63 0 64 0 82 0.4 
3451 75 1 
3753 1 0.5 17 0.9 25 0 28 0 34 0 61 0 78 0.8 95 0.6 96 0.9 
3799 6 1 11 0.9 13 0.4 14 0.4 28 0 99 0 
3824 15 0 27 0.3 35 0.6 66 0.7 77 0 84 0 85 0 91 0 
4082 2 0.6 7 0 18 0.4 21 0 31 0 34 0.8 54 0 
4173 3 0.7 14 0.4 56 0.7 67 0.9 80 0.7 
4297 0 0 11 0 41 0.5 57 0 60 1 67 0 70 0.9 72 0.5 76 0 89 0.7 
4360 1 0 22 0 23 1 46 0.5 55 0.6 69 0.6 73 0.6 96 1 
4432 74 1 75 0 
4441 7 1 10 0.7 16 0 30 0.9 41 0 42 0 49 0 78 1 86 0.3 90 0.3 
4523 6 0.6 14 0 21 0.5 30 0.8 32 0.4 35 0 50 0.5 56 0 63 0.4 73 0.9 
4854 7 0 27 0.5 48 0.9 55 1 77 0 95 1 97 0.5 
4880 7 1 10 0.7 22 0.5 23 0.8 24 0.3 32 0.7 50 0 73 0.8 80 0.9 99 0.5 
4883 15 0 19 1 39 0 52 0 59 0.4 61 0.3 75 0.3 85 0.7 86 0.3 94 0.8 
4920 0 0.3 5 0.6 16 0.4 26 1 30 0.9 36 0.7 66 0 68 0 86 0.5 98 0 
5036 39 0 57 0 67 0.8 97 0.6 
5241 13 0.3 34 0.5 41 0.9 
5284 11 0.4 46 0.4 70 0 73 0.3 97 1 
5310 10 0.3 27 0.8 29 0 82 0.8 85 1 
5414 13 0.8 
5594 6 1 10 0.6 38 0 44 0.6 46 0.3 
5633 17 0 64 0 72 0.6 81 0.8 86 0.3 
5819 7 0.6 98 0 
5850 4 0.4 47 0.5 65 0.4 
6646 4 0 36 0.4 40 0.6 43 0.3 69 0.8 73 0.3 75 0.3 76 0.4 88 0.7 
6945 0 0 2 1 8 1 21 0 79 0.8 95 0.7 
7204 33 0 36 0.7 49 0.6 76 0 
7385 1 1 13 0.4 29 0.7 45 0.5 61 0.4 98 0.4 
7420 19 0.3 76 0 88 0.6 97 0.4 
7466 40 0.6 
7472 25 0.7 26 0.9 32 0 50 0.8 51 0.9 55 0 57 0.4 62 0.5 81 0.4 87 0.6 
7536 21 0 49 0.4 54 0.4 85 0.3 
7547 0 0 4 0.5 42 1 83 0.4 84 0.9 93 1 
7559 29 0.8 34 0.6 52 0.8 67 0.8 82 0 96 0.5 
7570 4 0 23 0.9 26 0.3 27 0 39 0.6 
7602 24 0.7 41 0.5 43 0.4 46 0 58 0 64 0 72 0.4 73 0.6 96 0 
7854 6 0.9 7 0 
8064 5 1 31 0 56 0 
8208 10 0.8 11 0.6 12 0.9 55 0 59 0.4 60 0.8 65 0.4 80 0.8 95 0.9 
8578 3 0 8 0 10 0.4 15 0 46 0.6 48 0 61 0 63 0.9 75 0 76 0 
8623 0 0.4 20 0.4 21 0.6 40 0.7 50 0.5 56 1 65 0.7 66 0.8 89 1 
8669 24 0 
8737 24 0.5 25 0 27 0.9 67 0 80 0.8 99 0 
9023 3 0.9 10 0 12 0.5 18 0.9 44 0.3 48 0.3 87 0.6 88 0.8 93 0.8 
9069 12 0 31 0 64 0.9 
9077 1 0.5 2 0.3 5 0.3 7 1 10 0.5 19 0.5 49 0 86 0 94 0 97 1 
9173 0 0.9 39 0 49 0 56 0 
9423 54 1 55 0 94 1 
9677 22 0 52 0 68 0.5 80 0.7 92 0.7 97 0.6 
9734 9 0.6 73 0 
9828 15 0.3 28 0.3 36 0.7 37 0 69 0.5 
9845 65 0.3 90 0 96 0.6 
9936 1 1 3 0.3 7 0.3 51 0.6 53 0 65 0.9 70 0.9 72 0.3 73 1 88 0 
9967 26 0.8 31 0.5 48 0.8 50 0.5 56 0.6 71 0 
