100
40 8 0 30 0 39 0.3 42 0.5 44 0.6 56 0 62 0.8 70 0.7 84 0 87 0 
75 5 0.7 10 0.9 11 0.7 17 0 26 0 42 0.8 72 0.9 
129 14 0.9 25 0.5 42 0.5 48 0.4 56 0.7 61 1 68 0 
211 4 0.8 11 0.9 14 0.5 23 0.4 27 0.3 30 0 37 1 88 0 97 0.8 
427 31 0.3 32 0.7 47 0.9 50 0.8 64 0.9 66 0 68 0 72 0.6 74 0.3 96 0.5 
430 26 0.5 44 0.3 81 0.5 85 0.3 91 0 
476 12 0 19 0.7 23 0.7 30 0 37 1 49 0.6 75 0.5 79 0.3 
673 0 0.4 40 0.4 41 0.9 56 1 59 0 70 0.5 78 0.3 79 0.8 
710 1 0.9 38 0 58 1 89 0 91 0 
892 31 0.5 42 0.4 51 0.8 82 0.5 95 0.3 99 0.6 
895 0 0.5 7 1 12 0.3 46 0 91 0.8 
954 1 0 9 0.8 24 0.3 25 0 31 0 37 0.9 39 0 47 0.8 86 0.7 94 0.3 
957 3 0.6 49 0.4 50 0.7 82 0.7 86 1 
963 5 0.6 17 0.9 20 0.7 40 0.4 46 0.7 60 0.6 73 0 
1022 72 0 
1040 12 0.8 44 0 52 0.7 56 0 65 0.3 96 0.4 
1108 3 0 5 0.6 8 0 13 0.4 41 0.7 44 0 45 0.3 94 0.3 98 0.7 
1109 26 0 31 0.8 49 0.7 73 0.9 75 0.4 96 1 
1150 35 0 78 0 
1225 17 0.6 
1308 3 0 49 0.9 50 0 54 0.7 61 0.7 65 0.6 78 0.4 85 0 90 0.8 
1409 16 0.5 20 0.8 46 0 73 0.6 76 0.8 79 0.3 
1420 12 0.4 
1438 17 0.9 24 0 49 0.6 57 0.5 61 0 63 0 68 0.6 77 0 84 0.7 
1458 13 0.7 26 0 49 0.4 61 0 77 0.8 87 0 
1601 42 0.4 48 1 57 0.3 
1697 17 0.8 43 0.8 58 0.7 
1858 32 0.3 
1873 14 0.4 24 1 27 0.8 34 0.8 59 0.5 
2035 47 0.3 58 0.7 79 0 
2224 6 0.8 23 1 32 0 34 0.8 53 0.8 60 0.5 81 0 97 1 
2326 4 1 17 0 25 0.7 
2432 1 1 19 0 21 0 24 1 41 0 44 0.3 47 0.8 49 0.5 76 0.7 98 0.3 
2477 98 0 
2575 1 0.8 41 0.4 54 0 60 0 81 0.5 84 0.4 85 0.5 87 0.5 
2578 17 0.4 94 0.6 
2687 0 0.7 27 0.7 34 0.9 66 0.6 
3023 33 0.9 46 0 81 0.9 82 0.8 88 0.8 91 0.4 97 0.4 
3060 11 0.9 50 0.4 58 0.3 72 1 78 0.4 
3140 21 0 78 0.6 90 1 
3352 1 0.4 33 0.9 52 0 73 0.3 82 0 
3475 7 0 50 0.5 52 0.7 63 0.9 69 0.3 79 1 
3655 7 0 13 0.5 27 1 34 0.8 72 0.7 76 0.8 86 0.3 92 0.3 
4081 57 0.9 68 0.4 
4160 23 1 
4204 10 0.8 36 0.6 38 1 56 0 69 0 73 0 76 0.6 98 0.7 
4223 7 0.8 25 1 33 0 36 0 40 0 66 0.4 93 0.3 
4269 6 0.8 12 0.8 29 0 51 0.6 57 1 62 0 75 0 80 0.5 
4281 0 0.3 3 0.3 7 0.6 22 0 36 0.3 44 0.4 88 0.4 
4406 38 0.8 
4444 13 0.9 34 0 37 1 51 0.9 86 0.3 89 0.4 91 0.9 97 0 
4738 2 0 5 1 6 0.8 7 0.8 12 0.6 33 0 56 0.4 85 0.5 
4861 16 0.4 47 0.3 65 0.5 67 0.3 95 0.3 
5075 4 0.5 16 0 19 0.7 25 0.8 28 0 33 0.6 46 0.4 59 0.8 79 0.4 88 0 
5113 2 0.6 4 0.9 6 0.8 44 0.3 50 0 67 0.6 94 0.6 99 0 
5140 27 1 42 0.4 45 1 52 0.5 
5220 43 0 63 0.7 65 0.3 72 0 80 0.8 87 0.7 
5355 84 0.3 
5389 1 0.5 26 0.7 93 0 
5498 7 0.6 14 0 33 0.9 36 0.5 96 0 
5541 10 0 39 0.8 54 0.3 56 0.3 58 0 60 0.4 76 0.6 77 0.4 93 0 
5554 66 0.7 
5711 9 0.6 17 0.3 21 0 33 0.9 44 0 54 0.9 58 0.7 84 0.8 85 0.3 91 0 
5891 25 0 32 0.7 40 0.3 59 0 66 0.9 89 0.6 
5964 2 0.4 38 0.6 49 0.9 59 0.6 
6120 3 0 5 0.6 46 0 53 0.5 56 0.3 68 0.7 74 0 91 1 93 0 
6224 70 0 78 0.4 89 0.3 
6258 2 0.3 55 0.7 63 0.9 74 0.9 75 0.6 78 0 90 0.5 91 0 96 0 
6288 30 0.5 39 0 42 0.5 53 0 62 0 83 1 91 1 94 0.3 
6394 9 0 21 0.6 25 0.9 30 0 34 0 84 0.6 
6401 50 0.4 70 0.9 82 0 
6613 80 1 
7136 7 0 11 0.3 37 0.5 52 0.3 56 1 68 0.7 97 1 
7377 8 0.6 23 0.9 28 1 37 0.7 
7665 3 0 15 0 18 0.9 36 0.7 39 0.3 
7679 20 0 23 0.7 27 0 36 0.5 39 0.7 57 0.5 96 0 
7747 74 0.4 
7807 6 0.3 23 0.8 52 0 70 0.9 95 0 
7957 5 0.6 12 0 21 0.3 22 0.7 46 0.8 49 0.9 73 0.5 81 0.7 82 0.3 95 0 
8005 7 0 21 0 29 0.8 35 0.8 55 0.7 58 0.9 79 0 80 0 89 0.7 98 0.9 
8139 7 0.3 23 0.7 34 0 63 1 90 0.6 95 0.3 
8143 7 0.7 18 0 33 1 34 0.5 56 0.7 58 0 80 0 
8261 23 0.7 56 0 68 0.5 74 1 83 0.6 
8283 6 0.7 20 0.6 37 0.3 55 1 56 0.7 77 0 
8657 0 0.9 26 0.8 40 0.4 42 0.9 49 0.3 70 0 85 0.4 89 0.9 
8709 5 0.6 8 0 26 0.3 28 1 44 0.5 82 0.5 84 0.8 95 0.9 
8928 14 1 
8942 90 0 
9126 3 0.7 11 0.7 21 0.8 49 0 55 0 58 1 68 0.6 89 1 
9137 22 0 
9183 3 0 7 1 32 0 34 1 37 1 54 0 72 0.7 73 0.4 89 0.4 99 0.8 
9263 2 0.5 24 0 48 0.8 78 0.4 
9291 4 0 50 0.5 55 0 77 0.4 82 0.5 
9371 8 0.7 37 0.3 61 0.5 
9468 40 0 50 0.4 70 0.5 75 0.3 91 0.5 
9568 26 1 28 0.9 
9757 0 0.9 6 0.8 38 0.7 43 0.3 58 1 
9883 4 0.4 7 0 24 1 33 0.6 37 0.7 39 0.8 48 0 66 0.7 84 0 
9889 6 1 16 0.8 27 0 57 0.6 59 0 93 0.4 
9939 23 0.7 29 0.4 36 0.7 39 0.3 47 0 69 0.9 73 0.7 76 0.6 77 0.5 95 0.3 
