100
56 73 0.8 
127 1 1 9 0.7 11 0.8 57 0 76 0 88 0.9 
206 3 0.9 46 1 75 0.7 86 0 93 0.3 
397 17 1 30 0.5 61 0.4 85 0.3 94 0 95 0.8 96 0.3 
478 57 0.6 62 0 81 0.3 
490 3 0 22 0.3 40 0.9 66 0.3 86 0.5 
644 11 0.7 19 0 35 0 59 0 65 0.7 79 0.3 90 0.6 98 0.6 
721 4 0 8 0.6 20 0.8 37 0 48 0 64 0.7 73 1 95 0.3 96 0.7 
739 0 1 40 0.5 42 0.5 48 0 53 0 66 1 70 0.6 73 0 99 0.5 
846 54 0.4 67 0.5 
980 0 0 20 0.6 57 0.8 58 0.5 69 0.9 78 0 94 0 98 0.7 
1065 32 0 56 0 61 0 68 0.6 82 0.9 85 0.4 91 0.6 
1071 8 0.8 9 0 17 0.5 33 1 64 0.3 72 0.4 
1337 25 0 
1560 17 0 19 1 43 0 89 0.5 
1714 15 0 20 0 23 0.4 41 0 44 0.6 45 1 53 0 
1763 8 0.3 28 0.5 34 0.5 57 0.6 70 0.7 71 0.4 90 0 
1780 6 0.4 
1845 20 0 42 0.4 72 1 89 0.9 
1851 8 0.5 12 0.8 16 0 30 0.8 43 0 82 0.6 
1965 20 0.3 32 0.7 61 0.6 81 0.8 93 0 
2327 2 0.6 28 0 31 0 36 0.6 39 0 42 1 50 1 62 0 77 0.4 
2353 4 0 10 0 26 0.3 39 0.5 51 0.7 76 0.8 82 0.8 97 0.7 
2376 8 0.4 67 0 84 0.8 
2380 0 0.8 9 0.4 21 1 34 1 53 0.7 68 0 85 0.3 89 1 90 0 
2423 5 0.9 29 0 38 0.9 47 0.3 51 0 60 0.3 66 0.4 76 0 
2496 26 1 38 0 69 1 94 0 
2541 0 0.8 38 0.4 39 0.9 45 0.7 53 0.8 94 0 
2595 11 0 35 0 49 0.7 
2710 45 0.8 
2730 29 0.5 53 0.6 
2765 22 0 26 0.3 27 1 32 0.4 35 0.6 45 0.7 69 0.7 85 0 91 0.6 
2852 11 0.4 33 1 85 0.8 91 1 
2861 2 0 12 0 26 0.3 31 0.5 49 1 68 1 71 0.3 73 0 
2869 28 0 56 0 69 0.5 80 0 93 0.8 
3213 10 0 14 0.9 25 0.3 63 0 76 0.5 
3223 8 0.4 12 0.4 19 0 
3244 9 0 27 0.3 45 1 79 0 87 0.3 90 0.6 
3245 31 0.9 89 0.4 
3268 7 1 17 0 22 0 35 0.5 36 0.8 89 0 
3388 3 0.5 30 0 43 0 46 0 58 1 60 0 89 0.8 96 0.3 
3394 9 0.9 27 0 35 0 47 0.3 63 0 66 0.9 69 0.4 72 0.9 
3486 2 1 16 0.7 49 0.4 53 0 67 0.9 70 0.4 90 0.6 96 0.8 99 0 
3545 3 0 4 0 23 0.5 26 0 37 0.4 93 0 
3676 15 0.3 21 0.3 97 1 
3789 36 0.5 72 0.6 
4251 65 0.3 92 1 
4312 2 0 17 0 45 0.5 59 0.4 74 0 82 0.9 87 0.8 88 0 
4389 41 0.6 49 0.3 52 0.7 60 0 65 0.8 80 0.5 
4444 13 0.6 34 0.7 37 0.5 51 1 86 0.3 89 0 91 0.5 97 0.5 
4607 21 0.7 61 0.6 83 0.6 84 0.3 91 0 
4676 2 0.4 5 0 17 1 26 0.7 34 0.6 44 0.4 50 0.3 89 0 97 0.3 
5381 6 0 8 0.6 17 0 40 0.7 44 0 71 1 88 0.8 
5502 41 1 52 0.3 76 1 77 0.4 83 0.5 
5560 14 1 17 0.6 30 0.4 34 0.7 78 0.7 80 0.6 
5747 21 0.5 25 0.3 
5778 20 0.8 57 0 59 1 78 0.8 79 0 88 0.5 90 0 
5779 15 0.3 21 1 53 0.6 56 0 62 0.7 94 0.6 96 0 98 0 
5992 0 0 22 0.6 34 0.6 38 0.6 39 0 41 0.3 47 0.3 62 0 68 0 95 0 
6438 16 0.5 74 0 
6475 1 0 16 0.5 24 0.9 73 0.8 75 0 88 0.5 91 0 94 0 95 0 97 0 
6492 8 0 
6611 11 0.6 13 0 25 0.8 33 0 47 0 58 0 67 0 73 0 96 0.7 97 0.4 
6689 5 1 13 0.6 15 0 29 0.6 63 0 71 0.5 87 0 88 0.3 91 0 
6842 5 0.6 51 0 58 0.5 76 0 81 0 
6902 6 0.9 13 0 37 0 44 0.7 66 1 90 0.9 98 0.9 
6913 20 0.3 47 1 54 0 88 1 
6930 11 0 16 0 82 0.7 83 1 99 0.7 
7080 13 0.8 27 0.7 
7163 41 0 94 0.5 
7273 0 0.7 2 0.9 15 0 22 1 26 0.6 30 0.9 40 0 51 0 66 0.4 
7282 3 0.3 10 0.3 31 0 34 0.8 40 0 48 0.8 74 0 81 0.4 83 0.7 93 0.4 
7325 0 0.6 34 0.8 35 0.6 41 0.4 45 0 46 0.5 59 1 84 1 98 0.8 
7403 2 0 25 1 29 0.5 39 1 51 0.5 71 0.8 73 0.7 77 0 83 0.5 93 0.3 
7481 40 0.6 42 0.6 55 0.8 
7509 2 0.7 12 0.4 39 0.9 43 0.3 78 0.7 
8006 67 1 71 0.8 84 0.8 88 0 
8101 14 0.9 21 0 49 0.6 67 0.4 73 0 78 0.6 86 0.8 90 0.5 
8195 6 0.7 15 0 31 0.7 38 0 67 0.7 73 0 85 0.8 89 0.5 90 0.6 95 0.7 
8219 11 0.9 
8303 78 1 87 0 
8334 14 0.6 19 0 28 0.8 29 0.7 44 0.4 47 0.4 63 0.5 88 1 91 0.3 94 0.5 
8363 5 0.7 18 0 31 0.8 32 0.7 33 0.4 55 1 56 0.9 66 0 68 0 93 0.9 
8469 11 0.9 
8505 7 0 32 0.3 35 0.6 39 0.9 40 0.6 78 1 79 0.5 
8559 31 0.4 55 0.4 64 0 85 0.9 
8649 62 0.8 
8657 0 0.4 26 0.6 40 0.5 42 0.7 49 0.6 70 0.9 85 0.8 89 0 
8699 13 0.7 15 0.7 22 0 25 0.9 69 0.3 73 0.9 89 0.7 91 0.5 
8791 3 0.8 4 0.4 21 0.6 60 0 66 0 73 0.7 78 0 85 1 87 0.6 96 0 
9155 0 0 75 0.6 79 0.7 91 0.7 
9245 3 1 23 0.3 24 0 98 0.3 
9259 24 0 
9335 51 1 54 0 57 0.9 58 0.5 67 0.6 70 0.4 89 0 97 0 
9374 14 0.7 67 0.4 
9481 3 0.5 22 0 25 0 50 0.7 58 0.8 70 0.8 74 1 75 0.8 88 0.7 
9602 3 0 20 0.5 28 0.8 57 0 72 0.6 85 0.6 86 0 95 0 
9684 18 0.8 37 0.6 75 0.7 77 0 82 0.4 95 0.4 
9913 22 0.5 24 0.6 39 0.4 61 0.7 92 0.3 98 0.9 
9928 29 0.5 60 0 71 0.9 82 0.3 94 0.3 
