100
218 9 0.5 13 0 34 0.8 43 0.3 54 0.4 59 0.7 60 0.9 94 0.3 95 0.5 
258 1 0.5 31 0.3 82 0.5 
332 74 0 
448 18 0 20 0.7 23 0.6 33 0.6 40 0 67 0 82 0.7 
564 10 0.7 11 0.6 22 0 49 0.7 53 0 65 0.6 87 0 89 0.3 94 0.3 
572 0 0.9 4 0.7 18 0.4 38 0.9 75 0.4 
575 53 0.7 62 0 92 0.7 
620 36 0.5 
642 2 0 3 0.8 28 0.7 37 0.8 41 0.4 54 0.9 
724 63 0.5 69 1 87 0.9 
831 22 0.5 23 0.7 28 0.3 44 0.7 62 1 70 1 78 0.9 80 0.7 97 0.3 
955 29 0.8 38 0.8 74 0 
962 17 1 20 0.3 50 0.3 53 0.8 93 0.6 
988 16 0.5 21 0.5 48 0.4 54 0.9 74 1 84 0.8 
1009 69 0 
1176 8 1 11 0 13 0.6 14 0.3 30 0 38 0.8 40 0.5 57 0 60 0 79 0 
1221 7 0.5 15 0.5 54 0.3 59 0.7 69 0.9 72 1 77 0.4 98 0 
1373 5 0.8 45 0.3 63 0 70 0 71 0.9 79 0.8 95 1 98 0.8 
1562 26 0 86 0.4 
1881 0 0 3 0.5 11 1 41 0.3 60 0.4 74 1 95 0 
1889 80 0.9 
2082 14 0.4 20 0.9 23 0.8 28 0 35 0.3 63 0 67 0.6 77 0 92 1 97 0 
2270 93 0 
2351 48 0.9 
2372 0 0.9 13 0.7 16 0.5 28 0.5 34 0.5 37 0.4 50 0.7 62 0.8 78 0.9 84 0.3 
2390 5 0.7 39 1 45 0.7 61 0.9 83 0.7 
2610 1 0.8 8 0.6 40 1 44 0 51 0.5 80 0 86 0 
2639 14 0.3 49 0.6 83 0 
2842 6 0.8 14 0 31 0 55 0.9 69 0.5 70 1 81 0.7 
3016 3 0 25 0.6 63 0 
3045 4 0 37 0.8 48 0 57 0 64 0 68 0 71 0.6 93 0.5 98 0.9 
3110 22 0.9 
3149 66 0 
3181 37 0.7 65 0.9 78 0.6 
3201 16 0 19 1 26 0.4 27 1 29 0.4 38 0.4 71 0.3 81 1 95 0.7 
3433 87 1 
3448 83 0 
3818 1 0.9 4 0.7 33 1 36 0.5 71 0.7 78 0.7 94 0.7 95 0.4 
4062 1 0 4 0 16 0 33 0.3 58 0 59 0 92 0.7 99 1 
4074 13 0.6 30 0.9 33 0.9 39 0 
4118 43 0.7 48 0 
4382 11 0 27 0.8 34 0.9 51 0 69 1 70 0.5 
4417 31 0.7 38 0 43 0 52 0 65 0.5 83 0.9 90 0.6 
4454 32 0 95 0.6 
4513 2 0.6 24 0.7 38 0.9 43 1 44 0 60 0.6 72 0 78 0.9 
4612 0 0 17 0.9 35 0.6 38 0.5 44 0 48 0 91 0 92 0.4 96 0.7 
4790 3 0.4 26 0 34 0.7 38 0.7 60 0.4 64 0.5 84 1 94 0.9 
4855 40 0.3 
4965 27 0.6 29 0.4 31 1 41 1 50 0.6 52 0 60 0.3 72 0.5 92 0.3 99 0 
5267 21 1 41 0.7 90 0.6 
5561 27 0.4 59 0.3 68 0.6 71 0.9 96 0.8 
5582 3 0.4 16 0.5 37 0.8 43 0.8 50 0.9 68 0.7 69 0 71 0.6 75 0.8 
5699 39 0.8 
5900 9 0 17 0.9 18 0.7 22 0.9 25 0 28 1 31 0.9 55 0.5 79 0.5 86 0 
6000 6 0.5 7 0.5 10 0 22 1 51 0.3 66 0 82 1 85 0.7 96 0.8 
6044 39 0.4 
6071 6 0.7 33 0 62 0.7 65 0 80 0 85 0.3 89 0.3 91 0.5 
6244 2 0.6 3 0 5 0.8 16 0.8 46 1 65 0.7 73 0.8 90 0 
6300 85 0 
6350 1 0 8 0.8 22 0.4 35 0.3 38 0.4 57 0.8 67 0.4 77 0.9 80 0.9 84 0.6 
6631 3 0.5 37 0.7 45 0.3 83 0 97 0.3 98 0.4 
6798 1 0 5 0 
6960 11 0 17 0 31 0.5 60 0.6 75 0 
7066 6 0.6 52 0.5 62 1 82 0.6 96 0 
7080 13 0 27 0.7 
7176 50 0 87 0 96 0 
7320 4 0.3 18 0.5 27 0.3 64 0.3 70 0 74 0.8 78 0.6 88 0.7 
7547 0 0.9 4 0.9 42 0 83 1 84 0.4 93 0.7 
7767 2 0.5 4 0 14 0 25 0.9 64 0.5 94 0.4 98 0.5 99 0.9 
7817 6 0.5 16 0.6 21 0 23 0 34 0.8 49 1 59 0.3 73 0 84 0 86 0.9 
7887 5 0.6 9 0 33 0.5 50 0.6 74 0.8 
7927 25 0.6 
8008 36 0.7 71 0.7 
8086 3 0.5 5 0.8 14 0.5 48 1 52 0 82 0.8 83 0.8 95 0.7 99 0.6 
8089 90 0.8 
8282 23 0.6 38 0.4 62 0.6 70 1 78 0.9 89 0.4 
8298 16 1 49 0.8 50 0.6 94 0.7 
8379 40 0.3 59 0.8 77 0 80 0.9 
8654 0 0.3 2 0 18 0.5 34 0.4 39 0.8 75 0.5 86 0 97 0.4 
8677 6 0 37 0.3 61 0.6 65 0.6 70 0.3 71 0.6 
8726 29 0 51 0.6 87 0.6 
8821 25 0.3 54 0 75 0.4 
8842 3 0.5 24 0.7 25 0.4 28 0.7 38 0.4 82 0.5 94 0 
8884 5 1 18 0.6 36 0.7 56 0 57 0.9 64 0.5 79 0 82 0.7 88 0 94 0.4 
8960 1 0.5 6 0 7 0.7 25 0.5 53 0.6 78 0 98 0 
9047 3 0 6 0 9 0.9 23 0 25 0.3 28 0.3 31 0.6 78 0 83 0.9 
9107 5 0.9 6 0 7 0 24 0.4 39 1 41 0 42 0.9 45 0.7 54 0.4 64 0.5 
9155 0 0 75 0.7 79 0.3 91 0 
9238 13 0 39 0.4 41 0.7 44 0 66 0.8 72 1 73 1 77 0 99 0 
9316 3 0 5 0.6 9 0 10 0 29 0.7 55 0.9 67 0.3 82 0 99 0.3 
9372 6 0.7 37 0.3 73 0.7 86 0.5 96 0.3 
9380 50 0 59 0.5 75 0.4 92 0.9 
9423 54 0.3 55 1 94 0.7 
9617 7 0.3 16 0.5 22 0.8 42 0.3 53 0.3 55 0 73 0.4 87 1 
9625 33 0 41 0.6 49 0.7 79 0.3 
9656 9 0.3 
9676 13 0.8 17 0 
9702 11 0.7 18 0.4 43 1 78 0 
9725 2 0 67 0.4 79 0 84 0 97 0.6 
9875 19 0.4 29 0.3 31 0.8 35 0 46 0.6 48 0.9 84 0.5 89 0.3 
