100
35 0 0 6 0.5 16 0 20 0.8 52 0 53 1 59 0 73 0 93 0.5 
176 40 0 
236 82 0 
290 11 0.7 17 0 22 0 34 0.8 60 0.6 89 0 97 0.7 
310 63 0 96 0 
350 0 0 11 0.5 14 0 23 0 57 0.8 88 0.9 
464 30 0.3 
467 16 0.9 21 1 23 0.9 25 0 32 0 34 0 41 0 59 0.9 63 0.5 72 0 
483 28 0 54 0.3 57 0 72 0.7 77 0.9 86 0.5 90 0.6 97 0 
664 3 0 39 0.6 70 1 76 1 83 0.7 97 0.4 
704 0 0 24 1 83 0.6 85 0 87 0 
835 5 0 96 0.9 
841 5 0.7 61 0.6 99 0 
934 16 0.5 23 0 49 0 59 0.7 64 0.7 73 0.6 94 0 98 0.9 
1130 3 0 21 0 24 0.8 37 0 42 0.4 45 0.6 47 0.8 74 0.9 92 0.7 
1185 48 1 
1221 7 0.5 15 0 54 1 59 0 69 0 72 0.6 77 0.5 98 0.3 
1362 2 0 18 0.5 23 0 37 0 38 0 39 0.6 56 0.7 67 0.5 88 0.6 98 0.5 
1400 17 0.8 47 0.4 71 0 
1406 4 0.5 16 0.9 33 1 37 0.8 47 0.4 51 0.3 65 0.6 90 0.8 97 0.5 
1431 2 0.9 5 0.4 49 0.3 72 0.4 86 0.9 88 0.8 
1630 26 0.4 41 0 58 0 66 0.9 
1634 63 0.9 87 0.8 
1803 31 0.5 40 0 42 0.6 59 0.6 82 0.8 86 0.3 87 1 
2016 7 0.3 36 1 37 0 65 0.7 84 0.9 86 0.3 94 0.6 96 0.3 97 0.7 
2033 85 0 
2129 6 0.5 11 0.3 
2326 4 0 17 0.5 25 0.5 
2338 2 1 44 0.5 53 0.6 69 1 75 1 82 0.5 
2510 12 0 32 0.3 55 1 60 0.9 65 0.5 79 0.5 85 0 87 0.5 99 0.5 
2841 90 0.3 
3252 12 0 25 0 34 0.5 53 1 59 1 81 0.5 93 0.8 
3302 13 0.6 
3327 3 0 16 1 22 0.3 47 0.3 53 0 77 0.9 96 0 
3389 0 0 4 0.7 41 0.6 44 0 54 0.5 60 0.8 93 0.8 
3545 3 1 4 0 23 0 26 0.4 37 1 93 0.5 
3567 1 0 27 0.3 35 0 69 0.6 
3828 2 0.5 33 0.6 81 0.8 
3887 41 0.3 45 1 65 0.6 69 0 
3895 49 0.7 50 0 77 1 88 0.6 96 0 
3924 11 0.8 44 0.5 77 0.9 78 0.6 
3975 16 0.3 27 0 67 0.5 74 0.3 
4018 37 0 63 0.3 71 0 79 0 
4078 28 0 32 0.8 57 1 96 0.4 
4267 4 0.9 13 0.6 26 0 31 0.5 44 0 45 0.7 60 0.8 85 0.4 
4626 62 0 
4654 52 0 
4811 29 0 32 0 
4893 0 0.7 12 1 38 0.6 62 0.6 73 0.6 98 0.9 
5108 8 0.9 49 0.8 65 0 69 0.8 70 0.4 71 0 89 0.3 94 0.7 96 1 
5135 11 0 12 0 18 0.9 27 0.9 32 0 70 0.7 90 0.7 
5500 0 0 20 0.4 23 0 29 0.3 35 0 46 0.8 77 0.5 99 1 
5540 33 0.5 35 0.5 83 0.8 
5565 59 0.3 98 0.8 
5639 20 0.9 29 0 30 0.7 66 0.5 72 0.7 
5703 9 0.3 99 0.3 
5820 12 0 62 0 83 0.8 92 0.6 
6022 3 0.4 14 0.4 19 1 78 0.5 84 0.5 
6046 13 0.7 52 0 58 0.8 97 0.5 
6082 32 0.5 74 0 78 0.3 82 0 
6330 49 0.4 
6575 11 0.8 19 0 24 0.8 37 0.4 41 0.8 53 0.7 76 1 94 0.9 95 1 
6887 1 0.4 14 0 50 0 58 0 80 0.5 92 0.7 
7040 18 0.6 37 1 41 0.5 52 0.5 58 0.8 
7224 11 0.5 46 0 
7236 74 1 
7284 83 0.6 89 0 
7296 71 0.9 
7302 36 0.6 40 0.8 49 0.4 60 1 
7412 0 0.9 32 0.9 46 0.6 52 0 65 0.3 80 0.3 88 0 89 0.8 97 0.7 98 0.4 
7425 8 0.9 
7523 5 0.3 13 0.8 14 0.5 58 0 92 1 
7771 2 0.8 3 0.5 17 0.4 18 0 19 0.9 25 0.8 30 0.3 36 0.9 56 0.8 87 0 
7772 1 0 7 0 11 0.6 17 0.9 30 0.4 55 0.6 56 0 70 0.9 82 0 
7808 8 0.9 17 0.3 21 0.6 70 0 87 0.7 99 0.4 
7991 22 0 74 0 
8130 93 0.3 97 0.8 
8162 30 0.3 68 0.7 
8175 69 0 86 0.8 
8223 68 0.4 
8245 25 0.8 29 0 35 0 36 0 44 0.4 49 0.5 63 0.7 71 0.7 74 0 85 0.3 
8399 4 0 7 0.4 57 0 67 0.7 68 0.9 73 0 85 0.7 95 0.7 
8509 16 0.8 29 0.6 30 0.8 57 0.7 88 0 95 0 97 0.6 
8553 9 0 87 0.7 90 0.7 
8631 7 0.3 17 0 30 0.4 62 0 72 0 76 0 
8657 0 0 26 0.4 40 0.4 42 1 49 1 70 0.5 85 0 89 0 
8967 13 0.5 15 0 47 0 53 0 65 0.5 70 0.4 77 0.7 79 0.9 
9095 19 0.5 36 0.7 38 0.3 40 0 51 0 67 1 69 0 85 0.7 90 0.4 
9143 4 0 40 0 44 0.6 50 0.8 51 0 72 0.9 76 0.4 79 0.6 82 0.4 94 0.5 
9149 2 0.3 4 0 7 0.8 10 0.7 29 0 44 0.9 45 0.3 77 0.7 95 0.9 
9276 11 0.8 50 0 52 0 
9296 2 0.5 18 0.4 25 0 42 0.8 44 0 95 0.4 99 0.3 
9449 37 0.8 99 0.5 
9517 47 0.6 88 0 
9619 3 0.4 27 0 75 0.3 84 0 86 0.3 97 0.5 
9720 42 0 48 0.5 84 0.5 
9829 59 0.8 61 0.6 84 0.9 86 0.3 
9932 9 0.8 36 1 98 0.8 
9965 77 0.8 88 0 
9968 71 0.8 
