100
16 16 1 23 0 34 0 66 0.3 76 0.6 91 0.3 92 1 
193 22 0.6 68 0.3 
417 19 0.3 23 0.7 33 0 35 0.4 41 0.3 42 0.5 60 0.4 62 0.6 73 1 77 0.6 
531 7 0.6 21 0 43 0.5 67 0.7 72 0 73 0.6 92 0.4 93 1 
562 11 0.7 17 0 33 0.8 46 0.7 49 0 51 0.9 81 0.7 86 0 
650 14 0.6 20 0 21 1 58 0 60 0.5 70 0.4 
708 0 0.5 50 0.4 56 0.5 64 0.7 90 0 
757 4 0.9 28 0.8 48 0.7 91 0.7 
843 7 0.4 38 0 84 0.6 
881 24 0.3 27 0 91 0 95 0 96 0.4 
932 4 0.6 81 1 
1753 2 0.5 5 0.6 33 0.9 38 0 40 0.5 45 0.8 48 0.5 68 0 83 0 98 0.7 
1827 0 0 35 1 57 1 
1837 4 0 27 0.6 28 0.4 48 0 60 0.8 63 0.4 94 0.8 95 0.5 96 1 99 0.6 
1883 5 1 7 1 13 0.9 14 0 45 0 46 0.7 61 0.6 69 0.5 72 0.6 
1911 28 0 39 0.7 88 0.9 
1928 8 0.6 25 0.3 36 1 54 0.6 55 0.8 70 0 96 1 
1936 77 0.3 83 0.8 
1969 4 0.7 73 1 82 0.8 
1995 35 0 37 0.5 39 0.5 45 0.7 64 0.4 77 1 
2024 2 0 10 1 24 1 43 0.4 
2056 70 0 79 0.9 
2244 9 0.9 29 0 40 0.8 68 1 76 0 91 0.4 92 0.3 
2324 13 0.7 27 0.8 30 0.7 62 0 81 0 
2494 12 0.6 13 0.5 36 0.3 43 0.3 
2548 15 0.6 55 0 60 0.4 72 0 82 0.6 93 0.8 99 0.6 
2590 0 0 6 0 23 0.8 26 1 37 0.3 61 0.3 69 0.6 
2652 8 0.3 11 0.8 30 0.7 37 0.4 49 1 80 0.8 
2697 2 0.6 7 0.4 21 0.9 48 0.6 83 0.6 91 0.9 94 0.3 97 0 
2729 24 1 32 0.3 38 0.8 42 0.4 61 0 
3035 14 0.5 18 0.6 36 0.5 38 0.9 78 1 83 1 84 0 
3052 7 0.3 
3094 0 0 4 0.4 6 0.4 20 0 30 0.8 34 0.9 42 0.5 66 0 83 0 98 0 
3272 3 0.6 20 0.7 21 0 32 0 37 0.3 44 1 52 0.6 53 0.8 
3284 17 0.8 30 0 33 0 64 0.5 66 0.8 86 0.8 
3311 43 0.5 47 0.4 63 0.6 69 0 71 1 84 0.9 87 0 92 0.8 
3462 15 1 22 0.9 32 0.6 36 0.6 39 0.7 59 0.8 95 0 
3578 6 0.3 10 0.4 15 0 34 0 40 0.5 61 0.3 67 0.9 80 0.8 85 0.4 86 0.6 
3727 18 0.4 43 0.7 51 0.8 59 1 73 0.8 99 0 
3864 9 0.3 14 0 34 0.6 48 0.5 65 0.4 
3915 21 0 59 0.9 62 0 77 0 81 0.7 96 0.3 
3953 48 0.4 
3960 4 0.4 15 1 41 0.8 51 0 53 0.3 60 0.4 65 0.7 86 0.4 97 0.4 
4017 3 0 29 0.5 34 0.3 37 0.6 47 0.3 50 0.5 56 0 65 0.8 78 0.6 
4078 28 0 32 0.5 57 0 96 0.9 
4130 7 0 18 0 20 0.7 23 0.7 27 0.7 29 0 38 0 74 0.5 95 0.7 
4264 7 0.7 31 0.9 35 0.4 61 0.3 
4287 17 0 18 0.7 26 0.3 34 0.6 40 0.3 98 0.6 
4546 67 0.4 86 1 
4737 5 1 28 0 43 1 78 0.4 
4919 47 0 64 0.5 66 0.3 87 0.3 
4970 9 0.6 13 0.9 22 0.7 23 0.3 25 0 31 0.8 53 0.9 90 0.4 
5015 2 1 22 0 49 0.7 62 0.6 75 0.7 79 0.7 80 0.7 87 0 
5104 10 0 22 0 23 0.3 43 0.9 65 0.4 74 0.3 90 0.4 94 0 
5202 4 0.3 50 0.8 56 0 61 0 78 0.4 90 0 
5369 15 0 32 0.5 34 0.9 41 0.9 71 1 72 0.8 
5431 19 0 26 0.9 28 0 43 0 49 0 50 0.3 77 0.9 88 0.3 95 0.3 
5812 40 0 80 0 
5834 2 0.9 27 0.8 28 1 29 0 50 1 66 1 99 0.6 
5875 7 0.3 
5954 17 0.7 23 0 45 1 
6012 17 0.3 26 1 89 0 90 0.7 
6048 3 0.5 
6241 53 0.7 95 0.6 
6265 30 0.7 35 0 40 1 52 0 83 0.7 89 0 91 0 
6540 9 1 11 0.5 20 0.6 34 0.9 44 0 52 0.6 57 0.6 68 0.4 70 0.8 77 0.6 
6602 14 0.6 47 0.4 63 0.6 71 0.8 76 0.5 81 0.6 
6893 37 0.8 41 0 47 0 50 0.6 59 0.7 94 0.4 96 0.6 99 0.4 
6943 9 0 21 0.6 25 0.8 34 0 38 0.9 53 0 54 0 
6957 27 1 36 0.4 47 0.9 72 0.5 75 1 80 0.6 82 0.4 
7024 35 0.3 42 0.3 76 0 89 0.5 
7169 23 1 51 0 68 1 87 0.6 
7177 35 0.4 53 0 63 0.8 
7180 52 0 60 0 64 0 74 0.6 81 0.5 
7475 0 0 2 0.3 20 0.3 28 0 42 0.4 50 0 54 1 
7681 11 0 18 0.5 21 0.8 32 0.9 34 0.4 44 0.4 66 0 67 0 88 0 98 0.3 
7717 21 0.5 71 0.5 
7740 29 1 97 0.5 99 0.9 
7920 9 0.6 31 0.7 35 0.6 57 0.7 62 0 
7975 9 0 13 0.5 62 0 78 0 
7981 1 1 5 0 6 0.3 7 0 16 0.4 17 0.9 26 0.7 72 0.4 97 0.6 
8054 1 0.5 6 0.5 23 0.9 34 0.9 40 0 44 0.5 45 0.4 65 0.7 82 0 94 0.9 
8117 17 0.5 39 0.4 47 0 
8189 9 0 14 0.8 21 0.6 38 0.5 73 0 88 1 
8237 11 1 13 0.7 52 0.6 69 0.6 77 0.8 
8239 13 0.6 30 0.4 42 0.5 51 0 62 0.9 69 0.9 72 0 81 1 
8240 9 0.3 18 0.3 34 0 36 0.5 81 0.7 
8475 11 1 29 1 32 0.9 45 0 57 0.6 67 0.3 86 1 91 0.5 96 0 
8601 19 0.7 
8727 7 0.7 15 1 27 0 29 0 57 0.5 81 0 97 0 
9131 18 0.8 94 1 97 0 
9273 25 1 83 0.8 
9430 11 0 43 0.3 46 1 49 0.5 59 0.3 65 0.8 74 0.8 81 0.4 
9518 12 0 16 0 53 0 
9528 7 0.8 38 0.4 53 1 64 0 66 0.6 95 0 
9726 22 0.8 94 0.9 
9835 27 0 51 0.7 52 0.8 55 0.8 80 0 87 0.5 
9859 8 0.4 23 0.5 34 0.6 44 0.6 
9922 58 1 71 0.6 
9945 6 0 22 0.9 26 0 43 0.8 75 0 
