100
386 5 0 17 0.7 55 0 68 0.7 76 0.5 78 0.4 88 0.8 
409 8 0.4 10 0.5 45 0.7 62 0.3 72 0.3 81 0 
435 84 0 90 0.7 
478 57 0.5 62 0.3 81 0.6 
550 36 0.5 64 0 86 0.5 
659 50 0.5 88 1 
679 52 0 71 0 82 0 
1125 11 0.6 35 0 47 1 77 0.9 82 1 
1156 14 0.4 18 1 23 0.5 47 1 53 0 93 0.6 95 0 
1262 31 0.9 38 0.8 41 0 
1432 10 0.8 17 0.8 23 0 53 1 59 0.7 60 0.4 70 0.5 82 0.5 
1438 17 1 24 0.6 49 0 57 0 61 0.6 63 0.3 68 0.9 77 0.5 84 0.5 
1593 22 0.4 33 0.8 35 1 47 0.5 54 0 63 0.5 78 0 
1888 62 0.5 67 0.8 
1919 3 0 19 0 26 0.7 40 1 45 0.8 60 0.8 61 0.7 
1928 8 0.9 25 1 36 0 54 0 55 0 70 0.8 96 1 
2183 2 0.3 10 0.5 15 1 25 0 32 0.7 47 1 55 0 58 0.7 63 0.9 74 0.6 
2241 2 0.4 8 0.8 21 0 50 0.8 53 0.9 63 0 64 0.3 73 0.5 83 0.9 
2270 93 0.4 
2353 4 0.4 10 0.3 26 0.7 39 0.8 51 0.5 76 0.9 82 0.8 97 0.7 
2424 13 0.9 16 1 36 0.5 40 0.9 53 0 64 0 
2457 9 0.4 44 0.4 87 1 
2492 2 0 3 0 16 1 49 0.7 53 0.9 58 1 70 0.6 88 0.4 95 0.4 99 0 
2600 41 0.4 55 0.9 58 0 80 0.7 
2609 26 1 41 0.3 43 0 57 0 78 1 
2659 27 0.5 37 0.3 43 0.3 47 0.9 77 0.8 84 0.4 85 0.3 88 0 
2705 11 0.3 27 0 45 0.9 65 1 94 0.8 
2828 2 0.8 5 0 15 0.6 22 0.5 23 0.3 27 0.4 64 1 91 0.8 97 0.4 
2884 14 0 48 0.8 49 0.4 57 1 68 0.9 72 0.4 85 0.8 94 0.9 95 0.3 
2968 87 0 93 0.7 
2974 17 0.6 92 1 
3200 40 0.5 
3297 51 0 67 0 72 0.6 
3302 13 0.8 
3323 2 0.4 22 0.5 35 0.9 45 0.9 56 0.8 60 1 71 0.3 84 0.3 94 0.4 
3428 94 0.8 
3467 10 0.7 69 0.6 93 0.6 94 0.5 
3613 52 0.6 58 0.3 63 0.7 
3692 65 0 81 0.9 
3695 17 0 21 0.4 22 0.5 30 0 46 1 59 0 64 1 96 0.4 
3839 34 0.8 50 0 57 0 65 0 89 0.7 
3977 6 0 17 0.9 20 1 27 0.4 30 0 34 0.5 37 0 38 0.7 45 0.6 81 0 
4054 72 0.3 95 0.4 
4459 4 0 19 0.8 44 0.6 61 0 
4489 14 0.8 19 0.4 41 0.5 90 0 
4603 5 0.3 40 0.4 69 1 
4658 38 0.6 90 0 
4704 78 0.9 
4909 18 0.4 20 0 27 1 34 0.8 
4990 32 0 40 0.3 95 0.7 
5169 23 0.9 32 0.8 43 0.6 52 0.4 67 0.3 97 0 99 1 
5216 8 0.7 21 1 44 0.3 56 0.5 66 0.3 72 1 73 0.9 74 0 75 1 98 0 
5226 4 0 14 0 22 0.8 25 0.6 51 0.9 60 0.5 88 0.9 90 0.7 92 0.8 98 0.7 
5338 0 0.5 20 1 33 0 57 0 74 0.5 89 0.3 
5404 5 0 15 0.7 25 0.3 32 0.4 33 0.8 41 0.4 48 0.7 57 0.5 82 0 
5575 34 0.4 
5676 3 0 23 0.3 62 0.8 91 0.4 95 0.9 96 0.4 98 0 
6081 5 0.4 8 0.6 16 0.3 18 0.5 19 0.8 21 0 25 0.6 39 0.4 49 0.6 59 0.7 
6191 29 0 60 0.6 76 0 94 0.9 
6257 30 0.7 42 0.6 53 0 71 0.8 72 0.6 85 0.7 96 0.4 
6673 39 1 40 0 86 0 
6695 81 0.6 
6726 5 0 27 0 87 0.3 94 0 
6763 22 0.7 47 0.5 79 0.6 
6800 50 0 59 0.8 60 0.5 62 0 96 0.5 
6814 0 0.7 6 0.8 20 0.4 26 0.5 29 0 34 1 57 0.8 87 0.4 98 0.5 
7494 30 0.8 33 0.3 35 0 88 0.5 92 0.7 
7550 31 0.9 
7584 5 0.8 67 0 89 0.8 91 0 
7621 23 1 41 1 71 0.9 93 0 
7756 18 0.6 29 0.6 34 0 76 1 99 0.3 
7863 3 0.7 5 0.5 18 0.4 22 0.9 39 0 40 0.6 50 0.9 57 0.8 61 0 72 1 
7886 11 0.3 42 1 44 0.3 91 1 
8165 8 0 16 1 59 0.3 75 0.6 
8323 34 0 36 0 56 0.3 61 0 62 0.6 66 0.3 85 0 94 0.9 99 0 
8404 7 0.9 10 0.6 13 1 22 0 53 0.4 71 0 81 0 82 0.9 
8412 27 0.5 30 0.9 50 0 57 0.8 71 0.7 
8445 27 0 38 0.6 51 0.9 
8460 6 0 19 0.9 20 0 51 0 64 0.5 72 0.3 73 0.9 74 0 86 0.9 90 0.8 
8500 9 0.7 11 0 58 0 59 0.7 60 0 62 1 93 0.6 
8532 8 0.5 53 0.4 86 0.3 91 0.9 
8594 15 0 26 0.3 51 0.6 64 0 76 0.4 79 0.5 91 0.8 
8652 26 0 
8665 6 0.3 36 0.5 59 0.5 60 0.9 
8840 19 1 31 0 84 0.9 
8991 14 0.6 25 1 34 0.4 51 0.3 56 0.4 75 0.3 84 0.3 
9013 11 0 27 1 30 0.9 31 0 58 0.3 77 0.7 
9095 19 1 36 1 38 0.8 40 0.6 51 0 67 0 69 1 85 0.6 90 0.5 
9208 4 0 11 0 21 0.3 29 0.8 46 0 65 0.7 77 0 83 0.4 
9418 11 0 
9472 12 0.3 27 0.3 38 0.3 40 0.8 43 0.7 71 0 
9516 5 0.9 6 0.4 10 1 22 0.3 47 0.5 52 0.7 70 0.9 74 0.9 86 0.5 88 0 
9604 2 0.8 15 0.3 46 1 48 0.6 76 0.4 80 0 93 0.4 
9615 21 0.5 38 0 86 0 
9662 9 0 24 0.7 36 0.5 43 0.6 60 1 74 0.5 75 0.8 84 0 97 0 
9693 4 0.8 13 0.3 75 0.8 
9811 4 0.9 23 0.7 88 0.9 
9914 19 0 42 0.5 43 0.4 46 0 52 0.6 54 0.4 62 0.3 67 0.8 70 0.5 78 0.8 
9962 18 0.4 48 0.4 87 0 95 0.8 
9990 54 0 57 0.5 61 0 87 0.3 91 0.9 92 0 
