100
76 14 0 42 0.4 49 0.5 59 0.7 60 0 61 1 64 0.9 67 0.5 93 0.8 
213 1 0 
255 11 0.4 
265 2 0.5 35 0 88 0.8 91 0.8 
346 36 0 
546 6 0.3 55 0 
592 1 0 5 0 19 0 21 1 68 0.6 88 0.3 90 0.7 
720 0 0.7 2 0.5 6 0.4 38 0.4 50 0.6 71 0 93 0.3 99 0 
724 63 1 69 0.6 87 0.8 
751 24 0 25 0 27 0.7 54 0.7 83 0.4 86 0.5 93 0.7 97 0 
926 27 1 35 1 37 0.3 48 0.5 50 0 92 0.3 
961 4 0.7 59 0.7 76 1 82 0 84 0.3 
993 30 0.8 39 1 41 0.8 46 0.3 47 0 51 0.3 67 0.8 69 0 
997 12 0.9 14 0.8 
1116 3 0 16 0.8 22 0.6 41 0.9 71 0 88 0.4 
1272 15 0 22 0.6 31 1 36 0.5 56 0.4 57 0.5 58 1 65 0.3 86 0.5 88 0 
1383 10 0 67 0.8 94 1 99 0.5 
1394 7 1 13 1 15 0.7 41 0 54 0.8 64 0.8 84 1 
1419 12 0 
1429 24 0.3 27 0 42 0.8 51 0.5 91 0 
1439 51 0.7 58 0.3 65 0 73 0.5 80 0.7 86 1 90 0 
1625 22 0 26 0 42 0.6 67 0.7 80 0.7 
1631 19 1 75 0 76 0 
1682 91 0 
1751 3 0.6 17 0.8 25 0.4 51 0.5 57 0.3 67 0.8 75 0.8 
1794 1 0 19 0.3 22 0.4 58 0.3 
1843 6 0.4 10 0 12 1 19 0.3 31 0 44 0 46 0 48 0.5 74 0.6 93 0.3 
1866 5 0.7 16 0.8 42 0.5 68 0.7 
2188 63 0.6 
2274 13 0.9 31 0.8 53 0.8 
2320 7 0.5 19 0.6 22 0.8 42 0.4 50 0.8 64 0 84 1 90 0.5 92 0.3 
2394 13 1 19 0.9 77 0 
2464 7 0.5 
2472 86 0 
2539 12 0.3 13 0.4 19 0.9 22 0 93 0.5 97 0.3 
2542 3 0.3 16 0 26 0 27 0.6 66 0.4 69 0.6 77 0.4 89 0.4 
2558 8 0.9 13 0.9 26 1 56 0 57 0.6 60 1 71 0.3 72 0.7 94 1 
2686 2 0.6 9 0.9 32 0.3 75 0 
2714 5 0.8 56 0 
2922 97 0 
2952 32 0.4 50 0.5 51 0.9 55 0.8 67 0.9 68 0.6 94 0.8 
3075 63 0.7 65 0.5 89 0.5 91 0.3 98 0.6 
3135 33 0.4 91 0.8 
3252 12 0.7 25 0.3 34 0.4 53 0.8 59 0.3 81 0.6 93 0.4 
3428 94 0.5 
3488 3 0.7 43 0.6 44 0 
3577 52 0.9 68 0.4 78 0.6 
3666 11 0.8 38 0.6 46 0 65 0.6 79 0.6 84 0 89 0.8 98 0.7 
3810 27 0.5 40 0 54 0 97 0 
3811 17 1 61 0.5 67 0 87 0.6 
3923 7 0.6 14 1 65 0.7 70 0.7 72 1 
3972 5 0.9 26 0.3 48 0 74 0.5 87 0 90 1 
4084 85 0.3 89 0.6 94 0.5 
4117 23 0.6 54 0 57 0 82 0 
4340 18 0 46 0.6 80 0.5 81 0 85 0.9 
4528 13 0 22 0 36 0.8 43 0.6 44 0 51 0.4 52 0 65 1 97 0 98 0 
4574 10 0.9 52 0.9 77 0.6 85 0.8 86 0.6 
4636 4 1 43 0.3 94 0 95 0.7 
4666 15 0.8 19 0 31 0.4 48 0.7 58 0.4 65 1 75 0.8 80 0 81 0 
4716 2 0.3 44 0.8 52 1 55 0.6 78 1 95 0.8 
4979 7 0.3 56 0 77 0.4 96 0.6 
5075 4 0.4 16 0.3 19 0 25 0 28 0.4 33 0 46 1 59 0.5 79 0.7 88 0 
5084 70 0 73 0.6 
5165 11 0.4 18 1 27 0 29 0.7 37 0.5 72 0.6 82 0.4 
5199 24 0 33 0.8 74 1 88 0.7 
5373 8 0.9 9 0 13 0 86 0 94 0.8 
5395 16 0 20 0.8 39 0.9 50 0 51 0.3 62 1 67 0.6 
5583 2 0.7 19 0.9 29 0.7 41 0.9 75 1 77 0.9 
5740 13 0.5 15 0 16 0.6 36 0 41 0.7 57 0.5 60 1 79 0.5 80 0.6 87 0.7 
6052 13 0 15 0.4 18 0 33 0.7 45 0.7 71 0.3 79 0.9 86 0 89 0.3 95 0.4 
6056 6 0.8 37 0 40 0 47 0 61 0.3 97 0 99 0.4 
6158 11 0.4 55 0 64 0 75 1 90 0.6 91 0.9 
6369 54 0.3 
6536 26 0.9 55 0.4 
6573 10 0.4 22 0.3 35 0.4 52 0.3 67 1 68 1 87 0.9 99 0 
6580 1 0.5 11 0.4 14 0 49 0.7 85 0.7 86 0 88 0 
6642 2 0 6 0.9 11 0.4 12 0.6 14 0.3 19 0.9 43 0 63 0.9 97 0.9 
6663 2 0.6 39 0 
6985 16 0 21 1 23 0.5 44 1 66 0.9 79 1 
7056 17 0 21 0.7 24 1 27 0 33 0 45 0.4 46 0.5 48 0 58 0 64 0.7 
7059 10 0.8 32 0.3 34 0.5 39 0.7 41 0 68 0 98 0 
7080 13 0.6 27 0.4 
7224 11 0.7 46 0.8 
7392 9 0.4 12 0 20 0.9 29 0 39 0.5 52 0.8 78 0.7 80 0.7 91 0 
8033 39 0.8 44 0.5 47 0 49 0.7 50 1 81 0.6 85 0.8 92 0 
8478 10 0.7 24 0 32 0 48 0.3 50 0 59 0.7 60 0 61 0 82 0.9 83 0 
8641 38 0 51 0 77 0.8 86 0.6 
8733 28 0 41 0.9 52 0.5 60 0.6 65 0.3 82 0 94 0.8 
8808 15 0.5 
8888 3 0.7 10 1 35 0.3 40 0.9 45 0 56 0 58 0 64 0.4 83 0.4 
8892 25 0.4 37 0.5 41 0.4 97 0 
8997 38 0.4 82 0.8 
9115 32 0.3 
9168 5 0.9 58 1 63 0 67 0 
9421 35 0.4 46 0.4 
9764 67 0 
9869 3 0.6 9 0.6 15 0.7 42 0 74 0.3 85 0.3 96 0 98 0 
9921 5 0.4 14 0.5 51 0.5 62 0.5 63 0.9 85 0.7 
9945 6 0 22 0.3 26 0 43 0.5 75 0 
9969 89 0.9 
