100
50 16 0 79 0.7 
139 0 0 10 0 28 0.5 30 1 45 0.3 47 0.7 58 0.5 69 0.5 92 0.8 
232 34 0.8 
355 4 0 5 0 14 0.3 29 1 42 0.9 56 0 60 0.9 73 0 77 0.6 
427 31 0 32 0 47 0.3 50 0.3 64 0.8 66 0 68 0.7 72 0.8 74 0 96 0.8 
587 10 0.5 29 0.8 31 0.4 37 0 50 0.3 58 0 80 0.8 
602 13 0.7 19 0.6 27 0.9 43 0.5 66 0 97 0.7 
762 43 0.9 75 0 99 0.3 
813 15 0.8 
848 40 0.3 62 0.7 68 0 70 0.6 74 0.3 76 0 79 0.8 93 0.3 95 0.4 
879 36 0.8 95 0.4 
980 0 0 20 0 57 0.6 58 0.4 69 0.3 78 0.8 94 0.3 98 0.4 
1118 13 0.8 33 0.4 37 0.6 
1125 11 0.5 35 0.7 47 0.4 77 0.3 82 0.9 
1154 1 1 2 0.9 5 0.4 22 0.5 24 0.6 26 0.5 79 0.7 
1353 32 0.7 36 1 44 0.3 46 0 51 0.5 57 0 65 0 74 0 
1495 65 0.4 75 0 
1541 68 1 82 0 91 0.4 
1576 18 0.8 28 0.6 32 0.3 48 0 58 0.4 60 0.6 99 0.7 
1697 17 0.6 43 0.8 58 0.7 
1796 20 0 45 1 54 0.4 72 0.8 91 0 98 0.4 
1821 11 0.8 40 0 44 0 58 0 61 0 66 0.5 74 0.4 98 0.5 
1869 2 0.3 13 0.3 16 0.8 17 1 25 0.3 26 0.8 27 0 49 0.9 70 0 91 0.6 
1912 7 0.9 14 0.5 38 1 39 0.8 67 0.5 70 0.8 71 0.8 72 0 88 0.7 98 0 
2008 5 0.7 6 0.6 15 0.7 46 0 47 0.4 52 0.8 
2055 11 1 23 0.5 34 0 39 0 52 0.5 58 0 68 0 90 0.6 
2079 3 0 16 0 62 0 67 0.8 82 0.6 84 0 91 0 92 0 93 0.9 
2091 4 0.3 18 0 45 1 50 0.3 55 0.4 59 0.4 
2107 5 0.8 16 0.3 29 0.4 37 0.5 53 0.9 55 1 70 1 75 0.6 
2152 3 0 72 0.4 
2273 1 1 22 0.9 26 0.4 27 0.9 28 0.6 58 0 67 0.6 72 0.3 81 0.6 88 0 
2340 7 0 43 0.3 75 0.7 99 0 
2402 0 0 14 0 20 0.4 30 0 39 0.4 75 0.9 92 0.6 99 0 
2435 8 0.5 13 0.8 14 0.6 22 0.3 37 0.3 61 0.6 79 0 82 0 
2520 8 0 13 0.4 40 0 69 0.9 75 0 82 0 83 0.9 86 1 91 0.6 
2625 32 0 
2690 11 0.8 24 1 35 0.9 39 0.8 51 0.3 62 0.7 78 0.4 82 0.7 
2710 45 0.9 
2814 13 0.9 38 0 39 0.7 47 1 69 0 75 0.3 91 0.7 
2838 24 0.9 48 0 51 0.7 58 0.3 63 0 69 0.5 92 0 97 0.6 
2841 90 0.6 
2849 8 0.6 10 0.5 35 0.9 38 0.6 41 0.9 50 0.9 74 0 
2863 47 0.7 70 0.9 88 0.3 
2914 9 0.3 32 1 46 0 
3367 7 0.9 8 0.4 11 0.9 22 0.9 31 1 61 0.6 63 0 64 0.7 86 0.3 
3428 94 0 
3473 14 0.7 17 0.7 36 0.3 68 0 74 1 80 0.4 97 1 
3545 3 1 4 0.5 23 0.6 26 0.4 37 0.9 93 0 
3557 1 0.7 17 0.4 28 0.7 90 0 96 0.5 
3563 17 0.6 28 0.3 40 0.9 86 0.3 87 0.8 
3671 5 1 11 0.9 18 0.6 47 1 57 0.4 66 0.5 86 0.8 96 0.3 
3802 21 0.8 40 1 55 0 60 0 67 0.7 70 0.5 78 0 85 0.4 92 0.3 
3803 2 0 7 0.8 67 0.9 71 0 73 0.8 80 0.7 84 0.7 85 0.5 94 0.6 97 0.7 
3989 41 0.6 55 0 63 0 81 0.3 
4068 97 0.3 
4097 4 0 61 0.8 77 0.6 90 0 97 1 
4324 20 0.8 38 0.4 48 0.4 65 1 88 0.3 
4416 13 0 24 0.5 32 0.5 68 0.3 70 1 82 0.6 90 1 
4424 16 1 18 0.3 32 0.8 52 0.7 78 0 80 0.4 91 0.5 
4676 2 0.7 5 0.6 17 0.7 26 0.5 34 1 44 0 50 0 89 0.6 97 0.4 
4719 16 0.3 21 0.8 37 0.3 38 0.5 45 0.9 55 0 57 0 65 0.5 75 0 
4831 2 0.7 29 0 33 0.5 48 0.6 66 0.8 74 0 83 0.7 
4925 4 0.6 26 0 32 1 33 0.5 37 0.7 51 0.7 54 0.3 66 0 77 0.8 86 1 
5019 15 0.3 39 1 54 0.9 96 0 
5241 13 0.5 34 0 41 1 
5386 0 0.4 10 0.4 19 0.9 22 0 31 0.6 37 0.9 60 0.9 69 0.6 76 0.6 
5549 2 0 8 0 55 0.3 
5595 19 0.7 24 0.9 35 0 42 0.4 52 0.8 58 0.5 66 0.7 77 1 97 0.7 
5649 6 0.9 13 0.6 19 0 33 0.6 38 0.9 40 0 52 1 53 0.7 78 0.6 94 0.4 
5695 11 0.7 17 0.3 41 0 69 0.5 
5910 10 0.4 17 0 37 0.8 53 0 68 0 70 0 74 0.3 89 0.3 
6328 2 0 22 0 65 0.9 84 0.3 88 0.9 99 0.8 
6626 19 1 20 0.5 37 0.8 42 0 68 0.6 71 0.3 93 0.8 94 0.9 
6889 5 0.3 6 0.3 77 0.3 90 0.7 92 0.3 
6950 8 0 10 0.3 37 0.3 53 0.6 72 0.5 76 0.9 93 0 97 0 
7209 5 0 6 0.7 25 0.4 62 1 67 0 87 0.3 
7240 1 0 21 0.7 39 0.9 57 0.7 61 0.9 63 0 68 0.4 84 0.9 85 0.8 99 0 
7251 17 0.7 27 0 35 0 53 0.5 78 0.8 89 0.9 
7320 4 0.5 18 0.3 27 0.5 64 0.6 70 0.8 74 0.3 78 0.5 88 0.9 
7343 22 0.3 53 0.3 69 0.8 
7669 38 0.3 88 0.7 89 0.7 
7692 30 0.7 
7747 74 0 
7830 36 0.6 
7896 16 0 19 0 35 0.8 45 0.9 51 0 74 0.9 75 0.5 87 0 96 0.6 
7987 86 0.8 
8003 3 0.7 17 0.7 41 0 49 0 51 0.8 52 0.7 61 0 91 0 95 0.6 
8032 0 0 3 0 5 0.8 14 0.9 16 0 32 0.5 39 0 46 1 83 0.6 91 0.5 
8098 22 0.7 50 0.4 57 0 74 0 88 0 98 0.3 
8243 20 0 44 0.4 51 0 80 0 97 0.3 98 1 
8434 5 0 36 0.4 39 0.7 52 0.4 54 0 64 0.5 
8435 37 0 75 0.7 
8723 65 1 
9225 36 0.5 77 1 
9420 1 0.9 16 0 32 0.7 51 0.9 66 0.9 88 0.8 
9471 46 0 56 0 69 0 86 1 
9827 3 0.6 28 0.7 33 0.7 36 0 60 0.5 67 0.6 71 0.7 87 0.3 88 0 89 0.9 
9842 2 0 28 0 56 0.3 72 0.7 86 1 
9883 4 0.6 7 0.9 24 0 33 1 37 1 39 0.8 48 0 66 0 84 1 
9897 71 0 88 0.3 91 0.5 99 0.4 
