100
131 6 0.4 11 0.6 16 0.9 25 0 28 0.3 41 0 91 0.3 
322 34 0 41 0.7 42 0 70 0.4 84 0.6 97 0 
390 6 1 18 0 54 0.7 58 0.4 59 0.3 98 0 
429 33 0.9 94 0.6 
451 4 0.4 29 0.9 30 0.3 34 0.7 35 0 39 0.3 43 0 92 0 
575 53 0.6 62 0.8 92 0 
586 0 1 1 0.9 18 0 30 0 37 0.7 93 1 
602 13 0.7 19 0.7 27 0.6 43 0 66 0 97 0.3 
720 0 0.4 2 0.5 6 0.5 38 0 50 0.3 71 0.3 93 0.9 99 0.8 
873 26 0.3 49 1 50 0.6 51 0.3 67 0.8 74 0.7 86 0.8 
901 39 0.6 82 0.3 89 0 
1058 6 0.4 19 0 27 0.8 31 1 44 0.4 58 0.6 75 0.9 81 0.6 
1078 0 0 99 0.7 
1083 9 0.4 11 0.7 50 0.7 53 0.3 74 0.5 82 0 99 0 
1106 17 0 27 0 51 0 80 0.7 92 0.8 
1149 23 0 44 0.4 
1175 0 0.4 9 0.7 14 0 18 0.4 30 0.8 51 0.9 80 0.6 82 0.5 
1192 2 0.7 26 1 46 0.4 72 0.8 94 0 
1315 73 1 91 0.5 
1355 3 0.7 24 0.7 26 0.4 47 0.8 72 1 73 0.4 
1497 12 0 46 0 72 0 90 0.4 
1539 39 0.5 50 0.8 59 0.3 
1631 19 0.9 75 0 76 0.5 
1640 2 0.7 6 0.5 8 0 25 0.3 27 0.9 81 0.9 84 0 93 0.3 
1727 14 0.6 50 0.9 52 0.4 62 0.9 65 0.4 73 0.7 77 0 97 0 
1768 7 0.4 12 0.6 14 0.5 33 0 46 0.3 52 1 74 0.8 88 0 96 0.7 
1777 1 0.6 39 0.8 60 1 82 0.4 94 0.4 
1786 10 0.4 15 0 21 0.3 
2109 51 0.4 86 0.9 88 0.9 
2173 28 0 36 0.8 71 0 98 0.6 
2203 10 0 23 1 32 0.3 36 0.3 67 0.9 76 0.4 77 0.7 86 0 94 0 99 0.7 
2280 88 0.8 
2499 5 0.6 23 0.3 28 0.8 61 0 62 0.7 66 0.8 74 0.4 80 0 88 0.4 95 0.7 
2526 1 0.9 6 0.9 28 0.8 34 1 38 0.5 43 0 58 0 90 0.9 
2655 51 1 66 0.7 
2676 0 0 24 0.3 44 0.6 51 0.8 63 0.4 81 0 84 0.8 87 0.6 94 0.7 
2806 41 0.5 42 0.9 51 0 69 0 82 0 
3094 0 1 4 0.3 6 0.4 20 0.3 30 0 34 0.5 42 0.7 66 0.8 83 0.5 98 0.3 
3127 0 0 14 0.9 20 0.7 33 0 52 0.3 56 0 61 0.5 75 0 
3277 88 1 
3282 27 0.5 38 0.9 66 0.9 90 0 97 0 98 0.9 
3306 1 0.9 20 1 27 0.4 31 0 45 0.6 54 1 60 0 81 0 86 0.8 
3504 11 0 22 0.6 51 0.9 54 0.5 88 1 90 0 98 0.8 
3794 5 0.9 17 0 43 0.9 69 0.5 72 0.8 
3878 3 0.6 68 0.4 81 0 
4094 5 0 8 0.4 12 0.7 19 0.4 25 0.3 36 0.5 62 1 92 0.7 
4707 1 0 18 0.8 25 0 35 0 40 1 42 0.4 53 0.5 57 0.3 
4806 2 0.4 65 0 70 0.4 
5032 0 0 6 0.4 75 0.8 89 0.9 
5134 5 0.5 10 0.6 14 0.6 31 0 49 0.9 63 0.9 74 0.9 83 0.9 88 0.9 94 1 
5146 18 0 37 0.4 40 0.8 41 0.8 61 0.4 
5251 16 0 29 0.3 67 0.7 
5521 20 0 54 0 72 0.6 73 0.6 76 0.5 
5540 33 0.6 35 0.4 83 0.8 
5582 3 0 16 0.9 37 0.9 43 0.4 50 0.9 68 0.5 69 0 71 0 75 0.9 
5623 20 0.5 47 0.6 91 0 
5626 3 0.9 11 0.8 26 0.8 35 1 39 0 61 0.6 71 0.9 87 0 92 0.8 
5786 5 0.4 17 0 18 0.5 23 0.3 31 0 38 0 40 0.3 57 0.3 92 0.7 
6154 9 0.8 12 0.4 27 0 28 0.6 35 0 73 0 78 0.4 
6362 47 0.5 50 0.5 56 0 57 1 60 0 65 0.9 82 0 84 0 
6420 64 0 
6689 5 0 13 0 15 0.6 29 0.6 63 0 71 0.4 87 0.8 88 0 91 0.4 
6784 8 0.5 11 1 13 0.9 23 0.7 58 0.4 74 0.3 77 0.7 80 0.4 86 0 
6853 41 0 60 0.9 78 0 79 0 86 0.8 93 1 
6957 27 0.6 36 0.3 47 0.9 72 0.3 75 0.6 80 0.9 82 0 
7083 10 0.4 20 0 55 0.8 69 0.6 75 0 88 0.8 90 0 97 0.3 
7179 46 0.6 71 0.5 89 1 
7313 9 0.4 14 0.9 20 0 31 0 44 0.5 
7481 40 0.9 42 0.9 55 1 
7496 7 0.9 15 0 23 0.7 28 0.8 33 1 65 0 
7562 52 0 90 0.7 98 0 
7569 6 0.6 9 0 13 0 18 0.3 38 0.5 48 0 
7581 5 0.3 40 0.8 57 0 
7612 1 0.6 8 1 17 0.3 34 0.7 53 0 
7622 45 0 
7680 12 0.7 36 0.8 54 0 67 0.8 72 1 76 0.4 77 0.3 82 0 91 0.4 99 0.7 
7687 21 0.3 28 0 30 0 32 0.5 49 0.5 63 1 71 0.6 83 0.3 
7729 7 0.6 8 0.5 13 0.6 26 0.6 52 0.5 55 0 74 0 
7774 3 0.7 6 0.6 13 0.5 18 1 20 0.3 35 0.6 42 0 44 0.8 57 0 79 0 
7979 29 0.3 33 0.3 52 0.3 80 0.5 
8102 18 0.3 22 1 90 1 
8171 7 0.4 10 0 12 0.6 19 0 37 0.6 54 0 57 0 72 0.5 85 0.6 88 0 
8245 25 0 29 0.7 35 0 36 0 44 0.7 49 0.5 63 0 71 0.9 74 0 85 0.9 
8329 11 0.7 19 0.6 27 0.6 42 0.4 
8369 19 0 24 0.5 26 0.6 39 0.7 51 1 53 0 58 0.3 78 0.8 
8400 41 0.4 
8424 20 0 43 0.3 63 1 68 0.9 99 0.5 
8446 10 0.6 64 0.8 68 0.4 75 1 96 0.7 
8503 9 0.9 12 0.3 15 0.4 22 0 33 0 41 0 55 0 56 0.7 81 0 95 0.4 
8615 62 0.7 88 0.8 
8740 13 0 14 0.9 16 0.7 22 0.8 24 0.5 26 0 37 0 46 0.3 72 0.9 90 0.7 
8810 6 0.5 45 0.6 68 0.3 99 0.5 
8917 6 0.7 10 0.6 51 1 82 0.9 83 0 87 0.8 
8982 0 0 3 1 34 0.4 38 0.4 53 0 79 0.4 99 0 
9011 3 0 6 0.8 31 0.4 45 0.5 52 0.7 60 0.7 61 0 87 0 99 0.6 
9207 45 0.9 55 0 57 0.8 73 0.5 85 0 
9474 4 0 26 0.4 36 1 51 0.3 89 0 94 1 
9585 6 0.5 32 0.6 95 0 
9726 22 0.4 94 0 
9878 4 0.4 8 0.9 15 0.3 16 0.7 25 0.8 37 0 54 0 95 0 
