100
71 7 0.7 17 0 42 1 59 0 76 1 79 0.7 85 0.5 95 0 
159 0 1 11 0.9 15 0.6 17 0 18 1 22 0.3 64 0.8 75 0.8 90 0.6 96 0.8 
312 95 0.6 
324 56 0 84 0 
329 1 0.4 
364 11 0.3 
373 78 0.3 90 0.7 
432 1 0.7 14 0.8 29 0.9 32 0.8 78 0 80 0.5 85 0.4 87 0 92 0.8 
440 1 0.8 7 0.8 8 0.7 17 0 35 0.6 39 0.9 55 0.5 72 0.9 73 0.7 77 0 
453 15 0.4 64 0.8 87 0.8 99 0.3 
497 24 0.7 32 1 55 0.5 59 0.6 69 0.9 76 0.6 77 0 84 0.7 99 0.8 
714 11 0.3 35 0.9 46 0.7 
746 0 0.8 16 0.8 20 0.5 31 0.4 88 0 
887 39 0.5 62 0 65 0.4 96 0.6 
906 0 0 6 0.3 30 0.5 34 0.6 35 0 37 0.5 39 0.4 66 0 67 0.9 81 0.9 
980 0 0 20 0.8 57 0.9 58 0.5 69 0.7 78 0.9 94 0.4 98 0 
1226 0 1 24 0.7 25 0 32 0 45 0 50 0.8 85 0.3 87 0.6 92 0 96 0 
1267 0 1 18 0.4 29 1 34 1 57 0.6 63 0 88 0.3 
1390 71 0 
1411 15 0.9 20 0.9 23 0.5 29 0.7 83 0 88 0.4 91 0 95 0.5 97 0.6 
1621 8 0.8 87 0 
1640 2 0.4 6 0.4 8 0.5 25 0.7 27 0.4 81 0 84 0.8 93 0 
1680 15 0 18 0.9 43 0.3 44 0.9 58 0 
1985 5 0 16 0.6 43 0.6 49 0.5 67 1 98 1 
2221 8 0.7 49 0.4 52 0.4 65 0 93 0 97 0.4 98 0.5 
2222 1 0.9 12 0.7 54 0.3 57 0.9 66 0 76 0.7 82 0.3 85 0.4 99 1 
2450 84 0 88 1 
2461 2 0.3 5 0 18 0.4 22 0.7 24 0.4 42 0.8 55 1 58 0 79 0.7 92 0.6 
2550 43 0.5 
2655 51 0 66 0 
2750 93 0.6 
2772 77 0 
2793 19 0.9 56 0.5 
2826 8 1 12 0.8 29 0.6 31 0 74 0.3 99 0 
3277 88 0 
3368 13 0 81 1 
3387 17 0.4 25 0.4 66 0.8 94 0.3 95 1 
3617 68 0.9 78 1 
3730 90 0.3 
3739 28 0.5 32 0 33 0.4 38 0.3 58 0 87 0.9 88 0 99 0 
3878 3 0 68 0.8 81 0 
3957 3 0.7 18 0 19 0.4 51 0.3 56 0.7 59 0.5 61 0.7 89 0.3 
3980 4 0 21 0 28 0.8 36 0 40 0 49 0.7 52 0.3 67 0 87 0.5 
4020 9 0.6 25 0.5 43 0.6 75 0.7 83 0.9 94 0.9 
4065 61 0.6 71 0 
4194 16 0.3 
4256 16 0 35 0.8 44 1 
4271 29 0.5 43 0 49 0.4 81 0.5 
4431 43 0.5 72 0.8 73 0.3 78 0.9 85 0 90 0.4 
4699 13 0 31 0.3 65 0 72 0.8 85 1 94 0.5 
4729 4 0.3 26 0.9 35 0.6 42 0.5 66 0 94 1 98 0.9 
4818 17 0 23 0.5 33 1 38 0.5 67 0.5 80 0.9 88 0 
4827 5 0.9 38 0 43 0.6 57 0.3 62 0 72 0.6 
4835 2 0 8 0.3 29 0 53 0.7 60 0.6 61 0.9 74 1 
4875 5 0.3 13 0 19 0 21 0.7 35 0.4 47 1 94 0.3 
4885 2 0 9 1 15 0 39 1 44 0 50 0.4 58 0.8 70 0 93 0.3 94 0.6 
4972 20 0.9 58 0 59 0 80 0 81 0.6 88 0.4 89 0.7 
5264 12 1 23 0.5 33 0 49 1 55 0.9 92 0 
5390 6 0 12 0.5 21 0 29 0.4 63 0 67 0.3 76 1 83 0.7 87 1 96 0.9 
5424 33 0.8 87 0.9 96 1 
5733 4 0 20 1 24 0 54 0.3 93 0 97 0.4 
5857 90 0.7 
6228 0 0.8 
6245 7 0 25 0.5 30 0.5 41 0 51 0 58 0 75 0 84 0 91 0 94 0.5 
6257 30 0.9 42 0.6 53 0.7 71 0 72 0 85 0 96 0.7 
6338 2 0 6 0 58 0.4 78 0.4 90 0.5 
6468 19 0.8 29 0 51 0.3 54 0 59 1 71 0.5 79 0 
6486 54 0 82 0.6 
6619 2 0.6 50 0.9 89 0.3 
6644 14 0.8 22 0.8 33 0.4 79 0 84 0.5 85 0.9 
6736 10 0.9 39 0 42 0 65 1 76 0 90 0 92 0 96 0.8 
6765 14 0.3 36 0 76 0.8 85 0.5 
6849 69 0 90 0 
6934 6 0.4 17 0.5 71 0 
6985 16 0 21 1 23 0.6 44 0.8 66 0 79 0.4 
7318 1 1 12 0.4 
7474 92 0 
7654 94 0.5 
7661 44 0.9 74 0.3 81 0 
7722 5 0 8 0.6 9 0.8 16 0.6 51 0 59 1 60 0 95 0.4 
7748 23 0.6 44 0.9 45 0.7 
7917 20 1 21 0.4 26 0 33 0 43 0 57 0.7 62 0.7 72 0 90 0.8 
7938 16 0.9 54 0.5 98 1 
7992 0 1 39 0.5 
8112 1 0.7 14 0.6 15 0.7 46 0.5 72 0.9 76 0.5 78 0.6 81 0.3 90 0.4 
8348 0 1 8 0.6 15 0.8 22 0.8 33 0.3 63 0.8 77 0.5 83 0.3 97 0.5 
8608 1 0.5 38 0.6 
8676 12 0.9 15 0.9 41 0 
8685 3 0.3 7 0 26 0.5 42 0 68 0 76 0.3 90 1 97 1 
8798 12 0.6 24 0.3 
8849 25 0.5 77 1 
8937 21 0.9 46 0.8 55 0 80 0.3 85 0 96 0.9 
8955 38 0.6 40 0 57 0.3 59 0.6 91 0.7 
9159 11 0.4 
9185 15 0.4 28 0.7 32 0.4 34 0.9 64 0.4 85 0.7 
9455 17 0 23 0 
9461 0 0 8 0.7 41 0 52 0 62 0 72 0.6 84 0.4 92 0 95 0.6 
9515 5 0.5 14 0.5 19 0.5 22 0.8 37 0.4 59 1 61 0.6 69 0.3 79 0.6 
9820 5 0.4 
9902 0 0.8 1 0.4 12 0 19 0 29 0.3 71 0 79 0 
