100
151 15 0.6 95 0.4 
178 8 0.9 55 0.4 83 0.8 
253 97 0.9 
316 22 1 37 0.7 39 0.3 48 0.3 77 0.9 
351 11 0.8 16 0 22 0.8 75 1 
391 54 0.8 91 0.3 
607 8 0 15 0 31 0.3 40 0 68 0 89 0 90 0.7 92 0.6 93 0.4 98 0.3 
618 1 0.3 10 0 47 0 
656 7 0.4 54 0.5 66 0.5 70 1 71 0 91 0.6 
739 0 0 40 0 42 0.8 48 0 53 0.4 66 0 70 0.6 73 0 99 0 
743 26 0.8 36 0.5 64 0 69 0.5 85 0 99 0.8 
847 22 0.8 83 0.3 85 0.3 87 0 
1055 21 0.5 45 0.9 
1121 0 0.7 21 0.6 70 0.6 74 0 
1126 17 0.8 20 0.9 
1183 29 0 42 0.7 
1189 1 0.6 5 0 10 0 37 0.9 41 0 78 0 
1578 7 0 28 0.8 44 0 57 0.5 70 0.7 78 1 86 0.6 
1581 0 0 4 0.5 13 0.4 41 0 56 0.7 60 0.5 90 0 
1624 4 0.9 45 0 62 0.4 82 0 95 0.9 
1750 9 0 37 0.3 44 0.6 45 0.9 47 0.9 61 1 70 0 73 0.3 77 1 86 0.6 
1784 53 0.3 93 0.7 95 0.6 
1903 6 0.6 14 0.9 38 0 54 0.4 58 0 93 0 
1933 4 0 31 0.8 43 0.3 55 0.5 65 0.6 90 0 
1942 15 0 20 0.7 39 0.6 61 0.7 62 0 65 1 79 0 
2011 11 0.8 44 0.3 87 0 93 0 
2156 19 0 36 0.7 41 0.3 77 0.6 
2193 22 0.4 83 0 
2198 5 0.4 45 0.9 
2249 18 0.7 
2261 18 0.4 35 0.4 43 1 45 0.4 81 0.4 
2403 16 0.4 
2434 23 0.4 77 0.3 84 0 
2455 3 0.4 24 0.8 59 0 60 1 62 0.4 71 0 75 0.3 80 0 83 0.6 
2491 33 0.7 56 1 61 0.4 67 0.9 72 0.4 78 0.8 
2699 4 0.6 20 0.8 55 0.4 58 0.6 88 0.9 90 0.3 
2786 12 0.6 17 0.9 20 0.4 39 0.6 52 0.3 67 0.5 70 0.6 75 0.5 
2973 23 0.9 31 0 38 1 49 0.3 
3103 11 0.4 23 0.7 36 0.9 46 0.3 48 0.8 64 0 88 1 96 0.3 
3298 38 0 56 0 64 0 89 0 90 0.5 
3437 5 0.7 14 0.7 32 0.6 35 0 38 1 49 0 72 0.4 79 0.4 
3453 10 0 11 0 54 0.3 55 0.8 57 0 95 0 
3465 6 1 8 0 12 0.7 36 0.9 43 0.7 50 0.6 51 0.7 53 0 66 0 88 0 
3533 5 0 33 1 90 0 95 0.7 
3608 23 0.9 31 0.8 36 0.4 48 1 74 0.6 96 0.7 98 0 
3675 77 0.8 85 0.3 97 0.9 
3775 12 0.5 21 0.7 32 0 65 1 87 0.8 89 0 90 0.4 96 0.5 
3822 31 0.8 60 0.3 65 1 81 0 
3825 93 0.3 
3971 4 0 35 1 37 0.7 47 0 53 0.8 
4280 3 0.9 32 0 39 0.7 94 1 
4502 12 0.5 33 1 41 0 83 0.6 95 0 
4552 2 0 15 0 33 0.8 78 0.5 91 0.7 
4596 1 0.7 8 0.5 18 0.9 29 0.8 57 0.6 64 1 
4848 79 0.8 
4890 5 0.7 29 0.5 46 0.6 55 0.6 
4900 0 0.4 5 0 14 1 29 0 31 0 33 0 34 0.8 39 1 97 0.6 
4902 7 0.9 18 1 20 0 32 0.7 59 0.3 64 0.8 72 0.9 76 0.9 85 0.7 
4983 83 0.7 
4989 1 0.8 5 0.7 20 0.6 23 0 37 0.4 77 0.3 82 0.5 84 0.9 86 0.8 92 0.4 
5340 13 0.6 23 0.9 25 0.6 51 0.3 56 1 82 0.7 
5359 8 0 14 0.5 21 0 25 0.8 29 0.7 38 0.6 98 0.4 
5474 7 0.4 8 0 23 0 42 0.6 45 0.5 54 0.4 87 0 
5532 1 0 2 0 11 0.8 62 0.3 91 0 93 1 99 0.8 
5554 66 0 
5895 5 1 38 0 65 0 84 0 
5951 6 0 9 0.6 20 0 21 1 48 0.3 54 0.4 68 0.5 73 0 86 0 93 0.5 
6073 12 0 18 0.8 19 0.4 30 0 34 0.9 40 0.6 50 0.5 68 1 87 0.3 
6161 33 0 51 0 54 0.6 68 1 69 0.9 74 0 75 0 77 0 80 1 94 0 
6426 81 0.8 94 0 
6568 9 0 27 0.7 59 0.3 
6592 8 0.9 13 0.5 25 0.6 32 0.7 46 0.6 63 0.5 
6865 58 0.3 70 0.6 
6871 8 0.4 18 0.8 19 0.3 58 0 89 0.9 99 0.6 
6953 0 0 6 0.9 17 1 18 0.5 22 0.7 29 0.7 47 0.4 74 0.3 94 0.4 98 0.5 
7055 30 1 60 0 80 0.7 93 0.9 95 0.9 
7099 4 0.4 73 1 89 0.6 
7110 6 0.4 13 0 38 0 45 0.4 46 0 58 0.8 96 0.5 
7202 86 0.5 
7267 73 0.9 98 0.7 
7494 30 0 33 0.5 35 0.5 88 0.9 92 0 
7578 30 0.8 42 0.5 
7744 8 0 22 0.6 29 0.8 41 0.7 48 0.5 71 0.9 78 0.5 86 0.4 90 0.9 98 0 
7854 6 0 7 0 
7896 16 0.5 19 0.9 35 1 45 0.8 51 0.9 74 0.8 75 0 87 0.5 96 0.7 
7946 28 0.8 90 0 
8226 41 0 53 0.5 
8304 13 1 
8352 39 0.6 
8553 9 0.6 87 0.6 90 0.8 
8909 4 1 23 0 36 0.7 50 0 56 0.3 62 1 66 0.6 69 0.7 75 0 
9133 38 0 50 0.8 53 0.4 92 0.8 
9216 4 1 13 0.6 21 0 56 0.7 
9231 14 0.6 23 0 30 0.8 35 0.6 39 0.7 56 1 63 0.6 64 0.9 68 0.7 90 1 
9329 5 0.3 15 0.7 25 0.9 50 0.9 55 0.6 77 0 83 0.7 85 0.8 86 1 95 0.8 
9359 8 0 16 0 18 0.4 19 0.5 31 0.6 40 0.6 42 0.4 48 0.3 63 0 91 0 
9390 36 0 41 0.5 70 0 74 0.6 77 0.8 81 0.3 91 0.3 
9625 33 0.5 41 0.5 49 0.3 79 0 
9755 1 0 20 0 49 0.7 58 0.3 64 0 81 1 84 0.3 
9805 5 0.3 26 0.4 38 0 44 0.4 47 0 54 0.5 65 0.9 68 0.5 84 0.5 94 0 
