100
82 52 0.9 60 0.9 70 0 75 0.6 
104 6 0 10 1 47 0.6 51 0 92 0 
182 9 0 52 0.7 54 0.7 64 0.7 92 0.3 96 0.8 
204 82 0 96 0.3 
318 4 1 28 0.6 69 0.4 77 0.3 96 0 
513 1 0 20 0.3 27 1 65 0 72 0.9 77 1 94 0.4 99 0.6 
524 0 0.4 
540 4 0.5 5 0.4 27 0.9 34 0.6 45 0 87 0.7 92 0.5 93 0.6 94 0.8 99 0 
604 5 0.5 17 0 41 0 42 0 48 0 49 0.5 50 0.8 58 0.4 66 1 88 0 
605 2 0.9 16 0 27 0.6 61 0 95 1 97 0.9 
688 17 0.9 33 0.5 51 0 70 0.7 73 0.9 77 0.3 80 0 81 0.4 
818 3 0.8 8 0.4 15 0 25 0 36 0.6 65 0 74 0.4 77 0.5 96 0 
974 1 0.7 29 0 44 0.4 45 0.9 60 0.6 75 0.3 80 0.3 
1031 80 0.9 
1155 5 0 7 0.9 16 0.7 18 0.9 25 0.4 47 1 66 0.3 98 0 
1210 61 0.4 97 0.7 
1213 31 0.8 
1217 12 0.9 24 0 63 0.5 
1286 38 0 52 0.5 75 0 83 1 87 0.6 98 0.6 
1427 8 1 18 0 27 0.6 44 0.4 49 1 50 0 61 0 62 0.5 76 0.6 88 0.9 
1508 1 0.6 9 0.8 38 0.3 65 0.4 
1568 44 0.8 48 0.4 
1655 64 0.6 
1758 0 0 21 0 66 0.3 91 0.6 
1865 4 0.9 32 0.6 40 0 72 0.6 73 0.3 95 0.4 
1868 8 0 14 0.5 16 0 35 0 48 0 64 1 94 1 
1881 0 1 3 0.6 11 0.8 41 0.4 60 0 74 0.4 95 0.7 
1948 27 0 32 0.5 40 0 54 0.5 67 0.7 68 0.8 82 1 
1992 25 0.8 37 0.9 
2099 16 0.4 48 0.4 55 0.9 57 0.5 74 0.6 90 0.3 
2164 2 0.6 30 0.4 59 0.6 69 1 70 0.5 73 0.4 91 0 98 0.5 
2326 4 0.3 17 0.8 25 0.3 
2399 16 0 
2488 50 0.5 55 0.9 87 0.9 
2501 15 0.6 16 0 23 0 59 0.3 72 0.5 86 0.7 
2658 35 0 40 0.5 46 1 52 0.8 92 0.5 94 0 
2686 2 0.8 9 0.7 32 0.5 75 0.6 
2824 1 0.3 23 0.5 37 0.5 50 0 62 0 63 0.3 70 0 76 0 85 0.7 89 0.7 
2893 6 0.3 60 0.6 97 0.8 
2915 3 0 62 0.8 91 0.3 
2946 12 0.6 61 0 63 0 86 0 
2995 36 0.4 49 0 51 0.9 58 1 63 0 70 0 72 0.3 
3119 64 0.6 65 0.7 80 0 
3253 20 0 24 0 51 0 57 0 62 0 92 0.6 95 0 
3365 12 0 19 0 26 0 71 0.4 79 0.3 80 0.3 
3395 79 0.4 
3418 8 1 13 0.7 15 0.7 17 0.6 19 0.6 37 0.8 49 0.8 77 0.4 94 0.4 
3802 21 0.6 40 0 55 0.3 60 0.3 67 1 70 0 78 0 85 0.6 92 0.3 
4135 13 0.5 51 0.7 62 0.4 66 0.7 70 0.8 77 0.4 99 0.6 
4196 4 0 23 0.9 26 0.5 65 0.5 82 0.4 85 0 88 0 93 0.3 94 0.4 
4226 11 0.3 13 0.8 19 0.4 47 0.9 82 0.4 
4468 9 1 92 0.5 99 0.5 
4472 27 0.4 32 0.4 44 0.5 49 0.3 68 0 72 0.3 74 0 82 1 85 0.3 
4608 2 0 8 0.5 17 0.3 37 0.4 38 0.9 53 0.6 65 0.4 74 1 83 0.9 95 1 
4627 4 0.8 15 0 43 0 48 1 77 1 81 0 82 0 91 0.4 
4635 1 0 7 0.9 9 0.3 25 0 54 0.9 65 0.7 69 0 82 0.8 91 1 
5106 16 0.6 61 0.6 
5124 38 0.7 88 0 
5312 14 0 17 0.8 39 0.6 87 0.4 94 0 
5359 8 0.6 14 0 21 0.3 25 0.9 29 0 38 0.8 98 1 
5394 0 0 18 0 42 0.7 67 0.9 68 0.6 
5428 4 0 46 0.5 59 0.6 
5583 2 0.5 19 0 29 0.9 41 0.9 75 0.4 77 0.3 
5618 9 0 17 0 36 0.5 40 0.9 45 0 48 0 74 0.6 75 0 94 0.8 
5669 3 1 5 1 25 0.5 33 0.9 41 0.3 50 0.6 53 0.3 75 0 76 0 99 0.6 
5680 20 0.5 25 0.5 26 0 31 0.8 36 0.4 71 0.4 77 0 82 0.7 
5846 9 1 39 0 52 0.9 69 1 74 0.9 81 0.9 89 0.9 
6001 10 0.9 28 1 29 0.5 35 0.6 45 0.9 48 0.6 52 0.5 57 0.5 92 0.4 
6040 21 0.3 31 0.8 36 0.6 47 0.6 54 0 57 0.7 67 0.5 68 0 83 0 
6048 3 0.5 
6063 9 0 17 0.8 30 0.5 45 0 68 0 69 0.5 82 0.3 99 0.6 
6103 26 0.4 33 0.4 42 0.7 75 0 85 0.3 91 0.3 93 0.8 
6205 24 0.3 50 0 62 0.5 68 0.8 71 0 72 0.5 85 0.3 90 1 
6362 47 0.4 50 1 56 0 57 0.3 60 0 65 0.5 82 0 84 0 
6534 0 0 39 0.8 51 0 52 0.4 70 0.6 71 0 80 0 92 0.6 
6564 7 0 23 0.4 87 0 
6729 6 0.3 17 0.6 49 0.9 57 0.6 67 0.9 75 0.9 
6821 3 0 25 0 26 1 45 0.5 49 0 58 1 68 1 89 0 
6886 22 0.4 30 0.7 49 0.7 85 0.3 90 0.7 
7165 10 0.4 15 0.4 25 0 43 0 46 0 48 0 64 1 75 0.6 
7294 42 0 63 0.6 88 0 
7378 12 0.9 28 0.9 30 0.8 35 0.6 51 0.7 78 0.9 82 0 84 0 94 0.3 
7524 14 0.8 
7557 3 0.5 7 1 23 0 27 0.6 31 0.3 46 0 53 1 61 0.3 70 0 83 0.7 
7616 12 0 30 0.3 31 0.9 32 0.5 37 0.7 57 0.6 62 0 96 0 
7662 11 0.9 15 0.4 61 0.4 66 0.9 68 1 74 0.3 77 0.6 90 0.7 92 0 
7707 0 0.7 21 0 31 0.3 60 0.3 82 0 85 0.9 
7908 4 0.3 29 0 50 0.4 62 0.4 64 0.4 65 1 69 0.8 76 0 80 1 92 0.7 
8077 11 0 40 0.6 49 0.4 57 0.8 69 0.5 71 0.8 74 0.9 
8155 21 0.7 27 0.3 50 0.9 58 0 61 0 67 0 73 0.6 81 0.5 
8262 42 0.4 69 0.9 85 0.6 
8422 17 0.6 31 1 99 0 
8503 9 0 12 0.4 15 0 22 0 33 0 41 0 55 0 56 1 81 0.6 95 0.7 
8512 7 0.9 37 0.3 38 0.4 74 0.6 94 0.3 
9142 12 0.9 14 0.5 26 0 38 0.8 48 0.6 59 0.9 81 0.4 91 0 95 1 
9149 2 0.3 4 1 7 0 10 0.8 29 0 44 0.6 45 0.9 77 0.5 95 0.8 
9187 26 0 29 0.6 93 0.9 96 0.9 
9194 17 0 24 0 32 0.4 36 0.9 47 0.9 49 0 52 0.4 63 0 90 0.6 94 0 
9710 24 1 70 0 
9725 2 0.8 67 0.4 79 1 84 0 97 0.6 
