100
5 18 0.9 43 0.3 57 0.4 83 0.3 95 0.4 96 0.6 98 0.6 
39 13 0 65 0.9 86 0 
239 19 0.8 51 0.7 
327 2 0.9 12 0 18 0.8 33 0.5 65 0.9 94 0.9 
366 8 0.6 26 0.8 31 0.4 65 0 71 0.5 76 0.8 99 0.3 
425 27 0.6 38 0.8 39 0.5 
473 3 0 40 0 43 0 55 0.3 57 0.3 66 0 73 0.7 80 0.6 86 0.4 87 0.5 
545 7 0.8 37 0.5 45 0.3 62 0.8 63 0.6 75 0 86 1 
680 30 0.3 44 0.5 51 0 53 0 57 0 72 0.5 
812 25 0.8 30 0.3 31 0.4 48 0 66 0 99 0.3 
825 54 0 80 0.9 97 0.6 
845 25 0.4 
907 5 0 6 0.6 29 0 46 0.6 54 1 65 0.8 68 0.8 88 0.4 95 0.3 
1140 16 0.5 23 0 26 0 32 0 44 0.5 66 0.8 73 0 75 0.8 85 0.3 
1223 40 1 47 0.7 51 0 57 1 74 0.7 77 0.5 89 1 
1276 22 0.4 53 0.4 56 0.8 93 0.5 
1327 18 0.6 22 0 33 0.6 49 0.3 53 0 76 0.5 78 0.5 93 0 
1339 17 0.5 52 0.6 
1512 0 0 13 0.5 42 0.7 74 0 75 0.5 83 0 85 0.3 
1639 0 0.9 5 0 15 1 16 1 26 0.7 57 0.9 58 0 90 0.9 
1795 35 0 43 1 63 0 91 0.7 
2175 31 0.8 41 0.4 51 1 58 0 60 0.9 61 0.9 74 0.6 82 0.6 
2208 15 1 41 0.9 92 0.5 
2237 55 0.3 82 0.7 92 0 
2309 1 0.5 24 0.4 29 0.9 42 0.4 46 0.3 75 0.6 91 0.8 
2436 30 0.8 36 0 41 0 42 0 63 0.5 76 0.7 79 0 
2544 69 0.8 
2579 10 0.5 14 0.5 37 0.3 49 0 50 0.4 56 0.5 83 0.8 97 0.5 
2707 82 0 
2733 3 1 54 0.6 79 0 81 0.8 82 0 88 1 
2840 28 0.7 40 0.6 47 0 56 0.3 
3042 5 0 30 0 31 0.4 37 0.8 52 0.5 62 0 69 0.6 78 0.6 92 0.4 96 0 
3185 37 0.9 
3214 6 0 50 0.3 64 1 68 0.4 69 0.3 91 0.6 
3466 18 0.6 56 0.3 79 0.6 96 0.5 
3518 4 0.4 26 0.4 80 0.5 
3522 2 0 15 0.3 28 0.4 31 0.4 54 0 61 0.4 66 0.4 68 0.9 93 0.5 
3625 4 0 16 0.4 21 0 38 0.7 52 0.5 56 0.9 71 0.5 77 0.9 79 0.3 80 0 
3995 13 0.9 18 0 20 0.5 36 0.8 64 0.8 82 0 
4121 19 0.5 34 1 38 0.7 45 0 66 0 67 0.5 80 0.9 87 0 
4177 0 0.7 92 0.5 93 0 
4203 11 0.7 15 0.7 18 0.6 19 0.6 40 0.8 46 0.5 57 0.3 64 0.7 69 0.9 77 0 
4350 99 0.7 
4383 20 0 39 0.6 60 0 79 0 81 0 86 1 
4413 2 0 17 0.8 37 0.6 42 0 52 1 62 0.3 74 0.6 75 0 84 0.5 
4516 15 0.9 35 0.7 50 0.4 68 0.9 83 0 87 0 
4521 11 0.6 
4571 24 0.6 28 0.8 37 0.7 43 0 44 0.4 55 0.6 65 0.4 81 0.9 91 0.3 
4719 16 0 21 0 37 0 38 0.6 45 0.3 55 0.3 57 0 65 0.3 75 0.4 
4782 22 0.3 83 0.9 98 0.7 
4793 31 0 55 0 
5024 14 0 31 0.8 42 0 52 0 77 0.3 87 0.7 
5086 1 0.3 12 0.9 18 0.7 37 0.6 42 0.9 43 0.3 85 0.5 
5089 1 1 5 0.7 53 0.3 64 0 69 0.3 75 0 84 0.5 85 0.3 
5099 50 0 72 1 
5199 24 0 33 0.3 74 0 88 0.5 
5245 13 0.7 15 0 38 0.7 48 0.8 50 0.8 51 1 57 0.5 60 0.5 
5272 0 0.7 27 0 
5324 14 0.3 40 0 
5588 20 0.3 51 0.3 58 0.9 61 0.7 77 0.3 84 0 85 0.3 88 0.4 
5726 24 0.8 25 0.4 70 0 
5792 10 0.3 13 0.6 25 0.7 35 0 54 0 81 0 
5833 16 0.7 25 0.3 67 0.6 72 0.8 96 1 
5956 27 0 
6014 52 0.4 76 0.9 
6111 13 0.8 19 0.4 23 0 55 0.5 61 0.9 74 0.5 
6130 35 0.8 93 0 
6237 22 0.6 67 1 72 0.3 
6247 3 0.6 14 0.5 87 1 
6326 39 0.8 60 0.4 82 0 84 0.9 
6340 45 0 63 0 71 0 
6402 11 0 33 0.5 39 0.3 46 0.8 61 0 65 0.7 66 1 74 1 94 0.9 
6434 0 1 11 0 26 0.5 29 0 58 0.8 
6532 6 0.9 38 0 62 0.7 69 0.9 70 0 71 0.4 76 0.5 80 0.9 84 0.8 
6543 0 0 1 0 4 0 19 0.4 29 0.7 81 0.7 89 0.7 
6761 15 0 36 0.7 37 0.8 90 0.6 
7077 7 0.6 18 0 23 0 29 0.8 46 0 59 0.5 72 0 86 0 94 0.3 
7096 10 0 26 0 38 0.8 44 0.3 49 0.7 54 0.8 90 0.3 91 0 
7281 4 0.9 32 0 40 0 82 0 94 0.9 
7667 10 0.4 25 0.8 99 0.3 
7858 21 0.7 28 0.9 38 0.8 42 0 46 0.5 64 0 90 0 
7981 1 0 5 0.7 6 0.5 7 0.3 16 0.5 17 0.6 26 0.7 72 0.7 97 0.6 
8000 5 0.8 50 0.7 74 0.4 
8018 0 0 4 0.7 15 0.4 30 0.9 36 1 57 0 62 0.5 63 0.5 73 0.3 75 0 
8306 1 0.4 8 0.3 10 0.6 21 0.6 60 1 62 1 67 0.5 77 0.9 99 0.3 
8383 40 0.4 58 0.3 72 0 76 0.6 89 1 96 0.5 
8722 56 1 58 0.5 63 0 97 0 
8993 33 0 50 0.5 78 0.4 79 1 
9239 4 0.5 23 0.9 24 0.9 38 0.5 54 0.9 75 0.5 83 0.4 98 0 
9370 65 0 78 0 
9452 0 0.9 
9470 1 0.6 17 0.8 20 0.3 24 0 67 0.9 
9547 64 0.3 86 0.6 
9680 28 0.5 37 0 45 0.8 
9748 1 0.4 55 0.5 56 1 68 0.4 78 0.3 93 0 95 0 
9789 13 0.3 48 0.7 96 0.6 97 0 
9800 17 0.3 18 0.8 27 0.6 37 0.4 87 0 96 0 
9823 22 0.4 28 1 64 0.7 
9830 23 0.7 30 0 47 0.7 55 0.7 64 0.7 79 0 89 0.4 93 0.3 
9919 9 0 32 0 40 0.7 46 0.6 76 1 87 0.8 
