100
233 97 0 
417 19 0.8 23 0.7 33 0.9 35 0.6 41 0.6 42 0.6 60 1 62 0.9 73 0.6 77 0.5 
418 7 1 19 0 25 0 38 0.3 42 0.5 48 0.3 52 0.3 67 1 79 0 85 0.4 
507 9 0.4 27 0.4 
525 9 1 21 0.5 37 0.5 71 0 73 0.9 89 0.9 95 0.3 96 0.8 
708 0 1 50 0.4 56 1 64 1 90 1 
776 1 0.3 7 0.6 33 0.6 39 0 69 0.7 76 0.8 
891 7 0.6 11 0.7 14 0.5 98 0.6 
962 17 0.8 20 0.7 50 0.4 53 0.5 93 0.8 
1009 69 0 
1131 64 0.9 
1331 6 0.8 39 0.4 47 0.7 52 0.4 57 0.5 74 0.3 78 0 90 0.9 
1366 0 0.9 3 0.5 10 0.6 25 0.8 31 0.3 49 0 73 0 98 0 
1453 5 0.9 88 0 
1459 0 0 2 0.7 7 0.3 14 0.5 19 0 38 0.8 83 1 86 0.6 87 0 91 0 
1580 5 0 8 0.8 22 1 28 0.6 52 0.4 60 1 71 0 90 0.5 
1605 10 0.8 19 0.9 42 0.4 43 0.6 45 0 46 0.3 49 0.8 53 0.5 84 0.3 
1648 24 0.7 30 0.8 34 0 40 1 42 0 55 0.6 75 0.8 83 0.6 92 1 
1693 17 0.6 66 0 70 0.6 77 0 89 0.9 
1949 4 0.8 31 0 49 1 64 0 77 0.6 89 0.9 96 0.4 98 0.6 
1972 3 0 10 0.6 34 0 46 0.6 47 0.8 69 0 87 0.7 
2049 25 0 34 0.9 
2190 0 0.6 11 0.4 28 0.7 37 0 69 0 79 1 80 0.6 
2295 2 0.8 15 0.3 56 0.9 89 0 
2333 1 0.7 35 0.5 78 0.8 84 0.8 
2361 15 0.6 32 0.7 33 0.7 52 0.7 56 0.7 62 1 69 0.8 71 0 95 0.8 
2431 33 0.9 76 0.7 79 0 91 0.5 92 0 
2512 40 0.5 60 0.6 70 0.5 
2623 4 0 29 0 
2708 0 0.4 18 0.7 37 0 39 0.9 48 0 58 0 88 0 99 1 
2760 59 0 
2816 50 0.8 77 0.5 
2893 6 0 60 0 97 0.5 
3060 11 0.9 50 0.7 58 0 72 0 78 1 
3176 17 0.4 59 0.8 
3192 4 0.5 5 0.7 9 0.5 23 0.4 34 0.9 40 0.6 62 0 81 0.8 84 0 98 0.6 
3263 61 0.3 82 1 96 0.3 99 0 
3299 9 0 25 0.3 46 0.3 56 1 91 0 92 0.3 95 1 
3512 19 0 26 0.3 39 0 82 0.3 
3641 53 0.5 60 0.8 
3828 2 0 33 0 81 0 
3953 48 0 
4192 7 0.3 22 0.3 23 0.7 38 1 40 0 51 0.6 55 0.4 71 0.4 
4199 0 0 3 1 78 0 90 0.6 
4233 2 0 5 0.9 12 0.9 26 0.3 38 0.4 88 1 
4306 9 1 22 0.9 27 0 35 0 39 0.4 57 0.7 66 0 70 0 
4361 10 0 39 0 45 0 47 0.6 92 0.9 96 0 
4677 17 0.7 24 0.5 25 0.6 41 0 61 0.6 
4931 4 0 10 0.9 20 0.6 42 0 45 0.9 56 0.3 71 0.7 72 0.9 74 0 78 0.7 
5039 15 0.5 16 0 17 0.9 26 0 38 0 47 1 56 0 67 0.4 85 0.7 96 1 
5079 1 0 4 0 12 0 42 1 79 0 90 1 
5105 0 0.3 6 0.4 10 0.7 33 0.5 66 0.3 86 0.8 
5175 38 0.5 40 0.3 67 0.5 83 0.6 89 0.7 91 0.3 
5192 7 0.9 46 0.5 71 0.3 81 0 
5328 1 0 42 0.3 49 0.4 52 0.4 86 0.5 
5429 8 0.9 17 0.7 27 0.3 33 0.4 56 1 76 0.3 78 0 95 0.4 
5499 28 0.6 48 0 64 0.4 94 0.9 
5564 4 0.4 5 0.4 9 0 18 0.8 34 0 38 0.6 45 0 56 0.3 64 0.4 85 0.8 
5599 2 1 7 0 10 1 51 0.9 64 0.4 78 0 81 0 
5603 19 0.8 36 1 44 0.5 91 0.6 
5701 25 0.6 33 0.3 48 0 56 1 
5707 32 0 41 0.9 56 0.9 67 0.6 76 0 82 0.7 90 0.6 92 0 
5742 34 0.9 46 0.4 65 0.4 80 1 97 1 
5771 18 0 28 1 38 0 57 0 58 0 70 0.3 72 0.8 84 0.6 87 0.7 92 0 
5802 23 0.8 94 0.5 
5806 9 0.9 15 0.9 
5829 32 0 60 0 74 0.4 85 0 
5969 13 0 15 0.6 43 0.7 66 1 74 0 82 0.6 92 0.5 95 0.7 
5996 4 0 16 0 22 0.4 56 0.5 58 1 80 0 81 0 97 0.3 
6084 2 1 27 0 28 0.5 41 0.4 64 0 73 1 75 0.8 80 0 87 0.4 91 0.5 
6196 10 0.8 13 0 24 0.3 26 0.9 32 0.4 54 0.4 63 0 81 0.9 
6291 15 0.4 30 0 50 0.4 63 0.5 68 0 91 0.8 96 0.8 
6712 1 0.4 8 0.7 9 0.9 11 0.4 17 0.8 46 0.8 58 0 77 0.9 79 0.7 81 0.9 
6986 0 0.6 1 0.6 29 0.4 45 0.6 48 0 61 0.4 92 0.8 99 0.3 
7091 5 0.9 6 0.5 15 0 24 0.8 25 0 26 0.6 31 0.7 52 0.6 83 0.8 
7106 3 0.4 33 0 65 0.6 68 0.9 91 0.7 
7123 19 0.5 22 0 65 0.8 
7249 27 0 55 0.8 56 0 70 0.7 86 0 91 0.4 95 0 
7481 40 0.4 42 0.7 55 0 
7724 39 0.8 83 0.3 
7865 7 0 14 0.3 28 0.4 38 0.5 
8030 43 0.8 83 0.9 96 0 
8202 92 0.6 
8258 4 0.6 17 0.3 44 1 45 0.3 65 0.5 72 0.5 76 0 78 0.8 87 0.8 
8411 0 0.3 58 0 60 0 91 1 
8475 11 0.8 29 1 32 0.3 45 0.8 57 0.3 67 0.9 86 0 91 0 96 0.7 
8520 17 0.7 34 1 48 0 99 0.9 
8559 31 0.7 55 0.6 64 0.7 85 0.3 
8585 5 0.7 18 0.6 38 0.3 45 1 47 0.7 76 0 82 0.4 
8662 0 0 16 0.9 35 0.3 65 0.7 72 0.8 78 0.3 98 0.9 
8793 28 0.7 44 0.7 70 0.7 71 0 80 0 94 0 
8878 4 0.9 5 0 25 0.8 36 0.5 42 0.7 43 0.7 80 0.9 82 0 89 0.9 90 0.6 
8911 83 0.3 
8948 1 0.5 28 0.6 39 0.4 80 0.6 
8995 11 0.4 17 0 25 0.3 30 0.9 59 0.3 62 0 68 0 90 0.4 
9199 8 0 10 0.3 19 1 31 0 43 0.5 61 0.6 73 1 75 1 99 0.3 
9402 13 0.4 15 0.4 48 0 52 0.9 57 0 58 1 72 0.5 79 0.4 80 1 87 0.9 
9706 19 0 36 0 53 1 55 0.8 67 1 75 0 78 0 92 0 
9848 1 0.9 11 0 14 0.9 32 0.3 33 1 53 0 62 0.7 94 0 
9856 15 0.6 35 0.9 53 0.4 
