100
15 4 0.4 9 1 16 0 26 0.9 34 0.6 40 1 60 0.3 
22 24 0.9 41 0.4 55 0.4 64 0.3 66 0.5 
70 96 0.3 
86 45 0.7 50 0 56 0.6 57 0 58 0.5 78 0 
95 33 1 45 0.9 52 1 66 0 83 1 90 0.3 
147 33 0.3 37 0.3 44 0.6 51 0.5 53 0.3 58 1 60 1 77 0.9 80 0.9 83 0 
195 11 0.8 22 1 32 0.8 47 0.9 79 0.5 
282 0 0 10 0.5 58 0.8 61 0.5 83 0.6 92 1 96 0 99 0.6 
352 4 0 16 0.3 24 0.8 35 0.4 38 1 40 0.5 41 0.8 58 0.6 92 1 
365 51 0.6 68 0.8 91 0.5 
533 75 0.6 96 0 
547 8 0.3 12 0 41 0.7 51 0.4 
628 11 0.5 45 0 61 0 65 0 
632 7 0 18 0.4 35 0 52 0.7 
643 21 0.5 79 1 
762 43 0.4 75 0.7 99 0.5 
833 26 0.5 29 0 44 0 54 0 61 0 72 0 
847 22 0.5 83 0.7 85 0 87 1 
895 0 0.3 7 0.5 12 0.4 46 0 91 0.8 
1318 41 0.4 
1324 24 0.5 55 0.4 97 1 
1453 5 0 88 0.9 
1670 10 0 65 0.9 82 0 
1733 13 0 19 0.4 30 1 33 0.8 38 0.3 
1898 26 0.7 60 0.4 62 0.5 67 0 69 0.3 76 0.6 78 0.3 79 0.7 84 0 
2022 93 1 
2103 21 0 23 0.5 34 0 36 0 40 0.5 99 0 
2145 20 1 41 0.3 49 0 73 1 81 0.6 
2148 13 0.5 31 0 36 0.5 66 0 
2159 1 0.8 3 0.3 11 0 13 0.9 36 0 49 0.4 50 0.4 63 0.3 76 0.3 82 1 
2162 71 0.3 76 0.8 
2221 8 0.6 49 0.8 52 0 65 0 93 0.5 97 1 98 0 
2274 13 1 31 0 53 0.8 
2581 2 1 37 0.9 53 0.4 83 0 91 0.8 
2603 1 0 19 0 38 0 58 0 65 0.9 77 0.5 89 0.7 
2617 3 0.8 5 0.8 7 0.7 22 0.3 23 0.9 46 0.9 54 0.7 66 1 76 0.9 79 0 
2898 82 0.4 
3022 41 0 49 0.9 85 0.5 
3130 27 0.7 
3235 37 0 
3240 9 0 52 0.6 60 0.4 92 0.3 
3491 27 0 28 0 34 0.8 42 0 53 0.9 62 0.9 63 0.3 89 0.5 92 0.5 96 0.8 
3508 37 0.3 63 0.9 83 1 
3905 1 0.8 24 0.4 33 0.8 77 0.4 83 0.4 94 0.5 
3962 74 0.3 
4208 73 0.7 90 0.8 
4248 10 0 20 0 26 0.3 65 0.8 92 0.9 97 0.7 
4423 9 0.4 22 0.6 23 0.4 64 0 66 0.3 74 0.8 85 0.9 99 0.9 
4865 6 0.7 8 0.3 23 0 31 0.8 35 0.8 94 0 96 0.6 
4892 29 0.5 42 0.4 47 0.4 75 0.6 94 0.6 97 0 
4983 83 0 
5259 7 0.6 22 0 41 0.9 44 0.9 52 0.5 66 0 69 0.3 76 0.6 80 0 95 0.5 
5301 1 0 34 0.9 96 0.9 98 0 
5322 35 0.5 51 0.9 99 0.9 
5367 12 1 20 0.4 46 1 49 0.9 62 1 89 0.9 
5437 20 0.3 
5481 10 0.6 16 0 19 0.8 24 0.8 72 0 
5505 48 0.6 52 0 61 0.5 70 0.9 73 0.9 94 0.4 
5733 4 0.5 20 0 24 0.6 54 0 93 0 97 0.8 
5736 4 0 28 0 39 0.6 57 1 70 0 84 0.7 87 0.8 96 1 
5843 12 0.9 20 0.4 52 0.3 53 0.9 69 0.9 80 0.4 83 0.4 88 0 96 0.6 99 0.3 
5861 9 0.9 18 0.8 21 0.8 31 0.4 35 0 52 0.6 76 0.8 80 0.7 83 0.8 89 0.8 
5917 12 0.3 27 0 77 0.5 78 0.4 81 0 
6008 1 0 6 0.8 13 1 17 0.3 28 0 29 0.9 82 0 
6158 11 0.3 55 0.3 64 0.6 75 0.3 90 0.7 91 0 
6162 5 0.6 7 0.9 16 0 24 0.9 39 0 55 0.6 85 1 89 0 
6163 12 1 33 0.3 36 0.5 39 1 
6249 3 0.5 9 0 29 0.5 47 0.5 63 0 80 1 86 0.3 91 0.9 
6332 9 0 26 0 45 0 50 0.3 
6546 3 1 5 0 88 0.7 
6599 0 0.8 21 0.9 46 0 73 0 
6692 1 0 2 0.9 50 0.8 82 0.6 
6733 86 0.8 
6776 24 0 28 0.9 48 0.9 53 0.6 87 0.9 89 0.3 
6777 22 1 57 0.7 63 0.5 67 0 71 0.8 91 0.7 98 0.5 
6805 15 0.9 39 0.4 45 0 56 0 
7090 1 0.8 9 0.4 81 0 
7100 4 1 5 0.6 50 0.8 
7166 13 0.3 48 0.5 52 0.3 67 0.5 82 0 
7320 4 1 18 0 27 0 64 1 70 0.8 74 0.8 78 0.3 88 0.3 
7378 12 0.5 28 0.5 30 0.6 35 0 51 0.5 78 0.5 82 0.4 84 0.3 94 0.9 
7487 4 0.6 12 0.4 14 0.6 25 1 40 0.3 49 0 67 0.3 
7520 9 0 15 0 25 0.9 44 0 88 0 89 0.6 
7712 63 0.3 
7803 7 0.4 55 0.4 69 0.3 88 0.8 90 0 95 0 96 0 
8163 1 0 17 0.6 33 0 96 0 
8466 9 0.5 10 0 43 0.9 61 0 77 0.8 89 0 96 0.9 
8516 2 0.4 4 0.6 13 0.8 57 0.6 77 1 82 0.9 96 0.4 
8531 3 0.5 35 0 36 0.6 43 0.6 51 0.3 58 0.3 68 0.6 79 0 96 0.5 
8705 19 0.6 26 0.4 32 0 96 0 98 0.8 
8726 29 0 51 0.3 87 0.4 
8859 43 0.6 47 1 52 0.4 53 1 68 0.7 74 0 
9054 1 0.7 16 0 49 0.4 51 0 64 0 82 0.3 84 0.4 86 0.3 96 0.9 
9158 1 0 10 0.6 16 1 18 0 39 0.4 56 0 59 0 77 0.6 85 0.9 
9246 6 1 7 0.9 50 0 58 0.5 61 0.3 84 0.7 85 0.9 95 0.5 
9360 11 0.7 29 0 35 0.7 63 0.5 64 0.9 65 0 66 0.9 78 0.8 93 0.7 94 0 
9362 12 0.9 22 0.9 37 0.6 43 0.3 98 0.7 
9660 5 0.7 12 0.8 18 0.9 38 0.3 99 0.7 
9701 22 1 32 0.8 39 0 73 0.3 
9984 5 0.3 14 0 38 0 88 1 
