100
45 12 0.4 49 0 
367 12 0.7 38 0 40 0.8 57 0.4 84 0 94 0.4 
371 3 0 24 0.3 
395 33 0.4 40 0.8 47 0.9 58 0.9 66 0.5 67 0 99 1 
405 45 0 80 0.9 
417 19 0 23 1 33 0.9 35 0.6 41 0 42 0 60 0.3 62 0.7 73 0.8 77 0.6 
726 19 0.7 48 0 95 1 
782 76 1 86 0.8 
881 24 0.5 27 0.8 91 0.8 95 0.5 96 0.7 
926 27 0.4 35 0.4 37 0.6 48 0.8 50 1 92 1 
1122 1 0.3 8 0.3 11 0.7 13 0.9 15 0 
1138 6 0.6 18 0.7 29 0.4 
1195 3 0.8 5 0.4 25 0.5 26 0.9 29 0.4 39 0.3 74 0.4 78 0.6 86 0.8 90 0.6 
1200 2 0.8 8 1 43 0.3 46 0.4 50 0.8 53 0.3 85 0.5 94 0.4 
1201 11 0.7 13 0.9 28 0.4 35 1 
1212 8 0.6 38 0 41 0.4 52 0 
1243 28 0 49 0.6 55 0.6 63 0.9 68 1 98 0.3 
1416 7 0 47 0.4 48 0 64 0 98 0.7 
1419 12 1 
1513 4 0.3 35 1 43 0.6 46 1 76 0.8 88 0.5 
1539 39 0.7 50 0.9 59 0.3 
1575 20 0.3 
1670 10 1 65 0.4 82 1 
1742 5 0.7 52 0.4 58 0.9 69 0.6 71 0.7 74 0.7 75 0 82 0.9 86 0 94 0.8 
1765 37 0.8 
1842 9 0.6 10 0 37 0.9 51 1 55 0 58 0 67 0.8 72 0.8 94 0.6 98 0.6 
1845 20 0.7 42 0.7 72 0 89 0.3 
2040 59 0.7 63 0.4 65 0.6 91 0.9 98 0.5 
2216 13 0.3 35 0 42 1 53 0 
2217 4 0.3 18 0.4 27 0.6 42 0.7 43 0.7 56 0.9 79 0.5 81 0 91 1 
2236 15 0.7 18 1 68 0.6 75 0.7 92 0 94 0.9 95 0.5 
2328 9 0.3 10 1 20 0.3 24 0.8 27 0.3 55 0 66 0.8 
2346 17 0.9 21 0 26 0.8 31 0 68 0 70 0 79 0.4 99 1 
2347 18 0.4 43 0.9 45 1 48 0.9 57 0 63 0.7 90 0.6 93 0.9 98 0.6 
2481 8 0.4 20 1 43 0.7 93 0.6 98 1 
2563 25 0.4 39 0.5 98 0.3 
2741 86 0 
2846 35 0.6 59 0 76 1 
2886 6 0.6 32 0 66 0 
2931 40 0.5 86 0.4 88 0 97 0.5 99 0 
2933 19 0.4 84 0 96 0.9 
3060 11 0 50 1 58 0.7 72 0 78 0.4 
3065 5 0.7 8 1 18 0.4 30 0.5 51 0.4 54 0.6 94 0.7 
3225 27 0.7 28 0 
3519 5 0 14 1 36 0 
3543 19 0.4 41 0 43 0 45 0 65 0.9 75 0.9 
3704 20 0 51 0.3 
4216 2 1 49 0.4 50 0 59 0.5 61 0.5 78 0 80 0.3 86 0.6 93 0.9 
4332 4 0.4 24 0.6 25 0.7 45 0.6 69 0.3 80 0.5 95 0 
4434 2 0.5 3 0 53 0.6 60 0.9 63 0.9 67 0.6 
4592 6 0 16 0 47 0.6 78 0.7 95 0.9 
4738 2 0 5 0.6 6 0.9 7 0.7 12 0 33 0.6 56 0 85 0.9 
5140 27 0 42 0.5 45 0.4 52 0.6 
5156 3 0 27 0.9 34 0.5 36 1 38 0.4 40 0.6 61 0.7 75 0.6 
5159 75 0.6 
5484 80 0.8 
5596 25 0.7 29 0 64 0.4 89 0.7 
6193 22 0 27 0.9 29 0.8 39 0.6 50 0.9 91 0 94 0 97 0.5 
6221 3 0 53 1 55 0.4 59 0 
6285 12 0 29 0.9 54 0.6 88 0.7 93 0.5 
6583 1 0.5 33 0.7 39 0.8 48 0.8 53 0.5 55 0.4 65 0 93 0 
6779 35 0 41 0.4 70 0.5 97 0.8 
6908 9 0.5 30 0.5 57 0.9 
6979 18 0.8 21 0.7 59 0 63 0.4 96 0.6 
7020 8 0.5 13 0.3 23 0 47 0.5 53 0.6 58 1 64 1 
7042 22 0.9 45 0 55 0 57 1 91 0 
7086 7 0.7 20 1 26 0.5 33 0.4 45 0 61 0.6 
7121 13 0.4 18 0.9 23 0.6 
7240 1 0.5 21 0.3 39 0.5 57 0 61 1 63 0.4 68 0.8 84 0.4 85 0.4 99 0.9 
7297 7 0.5 68 0.4 71 0.6 92 0.9 95 0 
7308 10 0 27 0.7 34 0.4 39 0.6 43 0 65 0.8 74 0 76 0.9 99 0.9 
7508 1 0 2 0.7 7 0.3 10 0.6 13 0 53 0.3 64 0.7 75 0.9 
7528 3 0.5 24 0 
7589 16 0 34 0.7 38 0.7 45 0.4 68 0.4 98 0.8 
7678 33 0 53 0.3 69 0.4 
7730 4 0.7 8 0 41 0.6 
7829 8 0 14 0.7 17 0 20 0.7 23 0.8 24 0 30 0 51 0.7 82 0.5 95 0 
7884 57 0.5 
8009 1 1 16 0.5 34 0.9 35 0 70 0.8 72 0.8 99 0.7 
8052 35 0.7 
8215 7 0.7 10 1 19 0.8 27 0.5 31 0.5 36 0.5 67 0 91 0 
8308 0 0.4 3 1 16 0.6 27 0.7 39 0.6 65 0.5 91 0.6 
8317 23 0.8 31 1 41 0.3 44 0.5 48 0.9 56 0.3 76 0.5 
8505 7 0 32 0.6 35 0.5 39 0.8 40 0.5 78 0.8 79 0.4 
8523 14 1 16 0.9 56 0 58 0.3 63 0 69 1 71 0.9 81 0.5 
8578 3 0.3 8 1 10 1 15 0.3 46 0.9 48 0 61 0.8 63 0.6 75 0 76 0 
8634 2 0 5 0.7 8 1 10 0.8 29 0.9 68 0 
8660 15 0.4 47 0.3 57 0 
8735 24 0.6 36 0.3 46 0 50 0.4 57 0.7 64 0 73 0.5 
8784 27 0 45 0 53 0.7 91 0.3 98 0.3 
8792 5 0.8 13 0.9 14 0.8 21 0 25 0 37 0.6 47 0 81 0.4 
8990 77 0.3 
9041 23 0.7 53 0 59 0 86 1 
9161 22 0.7 26 0.8 57 0 69 0.4 77 0.9 79 0.7 86 0.4 87 0 90 0.6 
9196 91 0.4 
9582 9 0.3 24 0 27 0 38 0.7 50 0.6 59 0.4 87 0.9 92 0.4 
9612 9 0.5 26 0.6 47 0 51 0.4 53 0.7 55 0 65 0 69 0.8 77 0.6 
9708 8 0.3 15 0.3 22 0.9 46 0.3 66 0 69 0.4 71 0.8 80 0.3 91 0 
9877 7 0.3 34 0.4 36 0 38 0.5 53 0.9 54 0.9 56 0.7 57 0.9 70 0 82 0.3 
9990 54 0 57 0 61 0.5 87 0.9 91 0.3 92 0.3 
