100
50 16 0 79 0.3 
57 22 0 28 0.7 44 0 55 0 69 0 74 0.7 77 0.9 
58 45 0.8 
107 0 0.7 15 0 33 0 42 1 70 0.5 79 0.3 80 0 91 0.4 
141 53 0.9 64 0.9 83 0.8 
166 20 0.8 40 0.9 44 0.8 49 1 50 0.9 66 0.5 80 0.5 82 0 84 0 93 0.4 
271 8 0.7 29 0 35 1 41 0.5 69 0.7 72 0.9 
490 3 1 22 0.6 40 0.6 66 0.6 86 0.7 
524 0 1 
542 9 0.4 18 0 33 1 36 0.5 39 1 47 0 65 0.9 71 0.8 75 0 91 0.5 
685 2 0.6 42 1 50 0.5 53 0.9 79 0.7 83 0.3 88 0.5 
869 23 0.8 60 0 93 1 
1022 72 0.5 
1219 50 0.9 86 0.4 
1231 27 0 30 0.8 46 0 49 0.7 53 1 58 0 64 1 85 1 
1308 3 0.4 49 0 50 0.7 54 1 61 0 65 0.4 78 1 85 0 90 0 
1312 2 0.3 39 0.9 71 0.4 81 0 86 0.7 89 0.3 
1429 24 0 27 0.4 42 0.3 51 0.8 91 0.5 
1454 2 0.3 3 0.3 11 0.9 42 0 47 0.4 59 0.8 77 0.7 85 0.7 97 0.9 
1568 44 0.5 48 0 
1587 9 0.9 42 0.6 47 0.9 55 0.5 76 0.3 77 0 
1891 11 0.8 20 0.6 26 0 74 0 
1989 31 1 46 0.9 50 0.9 
2034 16 0.7 18 0 46 0.5 66 0.5 76 0.9 
2058 3 0.5 9 0.9 14 0.7 15 0 18 0.8 24 0 26 0.5 34 0.8 48 0 58 0.8 
2092 11 0.5 15 0.9 39 0 51 0.4 67 0 70 0.8 
2181 14 0.5 24 0 36 0.5 45 0.6 72 0.3 92 0.4 97 0.5 
2231 16 0.3 27 0.6 35 0 
2543 1 0.3 3 0.9 21 0.8 29 0.3 34 0.4 72 0.9 75 0.5 79 0.5 89 0.7 
2666 4 0.7 29 1 
2674 8 0.4 17 0 78 0.8 84 0.9 90 0.5 98 0.3 
2678 75 0.4 
2715 8 0.4 26 0.9 54 0.3 58 0.9 98 0.7 
2743 0 0.5 10 0.7 15 0.4 17 0.7 27 0.8 33 0 40 0 56 1 83 0.6 98 0.9 
2756 13 0 14 0.9 28 0.6 46 0.6 49 0.5 51 0.4 67 0.3 68 0.8 
2759 63 0.3 72 0.8 
2772 77 0.3 
2834 89 0 
3102 11 0.9 44 0 52 1 67 0.7 81 0.5 96 0.5 
3217 18 1 33 0.9 46 0.6 52 0 59 0.7 67 0.5 93 0.3 
3282 27 0.5 38 1 66 0.5 90 0.5 97 0 98 0.5 
3291 19 0.8 48 0 61 1 65 0 75 0 84 0.3 87 0 99 0.5 
3303 13 0.8 30 0.5 36 0.8 47 1 67 0 83 1 86 0.5 
3304 4 0 9 0.8 17 0.8 42 0 52 0.9 60 1 85 0.8 
3309 5 0.7 6 0 37 0.8 43 0 53 1 54 1 57 0.6 59 0 
3360 41 0 77 0 
3371 60 0.7 86 0 98 0.4 
3416 5 0.4 53 0.9 55 0.4 63 0.9 71 0.3 72 1 74 0 75 0.4 87 0.9 
3447 58 1 
3556 0 0.6 41 0 55 0.8 68 1 
3634 4 0 7 0.9 11 0.8 54 0.5 63 0.3 87 0.4 
3649 19 0.8 27 0.3 35 0.8 41 0 54 0.9 60 0.9 66 0.5 73 0.6 85 1 90 1 
3917 36 0 40 0.5 45 0.7 53 1 
3969 10 0.5 22 0 27 0.8 64 0 76 0.8 79 0.8 80 0.9 87 0.5 93 1 97 0 
4308 7 0.3 
4435 14 0.3 20 0.5 43 1 52 1 53 0.6 65 0.4 83 0 84 0.4 
4522 51 0 54 0 86 0.4 91 0 
4728 15 0.7 19 1 43 0.3 86 0.6 96 0.3 
4797 12 0.9 64 0 93 0 
4835 2 0.9 8 0 29 0 53 0.7 60 0.6 61 0 74 0.5 
5084 70 0 73 0.6 
5177 21 0.9 22 0.5 23 0.3 26 0.3 37 0.4 58 0.3 69 0 94 0.8 
5222 6 0 16 0.6 
6124 11 0 13 0.4 38 1 70 0.5 92 0.6 93 0 
6153 3 0.4 21 0.9 37 0 94 1 
6186 48 0 
6277 2 0.4 20 0 21 1 50 1 52 0 54 0.5 57 0.9 75 0.5 
6773 10 0 35 0 62 0.7 63 0.5 68 0.4 72 0 79 0.9 80 0.4 88 0.7 
6778 2 1 3 0 15 0.6 17 0.5 28 0.3 34 0 48 0.6 65 0 70 0.5 95 0.5 
6901 0 0 6 0.7 8 0 12 0.7 50 0 56 0 57 0 78 0.5 88 0.8 
7015 0 0.8 4 0 34 0 53 0.6 55 1 57 0.8 62 0.9 70 0 90 0.3 99 0.5 
7319 7 0.5 10 0.3 19 0.3 21 0 41 0.3 64 0 76 0 99 0.4 
7321 26 0 36 1 39 0.7 65 0 70 0.8 82 1 94 0.8 97 0 
7334 43 0.4 48 0.9 51 0 80 0 
7352 95 1 
7534 48 0.6 54 0 73 0.8 80 0 
7578 30 0.5 42 0 
7642 20 0 27 0.3 28 0.6 30 1 38 0.9 59 0.9 68 0 77 0.6 87 1 88 0 
7650 7 0.6 21 0.3 24 0.9 37 0.6 43 0 44 0 83 0.8 96 0.4 99 0.7 
7734 85 0.8 99 0.7 
7738 23 0.9 52 0.3 53 0 71 0.9 
7781 34 0.3 
7831 38 0 62 0.9 71 0.6 98 0 
8028 2 0.6 15 0.5 59 0 66 0 83 0.8 84 0 87 0.8 
8047 56 0.5 61 0.7 70 1 73 0.7 84 0.6 93 0.9 
8248 23 1 25 0.7 33 0.4 38 0.8 39 0 52 0.3 61 0.3 62 0.4 68 0.6 69 0.9 
8401 27 0 
8436 13 0 
8513 31 0.4 
8564 3 0.3 17 0 22 0.5 26 0.7 41 0.8 
8625 5 0 21 0 39 0.4 59 0 
8705 19 0.4 26 0.8 32 0.3 96 0.9 98 0 
8784 27 0 45 0.4 53 0.6 91 1 98 0 
8889 14 0.3 15 0.9 24 0 29 0 42 0 56 0.4 68 0.6 71 0.8 86 0 89 0.8 
8956 19 0.8 83 0 
9143 4 0.4 40 0 44 0 50 1 51 0 72 0 76 0.8 79 0.3 82 0 94 0.5 
9239 4 0.3 23 0.4 24 0.3 38 0.6 54 1 75 0.5 83 0.9 98 0.3 
9394 58 0 75 0.6 
9487 22 0.6 30 0.4 37 1 43 0.7 53 0.7 58 1 79 0.4 
9649 7 0.3 18 0.3 26 0.4 27 0.8 46 0.3 55 0.9 62 0 89 1 91 0.8 97 0.8 
