100
99 3 0 29 0 30 0.9 52 0 56 0 63 1 72 0.8 77 0.3 98 0.8 
178 8 0 55 0 83 0 
352 4 0.3 16 0.9 24 0 35 1 38 0.4 40 0.4 41 0.4 58 1 92 0.6 
378 74 0 85 0 88 0.9 90 0 
422 49 0.3 50 0.5 64 0 67 0 90 0.4 
427 31 0.3 32 0.5 47 0.8 50 0 64 0.6 66 0.6 68 0.4 72 0.5 74 1 96 0.5 
576 37 0 
623 38 0.3 61 1 65 0.4 70 0.7 86 0.9 96 0.9 97 0 
917 9 1 15 0 37 1 42 0 84 0 97 0.5 
941 3 0 20 0.5 70 0 
1105 11 0.4 31 0.7 50 0.6 80 1 81 0.7 95 0.6 97 0.8 
1168 4 0.6 10 0.5 24 0.7 39 0.6 66 0.7 74 0.9 83 0 87 0.3 88 0.5 95 0 
1241 14 0 49 0.4 
1248 6 0.5 45 1 56 0.5 62 0 69 0.9 73 0.7 80 0.4 83 0.3 87 0 88 0.6 
1340 7 0.3 8 0.6 9 1 75 0.4 81 0.9 86 0.6 
1430 24 0 38 0.9 47 0.7 55 0.8 56 0.7 59 0 72 0 74 1 79 0 
1464 31 0 96 0.5 
1571 32 0.5 
1623 6 0 12 0.3 22 0.4 23 0.8 29 1 49 0.7 55 0.9 59 1 74 0.6 99 0.8 
1766 34 0.7 81 0.8 98 0 
1894 51 0.6 63 0.4 65 0.3 70 0.7 93 0.3 
1985 5 0 16 0.4 43 0 49 0.8 67 0.5 98 0.4 
2087 8 0 44 0.7 56 0.3 62 1 73 0 88 0.6 
2097 11 0.8 
2139 16 0.7 33 0 34 0.5 62 0 70 0 84 0.5 89 0.6 
2145 20 0.6 41 0.5 49 1 73 0.4 81 0.7 
2165 3 0 24 0.6 28 0 
2311 13 0.5 16 1 17 0 19 0.4 22 0.3 73 0.6 77 0 81 1 86 0.7 95 0 
2386 9 0.3 13 0.9 14 0 17 0 28 0.4 39 0 54 0.9 63 0.8 
2446 72 0 
2497 7 0.9 8 0.7 20 0.5 21 0.7 25 0.8 28 0.4 49 0.5 71 0 94 0.5 98 0.3 
2632 2 1 40 0.9 47 0 67 0 87 0.9 
2678 75 1 
2898 82 0.3 
2972 27 0.5 92 0.9 
3112 4 0 13 0 36 0.9 53 1 56 0 61 0 66 0.9 
3442 17 0.4 21 0.8 41 0 48 0.3 65 0.6 69 1 80 0 82 0.8 91 0.5 
3566 16 0 21 0.5 23 0.9 24 0.8 25 1 37 0 41 0.6 46 0.8 47 0.6 
3700 36 0 45 0 51 0.7 53 0.6 85 0.9 96 0 
3856 23 0.9 29 0.8 32 0 55 0.6 66 0.5 
3858 28 0.4 70 0.6 76 0.5 87 0.5 
3868 54 0.3 
4006 81 0.8 
4213 4 0.3 27 0 36 0.3 53 0.9 58 0.8 93 0.5 
4279 1 0 33 0.7 42 0.7 76 0 91 0 
4329 1 1 15 0 19 0.6 31 0.4 36 0.6 51 0.4 52 0.8 88 0.9 92 0.6 
4438 4 0.6 22 0.3 29 0.3 43 0.4 55 0.6 69 0.8 
4534 3 0 5 0.7 6 0.3 22 0 50 0.5 76 0 85 1 94 0.7 97 0.7 98 0.8 
4749 3 0.6 9 0 33 0.6 34 0 40 0 55 0.6 66 0.4 78 0.5 90 0.8 96 0 
4864 94 0 
4899 2 0.6 21 0.5 22 0.8 28 0.8 29 1 69 0 86 0 89 0 99 0.8 
4963 64 0.3 
5067 10 1 43 0.9 79 0 85 0 95 0.4 98 0.5 
5071 10 0 29 0.6 86 0.3 
5194 4 0 8 0 65 0 82 0 86 0.3 
5273 5 0.6 38 0.3 41 0.5 48 0.3 65 0 72 0.3 92 0.3 
5300 4 0 27 0.7 28 0 32 0.7 42 0.9 69 0 85 1 90 0.5 95 0.7 98 0.3 
5638 43 0.4 58 1 59 0 83 0 
5657 16 0 31 0.9 49 0.4 94 0.8 
5749 1 0.3 23 0.3 36 0.7 59 0.8 70 0.8 
5759 1 0 4 0.7 37 0.4 45 0.4 47 0.7 69 0.9 85 0.4 92 0.5 
5782 10 0 19 0.5 24 0 51 0.8 57 0 60 0 61 0 63 0.4 68 0 91 0.7 
5822 11 0.4 46 0 69 0.3 85 0.3 99 0.9 
5827 23 0 25 0.7 28 1 32 0.5 37 0 50 0 51 0.6 71 0 
5952 0 0 16 0 44 0.7 56 0.9 87 0.9 
6002 1 0.8 33 0 36 0 46 1 65 0 70 0.9 83 0.4 87 0 99 1 
6005 5 0.8 
6294 23 0 43 0.5 47 0.5 64 0 87 0.8 91 0.5 98 0 
6462 8 0.9 21 0 47 0 67 0 85 0.4 
6719 0 0.7 14 0.4 40 0 46 0.5 66 0.8 72 0.3 81 0 90 0.6 
6721 18 0.5 34 0 36 0.9 40 0.5 43 0.3 53 0.6 70 0 72 0 87 0.8 
6761 15 0.9 36 0.3 37 0 90 1 
6854 16 0.5 53 0.8 
6906 13 0.7 38 0.6 47 0.4 75 1 89 1 
6936 11 0.4 14 1 38 0 50 0 58 1 63 0.9 66 0 96 0 
7047 28 0.5 34 1 58 0 67 0.4 81 0.9 85 0.8 89 0.6 91 0.5 
7348 47 0.8 66 0.7 69 0.6 
7429 10 0 38 0.9 42 0.4 59 0.5 61 0 78 0.8 83 0.5 93 0 
7538 38 0 53 0 54 0.4 67 0.3 68 0.8 70 0.8 83 0.6 85 0 90 0.9 
7964 19 0 48 0.8 62 0.6 70 0.6 92 0 98 0.4 
7990 10 0 
8040 11 0.9 51 0 
8082 42 0 51 0.5 69 0 73 0 
8533 5 0 16 0.9 17 0 21 1 40 0.4 45 0.6 70 0 88 0.5 91 0.7 
8535 4 0 26 0.7 27 0.4 30 1 40 0.8 70 0 81 0.3 94 0.8 
8569 82 0.8 
8875 2 0 41 0.3 55 1 97 0.3 98 1 
8916 4 0.5 12 0 14 0.6 23 0.8 54 0 70 0.6 81 0.3 82 0 94 0.7 98 0.3 
9123 2 0.7 67 0.7 
9174 15 0 50 0 65 0.8 69 0.4 
9203 0 0 3 0 18 0.6 26 0.9 28 0.4 33 0.4 37 0 41 0.8 48 0.8 
9269 5 0.5 10 1 12 0.4 51 0.4 93 0.5 
9303 2 0 7 0.6 10 0.3 15 0.9 17 0.7 25 0 26 1 39 0.3 54 0.6 85 0.8 
9457 6 0 58 1 92 0.4 
9507 24 0.3 
9529 15 0.6 27 0.3 42 0.6 44 0.3 58 0 59 0.7 61 0.8 68 0.8 
9605 14 0.7 26 0 28 0 91 0 
9728 6 0 8 0 11 0.6 59 0.6 85 0 86 0 
9836 5 0 20 0.3 40 0.4 54 0.6 61 0 63 0.9 76 0.3 90 1 
9855 7 0.4 12 0.6 60 0.3 
