100
66 27 0.4 32 0 55 0.3 81 0 
91 14 0 57 0.5 90 0.3 
220 0 0.4 19 0 42 0 48 0.4 65 0 80 0.7 94 0.8 97 0.7 
248 4 0.5 5 0.4 28 0.4 46 0 55 0.4 70 0.9 82 0.3 93 0.6 95 0.8 
359 6 0.4 9 0.4 44 0.8 59 0.3 80 0.9 
408 4 0 19 0.4 26 0.4 34 1 39 0 53 0.3 
502 3 0.7 5 0.4 11 0.9 18 0.6 33 0.8 55 0 89 0 
580 6 0.6 16 0.6 35 0 37 0.7 55 0.4 67 0.4 89 0.7 93 0.4 
597 12 0 33 0.6 
725 6 0 32 0.5 38 0.5 70 0.4 97 0.9 
962 17 0.3 20 0.8 50 0.9 53 0.9 93 0.4 
1207 4 0.9 10 0.7 24 0.4 31 0 39 0.9 40 0.8 46 0.5 73 0 98 0 99 0 
1466 66 0 
1540 0 0.3 6 0 13 0.8 15 0 17 0 51 0.4 70 0 75 1 80 0.9 87 0 
1574 16 0.5 17 0.7 22 0 35 0.3 43 0.5 66 0.6 74 0.5 75 0.7 89 0.8 
1581 0 1 4 0.3 13 0 41 0.7 56 0.6 60 0.8 90 0.8 
1722 1 0.6 13 0 15 0.6 29 0.3 39 0.4 50 0.9 65 0.3 73 0.5 75 0 88 0 
1828 1 0 10 0.3 27 0 42 0.9 87 0 92 1 
1840 53 0.7 69 0.7 
1841 19 0 33 0 82 0.9 
1854 24 0 31 0 40 0.5 43 0 44 0.4 57 0.7 62 0.6 72 0 74 0 
1871 7 0.3 11 0.4 13 0 18 0 23 0.6 64 0.3 86 0.7 87 0.4 
2001 5 0 11 1 35 0.7 
2064 55 0.8 75 0.4 90 0.4 93 0.9 94 0 
2080 20 0.7 78 0.4 
2119 42 0.7 53 0 98 0.9 
2120 7 0.5 42 0.4 60 0.6 79 0 
2123 0 0.5 1 0 7 0.7 9 0.6 28 1 52 0 62 0.8 68 0.9 75 1 
2259 5 0.6 17 0.7 28 0.3 34 0.6 36 0.4 64 0 86 0.4 94 0.9 
2312 6 0 11 0 19 0.4 31 0 95 0.6 
2555 12 0 24 0.4 41 0.7 43 0.7 46 0.8 50 0.6 65 0.7 68 0.4 96 0 
2661 2 0.8 20 0.9 51 0.5 89 1 
2816 50 0.7 77 0.4 
2821 10 1 28 0.5 41 0 45 0.7 63 0.5 65 0.8 72 0.3 99 0.6 
2894 23 0.8 95 0.4 
2928 21 1 45 0 53 0 57 1 60 0 72 0.3 86 0 92 0.9 93 0.7 97 0.6 
2933 19 0.6 84 0 96 0.8 
2941 14 0.3 19 0 41 0 48 0.4 61 0 
3268 7 0 17 0.5 22 0 35 0 36 0.9 89 0.7 
3396 3 0.5 21 0 94 0.9 
3416 5 0 53 0 55 1 63 1 71 0.4 72 0 74 0 75 0.4 87 0 
3419 17 0.5 50 0.7 68 0.9 
3438 38 0.9 41 0.7 54 0.7 97 0.9 
3450 28 0.6 52 0.3 54 0.9 66 0 83 0.9 89 0.6 
3572 3 0.8 4 1 9 0.8 54 0.3 68 0.3 69 0.7 83 0.3 84 0.4 88 0.5 
3625 4 0 16 0.3 21 1 38 0.3 52 0.5 56 0.8 71 0 77 1 79 0 80 0.9 
3679 6 0.3 13 1 23 0 50 1 61 0.4 62 0 63 1 69 0.4 97 0.7 98 0.3 
3889 8 0.3 24 0.4 33 0.7 46 0 82 0 84 0.9 91 0.4 94 0.5 98 0 
4207 0 0 1 1 28 0.7 38 0 43 1 63 0 71 0.5 77 1 80 0.8 99 0 
4275 4 0 14 0 25 1 34 0 36 0 37 0 52 0.8 63 0.4 66 0.4 
4448 16 0.9 80 0.9 85 0.7 90 0.3 94 0.8 
4459 4 0.5 19 1 44 0 61 0.5 
4527 1 0 3 0 50 1 58 0.4 
4559 25 0.3 36 0.9 59 0.5 63 0.8 69 0 71 0 78 0.3 
4749 3 0.3 9 0.7 33 1 34 0 40 0.4 55 0.4 66 0 78 0 90 0 96 0 
4812 28 0 52 0.8 62 0.5 
4872 24 0.7 30 0.9 56 0.8 86 0.7 92 0 98 0 
5063 34 0.8 
5144 4 0.3 89 0.4 
5381 6 0.9 8 0.4 17 0.8 40 0.9 44 0.3 71 0.4 88 0 
5455 21 1 73 0.9 80 0.9 
5531 0 0.6 4 0.9 6 1 41 0.4 43 0 57 0.4 94 0.4 95 0 
5566 7 0 81 0.5 82 0 
5616 9 0 17 0 49 0 62 0.8 
5751 5 0.8 13 0.6 25 0.4 55 0.8 69 0.3 88 0.8 90 0.3 
5863 34 0.8 41 0.5 45 0.9 46 0.5 50 0.6 66 0.5 80 0.3 93 0.6 
5981 1 0.8 15 1 30 0.3 56 0 57 1 58 0.6 82 0 92 0 94 0 
6044 39 0.4 
6307 52 0.8 
6608 23 0 29 0.3 38 0 64 0 68 0 74 1 
6792 54 0.4 58 0 90 0 98 1 
6859 63 0 
6940 72 0.9 
6992 12 0.5 85 0 99 0.8 
7006 51 0.3 53 0.4 58 0.8 67 0.6 69 0 70 0.8 88 0.3 91 1 95 0.9 98 0.5 
7034 3 0 9 0.7 17 0.9 52 0.9 61 0.8 70 0 73 0 83 0 
7061 12 0.6 21 0.3 96 0 
7236 74 0.9 
7411 21 0 28 0.9 
7434 2 0 84 0.5 90 0 96 0 
7659 35 1 44 0.5 54 1 56 0.3 60 0 74 0.7 80 0.4 86 1 
7727 0 0.6 21 0 46 0 51 1 93 0 
7895 4 0.4 14 0.3 16 0.3 32 0.3 47 0.6 64 0 65 0.9 67 0.6 70 0.6 89 1 
8003 3 0.6 17 0 41 0 49 0.4 51 0.3 52 1 61 0.5 91 0 95 0.8 
8042 17 0.7 20 0.6 47 0.5 52 0 62 0.6 69 0 72 0.4 89 0.6 
8185 44 0 47 0 56 0.5 98 0.4 
8303 78 0 87 0.6 
8317 23 0.6 31 0.5 41 0.8 44 0.6 48 0.4 56 0.9 76 0.7 
8363 5 0.4 18 0.3 31 0 32 0 33 0.8 55 0.6 56 0.4 66 0.8 68 0 93 0.9 
8538 81 0.8 
8598 14 0.8 24 1 25 0.6 31 0.9 38 1 51 0.8 64 0.3 68 0.9 82 0.4 89 0.3 
8861 11 0 14 0.7 16 0.9 35 0.3 68 0.6 74 0 78 0.6 94 0.4 
9186 24 0.7 41 0.8 48 0.3 57 0 72 0.6 78 0.9 86 0.7 90 0 91 1 
9306 27 0.3 78 0 
9404 24 0 55 0.6 70 0.8 
9563 7 0 57 0.5 
9603 15 0.6 58 0 
9744 13 0.9 54 0 95 0.8 
9794 5 0 24 0.6 37 0.8 46 0 49 0.3 77 0.9 
9993 9 0.8 15 0.4 18 0.7 27 0.4 34 1 37 0.9 59 0.4 70 0.3 99 0.6 
