100
35 0 0.7 6 1 16 0.4 20 0 52 0.5 53 1 59 0.8 73 0 93 0.9 
107 0 0.7 15 0.5 33 0 42 1 70 1 79 0 80 0 91 0.3 
212 20 0.9 22 0.6 90 0.3 93 1 
245 2 0.6 16 0 27 0.3 36 0 60 0.9 84 0.5 96 0 
282 0 0.6 10 0 58 0 61 0.9 83 0.6 92 0.8 96 1 99 0.8 
456 44 0 51 1 59 0.6 82 0.5 83 0.4 
535 9 0.5 25 0 33 0 35 0.7 40 0 42 0.7 83 0.8 88 0.7 93 0.9 
579 28 0.4 68 0.8 95 0.9 
599 80 0.9 83 0.4 
939 27 0 28 0.3 62 0.7 
1015 13 0.8 
1132 22 0 31 0.9 88 0.3 96 0 
1143 5 0 52 0 54 0.6 58 0.7 80 0 86 0.9 90 0.4 99 0 
1145 12 0.3 39 1 43 0 53 0 64 0.5 71 0.9 96 0 
1191 25 0.3 
1224 18 0 21 0.8 48 0 
1355 3 0.4 24 0.7 26 0.3 47 0 72 0.6 73 0.3 
1423 2 0.6 5 0.8 22 1 38 1 76 1 84 0.6 
1571 32 0 
1616 23 0.8 45 0.5 48 0 
1731 14 0 57 0.9 88 0.4 
1734 32 1 72 0 
1851 8 0 12 0.8 16 0.6 30 0.6 43 0.3 82 0.5 
1961 25 0 40 1 63 0.6 66 0.7 
1999 61 0 
2096 0 0.3 2 0 25 0 41 0 52 0 82 0.5 92 0.4 98 0.5 
2281 11 0.5 19 0.7 
2320 7 0 19 0.7 22 0.8 42 0.4 50 0 64 0 84 0.6 90 0 92 0.5 
2483 28 0.9 40 0 62 0.3 80 0.5 97 0.7 
2616 23 0.6 66 0.8 75 0 81 0 94 0.7 
2657 1 0.7 5 0.9 74 0 77 0.3 88 0.8 
2761 15 0.8 64 0.5 
2920 2 0.3 51 0.7 
2987 16 0 36 0.5 48 0.9 85 0.5 89 1 93 0.3 
3029 35 0.7 52 0.7 66 0.3 97 0.5 
3248 55 0 69 0 
3324 15 0 35 0.8 40 0.6 41 0.9 42 0.3 49 0.5 53 0.3 60 0.8 98 0.7 99 0 
3328 12 0 23 0.8 24 0.7 42 0.7 54 0 61 0 78 0.9 89 0.4 
3367 7 0.9 8 0.4 11 0.5 22 0.3 31 0.9 61 1 63 0.9 64 0.3 86 0.5 
3434 14 0.9 
3436 73 0 81 0 82 0.8 
3535 10 0.5 22 0.7 35 1 45 0 61 0.3 67 0.9 91 0.3 98 0.5 
3664 25 0 37 0.7 56 0.6 74 0.6 
3876 78 0.8 
4096 13 0 14 0 16 0.6 91 0 
4164 17 0.5 28 0 32 0 50 0.5 67 0.5 72 0.6 79 0 83 1 
4224 38 0.6 
4502 12 0.6 33 0.7 41 0.5 83 0 95 0.3 
4560 14 0.7 38 0.4 79 0 
4652 0 0.5 1 0.8 12 0.9 17 0 33 0 39 1 91 0.3 
4755 1 0 20 1 42 0.3 45 0.9 47 0.6 67 0.3 90 1 98 0.5 
4916 23 0.4 42 0 43 0.9 57 0 58 0.5 63 0 64 0.4 93 0 
4921 20 0 82 0 
4965 27 0.4 29 0.3 31 0.3 41 0 50 0 52 0 60 0.9 72 0.9 92 0.5 99 0.6 
4988 13 0.9 19 0.3 22 0.7 39 0.9 47 0 80 0 81 0 82 0.4 87 0 98 0.9 
5038 28 0 56 1 72 0.9 
5104 10 0 22 0.6 23 0.5 43 0.9 65 0.8 74 0.4 90 0.5 94 0 
5203 33 0 42 0.9 44 0.7 46 0.8 60 0.9 93 0.3 
5376 4 0.4 20 0.9 58 0 69 0.8 70 0.3 93 0.9 96 0.5 97 0.9 98 0 
5637 27 1 60 1 
5743 7 0.6 38 0.4 44 0 54 0.7 56 0.3 70 0.7 78 0.3 
5756 15 0.9 29 0.5 56 0.9 
5792 10 0 13 0.5 25 0 35 0.6 54 0.8 81 1 
6353 10 0.3 26 1 69 0.7 85 0.9 
6358 7 0.7 15 0 25 0.3 44 0 47 0 48 1 57 0.9 94 0.9 
6519 15 0.9 16 0 28 0.7 73 0.7 82 0.9 98 0 
6530 14 0.4 19 0.4 20 0.7 27 0 34 0.9 43 0.8 76 0.6 90 0 
6888 64 1 
6940 72 0.4 
6972 5 0 48 0.4 72 0.6 79 0.4 
7043 18 0.4 23 0 55 0 77 0.6 79 0.4 98 0 
7131 37 0 
7236 74 0.3 
7248 25 0.7 60 0 72 0.6 
7263 2 0.4 21 0.6 25 1 29 0 47 1 66 0.9 76 1 98 0 
7264 3 0.5 11 0.6 23 1 55 0 69 0 80 0.4 87 0.8 99 0.8 
7266 13 0.8 18 0.9 20 0.9 34 0.6 72 0 75 0 88 0.5 
7376 28 0 
7423 6 0.6 8 1 28 0.6 36 0.6 42 0.3 81 0 
7508 1 0 2 0.6 7 0.6 10 0.8 13 0.3 53 0.8 64 0.4 75 0.6 
7598 13 0.9 23 0.5 37 0.5 50 1 75 0.4 84 1 87 0.7 
7834 63 0.4 98 1 
8111 20 0 
8209 21 0.5 
8242 12 0 16 0.5 17 0.4 28 0.8 49 0.3 58 0.5 85 1 98 0.4 
8368 14 0.9 31 0 32 0.4 54 0.7 56 0.6 68 0 69 0.8 88 0 95 0.6 
8627 19 0 89 0 
8976 7 0.8 22 0 86 0 
8995 11 0 17 0 25 0.4 30 0 59 1 62 0.6 68 0.6 90 0.6 
9092 1 0.5 5 0.3 33 0.7 49 0 50 1 63 0.8 71 0.5 
9347 0 1 24 0.4 33 0 42 0.8 60 0.6 71 0.9 82 0.6 92 0.9 96 0.5 99 0.5 
9395 21 0 51 0.3 52 0.5 54 0.4 
9562 75 0 
9621 3 0.7 32 0.4 41 0.6 61 0.5 
9635 21 0.3 28 0.8 61 0 77 0.8 85 0 87 0.3 
9819 0 0.6 2 0.3 6 1 26 0 37 0.6 55 0.8 68 1 95 0.4 
9858 8 0.6 33 0 34 0.9 53 0 93 0.5 
9906 28 0.7 32 0.4 51 0 90 0.6 91 0.6 
9909 8 0.6 
9920 23 0 43 0.3 77 0 80 0 99 0.4 
