100
37 15 0.8 19 0.9 
158 24 0.7 37 0.4 50 0.5 58 1 60 0.6 66 0 72 0.8 75 1 78 0 79 1 
185 9 1 13 0.4 17 0.7 19 0.4 30 1 32 0.3 35 0.7 58 0.6 83 0.3 88 0 
191 2 0.4 26 1 60 0.8 63 0.9 66 0.6 
340 7 0.3 9 0.9 53 0.6 
388 3 0.8 23 0.3 24 1 32 0 73 0.3 78 0 81 0.7 89 0 96 0.4 
537 18 0.4 31 0.8 51 1 84 1 
555 25 0.6 57 0.6 
559 19 0 51 0.7 57 0.7 70 0.8 74 0 83 0 84 0.4 
570 22 0 25 0.7 53 0.6 63 0 64 0.3 86 0.6 
667 27 1 85 0.9 
903 3 0.8 20 0.3 67 0 86 1 91 0.9 93 0.9 
915 13 0 38 0.6 40 0.4 64 0 91 0.7 96 0.7 
988 16 0 21 0.9 48 0.4 54 0.5 74 0 84 0.3 
1200 2 0.5 8 0.5 43 0.8 46 0.5 50 0.8 53 0 85 0.8 94 0 
1251 30 0 
1294 6 0.8 14 0.5 62 0.6 78 0.6 87 0 90 0 
1302 17 1 28 0.7 42 0 61 0.8 79 0.5 
1345 0 0.5 2 0 7 0 11 0.7 15 0.6 21 0.8 23 0.7 50 0.7 62 0.5 95 0 
1549 44 0.9 75 0 81 0.6 91 1 
1992 25 0.3 37 0 
2244 9 0.6 29 0.9 40 0.4 68 0.5 76 0.9 91 0 92 0 
2257 15 0.3 20 0.4 25 0 31 0.5 68 0.5 80 0.9 94 0.8 
2379 12 0.3 49 0.5 69 0.9 70 0.8 75 0.9 79 0.4 96 0 
2451 9 0.7 11 0 
2500 30 0.5 67 0 
2525 0 0 39 0.4 
2816 50 0.6 77 1 
2823 33 0.4 
2876 9 0.5 31 0.6 75 0.5 85 1 
3120 4 0.8 13 0.4 14 0 16 0.5 17 0.9 63 0.3 93 0 95 0.9 
3280 41 0 56 0.3 
3323 2 0.4 22 0.5 35 0 45 0 56 0 60 0.3 71 0.4 84 0.4 94 0.6 
3334 4 0.7 7 0.8 29 0 34 0.4 40 0.7 51 0.3 63 0.3 81 0.7 92 1 97 0.4 
3393 4 0.8 7 0.7 8 0.4 20 0 25 0.3 42 0.4 71 0.8 89 0.6 
3500 20 0.6 77 0.6 92 0 
3534 6 0.7 70 0 
3616 35 0 39 1 41 0 48 0.3 83 1 86 0 91 0.4 
3831 21 0 97 0.5 
3884 71 1 86 0.6 
4060 70 0.3 84 0 
4170 14 1 15 0.7 27 0 58 0 
4175 0 0 8 0.3 23 0.7 25 0.7 49 0.9 71 0.9 73 0.6 76 0 85 0.4 87 0 
4357 4 0.5 17 0 25 0.4 39 0.3 40 0 75 0.3 86 0.3 92 0.5 
4381 87 0 
4552 2 1 15 0 33 0.9 78 0 91 0 
4891 4 0.8 9 0.3 25 0.4 61 0.5 99 0.4 
4975 3 0.7 
5076 2 0 11 0 39 0.5 58 0.7 64 0 83 0 90 0.6 
5228 0 0.7 17 0.5 25 0 40 0.7 45 0.4 77 0.9 92 0 
5384 2 0.6 
5623 20 1 47 0.3 91 0.8 
5745 6 0.5 10 1 11 0.4 14 0.9 19 0.9 39 0 51 0.7 68 0.5 69 0.7 80 0.4 
5767 20 1 24 0 37 0.8 66 0.6 70 0 85 1 
5770 5 0.5 9 0.6 15 0 20 0 26 0.4 67 0 84 0.9 
5798 29 0.6 54 0 57 0.5 61 0.4 91 0.4 
6083 1 0 
6144 30 0.7 36 0.9 41 1 90 0.7 99 0.7 
6251 11 0.8 47 0.4 60 0.3 
6253 5 0.6 33 0 38 0.5 49 0 62 0 66 0 68 0 77 0.4 86 0 94 0 
6436 18 0.5 24 0.8 25 0.6 61 1 76 0 88 0.6 92 0.5 97 0.9 
6449 32 0.9 83 0.3 
6587 33 0.6 78 0.9 86 0 95 0.7 
6637 6 0.6 29 0.6 34 0.5 40 0 55 1 72 0.5 84 0 
7338 11 0 22 0.9 36 0.5 52 0.6 60 0.8 64 0 71 0.8 96 0.3 
7688 64 0 
7713 21 0 35 0.9 75 0.9 86 0 
7831 38 0.3 62 0 71 0.7 98 0 
7957 5 0.8 12 0.9 21 0.3 22 0.9 46 0 49 0.6 73 0.7 81 0.5 82 0.3 95 1 
8009 1 0.7 16 0 34 0.5 35 0 70 0.6 72 0 99 0.8 
8024 20 0.7 35 0.3 37 0 42 0.4 52 0 57 0.5 80 0 
8039 78 0.7 79 0.3 81 0.9 91 0.5 98 0.8 
8073 24 0.7 37 0.7 38 0.9 44 0.9 70 0.7 87 0.4 
8109 10 0.6 14 0 40 0 47 0.6 55 0 68 0 
8114 23 0.8 46 0 88 0.9 
8126 8 0.7 17 0.6 45 0 48 0.5 58 0.4 70 0 73 0.9 79 0.5 87 0 95 0.6 
8146 13 0 35 0.7 38 0.9 40 0.3 48 0.6 61 0.7 86 1 
8217 0 0.9 1 0.8 4 0.7 8 0 31 0.5 32 0 83 0.3 86 0.3 91 0.4 
8236 14 0.4 30 0.6 46 0.5 48 0 81 0 
8237 11 0 13 0 52 1 69 0.6 77 0 
8248 23 0 25 0 33 0.4 38 0 39 0 52 1 61 0.6 62 0 68 0.5 69 0 
8295 81 0.8 
8328 8 0.9 10 0.4 26 0.6 33 0 39 0.5 57 0.5 84 0.8 
8436 13 0 
8755 0 0 4 0.8 28 0.6 29 0.7 66 0.4 
8782 39 0 47 0.6 76 0 82 0.4 90 0.4 94 0 99 0 
8892 25 0.8 37 0.5 41 0 97 0.4 
8926 10 0.6 12 0.5 52 0.7 55 1 58 0.7 
8937 21 1 46 0.6 55 0.5 80 0 85 0.6 96 0.6 
9005 20 0.8 29 0.8 40 0 65 0.4 89 0.5 95 0.7 98 0 
9123 2 0.4 67 0.7 
9257 3 0.6 27 0.3 36 0.8 40 0.4 45 0.3 64 0.5 88 1 
9366 21 0.6 29 0.5 35 0 44 0 65 1 67 0.7 78 0.6 79 0.9 
9484 48 0.3 89 0 
9607 15 0.4 
9651 3 0.4 8 0.4 48 0.9 49 0.5 51 0.4 57 1 59 0.3 65 0.8 77 0.5 
9706 19 0.4 36 0.4 53 1 55 0.7 67 0 75 0 78 0.8 92 0.9 
9810 41 0.4 49 0.8 
9880 0 0.7 1 0.7 9 0 16 0.3 20 0 71 0.8 86 0.3 91 0.5 98 0.7 
9985 8 0.8 18 0 27 0 45 0.8 56 0 64 0.4 65 0 66 0.9 72 0.7 
