100
107 0 0.3 15 1 33 0.8 42 0 70 0.5 79 0.6 80 0.9 91 0.3 
327 2 0.6 12 0.5 18 0.9 33 0.5 65 0.6 94 0 
367 12 0 38 1 40 0 57 0 84 0.7 94 0.7 
405 45 0.7 80 0.5 
466 0 1 23 0.9 31 1 32 0.8 34 0.4 44 0 58 0.7 68 0 73 0.4 94 0.5 
474 6 0.7 40 0.4 
518 90 0.8 
713 2 0.4 8 0.6 36 0.4 54 0.4 88 0.3 
809 21 0.8 22 0 28 0.3 39 0 56 0.7 61 0.3 67 0 85 0.6 96 0 
863 8 0.9 29 0 35 0.6 51 0.4 65 0.3 66 0.4 86 0.9 87 0.9 89 0 
907 5 0.6 6 0.5 29 0.7 46 0.9 54 0.6 65 0.5 68 0.7 88 0.8 95 0 
922 68 0.9 88 0.9 94 0 
960 4 0.9 7 0.7 
1055 21 0.5 45 0.9 
1091 17 0.7 66 0.4 
1175 0 1 9 0.6 14 0 18 0.5 30 0.6 51 0.4 80 0.5 82 0.5 
1193 4 0.3 6 0.6 18 0 75 1 88 0.8 89 0 97 0.3 99 0.6 
1281 4 0.8 17 0 23 0 48 0 65 0.8 69 0.7 72 0 83 0.5 90 0.7 
1567 1 0 23 0.3 30 0.9 64 0.7 70 0.3 81 0 90 0 97 0.4 
1611 27 0.5 85 0.3 
1644 50 0.3 83 1 
1822 8 0.6 9 0.7 15 1 33 0 35 1 59 0.7 63 1 76 0.3 94 0 
1873 14 0.6 24 0 27 0.5 34 0.7 59 0.5 
1984 8 0.9 27 0.5 29 0 40 0.5 50 1 59 0.9 62 0.5 76 0.7 95 0 99 0 
2128 86 0.5 
2162 71 0.5 76 0 
2367 8 0.7 13 0.4 25 0.8 39 0 43 0 49 0.4 62 0 68 1 74 0.4 94 0 
2407 4 0 29 0 55 0.9 
2671 2 0.6 14 0.6 16 0.7 31 0 36 0 59 0.5 82 0 
2788 39 0.6 60 0 72 0.9 
3021 29 0 34 0 47 0 59 0.7 89 1 
3107 5 0.5 6 0.8 10 0.4 11 0.3 31 1 46 0 69 0.7 78 0.4 91 0.3 92 0 
3281 1 0.4 10 0 11 0.3 29 0 36 0.9 55 0 58 0.5 82 0.7 93 0 99 0.3 
3407 12 0 31 0.6 
3545 3 0.4 4 0.8 23 0.6 26 0 37 0 93 1 
3559 6 0.7 8 0.5 14 0.9 28 0 31 0.9 64 0.5 77 0.4 
3573 49 0.9 
3601 18 0 19 1 23 0 31 0.3 73 0 
3753 1 1 17 0.8 25 0.4 28 0.7 34 0 61 0.9 78 0.7 95 0.7 96 0.4 
3769 55 1 63 0.8 78 0 
3914 2 0 6 0.9 13 1 35 0.5 48 0.4 62 0.3 79 0 89 0 97 0.7 
3922 20 0.7 65 0.5 
4051 17 0.6 26 0.7 
4457 10 1 23 0.4 42 0.3 62 0.6 
4567 47 0.4 
4798 24 0 40 0 54 0.7 80 1 96 0.3 99 0.5 
4921 20 0.3 82 0.7 
5027 1 0.8 4 0.6 8 0 37 0.6 51 0 70 0.7 76 0.5 
5141 7 0.8 18 0.4 70 0 73 0.9 86 1 97 0 
5252 6 0.9 19 0.3 60 0.5 
5256 1 0.7 48 0.7 50 1 52 0 62 1 79 1 86 1 
5295 38 0.5 61 0.7 99 0 
5359 8 0 14 0.3 21 0 25 1 29 0.5 38 0.4 98 0 
5408 14 0.9 24 0.3 53 0.3 74 0.9 92 0.8 
5469 21 1 23 0.4 26 0 31 0.5 34 0.4 60 0.9 64 0 86 1 88 0.3 
5704 10 0.3 47 0 
5907 24 0.5 46 0.5 47 1 52 0.3 63 0 70 0.9 78 0.9 
5960 3 0.7 11 0.8 13 0.4 25 0 29 0.5 41 0 53 0.5 62 0.4 84 0 90 0 
5986 36 0.8 
6004 4 0.5 42 0.3 80 0.3 
6066 0 0.7 70 0.3 80 0 
6116 20 0.7 22 0.3 
6224 70 0.4 78 0 89 0.5 
6244 2 0.8 3 0 5 0.9 16 0 46 0.8 65 0.5 73 0 90 0.4 
6451 14 0.8 49 0.8 
6689 5 0.7 13 0 15 0.8 29 0.8 63 0 71 0.5 87 0 88 1 91 1 
6693 16 0.9 31 0.3 37 0 57 0.5 63 0 77 0.6 
7009 77 0.7 
7015 0 0 4 0 34 0.9 53 1 55 0.3 57 0 62 0.3 70 0.6 90 0 99 0.7 
7298 20 0.3 52 0.5 83 0 
7382 5 0 13 0.9 16 0.3 52 0.3 59 0 71 0.8 74 1 79 0.9 81 0.5 90 1 
7546 63 0.5 70 0 
7656 7 1 13 0.3 18 0 33 0.9 50 0 54 0 75 0.6 77 0.7 92 0.7 98 0.8 
7696 0 0.5 9 0.9 52 0 76 0.3 81 0.6 
7731 17 0.8 46 0 62 1 87 0.5 90 0 93 0.3 
7782 1 0 4 0.3 32 0 51 1 52 0 80 0.5 96 0.9 97 0.5 
7817 6 0.3 16 1 21 0.9 23 0.4 34 0 49 0.4 59 0.6 73 0.8 84 0.7 86 0.9 
8029 14 0 16 0 31 0.9 49 0 58 1 60 0 
8155 21 0.9 27 0.6 50 0.9 58 0 61 0.7 67 0 73 1 81 0 
8328 8 0 10 0.8 26 0.6 33 0.5 39 0.8 57 0 84 0 
8352 39 0 
8430 5 0.9 10 0 25 0.3 68 0.9 82 0.4 92 0.6 97 0.8 98 0 
8569 82 0.3 
8958 4 0 10 0.8 33 0.7 38 0 41 0.7 52 0.3 61 0.8 77 0.8 
9062 60 0.8 61 0.6 
9215 18 0.8 26 0.9 36 0 40 1 45 0.9 48 0 56 0.4 61 0 87 0.3 
9256 85 0.9 
9264 1 0 2 0.7 56 0 
9297 14 0.5 24 0 26 1 31 0.6 52 1 72 0.9 80 0.6 89 0.8 99 0.5 
9354 24 0.5 42 0.6 58 0 
9416 4 0 14 0.8 39 0 48 0.8 54 0.5 58 0.4 68 0.8 91 0.9 96 0.7 
9496 26 0 32 0.9 36 0 55 0.4 63 0.6 64 0.5 66 0.6 
9618 7 0.9 8 0 15 0.6 40 0.5 49 0.4 58 0.3 63 0.7 71 0.7 83 1 89 0.8 
9664 5 0 20 1 21 0.9 42 0.9 56 0 89 0 93 0.9 
9676 13 0.9 17 0.3 
9682 8 1 9 0.3 45 0.5 48 0 
9780 8 0 50 0 69 1 95 0.4 
9852 8 0.8 10 0.8 15 0.9 17 0.9 34 0 37 0 45 0 71 0.8 80 0.7 96 1 
9911 23 0 43 1 65 0.4 
9919 9 0.5 32 0.3 40 0.4 46 0 76 0.6 87 0.7 
