100
69 1 0.6 6 0.3 11 0.3 39 0.7 45 0.4 60 0 82 0.7 88 0 
326 3 0 6 0.8 20 0.4 55 0 79 1 
356 61 0.6 
471 25 0.5 28 0 68 1 75 0.6 82 0.5 85 0 88 1 92 0.5 98 0 
532 4 0.7 74 0.9 85 0.9 
536 32 0.3 42 0.8 67 0.8 90 0.3 
728 7 0.9 42 0 
743 26 0.9 36 0 64 0.4 69 1 85 0.6 99 0 
868 27 0 
905 61 1 66 0.5 74 0.7 77 0.4 85 0.4 97 0.4 
925 15 0.8 24 0.8 25 0.4 31 0.9 41 0.4 74 0 76 1 77 0 96 0.3 99 0.9 
954 1 0.5 9 0 24 0.6 25 0 31 0.4 37 0 39 0.4 47 1 86 0.6 94 0 
967 9 0.7 17 0.3 23 0 32 0 41 0.7 46 0 
1087 19 0.7 68 0.4 83 0 
1224 18 0.9 21 0.6 48 1 
1339 17 0.4 52 0.6 
1436 3 0.4 
1457 7 0.8 44 0.5 45 0 54 0 56 0.8 91 0.6 92 0.4 97 1 
1614 32 0.6 37 0.9 43 0.7 65 1 84 0.9 86 0 92 0 
1657 8 0.4 9 0.5 20 0.6 34 0 50 0.4 79 0.4 85 0 87 0.9 
1853 65 0.5 87 0 
2087 8 0.5 44 0.5 56 0.5 62 0.6 73 0 88 0.3 
2142 24 0.8 60 0.5 89 0 
2193 22 0 83 0.3 
2250 7 0.3 27 0.8 60 0.7 70 0 
2263 18 1 24 0.8 31 1 44 0 87 0 
2620 7 1 32 0.7 36 0.5 44 0.5 55 0 62 0 80 0 92 0.6 97 0 98 0.7 
2758 4 0.4 16 0.8 20 0 73 1 74 0 90 0.4 
2778 2 0 5 1 8 0.9 22 0.4 29 0.6 52 0 73 1 92 0.7 
2830 0 0.7 13 0 19 1 53 0.6 71 0.4 83 0.8 86 0.5 
2869 28 0 56 0.4 69 0.4 80 0.8 93 0 
2871 49 0.9 60 0 63 0.3 72 0.8 77 0 81 0.5 
2909 34 0 60 1 73 0 74 0.4 82 0.5 93 0.5 
2986 20 0.6 25 0 54 0 60 1 61 0.9 69 0.7 79 0 88 0.3 91 1 96 0.8 
3051 32 0 45 0 47 0.3 50 0.3 67 0.5 88 0.7 96 0.3 
3121 22 1 23 1 37 0.9 45 0 67 1 80 1 88 0 
3182 16 0.9 62 0.3 76 0 93 0.4 
3184 5 0.4 13 0 20 0 
3204 11 0.9 20 0.9 25 0.8 34 0.6 56 0.7 65 0.3 66 0 91 0.4 95 0 98 0.7 
3293 0 1 20 0.7 22 0 23 0.5 36 1 41 1 60 0.9 62 0.4 97 0.9 99 0.8 
3338 1 0.8 37 0.8 45 0.7 55 1 63 0.9 72 0.3 75 0.3 81 0.9 82 0.9 
3395 79 0.5 
3449 43 0.7 53 0.5 59 0.5 73 0.8 
3526 17 0.9 21 0.4 31 0 58 0.6 70 0.8 74 0.3 80 0.4 88 0.8 99 0.9 
3671 5 0.4 11 0.7 18 0.9 47 0.3 57 0.3 66 0.7 86 0.6 96 0 
3693 21 0.6 30 0 62 0.3 63 0.5 73 0.9 95 1 99 0 
3702 73 0.7 86 0.8 93 1 
3733 5 0.4 7 0.7 38 0 58 0 78 0.5 84 0.3 88 0.3 
3767 2 0.4 15 1 
3786 4 1 13 1 14 0.8 49 0 74 0.9 91 0.5 
4030 25 0.4 95 0.5 
4110 16 0 18 0.3 30 1 37 0.9 60 0.6 63 0.7 76 0.7 79 0.8 
4471 3 0 47 0 50 0.4 52 0.9 64 0.4 
4534 3 0.8 5 0 6 0.6 22 0 50 0.8 76 0 85 0.9 94 1 97 0 98 0 
4576 22 0.3 32 0.5 59 0.7 61 1 92 0.4 
4760 31 0 37 0.9 54 0.8 67 0.5 74 0.7 98 0.3 
4799 42 0.6 51 0 73 0.9 78 0.3 
4848 79 0 
5009 2 1 4 1 19 0 45 0 64 0.3 67 0 79 0 82 0.6 84 0.4 
5173 16 1 63 0 
5343 18 0.9 22 0 25 0 34 0.5 57 0.6 
5438 52 0 55 1 59 0.4 
5566 7 0 81 0.3 82 0 
5663 17 0.4 20 1 38 0 46 0 88 0.3 98 0.4 
5702 10 0.9 11 1 34 0 72 0.3 95 0 
5715 6 0 20 0 55 0.6 62 0.4 75 0.9 
5866 2 0 65 0 66 0.7 
5891 25 0.9 32 0.5 40 0.4 59 0 66 1 89 0.7 
6034 1 0 9 0.5 93 0.8 
6055 21 0 23 1 38 0.5 45 0.8 46 0.9 58 0 66 0.8 73 0.7 76 0.7 88 0.5 
6059 12 0 20 0 23 0.5 37 0 57 1 73 0.8 
6184 1 0 54 0 99 0.9 
6303 9 1 10 1 17 0.9 52 0.6 
6320 6 0.3 8 1 11 0.5 18 0.9 47 0 53 1 71 0.9 75 0 81 0.8 
6595 6 0 11 1 56 0.3 
6655 12 0.9 20 1 95 0 
6974 20 1 24 0.3 25 1 29 0.3 51 0 64 0 66 0.5 94 0.7 
7102 0 0 9 0.4 48 0.7 56 0 82 0.8 92 0 94 1 
7564 39 1 
7584 5 0.3 67 0 89 0.9 91 0 
7601 5 0 
7617 53 0.5 90 0 93 0.3 97 0 
7687 21 0.9 28 0.6 30 0.4 32 0.4 49 0.5 63 1 71 0.5 83 0.9 
7756 18 1 29 0 34 0.9 76 0.6 99 1 
7793 5 0 23 0 27 0.4 37 0.4 38 0.9 43 0 87 0.3 
7815 2 0.6 28 0.3 
8394 7 0 13 0 34 0 35 1 62 0.8 67 0.7 73 0 89 0.7 
8419 4 0.4 19 0.3 28 0 34 0 45 0.6 60 0.4 
8430 5 0.5 10 0 25 0.8 68 0.4 82 0.7 92 0.9 97 0.8 98 1 
8623 0 0 20 0 21 0 40 0.7 50 0.7 56 0 65 0.3 66 0.4 89 0.7 
8790 23 0 39 0.6 45 0.7 46 0.9 53 0 54 0.4 57 0 63 0 68 1 
8881 0 0.7 16 0.3 77 0.5 98 0.9 
9227 19 0 26 1 28 0.4 33 0.6 36 0 51 0 73 0.8 77 0.5 80 0.8 98 0.8 
9244 6 0.3 45 0.3 61 0.8 66 0 84 0 94 0.7 
9445 8 0 11 0.6 12 0.4 18 1 28 0 46 0.3 60 0.7 67 0.8 90 0.5 93 0.9 
9464 8 0 58 0.8 
9499 34 0.9 
9592 33 0 44 0 91 1 
9664 5 0.9 20 0.9 21 0.5 42 0.3 56 0.6 89 0 93 1 
9984 5 0 14 0.6 38 0.9 88 0 
