100
37 15 0.6 19 0.3 
39 13 0 65 0.3 86 0.8 
42 2 0 20 0.8 36 0 61 1 73 0.7 76 0.7 78 0 83 0.8 87 0 89 0.9 
178 8 0.8 55 0.6 83 0.8 
238 8 0 41 0.3 42 0.5 44 0.8 51 0.8 63 0.3 79 0.5 98 0.7 
480 13 0.5 26 0 33 0.9 62 0.4 88 0.5 94 1 
549 5 0 9 0 12 0.6 16 0.3 61 0.6 62 0.4 63 0.9 80 0.8 87 0.4 94 0 
634 16 0.4 25 0.4 29 0 31 0 37 0.3 44 0.4 51 0.3 
677 26 0.3 32 1 38 0 42 0.7 74 1 77 1 
1081 2 0.7 10 1 23 1 24 0.4 34 1 50 0.4 73 0.4 
1102 8 0.5 90 0.4 
1179 6 0.7 29 0.7 38 1 42 0 48 0.4 58 0 87 0.9 99 0.6 
1225 17 0 
1421 11 1 47 0.8 52 0 65 0.3 77 0.9 
1441 6 0.8 28 0.5 45 0.9 65 0.6 66 0.6 73 0 87 0 
1511 22 1 40 0.4 55 1 56 0 58 0.7 67 0 97 0.9 98 0 
1627 48 0.7 69 0.3 70 1 76 1 84 0.4 89 0.5 90 0.6 
1746 2 0.9 11 0.8 15 1 22 0.4 23 0.8 36 0.9 45 0.3 87 0.5 89 0.3 93 0.8 
1748 1 0 11 0 12 0.4 30 0 50 1 51 0.5 67 1 76 0.4 84 0.7 88 0 
1968 2 0 20 0 26 0.4 56 0 57 0.6 72 0.4 78 0 83 0.6 
2033 85 0 
2207 10 0.3 12 0.5 21 0.8 36 0.4 44 0.3 49 0 57 1 73 0 91 0 
2296 0 0.9 8 0.8 13 0.5 30 0 47 0.9 83 0.8 
2347 18 0 43 0.9 45 0.6 48 0.5 57 0 63 0.5 90 1 93 0.4 98 0.8 
2365 84 0 87 0.9 89 0.8 97 0.5 
2414 53 0.8 
2474 12 0 35 0 42 0.9 46 0.3 48 0.5 74 0.9 88 0.6 94 0 98 0.5 
2563 25 0.3 39 0.4 98 0.4 
2567 6 0.4 15 0 39 0.8 64 0.9 84 0 94 0 
2720 55 0 86 0 
2753 13 0.9 20 0.9 35 0 47 1 52 0.9 56 0.9 59 0.9 61 0.6 78 0.6 84 0 
2789 19 0 25 0 51 0.5 81 0.3 82 0.9 
2826 8 0.8 12 0.9 29 0 31 0.8 74 0.3 99 0 
2894 23 0.5 95 0 
2921 46 0.9 53 0.6 66 0.9 73 0 93 0.8 
2966 10 0 18 0 25 1 33 0.3 49 0.5 50 0 66 0.5 76 0.9 
3375 3 0.7 10 0 34 0.9 
3499 32 0.6 44 0.3 69 0.7 70 0 
3517 32 0 38 0.4 44 0.3 48 0.6 69 0.6 94 0.4 
3660 3 0.4 13 0.9 25 0 
3685 31 1 
3776 25 0 
3834 8 0.7 12 0.3 21 0.6 43 0.3 49 0 51 0.8 55 0.9 94 0.9 
3915 21 0.4 59 0 62 0.8 77 0.3 81 0.8 96 0.9 
3948 11 0.4 32 1 37 0 62 1 74 0.5 80 0.7 89 0.3 98 0.6 
4005 7 0.5 43 0.8 46 0.6 97 0.8 
4111 92 0.8 
4188 19 0 22 0 26 0 86 0.8 99 0.8 
4567 47 1 
4576 22 0.9 32 0.5 59 0 61 0.6 92 0.9 
4584 5 0.5 8 0.5 46 0 47 0 61 0 67 0.8 71 0.3 84 0 95 0.4 
4587 9 1 19 0.9 20 0.4 34 0.9 52 0.3 
4833 20 0.8 24 1 38 0.3 90 0.9 93 0.5 99 0.4 
5007 3 0.8 29 0 69 1 71 0 83 0.6 89 0.4 90 0.8 94 1 
5060 11 0.6 13 0 18 0.5 59 0.5 60 0.3 
5282 85 0.9 
5627 31 0 45 0.9 
5691 25 0.9 31 0.9 32 0.5 61 0 80 1 98 0.5 
5890 3 0.3 14 0 
5982 65 1 
6032 9 0.6 17 0.3 28 0.8 31 0.3 33 0.6 48 1 73 0 87 0.3 99 0.9 
6143 32 0.4 35 0.8 58 0.9 60 0.8 61 1 76 0.8 82 0 98 0.5 
6210 5 0.5 
6232 6 0.9 15 0.9 52 0.4 57 1 74 0.6 84 0 92 0 
6461 9 0 51 0.9 75 0.6 83 0.3 90 1 94 0.6 
6469 5 1 18 0.3 20 0.4 21 0.7 32 0.3 36 0.5 
6535 49 0.4 67 0.3 
6752 88 0.3 90 0.3 
6873 7 0.9 
7021 33 0 35 0.3 45 0.8 49 0 72 1 90 0.4 94 0.6 
7276 89 0.4 
7387 2 0.3 6 0.5 22 0.5 48 0.3 59 0.8 67 1 77 0.5 85 0.4 88 1 90 0.6 
7402 15 0.3 66 1 74 0.7 81 0.5 
7414 4 0.9 5 1 16 0.9 35 0 44 0 69 0.9 73 0.6 74 1 99 0 
7486 3 0.6 14 0 53 0.8 78 0.4 90 0.4 92 0 98 0 
7585 26 0.7 47 0.3 72 1 83 1 92 0 
7718 1 0.4 4 0.6 11 0.7 20 0 33 0.9 49 0 64 0 76 0.6 80 0.7 84 0 
7732 30 1 
7742 11 0.4 34 1 
7878 24 0 87 0.5 
7940 17 0 21 0.5 29 0.9 41 0.4 42 0 82 0.8 88 0.9 
7948 8 0 69 0.8 
7992 0 0.3 39 0.3 
8300 18 0.6 33 0.8 41 1 43 0 70 0.7 73 0.6 84 0.6 92 0.7 
8331 42 0 46 0 55 0.4 67 0 69 0 
8361 89 0.5 
8523 14 0.7 16 0.6 56 0 58 0.6 63 0.8 69 0.5 71 0.6 81 0.6 
8589 27 0 
8597 6 0.8 30 1 43 0.4 59 0.4 60 0 
8919 34 0.5 58 0.4 86 0 
8927 23 1 24 0.7 27 0.6 69 0.8 79 0.8 86 1 
9127 10 0.8 26 0.9 42 0 44 1 46 0 51 0 89 0.5 
9134 2 1 9 0.6 28 0 90 0.8 99 0.4 
9152 30 0 42 0.4 
9413 6 0.8 35 0.3 53 0.9 96 0.5 
9419 25 0.5 28 1 43 0.6 46 0.5 57 0.6 58 1 86 0 88 0 92 0.8 
9712 6 0 39 0.7 52 0.4 63 0 70 0 84 0.5 97 0 
9724 0 0.4 2 0.3 17 0.9 27 0.7 38 0.8 63 0.3 80 0.9 86 0 97 0.5 
9746 85 0 97 0.5 
9840 2 0.7 3 1 21 0 34 0.6 62 0 66 0.4 70 1 74 1 78 0.9 93 0.4 
