100
75 5 0 10 1 11 0 17 0.8 26 0.3 42 0.5 72 0.7 
95 33 0.5 45 0.9 52 0 66 0.3 83 0.9 90 0.5 
250 14 0.5 85 0.6 91 0 97 0 
326 3 1 6 0.4 20 0 55 1 79 0.8 
380 40 0.6 82 0.5 
447 26 0.3 29 0.6 42 0.9 68 0.7 72 0.9 85 1 88 0.5 93 0.5 
501 28 0 
505 25 0 33 0.7 45 0.5 54 0.4 80 0 
583 30 0.3 81 0.6 
593 42 0.5 45 0.5 53 0.5 55 0.9 72 0 
620 36 0.5 
679 52 0.5 71 0 82 0.5 
861 6 0 17 0.9 21 0.8 65 0.8 76 0.3 84 1 87 1 93 0.4 97 0.3 
933 22 0.4 90 0 
999 17 0.4 20 0.6 32 0 39 0.6 44 0.8 56 0.4 68 0 76 0.4 81 0.3 
1022 72 0 
1090 15 0 85 0.3 
1230 49 0.7 70 1 79 0 80 0.4 94 0.4 97 0.7 
1331 6 0 39 0.6 47 0 52 0.5 57 0 74 1 78 0 90 0.5 
1443 19 0 31 0.5 37 0.5 47 0.3 68 0.5 
1460 15 1 23 0.9 63 0.8 64 0 65 1 77 0 79 0.5 86 0.3 90 1 
1576 18 0.9 28 0.9 32 0.4 48 0.9 58 0.8 60 0.7 99 0.7 
1803 31 0.4 40 0.8 42 0.6 59 0.9 82 0 86 0 87 0.8 
1820 3 0.3 6 0.6 8 1 27 0.8 33 0.7 34 0.3 92 1 93 0 97 0 99 0.6 
1821 11 0.7 40 0 44 0.4 58 0.4 61 1 66 0.3 74 0.6 98 0 
2013 16 1 58 1 64 1 65 0 68 0 72 0 85 1 90 0.9 
2057 2 0.4 47 0 52 0 98 0.5 
2132 9 0.4 16 0.6 32 0 56 0.8 61 0 65 0.6 80 1 81 0 87 0.5 
2455 3 0.8 24 0.8 59 1 60 0 62 1 71 0.3 75 0.4 80 1 83 0.8 
2686 2 0.5 9 1 32 0.7 75 0 
2794 23 0.3 43 0 49 0.8 68 0.8 85 0.6 91 0.3 93 0.6 
2892 13 0.4 23 0.7 30 0.5 43 1 77 0.7 88 0.3 
2962 3 1 16 0 33 0.6 55 0.7 
3002 36 0 
3080 11 0.4 22 0.9 31 0.8 32 0 42 0 48 0.9 63 0.6 67 0.5 70 0.7 85 0.3 
3120 4 0.6 13 0.5 14 0.7 16 0.3 17 1 63 1 93 0 95 0 
3174 98 0 
3232 74 0.5 94 0.6 
3359 6 0 23 0.3 63 1 77 1 
3490 37 0 71 0.7 
3497 11 0 14 0.6 49 0.4 63 0.9 
3631 80 1 
3753 1 0.3 17 0 25 1 28 0.9 34 0.4 61 0 78 0.7 95 0.9 96 0 
3765 39 0.7 40 1 51 0.4 89 0.9 
3822 31 0 60 1 65 0.8 81 0 
3851 16 0.4 46 0 59 0.8 74 0.6 77 0.7 92 0.3 
3977 6 0.4 17 0 20 0.6 27 0.5 30 0 34 0.7 37 0.9 38 0.6 45 1 81 0.4 
4217 23 0 46 0.4 74 0.8 
4255 47 0.8 60 0.9 
4580 5 0.9 11 0.8 27 0.8 48 0.5 49 0.8 69 0 71 0 80 0.8 82 1 
4681 23 0 30 0 75 0.8 79 0.3 
4711 4 0.6 8 0.8 13 0 
4769 7 0.6 16 0.7 29 0.4 35 0.6 51 0.6 76 0.5 77 0.6 83 0.7 85 0 98 0.7 
4855 40 0 
4873 40 0.5 42 0 73 0 74 0.6 75 0.4 96 0.9 
4984 26 0 44 0.4 
4988 13 1 19 0 22 0.3 39 0 47 0.6 80 0.4 81 0.4 82 0 87 0.8 98 0.5 
5095 60 1 63 0.3 69 0 86 0 95 1 
5131 2 0.6 11 1 25 0.9 30 0 33 0.7 37 0 44 0.4 91 0 
5141 7 0 18 0.7 70 0.4 73 0.4 86 1 97 1 
5613 52 0.6 
5651 76 0.5 85 0 98 0.8 
5750 24 1 70 1 76 0.7 
5770 5 0 9 0.7 15 0.7 20 0.5 26 0.7 67 0.4 84 0.8 
5790 22 0 66 0.6 74 0.3 92 0.5 
5850 4 0.7 47 0 65 0.6 
5869 4 0.4 14 0 15 0 27 1 57 0.6 68 0.3 81 0.8 96 0.3 
5911 25 0.5 38 0.9 39 0 48 0 80 0.8 82 0 
6031 26 0 43 1 
6086 14 0.3 35 0.6 40 0 60 0.5 
6227 15 0 22 0.9 34 0.3 45 0.7 50 0.9 55 0.8 56 0.4 73 0.6 94 0.5 
6513 41 0 96 0.4 
6559 5 0 22 0.6 32 0.4 40 0.7 47 1 49 0.8 58 0 67 0 68 0 71 0.8 
6623 35 0.5 
7222 8 0.5 9 1 18 0.3 29 0.7 44 0.9 45 0.9 46 0.3 47 0.4 87 1 
7328 4 0.7 27 0 28 0.5 33 0.3 47 0 62 1 65 0.8 87 0 96 0.6 
7394 16 0.6 57 0 
7571 45 0.4 47 0.3 69 0.5 
7848 35 0.3 41 0 
7975 9 0.5 13 0.7 62 0.9 78 0.7 
8039 78 0.5 79 0.7 81 0.8 91 0.7 98 0.5 
8280 1 0.7 9 0.3 26 0.8 29 0.3 33 0.7 38 0.8 66 0.8 82 0.5 
8325 39 0.9 51 0.3 64 0 80 0.3 
8347 3 0.5 8 0.4 16 0 20 0 46 0.9 49 0.3 90 0.3 93 0.8 94 0.5 
8603 33 0 69 0 
8679 3 0 57 0.6 75 0.7 81 0.5 86 0 
8740 13 0 14 0.9 16 0.4 22 0.5 24 0.8 26 0 37 0.9 46 0.5 72 0 90 0.3 
8751 3 0.3 7 0 10 0.6 15 0.3 82 0 
8771 32 0 
8842 3 0.9 24 0.7 25 0.7 28 0.7 38 0.8 82 0 94 0 
9006 16 0.4 21 0 24 0.9 
9043 4 0.5 7 0.6 19 0 23 1 24 0.5 34 0 37 0.5 74 0.6 88 0.4 91 0 
9200 18 0.8 42 0 55 0.7 62 0 69 1 70 0.7 95 0.4 
9372 6 0 37 0.6 73 0.3 86 0 96 0.6 
9531 10 0 33 0.4 50 0.3 51 0 74 0.7 88 0.4 96 0.3 
9588 22 0.9 
9620 10 0 57 0.8 63 0 67 0.8 
9677 22 0.6 52 0.6 68 0.4 80 0.7 92 0 97 0.9 
9951 3 0.7 10 0.4 38 0.5 55 0.5 72 0.6 90 0.3 91 0.5 
9980 19 0.4 27 0.6 28 0 29 0.3 32 0.5 48 0 57 0.4 61 0.4 64 0.6 95 0 
