100
23 4 0.5 11 0.7 19 0 57 1 61 0.4 65 1 74 0.4 86 0.3 
222 11 0.3 21 0 31 0.6 60 0 70 0 78 0 81 0.9 85 0 
394 6 0.3 18 0.3 22 0.5 30 0 51 0.6 85 0.3 88 0.3 90 0.9 91 0 93 0.6 
411 38 0.8 45 0 69 0.7 
576 37 0 
669 8 0 27 0.9 41 0.5 45 0 56 0 80 0 96 0.7 
679 52 0.7 71 0 82 0 
686 2 1 15 0.3 27 0 31 1 35 0.5 71 0 78 0.9 
752 6 0.5 11 0.5 33 0.6 34 0.3 37 0.6 52 0.4 61 1 67 0.7 74 0.7 82 0.7 
1171 51 0.7 52 0.5 69 0.8 
1174 98 0.3 
1212 8 0.8 38 0 41 0.6 52 0.6 
1303 1 0.6 36 0 38 0 66 0.6 83 0 87 0.3 89 0.6 95 0.8 
1396 14 0.9 53 0.4 64 0.5 77 0 84 0.7 
1444 11 0.7 42 0 60 0.8 
1503 49 0.5 66 0.4 98 0 
1636 0 1 32 0.8 94 0.6 
1638 72 0.5 
1668 0 0 9 0.8 12 0.8 19 0.8 64 0.4 83 0.9 
1854 24 0.3 31 1 40 1 43 1 44 0 57 0.3 62 0.5 72 0 74 0.9 
1911 28 0.3 39 0.4 88 0.8 
1936 77 0.9 83 0.6 
2011 11 0.9 44 1 87 0.9 93 0.3 
2048 43 0 52 1 
2213 24 1 49 0.6 70 0 95 0 
2254 15 0 39 0.3 95 0 
2306 10 0.5 17 1 28 0.4 42 0.8 52 0.3 58 0.8 70 0 81 0 
2368 29 0 36 0.7 45 0 77 0.4 
2399 16 0 
2498 3 0.5 24 1 44 0 
2708 0 1 18 0 37 0.9 39 0 48 1 58 0.5 88 0 99 0.9 
2739 3 0.7 18 0 30 0.4 34 0.3 47 0.3 67 0.4 70 0.6 79 0.6 82 0.3 
2764 4 0 14 0.8 26 0.6 63 0 70 0 90 0.9 
2863 47 0.4 70 1 88 0.3 
2892 13 0.7 23 0 30 0.7 43 0.6 77 0.4 88 0 
2910 22 0.5 
3006 74 0.4 87 0.6 
3279 21 0.3 55 1 70 0.5 86 0.8 87 0.7 
3389 0 0.7 4 0.9 41 0.8 44 1 54 0.9 60 0.9 93 0.7 
3421 3 0 4 0.7 16 0.9 46 0.3 57 0.5 67 0 80 0.3 87 0 88 0.7 94 0.4 
3437 5 0.3 14 1 32 1 35 0.4 38 0 49 1 72 0.4 79 0.3 
3571 9 0.3 46 1 61 0 64 0.6 70 0 79 0 89 0.3 
3577 52 0.6 68 0.9 78 0.4 
3742 48 0 61 0.7 
3768 10 0.9 17 0.4 19 0.7 26 1 44 0.4 48 0.6 59 0.9 99 0.8 
3771 17 1 30 0.6 33 0.9 73 0 94 1 95 0.7 
3976 2 0 17 0.9 30 0 32 0.8 33 0.7 50 0 80 0.9 
4114 33 0.6 39 0.3 46 0.5 56 0.8 
4206 9 0.7 10 0.3 28 0.5 38 0.3 40 0.8 64 0.3 82 0.5 85 0.9 88 1 93 0.8 
4288 21 0.7 38 0.4 39 0.8 46 0.3 53 0 60 0.5 73 0.9 77 1 
4523 6 0.8 14 0.5 21 0.4 30 0.4 32 0.4 35 1 50 0.7 56 0 63 0.3 73 0 
4689 19 1 24 0 35 0 56 0.5 71 0.9 
4697 15 0 24 0.9 28 0.7 67 0 75 0 79 0 86 0.7 98 0.3 
4781 8 0.5 28 0 34 0.7 39 0.5 61 0 63 0.7 74 0.7 84 0.3 85 0 
4930 12 0.3 45 0.8 82 0 
4971 28 1 45 0.7 54 0.3 61 0.6 65 0.7 
5009 2 0.4 4 0.4 19 0.3 45 0.5 64 0.5 67 0.7 79 0.6 82 0 84 0.6 
5013 7 0.6 11 0.8 39 0.3 77 0.9 91 0.6 99 0 
5201 63 0.4 89 0.7 95 0.6 
5299 20 0.4 61 0.4 
5477 33 0 71 1 80 0.3 82 0 
5505 48 0.3 52 0.3 61 0.6 70 0 73 0.9 94 0.3 
5528 8 0 16 0 22 0 33 0.9 39 0.5 70 0.8 93 0.6 99 0 
5655 0 0.4 23 0.3 28 0 32 0.7 35 0 62 0.6 66 0.9 68 0.9 86 0.7 88 0.3 
5662 4 0.6 6 0.3 13 0.8 25 1 32 0.6 60 0.3 66 0.4 71 0 
5751 5 0.7 13 0.9 25 0.5 55 0.8 69 0.7 88 0.7 90 0.9 
5859 18 0.6 37 0.4 49 0 69 0 
5891 25 0.7 32 0.5 40 0 59 0 66 0.7 89 0.5 
6426 81 0.8 94 1 
6534 0 0.4 39 0.4 51 0.9 52 0 70 0.5 71 0 80 0.5 92 0.6 
6732 3 0.7 16 1 21 0.8 32 0 50 0 65 0.8 92 0 
6757 95 0 99 0.9 
6856 31 0 33 0 39 0 47 0.3 70 1 73 0 74 0.5 83 1 86 0.7 
6912 77 0.7 
6973 15 0.5 23 1 24 0 60 0.9 
7168 2 1 7 0 17 0.4 39 0 68 0.5 85 0 
7248 25 0.8 60 0.3 72 0.5 
7285 0 0 13 0.3 22 0 68 0 79 0.3 
7382 5 0 13 0 16 0.7 52 0 59 0.7 71 0.4 74 0.7 79 1 81 0.6 90 1 
7484 25 0.9 59 0 68 0.3 75 0 80 0.8 83 0.7 87 0.5 
7965 10 0.6 25 0.3 29 0.8 34 0 36 0 46 0 71 0.4 81 0.5 96 0.8 
7987 86 0 
8059 6 0 16 1 26 0.5 29 0.8 39 0.4 41 0.9 46 1 59 0.7 85 0 
8082 42 0.6 51 0 69 0.5 73 0.4 
8091 2 1 14 0 24 1 39 0.8 51 1 57 0 59 0 73 0.6 74 0.5 
8146 13 0.3 35 0.5 38 0.5 40 0 48 0.7 61 0.5 86 0.3 
8219 11 0.5 
8279 4 0 37 0 57 0.5 67 0.6 85 0 
8503 9 0 12 0 15 1 22 0.4 33 0.5 41 0.5 55 0 56 0.9 81 0.6 95 0 
8610 6 0.7 15 0 45 0 95 0.9 
8630 4 0.5 28 0.8 30 0.3 40 0.8 41 0.3 44 0 67 0.9 69 1 74 1 89 0.4 
8738 40 0 
9046 11 0.5 14 1 32 0.9 
9054 1 0 16 0.8 49 0.5 51 0.3 64 0.9 82 0.7 84 0 86 1 96 0.4 
9060 3 0 22 0.8 41 0 45 0.4 46 1 61 0.5 74 0 76 0.7 88 0.7 
9078 3 0.6 6 0.8 19 0.9 21 0.6 35 0.6 43 0 53 0.4 71 0.9 76 0 77 0 
9099 86 0.5 
9181 78 0.8 93 0 
9220 28 0 61 1 64 0.7 67 0.4 71 0.4 86 0.5 93 0.6 
9871 77 1 
