100
57 22 0 28 0.6 44 0.6 55 1 69 0.8 74 0.7 77 0.3 
291 32 0 38 0.8 40 0.6 90 0 
442 71 0.8 
530 3 0.4 24 0.7 41 0.7 44 1 46 0.4 56 1 65 0.6 76 0.5 86 0.9 91 0.7 
712 16 0.8 19 0.6 45 0 66 0.4 75 0.4 77 0.9 94 0 
715 16 0.9 20 1 30 0 41 0.7 58 0.4 61 0 70 0.4 77 0 81 0.7 
772 0 1 24 0.9 60 0 70 0 
1002 29 0.7 48 0.5 54 0.4 63 0.4 93 0.5 
1012 6 1 14 0.7 23 0.5 31 0 62 0 65 0.8 77 0.6 82 0.3 93 0 
1014 27 0.3 64 0.5 
1016 2 0.9 10 0.4 28 0.7 43 0.5 51 0.3 56 0.5 62 0.6 71 0.6 94 0.7 98 0.7 
1033 21 0.8 44 0 50 0.3 86 0.7 
1127 21 0.9 27 1 43 0.6 45 0.4 47 0.8 67 1 
1181 3 0.4 77 0 
1182 34 0.5 
1241 14 0.3 49 0.4 
1244 7 0.8 25 0.8 40 0.4 55 0.8 72 0.6 81 0.9 82 0.8 87 0 90 0 
1316 4 0.5 9 0.5 34 1 37 0.9 47 0.9 56 0.4 63 0.3 68 0 71 0 85 0.4 
1373 5 0.3 45 1 63 0.8 70 0 71 0 79 0.3 95 0.9 98 0.5 
1446 31 0.6 90 0.6 
1505 10 0.4 24 0.9 34 0.7 76 0 88 0.4 91 0.4 
1614 32 0.9 37 0.4 43 0 65 0.6 84 0.8 86 0.9 92 0.8 
1775 18 1 22 0.7 43 0 47 0 78 0.6 
1894 51 0 63 0.5 65 0 70 1 93 1 
2288 1 0.6 8 0.4 54 0.3 74 0.6 
2399 16 0.3 
2572 1 0.8 2 0 26 0 52 0 
2727 15 0.5 23 0.7 44 0.7 49 0.4 51 0.7 55 0.6 71 1 72 0 79 1 
2940 6 0.6 15 0.9 35 0.6 65 0 74 0.6 79 0 80 0.6 89 0.5 92 0.7 
2977 22 0.7 40 0.7 61 0.8 76 0.6 92 0.5 
2986 20 0 25 0.8 54 0 60 0 61 0 69 1 79 0 88 0.5 91 0.3 96 0.3 
3099 11 0.8 18 1 23 0.8 44 0 
3253 20 0.3 24 0 51 0.5 57 0 62 0.4 92 0 95 0.9 
3296 11 0 13 0.5 37 0.7 41 0 51 0.7 81 0.8 82 0.8 94 0.7 
3533 5 0.7 33 0.6 90 0.6 95 0.6 
3694 30 0.4 59 0 63 0 73 0.4 81 0 86 0.3 90 0.3 96 0 
3842 4 0 18 0.8 26 1 
3965 7 0 37 0.4 43 0.6 46 0.4 50 0.4 55 0.4 78 0.8 83 0 97 0.6 
4000 34 0.8 51 0.5 
4006 81 0 
4291 24 0.3 
4342 99 0.4 
4363 29 0 34 0.9 51 0.5 87 0 88 0 
4479 4 0.5 44 0 76 1 
4705 9 0 43 0.7 45 0.5 90 0.9 
4850 11 0.8 36 0.5 47 0.3 61 0 74 0.6 76 0.5 81 0 90 1 95 0 96 0 
4902 7 0.3 18 0.3 20 0.4 32 0.3 59 0.5 64 0.7 72 0 76 0.4 85 0.9 
5172 9 0.6 15 0.5 74 0.5 77 0.8 87 0.4 88 0.8 
5174 8 0.5 23 0.9 35 0 37 0.3 44 0 66 0.9 69 1 96 0.4 
5247 90 0 91 0.8 97 0.7 
5261 19 0.3 39 0 60 0.5 80 0.7 98 0 
5262 32 0.5 93 1 
5450 0 0.5 2 0.3 26 0.7 29 0.6 39 0.3 49 0.3 53 0.8 
5478 10 0 20 0.9 43 0.3 57 0.6 69 0 77 1 93 0.6 
5584 4 0.7 11 0 13 0.5 28 0 43 0 68 0.6 76 0.6 86 0 97 0.4 
5656 0 0 8 0.9 15 0 50 0.6 51 0.8 67 0.9 69 0.7 73 0.7 
5664 16 0 84 0.5 
5731 8 0.5 18 0.9 23 0 25 0.7 65 0.7 90 0.4 
5839 12 0.5 25 0.9 86 0 92 1 
6344 5 0.8 6 0 18 0.6 19 0 21 0 36 0.6 45 1 60 0.5 66 0.6 93 0.8 
6548 66 0.3 75 1 81 0.7 96 1 
6570 71 1 
6599 0 1 21 0.3 46 0.3 73 0.9 
6641 7 0 8 0.8 18 1 33 1 65 0.3 66 0.9 94 0 95 0.6 
6749 0 0.3 8 0 16 0.4 25 0.7 28 0 45 0 52 1 56 0.3 
6935 40 0.7 60 0.5 
7032 22 0 48 0.8 58 0 64 0.8 
7120 8 0.5 40 0 45 0.5 62 0 93 0 
7406 39 0.4 41 0.9 45 0 56 0 58 0.8 64 0.7 71 0 78 0 96 0 
7434 2 0 84 0.8 90 0 96 0.6 
7438 24 1 41 0.6 47 0 89 0 
7599 11 0.4 41 0.4 50 0.8 54 0.3 62 1 63 0.7 64 0 69 1 90 0.8 98 0.8 
7808 8 0.8 17 1 21 0.9 70 0.9 87 0.4 99 0.8 
7830 36 0 
8096 15 0.5 50 0.3 71 0 74 0 
8110 17 0.4 18 0 
8133 16 1 74 0.6 81 0 93 0.4 
8191 7 0.3 17 0.9 29 0 48 0.3 68 0 72 0.6 86 0.3 93 0.9 97 0.3 
8325 39 0 51 0.6 64 0.7 80 0.8 
8444 5 0 6 0 14 0.6 44 1 61 0.4 66 0.5 78 1 89 0.4 
8455 89 1 
8476 6 0 10 0.8 20 0.3 21 0.4 22 0 33 0.7 60 0 71 0.7 81 0.6 86 0.5 
8578 3 0.6 8 0.8 10 0 15 0.9 46 0.7 48 0.3 61 0.8 63 0.4 75 1 76 0 
8635 12 0 14 0.8 19 0.7 25 0.8 86 0 87 0.6 94 0 
8641 38 0.6 51 0.5 77 0.8 86 0 
8668 22 0.4 26 0.6 29 0 30 0.9 56 1 57 0 81 0.5 82 1 88 0 96 0.4 
8791 3 0.6 4 0 21 0.7 60 0 66 0.3 73 0 78 0 85 0 87 0.3 96 0.3 
8839 30 0.4 37 1 
8914 2 0 22 0 30 1 40 0 50 0.9 52 0.8 53 0.7 63 0.8 69 1 90 0 
9015 4 0 15 0.6 17 0.7 78 0 
9125 61 0.4 67 0 88 0 
9219 18 0 26 0 27 0.8 82 0.5 88 1 92 0.9 
9316 3 0.5 5 0 9 0.3 10 0 29 0.4 55 1 67 0 82 0.9 99 0.8 
9467 35 0.9 78 0.9 94 0.4 
9632 1 0 22 0 69 0.8 
9778 6 0.9 15 0.5 26 0.4 32 1 49 0.7 64 0.4 81 0.9 89 0.5 92 0.5 
9781 89 0 
9866 80 0.6 
9904 24 0 73 1 
9926 63 0.4 
