100
95 33 0.5 45 0.8 52 0.7 66 0 83 0.8 90 0.8 
161 9 0.4 21 0 36 1 66 0.5 94 0.5 
267 5 0 23 0 37 0 48 0.5 50 0.3 64 0.4 69 0.8 76 0.8 99 0.3 
533 75 0.5 96 0.4 
579 28 0 68 1 95 0 
591 4 0.5 24 0.8 66 0.5 78 0 
671 0 0.5 7 0.6 22 0.9 23 0.3 25 0.3 78 0.3 86 0.7 
987 34 0.8 44 0 46 0 52 0.7 55 0.6 56 0 66 0.5 
1031 80 0.4 
1066 2 1 6 0.9 62 0 72 0 74 0.8 
1109 26 0.8 31 0.9 49 0.3 73 0.3 75 1 96 0.7 
1132 22 0 31 0.6 88 0.5 96 0.7 
1141 11 0.7 12 0.4 20 0.9 33 0 47 0.3 56 0 86 1 89 0 90 0.9 95 1 
1309 41 0.5 57 0.3 71 0.9 78 0.9 82 0.3 94 0.8 
1326 34 0.5 36 0.5 61 0.5 67 0.3 74 0 77 0.5 78 0 82 0 84 1 
1350 14 0 38 0.9 68 0 91 0 
1416 7 0 47 0 48 1 64 0.6 98 0.8 
1543 21 0 30 0.7 42 0 55 0.4 57 0.5 93 0 95 0.5 
1757 54 0.9 71 0 
1887 22 0 35 0.5 44 0 85 0.8 87 0 
1943 50 0.5 84 0.7 
1998 15 1 
2001 5 1 11 0.9 35 0.9 
2235 7 0 31 0.9 76 1 
2315 7 1 11 0 17 1 34 0 59 0.9 89 0.9 93 1 94 0.9 96 0.8 
2330 17 0.3 23 0 44 0.7 50 0.3 58 0.5 
2361 15 0 32 0.8 33 0.3 52 0.6 56 1 62 0.7 69 0.7 71 0.9 95 0.8 
2375 8 0.5 34 0.8 48 0.3 55 0 60 0.5 96 0.8 98 0.9 
2402 0 1 14 0 20 0.3 30 1 39 0 75 0 92 0.8 99 0.9 
2534 25 0.6 26 0.5 37 0.9 38 0.8 43 0.5 67 0 79 0.4 86 0 89 0 
2656 3 0.8 5 0 41 0.6 48 0.9 55 0 65 0 85 0.7 99 0.3 
2665 3 0.8 6 1 39 0.3 53 0.3 97 0.4 
2825 88 0 
2899 33 1 34 0.9 36 0.4 63 0.6 69 1 75 0.5 78 1 86 0.3 91 0.4 
3053 8 0 10 0.4 13 0.7 29 0 68 0 81 0.9 86 0 92 0.9 
3189 74 0.7 
3479 4 0.9 15 0.8 49 0.4 87 0.3 
3628 11 0.9 34 0 40 0.4 43 0.5 53 0.6 63 1 77 0.8 81 0 82 0 97 0.8 
3701 7 1 10 0 22 0 72 0.9 75 0.6 
3738 11 0.7 15 0.5 18 0.3 23 0.4 35 0.3 50 0.8 60 0.7 70 0.5 86 0.3 93 0.5 
3944 41 0 50 0.4 51 0.8 82 0 94 0.4 
4038 20 0.5 44 0.4 48 0 65 0 
4100 10 0.9 35 0.5 36 0.3 50 0.8 80 0.8 92 0 
4122 0 1 2 0 25 0.6 31 0.4 43 0 44 0.9 88 0.5 
4280 3 0.3 32 0.6 39 0.5 94 0.6 
4352 9 0.6 31 0.5 38 0 49 0 60 0.8 65 0.7 67 0 77 0 81 0.3 93 0.4 
4625 8 0.7 17 0.9 66 0.3 72 0.5 74 0 
5043 14 0.8 26 0.6 36 0.3 37 0 46 0 68 0 72 0.8 74 0 78 0 85 0.3 
5093 64 0.9 74 0 
5135 11 0.7 12 0 18 0.9 27 0 32 0.8 70 0.7 90 0.3 
5187 29 0 86 0 93 0.5 
5292 7 1 17 0.6 19 0.5 38 0.6 42 1 52 0.6 67 0.4 74 0 79 0.8 94 0.3 
5406 7 0.9 12 0.9 64 0.5 91 0.7 
5529 9 0.6 20 0 25 0 31 1 53 0.7 79 1 
5617 4 0.5 7 0.7 22 0.7 52 0.5 60 0 63 0.3 
5688 3 0.4 8 0.6 26 0 31 0.9 38 0 47 0.8 59 0 74 0 87 0.3 
5745 6 0.7 10 0.7 11 0 14 1 19 0.9 39 0.8 51 0.7 68 0.5 69 0.7 80 0 
5899 6 0.6 24 0.4 34 0 38 0 39 0 49 0 64 1 72 0.7 77 0.6 81 0 
6043 26 0 31 0.8 43 0 51 1 64 0 67 1 77 1 78 0 91 0 
6139 11 0 12 1 22 0.8 23 0 43 0 60 0.5 
6188 8 0.3 40 0.9 
6332 9 0.9 26 0.3 45 1 50 0 
6402 11 0 33 0.9 39 0.3 46 0.9 61 0.7 65 0.4 66 0.7 74 0.8 94 0.8 
6488 15 0.7 24 1 28 1 45 0.4 48 0.5 59 0.4 77 0.6 79 0.7 89 0.5 99 0 
6686 2 1 7 1 13 0.6 21 0 54 0.6 67 0 70 0.3 79 0.6 80 1 91 0.7 
6799 6 0.9 33 0.4 70 0.4 
6842 5 0.5 51 0 58 0 76 0.5 81 0.5 
6947 21 0.6 73 0.9 
6956 29 0.8 45 0.6 47 1 85 0.7 90 0 
7036 14 0.3 97 0 
7187 14 0 53 0.3 
7367 5 0.6 7 0.3 17 0 26 0.8 76 0.8 96 0.8 
7436 55 1 
7498 6 0.7 35 0.6 36 0 60 0.6 78 0.3 79 0 89 0 
7541 3 0.6 61 0.4 
7546 63 0 70 1 
7569 6 0 9 0.9 13 0.9 18 0 38 0 48 0 
7581 5 0.6 40 0.9 57 0 
7794 0 0 2 0 28 1 67 0.5 93 0.5 
7825 45 0.9 68 0.8 81 0.8 89 0.7 95 0.5 99 0.7 
7863 3 0.9 5 0 18 0.8 22 0 39 0 40 0.8 50 0.6 57 0.4 61 0.7 72 0.6 
8037 6 0.8 24 0.3 30 0 42 0.8 45 0 52 1 71 0 
8137 7 0.3 9 1 14 0.9 18 0.3 20 0.6 27 0.6 72 0.5 85 0.8 87 0.8 
8185 44 0.9 47 0.3 56 0.6 98 0.3 
8217 0 0.5 1 0.3 4 0.7 8 1 31 0.4 32 0.5 83 0.3 86 0.3 91 0.4 
8438 14 0.6 53 0 81 0.5 82 0 97 1 
8606 13 0 15 0 17 0.4 36 0 58 0.8 59 0.5 74 0 80 0.7 94 0.6 96 0.8 
8784 27 0.6 45 0 53 0 91 0 98 0 
8811 11 0.6 14 0 22 0.7 25 0 37 0.3 48 0 65 0.3 74 0 90 0.3 
8831 6 0 8 0.9 10 0.3 11 0.6 31 0 48 0.7 58 0.6 88 0.6 91 1 
8868 0 0.4 26 0 43 0 64 0.5 71 0 79 0.6 99 0.5 
9013 11 0 27 0 30 0.6 31 0 58 0.3 77 0.9 
9237 3 0.9 5 0.6 11 0.3 13 0.4 29 0 34 0 63 0.7 83 0 92 0.9 97 0.3 
9450 16 0 30 0.4 67 0.6 
9619 3 0.7 27 0.8 75 0.6 84 0.4 86 0.5 97 0.8 
9688 4 0.9 17 0.9 71 1 
9726 22 0.9 94 0 
9728 6 0 8 0.3 11 0.5 59 0.3 85 0 86 0 
9868 27 0.5 33 0 49 0 51 0.4 73 0.6 82 0.3 87 0.4 98 0 
9922 58 0.9 71 0.6 
