100
27 9 0 20 0 38 0 41 1 46 0.9 64 1 
177 47 0 
186 44 0.9 85 0.3 
389 9 0 19 0 25 0 27 0 39 0.5 55 0.6 57 0.4 73 0.3 94 1 
419 29 0.8 35 0.5 51 0 
438 30 0 66 0.9 85 1 91 0.3 
615 18 0.5 34 0 51 0.4 63 0.6 79 1 85 0 
673 0 0 40 1 41 0 56 0.4 59 0.5 70 0.4 78 0.7 79 0 
877 88 0.5 
1074 12 0.5 20 0.6 46 0.4 62 0.6 
1099 19 1 65 0.7 69 0 83 0 
1150 35 0.7 78 0.3 
1152 66 0.9 67 0.6 68 0 89 0.9 91 1 
1320 11 1 16 0 61 0 
1351 4 0 9 0 34 0.4 40 0.9 50 0 65 0.3 74 0.5 78 0 99 0.4 
1507 1 0 8 0 12 1 17 0.7 25 0.5 49 0.9 
1574 16 0.4 17 0.8 22 0.3 35 0.9 43 0 66 0.4 74 0.6 75 0.6 89 0.8 
1628 18 0.5 29 0.4 47 0.3 48 0.7 61 0.5 70 0.6 80 0.7 
1661 14 0.8 39 0 58 0.6 
1932 67 0.4 
1994 95 0.8 
1998 15 0 
2087 8 0.8 44 1 56 0.5 62 0.9 73 0.4 88 0.6 
2125 13 0 33 0 55 0.3 76 0 83 0 
2133 3 0.4 20 0.5 46 0.7 50 0.4 53 0.5 66 0.7 76 0.8 78 0.8 90 0 
2229 16 0.9 28 0.5 49 0 73 0 
2241 2 0.8 8 0.5 21 0.8 50 0 53 0.6 63 0.4 64 0.9 73 0 83 0.6 
2312 6 0.6 11 0.7 19 0.5 31 0.5 95 0.5 
2364 4 0.8 8 0 42 0 44 1 55 0.4 71 0.6 74 0.4 79 0.3 87 1 89 1 
2735 65 0.5 
2809 90 0 
2847 2 1 6 0.6 19 0 21 0.9 46 0 66 0 69 0.8 74 0.7 
2897 40 0.4 75 0.4 88 0.6 
2902 1 0 17 0.7 18 0.8 24 0.6 27 0 50 1 57 0 79 0 
3153 34 0 39 0.9 61 0 66 0.8 76 0.6 82 0.8 
3161 15 0.5 37 0.5 46 0.3 56 1 63 0.9 81 0.6 97 1 
3468 1 0.7 70 0.5 73 0 
3473 14 0.8 17 0 36 0.8 68 0.9 74 1 80 0.6 97 0.9 
3803 2 0 7 1 67 0 71 0.5 73 0 80 0 84 0.6 85 0.5 94 0.8 97 0 
3841 0 0 5 0.4 10 0.5 19 0.8 35 0.4 38 0 54 0.3 55 1 62 0.4 68 0.7 
4032 9 1 16 0.6 17 0.3 19 1 26 0.9 38 0.5 55 0.8 63 0.3 86 0.4 88 0 
4117 23 0.8 54 0.9 57 0.9 82 0 
4198 33 0.4 63 0.7 84 0.8 
4355 7 0.9 32 0 47 0 49 0 55 0.5 70 0.9 75 0.5 86 0 
4511 5 0.7 11 0.4 18 0.3 20 0.5 30 0 33 0 52 0.7 62 0.3 
4579 10 0.8 21 0.9 30 0 40 0.8 53 0 65 0.9 77 0 
4673 12 0.9 
4744 57 0.5 65 0.4 66 0 
4898 18 0.4 47 0 50 0 54 0 63 0.4 99 0.4 
4912 1 0.8 12 0.9 32 0 
4923 14 0 51 0.4 
5022 56 0.5 58 0.5 96 0 
5105 0 0 6 0.4 10 0.6 33 0 66 0.3 86 0 
5321 5 0 21 0 50 0.5 65 0 73 0.3 75 0.3 76 0 96 0 
5373 8 0 9 0 13 0.3 86 0.7 94 0.4 
5437 20 0.7 
5455 21 0 73 0.9 80 0 
5523 18 0 21 0.8 25 0 35 0.4 49 0.5 60 0.4 72 0.7 96 0.4 
5644 6 1 14 0.9 32 0 35 0.4 41 1 44 0 
5660 11 0 28 0 
5963 16 1 47 0.7 53 0 55 0.6 57 0.6 66 0.7 
6057 6 0 9 0 57 0.3 65 0.9 74 0.8 95 0.7 97 1 
6245 7 0.9 25 0.9 30 0.3 41 0 51 1 58 0.8 75 0.3 84 0.3 91 0 94 0.6 
6296 18 0.8 29 0.3 30 0.8 42 0.8 52 1 89 0.3 98 0 
6392 8 0.9 63 0.8 88 0.5 
6446 89 0.4 
6525 4 1 12 0.5 13 1 40 0 52 0.7 72 0.6 
6693 16 0 31 0.6 37 0 57 0 63 0 77 1 
6751 22 0 32 0.5 44 0.9 49 0.3 56 0 69 0.6 
6809 19 1 72 0.8 91 0.4 
6844 20 0.8 
7354 42 0 44 0 60 0.9 64 0 65 0 67 0.7 71 0.4 74 0.3 87 0 91 0.8 
7389 7 1 81 0.4 98 0.5 
7392 9 0.5 12 0 20 0.7 29 0.3 39 0.5 52 0.7 78 0 80 0.4 91 0 
7448 3 0 9 0.5 12 0.7 14 0.3 22 0.8 38 0.6 58 0.8 79 0.6 97 0.8 
7470 5 0.3 12 0.9 28 0.5 39 0.6 42 1 67 0 73 0.9 74 0 80 0 81 0.7 
7501 1 0.6 3 1 19 0 27 0.7 37 0.6 62 0.7 65 0.6 76 0 79 0.9 98 0 
7507 17 0.3 22 0.6 27 0.9 64 0.3 67 0.9 74 0.9 78 0.6 89 0 97 0.5 
7551 5 0.7 29 0 56 0.8 86 0 
7596 0 0 8 0.9 12 0.8 13 0.7 20 0 28 0.7 36 0.9 75 0 85 1 
7670 35 0.5 41 0 42 0.4 66 0.9 67 0.5 70 0.3 
7747 74 0 
7825 45 0.9 68 0 81 0.9 89 0 95 0.8 99 0.7 
8061 18 1 47 0.6 64 0.9 96 0.4 
8100 53 0 91 0.8 
8215 7 0.4 10 0.5 19 0.9 27 0 31 0 36 0.5 67 0 91 0.6 
8236 14 0.6 30 0.9 46 0.9 48 0.3 81 0.4 
8384 9 0 49 0 81 0 84 0 95 0.8 
8505 7 0 32 0.9 35 0 39 0.7 40 0 78 0.9 79 0.6 
8537 35 0.7 98 0 
8632 6 0.3 17 0.4 27 0 49 0.5 69 0.8 79 0 96 0 98 0.3 
8768 12 0.8 54 0.9 55 0 71 0.3 
8986 5 0.9 16 1 38 0 59 0.9 71 0.8 83 0 94 0.7 
9093 9 0 19 0.6 28 1 31 0.8 38 0 47 0.6 73 0.8 81 0.7 84 0 94 1 
9288 8 0.8 19 0 
9373 7 0.5 11 0 21 0.8 34 0.4 43 1 50 0 
9476 3 0.4 36 0 41 0.3 74 0.7 81 0.7 88 0.4 
9517 47 0.5 88 0 
9789 13 0.6 48 0 96 0 97 0 
9918 14 0.9 33 0.4 37 0.9 96 0.6 
