100
60 4 0 25 0.9 44 0.8 
122 32 0.9 35 0.3 44 0.9 55 0 56 0.9 60 0 78 0 86 0.7 92 0.8 
208 89 0 97 0 
232 34 1 
350 0 0 11 0.6 14 0 23 0.3 57 0.8 88 0.8 
358 28 0.6 29 0.9 40 0 70 0.5 82 0.8 
506 0 0.3 10 0.4 18 0.6 39 0.6 64 0.4 81 0.4 90 0.6 
526 0 0.6 11 0.8 18 0.6 32 0.7 50 0.3 54 0.9 74 0 92 0 93 0.9 96 0 
533 75 0.5 96 0.3 
585 9 0.3 13 1 14 0.7 29 0.5 37 0.7 59 0.5 70 0.7 
911 10 0 22 0 31 0 46 0 70 0 91 0.5 
918 13 0.7 18 0 19 0.5 28 0.6 41 0.3 76 0.5 98 0 
938 97 0.7 
955 29 0.4 38 0 74 1 
1071 8 0.3 9 0.7 17 0 33 0.4 64 0 72 0.3 
1136 12 0.4 19 0.5 37 0.9 67 1 68 0.4 83 0.7 90 0 
1181 3 0.5 77 0 
1183 29 0.5 42 0.7 
1305 80 0.5 87 0 
1374 3 0 8 0.5 99 0 
1579 0 1 2 0.3 4 0.6 46 1 
1701 87 0.7 
1949 4 0 31 0.5 49 0.5 64 0.5 77 0.4 89 0.3 96 0.7 98 1 
2179 23 0.8 28 0.7 38 0.5 86 0.7 
2224 6 0 23 0.5 32 0.3 34 0.8 53 0.5 60 0 81 0.8 97 0.4 
2584 25 0 62 0.8 89 1 
2681 4 0.6 40 0.3 50 0.9 60 0.5 68 0 89 0 97 0 
2908 5 0.3 17 0.5 41 1 54 0.3 77 0.3 
2928 21 0.6 45 0.8 53 0.4 57 0.3 60 0 72 0.8 86 0.9 92 0.4 93 0.4 97 0.7 
2929 54 0.7 83 1 95 0 
3020 2 0.8 4 0.5 13 0 19 0.8 29 0.8 37 0.8 48 1 55 0.7 92 0 
3116 20 0.6 28 0 32 0.8 54 0.9 65 0 80 0 82 0.4 88 0.5 94 0 98 0 
3325 3 1 10 0.8 32 0 48 0 67 0.7 74 0.8 94 0.6 
3566 16 0.6 21 0.5 23 0.5 24 0 25 0.4 37 0.4 41 0.5 46 0.8 47 0.4 
3637 9 0.8 23 1 44 0.5 46 0 60 0.4 61 0.6 65 0.8 69 0.9 78 0.3 91 0.3 
4133 4 0.4 20 0.9 40 0.3 51 0.9 60 0 78 0 94 0.7 
4276 18 0 
4324 20 0.4 38 0.7 48 0 65 0.8 88 0.8 
4521 11 0.8 
4615 5 0.5 17 0.9 29 0 41 0.8 64 0.3 69 1 74 0.6 91 0.4 94 0.5 98 0.3 
4665 32 0 35 0.8 38 0.3 70 0.4 85 0.4 
4703 5 0.3 16 0.3 17 1 38 0.6 45 0 59 0.4 62 0.9 
4828 3 0.7 14 1 32 1 33 0 68 0.7 95 0.7 99 0.5 
5039 15 1 16 0.5 17 1 26 0.5 38 0.8 47 0 56 0.7 67 0.4 85 0.9 96 0.5 
5054 10 0 52 0.7 56 0 69 0 
5084 70 0.5 73 0.8 
5430 2 0.4 7 0.3 15 0.7 27 0.7 33 0 63 0 75 0.6 79 0.8 
5603 19 0 36 0.5 44 0.9 91 1 
5674 8 0.3 29 1 34 0.8 48 0 61 1 67 0.7 77 0.9 
5716 1 0.7 30 1 42 0.5 43 0.5 44 0.6 51 0.4 53 0 57 0.8 67 0.9 
5749 1 0.9 23 1 36 0.6 59 0.8 70 0 
5936 70 0.6 96 0.5 
6004 4 0.4 42 0.6 80 1 
6026 25 0.3 
6127 0 0 3 0 4 0.9 7 0.9 13 0.7 60 0.6 
6132 21 0.5 43 0.8 44 0.4 67 0.8 
6141 30 0 38 0.6 40 0.5 50 0.3 58 0.8 82 1 87 1 
6607 1 0.9 3 1 26 0.3 29 0 72 0.3 88 0 
6648 2 1 7 0.5 40 0.7 41 0.9 64 0 75 0 77 0 99 0.4 
6843 4 0.9 7 0 13 0 60 0.5 71 0.3 84 0.6 
6859 63 0.9 
7052 32 0 46 0.9 61 1 
7119 29 0.6 35 1 38 0 61 0.5 
7181 25 0 27 1 29 0.8 35 1 51 0 57 0.4 73 0 77 0.8 
7246 41 0.3 48 0.5 55 0 61 0.9 
7280 32 0.4 70 0.4 
7344 63 0.9 76 0.8 78 0.7 
7405 6 0.5 53 0.6 55 0.5 
7520 9 0.3 15 0.8 25 0 44 0 88 0 89 0.4 
7548 68 0.9 
7690 10 0.8 16 0 27 0.9 56 0 75 0.7 
7968 14 0 28 0.8 32 0.9 41 0 46 0 49 0 84 0.4 
8012 1 0 16 0.8 29 1 51 1 52 0.6 56 0.7 65 0.7 68 0.6 74 0.6 78 0 
8169 34 0 97 0.4 
8221 23 0.6 30 0.9 53 0.3 99 0.5 
8423 38 0 81 1 97 0.9 98 0 
8548 18 0.6 20 0.4 22 0.7 38 0.5 43 1 59 0.5 66 0.3 80 0.9 90 0 92 0.4 
8556 55 0.3 60 1 80 0 99 0 
8597 6 0.4 30 0.5 43 0.3 59 0.9 60 0.7 
8674 3 0.9 4 0 55 0.3 65 0.6 90 0.7 
8718 21 1 33 0.3 37 0 39 0 60 0.6 86 0.9 
8832 36 1 65 0.6 
8920 8 0 41 0.7 65 0 67 0.7 74 1 90 0 91 0.9 95 0 96 0.8 
8981 9 0.8 29 0.7 
9014 12 0.9 40 0 57 0.9 58 0.3 70 0.9 91 1 
9095 19 0 36 0 38 0 40 0.9 51 0.4 67 0.7 69 0.6 85 0.9 90 0.9 
9129 14 0 16 0 18 0.9 42 0 86 0 87 0.8 
9153 7 0.8 28 0.6 44 0 45 0.3 47 0.8 73 1 81 0.5 82 0 95 0.6 
9270 15 0 23 0 58 0 68 0.3 71 0.3 
9277 23 0.6 92 1 
9470 1 0.8 17 0.7 20 0.7 24 1 67 0.9 
9485 30 0 
9549 44 0.3 50 0.7 51 0.3 63 0.6 91 0.4 
9574 9 0.6 11 0 40 0 81 1 86 0 90 0.3 94 0 
9669 19 0 38 0.8 68 0.6 76 0.9 94 0.7 
9801 32 1 35 1 
9873 1 0.5 15 0.6 72 0.5 75 0.3 
9944 1 0.5 5 0.7 14 0 60 0.9 90 0.4 
9979 14 0 16 1 35 0 39 0.3 53 0.5 70 0 74 0 77 0 
9982 23 0.4 39 0 69 0 88 0.5 91 0.7 93 0 94 0.5 
