100
95 33 0 45 0 52 0.5 66 0 83 1 90 0.5 
152 98 0.6 
371 3 0.4 24 0.9 
429 33 0 94 0.5 
443 49 0.8 54 0.4 
630 11 0 21 0.3 29 0.5 40 1 52 0.7 82 0.5 86 0.5 95 0.7 
656 7 1 54 0 66 0.9 70 0.8 71 0.6 91 1 
666 25 0.4 26 0.9 45 0.7 50 1 78 1 89 0.3 
751 24 0.5 25 0.7 27 0.4 54 0.7 83 0.7 86 0.6 93 0 97 0.5 
837 18 0.7 61 0 71 0 
843 7 0.3 38 0.4 84 0 
976 35 0.6 49 0.4 57 0.6 78 0 
993 30 0.5 39 0.3 41 0.4 46 0.9 47 0.4 51 0.4 67 0 69 1 
1083 9 0.3 11 0 50 0.6 53 1 74 0.7 82 0.6 99 0.6 
1114 3 1 15 0.3 18 1 33 0 39 0.7 41 0 80 0.4 96 0 
1277 1 0.6 38 0 82 0.4 
1372 48 0 55 1 87 0.8 89 0.3 98 1 
1395 27 0.4 47 0.5 57 0 60 0.7 87 0.8 88 0.9 90 0 96 0 
1739 0 0.8 53 0.3 55 0.8 64 0.6 
1807 14 0.8 31 1 36 0.6 
1828 1 0 10 0.6 27 0.4 42 0.5 87 0 92 0.5 
1955 3 0.4 15 0 17 0.6 23 0 47 0.3 52 0.4 60 0.5 61 0.6 65 0.5 
2000 13 1 21 0 42 1 43 1 47 0 53 0.8 59 0.7 85 0.7 94 0.8 
2008 5 1 6 0 15 0.4 46 0 47 1 52 0.9 
2269 72 0 78 1 
2328 9 0 10 0.9 20 0.8 24 0.8 27 0.7 55 0.9 66 0 
2347 18 0.3 43 0.7 45 0 48 0.6 57 0.9 63 0 90 1 93 0.3 98 0 
2356 65 0.3 70 0.4 
2459 6 0.7 16 0 29 0.7 72 0.7 73 0.4 75 1 85 0.8 94 0.6 
2482 71 0.9 81 0 84 0.4 
2752 14 0 33 0.6 40 0 61 0.7 63 1 66 0.9 
2798 4 0.8 12 0.4 13 0 19 0 53 0.9 60 1 66 1 94 0.9 
2863 47 0.6 70 0 88 0.7 
2901 44 0.3 52 0 
3004 2 0 8 0 9 0.9 16 0.9 29 0 37 0 45 0.4 56 0.8 99 0 
3049 23 0.4 24 0.4 32 0.7 59 0.7 81 0.3 83 0.7 
3400 6 0.8 10 0.3 54 0.5 92 1 99 1 
3433 87 0.3 
3729 26 0.7 40 0.6 80 0.5 
3762 28 0.5 38 0.8 74 0 
3833 12 0 66 0 68 0.6 86 0 92 0 
3875 0 0 5 0.8 13 0.5 34 0 49 0.7 
3877 9 0.7 16 0 23 0.8 34 0 50 0.6 51 0.6 59 0.9 63 0 98 0.4 
3974 0 0.7 44 0.8 55 0 69 0.3 71 0.6 73 0.6 77 0.7 81 0.7 94 0.3 99 0 
4350 99 0 
4378 20 0.8 37 0.7 68 0 94 0 
4427 15 0.7 16 0.8 20 0.9 22 0.4 27 0 34 0.9 77 0.3 86 0 
4615 5 0.7 17 0 29 0 41 0.5 64 0.4 69 1 74 0 91 0.6 94 1 98 1 
4636 4 0 43 0.6 94 0 95 0.6 
4929 25 0.3 30 0 59 0.4 
5372 75 0 
5401 28 1 
5483 1 0.8 18 0.9 50 0.7 
5510 24 0.8 81 0.9 96 0.7 
5710 25 0.7 55 0 86 0 
5724 4 0.5 6 0.4 9 0.4 19 0.8 23 0.5 57 1 79 1 85 0.3 
6021 14 0.5 31 0.9 43 0.4 68 0 90 0 
6025 2 0.6 36 0.6 58 0.3 63 0 66 0.5 
6130 35 0.6 93 0 
6198 32 0.3 36 1 51 0 84 0.4 
6374 0 0.8 1 0.6 7 0.8 11 0 23 0 55 0 58 1 72 0.5 78 0.5 
6423 62 0.8 68 0.4 
6438 16 0.7 74 1 
6504 12 0.4 42 0.5 94 0.3 96 0.7 97 0.9 
6519 15 0.7 16 0 28 0.4 73 1 82 0.5 98 0.7 
6637 6 0 29 0.3 34 0 40 0.9 55 0.5 72 0.7 84 0.7 
6690 10 0.3 20 0 28 0.4 73 0 77 0.3 90 0.6 96 0 
6801 3 0.7 7 0 37 0 38 0 39 0 44 0.5 93 0 95 0.3 
6876 5 0.8 20 1 33 0.3 43 0.3 64 0.9 75 0.8 81 0.8 
6957 27 0.3 36 1 47 0 72 0.5 75 0.3 80 0 82 0.4 
7007 8 0 10 0 20 1 80 0 
7015 0 0 4 0.4 34 0 53 0.9 55 0.3 57 1 62 0.4 70 0 90 0.5 99 0 
7140 17 0.6 23 1 30 0.4 48 0.8 53 0.6 81 0.3 84 1 91 0.6 96 0 98 0 
7204 33 0.3 36 0.6 49 0 76 0.3 
7279 9 0.6 14 0.6 29 0.7 58 0 83 0.3 88 1 
7346 17 0.6 47 0 52 0.6 59 0.4 86 0 
7524 14 1 
7789 5 0 26 0.8 42 0.5 43 0.3 60 0 89 1 
7900 11 0 24 0 61 0.9 63 1 68 0.8 78 0.3 79 0.6 83 1 85 0.7 
7921 29 0.6 40 0.6 42 0 56 0.6 57 1 69 0 70 0 
8012 1 0.4 16 0.3 29 0.5 51 1 52 0 56 0 65 0.3 68 0.9 74 0.8 78 0 
8113 69 0.5 
8120 5 0.8 6 0.4 26 0 36 0.7 72 1 74 0 79 0 80 0.5 
8147 2 0.3 30 0.6 65 0.4 80 0.5 
8187 38 0 66 0.6 92 0.9 
8361 89 0.6 
8398 47 0.9 58 0.5 72 0.6 
8414 21 0.9 25 0 65 0 83 0 88 0.3 89 1 
8461 70 1 76 0.6 
8526 10 0 11 0.5 34 0.5 36 1 59 0.8 85 0.9 93 0.5 
8687 6 0.5 50 0.7 58 0.6 71 0.4 90 0.5 
8727 7 1 15 0.9 27 0 29 0.9 57 0.5 81 0.9 97 0.7 
8832 36 0.8 65 0.5 
9482 43 1 99 0.6 
9497 17 0 33 0 51 0.6 74 1 83 0.7 97 0.4 
9595 37 0.5 
9720 42 0.8 48 0 84 0 
9809 12 0.8 15 0 55 0.7 69 0.9 87 0 
9902 0 0.3 1 0.9 12 0 19 0.7 29 0 71 0.6 79 0 
9943 13 1 15 0.6 32 0.7 49 0.4 51 0.7 92 1 
