100
168 22 0 26 0.3 38 0.3 39 0 83 0.3 
191 2 0.4 26 0 60 0 63 0.8 66 0.9 
270 71 0.8 
344 21 0.3 29 1 33 0.5 58 0.9 73 0.8 77 0.5 88 0.6 89 0.5 91 0 
948 5 0 8 1 22 0.4 23 0 27 0 87 0.5 89 0.7 96 0 
994 11 0.5 15 0.3 22 0.6 43 1 45 0.7 47 0.4 51 0.8 66 1 94 0.9 
1040 12 0.3 44 0.8 52 0.4 56 0 65 0 96 0.5 
1079 4 1 15 0 22 0.8 33 0.4 59 0.7 94 1 
1125 11 0 35 0.4 47 0 77 0 82 0.6 
1405 94 0.6 
1491 2 0.7 11 0.7 14 1 19 0.9 54 1 58 0.9 
1627 48 0 69 0 70 0.9 76 0.5 84 0.4 89 0 90 0 
1787 6 0.3 13 0 51 0.5 93 0.8 
1789 5 0 19 0.8 53 0.7 54 0.6 67 0.4 68 0 84 0.7 88 0.6 89 0.3 90 1 
1862 0 0.4 16 1 44 0.6 84 0.4 
1873 14 0 24 0 27 0 34 0.9 59 0.3 
1903 6 0 14 0.6 38 1 54 0.8 58 0.5 93 0 
1919 3 0 19 0.5 26 0 40 0 45 0.6 60 0.7 61 0.6 
1957 9 0.9 11 0.5 97 1 
2026 1 0 11 0 20 1 33 0.8 56 0 71 0.9 89 0 95 0.7 
2088 6 1 12 0.7 21 0.9 28 0.5 31 0.9 44 0.7 61 1 73 0 
2194 24 0.3 67 0.7 77 0 97 0.3 
2214 1 0.8 13 0.3 42 0 67 0.9 68 0.3 72 0 88 0 
2316 9 0.7 51 0 72 0.4 81 0 86 0.9 88 0.8 99 0.9 
2356 65 0.6 70 0 
2370 22 0.8 43 1 
2427 90 0.9 
2545 22 0.8 39 0 57 0.9 64 0.9 89 0 
2546 25 0 82 0.9 93 0.9 
2564 25 0 32 0.6 66 0.8 81 0 85 0.6 86 0.4 89 1 94 0.4 97 0 
2813 9 0.9 12 0 15 1 31 0 43 0 57 0.3 61 0 77 0.5 97 0.4 
2820 41 0 84 0.9 
3067 27 0.4 36 0 66 1 69 0.3 79 0.7 91 0.6 
3414 1 0.3 9 0.6 25 0.6 28 0.3 36 0.5 56 0 69 0 86 0.3 
3428 94 0.9 
3456 2 1 45 0.6 96 0.7 
3492 4 0 26 0.9 61 0 67 0 77 0.3 
3663 7 0 38 0.7 47 0 59 0.4 
3847 3 0 10 0 26 0 27 0.6 29 0.3 36 0.9 49 0 51 0.4 77 0.9 83 0.5 
4016 39 0 72 0 94 0.3 97 0.6 
4027 12 0.7 21 0.4 23 0.4 30 0.5 67 0.6 83 0.8 96 0.4 99 0.4 
4043 31 0.3 74 0.5 94 0.3 
4088 10 0.5 23 0 41 0 45 0.3 48 0.4 67 0 88 0.6 93 0.3 94 0.8 98 0 
4147 13 0 45 0.3 47 0.9 49 0.5 51 0.8 56 0.4 58 0 59 1 75 0.5 97 0.4 
4229 14 0 20 0.4 21 0.6 27 0.8 28 1 51 1 62 0 69 0.6 92 0.8 98 0 
4368 72 0.5 78 0.9 
4602 0 0.3 39 0 60 0.3 61 0.9 
4696 15 0.3 82 1 83 0 
4811 29 0.8 32 0.4 
5085 13 0 18 0.7 28 0 29 0 49 0.6 52 0.9 54 0.7 58 0 
5163 4 0.9 12 0 14 0.9 25 0.9 30 0 36 0 59 0.8 84 0.6 85 0 
5177 21 0.3 22 0.3 23 0.7 26 0 37 0.4 58 0.5 69 0.6 94 0.7 
5206 13 0.6 39 0.8 46 0.4 48 0 56 0 96 0.9 
5283 14 0.5 67 0 88 0 
5319 95 0.3 
5381 6 0 8 0.7 17 0.4 40 0 44 0.9 71 0 88 0.3 
5490 13 0.6 34 0.6 35 0.4 49 0.5 50 0.4 56 0.6 57 0.8 
5574 3 0.4 18 0.6 20 0.4 38 0 48 0.5 61 0 63 0.5 90 0.7 
5632 15 0.7 18 0 23 0.4 25 0.3 33 0.6 39 0.4 43 0.7 45 1 53 0.9 75 0.6 
5720 37 0.9 
5758 26 0 89 0.3 
5784 3 0.8 17 0 21 0.9 78 0.9 
5910 10 0.6 17 0.6 37 0.7 53 0.6 68 0.7 70 1 74 0.7 89 0 
5926 32 1 34 0.6 84 0.6 
6042 62 0 84 0.4 88 0.5 
6167 18 0 29 0.6 47 0 51 0 73 0 79 0.9 
6168 14 0.4 16 0.4 23 0.4 25 0.6 61 0.9 73 0.5 81 0 92 0.6 
6369 54 0.7 
6566 23 0.7 40 0.7 41 0 43 0.5 73 0.3 
6733 86 0 
6802 24 1 54 0.4 70 0.4 
6877 9 0 19 0.5 21 0 32 0.3 65 0.5 71 0.8 95 0.3 
6901 0 0.7 6 0 8 0 12 0.3 50 0.7 56 0.4 57 0.6 78 0.3 88 0.9 
6930 11 0.6 16 1 82 0.4 83 0 99 0.8 
6938 32 0 45 0 46 1 70 1 79 0.4 81 0.9 97 0.8 
6941 48 0 87 1 
7100 4 0.6 5 0.6 50 1 
7404 30 0.7 45 0.5 57 0.8 85 0.7 94 0 
7610 6 0.8 12 0 14 0 51 0.8 80 0.4 81 0.8 
7832 32 0.4 58 0 84 0.3 
8021 20 0 37 0 60 1 61 0.6 72 0.3 73 0.5 96 0.3 
8063 91 0.6 
8084 14 0.7 15 0.8 25 0 33 0.4 59 0 83 0 91 0 92 0.7 94 0 99 0.4 
8195 6 0.5 15 0.4 31 0.9 38 0.6 67 0.9 73 0.5 85 0.4 89 0.6 90 0.3 95 0.5 
8302 15 0 
8456 1 0 10 0 19 0.5 22 0.9 32 0.7 77 0.4 78 0 
8556 55 0.8 60 0.4 80 0.3 99 1 
8828 12 0.7 16 0.7 90 0.7 
9000 4 0.3 70 0.7 81 0.5 
9011 3 0.4 6 0.3 31 0 45 0.4 52 0.7 60 0 61 0.5 87 0 99 1 
9117 42 0.9 49 0.4 54 0.9 70 0.3 72 0.7 74 0 79 0.6 83 0 96 0.3 
9165 10 0 37 1 56 0.6 
9353 2 0.7 49 0.8 53 0.5 71 0.3 76 1 91 0.5 
9390 36 0.6 41 0.7 70 0.8 74 0.8 77 0.3 81 0 91 0 
9479 59 0.9 
9608 43 1 89 0 
9610 18 0.9 25 1 62 0.5 91 1 
9643 4 0.8 24 0.7 65 0.8 74 0.8 84 0 
9813 4 0.5 23 0.8 42 0 55 0 63 0.5 72 1 81 0.5 85 0.6 
9856 15 0 35 0 53 1 
