100
123 20 1 
159 0 0.3 11 0 15 0 17 0.3 18 1 22 0 64 0.7 75 0.3 90 0 96 0 
279 22 1 27 0.3 37 0.7 62 0 67 0 73 0.9 
288 34 0.6 35 0.5 38 0.4 58 1 67 0.4 71 0 
309 7 0 20 1 23 0 37 0.8 48 0 61 0.8 64 0.9 69 0 91 0 
436 37 0 55 0.4 72 0 
455 0 0 6 0.7 41 0.6 53 0.4 73 0 79 0.7 80 0.7 
484 35 0.6 49 0.4 52 0.7 81 0.5 95 0.9 
486 51 0.5 54 0 
531 7 1 21 0.9 43 0.3 67 0 72 0.5 73 0.9 92 0.9 93 1 
793 70 0.9 
1070 32 0 39 0.3 48 0 49 0.5 58 0.5 65 0 84 0 91 0.8 
1135 41 0.6 70 0.6 
1177 28 0 33 0.4 42 0.9 84 0.4 85 0 87 0 
1250 9 0 13 0.5 24 0.3 25 0.9 60 0.3 61 0 72 0 87 0.9 90 0.7 
1278 8 0.4 55 0.6 
1330 24 0 48 0.8 52 0 60 0 62 0.5 
1395 27 0.9 47 0 57 0.9 60 0.8 87 0.8 88 0.4 90 0 96 0.3 
1457 7 0 44 0.3 45 0.9 54 0.9 56 0.8 91 0.8 92 0 97 0 
1517 56 0 92 0.6 
1649 1 0.5 45 0 99 0 
1746 2 0.3 11 0.4 15 0 22 0.3 23 0.9 36 0.4 45 0.5 87 0.3 89 0.6 93 0 
1769 16 0.8 22 0.7 27 0.3 35 0.9 56 0 79 0.6 97 0.3 
1821 11 0 40 0.8 44 0.4 58 0 61 0 66 0.4 74 0 98 0.6 
1847 2 0.7 21 1 38 0.4 51 0.6 83 0.5 
1957 9 0 11 0.6 97 0 
1959 9 0.9 11 0.7 57 0.8 81 0 
2037 6 0.5 40 0.7 42 0.6 80 0 85 1 
2293 34 0.5 37 0.7 44 0.8 64 0.5 70 0.4 98 0.4 
2297 15 0.8 16 0.6 45 0.5 73 1 82 0.4 89 0.8 
2575 1 1 41 0.8 54 0 60 0.8 81 0.6 84 0.9 85 0.9 87 0.8 
2739 3 0.3 18 0.7 30 0 34 0 47 0.4 67 0.8 70 0.7 79 0.3 82 0 
2745 21 0.9 32 0.5 36 0.3 49 0.8 58 0.5 73 0.3 76 0.7 79 0 80 0.4 82 0 
2820 41 0.6 84 0.9 
2829 7 0 
2832 15 1 26 0.5 34 0.8 35 0.4 51 0.6 56 0.3 59 0.7 75 1 97 0 99 0.8 
2921 46 1 53 0.3 66 0.7 73 0.4 93 0.5 
2935 16 0 37 0.8 47 0.8 66 0.6 71 1 92 0.5 97 0.6 
3452 25 0.8 
3525 8 0.6 22 1 44 0.9 46 0.9 61 0.8 77 0 78 0 
3834 8 0.4 12 0.9 21 0 43 0.6 49 1 51 1 55 0.3 94 0.4 
4004 38 0.8 
4050 66 0.4 87 0 
4064 29 0 49 0 54 0.6 59 0.6 67 0.5 91 0.7 97 0.6 
4080 7 0.6 32 0.5 35 0.9 
4094 5 0.8 8 0.8 12 0.6 19 0.4 25 0.6 36 0 62 0.3 92 0.7 
4726 9 0.5 10 0.5 45 0 50 0 53 0 64 0.8 79 0 87 0 
4866 7 0.4 19 0.3 43 0.3 60 0.8 71 0.3 93 0 
4910 15 0.3 18 0 19 1 24 0.5 55 0.6 82 0.3 83 0.4 98 0.5 
4926 7 0.8 17 0.3 18 0.7 64 0.9 75 0 78 1 88 0.6 93 0 
5003 39 0.7 57 0 65 0.6 93 0.6 
5033 2 0.8 19 1 34 0 51 1 70 0.4 
5078 5 1 12 0.5 20 0.9 29 0.3 31 0.8 78 1 83 0.5 
5177 21 0.5 22 0 23 0.9 26 0.7 37 0.8 58 0.7 69 0.7 94 0.8 
5388 20 0.3 
5569 16 0 31 0.4 69 0.7 
5657 16 0.8 31 0.8 49 0.7 94 0 
5801 74 0.3 87 0 
5990 2 0.3 13 0.9 35 0.3 58 0 67 0.3 72 0.5 75 0.8 
6109 3 0.4 
6153 3 0 21 0 37 0.8 94 0 
6172 11 0 27 0 71 0 75 0.6 
6392 8 0.7 63 0.7 88 0.4 
6409 39 0.7 57 0.8 58 0.6 69 0.7 70 0.9 89 0 
6532 6 0.5 38 0.7 62 0.9 69 0.9 70 0 71 0 76 0.7 80 0.6 84 1 
6686 2 0 7 0.3 13 0 21 0.7 54 0.6 67 0.8 70 0 79 0.9 80 0 91 0.5 
6795 5 0.3 8 1 20 0.5 24 0.7 34 0.7 45 0 71 0.8 83 0.8 97 0.5 
6818 12 1 19 0.6 20 0.4 22 0.9 27 0 54 0.9 60 0.8 76 0.9 78 0.6 90 0.6 
6836 13 0.9 16 0.4 24 0 39 0.5 59 1 63 0 64 1 66 0.4 73 0.3 89 0.4 
6939 63 0.5 
7122 69 0 
7140 17 0.6 23 0.5 30 0.9 48 0.4 53 0.9 81 0.8 84 0.3 91 0.5 96 0.4 98 0.8 
7183 5 0.3 87 0.9 
7185 10 0.8 19 0.8 22 0 30 0.3 40 0.8 46 0.3 69 0.4 94 0.9 
7460 1 0 68 0.3 
7581 5 0.9 40 0 57 0 
8220 0 0 45 0.7 66 1 
8365 6 0.6 14 0.9 16 1 22 0.4 37 0 38 0.7 62 0.8 85 0 94 0.6 99 1 
8381 63 0.6 
8505 7 0 32 0.4 35 1 39 0.5 40 0.6 78 1 79 0.6 
8513 31 1 
8680 12 0.5 30 0 53 0.8 58 1 
8854 5 0.6 45 0 60 0 75 0.7 83 0.7 94 0 
8923 10 0.8 26 0.3 47 1 53 0.7 58 0.7 63 0 
8981 9 0.6 29 0.8 
9165 10 1 37 0.3 56 0 
9178 45 0.6 67 0.8 
9212 33 0.5 40 0 49 0.9 
9228 5 0.8 20 0.9 22 0.5 33 0.6 96 0 
9319 3 1 9 0.5 18 0.7 29 0.3 48 1 68 0 70 0 83 0.7 85 0.7 86 0.7 
9339 62 0.3 
9359 8 0.4 16 0.8 18 1 19 0.5 31 0.5 40 0 42 0.6 48 0.6 63 0.8 91 0.8 
9433 43 0.5 
9454 7 1 8 1 12 0 20 0.5 29 0 49 0.5 50 0 59 0 95 0.4 
9546 16 0.7 40 0.7 84 0.9 93 0.7 
9747 1 0.4 23 0.9 99 0.5 
9760 15 0.6 19 0.9 30 0 45 1 53 0.9 55 0 70 0.9 84 0 94 0.3 97 0 
9765 5 0.9 13 0.5 43 0.5 45 0 61 0.3 65 0.5 84 0.8 85 0.8 92 0.9 93 0 
9815 7 0 8 0 11 0.5 15 0 34 0 37 0.7 71 0.5 73 1 80 0.8 85 0.8 
9819 0 0 2 0.9 6 0 26 0 37 0.9 55 0.6 68 1 95 0.4 
