100
32 1 1 10 0.3 13 0 14 0 23 0.5 41 0 50 0.9 66 0.6 
39 13 0.4 65 0.5 86 0 
67 43 0.3 92 0 
112 12 0.7 22 0.9 30 0.3 32 0.9 40 0.7 53 0 62 1 81 0.5 86 1 98 0.7 
133 41 0.5 
274 4 0.8 13 0.5 38 0 50 1 52 0 67 0.3 68 1 72 0.5 82 0.4 88 0 
383 18 0.7 40 0.6 55 1 57 0.4 79 0 94 0.4 
472 9 0.5 14 0 25 0.3 40 0.3 
770 2 0 15 0 23 0.7 71 1 86 0 
1004 30 0.5 39 0.6 51 0 53 0.6 60 0.7 79 0.4 80 0 84 0 95 0 
1016 2 1 10 0.4 28 0.6 43 0 51 1 56 0.4 62 0 71 0.5 94 0.5 98 1 
1098 18 0 21 0 63 0.5 94 0.5 
1177 28 0 33 0.4 42 0 84 0.8 85 0.8 87 0.6 
1339 17 0.8 52 0.7 
1367 3 0.3 21 0.4 34 1 48 0.8 52 0 64 0.3 67 0 85 0.8 86 0.6 
1494 23 0 28 0.9 43 0 53 0.7 
1495 65 0 75 1 
1548 16 0 34 0 64 0 89 0 90 0.7 
1570 21 1 88 0.6 
1598 56 0.9 82 0.3 
1668 0 0.7 9 0.6 12 0.8 19 0.5 64 0.4 83 0.3 
1699 4 0 8 0 18 0 61 0 
1871 7 0.6 11 0.7 13 0.8 18 0 23 0 64 0.7 86 0 87 0.4 
2017 4 0.3 15 0.6 26 0.3 27 0 32 0.5 35 1 48 0 
2141 9 0 21 0.7 76 0.7 96 0 99 0.3 
2182 7 1 13 0 19 0 27 0.8 34 0.9 78 0.4 83 0.9 90 0.3 
2190 0 0.5 11 0.6 28 0 37 0 69 0.7 79 0.7 80 0.5 
2253 19 0 25 0.3 26 0.7 44 0.9 48 0 51 0.9 
2310 69 0 
2368 29 0.5 36 0.5 45 0 77 0.9 
2397 13 0.7 31 0.7 32 0.4 41 0.9 45 0.5 61 0.9 62 0.6 69 0.3 71 0.9 84 0 
2433 4 0.4 14 0.6 27 0.6 33 0.7 36 0.7 57 0.6 82 0.3 91 0.8 
2564 25 0.6 32 0.5 66 0.4 81 0.4 85 0.6 86 0.6 89 0.4 94 0.9 97 0.8 
2865 13 0.8 32 0.3 40 0.9 54 0 65 0 93 0.4 
2943 7 0 14 0.8 16 0 52 0.3 57 0.7 63 0.3 68 0.7 91 1 94 0.3 
3194 78 0.3 96 0 
3219 1 0 14 1 15 0 36 0.5 37 0.7 48 0.8 56 0.5 77 0.5 79 0 
3288 30 0 39 0 40 0 41 0.4 45 0 49 0.4 53 0.8 64 0.4 
3303 13 0.9 30 0.3 36 0.8 47 0.9 67 0 83 0.9 86 0.6 
3318 12 0 55 1 56 0 57 0 66 0 82 0.4 90 0.3 
3340 54 0.3 
3346 3 0.5 15 0.9 47 0.8 48 0.6 75 1 95 0.4 
3662 18 0.5 40 0.6 54 0.8 63 0.4 
3727 18 0.5 43 0.7 51 0 59 0.4 73 0 99 0 
4191 1 0 95 0 97 0.7 99 0.6 
4195 5 0 6 0.6 84 0.8 
4314 28 0.6 66 0.3 
4494 1 1 7 0.3 9 0.9 12 0.4 17 0.5 26 0.3 29 0.5 36 0.4 46 0.9 67 0 
4559 25 0 36 0 59 0 63 0 69 0 71 0.7 78 0.3 
4578 19 0 29 0 50 0.8 66 0.8 84 0 
4898 18 0.4 47 0.9 50 0 54 1 63 0.6 99 0.4 
4946 9 0.5 44 0.9 51 0 61 0.7 88 0.6 94 0.8 
4971 28 0.3 45 0.4 54 0.5 61 0 65 1 
4978 3 0.3 14 0 26 0.9 43 0.5 47 0.7 48 1 60 1 68 0.4 75 0.5 81 1 
5171 35 0 
5245 13 0.3 15 1 38 0.3 48 0.9 50 0 51 0 57 0.7 60 0 
5250 29 0 32 0 64 0.5 
5452 27 0 77 0.8 87 1 
5461 20 0.7 26 0.9 27 0 42 0.6 63 0.3 
5479 29 0.3 30 0.4 39 0.4 47 0 51 0.6 90 0 94 0.9 
5594 6 1 10 0.6 38 0.9 44 0.9 46 0.7 
5769 84 0 
5810 4 0 30 1 45 0 58 0.3 66 0.8 86 0.7 89 0.3 
5839 12 0 25 0.5 86 0.7 92 0.5 
5847 34 0.7 42 0.9 70 0.5 
5927 11 0.8 29 0.5 85 0.6 
5955 45 0.8 75 0 
5974 34 0.8 36 0.3 59 0.7 91 0.5 
6030 45 0.9 
6083 1 0.8 
6374 0 0.6 1 0.7 7 1 11 1 23 0.8 55 0.4 58 0 72 0 78 0 
6459 15 1 22 1 48 0.9 51 0.7 53 0.7 55 0.4 64 0 81 0 
6594 33 0.7 
6687 24 0.6 28 0 45 0 75 0.5 87 0.9 99 0.6 
6757 95 1 99 1 
6777 22 0 57 0.5 63 0.8 67 0 71 1 91 0 98 0.9 
6852 13 0 16 0 22 0 56 0.5 72 0 83 0.7 
6966 37 0.7 
7095 14 0 19 0.3 32 0.7 49 0.6 51 0.3 64 0.6 81 0.9 
7228 44 0 93 0.5 
7249 27 0.6 55 1 56 1 70 0 86 0 91 0.6 95 0.6 
7309 41 0.3 83 0.6 
7321 26 0.9 36 0.7 39 0 65 0.9 70 0.8 82 0.7 94 0.7 97 0.6 
7491 22 1 26 0.3 31 0.4 71 0.7 76 1 97 0.7 
7624 15 1 16 0.5 32 0.9 48 0 64 0 65 0.8 70 0.4 71 0.8 84 1 
7688 64 0 
8329 11 0.7 19 0 27 0.8 42 0.7 
8643 1 0 9 0.9 57 0.5 59 0.4 60 0.9 65 0.8 75 0.5 77 0 82 0.5 
8657 0 0.6 26 0.5 40 0.5 42 0.6 49 0.3 70 0 85 0.5 89 1 
8835 13 0 14 0.4 
8867 0 0.3 50 0.4 72 0.3 91 0.5 
8962 39 0.4 45 0.5 74 0 97 0 
9312 64 0.7 
9448 59 0.9 76 0.8 
9472 12 0 27 0.4 38 0 40 1 43 0 71 0 
9626 8 0.7 9 0.6 14 0 29 0 32 0.7 38 0.6 40 0 51 1 66 1 71 0.9 
9648 39 0.4 47 0 64 0 
9661 40 0.5 62 1 83 0 90 0.5 94 0 
9774 4 0.9 5 0.9 9 1 19 0 26 0.7 39 0.8 68 0 81 0.6 99 0.6 
9867 91 0 
