100
395 33 0.5 40 0.6 47 0.5 58 0 66 0 67 0.5 99 0 
444 23 1 31 0 43 0.9 73 0.3 97 0.9 
566 50 0.4 61 0.9 76 0.5 80 0 83 0.8 
583 30 0.4 81 0.7 
758 34 0 48 0.8 60 0.3 
890 10 0 38 0.4 40 0 42 0.5 46 0.5 52 0.3 62 0.9 67 1 72 1 81 0.3 
902 17 0 22 0.6 30 0 52 0.3 54 0.8 79 0.7 
994 11 0 15 0.4 22 0.6 43 1 45 0.9 47 0.3 51 0 66 1 94 0.4 
1111 55 0 
1134 13 0 62 0.6 63 0.5 
1162 9 0.3 20 0.9 28 0 39 0.3 53 0.6 62 0.6 95 0 
1168 4 0.5 10 0 24 0.6 39 0 66 0.9 74 0 83 1 87 0 88 0.3 95 0.6 
1213 31 0.6 
1239 20 0.5 26 0.7 40 0.6 74 1 95 0 
1411 15 0 20 0.5 23 0.6 29 1 83 0.7 88 0 91 0.9 95 0 97 0.4 
1672 21 1 45 0 48 0.7 52 0.3 55 0 60 0 64 0.8 74 1 88 0.6 99 1 
1682 91 0.4 
1746 2 0 11 0.5 15 0.3 22 0.3 23 0.3 36 0 45 0.3 87 0.9 89 0.5 93 0 
1866 5 0.3 16 0.4 42 0.5 68 0.7 
1951 16 0 19 0.7 22 0.8 24 0.9 29 0.8 30 0.3 55 0.4 63 0.8 82 0 
1994 95 0.7 
2007 24 0.5 25 0.5 29 0 78 1 
2029 0 0.4 8 0 21 0 26 0.9 38 0 45 0 65 0.4 94 0.5 
2103 21 0.7 23 0.6 34 0.6 36 1 40 0.3 99 0.7 
2307 31 0.9 
2395 0 0.8 17 0.4 20 0.9 94 0.4 
2470 48 0.4 86 0 
2484 0 1 6 0 15 0.7 22 0.8 30 0.9 45 0 48 0 54 0.8 67 0 85 0.8 
2634 1 0.3 39 0.3 42 0.8 58 0.6 59 0 64 0 67 0.6 68 0.9 87 0.4 91 0.4 
2662 3 0 25 0.6 42 0 43 0.3 63 1 73 0.9 88 0.4 
2691 2 0.9 14 0 24 0.7 34 0.3 69 0 70 0 78 0.3 80 0 82 0 93 0 
2692 42 0.7 66 0 
2699 4 1 20 0.4 55 0.8 58 0.7 88 0 90 0.8 
2772 77 0.9 
2842 6 0 14 0.5 31 1 55 0 69 0.8 70 0.7 81 0.9 
2869 28 0 56 0 69 1 80 0.9 93 0.3 
2879 18 0.9 71 0.9 
2934 8 0.7 29 0.7 32 0.4 46 1 51 0.9 72 0.6 
3026 23 0 26 0 33 0.3 58 0.9 72 0.4 74 0.9 87 0.8 89 0.9 
3426 1 0 28 0.7 32 0.7 33 1 35 0.7 64 0 67 0.8 70 1 92 0.6 
3477 12 0.3 21 0.4 29 0 55 0.3 69 0 71 0.6 75 0 
3636 30 1 40 0 42 0.4 46 0 50 0 77 0.5 80 1 85 0.4 90 0.5 
3796 10 0.4 11 0.7 16 0.9 20 0 81 0.9 
3974 0 0.3 44 0.5 55 0.3 69 0.3 71 1 73 0 77 0.8 81 0 94 0.3 99 0.9 
3993 12 0.3 22 0 26 0.6 27 0.9 53 0 67 0.3 89 1 90 0.4 
3994 28 0.6 42 0.8 45 0 81 1 95 0 
4039 2 0.4 5 0.7 6 0.4 11 0 22 0.6 50 0.7 66 0.9 77 0.9 91 0.7 
4069 1 0.8 18 0.8 24 0.5 32 0.8 52 0 82 0.7 92 0.3 94 0 95 0.9 98 0 
4094 5 0.3 8 0 12 0.5 19 0.7 25 0.4 36 0.9 62 0.3 92 0 
4225 12 0.8 21 0.8 44 0 63 0.8 64 0.9 70 0.6 
4325 56 0 57 1 61 0.7 76 0.4 
4488 2 0.4 26 0 30 0.9 67 0 68 0.9 73 0.3 98 0.6 
4579 10 0.5 21 0.6 30 0 40 0.7 53 0.6 65 0.8 77 0 
4701 2 0 48 0.7 
4859 79 0.9 
5021 26 0.9 32 0 40 0.5 60 0.4 67 0.7 95 0 
5100 11 1 21 0 35 0.9 48 0.6 75 0.4 
5123 12 0 36 0 38 1 51 0.3 59 0.5 71 0 75 0 96 0.8 
5292 7 0.4 17 0.4 19 0.3 38 0.4 42 0.9 52 0 67 0.7 74 0 79 0 94 0 
5298 4 0 9 0 12 0 17 1 19 0 22 1 60 0.6 
5311 2 0 7 0 11 0 16 0 18 0 23 0.7 41 0 67 0.5 
5589 2 0.4 10 0 13 0 18 0.8 49 0.5 79 0.8 97 0 
5647 35 0 
5867 93 1 
6033 6 0 48 0.7 66 0 89 0 
6059 12 0.5 20 0.9 23 0.4 37 0.5 57 1 73 0 
6336 1 0.5 36 0.3 46 0 51 0.4 77 0.5 
6446 89 0 
6578 10 0.6 18 0.5 25 0.6 31 1 37 0 39 0 41 0.7 80 0 
6626 19 0.4 20 0.6 37 0.9 42 0.5 68 0.7 71 0 93 0.7 94 0 
6646 4 0.6 36 0.6 40 0.9 43 0 69 0.4 73 1 75 0.6 76 0 88 0 
6652 0 0.3 8 0.5 13 0.8 28 1 37 0 68 0 90 0.9 
6712 1 0.5 8 1 9 0.9 11 0.4 17 1 46 0.3 58 0 77 0.7 79 0 81 0 
7116 33 0.6 56 1 57 0.8 66 0.6 80 1 98 0.5 
7240 1 0 21 0 39 0.3 57 0.6 61 0.9 63 0 68 0.7 84 0.6 85 0.3 99 0.7 
7398 32 0.7 55 0.8 
7515 11 0.8 12 1 41 0.5 47 0 50 0 56 0.3 63 0.4 85 0 97 0.8 
7792 10 0.6 23 0 38 0.9 46 0 49 0.6 64 0.5 65 0.7 76 0.4 77 0.5 
7858 21 0 28 0 38 0.4 42 0 46 0.9 64 0.7 90 0.8 
8050 6 0.7 15 0 18 0 26 0.3 30 0.5 36 0.9 78 0.5 
8054 1 0 6 1 23 0.4 34 0.5 40 0 44 0 45 0 65 0 82 1 94 0.7 
8067 0 0 3 0.4 13 0 17 1 48 0.3 53 0.5 63 0.6 65 0.6 97 0 98 0.5 
8113 69 1 
8191 7 0.7 17 0.6 29 0.3 48 0.9 68 0.9 72 0.9 86 0 93 1 97 0.6 
8284 31 0.5 46 0.5 61 0 67 1 69 0.4 72 1 78 0 84 0.7 
8349 16 0.8 21 0.5 32 0.5 41 0 52 0.4 55 0.9 56 0.3 62 0.4 94 0.5 
8489 21 0.4 34 0.4 43 0.9 90 0.3 99 0.5 
8986 5 0.8 16 0 38 0.8 59 0.7 71 0.4 83 0 94 1 
9003 15 0.4 42 0.8 77 0 89 0 
9062 60 0 61 0 
9122 26 0 29 0.8 39 0 41 0.8 46 0 49 1 74 0.5 78 0.3 86 0.4 98 0 
9229 7 0.4 12 0 47 1 55 0.8 68 0.5 77 0.3 80 0 96 0.3 
9383 30 0.3 38 0.5 49 0.8 72 0.6 75 1 
9480 6 0.9 33 0 36 0.3 50 0.4 58 0.9 59 0.3 86 0.7 93 0 
9580 4 0 27 0.5 54 0.8 
9688 4 0 17 0.4 71 0.3 
9697 61 0.4 72 0 91 0.8 
9748 1 0.6 55 0.7 56 0.7 68 0 78 0.6 93 0.6 95 0.8 
9846 17 0.8 21 0.6 24 0.7 36 0 80 0.8 85 0.3 
9982 23 0.3 39 0.5 69 0.8 88 0.8 91 0 93 0 94 0 
