100
51 48 1 51 0 56 0 57 0.9 63 0.3 85 0.4 92 0.5 
156 33 0.5 97 0 
289 2 0.6 40 0 49 0.8 74 0 85 0.3 90 0.3 
292 23 1 35 0 49 0.4 60 1 70 1 80 0.7 96 0.3 99 0 
341 12 0.4 16 0 39 0.8 46 0 49 1 51 0.8 72 0.7 80 0.8 
363 22 0.8 
408 4 0.5 19 0 26 0 34 1 39 0 53 0.4 
428 27 0 44 0.3 46 0.9 54 0.4 85 0.6 
462 4 0.6 11 0.6 28 0.8 35 0 47 0 63 1 87 0.4 
617 10 0.8 18 0.4 32 0 33 0.7 46 0.4 95 0 
619 17 0.7 49 0.5 56 0.5 65 1 96 0.8 
634 16 0 25 0 29 0.6 31 0.6 37 0 44 0.7 51 0.4 
643 21 0 79 0 
647 21 0.6 33 0.3 75 0 91 0.4 
722 0 0.3 5 0.6 6 0 7 0 28 0.9 31 0.8 34 0.3 53 0.7 54 0.5 
807 26 0.4 36 0.8 49 0 53 0 73 0.9 77 0 86 0.8 95 0.3 
942 57 0 66 0.3 73 0 83 0.5 86 0 
1139 6 0.4 23 0.7 36 0.3 87 0.5 88 1 
1253 12 0.5 44 0 51 0.9 62 0.6 65 0 90 0.6 91 0 92 0.4 
1268 6 0.3 25 0.5 34 0.7 71 0.6 79 0.9 86 0.9 
1364 1 0.7 8 0 18 0 23 0 51 0.3 88 0.4 91 0 
1551 3 0 25 0.7 37 0.6 45 1 65 0.8 78 0.9 
1717 3 0.5 25 0.5 68 0.4 
1830 9 0 18 0.8 30 0.4 44 1 73 0 93 0 
1837 4 0 27 1 28 1 48 0.4 60 0.8 63 0.6 94 0.9 95 0.4 96 0.6 99 0 
1917 20 0.4 71 0 92 0.3 
2061 5 1 19 0 27 0 45 0 56 0.6 85 0 89 0.9 
2120 7 1 42 0 60 0.4 79 0.9 
2164 2 0.9 30 1 59 0.3 69 1 70 1 73 1 91 0.4 98 0.4 
2385 9 0.6 20 1 79 0.9 80 0.9 
2513 2 0 19 0 21 0.3 42 0.9 59 0 76 0.7 89 0.8 
2544 69 1 
2692 42 0.3 66 0 
2705 11 0 27 0 45 0.7 65 0 94 0 
2793 19 0 56 0.7 
2822 33 1 34 0.6 51 0.7 
2838 24 0.6 48 0.3 51 0 58 0.8 63 0.8 69 0.4 92 1 97 0 
3079 17 1 29 0.3 54 0.7 
3190 20 0 27 0 35 0.4 38 0.7 40 0.6 44 0 76 0.8 83 0.6 88 1 99 1 
3201 16 0 19 0.8 26 0.5 27 0.6 29 0.4 38 0.6 71 0.7 81 0 95 0.3 
3235 37 0.4 
3255 26 0.7 67 0.8 
3358 5 0.7 13 0 14 0.5 48 0.7 61 0.7 63 0.5 89 0.4 96 0.6 
3398 26 0.9 39 0.8 
3431 8 0 68 0 91 0 
3661 13 0.8 51 0 
3743 8 0 26 0.5 70 0.4 71 0.3 73 0 81 0.8 92 0.4 95 0.5 98 0 
3864 9 0.3 14 0.6 34 0.7 48 0.8 65 0.6 
3891 22 0.3 27 0.6 46 0.3 49 0.9 63 1 
4113 16 0.4 39 0.5 54 0 76 0 83 1 
4128 9 0.7 27 0 40 0.4 42 0.9 50 0.8 69 0.8 74 0 
4483 0 0.5 4 0.3 40 0.7 47 0.5 60 0 62 0 78 0.5 79 0.3 84 0 
4541 7 0 10 0.8 56 0 75 0 92 0.7 
4633 21 0.7 28 0.5 36 0.8 38 0 39 1 41 0.3 46 0 53 1 58 0.6 
4757 14 0.6 25 0.5 28 0.6 33 0.5 37 0.5 40 0.6 53 0.6 72 0.7 73 1 74 0.4 
5099 50 0 72 0.8 
5144 4 0.8 89 0 
5193 9 0 15 0.3 35 0 40 0.8 46 0.6 51 0.7 56 0 70 0 76 0.4 85 0.7 
5259 7 0.9 22 1 41 0 44 0 52 0.4 66 0.6 69 0.7 76 0.3 80 0 95 0.6 
5444 13 0.6 35 0.7 41 0.7 47 0.6 66 0.8 82 0.9 
5510 24 0.7 81 0.6 96 0 
5608 31 0.5 42 0.9 52 0 63 0 68 1 72 0.3 
5767 20 0.6 24 0 37 0 66 0 70 0 85 0.8 
5845 15 0.7 17 0.4 69 1 78 0.9 
5855 3 0.5 15 0.6 18 0.4 34 0.6 45 0 56 1 57 0.8 83 0.8 85 0 91 0.3 
5937 0 0.4 12 0 33 0.3 35 0.8 72 0 78 0.3 96 0.7 
6082 32 0.4 74 0.4 78 0 82 0.7 
6110 32 0 60 0.6 
6152 22 0 23 0.7 26 0.4 36 0.4 60 0.3 65 0 89 0 90 0 
6386 0 0.4 2 0.4 3 0 19 1 45 0 56 0 58 0.8 69 0.4 90 0.5 
6427 23 0.6 42 0.4 48 0.5 91 0.5 
6441 0 0 1 0 20 0.6 44 0 
6631 3 0 37 0 45 0.6 83 0.4 97 0.4 98 0.6 
6666 76 0.9 
7032 22 0.8 48 0 58 0.5 64 0.5 
7329 12 0.8 19 0.3 36 0.3 45 0.3 60 0.5 80 0.5 86 0 
7440 1 0.6 
7628 29 0.9 
7698 78 0.9 
7722 5 0 8 0.5 9 0.7 16 0.7 51 0.9 59 0.3 60 0.9 95 0.6 
7797 0 0.3 18 0.7 53 0 58 1 59 0.4 66 0.8 92 1 96 0.4 98 0 
7827 16 0 18 0 22 1 62 0.5 70 0.7 
7828 80 0.5 87 0.7 
7832 32 0.9 58 0.3 84 0.9 
8033 39 1 44 0 47 0.4 49 0.5 50 0.3 81 0.7 85 0 92 0.6 
8035 13 1 21 0 29 0 37 0 71 0.8 73 0.9 78 0.7 82 1 95 1 
8217 0 0.3 1 0 4 0.6 8 1 31 0.4 32 0 83 0.3 86 0.6 91 0.5 
8441 3 0.3 74 0.4 97 0.9 
8505 7 0 32 0.5 35 0.3 39 0.7 40 0.8 78 0.5 79 0.6 
8699 13 0.9 15 0.8 22 0.7 25 0 69 0.7 73 0.5 89 0 91 0.7 
8822 32 0 43 0 90 0 
8977 16 0 46 0.4 47 0.5 55 0.3 59 0 64 0.5 76 0.3 78 0 94 0.5 
9049 11 0.8 40 0.7 50 1 63 0.7 67 0.6 70 0.7 93 0.6 
9375 15 0.3 31 0 49 0 61 0.5 74 0.6 84 0.3 
9479 59 0.7 
9492 1 0 8 0.6 18 0.4 28 0.9 34 0.9 37 0.9 65 0 75 0.9 84 0.8 
9502 22 0 50 0.7 56 0.8 62 0.3 65 0 71 0.4 77 0.8 82 0.8 97 0.5 99 0 
9696 4 0.8 15 0.9 29 0 31 0.3 39 0.3 52 0.7 61 0.7 78 0.3 85 0.6 
9787 10 0 30 0 37 0.4 39 0.4 47 0 69 1 77 0 79 0.8 91 0.3 
9839 0 1 4 0 9 0.7 23 0.9 49 0.5 68 0 81 0.9 85 0.7 90 0.8 
