100
2 12 0.9 20 0.5 41 0.5 54 0 78 0.4 
137 0 0 3 0.5 29 0 50 0.7 66 0.3 
142 23 0.8 63 0.3 69 0.6 
532 4 0.5 74 0.8 85 0.5 
587 10 1 29 0.7 31 0.8 37 0.9 50 0.9 58 0.6 80 0.9 
633 29 0.5 86 0.3 
762 43 0.9 75 0.3 99 0.6 
832 21 0.8 46 0.9 54 0.7 
1092 28 0.7 30 0.5 33 0 46 1 
1147 37 0.3 74 0 
1226 0 1 24 0 25 0.9 32 0.6 45 0.4 50 0.4 85 0 87 0.4 92 0.4 96 0.9 
1229 20 0 30 0.7 40 1 43 0.8 45 0.6 61 0.4 84 0.8 90 0 
1310 91 0 
1345 0 0.4 2 0.8 7 0 11 0.3 15 0.4 21 0.8 23 0 50 0.5 62 0.7 95 0.4 
1359 20 1 21 0.4 39 1 48 1 49 0.3 59 0.3 64 0.7 74 0.9 
1457 7 0 44 0 45 0.4 54 1 56 0 91 0 92 0.7 97 0.7 
1461 35 1 37 0.8 41 0.9 45 0.5 58 0.3 75 0 77 0.5 
1565 26 0.5 54 0 61 0.7 
1566 29 0 31 0.9 32 0 49 0.6 51 0 67 0.6 70 0.6 71 0.8 79 0.5 
1670 10 0.3 65 0.9 82 0.4 
1727 14 0 50 0.3 52 0.4 62 0.4 65 0 73 0.4 77 0 97 0.5 
1812 6 0.5 12 0.8 58 0.9 59 0.8 65 0.8 69 0.3 77 0 84 0.6 85 0.7 97 0.4 
1981 28 0 29 0.9 53 0.3 60 0.6 85 0 88 0.5 99 0.4 
2026 1 0.6 11 0.6 20 0 33 1 56 0.3 71 0.4 89 0.6 95 0.5 
2251 17 0.4 
2507 3 0 24 0 61 0 
2689 15 0.8 31 0 49 0 63 0.5 66 0.4 78 0 80 0.7 89 0.6 91 0.4 
2809 90 0.9 
2912 24 0.9 28 0.4 75 0.4 
2942 34 0.8 64 0.7 
2996 35 1 76 0 87 0.4 93 0.5 
3055 2 0.6 3 0.3 7 0 11 0.6 39 0 
3297 51 0.6 67 0.6 72 0.8 
3483 27 0 93 0.6 
3534 6 0.6 70 0 
3705 6 0.4 25 0 30 0 44 0.5 46 0.4 66 0 90 0.4 91 0 98 0 
3868 54 0 
3875 0 0.5 5 1 13 0 34 0.4 49 0.5 
3904 1 0.7 7 0.5 23 0.7 33 0.4 35 1 43 0.3 61 0.5 68 0.9 71 0.4 97 1 
3932 34 0.3 35 0 83 0.7 
3974 0 0.6 44 0.3 55 0.8 69 0.3 71 1 73 0.9 77 0.6 81 0 94 0 99 1 
4061 7 0.5 30 0.4 31 0.5 82 0 89 0.7 95 0.6 
4086 9 0.5 10 0.3 17 0.8 36 0.8 79 0.7 
4724 26 1 28 0 31 0.4 62 0.5 65 0.7 95 0.7 
4746 3 0.9 10 0.4 81 0.9 
4912 1 0.4 12 0.5 32 0 
4966 22 0.5 27 0.9 31 0.7 37 0 72 1 77 0.8 80 0.9 81 0 88 0 99 0.4 
4974 2 0.3 7 0.9 12 0.3 19 1 22 1 29 0.6 47 0.4 84 0.6 
5085 13 0.7 18 0.5 28 1 29 0.8 49 0.7 52 0 54 0 58 0.3 
5122 9 0.4 14 0 15 0.9 63 0 68 1 71 1 77 0.3 82 0.7 
5190 39 0.4 72 0.5 
5389 1 0.6 26 0.8 93 1 
5488 19 0.5 48 0.8 78 0 
5686 28 0.3 37 0.7 
5720 37 0.3 
5725 1 0.8 18 0 32 0.8 45 0.3 54 0.3 73 0.5 81 0 88 0 91 0.5 99 0.6 
6070 0 0.5 24 0.5 32 0.7 33 0.4 43 0 48 0.3 82 1 99 0.6 
6140 1 0.9 17 0.5 33 0.6 37 0.8 42 0.6 44 0.3 54 0.8 71 0.8 
6206 42 1 43 0.4 46 1 59 0.4 70 0.6 
6377 26 0.9 73 0.7 
6406 39 0 55 0 90 0 
6442 51 0 79 0 82 0.6 87 0 95 0.8 96 0.7 
6704 22 0.9 33 0.5 51 0 85 0.5 
6725 9 0.9 18 1 20 0 39 0.4 42 0 66 0.7 73 0 77 0.3 81 0.6 92 1 
6793 1 0.8 17 0.6 29 0 39 0.9 41 0.6 42 0 71 0.4 89 1 
6943 9 0 21 0.6 25 0.7 34 0 38 0.6 53 0.9 54 0.8 
7022 3 1 8 0.3 25 0 33 0 62 0.3 68 0.9 78 0.3 88 0.8 
7234 35 0 44 0.4 79 0.7 
7358 28 0.6 44 0.5 45 0.6 54 0 99 0.5 
7389 7 0.7 81 0 98 0.9 
7422 5 0.7 13 0 35 0 44 0.8 46 0.4 47 0 55 0.8 73 0.7 75 0.9 
7426 7 0.4 34 0.4 
7429 10 0.8 38 0.4 42 0 59 0.4 61 0.9 78 0 83 0.4 93 0 
7505 2 0.6 3 0.4 11 0.4 28 1 54 0 61 0.4 83 0 88 0.6 
7531 64 0 80 1 90 0 
7599 11 0.6 41 0.3 50 0 54 0.8 62 0 63 0.3 64 0.8 69 1 90 0.9 98 0.7 
7672 17 0 23 0 31 0 43 0.4 56 0.5 75 0 77 0.9 
7769 19 0 24 0 25 0.8 70 0.8 76 0.4 91 0 99 0.8 
7820 14 0.4 28 1 30 0 43 0 51 0.3 58 0.4 68 0 71 0 
7828 80 0.3 87 0.6 
8086 3 0.4 5 0.3 14 0.8 48 0.9 52 0 82 0.7 83 0.7 95 0.5 99 0.3 
8102 18 0.5 22 0 90 1 
8154 22 0 41 0.4 
8167 3 0 29 0.9 32 0 51 0.6 89 0.3 
8189 9 0.3 14 0.5 21 0.3 38 0 73 0.9 88 0 
8331 42 0.4 46 0 55 0.3 67 0.4 69 0 
8398 47 0.4 58 0.3 72 0 
8466 9 0.3 10 0.9 43 0.7 61 0.3 77 0.8 89 1 96 0.7 
8528 91 0.4 
8592 7 0.8 41 0.5 43 0 46 0.9 66 0 70 0.5 72 0.6 75 0 87 0.3 99 0.4 
8871 24 0.9 28 0.3 37 0 38 0 61 0.7 79 0.7 85 0.6 88 0.6 
8924 27 0 39 0.5 43 0.6 
9114 1 0.7 85 0.6 
9141 21 0 34 1 37 0 
9184 6 0 21 0 24 0 68 0.6 85 0.9 91 0.8 
9442 12 0.3 16 0.5 20 0 34 0.3 65 0 66 0.7 73 0.8 83 0.7 85 0 96 0.4 
9523 6 0.7 22 1 37 0.6 42 0 48 0 
9541 4 0.6 28 0.8 44 0.7 45 0.3 57 0.7 69 0.5 70 0 80 0 84 0.5 
9578 6 0 12 0.3 13 0.5 46 0.9 58 0.8 66 0 80 0 95 0.7 
9630 1 0 18 0.6 33 0.5 65 0.5 69 0.4 86 1 
