100
13 50 0.9 
41 8 0.4 35 0.7 40 0.8 41 0.7 42 0.7 77 0.7 92 0.8 
91 14 1 57 0.7 90 0.4 
229 18 0.8 20 0 23 0 29 1 30 0 35 0.3 39 0.5 51 0 72 0.3 
262 3 0.3 10 0.9 16 0.6 42 0 70 0 71 0 79 0.4 87 0.8 89 0.3 
332 74 0.6 
365 51 0.5 68 0.6 91 0.5 
490 3 0 22 0 40 0 66 0.6 86 0.9 
498 5 0 7 1 17 0.9 31 0.9 55 0.4 75 0 79 0.9 
512 8 0 24 0.8 27 0.3 35 0.4 49 0.7 64 0.5 83 0.3 85 0 86 0.3 
543 12 0.6 31 0.4 42 0.4 56 1 65 0.7 80 0.6 
549 5 0.3 9 0 12 0 16 0.3 61 0.5 62 0.5 63 0.8 80 0 87 0.5 94 0.6 
647 21 0 33 0.8 75 0.4 91 0.3 
663 16 0 41 1 61 0.5 
854 1 1 8 0.7 25 0.8 26 0 37 0.3 51 0.4 74 0.4 89 0.8 
877 88 0.8 
1065 32 0 56 0.3 61 0.9 68 0.5 82 0.4 85 0.5 91 0.8 
1068 20 0 
1238 48 0.6 69 0.5 
1314 6 0 13 0.8 22 0 32 1 46 0.6 47 0.5 77 0 85 0.8 91 0.7 
1364 1 0 8 0.5 18 0.5 23 1 51 0.5 88 0.4 91 0 
1479 16 0 18 0 31 0.6 34 0 35 0 49 0.7 52 0.4 53 0.7 64 1 90 0.4 
1537 13 1 21 0.6 26 0.7 34 0 38 0.5 75 0.7 82 0.7 83 0 87 1 94 0.4 
1687 36 1 
1719 13 0.5 14 0.4 17 0.8 27 1 28 0.9 32 0.7 36 0 67 1 73 0 96 0.7 
2097 11 0.6 
2110 4 0.3 11 0.4 26 0.3 28 0 50 0.8 57 0.4 89 0.3 91 0.3 
2227 36 0.3 66 0.3 68 0.4 93 1 
2306 10 0 17 0 28 0 42 0.3 52 0 58 0.4 70 0 81 0.9 
2327 2 0.3 28 0.8 31 0.8 36 0.6 39 0.6 42 0 50 0 62 0 77 1 
2419 14 0.7 24 1 38 0.9 59 0.4 64 0.8 
2533 1 0 7 0.8 13 0 28 0 45 0.7 46 0 53 0.9 84 0.7 93 0 
2586 13 0 14 0.3 41 0.6 62 0.9 70 0.9 97 0 
2704 19 0.7 23 0 31 0.4 39 0 43 0 69 0.4 71 0 78 0.5 79 0 
2742 0 0.4 5 0 24 1 75 0 
2799 46 1 54 0 
2834 89 0 
2892 13 0.4 23 0 30 0 43 0.3 77 0.7 88 0.5 
2901 44 0.9 52 0.5 
2938 1 0.7 17 0.7 20 1 21 0.7 59 0.4 73 0.4 80 1 94 0 
3055 2 0.9 3 0.6 7 0.6 11 0.6 39 0 
3122 0 0 4 0 5 0.5 33 0.5 36 0.8 39 0 44 1 47 0.8 66 0 95 0.6 
3129 19 0.5 57 0 59 0.9 88 0.8 
3397 13 0 19 0 21 0.8 26 0.8 33 0.7 36 0.7 52 1 62 0 68 0 
3405 8 0.3 15 0.9 42 0 48 0 71 0.3 91 0 93 0.7 95 0.6 
3433 87 0.4 
3705 6 0.6 25 0.4 30 0.9 44 0.6 46 0.6 66 0 90 0.5 91 0.6 98 0.9 
3771 17 0.3 30 0.5 33 0 73 0.8 94 0.7 95 0.9 
4040 13 0 52 0 54 0 61 0.8 65 0.4 68 0.5 83 0 89 0.5 91 0 
4478 9 0 23 0.7 38 0.6 40 0.5 50 0.4 53 0.4 62 0.8 64 0.5 86 0 
4578 19 0.5 29 0.7 50 1 66 0 84 0.7 
4711 4 0 8 0.6 13 0.8 
4771 26 1 43 1 47 0 50 0 51 0.6 62 0 85 0.3 
4804 28 0.8 36 0 44 0.7 64 0.9 73 0.7 99 0.7 
4907 34 0.9 
5092 7 0 35 0.3 44 0 89 0.8 94 0.4 
5499 28 0 48 0 64 0.5 94 0.4 
5513 6 1 30 0 84 0.9 94 1 
5536 17 0.9 23 0 30 0.3 43 0 88 0 
5569 16 0.7 31 0 69 0 
5869 4 0 14 0.5 15 0.4 27 0 57 0 68 1 81 0 96 0.6 
5941 5 0 25 0.3 68 0.9 69 0 77 0 
6024 0 0.5 16 0.3 40 0 54 0 56 1 60 0.8 61 0.4 76 0.3 77 0.4 
6077 44 1 
6236 45 0.3 68 0.9 96 0.7 
6388 32 0.4 42 0 59 0.5 67 0 
6531 45 0 57 0.3 63 1 64 0.5 76 0.7 77 0.6 82 0 87 0 
6734 2 0.5 8 0 50 0 53 0 54 0.9 92 0.8 
6994 10 0.7 30 1 48 0.8 59 0.5 62 0.7 89 0.4 
7025 49 0.3 50 0 61 0.9 64 0 70 0 71 0.4 
7065 16 0.3 30 0.3 38 0.3 40 0.7 47 0 61 0 66 1 72 0.6 73 0.9 83 0.4 
7109 12 0.3 27 1 43 0.6 63 0.3 77 1 81 0.8 84 0.6 98 0.5 
7121 13 0.7 18 0.6 23 0.6 
7172 47 0.7 48 0 80 0.3 
7229 31 0.7 35 0.6 76 0.7 98 0.7 
7375 10 0 93 0.6 
7385 1 0.7 13 0.7 29 0.6 45 0.7 61 0.7 98 0 
7547 0 0.6 4 0.4 42 1 83 0 84 0 93 0.8 
7727 0 0.5 21 0 46 0 51 0 93 0.3 
7768 5 0.9 12 0.5 14 0.9 30 0.4 33 0 35 1 48 1 63 0.3 79 0.6 91 1 
7917 20 0.3 21 0.3 26 0.3 33 0 43 0.5 57 1 62 0.8 72 0.5 90 0.4 
7958 2 0 20 0.5 47 0.9 58 0.5 63 0.6 74 0.7 92 0.9 98 0.7 
7994 42 0.7 52 0.8 80 0.4 85 0 
7999 3 0 8 0.3 14 0.5 20 0 31 0.4 69 0.3 82 0.4 
8081 59 0 96 0 
8175 69 0.5 86 0.4 
8471 11 0.8 
8519 74 0.7 89 0.9 95 0 
8858 15 0.9 18 0.6 32 0 33 0.6 66 0.5 76 0.3 84 0.9 
8916 4 0.4 12 0.5 14 0.5 23 0 54 0 70 0.8 81 0.9 82 0.6 94 1 98 0 
9095 19 1 36 1 38 0.7 40 0.5 51 1 67 0.6 69 0.6 85 0.7 90 1 
9318 92 0.7 
9447 46 0.8 72 0 
9459 9 1 15 0 21 1 40 0.3 63 0.7 64 0.4 79 0.6 
9529 15 1 27 0.5 42 0.5 44 0.4 58 0.4 59 0.9 61 0.5 68 0 
9674 15 0 18 1 27 0 44 0.7 53 0.5 87 0.4 98 0.6 
9675 2 0.7 20 0 39 1 42 0.5 72 0.5 76 0.3 96 0.5 
9719 48 0.4 83 0 
9842 2 0 28 0 56 0.8 72 0.4 86 1 
9903 6 0 64 0.4 65 0.9 68 0.6 70 1 79 0.6 
