100
100 17 0 
220 0 1 19 0 42 0 48 0.3 65 0 80 0.9 94 0.8 97 0.6 
293 1 0 16 0.6 41 0 47 0.9 59 0.7 81 1 91 0.9 93 0.6 95 0 
353 39 0 66 0.7 68 0 
374 40 0.5 59 0.9 71 0.9 79 0.6 83 0.3 85 0.7 89 1 90 0.3 
431 43 0.3 
457 8 1 22 0.8 32 1 49 0.5 58 0.9 73 0 79 0 84 0.9 98 0.7 
652 23 0.6 49 0.6 51 0.5 59 0.9 70 1 77 1 89 0.4 90 0.9 91 0.9 
806 0 0.5 1 0.3 7 0.5 36 1 53 0.8 70 0.9 75 0.6 82 0.7 86 0.9 
831 22 0.5 23 0.3 28 0.7 44 0 62 0.8 70 0 78 0 80 0.4 97 0 
1015 13 0 
1117 18 0 
1159 59 0 96 0.9 97 0.5 
1208 4 0.3 6 0.6 14 0.4 16 0.3 26 0.3 41 0 52 0.7 53 1 56 0 68 0.4 
1401 8 0 
1424 27 0.7 75 0.6 76 0.8 
1444 11 0 42 0 60 1 
1463 21 0 38 0.3 52 0 92 0 94 0 
1563 3 0.4 23 0 34 0 38 0.3 47 0.9 53 0.8 89 0 97 0.4 
1705 12 0.8 55 0.5 
2009 7 0.3 24 0.6 46 0.6 60 0.3 61 0 74 0.8 83 0.7 86 0.6 96 1 99 0 
2033 85 0.7 
2138 7 1 40 0 78 0.4 
2212 20 1 37 0 39 0.8 50 1 53 0 54 0.4 75 0.3 85 0.9 91 1 
2320 7 0 19 0.7 22 0 42 0.4 50 0.9 64 0.7 84 0.3 90 0.4 92 0.7 
2345 8 0 26 0 39 0 62 0.3 75 0.7 83 0 96 0.8 98 1 99 0.5 
2361 15 0.3 32 0.5 33 0 52 0.8 56 0.5 62 1 69 0.9 71 0 95 0.9 
2701 10 0.9 18 0 24 0 27 0.5 67 0 85 0.7 
2722 3 0 8 0.4 15 0.8 48 0 66 0 72 0.7 82 0.7 85 0.5 86 0.7 91 0 
2794 23 0.4 43 0 49 0.6 68 0.8 85 1 91 0 93 0.4 
2799 46 0 54 0 
2840 28 0.6 40 0.8 47 0 56 0.3 
3030 6 0.5 16 0 19 0.9 30 0 32 0 66 1 68 0.7 82 0 88 1 97 0 
3164 22 0.9 29 0 59 0 67 0.9 68 0.6 74 0 85 0.8 
3184 5 0.3 13 0.9 20 0.8 
3193 11 0.4 21 0.9 34 0 71 0.5 75 0.3 82 0.5 88 0.5 
3247 6 0.5 30 0.7 44 0.4 56 0.8 
3256 1 1 44 0.9 
3342 95 0.6 
3346 3 0.3 15 1 47 0 48 1 75 1 95 0.9 
3396 3 0.8 21 0.7 94 0.5 
3498 6 0.6 9 0 17 0.9 18 0.8 26 0.3 51 0.9 79 0.4 80 0.3 84 0.9 90 0.6 
3739 28 0.4 32 0 33 0 38 1 58 0.3 87 0.7 88 0.8 99 0 
4027 12 0 21 0.9 23 0.5 30 1 67 0.7 83 0.5 96 1 99 0.9 
4297 0 0.7 11 0 41 0 57 0.9 60 1 67 1 70 0.3 72 0.9 76 0.6 89 0.6 
4784 13 0.6 51 0 75 0 85 0.5 
4815 26 0.8 38 0.5 48 0.9 52 1 68 0.5 
4880 7 0.7 10 0.9 22 0.6 23 0.6 24 0.4 32 0.8 50 0.4 73 0.3 80 0.5 99 0 
5004 3 0 10 0.4 
5010 1 0.4 21 0.4 22 0.6 25 0 30 0.8 83 0.8 91 0.6 95 0.4 96 0.8 
5217 4 0 12 0 33 0.4 37 0.3 
5255 2 0.4 5 0.9 22 0.6 51 0.7 80 0.3 90 0 92 0.8 
5268 29 0 81 0.3 
5345 10 1 40 0 60 0.7 61 0.7 78 0.7 96 0.4 
5562 9 1 15 0 46 0.4 47 0 
5601 1 0.3 33 0.3 38 0.7 47 0 52 0.8 76 1 77 0 88 0.3 
5712 30 0.3 70 0.7 97 0.4 
5758 26 0.5 89 0.9 
5946 2 0.6 4 0.7 55 0.7 77 0.5 79 0.4 90 1 
6050 18 0 23 0.3 52 0.8 60 0.7 81 0.4 90 0 94 0 
6157 13 0.9 22 0.6 47 0.8 52 1 68 0.6 71 0 75 0.4 76 0.7 79 0 83 0.9 
6174 1 0 9 0.5 29 0 30 0 47 0.9 51 0.3 64 0 
6196 10 0.8 13 0.3 24 0.7 26 0.6 32 0.6 54 0.3 63 0.9 81 1 
6232 6 0.9 15 0.6 52 0.3 57 0.7 74 0 84 0.7 92 0 
6242 10 0.5 52 0.5 96 0 
6313 0 0 2 0.8 25 0.8 52 0.8 66 1 83 0 88 0 95 0.9 
6335 38 1 48 0.5 54 0.6 59 0.6 62 0 64 0.6 80 0.4 83 0.4 87 0.8 88 0 
6340 45 0 63 0 71 0.5 
6382 6 0.7 10 0.9 16 0.9 22 0 39 0 56 0 76 0 82 0.7 87 0 88 0 
6515 33 0 58 1 84 0.3 
6536 26 0 55 0 
6561 13 0 48 0.8 54 1 81 1 87 0.5 94 0 
6600 30 0.6 84 0.4 89 0.3 
6653 25 0.4 77 0.4 80 0.5 
6673 39 0.9 40 0.8 86 0.3 
6710 10 0 
6721 18 0.8 34 1 36 1 40 0 43 0 53 0.3 70 0 72 0.4 87 1 
6747 5 0 14 0.6 29 0.6 41 0.4 58 0.9 64 0 76 1 82 0.4 89 0 99 0.5 
6908 9 0 30 0.5 57 1 
6996 11 0 15 0 35 0.8 40 0.3 43 0.8 78 0 88 1 
7079 60 0.4 93 0.6 
7228 44 0.8 93 0.6 
7558 6 0.4 19 0 72 0.7 75 0 88 0.4 
7571 45 0.5 47 0.5 69 0.9 
7587 4 0.5 44 0.5 64 0.3 70 0 
7733 9 0.9 10 0.5 18 0.9 25 1 32 0.9 33 0.5 39 0 79 1 86 1 87 0.4 
7779 23 0.3 67 0.5 71 0.8 73 1 88 0 93 0 
7977 25 1 43 0 53 0.8 77 0.5 85 0 89 1 91 0.4 
8014 0 0.4 4 0.7 38 0.5 56 0 77 0.4 81 0.8 90 0.3 91 1 
8059 6 1 16 1 26 0 29 0 39 0.8 41 0 46 0 59 1 85 0.3 
8203 4 0.5 30 0 51 0.7 56 0.5 
8355 27 1 42 0 81 0 83 1 
8903 13 0 24 0.6 30 0.8 36 1 65 0 74 1 78 0.5 
8997 38 0.6 82 0.9 
9061 4 0.9 12 0.4 13 0.8 20 1 88 1 
9274 12 0.9 25 0.4 31 0.8 64 0.6 87 0.9 
9539 5 0 21 0.7 48 0 62 0.3 65 0.5 69 0.6 
9747 1 0.8 23 0.6 99 0.9 
9968 71 0.6 
9983 33 0.4 61 0.3 
