100
62 49 0.9 62 0 70 0 73 0.3 
72 2 0 8 0 23 0.9 33 0.5 38 0 86 0.4 94 0.9 
246 4 0.7 13 0.7 24 0 29 0.6 31 0 55 0.8 59 0 66 1 
292 23 0 35 0 49 0.7 60 0.6 70 0.3 80 0.9 96 0.8 99 0.3 
315 33 0.8 38 0.6 56 0.3 86 0.7 
334 39 0.5 
337 13 0.8 20 0.6 39 0 83 0 
417 19 0.5 23 1 33 0.8 35 0.6 41 0 42 0.5 60 0.5 62 0 73 0 77 0.3 
534 44 0.7 
619 17 0.5 49 0.3 56 0.8 65 0.3 96 0 
1080 6 0.9 10 0.3 15 1 61 0.5 72 0 
1108 3 0.7 5 0.4 8 0.3 13 0.7 41 0 44 0.9 45 0 94 1 98 1 
1130 3 1 21 0 24 0 37 0.9 42 0.5 45 0.7 47 0.7 74 0.4 92 0.7 
1202 2 0.6 9 0 15 0.3 18 0.9 34 0 75 0 76 1 77 0.5 93 1 
1208 4 0.4 6 0.8 14 0.8 16 0.7 26 1 41 0.8 52 0.9 53 0 56 0.5 68 1 
1228 16 0.9 78 0 
1304 12 0.3 61 0 65 0.9 66 0.3 
1324 24 0.6 55 0.7 97 0.8 
1431 2 0.5 5 0.7 49 0.4 72 0.8 86 0.4 88 0 
1476 16 0 32 0.8 40 0.5 61 0 
1722 1 0.9 13 1 15 0.8 29 0.9 39 0.7 50 0 65 0.9 73 0 75 0.4 88 0.9 
1896 46 0.6 60 0.4 62 0.3 71 0.3 87 1 96 0.9 98 0 
1970 42 1 58 0 66 0 75 0.7 
2013 16 0 58 0.6 64 0 65 0 68 0.9 72 0.7 85 0.9 90 0.9 
2034 16 0.7 18 0 46 0.6 66 0 76 0.9 
2179 23 0 28 0.4 38 0.5 86 0.9 
2389 19 0 40 0.5 43 0 63 0.6 71 0.7 83 0.3 
2445 3 1 33 1 43 0.8 49 0 62 0 65 0.9 78 0.7 83 0.8 
2462 6 0.3 7 0.3 17 0.5 19 0.3 46 0 57 0 65 0.8 69 0.4 78 0 86 0 
2487 25 0 44 0.7 56 0.3 65 0.5 67 0.5 68 0.9 75 0.3 95 0 99 1 
2547 15 1 92 0.4 98 0 
2736 71 0.9 
2799 46 1 54 0.6 
2883 4 0 33 0 51 0.5 83 1 
2942 34 0.3 64 0.9 
3093 0 1 7 0.7 17 0.7 48 0.4 63 0.9 66 0.9 72 0.6 73 0 98 0 
3114 36 0 48 0 49 0.9 56 0.6 81 1 
3411 12 0 26 0.5 38 0.8 47 0.3 55 0 69 0 84 1 88 0 
3513 10 0.8 18 0.7 31 0.5 33 0 44 0.5 46 0.5 61 0.9 68 0.7 75 0 97 1 
3559 6 0.5 8 0.7 14 0 28 0 31 0.5 64 0.9 77 0.5 
3666 11 0 38 0.3 46 0.8 65 0.4 79 0.5 84 0.8 89 0 98 0 
3755 12 0.4 31 0.6 32 0 39 0 43 0.5 53 0 95 0.5 
3817 6 0.3 24 0.6 29 0 43 1 75 0.7 
4016 39 0.9 72 0.3 94 0 97 0 
4218 2 1 62 0 65 0 70 0.9 
4226 11 0.4 13 0 19 0 47 0.9 82 0.4 
4349 17 1 28 0 32 0.9 38 0.7 60 0.9 75 0 84 0.3 93 0.5 
4438 4 0 22 0.8 29 0.4 43 0.3 55 0.9 69 0 
4448 16 1 80 0.3 85 0.7 90 0.3 94 0 
4509 4 0.5 61 0 68 0.7 84 0.8 98 0.6 
4581 30 0.3 40 1 65 0.7 
4618 9 0.6 46 0.8 51 0.5 68 0.5 74 0.7 89 0.6 96 0 
4645 7 1 15 0.7 36 0.6 37 1 65 1 76 0 90 0 97 0.8 
4656 7 0.4 11 0 16 0 23 0.6 34 0.6 58 0.6 76 0.6 79 0.5 82 0 
4661 0 0.7 4 0.5 16 0.3 24 0.5 41 0.7 75 1 78 0.3 83 0.7 
4717 50 0 63 1 84 1 
4743 68 0.7 
4856 11 1 13 0.8 26 0 53 0.7 54 0.5 57 0 62 0 67 0 87 0.7 88 0 
4868 3 0.6 6 0 7 0.9 9 0.8 17 0.7 19 0.3 26 0 48 0.3 65 0.5 80 0.4 
5084 70 0 73 0.3 
5112 52 0.9 79 0.3 
5329 5 0 14 0.9 28 0.9 56 0.7 81 0.6 96 0.3 97 0.3 99 0 
5333 44 0.8 57 0.4 59 0.7 69 0.4 72 0.6 76 0.9 
5412 42 0.5 
5555 16 0 20 0.7 30 0 39 0.3 58 1 63 0 64 0 67 0.8 96 1 
5559 0 0 57 0.5 58 0 81 0 97 0.9 
5664 16 0.5 84 0.3 
5812 40 0.6 80 0 
6109 3 0.7 
6136 24 0.6 34 0.7 60 0 66 0.6 
6186 48 1 
6242 10 1 52 0 96 0.5 
6260 61 0.9 
6419 53 0 78 1 79 0 84 0.6 
6420 64 0.8 
6798 1 0.9 5 0 
6810 14 0.4 75 0.9 
6955 25 0.4 40 0.5 58 0.8 71 0.4 81 0.3 
7061 12 0 21 0 96 0 
7144 13 0 72 1 
7288 34 0 36 0.7 38 1 42 0.5 49 0.7 76 0.4 79 0 89 1 96 0 
7627 26 1 49 0.5 53 0.4 59 0 61 0 77 0.4 97 0.6 
7685 65 0.6 
7746 10 0 65 0.9 71 0.8 
7777 39 0.4 52 0.7 54 0 64 0.7 98 0 
7814 61 0.7 
7838 35 0.9 54 0.3 
8023 6 1 8 0 62 0 63 0.3 66 0 99 0.3 
8171 7 0.6 10 0 12 0.9 19 1 37 0.4 54 0.5 57 0.3 72 0 85 0.6 88 0.6 
8208 10 0 11 0.3 12 0 55 0.3 59 0.7 60 0 65 0.5 80 0.3 95 0.6 
8443 9 1 12 0.3 28 0.3 42 0 54 0.5 57 0 63 0.3 67 0 78 0.7 95 1 
8669 24 0.9 
8746 7 0.5 16 0.9 17 0.7 26 0.8 36 0 37 0.8 43 0.6 69 0.9 82 0.5 99 1 
8939 16 1 18 0.9 19 0.9 21 1 22 0.9 41 0.5 45 0 89 1 
9028 21 0.6 39 0.7 92 0 
9106 2 0.5 20 0 30 0.9 38 0 60 0.8 64 0.4 78 0 
9301 0 0 2 0 28 0.4 35 0.6 58 0.5 76 0.8 93 0.6 
9409 8 0.3 61 0.7 71 0.9 77 0 82 0.7 87 0.3 
9498 1 0.5 24 0.8 30 1 38 1 39 0.7 45 0.3 66 0.5 67 0.3 76 0 
9841 3 0 43 0.8 48 1 58 0.3 64 0 76 0 79 0 83 0 91 1 
