100
69 1 0.3 6 0.3 11 0.5 39 0.6 45 0.7 60 0 82 0.6 88 0.3 
301 5 0 
374 40 0.7 59 0.9 71 0.3 79 0 83 0.9 85 0.7 89 0 90 0.6 
380 40 0 82 1 
409 8 0 10 0 45 0 62 0 72 1 81 0 
435 84 0 90 0 
448 18 0.9 20 0.7 23 1 33 0 40 0 67 1 82 0.8 
591 4 0.5 24 0.6 66 0.3 78 0 
657 24 0 68 0.5 76 0.5 
677 26 0 32 0.7 38 1 42 0.6 74 1 77 0 
699 1 0.9 31 1 50 0 76 0.3 
851 4 0.6 7 1 9 0.3 25 1 52 0 57 0 58 0.9 67 0.8 78 0.9 86 1 
879 36 0.3 95 0.7 
898 0 0.6 45 1 82 1 
938 97 0.8 
951 16 0.6 30 0 31 0.5 50 0.7 57 0.6 
1009 69 0 
1010 6 0 7 0.5 18 0.7 24 0.7 26 0.8 29 0.9 45 1 50 0 62 0 
1021 8 0.6 20 0.9 21 0 28 0.3 75 0.9 
1119 34 0.3 35 0.8 87 0.5 
1196 34 0 36 0 38 0.7 39 0.8 85 0.6 90 0 98 0.6 
1372 48 0.8 55 0.5 87 0.9 89 1 98 0 
1426 0 0 9 0.3 23 0.3 28 0.5 38 0.5 46 0.5 47 0.5 51 0.6 55 0.5 61 0.8 
1542 9 0.6 20 0 24 0 76 0.5 81 0.5 
1681 11 0.5 18 0.3 35 0 72 0.5 80 0.4 83 1 84 1 98 0.7 
1721 13 1 62 0.3 96 0.3 
1856 20 0 47 0.6 
1949 4 0 31 0.9 49 0 64 0.3 77 0.4 89 0.4 96 0.3 98 0 
2023 8 0 19 0.7 37 0 42 0.5 44 0.3 48 0 60 0 64 0.9 65 0 79 0 
2255 7 0.9 45 0.9 50 0.6 66 0 68 0 69 0.4 92 0.6 
2482 71 0.3 81 0.5 84 0.8 
2507 3 0.5 24 0.7 61 0.3 
2536 58 0 65 0.6 74 0.4 81 1 
2553 9 0 14 0.6 25 0.8 34 0 48 0.9 81 0.4 
2577 8 0.6 22 0 39 0.9 43 0.4 66 0 76 0.9 79 0 88 0 97 0.6 
2578 17 0.3 94 0.3 
2663 8 0.4 26 0.9 36 0 60 0.8 
2807 10 0 22 0 51 0.7 70 0.9 74 0.8 88 0 89 0 92 0.6 94 0 
2891 66 0 78 0.6 87 0.5 90 0.4 96 0.6 
3138 11 1 39 0.3 49 0 60 0.8 92 0.5 96 0.9 
3274 78 1 
3347 27 1 96 0.5 
3355 1 0.9 32 0 35 0.9 42 0.8 76 0 89 0.3 95 0.5 
3672 81 0.8 82 0 91 0.7 92 0.7 
3839 34 0 50 0.8 57 0 65 0 89 0 
3896 18 0.8 75 0.8 
3939 24 0.9 35 0.3 47 0.5 51 0.7 67 0.4 
3946 1 0 13 0.3 14 0.5 33 0 37 0 39 0.5 58 0.4 60 0 
3973 16 0.4 71 0.6 86 0.3 
4266 22 0.3 31 1 87 0 
4391 83 0 94 0.6 96 0.3 
4599 16 0.9 22 0.6 47 0.5 59 0.5 66 0 78 0 83 0.5 87 0 93 0 95 0.4 
4799 42 0.4 51 0.5 73 0 78 0 
4888 11 0.7 52 0.5 57 0.5 61 0.5 69 0.9 71 0.9 72 1 90 0 
4899 2 0.5 21 0 22 0 28 1 29 0.5 69 0 86 0.4 89 0.5 99 0.3 
4952 39 0.7 56 0.6 63 0.7 75 0 84 0.3 
5445 23 0.8 26 1 47 0 61 0.3 64 0.9 75 0.9 
5532 1 0.6 2 0 11 0.4 62 0.4 91 0.3 93 0.5 99 0.5 
5711 9 0.7 17 0 21 0.5 33 0.3 44 0.7 54 0.8 58 0 84 0 85 0 91 1 
5726 24 0.7 25 1 70 0.7 
5747 21 0.7 25 0.9 
5989 1 0.4 3 1 4 0.6 20 0.8 31 0 49 0.6 55 0.6 82 0.8 
6022 3 0.6 14 0.3 19 0 78 0.7 84 0 
6068 5 0.9 12 0.4 81 0.3 85 0 
6145 0 0 10 0 11 0 18 0.6 24 0.7 26 1 29 0.4 39 0.9 76 0 
6355 82 0.7 89 1 
6447 36 0.5 72 0.4 75 0 88 0.6 
6570 71 1 
6577 52 0.5 59 0.9 60 0 82 0.4 
6587 33 0.4 78 1 86 0.6 95 0.7 
6648 2 0.9 7 0 40 0.6 41 0 64 0.3 75 0.5 77 0 99 0.8 
6770 33 0 61 0 65 0.5 73 0.8 80 0.9 
6808 7 0.7 15 0.9 37 0.5 52 0.7 73 0.9 75 1 77 0 80 1 
6810 14 0.5 75 0 
6811 24 0.5 27 0.7 30 0.4 51 0 63 0.5 64 0.5 80 0.4 91 0.8 
6983 2 0 10 0.8 71 1 73 0.8 93 0.8 
7197 8 0 22 0.6 24 0 43 0.4 57 0.5 68 1 70 0.5 79 1 80 0 
7889 7 0.3 41 0.3 48 0 65 0 68 1 84 0.5 87 0.3 
8002 4 0.6 9 0.5 16 0 21 0.4 39 0.6 71 0.7 80 0 83 0.7 
8020 14 0.3 41 0.5 43 0.8 44 0.9 58 0 86 1 92 0.7 96 0 
8047 56 0.3 61 0.9 70 0.7 73 0 84 0.8 93 0.6 
8058 0 0.3 
8064 5 1 31 0 56 0.8 
8136 9 0.6 14 0.9 40 0 71 0.4 73 0.5 75 0.3 
8548 18 0.3 20 0 22 1 38 0.8 43 0.9 59 0.4 66 0.4 80 0.5 90 0 92 0.6 
8549 0 0.6 2 0.6 14 1 16 1 27 0.9 51 0.6 67 0.4 72 0.9 83 0.9 
8644 89 0.5 91 0.5 
8855 24 0.4 
8878 4 0.7 5 0.7 25 1 36 0.9 42 0 43 0.5 80 0.5 82 0 89 0 90 0.8 
8885 22 0.9 
8923 10 0 26 0.4 47 0 53 0.9 58 0.8 63 0.8 
9142 12 0.3 14 0.9 26 1 38 0.3 48 0.8 59 0 81 0.7 91 0.3 95 0.7 
9167 20 0.8 64 0 70 1 96 0 
9267 14 0.7 27 0 36 0.5 40 0 44 1 84 0 90 0 
9301 0 0 2 1 28 0 35 0.3 58 0 76 0.5 93 0.3 
9515 5 0.5 14 0.4 19 0.3 22 0.9 37 0 59 0.5 61 0.7 69 0 79 0.4 
9622 3 0.6 5 0.9 20 0.5 27 0.5 30 0 32 1 50 0.9 56 0.3 81 0.8 85 0 
9641 22 0.5 44 0 58 0 72 0 73 0.6 83 0.6 92 0.8 
9671 13 0.5 25 0.5 60 1 97 0.7 
9882 35 1 40 0 42 0 67 0 68 0.7 72 0 93 0 
