100
42 2 0.3 20 0.7 36 0.8 61 0 73 0.3 76 0 78 0.9 83 0.8 87 0 89 0.5 
271 8 0.5 29 0 35 0.3 41 0.5 69 0.4 72 1 
303 10 0.3 11 0.3 24 0 43 1 54 1 66 0.5 89 0 95 0.8 99 0.9 
371 3 0.7 24 0.4 
422 49 0.8 50 0.4 64 0 67 0.8 90 0.8 
436 37 0.7 55 0.9 72 0.5 
441 40 0 52 0.8 69 0.9 83 0.3 88 0.5 95 0 
594 17 0.8 31 0.6 47 0.8 58 0.5 74 1 75 0.9 88 0.6 
599 80 0.8 83 1 
620 36 0.9 
651 47 0.6 94 0.7 
829 10 0.9 17 0.8 25 0 36 0 53 0.5 70 0.8 80 0.9 
895 0 0 7 0.8 12 0.6 46 0 91 0.3 
930 11 0.7 14 0.4 16 0.4 40 1 42 0.3 76 0.6 77 0.9 88 1 
958 14 0.5 49 0.8 68 0.5 
994 11 1 15 0.7 22 0.3 43 0.4 45 0.4 47 0 51 0.5 66 0.9 94 0.8 
1068 20 0 
1144 35 0.9 39 0.8 66 0.9 
1208 4 0.8 6 0.4 14 0.9 16 0.4 26 0.7 41 0.5 52 0 53 0.5 56 0.6 68 0.4 
1311 38 0.3 44 0.4 
1419 12 1 
1432 10 0 17 0.3 23 0.8 53 0.6 59 0 60 0 70 0 82 0.8 
1481 41 0 
1564 31 1 57 0.4 69 0.7 86 0.5 87 0.5 93 0.5 94 1 
1766 34 0.7 81 0.5 98 0.8 
1857 10 1 18 0 46 0.7 50 0 
1914 2 0.3 24 0.6 56 0 67 0 69 1 
1960 49 0.4 
1967 65 0.5 
2031 7 1 14 0.6 23 0.3 44 0.8 64 0.9 69 1 
2102 19 0 30 0 45 0 54 0 67 1 
2250 7 0.7 27 0 60 0.5 70 0 
2339 55 0 
2528 5 0.6 18 0 65 0 78 0.9 
2666 4 0.5 29 0 
2770 6 0 15 0.8 21 0 32 0.6 37 0.4 47 0.8 55 0.9 67 0.8 77 0.3 
2798 4 0.5 12 0 13 0 19 0 53 0.6 60 0.7 66 0 94 0.6 
2837 27 0.9 35 0 42 0.8 47 0 68 0 72 0.5 73 0.5 
2882 20 0.5 26 0.6 39 0.4 50 0 57 0.8 73 0.5 92 0.3 96 0.7 
3206 0 0.8 15 0 44 0.9 48 0.3 53 0.5 75 0.5 76 0.8 77 0.8 
3536 3 0 54 0.5 83 0.5 84 0.9 99 0.6 
3569 41 0.7 94 0.7 
3619 0 0.8 19 0.3 22 0.7 27 1 66 0.5 75 0.9 77 0.8 78 0.3 95 0.3 97 0.5 
3658 26 0.5 42 0 56 0.5 61 0.5 82 0 89 0.9 98 1 
3918 0 0.3 7 0.3 9 0.5 31 0.8 
3981 20 0 23 0.7 86 0 95 0.3 
4264 7 0.8 31 0 35 0.4 61 0 
4294 1 0.4 14 0 29 0.4 34 0.6 79 0 90 0 
4318 6 0 9 0.8 14 0 18 0 54 0.9 60 0.3 72 1 87 0 
4482 9 0 62 0.4 65 0.7 
5039 15 1 16 0.6 17 0 26 0.6 38 0 47 0.3 56 0.4 67 0.6 85 0.9 96 0.7 
5073 5 0.9 6 0 7 0.6 13 0.5 15 0.5 47 0.5 62 1 88 0.5 
5112 52 0 79 0.6 
5280 31 0.5 36 0 69 0 
5286 7 0.6 10 0.3 15 0.6 25 0.6 47 0.5 80 0.9 
5307 21 0.5 69 0 77 0.8 87 0.8 
5331 16 0.7 19 0.7 24 0 42 0.7 68 1 74 0.8 77 0.9 86 0.3 91 0 
5670 38 0 80 0 
5739 33 0.4 49 0.7 58 0.8 62 0 72 0 
5748 6 0.8 7 0.4 9 0 25 0 26 0.7 29 0.5 47 0.3 50 1 84 0.4 92 0.8 
6090 1 0.6 5 0.5 28 0 46 0 49 0.8 50 1 80 0 
6158 11 0.3 55 0 64 1 75 0.7 90 1 91 1 
6172 11 0.5 27 0.8 71 0.5 75 0 
6480 24 0.9 52 0.4 56 0 71 0.7 
6505 16 0.8 30 0 78 0 81 0.6 
6554 2 0.3 19 0.8 22 0.6 25 0.8 55 0 65 1 70 0.3 76 0.6 83 0 
6635 25 0.7 81 1 
7058 19 0.9 26 0 27 0.9 41 0.4 50 0.6 73 0.4 88 0.4 
7231 19 0.9 30 0.4 50 0.6 62 0.8 
7299 27 0.8 39 0.6 55 0 78 0 
7533 8 0.7 12 0.3 19 0.5 27 0.3 35 0 45 0.5 47 0.4 
7543 79 0.4 
7590 50 0.7 56 0 65 0.4 66 0 67 0.5 72 0.6 
7692 30 1 
7838 35 0.7 54 0.6 
7936 11 0.9 16 0.3 25 1 42 0.3 49 0.9 75 0.5 87 0.5 
7974 14 1 27 1 35 1 37 0 43 0.8 64 0 68 0.4 71 0 
8039 78 0 79 0.4 81 0.7 91 0.7 98 0.4 
8070 5 0.7 9 0.4 14 0 16 0.4 49 1 51 1 60 0.8 62 0 90 0.7 
8091 2 0.7 14 1 24 1 39 0.3 51 0 57 0 59 0 73 0.7 74 0.7 
8133 16 0.3 74 0.6 81 0.8 93 0.8 
8212 43 0.4 66 0 
8484 12 1 46 0 79 0.3 
8659 18 1 27 0.3 44 0.8 65 0 69 0 
8702 7 0.8 10 1 25 0.8 49 0 69 0 
8754 18 0 27 0.9 32 0 33 0.6 57 0.4 72 0.5 
8818 29 0.5 95 0 
8876 94 1 
8912 9 0 42 0.3 49 0.6 60 0.6 93 0 94 0.6 95 0.5 
8931 20 0.3 35 0 77 0.7 
8984 51 0.7 64 0 98 0.3 
9125 61 0 67 0 88 0.8 
9132 25 0 33 0.3 39 0.4 46 0.8 61 1 70 0.7 80 0.6 86 0.7 
9164 26 0.8 53 0.6 55 0 61 0 
9200 18 0 42 0.8 55 0 62 0 69 0.6 70 0.4 95 0 
9297 14 0.3 24 0.7 26 1 31 0.8 52 0.8 72 0 80 0.4 89 0.3 99 0 
9366 21 0.6 29 1 35 0 44 0.5 65 0.8 67 0.7 78 0 79 0.4 
9562 75 0.4 
9913 22 0.4 24 0 39 0.3 61 0.6 92 0.6 98 0.9 
9947 29 0.6 33 1 68 0.5 87 0 
