100
38 11 0.8 22 0 65 0.8 86 0.3 87 0.3 93 0 97 0 
69 1 0.4 6 0.9 11 0.7 39 0.3 45 0.5 60 0.8 82 1 88 0 
110 21 0.6 22 0.8 35 1 91 0 
122 32 0.7 35 0.8 44 0 55 0.3 56 0.8 60 1 78 0.7 86 0.9 92 0 
139 0 0 10 0.3 28 1 30 0.7 45 0.4 47 0.5 58 0.6 69 0.9 92 0.9 
239 19 0.6 51 1 
373 78 0.5 90 0.7 
426 30 0.9 34 0.5 35 0.9 46 0.6 71 0 72 0.8 79 0.6 80 0 90 0.6 
430 26 0.7 44 0.4 81 0.6 85 0.5 91 0.9 
452 47 0 50 0 64 0.4 
473 3 0.4 40 0 43 0 55 0.7 57 0.7 66 0.4 73 0 80 0.6 86 0.4 87 0.9 
521 25 0.7 38 0.4 55 0 66 0.4 81 0.7 92 0 97 0 
536 32 0.4 42 0 67 0.9 90 0.5 
583 30 0.8 81 0 
703 58 0.7 
723 10 0.6 72 0.5 79 0 98 0.3 
727 18 0.8 20 0.8 27 0.4 34 0.6 82 0.3 91 0.6 95 0 99 0 
899 42 0.8 95 0.7 
937 15 0.3 37 0.7 76 0.8 81 0.3 83 0 
949 0 0.9 6 0 7 1 17 0.7 35 0.9 50 0.9 52 0.9 77 0.5 79 0.7 81 0.8 
1099 19 0.6 65 0.7 69 0.4 83 0.9 
1163 23 1 71 0.9 79 0 
1170 0 0 19 0 45 0.8 60 0.5 79 0.6 80 0.9 84 0.8 89 0 97 1 
1241 14 0.8 49 0.8 
1254 2 0.4 47 0.3 48 0.4 49 0 61 0.6 92 0.7 
1401 8 0.8 
1460 15 0 23 0.6 63 0.3 64 0.8 65 0.8 77 1 79 0.6 86 0 90 0 
1737 41 0 43 1 62 0.8 64 0.5 66 0.5 70 1 
1913 18 0.8 
2016 7 0.4 36 0.9 37 0.7 65 0.7 84 0.4 86 0.6 94 0.7 96 0.8 97 0.9 
2069 25 0.9 34 0.7 55 0.6 60 0.4 72 0.5 73 0.3 
2118 4 1 
2142 24 0.5 60 0 89 0.6 
2231 16 0.3 27 0 35 0.7 
2250 7 0.6 27 0.9 60 0.8 70 0.3 
2494 12 0.7 13 0 36 0 43 0 
2534 25 0.4 26 0 37 0.5 38 1 43 0.8 67 0.4 79 0 86 0.4 89 0.6 
2641 31 0.6 38 0.8 44 0.6 61 0.9 71 0 
2660 16 1 17 0 26 0.3 34 0.8 
2661 2 0.7 20 0.5 51 0.4 89 0.4 
2737 64 1 69 0.4 95 0.9 
2781 2 0.4 57 0.3 62 0 66 1 87 0.5 91 0 92 0 96 0.5 
2812 20 1 46 0.9 
2864 17 0 
2882 20 0.6 26 0.6 39 0 50 0.7 57 0 73 0.7 92 0.3 96 0.8 
3150 4 0.6 23 0 49 0.3 65 0.8 72 0.5 75 0.8 89 0 98 0.4 
3187 3 1 5 0.4 20 0.8 44 0.4 76 0 88 0 
3281 1 0.4 10 1 11 0.7 29 0.7 36 0.4 55 0.3 58 0.9 82 0.6 93 0 99 0 
3373 48 0.8 61 0 
3426 1 0 28 0.5 32 0.8 33 0.6 35 1 64 0.5 67 0.8 70 0.6 92 0.9 
3439 11 0.7 12 0 18 0.7 29 0.3 32 0.8 41 0.4 51 1 95 0.6 
3582 21 0.7 67 0 
4166 6 0.3 37 0.8 39 1 46 0.8 66 0 76 0.7 86 0 88 0.6 95 0 98 0.9 
4341 18 0.9 32 0.9 61 0.5 65 0.5 78 0.6 92 0.8 
4420 27 1 31 1 38 0 54 0.7 71 0.7 79 0 88 0.8 
4936 20 0 24 0.3 29 0 41 0.6 45 0.9 59 1 60 0 75 0.4 
4965 27 0.4 29 0.3 31 0.9 41 0 50 0.6 52 0.5 60 0.9 72 0.9 92 0.3 99 0.4 
4991 16 0.3 29 0.9 31 0.6 61 0.3 76 0 95 0 
5032 0 0.5 6 0.7 75 0 89 0 
5265 19 0.4 76 0.8 91 0.7 
5507 4 0.3 9 0 37 0.9 41 0.3 53 0.6 69 0.7 78 0 79 0.4 94 1 
5595 19 0.7 24 0.9 35 1 42 0 52 0 58 0.7 66 0.4 77 1 97 0.5 
5737 14 0 17 0 25 0.5 33 0 42 0.7 43 0.4 
5882 74 0.9 
5983 28 1 53 0 54 1 59 0 60 0.3 
6492 8 0.8 
6520 13 1 90 0.5 
6656 13 0 32 0.8 44 0 72 0.3 83 0.4 84 0 
6657 22 0 86 0 
6706 25 0 36 0.4 48 0 50 0.9 97 1 
6841 13 0.5 15 0.6 46 0.9 54 1 60 0.9 73 1 86 0.9 90 1 
6849 69 0.3 90 0.5 
7006 51 0.6 53 0.5 58 0.8 67 0.7 69 0.8 70 0.7 88 0.4 91 0.5 95 0.5 98 0.8 
7088 13 0.5 76 0.5 
7154 50 1 
7180 52 0.4 60 0 64 0.3 74 0.6 81 0.4 
7183 5 0.4 87 0.3 
7237 1 0.3 7 0 18 0.5 
7335 9 0.8 25 0.7 56 0.4 85 0.3 
7385 1 1 13 0.3 29 0.5 45 1 61 0.3 98 0 
7414 4 0 5 1 16 0.3 35 0.8 44 1 69 1 73 0 74 0 99 0.6 
7428 19 0 56 0 92 0.8 
7698 78 0.4 
7819 15 0.8 31 0.9 38 0.7 43 0 72 0.6 93 0 
7840 91 0.7 
8368 14 0.7 31 0.8 32 1 54 1 56 0.7 68 0.6 69 0.8 88 1 95 0.9 
8568 27 0.8 50 1 75 0.4 
8675 0 0.4 3 0.8 14 0 20 0.3 40 0.7 67 0.4 77 0 96 0.7 
8960 1 0.5 6 0 7 0.5 25 0.8 53 0 78 1 98 0.9 
8962 39 0.9 45 0.9 74 1 97 0.8 
8966 26 1 38 0.9 50 0.5 55 0 59 0.7 63 0.8 65 0.4 83 0 93 1 94 0 
9193 2 0.8 95 0 
9390 36 0 41 0.8 70 0 74 0.6 77 0.5 81 0.6 91 0.8 
9420 1 0 16 0.8 32 0.9 51 0 66 0.6 88 0.5 
9463 8 0 13 0 14 0.6 39 0.9 51 0 52 0.7 56 0 62 0.3 78 0.3 88 0 
9592 33 1 44 0.5 91 0.9 
9633 3 0.8 5 0.5 6 0.6 11 0 30 0.7 46 0 51 0.9 55 0.9 75 0 91 0.7 
9703 14 0 
9779 30 0.4 39 0.3 73 0 
9905 1 1 29 0.8 67 0.7 77 1 79 0.6 82 0.4 92 0 
