100
22 24 0 41 0.5 55 0.7 64 0.9 66 0.8 
117 1 1 19 0.5 47 0.6 70 0 77 0 83 0 88 0.3 96 0.4 97 0.9 
162 45 0.9 82 1 
339 33 0 43 0.4 74 0.4 84 0 
420 0 0.6 12 0.5 20 0.5 23 1 35 0.6 48 0 58 0.8 63 0.7 81 0.4 
484 35 0.7 49 0 52 0.5 81 0.5 95 0 
528 4 0.9 41 0.7 
570 22 0.8 25 0.5 53 1 63 0.4 64 1 86 0 
653 0 0 2 0 47 0.6 
683 8 0.4 19 0.6 21 0.6 26 0 33 0.5 41 0.3 54 0 67 0.3 83 0.9 
814 21 0.5 27 0 43 0.6 55 0 71 0.5 81 0.9 
921 16 0.4 95 0 
956 39 0 58 0.5 79 0 96 0.3 
1027 0 0.3 6 0.6 
1096 7 0.9 22 0.6 42 0.7 92 0.8 
1137 5 1 30 1 80 0.4 
1283 0 0 6 0.8 52 0.4 55 0 63 0.8 96 1 
1321 5 0.3 11 0.5 18 0.9 34 0.6 42 0.4 54 0 60 0.8 67 0.7 69 0.4 79 0.3 
1328 2 0.7 7 0.5 13 0.4 36 0 38 0 40 0.6 55 0.8 63 0.9 71 0.4 91 0 
1525 22 1 63 0 97 0 
1626 29 0.7 34 0 51 0.4 60 0 65 1 67 0.9 72 0.6 96 0 97 0 98 0 
1770 4 0.6 8 0.6 28 0.8 74 0 75 0.3 83 0.7 
1880 6 0 45 0.4 98 0.9 
1931 6 0 24 0.9 52 1 61 0.5 71 0.3 
1986 18 0.3 29 0 31 0.4 34 0.4 60 1 70 0.3 73 0 95 0 
2019 6 0.3 11 0.3 22 0.7 37 0.9 39 0 49 0.4 58 0.7 87 0.3 91 0 96 0.6 
2204 25 0.4 40 0.9 53 0 81 0.3 90 1 
2380 0 0.6 9 0.8 21 0.3 34 0.6 53 1 68 0.4 85 0.8 89 0.4 90 0 
2409 19 0.5 
2477 98 0.3 
2482 71 0 81 0.6 84 0 
2631 53 0 82 0.8 
2655 51 0.4 66 1 
2694 6 0.6 46 0.9 73 0.7 82 0.3 
2699 4 0.5 20 0.3 55 0 58 0.3 88 0.9 90 0.7 
2739 3 0.4 18 0 30 0.5 34 0.6 47 0.6 67 0 70 1 79 0.3 82 0.5 
2828 2 0.6 5 0 15 0.4 22 0.7 23 0.7 27 0.4 64 0.6 91 0 97 0.4 
3119 64 0.6 65 0 80 0.3 
3210 58 0 65 0 72 0.7 83 0.5 
3253 20 0.7 24 0.8 51 1 57 0.9 62 0.5 92 0 95 0 
3280 41 0 56 0.5 
3413 11 0.9 27 0 53 0 
3442 17 0.8 21 0.3 41 0.3 48 0.7 65 0.7 69 0.6 80 0 82 0 91 0.5 
3459 28 0 
3460 2 0.6 49 0 63 1 68 0 71 0 73 0.9 85 0.7 
3503 31 1 56 0.5 96 0.6 
3550 1 0.6 10 0.3 59 0.9 62 0 95 0 96 0 
3782 10 0 28 0.5 32 0 41 0.7 87 0.3 88 0 
4018 37 0.4 63 1 71 0.3 79 1 
4084 85 0 89 0 94 1 
4156 8 0.3 18 0 24 1 37 0.4 45 0.4 73 0.4 76 0.4 88 0.9 
4185 7 0.9 24 0 38 0 46 0.8 54 0 70 0.8 90 0 
4206 9 0 10 0.7 28 0.7 38 0.9 40 0.4 64 0.7 82 0.5 85 0.7 88 0.9 93 0.9 
4255 47 0 60 0.5 
4275 4 0.7 14 0.5 25 0 34 0.9 36 0.3 37 0 52 0.4 63 0.5 66 0 
4344 21 0 57 0.9 
4703 5 0.6 16 0 17 0.5 38 0 45 0.9 59 0 62 0.6 
4808 0 1 7 0.5 9 1 18 0 21 0 23 0.9 55 0.7 91 0.7 97 1 
4910 15 0.8 18 0.3 19 0 24 0.8 55 0 82 0.9 83 0.8 98 0.4 
5346 7 0.4 11 0.8 31 0.4 60 0 
5456 40 0 86 0.6 90 0 98 0.3 
5703 9 0.3 99 1 
5784 3 0.4 17 0.3 21 0 78 0.8 
6212 19 0.4 62 0 91 1 
6219 17 0.6 18 0 43 0 93 0.9 
6287 97 0.3 
6342 96 0.7 
6404 15 0.7 16 0.5 17 0.5 67 0 69 0.3 86 0 
6430 26 0 45 0.4 64 0 
6439 14 1 55 0.4 80 0.5 93 0.5 
6537 9 0 19 0 55 0.9 84 0.6 
6706 25 1 36 0 48 0 50 0.7 97 0 
6770 33 0 61 0 65 0.9 73 0 80 0.9 
6834 5 1 10 0 23 0.8 
6963 6 0 16 0.9 33 0 34 0.3 35 0.8 37 0.4 60 0 77 0.4 90 0 
6987 95 0.8 
7185 10 0 19 0.5 22 0.8 30 0.5 40 0.7 46 0 69 0.6 94 0 
7635 55 0 
7749 47 0 50 0.5 54 0.6 87 0.9 
7805 51 1 81 0.8 
7845 13 0.6 21 0.6 35 0.7 59 0.3 65 0.3 85 0.8 
7850 23 0 32 1 44 0.5 45 1 48 0.7 66 0.8 69 0.3 
8058 0 0 
8193 7 0 10 1 22 0.9 27 0 45 0 54 0 74 1 84 0.6 97 0 
8432 52 0.9 
8562 12 0.7 25 0 26 1 58 1 59 0.4 75 1 79 0.8 
8823 0 0.8 20 0 40 0.9 64 0.8 75 0.5 79 0.5 
8850 15 0.4 33 1 35 1 46 1 54 0.7 64 0.6 68 0 86 0.7 95 0 
8964 42 0.9 83 0 
8982 0 0.3 3 0.5 34 0.3 38 0.9 53 1 79 0.4 99 0 
8997 38 0 82 0.7 
9185 15 0.5 28 0.5 32 1 34 0.8 64 1 85 0.5 
9384 12 0.7 20 0.3 73 0.8 84 0.6 89 0.8 97 0.8 
9406 24 0 28 1 53 0 67 0.9 80 0.6 81 0 85 0.5 95 0 96 1 
9533 0 0 12 0.8 13 0 23 0 26 0.8 59 1 68 0 75 0.9 80 0 90 1 
9645 6 0 24 0.7 29 0.7 69 0.6 75 0.4 96 0.4 
9646 5 0.9 12 0.6 17 0.3 28 0.4 30 0 69 0.9 81 0.3 92 0.7 
9679 15 0.6 41 0 62 0.7 
9700 2 0.5 
9964 10 1 14 0.9 26 0.4 40 0.9 47 0.5 52 0.3 63 0 75 1 
