100
59 18 0 20 0.9 47 0 53 0.9 56 0.6 64 0.4 81 0.3 86 0 96 0.4 99 0 
216 4 0.4 8 0.9 35 0 37 0.8 
278 40 0.5 68 0.4 
280 13 0.7 50 0 52 0 
308 3 0.6 13 0.8 18 0.5 61 0.5 76 0.4 97 0.3 
399 62 0 73 0.6 77 0.4 
563 4 0.5 9 0.9 10 0.6 12 0.5 55 0.7 58 1 62 0.4 67 0.9 
596 14 0.3 16 0.5 17 0 41 0.9 54 0.6 77 0.9 78 0.4 
626 44 0.4 52 0.9 84 0.3 95 1 
754 7 0 10 0.9 29 0.9 54 1 63 0.5 93 0.3 97 0.6 
759 26 1 45 0.9 69 0 70 0.7 
840 44 0.6 49 0 
980 0 1 20 0 57 0.5 58 0.9 69 0 78 1 94 0 98 0.6 
1066 2 1 6 0.3 62 0.7 72 0.8 74 0.4 
1199 7 0.3 20 0.4 24 0 25 0 51 0 76 0 
1206 6 0 47 0.4 51 0.9 60 0 79 0.3 83 0.6 
1215 1 0 2 0.4 6 0.7 61 1 64 0.4 66 0 93 0 94 0 
1246 27 0.9 35 0 75 0 87 0 89 0.9 93 0.6 
1276 22 1 53 0.3 56 1 93 0.3 
1301 12 0.5 16 0.9 18 0 51 0.6 53 1 57 0.6 91 0.9 
1563 3 0.3 23 0.9 34 0 38 0.8 47 0 53 0.3 89 0 97 0.5 
1589 6 0.3 11 0.5 20 0 35 0.7 39 1 88 0.6 89 0.9 99 0.6 
1659 26 0.4 
1723 30 0.5 31 0.3 53 1 81 0.6 85 0 
1755 3 0 23 0.8 37 1 64 0.5 75 0.5 80 0.4 85 0.9 88 0.5 89 0 98 0 
1781 5 0.9 7 0 12 0 14 0 57 0.6 71 0.9 
1800 98 0.9 
2412 47 0.9 77 1 87 0.5 
2419 14 1 24 0 38 0.5 59 0.7 64 0.7 
2456 18 0.5 50 0.5 89 1 
2459 6 0.5 16 0.7 29 0.6 72 0 73 0.5 75 0 85 0.7 94 1 
2544 69 0 
2601 14 0.9 30 0.5 38 0.5 39 0 47 0 52 0.3 72 0.9 90 1 99 0.6 
2674 8 0.5 17 0.9 78 0.5 84 0 90 0.9 98 0 
2676 0 0.9 24 0.3 44 0 51 1 63 0.5 81 1 84 1 87 0 94 0 
2713 9 0.5 13 0 41 0.6 89 0.8 
2856 5 0.9 16 0 23 0 29 1 63 0.4 69 0 84 0.5 91 0.5 94 0 
2875 8 0 19 0.6 22 0.8 25 1 46 0 63 0.4 64 0 
3046 9 0.3 12 0.9 22 0 95 0 
3057 3 0.3 28 0 39 0 52 0.4 66 0.4 73 0 
3253 20 1 24 0.9 51 1 57 0 62 0.9 92 1 95 0 
3320 26 0.9 
3558 4 0 13 0.9 73 0.3 76 0.3 95 0.7 
3597 1 0.8 
3600 43 1 44 0.9 45 0.3 52 0 58 0 62 0 84 0 87 0.7 97 0.6 
3816 0 0 5 0.8 20 0 44 0.8 69 0.9 78 0.6 95 0.5 96 0.4 
3906 6 0 9 0.8 10 0 23 0.8 28 0.5 32 1 33 0.5 43 1 66 0.7 76 0.4 
4050 66 0 87 0.7 
4103 2 0 
4172 45 0 84 0 
4368 72 0.9 78 0 
4463 3 1 49 1 53 0 75 0.6 86 0.9 96 0.7 
4507 14 0 17 0.7 18 0.7 19 0 20 0.9 31 0 40 1 59 0.9 62 0.5 81 0 
4742 0 0.9 12 0.4 16 0.5 82 0.6 
4747 0 0.7 2 0 40 1 42 0 48 1 62 0.6 72 0.9 94 0.9 95 0 98 0.6 
4833 20 0.9 24 0.8 38 0.3 90 0.8 93 0.8 99 0.8 
4838 10 0.8 15 0 27 0.4 39 0.3 44 0.3 60 0 
4935 43 0.5 
5076 2 0 11 1 39 0.6 58 0.7 64 1 83 0.5 90 0 
5315 46 0.3 
5360 4 0.8 15 0.5 23 0.7 28 0 31 0.8 40 0 48 0.4 60 0 71 0.8 99 0 
5564 4 0 5 0.4 9 0 18 0 34 0.5 38 0.3 45 0.6 56 0.4 64 0 85 0.8 
5815 0 0.3 30 0 50 0.6 59 1 
5890 3 0.3 14 0 
6082 32 0.4 74 0.5 78 0.3 82 0.7 
6183 10 0 15 0.9 25 0.7 75 0 98 0.4 
6210 5 0.5 
6357 36 1 46 0.3 76 0 80 0.9 96 0.3 
6368 21 0 24 0.8 58 0.6 
6687 24 0 28 0.4 45 0.6 75 0 87 0.4 99 0.7 
6773 10 0.6 35 0.9 62 0 63 0.7 68 0.5 72 0.3 79 0.7 80 0.7 88 0.4 
6941 48 0 87 1 
7084 1 0 7 0 13 0.3 67 0.3 74 0.4 84 0 87 1 
7181 25 0.9 27 0.9 29 1 35 0.7 51 0.4 57 0.4 73 0.4 77 0.4 
7219 2 0 10 0.9 58 1 66 0.5 75 0.7 83 0.9 
7265 62 0.8 91 0 94 0 
7453 9 0.8 26 0 53 0 74 0 79 0.8 83 0.5 99 0.4 
7552 9 0.8 14 0.8 18 0 26 0.8 29 0.7 47 0 67 0 70 0.9 82 0.9 89 0.6 
7731 17 0.7 46 0.6 62 0.3 87 0.6 90 1 93 0.9 
7763 1 1 3 0.3 4 0 33 0.8 52 0 63 0.3 76 0.6 79 0.4 83 0 
7932 8 0.5 18 0.4 48 0.9 58 0.5 67 0.8 77 0.5 83 0.6 93 0 
8017 9 1 36 0 70 0.6 79 0 91 0.6 
8122 26 0 
8458 9 0.3 12 0.9 20 0.5 21 0 33 0.8 48 1 54 0.6 87 0.3 
8516 2 0 4 0.3 13 0 57 0.4 77 0.4 82 0.8 96 0.3 
8721 5 0 22 0.6 38 0.9 61 0.6 68 0.5 80 0 90 0.5 91 0 96 0.3 
8997 38 0.8 82 0.8 
9158 1 0.3 10 0.8 16 0.8 18 0.4 39 0 56 0.4 59 0.9 77 0.6 85 0.3 
9202 21 0 32 0.5 62 0 76 0.9 78 0 86 0.4 96 0 
9220 28 0.6 61 0.5 64 0 67 0.6 71 1 86 0 93 0.4 
9306 27 0.9 78 0.8 
9342 11 0.5 80 0 
9517 47 0.4 88 0 
9573 91 0.8 99 0.3 
9610 18 0 25 0.9 62 0.8 91 0 
9778 6 0 15 0.6 26 0.6 32 0.8 49 0.3 64 0.6 81 0.4 89 0.5 92 0 
9788 27 0.9 41 0.3 45 0 55 1 57 0.8 63 0 94 0.6 97 0 
9947 29 0.9 33 0.8 68 1 87 0 
9964 10 0.6 14 0.3 26 0 40 0.3 47 0.9 52 0.5 63 0.7 75 0 
9988 15 0.9 17 1 22 0.8 42 0 77 0 
