100
41 8 1 35 0.6 40 0 41 0.6 42 0.3 77 0.6 92 1 
103 41 0 68 0.8 73 0 90 0 91 0.5 93 0 
249 17 0.9 26 1 47 0 54 0.5 55 0.3 70 1 76 0.6 79 0.8 
434 16 0.3 19 0 26 0.8 53 0.5 70 0.5 71 0 74 1 87 0.9 94 0.4 
534 44 0 
548 25 0.9 45 0.7 
847 22 0.3 83 0.5 85 0.7 87 0.4 
879 36 0.7 95 0.9 
896 3 0 8 0.4 16 0 54 0 62 0.6 73 0 82 0.8 86 0.8 87 0 89 0 
968 6 0 10 0.5 30 0.6 
1131 64 1 
1174 98 0 
1228 16 0.7 78 0.5 
1270 32 0 37 0.4 55 0 86 0.9 96 0.5 
1279 25 0.6 51 0.7 74 0 84 0 87 0.8 94 0.5 97 0.9 
1310 91 0 
1327 18 0.6 22 0 33 0 49 0.9 53 0.6 76 0.6 78 0.5 93 0.7 
1411 15 0.7 20 0.3 23 0.6 29 0.9 83 0.8 88 0 91 0.8 95 1 97 0 
1479 16 0 18 0 31 0.8 34 0.5 35 0.5 49 0 52 0 53 1 64 0 90 0.6 
1576 18 0 28 0 32 0.5 48 0 58 0.9 60 1 99 0.9 
1622 28 0.5 57 0.7 61 0.6 
1647 27 0 29 0.9 45 0.9 
1684 99 0 
1746 2 0.7 11 0.4 15 0.6 22 1 23 0.6 36 0 45 0.8 87 0.5 89 0.6 93 0.8 
1867 8 0.8 10 0.3 27 0.6 50 0 
1883 5 0 7 0.8 13 0 14 0.3 45 1 46 0 61 0.3 69 0.5 72 0.6 
1893 14 0.5 19 0.9 42 1 57 0.4 59 0.5 61 0.8 77 0 79 0 85 0 
1940 6 0.8 17 0.7 40 0 63 1 90 0.8 98 0.8 
2018 35 0 43 0 
2019 6 1 11 0.8 22 0.7 37 0 39 0.4 49 0 58 0.5 87 0 91 0 96 0.6 
2044 19 0.5 26 0.7 63 0.6 71 0.8 90 0.8 
2321 10 0.9 37 0 56 0.7 60 0.4 61 0.8 71 0.7 73 0.7 78 0.4 93 0.8 
2334 0 0 10 0 19 0 40 0.5 44 0 54 0 72 0 74 0.8 79 0.6 85 0.8 
2480 43 0 
2485 1 0.4 56 0 59 0.6 63 0.5 
2524 14 0.6 21 0.8 24 0.3 30 0 33 0 34 0.8 49 0.4 60 0.3 97 0 
2625 32 0.7 
2845 42 0 95 1 
2933 19 0 84 0 96 1 
3229 10 0.4 21 0 54 0.3 63 0.4 71 1 74 0 79 0 88 0.8 
3267 50 0.8 
3299 9 0 25 0 46 0 56 0 91 0.7 92 0.8 95 0.9 
3314 11 1 14 0.3 21 0.8 23 0.5 41 0.5 56 0.5 73 1 76 0 88 0.6 97 0.9 
3384 40 0.5 43 1 48 0.7 78 0.8 
3567 1 0 27 0.7 35 0.7 69 0.5 
3790 5 0.3 12 1 20 0 35 0.9 53 0 86 0 97 0.4 
3795 13 0.7 41 0 67 0.3 
3853 5 0.3 66 0.8 68 0 74 0.4 83 0.4 96 0 
4120 1 0.8 12 0.5 15 1 41 0.3 69 0.9 89 0.9 92 0.3 
4628 8 0.5 18 1 31 0.4 33 0.8 36 0.7 40 0.3 53 0.9 89 1 90 0 
4719 16 0 21 0.5 37 0.3 38 0 45 0.5 55 0.5 57 0 65 0.6 75 1 
4822 10 1 26 0.9 44 0.3 48 0.6 64 0.6 74 0.4 79 0.3 
4928 10 0.4 32 0 39 1 60 0.9 61 0 79 0 96 0.8 
4932 24 0.9 27 0.8 46 0.9 52 0.5 55 0.6 72 0.9 
4949 97 0.4 
5071 10 0 29 0.4 86 0.9 
5122 9 0.7 14 0.6 15 0.3 63 0 68 0.9 71 0.9 77 0.7 82 0.4 
5229 39 0.3 49 0.3 51 0 
5326 27 0.4 50 0.6 82 0.3 87 0.8 89 0.5 
5447 8 0.6 78 1 87 0.7 
5647 35 1 
5723 27 0.8 53 0.9 55 0.5 70 0.5 72 0 
5935 15 0.3 17 0.5 38 1 44 0.6 66 0.9 68 1 69 0 74 1 86 0.8 92 0 
6064 8 0.8 9 0.3 34 0 77 0.9 79 0 
6194 18 1 19 0.7 32 0.3 36 0.7 37 0.3 42 1 47 0.3 66 0 74 0 94 0.4 
6227 15 0.3 22 0 34 0.6 45 0.6 50 0.4 55 0.7 56 0.8 73 0.4 94 0 
6399 14 0 43 0 50 1 91 0 99 0.6 
6457 5 1 22 0.9 23 0 58 0.4 60 0.4 70 0.7 77 0.5 82 0.6 90 0.5 
6516 4 0 
6819 12 0.8 26 0.8 30 0.7 50 0.5 52 0.8 55 0.8 79 0.9 94 0.6 
6835 2 0.4 7 0.9 27 0.4 39 0.9 41 0.3 47 0.9 80 0.8 84 0.9 85 1 88 0 
6844 20 0 
6909 17 0 22 1 64 0.3 96 0.6 
7159 1 0.5 6 0 11 0.3 16 0.9 18 0.3 22 0.5 80 1 82 0.3 90 0.3 99 0.7 
7309 41 0 83 0.4 
7314 2 0.5 9 0 35 0.9 57 0.6 92 0.8 95 1 
7372 5 1 12 0.7 20 0.6 45 0.4 55 0 57 0 62 0 68 1 86 0 89 0.8 
7419 10 0.9 13 1 62 0 77 0 80 0.6 81 0.5 
7519 2 0 3 0 25 0.3 29 0.4 54 1 
7745 28 0.8 44 1 50 0 57 0.9 69 0 77 0 99 0.5 
8000 5 0 50 0 74 0.3 
8035 13 0.6 21 0 29 0.8 37 0.8 71 0.6 73 0.9 78 0.3 82 0 95 0.3 
8083 34 0 
8168 7 0 42 1 84 0 90 0.8 96 0.4 
8195 6 1 15 0.9 31 0.4 38 0.4 67 0.8 73 0.6 85 0 89 0.9 90 0.3 95 0.9 
8224 9 0.7 21 0.9 31 0 46 1 51 0.6 96 0.9 
8255 4 0.5 11 0.4 42 0.5 47 0.9 69 0 
8262 42 0.3 69 0 85 0.6 
8510 41 0 51 0.4 54 0.6 59 0.7 89 0.9 91 0.3 95 0.8 
8513 31 0.3 
8584 32 0.3 37 0.7 55 0.5 71 1 78 1 79 0.5 80 0.7 83 0.8 93 0.8 
8978 25 0.9 32 0 53 0 68 0.5 71 0 93 0.3 97 0.5 
8996 19 0.5 21 0.3 22 0 25 0 26 0.5 50 0.6 56 0.7 68 1 93 0 
9039 21 1 55 1 64 0.3 74 0.3 79 0.9 94 0.6 
9044 4 0 7 0.3 13 0.6 22 0 48 0.6 96 0.6 
9094 2 0.6 13 0.6 37 0 54 1 64 0.8 69 0.5 71 0 78 0.7 88 0.8 96 1 
9455 17 0 23 0.6 
9526 17 0.7 29 0.4 31 0.4 83 0.9 87 0 95 0.4 98 0.4 
9826 12 0 21 0 27 0.3 44 0.5 45 0.7 58 0.5 69 0.6 82 0.7 85 0.8 96 0 
9986 1 0.9 14 0.3 46 1 55 0.9 77 0.9 96 0.6 99 0.3 
