100
104 6 0.9 10 0 47 0.3 51 0.7 92 0.8 
151 15 0.4 95 0.5 
306 1 0.6 26 0.5 47 0.7 77 0.8 94 0.7 97 0.4 
367 12 1 38 0.4 40 0 57 0 84 0.9 94 0.9 
393 14 1 53 1 57 0.6 60 0.3 72 0 84 0.3 97 0 
460 26 0 35 0.4 53 0 67 0.9 70 0 93 0.7 98 1 
675 8 0.9 15 0 33 0.4 41 0.6 45 0.6 82 0.9 88 0.3 91 0 
889 11 0 17 1 23 1 46 0 52 0 80 0 82 0 98 0 99 0.8 
948 5 0 8 0.5 22 0.4 23 0.6 27 1 87 0.8 89 0.5 96 0 
1059 1 0.7 11 1 15 1 24 0.6 64 0 80 0.4 
1060 0 0.6 16 0 17 0.9 21 0 24 0.7 49 0.9 54 0 98 1 
1094 56 0 61 0.3 76 0 
1384 5 1 40 0 41 0 44 0 53 0 55 0.6 
1391 31 0 78 0.9 
1515 10 0 17 1 26 0.4 28 1 38 0.4 58 0.9 62 0.3 67 0 72 0.5 88 0 
1691 10 0 50 0.3 51 0.3 64 0.6 
1868 8 0 14 0.9 16 0 35 0.5 48 0.7 64 0.7 94 0 
1978 17 0 21 0 33 0.7 38 0.5 40 0 46 0.7 59 0.8 62 0 88 0.7 91 0.5 
2007 24 0 25 0.7 29 0 78 0 
2046 37 0.4 54 0.8 60 0.5 69 0.7 
2048 43 0.6 52 0.5 
2349 27 0 57 1 61 0.6 78 0.9 91 1 93 0.4 
2379 12 0 49 0.5 69 0.8 70 0.3 75 0 79 1 96 0.5 
2502 54 0.9 56 0.3 57 0.5 62 0.8 78 0 
2681 4 0 40 0 50 0.4 60 1 68 0 89 0 97 0.9 
2685 17 0.9 
2695 11 0.8 15 0.9 22 0.9 58 0.5 63 0.3 76 0.9 89 0.7 97 0.4 
2699 4 0 20 0.9 55 0.3 58 0.9 88 0.4 90 0.8 
2823 33 0.9 
3192 4 0.3 5 0 9 0.5 23 0.8 34 0.8 40 0.6 62 0 81 0 84 0.3 98 0.6 
3196 16 0.4 25 0.7 29 0 36 0.4 82 0.8 85 1 91 0.7 
3216 62 0.3 67 1 69 1 70 0.9 89 0.8 91 0.5 97 0 
3323 2 0 22 0 35 0 45 0.5 56 0 60 0.8 71 0 84 0.9 94 0.9 
3490 37 0 71 0 
3657 24 1 27 1 37 0.9 42 0.7 44 0.3 70 0.7 75 0.7 77 0.7 90 0 97 1 
3696 35 0.6 
3775 12 0 21 0.8 32 0.9 65 0.6 87 0.7 89 1 90 0.9 96 0 
3847 3 0.9 10 1 26 0 27 0.9 29 0 36 0.6 49 0 51 0 77 0.9 83 1 
4061 7 0.4 30 0 31 0.6 82 0.8 89 0.4 95 0.5 
4439 2 0.9 
4560 14 0.6 38 0 79 1 
4810 3 0.8 11 0.8 17 0.9 20 0 30 0.8 58 0 77 0 78 0 88 0.6 
4875 5 0.3 13 0.7 19 0 21 0 35 1 47 0.8 94 0.6 
5004 3 0 10 0 
5024 14 0 31 0.8 42 0.5 52 1 77 0 87 0 
5044 5 0.6 53 0.3 96 0.3 
5089 1 0 5 0.7 53 0.5 64 0.9 69 0 75 0.6 84 0.8 85 0.8 
5327 4 0.9 10 0.6 37 0 59 0 73 1 74 0.9 
5586 36 0 50 0 52 0.4 96 0.5 
5778 20 0 57 0.3 59 1 78 0.8 79 0 88 0.5 90 1 
5808 12 0.8 19 0.7 22 0.5 35 0.9 49 0.3 68 0.3 72 0.6 86 0 
5832 2 0.9 6 0.6 24 0.5 34 0.9 35 0.5 41 0.3 47 0.3 54 0.4 
5919 83 0.8 
5956 27 0 
5959 12 1 43 0.3 73 0.4 75 0.4 
5972 44 0.6 87 0.4 91 0.3 
6061 59 0 
6369 54 0 
6399 14 0 43 0.8 50 0.6 91 0.3 99 1 
6435 0 0.8 8 0.8 24 0.4 47 0.3 48 1 63 0.7 73 0.3 75 0.9 89 0 98 0.8 
6475 1 0.4 16 0 24 0.9 73 0.7 75 0.9 88 0.8 91 0.5 94 0.8 95 0.3 97 0.4 
6709 9 0.9 30 0.9 35 0.8 59 1 66 0 91 0.6 
6778 2 0.4 3 0.4 15 0.5 17 0 28 0.6 34 0.3 48 0.6 65 0.5 70 0.5 95 0 
6816 2 0 4 0.6 34 0.6 39 0.6 45 0.3 67 0.3 76 0 96 0.6 
6834 5 0.4 10 0.7 23 0.3 
6860 17 1 45 0.6 58 0.5 96 0.8 
6923 1 0 5 0.7 20 0.5 25 0.7 28 0 69 1 74 0 92 0 
6982 21 1 35 1 42 0.7 46 0.3 47 0.5 56 0.5 72 0 76 0.4 86 0 90 0.4 
7134 0 0.8 30 0 61 0.5 62 0.9 71 0.9 80 0 
7172 47 0.6 48 0 80 0.4 
7484 25 1 59 0 68 0.5 75 0.4 80 0.4 83 0.6 87 0.8 
7676 34 0.4 50 0.3 53 0.9 55 0.8 63 0.8 64 0.7 81 0.9 83 0.8 89 0.5 90 0.8 
7707 0 1 21 0.5 31 0 60 0.7 82 0.8 85 0.8 
7955 20 0 30 0.9 39 0.4 81 0 99 0.3 
7972 50 0.7 62 0 63 0.8 85 0 88 0.7 
8008 36 0 71 0.4 
8016 25 0.6 85 0.9 
8055 76 0.8 91 0 
8476 6 0.4 10 0.6 20 0 21 0 22 0.9 33 0 60 0.9 71 0.7 81 1 86 0.8 
8616 19 0.7 48 0 89 0 
8809 20 0 25 0.6 31 0.4 33 0.8 56 0.8 70 0.7 74 0.5 75 0 90 0 94 0.5 
8854 5 0 45 0.8 60 0.6 75 0.4 83 0.4 94 0.9 
8900 27 0 32 0 54 1 76 0.4 80 0 82 1 88 0.8 97 0.4 99 0 
8936 7 0 19 0.6 26 0.3 29 0.3 47 0.4 55 0.4 70 1 82 0 
8949 9 0 22 0.7 23 0.6 41 0.7 42 0.4 51 0.4 58 0.7 68 0.9 
9089 6 0.8 46 0.5 
9101 32 0.3 62 0.4 65 0.5 66 0 72 0 75 0 85 0.8 97 0.8 
9148 8 0.6 10 0 19 0.9 25 0.3 29 1 31 0.3 42 0.7 43 0.7 75 0.6 93 0.4 
9174 15 1 50 0.9 65 0.5 69 0.5 
9181 78 0.9 93 0 
9208 4 0.4 11 0.4 21 1 29 0.3 46 0 65 1 77 0.8 83 0.7 
9253 14 0 15 0.3 29 0.6 31 0.9 32 0.8 56 0.5 64 0.3 68 0.3 71 0.7 84 0 
9364 11 0 32 0.3 37 0.4 79 0.3 80 0 81 0.3 82 0.4 83 1 90 0.4 96 0.9 
9381 10 0.9 23 0.3 32 0.8 54 0.7 61 0.6 74 0.6 79 0.6 85 0 99 0 
9413 6 1 35 0.7 53 0.7 96 0.4 
9478 6 0 48 0.4 52 0.9 53 0.3 63 0.8 72 0 81 0.5 
9606 14 0.8 59 1 61 0 63 1 
9896 3 0 13 0.3 34 1 51 0 71 0.9 78 0.9 84 0.9 88 0 93 0.8 95 0.4 
9993 9 0.5 15 0 18 0.8 27 0 34 1 37 0.9 59 0.7 70 0.8 99 0 
9995 5 0.8 7 0.8 21 0.7 60 0.6 66 0.9 72 0.9 74 0 85 0.3 90 0.5 
