100
13 50 1 
62 49 0.5 62 0.7 70 1 73 0 
101 5 0.6 12 0.9 37 0 
210 15 0 37 0.4 38 0 70 1 81 1 98 0.7 
235 3 0.5 14 0 22 0.3 26 1 51 0.8 53 0.8 62 0 63 1 73 0.6 78 0 
236 82 0.5 
361 11 0.4 17 0.4 22 0.6 28 1 60 0.7 87 0.3 90 0.5 95 0.6 
423 24 0 25 0.7 
500 0 0 16 0.5 28 0 35 0 51 0.4 74 1 90 0 95 0.4 98 0 
549 5 1 9 0.5 12 0.7 16 0 61 0 62 0.8 63 0.5 80 0.5 87 1 94 0.5 
578 5 0.9 6 0.4 10 1 57 0 63 0.6 66 0.3 85 0 90 0 94 0 
598 57 0 60 0.8 62 0 64 0.4 98 0 
599 80 0 83 0 
695 1 1 11 0.8 23 0 35 0.8 36 0.8 49 0.5 68 0.6 73 1 98 0 
837 18 0.8 61 0.8 71 0 
909 22 0 23 0.8 37 0 60 0 
962 17 0.8 20 0 50 0.7 53 0 93 0 
1090 15 0 85 0.7 
1103 79 0.9 
1134 13 0 62 0.3 63 0.7 
1135 41 0 70 0 
1266 4 0 30 0.6 32 0.9 34 0.7 46 0.3 60 1 64 0.3 81 0 85 0.4 87 0 
1295 35 0.7 36 0.9 50 0.8 71 0 83 1 88 0 89 0 94 0.9 
1495 65 0.9 75 0 
1601 42 0.3 48 0.6 57 0.7 
1744 9 0.9 18 0 33 0.6 39 0.7 48 0.9 51 1 55 1 63 1 92 0 
1795 35 0.9 43 0.3 63 0.6 91 1 
1938 12 0.8 19 0 46 0 56 0.7 62 0.7 75 0.3 82 0.9 90 0 
1970 42 0 58 1 66 1 75 0.8 
1981 28 0 29 0.3 53 0 60 0.3 85 0.5 88 0.7 99 0.6 
2018 35 0.7 43 0.7 
2282 51 0.9 
2307 31 0.3 
2380 0 0.3 9 0.7 21 0.4 34 0.8 53 0 68 0 85 0.7 89 0.6 90 0 
2482 71 0.8 81 0.6 84 0 
2495 18 0.5 33 0 66 0.9 
2502 54 0 56 1 57 0.4 62 0.7 78 1 
2507 3 0.3 24 0.6 61 0.6 
2590 0 0 6 0 23 0.3 26 0.5 37 0.7 61 0.5 69 0 
2683 39 0.6 41 0 74 0 85 1 
2800 93 0.5 
2835 11 0.6 28 0 63 0.6 94 0.5 
2868 10 1 20 0 71 0.3 81 0.7 94 0.9 96 0 
2872 20 0.8 26 0.3 75 0.4 95 0.9 
3061 32 1 48 1 56 0.3 60 0.3 87 0.6 91 0 94 0 
3134 8 0.8 23 0.5 27 0.7 35 0 92 0.6 
3243 58 0.3 73 0.4 95 1 
3249 16 1 23 1 48 0.6 70 1 90 0 96 0.8 
3450 28 0 52 0.9 54 0.4 66 0.5 83 0.4 89 0 
3466 18 0.8 56 0.3 79 0 96 0.3 
3527 18 0 
3659 94 0.4 
3686 12 0 13 0.9 71 0.7 78 0.6 
4053 17 1 18 0.9 40 0.8 47 0 50 0.6 63 0.3 69 0.9 93 0 
4463 3 1 49 0.6 53 0 75 0.5 86 0 96 0 
5078 5 0.4 12 1 20 0 29 0.6 31 0 78 1 83 0.4 
5113 2 0 4 0 6 0 44 0.4 50 0.7 67 0.4 94 1 99 0 
5146 18 1 37 0.4 40 0.9 41 0 61 0.9 
5201 63 0.4 89 0.4 95 0.5 
5283 14 0.6 67 1 88 0 
5580 11 0.5 16 0 35 0.5 44 0 46 0.7 48 0.5 98 0.4 99 0.7 
5642 1 1 18 1 47 0 90 0.9 96 0.4 
5704 10 1 47 0 
5723 27 1 53 0.6 55 0.3 70 0 72 0.6 
5836 7 0 31 0.5 51 0.8 55 0 56 0.4 67 0 74 0 75 0.9 88 0.3 
5986 36 0 
6136 24 0.8 34 0.3 60 0.5 66 0.6 
6154 9 0 12 0 27 0.6 28 0 35 0.3 73 0.9 78 0.3 
6232 6 0.3 15 0.7 52 0.6 57 0.9 74 0.8 84 0 92 1 
6235 21 0.3 51 0.8 65 0.3 95 0.8 98 0.7 99 0.5 
6370 49 0.5 64 0.8 
6377 26 0.3 73 0.6 
6519 15 1 16 0.3 28 0 73 0.6 82 0 98 0.6 
6535 49 0.8 67 0 
6588 18 0.5 42 0.5 47 0.4 55 0.7 
6678 21 0.6 52 0.6 
6746 10 0.6 37 0.5 61 0.5 67 0.7 78 0 
6798 1 0 5 0.5 
6812 56 0.3 
6820 31 0.4 
6960 11 0.8 17 0.3 31 0 60 0.7 75 0 
7493 0 0.4 5 0.5 7 0.4 29 0 30 0 33 0.4 86 0.5 92 0.9 98 0.3 
7568 15 0.5 27 0.8 61 0 96 1 
7855 47 1 
7941 6 1 10 0 13 0 18 0 23 0.7 54 0.4 62 0 66 0.9 88 0.5 97 0.6 
7991 22 0.4 74 0.5 
8096 15 0.5 50 1 71 0.4 74 0.4 
8180 24 0.7 38 0 75 0.5 
8231 91 1 
8250 46 0 
8358 5 0 32 0.5 64 0.5 80 0 
8366 16 0 54 0.3 63 0.4 
8849 25 0.8 77 0.7 
8926 10 0.7 12 1 52 0.3 55 0.6 58 0 
8993 33 0.7 50 1 78 0.4 79 0.8 
9013 11 0.3 27 0.8 30 0.8 31 0.4 58 0 77 0.3 
9131 18 0.7 94 0.4 97 0.7 
9440 19 1 39 0.6 47 0.4 52 0.5 87 0.6 
9447 46 0.4 72 0 
9737 80 0.8 
