100
55 29 1 47 0.7 82 0 
59 18 0.3 20 1 47 1 53 0.9 56 0.7 64 0.4 81 0.6 86 0.5 96 0 99 0 
246 4 0.9 13 0 24 0.7 29 0 31 1 55 0 59 0 66 0.8 
384 1 0 27 0.3 35 0.7 38 0 50 0.8 61 0 70 1 79 0.7 86 1 
389 9 0.8 19 0.9 25 0.5 27 1 39 0.8 55 0.7 57 0.5 73 0.4 94 0.9 
471 25 0 28 1 68 0.7 75 0.3 82 0.5 85 0 88 0.9 92 0.8 98 0 
591 4 0.9 24 0.3 66 0 78 1 
917 9 0.4 15 0.4 37 1 42 0.5 84 0 97 0.4 
961 4 0.5 59 0.8 76 0.7 82 0.9 84 0.3 
1076 45 0 
1156 14 0.4 18 0.8 23 0 47 0.5 53 0.6 93 0.4 95 0.3 
1179 6 0.9 29 0.5 38 0.6 42 1 48 0.9 58 0.5 87 0.9 99 0.3 
1514 0 0 22 0.4 46 1 68 1 82 0 86 0.7 87 0.4 97 1 99 0.8 
1549 44 0 75 0 81 0 91 0 
1555 72 0.5 
1632 4 0 10 0.5 33 1 64 0.5 65 0 75 0 80 0.5 
1901 22 0.9 39 0.4 57 0.4 
1919 3 0.8 19 1 26 0.9 40 0.3 45 0.8 60 0.6 61 0.9 
1966 9 0.4 85 0 
2199 17 1 19 0.5 26 0.8 39 0.5 47 0.7 67 0 70 0.6 76 0 87 0.4 
2235 7 0.4 31 0 76 1 
2244 9 0.8 29 0.7 40 1 68 1 76 0.6 91 0.5 92 0.7 
2256 3 0.8 12 0 15 0 19 0.7 24 0 26 0.9 32 0.8 46 1 60 0.7 81 1 
2283 0 0 2 0.8 27 0 38 0 62 0.4 
2302 0 0 25 0.4 34 0.7 43 0.5 64 1 80 0.5 88 0.9 
2356 65 0 70 0.4 
2373 38 0.8 
2438 10 0 29 1 42 0.3 52 0.5 57 0 61 0.3 67 0.7 
2566 43 0.5 64 0.9 79 0.6 
2595 11 0.8 35 0.3 49 0.4 
2697 2 0.9 7 0 21 0 48 0.3 83 0.4 91 0.5 94 0.6 97 0.7 
2727 15 0.8 23 0.4 44 0.3 49 0.9 51 0 55 0 71 0.5 72 0.7 79 0.9 
2948 19 0.3 45 0 48 0 54 0.9 61 0.5 72 0.9 79 0.6 
2949 90 0 94 0.6 96 0.5 
3029 35 0.8 52 0 66 0.9 97 0.4 
3174 98 0.9 
3290 5 0.7 9 0 33 0 51 0 61 0 64 1 85 0.6 89 0.8 
3490 37 0 71 1 
3545 3 0 4 0.3 23 0.4 26 0.4 37 0.8 93 0.4 
4020 9 0.5 25 0.8 43 0.5 75 0.9 83 0.9 94 0.6 
4196 4 0 23 0.9 26 0.7 65 0 82 0.9 85 0.5 88 0 93 0.9 94 0 
4258 1 0 21 0.9 74 0.4 
4340 18 0.5 46 0.8 80 0.9 81 0.7 85 0.6 
4438 4 0.9 22 0.7 29 1 43 0.9 55 0 69 0.7 
4443 27 0.4 28 0.4 42 0.3 52 0 53 0 55 0.9 64 0 68 0 81 0 89 0.3 
4446 4 0 33 0.7 47 0.7 53 0.9 58 0.7 74 0.4 77 0.5 84 0.3 85 0 
4578 19 0 29 0.3 50 0.4 66 0.8 84 0.8 
4653 52 0 57 0.7 70 0.5 
4671 13 0.3 32 0.6 42 0.3 48 0.4 58 0.6 66 0.9 
4674 25 0 30 0 33 0.9 37 0 51 0.4 59 0.3 70 0.3 85 0.4 
4782 22 0 83 0.8 98 0.8 
4860 27 0.6 34 0.4 53 0.8 71 0 76 0 79 0.9 
4876 22 0 26 0.6 29 0.6 42 0.4 64 0.3 73 0.5 93 0.5 95 0.3 
4894 24 0.9 58 0 
5071 10 0.7 29 0.4 86 0 
5226 4 0.8 14 0.7 22 0 25 0 51 0.8 60 0 88 0.9 90 0.9 92 1 98 0.4 
5283 14 0 67 0.6 88 0 
5324 14 0 40 0.4 
5372 75 0.3 
5463 31 0.6 36 0.8 43 0.9 48 0.7 77 0.8 
5475 30 0.5 94 0 
5711 9 0 17 0.6 21 0.7 33 0.5 44 0.5 54 0.6 58 1 84 0.4 85 0 91 1 
5882 74 0 
5908 6 0.3 26 0.4 45 0.9 46 0 79 1 80 1 
6016 0 0.7 48 0 74 0 91 1 98 0.6 
6059 12 0.4 20 0.4 23 0.8 37 1 57 0.4 73 1 
6078 0 0.7 5 0 32 0 95 0.8 
6102 1 0 3 0.8 15 0.4 
6155 1 0 39 0.6 68 0.8 77 0.4 94 0.7 
6184 1 0.6 54 0 99 0.7 
6763 22 0.7 47 0.5 79 1 
6764 9 0.7 59 0.4 62 0 
6909 17 0 22 0.6 64 0.9 96 0.6 
7074 4 0.3 27 0.3 33 0 36 0.6 44 0.7 69 0.3 75 0 91 0.4 96 0.3 
7087 0 0.5 8 1 70 0 88 0.9 99 0.8 
7094 3 0.9 5 0.6 15 0 40 0.3 41 0.3 43 0.4 54 0 67 0 80 0 86 0.6 
7130 8 1 31 0.7 32 0.3 36 0.5 62 0.7 74 0.4 81 0 83 0.9 85 0.6 87 0.8 
7440 1 0.6 
7523 5 0 13 0.3 14 1 58 0.3 92 0.5 
7585 26 0 47 1 72 0 83 0 92 0.7 
7593 44 0 
7604 2 0.5 7 0.4 13 0 27 0.3 28 0.5 30 0.5 46 0 62 0.8 76 0.8 94 0.9 
7676 34 0.9 50 0.6 53 0 55 0.4 63 0.6 64 0.5 81 0.5 83 0.5 89 0.7 90 0.8 
7818 96 0.3 
7913 1 0 45 0.4 75 0 
7992 0 0.3 39 0.3 
8005 7 0.5 21 0 29 0.8 35 0.5 55 0.3 58 0 79 0 80 0.6 89 0.3 98 0 
8047 56 0 61 0.7 70 0 73 0.3 84 0.4 93 0.7 
8061 18 1 47 0 64 0 96 0 
8107 60 0 
8325 39 0 51 0.9 64 0.6 80 0.9 
8385 6 0.7 65 0 67 0 
8647 56 0.7 
8775 0 0.9 6 0 11 0.5 16 0 18 0.5 47 0.4 62 0 91 0.9 92 1 
9025 67 0.4 
9198 33 0 46 0.7 49 0.3 59 0.9 91 0.8 
9756 10 0.3 12 0.7 25 0.5 26 0 39 0 49 0 59 0.9 71 0.9 96 0.8 
9794 5 0 24 0 37 0.9 46 0.9 49 1 77 0 
9935 3 0.4 76 0.9 96 0 99 0 
9963 26 0 76 0 88 0 
