100
26 10 0.6 23 0.9 44 1 70 0.7 86 0.9 98 1 
163 6 0.5 18 0 31 0 54 0 
167 12 0.4 82 0.7 
260 4 0 13 0.9 16 0.6 21 0.6 28 0 47 0.6 51 0 89 0.4 91 0.5 92 0.3 
383 18 1 40 0 55 1 57 0 79 0.4 94 1 
498 5 0.4 7 0.4 17 0.9 31 0 55 0 75 0.5 79 0.7 
574 7 0.8 20 0.8 62 0.3 92 0.9 
601 6 1 11 0.6 26 0.8 28 0.9 67 0.6 77 0.7 88 0 90 0.7 97 0.8 
668 8 0.3 33 0.4 47 0.7 55 1 79 0.7 89 0.9 
707 0 0.3 4 0.8 5 0.3 25 0.3 30 0.3 34 0.6 45 0 49 0.9 85 0 91 0.8 
720 0 0.6 2 0 6 0.4 38 0.3 50 0.4 71 0.7 93 0 99 0.7 
1029 14 0.5 18 0 
1177 28 0.3 33 0 42 0 84 0.3 85 0.9 87 0.8 
1212 8 0.7 38 0.7 41 0.6 52 0.6 
1246 27 0.7 35 0.9 75 0 87 0.5 89 0.3 93 0.5 
1433 8 0.4 20 0.5 48 0 
1866 5 0.8 16 0.4 42 0 68 0.5 
1891 11 0.4 20 0 26 0.6 74 0.6 
2129 6 0 11 0 
2226 31 0 36 0.4 77 1 96 0.8 
2304 0 0.6 14 0 22 0 30 0.7 48 0.4 55 0 92 0.8 97 0 
2324 13 0.5 27 0 30 0 62 0.4 81 0.5 
2468 9 0.7 46 0.6 75 0.5 
2509 11 0 15 0.4 31 0.8 52 0 96 0.6 98 1 
2554 0 0.4 41 0 57 0.9 85 0.5 
2586 13 0 14 0.5 41 0 62 0.9 70 0.4 97 1 
2758 4 0.4 16 0 20 0.4 73 0.3 74 0.3 90 0.9 
2768 22 0.9 32 0.3 52 0.6 98 0 
2877 1 0 46 0.8 73 0 79 0.5 90 0 
2914 9 0 32 0 46 1 
3011 10 0.9 24 1 32 0 34 0.7 62 0.5 63 0.8 64 0.8 85 0.4 86 0.7 
3038 33 0.6 63 0.4 81 0 84 0.8 
3296 11 0.3 13 0.8 37 0 41 0.3 51 0 81 1 82 0.3 94 1 
3706 7 0.7 89 0.3 
3708 35 0.4 69 0.5 
3713 78 0 
3807 15 0.7 
3828 2 1 33 0.6 81 1 
3906 6 0 9 0.6 10 0.4 23 0 28 1 32 0.8 33 0 43 0.8 66 0.3 76 1 
3926 7 0.3 34 0.6 36 0.5 58 0.3 62 0.6 67 0.3 68 0 77 0 
3998 47 0 51 0.6 52 0 64 0.8 65 0.5 69 0 71 0.4 75 0.6 86 0.3 87 0.7 
4006 81 0.3 
4007 5 0 13 0 53 0 57 0.8 59 0.9 69 0.8 90 0.8 
4070 0 0.9 10 0 29 0.8 30 0.4 51 1 72 0 81 0.3 84 0.8 98 0.4 
4084 85 0.7 89 0.5 94 0 
4134 4 0.6 18 0.6 40 0.5 43 0 54 0 59 0.3 81 1 83 0.3 87 1 90 0.6 
4142 17 0 47 0.7 54 0 62 0.4 76 0.8 
4241 22 1 36 0.3 37 0.9 42 0.6 49 0.8 94 0.4 
4296 10 0.3 19 0.7 22 0 44 0.8 75 1 
4318 6 0.9 9 0.9 14 0.3 18 0.5 54 0.7 60 0 72 0.5 87 0 
4510 26 0 42 1 52 0.6 
4515 9 0.4 32 0 77 0 78 0.8 
4587 9 1 19 0.9 20 0.4 34 0 52 0 
4628 8 1 18 0 31 0 33 0 36 0.8 40 0 53 1 89 0.3 90 0.7 
4644 36 0.8 56 0 
4655 24 0.6 55 0.9 60 1 
4731 10 0.3 37 0.3 56 0 63 0 
4736 1 0 15 0.6 18 0.9 29 0.9 35 0.9 61 0 71 1 
4847 69 0 72 0 91 0 
4965 27 0.7 29 0.8 31 0.5 41 0.8 50 0.9 52 0 60 0 72 0.7 92 0.5 99 0.5 
4978 3 0 14 0.7 26 0.3 43 0.4 47 0.9 48 0 60 0.8 68 0.3 75 0.6 81 0.6 
5095 60 0.4 63 0.5 69 0.3 86 0.5 95 0.3 
5252 6 0 19 0.7 60 0 
5349 78 0.7 
5392 44 0.4 65 0.6 70 0.5 98 0 
5750 24 0.5 70 0.3 76 0 
5818 1 0.7 48 0 77 0 91 0.7 
6163 12 1 33 0.4 36 0 39 0.8 
6258 2 0 55 1 63 0.6 74 0.3 75 0.8 78 0.9 90 0.8 91 0 96 1 
6259 6 0.4 20 0.4 21 0.9 22 0.6 41 0.8 56 0 78 0.5 92 0.8 
6305 23 0.4 30 0 32 0.8 48 0.6 50 0.4 
6414 20 0.7 36 0.4 39 0 45 0.6 55 0.9 79 0 82 0.8 85 0 88 0.3 
6563 24 0 36 1 69 1 
6571 17 1 36 0 44 0 45 0.5 50 0.5 61 0 76 0.9 94 1 97 0.6 99 0.5 
6742 71 0.5 
6835 2 0 7 0.6 27 0.3 39 0.9 41 1 47 0.9 80 0.7 84 1 85 0.9 88 0.5 
6878 29 0.8 45 0.5 49 0.4 68 0.6 89 0.6 
6944 3 0.8 19 1 89 0.3 94 0.7 98 0.7 
7014 20 0.8 29 0.5 52 0.5 63 0 69 0.9 70 0 73 1 76 1 80 0.7 96 0.7 
7164 15 0.7 22 0.9 23 0.8 59 0.7 61 0 71 0.8 72 0.3 82 0 91 1 
7257 3 0.5 23 0.3 51 0.8 52 0 97 0 
7784 36 0.5 
7914 4 0.5 26 0 29 0.9 40 0.9 47 0.3 56 1 61 0.7 67 0.9 
7933 12 0.8 27 0.6 43 0.4 78 0.6 80 0.3 88 0 99 0.8 
8000 5 0.7 50 0 74 0 
8150 42 0.8 64 0.7 
8188 7 0.5 38 0.9 46 0.7 58 0.8 59 0 75 0.7 
8409 13 0.3 19 0.8 21 0 22 1 24 0.9 78 0.9 91 0 
8502 47 0 54 0 56 0.9 62 0.6 69 0.9 76 0 87 0.4 91 0 
8521 78 0.5 96 1 
8790 23 0.7 39 0 45 0 46 0.5 53 0.9 54 0.4 57 0.8 63 0.5 68 0.4 
8818 29 0.3 95 0 
9014 12 0.8 40 0.3 57 0.4 58 0.7 70 0.9 91 0.5 
9076 4 0 27 0.7 28 0.4 37 0.7 92 0.3 
9215 18 0.4 26 0 36 0.6 40 0.5 45 0.3 48 0 56 0 61 0.6 87 0.7 
9541 4 1 28 0.8 44 0.3 45 0.7 57 0 69 0 70 1 80 0 84 0.7 
9572 0 0 21 0.6 49 0.4 55 0.7 65 0 86 0.6 
9688 4 0 17 1 71 0 
9784 3 0 10 0.4 12 1 23 0.5 49 0.6 50 0 62 0.7 83 0.9 86 0 98 0.3 
9915 99 1 
