100
70 96 0 
78 3 0 4 0.4 8 0.6 27 0.4 32 0 61 0.3 87 0.7 97 0.3 
206 3 0 46 0.9 75 0.8 86 0 93 1 
305 62 0.6 
414 1 0.8 16 0.3 25 0.6 68 0.8 89 0.3 
435 84 0.7 90 1 
482 62 0.4 
500 0 0.8 16 0.3 28 0 35 0.8 51 0 74 1 90 0.6 95 0.7 98 0.7 
855 39 0.9 56 0.6 70 0 79 0.4 81 0.4 
887 39 0.5 62 0.9 65 0 96 0 
1029 14 0.3 18 0.7 
1052 0 0.3 2 0 5 0.9 16 0.8 32 0.7 38 0 50 0.9 66 1 67 0.9 81 0 
1082 29 1 33 0.3 55 0.7 89 0.9 
1099 19 0.3 65 0 69 0.4 83 0.8 
1225 17 0.6 
1379 10 0.9 20 1 46 0.9 67 0 93 0.8 98 0.9 99 0.9 
1419 12 0.3 
1494 23 0.9 28 0.8 43 0.6 53 0 
1510 71 0.4 
1551 3 0.4 25 0 37 0 45 0.9 65 0 78 0 
1617 30 0 31 0 59 0.9 61 0.5 67 0.9 68 0 85 1 
1672 21 0.9 45 0 48 0.6 52 0 55 0.4 60 0.5 64 0.6 74 0.6 88 0.4 99 0.5 
1718 34 0 37 0 38 0.3 41 0.3 48 0.8 54 0.5 56 0.8 68 0.6 71 0.3 85 0 
1767 5 0.4 15 0.6 22 0 27 1 35 0 40 0 78 0.7 83 0.3 87 0.7 
1801 30 0.5 34 0.6 42 0.6 44 0 52 0.6 53 0.7 73 0 80 0 
1926 13 0.3 38 0 40 0.6 53 0.6 82 0.6 95 0.9 
1987 34 0.3 52 0.9 66 0.7 
2238 5 0.9 15 0.5 28 0 38 0.6 42 0 43 0.8 62 0.3 68 0.5 79 0 94 0 
2247 54 0.4 
2332 66 0 85 0.6 
2494 12 0 13 0.5 36 0.3 43 0 
2497 7 0.7 8 0.4 20 0.8 21 0.4 25 0.7 28 0 49 0.8 71 0.9 94 0.5 98 0.4 
2541 0 0.3 38 0.3 39 1 45 0.4 53 0.7 94 0.7 
2562 37 0.5 
2612 55 0.7 
2714 5 0.9 56 0 
2767 6 0.5 10 0.3 17 0.3 37 0.8 41 0.6 44 0 52 0 56 0.4 70 0.6 76 0.5 
2772 77 0 
2831 23 0.9 29 0.4 40 1 58 0.4 64 0 70 1 84 0.3 95 0.5 98 0.6 
3038 33 0.7 63 0.6 81 0.7 84 0.8 
3047 30 0 54 0.4 
3202 47 0.4 65 0.4 
3204 11 0 20 0 25 0.4 34 0 56 1 65 0 66 0.7 91 0.4 95 0.4 98 0 
3221 17 0.9 62 1 66 0.7 90 0.6 
3279 21 0.3 55 0 70 0.9 86 0.8 87 0 
3330 2 0 15 0.8 18 0.5 46 0.9 66 0 68 0.3 72 0.3 93 0.3 
3406 11 0.9 13 0.5 14 0 33 0.8 39 0.7 79 0.3 80 0.7 86 0.6 92 0 99 0.4 
3423 9 0.9 16 0 65 0.3 77 0.9 93 0 
3648 4 0.8 56 0.8 90 0.9 
3679 6 1 13 0.8 23 0.9 50 0.4 61 0.8 62 0 63 0.3 69 0.8 97 0.6 98 0 
3725 28 0 29 0.4 30 0.8 34 0.8 38 0.9 41 0.7 49 0.8 67 0.4 94 0.4 
3801 1 0.7 32 0.6 44 0.8 81 0.6 91 0.7 
3828 2 0.5 33 0 81 0.6 
3857 28 0 30 0.9 71 0.7 
3963 33 0.7 47 0.4 56 0 
4060 70 0.8 84 0.6 
4126 4 0.5 11 0 38 0 40 0.9 45 0 59 1 76 0.4 
4151 9 0.9 45 0.4 
4315 11 0.8 17 0.3 34 0 49 0.3 79 1 
4497 8 0 9 0 16 0.3 43 0.7 64 0 86 0.9 87 0 89 0.6 97 0 
4507 14 0.3 17 0.4 18 0.9 19 0.4 20 1 31 1 40 0 59 0.6 62 0.9 81 0.7 
4529 38 0.5 42 0.8 61 1 92 0.8 
4997 1 0 4 0.9 7 0.7 9 0.7 23 0.7 46 0.4 61 0 67 1 98 0 
5311 2 1 7 0 11 0.4 16 0.6 18 1 23 0.7 41 0 67 0.7 
5361 17 0.8 
5424 33 0.7 87 0.6 96 0.8 
5669 3 0.6 5 0.5 25 0.8 33 0.6 41 0.5 50 0.9 53 0.4 75 0.4 76 0.5 99 0.5 
6098 3 0.7 20 1 27 1 38 0.3 42 0.8 67 0.8 85 1 98 0 
6374 0 1 1 0.3 7 0.5 11 0 23 1 55 0.5 58 0.9 72 0.7 78 1 
6439 14 0.7 55 0.7 80 0.6 93 0.8 
6467 89 0.5 
6477 37 0.8 47 0.5 88 0.8 
6636 45 0.9 
6790 4 0 12 0.9 25 0.6 59 0.7 74 0.9 87 0.7 91 0 99 0 
6799 6 0.6 33 0 70 0 
6852 13 0 16 1 22 0.4 56 0.9 72 0.6 83 0.7 
6902 6 0.9 13 0.3 37 0.6 44 0.8 66 0.5 90 0 98 0.6 
7421 36 0.3 57 0.3 70 1 
7518 24 0.9 45 0.3 52 0.9 60 0.6 70 0.5 
7659 35 0.4 44 0.8 54 0 56 0.6 60 0.8 74 0.4 80 0.4 86 0 
7673 44 0 94 1 
7859 32 0.8 46 0 
7881 8 0 11 0 20 0.9 42 0.5 75 0.7 76 0 89 0.7 93 0.3 
7895 4 0 14 0.3 16 0 32 0.6 47 0.4 64 0.7 65 0.8 67 0.4 70 0 89 0.7 
8076 6 0 28 0.8 35 0.9 52 0 59 0.4 73 0.4 92 0.4 96 0.7 97 0.7 
8225 10 0 36 0 63 1 
8256 78 0 83 0.6 
8426 4 0.9 5 0 9 1 26 0 59 0.9 66 0 82 0.7 89 0.3 
8662 0 0.5 16 0.4 35 0.6 65 0.3 72 0.4 78 0.6 98 0.9 
8851 14 0.5 32 0.7 
8992 19 0.6 25 0 30 0.5 38 0 66 0.3 73 0.8 77 0.7 83 0.3 92 0.4 94 0.7 
9031 70 0.6 73 0 97 0.9 
9038 49 0.4 74 0.3 89 1 
9088 8 0 79 0.7 85 0 
9250 29 0.5 34 0 77 0.6 91 0.7 
9287 0 0 2 0.7 52 0.6 56 0.5 58 0.9 61 0.3 86 0.4 93 0.8 
9395 21 0.5 51 0.9 52 0 54 0.6 
9471 46 0.6 56 0.3 69 0.3 86 0 
9575 0 0.9 9 0.4 49 0.8 60 0.6 62 0 66 0.8 69 0.4 74 0 75 0.6 84 0 
9631 62 0 
