100
13 50 0 
41 8 0.4 35 0.4 40 0.6 41 0.9 42 0.9 77 0.7 92 0.3 
126 1 0.4 53 0.8 55 0.8 92 0.6 94 0.4 
146 8 0.8 39 0.4 61 0 75 0.3 91 0 
157 49 0.3 73 0.6 92 0.5 95 0.5 
277 3 0.3 17 0 20 0.6 44 0 49 0.9 67 1 84 0 92 0.3 
308 3 0.9 13 0 18 0 61 0 76 0 97 0.3 
344 21 0.8 29 0.8 33 0.9 58 0.9 73 0 77 1 88 0.4 89 1 91 0.9 
365 51 0 68 0.4 91 0 
463 15 0.6 27 0.4 38 0.8 53 0 61 0.4 65 0.3 67 0.9 93 0.5 
575 53 0.8 62 0.8 92 0 
616 0 0 3 0.6 15 0.8 21 0.3 22 0.5 32 1 38 0.8 41 0 56 0.7 59 0.5 
640 10 0.5 64 0.9 71 0 
653 0 0 2 0.8 47 0.8 
734 1 1 13 0.3 22 0.7 28 0 70 0.7 89 0 95 1 
771 7 0.8 17 0.9 50 0.8 68 0.5 70 0.7 71 0.9 72 0.7 
772 0 0 24 0.7 60 0 70 0.5 
810 16 0 33 0.7 64 0.8 68 0.8 
1092 28 0.7 30 0 33 0.8 46 0.8 
1138 6 0 18 0.8 29 0.7 
1148 1 0.9 4 0 20 0.6 24 0.3 29 0 33 0 79 0 93 0 94 0 99 0.4 
1230 49 0 70 0.6 79 0.4 80 0.5 94 0.7 97 0.6 
1241 14 0 49 0 
1390 71 0.9 
1396 14 1 53 0 64 0.6 77 0.3 84 0.4 
1628 18 0 29 0.3 47 0.4 48 0.4 61 0.5 70 0 80 0.7 
1776 3 0.7 47 0 54 0 62 0 68 0.3 70 0.9 89 0 
1848 10 0.4 13 0.3 31 0.6 42 0.6 45 0 54 0 55 0.6 76 0.9 96 0.4 
1857 10 0 18 0.3 46 0 50 1 
2245 38 0.3 62 0.9 64 0.6 80 0.9 
2286 43 0.5 74 0.8 
2302 0 0.9 25 0.6 34 0.4 43 0.3 64 0.6 80 0 88 0 
2336 1 0.5 4 0 6 0 18 0.8 40 0 50 0 71 0 78 0.5 88 0 92 0.4 
2425 68 0.6 93 0.3 
2543 1 0.4 3 0 21 0.4 29 0.6 34 0.7 72 0.3 75 0.4 79 0.5 89 0.9 
2640 16 0.5 29 0 41 0.6 72 0.8 75 0.8 85 1 
2641 31 0.4 38 0.3 44 0 61 0.9 71 0.9 
2744 16 1 
2749 10 0.7 60 0.4 68 0 
3057 3 0.6 28 0.6 39 0.9 52 0.5 66 1 73 0.9 
3078 5 0.5 63 0.4 
3085 29 0.7 59 0 87 0.4 97 0 
3133 12 0 46 0.3 89 0 96 0.3 
3180 8 0.6 20 0.7 33 0 48 0.4 49 0.7 54 0.6 60 0.8 63 0.7 67 0.9 72 0 
3294 6 0.9 7 0.9 37 0 53 0.8 59 0.3 61 0 65 0.5 73 0.8 81 0 86 0 
3307 34 0.8 43 0 
3548 4 0 26 1 39 0.5 59 0.6 96 0.7 
3776 25 0.8 
3814 10 0.3 23 0.4 40 0.3 41 0 70 0 81 0 
3918 0 0.7 7 0 9 0.8 31 1 
4013 27 0.8 47 0.4 62 1 
4223 7 0.3 25 0 33 0.5 36 0 40 0.5 66 0 93 0.9 
4373 10 0.5 28 0.3 33 0.4 37 0.6 58 0.6 84 0 96 1 
4514 59 1 61 0.9 62 0.5 64 0 74 0 88 0 96 0.4 
4521 11 0.9 
4608 2 0 8 0.7 17 1 37 0.6 38 0 53 0.5 65 0.8 74 0.5 83 0 95 0 
4641 3 0.3 25 0 38 0.4 45 0.3 59 1 61 0.7 69 0.9 70 0.8 80 0 84 0 
4765 59 0.7 
4811 29 0 32 0.5 
4855 40 0.6 
4877 33 0.6 65 0.5 67 0.8 81 0.5 92 0.8 
5012 7 0 29 0.8 65 0.6 
5266 4 0.4 66 0.4 78 0.5 92 0.4 96 0.5 
5270 31 0 
5298 4 0.6 9 0 12 0 17 1 19 0 22 0.4 60 0.5 
5309 2 0.4 6 0 13 0.6 22 1 27 0 55 0.5 89 0.3 94 0.4 
5432 56 0.3 78 0.4 
5437 20 0.8 
5532 1 0.7 2 0.4 11 0.8 62 0.3 91 0.3 93 0 99 0.4 
5569 16 0.9 31 0.3 69 0.5 
5623 20 0 47 0 91 1 
5737 14 0 17 0.5 25 0 33 0.9 42 0 43 0.3 
5742 34 0.6 46 0.3 65 0 80 1 97 1 
5796 36 0.9 37 0.3 43 0.6 45 0.5 72 1 79 0.8 82 0.4 90 0.9 95 0.9 
5819 7 0.4 98 0.3 
5829 32 0.6 60 0.9 74 0.4 85 0 
5902 2 0.9 4 0 16 0.9 23 0.5 48 0.5 75 0.3 78 0 
6026 25 0.5 
6355 82 0.5 89 0.6 
6694 46 0.5 49 0 70 0.9 78 0.5 
6975 16 0 35 0 52 0.9 67 0.7 98 0 
6989 24 0.4 28 0.6 32 0 47 0 55 0 86 1 89 0.9 
7404 30 0.4 45 0 57 0.4 85 0.8 94 0 
7897 34 0.9 47 0.5 50 0.8 58 0.9 60 1 62 0 65 0.4 66 0 87 0.8 93 0 
7984 15 0 19 0 21 0.6 44 0.6 74 0 80 0.8 82 0.9 86 0 99 0.7 
8029 14 0.8 16 0.7 31 0 49 1 58 0.4 60 0.9 
8197 6 0.7 9 1 20 0 
8316 10 0 21 0 29 0.7 68 0.3 78 0.8 92 0 
8401 27 0.6 
8487 21 0 32 0 85 0.3 
8657 0 0 26 0.9 40 0.3 42 0 49 0 70 0 85 0 89 1 
8929 58 0.6 
8934 2 0.8 13 0 15 0 25 0.5 49 0.4 
9012 98 0.6 
9178 45 0.7 67 0.6 
9517 47 1 88 0.9 
9534 81 0.8 89 0.4 98 0 
9715 38 0 65 0 82 0.9 
9833 93 0.8 
9949 13 1 44 0.4 71 0 
