100
512 8 0 24 0 27 0.8 35 0 49 1 64 1 83 1 85 0.9 86 0.7 
580 6 0 16 0 35 0 37 1 55 0.8 67 0.7 89 0 93 0.5 
588 84 1 
940 40 0 90 0 94 0.3 
964 20 0.5 21 0.3 24 0.4 53 0.3 66 1 72 0 77 0 89 0.7 90 0.4 91 0 
1003 3 0.3 10 0.4 11 0.6 38 0.3 52 0.8 66 0.3 79 1 90 0.5 95 0.8 
1009 69 0.7 
1150 35 0.5 78 0.8 
1208 4 0.5 6 0.9 14 1 16 0.8 26 0.6 41 0.5 52 0.4 53 0.3 56 0.4 68 0.9 
1288 61 0.8 77 0 
1300 36 0 93 0.8 
1446 31 0.4 90 0 
1509 9 0.3 13 0 57 0.8 60 0 77 0.3 
1548 16 0.5 34 0.5 64 0 89 0.8 90 1 
1549 44 0 75 0.6 81 0.9 91 0.6 
1715 13 0 45 0 98 0.8 
1741 36 0 48 0.7 49 0.9 53 0 95 0.7 
1773 68 0 76 0.8 80 0.8 
1814 45 1 46 1 55 0.8 86 0.3 98 0.3 
1838 34 0.6 
1856 20 0.5 47 0.5 
1878 21 0 29 0.5 60 0.7 72 0.7 75 0.7 79 0.3 87 1 96 0.8 97 0.9 
2062 1 0 5 0 36 0.3 45 0.8 61 0.5 65 0 77 0 88 0.8 98 0 
2281 11 0.3 19 0.7 
2301 2 0.4 13 0.6 19 1 28 0.6 59 0.7 60 0.3 88 0.5 91 0.6 95 0 96 0.5 
2318 3 0.8 25 0.5 26 0.4 38 1 44 0 51 0.4 73 0.4 79 0.5 90 0.9 
2351 48 0.3 
2519 14 0 20 0 23 0.9 39 0 73 0.3 
2671 2 0 14 0.6 16 0.9 31 0.4 36 0.5 59 0 82 0 
2746 8 0.8 
2765 22 0.6 26 0.8 27 0.7 32 0.3 35 0 45 0.5 69 0.7 85 0.9 91 0.6 
2885 43 0.8 82 0.7 
2954 9 0.5 51 0.5 59 0 
3163 11 0 58 0 81 1 
3186 9 0 23 0.9 46 0 51 1 54 0.5 96 1 
3452 25 0.9 
3463 2 0.3 28 0 53 0.9 98 0 
3719 49 1 78 0.6 
3970 46 0.9 53 0.5 
4042 5 0.9 15 1 25 0.3 43 0 78 0 80 0 
4094 5 0 8 0 12 0.4 19 0 25 1 36 0.7 62 0.9 92 0.3 
4214 52 0.4 91 1 
4271 29 0.8 43 0.8 49 0.8 81 0 
4394 4 0.8 36 0.7 84 0 85 0.5 92 0 94 1 
4423 9 0.4 22 0.8 23 1 64 0.3 66 0.4 74 0.8 85 0.6 99 0 
4461 0 0 5 0.7 25 0 85 1 87 1 91 0.9 
4653 52 0.7 57 0.8 70 0.6 
4662 8 0.8 53 0.8 69 1 90 1 
4781 8 0 28 0.8 34 0.7 39 0.7 61 0.4 63 0.7 74 0.7 84 0.3 85 0 
4879 2 0.7 22 0.9 23 0.4 34 0.6 57 0.6 70 0 72 0.8 81 0 93 0 
5107 2 0.3 17 0 29 0 37 0.5 44 0 66 0.5 70 0.7 
5126 12 0.5 38 1 40 0 44 0 65 0.8 78 0.9 90 0.7 93 0.9 97 1 
5158 18 0.4 37 0.9 40 0.7 68 0 88 0.7 93 0.5 
5165 11 0.8 18 0 27 0.6 29 0 37 0.3 72 0.4 82 0.4 
5543 30 1 32 0.4 41 0.9 42 0 43 0.4 48 0.3 58 0 65 1 78 0.6 87 0.7 
5588 20 0 51 0 58 0.5 61 0.6 77 0.8 84 0.3 85 0.8 88 0.9 
5615 27 0.4 30 0.8 36 0.8 44 0.7 56 0.9 69 0.8 70 0.3 96 1 99 0.8 
5901 34 0.4 79 0 81 0.9 82 0 85 0.8 87 0.6 92 0 
6130 35 0.8 93 0.5 
6273 6 0.8 14 0.8 20 0.6 35 0.3 54 0.5 64 0.6 76 0.8 
6436 18 0.3 24 0.9 25 0.8 61 0.6 76 0.9 88 0 92 0 97 0.4 
6447 36 0.8 72 0.8 75 0.7 88 0.4 
6475 1 0.9 16 0.9 24 0.9 73 0.9 75 0.9 88 0.9 91 1 94 0.6 95 0.3 97 0.7 
6536 26 0.4 55 0.7 
6769 5 1 15 0.8 26 0 29 0.7 38 0 51 0 53 0.9 57 0 81 0.7 
6836 13 0.6 16 0 24 0.9 39 0.5 59 0 63 0 64 1 66 0 73 0 89 1 
6917 11 0.4 73 0.6 85 0.9 86 0.8 99 0.8 
7033 23 0 24 0.9 34 0.6 41 1 71 0 83 0.8 
7072 8 0 17 0.9 25 0.7 47 0.7 54 0.4 55 0.6 71 0.8 89 0.9 99 0.4 
7095 14 0.5 19 0 32 0.3 49 0.9 51 0.8 64 0 81 0.5 
7100 4 0 5 0 50 0 
7129 12 0 30 0 35 0.6 42 0.7 43 1 52 0.4 59 1 83 0 
7205 1 0.3 38 0.8 45 0.7 57 0 63 0.8 82 0.9 92 0.8 
7266 13 0.3 18 0.7 20 0.6 34 1 72 0 75 0 88 0.8 
7277 20 0.6 45 0 48 0 60 0.9 97 0.3 
7504 29 0 62 0 80 0.8 
7575 15 0.8 37 0.7 42 0 56 0.3 58 0.9 90 0.4 
7625 32 0.7 54 0 65 0 
7702 4 0.9 13 0.9 15 0.8 43 0 52 0 55 0.3 65 0.4 77 0.8 
7815 2 0.5 28 1 
7914 4 0.5 26 0.6 29 0.3 40 0.3 47 0 56 0.8 61 0.5 67 0.9 
7920 9 0.6 31 0 35 0.5 57 0.3 62 0.3 
7931 8 0.5 16 0.8 18 0 33 0.5 45 0.9 62 0.3 67 0 69 1 78 1 85 0 
8001 18 0.5 23 0.7 88 0.6 
8081 59 0.8 96 0 
8181 29 0.4 38 0 73 0.5 86 0 
8237 11 0.6 13 1 52 0.7 69 0 77 0 
8247 13 0.5 42 0.4 53 0.3 55 0 74 0.7 
8300 18 0 33 0.6 41 0.7 43 0 70 0.4 73 0.4 84 0.9 92 0.6 
8391 25 0 
8503 9 0.8 12 0 15 1 22 0 33 0 41 0.8 55 0.4 56 0.4 81 0.8 95 0.7 
8814 7 0.7 43 0.9 75 0.8 96 0.8 
8978 25 0.9 32 0.9 53 0.5 68 0.4 71 0.8 93 0.3 97 0 
8995 11 1 17 0 25 0.3 30 0 59 0.8 62 0 68 0.8 90 0 
9217 14 0.8 19 0 40 0 64 0.3 
9381 10 0.3 23 0.3 32 0.7 54 0 61 0.8 74 0.3 79 0.3 85 0 99 0 
9421 35 0.8 46 0.5 
9690 31 0.5 
9734 9 0.5 73 0.3 
9797 8 0.4 9 0 21 0.6 24 0.4 40 0 70 0.4 79 0.3 
