100
140 56 0.3 61 0.6 76 0.8 
155 85 0.8 95 0.8 
220 0 0.8 19 0.9 42 0.4 48 0.3 65 0.7 80 1 94 0 97 0.4 
244 23 0.3 25 0.4 27 0 58 0.4 
326 3 0.4 6 1 20 0.6 55 0.5 79 0 
373 78 0 90 0.5 
464 30 0.9 
502 3 0.9 5 0.3 11 1 18 0.5 33 0 55 0.7 89 0 
720 0 0.3 2 0.7 6 0 38 1 50 0 71 0.8 93 0.5 99 0.3 
726 19 0.6 48 0.8 95 0.6 
759 26 0 45 0 69 0.4 70 0 
796 27 0.4 75 0.8 76 0 80 0.7 84 0 94 0.9 
847 22 0 83 0.9 85 0.5 87 0.4 
966 10 0.5 13 0 30 0 56 0.8 74 1 80 0 81 0.4 90 0.3 
1084 7 0.5 24 1 47 0.3 64 0 70 0 84 0 
1141 11 0.4 12 0.7 20 0.9 33 0.4 47 0 56 0 86 0.3 89 0.3 90 0.5 95 0.6 
1154 1 0.9 2 0 5 0 22 0.6 24 0.9 26 0 79 0 
1233 28 0.8 90 0.3 
1594 9 0.6 13 0.7 25 0 58 0.4 
1633 6 0.8 12 0.5 22 0 30 0 68 0 74 0.9 76 0 83 0 
1697 17 0.9 43 0.7 58 0.7 
1803 31 0 40 0 42 0 59 0 82 0 86 0 87 0.4 
1905 20 0.8 21 0.6 25 0.7 32 0.8 56 0.8 60 0.6 65 0.5 66 0.4 72 0 75 0.4 
2057 2 0.5 47 0.5 52 0 98 0 
2128 86 0.3 
2167 28 1 49 0 77 0.7 79 0.4 
2169 51 0.9 
2191 11 0.9 37 0.4 45 0.5 
2258 22 0 35 0.4 57 0.7 60 0.3 62 0.4 88 0.5 89 0.8 
2280 88 0.4 
2370 22 0.9 43 0.5 
2490 9 1 95 0.5 96 0 
2526 1 0.3 6 0.6 28 0.4 34 0.5 38 0 43 1 58 0 90 0 
2571 23 1 25 0 33 0.4 45 0.5 54 0.8 65 0.5 66 0 75 1 88 0 
2628 3 0.8 5 0.3 34 0 46 0.6 65 0.6 77 0.3 86 0.8 87 0 99 0 
2636 11 0 62 0.7 63 0.7 69 0.6 76 1 84 0 
2672 12 0.8 19 0.6 44 0 
2860 7 0 46 0.9 50 0 94 0.7 
2929 54 0.6 83 0 95 0.8 
2938 1 0.5 17 0 20 0.7 21 0.8 59 0 73 0 80 0.6 94 0 
3008 1 0.9 3 0.7 26 0 62 0 67 1 69 0 88 0.4 89 0 
3061 32 0.5 48 0.3 56 0 60 0.4 87 0 91 0 94 0.7 
3128 6 0 33 0 38 0.4 49 0.9 50 0 58 1 82 0.5 93 0.8 
3379 5 0 10 0.3 11 0.5 24 0 49 0 53 0 63 0.8 68 0.3 73 0.3 74 0.8 
3556 0 1 41 0 55 0.6 68 0 
3727 18 0 43 0.9 51 0.5 59 1 73 0.3 99 0 
4014 7 0.7 8 0.9 39 0.8 86 0.4 97 0 
4147 13 0.4 45 0.4 47 0 49 0.5 51 0.6 56 0.9 58 0 59 0.5 75 0.9 97 0 
4162 6 0.8 49 0 57 0.9 58 0.3 68 0.9 69 0.5 
4301 0 1 12 0 21 0.8 25 0.5 59 0 61 0.3 68 1 76 0 88 0.9 93 0.5 
4323 15 0 42 0 63 0.5 79 0.5 86 0.7 93 0 94 1 95 1 97 0.4 
4638 13 0.7 38 0.7 83 0.6 94 0.3 97 0.5 98 0.4 
4755 1 0 20 0.8 42 0 45 0.8 47 0 67 1 90 0.7 98 0.7 
4912 1 0.6 12 0 32 0.4 
5224 10 0.9 
5304 2 0 13 0.3 14 0.6 52 0 65 0 66 0.4 78 0.4 82 0.4 86 0.3 94 0.6 
5401 28 0 
5471 23 1 55 1 78 0.3 95 0.3 
5478 10 0.4 20 0.4 43 0.9 57 0.8 69 0.3 77 0.3 93 0.4 
5639 20 0 29 0.8 30 0.3 66 0 72 0 
5662 4 0 6 0.9 13 0 25 0.9 32 0.6 60 0.6 66 0 71 0 
5687 4 0.9 21 0 28 0.4 33 0 45 0 65 0.4 89 1 90 0.4 
5800 38 0.9 41 0.9 66 0.6 80 0.9 88 0.3 94 0 95 0.5 97 0 
5871 15 0 24 0 56 0 84 1 94 0.7 
5981 1 0.8 15 0.5 30 1 56 1 57 0 58 0 82 0.7 92 0.7 94 0.7 
6008 1 0.9 6 0.8 13 0 17 0.3 28 0 29 0.4 82 0.7 
6096 47 0.5 81 0.8 85 0.8 89 0.4 
6123 43 0.3 51 0.9 85 0.4 
6143 32 0.9 35 0.9 58 0.8 60 0.6 61 0 76 1 82 1 98 0.3 
6187 3 0.9 37 0.3 40 0 53 1 69 0 75 0.6 90 0.6 91 0.7 
6338 2 0.5 6 0.5 58 0.9 78 0.8 90 0.9 
6361 58 1 61 0 
6696 65 0.3 70 0 
6780 4 0.4 11 0.7 12 0.4 31 0.5 59 0.4 71 0.8 72 0.7 81 0.4 98 0 99 0.4 
6806 0 1 
6996 11 1 15 0 35 0.6 40 0.5 43 0.9 78 0.5 88 1 
7026 26 0 27 0 42 0 47 0.6 54 0.8 58 0.9 82 0.7 
7033 23 0.6 24 0 34 0.3 41 0.9 71 0.6 83 0.3 
7060 3 0.9 16 0.6 37 0.9 49 0.8 68 0 80 0.3 
7138 63 1 
7391 54 0.5 71 0.6 81 0 90 0.8 96 0.3 
7562 52 1 90 0.9 98 0.9 
7628 29 0.5 
7686 31 0 
7760 14 1 25 0.3 40 0.7 43 1 64 0.6 81 0.5 88 0.9 90 0.7 94 0.8 
8048 34 1 36 0.5 40 0.4 47 1 83 0.7 
8138 23 0.3 24 0.3 36 0.6 50 0.7 53 0 54 0.9 58 0 71 0 78 0 95 0 
8310 13 0.7 37 0.6 94 1 96 0.9 
8381 63 0.8 
8458 9 0 12 0.4 20 0.8 21 1 33 0 48 0.8 54 0.4 87 0.7 
8668 22 0.8 26 0 29 0.4 30 0 56 0.8 57 0 81 0.5 82 0.7 88 0.4 96 0.9 
8852 75 0 
8870 3 0.6 30 0 57 0 62 0 76 0.6 77 0.4 80 0.7 85 0 91 0.7 98 0 
8889 14 0.9 15 0.3 24 0.9 29 0.5 42 0.8 56 0.7 68 0.6 71 0 86 0.3 89 0.4 
8898 27 0.9 
9101 32 0 62 0.7 65 0 66 0 72 0.9 75 0.8 85 0.9 97 0.6 
9496 26 0 32 0 36 0.6 55 0.8 63 0 64 0 66 0.9 
9541 4 0.3 28 0.6 44 0.3 45 0.8 57 0 69 0 70 0.7 80 0 84 0.8 
9590 31 0 
9873 1 0.8 15 0.4 72 0.9 75 0.6 
