100
50 16 1 79 0 
79 11 0.4 33 0.9 36 0.3 41 0.8 50 0.6 81 0.3 86 0 
155 85 0 95 0.3 
242 39 0.3 56 0 74 0.4 80 0 99 0.7 
355 4 0.9 5 1 14 0.4 29 0.5 42 1 56 0.8 60 0.3 73 0 77 0 
411 38 0.6 45 0 69 0.7 
599 80 0 83 0.4 
614 1 0.4 23 0.7 26 0 32 0 40 0.3 81 0.4 96 0.4 
682 19 0.7 81 0 87 0.6 91 0.9 
913 16 0 18 0 23 0.8 31 0.4 54 0.5 
966 10 0 13 1 30 1 56 0.8 74 0.8 80 0.4 81 1 90 0 
1011 1 0 4 0.6 28 0.6 31 0.9 78 1 93 1 
1062 2 0.5 29 0 
1182 34 0.8 
1205 14 0 15 0.4 20 1 27 0 33 0 36 0.3 78 0.7 80 0.5 99 0.3 
1355 3 0.8 24 0.8 26 0 47 0.7 72 0 73 0 
1437 27 0 28 0.6 41 1 48 0.5 67 0 98 0.7 
1461 35 0.3 37 0.7 41 0 45 0.5 58 0 75 0.7 77 0.8 
1471 65 0 72 0.8 96 0.9 
1620 97 0 
1678 35 0.6 42 0 58 0.6 65 0.9 70 0 88 0.8 89 0.8 91 0.4 93 0.7 
1801 30 0.9 34 0.5 42 0 44 0 52 1 53 0.7 73 0.8 80 0 
1853 65 0.8 87 0.5 
2318 3 0.8 25 0.6 26 0.6 38 0 44 0.7 51 1 73 0 79 0 90 0.3 
2443 5 0.8 19 0.5 22 0.6 23 0.9 55 0 66 0.3 76 0.3 78 0 86 0.3 
2502 54 0.3 56 0.3 57 0 62 1 78 0.5 
2588 26 0 32 0.5 39 0.4 42 0 69 0.3 
2650 6 0.6 29 1 46 1 74 0.5 89 0.3 
2662 3 0.5 25 0.6 42 0.7 43 0 63 0.4 73 0 88 0.6 
2742 0 0 5 0.6 24 0 75 0 
2809 90 0.8 
2829 7 0.4 
2974 17 0 92 1 
3126 4 0.6 32 0.9 38 0 47 0 64 0.5 69 0.3 
3461 13 0 25 0.9 
3585 6 0.4 20 1 
3599 11 0.4 30 0 42 0.5 54 0.4 56 0.8 60 0.4 77 0 
3669 18 0.7 21 0.6 47 0.9 
3683 77 0.3 
4010 4 0 26 1 37 1 43 1 49 0.5 51 0.6 
4277 14 1 17 0.3 26 0 34 1 82 0.3 
4282 31 0.9 42 0 83 0.6 
4304 24 0.3 41 0.6 51 0.4 66 0.5 80 0.4 
4391 83 0.6 94 0.6 96 0.4 
4522 51 0.5 54 0.7 86 0 91 0 
4536 4 0 10 0.5 11 0 12 0.9 15 0.3 22 0.3 34 0.4 70 0.9 
4754 1 0.8 12 0 
4796 5 1 6 0.8 43 0.9 48 0 61 0 72 0.5 74 0 
4881 0 0.9 11 0 15 0.7 17 0.3 20 0.9 50 0.6 60 0.6 76 1 98 0 
4914 8 0.5 78 0.8 88 0.6 
5034 2 0 80 0.6 
5182 12 0 18 0 24 0.8 32 1 88 1 95 0 
5277 2 0.6 3 0 33 1 37 0.8 39 1 81 0 90 1 91 0.9 
5524 16 0.6 21 0 22 0.7 23 0.6 29 0.8 38 1 47 0.4 57 1 83 0.9 90 0.6 
5620 10 0.4 46 0.5 55 0.7 91 0.8 
5709 7 0.3 9 0.6 70 0.6 
5918 0 0.9 24 1 30 0.7 68 0.6 69 0.4 
5948 16 0.6 34 1 69 0.6 72 0.9 76 1 81 0.5 
5957 6 0.4 9 1 16 0.5 27 0.3 60 0.4 97 0 
6048 3 0.4 
6289 64 0.3 
6373 45 0.5 55 0.6 86 0.5 91 0.3 
6379 44 0.8 65 0 89 0.6 
6435 0 0.9 8 0 24 1 47 0 48 1 63 0.4 73 0.7 75 0.8 89 0 98 1 
6465 2 1 21 0.8 37 0 55 0.6 71 0.4 72 0.3 
6524 8 0.3 49 0.3 51 0.6 69 0 80 0 94 0.8 
6638 17 0.9 99 0 
6764 9 0.3 59 0.4 62 1 
6942 12 0 16 0.9 29 0 35 0.8 43 0 57 0.9 61 0.4 70 0 87 0.4 90 0.9 
6978 29 0.4 77 0 
7050 28 0.4 54 0.5 86 0.3 
7059 10 0.9 32 0.6 34 0.5 39 1 41 0.5 68 0 98 0 
7302 36 1 40 0 49 0.6 60 0 
7366 30 0 50 0.5 55 0 64 0.6 
7454 22 0 31 0.5 36 0.4 62 0.5 86 0.8 
7497 5 0.8 18 0.7 38 0 40 0 45 0.3 65 0.6 
7583 10 0.5 52 0 
7585 26 0.9 47 0.8 72 0.7 83 0.7 92 0.8 
7642 20 0.8 27 0 28 0.8 30 0 38 0.7 59 0.3 68 0 77 0 87 0 88 0 
7646 4 0 9 0.7 21 0.3 33 0 49 1 61 0.5 74 0 85 0 91 0.5 98 0.9 
7659 35 0.6 44 1 54 0.7 56 0.6 60 0.5 74 0.4 80 0 86 0.5 
7963 1 0.9 23 0.6 27 0.7 74 0 99 0.6 
8045 8 0.9 24 0.5 30 0 45 0 54 0.5 58 1 63 0.9 70 0 85 1 98 0.9 
8118 19 0 26 0.4 37 0 38 0.5 66 0.4 73 1 
8184 6 0.9 10 0 11 0 21 0.4 36 0.6 66 0.4 76 0 84 0 97 0.6 
8349 16 0.7 21 1 32 1 41 0.7 52 0 55 0.9 56 0 62 1 94 0.3 
8358 5 0 32 0 64 0.3 80 0 
8544 22 0.8 43 0 47 0.3 58 0.9 64 0.8 88 0.9 
8892 25 0.8 37 0 41 0.5 97 0.8 
8915 15 0.9 17 0 30 0 41 0.4 54 0.3 80 0.4 
8998 16 0 39 0.3 43 0.4 48 0.8 55 0.6 59 0.6 73 0.4 86 0 88 0.7 90 0.3 
9393 27 0.9 78 0.3 81 1 98 0.8 
9436 4 0.5 15 0.9 25 0 53 0.6 61 0 67 0 75 0.3 
9442 12 0.8 16 0 20 0 34 0.8 65 0.9 66 0.8 73 0.5 83 0.6 85 0.5 96 0 
9570 76 0.9 
9593 6 0.9 23 0.7 25 0.6 27 0 29 0 30 0.5 50 0 74 0 84 0.6 
9779 30 0.6 39 0.6 73 0.6 
9964 10 0 14 0.7 26 0.3 40 0.6 47 0.4 52 0.8 63 0.9 75 0 
9975 3 0.8 15 0 28 0.3 31 0 47 0.5 65 0.5 75 0.9 89 0 96 0 
9981 10 0.5 11 0.6 28 0.7 37 0 56 0.7 60 1 77 0.6 78 0.6 88 0.8 99 0.9 
