100
16 16 1 23 0.8 34 0 66 0 76 0.9 91 0.7 92 0.5 
105 29 0 36 1 55 0.4 56 0 78 0.5 81 0 82 0.6 87 0.7 92 0 95 0.8 
116 5 0.6 13 0 23 0 48 0 89 0.9 96 0.8 
169 10 0 54 0.4 69 0 
584 0 0 5 1 15 0.3 49 0.6 93 0 
782 76 0.3 86 0 
842 0 0.8 4 0.4 28 0.8 46 0.4 83 0.5 87 0.4 98 0 
979 48 0.9 64 0.4 71 1 
1001 6 0.8 7 0.4 20 0.9 31 0.7 54 0.9 57 0 74 1 92 0.9 
1008 4 0 79 0.5 84 1 
1076 45 0.5 
1097 16 1 43 1 70 0.7 73 0 95 0 
1130 3 0.4 21 0.4 24 0 37 0.8 42 0 45 0 47 0 74 0.6 92 0.6 
1200 2 0 8 0.3 43 0.7 46 0 50 0 53 0 85 0.5 94 0.3 
1201 11 0 13 0.6 28 0.8 35 0.8 
1221 7 0 15 0.3 54 0 59 0.8 69 0.7 72 0.5 77 0 98 0 
1253 12 0 44 0.4 51 1 62 0 65 0.7 90 0.9 91 0.5 92 0.7 
1399 11 0.7 28 0.3 39 0.3 49 0.9 50 0 65 0.8 67 0 
1414 9 0.8 22 0 31 0 36 0.9 62 1 66 0 89 1 93 0.3 99 0 
1424 27 0.8 75 1 76 0 
1426 0 0.3 9 0.9 23 0.6 28 0 38 0.3 46 0.3 47 0.5 51 1 55 0.3 61 0 
1516 19 0.4 36 0 92 0.5 
1534 16 0.6 34 1 64 0.4 68 0.4 91 1 
1603 35 0.8 58 1 60 0.8 68 0.9 85 0.7 
1710 3 0.8 41 0.7 88 0.8 
1777 1 0 39 0.5 60 0.3 82 0 94 0.4 
1825 88 0.9 
1876 6 0 27 0.8 44 0 81 0.4 
1924 4 0 7 0.3 22 0.7 27 0 30 0 31 0 61 0 63 0.8 66 0 73 0 
2005 17 0 25 0.4 45 0.7 69 0.3 72 0.5 77 0 
2105 21 0.4 35 0.8 43 0.7 58 0.4 72 0.9 73 0.5 90 0.4 91 0.9 93 0.3 
2140 2 1 23 0.7 26 0.3 33 0.6 34 0.8 55 0 61 0 90 0.7 99 0.6 
2351 48 0 
2584 25 0.9 62 0 89 0 
2646 5 0.7 10 0.7 31 1 54 0 55 0 68 0.5 77 0 82 0.5 
2759 63 0.7 72 0.7 
2763 13 0.9 19 0.6 25 0 38 0.3 67 0 72 0.7 89 1 
3211 37 0 
3236 4 0.7 41 0.3 
3326 1 0 45 0 
3453 10 0.6 11 0.6 54 0.7 55 0.8 57 0.4 95 0.3 
3466 18 0.6 56 0 79 1 96 0 
3696 35 0 
3792 18 0.9 24 0 79 1 
4029 45 1 55 0.3 75 0 92 0.5 
4318 6 0 9 0 14 0.7 18 0.9 54 0 60 0.6 72 0.7 87 1 
4368 72 0.6 78 0 
4487 7 0 19 0.6 28 0.6 35 0.7 36 1 40 0 47 0.9 50 0.6 56 0.3 71 0.6 
4706 7 0 17 0 25 0.7 29 0.6 33 0 35 0.7 51 0 68 0 69 0.6 91 0 
4768 2 0.8 6 1 54 0.6 
4822 10 0.3 26 0 44 0 48 0.3 64 0 74 0.9 79 0 
4830 14 0 15 0 27 0.7 33 0.8 41 0 45 0.8 54 0.8 60 0 66 0.3 99 0.8 
4970 9 0.5 13 0 22 1 23 0.7 25 0.4 31 0 53 0.8 90 0 
5359 8 0.8 14 0.8 21 0.5 25 0 29 0.6 38 0.5 98 0.3 
5398 19 1 36 0.8 44 0.3 49 0 54 0.6 
5776 8 0.9 14 0.8 50 0.3 57 0 66 0 73 0.8 87 0.9 91 0.7 92 0.9 96 0.5 
5805 24 0.8 41 0.4 43 1 62 0.3 66 0 
6026 25 0.3 
6029 20 1 81 0 96 0.5 
6044 39 0.3 
6226 33 0.5 48 0.5 
6386 0 0.6 2 0.8 3 0.4 19 0 45 0.5 56 0.9 58 0.5 69 0 90 1 
6429 3 0.8 
6438 16 0 74 0.7 
6583 1 0.7 33 0.4 39 0.6 48 0 53 0.9 55 0.4 65 0.7 93 0 
6778 2 0.3 3 1 15 0 17 0 28 0.4 34 0.7 48 0.6 65 0 70 0.7 95 0 
6821 3 0 25 0.7 26 0 45 0.5 49 0.3 58 0.9 68 0.6 89 0.6 
6862 19 0.8 46 0.5 75 0 90 0.7 94 1 
6863 19 0.7 46 0 76 0.7 84 0.3 
6880 39 0.4 57 1 66 0 76 0 94 0.4 
7027 75 0.7 77 0.3 87 0 
7071 29 0.9 37 0.4 52 0 69 0.7 80 0.5 97 0 
7092 8 1 10 1 16 0.4 47 0 51 0 55 0.3 96 0 
7154 50 0 
7257 3 0.8 23 0.8 51 0 52 1 97 0.7 
7365 19 0 26 0.6 44 0.4 45 0.3 78 0.4 
7498 6 0.3 35 0.8 36 0.4 60 0 78 0.7 79 0.7 89 0.8 
7622 45 0 
7627 26 0.6 49 0.9 53 1 59 0.7 61 0.4 77 0.7 97 0.3 
7714 8 0 15 0.7 22 0 88 0 92 0.4 94 0.4 97 0 
7773 19 0 28 0 34 0 38 0 45 0.8 84 0 85 0.3 95 0 
7784 36 0.8 
7844 18 0 40 0.8 57 0.9 61 0.5 72 0.5 84 0.5 95 0.5 
8015 6 0.4 17 1 37 1 45 0.8 60 0.9 67 0.8 77 0.7 93 1 
8245 25 0.7 29 0.3 35 0 36 0.9 44 0.5 49 0 63 0.6 71 0 74 0 85 1 
8252 10 0.3 11 0 35 0.4 39 1 51 0 81 0.3 82 0.7 94 0 
8394 7 0 13 0.6 34 0 35 0 62 0 67 0.8 73 0 89 0 
8440 4 0.8 7 0.9 17 0 43 0.8 45 1 48 0.8 49 0.5 62 0.7 78 0 90 0 
8489 21 0.7 34 0.5 43 0.6 90 0.8 99 0 
8525 5 0.4 58 0.9 
8528 91 0.3 
8566 30 0.3 
8981 9 0.4 29 0.3 
9116 11 0.5 22 0.3 29 1 35 0.7 36 0 65 0.3 82 0.5 88 0 97 0 
9147 1 0 14 0.3 43 0.9 53 0.5 55 0 57 0 72 0.7 75 0 
9242 15 0 18 0.9 32 0.6 
9407 19 0.3 20 0.4 43 0 48 0.7 49 0.3 50 0 
9465 26 0.7 32 1 34 0.5 44 0 50 0 59 0.6 
9839 0 0.5 4 0 9 1 23 0.3 49 0.8 68 0.7 81 0.5 85 0.4 90 0.3 
9879 1 0.3 21 0 62 0.8 66 0 71 0.4 72 0.7 75 0.5 76 0.6 
