100
51 48 0.3 51 0.9 56 0.6 57 0.8 63 0.8 85 0.4 92 0 
140 56 0 61 0 76 0 
198 0 0.7 5 0 23 0.8 37 0 52 0.5 56 0.7 80 0.7 82 0 89 1 93 0.7 
331 18 0.7 21 0 28 0 52 0.6 57 0 61 0.3 84 0 95 0 
333 9 0.9 12 0 91 0 
374 40 0.9 59 1 71 0 79 0.7 83 1 85 0 89 0 90 1 
604 5 0 17 0 41 0.9 42 0.4 48 0 49 0 50 0.5 58 0.4 66 0.8 88 0.3 
680 30 0.8 44 0 51 0 53 0.8 57 0.7 72 0.9 
795 64 0.8 
974 1 1 29 0.9 44 0 45 0 60 0.5 75 0.7 80 0.6 
1030 3 0.5 12 1 27 1 48 0.5 71 0 80 0.4 85 0.4 
1120 18 0.9 25 0.8 
1121 0 0.5 21 0.5 70 0 74 0 
1214 10 0 17 0.4 32 0.4 58 0 68 0 79 0.6 
1321 5 0.4 11 0.9 18 0 34 0.8 42 0.4 54 0.4 60 0.9 67 1 69 0.5 79 0.9 
1339 17 1 52 0 
1411 15 0.7 20 0 23 0.5 29 0 83 0 88 0 91 0 95 0.6 97 0.3 
1601 42 0.6 48 0.3 57 0 
1663 2 0 15 1 20 0 27 0 62 0.7 74 0.4 97 0.8 
1695 12 0 
1870 14 0.9 44 0.5 96 0 
1884 51 0.6 57 1 63 0.6 65 0.5 69 0.7 74 0.6 77 0.9 78 0.9 89 0 93 0.8 
1893 14 0.6 19 0.3 42 0 57 0.9 59 1 61 0.3 77 1 79 0.3 85 1 
1906 40 0.5 50 0.4 54 0.7 56 0.3 69 0.9 85 0.3 98 0.3 
1943 50 0.3 84 0.7 
1960 49 0.9 
1983 42 0 46 1 49 0.6 52 0.3 77 0 89 0.6 
2003 5 0.5 11 0.7 14 0.5 19 0.8 73 0.7 96 0.6 
2075 11 0 14 0.7 16 0.8 24 0.9 58 0.4 72 0.8 82 0.6 90 0.5 
2112 23 1 37 0.4 44 0.3 63 0.4 94 0.6 95 0.7 97 0.3 
2512 40 0.6 60 1 70 0.4 
2515 19 0.5 45 0 57 0.4 80 0.4 
2585 14 0.7 24 0.6 33 0 53 0 74 0.3 93 0 
2710 45 1 
2737 64 1 69 0.9 95 0.4 
2742 0 0.5 5 0.4 24 0.5 75 0.3 
2794 23 0.8 43 0.4 49 0.4 68 0.7 85 0.4 91 0.7 93 1 
2803 2 0.8 4 0.8 17 0 28 1 64 1 71 0 90 0 93 0.5 
2904 5 0.5 37 0.5 47 0.8 74 0.8 83 0.9 84 0.6 98 0.3 
3192 4 0.7 5 1 9 0.5 23 0.5 34 0.7 40 0.9 62 0.6 81 1 84 0.6 98 0 
3196 16 0.9 25 0.9 29 0.6 36 0.6 82 0 85 0 91 0 
3265 33 0 38 0.3 73 0 77 0.4 83 0.9 90 0 
3382 76 0.5 92 0 94 1 96 0 
3460 2 0.5 49 0.3 63 0.8 68 0 71 0.6 73 0 85 0.4 
3518 4 0.3 26 0.6 80 0.8 
3594 0 1 2 0.5 17 1 18 0.8 42 0.8 46 0 64 0.4 74 0.8 83 0 93 0 
3617 68 0.4 78 0.3 
3666 11 0.4 38 0.7 46 0 65 0.4 79 0.6 84 0.8 89 0.8 98 0.8 
3818 1 0.9 4 0.9 33 0.3 36 0.7 71 1 78 0 94 0.6 95 0.9 
3826 50 0.8 63 0.6 
3868 54 0.9 
3974 0 0 44 1 55 0.3 69 0.4 71 0 73 0 77 0.8 81 1 94 0.6 99 0 
4117 23 1 54 0.3 57 0 82 0 
4127 22 0 43 0.6 47 0.3 51 0 61 0.6 68 0.5 71 0 
4207 0 0.3 1 0.7 28 0.8 38 0 43 0.4 63 0 71 0.5 77 0.7 80 0.4 99 0.8 
4259 23 0.3 61 0.3 81 0 94 0.8 95 0.4 
4418 67 0.5 77 0.5 
4922 20 0.9 79 0.5 90 0 
4942 33 0.7 37 0 85 0 92 0.6 
5044 5 0 53 0.9 96 0.6 
5193 9 1 15 0.5 35 0 40 0.7 46 0.7 51 0.6 56 0.3 70 0.8 76 0 85 0.9 
5269 71 0 
5270 31 0.9 
5442 48 0.9 
5528 8 0.7 16 0 22 0.4 33 0.5 39 0 70 0.4 93 1 99 0.5 
5566 7 0.4 81 0 82 0.4 
5739 33 0.7 49 0 58 0.6 62 0.7 72 0.7 
5988 1 0.9 2 0.5 41 0.9 55 0.5 64 1 65 0 73 0.7 87 0.5 98 0 
6006 54 0.6 
6053 29 0.7 37 0.7 42 0.5 60 1 87 0 90 0.8 91 0 92 0 
6187 3 0.5 37 1 40 0 53 0 69 0.8 75 1 90 0 91 1 
6341 4 0.5 14 0 67 1 79 0.4 
6414 20 0.5 36 0 39 0 45 0.6 55 0.9 79 0.7 82 1 85 0.9 88 0.3 
6636 45 0.4 
6668 5 0.6 9 0.6 30 0 72 0 76 0 89 0.8 
6745 4 0.8 5 0.9 62 0.6 80 0.5 90 0 
6872 5 0.8 40 0 53 0.4 79 0.4 
6890 8 0.7 22 0 23 0.4 43 0.9 61 1 68 0.4 97 0 
6952 8 0 23 0 42 0.9 50 0 56 0.5 59 0.8 60 0.7 75 0.3 76 0.3 83 0.9 
7077 7 0 18 0.3 23 0.3 29 0.6 46 0.3 59 0 72 0 86 0.6 94 0.6 
7277 20 0.6 45 0 48 0.4 60 0.7 97 0 
7385 1 0.3 13 0.3 29 0.3 45 0.5 61 0.9 98 0.8 
7543 79 0.7 
7756 18 0 29 0.4 34 0 76 0.8 99 0.4 
8150 42 0 64 0.4 
8306 1 0.9 8 0 10 0 21 0.9 60 0.8 62 0.5 67 0.5 77 0 99 0 
8316 10 0.5 21 1 29 0 68 1 78 0.7 92 0.4 
8436 13 0.6 
8579 42 0.6 72 0 94 0.7 
8649 62 0.5 
8696 54 0 67 0.6 
8809 20 0.4 25 0 31 0.7 33 0 56 0 70 0 74 0 75 0.7 90 0 94 0.6 
8842 3 1 24 0.8 25 0.7 28 0.8 38 0 82 0.7 94 0 
8848 11 0 51 1 54 1 67 0.6 74 0.5 75 0.9 79 0 92 1 94 0.9 97 0.6 
8921 2 0 21 0.8 32 1 38 0.7 55 0 63 0.5 67 0.9 69 1 77 1 96 0.5 
9294 5 0.8 
9376 11 0 15 0.4 31 0.9 38 0 63 0.9 77 0.3 
9513 3 0.7 16 0.4 30 0 34 0.8 37 0.9 38 0.5 58 0 61 0.4 63 0.3 
9680 28 0.4 37 1 45 0 
9833 93 0.3 
