100
74 19 0.7 45 1 52 0 56 0.5 85 0 
129 14 0.5 25 0.4 42 0.7 48 0.8 56 0 61 0.7 68 0 
172 6 0.7 13 0.5 25 0 54 0.5 58 0 87 0 90 0.3 96 0 
208 89 0.4 97 0.9 
424 13 0.6 26 0 38 1 54 1 68 0.8 76 0.7 98 0.3 
654 7 1 10 0.4 46 0 47 0 55 0.8 77 0.5 84 0.9 88 0.5 94 0.4 
660 16 0.9 20 0 38 0.5 43 0 52 1 63 0 64 0.8 93 0 99 0.9 
804 9 0 14 0.6 17 0 25 0.7 74 1 98 0.6 
864 13 0.8 20 0.7 67 0.5 71 0.9 77 0 90 0 94 0 
939 27 0.5 28 0 62 0.9 
960 4 0.4 7 0.5 
1154 1 0 2 0.7 5 0.5 22 0 24 0.6 26 0 79 0.3 
1258 30 0 36 0 54 0.8 59 1 75 0.5 79 0 82 0 87 0.5 
1287 16 0.8 
1334 86 1 
1442 0 0.7 3 0.3 19 0.7 25 0.6 27 0.7 28 0 39 0.7 52 0 74 0.9 
1443 19 0.7 31 1 37 0 47 0 68 0.6 
1450 8 0.7 11 0.8 46 0.7 48 0.5 56 0 60 0 62 1 68 0.9 71 1 
1546 15 0.8 22 0 29 1 98 0.9 
1570 21 0 88 0.7 
1606 28 0 
1664 14 0.3 77 0.5 88 0.4 
1768 7 0 12 0.4 14 0 33 0.4 46 1 52 0.3 74 0.7 88 0 96 0 
1770 4 0 8 0 28 0 74 0 75 0.4 83 0.8 
1805 8 0.3 75 0.4 85 0.8 
1896 46 0 60 0.8 62 0.4 71 0 87 0.5 96 1 98 0.7 
2010 3 0 14 0.4 29 0 38 0 49 1 68 0.9 73 0.6 74 0.8 86 0.9 
2033 85 0 
2101 8 0.4 25 0.8 32 0.4 36 0 58 0.7 60 0 77 0 96 0 
2189 5 0 21 0.6 37 0.9 57 0 59 0.3 61 0.9 67 0.8 73 0 75 0 99 0 
2212 20 0.9 37 0.3 39 0.8 50 0.5 53 0 54 0 75 0.4 85 0.7 91 0 
2363 4 0 13 0.5 18 0.9 47 0.5 50 1 59 0 74 0.9 78 0.6 84 0.6 96 0 
2366 2 0.5 8 0.5 10 0.4 14 0 15 0 18 0.9 20 0 21 0.9 52 1 61 0 
2412 47 0.5 77 0.9 87 0.8 
2415 4 0.3 6 0.7 14 0.3 19 0.6 20 0.8 79 0.3 80 0.6 98 0.9 
2528 5 0.3 18 0 65 0.5 78 0.6 
2617 3 0 5 0 7 0.9 22 1 23 0.7 46 0.6 54 0.9 66 0.6 76 0 79 0.8 
2659 27 0.9 37 0.3 43 0.8 47 1 77 1 84 0 85 0 88 0.3 
2755 12 0.9 17 0 24 0.7 45 0.9 48 0 66 0.9 69 0 80 0.7 90 0.5 97 0.7 
2910 22 0 
3140 21 0.8 78 0 90 0 
3178 64 0.4 84 0 
3222 18 0 39 0.3 60 0 
3292 5 0 14 0.4 35 0 66 0.6 71 0.8 80 0 89 0.7 
3676 15 0 21 0.9 97 0.5 
3689 20 0 64 0.4 71 0.6 75 0 
4061 7 0.3 30 0.8 31 0.5 82 0.7 89 0.3 95 0.3 
4146 69 0.5 
4235 12 0 20 0.3 37 1 42 1 48 0.6 56 0 66 0 74 1 84 0.7 99 0 
4296 10 0.4 19 0.4 22 0.6 44 0 75 0.8 
4368 72 0 78 0 
4450 92 0.4 
4606 26 0.4 89 0.3 93 0.9 
4632 21 0.3 24 1 33 0 34 0.3 89 0 
4798 24 0 40 0 54 0.8 80 0.6 96 1 99 0.5 
4844 6 0.8 31 1 53 0.3 57 0.3 84 0.8 85 0.8 
4879 2 0 22 0 23 0.6 34 0 57 0 70 0.4 72 1 81 0 93 0.8 
4945 34 0 49 0 52 0.9 57 1 64 0.9 90 0 93 0.6 99 0.6 
5158 18 0.4 37 0.8 40 0 68 0 88 0 93 0 
5342 14 0 22 0 31 0 44 0 53 0.4 57 0.4 58 0.5 61 0.9 66 0.5 83 0.5 
5378 7 0 12 0 17 0.6 22 0 71 0.4 72 0.3 95 0.4 
5523 18 1 21 0 25 0 35 1 49 0 60 0 72 0.3 96 0.3 
5556 5 0.3 15 0.4 31 0.6 39 0.8 65 0.3 81 0.6 89 0.6 90 0.5 95 0.3 99 0 
5683 14 0.8 23 0 65 0.8 67 0 69 0.4 89 0.8 95 0 
5742 34 0.3 46 0.5 65 0.8 80 0.4 97 0.7 
5904 3 0.7 10 0.6 13 0 14 0.6 63 0.9 67 0.8 69 0.3 87 0.8 
5953 1 0 8 0.3 16 0.8 36 0.5 59 0.7 60 0.8 61 0.5 73 0.3 81 1 88 0.9 
6149 9 0.6 11 0.4 17 1 31 0 54 0.8 
6163 12 0.8 33 0 36 0.9 39 0.5 
6199 53 0 56 0.7 
6239 19 0.5 21 0.6 64 0.6 
6383 9 0.5 14 0.7 18 0.4 24 0.3 30 0.5 38 0.9 53 0.8 54 0.6 72 0.6 91 0 
6454 92 0.8 
6554 2 0 19 0.4 22 0.8 25 0.6 55 0 65 0 70 0 76 0.7 83 0 
6654 8 0.6 23 0.5 32 0.5 33 0.5 37 0 44 0 46 0 57 1 59 0 
6821 3 0.8 25 0 26 0.8 45 0 49 0.6 58 0.8 68 1 89 0 
6887 1 1 14 1 50 0.6 58 0 80 0.7 92 0.3 
7001 2 0.8 23 0 27 0.3 34 0.3 62 0 70 0.9 74 0.5 77 0.6 84 0.9 92 0.3 
7262 42 0.7 43 0.3 44 0.3 
7292 9 0.3 17 0 20 0.7 43 0.8 55 0.5 58 0 73 0.5 75 0.7 80 0.3 93 0.3 
7360 12 0.4 62 0.3 75 0.6 83 0 87 0.9 88 0.7 89 0 
7489 9 0 27 0.7 38 0.9 62 0.5 65 1 73 0.8 78 0.8 81 0.4 90 0.6 99 0.5 
7617 53 0 90 0.7 93 0.5 97 0.5 
7653 36 0 46 0.3 
7877 90 0.4 92 0.3 
7921 29 1 40 0.8 42 0.5 56 1 57 0 69 1 70 0.4 
8010 9 1 32 0.3 54 0.3 72 0 
8062 9 0.9 46 1 56 0.6 77 1 83 0 91 0.5 
8195 6 0.8 15 0.5 31 0.9 38 0.9 67 0.9 73 1 85 0.4 89 1 90 0.4 95 0 
8415 14 0 19 1 23 0.6 30 0 53 0.6 61 0.3 67 0.5 68 0.9 
8468 17 0.8 24 0.8 40 0.4 49 0.5 90 0.7 
8575 38 0 58 0.6 73 0.7 
8662 0 0 16 0.6 35 0.3 65 0 72 0.5 78 1 98 0.8 
9067 50 0.6 76 0 
9111 43 0.9 73 0.9 
9222 72 0 
9226 21 1 22 0.8 67 0.9 93 0 94 0.8 96 0 
9425 10 0 25 1 37 1 58 0 62 0.5 66 0.8 
9691 10 0.3 13 0.5 14 0.7 16 1 36 1 43 0.5 52 0 85 1 87 1 
9708 8 0.9 15 0.3 22 0.5 46 0 66 0.6 69 1 71 0.5 80 0.5 91 0 
