100
7 3 0 9 0.3 51 0.6 60 0.7 69 0 
41 8 0.9 35 0.9 40 0 41 0 42 0 77 0.7 92 0.8 
43 6 0.5 20 0.6 26 0.9 35 0 41 1 53 0.4 77 0.4 84 0.3 86 0 
81 0 0.5 9 0.8 13 0.6 21 0.9 22 0.7 44 0 69 0.8 84 0.5 87 0.5 91 0 
216 4 0 8 0 35 0 37 0.4 
253 97 0.8 
347 10 0 29 0.9 41 0.5 47 0 67 0.6 79 0.5 85 0.5 93 0.3 95 0.3 
490 3 0 22 0.4 40 1 66 1 86 0 
884 76 0.4 99 0.6 
941 3 1 20 0.9 70 0.8 
1001 6 0.6 7 1 20 0 31 0 54 0.3 57 1 74 0.9 92 0 
1113 1 0.8 16 0 29 0.3 49 0 64 1 68 0.5 71 0.4 82 0.9 
1177 28 0 33 0.7 42 0.6 84 0.6 85 0 87 1 
1185 48 0.5 
1207 4 0.7 10 0 24 0.7 31 0.6 39 1 40 0 46 0.6 73 0 98 0.4 99 0 
1240 7 0.9 14 1 27 0.9 30 0.5 39 1 57 0 66 0.8 71 1 
1385 33 0.9 93 0 
1414 9 1 22 1 31 0.5 36 0.5 62 0 66 0.8 89 0 93 1 99 1 
1572 10 0.9 41 0.6 61 0.9 63 0.5 64 0.3 
1665 30 0.3 45 0.3 50 0 87 0.4 89 1 
1952 12 0 16 0.8 19 0.6 74 0.5 84 0.3 88 0.7 
2033 85 1 
2082 14 0.6 20 0 23 0 28 0.3 35 0.6 63 0 67 0 77 0.3 92 0.7 97 0.7 
2086 12 0.3 16 0.8 25 1 31 0.4 73 0.7 89 0 98 0 
2135 31 0.3 42 0.7 64 0.6 65 0.8 69 0 86 0 96 0.5 
2138 7 0.3 40 0.5 78 0.3 
2234 8 0.3 19 0.8 30 0 32 0.4 33 0.3 41 0.8 75 0.8 84 0 
2359 5 0.6 46 0.3 85 0.6 88 0.4 96 1 
2485 1 0.3 56 0.9 59 0 63 0.8 
2492 2 0 3 0.4 16 0.8 49 0.5 53 0.5 58 0.5 70 0.6 88 0 95 0.9 99 0.5 
2518 15 0.9 24 0.7 31 0 81 0 86 0 98 0 
2552 16 0 19 0.9 48 0 58 0.4 66 0.9 97 0.6 99 1 
2559 11 0.7 14 0.6 24 0.7 49 0.4 50 0.7 74 0.5 99 0.6 
2640 16 0 29 0.9 41 0.3 72 0 75 0.3 85 0.7 
2689 15 0.9 31 0 49 0.4 63 0.7 66 0.4 78 0.6 80 0.7 89 0.5 91 0 
2796 7 0.3 24 0.3 33 0.4 35 1 36 0 42 0.9 44 0 63 0 66 0.5 76 0 
2834 89 0.3 
3051 32 0 45 0 47 0.7 50 0.5 67 0 88 0 96 0.6 
3130 27 0.8 
3173 31 0.9 86 0 93 0 98 0.9 
3279 21 0.4 55 0 70 0.5 86 0 87 0.9 
3380 12 0.6 18 0.8 34 0.4 37 0 38 0 41 0 69 0.3 85 0 86 0.4 98 0.5 
3493 1 0 15 0.8 33 0 37 0 42 0.9 50 0.8 71 0 
3676 15 0 21 0.5 97 0.7 
3686 12 0.6 13 1 71 0.8 78 0.8 
3720 11 0 20 0 30 0.8 95 0.8 
3921 54 0.6 85 0.7 95 0 
3926 7 0.9 34 0.6 36 1 58 0 62 0 67 0 68 0.9 77 0.3 
3937 31 0 97 0.7 
4316 2 1 46 0.4 
4335 52 0 62 0.6 77 0.3 
4377 6 0 28 0.8 33 0 70 0.7 72 0.8 99 0.3 
4482 9 0 62 0.6 65 0.9 
4550 1 1 5 1 20 0 42 0.6 45 0.6 89 1 
4555 11 0.4 46 0.5 54 0.9 64 0 66 0.3 68 0 74 1 94 1 
4575 10 0.3 21 0.6 29 0.9 41 0 65 0 85 0.4 
4867 13 1 16 0 20 0.8 21 0.6 31 0 76 0.7 86 0 92 0.8 
4898 18 0 47 0.8 50 0.7 54 0.4 63 0.8 99 0.5 
4954 8 0.4 11 0.4 12 0.3 18 0.7 20 0.4 32 0.7 44 0 
5022 56 0.4 58 0.8 96 0.7 
5040 92 0.7 
5212 3 0.5 13 0.9 29 1 62 0 69 0.4 74 0.9 79 0 82 0 89 0.4 91 0 
5241 13 0.4 34 0.9 41 0 
5292 7 0 17 0.7 19 0.6 38 0 42 1 52 0.6 67 0.7 74 0 79 0.4 94 0.6 
5440 6 0.7 28 0 85 0 
5575 34 0 
5679 0 0.4 34 0 68 0.4 71 0.3 75 0.4 80 0.5 
5715 6 0 20 1 55 0.6 62 0.7 75 1 
5843 12 0 20 0.5 52 0.4 53 0.6 69 0 80 0.3 83 0.5 88 0 96 0 99 0 
5985 21 0.5 26 0 31 1 51 0 56 0.6 66 0 67 0.3 82 0.4 86 0.5 97 0 
6047 35 1 37 0.3 84 0.7 
6294 23 0 43 0 47 0.8 64 0 87 0.9 91 0 98 0 
6724 11 0 20 0 31 0.5 36 0.6 44 0.3 66 0.4 68 0 94 0.7 
6859 63 0 
7418 2 0 9 0.4 37 0 50 0.7 56 1 61 1 62 0.7 64 0.8 65 0 75 0 
7650 7 0 21 0.9 24 0.8 37 0.7 43 0.5 44 0.4 83 0.6 96 0 99 0.4 
7651 75 0 
7770 29 0 63 0.8 83 0.9 94 0.3 97 0 
7796 14 0.8 36 0.8 54 0 71 0.7 80 1 89 0 90 0.7 99 0.7 
7889 7 0 41 0 48 0.8 65 0 68 0.5 84 0.9 87 1 
7911 15 0.3 25 0.8 48 0.8 49 0.8 59 0.8 65 1 66 0.7 69 0.8 78 0.8 96 0.7 
8069 0 0.5 21 0.6 48 0.5 50 0.3 68 1 89 0.4 
8422 17 1 31 0.7 99 0 
8444 5 0.4 6 0.7 14 0.3 44 0 61 0.8 66 0 78 0.6 89 0.9 
8577 4 0 12 0.5 28 0.8 42 0 47 0.9 67 0.3 75 0.5 84 0 90 0.3 93 0 
8644 89 0 91 1 
8825 39 0.5 57 0.7 70 1 73 1 89 0.4 
8838 12 0.7 
8903 13 0 24 0.8 30 0.7 36 0 65 0.9 74 0 78 0 
8936 7 0.5 19 0.3 26 0.3 29 0.4 47 0.9 55 0 70 0.4 82 0 
8959 6 0.6 10 0 16 0.3 36 0.5 46 0.9 84 0 94 0 
9005 20 0.6 29 0.8 40 0.3 65 0.6 89 0.5 95 0.9 98 0.4 
9171 3 0 6 0.5 87 0.6 
9220 28 1 61 0 64 1 67 0 71 1 86 0.4 93 0 
9265 7 0.4 36 0.4 43 0.5 51 0.5 84 0 93 0.6 
9398 46 0.8 47 0 80 0.8 
9417 2 0 13 0 19 0.3 37 0.6 48 0.9 65 0.4 75 0.5 82 0.6 
9456 2 0.6 12 1 44 0 63 0.3 
9682 8 0.4 9 0.7 45 0.6 48 1 
9970 6 0 13 0 21 0 22 0.6 23 0 33 1 66 0.5 86 0.3 90 0.8 
