100
17 6 0.5 15 0 62 0 85 0.7 
64 27 0.7 50 0.3 69 0.6 81 1 
346 36 0.9 
496 4 0.3 43 0.6 45 0.3 48 0 
528 4 0.8 41 0 
535 9 0.6 25 0.4 33 0.8 35 0.8 40 1 42 0 83 0.8 88 0 93 0 
551 5 0 7 0.3 11 0.6 15 0.6 24 0.9 26 0.9 29 0.5 55 0.6 64 0.6 76 0.9 
599 80 0.6 83 0.6 
660 16 0.5 20 0.5 38 0.5 43 0.6 52 0 63 0.5 64 0 93 0.8 99 0.7 
843 7 0.5 38 0.9 84 0.6 
873 26 0.7 49 0.9 50 0 51 1 67 0 74 0 86 0 
881 24 0 27 0.5 91 0 95 0.3 96 0 
1003 3 0.7 10 0.9 11 0 38 0.7 52 0.5 66 0.4 79 0.4 90 0.8 95 0 
1086 10 0.4 21 0.8 24 0.7 31 0.4 34 0 38 0.6 41 1 57 0.3 71 0 79 0 
1100 7 0.5 42 0.6 50 0.3 54 0.6 79 0 84 0.6 99 0 
1111 55 0.5 
1218 2 0 13 0.3 37 0.6 55 0.4 64 0.5 69 0.7 78 0.4 
1397 15 0 24 0 45 0.6 63 0.9 73 0.9 85 0.8 94 0 97 0.9 
1398 3 0.8 71 0.7 
1405 94 0 
1447 20 0.3 25 0 45 0.5 49 1 76 1 83 0.6 94 0.3 95 0.7 96 0.4 
1488 3 1 17 0.3 48 0.8 60 0.5 61 0.7 80 0.4 88 0.5 92 0.3 
1531 34 0 40 1 53 0.4 62 0 64 0.8 72 0.5 92 0.8 94 0.3 
1589 6 0.8 11 0 20 1 35 0.8 39 0.9 88 0.7 89 0.8 99 0.6 
1679 0 0 10 0 27 0.4 45 0.5 57 1 59 0.3 83 0.3 
1685 11 0.3 
1835 18 0.6 
1853 65 0.5 87 1 
1878 21 1 29 0.5 60 0.9 72 0.7 75 0.3 79 0.4 87 0.5 96 0 97 0.8 
1986 18 0 29 1 31 0.9 34 0.3 60 0 70 0.5 73 0.3 95 0 
2019 6 0 11 1 22 1 37 0.5 39 0.8 49 0.4 58 0.6 87 0.6 91 0 96 0.8 
2025 0 0.4 3 0.7 11 0.5 82 0.5 84 0 92 0 96 0.3 
2094 3 0.6 33 0 87 0.8 91 0.6 93 0 
2152 3 0.4 72 0.6 
2161 85 1 
2182 7 0 13 0 19 0 27 0.4 34 0 78 0.7 83 0.5 90 0.4 
2318 3 0.6 25 0.8 26 0.7 38 0 44 1 51 0.6 73 0.9 79 0.4 90 0.9 
2595 11 0.5 35 0.9 49 0.7 
2662 3 0.6 25 0.4 42 0.8 43 0.8 63 0 73 0.3 88 0 
2692 42 0 66 0 
2845 42 0.7 95 0.5 
2849 8 0 10 0.5 35 1 38 0 41 0.3 50 0.4 74 0 
2874 1 0 15 0.6 36 0.9 42 0.5 54 0 78 0.3 87 0 
3037 1 0.4 8 0.8 18 0.9 72 0.5 89 0.8 
3055 2 0.3 3 0.5 7 0 11 0.8 39 1 
3130 27 0.9 
3275 1 1 31 1 
3395 79 0.7 
3408 46 0.9 47 0.6 64 0.8 83 0.3 88 0.9 97 0 99 0 
3604 11 0.9 82 0 
3702 73 0.9 86 0.9 93 0.3 
3818 1 0 4 0.7 33 0.5 36 0.4 71 1 78 0.8 94 0.5 95 0 
4070 0 0 10 0 29 0.8 30 0.7 51 1 72 0.9 81 1 84 0.5 98 0.8 
4172 45 0.4 84 1 
4346 14 0.8 15 0 26 0 39 0.4 48 0.5 74 0.9 76 0.6 89 0.6 98 0.9 
4353 32 0 58 0.8 75 1 78 0.5 89 0.8 
4358 4 0.5 7 0.7 22 0.5 63 0 71 0 87 1 
4546 67 0 86 0.7 
4761 7 0.4 30 0.8 57 0.8 63 1 89 0.8 
5039 15 0.8 16 0 17 0 26 0.4 38 0.7 47 0 56 0.6 67 0.9 85 0.4 96 0 
5154 2 0 17 0 24 0.9 61 0.3 62 0.3 80 0.5 81 0.3 90 0.5 
5159 75 0.7 
5221 42 0.9 97 0 
5303 15 0.4 53 0.9 
5323 3 0.7 31 0 40 0 43 0.5 51 0.8 65 0.9 73 0.7 76 0 99 0.3 
5335 10 0.9 31 0 34 0 39 0.8 61 0.6 82 0 99 0 
5385 5 0.8 14 0.7 30 0.4 36 0 45 0 47 0 52 0.5 67 0.7 97 0.4 
5492 1 1 16 0 37 0 50 0 64 0.9 71 0.8 74 0 87 0.9 
5495 10 1 20 0.5 53 0.6 74 1 97 0.4 
5860 0 0.9 1 0 11 0.6 25 0.3 27 0.5 53 0 66 0.3 81 0 93 1 
5935 15 1 17 0.9 38 0.4 44 0.6 66 0 68 0.5 69 0 74 0.6 86 0.8 92 0.7 
5943 4 0.8 20 0.5 23 0.9 29 0 34 0.4 62 0.9 82 0.3 
5997 60 0 97 0.5 
6173 51 1 77 0.9 
6206 42 0 43 0.4 46 0.8 59 0.3 70 0 
6782 16 1 22 0 24 0.4 30 0.6 31 0 33 0.9 49 0.8 63 0.9 69 0.7 83 0 
6805 15 0.5 39 0.9 45 0.4 56 0.3 
7045 23 0.5 45 0.5 46 0.7 51 0 64 1 70 0 74 0 
7189 3 1 16 0.3 21 0.6 30 0.8 59 0.3 97 0 
7210 16 1 29 0.6 65 0 
7497 5 0 18 0 38 1 40 0.5 45 0 65 0.5 
7516 11 1 40 0.4 62 0.6 
7694 41 0.6 67 0.6 83 0 95 0.6 
7714 8 0 15 0.8 22 0.7 88 0.9 92 0 94 0.9 97 0.9 
7746 10 0 65 0.4 71 0.7 
7754 8 0.6 13 0.3 17 0.9 52 0.4 53 0 60 0.4 68 0.8 76 0 91 0.7 98 0.3 
8324 0 0.5 1 0.5 7 0.8 31 0 45 0.5 55 0.4 61 0.9 87 0.6 92 1 
8558 40 0.8 51 0 56 0.9 68 0.7 73 0.8 75 0.6 76 0.6 81 1 92 0.6 99 0 
8858 15 0.8 18 0.4 32 0 33 0.5 66 0.7 76 0 84 0.3 
8908 35 0 40 0.6 47 1 66 0 82 1 97 0 
8923 10 0.6 26 0.9 47 0.8 53 0.5 58 0.4 63 0.6 
9034 23 0.4 88 0.7 
9370 65 0.7 78 0.3 
9401 2 1 34 0.7 36 0 37 0.7 41 0.4 90 0.4 
9417 2 0.9 13 0 19 1 37 0.4 48 0.9 65 0.9 75 0.6 82 0.3 
9448 59 0.6 76 0.5 
9631 62 0.8 
9677 22 0.9 52 0.9 68 0 80 0 92 0.3 97 0.5 
9856 15 0.3 35 0.4 53 0.6 
9947 29 0.6 33 0 68 1 87 0.5 
