100
18 77 0.7 
43 6 0.3 20 0.4 26 0 35 1 41 0.5 53 0.3 77 0.9 84 0 86 0 
292 23 0.7 35 0 49 0.5 60 0 70 0.4 80 0 96 0.4 99 0 
299 29 0.8 35 0 36 0 83 0.5 
452 47 0.8 50 0.4 64 1 
466 0 0 23 1 31 0.7 32 0.5 34 0.8 44 1 58 0.3 68 0 73 0 94 0 
502 3 0 5 0 11 0 18 1 33 0.9 55 0.3 89 0 
567 0 0.4 12 0.3 21 0 32 0.8 41 0 44 0.5 51 0.9 71 0 89 0.6 
665 10 0.8 14 0.4 27 0.8 44 1 46 0.6 51 0.7 57 0.5 75 0.9 
974 1 0 29 0.3 44 0.8 45 0.4 60 0.7 75 0.6 80 0 
1076 45 0.8 
1332 5 0.8 15 0.3 25 1 39 0.8 66 0.6 76 1 94 0.8 95 0.8 
1439 51 0.6 58 0.6 65 0 73 0.9 80 0 86 0.9 90 0 
1445 30 0 48 0 
1563 3 0 23 0 34 0.5 38 0.9 47 0.7 53 0.8 89 1 97 0.4 
1593 22 0.9 33 0.7 35 0.3 47 0.3 54 0 63 0.3 78 0.9 
1594 9 0.7 13 0 25 0 58 0.3 
1606 28 0 
1624 4 0.5 45 0 62 0.3 82 0 95 0.9 
1869 2 0.6 13 0.3 16 0.6 17 0.3 25 1 26 0 27 0.4 49 0.8 70 0.9 91 0.7 
1891 11 0.3 20 0.8 26 0.8 74 1 
1940 6 0.9 17 0.6 40 0.5 63 0.5 90 0.4 98 0.7 
1995 35 0 37 0.5 39 0.8 45 0.4 64 0.9 77 0 
2044 19 1 26 0.4 63 0 71 1 90 0.9 
2045 1 0 6 0.9 20 0 22 0 46 0.9 49 0 56 0 61 0.8 98 0.4 
2101 8 0.6 25 0 32 0.9 36 0.9 58 1 60 0 77 0.5 96 0.4 
2112 23 0.6 37 0.6 44 0.5 63 0.8 94 0.7 95 0.3 97 0.3 
2155 8 0.9 20 0 41 0.4 48 0.8 54 1 56 0 71 0 73 0.7 
2208 15 0.9 41 1 92 0.3 
2372 0 0 13 0 16 0.3 28 0 34 0.4 37 0.7 50 0 62 0.9 78 0.6 84 0.4 
2380 0 0.6 9 0.4 21 0.8 34 0.3 53 0.5 68 0.4 85 1 89 0.6 90 1 
2418 5 0 16 1 25 1 39 0 43 0.6 49 0 54 0.7 83 0.3 85 0 98 0.6 
2539 12 0.6 13 0 19 0.5 22 0 93 1 97 0.9 
2562 37 0.3 
2751 15 0.8 16 0.6 20 0 28 0.8 43 0.7 55 0.6 63 1 65 0.8 67 0 76 0.6 
2812 20 0.4 46 0.9 
3152 6 0 23 0 42 0.5 67 0 78 0.3 85 0 
3182 16 0.3 62 0 76 0.7 93 0.3 
3251 2 0.9 14 0 17 0 33 0.4 37 1 45 0 46 0.9 63 0.3 89 0.9 
3506 1 0.5 8 0.3 72 1 
3773 1 0.7 3 0.7 4 0.5 12 0.3 15 0 34 0.9 58 0.9 81 0.7 93 0.5 
3918 0 0.4 7 0.3 9 0.4 31 0 
4028 20 0.9 24 0.3 38 0.9 63 0.4 78 0 89 0.3 
4246 7 0 12 0.8 63 0 80 0 87 1 88 0.8 96 0.5 
4357 4 0 17 0.9 25 0 39 0.3 40 0.8 75 0 86 0 92 0 
4455 34 0.3 40 0 56 0.7 68 1 94 0.7 
4589 16 0.3 23 0.6 25 0.7 30 0.9 32 0.5 35 0 53 0 68 0.7 98 0 
4742 0 0.5 12 0 16 1 82 1 
4793 31 0.7 55 0 
4802 0 0.6 5 0 16 0.8 45 0.7 46 0.4 69 0.9 76 0 79 0 94 0.6 97 0.6 
4833 20 1 24 0 38 0.7 90 0.6 93 0.7 99 0.6 
4933 7 0.6 44 0 45 0.6 58 0.5 76 0.7 86 0.6 90 0 91 0 
5115 26 0.5 32 0 
5129 3 0 68 0.3 70 0.7 
5141 7 0.7 18 0.5 70 0.7 73 0.6 86 0.8 97 0.6 
5511 1 0.6 10 0.9 11 0.3 30 0 41 0 43 0.9 70 0 73 0.4 80 0.4 93 0 
5528 8 0.6 16 0.6 22 0.8 33 0.9 39 0.8 70 0 93 0.3 99 0.7 
5697 46 0.8 54 0.9 61 0.8 66 0.7 76 0.9 95 0.4 
5783 34 0.7 42 0.6 49 0.7 57 0.4 59 0.5 74 0.9 81 0 91 0.4 92 0.7 
5786 5 0.6 17 0.9 18 0.8 23 0.9 31 1 38 0.3 40 0.8 57 0.6 92 0.3 
5833 16 0.9 25 0.8 67 0 72 0.8 96 0 
6043 26 0.6 31 0.9 43 0 51 0.4 64 0.5 67 0.3 77 0.8 78 0 91 0 
6087 10 0.6 20 0.9 22 0 49 0.9 52 0.4 53 1 66 1 67 0.5 92 0.4 
6200 49 0.5 66 0 
6286 5 0.5 76 0.5 93 0.3 95 0.7 96 0.5 
6542 11 0.4 19 1 26 0 
6565 5 0.4 12 0.7 40 0 47 0.9 74 0.4 
6687 24 0.5 28 1 45 1 75 1 87 0.6 99 0.5 
6741 22 0.4 
6822 18 0 22 0 47 0.7 53 0.7 54 0 56 1 79 1 99 0.5 
6840 35 0.8 
6912 77 0.6 
6928 10 0.9 
6947 21 1 73 0.7 
6977 1 0 5 0.7 52 0.4 60 0 68 0.3 98 1 99 0.3 
7049 19 0.7 33 0.9 54 0 62 0.9 74 0.6 88 0.8 
7159 1 0.5 6 0.3 11 0.9 16 0.6 18 0.6 22 1 80 0 82 0.5 90 0.5 99 0 
7218 28 0 40 0.6 88 0.4 
7293 27 0.9 32 0 34 0.5 37 0 40 0.5 60 0 69 0 70 0.4 96 1 
7363 7 0.5 8 0 14 0 48 0.6 63 0.4 69 0.6 76 0.9 88 0 99 0.3 
7501 1 0 3 0 19 0.3 27 0.8 37 0.3 62 0.3 65 0.7 76 0.3 79 0.7 98 1 
7673 44 0.7 94 0.5 
7674 6 0.6 20 0.4 31 0 47 0 48 0.6 54 0 64 0.3 69 0 85 0.4 94 0.6 
7689 20 0.3 43 0.4 49 0 68 0.7 73 0.6 78 0.7 
7692 30 0.3 
7795 11 0.7 36 0.5 38 0.4 40 0 69 0 82 0.3 92 1 96 0.6 98 0.3 
7894 1 0 38 0.4 46 0.8 48 0.5 49 0.4 66 0 67 0.5 85 1 99 0.7 
7945 27 0.6 41 0.3 54 0 68 0.7 69 0.3 73 0.5 75 0.7 85 0.4 93 0.5 
8142 15 0.4 20 0.6 36 0.6 48 0.8 54 0.9 59 0.6 65 0 66 0.5 81 0 89 0 
8537 35 0.7 98 0.6 
8633 7 0.5 33 0 45 0.9 52 0 53 0.9 76 0.8 83 0 85 0.9 
8644 89 0.6 91 0.3 
8959 6 1 10 0.6 16 0 36 0 46 0.8 84 0.4 94 0 
8978 25 0.9 32 0.3 53 0.6 68 1 71 0 93 0.7 97 0.3 
9009 0 0.7 15 0.5 31 0.9 99 0.3 
9451 31 0.4 33 0.9 43 0 56 0.8 68 0.7 69 0.5 
9750 4 0.7 35 1 38 0.9 75 0.5 91 1 92 0.8 
9871 77 0.4 
9903 6 0.7 64 0.8 65 0.4 68 0.3 70 1 79 0 
9976 2 0.7 9 0.7 30 0 31 0.6 36 0.5 37 0.4 57 0.8 58 0.8 60 0.6 76 0.6 
