100
70 96 0.4 
161 9 0.3 21 0.6 36 0 66 0.3 94 0.3 
199 8 0.5 12 0 21 0.4 30 0 41 0.6 60 0.7 61 0.7 87 0 95 0.7 
220 0 0.3 19 0.7 42 0 48 0.9 65 0 80 0.3 94 0.8 97 0.6 
222 11 0.6 21 0.8 31 0.3 60 0.4 70 0.7 78 0 81 0.7 85 0.6 
231 21 0.8 37 0 93 0.3 
238 8 0.8 41 0.4 42 0 44 0 51 0.7 63 0.3 79 0 98 0.8 
269 6 0.5 10 0.8 21 0.5 31 1 33 0.7 44 0.3 57 0.7 84 0.5 91 0.8 96 0.7 
327 2 0.6 12 0.7 18 0.8 33 0.4 65 0.9 94 0 
411 38 1 45 0 69 0.4 
631 18 0.8 55 1 
637 2 0.8 13 0.6 35 0.8 45 0.6 59 0.5 65 0.6 98 0.4 
729 28 0 40 1 45 0.8 
772 0 1 24 0 60 0.7 70 0 
812 25 0.8 30 0.9 31 0.8 48 0.9 66 0 99 0.9 
931 3 0.9 6 0.3 9 0.9 13 0.5 15 0.4 26 0.3 52 0 55 0.3 56 0.4 80 0 
1083 9 0.9 11 0.8 50 0.5 53 0.4 74 0.4 82 0.9 99 0.8 
1171 51 0 52 0.4 69 0 
1290 0 0.3 86 0.7 
1336 3 0.9 9 0 11 0.9 28 0.6 57 1 64 0 
1355 3 0.8 24 0.7 26 0 47 0.7 72 0.3 73 0.4 
1588 0 0.9 6 0.6 25 0 28 0 32 0.3 41 0.7 56 0.5 73 0.4 79 0.3 89 0.8 
1650 0 0.8 2 0.9 58 0.9 
1695 12 1 
1780 6 0.8 
1811 15 0.3 39 0 70 0.4 
1833 44 0 46 0.3 92 0 
1862 0 0 16 0 44 1 84 0 
2146 5 0.8 31 0.9 83 0.5 
2154 17 1 19 0.7 35 1 67 0.4 68 1 85 0.5 
2161 85 0.7 
2492 2 0 3 0.9 16 1 49 0.6 53 0.4 58 0.7 70 0 88 0.6 95 0 99 0 
2499 5 0 23 0.3 28 0.8 61 0.8 62 1 66 0.9 74 0 80 0.9 88 0.3 95 0 
2509 11 1 15 0 31 0.9 52 0.8 96 0.3 98 0.9 
2619 14 0.8 26 0.4 30 0.3 62 0.8 76 0.5 88 0 90 0 
2670 10 0.5 76 0.8 77 0.6 
2713 9 0.3 13 0.4 41 0.7 89 0.5 
2865 13 0.9 32 0 40 0 54 0.8 65 0 93 0.6 
2973 23 0.8 31 0.7 38 0.6 49 1 
2978 26 0.8 27 0 47 1 56 1 74 0 83 0.6 89 0.8 97 0 
3037 1 0.9 8 1 18 0.6 72 0.6 89 0.4 
3064 90 0 
3255 26 0.4 67 0.4 
3334 4 0.4 7 0.3 29 0.6 34 0 40 0.6 51 0.5 63 0.8 81 0.9 92 1 97 0.6 
3347 27 0.5 96 0 
3471 27 0 
3558 4 0.4 13 1 73 1 76 0 95 1 
3571 9 0.6 46 0 61 1 64 1 70 0.8 79 1 89 0.4 
3749 36 1 57 0.3 91 0.6 
3752 66 0.3 81 1 87 0.3 91 0 
3867 6 1 42 0 48 0 64 0.5 77 0.9 83 0.6 87 0.5 88 0.5 
4142 17 0.7 47 0.9 54 0.5 62 0.7 76 0.7 
4524 6 0 45 0.6 53 0.8 78 1 84 0 
4685 2 1 12 1 41 0.7 44 0.7 54 0.6 80 0.3 96 0.7 
4877 33 0.6 65 0.6 67 0 81 0 92 0.5 
4969 2 1 4 0.6 22 0 31 1 81 0.4 
5036 39 0.4 57 0.6 67 0.3 97 0.9 
5128 35 0 55 0.4 63 1 73 0.5 76 0.9 86 0 97 0.6 
5173 16 0.7 63 0 
5193 9 0 15 0 35 1 40 0 46 0.4 51 0 56 0.5 70 0.6 76 0.4 85 0.8 
5223 0 0.6 1 0.3 14 0 17 0.8 22 0.9 24 0.4 30 0.6 47 0.6 65 0.3 88 0.9 
5228 0 0 17 0.6 25 0.4 40 0.4 45 1 77 0 92 1 
5301 1 0.6 34 0.4 96 0.4 98 0.6 
5438 52 0 55 0.5 59 0 
5683 14 0.3 23 0.5 65 0.5 67 0.4 69 0.5 89 0 95 0.4 
5956 27 0 
5973 52 0.5 54 0.9 
5996 4 0.3 16 0.4 22 0 56 0 58 0 80 0.4 81 1 97 0.6 
6047 35 1 37 0.6 84 0.9 
6099 10 0.4 24 0.9 28 0.7 39 0.9 40 0 41 0.8 67 0.8 68 0.6 92 0.9 93 0.8 
6518 34 0 86 0.8 
6568 9 0.8 27 0.5 59 0.8 
6810 14 0.9 75 0.3 
6897 5 0 25 0.5 27 0 35 0 52 0 63 0 70 0 
7192 6 0.3 7 0 13 0.4 18 0.4 24 1 33 0.9 46 0 54 0.4 65 0.8 72 0.3 
7298 20 0.8 52 1 83 0 
7368 25 0.6 
7417 15 0 17 0.8 43 0 75 0 
7452 27 0 34 0.5 46 0.8 48 0.4 49 0.4 50 0.3 59 0.8 68 0.3 72 0.4 
7732 30 0.9 
7865 7 0.3 14 0.6 28 0.4 38 0.9 
8065 79 0.7 
8116 53 0 59 0.3 72 0.8 85 0.9 
8253 12 0.5 17 0.6 40 0 41 0 42 0.3 44 0.3 59 1 80 0.7 92 0.5 94 0.7 
8259 21 0.4 74 0.8 92 0.7 96 0.7 
8359 19 0.8 27 0.6 28 0 35 0.8 56 0 64 0 74 0 90 0 
8438 14 0.3 53 0.5 81 0 82 0.4 97 0.8 
8439 31 0 33 0.3 70 0.9 94 0.9 
8618 0 0.9 51 0.4 62 0.5 63 0.3 65 0 74 0.4 
8649 62 1 
9178 45 0.7 67 0.6 
9224 44 0.4 
9308 12 0 23 0.4 36 0.7 45 0 59 0.6 64 0.8 69 0 78 0 85 0.9 
9446 3 0.5 4 0 18 0 25 0.6 29 0.9 77 1 79 0 85 0.3 90 0.3 91 0 
9542 3 0.9 5 0.6 20 0.8 27 0 45 0.8 58 0.6 87 0.5 95 0.6 
9647 1 0 7 0.3 19 0 51 0.4 59 0.3 63 0.5 83 0 87 0.5 94 0.9 
9677 22 0 52 0.8 68 0.8 80 0.6 92 1 97 0 
9681 56 0.9 90 0 
9740 33 0 44 0 56 0.3 58 0.4 62 0 74 0.5 78 0 83 0.6 95 0.8 99 0.4 
9954 27 0.3 
