100
26 10 0 23 0.8 44 0 70 1 86 0.7 98 0.5 
45 12 0 49 0.7 
59 18 0.7 20 0.5 47 1 53 0 56 0.4 64 0.5 81 0.7 86 0 96 0.6 99 0 
111 71 1 
172 6 0.4 13 0.3 25 1 54 0.5 58 0.8 87 0.8 90 0 96 1 
307 29 0 57 1 
308 3 0 13 0 18 0.9 61 0.8 76 0.8 97 0 
666 25 0.5 26 0.8 45 0.5 50 0 78 0.9 89 0 
838 2 0.4 21 0.8 45 0 46 0.5 50 0.9 66 0.5 
886 1 1 4 0.6 44 0.3 45 0.5 49 0.7 67 0 83 0.4 96 0.3 
898 0 0.8 45 0.4 82 0.8 
983 6 0.9 13 0 18 0.8 31 0.5 55 0.6 
992 3 0.5 12 1 44 0.7 56 0 63 0.7 73 0 75 0 90 0.3 97 0.3 98 1 
1032 8 1 11 0.7 35 0.8 38 1 41 0.5 49 0.7 59 0.8 73 0.7 85 0.3 86 0.4 
1097 16 0.6 43 0.5 70 1 73 0.8 95 0.3 
1107 3 0 
1129 12 0.4 48 0.7 58 0 88 1 92 0.8 97 0.5 
1146 18 0.5 43 0.4 55 0 81 0.5 
1425 29 0 34 0 39 0.7 49 0.7 51 0 55 0.4 68 0 70 0.8 77 0 
1541 68 0.8 82 0.4 91 0 
1583 4 0.3 19 0.6 35 0.3 37 0.3 65 0.3 69 0.4 80 0.8 
1842 9 0 10 1 37 0.9 51 1 55 1 58 0.8 67 0.8 72 0.6 94 0 98 0 
1897 47 0.3 54 0 73 0.5 82 0.6 90 1 94 0 95 0.9 
2002 20 0.4 28 0.7 38 0.6 63 0 73 0.9 86 0.5 
2113 3 0 4 0.9 6 0 22 1 28 0.8 35 0.5 57 0.4 65 0.9 72 1 92 0.6 
2242 17 0.5 23 0.5 26 0.5 59 0.3 94 1 
2392 11 0.5 20 1 
2425 68 0.9 93 0 
2494 12 0 13 0.8 36 0 43 0.4 
2582 23 0.6 27 0.8 36 0.6 53 0.3 57 0.8 64 0 67 0 90 0.3 
2592 10 1 14 0 19 0.3 40 0 53 0.4 57 0.8 64 0 77 0.8 
2778 2 0 5 0.9 8 1 22 0 29 0.8 52 0 73 0.8 92 0.8 
2856 5 0.3 16 0.6 23 0.4 29 0.7 63 0.4 69 0.4 84 0 91 1 94 0 
2902 1 0 17 0.7 18 0.3 24 0.9 27 0.9 50 0 57 0.4 79 0 
2913 72 0.6 76 0.6 99 1 
3036 12 0.4 16 0.3 48 1 49 0.5 62 0.5 72 0 96 0.5 
3080 11 0 22 0.8 31 0.4 32 0.6 42 0.4 48 0.7 63 0.8 67 0.3 70 0.6 85 0.3 
3364 8 0 21 0.8 26 0 27 0 74 0.3 97 0.3 
3559 6 0.4 8 1 14 0.8 28 0.3 31 0.8 64 0.5 77 0.5 
3666 11 0.7 38 0.3 46 0.9 65 0.4 79 0.5 84 0.3 89 0.9 98 1 
3712 4 0.7 
3764 9 0.5 13 1 25 0.4 34 0 64 0.3 74 0.7 75 0.5 76 0.8 77 1 
4234 15 0 16 0.8 19 0 31 0.4 37 0 42 0 58 0.7 67 0.7 93 0 94 0 
4279 1 0.5 33 0.9 42 0.9 76 0.4 91 0 
4352 9 0 31 0.7 38 0 49 0.7 60 0 65 0.3 67 1 77 0.4 81 0 93 0.3 
4425 28 0.8 81 0 
4488 2 0.3 26 0.3 30 0 67 1 68 0.4 73 1 98 0.3 
4752 27 0.9 46 1 74 0 
4959 38 0 47 0.5 61 0.9 
5269 71 0 
5404 5 1 15 1 25 0.7 32 0.8 33 1 41 0.5 48 1 57 0 82 0 
5468 0 0.8 17 1 93 0.9 
5526 18 0 42 0.3 46 0 64 0.6 72 0.9 77 0 99 0.9 
5728 7 0 23 0 
5868 0 0.5 2 0.6 16 0 47 0.6 52 0.7 62 0 77 0.7 99 0.3 
5891 25 0.3 32 1 40 0.5 59 0.8 66 0 89 0.9 
5968 3 1 
6144 30 0.3 36 0.7 41 0.4 90 0.9 99 0.5 
6337 9 0 26 0.5 32 0.5 36 1 43 0.9 66 0.8 70 0.4 81 0.6 99 0.6 
6494 46 0 50 0.7 58 0.8 66 0.8 93 1 
6717 9 0 18 0 22 1 27 0.8 34 0 39 0 61 0.5 69 1 88 0.5 
6767 20 1 24 0.7 27 1 36 1 49 0.4 
6790 4 0.5 12 0.8 25 1 59 0.8 74 0.5 87 0.9 91 0 99 0.4 
6919 4 0 8 0.5 14 0.3 28 0 40 0.5 45 0.4 54 0.4 80 0.6 92 0 
6927 20 0.9 23 0.7 31 0.8 58 0 72 0.8 90 0 
7082 6 0.9 
7189 3 1 16 0.8 21 0.6 30 0 59 0.5 97 0 
7229 31 0.3 35 0 76 0.6 98 0.4 
7283 28 0.4 42 0.3 80 0.5 
7335 9 0 25 0.9 56 0.5 85 0.7 
7505 2 0.7 3 0.3 11 0 28 0.7 54 0.5 61 0.3 83 0 88 0 
7516 11 0 40 0 62 0.3 
7896 16 0.7 19 1 35 0.9 45 0.3 51 0.3 74 0 75 0.3 87 0.9 96 0.8 
8131 35 0.6 39 0.6 97 0.9 
8207 3 1 8 0 30 0.9 32 0 33 0 40 1 41 0.3 76 0.3 77 0.3 94 0.3 
8264 14 0.5 40 0 42 0.4 47 0.4 
8462 1 0.4 12 0 21 0.8 36 0 51 0.7 68 0.9 
8622 0 0.3 11 0.7 14 0.6 21 0.6 51 1 85 0.5 92 0.7 95 0.8 
8676 12 0.7 15 0.3 41 0 
8712 41 0.7 50 0.9 84 0 
8714 54 0.4 
8722 56 0.7 58 1 63 0.3 97 0.6 
8785 7 0 34 0.3 61 0.7 
8807 11 0 26 0.9 34 1 
8829 23 0.8 37 0.5 45 0.8 78 0 85 0.4 96 0 
8966 26 0 38 0.6 50 0.6 55 0 59 0 63 1 65 0.4 83 0.4 93 0.9 94 0.9 
8980 0 0 7 0.8 34 0 78 0.8 93 0.8 
9021 58 0.5 68 1 
9041 23 0 53 0.4 59 0.4 86 0.9 
9100 49 0.5 50 0 51 0.9 97 0.8 
9107 5 0.4 6 0.9 7 0.8 24 0.5 39 0 41 0.8 42 0.9 45 0.6 54 0 64 0.5 
9144 2 0.3 7 0.9 42 0.4 48 1 74 0.3 84 1 91 0.3 96 0.8 
9386 12 0.5 51 0.5 63 0 80 0.8 
9490 42 0.4 46 0.8 78 0.7 85 0 
9572 0 0.6 21 0 49 0.7 55 1 65 0 86 0 
9699 42 0 58 0.5 
9717 25 1 38 0.5 44 0.9 53 0.6 61 0.6 67 0.3 72 0.4 85 1 91 0.8 96 0.5 
9718 15 0.6 26 0.4 45 0 54 0 66 0.7 
9794 5 0.9 24 1 37 0.4 46 0.9 49 0.7 77 0.3 
9943 13 0.3 15 0 32 0 49 0.9 51 0.3 92 0.3 
