100
150 10 0.3 16 1 31 0 38 0 55 0 78 0.7 
225 2 0 50 0.3 82 0 
229 18 0.3 20 0.8 23 0.5 29 0.6 30 0.8 35 0.6 39 0 51 0 72 0.5 
313 22 0.3 33 0 
388 3 1 23 0 24 0 32 0 73 0.3 78 0.3 81 1 89 0.9 96 0.4 
403 74 0 
421 18 0 23 0.7 42 0 43 0.4 46 0.5 57 0.9 61 0 77 0.3 
473 3 0.9 40 0.8 43 0 55 0.5 57 0 66 0.7 73 1 80 0.5 86 0.8 87 0 
630 11 0.8 21 0 29 0.5 40 0 52 1 82 0.4 86 0 95 1 
828 0 0.5 7 0.5 24 0 31 0 34 0 51 0.4 68 0.6 78 0.9 86 0 92 0 
863 8 0 29 0 35 0.9 51 0 65 1 66 0 86 0.5 87 0 89 0 
980 0 0 20 1 57 0.9 58 0.5 69 0 78 0 94 0.9 98 0.7 
1381 4 0.3 5 0 56 0 69 0 77 0.5 84 0.9 88 0.4 98 0.9 
1478 26 1 63 0.6 89 0.6 
1596 41 0.3 
1609 1 1 12 0.8 19 0 29 0.9 51 0.6 53 0.9 59 0.9 77 0.3 81 0.7 99 0 
1658 45 0.7 58 0.3 74 0.7 85 0 90 0 95 0.3 99 0 
1749 27 0.8 41 0 
1826 7 0.8 41 0 95 0.8 
1875 0 0.5 7 0 19 0.3 35 0 36 0.9 50 0.9 51 0 69 0.7 81 0 85 1 
1879 34 0.5 
1943 50 0.5 84 1 
1964 32 0.9 33 0 39 0 70 0.9 75 0.3 81 0.5 84 0 
2070 31 1 50 0.4 52 0.4 57 0.8 64 1 81 1 
2122 97 0.8 
2232 33 0 42 0.3 50 0.6 60 0.8 78 0.9 95 0.3 
2288 1 0 8 0.8 54 0.4 74 0.8 
2319 23 0.7 85 0.5 87 0.8 
2427 90 0 
2445 3 0.8 33 1 43 0 49 1 62 0 65 1 78 0.6 83 0.5 
2530 5 0.8 23 0.9 32 0.4 33 0.4 36 0.7 44 0.3 56 0.5 59 0 63 1 82 0 
2570 1 0.6 23 0.6 24 0 37 0 38 0.9 46 0.3 71 0.8 
2816 50 0.8 77 0.4 
2999 78 0.6 
3143 2 0.8 16 0.8 48 0 52 0.9 60 0.5 67 0.3 68 0.7 69 0.9 
3192 4 0.4 5 0.7 9 0.6 23 0.8 34 0 40 0.4 62 0.4 81 0.4 84 0.9 98 1 
3202 47 0 65 0.9 
3203 11 0 23 0.6 24 0.9 33 0 62 0.4 83 0.4 
3243 58 0.3 73 0 95 0 
3323 2 0.7 22 0.7 35 0 45 0.9 56 0.8 60 0.8 71 0 84 0 94 1 
3611 2 0.5 7 0.6 
3628 11 0.5 34 0.9 40 0.5 43 0.9 53 0.3 63 0.4 77 0 81 0 82 0 97 0 
3770 35 0.8 
3994 28 0.9 42 0.8 45 1 81 0.4 95 0.7 
4038 20 0 44 0.7 48 0 65 0.9 
4160 23 1 
4215 13 0.8 33 0.7 48 0.4 74 0 95 0 
4291 24 0.3 
4412 26 0.4 83 1 
4538 59 1 73 0 
4544 0 0.3 31 0.4 32 0.7 49 0.3 57 0.3 63 0.6 70 0.7 85 0.8 86 0.5 95 0.6 
4566 1 0.8 8 0.5 11 0.7 12 0.7 54 0.5 56 0 57 0 84 0.9 
4596 1 0 8 0.7 18 0 29 0 57 0.6 64 0 
4647 0 1 11 0 59 0 87 0 
4653 52 0.7 57 0.5 70 0 
4737 5 0 28 0.9 43 0.9 78 0.3 
4866 7 0.7 19 0 43 0.5 60 0.8 71 0.6 93 0.3 
4879 2 0.9 22 0.9 23 0 34 1 57 0 70 0.5 72 0.3 81 0.6 93 0.9 
4881 0 0.7 11 0 15 0.7 17 1 20 0 50 0.4 60 0.5 76 0 98 0.5 
4943 3 0.4 4 0 5 0.9 7 0.5 30 0.5 39 0 85 0.6 
4978 3 0.4 14 0 26 0.4 43 0.5 47 0.7 48 0.3 60 0.6 68 0.9 75 0.6 81 0.3 
5138 4 0.8 6 0.8 27 0 45 0.4 50 0 53 0.6 61 0 62 0.5 94 0.7 
5167 16 0.8 40 0.8 56 0 64 0 97 0.7 
5384 2 0.7 
5685 7 1 23 0.9 30 0 57 0 73 0.4 80 0.6 
5758 26 0.3 89 0.3 
5967 0 0.7 1 0.8 17 0 21 0 24 0.7 50 0.6 90 0.7 93 0 94 1 95 0.7 
6272 25 1 31 1 46 0.5 
6273 6 0.3 14 0.9 20 0.8 35 0.3 54 0.8 64 0.9 76 0.7 
6303 9 0 10 0.5 17 0 52 0.5 
6578 10 0 18 0.3 25 0.9 31 0.4 37 0 39 0.8 41 0.9 80 0.8 
6597 8 0 12 0.3 34 0.8 52 0 
6642 2 0.9 6 1 11 0.9 12 0.5 14 0 19 0.6 43 0 63 0.4 97 1 
6672 87 0.9 96 0.4 
6713 16 0.8 18 0 61 0.7 70 1 72 0.7 86 0 97 0 
6771 19 0.6 30 0.8 34 0.6 39 0.4 65 0.7 80 0.5 96 0 
6813 2 0.7 55 0.8 57 0.6 81 0 84 0 90 1 
6905 5 0.8 16 0 
6922 10 0.6 11 0.4 29 0.4 39 0 46 0 60 0.6 71 0 75 0.7 84 0.4 
6965 64 0.8 
7043 18 0 23 0 55 0.8 77 0.7 79 0.8 98 0.7 
7165 10 0.5 15 0.6 25 0.4 43 1 46 0.7 48 0 64 1 75 0.5 
7318 1 0.9 12 0.9 
7322 3 0.5 4 0 9 0 16 0.7 20 0.3 30 0.6 40 1 70 0.9 86 0 92 0.8 
7353 40 0.5 68 0.9 
7398 32 0.8 55 0.5 
7589 16 1 34 0.7 38 0.5 45 0.6 68 0.3 98 0.7 
7900 11 0 24 1 61 0.8 63 0 68 0.5 78 0 79 0 83 0 85 0 
7977 25 0 43 0.9 53 0.6 77 0.3 85 0.9 89 1 91 0.7 
8036 1 1 3 0 5 0.7 7 0 17 0 41 1 
8495 3 0.8 
8564 3 0 17 0 22 0.5 26 0.8 41 0.7 
8621 0 0 13 0.5 15 0.6 74 0.5 85 0 94 0.4 97 0 
8736 16 0.7 21 1 29 0.5 43 0.9 50 0.9 70 0.6 83 0 87 0.8 
8814 7 0.6 43 0 75 0 96 0 
8964 42 1 83 0 
9130 30 1 70 0.6 72 1 
9501 6 0.6 22 0.3 27 0.6 35 0.8 91 0 
9560 14 1 69 0.8 79 0.4 
9774 4 0.9 5 0.4 9 0.5 19 0.7 26 0.7 39 0.3 68 0.4 81 0 99 0 
