100
27 9 0.3 20 0.5 38 0 41 0.7 46 0.6 64 0.4 
266 26 0.6 
534 44 0.4 
542 9 0 18 0 33 0 36 0 39 0.5 47 0.4 65 0 71 0 75 0.5 91 0.4 
545 7 0.4 37 0.5 45 0.9 62 0 63 0.7 75 0 86 0.7 
576 37 0 
653 0 0.8 2 0 47 0.5 
674 91 0.6 
701 5 0.7 6 0.5 12 0.9 21 0 24 0 32 0.8 56 0 76 0.8 93 0 
780 15 0.4 70 0 
870 65 0 87 0.5 
1233 28 0.3 90 0 
1518 24 1 36 0 54 1 62 0.5 67 1 85 0.5 87 0.4 90 0.6 99 1 
1526 80 0.9 90 0.3 97 0 
1578 7 0.6 28 0.6 44 0 57 0.4 70 0.7 78 0.7 86 0.6 
1612 22 1 24 0.6 28 0 30 0 56 0 87 0.5 89 1 97 0.7 
1789 5 1 19 1 53 0.6 54 0 67 0.4 68 0.5 84 0.5 88 0.5 89 0.4 90 0.7 
1842 9 0.5 10 1 37 0 51 0.6 55 0.5 58 0.6 67 0 72 0.7 94 0.7 98 0.8 
2065 11 0.7 29 0.7 48 0.3 
2178 6 0.4 22 0.5 47 0.7 66 1 73 0.4 78 0 
2214 1 0 13 0.9 42 0.4 67 0.6 68 0 72 0.9 88 0 
2251 17 0 
2307 31 0.3 
2317 13 1 
2570 1 1 23 0 24 0.7 37 0.3 38 0.7 46 0.6 71 0.9 
2572 1 0.6 2 0.8 26 0.4 52 0.6 
2596 0 0.8 6 1 9 0.6 14 1 18 0.4 34 0 40 0.8 65 1 70 0 72 0 
2717 47 0.3 56 0.8 58 0 66 0.5 
2735 65 0.8 
2914 9 0.4 32 0.4 46 0.3 
3036 12 0.7 16 0.7 48 0.4 49 0 62 0.7 72 0.3 96 0 
3086 16 0 22 0 46 0.9 59 0 82 1 83 0.7 
3148 55 0.7 
3308 12 0 
3384 40 0 43 0 48 0.6 78 1 
3429 14 0.9 39 0.5 
3503 31 0.6 56 0.9 96 0.5 
3615 14 0.6 17 1 26 0.9 27 0.8 36 0 68 1 
3734 7 0.9 52 1 55 0 72 0.8 73 0 75 0.3 90 0.7 
3865 11 0.6 43 0 59 0.6 66 0 67 0 68 0.8 73 0 
3959 4 0.6 13 0.8 33 0 55 1 58 0.5 68 0 75 0 
3962 74 0.4 
4004 38 0.4 
4009 8 0.3 33 0.8 54 0.8 81 0 94 0 
4190 7 0.5 22 0.5 26 0.3 51 0 55 0.6 84 0.9 98 0.8 
4308 7 0.8 
4380 11 0 46 1 53 0 55 0 65 0.7 69 1 73 0.3 81 0.8 88 0.6 
4519 3 0 5 0.7 6 0.6 32 0.9 33 0.8 84 0 92 0.5 
4522 51 0.3 54 0.7 86 1 91 0 
4616 52 0 
4695 3 1 18 0.4 22 0 47 0 49 1 63 0.7 64 0.6 66 0 99 0 
4768 2 0.5 6 0.9 54 0 
5287 5 1 14 1 27 0.4 55 1 70 0.6 72 0 74 0.3 80 1 99 0.8 
5461 20 0 26 0.6 27 0.6 42 0.9 63 0 
5620 10 1 46 0.6 55 0.5 91 0.6 
5771 18 0.8 28 0 38 1 57 0 58 0.6 70 0.4 72 0.9 84 0.3 87 0.5 92 0.3 
5797 20 0 34 0 45 0 55 0.8 61 0.7 81 0 
5927 11 1 29 0.6 85 0 
5934 93 0.8 
5966 10 0.7 24 0.4 33 0.8 42 0 43 0.4 63 0 73 0.6 80 0 82 0.5 97 0.5 
6122 4 0 34 0.6 58 0.3 63 0 72 1 74 0.9 79 0.8 82 0.8 94 0.9 
6217 93 0.5 
6459 15 0 22 0 48 0.6 51 0 53 0.8 55 0 64 0.9 81 0 
6511 14 0.7 34 0 36 0 57 0.5 63 0.4 75 0.7 85 0.3 90 0.8 94 0.8 96 1 
6550 2 1 10 0.4 31 0 41 0.5 48 0.3 80 1 
6581 29 0.3 53 0.4 58 0.4 70 0.6 94 0.7 
6646 4 0 36 0 40 1 43 1 69 1 73 0.4 75 0 76 0.8 88 0.3 
6654 8 0.4 23 0.3 32 0.7 33 0 37 0 44 0.8 46 0.4 57 0.3 59 1 
6750 6 0.6 16 0.9 26 0.8 28 0.5 35 0.4 37 0.3 47 0.3 58 0.6 72 0.5 
6752 88 0.8 90 0.4 
6879 2 0.9 14 0.4 35 0.6 46 0.9 49 0.7 54 0.5 72 0 75 0 84 0.5 85 0.6 
6938 32 0 45 0 46 0 70 0 79 0.9 81 0.5 97 1 
6977 1 0 5 0 52 0 60 0 68 0.5 98 0.4 99 0 
7103 15 0.8 37 0.5 45 0.7 50 0.5 60 0.7 75 0 85 0 97 0.5 
7118 23 0.3 32 0.6 41 0.6 76 0 77 0.4 78 0.8 87 0.9 
7181 25 0.7 27 0 29 0.3 35 0 51 0.7 57 0.6 73 0 77 0.3 
7278 7 1 24 0 37 0.3 38 0 54 0 56 0.7 59 0 87 0.9 88 0.4 92 1 
7362 4 0.3 33 0.3 66 0.9 70 0 78 0.5 83 0 87 0.8 88 0.6 
7424 13 0.6 28 0.8 82 0.7 
7535 1 0.6 3 0 28 0.5 59 0.8 62 0 74 0.7 
7548 68 0.3 
7584 5 0.3 67 0 89 0.8 91 0.9 
7758 0 0.5 3 0.6 85 0.6 
8032 0 0 3 0.3 5 0.8 14 0.3 16 0.6 32 0 39 0.7 46 0.8 83 0 91 0.3 
8050 6 1 15 0.9 18 0.7 26 0.5 30 0 36 0.3 78 0 
8212 43 0.8 66 0.4 
8260 1 0.8 16 0.8 35 0.5 65 0.8 74 0 75 0.8 88 0 99 0.4 
8418 16 0.3 19 0.5 24 0 26 0.9 69 0.7 
8631 7 1 17 0.6 30 0.7 62 0.8 72 1 76 0.3 
8937 21 0.9 46 1 55 0 80 0.9 85 0.9 96 0.7 
8955 38 0.3 40 0.9 57 0.7 59 0 91 0 
9178 45 0 67 0.8 
9247 29 0 82 0.4 98 0.5 
9293 34 0 46 1 60 0.6 74 0 
9414 7 0.4 9 0 12 0 
9502 22 0 50 0.3 56 0 62 0.8 65 0.3 71 0.7 77 0.3 82 0.5 97 0.4 99 0.4 
9519 52 0.8 56 0.3 63 0.5 77 0.5 85 1 91 0.5 
9684 18 0.4 37 0.4 75 0.3 77 0 82 0.5 95 0 
9737 80 0.7 
9797 8 1 9 1 21 0.5 24 0 40 0.4 70 0.6 79 0.4 
