100
93 2 1 4 0.9 22 0.7 25 0 48 0.3 49 0 62 0.7 89 0.4 
111 71 0 
257 47 1 69 0.5 79 0.4 82 0.8 90 0 
285 21 0.8 32 0 36 0.8 43 0.5 75 0.7 83 0.3 84 0.9 
352 4 0.6 16 0.8 24 0.8 35 0 38 0.8 40 0 41 0.8 58 0 92 0.6 
403 74 0.3 
465 20 0.9 37 0.9 39 0 49 0.7 50 0 74 0 
622 2 0.4 21 0.4 28 0.3 43 1 60 0.8 92 0.5 96 0 
680 30 0.5 44 0.4 51 0.5 53 0 57 0.8 72 0.9 
773 20 0 51 0.7 78 0 91 0 
925 15 0.4 24 0.7 25 1 31 0.8 41 0.8 74 0 76 0.9 77 0.7 96 0.3 99 0.9 
941 3 0.7 20 0.8 70 0.3 
962 17 0.9 20 0.5 50 0.8 53 0.9 93 0 
1170 0 0.4 19 0.6 45 0.6 60 0.6 79 0.7 80 0.6 84 0.8 89 0.9 97 0 
1311 38 0.4 44 0 
1346 8 0 15 0.3 46 0.4 50 0.8 58 0 99 0 
1667 2 0 9 0.6 58 0.3 70 1 83 0.9 98 1 
1835 18 0.8 
1917 20 0.8 71 0.9 92 0 
1924 4 0.9 7 0.6 22 0.9 27 0.3 30 0.7 31 0 61 0.7 63 0 66 0 73 0.9 
1994 95 0 
2030 2 0 12 0.4 16 0.8 28 0.7 
2042 20 0.3 27 0.6 30 0.7 47 0 77 0.5 78 0.8 94 0 
2059 29 0.7 61 0.8 65 0.9 76 0.8 81 0.9 90 0 92 0.6 97 0.9 
2070 31 0.5 50 0.9 52 0 57 0.4 64 0.6 81 0 
2179 23 0.6 28 0.7 38 0.7 86 0.5 
2210 3 0 43 0.3 88 0.8 
2268 17 0.8 41 0 68 0.8 76 0 
2293 34 0.5 37 0.4 44 0.6 64 0.6 70 0 98 0.9 
2299 2 0.4 3 0.8 37 0.6 43 0.7 82 0.4 
2367 8 0.7 13 0.9 25 0 39 0.3 43 0.9 49 0.3 62 0.7 68 0 74 0.8 94 0.8 
2372 0 0.7 13 0 16 0 28 0 34 0 37 0.4 50 0.4 62 0 78 0.7 84 0.3 
2593 21 0 53 0 67 0.9 
2693 2 0.5 4 0 8 0 23 1 54 0.3 57 1 68 0.5 70 0 89 1 91 0 
2961 4 0.8 11 0 12 0.6 20 0.4 24 0.3 31 1 
3207 10 1 39 0.7 43 0.4 60 0 66 0 77 0.8 83 0 88 0.9 93 0.5 
3411 12 0.4 26 0.7 38 0 47 0 55 0.9 69 0.6 84 0.4 88 0.4 
3477 12 1 21 0.8 29 0.8 55 0 69 0 71 0.3 75 0.3 
3545 3 0.4 4 0.7 23 0.5 26 0 37 0.4 93 0 
3634 4 0.5 7 0.3 11 0.8 54 0 63 0 87 0 
3645 8 0.8 9 0.5 77 0.6 89 0.3 
4259 23 0.9 61 0 81 0 94 0 95 0.3 
4459 4 0.6 19 0.4 44 0 61 0 
4755 1 0.5 20 0 42 0.4 45 0 47 1 67 0 90 0.6 98 0.9 
4780 36 0 40 0 61 0 68 0.8 91 0 94 1 
4891 4 0.6 9 0.7 25 0.8 61 0 99 0.7 
4939 3 0.4 9 0 53 0.6 76 0.6 85 0.6 
5151 32 0 75 0.7 86 0 
5156 3 0.8 27 0.3 34 0.5 36 0.7 38 0 40 0.4 61 0.6 75 0.3 
5176 8 0.9 61 0.8 
5227 91 0.6 
5234 55 0 73 0 77 0 86 0.3 
5349 78 0 
5378 7 0.4 12 0.6 17 1 22 0.5 71 0.6 72 0.5 95 0.8 
5397 2 0 19 0.3 23 0.5 57 1 77 0.7 81 0 88 0 95 0 
5806 9 1 15 0 
5854 36 0.3 73 0 91 0 
5950 8 0.3 
6016 0 0 48 0.9 74 0.5 91 0 98 0 
6074 19 0.6 
6122 4 0.3 34 0 58 0.7 63 0.7 72 0 74 0.3 79 0.3 82 0.9 94 1 
6192 9 0.4 23 0 39 0 58 0.7 59 0.9 66 0.9 68 0 73 0 88 0.5 
6201 8 0.7 27 0.7 
6222 15 0 20 0.5 
6499 34 0.6 
6543 0 0 1 0.8 4 0.6 19 0.7 29 0.8 81 0 89 0.6 
6561 13 0.7 48 0.5 54 0.3 81 0 87 0.7 94 0.7 
6598 10 0.9 29 0.3 30 0 39 0 41 0.4 51 0 56 0.6 61 0 
6747 5 0.3 14 0.9 29 0.4 41 0.3 58 0 64 0 76 0.5 82 1 89 0.4 99 0.5 
6770 33 0.5 61 0.3 65 0.4 73 0 80 0.4 
6959 5 0.4 17 0.5 63 0 93 0 
7116 33 0.3 56 0.4 57 0.9 66 0.4 80 0 98 0.7 
7242 6 0 
7666 4 0.8 12 0 57 0.3 
7686 31 0.6 
7804 1 0 11 0.5 28 0.3 38 0.8 54 0.4 75 0.5 82 0.3 92 0.7 
7879 40 0.7 70 0.8 
7919 75 0 
7931 8 0 16 0.7 18 0.5 33 0 45 1 62 0.7 67 0 69 0.7 78 0.7 85 0 
8006 67 0.9 71 0 84 1 88 0.8 
8076 6 0.9 28 0.4 35 0.6 52 0.3 59 0.7 73 0.7 92 0.7 96 0 97 0 
8285 28 0 64 0.7 70 0 73 0 90 0.8 
8320 19 0.6 91 1 
8404 7 0.5 10 0.3 13 0.9 22 0.4 53 0.6 71 0 81 0.4 82 0 
8639 1 0 2 1 8 0.9 16 0 44 0.5 59 0.5 68 0.6 90 0.3 91 0 92 0 
8711 5 0.5 
8976 7 0.7 22 0 86 0.8 
9007 7 0 24 0.5 32 0.8 47 0.6 49 0.6 84 0 88 1 
9104 5 0 14 0.8 32 0.7 48 0.9 90 0.5 
9183 3 0.6 7 0.5 32 0.7 34 0 37 0 54 0 72 0.8 73 0.7 89 0.4 99 0.5 
9307 21 0.8 22 0.8 28 0 39 0 53 0.5 62 0.4 74 0.3 79 0 80 0.7 
9362 12 0.4 22 0.9 37 0.9 43 0.7 98 0 
9405 8 0.7 14 0 35 0.9 40 0.6 44 0.4 82 0.7 86 0 
9457 6 0.3 58 1 92 0.5 
9467 35 0 78 0.5 94 0.6 
9477 77 0.6 
9479 59 0.4 
9507 24 0.8 
9747 1 0.6 23 0.9 99 0.3 
9861 18 0.8 19 1 
