100
5 18 0.4 43 0.9 57 0.9 83 0.8 95 0.4 96 0.8 98 0.9 
185 9 0.7 13 1 17 0 19 0.9 30 0.5 32 0.7 35 0.7 58 1 83 0.5 88 1 
341 12 0.6 16 0.5 39 0.4 46 0 49 0.4 51 0.4 72 0.9 80 1 
469 46 0.5 49 0.6 71 0.9 83 0 
532 4 0.7 74 0 85 0.4 
568 9 1 18 0 40 0 
601 6 0.5 11 0.4 26 0 28 0.3 67 0.4 77 0.8 88 0.7 90 0.5 97 0 
650 14 0.7 20 0.5 21 0.4 58 0 60 0 70 0 
699 1 0.7 31 0.8 50 0 76 0.3 
705 11 0.6 36 0 37 0.9 46 0.3 65 0.7 
841 5 0.7 61 0.5 99 0.3 
852 33 1 49 0.8 51 0 60 0.5 75 0 77 0 78 0 83 0 91 1 99 0 
884 76 0.8 99 0.5 
894 2 1 6 0 14 0.7 59 0.8 66 0.5 73 0.5 97 0 99 0.3 
947 2 1 17 0.7 40 0 44 0.9 66 0.6 69 0.3 70 0.9 74 0.3 79 0 
963 5 0.9 17 0.6 20 0 40 0.5 46 0.3 60 0 73 0 
1012 6 0 14 0.7 23 0.6 31 0.5 62 0.4 65 0 77 0 82 0.9 93 0.5 
1035 7 0.8 80 0.7 85 0 96 0.3 
1156 14 1 18 0 23 0 47 0.3 53 0.6 93 0.6 95 0 
1173 51 0.6 
1254 2 0.6 47 0.4 48 0 49 0.4 61 0.9 92 0.5 
1399 11 0.8 28 0.7 39 0.9 49 0.8 50 0 65 0 67 0.3 
1478 26 0.5 63 0.4 89 0 
1856 20 0.4 47 0 
1943 50 1 84 0.3 
2067 35 0.3 36 0 55 0.6 67 0.6 79 1 
2250 7 1 27 0.9 60 0.7 70 0.9 
2267 29 0 51 0.3 
2311 13 0.9 16 0.8 17 0.3 19 0.6 22 0 73 0.6 77 0.9 81 0 86 0.8 95 0.7 
2326 4 0.4 17 0.9 25 1 
2336 1 0.5 4 0 6 0.5 18 0 40 0 50 0.5 71 0 78 0.9 88 0 92 0 
2369 28 0.3 72 0.9 99 0.5 
2451 9 0.9 11 0.5 
2819 22 0.6 26 0.6 32 0 44 0.8 48 0.9 59 0.3 60 0 86 0.6 99 0 
2837 27 0.5 35 0 42 1 47 0 68 0 72 0.8 73 0 
2845 42 0.7 95 0 
2917 5 0.9 24 0.5 91 0.3 
3006 74 1 87 0.7 
3023 33 0.8 46 0.7 81 0.8 82 0 88 0.6 91 0.4 97 0.8 
3174 98 0.6 
3241 50 0.8 
3321 21 0.3 37 0.9 62 0 65 0 75 0 77 0.9 
3585 6 0.6 20 0 
3600 43 0 44 1 45 0.8 52 0 58 0 62 0.6 84 0.9 87 0 97 0.5 
3763 51 0.4 
3885 0 0.8 3 1 26 0 67 0.5 77 0.7 99 0.6 
3937 31 1 97 0.4 
3998 47 0.9 51 0.4 52 0 64 0.4 65 0 69 0.7 71 0.7 75 0.6 86 0.3 87 0.5 
4680 27 0.7 29 0.5 50 0 63 0.3 
4894 24 0.8 58 0 
5021 26 0 32 0 40 0 60 0 67 0.8 95 0.3 
5187 29 0.3 86 0.8 93 0 
5360 4 0.9 15 0.8 23 0.4 28 0.6 31 1 40 0.5 48 0.3 60 0.9 71 0.4 99 0.9 
5409 10 0.3 36 0.6 45 0 78 0.4 87 0.4 90 0.4 93 0.9 98 0.6 
5612 2 0.6 5 0 22 0 24 0.5 25 0 40 0.5 84 0.4 98 0.7 
5671 12 0 40 0 50 0 57 0.8 93 0 
5805 24 0.8 41 0 43 0.3 62 0.8 66 0.4 
5888 71 0.7 
5955 45 0 75 0 
5961 7 1 
6073 12 0.8 18 0.9 19 0.9 30 0.6 34 0.5 40 0 50 0.9 68 0.4 87 0.9 
6316 48 0 49 1 55 0.4 
6367 32 0 56 0.9 68 0.9 78 0.3 87 0 
6430 26 0 45 0.9 64 0 
6439 14 0.7 55 0.9 80 0.9 93 0.9 
6703 2 0.6 31 0.6 64 1 93 1 
6872 5 0.6 40 0.7 53 0 79 0.4 
6892 38 0 51 0.4 61 0.6 64 0 70 0.8 72 0.4 80 0.4 90 0.9 
6923 1 0.3 5 0 20 0.7 25 0 28 0.3 69 0.9 74 0 92 1 
6967 0 0.7 17 0 22 0.5 28 0 52 0.3 57 0.7 74 0.4 76 0.7 80 0.6 97 0.6 
7334 43 0 48 0.4 51 0.7 80 0.7 
7433 13 0.8 51 0 62 0.3 77 0 88 0.6 94 0.9 
7463 32 0 38 0.7 
7503 8 0 10 0.8 52 0 90 0 99 0.3 
7679 20 1 23 0.4 27 0.8 36 0 39 0.5 57 0 96 0.3 
7719 44 0.8 66 0.5 85 0 
7876 18 1 19 0.6 21 0 39 0 69 0 71 0.6 76 0.5 85 0.9 94 0.6 
8052 35 0.3 
8058 0 0 
8190 8 0.8 18 0.8 33 0 43 0.8 45 0.3 73 0 93 0.4 
8254 0 0.8 14 0.3 31 0 36 0.4 67 0 78 1 85 0.7 89 0.7 
8375 14 0.3 18 0.7 29 0.6 31 0.6 52 0.6 56 0.7 66 0 68 1 99 1 
8435 37 0.8 75 0 
8648 12 0.5 25 0 35 0 53 1 63 0.4 78 0.3 79 0.4 93 0.4 
8708 13 0.9 19 0.5 22 0.5 23 0 37 1 48 0.7 81 0.9 91 0 
8721 5 0 22 0 38 0.6 61 0.4 68 0.8 80 0.5 90 0 91 0 96 0.3 
8742 6 0 45 0.6 51 0 56 0.6 79 0.3 83 0.8 88 0 
8819 7 0.3 9 0.3 34 0.9 56 1 61 0 74 1 
9195 0 0.3 7 0.3 9 0.9 10 0.9 
9397 8 0.5 15 0.8 25 0.6 44 0 53 0 57 0 
9415 4 0 37 0 62 0.9 63 0.6 67 0.8 
9466 1 0.5 17 0 49 0 56 0.5 83 0 88 0.4 96 0 97 0 99 0.3 
9546 16 0.4 40 0.5 84 0.5 93 0.8 
9575 0 0.3 9 0.6 49 0.4 60 0.5 62 0.3 66 0.9 69 0.3 74 0.4 75 1 84 0.7 
9577 24 0.9 28 0.8 39 0.3 45 0 57 0 66 0.8 68 0.7 83 0.4 91 0.5 93 0 
9705 0 0.7 29 0 42 0.5 45 0 61 0.8 65 0.3 78 0 
9810 41 0.3 49 0.8 
9818 18 0 94 0 
9832 14 0 20 0.7 24 0.4 56 0 73 0 87 0.6 99 0.9 
9945 6 0 22 0.9 26 0.5 43 0.3 75 0.3 
