100
99 3 0.8 29 1 30 0.3 52 0.5 56 0.4 63 0.7 72 0 77 0.3 98 0.5 
227 37 0.9 49 0.9 87 0 92 0.7 
289 2 0.8 40 0.3 49 0.8 74 0.3 85 0.9 90 0.5 
300 2 0.4 46 0.5 63 0 65 0.6 72 0.6 
470 14 0.6 18 0.6 19 0.6 33 0 41 0.3 50 1 61 0.8 70 0 85 1 95 0.6 
495 1 0.4 25 0.3 50 0 52 0.9 77 1 
664 3 0.4 39 0.3 70 0 76 0.7 83 1 97 0.7 
665 10 0 14 0.7 27 0.9 44 0 46 0.8 51 0.7 57 0.7 75 0.5 
744 8 0.7 9 0.8 13 0.7 31 0.5 66 0.6 73 0.9 78 0.6 79 0 82 0.6 
765 7 0.8 45 0.8 47 0.5 51 0 64 0.6 70 0.5 95 0.3 
1012 6 0.8 14 0.6 23 0 31 0 62 1 65 0 77 0 82 0.5 93 0.6 
1026 11 0.5 17 0.8 21 0.6 42 0 51 0 66 0 88 1 90 0.8 
1121 0 0.8 21 0.7 70 0.9 74 0.3 
1308 3 1 49 0 50 0.8 54 1 61 0.4 65 0 78 0.9 85 0.3 90 0.8 
1373 5 0.6 45 0.8 63 0 70 1 71 0.7 79 0 95 0.8 98 0.7 
1380 2 0.3 5 1 14 0.8 15 0.9 26 0.6 63 0 64 0.4 79 0 
1433 8 0.6 20 0.9 48 0 
1531 34 0.6 40 0.9 53 0.8 62 0.8 64 0 72 0 92 1 94 0.9 
1713 6 0.4 71 0 
1790 26 0 40 1 53 0 64 0 
1899 1 0.9 
1952 12 0.4 16 1 19 0 74 0.5 84 0.6 88 0.7 
2084 25 1 57 0.7 60 0.3 74 0.6 
2098 5 0.5 28 0.3 46 0.7 66 0 85 0.3 
2143 1 0.7 20 0.5 22 0 62 0.8 67 0.7 73 0.4 81 0.7 94 0 
2146 5 0 31 0.7 83 0 
2211 15 0.7 94 0.8 
2372 0 1 13 1 16 0.7 28 0.9 34 1 37 0.7 50 0.7 62 0.4 78 0.8 84 1 
2452 17 0 22 0.3 41 0.3 48 0.4 59 0.3 63 0.3 66 0.5 86 0.7 96 0.7 
2558 8 0 13 1 26 0.7 56 0 57 0.5 60 0.3 71 0 72 0 94 0.5 
2559 11 0 14 0 24 0.3 49 1 50 0 74 1 99 0.3 
2850 0 0 79 0.8 
2903 17 0.7 
2937 24 0.8 28 1 30 0.6 42 0 61 0.4 63 0.3 65 0.6 68 0.6 93 0.9 94 0.8 
3036 12 0.4 16 0 48 0.8 49 0.6 62 0 72 1 96 0.3 
3101 15 0.3 20 1 42 0 58 0.6 
3189 74 0.3 
3223 8 0 12 0 19 0 
3289 2 0.9 30 0.6 33 0.9 48 0 54 0 60 0.5 63 0.5 69 0.3 78 0 
3331 18 0.6 53 0.7 76 0.6 
3616 35 0.5 39 0.4 41 0 48 0.6 83 0.3 86 0 91 0 
3778 9 0.7 66 1 86 0.7 
4020 9 0.6 25 0.7 43 0.4 75 1 83 1 94 0 
4235 12 0 20 0.4 37 0.7 42 1 48 0.9 56 0.6 66 0.8 74 0.8 84 1 99 0 
4237 14 0.9 18 0.7 27 0.4 54 0.3 61 0.6 64 0 74 0 80 0.8 93 0 
4278 17 0 
4287 17 0.9 18 0.8 26 0.9 34 0 40 0.4 98 0.3 
4306 9 0.5 22 0.3 27 0.8 35 0.9 39 0.6 57 0 66 0 70 0.8 
4465 35 0.3 44 0.4 60 1 66 0.3 75 0.9 86 0.4 
4492 2 1 14 0.4 30 0 36 0 58 0.4 
4560 14 0.3 38 0.7 79 0 
4645 7 0.9 15 0 36 0.8 37 0.6 65 0.8 76 0.9 90 0 97 0.8 
4911 49 0.7 75 0.6 84 0.9 
5042 1 0.4 21 0 29 0 80 0.4 97 0.9 
5205 52 0.3 59 0.8 61 0 
5414 13 0.9 
5523 18 0.5 21 0 25 0.7 35 0.4 49 0.4 60 0.7 72 0 96 0 
5587 1 0 6 0.4 23 0.6 33 0 49 0 
5658 96 0.3 
5691 25 0.3 31 0.3 32 0.8 61 1 80 0 98 0.3 
5771 18 0 28 0.7 38 1 57 0.5 58 1 70 1 72 0 84 0.7 87 0 92 1 
6090 1 1 5 0.6 28 0.3 46 0.5 49 0.8 50 0 80 0.4 
6132 21 1 43 0.9 44 0.3 67 1 
6245 7 0.5 25 0.4 30 0.9 41 0.3 51 0.4 58 0.6 75 0 84 0.5 91 0 94 1 
6415 71 0.9 72 0 
6486 54 0 82 0.6 
6576 24 0.5 
6630 44 1 76 0 
6810 14 0.7 75 1 
6841 13 0.7 15 1 46 0 54 0.8 60 0.6 73 0.9 86 0.4 90 0 
7119 29 0 35 0.5 38 0.8 61 0.6 
7175 0 0.4 7 0.3 24 0 28 0.4 42 0.9 66 0.5 78 0.5 
7376 28 0.8 
7430 6 0.5 9 0 19 0.8 30 0.8 31 0 53 0.4 70 0.5 79 0.9 97 1 
7455 19 0.3 24 1 30 0 45 0 48 0.9 59 0.3 74 0.5 
7531 64 0.5 80 1 90 0 
7585 26 0.4 47 0.9 72 0.9 83 0.8 92 0.9 
7685 65 0.6 
7687 21 0 28 0.7 30 0.4 32 0 49 0.5 63 0 71 1 83 0.3 
7758 0 0.6 3 1 85 0 
8211 11 0.7 12 0.4 26 0.7 27 0 41 0 70 1 75 0.4 92 0.4 
8263 29 0.6 66 0.4 74 0 
8347 3 0.4 8 0.9 16 0.4 20 0.8 46 0.9 49 0.4 90 0 93 0 94 0.4 
8377 17 0.3 29 0.8 46 0 84 0.4 99 0.6 
8383 40 0.9 58 0.8 72 0.4 76 0.3 89 0.6 96 0.5 
8400 41 0.7 
8480 2 0.7 9 0.6 15 0.5 30 1 58 0.9 71 1 
8500 9 0.3 11 0.5 58 1 59 0.8 60 0.4 62 0.4 93 0.7 
8559 31 0 55 0.8 64 0 85 0 
8627 19 0.3 89 0 
8703 43 0.9 
8727 7 0.4 15 0.8 27 0.6 29 0.7 57 0.4 81 0.7 97 0 
8897 4 0 39 0 
8951 27 0.5 39 0 41 0 49 1 50 0 65 0.3 88 0 93 0.6 
9020 1 0.7 10 0.8 29 0.4 40 0.6 64 0.8 95 0.4 97 0.7 99 0 
9058 6 0.9 16 0.8 19 0.3 36 1 50 0.6 57 0 59 0.3 67 0.8 99 0 
9074 56 0 67 0.7 
9099 86 0.9 
9211 25 0.6 54 0.8 70 0.5 72 0 
9742 10 0.7 19 1 32 0 50 0.3 68 0.5 72 0 89 0 
